1	20	1.31718
1	48	1.35601
1	65	1.47785
1	67	0.412902
1	70	1.33418
1	75	1.41417
1	135	1.34335
1	136	0.89725
1	152	1.35732
1	175	0.389448
1	176	0.386141
1	178	0.320805
2	103	1.26568
2	134	1.1715
2	138	0.587267
2	146	1.19533
2	149	1.15716
2	156	0.59538
2	162	1.20426
2	164	0.612527
2	168	0.599986
2	176	1.18707
2	177	1.21777
2	179	1.20121
3	11	1.25795
3	27	1.27621
3	36	1.10695
3	38	1.26864
3	43	1.20266
3	52	1.17389
3	86	1.13906
3	102	0.576243
3	135	1.17477
3	136	0.575536
3	175	0.628942
3	180	0.622109
4	97	1.41073
4	114	1.29266
4	117	1.41545
4	118	0.437928
4	128	1.37241
4	129	1.37241
4	132	0.50723
4	154	0.491405
4	170	0.481646
4	171	0.483682
4	175	1.37304
4	180	1.36338
5	11	1.43831
5	30	1.44558
5	36	1.28731
5	38	1.449
5	43	1.38302
5	73	1.27752
5	80	0.484535
5	86	1.31942
5	100	0.500093
5	126	0.508818
5	136	0.432615
5	163	0.475511
6	83	0.499053
6	124	0.481313
6	128	0.483583
6	140	1.36242
6	142	0.477204
6	152	1.36749
6	156	1.38083
6	160	0.461726
6	167	1.37652
6	168	1.37081
6	171	1.36914
6	173	1.37286
7	107	1.34173
7	122	0.502971
7	137	0.461917
7	141	1.36899
7	164	0.477391
7	168	0.464851
7	170	1.37693
7	173	0.486289
7	174	1.3737
7	176	1.36462
7	177	1.39532
7	179	1.37877
8	34	1.28151
8	63	0.476722
8	69	0.497965
8	82	0.454484
8	130	1.38978
8	160	0.475401
8	167	0.48942
8	170	1.38704
8	172	1.39429
8	174	1.38381
8	176	1.37473
8	179	1.38888
9	30	1.46186
9	36	1.30359
9	39	0.442184
9	52	1.37053
9	53	1.4631
9	73	1.2938
9	86	1.3357
9	135	1.37141
9	154	0.509641
9	173	0.505652
9	175	0.50774
9	178	0.439097
10	62	0.6252
10	116	0.570544
10	139	0.605078
10	144	0.59482
10	145	1.18383
10	149	1.1648
10	163	1.20444
10	172	1.21426
10	174	1.20378
10	176	1.1947
10	177	1.2254
10	179	1.20884
11	3	1.25795
11	5	1.43831
11	52	1.38436
11	53	1.47693
11	73	1.30764
11	86	1.34954
11	135	1.38524
11	173	0.494835
11	175	0.496923
11	176	0.493616
11	178	0.428281
11	180	0.49009
12	48	0.53993
12	103	0.480565
12	107	0.538076
12	155	1.30733
12	160	0.519609
12	162	0.523872
12	164	1.28168
12	165	1.31075
12	167	1.30442
12	168	1.29871
12	169	1.29948
12	171	1.29704
12	173	1.30077
13	19	0.543668
13	32	1.37531
13	80	1.30426
13	90	0.522382
13	96	1.24831
13	114	1.22382
13	117	1.3466
13	127	0.528054
13	128	1.30357
13	129	1.30357
13	177	0.52903
13	178	0.481852
13	180	1.29454
14	59	1.54289
14	61	1.42883
14	63	1.29694
14	76	1.33105
14	82	1.34033
14	84	0.405636
14	115	0.376828
14	148	1.30735
14	166	1.35269
14	170	0.35324
14	178	0.9138
14	179	0.354966
15	102	1.35152
15	105	0.522989
15	127	0.530392
15	134	0.552956
15	156	1.30098
15	158	0.514246
15	164	1.27393
15	165	1.30299
15	167	1.29667
15	169	1.29172
15	171	1.28928
15	173	1.29301
15	178	0.48419
16	58	0.512374
16	61	0.474608
16	106	0.506913
16	137	1.29176
16	138	1.29322
16	151	1.28697
16	152	0.54509
16	157	1.29112
16	158	1.30826
16	159	1.29199
16	160	1.31699
16	161	1.31974
16	173	0.557429
17	26	0.573347
17	55	0.476271
17	60	1.3396
17	96	1.25343
17	114	1.22894
17	117	1.35172
17	128	1.30869
17	129	1.30869
17	154	0.536705
17	166	0.486946
17	175	1.30932
17	176	0.531497
17	180	1.29966
18	52	0.532825
18	90	0.506969
18	126	1.2687
18	142	1.29287
18	145	1.28643
18	147	1.28933
18	157	0.517164
18	168	0.511556
18	169	0.527095
18	172	1.31686
18	174	1.30638
18	177	1.328
18	179	1.31144
19	13	0.543668
19	23	0.532044
19	95	1.34367
19	160	0.496742
19	168	0.500533
19	170	1.29294
19	172	1.30019
19	173	0.521971
19	174	1.28971
19	176	1.28064
19	177	1.31133
19	179	1.29478
19	180	1.28681
20	1	1.31718
20	37	1.19213
20	48	1.28855
20	65	1.41039
20	70	1.26673
20	75	1.34672
20	115	1.28855
20	130	0.522124
20	136	0.486489
20	145	0.549253
20	152	1.28986
20	165	0.51363
20	180	0.533062
21	56	1.38921
21	92	0.52806
21	110	0.502274
21	112	1.28457
21	123	0.529696
21	140	0.530655
21	145	1.26505
21	148	0.503046
21	162	1.29311
21	172	1.29548
21	176	1.27593
21	177	1.30662
21	179	1.29007
22	79	1.27843
22	80	0.543353
22	89	1.31053
22	92	1.26196
22	93	1.26196
22	94	1.37718
22	103	0.478477
22	122	1.21906
22	165	0.518575
22	166	1.33311
22	168	0.521313
22	178	1.35789
22	180	0.538006
23	19	0.532044
23	54	0.482169
23	112	0.527095
23	150	1.27747
23	153	1.26316
23	157	1.28766
23	158	1.3048
23	159	1.28853
23	160	1.31353
23	161	1.31628
23	174	0.525793
23	175	0.538871
23	178	1.34865
24	90	0.51363
24	134	1.27613
24	142	1.28727
24	160	0.514425
24	163	1.30144
24	165	0.515479
24	168	0.518217
24	169	0.533755
24	170	1.30401
24	172	1.31126
24	176	1.2917
24	177	1.3224
24	179	1.30584
25	66	0.452399
25	82	1.50711
25	88	0.416345
25	107	1.43647
25	108	0.421832
25	132	0.453813
25	155	0.419138
25	157	1.48326
25	161	1.51188
25	166	1.51947
25	169	0.428098
25	174	1.46844
25	179	1.47351
26	17	0.573347
26	121	0.575299
26	140	0.559044
26	145	1.21617
26	147	1.21906
26	148	0.531435
26	162	1.24423
26	167	0.556131
26	172	1.2466
26	174	1.23612
26	176	1.22704
26	177	1.25774
26	178	1.31192
26	179	1.24118
27	3	1.27621
27	38	1.49738
27	43	1.4314
27	52	1.40263
27	53	1.4952
27	73	1.3259
27	86	1.3678
27	130	0.459034
27	135	1.40351
27	162	0.45375
27	173	0.474717
27	175	0.476805
27	179	0.470674
27	180	0.469972
28	45	1.2184
28	79	1.21754
28	85	0.573439
28	89	1.24964
28	92	1.20107
28	93	1.20106
28	94	1.31629
28	142	0.554913
28	148	1.22687
28	166	1.27221
28	167	0.553454
28	176	0.563446
28	178	1.29699
28	180	0.55992
29	31	0.5309
29	51	0.564979
29	97	0.541433
29	130	1.24727
29	140	0.579535
29	143	0.577145
29	147	1.22425
29	162	1.24941
29	170	1.24453
29	172	1.25178
29	174	1.2413
29	176	1.23222
29	177	1.26292
29	179	1.24637
30	5	1.44558
30	9	1.46186
30	36	1.32469
30	43	1.42041
30	52	1.39163
30	53	1.4842
30	73	1.3149
30	86	1.35681
30	98	0.506466
30	115	0.48989
30	154	0.476059
30	175	0.474158
30	177	0.452693
30	178	0.405516
31	29	0.5309
31	61	0.386957
31	145	0.481225
31	148	1.39976
31	149	0.48429
31	155	1.40746
31	157	0.453948
31	164	1.38181
31	165	1.41088
31	167	1.40456
31	168	1.39884
31	169	1.39961
31	171	1.39717
31	179	0.465736
32	13	1.37531
32	41	0.471883
32	78	1.40329
32	114	1.33135
32	117	1.45413
32	128	1.4111
32	129	1.4111
32	141	0.466017
32	163	0.468072
32	168	0.455056
32	170	0.470725
32	175	1.41173
32	179	0.472451
32	180	1.40207
33	66	0.471399
33	89	0.431435
33	98	0.487394
33	104	0.494489
33	111	0.433854
33	124	1.38144
33	132	0.472813
33	146	1.40142
33	147	1.38518
33	170	1.40547
33	174	1.40224
33	176	1.39316
33	177	1.42386
33	179	1.4073
34	8	1.28151
34	47	0.573219
34	65	0.514765
34	105	1.25911
34	120	1.28049
34	129	0.571688
34	141	1.22009
34	158	0.552957
34	164	0.580559
34	172	1.23528
34	175	1.23155
34	176	1.21572
34	177	1.24642
34	179	1.22986
35	64	0.565191
35	87	0.598396
35	144	1.25525
35	148	0.530193
35	151	1.23568
35	153	1.21533
35	157	1.23984
35	158	1.25697
35	159	1.24071
35	160	1.2657
35	161	1.26846
35	162	0.545133
35	169	0.5602
35	180	1.22212
36	3	1.10695
36	5	1.28731
36	9	1.30359
36	30	1.32469
36	43	1.26213
36	53	1.32593
36	73	1.15663
36	86	1.19853
36	90	0.54825
36	110	0.537596
36	119	0.582794
36	135	1.23424
36	154	0.578264
36	177	0.554898
37	20	1.19213
37	48	1.23095
37	65	1.35279
37	70	1.20913
37	75	1.28912
37	103	0.520926
37	115	1.23095
37	123	1.24433
37	135	1.21829
37	147	0.57576
37	152	1.23226
37	154	0.589189
37	166	0.539431
37	180	0.580455
38	3	1.26864
38	5	1.449
38	27	1.49738
38	43	1.42382
38	52	1.39505
38	53	1.48762
38	73	1.31832
38	80	0.480667
38	86	1.36022
38	110	0.443386
38	111	0.46092
38	119	0.488584
38	120	0.445895
38	175	0.482153
39	9	0.442184
39	104	0.504733
39	123	0.453986
39	128	0.45987
39	131	1.39836
39	135	0.476084
39	147	1.38149
39	162	1.40666
39	169	0.457343
39	170	1.40177
39	174	1.39854
39	176	1.38947
39	177	1.42016
39	179	1.40361
40	116	1.35328
40	138	1.32602
40	144	1.33935
40	147	0.498452
40	150	1.31374
40	152	0.495553
40	153	1.29943
40	158	1.34107
40	159	1.3248
40	160	1.3498
40	161	1.35255
40	170	0.502123
40	174	0.496901
40	175	0.509979
40	179	0.503849
41	32	0.471883
41	99	1.34914
41	138	1.32847
41	150	1.31619
41	153	1.30187
41	156	0.496056
41	157	1.32637
41	158	1.34351
41	159	1.32724
41	160	1.35224
41	161	1.35499
41	165	0.497924
41	169	0.5162
41	172	0.505598
41	174	0.511109
42	68	0.447037
42	127	0.503999
42	132	1.30754
42	134	0.526563
42	137	0.49998
42	139	1.35081
42	156	1.34368
42	164	1.31663
42	165	1.3457
42	168	1.33366
42	169	1.33442
42	171	1.33199
42	172	0.50785
42	173	1.33571
42	179	0.520309
43	3	1.20266
43	5	1.38302
43	27	1.4314
43	30	1.42041
43	36	1.26213
43	38	1.42382
43	73	1.25235
43	86	1.29425
43	135	1.32995
43	146	0.506776
43	172	0.504639
43	175	0.523229
43	177	0.501764
43	178	0.454586
43	180	0.516396
44	56	0.452802
44	104	0.558591
44	121	1.26246
44	133	1.30219
44	150	1.32942
44	151	1.33545
44	157	1.33961
44	158	1.35675
44	159	1.34048
44	160	1.36548
44	161	1.36823
44	163	0.508679
44	166	0.471332
44	167	0.50589
44	174	0.50611
45	28	1.2184
45	79	1.32066
45	89	1.35276
45	92	1.30419
45	93	1.30419
45	94	1.41942
45	102	0.465608
45	141	0.505742
45	142	0.506467
45	143	1.30504
45	152	0.503881
45	166	1.37534
45	178	1.40012
45	179	0.512176
45	180	0.511474
46	69	0.50926
46	75	0.467339
46	125	0.521513
46	127	1.31803
46	132	0.53174
46	144	0.485915
46	148	0.476019
46	162	1.33158
46	163	1.32413
46	170	1.3267
46	172	1.33395
46	174	1.32347
46	176	1.31439
46	178	1.39927
46	179	1.32853
47	34	0.573219
47	82	0.464326
47	105	0.482718
47	111	1.37851
47	120	0.476304
47	125	1.30937
47	163	0.502051
47	164	1.31303
47	165	1.3421
47	167	1.33577
47	168	1.33006
47	169	1.33082
47	171	1.32839
47	173	1.33211
47	180	0.505728
48	1	1.35601
48	12	0.53993
48	20	1.28855
48	37	1.23095
48	65	1.44922
48	70	1.30555
48	75	1.38555
48	120	0.487633
48	123	1.34076
48	135	1.31472
48	136	0.470484
48	138	0.487645
48	152	1.32869
48	162	0.500836
48	180	0.517057
49	96	0.520898
49	110	1.37632
49	114	0.537147
49	119	1.29916
49	125	1.31384
49	134	0.494409
49	164	1.3175
49	165	1.34657
49	167	1.34025
49	168	1.33453
49	169	1.3353
49	173	1.33659
49	176	0.490979
49	177	0.472821
49	180	0.487453
50	133	1.29581
50	137	1.33386
50	142	0.504238
50	150	1.32304
50	153	1.30872
50	155	0.499129
50	157	1.33323
50	158	1.35036
50	159	1.33409
50	160	1.35909
50	161	1.36185
50	162	0.493023
50	172	0.497488
50	175	0.516078
50	177	0.494613
51	29	0.564979
51	144	0.477847
51	155	1.34011
51	156	1.34151
51	157	0.488027
51	164	1.31446
51	165	1.34352
51	168	1.33148
51	169	1.33225
51	171	1.32981
51	172	0.487355
51	173	1.33354
51	175	1.33347
51	177	0.48448
51	180	0.499112
52	3	1.17389
52	9	1.37053
52	11	1.38436
52	18	0.532825
52	27	1.40263
52	30	1.39163
52	38	1.39505
52	53	1.39287
52	68	0.449226
52	73	1.22357
52	86	1.26548
52	125	0.536129
52	165	0.502365
52	178	0.459986
52	180	0.521796
53	9	1.4631
53	11	1.47693
53	27	1.4952
53	30	1.4842
53	36	1.32593
53	38	1.48762
53	52	1.39287
53	73	1.31614
53	86	1.35804
53	115	0.483883
53	118	0.416577
53	163	0.457642
53	167	0.454853
53	171	0.46233
53	175	0.468152
53	179	0.462021
54	23	0.482169
54	58	0.427041
54	65	0.397405
54	125	0.481684
54	130	1.43464
54	133	0.471067
54	134	1.40403
54	142	1.41517
54	143	0.461409
54	146	1.42786
54	149	1.3897
54	162	1.43679
54	163	1.42934
54	173	0.472096
54	174	1.42868
54	179	1.43374
55	17	0.476271
55	96	0.498966
55	104	1.35922
55	125	1.4122
55	133	0.469237
55	155	1.44152
55	164	1.41587
55	166	0.424497
55	167	1.43861
55	168	1.43289
55	169	1.43366
55	170	0.464497
55	171	1.43122
55	173	1.43495
55	178	0.403711
55	179	0.466223
56	21	1.38921
56	44	0.452802
56	79	0.449237
56	132	0.482227
56	141	1.42661
56	144	0.436402
56	146	1.4305
56	149	1.39234
56	151	0.45395
56	162	1.43943
56	163	1.43198
56	169	0.456513
56	173	0.462413
56	174	1.43132
56	176	1.42224
56	179	1.43638
57	70	0.556148
57	76	1.29304
57	82	1.30232
57	88	0.542496
57	99	0.512688
57	116	0.509863
57	138	0.525992
57	157	0.544319
57	166	1.31469
57	168	1.26842
57	170	1.26689
57	171	1.26675
57	173	1.27048
57	174	1.26366
57	177	1.28528
57	179	1.26872
58	16	0.512374
58	54	0.427041
58	113	0.471214
58	120	0.447487
58	127	0.461303
58	143	1.3997
58	155	1.43237
58	164	1.40671
58	165	1.43578
58	167	1.42946
58	168	1.42374
58	169	1.42451
58	171	1.42207
58	173	1.4258
58	174	0.470665
58	178	0.415101
59	14	1.54289
59	61	1.69549
59	63	1.56361
59	76	1.59771
59	82	1.607
59	112	0.402039
59	115	0.429547
59	130	0.396045
59	148	1.57402
59	154	0.415717
59	166	1.61936
59	175	0.413816
59	178	0.345173
59	180	0.406983
60	17	1.3396
60	80	1.37096
60	88	1.39803
60	96	1.315
60	114	1.29051
60	117	1.4133
60	119	0.509677
60	127	0.480804
60	128	1.37026
60	129	1.37026
60	131	0.48511
60	134	0.503368
60	136	0.449839
60	171	0.497424
60	175	1.37089
60	177	0.48178
60	180	1.36123
61	14	1.42883
61	16	0.474608
61	31	0.386957
61	59	1.69549
61	63	1.44955
61	76	1.48365
61	82	1.49293
61	106	1.48433
61	135	0.456731
61	136	0.392572
61	148	1.45995
61	161	0.418038
61	166	1.50529
61	172	0.427388
61	175	0.445978
62	10	0.6252
62	94	0.464794
62	95	0.478994
62	130	0.515398
62	133	1.26644
62	138	1.30595
62	144	1.31928
62	150	1.29367
62	151	1.2997
62	153	1.27936
62	157	1.30386
62	159	1.30473
62	160	1.32973
62	161	1.33248
62	166	0.485312
62	167	0.51987
62	172	0.514579
62	178	1.36485
63	8	0.476722
63	14	1.29694
63	59	1.56361
63	61	1.44955
63	76	1.35177
63	78	0.499417
63	82	1.36105
63	83	1.27052
63	98	1.25254
63	106	1.35245
63	119	0.511322
63	130	0.487119
63	148	1.32807
63	152	0.490464
63	166	1.37341
63	175	0.50489
63	178	0.436248
64	35	0.565191
64	65	1.41262
64	70	1.26896
64	75	1.34895
64	86	0.547924
64	99	0.47834
64	129	0.508034
64	137	0.50143
64	138	0.491645
64	144	0.499792
64	163	1.29131
64	167	1.30113
64	168	1.29541
64	170	1.29388
64	171	1.29374
64	172	1.30113
64	173	1.29747
64	179	1.29571
65	1	1.47785
65	20	1.41039
65	34	0.514765
65	37	1.35279
65	48	1.44922
65	54	0.397405
65	64	1.41262
65	70	1.42739
65	75	1.50738
65	101	0.463866
65	115	1.44922
65	119	0.460539
65	123	1.46259
65	152	1.45053
65	160	0.42679
65	174	0.441029
65	175	0.454108
65	180	0.447275
66	25	0.452399
66	33	0.471399
66	101	0.556959
66	108	1.34305
66	110	1.34041
66	139	1.31577
66	141	0.534635
66	146	0.530747
66	147	0.535672
66	156	1.30865
66	159	0.523332
66	164	1.28159
66	165	1.31066
66	167	1.30434
66	168	1.29862
66	169	1.29939
66	171	1.29695
66	173	1.30068
67	1	0.412902
67	82	0.506106
67	107	1.28096
67	139	0.536501
67	141	1.30822
67	149	1.27395
67	152	1.31438
67	155	0.537392
67	160	0.527023
67	163	1.3136
67	164	0.543355
67	168	0.530815
67	170	1.31616
67	172	1.32341
67	174	1.31293
67	176	1.30386
67	177	1.33455
67	179	1.318
68	42	0.447037
68	52	0.449226
68	86	0.471518
68	107	1.4093
68	124	1.42048
68	125	0.458984
68	140	0.441098
68	155	0.434535
68	162	1.44939
68	163	1.44194
68	164	0.440498
68	170	1.44451
68	172	1.45176
68	173	0.449396
68	174	1.44128
68	176	1.4322
68	177	1.4629
68	179	1.44634
69	8	0.497965
69	46	0.50926
69	107	0.517282
69	110	1.3476
69	112	0.514357
69	132	1.2797
69	134	0.526256
69	155	1.31444
69	156	1.31584
69	164	1.28879
69	165	1.31785
69	167	1.31153
69	168	1.30581
69	169	1.30658
69	171	1.30414
69	173	1.30787
69	176	0.522826
69	180	0.5193
70	1	1.33418
70	20	1.26673
70	37	1.20913
70	48	1.30555
70	57	0.556148
70	64	1.26896
70	65	1.42739
70	75	1.36372
70	115	1.30555
70	118	0.473222
70	119	0.531229
70	123	1.31893
70	126	0.547594
70	135	1.29289
70	152	1.30686
70	175	0.524797
70	178	0.456155
70	179	0.518666
71	78	1.30468
71	81	1.31727
71	88	1.34025
71	96	1.25723
71	97	1.35081
71	105	0.49495
71	114	1.23274
71	117	1.35552
71	125	0.532293
71	126	0.54759
71	128	1.31249
71	129	1.31249
71	163	0.514283
71	166	0.476936
71	169	0.516805
71	175	1.31312
71	176	0.521486
71	180	1.30346
72	74	1.4266
72	101	1.34858
72	106	0.434451
72	113	0.474525
72	114	0.529916
72	123	0.47571
72	127	1.37418
72	136	1.39283
72	144	0.458956
72	149	1.34063
72	162	1.38773
72	165	0.46079
72	167	0.473755
72	170	1.38284
72	172	1.39009
72	173	0.484967
72	176	1.37054
72	177	1.40123
72	179	1.38468
73	5	1.27752
73	9	1.2938
73	11	1.30764
73	27	1.3259
73	30	1.3149
73	36	1.15663
73	38	1.31832
73	43	1.25235
73	52	1.22357
73	53	1.31614
73	86	1.18875
73	106	0.513184
73	110	0.52702
73	121	0.571656
73	135	1.22445
73	154	0.567688
73	175	0.565787
73	178	0.497144
73	180	0.558954
74	72	1.4266
74	117	0.458142
74	123	0.484115
74	139	0.47762
74	140	0.485074
74	142	1.36059
74	143	0.482685
74	145	1.35414
74	147	1.35704
74	148	0.457465
74	158	0.456873
74	163	1.37476
74	166	1.42512
74	170	1.37732
74	171	0.489638
74	172	1.38457
74	176	1.36502
74	177	1.39571
74	179	1.37916
75	1	1.41417
75	20	1.34672
75	37	1.28912
75	46	0.467339
75	48	1.38555
75	64	1.34895
75	65	1.50738
75	70	1.36372
75	115	1.38554
75	123	1.39892
75	127	0.461772
75	135	1.37289
75	145	0.493571
75	147	0.472685
75	152	1.38685
75	157	0.466294
75	173	0.482125
75	175	0.484213
75	180	0.47738
76	14	1.33105
76	57	1.29304
76	59	1.59771
76	61	1.48365
76	63	1.35177
76	82	1.39515
76	83	1.30463
76	98	1.28664
76	102	0.449291
76	106	1.38655
76	148	1.36217
76	155	0.485041
76	159	0.478122
76	163	0.49148
76	166	1.40751
76	167	0.488691
76	177	0.480525
76	178	0.433347
76	180	0.495157
77	84	1.34023
77	124	0.475618
77	126	0.506146
77	132	1.35958
77	139	1.40284
77	142	0.471509
77	146	0.466897
77	151	0.472799
77	156	1.39572
77	164	1.36867
77	165	1.39773
77	167	1.39141
77	168	1.38569
77	169	1.38646
77	171	1.38402
77	173	1.38775
77	177	0.461884
77	179	0.477218
77	180	0.476516
78	32	1.40329
78	63	0.499417
78	71	1.30468
78	80	1.33223
78	88	1.35931
78	97	1.36986
78	100	1.28649
78	106	0.47281
78	114	1.25179
78	117	1.37458
78	128	1.33154
78	129	1.33154
78	147	0.513885
78	154	0.527314
78	164	0.514428
78	165	0.499149
78	170	0.517556
78	175	1.33217
78	178	0.45677
78	180	1.32251
79	22	1.27843
79	28	1.21754
79	45	1.32066
79	56	0.449237
79	89	1.3519
79	92	1.30333
79	93	1.30333
79	94	1.41856
79	115	0.531355
79	118	1.39921
79	119	0.522055
79	143	1.30418
79	148	1.32914
79	152	0.501197
79	154	0.517525
79	160	0.488306
79	161	0.487684
79	166	1.37448
79	170	0.507767
79	178	1.39926
80	5	0.484535
80	13	1.30426
80	22	0.543353
80	38	0.480667
80	60	1.37096
80	78	1.33223
80	81	1.34483
80	88	1.36781
80	96	1.28479
80	98	0.561709
80	103	0.463039
80	114	1.2603
80	117	1.38308
80	118	0.477826
80	128	1.34005
80	129	1.34005
80	154	0.531302
80	175	1.34068
80	178	0.460758
80	180	1.33101
81	71	1.31727
81	80	1.34483
81	88	1.3719
81	96	1.28888
81	97	1.38246
81	107	0.510307
81	114	1.26438
81	117	1.38717
81	118	0.467582
81	122	1.27499
81	128	1.34414
81	129	1.34414
81	145	0.528516
81	146	0.502705
81	153	0.514386
81	163	0.508648
81	166	0.4713
81	174	0.506079
81	175	1.34476
81	180	1.3351
82	8	0.454484
82	14	1.34033
82	25	1.50711
82	47	0.464326
82	57	1.30232
82	59	1.607
82	61	1.49293
82	63	1.36105
82	67	0.506106
82	76	1.39515
82	83	1.31391
82	98	1.29592
82	106	1.39583
82	113	0.470122
82	124	0.474921
82	148	1.37145
82	163	0.472142
82	164	0.471666
82	166	1.41679
82	178	0.414009
82	180	0.475819
83	6	0.499053
83	63	1.27052
83	76	1.30463
83	82	1.31391
83	93	0.522592
83	94	0.472521
83	104	0.580299
83	128	0.535436
83	146	1.27443
83	153	1.26555
83	156	0.512764
83	159	1.29092
83	160	1.31592
83	161	1.31868
83	163	1.27591
83	164	0.529911
83	166	1.32627
83	173	0.538808
83	176	1.26617
83	177	1.29686
83	179	1.28031
84	14	0.405636
84	77	1.34023
84	92	0.562445
84	103	0.509064
84	113	0.562896
84	125	1.27048
84	130	0.557655
84	132	1.26506
84	138	0.539181
84	139	1.30832
84	140	1.28278
84	146	0.558974
84	164	1.27415
84	165	1.30321
84	167	1.29689
84	168	1.29117
84	169	1.29194
84	171	1.2895
84	173	1.29323
84	175	1.29316
84	178	0.506784
85	28	0.573439
85	91	0.524133
85	99	0.488023
85	101	1.25828
85	109	0.545002
85	131	1.28913
85	141	1.2846
85	142	1.27581
85	147	1.27226
85	150	0.517436
85	157	0.519654
85	158	0.498986
85	162	1.29743
85	163	1.28998
85	164	0.526587
85	170	1.29255
85	174	1.28932
85	176	1.28024
85	177	1.31094
85	178	1.36512
85	179	1.29438
86	3	1.13906
86	5	1.31942
86	9	1.3357
86	11	1.34954
86	27	1.3678
86	30	1.35681
86	36	1.19853
86	38	1.36022
86	43	1.29425
86	52	1.26548
86	53	1.35804
86	64	0.547924
86	68	0.471518
86	73	1.18875
86	135	1.26636
86	150	0.530784
86	152	0.536494
86	154	0.552822
86	161	0.522981
86	166	0.503064
86	174	0.537842
87	35	0.598396
87	111	1.30178
87	112	0.549319
87	132	1.22721
87	133	0.557978
87	139	1.27047
87	140	1.24493
87	155	1.26195
87	156	1.26335
87	164	1.23629
87	165	1.26536
87	167	1.25904
87	168	1.25332
87	169	1.25409
87	170	0.553239
87	171	1.25165
87	172	0.542505
87	173	1.25538
87	175	1.25531
87	176	0.557788
87	178	0.492453
87	179	0.554965
88	25	0.416345
88	57	0.542496
88	60	1.39803
88	71	1.34025
88	78	1.35931
88	80	1.36781
88	81	1.3719
88	96	1.31186
88	97	1.40544
88	114	1.28737
88	119	0.517577
88	122	1.29797
88	126	0.533942
88	128	1.36712
88	129	1.36712
88	136	0.45774
88	163	0.500636
88	172	0.492555
88	175	1.36775
88	178	0.442503
88	179	0.505015
88	180	1.35809
89	22	1.31053
89	28	1.24964
89	33	0.431435
89	45	1.35276
89	79	1.3519
89	92	1.33543
89	93	1.33543
89	94	1.45066
89	106	1.38562
89	122	1.29253
89	126	0.530033
89	136	0.45383
89	143	1.33628
89	148	1.36124
89	154	0.509137
89	166	1.40658
89	174	0.494157
89	176	0.503929
89	177	0.485771
89	178	1.43136
89	179	0.501105
89	180	0.500403
90	13	0.522382
90	18	0.506969
90	24	0.51363
90	36	0.54825
90	102	1.30046
90	108	1.28432
90	110	1.28168
90	111	1.28835
90	139	1.25704
90	140	1.2315
90	155	1.24851
90	156	1.24992
90	162	0.479719
90	165	1.25193
90	167	1.24561
90	168	1.23989
90	169	1.24066
90	170	0.494917
90	171	1.23822
90	173	1.24195
90	178	0.8418
90	179	0.496643
91	85	0.524133
91	101	0.527206
91	105	0.487603
91	109	1.25386
91	132	0.535173
91	133	1.28178
91	137	1.31983
91	138	1.32129
91	144	1.33461
91	150	1.30901
91	151	1.31504
91	152	0.50302
91	153	1.29469
91	157	1.31919
91	158	1.33633
91	159	1.32006
91	160	1.34506
91	161	1.34781
91	170	0.50959
91	171	0.511625
91	177	0.495982
91	179	0.511316
91	180	1.30147
92	21	0.52806
92	22	1.26196
92	28	1.20107
92	45	1.30419
92	79	1.30333
92	84	0.562445
92	89	1.33543
92	93	1.28686
92	94	1.40209
92	106	1.33705
92	118	1.38274
92	119	0.524337
92	122	1.24396
92	131	0.499771
92	136	0.4645
92	143	1.28771
92	148	1.31267
92	153	0.513134
92	161	0.489966
92	166	1.35801
92	167	0.504607
92	175	0.517906
92	178	1.38279
93	22	1.26196
93	28	1.20106
93	45	1.30419
93	79	1.30333
93	83	0.522592
93	89	1.33543
93	92	1.28686
93	94	1.40208
93	106	1.33705
93	115	0.528314
93	118	1.38273
93	119	0.519014
93	122	1.24396
93	143	1.28771
93	148	1.31267
93	149	0.525007
93	153	0.507811
93	154	0.514484
93	165	0.486319
93	166	1.35801
93	172	0.493993
93	176	0.509276
93	178	1.38278
94	22	1.37718
94	28	1.31629
94	45	1.41942
94	62	0.464794
94	79	1.41856
94	83	0.472521
94	89	1.45066
94	92	1.40209
94	93	1.40208
94	106	1.45227
94	107	0.45366
94	119	0.468943
94	122	1.35918
94	126	0.485308
94	143	1.40293
94	148	1.42789
94	160	0.435194
94	166	1.47323
94	167	0.449212
94	173	0.460424
94	176	0.459204
94	178	1.49801
94	180	0.455678
95	19	1.34367
95	62	0.478994
95	100	0.490784
95	104	0.516114
95	107	1.34908
95	114	0.519572
95	123	0.465367
95	124	1.36026
95	126	1.34338
95	134	1.35642
95	139	0.458872
95	142	1.36755
95	146	1.38025
95	156	0.44858
95	163	1.38173
95	164	0.465726
95	170	1.38429
95	171	0.47089
95	172	1.39154
95	173	0.474624
95	174	1.38106
95	176	1.37198
95	177	1.40268
95	179	1.38612
96	13	1.24831
96	17	1.25343
96	49	0.520898
96	55	0.498966
96	60	1.315
96	71	1.25723
96	80	1.28479
96	81	1.28888
96	88	1.31186
96	97	1.32241
96	114	1.20434
96	117	1.32713
96	118	0.505924
96	119	0.56393
96	124	0.549768
96	128	1.28409
96	129	1.28409
96	143	1.2587
96	161	0.529559
96	167	0.544199
96	171	0.551677
96	172	0.538909
96	175	1.28472
96	180	1.27506
97	4	1.41073
97	29	0.541433
97	71	1.35081
97	78	1.36986
97	81	1.38246
97	88	1.40544
97	96	1.32241
97	101	0.492158
97	114	1.29792
97	117	1.42071
97	123	1.38506
97	124	0.474669
97	128	1.37768
97	129	1.37767
97	136	0.428994
97	143	1.35228
97	149	0.494824
97	154	0.484301
97	167	0.4691
97	169	0.474412
97	171	0.476578
97	174	0.469321
97	175	1.3783
97	180	1.36864
98	30	0.506466
98	33	0.487394
98	63	1.25254
98	76	1.28664
98	80	0.561709
98	82	1.29592
98	108	1.30645
98	120	0.526937
98	130	0.545424
98	137	1.27271
98	140	1.25363
98	151	1.26792
98	156	1.27205
98	158	1.28921
98	159	1.27294
98	160	1.29794
98	161	1.30069
98	162	0.54014
98	163	0.552685
98	166	1.30828
98	169	1.26279
98	171	1.26035
98	172	0.544605
98	177	0.54173
99	41	1.34914
99	57	0.512688
99	64	0.47834
99	85	0.488023
99	101	0.491096
99	121	1.30235
99	123	0.469993
99	133	1.34208
99	134	0.48146
99	137	1.38014
99	139	0.463498
99	144	1.39492
99	150	1.36931
99	151	1.37535
99	152	0.466911
99	153	1.355
99	157	1.3795
99	158	1.39664
99	159	1.38037
99	160	1.40537
99	161	1.40812
99	163	0.470828
99	175	0.481337
99	180	1.36178
100	5	0.500093
100	78	1.28649
100	95	0.490784
100	103	0.478597
100	113	1.28566
100	127	0.522519
100	128	1.2943
100	129	1.2943
100	142	0.533119
100	144	1.31841
100	146	0.528507
100	149	0.557383
100	159	1.30386
100	160	1.32886
100	161	1.33161
100	163	0.534449
100	165	1.30498
100	167	1.29866
100	168	1.29294
100	169	1.29371
100	171	1.29127
100	173	1.295
100	175	1.29493
100	176	0.541652
100	177	0.523494
100	180	1.28527
101	65	0.463866
101	66	0.556959
101	72	1.34858
101	85	1.25828
101	91	0.527206
101	97	0.492158
101	99	0.491096
101	105	1.33038
101	126	1.25839
101	128	0.535185
101	135	0.551399
101	142	1.28256
101	146	1.29525
101	149	1.25709
101	150	0.520509
101	151	0.530095
101	163	1.29673
101	167	0.527346
101	170	1.2993
101	172	1.30655
101	174	1.29607
101	176	1.28699
101	177	1.31769
101	178	1.37187
101	179	1.30113
101	180	1.29316
102	3	0.576243
102	15	1.35152
102	45	0.465608
102	76	0.449291
102	90	1.30046
102	125	1.37651
102	132	1.37109
102	139	1.41435
102	140	1.38881
102	145	0.487546
102	155	1.40583
102	156	1.40723
102	157	0.460269
102	162	0.455133
102	164	1.38018
102	165	1.40924
102	166	0.43033
102	167	1.40292
102	169	1.39797
102	171	1.39553
102	173	1.39926
102	174	0.465109
102	175	1.39919
102	176	0.474881
102	179	0.472057
102	180	0.471355
103	2	1.26568
103	12	0.480565
103	22	0.478477
103	37	0.520926
103	80	0.463039
103	84	0.509064
103	100	0.478597
103	112	1.3962
103	127	1.39121
103	134	1.372
103	145	1.37669
103	147	1.37959
103	149	1.35766
103	153	0.459753
103	161	0.436585
103	162	1.40475
103	163	1.39731
103	166	1.44766
103	167	0.451226
103	169	0.456537
103	172	1.40712
103	173	0.462437
103	174	1.39664
103	176	1.38756
103	177	1.41826
103	179	1.4017
104	33	0.494489
104	39	0.504733
104	44	0.558591
104	55	1.35922
104	83	0.580299
104	95	0.516114
104	108	1.30738
104	111	1.31141
104	125	1.24227
104	127	0.547848
104	132	1.23684
104	139	1.28011
104	140	1.25457
104	154	1.22109
104	155	1.27158
104	156	1.27298
104	158	0.531702
104	164	1.24593
104	165	1.275
104	167	1.26867
104	168	1.26296
104	169	1.26372
104	171	1.26129
104	173	1.26501
104	174	0.557211
104	177	0.548824
104	179	0.564158
105	15	0.522989
105	34	1.25911
105	47	0.482718
105	71	0.49495
105	91	0.487603
105	101	1.33038
105	107	1.32944
105	116	0.448669
105	127	1.35599
105	131	1.36123
105	134	1.33678
105	135	0.511796
105	146	1.36061
105	147	1.34437
105	151	0.490493
105	163	1.36209
105	165	0.474779
105	167	0.487744
105	169	0.493055
105	170	1.36465
105	172	1.3719
105	173	0.498955
105	174	1.36142
105	175	1.36817
105	176	1.35234
105	177	1.38304
105	180	1.35851
106	16	0.506913
106	61	1.48433
106	63	1.35245
106	72	0.434451
106	73	0.513184
106	76	1.38655
106	78	0.47281
106	82	1.39583
106	89	1.38562
106	92	1.33705
106	93	1.33705
106	94	1.45227
106	126	0.50108
106	131	0.460148
106	161	0.450344
106	165	1.37397
106	166	1.4082
106	167	1.36765
106	168	1.36193
106	171	1.36026
106	172	0.459693
106	173	1.36399
106	174	0.465205
106	178	1.43297
106	179	0.472153
106	180	0.47145
107	7	1.34173
107	12	0.538076
107	25	1.43647
107	67	1.28096
107	68	1.4093
107	69	0.517282
107	81	0.510307
107	94	0.45366
107	95	1.34908
107	105	1.32944
107	112	1.29469
107	122	0.536631
107	130	1.30109
107	143	0.509261
107	149	1.25615
107	150	0.501899
107	162	1.30324
107	163	1.2958
107	164	0.51105
107	165	0.495772
107	168	0.49851
107	170	1.29836
107	172	1.30561
107	173	0.519948
107	174	1.29513
107	176	1.28605
107	177	1.31675
107	179	1.30019
108	25	0.421832
108	66	1.34305
108	90	1.28432
108	98	1.30645
108	104	1.30738
108	116	0.464259
108	120	0.480375
108	131	0.498498
108	132	1.35495
108	137	0.490173
108	139	1.39821
108	140	1.37267
108	142	0.504792
108	153	0.511861
108	155	1.38968
108	156	1.39109
108	157	0.498715
108	164	1.36403
108	165	1.3931
108	166	0.468776
108	167	1.38678
108	168	1.38106
108	169	1.38183
108	170	0.508776
108	171	1.37939
108	173	1.38312
108	175	1.38305
108	178	0.44799
108	180	0.5098
109	85	0.545002
109	91	1.25386
109	113	1.27407
109	116	1.32074
109	121	1.21424
109	133	1.25398
109	137	1.29203
109	138	1.29349
109	144	1.30681
109	150	1.2812
109	151	1.28724
109	153	1.26689
109	155	0.521367
109	157	1.29139
109	158	1.30853
109	159	1.29226
109	160	1.31726
109	161	1.32001
109	163	0.527806
109	164	0.52733
109	166	0.490459
109	171	0.532494
109	173	0.536228
109	175	0.538316
109	176	0.535009
109	177	0.516851
109	178	1.35238
109	179	0.532185
109	180	1.27367
110	21	0.502274
110	36	0.537596
110	38	0.443386
110	49	1.37632
110	66	1.34041
110	69	1.3476
110	73	0.52702
110	90	1.28168
110	113	0.47959
110	125	1.35773
110	132	1.35231
110	140	1.37003
110	143	1.35438
110	151	0.48157
110	156	1.38844
110	162	0.469065
110	164	1.36139
110	165	1.39046
110	166	0.444263
110	167	1.38413
110	168	1.37842
110	169	1.37919
110	171	1.37675
110	173	1.38048
110	174	0.479041
110	175	1.38041
110	177	0.470655
110	179	0.485989
110	180	0.485287
111	33	0.433854
111	38	0.46092
111	47	1.37851
111	87	1.30178
111	90	1.28835
111	104	1.31141
111	114	0.552515
111	119	1.34972
111	120	0.473397
111	122	1.3173
111	125	1.3644
111	139	1.40224
111	146	0.493202
111	153	0.504883
111	155	1.39371
111	156	1.39512
111	159	0.485787
111	160	0.482337
111	162	0.4866
111	164	1.36806
111	165	1.39713
111	167	1.39081
111	168	1.38509
111	169	1.38586
111	171	1.38342
111	173	1.38715
111	177	0.488189
111	178	0.441012
111	180	0.502821
112	21	1.28457
112	23	0.527095
112	59	0.402039
112	69	0.514357
112	87	0.549319
112	103	1.3962
112	107	1.29469
112	117	0.481792
112	120	1.38236
112	130	1.33263
112	131	1.32648
112	132	0.536837
112	135	0.529863
112	136	1.33988
112	138	0.482865
112	141	1.32196
112	146	1.32586
112	149	1.28769
112	156	0.490978
112	159	0.495243
112	160	0.491793
112	161	0.49117
112	162	1.33478
112	163	1.32734
112	170	1.3299
112	172	1.33715
112	174	1.32667
112	176	1.31759
112	178	1.40247
112	179	1.33173
113	58	0.471214
113	72	0.474525
113	82	0.470122
113	84	0.562896
113	100	1.28566
113	109	1.27407
113	110	0.47959
113	116	1.36875
113	121	1.26225
113	122	0.532952
113	133	1.30199
113	137	1.34004
113	138	1.3415
113	144	1.35482
113	150	1.32922
113	151	1.33525
113	152	0.50393
113	153	1.3149
113	157	1.3394
113	158	1.35654
113	159	1.34027
113	160	1.36527
113	161	1.36802
113	168	0.494831
113	170	0.5105
113	172	0.499767
113	174	0.505278
113	177	0.496892
113	178	1.4004
113	180	1.32168
114	4	1.29266
114	13	1.22382
114	17	1.22894
114	32	1.33135
114	49	0.537147
114	60	1.29051
114	71	1.23274
114	72	0.529916
114	78	1.25179
114	80	1.2603
114	81	1.26438
114	88	1.28737
114	95	0.519572
114	96	1.20434
114	97	1.29792
114	111	0.552515
114	117	1.30264
114	123	1.26699
114	128	1.2596
114	129	1.2596
114	131	0.555613
114	136	0.520342
114	143	1.2342
114	154	0.575649
114	165	0.547484
114	168	0.550222
114	172	0.555158
114	174	0.560669
114	175	1.26023
114	180	1.25057
115	14	0.376828
115	20	1.28855
115	30	0.48989
115	37	1.23095
115	53	0.483883
115	59	0.429547
115	65	1.44922
115	70	1.30555
115	75	1.38554
115	79	0.531355
115	93	0.528314
115	131	1.32706
115	135	1.31472
115	137	0.520158
115	150	0.526481
115	151	0.536068
115	153	0.541846
115	155	1.34063
115	158	0.508031
115	159	0.522751
115	162	1.33535
115	165	1.34404
115	168	1.33201
115	169	1.33277
115	170	1.33047
115	171	1.33033
115	172	1.33772
115	173	1.33406
115	177	1.34886
115	179	1.33231
116	10	0.570544
116	40	1.35328
116	57	0.509863
116	105	0.448669
116	108	0.464259
116	109	1.32074
116	113	1.36875
116	118	0.426938
116	121	1.30893
116	132	0.496239
116	137	1.38672
116	138	1.38818
116	144	1.4015
116	146	0.46206
116	150	1.37589
116	151	1.38193
116	153	1.36158
116	154	1.33417
116	157	1.38608
116	158	1.40322
116	159	1.38695
116	160	1.41195
116	161	1.4147
116	164	0.467527
116	171	0.472691
116	172	0.459923
116	175	0.478513
116	176	0.475206
116	178	1.44707
116	179	0.472382
116	180	1.36836
117	4	1.41545
117	13	1.3466
117	17	1.35172
117	32	1.45413
117	60	1.4133
117	71	1.35552
117	74	0.458142
117	78	1.37458
117	80	1.38308
117	81	1.38717
117	96	1.32713
117	97	1.42071
117	112	0.481792
117	114	1.30264
117	123	1.38978
117	125	0.501069
117	128	1.38239
117	129	1.38239
117	133	0.490452
117	136	0.440163
117	139	0.475729
117	143	1.35699
117	150	0.473432
117	154	0.49547
117	161	0.465629
117	162	0.470514
117	163	0.483059
117	167	0.48027
117	170	0.485712
117	175	1.38302
117	180	1.37336
118	4	0.437928
118	53	0.416577
118	70	0.473222
118	79	1.39921
118	80	0.477826
118	81	0.467582
118	92	1.38274
118	93	1.38273
118	96	0.505924
118	116	0.426938
118	127	1.39743
118	128	0.473851
118	129	0.459456
118	140	1.39923
118	144	0.451214
118	151	0.468762
118	153	0.47454
118	156	1.41765
118	157	0.461393
118	162	1.41097
118	165	1.41966
118	166	1.45388
118	168	1.40762
118	169	1.40839
118	170	1.40609
118	173	1.40968
118	176	1.39378
118	177	1.42448
118	178	1.47866
118	179	1.40792
119	36	0.582794
119	38	0.488584
119	49	1.29916
119	60	0.509677
119	63	0.511322
119	65	0.460539
119	70	0.531229
119	79	0.522055
119	88	0.517577
119	92	0.524337
119	93	0.519014
119	94	0.468943
119	96	0.56393
119	111	1.34972
119	126	1.25882
119	151	1.30715
119	153	1.2868
119	154	1.25939
119	158	1.32844
119	159	1.31218
119	160	1.33718
119	161	1.33993
119	162	1.30461
119	164	1.28423
119	167	1.30698
119	170	1.29973
119	171	1.29959
119	173	1.30332
119	175	1.30325
119	177	1.31812
119	179	1.30156
120	34	1.28049
120	38	0.445895
120	47	0.476304
120	48	0.487633
120	58	0.447487
120	98	0.526937
120	108	0.480375
120	111	0.473397
120	112	1.38236
120	124	1.362
120	126	1.34512
120	127	1.37736
120	130	1.38876
120	131	1.38261
120	138	0.458384
120	145	1.36284
120	146	1.38198
120	147	1.36574
120	156	0.466497
120	159	0.470762
120	163	1.38346
120	167	0.48133
120	169	0.486641
120	172	1.39328
120	173	0.492541
120	175	1.38955
120	176	1.37372
120	177	1.40442
120	178	1.4586
120	179	1.38786
120	180	1.37989
121	26	0.575299
121	44	1.26246
121	73	0.571656
121	99	1.30235
121	109	1.21424
121	113	1.26225
121	116	1.30893
121	123	0.525411
121	124	0.529025
121	131	0.518621
121	133	1.24216
121	136	1.27798
121	137	1.28022
121	138	1.28168
121	141	0.524191
121	143	0.523981
121	144	1.295
121	147	0.525228
121	149	0.54918
121	150	1.26939
121	151	1.27543
121	153	1.25508
121	157	1.27958
121	158	1.29672
121	159	1.28045
121	160	1.30545
121	161	1.3082
121	162	0.513701
121	172	0.518166
121	176	0.533449
121	178	1.34057
121	180	1.26186
122	7	0.502971
122	22	1.21906
122	81	1.27499
122	88	1.29797
122	89	1.29253
122	92	1.24396
122	93	1.24396
122	94	1.35918
122	107	0.536631
122	111	1.3173
122	113	0.532952
122	128	1.27021
122	129	1.27021
122	141	0.532916
122	145	0.55484
122	147	0.533954
122	148	1.26977
122	149	0.557906
122	155	1.27747
122	162	0.522427
122	166	1.31511
122	168	1.26885
122	169	1.26961
122	170	0.537625
122	171	1.26717
122	172	0.526892
122	173	1.2709
122	174	0.532403
122	175	1.27083
122	178	1.33989
122	179	0.539351
122	180	1.26117
123	21	0.529696
123	37	1.24433
123	39	0.453986
123	48	1.34076
123	65	1.46259
123	70	1.31893
123	72	0.47571
123	74	0.484115
123	75	1.39892
123	95	0.465367
123	97	1.38506
123	99	0.469993
123	114	1.26699
123	117	1.38978
123	121	0.525411
123	124	0.511811
123	128	1.34674
123	129	1.34674
123	142	0.507702
123	146	0.50309
123	152	1.34206
123	159	0.495675
123	164	1.32836
123	165	1.35742
123	166	0.471685
123	167	1.3511
123	168	1.34538
123	169	1.34615
123	170	0.511685
123	171	1.34371
123	173	1.34744
123	180	1.33771
124	6	0.481313
124	33	1.38144
124	68	1.42048
124	77	0.475618
124	82	0.474921
124	95	1.36026
124	96	0.549768
124	97	0.474669
124	120	1.362
124	121	0.529025
124	123	0.511811
124	126	1.26864
124	127	1.30088
124	130	1.31227
124	135	0.533909
124	136	1.31953
124	140	0.51277
124	141	1.3016
124	145	1.28636
124	147	1.28926
124	149	1.26733
124	150	0.503019
124	153	0.518384
124	164	0.51217
124	166	1.35734
124	170	1.30954
124	171	0.517334
124	172	1.31679
124	174	1.30631
124	176	1.29723
124	177	1.32793
124	179	1.31137
124	180	1.3034
125	46	0.521513
125	47	1.30937
125	49	1.31384
125	52	0.536129
125	54	0.481684
125	55	1.4122
125	68	0.458984
125	71	0.532293
125	84	1.27048
125	102	1.37651
125	104	1.24227
125	110	1.35773
125	111	1.3644
125	117	0.501069
125	127	0.515946
125	129	0.518531
125	132	1.28983
125	134	0.53851
125	140	1.30755
125	142	0.526546
125	143	1.29191
125	155	1.32457
125	156	1.32597
125	162	0.515332
125	164	1.29892
125	165	1.32798
125	166	0.49053
125	167	1.32166
125	168	1.31594
125	169	1.31671
125	171	1.31427
125	173	1.318
125	178	0.469744
126	5	0.508818
126	18	1.2687
126	70	0.547594
126	71	0.54759
126	77	0.506146
126	88	0.533942
126	89	0.530033
126	94	0.485308
126	95	1.34338
126	101	1.25839
126	106	0.50108
126	119	1.25882
126	120	1.34512
126	124	1.26864
126	130	1.29539
126	133	0.550567
126	134	1.26479
126	142	1.27592
126	146	1.28862
126	147	1.27238
126	148	0.515689
126	156	0.525552
126	158	0.515097
126	163	1.2901
126	165	0.527419
126	166	1.34046
126	170	1.29266
126	172	1.29991
126	174	1.28943
126	175	1.29618
126	176	1.28035
126	177	1.31105
126	178	1.36523
126	179	1.29449
127	13	0.528054
127	15	0.530392
127	42	0.503999
127	46	1.31803
127	58	0.461303
127	60	0.480804
127	72	1.37418
127	75	0.461772
127	100	0.522519
127	103	1.39121
127	104	0.547848
127	105	1.35599
127	118	1.39743
127	120	1.37736
127	124	1.30088
127	125	0.515946
127	129	0.48859
127	130	1.32764
127	134	1.29703
127	137	0.481986
127	141	1.31696
127	144	0.480348
127	149	1.28269
127	159	0.484578
127	162	1.32978
127	163	1.32234
127	170	1.3249
127	172	1.33215
127	173	0.506358
127	174	1.32167
127	175	1.32843
127	176	1.3126
127	177	1.34329
127	179	1.32674
127	180	1.31876
128	4	1.37241
128	6	0.483583
128	13	1.30357
128	17	1.30869
128	32	1.4111
128	39	0.45987
128	60	1.37026
128	71	1.31249
128	78	1.33154
128	80	1.34005
128	81	1.34414
128	83	0.535436
128	88	1.36712
128	96	1.28409
128	97	1.37768
128	100	1.2943
128	101	0.535185
128	114	1.2596
128	117	1.38239
128	118	0.473851
128	122	1.27021
128	123	1.34674
128	129	1.33935
128	136	0.47202
128	141	0.512861
128	143	1.31396
128	150	0.505289
128	154	0.527327
128	155	0.508477
128	174	0.512347
128	175	1.33998
128	177	0.503961
128	178	0.456783
128	179	0.519295
128	180	1.33032
129	4	1.37241
129	13	1.30357
129	17	1.30869
129	32	1.4111
129	34	0.571688
129	60	1.37026
129	64	0.508034
129	71	1.31249
129	78	1.33154
129	80	1.34005
129	81	1.34414
129	88	1.36712
129	96	1.28409
129	97	1.37767
129	100	1.2943
129	114	1.2596
129	117	1.38239
129	118	0.459456
129	122	1.27021
129	123	1.34674
129	125	0.518531
129	127	0.48859
129	128	1.33935
129	136	0.457625
129	143	1.31396
129	152	0.496604
129	163	0.500521
129	164	0.500045
129	171	0.505209
129	174	0.497952
129	175	1.33998
129	176	0.507724
129	177	0.489566
129	179	0.5049
129	180	1.33032
130	8	1.38978
130	20	0.522124
130	27	0.459034
130	29	1.24727
130	54	1.43464
130	59	0.396045
130	62	0.515398
130	63	0.487119
130	84	0.557655
130	98	0.545424
130	107	1.30109
130	112	1.33263
130	120	1.38876
130	124	1.31227
130	126	1.29539
130	127	1.32764
130	133	0.509999
130	134	1.30843
130	140	0.50273
130	141	1.32836
130	145	1.31312
130	147	1.31602
130	161	0.485176
130	162	1.34118
130	163	1.33374
130	168	0.48959
130	169	0.505128
130	170	1.3363
130	171	0.507294
130	172	1.34355
130	173	0.511028
130	174	1.33307
130	176	1.32399
130	177	1.35469
130	179	1.33813
131	39	1.39836
131	60	0.48511
131	85	1.28913
131	92	0.499771
131	105	1.36123
131	106	0.460148
131	108	0.498498
131	112	1.32648
131	114	0.555613
131	115	1.32706
131	120	1.38261
131	121	0.518621
131	139	0.494912
131	141	1.32221
131	142	1.31341
131	145	1.30697
131	146	1.32611
131	147	1.30987
131	149	1.28794
131	152	1.32837
131	155	0.495803
131	156	0.48462
131	158	0.474165
131	163	1.32759
131	164	0.501766
131	169	0.504764
131	170	1.33015
131	171	0.50693
131	172	1.3374
131	173	0.510664
131	176	1.31784
131	177	1.34854
131	178	1.40272
131	179	1.33198
131	180	1.32401
132	4	0.50723
132	25	0.453813
132	33	0.472813
132	42	1.30754
132	46	0.53174
132	56	0.482227
132	69	1.2797
132	77	1.35958
132	84	1.26506
132	87	1.22721
132	91	0.535173
132	102	1.37109
