1	3	0.991464
1	10	0.997883
1	33	1.06558
1	62	1.00737
1	88	1.02711
1	93	1.08849
1	95	1.15781
1	154	1.10035
1	155	0.926585
1	160	1.16623
1	169	0.924323
1	170	0.792726
2	125	0.867936
2	134	1.04014
2	139	1.0752
2	143	1.07505
2	147	1.05335
2	148	1.04863
2	150	1.07988
2	158	1.15168
2	162	1.05714
2	166	0.857276
2	169	1.0152
2	176	0.917951
3	1	0.991464
3	33	1.03355
3	39	1.12045
3	50	1.07591
3	84	0.745626
3	88	0.995084
3	93	1.05647
3	95	1.12578
3	149	0.826616
3	154	1.06832
3	160	1.1342
3	175	1.07039
4	53	1.11087
4	63	0.786345
4	72	1.06787
4	73	0.972726
4	78	1.03935
4	105	1.08283
4	120	1.06937
4	129	1.09157
4	132	1.09884
4	159	0.916978
4	164	1.0663
4	167	0.935142
5	84	0.595971
5	100	1.16485
5	102	1.21251
5	105	1.22382
5	121	1.20213
5	122	1.18391
5	128	1.1694
5	129	1.23257
5	164	1.2073
5	168	0.689206
5	171	0.717261
5	173	0.71698
6	68	0.734193
6	129	0.716476
6	138	0.700885
6	170	1.1414
6	171	1.10939
6	174	1.08298
6	175	1.02333
6	176	1.08498
6	177	1.01905
6	178	1.04161
6	179	1.05446
6	180	1.06731
7	88	0.751686
7	134	0.754971
7	150	0.654196
7	161	1.1
7	171	1.11734
7	172	1.06748
7	175	1.03128
7	176	1.09293
7	177	1.027
7	178	1.04956
7	179	1.06241
7	180	1.07525
8	9	1.09691
8	21	1.17823
8	25	1.17593
8	34	1.28273
8	57	1.21436
8	68	1.16964
8	86	1.21337
8	158	1.27751
8	163	0.593791
8	171	0.621343
8	175	0.824812
8	176	0.683639
9	8	1.09691
9	24	1.06445
9	57	1.06893
9	68	1.02421
9	77	0.816553
9	80	1.10569
9	86	1.06794
9	107	1.02877
9	126	1.00909
9	158	1.13208
9	173	0.896409
9	174	0.928824
10	1	0.997883
10	39	1.12687
10	50	1.08233
10	62	0.981761
10	88	1.0015
10	93	1.06288
10	95	1.1322
10	154	1.07474
10	160	1.14062
10	165	0.838867
10	167	0.902404
10	173	0.899752
11	27	0.535565
11	41	0.758685
11	47	1.16949
11	59	0.636707
11	101	1.14408
11	108	1.22511
11	130	1.16732
11	138	1.2508
11	154	1.24389
11	164	1.21834
11	168	0.780907
11	173	1.17914
12	28	1.19232
12	29	1.19342
12	94	1.22274
12	102	1.21438
12	120	1.21224
12	122	1.18578
12	128	1.17127
12	140	0.652425
12	156	0.677143
12	159	0.718997
12	164	1.20917
12	165	0.673624
13	101	1.19561
13	111	0.706414
13	116	1.30223
13	119	1.28451
13	130	1.21885
13	149	0.59291
13	154	1.29542
13	159	0.617419
13	162	0.608605
13	164	1.26987
13	173	1.23068
14	59	0.643477
14	88	1.08676
14	93	1.14814
14	95	1.21746
14	140	0.733367
14	143	1.1511
14	147	1.1294
14	148	1.12468
14	150	1.15593
14	154	1.16
14	160	1.22588
14	168	0.787677
14	170	0.748334
15	18	1.13899
15	20	1.14355
15	26	1.09945
15	58	1.17213
15	67	1.13199
15	81	1.10151
15	85	1.15582
15	87	1.26949
15	109	0.753827
15	125	0.73798
15	133	1.18502
15	140	0.643334
15	176	0.787995
16	17	1.19019
16	36	1.1421
16	38	1.1515
16	44	1.22465
16	53	1.20172
16	72	1.15872
16	73	1.06358
16	78	1.1302
16	115	1.13894
16	137	0.668381
16	151	0.714697
16	161	0.811913
16	171	0.728383
17	16	1.19019
17	36	1.1441
17	38	1.1535
17	44	1.22665
17	49	1.18951
17	72	1.16072
17	73	1.06557
17	78	1.1322
17	84	0.619102
17	107	0.744808
17	115	1.14094
17	153	0.679741
17	179	0.873034
18	15	1.13899
18	42	1.20656
18	54	1.15112
18	67	1.12448
18	70	1.12399
18	81	1.094
18	85	1.14831
18	87	1.26198
18	96	1.16289
18	149	0.601318
18	169	0.705818
18	175	0.845088
18	179	0.774261
19	20	1.14593
19	54	1.16101
19	56	1.16654
19	58	1.1745
19	71	0.601832
19	85	1.1582
19	92	1.13087
19	96	1.17278
19	126	1.10898
19	133	1.18739
19	155	0.792383
19	157	0.698668
19	172	0.825889
20	15	1.14355
20	19	1.14593
20	56	1.16121
20	58	1.16918
20	67	1.12904
20	70	1.12855
20	81	1.09856
20	87	1.26654
20	96	1.16745
20	141	0.695706
20	157	0.736043
20	170	0.6959
20	174	0.795431
21	8	1.17823
21	34	1.21862
21	57	1.15024
21	68	1.10552
21	80	1.18701
21	86	1.14926
21	107	1.11008
21	126	1.09041
21	133	0.663334
21	140	0.685461
21	157	0.740571
21	158	1.2134
21	176	0.830122
22	94	0.588798
22	114	0.663627
22	135	0.558523
22	138	0.472949
22	171	1.20748
22	172	1.15762
22	174	1.18107
22	175	1.12142
22	176	1.18307
22	177	1.11714
22	178	1.1397
22	179	1.15255
22	180	1.16539
23	135	1.16107
23	139	1.1719
23	140	0.691545
23	142	1.15358
23	143	1.17174
23	144	0.709775
23	147	1.15004
23	148	1.14532
23	150	1.17657
23	162	1.15384
23	168	0.745854
23	169	1.1119
23	171	0.773909
24	9	1.06445
24	25	1.14347
24	57	1.18189
24	68	1.13717
24	80	1.21865
24	83	1.11215
24	86	1.1809
24	126	1.12205
24	131	0.636658
24	158	1.24504
24	167	0.741985
24	170	0.672216
24	179	0.872256
25	8	1.17593
25	24	1.14347
25	34	1.21632
25	57	1.14795
25	68	1.10323
25	80	1.18471
25	83	1.07821
25	86	1.14696
25	155	0.681664
25	158	1.2111
25	169	0.679402
25	172	0.71517
25	177	0.850288
26	15	1.09945
26	42	1.16702
26	54	1.11158
26	56	1.11711
26	58	1.12507
26	70	1.08445
26	81	1.05446
26	85	1.10877
26	87	1.22244
26	96	1.12335
26	136	0.684236
26	149	0.761778
26	162	0.777472
26	172	0.902045
27	11	0.535565
27	36	0.533622
27	116	0.471562
27	147	0.488521
27	164	0.450632
27	171	1.29637
27	172	1.24651
27	174	1.26996
27	175	1.21031
27	176	1.27196
27	177	1.20603
27	178	1.22859
27	179	1.24144
27	180	1.25428
28	12	1.19232
28	48	1.12877
28	102	1.11447
28	120	1.11233
28	121	1.1041
28	122	1.08587
28	124	0.778643
28	128	1.07136
28	129	1.13453
28	132	1.1418
28	133	0.70959
28	141	0.74649
28	164	1.10926
28	180	0.884987
29	12	1.19342
29	90	1.1472
29	91	0.67388
29	100	1.06791
29	105	1.12688
29	118	0.617007
29	120	1.11342
29	122	1.08697
29	128	1.07246
29	129	1.13563
29	132	1.1429
29	152	0.824884
29	164	1.11036
29	178	0.995199
30	50	1.12493
30	62	1.02436
30	95	1.1748
30	118	0.627716
30	139	1.1086
30	147	1.08674
30	148	1.08202
30	150	1.11327
30	153	0.788188
30	154	1.11734
30	158	1.18507
30	160	1.18322
30	171	0.84884
30	173	0.848558
31	74	1.11446
31	94	1.12489
31	99	1.24569
31	100	1.06888
31	102	1.11654
31	103	0.860859
31	120	1.11439
31	122	1.08794
31	125	0.814843
31	128	1.07342
31	132	1.14387
31	133	0.69807
31	153	0.74191
31	164	1.11133
32	82	1.32084
32	84	0.462193
32	101	1.16884
32	103	0.641782
32	108	1.24988
32	116	1.27546
32	130	1.19209
32	138	1.27557
32	154	1.26865
32	161	0.667014
32	164	1.2431
32	169	0.647682
32	173	1.20391
32	175	0.786953
33	1	1.06558
33	3	1.03355
33	39	1.19457
33	62	1.04946
33	66	0.59186
33	88	1.0692
33	92	1.10908
33	93	1.13058
33	95	1.1999
33	154	1.14244
33	160	1.20832
33	170	0.686124
33	175	0.956991
33	179	0.886164
34	8	1.28273
34	21	1.21862
34	25	1.21632
34	63	0.474222
34	68	1.21003
34	80	1.29151
34	86	1.25376
34	107	1.21459
34	126	1.19491
34	151	0.606962
34	158	1.3179
34	166	0.622269
34	172	0.720614
34	178	0.777717
35	77	1.1148
35	110	0.885625
35	143	0.874741
35	160	0.799465
35	165	1.06837
35	167	1.03979
35	171	1.04352
35	172	0.99366
35	174	1.01711
35	176	1.01911
35	177	0.953179
35	178	0.97574
35	179	0.988587
35	180	1.00143
36	16	1.1421
36	17	1.1441
36	27	0.533622
36	38	1.10541
36	44	1.17856
36	49	1.14143
36	53	1.15563
36	65	1.12456
36	72	1.11263
36	73	1.01749
36	78	1.08411
36	159	0.791226
36	174	0.839152
36	180	0.877924
37	114	1.20443
37	127	0.781623
37	135	1.24362
37	139	1.25445
37	143	1.25429
37	147	1.23259
37	148	1.22787
37	150	1.25912
37	152	0.608144
37	153	0.560739
37	160	1.32907
37	166	0.623011
37	169	1.19444
37	171	0.621391
38	16	1.1515
38	17	1.1535
38	36	1.10541
38	49	1.15082
38	53	1.16503
38	65	1.13396
38	72	1.12203
38	73	1.02689
38	78	1.09351
38	115	1.10225
38	156	0.703679
38	162	0.736719
38	169	0.825524
38	172	0.861291
39	3	1.12045
39	10	1.12687
39	33	1.19457
39	50	1.23693
39	62	1.13636
39	88	1.1561
39	93	1.21748
39	95	1.2868
39	141	0.619487
39	154	1.22934
39	156	0.629432
39	160	1.29522
39	169	0.751277
39	173	0.686797
39	174	0.719212
40	44	1.27542
40	49	1.23829
40	72	1.20949
40	73	1.11435
40	78	1.18098
40	108	1.2147
40	130	1.15691
40	136	0.538302
40	154	1.23348
40	161	0.739674
40	164	1.20793
40	166	0.657765
40	171	0.656145
40	173	1.16874
40	178	0.813214
41	11	0.758685
41	50	0.621803
41	53	0.632006
41	67	0.736111
41	117	1.12438
41	168	1.14257
41	170	1.15831
41	171	1.1263
41	172	1.07644
41	175	1.04024
41	176	1.10189
41	177	1.03596
41	178	1.05852
41	179	1.07137
41	180	1.08421
42	18	1.20656
42	26	1.16702
42	70	1.19907
42	85	1.22339
42	87	1.33706
42	101	1.12962
42	119	1.21852
42	130	1.15286
42	136	0.539824
42	144	0.593533
42	164	1.20388
42	170	0.590269
42	173	1.16468
42	177	0.892751
42	179	0.790309
43	51	1.13879
43	82	1.1612
43	101	1.00921
43	108	1.09024
43	116	1.11583
43	119	1.09811
43	130	1.03245
43	138	1.11594
43	154	1.10902
43	156	0.727167
43	161	0.868343
43	164	1.08347
43	167	0.787184
43	173	1.04428
43	178	0.941882
44	16	1.22465
44	17	1.22665
44	36	1.17856
44	40	1.27542
44	49	1.22397
44	53	1.23817
44	72	1.19517
44	73	1.10003
44	78	1.16666
44	115	1.1754
44	124	0.674411
44	156	0.652203
44	162	0.685242
44	163	0.682297
44	171	0.709849
45	50	1.2256
45	88	1.14477
45	93	1.20615
45	116	1.22482
45	117	0.686221
45	119	1.2071
45	130	1.14144
45	154	1.21801
45	160	1.28389
45	162	0.592178
45	164	1.19246
45	167	0.619156
45	173	1.15327
45	175	0.820254
45	180	0.687691
46	113	0.556205
46	114	0.622086
46	120	0.550881
46	150	0.496647
46	160	0.378216
46	165	1.26583
46	170	1.27299
46	172	1.19113
46	174	1.21457
46	175	1.15493
46	176	1.21658
46	177	1.15065
46	178	1.17321
46	179	1.18605
46	180	1.1989
47	11	1.16949
47	51	1.13259
47	76	1.05772
47	108	1.08404
47	116	1.10963
47	119	1.09191
47	130	1.02625
47	138	1.10974
47	154	1.10282
47	164	1.07727
47	166	0.769232
47	169	0.831809
47	173	1.03808
47	174	0.799744
47	178	0.92468
48	28	1.12877
48	75	1.18451
48	99	1.27998
48	102	1.15083
48	105	1.16215
48	120	1.14869
48	121	1.14046
48	128	1.10772
48	129	1.1709
48	132	1.17816
48	140	0.645669
48	163	0.700481
48	164	1.14562
48	166	0.729654
48	171	0.728034
48	180	0.798939
49	17	1.18951
49	36	1.14143
49	38	1.15082
49	40	1.23829
49	44	1.22397
49	53	1.20104
49	65	1.16997
49	72	1.15804
49	73	1.0629
49	78	1.12952
49	115	1.13826
49	152	0.654348
49	157	0.640339
49	165	0.606428
49	177	0.902678
49	179	0.800236
50	3	1.07591
50	10	1.08233
50	30	1.12493
50	39	1.23693
50	41	0.621803
50	45	1.2256
50	62	1.09182
50	88	1.11156
50	93	1.17294
50	95	1.24226
50	131	0.569124
50	154	1.1848
50	160	1.25068
50	161	0.75561
50	166	0.673701
50	177	0.907164
51	43	1.13879
51	47	1.13259
51	76	1.16188
51	101	1.10717
51	108	1.1882
51	109	0.751244
51	116	1.21379
51	119	1.19607
51	130	1.13041
51	141	0.655525
51	154	1.20698
51	161	0.806646
51	162	0.698509
51	164	1.18143
51	168	0.695061
51	173	1.14224
52	70	0.806454
52	142	0.708434
52	143	0.722255
52	156	1.15944
52	160	0.646979
52	161	1.08364
52	166	1.11547
52	171	1.10098
52	172	1.05112
52	174	1.07457
52	175	1.01492
52	176	1.07657
52	177	1.01064
52	178	1.0332
52	179	1.04605
52	180	1.05889
53	4	1.11087
53	16	1.20172
53	36	1.15563
53	38	1.16503
53	41	0.632006
53	44	1.23817
53	49	1.20104
53	65	1.18417
53	72	1.17224
53	73	1.0771
53	78	1.14373
53	115	1.15247
53	144	0.618149
53	169	0.746481
53	174	0.714416
53	179	0.814924
54	18	1.15112
54	19	1.16101
54	26	1.11158
54	56	1.17629
54	67	1.14412
54	70	1.14363
54	81	1.11364
54	87	1.28162
54	92	1.14063
54	96	1.18254
54	133	1.19715
54	141	0.623629
54	157	0.663965
54	165	0.630055
54	177	0.926305
54	180	0.762126
55	65	0.535092
55	108	0.556539
55	110	0.524794
55	128	0.635825
55	164	0.545015
55	165	1.22205
55	168	1.21347
55	170	1.22921
55	171	1.19721
55	172	1.14735
55	174	1.17079
55	175	1.11115
55	177	1.10687
55	178	1.12943
55	179	1.14227
55	180	1.15512
56	19	1.16654
56	20	1.16121
56	26	1.11711
56	54	1.17629
56	67	1.14965
56	81	1.11917
56	85	1.17348
56	87	1.28715
56	92	1.14616
56	96	1.18807
56	124	0.646155
56	126	1.12426
56	144	0.617459
56	169	0.745792
56	172	0.781559
56	179	0.814235
57	8	1.21436
57	9	1.06893
57	21	1.15024
57	24	1.18189
57	25	1.14795
57	68	1.14165
57	80	1.22314
57	83	1.11664
57	86	1.18538
57	111	0.796741
57	126	1.12654
57	137	0.663536
57	156	0.665892
57	158	1.24953
57	170	0.65614
57	172	0.823504
58	15	1.17213
58	19	1.1745
58	20	1.16918
58	26	1.12507
58	67	1.15761
58	70	1.15713
58	81	1.12714
58	85	1.18145
58	96	1.19603
58	126	1.13223
58	133	1.21064
58	140	0.559222
58	161	0.725116
58	172	0.741552
58	176	0.703882
58	177	0.87667
59	11	0.636707
59	14	0.643477
59	108	0.563299
59	113	0.623382
59	154	0.497381
59	168	1.21818
59	170	1.23392
59	171	1.20192
59	172	1.15206
59	174	1.1755
59	175	1.11586
59	176	1.17751
59	177	1.11158
59	178	1.13414
59	179	1.14698
59	180	1.15983
60	82	0.693005
60	152	1.13098
60	154	0.727732
60	160	0.675745
60	161	1.07096
60	164	0.782125
60	165	1.11315
60	167	1.08458
60	168	1.10457
60	171	1.0883
60	174	1.06189
60	175	1.00224
60	176	1.06389
60	178	1.02052
60	179	1.03337
60	180	1.04622
61	94	1.17529
61	109	0.734048
61	122	1.13834
61	128	1.12382
61	129	1.187
61	132	1.19427
61	135	1.16771
61	139	1.17853
61	141	0.638329
61	142	1.16022
61	147	1.15668
61	148	1.15196
61	159	0.690128
61	163	0.678368
61	164	1.16173
61	178	0.862989
62	1	1.00737
62	10	0.981761
62	30	1.02436
62	33	1.04946
62	39	1.13636
62	50	1.09182
62	71	0.740659
62	88	1.01099
62	92	1.05087
62	93	1.07237
62	95	1.14169
62	136	0.746907
62	154	1.08423
62	160	1.15011
62	172	0.964716
62	175	1.06822
63	4	0.786345
63	34	0.474222
63	86	0.599434
63	142	1.21718
63	143	1.23534
63	148	1.20892
63	150	1.24017
63	154	0.52321
63	164	0.577603
63	169	1.17549
63	172	1.13865
63	175	1.10245
63	177	1.09817
63	178	1.12073
63	179	1.13358
63	180	1.14642
64	101	1.09531
64	105	1.18609
64	108	1.17634
64	121	1.1644
64	122	1.14617
64	123	0.652605
64	128	1.13166
64	129	1.19484
64	132	1.20211
64	154	1.19511
64	162	0.686268
64	164	1.16957
64	166	0.712496
64	173	1.13037
64	176	0.773171
64	180	0.781781
65	36	1.12456
65	38	1.13396
65	49	1.16997
65	53	1.18417
65	55	0.535092
65	73	1.04603
65	78	1.11266
65	124	0.678668
65	134	1.12134
65	135	1.14559
65	142	1.1381
65	147	1.13456
65	148	1.12984
65	150	1.16109
65	176	0.776402
65	177	0.949191
65	180	0.785012
66	33	0.59186
66	72	0.575037
66	101	0.686029
66	134	0.675192
66	139	0.549982
66	166	1.17777
66	167	1.15955
66	168	1.17954
66	170	1.19528
66	171	1.16328
66	174	1.13686
66	175	1.07722
66	176	1.13887
66	177	1.07294
66	178	1.0955
66	179	1.10835
66	180	1.12119
67	15	1.13199
67	18	1.12448
67	20	1.12904
67	41	0.736111
67	54	1.14412
67	56	1.14965
67	58	1.15761
67	70	1.11699
67	81	1.087
67	85	1.14131
67	96	1.15589
67	126	1.09209
67	133	1.1705
67	146	0.720083
67	162	0.761781
67	166	0.788008
67	170	0.718989
68	6	0.734193
68	8	1.16964
68	9	1.02421
68	21	1.10552
68	24	1.13717
68	25	1.10323
68	34	1.21003
68	57	1.14165
68	80	1.17842
68	86	1.14066
68	107	1.10149
68	126	1.08182
68	144	0.640015
68	156	0.646503
68	158	1.20481
68	169	0.768347
68	177	0.939233
69	112	1.12834
69	113	1.13143
69	134	1.11747
69	135	1.14172
69	139	1.15254
69	142	1.13422
69	143	1.15239
69	147	1.13069
69	148	1.12596
69	150	1.15721
69	153	0.645809
69	162	1.13448
69	169	1.09254
69	171	0.70646
69	172	0.806426
69	178	0.863529
69	180	0.777366
70	18	1.12399
70	20	1.12855
70	26	1.08445
70	42	1.19907
70	52	0.806454
70	54	1.14363
70	58	1.15713
70	67	1.11699
70	81	1.08651
70	84	0.655834
70	85	1.14082
70	96	1.15541
70	107	0.781539
70	123	0.718854
70	126	1.0916
70	133	1.17002
70	145	0.75603
71	19	0.601832
71	62	0.740659
71	94	0.662599
71	150	0.611989
71	154	0.545546
71	159	1.17287
71	166	1.18283
71	167	1.16461
71	170	1.20034
71	172	1.11848
71	174	1.14192
71	175	1.08228
71	176	1.14393
71	177	1.078
71	178	1.10056
71	179	1.1134
71	180	1.12625
72	4	1.06787
72	16	1.15872
72	17	1.16072
72	36	1.11263
72	38	1.12203
72	40	1.20949
72	44	1.19517
72	49	1.15804
72	53	1.17224
72	66	0.575037
72	73	1.0341
72	78	1.10073
72	111	0.809902
72	115	1.10947
72	137	0.676697
72	174	0.768833
72	178	0.893768
73	4	0.972726
73	16	1.06358
73	17	1.06557
73	36	1.01749
73	38	1.02689
73	40	1.11435
73	44	1.10003
73	49	1.0629
73	53	1.0771
73	65	1.04603
73	72	1.0341
73	78	1.00559
73	115	1.01433
73	118	0.79397
73	146	0.948788
73	153	0.954441
73	167	1.01746
74	31	1.11446
74	79	1.09243
74	94	1.14281
74	99	1.2636
74	100	1.0868
74	109	0.774644
74	120	1.13231
74	121	1.12408
74	122	1.10585
74	125	0.758798
74	128	1.09134
74	129	1.15452
74	132	1.16179
74	156	0.68887
74	164	1.12925
74	170	0.679118
74	178	0.903585
75	48	1.18451
75	79	1.12819
75	90	1.20185
75	106	0.59141
75	115	1.14679
75	116	1.19736
75	119	1.17965
75	121	1.15984
75	127	0.861842
75	130	1.11399
75	132	1.19754
75	157	0.674355
75	164	1.165
75	167	0.70398
75	169	0.765808
75	173	1.12581
76	47	1.05772
76	51	1.16188
76	82	1.1843
76	91	0.657196
76	101	1.03231
76	108	1.11334
76	115	1.08835
76	116	1.13892
76	119	1.12121
76	130	1.05555
76	138	1.13903
76	154	1.13211
76	161	0.904976
76	163	0.793894
76	164	1.10656
76	165	0.760281
76	173	1.06737
76	176	0.883742
77	9	0.816553
77	35	1.1148
77	130	0.726605
77	148	0.676688
77	158	0.519876
77	160	0.537512
77	166	1.15153
77	167	1.13332
77	168	1.15331
77	170	1.16905
77	171	1.13704
77	174	1.11063
77	175	1.05098
77	176	1.11263
77	177	1.0467
77	178	1.06926
77	179	1.08211
77	180	1.09496
78	4	1.03935
78	16	1.1302
78	17	1.1322
78	36	1.08411
78	38	1.09351
78	40	1.18098
78	44	1.16666
78	49	1.12952
78	53	1.14373
78	65	1.11266
78	72	1.10073
78	73	1.00559
78	115	1.08095
78	157	0.719554
78	174	0.778942
78	176	0.809105
78	179	0.879451
78	180	0.817714
79	74	1.09243
79	75	1.12819
79	90	1.12614
79	94	1.10286
79	99	1.22366
79	105	1.10582
79	120	1.09236
79	121	1.08413
79	122	1.06591
79	128	1.05139
79	129	1.11457
79	132	1.12184
79	145	0.751124
79	149	0.731916
79	164	1.0893
79	165	0.711052
79	169	0.836416
79	175	0.975687
80	9	1.10569
80	21	1.18701
80	24	1.21865
80	25	1.18471
80	34	1.29151
80	57	1.22314
80	68	1.17842
80	83	1.1534
80	86	1.22215
80	106	0.566534
80	107	1.18298
80	124	0.641295
80	126	1.1633
80	158	1.28629
80	167	0.679104
80	168	0.648678
80	174	0.708867
80	178	0.833802
81	15	1.10151
81	18	1.094
81	20	1.09856
81	26	1.05446
81	54	1.11364
81	56	1.11917
81	58	1.12714
81	67	1.087
81	70	1.08651
81	85	1.11083
81	87	1.2245
81	96	1.12542
81	126	1.06161
81	157	0.788846
81	162	0.791494
81	168	0.788046
81	170	0.748703
81	180	0.887006
82	32	1.32084
82	43	1.1612
82	60	0.693005
82	76	1.1843
82	101	1.12959
82	108	1.21062
82	115	1.18564
82	116	1.23621
82	119	1.21849
82	130	1.15283
82	146	0.568604
82	154	1.2294
82	155	0.70137
82	164	1.20385
82	167	0.63728
82	171	0.634909
82	173	1.16466
82	179	0.767551
83	24	1.11215
83	25	1.07821
83	57	1.11664
83	80	1.1534
83	86	1.11565
83	104	1.09864
83	134	1.06824
83	139	1.10331
83	142	1.08499
83	143	1.10316
83	147	1.08146
83	150	1.10798
83	158	1.17979
83	165	0.667255
83	173	0.72814
83	174	0.760554
83	177	0.963505
83	178	0.88549
84	3	0.745626
84	5	0.595971
84	17	0.619102
84	32	0.462193
84	70	0.655834
84	147	0.640627
84	156	1.24456
84	157	1.22536
84	166	1.20059
84	168	1.20236
84	170	1.21811
84	171	1.1861
84	172	1.13624
84	174	1.15969
84	176	1.16169
84	177	1.09576
84	178	1.11832
84	179	1.13117
84	180	1.14401
85	15	1.15582
85	18	1.14831
85	19	1.1582
85	26	1.10877
85	42	1.22339
85	56	1.17348
85	58	1.18145
85	67	1.14131
85	70	1.14082
85	81	1.11083
85	87	1.27882
85	96	1.17973
85	111	0.803691
85	133	1.19434
85	144	0.666355
85	145	0.709395
85	151	0.716802
85	153	0.669837
85	159	0.714695
86	8	1.21337
86	9	1.06794
86	21	1.14926
86	24	1.1809
86	25	1.14696
86	34	1.25376
86	57	1.18538
86	63	0.599434
86	68	1.14066
86	80	1.22215
86	83	1.11565
86	107	1.14523
86	126	1.12555
86	145	0.724767
86	146	0.679555
86	152	0.732614
86	158	1.24854
86	163	0.718308
86	173	0.74558
87	15	1.26949
87	18	1.26198
87	20	1.26654
87	26	1.22244
87	42	1.33706
87	54	1.28162
87	56	1.28715
87	81	1.2245
87	85	1.27882
87	92	1.25149
87	96	1.2934
87	126	1.22959
87	149	0.533912
87	151	0.560527
87	167	0.576584
87	174	0.606347
87	176	0.636509
87	177	0.809298
87	180	0.645119
88	1	1.02711
88	3	0.995084
88	7	0.751686
88	10	1.0015
88	14	1.08676
88	33	1.0692
88	39	1.1561
88	45	1.14477
88	50	1.11156
88	62	1.01099
88	92	1.07061
88	93	1.09211
88	95	1.16143
88	109	0.861697
88	154	1.10397
88	160	1.16985
88	165	0.772404
88	173	0.833289
88	180	0.904475
89	104	1.16794
89	113	1.1515
89	134	1.13754
89	135	1.16178
89	139	1.17261
89	142	1.15429
89	143	1.17245
89	146	0.622602
89	147	1.15076
89	148	1.14603
89	149	0.648605
89	150	1.17728
89	158	1.24909
89	160	1.24723
89	161	0.772437
89	166	0.690528
89	168	0.660852
89	169	1.11261
89	175	0.892376
90	29	1.1472
90	75	1.20185
90	79	1.12614
90	99	1.29732
90	100	1.12051
90	102	1.16817
90	120	1.16602
90	121	1.15779
90	122	1.13957
90	128	1.12505
90	129	1.18823
90	132	1.1955
90	157	0.668252
90	164	1.16296
90	168	0.667452
90	171	0.695508
90	173	0.695226
90	174	0.727641
90	179	0.828149
91	29	0.67388
91	76	0.657196
91	134	0.672605
91	135	0.592165
91	143	0.528675
91	159	1.18151
91	161	1.15964
91	164	0.559779
91	166	1.19147
91	167	1.17325
91	171	1.17698
91	172	1.12712
91	173	1.16796
91	174	1.15056
91	175	1.09092
91	176	1.15257
91	177	1.08664
91	178	1.1092
91	179	1.12205
91	180	1.13489
92	19	1.13087
92	33	1.10908
92	54	1.14063
92	56	1.14616
92	62	1.05087
92	87	1.25149
92	88	1.07061
92	93	1.13199
92	95	1.20131
92	96	1.1524
92	103	0.767744
92	126	1.08859
92	133	1.16701
92	154	1.14385
92	160	1.20973
92	161	0.792975
92	163	0.681893
92	165	0.64828
92	168	0.681391
92	175	0.912915
93	1	1.08849
93	3	1.05647
93	10	1.06288
93	14	1.14814
93	33	1.13058
93	39	1.21748
93	45	1.20615
93	50	1.17294
93	62	1.07237
93	88	1.09211
93	92	1.13199
93	95	1.22281
93	117	0.840378
93	136	0.653099
93	140	0.688578
93	154	1.16535
93	159	0.755149
93	160	1.23123
93	167	0.773313
93	173	0.770661
94	12	1.22274
94	22	0.588798
94	31	1.12489
94	61	1.17529
94	71	0.662599
94	74	1.14281
94	79	1.10286
94	100	1.09723
94	105	1.1562
94	107	0.791105
94	120	1.14274
94	121	1.13451
94	122	1.11629
94	128	1.10177
94	129	1.16495
94	132	1.17222
94	159	0.770896
94	164	1.13968
94	170	0.719291
94	173	0.786408
95	1	1.15781
95	3	1.12578
95	10	1.1322
95	14	1.21746
95	30	1.1748
95	33	1.1999
95	39	1.2868
95	50	1.24226
95	62	1.14169
95	88	1.16143
95	92	1.20131
95	93	1.22281
95	123	0.655409
95	144	0.649545
95	154	1.23467
95	159	0.697886
95	160	1.30055
95	162	0.689072
95	165	0.652513
95	170	0.646281
95	176	0.775974
96	18	1.16289
96	19	1.17278
96	20	1.16745
96	26	1.12335
96	54	1.18254
96	56	1.18807
96	58	1.19603
96	67	1.15589
96	70	1.15541
96	81	1.12542
96	85	1.17973
96	87	1.2934
96	92	1.1524
96	126	1.1305
96	131	0.590979
96	133	1.20892
96	145	0.672841
96	155	0.760395
96	167	0.696305
96	168	0.66588
96	174	0.726068
96	178	0.851004
97	103	0.797703
97	104	1.17605
97	106	0.629206
97	113	1.15962
97	114	1.13072
97	124	0.703967
97	133	0.634914
97	134	1.14566
97	135	1.1699
97	137	0.679403
97	139	1.18073
97	142	1.16241
97	143	1.18057
97	147	1.15888
97	148	1.15415
97	150	1.1854
97	158	1.25721
97	160	1.25535
97	162	1.16267
97	169	1.12073
97	170	0.672007
97	172	0.839371
98	110	1.10641
98	112	1.08169
98	114	1.05588
98	134	1.07082
98	135	1.09506
98	138	1.12155
98	139	1.10589
98	140	0.758655
98	142	1.08757
98	143	1.10573
98	147	1.08404
98	148	1.07931
98	149	0.800718
98	150	1.11056
98	153	0.780368
98	158	1.18237
98	159	0.825226
98	160	1.18051
98	162	1.08783
98	169	1.04589
98	171	0.84102
98	174	0.873153
99	31	1.24569
99	48	1.27998
99	74	1.2636
99	79	1.22366
99	90	1.29732
99	100	1.21803
99	102	1.26568
99	105	1.277
99	120	1.26354
99	121	1.25531
99	122	1.23708
99	128	1.22257
99	129	1.28574
99	137	0.576286
99	145	0.615194
99	151	0.622602
99	156	0.578642
99	157	0.609033
99	163	0.608736
99	164	1.26047
99	169	0.700487
99	172	0.736254
100	5	1.16485
100	29	1.06791
100	31	1.06888
100	74	1.0868
100	90	1.12051
100	94	1.09723
100	99	1.21803
100	102	1.08888
100	105	1.10019
100	120	1.08673
100	121	1.0785
100	122	1.06028
100	123	0.768779
100	128	1.04576
100	129	1.10894
100	132	1.11621
100	136	0.709206
100	146	0.760744
100	164	1.08367
100	173	0.826768
100	174	0.859183
100	179	0.959691
101	11	1.14408
101	13	1.19561
101	32	1.16884
101	42	1.12962
101	43	1.00921
101	51	1.10717
101	64	1.09531
101	66	0.686029
101	76	1.03231
101	82	1.12959
101	108	1.05863
101	115	1.03364
101	116	1.08421
101	119	1.0665
101	130	1.00084
101	136	0.729848
101	149	0.80739
101	154	1.0774
101	155	0.914152
101	164	1.05186
101	165	0.786526
101	173	1.01266
101	177	1.08278
102	5	1.21251
102	12	1.21438
102	28	1.11447
102	31	1.11654
102	48	1.15083
102	90	1.16817
102	99	1.26568
102	100	1.08888
102	103	0.792764
102	105	1.14785
102	120	1.13439
102	121	1.12615
102	122	1.10793
102	128	1.09342
102	129	1.15659
102	132	1.16386
102	152	0.72122
102	156	0.67682
102	164	1.13132
102	165	0.6733
102	167	0.736837
102	174	0.766599
102	176	0.796762
103	31	0.860859
103	32	0.641782
103	92	0.767744
103	97	0.797703
103	102	0.792764
103	155	1.0865
103	158	0.658311
103	159	1.1078
103	163	1.14504
103	165	1.12811
103	166	1.11775
103	167	1.09954
103	168	1.11953
103	170	1.13527
103	171	1.10326
103	172	1.05341
103	174	1.07685
103	175	1.01721
103	176	1.07885
103	177	1.01293
103	178	1.03549
103	179	1.04833
103	180	1.06118
104	83	1.09864
104	89	1.16794
104	97	1.17605
104	107	0.700827
104	109	0.72454
104	110	1.15557
104	112	1.13085
104	134	1.11998
104	135	1.14423
104	142	1.13674
104	143	1.1549
104	147	1.1332
104	148	1.12847
104	150	1.15973
104	158	1.23153
104	160	1.22967
104	162	1.13699
104	168	0.668357
104	169	1.09505
104	170	0.629014
104	176	0.758708
104	178	0.853481
104	179	0.829054
105	4	1.08283
105	5	1.22382
105	29	1.12688
105	48	1.16215
105	64	1.18609
105	79	1.10582
105	94	1.1562
105	99	1.277
105	100	1.10019
105	102	1.14785
105	120	1.1457
105	121	1.13747
105	122	1.11925
105	128	1.10473
105	132	1.17518
105	137	0.671179
105	155	0.797642
105	162	0.706575
105	164	1.14264
105	166	0.732802
105	167	0.733552
105	173	0.730901
105	176	0.793477
106	75	0.59141
106	80	0.566534
106	97	0.629206
106	113	0.685438
106	119	0.593243
106	134	0.726655
106	158	0.489814
106	161	1.15527
106	163	1.21439
106	165	1.19746
106	166	1.1871
106	167	1.16889
106	168	1.18888
106	170	1.20462
106	171	1.17261
106	172	1.12276
106	174	1.1462
106	175	1.08655
106	176	1.1482
106	177	1.08227
106	178	1.10484
106	179	1.11768
106	180	1.13053
107	9	1.02877
107	17	0.744808
107	21	1.11008
107	34	1.21459
107	68	1.10149
107	70	0.781539
107	80	1.18298
107	86	1.14523
107	94	0.791105
107	104	0.700827
107	125	1.09597
107	126	1.08638
107	129	0.690847
107	158	1.20937
107	164	0.728444
107	172	1.03605
107	174	1.0595
107	175	0.999849
107	176	1.0615
107	177	0.995569
107	178	1.01813
107	179	1.03098
107	180	1.04382
108	11	1.22511
108	32	1.24988
108	40	1.2147
108	43	1.09024
108	47	1.08404
108	51	1.1882
108	55	0.556539
108	59	0.563299
108	64	1.17634
108	76	1.11334
108	82	1.21062
108	101	1.05863
108	116	1.16524
108	119	1.14753
108	127	0.895786
108	130	1.08187
108	138	1.16535
108	155	0.802014
108	162	0.710947
108	164	1.13289
108	166	0.737175
108	171	0.735554
108	173	1.09369
109	15	0.753827
109	51	0.751244
109	61	0.734048
109	74	0.774644
109	88	0.861697
109	104	0.72454
109	159	1.10843
109	161	1.08655
109	163	1.14567
109	165	1.12874
109	166	1.11838
109	167	1.10017
109	168	1.12016
109	169	1.09087
109	170	1.1359
109	172	1.05403
109	174	1.07748
109	175	1.01783
109	176	1.07948
109	177	1.01355
109	178	1.03611
109	179	1.04896
109	180	1.06181
110	35	0.885625
110	55	0.524794
110	98	1.10641
110	104	1.15557
110	113	1.13914
110	114	1.11023
110	131	0.600853
110	134	1.12518
110	135	1.14942
110	139	1.16024
110	142	1.14193
110	143	1.16009
110	145	0.682715
110	146	0.637503
110	147	1.13839
110	148	1.13367
110	150	1.16492
110	158	1.23672
110	160	1.23487
110	162	1.14218
110	169	1.10024
110	175	0.907277
110	176	0.766104
111	13	0.706414
111	57	0.796741
111	72	0.809902
111	85	0.803691
111	132	0.777819
111	154	0.742839
111	155	1.06977
111	157	1.1258
111	159	1.09107
111	161	1.0692
111	163	1.12831
111	166	1.10102
111	167	1.08281
111	168	1.1028
111	170	1.11854
111	171	1.08653
111	172	1.03668
111	174	1.06012
111	175	1.00048
111	176	1.06212
111	177	0.996196
111	178	1.01876
111	179	1.0316
111	180	1.04445
112	69	1.12834
112	98	1.08169
112	104	1.13085
112	113	1.11442
112	131	0.676919
112	134	1.10046
112	135	1.1247
112	138	1.15119
112	139	1.13552
112	142	1.11721
112	143	1.13537
112	144	0.715741
112	146	0.71357
112	147	1.11367
112	148	1.10895
112	150	1.1402
112	151	0.766188
112	158	1.212
112	160	1.21015
112	161	0.863404
112	162	1.11746
112	163	0.752322
112	169	1.07552
112	172	0.879841
113	46	0.556205
113	59	0.623382
113	69	1.13143
113	89	1.1515
113	97	1.15962
113	106	0.685438
113	110	1.13914
113	112	1.11442
113	114	1.08861
113	124	0.760199
113	127	0.95587
113	134	1.10355
113	135	1.12779
113	139	1.13862
113	142	1.1203
113	143	1.13846
113	147	1.11677
113	148	1.11204
113	150	1.14329
113	157	0.768383
113	160	1.21324
113	162	1.12056
113	168	0.767583
113	169	1.07862
114	22	0.663627
114	37	1.20443
114	46	0.622086
114	97	1.13072
114	98	1.05588
114	110	1.11023
114	113	1.08861
114	134	1.07464
114	135	1.09889
114	136	0.743676
114	138	1.12537
114	139	1.10971
114	142	1.0914
114	143	1.10956
114	147	1.08786
114	148	1.08314
114	150	1.11439
114	157	0.834263
114	158	1.18619
114	159	0.845725
114	160	1.18434
114	162	1.09165
114	165	0.800353
114	169	1.04971
114	174	0.893652
115	16	1.13894
115	17	1.14094
115	38	1.10225
115	44	1.1754
115	49	1.13826
115	53	1.15247
115	72	1.10947
115	73	1.01433
115	75	1.14679
115	76	1.08835
115	78	1.08095
115	82	1.18564
115	101	1.03364
115	119	1.12254
115	130	1.05688
115	131	0.684944
115	146	0.721594
115	154	1.13345
115	156	0.730253
115	162	0.763293
115	164	1.1079
115	171	0.7879
115	173	1.06871
115	177	1.02298
115	180	0.858805
116	13	1.30223
116	27	0.471562
116	32	1.27546
116	43	1.11583
116	45	1.22482
116	47	1.10963
116	51	1.21379
116	75	1.19736
116	76	1.13892
116	82	1.23621
116	101	1.08421
116	108	1.16524
116	117	0.814394
116	119	1.17311
116	123	0.686689
116	130	1.10745
116	131	0.642003
116	138	1.19094
116	151	0.731272
116	154	1.18402
116	156	0.687312
116	163	0.717406
116	164	1.15847
116	173	1.11928
116	180	0.815864
117	41	1.12438
117	45	0.686221
117	93	0.840378
117	116	0.814394
117	139	0.78108
117	147	0.831353
117	150	0.805516
117	156	1.1223
117	157	1.1031
117	159	1.06838
117	161	1.0465
117	163	1.10561
117	165	1.08869
117	166	1.07833
117	167	1.06012
117	170	1.09585
117	171	1.06384
117	172	1.01398
117	174	1.03743
117	175	0.977782
117	176	1.03943
117	177	0.973502
117	178	0.996062
117	179	1.00891
117	180	1.02175
118	29	0.617007
118	30	0.627716
118	73	0.79397
118	120	0.56919
118	128	0.593717
118	130	0.585619
118	134	0.615732
118	153	1.20739
118	155	1.15785
118	160	0.396526
118	161	1.15727
118	163	1.21638
118	165	1.19946
118	166	1.1891
118	167	1.17089
118	168	1.19087
118	170	1.20662
118	171	1.17461
118	172	1.12475
118	174	1.1482
118	175	1.08855
118	176	1.1502
118	177	1.08427
118	178	1.10683
118	179	1.11968
118	180	1.13252
119	13	1.28451
119	42	1.21852
119	43	1.09811
119	45	1.2071
119	47	1.09191
119	51	1.19607
119	75	1.17965
119	76	1.12121
119	82	1.21849
119	101	1.0665
119	106	0.593243
119	108	1.14753
119	115	1.12254
119	116	1.17311
119	130	1.08974
119	137	0.64344
119	138	1.17322
119	154	1.16631
119	164	1.14076
119	165	0.642277
119	166	0.705063
119	168	0.675388
119	169	0.767641
119	172	0.803409
119	173	1.10156
119	177	0.938527
120	4	1.06937
120	12	1.21224
120	28	1.11233
120	29	1.11342
120	31	1.11439
120	46	0.550881
120	48	1.14869
120	74	1.13231
120	79	1.09236
120	90	1.16602
120	94	1.14274
120	99	1.26354
120	100	1.08673
120	102	1.13439
120	105	1.1457
120	118	0.56919
120	121	1.12401
120	123	0.732044
120	128	1.09127
120	129	1.15445
120	132	1.16172
120	162	0.765707
120	164	1.12918
120	168	0.762258
120	169	0.854512
120	171	0.790314
120	180	0.861219
121	5	1.20213
121	28	1.1041
121	48	1.14046
121	64	1.1644
121	74	1.12408
121	75	1.15984
121	79	1.08413
121	90	1.15779
121	94	1.13451
121	99	1.25531
121	100	1.0785
121	102	1.12615
121	105	1.13747
121	120	1.12401
121	122	1.09756
121	125	0.755679
121	128	1.08304
121	129	1.14622
121	132	1.15349
121	133	0.638906
121	153	0.682746
121	161	0.826927
121	164	1.12095
121	171	0.743398
121	172	0.843364
121	173	0.743117
121	176	0.805693
122	5	1.18391
122	12	1.18578
122	28	1.08587
122	29	1.08697
122	31	1.08794
122	61	1.13834
122	64	1.14617
122	74	1.10585
122	79	1.06591
122	90	1.13957
122	94	1.11629
122	99	1.23708
122	100	1.06028
122	102	1.10793
122	105	1.11925
122	121	1.09756
122	128	1.06482
122	129	1.12799
122	132	1.13526
122	146	0.678422
122	151	0.731041
122	161	0.828257
122	164	1.10272
122	168	0.716672
122	169	0.808925
122	174	0.77686
122	176	0.807023
122	178	0.901796
123	64	0.652605
123	70	0.718854
123	95	0.655409
123	100	0.768779
123	116	0.686689
123	120	0.732044
123	138	0.612571
123	154	0.611367
123	155	1.11694
123	156	1.19215
123	157	1.17296
123	159	1.13823
123	161	1.11636
123	163	1.17547
123	165	1.15855
123	166	1.14819
123	167	1.12997
123	168	1.14996
123	170	1.1657
123	171	1.1337
123	172	1.08384
123	174	1.10728
123	175	1.04764
123	176	1.10929
123	177	1.04336
123	178	1.06592
123	179	1.07877
123	180	1.09161
124	28	0.778643
124	44	0.674411
124	56	0.646155
124	65	0.678668
124	80	0.641295
124	97	0.703967
124	113	0.760199
124	138	0.635402
124	151	1.186
124	157	1.17299
124	159	1.13826
124	161	1.11639
124	163	1.1755
124	165	1.15857
124	166	1.14821
124	167	1.13
124	168	1.14999
124	169	1.1207
124	170	1.16573
124	171	1.13372
124	172	1.08387
124	174	1.10731
124	175	1.04767
124	176	1.10931
124	177	1.04339
124	178	1.06595
124	179	1.07879
124	180	1.09164
125	2	0.867936
125	15	0.73798
125	31	0.814843
125	74	0.758798
125	107	1.09597
125	121	0.755679
125	130	0.819024
125	138	0.683122
125	152	1.11851
125	155	1.05907
125	156	1.13428
125	157	1.11509
125	159	1.08036
125	163	1.1176
125	165	1.10068
125	166	1.09032
125	167	1.0721
125	168	1.09209
125	170	1.10783
125	171	1.07583
125	172	1.02597
125	174	1.04942
125	175	0.989769
125	176	1.05142
125	177	0.985489
125	178	1.00805
125	179	1.0209
125	180	1.03374
126	9	1.00909
126	19	1.10898
126	21	1.09041
126	24	1.12205
126	34	1.19491
126	56	1.12426
126	57	1.12654
126	58	1.13223
126	67	1.09209
126	68	1.08182
126	70	1.0916
126	80	1.1633
126	81	1.06161
126	86	1.12555
126	87	1.22959
126	92	1.08859
126	96	1.1305
126	107	1.08638
126	131	0.685643
126	133	1.14512
126	158	1.18969
126	159	0.772806
126	162	0.763992
126	163	0.761047
126	166	0.79022
126	168	0.760544
126	170	0.721201
126	175	0.992068
127	37	0.781623
127	75	0.861842
127	108	0.895786
127	113	0.95587
127	135	0.916647
127	144	1.1093
127	149	1.08325
127	151	1.08494
127	154	0.829869
127	155	1.0159
127	156	1.09112
127	157	1.07193
127	159	1.0372
127	163	1.07444
127	165	1.05751
127	167	1.02894
127	168	1.04893
127	170	1.06467
127	171	1.03266
127	172	0.982807
127	174	1.00625
127	175	0.946606
127	176	1.00825
127	177	0.942326
127	178	0.964887
127	179	0.977734
127	180	0.990577
128	5	1.1694
128	12	1.17127
128	28	1.07136
128	29	1.07246
128	31	1.07342
128	48	1.10772
128	55	0.635825
128	61	1.12382
128	64	1.13166
128	74	1.09134
128	79	1.05139
128	90	1.12505
128	94	1.10177
128	99	1.22257
128	100	1.04576
128	102	1.09342
128	105	1.10473
128	118	0.593717
128	120	1.09127
128	121	1.08304
128	122	1.06482
128	129	1.11348
128	146	0.748534
128	152	0.801593
128	164	1.08821
128	165	0.753674
128	167	0.81721
128	172	0.914805
128	175	1.01831
129	4	1.09157
129	5	1.23257
129	6	0.716476
129	28	1.13453
129	29	1.13563
129	48	1.1709
129	61	1.187
129	64	1.19484
129	74	1.15452
129	79	1.11457
129	90	1.18823
129	94	1.16495
129	99	1.28574
129	100	1.10894
129	102	1.15659
129	107	0.690847
129	120	1.15445
129	121	1.14622
129	122	1.12799
129	128	1.11348
129	132	1.18393
129	136	0.568589
129	141	0.618841
129	164	1.15139
129	168	0.658377
129	171	0.686432
129	176	0.748728
129	177	0.921516
129	180	0.757338
130	11	1.16732
130	13	1.21885
130	32	1.19209
130	40	1.15691
130	42	1.15286
130	43	1.03245
130	45	1.14144
130	47	1.02625
130	51	1.13041
130	75	1.11399
130	76	1.05555
130	77	0.726605
130	82	1.15283
130	101	1.00084
130	108	1.08187
130	115	1.05688
130	116	1.10745
130	118	0.585619
130	119	1.08974
130	125	0.819024
130	138	1.10756
130	154	1.10065
130	155	0.873203
130	162	0.782135
130	164	1.0751
130	167	0.809113
130	169	0.870941
130	170	0.739344
130	173	1.0359
131	24	0.636658
131	50	0.569124
131	96	0.590979
131	110	0.600853
131	112	0.676919
131	115	0.684944
131	116	0.642003
131	126	0.685643
131	149	1.22058
131	150	0.633124
131	153	1.20277
131	155	1.15323
131	156	1.22845
131	159	1.17453
131	161	1.15265
131	163	1.21176
131	165	1.19484
131	166	1.18448
131	167	1.16627
131	168	1.18625
131	170	1.202
131	171	1.16999
131	172	1.12013
131	174	1.14358
131	175	1.08393
131	177	1.07965
131	178	1.10221
131	179	1.11506
131	180	1.1279
132	4	1.09884
132	28	1.1418
132	29	1.1429
132	31	1.14387
132	48	1.17816
132	61	1.19427
132	64	1.20211
132	74	1.16179
132	75	1.19754
132	79	1.12184
132	90	1.1955
132	94	1.17222
132	100	1.11621
132	102	1.16386
132	105	1.17518
132	111	0.777819
132	120	1.16172
132	121	1.15349
132	122	1.13526
132	129	1.18393
132	157	0.677362
132	159	0.688824
132	162	0.68001
132	164	1.15865
132	166	0.706237
132	167	0.706987
132	169	0.768815
132	170	0.637219
132	172	0.804583
133	15	1.18502
133	19	1.18739
133	21	0.663334
133	28	0.70959
133	31	0.69807
133	54	1.19715
133	58	1.21064
133	67	1.1705
133	70	1.17002
133	85	1.19434
133	92	1.16701
133	96	1.20892
133	97	0.634914
133	121	0.638906
133	126	1.14512
133	143	0.588434
133	150	0.631588
133	158	0.495521
133	164	0.619538
133	165	1.1695
133	168	1.16091
133	171	1.14465
133	172	1.09479
133	174	1.11823
133	175	1.05859
133	176	1.12024
133	177	1.05431
133	178	1.07687
133	179	1.08972
133	180	1.10256
134	2	1.04014
134	7	0.754971
134	65	1.12134
134	66	0.675192
134	69	1.11747
134	83	1.06824
134	89	1.13754
134	91	0.672605
134	97	1.14566
134	98	1.07082
134	104	1.11998
134	106	0.726655
134	110	1.12518
134	112	1.10046
134	113	1.10355
134	114	1.07464
134	118	0.615732
134	135	1.11383
134	137	0.776852
134	139	1.12466
134	142	1.10634
134	143	1.1245
134	147	1.1028
134	148	1.09808
134	150	1.12933
134	155	0.903315
134	158	1.20113
134	159	0.821061
134	160	1.19928
134	162	1.1066
134	165	0.775689
134	169	1.06465
135	22	0.558523
135	23	1.16107
135	37	1.24362
135	61	1.16771
135	65	1.14559
135	69	1.14172
135	89	1.16178
135	91	0.592165
135	97	1.1699
135	98	1.09506
135	104	1.14423
135	110	1.14942
135	112	1.1247
135	113	1.12779
135	114	1.09889
135	127	0.916647
135	134	1.11383
135	140	0.67405
135	142	1.13058
135	143	1.14874
135	145	0.735321
135	147	1.12705
135	148	1.12232
135	149	0.716113
135	150	1.15357
135	153	0.695763
135	158	1.22538
135	160	1.22352
135	162	1.13084
135	166	0.758036
135	169	1.0889
135	171	0.756415
135	173	0.756134
136	26	0.684236
136	40	0.538302
136	42	0.539824
136	62	0.746907
136	93	0.653099
136	100	0.709206
136	101	0.729848
136	114	0.743676
136	129	0.568589
136	141	1.2247
136	144	1.22816
136	153	1.1843
136	155	1.13477
136	156	1.20998
136	157	1.19079
136	159	1.15606
136	161	1.13419
136	163	1.1933
136	164	0.606186
136	165	1.17638
136	166	1.16602
136	167	1.1478
136	168	1.16779
136	170	1.18353
136	171	1.15153
136	172	1.10167
136	174	1.12512
136	175	1.06547
136	176	1.12712
136	177	1.06119
136	178	1.08375
136	179	1.0966
136	180	1.10944
137	16	0.668381
137	57	0.663536
137	72	0.676697
137	97	0.679403
137	99	0.576286
137	105	0.671179
137	119	0.64344
137	134	0.776852
137	142	0.619102
137	144	1.20987
137	146	1.17932
137	151	1.18551
137	152	1.17592
137	153	1.16601
137	155	1.11647
137	156	1.19169
137	157	1.1725
137	159	1.13777
137	163	1.17501
137	164	0.664027
137	165	1.15808
137	166	1.14772
137	167	1.12951
137	168	1.1495
137	170	1.16524
137	171	1.13323
137	172	1.08338
137	174	1.10682
137	175	1.04718
137	176	1.10882
137	177	1.0429
137	178	1.06546
137	179	1.0783
137	180	1.09115
138	6	0.700885
138	11	1.2508
138	22	0.472949
138	32	1.27557
138	43	1.11594
138	47	1.10974
138	76	1.13903
138	98	1.12155
138	108	1.16535
138	112	1.15119
138	114	1.12537
138	116	1.19094
138	119	1.17322
138	123	0.612571
138	124	0.635402
138	125	0.683122
138	130	1.10756
138	139	1.17539
138	142	1.15707
138	143	1.17523
138	147	1.15353
138	148	1.14881
138	150	1.18006
138	152	0.657595
138	154	1.18413
138	156	0.613194
138	158	1.25186
138	160	1.25001
138	163	0.643288
138	164	1.15858
138	169	1.11538
138	173	1.11939
138	176	0.733136
138	177	0.905925
138	178	0.82791
139	2	1.0752
139	23	1.1719
139	30	1.1086
139	37	1.25445
139	61	1.17853
139	66	0.549982
139	69	1.15254
139	83	1.10331
139	89	1.17261
139	97	1.18073
139	98	1.10589
139	110	1.16024
139	112	1.13552
139	113	1.13862
139	114	1.10971
139	117	0.78108
139	134	1.12466
139	138	1.17539
139	142	1.14141
139	143	1.15957
139	144	0.647511
139	147	1.13787
139	148	1.13315
139	150	1.1644
139	152	0.698399
139	156	0.653998
139	157	0.68439
139	158	1.2362
139	159	0.695852
139	160	1.23435
139	162	1.14166
139	169	1.09972
139	170	0.644246
139	172	0.811611
139	175	0.915114
139	179	0.844287
140	12	0.652425
140	14	0.733367
140	15	0.643334
