1	129	0.943728
1	131	1.18174
1	149	1.21618
1	156	0.968881
1	157	0.963213
1	161	0.965331
1	171	0.964107
1	173	0.97156
1	174	0.959496
1	178	0.941471
1	179	0.962727
1	180	0.959487
2	111	1.06767
2	125	1.06809
2	145	0.787047
2	146	1.08229
2	159	1.07266
2	164	1.066
2	166	0.796303
2	169	1.06109
2	172	1.06658
2	175	1.05878
2	176	1.05683
2	180	0.819522
3	48	1.05081
3	120	0.950976
3	122	1.34939
3	150	0.961505
3	154	0.952701
3	155	0.958004
3	167	0.982581
3	168	0.957079
3	169	0.959561
3	172	0.965049
3	175	0.957246
3	176	0.955298
4	33	1.11893
4	104	0.908669
4	123	0.982688
4	127	0.955786
4	133	0.945662
4	156	0.973157
4	158	0.962281
4	168	1.27957
4	171	0.968383
4	173	0.975836
4	174	0.963773
4	180	0.963763
5	11	1.12675
5	91	1.06939
5	92	1.01153
5	93	1.07954
5	100	1.06648
5	102	1.05757
5	105	1.03257
5	112	1.05844
5	170	0.836049
5	177	1.09773
5	178	0.850595
5	179	0.727974
6	101	1.12566
6	133	0.947514
6	144	0.971573
6	155	1.27219
6	162	0.906828
6	163	0.974789
6	165	0.968476
6	166	0.969531
6	170	0.959815
6	171	0.970235
6	174	0.965625
6	180	0.965615
7	50	1.18464
7	119	0.944146
7	122	0.94221
7	125	1.21255
7	132	0.948633
7	163	0.972428
7	165	0.966115
7	166	0.96717
7	170	0.957454
7	173	0.975327
7	174	0.963264
7	180	0.963254
8	22	1.01033
8	32	0.906569
8	34	1.36056
8	43	0.986917
8	45	0.993689
8	51	0.969963
8	60	0.94615
8	72	0.935884
8	84	0.94787
8	86	0.952473
8	131	0.950155
8	178	1.05535
9	143	0.938428
9	145	0.962888
9	146	1.13301
9	156	0.967776
9	163	0.967556
9	165	0.961243
9	166	0.962298
9	170	0.952582
9	172	1.26674
9	173	0.970455
9	174	0.958392
9	180	0.958382
10	109	0.979986
10	113	1.20855
10	117	0.955067
10	128	0.951684
10	146	0.9748
10	150	0.955546
10	151	0.972079
10	165	1.19307
10	168	0.951121
10	172	0.95909
10	175	0.951287
10	176	0.94934
11	5	1.12675
11	15	0.517939
11	42	1.08162
11	69	0.973059
11	88	1.05501
11	91	1.08817
11	92	1.03031
11	105	1.05135
11	112	1.07722
11	162	1.12806
11	177	1.11651
11	178	0.769286
12	56	1.05902
12	110	0.813744
12	134	1.04389
12	157	1.07159
12	159	0.771098
12	163	1.07704
12	165	1.07073
12	170	1.06206
12	173	1.07994
12	174	1.06787
12	175	0.813396
12	180	1.06787
13	79	1.1027
13	92	0.931015
13	98	1.0959
13	112	0.977925
13	127	0.969102
13	147	0.979724
13	171	0.9817
13	173	0.989153
13	174	0.97709
13	177	1.01721
13	180	0.97708
14	74	0.981293
14	140	1.13725
14	145	0.959682
14	157	0.958903
14	158	0.953694
14	161	0.961021
14	170	0.949377
14	173	0.96725
14	174	0.955187
14	175	1.26063
14	179	0.958417
14	180	0.955177
15	11	0.517939
15	48	0.861937
15	147	1.01986
15	149	1.0575
15	159	1.07902
15	164	1.07237
15	168	1.06498
15	169	1.06746
15	172	1.07295
15	175	1.06514
15	176	1.0632
15	178	1.05739
16	62	1.12586
16	66	1.02958
16	92	1.0201
16	100	1.07506
16	102	1.06614
16	104	1.18926
16	105	1.04114
16	112	1.06701
16	141	0.518094
16	142	0.705677
16	147	1.06881
16	177	1.1063
17	20	0.862424
17	122	1.02088
17	134	1.01795
17	144	1.04788
17	155	0.991774
17	158	1.04044
17	161	1.04777
17	163	1.0511
17	170	1.03612
17	173	1.054
17	174	1.04193
17	177	0.742436
17	180	1.04192
18	111	0.956689
18	116	1.03491
18	130	0.741721
18	133	1.02465
18	147	1.0454
18	150	0.901001
18	165	1.04562
18	170	1.03696
18	171	1.04738
18	173	1.05483
18	174	1.04276
18	178	1.02474
18	180	1.04276
19	66	1.02008
19	91	0.761078
19	94	0.792297
19	138	1.03915
19	158	1.03873
19	166	1.04413
19	167	1.05528
19	168	1.02978
19	171	1.04483
19	172	1.03774
19	174	1.04022
19	175	1.02994
19	180	1.04021
20	17	0.862424
20	67	1.00914
20	123	0.828144
20	128	1.0368
20	137	1.04447
20	138	1.04561
20	157	0.911309
20	159	1.05028
20	160	1.05504
20	164	1.04362
20	172	1.0442
20	175	1.0364
20	176	1.03445
21	56	0.895536
21	58	1.03055
21	60	1.0298
21	84	1.03152
21	94	1.06833
21	131	1.0338
21	132	0.923237
21	138	1.04598
21	161	0.784433
21	164	1.044
21	168	1.03661
21	172	1.04458
21	176	1.03483
22	8	1.01033
22	32	0.997313
22	55	1.04925
22	58	1.03765
22	60	1.03689
22	81	1.05492
22	84	1.03861
22	86	1.04322
22	94	1.07543
22	106	0.654584
22	114	1.05639
22	162	1.17542
22	174	0.783425
23	65	0.928834
23	66	0.910203
23	88	0.925425
23	91	0.958588
23	93	0.968734
23	100	0.955683
23	102	0.946771
23	105	0.921769
23	112	0.947636
23	147	0.949435
23	159	1.18407
23	177	0.986923
23	179	1.42215
24	47	0.95753
24	49	0.941947
24	129	0.927881
24	153	1.33107
24	160	1.26691
24	161	0.949484
24	165	0.946501
24	166	0.947556
24	170	0.93784
24	171	0.94826
24	173	0.955713
24	174	0.943649
24	180	0.94364
25	78	0.912687
25	124	0.960482
25	138	0.953121
25	144	1.30211
25	149	0.936275
25	155	0.944673
25	156	1.29933
25	159	0.957792
25	164	0.951139
25	169	0.94623
25	172	0.951718
25	175	0.943915
25	176	0.941968
26	32	0.89639
26	45	0.983509
26	51	0.959784
26	55	0.948325
26	58	0.936723
26	76	0.91132
26	81	0.953992
26	84	0.93769
26	86	0.942293
26	94	0.974504
26	114	0.95547
26	154	1.13888
26	178	1.46722
27	65	1.11902
27	108	0.969074
27	117	0.942862
27	125	0.948395
27	135	1.47376
27	153	0.960167
27	155	0.939841
27	164	0.946307
27	168	0.938916
27	172	0.946886
27	175	0.939083
27	176	0.937135
27	178	0.931334
28	64	0.930244
28	116	0.936768
28	123	0.963534
28	130	1.29265
28	146	1.30609
28	157	0.948336
28	165	0.947471
28	166	0.948526
28	170	0.93881
28	171	0.94923
28	174	0.94462
28	179	0.947851
28	180	0.94461
29	107	0.924472
29	123	0.962406
29	132	0.928861
29	135	0.950303
29	140	1.36334
29	145	0.947987
29	161	0.949326
29	166	0.947398
29	173	0.955554
29	174	0.943491
29	177	1.23439
29	179	0.946722
29	180	0.943482
30	90	1.05493
30	114	0.827917
30	116	1.03176
30	121	1.04774
30	132	1.02498
30	133	1.0215
30	158	1.03812
30	161	1.04545
30	169	0.836749
30	171	1.04422
30	173	1.05168
30	176	0.933471
30	180	1.0396
31	121	0.881171
31	135	0.785695
31	137	1.03903
31	142	1.04824
31	155	1.03171
31	158	0.934776
31	169	1.03327
31	172	1.03876
31	175	1.03096
31	176	1.02901
31	177	1.08136
31	178	1.02321
31	179	1.04446
32	8	0.906569
32	22	0.997313
32	26	0.89639
32	45	0.980671
32	58	0.933884
32	60	0.933131
32	81	0.951154
32	86	0.939454
32	94	0.971665
32	114	0.952632
32	131	0.937137
32	162	1.54727
32	179	1.06588
33	4	1.11893
33	68	0.758526
33	146	1.03216
33	151	1.02944
33	153	1.02974
33	155	1.00941
33	164	1.01588
33	166	0.924209
33	167	1.03399
33	169	1.01097
33	175	1.00865
33	176	1.0067
33	178	1.0009
33	179	1.02216
34	8	1.36056
34	88	1.43257
34	118	0.920112
34	154	0.926881
34	161	0.947537
34	162	0.882906
34	168	0.931259
34	170	0.935893
34	171	0.946313
34	172	0.939228
34	173	0.953766
34	176	0.929478
34	179	0.944934
34	180	0.941693
35	108	0.881779
35	123	1.03595
35	132	1.00241
35	135	1.02385
35	155	0.960362
35	161	1.02287
35	165	1.01989
35	169	0.954679
35	170	1.01123
35	171	1.02165
35	173	1.0291
35	174	1.01704
35	178	0.99901
35	180	1.01703
36	85	1.06862
36	101	0.851654
36	133	1.00013
36	134	0.994249
36	137	0.968769
36	148	1.02206
36	156	1.02762
36	158	1.01675
36	170	1.01243
36	172	0.977617
36	174	1.01824
36	178	1.00021
36	179	1.02147
36	180	1.01823
37	100	1.02262
37	102	1.0137
37	105	0.988703
37	112	1.01457
37	149	0.909144
37	156	1.02312
37	164	0.912929
37	166	1.01764
37	168	0.975529
37	170	1.00792
37	171	1.01834
37	173	1.0258
37	177	1.05386
37	180	1.01372
38	81	0.966479
38	86	0.934171
38	93	0.880241
38	139	1.00554
38	151	1.02948
38	154	1.00415
38	159	1.02257
38	163	1.02813
38	165	1.02182
38	166	1.02288
38	173	1.03103
38	175	1.00869
38	176	1.00674
38	180	1.01896
39	136	1.01817
39	139	1.01806
39	146	1.03394
39	147	0.863524
39	148	1.02453
39	149	1.00279
39	151	1.03122
39	159	1.0243
39	164	1.01765
39	168	1.01026
39	171	0.920047
39	172	1.01823
39	175	1.01043
39	176	1.00848
40	95	0.956819
40	130	0.960085
40	146	0.949493
40	155	0.926738
40	160	0.94462
40	161	1.436
40	162	0.877461
40	163	1.36549
40	164	0.933204
40	169	0.928295
40	172	0.933783
40	175	0.92598
40	176	0.924033
40	179	0.939488
41	65	1.00575
41	66	0.987116
41	88	1.00234
41	91	1.0355
41	92	0.977639
41	93	1.04565
41	100	1.0326
41	105	0.998682
41	110	0.840039
41	112	1.02455
41	128	0.807457
41	147	1.02635
41	177	1.06384
41	178	1.1581
42	11	1.08162
42	88	0.991094
42	91	1.02426
42	92	0.966395
42	93	1.0344
42	100	1.02135
42	102	1.01244
42	105	0.987438
42	112	1.0133
42	147	1.0151
42	148	0.950114
42	151	0.747984
42	177	1.05259
42	178	1.1148
43	8	0.986917
43	50	1.02623
43	55	1.02583
43	72	1.00321
43	76	0.988829
43	81	1.0315
43	84	1.0152
43	86	1.0198
43	94	1.05201
43	114	1.03298
43	131	1.01748
43	153	0.769215
43	176	0.964583
43	179	1.07232
44	73	1.08331
44	113	1.01437
44	135	1.02354
44	136	0.91127
44	139	1.00329
44	148	1.02055
44	153	0.802792
44	156	1.02611
44	158	1.01523
44	161	1.02256
44	165	1.01958
44	171	1.02133
44	174	1.01672
44	180	1.01672
45	8	0.993689
45	26	0.983509
45	32	0.980671
45	51	1.04406
45	55	1.03261
45	76	0.995601
45	81	1.03827
45	84	1.02197
45	86	1.02657
45	94	1.05878
45	106	0.81693
45	131	1.02426
45	162	1.33776
45	167	0.657604
46	86	0.889563
46	119	1.00084
46	139	1.00652
46	141	0.950516
46	145	1.02445
46	148	1.02378
46	165	1.02281
46	171	1.02457
46	172	0.952497
46	173	1.03202
46	174	1.01996
46	178	1.00193
46	179	1.02319
46	180	1.01995
47	24	0.95753
47	102	1.02108
47	105	0.996081
47	112	1.02195
47	145	1.02561
47	147	1.02375
47	152	0.903669
47	157	1.02483
47	171	1.02572
47	172	0.892039
47	174	1.02111
47	176	1.00365
47	177	1.06124
47	180	1.0211
48	3	1.05081
48	15	0.861937
48	98	1.08684
48	126	0.985939
48	127	0.990224
48	135	1.00502
48	144	1.00416
48	145	1.00271
48	161	1.00405
48	163	1.00737
48	170	0.992401
48	173	1.01027
48	174	0.998211
48	179	1.00144
48	180	0.998201
49	24	0.941947
49	124	0.998771
49	139	0.992096
49	144	1.01148
49	154	1.12048
49	157	1.00925
49	158	1.00404
49	163	1.01469
49	165	1.00838
49	166	1.00944
49	171	1.01014
49	174	1.00553
49	177	0.878084
49	178	0.987503
49	180	1.00552
50	7	1.18464
50	43	1.02623
50	51	1.00928
50	58	0.986215
50	76	0.960812
50	86	0.991786
50	94	1.024
50	126	0.917736
50	167	1.01778
50	169	0.99476
50	170	0.899792
50	172	1.00025
50	175	0.992445
50	176	0.990498
50	179	1.00595
51	8	0.969963
51	26	0.959784
51	45	1.04406
51	50	1.00928
51	58	0.997278
51	60	0.996526
51	76	0.971875
51	81	1.01455
51	84	0.998246
51	86	1.00285
51	94	1.03506
51	131	1.00053
51	142	0.998434
51	148	0.990108
51	179	1.03218
52	94	0.788868
52	115	1.00778
52	125	1.01136
52	128	1.00245
52	137	1.01012
52	143	1.11954
52	150	1.00631
52	152	0.997075
52	154	0.997504
52	162	0.953529
52	168	1.00188
52	170	1.08579
52	172	1.00985
52	175	1.00205
52	176	1.0001
53	62	1.05674
53	65	0.979083
53	88	0.975674
53	91	1.00884
53	92	0.950975
53	93	1.01898
53	100	1.00593
53	102	0.99702
53	105	0.972018
53	112	0.997885
53	147	0.999684
53	148	0.952374
53	177	1.03717
53	179	0.994444
53	180	1.06803
54	61	0.998552
54	72	1.17742
54	96	0.975913
54	116	1.00346
54	129	0.99554
54	157	1.01502
54	159	1.01513
54	161	1.01714
54	162	0.952512
54	163	1.02047
54	170	1.0055
54	174	1.01131
54	177	0.805096
54	178	0.993282
54	180	1.0113
55	22	1.04925
55	26	0.948325
55	43	1.02583
55	45	1.03261
55	60	0.985067
55	76	0.960416
55	81	1.00309
55	84	0.986787
55	86	0.99139
55	94	1.0236
55	114	1.00457
55	131	0.989072
55	142	0.94349
55	178	1.09985
55	179	0.977234
56	12	1.05902
56	21	0.895536
56	80	0.9454
56	143	0.978409
56	149	1.13134
56	156	1.00776
56	158	0.996881
56	160	0.970877
56	163	1.00754
56	166	1.00228
56	170	0.992563
56	171	1.00298
56	173	1.01044
56	174	0.998373
56	180	0.998364
57	62	0.798499
57	115	0.983726
57	125	0.987308
57	140	0.979202
57	141	0.996167
57	151	0.998788
57	154	0.973451
57	159	0.991872
57	168	0.977829
57	169	0.980311
57	171	1.22332
57	172	0.985798
57	173	1.17267
57	175	0.977996
57	176	0.976048
57	179	0.991504
58	21	1.03055
58	22	1.03765
58	26	0.936723
58	32	0.933884
58	50	0.986215
58	51	0.997278
58	76	0.948814
58	81	0.991487
58	84	0.975184
58	86	0.979787
58	94	1.012
58	114	0.992965
58	131	0.97747
58	146	0.675113
58	162	1.50958
58	179	1.02819
59	71	1.0299
59	97	0.946764
59	103	1.09629
59	116	1.0792
59	117	0.980465
59	146	1.0002
59	149	0.969045
59	159	0.990562
59	163	1.02694
59	164	0.98391
59	167	1.00202
59	168	0.976519
59	169	0.979001
59	175	0.976685
59	176	0.974738
59	179	0.990194
60	8	0.94615
60	21	1.0298
60	22	1.03689
60	32	0.933131
60	51	0.996526
60	55	0.985067
60	76	0.948062
60	81	0.990734
60	84	0.974432
60	86	0.979035
60	94	1.01125
60	106	1.08046
60	114	0.992212
60	131	0.976717
60	176	1.01216
60	179	1.1199
61	54	0.998552
61	69	0.891152
61	90	1.00979
61	101	0.994988
61	115	1.10139
61	127	0.986489
61	132	0.979845
61	139	0.981043
61	143	0.974511
61	159	1.10221
61	161	1.00031
61	166	0.998382
61	170	0.988666
61	171	0.999086
61	179	0.997707
61	180	0.994466
62	16	1.12586
62	53	1.05674
62	57	0.798499
62	66	1.03032
62	88	1.04554
62	91	1.07871
62	92	1.02084
62	93	1.08885
62	102	1.06689
62	105	1.04189
62	112	1.06775
62	147	1.06955
62	148	0.738214
62	177	1.10704
62	178	0.902905
62	179	0.780284
63	75	0.947908
63	129	0.977937
63	133	0.975594
63	139	0.980273
63	142	1.00071
63	143	0.973741
63	149	1.15877
63	151	1.12138
63	166	0.997612
63	170	0.987895
63	171	0.998316
63	174	0.993705
63	177	0.917459
63	178	0.975679
63	179	0.996936
63	180	0.993696
64	28	0.930244
64	71	0.884773
64	114	1.15016
64	120	1.16136
64	121	1.00098
64	135	0.999667
64	139	0.979424
64	143	0.972892
64	145	0.997352
64	158	0.991364
64	162	0.93406
64	163	1.00202
64	166	0.996762
64	171	0.997466
64	173	1.00492
64	180	0.992846
65	23	0.928834
65	27	1.11902
65	41	1.00575
65	53	0.979083
65	88	0.96789
65	91	1.00105
65	92	0.94319
65	93	1.0112
65	100	0.998147
65	102	0.989236
65	105	0.964234
65	112	0.9901
65	147	0.991899
65	162	1.22638
65	177	1.02939
65	178	0.867606
66	16	1.02958
66	19	1.02008
66	23	0.910203
66	41	0.987116
66	62	1.03032
66	69	0.86731
66	88	0.949259
66	91	0.982422
66	93	0.992568
66	100	0.979517
66	102	0.970605
66	105	0.945603
66	112	0.97147
66	142	1.18011
66	147	0.973269
66	177	1.01076
66	179	1.21385
67	20	1.00914
67	72	0.942172
67	109	0.988118
67	114	0.971938
67	133	1.15277
67	141	0.977592
67	148	0.973518
67	153	0.980504
67	155	0.960178
67	160	0.97806
67	163	1.10025
67	169	0.961735
67	171	1.14883
67	172	0.967223
67	175	0.95942
67	176	0.957472
67	179	0.972928
68	33	0.758526
68	70	1.01422
68	77	1.01054
68	82	1.04657
68	127	1.04979
68	129	1.04201
68	134	1.03379
68	136	0.864964
68	161	1.06361
68	168	0.91917
68	169	0.855132
68	170	1.05197
68	171	1.06239
68	173	1.06984
68	174	1.05778
68	178	1.03975
68	180	1.05777
69	11	0.973059
69	61	0.891152
69	66	0.86731
69	92	0.857833
69	93	0.925841
69	100	0.91279
69	112	0.904743
69	158	0.902415
69	163	0.913072
69	169	1.70697
69	170	0.898098
69	172	1.69208
69	173	0.915971
69	174	0.903908
69	177	0.94403
69	178	0.885882
69	180	0.903898
70	68	1.01422
70	98	1.37149
70	103	0.962964
70	117	1.10689
70	123	0.982592
70	125	0.920045
70	156	0.973061
70	157	0.967393
70	161	0.969511
70	165	0.966528
70	166	0.967583
70	170	0.957867
70	171	0.968287
70	173	0.97574
70	174	0.963677
70	179	0.966908
70	180	0.963667
71	59	1.0299
71	64	0.884773
71	77	1.0181
71	108	1.06988
71	139	0.824443
71	141	1.05806
71	150	1.04415
71	151	1.06068
71	152	1.03492
71	153	1.06098
71	162	0.991372
71	168	1.03972
71	169	1.04221
71	173	0.67578
71	175	1.03989
71	176	1.03794
71	177	1.09029
72	8	0.935884
72	43	1.00321
72	54	1.17742
72	67	0.942172
72	76	0.937796
72	81	0.980469
72	84	0.964167
72	94	1.00098
72	131	0.966452
72	159	0.983306
72	164	0.976653
72	165	1.07439
72	166	1.14949
72	167	0.994764
72	172	0.977232
72	175	0.969429
72	176	0.967482
73	44	1.08331
73	115	0.965218
73	133	1.18646
73	138	0.968694
73	151	0.98028
73	153	0.980572
73	155	0.960246
73	160	0.978127
73	164	0.966712
73	167	0.984823
73	168	0.959321
73	169	0.961803
73	172	0.96729
73	173	1.13187
73	175	0.959487
73	176	0.95754
73	177	1.00989
74	14	0.981293
74	118	0.893451
74	129	1.01757
74	133	1.01523
74	143	1.01337
74	144	1.03929
74	156	1.04272
74	161	1.03917
74	166	1.03724
74	169	0.874355
74	170	1.02753
74	171	1.03795
74	172	0.85947
74	173	1.0454
74	174	1.03334
74	176	0.971077
74	179	1.03657
74	180	1.03333
75	63	0.947908
75	83	0.950443
75	89	0.934522
75	109	1.14143
75	116	0.953582
75	144	0.967382
75	145	0.96593
75	156	0.970818
75	160	1.14185
75	163	0.970598
75	165	0.964285
75	166	0.96534
75	170	0.955624
75	171	0.966044
75	174	0.961434
75	175	1.31334
75	179	0.964665
75	180	0.961424
76	26	0.91132
76	43	0.988829
76	45	0.995601
76	50	0.960812
76	51	0.971875
76	55	0.960416
76	58	0.948814
76	60	0.948062
76	72	0.937796
76	81	0.966084
76	84	0.949782
76	86	0.954385
76	94	0.986595
76	114	0.967562
76	115	1.01833
76	131	0.952067
76	148	1.21516
76	178	1.37985
77	68	1.01054
77	71	1.0181
77	80	0.907024
77	103	0.959284
77	118	1.31142
77	132	0.945367
77	134	0.936008
77	137	1.26859
77	156	0.969381
77	157	0.963714
77	161	0.965832
77	163	0.969161
77	165	0.962848
77	170	0.954187
77	171	0.964607
77	173	0.97206
77	174	0.959997
77	180	0.959988
78	25	0.912687
78	103	1.21873
78	128	0.955846
78	130	0.989553
78	140	0.956655
78	142	0.972729
78	149	0.947809
78	152	0.950475
78	155	0.956207
78	159	0.969326
78	164	0.962673
78	165	1.14302
78	167	0.980784
78	168	0.955282
78	169	0.957764
78	172	0.963252
78	179	0.968957
78	180	1.24133
79	13	1.1027
79	110	0.982441
79	136	0.961549
79	138	0.963012
79	146	0.977319
79	153	0.97489
79	154	0.949261
79	156	1.24153
79	159	0.967683
79	160	0.972446
79	162	0.905287
79	167	0.979141
79	168	0.953639
79	172	0.961609
79	173	1.25743
79	175	0.953806
79	176	0.951858
79	178	0.946058
80	56	0.9454
80	77	0.907024
80	83	0.943268
80	95	1.16448
80	122	0.933205
80	125	1.24224
80	135	0.96107
80	144	0.960207
80	145	0.958754
80	152	1.3898
80	156	0.963643
80	161	0.960093
80	165	0.95711
80	166	0.958165
80	170	0.948449
80	171	0.958869
80	174	0.954259
80	178	0.936233
80	180	0.954249
81	22	1.05492
81	26	0.953992
81	32	0.951154
81	38	0.966479
81	43	1.0315
81	45	1.03827
81	51	1.01455
81	55	1.00309
81	58	0.991487
81	60	0.990734
81	72	0.980469
81	76	0.966084
81	84	0.992454
81	86	0.997057
81	94	1.02927
81	104	1.37477
81	106	0.885496
81	114	1.01023
81	131	0.99474
81	168	0.784515
82	68	1.04657
82	121	1.00415
82	123	1.01494
82	126	0.983751
82	129	0.980254
82	130	0.895877
82	133	0.977912
82	139	0.98259
82	141	1.04107
82	151	1.01819
82	156	1.00541
82	158	0.99453
82	161	1.00186
82	163	1.00519
82	165	0.998874
82	171	1.00063
82	172	1.04305
82	173	1.00809
82	179	0.999253
82	180	0.996013
83	75	0.950443
83	80	0.943268
83	103	0.995528
83	104	0.941137
83	109	0.991215
83	119	0.977123
83	120	1.15682
83	123	1.01516
83	135	1.00305
83	139	0.982809
83	153	1.0558
83	156	1.00563
83	157	0.999958
83	158	0.994749
83	160	0.991638
83	165	0.999092
83	170	0.990431
83	171	1.00085
83	173	1.0083
83	174	0.996241
83	180	0.996231
84	8	0.94787
84	21	1.03152
84	22	1.03861
84	26	0.93769
84	43	1.0152
84	45	1.02197
84	51	0.998246
84	55	0.986787
84	58	0.975184
84	60	0.974432
84	72	0.964167
84	76	0.949782
84	81	0.992454
84	86	0.980755
84	94	1.01297
84	114	0.993932
84	117	0.973182
84	131	0.978437
84	142	1.10787
84	148	1.09954
84	176	1.03388
85	36	1.06862
85	110	0.827306
85	116	1.04977
85	118	0.837378
85	129	1.04185
85	132	1.04299
85	134	1.03363
85	137	0.794549
85	139	1.04419
85	143	1.03765
85	157	1.06133
85	158	1.05613
85	162	0.998822
85	163	1.06678
85	166	1.06152
85	167	0.823975
85	170	1.05181
85	173	1.06968
85	174	1.05762
85	176	0.915004
85	180	1.05761
86	8	0.952473
86	22	1.04322
86	26	0.942293
86	32	0.939454
86	38	0.934171
86	43	1.0198
86	45	1.02657
86	46	0.889563
86	50	0.991786
86	51	1.00285
86	55	0.99139
86	58	0.979787
86	60	0.979035
86	76	0.954385
86	81	0.997057
86	84	0.980755
86	94	1.01757
86	114	0.998535
86	131	0.98304
86	162	1.37402
86	178	1.01525
87	99	0.899492
87	108	0.957084
87	110	0.955728
87	117	0.930872
87	137	0.935163
87	140	0.928298
87	150	0.931352
87	151	0.947885
87	155	0.927851
87	162	0.878573
87	164	0.934317
87	167	0.952428
87	168	0.926926
87	169	0.929408
87	172	0.934895
87	173	1.33331
87	174	1.44316
87	175	0.927092
87	176	0.925145
87	177	0.977492
87	180	1.42735
88	11	1.05501
88	23	0.925425
88	34	1.43257
88	41	1.00234
88	42	0.991094
88	53	0.975674
88	62	1.04554
88	65	0.96789
88	66	0.949259
88	91	0.997644
88	92	0.939782
88	93	1.00779
88	100	0.994739
88	102	0.985827
88	105	0.960825
88	112	0.986692
88	142	0.971002
88	147	0.988491
88	167	0.80598
88	177	1.02598
88	179	1.00475
89	75	0.934522
89	103	0.979607
89	107	0.9613
89	113	0.97797
89	118	1.15842
89	123	0.999234
89	131	1.10253
89	134	0.956331
89	146	0.990704
89	155	1.145
89	156	0.989704
89	161	0.986154
89	163	0.989484
89	165	0.983171
89	166	0.984226
89	170	0.97451
89	171	0.98493
89	173	0.992383
89	174	0.98032
89	178	0.962294
89	179	0.983551
89	180	0.98031
90	30	1.05493
90	61	1.00979
90	111	0.967758
90	113	1.0202
90	116	1.01469
90	126	1.01027
90	127	1.01456
90	134	0.998557
90	135	1.02936
90	144	1.02849
90	147	1.02518
90	151	0.875106
90	152	0.911591
90	157	1.02626
90	158	1.02105
90	161	1.02838
90	165	1.0254
90	166	1.02645
90	167	0.920539
90	170	1.01674
90	171	1.02716
90	175	0.923522
90	180	1.02254
91	5	1.06939
91	11	1.08817
91	19	0.761078
91	23	0.958588
91	41	1.0355
91	42	1.02426
91	53	1.00884
91	62	1.07871
91	65	1.00105
91	66	0.982422
91	88	0.997644
91	92	0.972945
91	93	1.04095
91	100	1.0279
91	102	1.01899
91	105	0.993988
91	112	1.01985
91	142	0.9211
91	147	1.02165
91	148	0.912774
91	177	1.05914
91	178	1.07747
91	179	0.954844
92	5	1.01153
92	11	1.03031
92	13	0.931015
92	16	1.0201
92	41	0.977639
92	42	0.966395
92	53	0.950975
92	62	1.02084
92	65	0.94319
92	69	0.857833
92	88	0.939782
92	91	0.972945
92	93	0.98309
92	100	0.970039
92	102	0.961127
92	104	1.34986
92	105	0.936126
92	112	0.961992
92	147	0.963791
92	162	1.38142
92	174	0.989425
92	177	1.00128
92	179	0.900025
93	5	1.07954
93	23	0.968734
93	38	0.880241
93	41	1.04565
93	42	1.0344
93	53	1.01898
93	62	1.08885
93	65	1.0112
93	66	0.992568
93	69	0.925841
93	88	1.00779
93	91	1.04095
93	92	0.98309
93	100	1.03805
93	102	1.02914
93	105	1.00413
93	112	1.03
93	147	1.0318
93	162	1.32009
93	172	0.619353
93	177	1.06929
93	178	0.961319
93	179	0.838698
94	19	0.792297
94	21	1.06833
94	22	1.07543
94	26	0.974504
94	32	0.971665
94	43	1.05201
94	45	1.05878
94	50	1.024
94	51	1.03506
94	52	0.788868
94	55	1.0236
94	58	1.012
94	60	1.01125
94	72	1.00098
94	76	0.986595
94	81	1.02927
94	84	1.01297
94	86	1.01757
94	114	1.03075
94	131	1.01525
94	148	0.943993
94	178	1.10868
94	179	0.986063
95	40	0.956819
95	80	1.16448
95	127	0.924314
95	128	1.01791
95	136	1.02526
95	137	1.02559
95	138	1.02672
95	143	0.883702
95	149	1.00988
95	152	1.01254
95	154	1.01297
95	158	0.815772
95	159	1.03139
95	160	1.03616
95	164	1.02474
95	167	1.04285
95	169	1.01983
95	172	1.02532
95	175	1.01752
95	176	1.01557
95	177	1.06792
95	179	1.03102
95	180	0.815459
96	54	0.975913
96	122	0.950784
96	123	0.990752
96	124	1.16429
96	128	1.2637
96	132	0.957207
96	133	0.953726
96	134	0.947848
96	135	0.978648
96	139	0.958404
96	143	0.951873
96	145	0.976333
96	160	1.12445
96	163	0.981001
96	165	0.974688
96	166	0.975743
96	170	0.966027
96	171	0.976447
96	173	0.9839
96	177	1.04361
96	178	0.953811
96	179	0.975068
96	180	0.971827
97	59	0.946764
97	98	0.925574
97	113	1.14311
97	120	0.950486
97	121	1.17265
97	129	1.27178
97	130	0.99086
97	138	0.965961
97	141	0.974927
97	148	0.970853
97	151	0.977547
97	152	0.951781
97	154	0.952211
97	155	0.957513
97	157	1.21689
97	159	0.970632
97	160	0.975395
97	162	0.908236
97	164	0.963979
97	167	0.982091
97	169	0.95907
97	172	0.964558
97	175	0.956755
97	176	0.954808
98	13	1.0959
98	48	1.08684
98	70	1.37149
98	97	0.925574
98	101	0.973763
98	109	0.984194
98	110	0.98413
98	117	0.959275
98	120	0.949226
98	130	0.9896
98	149	0.947855
98	151	0.976288
98	152	0.950522
98	153	0.97658
98	155	0.956254
98	162	0.906976
98	165	1.24635
98	167	0.980831
98	168	0.955329
98	169	0.957811
98	175	0.955495
98	176	0.953548
98	178	0.947747
98	179	0.969004
99	87	0.899492
99	104	0.91425
99	124	0.975643
99	130	0.993181
99	137	0.967147
99	143	1.27408
99	147	1.10594
99	148	0.973175
99	149	0.951437
99	152	0.954103
99	153	0.980161
99	154	0.954532
99	160	0.977716
99	162	0.910558
99	166	1.18262
99	167	0.984412
99	168	0.95891
99	169	0.961392
99	170	1.24033
99	172	0.966879
99	175	0.959077
99	176	0.957129
99	177	1.00948
99	178	0.951328
100	5	1.06648
100	16	1.07506
100	23	0.955683
100	37	1.02262
100	41	1.0326
100	42	1.02135
100	53	1.00593
100	65	0.998147
100	66	0.979517
100	69	0.91279
100	88	0.994739
100	91	1.0279
100	92	0.970039
100	93	1.03805
100	102	1.01608
100	104	1.28611
100	105	0.991082
100	112	1.01695
100	142	0.802532
100	147	1.01875
100	170	0.944351
100	177	1.05624
100	178	0.958897
100	179	0.836276
101	6	1.12566
101	36	0.851654
101	61	0.994988
101	98	0.973763
101	106	1.03627
101	115	1.01067
101	132	1.02054
101	136	1.01269
101	140	1.00615
101	151	1.02574
101	152	0.999971
101	153	1.02603
101	154	1.0004
101	155	1.0057
101	159	1.01882
101	160	1.02358
101	167	1.03028
101	168	1.00478
101	169	1.00726
101	172	1.01275
101	173	0.80915
101	175	1.00494
101	176	1.003
101	178	0.997196
102	5	1.05757
102	16	1.06614
102	23	0.946771
102	37	1.0137
102	42	1.01244
102	47	1.02108
102	53	0.99702
102	62	1.06689
102	65	0.989236
102	66	0.970605
102	88	0.985827
102	91	1.01899
102	92	0.961127
102	93	1.02914
102	100	1.01608
102	105	0.982171
102	106	0.923646
102	111	0.811539
102	112	1.00804
102	147	1.00984
102	177	1.04732
102	178	1.08571
102	179	0.963087
102	180	1.03667
103	59	1.09629
103	70	0.962964
103	77	0.959284
103	78	1.21873
103	83	0.995528
103	89	0.979607
103	106	1.02757
103	123	1.02543
103	124	0.898459
103	126	0.994247
103	129	0.990751
103	133	0.988408
103	135	1.01333
103	139	0.993086
103	147	1.00915
103	156	1.0159
103	157	1.01024
103	158	1.00503
103	165	1.00937
103	172	1.00654
103	173	1.01858
103	174	1.00652
103	177	0.777772
103	178	0.988493
103	180	1.00651
104	4	0.908669
104	16	1.18926
104	81	1.37477
104	83	0.941137
104	92	1.34986
104	99	0.91425
104	100	1.28611
104	131	0.938874
104	149	0.93421
104	153	0.962935
104	156	0.961512
104	158	0.950636
104	160	0.96049
104	164	0.949075
104	168	0.941684
104	169	0.944166
104	170	0.946318
104	171	0.956738
104	172	0.949653
104	173	0.964191
104	174	0.952128
104	175	0.94185
104	176	0.939903
104	178	0.934102
104	179	0.955359
104	180	0.952118
105	5	1.03257
105	11	1.05135
105	16	1.04114
105	23	0.921769
105	37	0.988703
105	41	0.998682
105	42	0.987438
105	47	0.996081
105	53	0.972018
105	62	1.04189
105	65	0.964234
105	66	0.945603
105	88	0.960825
105	91	0.993988
105	92	0.936126
105	93	1.00413
105	100	0.991082
105	102	0.982171
105	106	1.03888
105	112	0.983035
105	147	0.984834
105	148	1.03626
105	150	0.871089
105	177	1.02232
105	178	1.20095
105	179	1.07833
106	22	0.654584
106	45	0.81693
106	60	1.08046
106	81	0.885496
106	101	1.03627
106	102	0.923646
106	103	1.02757
106	105	1.03888
106	116	1.02043
106	121	1.03641
106	139	1.01485
106	150	1.02227
106	155	1.01876
106	163	1.03745
106	167	1.04334
106	169	1.02032
106	170	1.02247
106	171	1.03289
106	172	1.02581
106	173	1.04035
106	174	1.02828
106	175	1.01801
106	176	1.01606
106	177	1.06841
106	178	1.01026
106	179	1.03151
106	180	1.02827
107	29	0.924472
107	89	0.9613
107	116	0.98036
107	121	0.996339
107	127	0.980225
107	135	0.995024
107	142	0.995215
107	143	0.968248
107	144	0.994161
107	145	0.992708
107	154	1.10922
107	157	0.991929
107	158	0.98672
107	161	0.994047
107	162	0.929416
107	163	0.997376
107	165	0.991063
107	166	0.992119
107	170	0.982402
107	172	1.09559
107	173	1.00028
107	174	0.988212
107	175	1.11915
107	176	1.2072
107	177	0.866817
107	178	0.970186
107	180	0.988203
108	27	0.969074
108	35	0.881779
108	71	1.06988
108	87	0.957084
108	111	1.02556
108	117	1.02045
108	118	1.00535
108	125	1.02598
108	136	1.02441
108	140	1.01787
108	149	1.00903
108	150	1.02093
108	151	1.03746
108	152	1.01169
108	155	1.01743
108	157	0.962076
108	159	1.03055
108	163	0.879174
108	164	1.02389
108	166	0.947915
108	167	1.042
108	168	1.0165
108	169	1.01898
108	170	1.00562
108	171	0.927748
108	172	1.02447
108	175	1.01667
108	176	1.01472
109	10	0.979986
109	67	0.988118
109	75	1.14143
109	83	0.991215
109	98	0.984194
109	111	1.02427
109	118	1.00406
109	120	1.00911
109	124	1.03194
109	129	0.92664
109	140	1.01658
109	141	1.03355
109	149	1.00774
109	150	1.01963
109	151	1.03617
109	152	1.0104
109	153	1.03646
109	160	1.03401
109	161	0.859352
109	163	0.788843
109	167	1.04071
109	169	1.01769
109	172	1.02318
109	174	0.896617
109	175	1.01537
109	176	1.01343
109	177	1.06578
109	178	1.00763
110	12	0.813744
110	41	0.840039
110	79	0.982441
110	85	0.827306
110	87	0.955728
110	98	0.98413
110	113	0.97022
110	120	1.00904
110	130	1.04942
110	139	1.10768
110	142	1.03259
110	146	1.03882
110	150	1.01957
110	151	1.0361
110	152	1.01034
110	154	1.01077
110	155	1.01607
110	157	1.044
110	160	1.03395
110	164	1.02254
110	167	1.04065
110	168	1.01515
110	169	1.01763
110	172	1.02311
110	175	1.01531
110	176	1.01336
110	177	1.06571
110	178	1.00756
111	2	1.06767
111	18	0.956689
111	90	0.967758
111	102	0.811539
111	108	1.02556
111	109	1.02427
111	117	0.999352
111	118	0.984259
111	125	1.00489
111	128	0.995969
111	130	1.02968
111	135	0.948177
111	136	1.00332
111	142	1.01285
111	146	1.01909
111	150	0.999832
111	152	0.990599
111	153	1.01666
111	154	0.991028
111	160	1.01421
111	163	1.00499
111	164	1.0028
111	167	1.02091
111	168	0.995406
111	172	1.00338
111	174	1.11276
111	175	0.995573
111	176	0.993625
111	179	1.00908
112	5	1.05844
112	11	1.07722
112	13	0.977925
112	16	1.06701
112	23	0.947636
112	37	1.01457
112	41	1.02455
112	42	1.0133
112	47	1.02195
112	53	0.997885
112	62	1.06775
112	65	0.9901
112	66	0.97147
112	69	0.904743
112	88	0.986692
112	91	1.01985
112	92	0.961992
112	93	1.03
112	100	1.01695
112	102	1.00804
112	105	0.983035
112	142	0.969791
112	147	1.0107
112	148	0.961465
112	172	0.78419
112	173	0.983084
112	177	1.04819
112	178	1.12616
112	179	1.00353
113	10	1.20855
113	44	1.01437
113	89	0.97797
113	90	1.0202
113	97	1.14311
113	110	0.97022
113	119	0.985764
113	125	0.810382
113	126	0.99261
113	132	0.990251
113	133	0.986771
113	134	0.980893
113	137	0.937463
113	142	1.01188
113	143	0.984917
113	144	1.01083
113	148	1.0087
113	156	1.01427
113	157	1.0086
113	158	1.00339
113	159	0.927573
113	161	1.01072
113	162	0.946085
113	165	1.00773
113	166	1.00879
113	170	0.999072
113	171	1.00949
113	173	1.01694
113	174	1.00488
113	180	1.00487
114	22	1.05639
114	26	0.95547
114	30	0.827917
114	32	0.952632
114	43	1.03298
114	55	1.00457
114	58	0.992965
114	60	0.992212
114	64	1.15016
114	67	0.971938
114	76	0.967562
114	81	1.01023
114	84	0.993932
114	86	0.998535
114	94	1.03075
114	118	0.987881
114	123	0.94298
114	150	1.00345
114	152	0.994221
114	158	1.03551
114	159	1.01307
114	166	1.01198
114	167	1.02453
114	168	0.999028
114	169	1.00151
114	172	1.007
114	175	0.999194
114	176	0.997247
114	179	1.0127
114	180	1.0352
115	52	1.00778
115	57	0.983726
115	61	1.10139
115	73	0.965218
115	76	1.01833
115	101	1.01067
115	116	0.9699
115	118	0.981094
115	125	1.00172
115	133	0.970145
115	136	1.00015
115	137	1.00048
115	138	1.00161
115	141	1.01058
115	149	0.984767
115	150	0.996666
115	153	1.01349
115	154	0.987863
115	155	0.993165
115	156	0.899655
115	159	1.00628
115	160	1.01105
115	164	0.999631
115	167	1.01774
115	169	0.994722
115	170	1.04408
115	175	0.992407
115	176	0.99046
115	177	1.04281
115	179	1.00592
116	18	1.03491
116	28	0.936768
116	30	1.03176
116	54	1.00346
116	59	1.0792
116	75	0.953582
116	85	1.04977
116	90	1.01469
116	106	1.02043
116	107	0.98036
116	115	0.9699
116	122	0.978326
116	129	0.983612
116	135	1.00619
116	136	1.01417
116	143	0.979415
116	144	1.00533
116	145	1.00388
116	146	0.855724
116	155	1.01002
116	156	1.00876
116	157	1.0031
116	161	1.00521
116	165	1.00223
116	166	1.00329
116	168	1.06838
116	170	0.99357
116	174	0.99938
116	179	1.00261
116	180	0.99937
117	10	0.955067
117	27	0.942862
117	59	0.980465
117	70	1.10689
117	84	0.973182
117	87	0.930872
117	98	0.959275
117	108	1.02045
117	111	0.999352
117	118	0.979142
117	128	0.990853
117	134	1.11282
117	138	0.999662
117	140	0.991662
117	145	1.04759
117	146	1.01397
117	147	0.980155
117	151	1.01125
117	153	1.01154
117	154	0.985912
117	160	1.0091
117	164	0.99768
117	165	0.981748
117	167	1.01579
117	168	0.990289
117	169	0.992771
117	172	0.998259
117	175	0.990456
117	176	0.988509
117	177	1.04086
117	179	1.00396
118	34	0.920112
118	74	0.893451
118	77	1.31142
118	85	0.837378
118	89	1.15842
118	108	1.00535
118	109	1.00406
118	111	0.984259
118	114	0.987881
118	115	0.981094
118	117	0.979142
118	119	1.13795
118	120	0.969094
118	130	1.00947
118	138	0.98457
118	141	0.993535
118	146	0.998876
118	152	0.970389
118	153	0.996448
118	155	0.976122
118	158	1.06344
118	159	0.98924
118	164	0.982587
118	167	1.0007
118	168	0.975197
118	169	0.977678
118	172	0.983166
118	175	0.975363
118	176	0.973416
118	177	1.02576
118	178	0.967615
118	179	0.988871
119	7	0.944146
119	46	1.00084
119	83	0.977123
119	113	0.985764
119	118	1.13795
119	122	0.967061
119	124	0.995885
119	126	0.975842
119	127	0.980127
119	132	0.973483
119	138	1.07239
119	139	0.974681
119	142	0.995117
119	143	0.968149
119	144	0.994062
119	145	0.992609
119	149	1.11651
119	152	1.1156
119	156	0.997498
119	157	0.99183
119	158	0.986622
119	160	0.956045
119	161	0.993948
119	163	0.997278
119	165	0.990965
119	170	0.982304
119	171	0.992724
119	173	1.00018
119	174	0.988114
119	178	0.970088
119	179	0.991345
119	180	0.988104
120	3	0.950976
120	64	1.16136
120	83	1.15682
120	97	0.950486
120	98	0.949226
120	109	1.00911
120	110	1.00904
120	118	0.969094
120	124	0.996974
120	136	0.988151
120	137	0.988478
120	140	0.981613
120	146	1.00392
120	150	0.984667
120	151	1.0012
120	152	0.975434
120	153	1.00149
120	154	0.975863
120	158	1.04672
120	159	0.994284
120	163	0.954447
120	164	0.987632
120	167	1.00574
120	168	0.980241
120	169	0.982723
120	170	1.0809
120	171	1.00302
120	172	0.98821
120	175	0.980407
120	176	0.97846
120	178	0.972659
120	179	0.993916
121	30	1.04774
121	31	0.881171
121	64	1.00098
121	82	1.00415
121	97	1.17265
121	106	1.03641
121	107	0.996339
121	123	1.03427
121	124	0.867772
121	125	0.839927
121	126	1.00309
121	133	0.997248
121	134	0.99137
121	135	1.02217
121	139	1.00193
121	145	1.01985
121	151	0.951001
121	153	0.892095
121	156	1.02474
121	157	1.01908
121	158	1.01387
121	161	1.02119
121	163	1.02452
121	165	1.01821
121	166	1.01927
121	169	0.990741
121	170	1.00955
121	171	1.01997
121	173	1.02742
121	174	1.01536
121	178	0.997333
121	179	1.01859
121	180	1.01535
122	3	1.34939
122	7	0.94221
122	17	1.02088
122	80	0.933205
122	96	0.950784
122	116	0.978326
122	119	0.967061
122	129	0.97041
122	132	0.971548
122	133	0.968067
122	134	0.962189
122	135	0.99299
122	138	1.03832
122	141	1.06792
122	142	0.993181
122	143	0.966214
122	153	0.986141
122	156	0.995562
122	157	0.989895
122	158	0.984686
122	161	0.992013
122	162	0.927382
122	163	0.995342
122	165	0.989029
122	166	0.990085
122	169	1.08479
122	171	0.990789
122	172	1.0699
122	173	0.998242
122	174	0.986178
122	178	0.968152
122	179	0.989409
122	180	0.986169
123	4	0.982688
123	20	0.828144
123	28	0.963534
123	29	0.962406
123	35	1.03595
123	70	0.982592
123	82	1.01494
123	83	1.01516
123	89	0.999234
123	96	0.990752
123	103	1.02543
123	114	0.94298
123	121	1.03427
123	134	1.00216
123	135	1.03296
123	143	1.00618
123	145	1.03064
123	151	0.912072
123	156	1.03553
123	157	1.02986
123	161	1.03198
123	163	1.03531
123	164	0.95325
123	165	1.029
123	166	1.03005
123	169	0.951812
123	171	1.03076
123	173	1.03821
123	174	1.02615
123	175	0.960487
123	176	1.04853
123	178	1.00812
123	180	1.02614
124	25	0.960482
124	49	0.998771
124	96	1.16429
124	99	0.975643
124	103	0.898459
124	109	1.03194
124	119	0.995885
124	120	0.996974
124	121	0.867772
124	125	1.01256
124	128	1.00364
124	136	1.01099
124	137	1.01131
124	141	1.02142
124	146	1.02676
124	149	0.995603
124	152	0.99827
124	153	1.02433
124	154	0.998699
124	155	1.004
124	158	0.921377
124	159	1.01712
124	160	1.02188
124	162	0.954724
124	164	1.01047
124	167	1.02858
124	168	1.00308
124	169	1.00556
124	170	0.955555
124	172	1.01105
124	175	1.00324
124	176	1.0013
124	177	1.05364
124	179	1.01675
125	2	1.06809
125	7	1.21255
125	27	0.948395
125	52	1.01136
125	57	0.987308
125	70	0.920045
125	80	1.24224
125	108	1.02598
125	111	1.00489
125	113	0.810382
125	115	1.00172
125	121	0.839927
125	124	1.01256
125	130	1.03009
125	140	0.997195
125	141	1.01416
125	146	1.0195
125	148	1.01009
125	149	0.988349
125	150	1.00025
125	153	1.01707
125	154	0.991445
125	157	0.884163
125	159	1.00987
125	160	1.01463
125	164	1.00321
125	168	0.995823
125	169	0.998305
125	172	1.00379
125	175	0.995989
125	176	0.994042
125	177	1.04639
125	179	1.0095
125	180	0.89322
126	48	0.985939
126	50	0.917736
126	82	0.983751
126	90	1.01027
126	103	0.994247
126	113	0.99261
126	119	0.975842
126	121	1.00309
126	127	0.986973
126	128	1.07291
126	129	0.979192
126	131	1.05967
126	132	0.98033
126	134	0.970971
126	142	1.00196
126	143	0.974996
126	144	1.00091
126	145	0.999456
126	148	0.998781
126	150	1.09369
126	156	1.00434
126	157	0.998677
126	158	0.993468
126	161	1.00079
126	163	1.00412
126	164	1.09791
126	165	0.997811
126	166	0.998867
126	167	1.10216
126	170	0.98915
126	171	0.999571
126	173	1.00702
126	174	0.99496
126	177	0.852812
126	178	0.976934
126	180	0.994951
127	4	0.955786
127	13	0.969102
127	48	0.990224
127	61	0.986489
127	68	1.04979
127	90	1.01456
127	95	0.924314
127	107	0.980225
127	119	0.980127
127	126	0.986973
127	128	1.12933
127	129	0.983476
127	132	0.984614
127	133	0.981134
127	134	0.975256
127	140	1.03819
127	141	1.13602
127	143	0.97928
127	144	1.00519
127	146	1.00427
127	147	1.00188
127	148	1.00307
127	153	1.05424
127	156	1.00863
127	157	1.00296
127	158	0.997752
127	161	1.00508
127	162	0.940448
127	163	1.00841
127	170	0.993435
127	171	1.00385
127	173	1.01131
127	174	0.999245
127	177	0.909233
127	179	1.00248
127	180	0.999235
128	10	0.951684
128	20	1.0368
128	41	0.807457
128	52	1.00245
128	78	0.955846
128	95	1.01791
128	96	1.2637
128	111	0.995969
128	117	0.990853
128	124	1.00364
128	126	1.07291
128	127	1.12933
128	131	0.984097
128	140	0.988279
128	145	0.988
128	146	1.01059
128	147	0.920567
128	148	1.00117
128	149	0.979434
128	150	0.991333
128	151	1.00787
128	154	0.982529
128	155	0.987832
128	160	1.00571
128	162	0.938555
128	164	0.994298
128	167	1.01241
128	168	0.986907
128	169	0.989389
128	172	0.994876
128	175	0.987073
128	176	0.985126
128	177	1.03747
128	178	0.979325
128	179	1.00058
128	180	1.02047
129	1	0.943728
129	24	0.927881
129	54	0.99554
129	63	0.977937
129	68	1.04201
129	74	1.01757
129	82	0.980254
129	85	1.04185
129	97	1.27178
129	103	0.990751
129	109	0.92664
129	116	0.983612
129	122	0.97041
129	126	0.979192
129	127	0.983476
129	133	0.973353
129	134	0.967475
129	138	1.04341
129	139	0.978031
129	140	0.975169
129	143	0.971499
129	144	0.997412
129	147	0.994098
129	148	0.995285
129	153	0.991226
129	154	1.08862
129	157	0.99518
129	161	0.997298
129	162	0.932667
129	163	1.00063
129	170	0.985654
129	171	0.996074
129	173	1.00353
129	174	0.991464
129	175	1.09855
129	179	0.994694
129	180	0.991454
130	18	0.741721
130	28	1.29265
130	40	0.960085
130	78	0.989553
130	82	0.895877
130	97	0.99086
130	98	0.9896
130	99	0.993181
130	110	1.04942
130	111	1.02968
130	118	1.00947
130	125	1.03009
130	132	0.999332
130	134	0.914739
130	136	1.02852
130	138	1.02999
130	140	1.02199
130	141	1.03895
130	142	1.03806
130	150	1.02504
130	151	1.04157
130	152	1.01581
130	153	1.04187
130	154	1.01624
130	155	1.02154
130	157	0.872921
130	160	1.03942
130	163	0.790019
130	164	1.02801
130	167	1.04612
130	168	1.02061
130	169	1.0231
130	172	1.02858
130	174	0.897793
130	175	1.02078
130	176	1.01883
130	178	1.01303
131	1	1.18174
131	8	0.950155
131	21	1.0338
131	32	0.937137
131	43	1.01748
131	45	1.02426
131	51	1.00053
131	55	0.989072
131	58	0.97747
131	60	0.976717
131	72	0.966452
131	76	0.952067
131	81	0.99474
131	84	0.978437
131	86	0.98304
131	89	1.10253
131	94	1.01525
131	104	0.938874
131	126	1.05967
131	128	0.984097
131	132	1.12459
131	134	1.04
131	141	1.00187
131	149	0.97606
131	152	0.978726
131	153	1.00478
131	154	0.979155
131	155	0.984458
131	160	1.00234
131	161	0.98579
131	165	0.908926
131	169	0.986015
131	172	0.991503
131	175	0.9837
131	176	0.981752
131	177	1.0341
131	178	0.975951
132	7	0.948633
132	21	0.923237
132	29	0.928861
132	30	1.02498
132	35	1.00241
132	61	0.979845
132	77	0.945367
132	85	1.04299
132	96	0.957207
132	101	1.02054
132	113	0.990251
132	119	0.973483
132	122	0.971548
132	126	0.98033
132	127	0.984614
132	130	0.999332
132	131	1.12459
132	134	0.968612
132	135	0.999413
132	136	1.17122
132	139	0.979169
132	144	0.99855
132	145	0.997097
132	154	1.16013
132	157	0.996318
132	158	0.991109
132	160	0.998579
132	161	0.998436
132	163	1.00177
132	165	0.995452
