1	33	0.730842
1	38	1.05527
1	106	1.06775
1	112	0.821794
1	117	1.08394
1	123	1.03805
1	132	1.06898
1	146	1.07179
1	149	0.851181
1	164	1.06898
1	178	1.06463
1	180	1.0806
2	4	1.08323
2	30	1.02952
2	40	1.00476
2	48	1.09555
2	64	1.01693
2	119	0.750368
2	123	1.00245
2	139	1.06729
2	154	0.839113
2	171	1.14986
2	173	1.15041
2	176	0.820028
3	89	1.20493
3	93	0.600498
3	104	1.20452
3	105	1.1763
3	107	1.17721
3	111	1.20688
3	116	1.18396
3	127	1.22802
3	154	1.21818
3	157	0.592815
3	158	0.604492
3	162	0.608081
4	2	1.08323
4	30	1.17273
4	35	0.642839
4	40	1.14797
4	48	1.23876
4	64	1.16014
4	139	1.21049
4	158	0.612354
4	163	0.585518
4	171	1.29307
4	173	1.29361
4	178	0.57084
5	23	0.62592
5	80	1.22393
5	88	0.624626
5	89	1.20411
5	104	1.2037
5	105	1.17548
5	107	1.17639
5	111	1.20606
5	116	1.18314
5	127	1.2272
5	142	0.556909
5	148	0.606279
6	27	0.589695
6	44	1.19677
6	74	1.17115
6	103	1.21445
6	110	1.22811
6	129	1.18566
6	152	0.622532
6	165	1.20252
6	170	0.606872
6	174	1.20118
6	178	1.20015
6	179	0.584338
7	127	0.568772
7	146	0.664643
7	147	1.19415
7	156	0.64507
7	159	1.19626
7	163	1.2148
7	168	1.18794
7	169	1.20405
7	171	0.515588
7	175	1.19452
7	176	1.20999
7	179	1.19829
8	89	0.612669
8	91	0.552192
8	150	1.23321
8	156	0.611397
8	168	1.18444
8	169	1.20055
8	170	1.19694
8	172	1.19256
8	175	1.19102
8	176	1.20648
8	179	1.19479
8	180	0.616012
9	57	0.587178
9	71	0.542958
9	143	1.2033
9	147	1.19186
9	163	1.21252
9	164	0.644177
9	166	1.20257
9	172	1.19378
9	174	0.620351
9	175	1.19224
9	176	1.20771
9	179	1.19601
10	22	0.514561
10	28	0.596738
10	42	1.41833
10	72	0.639912
10	89	0.629968
10	121	1.17466
10	155	1.16163
10	166	1.17181
10	172	1.16302
10	177	1.17016
10	179	1.16525
10	180	1.17513
11	14	1.13922
11	16	1.23355
11	23	0.639098
11	49	1.1527
11	54	1.23765
11	61	1.20195
11	79	1.21516
11	87	1.20606
11	93	0.649296
11	121	1.21373
11	157	0.641614
11	173	0.475653
12	75	0.678457
12	77	1.16456
12	128	1.22091
12	136	1.18515
12	142	1.22876
12	156	1.1992
12	159	0.596137
12	165	1.19805
12	174	1.1967
12	175	0.580392
12	176	0.550363
12	177	1.20667
13	66	0.623807
13	109	0.593684
13	120	1.22008
13	125	0.575807
13	143	1.20192
13	151	1.1829
13	161	1.21087
13	172	1.19241
13	175	1.19086
13	176	1.20633
13	177	0.605143
13	179	1.19463
14	11	1.13922
14	49	1.01348
14	61	1.06273
14	79	1.07595
14	86	1.05462
14	87	1.06684
14	119	0.764912
14	121	1.07451
14	142	0.808851
14	144	0.835911
14	152	1.04763
14	158	1.06503
15	27	1.0333
15	28	1.03655
15	32	1.02986
15	47	1.08327
15	58	1.04465
15	82	0.860222
15	91	0.755832
15	139	1.06408
15	142	0.784643
15	152	1.01444
15	171	1.14666
15	173	1.1472
16	11	1.23355
16	42	1.41251
16	63	1.16296
16	76	0.64718
16	79	1.17028
16	102	1.15054
16	104	0.591593
16	121	1.16884
16	142	0.630296
16	152	1.14196
16	158	1.15936
16	173	0.535862
17	61	1.06682
17	63	1.07272
17	74	1.0341
17	80	0.797679
17	97	1.05801
17	104	0.801567
17	110	1.09106
17	121	1.0786
17	127	0.794365
17	129	1.04862
17	176	1.08088
17	179	1.06919
18	80	1.22216
18	88	0.624312
18	104	1.20194
18	105	1.17371
18	107	1.17463
18	111	1.2043
18	116	1.18138
18	127	1.22544
18	142	0.556596
18	158	0.639799
18	163	1.21646
18	174	0.589894
19	148	1.08812
19	156	0.794333
19	161	1.07779
19	168	1.05119
19	169	1.06731
19	170	1.0637
19	172	1.05932
19	174	0.797238
19	175	1.05778
19	176	1.07324
19	178	0.805629
19	179	1.06155
20	29	1.09862
20	67	1.05262
20	73	0.669651
20	78	0.836512
20	101	0.893651
20	155	1.06365
20	160	1.07374
20	162	1.04395
20	164	1.06553
20	165	1.06356
20	178	1.06118
20	180	1.07715
21	27	1.16631
21	28	1.16956
21	32	1.16287
21	47	1.21628
21	58	1.17766
21	119	0.524301
21	129	0.651985
21	132	0.609181
21	152	1.14745
21	160	0.615845
21	171	1.27967
21	173	1.28021
22	10	0.514561
22	45	1.36174
22	55	1.19476
22	72	1.21097
22	78	1.21097
22	85	1.27764
22	142	1.28533
22	154	0.569408
22	157	1.25859
22	163	0.580969
22	177	0.54386
23	5	0.62592
23	11	0.639098
23	54	0.616631
23	65	1.1444
23	125	1.19334
23	126	1.19016
23	153	1.15669
23	155	1.13946
23	169	0.714405
23	174	1.13802
23	177	1.14799
23	178	1.13699
23	180	1.15296
24	52	0.768423
24	103	1.16749
24	130	1.12298
24	136	1.14266
24	146	1.16035
24	160	1.16575
24	166	0.605189
24	170	0.614761
24	174	1.15422
24	175	0.617851
24	177	1.16419
24	178	1.15319
24	180	1.16916
25	81	0.728669
25	82	1.11047
25	91	1.17307
25	98	0.563
25	113	0.700781
25	117	1.17119
25	155	1.15435
25	156	1.15541
25	167	0.612027
25	174	1.15291
25	177	1.16288
25	178	1.15188
25	180	1.16784
26	113	1.11511
26	134	1.16048
26	140	1.15805
26	141	0.688751
26	147	1.15223
26	161	1.17261
26	166	1.16294
26	172	1.15415
26	173	0.547598
26	176	1.16807
26	178	0.683722
26	179	1.15637
26	180	0.677041
27	6	0.589695
27	15	1.0333
27	21	1.16631
27	28	1.13623
27	32	1.12954
27	47	1.18295
27	58	1.14433
27	110	0.637134
27	122	0.646441
27	152	1.11412
27	158	0.727029
27	171	1.24634
27	173	1.24688
28	10	0.596738
28	15	1.03655
28	21	1.16956
28	27	1.13623
28	58	1.14758
28	102	1.12595
28	139	1.16702
28	146	0.656746
28	152	1.11737
28	158	0.689982
28	163	0.663146
28	171	1.24959
28	173	1.25013
29	20	1.09862
29	109	1.17628
29	118	1.16299
29	128	1.1807
29	137	0.619179
29	159	0.673818
29	162	1.13823
29	164	1.15981
29	172	0.654497
29	174	1.15649
29	175	0.658074
29	178	1.15546
29	180	1.17142
30	2	1.02952
30	4	1.17273
30	40	1.09426
30	48	1.18505
30	64	1.10643
30	96	1.17597
30	115	0.602055
30	139	1.15678
30	154	0.659209
30	158	0.697606
30	171	1.23936
30	173	1.2399
30	174	0.647701
31	140	1.154
31	159	1.15029
31	160	0.690574
31	167	1.17626
31	168	1.14197
31	169	1.15809
31	170	1.15448
31	171	0.54388
31	175	1.14856
31	176	1.16402
31	178	0.684658
31	179	1.15233
31	180	0.677977
32	15	1.02986
32	21	1.16287
32	27	1.12954
32	35	0.711721
32	47	1.17951
32	58	1.14089
32	139	1.16032
32	142	0.598032
32	152	1.11068
32	163	0.6544
32	171	1.2429
32	172	0.650207
32	173	1.24344
33	1	0.730842
33	83	0.682697
33	145	1.15326
33	148	1.17988
33	149	1.13107
33	161	1.16954
33	164	0.600018
33	168	1.14295
33	170	1.15546
33	175	1.14954
33	176	1.165
33	178	0.584584
33	179	1.1533
34	48	0.577957
34	49	0.737717
34	60	0.608919
34	61	0.655305
34	94	1.14864
34	107	1.12971
34	116	1.13646
34	127	1.18052
34	131	1.16484
34	153	1.16864
34	175	1.15126
34	179	1.15503
34	180	1.16491
35	4	0.642839
35	32	0.711721
35	72	1.07967
35	78	1.07967
35	85	1.14633
35	104	0.683328
35	116	0.758053
35	122	1.15856
35	136	1.11041
35	159	1.12499
35	170	1.12918
35	175	1.12325
35	178	1.12094
35	179	1.12702
36	80	1.14037
36	88	0.726049
36	89	1.12055
36	104	1.12014
36	105	1.09192
36	107	1.09283
36	111	1.1225
36	116	1.09958
36	119	0.614394
36	127	1.14364
36	138	0.72857
36	154	1.13381
36	158	0.741536
36	163	1.13466
37	41	0.698102
37	98	0.652299
37	99	1.1454
37	126	1.16018
37	146	1.11417
37	152	0.734597
37	156	1.11053
37	160	1.11956
37	162	1.08978
37	164	1.11136
37	168	0.71952
37	174	1.10804
37	177	1.118
37	180	1.12297
38	1	1.05527
38	69	1.18769
38	90	1.13613
38	106	1.11178
38	127	0.634376
38	131	0.716308
38	153	1.12836
38	156	1.11219
38	158	1.11468
38	160	1.12122
38	164	1.11302
38	167	0.71533
38	175	0.736032
38	177	1.11966
39	59	1.14618
39	65	1.11464
39	125	1.16358
39	136	1.0967
39	153	1.12693
39	156	1.11075
39	160	1.11978
39	162	1.09
39	168	0.713316
39	174	1.10826
39	175	0.715824
39	176	0.685795
39	179	0.6902
39	180	1.12319
40	2	1.00476
40	4	1.14797
40	30	1.09426
40	48	1.16029
40	64	1.08167
40	93	1.08211
40	123	1.06718
40	138	0.723594
40	139	1.13202
40	142	0.653356
40	157	0.724883
40	163	0.709724
40	171	1.2146
40	173	1.21514
41	37	0.698102
41	114	1.07964
41	129	0.723913
41	135	1.11396
41	137	1.15771
41	138	0.710404
41	155	0.665085
41	166	1.12723
41	168	1.11031
41	170	1.12282
41	172	1.11844
41	175	1.11689
41	176	1.13236
41	179	1.12066
42	10	1.41833
42	16	1.41251
42	52	0.594924
42	54	1.41661
42	76	0.405484
42	79	1.39413
42	84	0.423577
42	86	1.37281
42	108	1.4097
42	121	1.3927
42	123	0.523385
42	148	0.437971
42	154	0.433407
42	158	1.38321
43	76	1.17939
43	97	0.691305
43	118	1.11173
43	148	0.701327
43	149	0.706849
43	153	1.12389
43	154	1.12593
43	156	1.10772
43	165	1.10657
43	168	0.7052
43	174	1.10522
43	177	1.11519
43	178	1.1042
43	180	1.12016
44	6	1.19677
44	51	1.08114
44	85	0.618915
44	100	1.07978
44	133	0.729692
44	134	0.748819
44	155	1.11712
44	158	1.12066
44	160	1.1272
44	164	1.11899
44	165	1.11702
44	174	1.11567
44	176	0.704479
44	177	1.12564
45	22	1.36174
45	55	1.17004
45	72	1.18625
45	78	1.18625
45	85	1.25292
45	100	0.605749
45	119	1.30349
45	124	1.24483
45	142	1.26061
45	157	1.23387
45	158	0.582939
45	169	0.536788
45	178	0.541425
45	180	0.534744
46	49	1.19598
46	60	1.27247
46	61	1.24523
46	74	0.612222
46	86	1.23712
46	87	1.24934
46	102	1.23871
46	108	1.27402
46	119	0.485862
46	121	1.25701
46	142	0.5298
46	152	1.23013
46	157	0.601327
46	163	0.586168
47	15	1.08327
47	21	1.21628
47	27	1.18295
47	32	1.17951
47	58	1.19431
47	92	0.657859
47	102	1.17268
47	125	0.535566
47	139	1.21374
47	152	1.1641
47	158	0.628846
47	163	0.60201
47	171	1.29631
47	173	1.29686
47	178	0.587332
48	2	1.09555
48	4	1.23876
48	30	1.18505
48	34	0.577957
48	40	1.16029
48	64	1.17245
48	91	1.20574
48	93	1.17289
48	99	0.553315
48	123	1.15797
48	158	0.650153
48	163	0.623317
48	171	1.30538
48	173	1.30593
48	180	0.601958
49	11	1.1527
49	14	1.01348
49	34	0.737717
49	46	1.19598
49	60	1.10345
49	61	1.07621
49	63	1.08212
49	86	1.06811
49	87	1.08033
49	121	1.088
49	125	0.716633
49	152	1.06112
49	154	0.771516
49	158	1.07851
49	163	0.783078
50	66	1.18198
50	115	1.20503
50	117	1.20826
50	122	1.22658
50	138	1.16703
50	142	1.22204
50	144	0.573958
50	150	0.565769
50	151	0.633943
50	152	0.615218
50	153	1.20865
50	159	0.618393
50	160	1.20151
50	174	1.18998
50	178	1.18895
51	44	1.08114
51	55	0.791609
51	110	1.11248
51	122	1.12215
51	130	1.05432
51	147	0.736861
51	156	1.08805
51	164	1.08887
51	165	1.0869
51	169	0.728784
51	174	1.08555
51	175	0.747483
51	177	1.09552
51	178	1.08452
51	180	1.10049
52	24	0.768423
52	42	0.594924
52	90	0.789119
52	134	1.09171
52	148	1.11417
52	149	1.06536
52	156	0.845059
52	166	1.09416
52	167	1.11153
52	168	1.07724
52	170	1.08975
52	172	1.08537
52	175	1.08383
52	176	1.09929
52	179	1.0876
53	100	1.18661
53	105	1.20132
53	116	1.20899
53	127	1.25305
53	136	1.21094
53	137	0.533383
53	151	0.603572
53	161	0.548112
53	167	0.551575
53	170	0.569187
53	171	1.34231
53	173	1.34285
53	177	1.23247
53	178	1.22147
54	11	1.23765
54	23	0.616631
54	42	1.41661
54	60	1.1884
54	61	1.16116
54	63	1.16707
54	68	0.619237
54	76	0.564504
54	79	1.17438
54	86	1.15306
54	87	1.16527
54	121	1.17295
54	154	0.592426
54	157	0.619147
54	158	1.16346
55	22	1.19476
55	45	1.17004
55	51	0.791609
55	59	0.695041
55	72	1.01927
55	78	1.01927
55	85	1.08594
55	88	1.08693
55	93	1.04889
55	100	0.814232
55	115	0.695871
55	119	1.13651
55	124	1.07786
55	142	1.09364
55	157	1.06689
56	77	0.660541
56	106	0.636365
56	130	0.654782
56	133	1.16278
56	146	0.624725
56	147	1.16104
56	151	1.15346
56	159	1.16315
56	165	0.615044
56	168	1.15483
56	169	1.17095
56	170	1.16734
56	172	1.16296
56	175	1.16142
56	176	1.17688
56	179	1.16519
57	9	0.587178
57	122	1.18822
57	124	0.659135
57	130	1.12038
57	138	1.12867
57	155	1.15306
57	162	1.13336
57	163	1.17319
57	165	1.15296
57	171	1.27143
57	172	0.660641
57	175	0.664218
57	176	0.634188
57	177	1.16159
57	178	1.15059
57	180	1.16655
58	15	1.04465
58	21	1.17766
58	27	1.14433
58	28	1.14758
58	32	1.14089
58	47	1.19431
58	92	0.684981
58	102	1.13405
58	134	0.642826
58	139	1.17512
58	152	1.12547
58	154	0.617571
58	157	0.644291
58	163	0.629132
58	171	1.25769
58	173	1.25823
59	39	1.14618
59	55	0.695041
59	106	1.16009
59	119	1.23294
59	120	0.596378
59	123	1.1304
59	135	0.652358
59	138	1.13506
59	147	0.640293
59	153	1.17667
59	155	1.15945
59	164	1.16133
59	176	0.620886
59	177	1.16797
59	178	1.15698
59	180	1.17294
60	34	0.608919
60	46	1.27247
60	49	1.10345
60	54	1.1884
60	61	1.1527
60	63	1.1586
60	79	1.16591
60	86	1.14459
60	87	1.15681
60	121	1.16448
60	144	0.624973
60	152	1.1376
60	157	0.669439
60	158	1.15499
60	163	0.654279
60	175	0.653663
61	11	1.20195
61	14	1.06273
61	17	1.06682
61	34	0.655305
61	46	1.24523
61	49	1.07621
61	54	1.16116
61	60	1.1527
61	79	1.13868
61	86	1.11735
61	87	1.12957
61	109	0.652097
61	121	1.13724
61	152	1.11036
61	154	0.689104
61	157	0.715825
61	163	0.700666
62	112	1.15405
62	130	0.705306
62	146	0.675249
62	148	1.15406
62	149	1.10525
62	159	1.12545
62	160	0.672887
62	161	1.14373
62	164	0.682406
62	167	1.15142
62	168	1.11714
62	169	1.13325
62	172	1.12526
62	174	0.65858
62	175	1.12372
62	176	1.13918
62	179	1.12749
63	16	1.16296
63	17	1.07272
63	49	1.08212
63	54	1.16707
63	60	1.1586
63	79	1.14458
63	86	1.12326
63	87	1.13547
63	108	1.16015
63	118	0.6529
63	121	1.14315
63	123	0.757671
63	142	0.622887
63	152	1.11626
63	154	0.667693
63	158	1.13366
63	162	0.70968
64	2	1.01693
64	4	1.16014
64	30	1.10643
64	40	1.08167
64	48	1.17245
64	76	0.67835
64	91	1.12712
64	93	1.09427
64	96	1.16338
64	109	0.669266
64	119	0.617528
64	123	1.07935
64	139	1.14419
64	154	0.706273
64	158	0.74467
64	171	1.22677
64	173	1.22731
65	23	1.1444
65	39	1.11464
65	78	0.686638
65	82	1.08402
65	99	1.16383
65	106	1.12855
65	108	1.15794
65	131	0.66956
65	142	1.15852
65	143	0.698619
65	146	1.13259
65	158	1.13145
65	164	1.12978
65	165	1.12781
65	166	0.676622
65	169	0.670586
65	174	1.12646
66	13	0.623807
66	50	1.18198
66	94	1.11074
66	108	1.14356
66	124	0.696933
66	125	1.1674
66	126	1.16422
66	128	1.13629
66	132	1.1154
66	135	0.703459
66	147	0.691394
66	153	1.13075
66	162	1.09382
66	164	1.1154
66	165	1.11343
66	166	0.689354
66	180	1.12701
67	20	1.05262
67	110	1.13743
67	117	1.12877
67	118	1.117
67	121	0.683798
67	130	1.07926
67	138	1.08755
67	140	0.73373
67	141	1.10657
67	153	1.12917
67	156	1.11299
67	161	0.719957
67	162	1.09224
67	167	0.72342
67	172	0.740545
67	174	1.1105
67	177	1.12047
67	180	1.12543
68	54	0.619237
68	113	0.803762
68	117	1.11765
68	119	1.17431
68	126	1.15151
68	129	1.08386
68	132	1.10269
68	133	0.730893
68	136	1.08782
68	138	1.07643
68	156	1.10187
68	162	1.08112
68	165	1.10072
68	169	0.717011
68	170	0.73262
68	177	1.10934
68	178	1.09835
68	180	1.11431
69	38	1.18769
69	70	1.17954
69	112	0.590788
69	115	1.21313
69	126	1.25022
69	130	1.16684
69	132	1.2014
69	137	0.58214
69	140	0.610642
69	153	1.21675
69	159	0.636779
69	161	0.59687
69	162	1.17982
69	164	1.2014
69	174	1.19808
69	176	0.591005
69	177	1.20805
69	178	1.19705
70	69	1.17954
70	81	0.814888
70	106	1.10364
70	115	1.1166
70	129	1.08603
70	131	0.699223
70	136	1.08999
70	138	1.0786
70	146	1.10768
70	150	0.682068
70	155	1.10299
70	161	0.694783
70	164	1.10487
70	172	0.71537
70	174	1.10155
70	177	1.11151
70	178	1.10052
70	180	1.11648
71	9	0.542958
71	72	1.15823
71	78	1.15823
71	85	1.2249
71	104	1.20758
71	111	1.20994
71	116	1.18702
71	127	1.23108
71	135	0.621441
71	146	1.20666
71	157	1.20585
71	159	0.635743
71	167	0.599296
71	170	0.616908
71	174	1.20053
71	176	0.589968
71	177	1.2105
71	178	1.1995
72	10	0.639912
72	22	1.21097
72	35	1.07967
72	45	1.18625
72	55	1.01927
72	71	1.15823
72	78	1.03548
72	85	1.10215
72	88	1.10314
72	92	0.762169
72	93	1.0651
72	119	1.15272
72	123	0.784737
72	124	1.09407
72	132	0.690894
72	142	1.10985
72	157	1.0831
72	158	0.733156
73	20	0.669651
73	101	1.27049
73	128	0.492773
73	129	0.578333
73	135	1.30434
73	145	1.311
73	149	1.28881
73	161	1.32729
73	167	1.33498
73	170	1.3132
73	171	0.395499
73	172	1.30882
73	173	0.400153
73	174	0.527885
73	175	1.30728
73	176	1.32274
73	179	1.31105
73	180	0.529595
74	6	1.17115
74	17	1.0341
74	46	0.612222
74	84	0.72574
74	97	0.73011
74	109	1.10984
74	114	0.807915
74	146	1.09618
74	153	1.10872
74	156	1.09255
74	160	1.10158
74	165	1.0914
74	169	0.727816
74	173	1.2104
74	174	1.09005
74	177	1.10002
74	178	1.08902
74	180	1.10499
75	12	0.678457
75	96	0.665486
75	135	1.10064
75	140	1.10902
75	143	1.11463
75	147	1.1032
75	151	1.09562
75	159	1.10531
75	166	1.11391
75	169	1.11311
75	170	1.1095
75	172	1.10512
75	173	0.667724
75	175	1.10358
75	176	1.11904
75	177	0.781416
75	178	0.803847
75	179	1.10734
76	16	0.64718
76	42	0.405484
76	43	1.17939
76	54	0.564504
76	64	0.67835
76	78	0.678331
76	80	1.22152
76	107	1.17398
76	111	1.20365
76	121	0.620652
76	127	1.22479
76	162	1.17599
76	170	1.20146
76	175	1.19553
76	176	1.211
76	177	1.20421
76	179	1.1993
76	180	1.20918
77	12	1.16456
77	56	0.660541
77	90	1.11438
77	112	0.71963
77	122	1.12454
77	132	1.09126
77	136	1.07639
77	141	1.08401
77	144	0.721186
77	148	0.743495
77	152	0.762446
77	162	1.06968
77	164	1.09126
77	173	1.20829
77	174	1.08794
77	177	1.09791
77	178	1.08691
77	180	1.10288
78	20	0.836512
78	22	1.21097
78	35	1.07967
78	45	1.18625
78	55	1.01927
78	65	0.686638
78	71	1.15823
78	72	1.03548
78	76	0.678331
78	85	1.10215
78	88	1.10314
78	93	1.0651
78	119	1.15272
78	124	1.09407
78	142	1.10984
78	154	0.706253
78	157	1.0831
78	180	0.696456
79	11	1.21516
79	14	1.07595
79	16	1.17028
79	42	1.39413
79	54	1.17438
79	60	1.16591
79	61	1.13868
79	63	1.14458
79	86	1.13057
79	87	1.14279
79	91	1.15615
79	121	1.15046
79	132	0.629456
79	143	0.6536
79	158	1.14097
79	163	0.644882
79	164	0.645638
79	174	0.621812
79	177	0.607773
80	5	1.22393
80	17	0.797679
80	18	1.22216
80	36	1.14037
80	76	1.22152
80	104	1.15441
80	105	1.12618
80	107	1.12709
80	108	1.17884
80	111	1.15676
80	116	1.13384
80	117	0.598944
80	119	0.521812
80	127	1.1779
80	154	1.16807
80	158	0.648954
80	162	0.652544
80	163	1.16892
80	177	0.585009
81	25	0.728669
81	70	0.814888
81	98	1.12378
81	115	0.747685
81	130	0.840057
81	133	1.07449
81	134	1.08101
81	135	1.07019
81	137	1.11394
81	147	1.07275
81	161	1.09314
81	166	1.08346
81	167	1.10083
81	169	1.08266
81	170	1.07905
81	172	1.07467
81	173	0.665599
81	175	1.07313
81	179	1.0769
82	15	0.860222
82	25	1.11047
82	65	1.08402
82	90	1.10408
82	94	1.0763
82	117	1.09592
82	144	0.710981
82	146	1.08377
82	151	0.770967
82	156	1.08014
82	160	1.08917
82	162	1.05938
82	164	1.08096
82	165	1.07899
82	166	0.72701
82	170	0.736582
82	177	1.08761
82	178	1.07661
82	180	1.09258
83	33	0.682697
83	100	1.04931
83	107	0.775252
83	109	1.10499
83	117	1.10348
83	118	1.09171
83	129	1.06969
83	130	1.05396
83	132	1.08852
83	141	1.08127
83	153	1.10387
83	161	0.779731
83	164	1.08852
83	169	0.785197
83	174	1.0852
83	177	1.09517
83	178	1.08417
83	179	0.778271
83	180	1.10014
84	42	0.423577
84	74	0.72574
84	106	0.704926
84	108	0.604569
84	118	0.673332
84	144	1.17235
84	145	1.16776
84	149	1.14558
84	150	1.20624
84	151	1.15608
84	158	1.16774
84	159	1.16578
84	161	1.18405
84	168	1.15746
84	172	1.16559
84	175	1.16404
84	176	1.17951
84	177	0.662577
84	179	1.16781
85	22	1.27764
85	35	1.14633
85	44	0.618915
85	45	1.25292
85	55	1.08594
85	71	1.2249
85	72	1.10215
85	78	1.10215
85	88	1.1698
85	92	0.660716
85	93	1.13176
85	119	1.21939
85	123	0.683284
85	124	1.16073
85	142	1.17651
85	143	0.613586
85	157	1.14977
85	160	0.596105
85	162	0.635292
86	14	1.05462
86	42	1.37281
86	46	1.23712
86	49	1.06811
86	54	1.15306
86	60	1.14459
86	61	1.11735
86	63	1.12326
86	79	1.13057
86	87	1.12146
86	91	1.13483
86	92	0.707205
86	102	1.11084
86	121	1.12914
86	123	0.729772
86	152	1.10226
86	154	0.639794
86	159	0.666484
86	163	0.651355
86	179	0.625115
87	11	1.20606
87	14	1.06684
87	46	1.24934
87	49	1.08033
87	54	1.16527
87	60	1.15681
87	61	1.12957
87	63	1.13547
87	79	1.14279
87	86	1.12146
87	88	0.682569
87	92	0.72707
87	108	1.15836
87	121	1.14135
87	136	0.666099
87	142	0.614853
87	152	1.11447
87	154	0.659659
87	158	1.13187
87	163	0.67122
88	5	0.624626
88	18	0.624312
88	36	0.726049
88	55	1.08693
88	72	1.10314
88	78	1.10314
88	85	1.1698
88	87	0.682569
88	105	0.709058
88	127	0.630153
88	144	1.15504
88	150	1.18892
88	155	1.14688
88	156	1.14793
88	160	1.15696
88	170	1.15265
88	172	1.14827
88	174	1.14544
88	178	1.14441
88	179	1.15049
89	3	1.20493
89	5	1.20411
89	8	0.612669
89	10	0.629968
89	36	1.12055
89	92	1.11291
89	104	1.13459
89	105	1.10636
89	107	1.10728
89	108	1.15902
89	111	1.13695
89	116	1.11403
89	123	0.774792
89	124	1.14382
89	127	1.15809
89	131	0.676035
89	142	0.640008
89	154	1.14825
89	163	1.14911
89	180	0.675017
90	38	1.13613
90	52	0.789119
90	77	1.11438
90	82	1.10408
90	92	1.13189
90	113	0.706599
90	115	1.16157
90	116	0.618817
90	132	1.14984
90	143	0.647882
90	155	1.14796
90	161	0.614382
90	162	1.12826
90	163	1.16809
90	165	1.14786
90	166	0.625885
90	174	1.14652
90	177	1.15649
90	178	1.14549
90	180	1.16145
91	8	0.552192
91	15	0.755832
91	25	1.17307
91	48	1.20574
91	64	1.12712
91	79	1.15615
91	86	1.13483
91	115	1.1553
91	121	1.15472
91	134	0.649593
91	148	0.628901
91	152	1.12783
91	167	0.61458
91	171	1.26005
91	173	1.26059
91	176	0.605253
91	177	1.15021
91	178	1.13922
91	180	1.15518
92	47	0.657859
92	58	0.684981
92	72	0.762169
92	85	0.660716
92	86	0.707205
92	87	0.72707
92	89	1.11291
92	90	1.13189
92	104	1.1125
92	111	1.11486
92	116	1.09194
92	127	1.136
92	147	1.10636
92	162	1.0872
92	169	1.11627
92	173	1.2258
92	175	1.10674
92	176	1.1222
92	178	1.10443
92	179	1.11051
92	180	1.12039
93	3	0.600498
93	11	0.649296
93	40	1.08211
93	48	1.17289
93	55	1.04889
93	64	1.09427
93	72	1.0651
93	78	1.0651
93	85	1.13176
93	103	1.12067
93	110	1.13433
93	141	1.10346
93	157	1.11271
93	159	0.759047
93	166	0.730641
93	169	0.724604
93	170	0.740212
93	171	1.2272
93	173	1.22775
93	174	1.1074
93	178	1.10637
94	34	1.14864
94	66	1.11074
94	82	1.0763
94	110	1.14567
94	118	1.12525
94	125	1.17406
94	129	1.10323
94	130	1.08751
94	134	0.710946
94	136	1.10719
94	141	1.11481
94	147	0.686013
94	151	0.72793
94	155	1.12019
94	156	1.12124
94	168	0.694127
94	172	0.693058
94	174	1.11874
94	175	0.696635
94	177	1.12871
94	178	1.11772
95	96	0.630352
95	97	1.10363
95	102	0.717629
95	108	0.688275
95	112	1.14137
95	120	1.14025
95	135	1.1081
95	143	1.12209
95	150	1.15323
95	151	1.10308
95	165	0.76731
95	166	1.12137
95	168	1.10445
95	169	1.12057
95	170	1.11696
95	171	0.627936
95	172	1.11258
95	174	0.760322
95	175	1.11104
95	176	1.1265
95	179	1.1148
96	30	1.17597
96	64	1.16338
96	75	0.665486
96	95	0.630352
96	101	0.621914
96	105	1.15532
96	107	1.15624
96	116	1.16299
96	125	1.23182
96	127	1.20705
96	133	0.562604
96	139	1.21373
96	143	0.576756
96	146	1.18263
96	151	0.598716
96	164	1.17982
96	169	0.548722
96	171	1.29631
96	173	1.29685
96	177	1.18647
96	180	1.19143
97	17	1.05801
97	43	0.691305
97	74	0.73011
97	95	1.10363
97	109	0.655488
97	140	1.1207
97	144	1.12356
97	148	1.14559
97	159	1.11698
97	161	1.13526
97	162	0.734482
97	164	0.704813
97	166	1.12558
97	167	1.14295
97	169	1.12478
97	170	1.12117
97	172	1.11679
97	175	1.11525
97	176	1.13072
97	179	1.11902
97	180	0.682698
98	25	0.563
98	37	0.652299
98	81	1.12378
98	114	1.13605
98	125	0.584287
98	131	1.18688
98	136	0.64561
98	140	1.17875
98	144	1.18162
98	145	1.17703
98	148	1.20365
98	149	1.15484
98	151	1.16535
98	160	0.641969
98	162	0.681157
98	166	1.18364
98	167	1.20101
98	168	1.16672
98	172	1.17485
98	176	1.18877
98	179	1.17707
98	180	0.629373
99	37	1.1454
99	48	0.553315
99	65	1.16383
99	128	1.18166
99	130	1.12621
99	152	0.663029
99	155	1.15889
99	156	1.15994
99	159	0.666203
99	160	1.16897
99	162	1.13919
99	164	1.16077
99	165	1.15879
99	166	0.637797
99	167	0.629757
99	169	0.63176
99	171	1.27725
99	173	1.2778
99	174	1.15745
99	177	1.16742
99	178	1.15642
99	179	0.624834
100	44	1.07978
100	45	0.605749
100	53	1.18661
100	55	0.814232
100	83	1.04931
100	108	1.11567
100	110	1.11112
100	122	1.12079
100	126	1.13633
100	138	1.06125
100	139	0.697023
100	146	1.09033
100	154	1.1049
100	159	0.785851
100	160	1.09572
100	164	1.08752
100	166	0.757444
100	174	1.08419
100	177	1.09416
100	178	1.08317
100	179	0.744482
100	180	1.09913
101	20	0.893651
101	73	1.27049
101	96	0.621914
101	113	1.04837
101	136	0.769833
101	145	1.08959
101	147	1.08549
101	149	1.0674
101	150	1.12806
101	152	1.07217
101	153	0.720789
101	159	1.0876
101	160	0.766191
101	166	1.0962
101	167	1.11356
101	168	1.07928
101	169	1.0954
101	170	1.09179
101	172	1.08741
101	173	0.624152
101	175	1.08587
101	176	1.10133
102	16	1.15054
102	28	1.12595
102	46	1.23871
102	47	1.17268
102	58	1.13405
102	86	1.11084
102	95	0.717629
102	106	1.11834
102	121	1.13073
102	128	1.14046
102	134	0.669009
102	156	1.11875
102	158	1.12124
102	165	1.1176
102	166	0.642036
102	168	0.65219
102	170	0.651608
102	171	1.23606
102	172	0.651121
102	173	1.2366
102	174	1.11625
102	176	0.624669
102	180	1.13119
103	6	1.21445
103	24	1.16749
103	93	1.12067
103	111	0.641239
103	125	1.18868
103	126	1.1855
103	128	1.15757
103	131	0.652636
103	135	0.673803
103	136	1.1218
103	140	0.661968
103	144	0.64367
103	145	0.666855
103	153	1.15203
103	156	1.13585
103	157	1.13867
103	160	1.14488
103	162	1.1151
103	172	0.668784
103	174	1.13336
103	177	1.14332
103	178	1.13233
103	180	1.14829
104	3	1.20452
104	5	1.2037
104	16	0.591593
104	17	0.801567
104	18	1.20194
104	35	0.683328
104	36	1.12014
104	71	1.20758
104	80	1.15441
104	89	1.13459
104	92	1.1125
104	105	1.10595
104	107	1.10687
104	111	1.13654
104	116	1.11362
104	124	1.14342
104	127	1.15768
104	154	1.14784
104	157	0.641166
104	158	0.652843
104	163	1.1487
104	175	0.62539
104	178	0.611329
105	3	1.1763
105	5	1.17548
105	18	1.17371
105	36	1.09192
105	53	1.20132
105	80	1.12618
105	88	0.709058
105	89	1.10636
105	96	1.15532
105	104	1.10595
105	107	1.07864
105	108	1.13039
105	111	1.10831
105	116	1.08539
105	123	0.776126
105	124	1.11519
105	127	1.12945
105	136	0.692588
105	141	0.68806
105	154	1.11962
105	157	0.712868
105	163	1.12047
105	165	0.681628
105	171	0.542253
106	1	1.06775
106	38	1.11178
106	56	0.636365
106	59	1.16009
106	65	1.12855
106	70	1.10364
106	84	0.704926
106	102	1.11834
106	118	1.12868
106	128	1.14638
106	129	1.10666
106	136	1.11062
106	139	0.652617
106	144	0.69701
106	145	0.720195
106	153	1.14084
106	155	1.12362
106	160	1.1337
106	165	1.12352
106	173	1.24252
106	176	0.695671
106	177	1.13214
106	178	1.12115
106	179	0.700076
107	3	1.17721
107	5	1.17639
107	18	1.17463
107	34	1.12971
107	36	1.09283
107	76	1.17398
107	80	1.12709
107	83	0.775252
107	89	1.10728
107	96	1.15624
107	104	1.10687
107	105	1.07864
107	108	1.1313
107	111	1.10923
107	116	1.08631
107	123	0.770233
107	127	1.13037
107	154	1.12053
107	157	0.706976
107	163	1.12139
107	172	0.687624
107	173	0.541015
107	177	0.654708
107	180	0.670458
108	42	1.4097
108	46	1.27402
108	63	1.16015
108	65	1.15794
108	66	1.14356
108	80	1.17884
108	84	0.604569
108	87	1.15836
108	89	1.15902
108	95	0.688275
108	100	1.11567
108	105	1.13039
108	107	1.1313
108	111	1.16097
108	112	0.595097
108	121	1.16604
108	127	1.18211
108	132	1.15488
108	134	0.639654
108	143	0.634678
108	145	0.619839
108	167	0.604641
108	172	0.621767
108	178	1.15054
108	180	1.1665
109	13	0.593684
109	29	1.17628
109	61	0.652097
109	64	0.669266
109	74	1.10984
109	83	1.10499
109	97	0.655488
109	115	1.15492
109	117	1.15815
109	119	1.21481
109	142	1.17193
109	143	0.681227
109	146	1.146
109	149	0.671033
109	150	0.635013
109	155	1.14131
109	156	1.14237
109	160	1.1514
109	164	1.14319
109	165	1.14122
109	173	1.26022
109	174	1.13987
109	177	1.14984
109	178	1.13884
109	179	0.646268
109	180	1.15481
110	6	1.22811
110	17	1.09106
110	27	0.637134
110	51	1.11248
110	67	1.13743
110	93	1.13433
110	94	1.14567
110	100	1.11112
110	118	1.15352
110	125	1.20233
110	135	0.658844
110	136	1.13546
110	143	0.666737
110	145	0.651897
110	148	0.651021
110	149	0.656542
110	155	1.14845
110	163	1.16858
110	164	1.15033
110	165	1.14836
110	168	0.654894
110	171	1.26682
110	174	1.14701
110	177	1.15698
110	179	0.631777
110	180	1.16195
111	3	1.20688
111	5	1.20606
111	18	1.2043
111	36	1.1225
111	71	1.20994
111	76	1.20365
111	80	1.15676
111	89	1.13695
111	92	1.11486
111	103	0.641239
111	104	1.13654
111	105	1.10831
111	107	1.10923
111	108	1.16097
111	116	1.11598
111	124	1.14577
111	127	1.16004
111	153	0.635174
111	154	1.1502
111	155	0.657891
111	157	0.704499
111	163	1.15106
111	164	0.690096
111	165	0.673258
111	173	0.538538
111	176	0.658694
112	1	0.821794
112	62	1.15405
112	69	0.590788
112	77	0.71963
112	95	1.14137
112	108	0.595097
112	113	1.1155
112	126	0.601359
112	131	1.16656
112	134	1.16087
112	135	1.15005
112	152	1.13929
112	156	0.66424
112	159	1.15472
112	161	1.173
112	166	1.16332
112	167	1.18069
112	168	1.14641
112	169	1.16252
112	170	1.15891
112	171	0.534758
112	172	1.15453
112	174	0.667144
112	175	1.15299
112	176	1.16845
112	179	1.15676
113	25	0.700781
113	26	1.11511
113	68	0.803762
113	90	0.706599
113	101	1.04837
113	112	1.1155
113	130	0.812169
113	137	1.12598
113	140	1.09061
113	143	1.09622
113	145	1.08888
113	147	1.08479
113	150	1.12736
113	151	1.07721
113	159	1.0869
113	166	1.0955
113	167	1.11286
113	168	1.07858
113	169	1.0947
113	171	0.633057
113	172	1.08671
113	174	0.765443
113	175	1.08517
113	176	1.10063
113	178	0.773835
113	179	1.08893
114	41	1.07964
114	74	0.807915
114	98	1.13605
114	128	0.72368
114	132	0.766436
114	134	1.09328
114	143	1.09646
114	144	1.09372
114	149	1.06694
114	150	1.1276
114	151	1.07744
114	159	1.08714
114	161	1.10541
114	166	1.09574
114	167	1.1131
114	168	1.07882
114	169	1.09493
114	170	1.09133
114	171	0.626406
114	172	1.08695
114	174	0.758791
114	175	1.0854
114	176	1.10087
114	177	0.744752
114	178	0.767183
114	179	1.08917
115	30	0.602055
115	50	1.20503
115	55	0.695871
115	69	1.21313
115	70	1.1166
115	81	0.747685
115	90	1.16157
115	91	1.1553
115	109	1.15492
115	116	0.632015
115	117	1.15341
115	132	1.13845
115	136	1.12358
115	141	1.1312
115	146	1.14127
115	150	0.614865
115	155	1.13658
115	160	1.14666
115	161	0.62758
115	165	1.13648
115	167	0.631043
115	173	1.25549
115	174	1.13514
115	175	0.651745
115	177	1.1451
115	180	1.15007
116	3	1.18396
116	5	1.18314
116	18	1.18138
116	34	1.13646
116	35	0.758053
116	36	1.09958
116	53	1.20899
116	71	1.18702
116	80	1.13384
116	89	1.11403
116	90	0.618817
116	92	1.09194
116	96	1.16299
116	104	1.11362
116	105	1.08539
116	107	1.08631
116	111	1.11598
116	115	0.632015
116	119	0.600425
116	124	1.12285
116	127	1.13712
116	154	1.12728
116	157	0.71589
116	160	0.691969
116	163	1.12814
116	164	0.701487
116	166	0.687453
117	1	1.08394
117	25	1.17119
117	50	1.20826
117	67	1.12877
117	68	1.11765
117	80	0.598944
117	82	1.09592
117	83	1.10348
117	109	1.15815
117	115	1.15341
117	132	1.14168
117	133	0.69247
117	135	0.698729
117	138	1.11541
117	140	0.686894
117	147	0.686664
117	158	1.14334
117	162	1.1201
117	164	1.14168
117	165	1.1397
117	169	0.678588
117	172	0.69371
117	174	1.13836
117	177	1.14833
117	178	1.13733
117	179	0.671662
117	180	1.15329
118	29	1.16299
118	43	1.11173
118	63	0.6529
118	67	1.117
118	83	1.09171
118	84	0.673332
118	94	1.12525
118	106	1.12868
118	110	1.15352
118	125	1.18191
118	126	1.17873
118	129	1.11107
118	130	1.09535
118	139	0.621023
118	141	1.12265
118	151	0.725401
118	155	1.12803
118	160	1.13811
118	162	1.10833
118	164	1.12991
118	167	0.673404
118	169	0.675407
118	170	0.691016
118	173	1.24694
118	174	1.12659
118	175	0.694106
118	180	1.14152
119	2	0.750368
119	14	0.764912
119	21	0.524301
119	36	0.614394
119	45	1.30349
119	46	0.485862
119	55	1.13651
119	59	1.23294
119	64	0.617528
119	68	1.17431
119	72	1.15272
119	78	1.15272
119	80	0.521812
119	85	1.21939
119	109	1.21481
119	116	0.600425
119	127	0.518498
119	157	1.20034
119	167	1.22401
119	168	1.18972
119	169	1.20584
119	172	1.19785
119	174	1.19502
119	175	1.19631
119	178	1.19399
119	179	1.20008
119	180	1.20996
120	13	1.22008
120	59	0.596378
120	95	1.14025
120	131	1.16545
120	132	0.650497
120	133	1.15323
120	135	1.14893
120	137	1.19268
120	140	1.15732
120	141	0.656274
120	146	0.659522
120	149	1.1334
120	151	1.14391
120	152	1.13817
120	159	1.1536
120	160	0.65716
120	161	1.17188
120	165	0.649842
120	166	1.1622
120	167	1.17957
120	168	1.14529
120	169	1.1614
120	170	1.15779
120	175	1.15187
120	176	1.16733
120	177	0.628814
120	178	0.651245
120	179	1.15564
120	180	0.644564
121	10	1.17466
121	11	1.21373
121	14	1.07451
121	16	1.16884
121	17	1.0786
121	42	1.3927
121	46	1.25701
121	49	1.088
121	54	1.17295
121	60	1.16448
121	61	1.13724
121	63	1.14315
121	67	0.683798
121	76	0.620652
121	79	1.15046
121	86	1.12914
121	87	1.14135
121	91	1.15472
121	102	1.13073
121	108	1.16604
121	142	0.603768
121	152	1.12215
121	154	0.648575
121	157	0.675295
121	158	1.13954
121	163	0.660136
121	165	0.644055
121	168	0.657012
121	177	0.623027
122	27	0.646441
122	35	1.15856
122	50	1.22658
122	51	1.12215
122	57	1.18822
122	77	1.12454
122	100	1.12079
122	128	1.18089
122	129	1.14116
122	136	1.14512
122	138	1.13373
122	139	0.593626
122	142	1.18874
122	146	1.16281
122	150	0.62983
122	151	0.698004
122	153	1.17535
122	156	1.15918
122	157	1.162
122	160	1.16821
122	165	1.15803
122	166	0.654047
122	167	0.646007
122	170	0.663619
122	174	1.15668
122	176	0.63668
122	178	1.15565
122	179	0.641085
122	180	1.17161
123	1	1.03805
123	2	1.00245
123	40	1.06718
123	42	0.523385
123	48	1.15797
123	59	1.1304
123	63	0.757671
123	64	1.07935
123	72	0.784737
123	85	0.683284
123	86	0.729772
123	89	0.774792
123	105	0.776126
123	107	0.770233
123	134	1.10164
123	136	1.08092
123	138	1.06953
123	139	1.12971
123	160	1.104
123	165	1.09382
123	167	1.12146
123	168	1.08718
123	169	1.10329
123	171	1.21228
123	173	1.21283
123	175	1.09376
123	176	1.10923
123	179	1.09753
123	180	1.10741
124	45	1.24483
124	55	1.07786
124	57	0.659135
124	66	0.696933
124	72	1.09407
124	78	1.09407
124	85	1.16073
124	89	1.14382
124	104	1.14342
124	105	1.11519
124	111	1.14577
124	116	1.12285
124	125	0.648933
124	127	1.16691
124	129	0.742756
124	140	1.1431
124	142	1.16843
124	150	1.17985
124	155	0.683929
124	157	1.14168
124	162	0.745803
124	163	1.15793
124	166	1.14799
124	168	1.13107
124	170	1.14358
124	171	0.559922
124	172	1.1392
124	173	0.564576
124	174	0.692308
124	175	1.13765
125	13	0.575807
125	23	1.19334
125	39	1.16358
125	47	0.535566
125	49	0.716633
125	66	1.1674
125	94	1.17406
125	96	1.23182
125	98	0.584287
125	103	1.18868
125	110	1.20233
125	118	1.18191
125	124	0.648933
125	128	1.19961
125	130	1.14416
125	131	0.634292
125	132	1.17872
125	139	0.580933
125	141	1.17147
125	144	0.625326
125	156	1.1779
125	160	1.18693
125	162	1.15714
125	164	1.17872
125	165	1.17675
125	168	0.651508
125	174	1.1754
125	175	0.654016
125	177	1.18537
125	178	1.17437
125	180	1.19034
126	23	1.19016
126	37	1.16018
126	66	1.16422
126	68	1.15151
126	69	1.25022
126	100	1.13633
126	103	1.1855
126	112	0.601359
126	118	1.17873
126	128	1.19643
126	132	1.17554
126	136	1.16067
126	138	1.14928
126	145	0.626101
126	147	0.620984
126	152	0.644175
126	153	1.19089
126	155	1.17366
126	162	1.15397
126	164	1.17554
126	165	1.17357
126	167	0.610904
126	169	0.612907
126	170	0.628516
126	171	1.29203
126	172	0.628029
126	174	1.17222
126	175	0.631606
126	177	1.18219
126	179	0.605981
126	180	1.18716
127	3	1.22802
127	5	1.2272
127	7	0.568772
127	17	0.794365
127	18	1.22544
127	34	1.18052
127	36	1.14364
127	38	0.634376
127	53	1.25305
127	71	1.23108
127	76	1.22479
127	80	1.1779
127	88	0.630153
127	89	1.15809
127	92	1.136
127	96	1.20705
127	104	1.15768
127	105	1.12945
127	107	1.13037
127	108	1.18211
127	111	1.16004
127	116	1.13712
127	119	0.518498
127	124	1.16691
127	154	1.17134
127	155	0.587356
127	156	0.59283
127	157	0.633964
127	158	0.645641
127	163	1.1722
127	180	0.597446
128	12	1.22091
128	29	1.1807
128	66	1.13629
128	73	0.492773
128	99	1.18166
128	102	1.14046
128	103	1.15757
128	106	1.14638
128	114	0.72368
128	122	1.18089
128	125	1.19961
128	126	1.19643
128	131	0.642555
128	136	1.13274
128	137	0.623385
128	141	1.14036
128	143	0.671614
128	148	0.655898
128	152	0.674848
128	155	1.14574
128	160	1.15582
128	162	1.12604
128	164	1.14761
128	165	1.14564
128	166	0.649617
128	169	0.64358
128	171	1.2641
128	174	1.14429
128	176	0.632249
128	177	1.15426
128	178	1.14326
128	180	1.15923
129	6	1.18566
129	17	1.04862
129	21	0.651985
129	41	0.723913
129	68	1.08386
129	70	1.08603
129	73	0.578333
129	83	1.06969
129	94	1.10323
129	106	1.10666
129	118	1.11107
129	122	1.14116
129	124	0.742756
129	138	1.08162
129	139	0.674756
129	141	1.10064
129	146	1.1107
129	149	0.746979
129	151	0.779134
129	152	0.760408
129	153	1.12324
129	154	1.12528
129	160	1.11609
129	163	1.12614
129	164	1.10789
129	165	1.10591
129	171	1.22437
129	174	1.10457
129	175	0.747839
129	177	1.11453
129	178	1.10354
129	180	1.1195
130	24	1.12298
130	51	1.05432
130	56	0.654782
130	57	1.12038
130	62	0.705306
130	67	1.07926
130	69	1.16684
130	81	0.840057
130	83	1.05396
130	94	1.08751
130	99	1.12621
130	113	0.812169
130	118	1.09535
130	125	1.14416
130	132	1.09216
130	136	1.07729
130	137	0.705223
130	138	1.0659
130	141	1.08491
130	144	0.715426
130	146	1.09498
130	156	1.09134
130	160	1.10037
130	162	1.07059
130	164	1.09217
130	165	1.09019
130	168	0.741609
130	171	1.20865
130	174	1.08885
130	176	0.714087
130	178	1.08782
130	179	0.718492
130	180	1.10378
131	34	1.16484
131	38	0.716308
131	65	0.66956
131	70	0.699223
131	89	0.676035
131	98	1.18688
131	103	0.652636
131	112	1.16656
131	120	1.16545
131	125	0.634292
131	128	0.642555
131	133	1.13759
131	134	1.14411
131	137	1.17705
131	143	1.14729
131	145	1.13995
131	147	1.13586
131	148	1.16658
131	149	1.11777
131	151	1.12827
131	156	0.674763
131	158	1.13993
131	159	1.13797
131	161	1.15624
131	166	1.14657
131	168	1.12965
131	169	1.14576
131	171	0.545281
131	172	1.13777
131	175	1.13623
131	176	1.1517
131	178	0.686059
131	179	1.14
132	1	1.06898
132	21	0.609181
132	66	1.1154
132	68	1.10269
132	69	1.2014
132	72	0.690894
132	77	1.09126
132	79	0.629456
132	83	1.08852
132	90	1.14984
132	108	1.15488
132	114	0.766436
132	115	1.13845
132	117	1.14168
132	120	0.650497
132	125	1.17872
132	126	1.17554
132	130	1.09216
132	133	0.700218
132	136	1.11185
132	146	1.12953
132	153	1.14207
132	156	1.1259
132	162	1.10514
132	165	1.12475
132	168	0.702527
132	170	0.701945
132	173	1.24375
132	174	1.1234
132	176	0.675005
132	177	1.13337
132	178	1.12237
132	179	0.67941
132	180	1.13834
133	44	0.729692
133	56	1.16278
133	68	0.730893
133	81	1.07449
133	96	0.562604
133	117	0.69247
133	120	1.15323
133	131	1.13759
133	132	0.700218
133	135	1.12108
133	137	1.16483
133	138	0.729514
133	140	1.12946
133	143	1.13507
133	144	1.13233
133	145	1.12774
133	148	1.15436
133	149	1.10555
133	150	1.16621
133	151	1.11606
133	159	1.12575
133	161	1.14402
133	165	0.699563
133	167	1.15171
133	168	1.11743
133	169	1.13355
133	170	1.12994
133	172	1.12556
133	173	0.564842
133	174	0.692574
133	175	1.12402
133	176	1.13948
133	179	1.12778
133	180	0.694285
134	26	1.16048
134	44	0.748819
134	52	1.09171
134	58	0.642826
134	81	1.08101
134	91	0.649593
134	94	0.710946
134	102	0.669009
134	108	0.639654
134	112	1.16087
134	114	1.09328
134	123	1.10164
134	131	1.14411
134	135	1.1276
134	143	1.14159
134	148	1.16088
134	149	1.11207
134	150	1.17273
134	152	1.11684
134	154	1.14996
134	159	1.13227
134	161	1.15054
134	164	0.735528
134	165	0.71869
134	166	1.14087
134	167	1.15823
134	168	1.12395
134	170	1.13646
134	172	1.13208
134	173	0.58397
134	175	1.13054
134	176	1.146
134	177	0.697662
134	179	1.1343
135	41	1.11396
135	59	0.652358
135	66	0.703459
135	71	0.621441
135	73	1.30434
135	75	1.10064
135	81	1.07019
135	95	1.1081
135	103	0.673803
135	110	0.658844
135	112	1.15005
135	117	0.698729
135	120	1.14893
135	133	1.12108
135	134	1.1276
135	137	1.16053
135	140	1.12517
135	143	1.13078
135	145	1.12344
135	147	1.11934
135	148	1.15006
135	156	0.695929
135	159	1.12145
135	161	1.13973
135	166	1.13005
135	169	1.12925
135	170	1.12564
135	172	1.12126
135	175	1.11972
135	176	1.13518
135	177	0.684794
135	178	0.707225
135	179	1.12349
135	180	0.700544
136	12	1.18515
136	24	1.14266
136	35	1.11041
136	39	1.0967
136	53	1.21094
136	68	1.08782
136	70	1.08999
136	77	1.07639
136	87	0.666099
136	94	1.10719
136	98	0.64561
136	101	0.769833
136	103	1.1218
136	105	0.692588
136	106	1.11062
136	110	1.13546
136	115	1.12358
136	122	1.14512
136	123	1.08092
136	126	1.16067
136	128	1.13274
136	130	1.07729
136	132	1.11185
136	143	0.724674
136	146	1.11466
136	148	0.708958
136	160	1.12005
136	168	0.712831
136	170	0.712249
136	174	1.10853
136	176	0.68531
136	177	1.1185
136	178	1.1075
136	179	0.689715
136	180	1.12346
137	29	0.619179
137	41	1.15771
137	53	0.533383
137	69	0.58214
137	81	1.11394
137	113	1.12598
137	120	1.19268
137	128	0.623385
137	130	0.705223
137	131	1.17705
137	133	1.16483
137	135	1.16053
137	138	0.695436
137	141	0.671917
137	143	1.17453
137	144	1.17178
137	145	1.16719
137	149	1.145
137	150	1.20566
137	151	1.15551
137	159	1.1652
137	161	1.18348
137	162	0.711992
137	164	0.682323
137	166	1.1738
137	167	1.19117
137	168	1.15689
137	169	1.173
137	170	1.16939
137	171	0.526111
137	172	1.16501
137	175	1.16347
137	176	1.17894
137	177	0.644457
137	179	1.16724
138	36	0.72857
138	40	0.723594
138	41	0.710404
138	50	1.16703
138	57	1.12867
138	59	1.13506
