1	4	0.954749
1	26	1.0029
1	27	0.905576
1	33	1.05033
1	43	0.98277
1	44	0.976699
1	46	0.979904
1	57	1.02942
1	131	0.86319
1	144	0.994105
1	180	2.06186
2	29	0.888423
2	93	0.968165
2	124	0.824858
2	146	0.872939
2	155	2.08127
2	165	0.895932
2	168	0.855854
2	169	0.897413
2	173	0.835579
2	176	0.835048
2	177	0.821902
2	179	0.870684
3	41	0.965038
3	66	1.00002
3	88	1.01096
3	138	0.942198
3	139	0.98107
3	141	0.97096
3	147	0.947859
3	153	1.49945
3	158	0.959805
3	162	0.962859
3	166	1.66218
3	178	0.855689
4	1	0.954749
4	26	1.00363
4	27	0.906305
4	33	1.05106
4	43	0.983498
4	44	0.977428
4	46	0.980633
4	57	1.03015
4	140	0.847479
4	144	0.994833
4	178	2.13075
5	6	1.14836
5	14	1.01521
5	21	0.99416
5	23	1.10402
5	38	1.05843
5	51	1.14279
5	61	1.03993
5	64	1.10069
5	72	1.09999
5	119	1.01018
5	148	1.18671
5	150	1.08666
6	5	1.14836
6	14	1.01986
6	21	0.99882
6	23	1.10868
6	38	1.06309
6	61	1.04459
6	64	1.10535
6	72	1.10465
6	84	1.02734
6	95	1.01937
6	136	0.839377
6	177	1.65592
7	26	1.26394
7	66	1.00821
7	75	0.655629
7	127	0.964774
7	135	0.966522
7	143	0.974093
7	150	0.974749
7	159	1.00391
7	162	0.971045
7	175	0.913576
7	176	0.894173
7	179	0.929808
8	86	1.06397
8	93	0.85609
8	101	1.08537
8	138	1.07763
8	139	1.1165
8	151	1.26836
8	157	1.09859
8	158	1.09524
8	160	1.22092
8	161	0.964043
8	162	1.09829
8	178	0.99112
9	96	1.07342
9	122	1.08721
9	129	1.05107
9	136	0.716941
9	143	1.07344
9	149	1.06367
9	154	1.09573
9	155	1.09104
9	159	1.10326
9	166	1.25862
9	174	1.49371
9	180	0.959528
10	12	1.1312
10	21	0.988198
10	23	1.09806
10	38	1.05247
10	61	1.03397
10	64	1.09473
10	72	1.09403
10	79	1.05822
10	80	1.17728
10	112	1.24238
10	142	0.959842
10	150	1.08069
11	19	1.00409
11	50	0.951732
11	78	1.47852
11	97	0.981936
11	99	0.923105
11	101	0.94958
11	111	0.924259
11	126	0.966115
11	135	1.55866
11	141	0.970599
11	157	0.962802
11	162	0.962497
12	10	1.1312
12	14	1.00866
12	21	0.987616
12	38	1.05189
12	61	1.03339
12	64	1.09414
12	69	0.922569
12	72	1.09345
12	84	1.01614
12	150	1.08011
12	167	1.07885
12	168	1.24214
12	175	1.40344
13	25	0.997089
13	30	1.37163
13	45	0.980147
13	48	0.950879
13	60	0.938775
13	71	0.923019
13	73	1.0007
13	75	0.980888
13	83	0.952061
13	90	0.956677
13	171	0.881194
13	178	2.16753
13	180	0.860382
14	5	1.01521
14	6	1.01986
14	12	1.00866
14	21	0.865661
14	23	0.975519
14	38	0.929931
14	55	0.863322
14	61	0.911435
14	64	0.97219
14	69	0.800615
14	72	0.971496
14	150	0.958156
14	178	2.52712
15	51	1.01021
15	78	1.11553
15	94	1.07665
15	116	1.05737
15	126	1.05162
15	138	1.02735
15	141	1.05611
15	147	1.03301
15	152	0.940383
15	157	1.04831
15	158	1.04495
15	162	1.04801
15	163	1.36306
16	67	1.00093
16	90	0.952747
16	110	0.989165
16	124	2.09095
16	147	0.952318
16	154	0.992654
16	155	0.987967
16	158	0.964264
16	162	0.967318
16	171	0.877265
16	175	1.33799
16	178	0.860148
16	180	0.856452
17	82	0.943859
17	107	0.957239
17	127	0.945635
17	129	0.932585
17	133	0.957761
17	143	0.954954
17	145	0.953328
17	148	1.26007
17	149	0.945181
17	155	0.972555
17	159	0.984768
17	176	2.00629
17	178	0.844736
18	107	0.956776
18	109	0.920802
18	110	0.973289
18	122	0.968254
18	130	0.924521
18	133	0.957298
18	143	0.954491
18	149	0.944718
18	155	0.972091
18	159	0.984305
18	171	1.59189
18	177	1.75496
18	180	0.840576
19	11	1.00409
19	47	1.03959
19	51	1.047
19	108	1.03475
19	111	1.02556
19	123	1.1364
19	138	1.04313
19	139	1.082
19	157	1.0641
19	158	1.06074
19	162	1.06379
19	171	0.97374
19	179	1.4816
20	53	1.74392
20	55	0.786776
20	109	1.01966
20	129	1.03098
20	130	1.02338
20	133	1.05616
20	145	1.05173
20	149	1.04358
20	154	1.07564
20	155	1.07095
20	159	1.08317
20	160	1.22896
20	180	0.939439
21	5	0.99416
21	6	0.99882
21	10	0.988198
21	12	0.987616
21	14	0.865661
21	23	0.954474
21	38	0.908886
21	61	0.89039
21	64	0.951145
21	72	0.950451
21	150	0.937111
21	164	1.18867
21	178	2.22529
22	96	0.964048
22	129	0.941705
22	133	0.966881
22	135	1.53525
22	143	0.964074
22	145	0.962448
22	149	0.954301
22	154	0.986362
22	155	0.981674
22	159	0.993888
22	161	0.826779
22	179	1.7844
22	180	0.85016
23	5	1.10402
23	6	1.10868
23	10	1.09806
23	14	0.975519
23	21	0.954474
23	38	1.01874
23	61	1.00025
23	64	1.061
23	72	1.06031
23	120	1.02799
23	134	1.09487
23	150	1.04697
23	152	1.63129
24	99	0.925146
24	102	0.97507
24	108	0.935496
24	126	0.968155
24	138	0.943878
24	139	0.982749
24	141	0.972639
24	144	1.58798
24	147	0.949538
24	161	0.830291
24	162	0.964538
24	167	1.92424
24	171	0.874485
24	178	0.857369
25	13	0.997089
25	42	0.609963
25	48	1.02767
25	56	1.00764
25	58	1.09274
25	71	0.999811
25	73	1.0775
25	75	1.05768
25	83	1.02885
25	90	1.03347
25	117	5.6
25	169	1.17627
25	171	0.957986
25	180	0.937173
26	1	1.0029
26	4	1.00363
26	7	1.26394
26	27	0.95446
26	33	1.09921
26	36	0.928236
26	43	1.03165
26	44	1.02558
26	46	1.02879
26	53	0.963532
26	57	1.0783
26	79	1.01822
26	144	1.04299
26	164	1.2913
27	1	0.905576
27	4	0.906305
27	26	0.95446
27	33	1.00188
27	39	0.929921
27	43	0.934325
27	44	0.928254
27	46	0.931459
27	57	0.980973
27	62	1.57028
27	79	0.920891
27	80	0.876293
27	144	0.94566
27	152	2.03157
28	31	1.44398
28	55	1.05811
28	109	0.822742
28	153	0.936564
28	163	0.951523
28	164	0.936417
28	166	0.910394
28	167	0.931158
28	173	0.903548
28	174	0.890631
28	175	0.922421
28	176	0.903018
28	177	0.889871
28	179	0.938653
29	2	0.888423
29	83	0.659145
29	139	1.37386
29	164	0.955226
29	165	0.98271
29	166	0.929203
29	167	0.949967
29	170	0.934071
29	172	0.912951
29	174	0.909441
29	175	0.94123
29	176	0.921827
29	177	0.90868
29	179	0.957462
30	13	1.37163
30	59	0.989076
30	67	0.97903
30	97	0.976629
30	101	0.944273
30	154	0.982527
30	155	0.977839
30	158	0.954137
30	159	0.990053
30	170	0.892562
30	176	0.880318
30	177	0.867171
30	179	0.915953
30	180	0.846324
31	28	1.44398
31	35	0.943087
31	97	0.972322
31	99	0.913491
31	116	0.962249
31	126	0.956501
31	128	1.62004
31	139	0.971095
31	141	0.960985
31	157	0.953189
31	158	0.94983
31	161	0.818637
31	162	0.952884
31	178	0.845714
32	53	0.74896
32	102	0.832953
32	128	0.800886
32	133	0.828276
32	145	0.823843
32	154	0.847757
32	155	0.84307
32	158	0.819367
32	162	0.822421
32	165	0.806432
32	173	0.746079
32	174	0.733162
32	175	0.764952
32	179	0.781184
33	1	1.05033
33	4	1.05106
33	26	1.09921
33	27	1.00188
33	43	1.07908
33	44	1.07301
33	46	1.07621
33	57	1.12573
33	114	0.824778
33	121	0.840007
33	144	1.09041
33	171	1.77574
34	88	0.941862
34	92	0.968052
34	95	0.986936
34	149	0.917842
34	153	0.961189
34	167	0.955783
34	170	0.939887
34	172	0.918768
34	173	0.928174
34	174	0.915257
34	175	0.947047
34	177	0.914496
34	179	0.963278
35	31	0.943087
35	39	1.00266
35	50	1.00163
35	99	0.973007
35	102	1.02293
35	108	0.983358
35	113	0.777535
35	138	0.99174
35	139	1.03061
35	147	0.9974
35	157	1.0127
35	158	1.00935
35	162	1.0124
35	170	1.44119
35	174	1.82339
36	26	0.928236
36	119	1.06854
36	148	1.04581
36	155	0.791789
36	157	0.606036
36	165	1.03703
36	167	1.00429
36	170	0.98839
36	172	0.967271
36	173	0.976677
36	174	0.96376
36	175	0.99555
36	176	0.976147
36	177	0.963
36	179	1.01178
37	56	2.52341
37	105	0.836088
37	117	0.724852
37	139	0.9069
37	143	0.891737
37	149	0.881964
37	154	0.914025
37	155	0.909337
37	158	0.885635
37	160	0.876159
37	162	0.888688
37	171	0.798635
37	173	0.812347
37	176	0.811816
37	179	0.847452
38	5	1.05843
38	6	1.06309
38	10	1.05247
38	12	1.05189
38	14	0.929931
38	21	0.908886
38	23	1.01874
38	42	1.1247
38	61	0.954659
38	64	1.01541
38	72	1.01472
38	84	0.937406
38	104	4.8
38	121	1.36365
38	150	1.00138
39	27	0.929921
39	35	1.00266
39	43	1.00711
39	44	1.00104
39	57	1.05376
39	102	1.02299
39	119	0.965253
39	128	1.16186
39	133	1.01831
39	153	1.84903
39	154	1.03779
39	158	1.0094
39	159	1.04532
39	162	1.01245
39	178	0.905284
40	71	1.30987
40	73	0.850356
40	109	0.911423
40	115	0.934787
40	127	0.935793
40	143	0.945112
40	147	0.927064
40	157	0.942369
40	158	0.93901
40	159	0.974926
40	162	0.942063
40	165	0.926075
40	173	0.865722
40	174	0.852805
40	179	0.900827
41	3	0.965038
41	101	1.01146
41	111	0.986138
41	119	0.719481
41	126	1.02799
41	138	1.00372
41	141	1.03248
41	150	1.02808
41	157	1.02468
41	158	1.02132
41	162	1.02438
41	165	1.30489
41	171	0.934323
41	177	2.04086
41	178	0.917207
42	25	0.609963
42	38	1.1247
42	45	0.927934
42	109	0.986376
42	133	1.02287
42	147	1.00202
42	153	0.97369
42	155	1.03767
42	157	1.01732
42	158	1.01396
42	159	1.04988
42	162	1.01702
42	164	0.973544
42	177	0.926998
42	179	0.975779
43	1	0.98277
43	4	0.983498
43	26	1.03165
43	27	0.934325
43	33	1.07908
43	39	1.00711
43	44	1.00545
43	46	1.00865
43	53	0.943397
43	57	1.05817
43	80	0.953487
43	105	0.860108
43	144	1.02285
43	161	2.50676
43	166	0.813969
44	1	0.976699
44	4	0.977428
44	26	1.02558
44	27	0.928254
44	33	1.07301
44	39	1.00104
44	43	1.00545
44	46	1.00258
44	57	1.0521
44	79	0.992014
44	80	0.947416
44	144	1.01678
44	169	0.708541
44	178	1.76816
44	180	1.68724
45	13	0.980147
45	42	0.927934
45	48	1.01073
45	56	0.9907
45	60	0.998624
45	67	1.06471
45	71	0.982868
45	73	1.06055
45	75	1.04074
45	83	1.01191
45	90	1.01653
45	142	1.25297
45	171	0.941044
45	179	1.51151
45	180	0.920231
46	1	0.979904
46	4	0.980633
46	26	1.02879
46	27	0.931459
46	33	1.07621
46	43	1.00865
46	44	1.00258
46	53	0.940531
46	57	1.0553
46	79	0.995219
46	80	0.950621
46	95	0.997989
46	144	1.01999
46	171	1.47146
46	172	1.6775
47	19	1.03959
47	52	0.981351
47	86	0.963682
47	88	1.0461
47	111	0.95976
47	116	1.00736
47	139	1.01621
47	141	1.0061
47	152	0.890375
47	157	0.998303
47	158	0.994944
47	162	0.997998
47	175	1.52948
47	176	1.55697
47	178	0.890828
47	179	1.20144
48	13	0.950879
48	25	1.02767
48	45	1.01073
48	58	1.04653
48	60	0.969356
48	67	1.03544
48	71	0.953601
48	73	1.03129
48	83	0.982642
48	90	0.987258
48	146	1.2817
48	150	1.00553
48	152	2.21859
48	156	0.824523
48	171	0.911776
48	180	0.890963
49	105	0.907601
49	122	1.38349
49	151	0.933729
49	156	0.984497
49	159	1.11943
49	163	0.931835
49	164	0.916729
49	167	0.911469
49	168	0.904135
49	169	0.945694
49	172	0.874454
49	173	0.88386
49	174	0.870943
49	175	0.902733
49	176	0.883329
49	179	0.918965
50	11	0.951732
50	35	1.00163
50	80	1.12859
50	94	1.04008
50	111	0.973193
50	117	0.847595
50	138	0.990771
50	139	1.02964
50	141	1.01953
50	147	0.996432
50	157	1.01174
50	158	1.00838
50	162	1.01143
50	165	1.18788
50	177	1.92385
50	178	0.904262
51	5	1.14279
51	15	1.01021
51	19	1.047
51	56	0.999797
51	83	1.02101
51	130	1.01327
51	145	1.04162
51	152	0.93257
51	154	1.06553
51	170	0.975565
51	171	0.95014
51	172	0.954446
51	176	0.963321
51	177	0.950174
51	179	0.998956
51	180	0.929327
52	47	0.981351
52	99	0.966158
52	102	1.01608
52	116	1.01492
52	126	1.00917
52	141	1.01365
52	142	1.09517
52	147	0.99055
52	150	1.00925
52	157	1.00586
52	158	1.0025
52	161	0.871304
52	162	1.00555
52	166	1.83301
52	167	1.35716
52	178	0.898381
53	20	1.74392
53	26	0.963532
53	32	0.74896
53	43	0.943397
53	46	0.940531
53	57	0.990045
53	86	0.91442
53	90	1.00434
53	126	0.952353
53	147	0.933736
53	162	0.948736
53	164	0.905263
53	165	0.932748
53	176	0.871864
53	177	0.858717
53	179	0.907499
54	87	1.023
54	124	0.943186
54	137	1.04046
54	139	0.692364
54	141	0.678862
54	164	0.986776
54	165	1.01426
54	166	0.960753
54	167	0.981517
54	170	0.96562
54	172	0.944501
54	173	0.953907
54	174	0.94099
54	175	0.97278
54	176	0.953377
54	177	0.94023
54	179	0.989012
55	14	0.863322
55	20	0.786776
55	28	1.05811
55	127	0.542622
55	159	0.4964
55	160	1.08789
55	163	1.07205
55	166	1.03092
55	167	1.05169
55	169	1.08591
55	170	1.03579
55	172	1.01467
55	174	1.01116
55	175	1.04295
55	176	1.02355
55	177	1.0104
55	179	1.05918
56	25	1.00764
56	37	2.52341
56	45	0.9907
56	51	0.999797
56	58	1.0265
56	60	0.949328
56	67	1.01541
56	71	0.933572
56	73	1.01126
56	75	0.991441
56	83	0.962614
56	90	0.96723
56	150	0.985505
56	152	1.34811
56	169	0.696292
56	171	0.891747
56	180	0.870935
57	1	1.02942
57	4	1.03015
57	26	1.0783
57	27	0.980973
57	33	1.12573
57	39	1.05376
57	43	1.05817
57	44	1.0521
57	46	1.0553
57	53	0.990045
57	79	1.04473
57	80	1.00014
57	140	0.672319
57	144	1.0695
57	146	1.01146
57	171	1.50433
57	174	1.62763
58	25	1.09274
58	48	1.04653
58	56	1.0265
58	60	1.03442
58	67	1.10051
58	71	1.01867
58	73	1.09635
58	75	1.07654
58	83	1.04771
58	90	1.05232
58	140	1.10045
58	144	1.00856
58	148	0.950681
58	150	1.0706
58	171	0.976843
58	176	1.6969
58	180	0.95603
59	30	0.989076
59	65	1.06945
59	89	0.826896
59	99	1.01469
59	108	1.02504
59	116	1.06345
59	126	1.0577
59	138	1.03342
59	139	1.07229
59	140	0.955714
59	141	1.06218
59	147	1.03908
59	151	1.06481
59	157	1.05439
59	158	1.05103
59	162	1.05408
59	174	1.91102
60	13	0.938775
60	45	0.998624
60	48	0.969356
60	56	0.949328
60	58	1.03442
60	67	1.02333
60	71	0.941496
60	73	1.01918
60	75	0.999365
60	83	0.970538
60	90	0.975153
60	150	0.993429
60	160	1.2669
60	171	0.899671
60	175	1.77421
60	179	1.44617
60	180	0.878858
61	5	1.03993
61	6	1.04459
61	10	1.03397
61	12	1.03339
61	14	0.911435
61	21	0.89039
61	23	1.00025
61	38	0.954659
61	64	0.996919
61	69	0.825343
61	72	0.996224
61	79	0.960407
61	84	0.91891
61	92	0.90701
61	114	0.519294
61	150	0.982884
61	161	3.05125
62	27	1.57028
62	78	0.912083
62	131	0.941792
62	137	0.955612
62	140	0.958154
62	149	1.66526
62	160	0.932867
62	165	0.929408
62	166	0.875901
62	168	0.88933
62	170	0.880768
62	172	0.859649
62	173	0.869055
62	174	0.856138
62	175	0.887928
62	176	0.868524
62	177	0.855378
62	179	0.90416
63	81	0.963991
63	82	0.964003
63	110	0.993897
63	127	0.965779
63	129	0.952729
63	130	0.945128
63	133	0.977905
63	143	0.975098
63	144	0.978046
63	145	0.973472
63	149	0.965325
63	155	0.992698
63	159	1.00491
63	166	1.83422
63	168	1.52166
63	169	1.33765
63	178	0.86488
63	180	0.861184
64	5	1.10069
64	6	1.10535
64	10	1.09473
64	12	1.09414
64	14	0.97219
64	21	0.951145
64	23	1.061
64	38	1.01541
64	61	0.996919
64	69	0.886099
64	72	1.05698
64	79	1.02116
64	84	0.979665
64	150	1.04364
64	165	0.785106
64	173	1.50884
64	175	1.09496
64	178	1.80926
65	59	1.06945
65	77	1.21125
65	86	1.00325
65	88	1.08567
65	94	1.06621
65	101	1.02465
65	116	1.04693
65	126	1.04119
65	138	1.01691
65	139	1.05578
65	157	1.03787
65	158	1.03452
65	162	1.03757
65	163	1.17439
65	164	1.26187
65	168	1.42289
65	171	0.947516
65	178	0.930399
66	3	1.00002
66	7	1.00821
66	86	1.02504
66	91	0.588787
66	101	1.04644
66	102	1.06989
66	108	1.03032
66	138	1.0387
66	139	1.07757
66	147	1.04436
66	157	1.05966
66	158	1.0563
66	161	0.925112
66	162	1.05936
66	172	1.69074
66	178	0.952189
66	179	0.893611
66	180	1.85504
67	16	1.00093
67	30	0.97903
67	45	1.06471
67	48	1.03544
67	56	1.01541
67	58	1.10051
67	60	1.02333
67	71	1.00758
67	75	1.06545
67	83	1.03662
67	87	1.0298
67	90	1.04124
67	135	0.483431
67	150	1.05951
67	171	0.965754
67	172	1.52972
67	178	1.77493
67	180	0.944941
68	76	0.981177
68	81	0.962472
68	107	0.975864
68	110	0.992377
68	122	0.987342
68	129	0.95121
68	130	0.943609
68	133	0.976386
68	143	0.973579
68	145	0.971953
68	149	0.963806
68	154	0.995867
68	156	1.32196
68	159	1.00339
68	164	1.68664
68	178	0.863361
68	179	1.68091
68	180	0.859664
69	12	0.922569
69	14	0.800615
69	61	0.825343
69	64	0.886099
69	72	0.885404
69	84	0.80809
69	103	0.845061
69	107	0.873693
69	125	0.78401
69	143	0.871409
69	145	0.869783
69	154	0.893697
69	157	3.04479
69	159	0.901223
69	167	0.819628
69	172	0.782613
69	179	0.827123
70	94	0.625135
70	129	0.716262
70	147	0.55845
70	159	0.32363
70	164	1.04337
70	165	1.07085
70	166	1.01734
70	167	1.03811
70	168	1.03077
70	169	1.07233
70	170	1.02221
70	171	0.996787
70	173	1.0105
70	174	0.997581
70	175	1.02937
70	176	1.00997
70	177	0.996821
70	179	1.0456
71	13	0.923019
71	25	0.999811
71	40	1.30987
71	45	0.982868
71	48	0.953601
71	56	0.933572
71	58	1.01867
71	60	0.941496
71	67	1.00758
71	73	1.00343
71	75	0.98361
71	77	1.14996
71	83	0.954782
71	90	0.959398
71	150	0.977673
71	171	0.883916
71	173	1.93678
71	180	0.863103
72	5	1.09999
72	6	1.10465
72	10	1.09403
72	12	1.09345
72	14	0.971496
72	21	0.950451
72	23	1.06031
72	38	1.01472
72	61	0.996224
72	64	1.05698
72	69	0.885404
72	79	1.02047
72	84	0.978971
72	115	0.861297
72	150	1.04295
72	153	1.29348
72	165	0.995107
72	178	2.01926
73	13	1.0007
73	25	1.0775
73	40	0.850356
73	45	1.06055
73	48	1.03129
73	56	1.01126
73	58	1.09635
73	60	1.01918
73	71	1.00343
73	75	1.06129
73	83	1.03247
73	90	1.03708
73	121	0.390706
73	150	1.05536
73	152	1.77045
73	171	0.961601
73	178	1.77769
73	180	0.940788
74	96	0.973221
74	109	0.939558
74	122	0.98701
74	127	0.963928
74	129	0.950878
74	130	0.943277
74	133	0.976054
74	143	0.973247
74	145	0.971621
74	149	0.963474
74	154	0.995535
74	155	0.990847
74	159	1.00306
74	161	0.835952
74	164	1.34777
74	171	1.93315
74	175	1.67009
74	178	0.863029
74	180	0.859332
75	7	0.655629
75	13	0.980888
75	25	1.05768
75	45	1.04074
75	56	0.991441
75	58	1.07654
75	60	0.999365
75	67	1.06545
75	71	0.98361
75	73	1.06129
75	83	1.01265
75	87	1.00583
75	90	1.01727
75	98	4.8
75	123	0.577919
75	150	1.03554
75	171	0.941785
75	172	0.754101
75	180	0.920972
76	68	0.981177
76	81	1.02479
76	82	1.0248
76	85	1.08769
76	95	1.19598
76	109	1.0022
76	115	0.962743
76	124	2.15937
76	143	1.03589
76	144	1.03884
76	145	1.03427
76	149	1.02612
76	152	0.925221
76	154	1.05818
76	155	1.05349
76	159	1.06571
76	161	0.898598
76	164	1.08408
76	180	0.921978
77	65	1.21125
77	71	1.14996
77	86	1.08922
77	93	1.05128
77	140	1.00779
77	152	0.887407
77	160	0.982501
77	164	0.951558
77	165	0.979042
77	167	0.946298
77	169	0.980523
77	170	0.930402
77	172	0.909283
77	173	0.918689
77	174	0.905772
77	175	0.937562
77	176	0.918159
77	177	0.905012
77	179	0.953794
78	11	1.47852
78	15	1.11553
78	62	0.912083
78	105	0.936283
78	108	1.10337
78	120	0.936549
78	148	0.981677
78	156	1.01318
78	163	0.960517
78	165	0.972895
78	167	0.940151
78	168	0.932817
78	169	0.974377
78	170	0.924255
78	172	0.903136
78	174	0.899625
78	175	0.931415
78	176	0.912012
78	177	0.898865
78	179	0.947647
79	10	1.05822
79	26	1.01822
79	27	0.920891
79	44	0.992014
79	46	0.995219
79	57	1.04473
79	61	0.960407
79	64	1.02116
79	72	1.02047
79	106	0.886654
79	121	1.05309
79	127	0.997153
79	137	1.28516
79	145	1.00485
79	149	0.996699
79	150	1.00713
79	154	1.02876
79	159	1.03629
79	172	2.19486
79	180	0.892558
80	10	1.17728
80	27	0.876293
80	43	0.953487
80	44	0.947416
80	46	0.950621
80	50	1.12859
80	57	1.00014
80	108	1.39155
80	118	0.944087
80	122	0.975637
80	133	0.964682
80	143	0.961874
80	145	0.960248
80	155	0.979475
80	164	0.915353
80	165	0.942837
80	169	0.944319
80	175	0.901357
80	177	0.868807
80	179	0.917589
81	63	0.963991
81	68	0.962472
81	76	1.02479
81	107	1.01947
81	110	1.03599
81	122	1.03095
81	125	1.67045
81	129	0.994818
81	130	0.987217
81	143	1.01719
81	145	1.01556
81	149	1.00741
81	153	1.40296
81	154	1.03947
81	155	1.03479
81	159	1.047
81	160	0.907134
81	170	1.41859
81	178	0.906969
81	180	0.903272
82	17	0.943859
82	63	0.964003
82	76	1.0248
82	85	1.069
82	93	0.908141
82	110	1.036
82	113	1.12077
82	114	1.09237
82	127	1.00788
82	129	0.99483
82	130	0.987228
82	143	1.0172
82	145	1.01557
82	149	1.00743
82	154	1.03949
82	155	1.0348
82	159	1.04701
82	174	2.16662
82	178	0.906981
82	180	0.903284
83	13	0.952061
83	25	1.02885
83	29	0.659145
83	45	1.01191
83	48	0.982642
83	51	1.02101
83	56	0.962614
83	58	1.04771
83	60	0.970538
83	67	1.03662
83	71	0.954782
83	73	1.03247
83	75	1.01265
83	87	0.977004
83	90	0.988439
83	100	0.900799
83	150	1.00671
83	161	2.60124
83	171	0.912957
83	173	1.17108
83	180	0.892144
84	6	1.02734
84	12	1.01614
84	38	0.937406
84	61	0.91891
84	64	0.979665
84	69	0.80809
84	72	0.978971
84	143	0.996219
84	147	0.946927
84	154	1.1027
84	157	0.962232
84	158	0.958873
84	159	1.02231
84	162	0.961927
84	169	0.94742
84	170	0.897298
84	171	0.871874
84	175	0.904458
84	176	0.885055
84	177	0.871908
84	179	0.92069
85	76	1.08769
85	82	1.069
85	98	0.919671
85	107	1.08238
85	113	0.537211
85	120	1.30048
85	124	1.94968
85	129	1.05773
85	130	1.05013
85	137	0.756109
85	143	1.0801
85	144	1.08304
85	145	1.07847
85	149	1.07032
85	154	1.10238
85	155	1.0977
85	159	1.10991
85	161	0.942801
85	173	1.61061
85	178	0.969878
85	180	0.966182
86	8	1.06397
86	47	0.963682
86	53	0.91442
86	65	1.00325
86	66	1.02504
86	77	1.08922
86	94	1.01653
86	99	0.948489
86	101	0.974964
86	102	0.998413
86	112	1.15811
86	116	0.997246
86	138	0.967221
86	141	0.995982
86	147	0.972881
86	150	0.991585
86	157	0.988186
86	158	0.984827
86	162	0.987881
86	165	1.15231
86	174	1.84851
87	54	1.023
87	67	1.0298
87	75	1.00583
87	83	0.977004
87	88	1.04429
87	90	0.98162
87	96	0.999213
87	110	1.01804
87	111	0.957953
87	113	1.14304
87	130	0.969269
87	141	1.00429
87	147	0.981191
87	149	0.989466
87	155	1.01684
87	159	1.02905
87	162	0.996191
87	164	1.48023
87	168	1.64125
87	171	0.906138
87	180	0.885325
88	3	1.01096
88	34	0.941862
88	47	1.0461
88	65	1.08567
88	87	1.04429
88	97	1.08973
88	108	1.04125
88	111	1.03206
88	116	1.07966
88	137	1.00289
88	138	1.04963
88	139	1.08851
88	141	1.0784
88	144	0.782645
88	152	0.962672
88	157	1.0706
88	158	1.06724
88	162	1.07029
88	167	1.11891
88	173	1.85739
88	178	0.963126
89	59	0.826896
89	111	0.858898
89	114	1.05949
89	115	1.02376
89	120	0.978701
89	142	1.02305
89	146	0.992054
89	153	0.98771
89	154	0.828497
89	157	0.593636
89	163	1.00267
89	166	0.96154
89	167	0.982303
89	168	0.974969
89	169	1.01653
89	170	0.966407
89	172	0.945288
89	175	0.973567
89	176	0.954164
89	177	0.941017
89	179	0.989799
90	13	0.956677
90	16	0.952747
90	25	1.03347
90	45	1.01653
90	48	0.987258
90	53	1.00434
90	56	0.96723
90	58	1.05232
90	60	0.975153
90	67	1.04124
90	71	0.959398
90	73	1.03708
90	75	1.01727
90	83	0.988439
90	87	0.98162
90	137	0.556079
90	150	1.01133
90	153	0.985214
90	161	2.84074
90	171	0.917573
90	180	0.89676
91	66	0.588787
91	116	0.900181
91	119	1.05281
91	120	0.984957
91	121	1.05212
91	132	0.978556
91	141	0.825543
91	148	1.03008
91	151	1.01082
91	162	0.880126
91	163	1.00892
91	164	0.993819
91	167	0.988559
91	170	0.972663
91	172	0.951544
91	174	0.948033
91	175	0.979823
91	176	0.960419
91	177	0.947272
91	179	0.996054
91	180	0.926425
92	34	0.968052
92	61	0.90701
92	127	1.19192
92	131	0.982129
92	135	0.981211
92	148	0.978527
92	153	0.942408
92	156	1.01003
92	162	1.2128
92	165	0.969745
92	166	0.916238
92	168	0.929667
92	170	0.921106
92	172	0.899986
92	173	0.909392
92	174	0.896475
92	175	0.928265
92	176	0.908862
92	177	0.895715
92	179	0.944497
93	2	0.968165
93	8	0.85609
93	77	1.05128
93	82	0.908141
93	110	0.666141
93	125	0.994091
93	141	0.586275
93	148	1.07123
93	155	0.605035
93	160	1.06591
93	165	1.06245
93	166	1.00895
93	167	1.02971
93	168	1.02237
93	169	1.06393
93	170	1.01381
93	172	0.992694
93	173	1.0021
93	174	0.989183
93	175	1.02097
93	176	1.00157
93	177	0.988423
93	179	1.0372
94	15	1.07665
94	50	1.04008
94	65	1.06621
94	70	0.625135
94	86	1.01653
94	101	1.03792
94	108	1.0218
94	111	1.0126
94	116	1.06021
94	138	1.03018
94	141	1.05894
94	146	1.51757
94	147	1.03584
94	152	0.943219
94	156	1.0604
94	157	1.05115
94	158	1.04779
94	161	0.916595
94	162	1.05084
94	164	1.42508
94	167	1.4228
94	171	0.960789
94	178	0.943673
95	6	1.01937
95	34	0.986936
95	46	0.997989
95	76	1.19598
95	118	0.989879
95	123	1.016
95	132	0.945883
95	140	1.01738
95	142	0.996632
95	143	1.20938
95	146	0.965637
95	152	0.896995
95	156	1.02891
95	160	0.992088
95	167	0.955886
95	168	0.948551
95	170	0.93999
95	173	0.928276
95	174	0.915359
95	175	0.947149
95	176	0.927746
95	177	0.914599
95	179	0.963381
95	180	0.893752
96	9	1.07342
96	22	0.964048
96	74	0.973221
96	87	0.999213
96	107	1.03055
96	109	0.994579
96	122	1.04203
96	127	1.01895
96	129	1.0059
96	130	0.998298
96	133	1.03108
96	142	1.15753
96	143	1.02827
96	145	1.02664
96	149	1.01849
96	151	1.28425
96	154	1.05056
96	155	1.04587
96	159	1.05808
96	160	1.23681
96	165	1.43426
96	178	0.91805
96	179	1.41607
96	180	0.914354
97	11	0.981936
97	30	0.976629
97	31	0.972322
97	88	1.08973
97	101	1.02872
97	102	1.05217
97	111	1.0034
97	116	1.051
97	120	1.62104
97	131	0.951991
97	138	1.02098
97	139	1.05985
97	141	1.04974
97	142	0.930697
97	147	1.02664
97	150	1.04534
97	152	0.934012
97	157	1.04194
97	161	0.907389
97	162	1.04164
97	170	1.52143
97	171	0.951583
97	176	1.54477
97	178	0.934466
98	75	4.8
98	85	0.919671
98	107	0.870154
98	117	0.700984
98	122	0.881632
98	124	0.777758
98	125	0.78047
98	126	0.868438
98	139	0.883032
98	141	0.872922
98	149	0.858096
98	154	0.890157
98	155	0.88547
98	157	0.865126
98	159	0.897683
98	162	0.864821
98	164	0.821348
98	168	0.808754
98	173	0.788479
98	175	0.807352
98	176	0.787949
98	177	0.774802
98	178	0.757651
98	179	0.823584
99	11	0.923105
99	24	0.925146
99	31	0.913491
99	35	0.973007
99	52	0.966158
99	59	1.01469
99	86	0.948489
99	101	0.969888
99	108	0.953762
99	115	1.6181
99	116	0.99217
99	123	1.38851
99	126	0.986422
99	138	0.962144
99	139	1.00102
99	141	0.990906
99	147	0.967805
99	151	1.60189
99	157	0.98311
99	158	0.979751
99	161	0.848558
99	162	0.982805
99	163	1.65196
99	171	0.892752
100	83	0.900799
100	103	0.937119
100	106	0.983876
100	128	0.938883
100	134	0.888773
100	140	0.973176
100	141	1.60201
100	151	0.933946
100	153	0.917092
100	156	0.984713
100	161	0.826172
100	162	1.6566
100	163	0.932051
100	164	0.916945
100	165	0.944429
100	166	0.890922
100	169	0.945911
100	172	0.874671
100	174	0.87116
100	175	0.902949
100	176	0.883546
100	177	0.870399
100	178	0.853249
100	179	0.919181
101	8	1.08537
101	11	0.94958
101	30	0.944273
101	41	1.01146
101	65	1.02465
101	66	1.04644
101	86	0.974964
101	94	1.03792
101	97	1.02872
101	99	0.969888
101	102	1.01981
101	111	0.971042
101	117	0.845443
101	134	1.57192
101	139	1.02749
101	141	1.01738
101	144	0.740422
101	147	0.99428
101	150	1.01298
101	157	1.00958
101	158	1.00623
101	162	1.00928
101	175	1.40128
101	179	1.07324
101	180	2.03466
102	24	0.97507
102	32	0.832953
102	35	1.02293
102	39	1.02299
102	52	1.01608
102	66	1.06989
102	86	0.998413
102	97	1.05217
102	101	1.01981
102	108	1.00369
102	111	0.994491
102	123	0.938391
102	126	1.03635
102	137	1.17102
102	138	1.01207
102	141	1.04083
102	147	1.01773
102	152	0.925106
102	157	1.03303
102	158	1.02968
102	167	1.28704
102	169	1.26632
102	171	0.942676
102	178	0.92556
102	180	2.24502
103	69	0.845061
103	100	0.937119
103	110	0.896685
103	114	1.02735
103	120	0.946563
103	132	0.940162
103	133	0.868953
103	135	0.994375
103	136	0.982393
103	137	1.00911
103	147	1.03912
103	151	0.972425
103	158	0.726333
103	160	0.986368
103	163	0.970531
103	164	0.955425
103	165	0.982909
103	168	0.942831
103	172	0.91315
103	173	0.922556
103	174	0.909639
103	175	0.941429
103	176	0.922025
103	177	0.908879
103	179	0.957661
104	38	4.8
104	132	0.825937
104	140	0.897429
104	148	0.877465
104	151	0.8582
104	153	0.841346
104	156	0.908967
104	160	0.872142
104	161	0.750425
104	163	0.856305
104	165	0.868683
104	166	0.815176
104	167	0.83594
104	169	0.870165
104	170	0.820044
104	171	0.794619
104	172	0.798925
104	173	0.80833
104	174	0.795414
104	175	0.827203
104	176	0.8078
104	177	0.794653
104	178	0.777503
104	179	0.843435
105	37	0.836088
105	43	0.860108
105	49	0.907601
105	78	0.936283
105	125	0.885246
105	137	0.979811
105	143	1.6172
105	148	0.96239
105	150	1.58558
105	153	0.92627
105	160	0.957067
105	163	0.941229
105	165	0.953608
105	166	0.9001
105	167	0.920864
105	168	0.91353
105	170	0.904968
105	172	0.883849
105	173	0.893255
105	175	0.912128
105	176	0.892724
105	177	0.879577
105	179	0.928359
105	180	0.85873
106	79	0.886654
106	100	0.983876
106	113	1.06814
106	114	1.07411
106	123	1.05704
106	125	0.961305
106	128	1.02412
106	130	1.01259
106	132	0.98692
106	150	0.549062
106	151	1.01918
106	155	0.638052
106	158	0.528806
106	160	1.03313
106	161	0.911409
106	164	1.00218
106	167	0.996923
106	168	0.989589
106	169	1.03115
106	172	0.959908
106	174	0.956397
106	175	0.988187
106	176	0.968783
106	177	0.955636
106	179	1.00442
107	17	0.957239
107	18	0.956776
107	68	0.975864
107	69	0.873693
107	81	1.01947
107	85	1.08238
107	96	1.03055
107	98	0.870154
107	109	0.99689
107	115	1.0535
107	127	1.02126
107	130	1.00061
107	133	1.03339
107	143	1.03058
107	145	1.02895
107	149	1.02081
107	154	1.05287
107	155	1.04818
107	156	0.810163
107	159	1.06039
107	161	0.893284
107	168	1.33587
107	172	1.96626
107	173	1.91105
107	178	0.920361
107	180	0.916664
108	19	1.03475
108	24	0.935496
108	35	0.983358
108	59	1.02504
108	66	1.03032
108	78	1.10337
108	80	1.39155
108	88	1.04125
108	94	1.0218
108	99	0.953762
108	102	1.00369
108	111	0.954917
108	116	1.00252
108	118	1.02606
108	123	1.08745
108	126	0.996772
108	138	0.972494
108	139	1.01137
108	141	1.00126
108	147	0.978155
108	157	0.99346
108	158	0.990101
108	161	0.858908
108	162	0.993155
108	166	1.91195
108	171	0.903102
108	178	0.885985
109	18	0.920802
109	20	1.01966
109	28	0.822742
109	40	0.911423
109	42	0.986376
109	74	0.939558
109	76	1.0022
109	96	0.994579
109	107	0.99689
109	110	1.0134
109	122	1.00837
109	127	0.985286
109	129	0.972236
109	130	0.964635
109	133	0.997412
109	143	0.994605
109	145	0.992979
109	149	0.984832
109	152	0.883933
109	154	1.01689
109	155	1.01221
109	159	1.02442
109	160	1.19014
109	167	1.37286
109	170	1.7016
109	171	1.9605
109	178	0.884387
109	180	0.88069
110	16	0.989165
110	18	0.973289
110	63	0.993897
110	68	0.992377
110	81	1.03599
110	82	1.036
110	87	1.01804
110	93	0.666141
110	103	0.896685
110	109	1.0134
110	122	1.06086
110	127	1.03777
110	129	1.02472
110	130	1.01712
110	133	1.0499
110	143	1.04709
110	144	1.05004
110	145	1.04547
110	146	1.30845
110	154	1.06938
110	155	1.06469
110	159	1.07691
110	161	0.909797
110	168	1.37698
110	169	1.19296
110	176	1.56576
110	178	0.936875
110	180	0.933178
111	11	0.924259
111	19	1.02556
111	41	0.986138
111	47	0.95976
111	50	0.973193
111	87	0.957953
111	88	1.03206
111	89	0.858898
111	94	1.0126
111	97	1.0034
111	101	0.971042
111	102	0.994491
111	108	0.954917
111	116	0.993324
111	126	0.987576
111	138	0.963299
111	139	1.00217
111	141	0.99206
111	147	0.968959
111	156	0.869676
111	157	0.984264
111	158	0.980905
111	161	0.849712
111	162	0.983959
111	164	1.23436
111	173	1.97056
111	178	0.87679
111	180	2.19006
112	10	1.24238
112	86	1.15811
112	114	1.01569
112	115	0.979961
112	117	0.823401
112	121	1.00207
112	139	1.16786
112	146	0.948256
112	149	1.11543
112	151	0.960765
112	156	1.01153
112	160	0.974708
112	161	0.852991
112	163	0.95887
112	164	0.943765
112	165	0.971249
112	167	0.938505
112	168	0.931171
112	169	0.97273
112	172	0.90149
112	173	0.910896
112	174	0.897979
112	175	0.929769
112	176	0.910365
112	177	0.897218
112	179	0.946
112	180	0.876371
113	35	0.777535
113	82	1.12077
113	85	0.537211
113	87	1.14304
113	106	1.06814
113	119	1.0602
113	121	1.05951
113	123	1.05606
113	137	1.05489
113	142	1.03669
113	155	0.817659
113	156	1.06897
113	158	0.708413
113	160	1.03215
113	164	1.0012
113	165	1.02869
113	166	0.975182
113	167	0.995945
113	168	0.988611
113	169	1.03017
113	170	0.980049
113	172	0.95893
113	173	0.968336
113	174	0.955419
113	175	0.987209
113	176	0.967806
113	177	0.954659
113	178	0.937508
113	179	1.00344
114	33	0.824778
114	61	0.519294
114	82	1.09237
114	89	1.05949
114	103	1.02735
114	106	1.07411
114	112	1.01569
114	119	1.06617
114	134	0.979007
114	146	1.01167
114	148	1.04345
114	149	0.731576
114	159	0.757987
114	160	1.03812
114	162	0.825087
114	163	1.02229
114	165	1.03466
114	166	0.981156
114	167	1.00192
114	168	0.994585
114	169	1.03614
114	170	0.986024
114	171	0.960599
114	172	0.964905
114	173	0.97431
114	174	0.961394
114	176	0.97378
114	177	0.960633
114	179	1.00942
115	40	0.934787
115	72	0.861297
115	76	0.962743
115	89	1.02376
115	99	1.6181
115	107	1.0535
115	112	0.979961
115	121	1.02975
115	125	0.93057
115	134	0.943275
115	135	1.0104
115	142	1.00693
115	150	0.94452
115	156	1.03922
115	160	1.00239
115	164	0.971447
115	166	0.945424
115	167	0.966188
115	168	0.958854
115	169	1.00041
115	170	0.950292
115	172	0.929173
115	173	0.938579
115	174	0.925662
115	175	0.957452
115	176	0.938048
115	177	0.924901
115	179	0.973683
115	180	0.904054
116	15	1.05737
116	31	0.962249
116	47	1.00736
116	52	1.01492
116	59	1.06345
116	65	1.04693
116	86	0.997246
116	88	1.07966
116	91	0.900181
116	94	1.06021
116	97	1.051
116	99	0.99217
116	108	1.00252
116	111	0.993324
116	117	0.867725
116	126	1.03518
116	139	1.04977
116	142	0.946465
116	147	1.01656
116	152	0.923939
116	157	1.03187
116	158	1.02851
116	160	1.02574
116	162	1.03156
116	169	1.18773
116	170	1.5372
116	171	0.941509
116	177	1.95917
116	178	0.924393
117	25	5.6
117	37	0.724852
117	50	0.847595
117	98	0.700984
117	101	0.845443
117	112	0.823401
117	116	0.867725
117	122	0.875172
117	126	0.861977
117	129	0.83904
117	130	0.831439
117	132	0.799625
117	135	0.853837
117	141	0.866462
117	145	0.859783
117	149	0.851636
117	154	0.883697
117	155	0.879009
117	157	0.858665
117	158	0.855307
117	159	0.891223
117	161	0.724114
117	165	0.842372
117	169	0.843853
117	170	0.793732
117	175	0.800892
117	176	0.781488
117	177	0.768342
118	80	0.944087
118	95	0.989879
118	108	1.02606
118	121	1.02229
118	123	1.01884
118	125	0.923108
118	129	1.10389
118	131	1.00385
118	134	0.935813
118	137	1.01767
118	142	0.999472
118	146	0.968477
118	147	0.946078
118	151	0.980986
118	154	0.791641
118	156	1.03175
118	157	0.55678
118	164	0.963985
118	166	0.937962
118	167	0.958726
118	168	0.951391
118	169	0.992951
118	170	0.94283
118	172	0.921711
118	173	0.931116
118	174	0.9182
118	176	0.930586
118	177	0.917439
118	179	0.966221
119	5	1.01018
119	36	1.06854
119	39	0.965253
119	41	0.719481
119	91	1.05281
119	113	1.0602
119	114	1.06617
119	124	0.950654
119	126	0.950229
119	131	1.03411
119	136	1.02121
119	137	1.04793
119	138	0.579768
119	140	1.05047
119	148	1.03051
119	150	0.49292
119	160	1.02519
119	163	1.00935
119	164	0.994244
119	165	1.02173
119	169	1.02321
119	170	0.973088
119	172	0.951969
119	173	0.961375
119	174	0.948458
119	175	0.980248
119	176	0.960845
119	177	0.947698
119	179	0.99648
120	23	1.02799
120	78	0.936549
120	85	1.30048
120	89	0.978701
120	91	0.984957
120	97	1.62104
120	103	0.946563
120	124	0.8828
120	134	0.898217
120	135	0.965339
120	137	0.980077
120	140	0.98262
120	145	1.6851
120	153	0.926536
120	164	0.926389
120	165	0.953874
120	166	0.900366
120	167	0.92113
120	168	0.913796
120	169	0.955355
120	170	0.905234
120	171	0.879809
120	172	0.884115
120	173	0.893521
120	174	0.880604
120	175	0.912394
120	176	0.89299
120	177	0.879843
120	178	0.862693
120	179	0.928625
121	33	0.840007
121	38	1.36365
121	73	0.390706
121	79	1.05309
121	91	1.05212
121	112	1.00207
121	113	1.05951
121	115	1.02975
121	118	1.02229
121	123	1.04841
121	124	0.949966
121	131	1.03342
121	139	0.799234
121	140	1.04979
121	153	0.993702
121	154	0.853599
121	156	1.06132
121	163	1.00866
121	166	0.967533
121	167	0.988296
121	168	0.980962
121	169	1.02252
121	170	0.9724
121	172	0.951281
121	173	0.960687
121	175	0.97956
121	176	0.960156
121	177	0.94701
121	178	0.929859
121	179	0.995792
122	9	1.08721
122	18	0.968254
122	49	1.38349
122	68	0.987342
122	74	0.98701
122	80	0.975637
122	81	1.03095
122	96	1.04203
122	98	0.881632
122	109	1.00837
122	110	1.06086
122	117	0.875172
122	127	1.03274
122	129	1.01969
122	130	1.01209
122	131	1.14466
122	133	1.04486
122	140	1.14099
122	143	1.04206
122	149	1.03228
122	152	0.931385
122	154	1.06434
122	155	1.05966
122	159	1.07187
122	161	0.904762
122	163	1.30016
122	165	1.4001
122	169	1.36464
122	178	0.931839
122	180	0.928142
123	19	1.1364
123	75	0.577919
123	95	1.016
123	99	1.38851
123	102	0.938391
123	106	1.05704
123	108	1.08745
123	113	1.05606
123	118	1.01884
123	121	1.04841
123	134	0.961934
123	137	1.04379
123	142	1.02559
123	158	0.694678
123	160	1.02105
123	163	1.00521
123	164	0.990107
123	165	1.01759
123	166	0.964084
123	167	0.984847
123	168	0.977513
123	169	1.01907
123	172	0.947832
123	173	0.957238
123	174	0.944321
123	175	0.976111
123	176	0.956707
123	177	0.943561
123	178	0.92641
123	179	0.992342
123	180	0.922713
124	2	0.824858
124	16	2.09095
124	54	0.943186
124	76	2.15937
124	85	1.94968
124	98	0.777758
124	119	0.950654
124	120	0.8828
124	121	0.949966
124	134	0.863489
124	136	0.918629
124	148	0.927928
124	151	0.908662
124	152	0.827511
124	153	0.891808
124	156	0.95943
124	163	0.906767
124	164	0.891661
124	165	0.919146
124	166	0.865638
124	167	0.886402
124	168	0.879068
124	169	0.920627
124	170	0.870506
124	171	0.845081
124	174	0.845876
124	175	0.877666
124	176	0.858262
124	177	0.845115
124	178	0.827965
124	179	0.893897
125	69	0.78401
125	81	1.67045
125	93	0.994091
125	98	0.78047
125	105	0.885246
125	106	0.961305
125	115	0.93057
125	118	0.923108
125	127	1.74812
125	132	0.879111
125	136	0.921342
125	141	1.71441
125	142	0.92986
125	146	0.898865
125	153	0.894521
125	156	0.962142
125	163	0.90948
125	165	0.921858
125	166	0.868351
125	168	0.88178
125	169	0.92334
125	170	0.873218
125	171	0.847794
125	173	0.861505
125	174	0.848588
125	175	0.880378
125	176	0.860975
125	177	0.847828
125	179	0.89661
126	11	0.966115
126	15	1.05162
126	24	0.968155
126	31	0.956501
126	41	1.02799
126	52	1.00917
126	53	0.952353
126	59	1.0577
126	65	1.04119
126	98	0.868438
126	99	0.986422
126	102	1.03635
126	108	0.996772
126	111	0.987576
126	116	1.03518
126	117	0.861977
126	119	0.950229
126	131	1.2802
126	138	1.00515
126	139	1.04403
126	141	1.03392
126	144	1.18463
126	147	1.01081
126	157	1.02612
126	158	1.02276
126	161	0.891568
126	162	1.02581
126	165	1.53564
126	167	1.52089
126	169	1.50017
126	178	0.918645
127	7	0.964774
127	17	0.945635
127	40	0.935793
127	55	0.542622
127	63	0.965779
127	74	0.963928
127	79	0.997153
127	82	1.00788
127	92	1.19192
127	96	1.01895
127	107	1.02126
127	109	0.985286
127	110	1.03777
127	122	1.03274
127	125	1.74812
127	129	0.996606
127	130	0.989005
127	133	1.02178
127	143	1.01897
127	144	1.02192
127	145	1.01735
127	149	1.0092
127	154	1.04126
127	155	1.03658
127	159	1.04879
127	160	0.984808
127	161	0.88168
127	166	1.64337
127	178	0.908757
127	179	1.16407
127	180	0.90506
128	31	1.62004
128	32	0.800886
128	39	1.16186
128	100	0.938883
128	106	1.02412
128	131	0.997057
128	132	0.941927
128	136	0.984157
128	140	1.01342
128	146	0.961681
128	148	0.993455
128	151	0.97419
128	153	0.957336
128	154	0.827628
128	155	0.77852
128	156	1.02496
128	162	0.814344
128	163	0.972295
128	164	0.957189
128	166	0.931166
128	167	0.95193
128	168	0.944595
128	169	0.986155
128	170	0.936034
128	173	0.92432
128	174	0.911403
128	175	0.943193
128	176	0.92379
128	177	0.910643
128	179	0.959425
128	180	0.889796
129	9	1.05107
129	17	0.932585
129	20	1.03098
129	22	0.941705
129	63	0.952729
129	68	0.95121
129	70	0.716262
129	74	0.950878
129	81	0.994818
129	82	0.99483
129	85	1.05773
129	96	1.0059
129	109	0.972236
129	110	1.02472
129	117	0.83904
129	118	1.10389
129	122	1.01969
129	127	0.996606
129	130	0.975955
129	133	1.00873
129	136	1.44811
129	143	1.00592
129	145	1.0043
129	148	1.11979
129	149	0.996152
129	152	0.895253
129	154	1.02821
129	155	1.02353
129	159	1.03574
129	176	1.86601
129	178	0.895707
129	179	1.51048
130	18	0.924521
130	20	1.02338
130	51	1.01327
130	63	0.945128
130	68	0.943609
130	74	0.943277
130	81	0.987217
130	82	0.987228
130	85	1.05013
130	87	0.969269
130	96	0.998298
130	106	1.01259
130	107	1.00061
130	109	0.964635
130	110	1.01712
130	117	0.831439
130	122	1.01209
130	127	0.989005
130	129	0.975955
130	133	1.00113
130	143	0.998324
130	145	0.996698
130	148	1.13298
130	149	0.988551
130	154	1.02061
130	155	1.01592
130	156	1.16471
130	159	1.02814
130	163	1.44191
130	168	1.69041
130	176	1.8792
130	178	0.888106
130	180	0.88441
131	1	0.86319
131	62	0.941792
131	92	0.982129
131	97	0.951991
131	118	1.00385
131	119	1.03411
131	121	1.03342
131	122	1.14466
131	126	1.2802
131	128	0.997057
131	134	0.946947
131	140	1.03135
131	142	1.01061
131	148	1.01139
131	151	0.99212
131	153	0.975266
131	157	0.726126
131	160	1.00606
131	162	0.947704
131	163	0.990226
131	165	1.0026
131	166	0.949097
131	167	0.96986
131	168	0.962526
131	169	1.00409
131	172	0.932845
131	173	0.942251
131	174	0.929334
131	175	0.961124
131	176	0.94172
131	177	0.928574
131	179	0.977356
131	180	0.907727
132	91	0.978556
132	95	0.945883
132	103	0.940162
132	104	0.825937
132	106	0.98692
132	117	0.799625
132	125	0.879111
132	128	0.941927
132	137	0.973677
132	138	1.23991
132	141	1.22329
132	145	1.34622
132	148	0.956255
132	149	1.18436
132	151	0.93699
132	160	0.950932
132	163	0.935095
132	164	0.919989
132	165	0.947473
132	166	0.893966
132	167	0.914729
132	168	0.907395
132	169	0.948955
132	170	0.898833
132	172	0.877714
132	173	0.88712
132	174	0.874203
132	175	0.905993
132	176	0.88659
132	177	0.873443
132	179	0.922225
132	180	0.852596
133	17	0.957761
133	18	0.957298
133	20	1.05616
133	22	0.966881
133	32	0.828276
133	39	1.01831
133	42	1.02287
133	63	0.977905
133	68	0.976386
133	74	0.976054
133	80	0.964682
133	96	1.03108
133	103	0.868953
133	107	1.03339
133	109	0.997412
133	110	1.0499
