1	9	0.717955
1	13	0.697435
1	14	0.641567
1	27	0.5071
1	41	0.770971
1	51	0.794889
1	71	0.74351
1	136	0.797974
1	145	0.774997
1	154	14
1	155	0.767464
1	179	9.98581
2	39	0.739807
2	42	0.757799
2	72	2.54948
2	141	0.73581
2	142	0.733118
2	154	0.60579
2	167	2.14009
2	170	0.737496
2	174	0.749431
2	175	0.742109
2	179	0.634059
2	180	0.762286
3	83	2.20119
3	88	0.761465
3	116	0.80953
3	140	0.798616
3	142	0.794638
3	148	0.783668
3	163	0.811213
3	165	1.2044
3	171	1.32724
3	174	0.810952
3	175	0.80363
3	180	0.823807
4	94	0.80033
4	97	0.824908
4	99	0.791064
4	105	1.81933
4	106	0.837307
4	111	0.783742
4	130	0.824364
4	162	1.75734
4	166	1.39871
4	173	0.818063
4	178	0.821408
4	179	0.699463
5	92	1.5556
5	113	1.65674
5	118	0.758389
5	119	0.825151
5	148	0.803769
5	167	1.40661
5	172	0.800055
5	174	0.831053
5	175	0.82373
5	176	0.827895
5	177	0.683372
5	180	0.843908
6	65	0.727935
6	77	0.714375
6	91	2.48311
6	95	0.753681
6	104	2.44208
6	113	0.769836
6	121	0.769291
6	149	0.591855
6	150	0.752584
6	165	0.762515
6	167	0.764372
6	177	0.596609
7	20	0.59642
7	30	2.38206
7	45	0.746704
7	68	0.719199
7	130	0.758019
7	131	0.76142
7	138	0.743435
7	164	0.733665
7	165	2.4699
7	173	0.751717
7	178	0.755062
7	179	0.633118
8	36	0.7486
8	56	0.753483
8	86	2.3135
8	129	0.80077
8	137	1.30321
8	157	0.834507
8	170	0.807116
8	172	0.788053
8	174	0.819051
8	176	0.815893
8	178	0.996788
8	180	0.831906
9	1	0.717955
9	13	0.740247
9	27	1.19008
9	41	0.569201
9	48	6
9	51	0.75462
9	101	0.471298
9	136	1.11303
9	145	0.734728
9	155	0.727195
9	179	4.93507
10	24	0.703884
10	25	2.05942
10	95	0.739119
10	110	0.703388
10	121	0.754729
10	122	0.734999
10	146	0.748165
10	147	0.749026
10	149	0.577293
10	165	0.747954
10	167	0.749811
10	180	2.88102
11	15	0.657038
11	27	0.447822
11	28	0.659637
11	41	0.432198
11	51	0.73561
11	73	0.547982
11	82	0.68746
11	98	2.86551
11	150	0.723013
11	165	0.732945
11	168	2.08927
11	178	0.721291
12	57	0.730697
12	65	0.748615
12	72	0.725261
12	82	0.73771
12	95	0.774361
12	96	0.757273
12	117	0.625373
12	120	0.707725
12	139	0.776735
12	152	2.28743
12	175	2.51845
12	177	0.617289
13	1	0.697435
13	9	0.740247
13	27	0.446311
13	41	0.430688
13	51	0.7341
13	114	0.79627
13	136	0.737185
13	145	0.714208
13	155	0.706675
13	179	6.80897
14	1	0.641567
14	27	1.18241
14	51	0.678231
14	83	0.645248
14	92	0.675495
14	147	0.676638
14	149	0.504905
14	168	0.664511
14	170	0.645405
14	175	0.650018
14	178	4.73983
14	180	0.670195
15	11	0.657038
15	74	0.767842
15	79	0.69223
15	107	0.717006
15	108	0.702662
15	114	2.74733
15	119	2.67633
15	133	0.622125
15	152	0.731877
15	158	0.728396
15	161	0.727739
15	164	0.717264
15	178	0.738662
16	17	0.473406
16	59	0.631826
16	69	0.473937
16	147	0.645953
16	159	0.624867
16	165	0.644881
16	167	0.646738
16	168	0.633827
16	171	0.625407
16	176	0.623497
16	178	0.633228
16	179	0.511283
16	180	0.639511
17	16	0.473406
17	24	0.610678
17	56	0.570954
17	112	0.606754
17	121	0.661523
17	148	0.609238
17	151	0.596668
17	153	0.480389
17	159	0.634733
17	165	0.654747
17	169	0.616834
17	173	0.639749
17	178	0.643094
18	90	5.03689
18	119	0.671062
18	125	0.66627
18	129	0.658683
18	142	0.66065
18	153	0.52083
18	160	0.675857
18	162	0.672823
18	168	0.684135
18	169	0.657275
18	174	0.676964
18	179	0.561591
18	180	0.689819
19	45	0.735726
19	99	0.71374
19	111	0.706418
19	117	0.597915
19	127	0.721755
19	129	2.65787
19	132	0.716278
19	144	2.68812
19	151	0.697658
19	155	0.730978
19	158	0.733818
19	171	0.736263
19	178	0.744084
20	7	0.59642
20	65	0.621345
20	69	0.484983
20	106	0.660172
20	121	0.662702
20	134	0.65047
20	149	0.485266
20	153	0.481567
20	170	0.625766
20	173	0.640928
20	174	0.637701
20	180	0.650556
21	64	0.776227
21	65	0.766445
21	71	1.52162
21	77	0.752886
21	113	0.808347
21	120	0.725556
21	122	0.788072
21	126	1.84671
21	139	0.794566
21	146	0.801237
21	150	0.791095
21	165	0.801026
21	168	2.03967
22	32	0.739207
22	33	1.492
22	45	1.89251
22	97	1.70459
22	129	0.777309
22	148	0.768306
22	163	0.795851
22	166	0.780454
22	168	0.802761
22	170	0.783654
22	172	0.764592
22	174	0.795589
22	176	0.792431
23	83	0.795297
23	92	0.825544
23	106	1.45214
23	110	0.781049
23	120	0.750144
23	121	0.83239
23	134	0.820159
23	149	0.654954
23	165	0.825615
23	166	1.80717
23	167	0.827472
23	175	2.00153
23	179	0.692017
24	10	0.703884
24	17	0.610678
24	26	0.705594
24	77	0.734012
24	96	0.75623
24	97	2.64776
24	120	0.706682
24	122	0.769198
24	150	0.772221
24	167	0.784009
24	173	2.46783
24	177	0.616246
24	179	0.648554
25	10	2.05942
25	103	0.789052
25	115	0.75998
25	123	1.32253
25	124	0.787158
25	143	0.661355
25	144	0.78528
25	151	1.6793
25	166	0.792667
25	170	0.795867
25	174	0.807802
25	175	0.80048
25	180	0.820658
26	24	0.705594
26	55	0.612305
26	57	0.697166
26	69	0.57872
26	82	0.704179
26	92	0.749593
26	110	0.705098
26	122	0.736709
26	136	2.74172
26	147	0.750736
26	160	2.57551
26	165	0.749664
26	167	0.751521
27	1	0.5071
27	9	1.19008
27	11	0.447822
27	13	0.446311
27	14	1.18241
27	41	1.28288
27	51	0.543765
27	55	1.11003
27	117	9.2
27	133	5.69174
27	136	0.46117
27	145	0.554831
27	155	0.51634
28	11	0.659637
28	40	0.735746
28	63	0.759429
28	79	0.694829
28	87	0.683556
28	131	0.747618
28	138	0.729633
28	164	0.719863
28	166	2.48925
28	173	0.737916
28	176	2.85125
28	177	0.587008
28	178	0.741261
29	44	0.785165
29	62	2.95214
29	66	0.801219
29	77	0.742377
29	92	0.790447
29	110	0.745952
29	136	1.23246
29	139	0.784057
29	145	1.25354
29	146	0.790729
29	150	0.780586
29	165	0.790518
29	167	0.792375
30	7	2.38206
30	74	1.40577
30	116	0.784094
30	134	1.24029
30	156	0.774786
30	163	0.785777
30	166	0.77038
30	169	0.765827
30	170	0.77358
30	174	0.785515
30	175	0.778193
30	176	0.782357
30	180	0.798371
31	42	2.33265
31	64	0.722864
31	82	0.702178
31	83	0.717345
31	92	0.747592
31	126	2.99316
31	139	0.741202
31	143	0.58299
31	147	0.748735
31	150	0.737731
31	165	0.747663
31	167	0.74952
31	179	0.614065
32	22	0.739207
32	63	2.12407
32	80	2.95865
32	112	0.703621
32	143	0.586941
32	148	0.706105
32	156	0.72266
32	166	0.718254
32	169	0.7137
32	172	0.702391
32	174	0.733389
32	175	0.726066
32	180	0.746244
33	22	1.492
33	34	0.744935
33	47	0.74188
33	115	1.96683
33	128	0.79142
33	132	0.792976
33	142	1.86304
33	143	0.667762
33	152	0.813996
33	161	0.809858
33	164	0.799384
33	173	0.817436
33	178	0.820781
34	33	0.744935
34	38	0.787521
34	49	0.710946
34	108	0.691069
34	129	2.73201
34	132	0.699264
34	159	0.718709
34	164	0.705671
34	166	2.61511
34	171	0.719248
34	173	0.723724
34	177	0.572816
34	178	0.727069
35	56	0.66677
35	66	2.42801
35	88	0.682851
35	91	0.735314
35	103	0.713588
35	114	0.734465
35	117	0.592742
35	157	0.747795
35	161	2.69251
35	170	0.720403
35	174	0.732338
35	176	0.72918
35	180	0.745194
36	8	0.7486
36	91	0.722296
36	101	0.685671
36	116	0.717899
36	118	0.646657
36	141	0.705699
36	148	0.692037
36	157	0.734777
36	161	2.76743
36	168	0.726492
36	176	0.716162
36	177	0.57164
36	178	2.72271
36	180	0.732176
37	39	0.72996
37	73	0.572846
37	115	0.691762
37	124	0.718939
37	126	0.712213
37	144	0.717062
37	157	0.75504
37	167	2.69375
37	168	0.746755
37	169	0.719896
37	171	2.81818
37	172	0.708586
37	176	0.736426
37	177	0.591903
38	34	0.787521
38	39	1.51078
38	78	0.802904
38	125	1.88437
38	130	0.866324
38	137	0.839175
38	151	0.816942
38	152	0.856582
38	159	0.855007
38	161	0.852444
38	169	1.40251
38	173	0.860023
38	176	1.17153
38	178	0.863368
39	2	0.739807
39	37	0.72996
39	38	1.51078
39	59	1.73149
39	88	0.730659
39	119	0.774245
39	134	2.15493
39	141	0.766526
39	168	0.787318
39	169	0.760458
39	170	0.768212
39	175	0.772824
39	176	0.776988
39	180	0.793002
40	28	0.735746
40	49	0.781277
40	54	1.47287
40	85	0.791014
40	90	0.776233
40	94	0.776322
40	125	2.57643
40	151	0.750974
40	159	0.789039
40	164	0.776002
40	171	0.789579
40	177	0.643147
40	178	0.7974
40	180	1.74363
41	1	0.770971
41	9	0.569201
41	11	0.432198
41	13	0.430688
41	27	1.28288
41	51	0.807636
41	55	1.22901
41	71	1.31766
41	136	0.531226
41	143	11.2
41	145	0.50825
41	155	0.500717
41	168	0.665983
41	179	5.52423
42	2	0.757799
42	31	2.33265
42	115	0.750317
42	125	0.787445
42	129	0.779859
42	138	1.62504
42	158	1.51272
42	162	0.793999
42	174	0.798139
42	175	0.790817
42	176	0.794981
42	177	0.650459
42	179	0.682767
42	180	0.810995
43	50	0.483586
43	81	0.603964
43	82	0.613262
43	107	0.625437
43	109	0.485212
43	125	0.629828
43	131	0.653451
43	133	0.530556
43	146	0.658958
43	165	0.658747
43	176	0.637363
43	178	0.647094
43	179	0.525149
43	180	0.653377
44	29	0.785165
44	57	0.768371
44	60	0.773345
44	72	0.762935
44	77	0.772729
44	82	0.775384
44	141	2.32179
44	146	0.82108
44	147	0.821942
44	153	0.646511
44	162	2.10999
44	165	0.820869
44	177	0.654963
44	178	1.21255
45	7	0.746704
45	19	0.735726
45	22	1.89251
45	82	2.22881
45	85	0.788172
45	86	0.732624
45	119	1.55665
45	127	0.772228
45	130	0.797514
45	133	0.678019
45	138	0.782929
45	171	0.786736
45	173	0.791212
45	178	0.794557
46	73	0.565732
46	88	0.682982
46	100	0.695897
46	112	0.702702
46	118	0.659806
46	146	2.71927
46	156	0.72174
46	157	0.747926
46	168	0.739641
46	169	0.712781
46	172	0.701472
46	173	2.74268
46	175	0.725147
46	180	0.745325
47	33	0.74188
47	53	0.693139
47	85	0.717629
47	90	0.702848
47	102	0.699457
47	107	0.702358
47	108	0.688014
47	123	0.706374
47	147	2.61723
47	152	0.717229
47	159	0.715654
47	174	2.98326
47	178	0.724014
47	179	0.60207
48	9	6
48	94	0.650896
48	121	0.690402
48	123	0.654333
48	130	0.67493
48	133	0.555436
48	150	0.673696
48	157	0.680858
48	167	0.685484
48	173	0.668629
48	175	0.658079
48	176	0.662243
48	177	0.517721
48	179	0.550029
48	180	0.678257
49	34	0.710946
49	40	0.781277
49	50	0.623284
49	52	0.762385
49	89	0.818115
49	123	0.769152
49	136	0.804197
49	152	0.780007
49	158	0.776526
49	162	2.15835
49	164	0.765395
49	170	2.0096
49	175	1.99409
49	178	0.786793
49	179	0.664848
50	43	0.483586
50	49	0.623284
50	83	0.620743
50	139	0.6446
50	148	0.605551
50	151	0.592981
50	153	0.476702
50	164	0.618009
50	165	0.65106
50	167	0.652917
50	174	0.632835
50	176	0.629677
50	177	0.485154
50	178	0.639407
50	180	0.64569
51	1	0.794889
51	9	0.75462
51	11	0.73561
51	13	0.7341
51	14	0.678231
51	27	0.543765
51	41	0.807636
51	55	0.691529
51	71	0.780174
51	133	4.70826
51	136	0.834639
51	145	0.811662
51	155	0.804129
51	177	29.6
51	179	4.34591
52	49	0.762385
52	53	0.747632
52	75	0.714933
52	103	2.25575
52	114	1.86926
52	127	0.756179
52	131	0.784865
52	149	0.6195
52	152	0.771722
52	159	0.770147
52	161	0.767585
52	164	0.75711
52	170	2.16416
52	173	0.775163
52	178	0.778508
53	47	0.693139
53	52	0.747632
53	68	0.736177
53	111	0.734374
53	129	1.75173
53	136	0.789444
53	138	0.760412
53	156	2.19045
53	158	0.761774
53	161	0.761117
53	164	0.750642
53	171	0.764219
53	172	2.28043
53	173	0.768695
53	178	0.77204
54	40	1.47287
54	64	2.00714
54	81	0.73298
54	86	2.45038
54	91	0.772513
54	141	0.755917
54	142	0.753225
54	156	0.758809
54	169	0.74985
54	172	0.738541
54	174	0.769538
54	175	0.762216
54	176	0.76638
54	179	0.654166
54	180	0.782394
55	26	0.612305
55	27	1.11003
55	41	1.22901
55	51	0.691529
55	85	0.670825
55	112	2.52775
55	119	1.69725
55	122	0.675909
55	147	0.689936
55	152	0.670424
55	155	0.664104
55	163	1.99542
55	167	0.69072
55	171	0.669389
55	178	0.67721
56	8	0.753483
56	17	0.570954
56	35	0.66677
56	81	0.687645
56	96	2.94235
56	115	0.676381
56	137	2.94661
56	160	0.723097
56	162	0.720062
56	166	0.709068
56	168	0.731374
56	174	0.724203
56	176	0.721045
56	177	0.576522
56	180	0.737058
57	12	0.730697
57	26	0.697166
57	44	0.768371
57	110	0.729158
57	120	0.698253
57	122	0.760769
57	134	0.768268
57	139	0.767263
57	144	2.01831
57	146	0.773935
57	150	0.763792
57	165	0.773724
57	167	0.775581
57	170	2.08103
57	175	2.06553
58	61	0.745253
58	85	2.65925
58	156	0.706442
58	160	0.716065
58	162	0.713031
58	165	3.24698
58	166	0.702036
58	169	0.697483
58	170	0.705236
58	172	0.686174
58	175	0.709849
58	176	0.714013
58	177	0.569491
58	179	0.601799
58	180	0.730027
59	16	0.631826
59	39	1.73149
59	78	0.74105
59	81	2.07638
59	86	0.739581
59	98	2.38292
59	99	0.77117
59	102	0.776956
59	128	0.772152
59	132	0.773708
59	138	0.789886
59	155	0.788408
59	173	0.798169
59	177	0.647261
59	178	0.801514
60	44	0.773345
60	64	0.753898
60	71	1.94769
60	99	2.12578
60	113	0.786019
60	117	0.620875
60	121	0.785473
60	122	0.765743
60	134	0.773241
60	147	0.77977
60	150	0.768766
60	163	2.03141
60	165	0.778697
60	167	0.780554
60	179	0.645099
61	58	0.745253
61	75	2.08853
61	80	1.77904
61	100	0.78128
61	115	0.770031
61	134	1.25734
61	144	0.795331
61	161	1.01077
61	162	0.813713
61	163	0.818114
61	166	0.802718
61	168	0.825024
61	172	0.786855
61	174	0.817853
61	175	0.810531
61	180	0.830708
62	29	2.95214
62	114	0.706374
62	119	0.698346
62	125	0.693554
62	126	0.676876
62	140	0.691911
62	149	0.551813
62	159	3.37802
62	168	0.711419
62	169	0.684559
62	170	0.692313
62	172	0.67325
62	174	0.704248
62	175	0.696925
62	176	0.701089
62	180	0.717103
63	28	0.759429
63	32	2.12407
63	76	0.814593
63	78	0.760619
63	93	0.80029
63	102	0.796525
63	106	0.836982
63	141	1.71123
63	151	0.774657
63	158	0.810817
63	161	0.81016
63	164	0.799685
63	171	0.813262
63	175	1.33516
63	178	0.821083
63	180	1.38285
64	21	0.776227
64	31	0.722864
64	54	2.00714
64	60	0.753898
64	70	2.3997
64	83	0.771105
64	96	0.7755
64	109	0.627888
64	110	0.756857
64	120	0.725952
64	122	0.788468
64	146	0.801634
64	147	0.802495
64	152	1.99919
64	177	0.635517
64	179	0.667825
65	6	0.727935
65	12	0.748615
65	20	0.621345
65	21	0.766445
65	77	0.743501
65	134	0.786185
65	136	2.15531
65	139	0.78518
65	145	2.17639
65	146	0.791852
65	147	0.792713
65	154	0.629774
65	165	0.791641
65	167	0.793498
65	176	2.29856
65	177	0.625735
66	29	0.801219
66	35	2.42801
66	72	0.778989
66	77	0.788783
66	78	1.65086
66	83	0.806606
66	95	0.828089
66	113	0.844245
66	120	0.761453
66	122	0.823969
66	126	1.3261
66	150	0.826992
66	163	1.08473
66	165	0.836924
66	167	0.838781
66	177	0.671017
67	76	1.88855
67	94	2.15922
67	103	0.728391
67	106	2.14539
67	119	0.74124
67	126	0.719771
67	136	0.771118
67	156	0.736413
67	160	0.746036
67	168	0.754313
67	170	0.735207
67	172	0.716144
67	174	0.747142
67	175	0.73982
67	176	0.743984
67	180	0.759997
68	7	0.719199
68	53	0.736177
68	90	0.745886
68	111	0.729386
68	119	1.78609
68	137	0.74286
68	138	0.755424
68	148	2.52625
68	151	0.720626
68	152	0.760267
68	158	0.756786
68	171	0.759232
68	173	0.763707
68	176	2.30413
68	178	0.767052
68	179	0.645108
69	16	0.473937
69	20	0.484983
69	26	0.57872
69	103	0.618302
69	121	0.662054
69	146	0.655489
69	152	0.636839
69	161	0.632702
69	164	0.622227
69	167	0.657135
69	168	0.644224
69	173	0.64028
69	176	0.633895
69	177	0.489372
69	179	0.52168
69	180	0.649908
70	64	2.3997
70	91	0.75777
70	105	0.738183
70	126	0.727424
70	127	2.08075
70	144	0.732273
70	157	0.770251
70	159	1.80344
70	162	0.750655
70	169	0.735107
70	172	0.723797
70	174	0.754795
70	175	0.747473
70	176	0.751637
70	179	0.639423
70	180	0.76765
71	1	0.74351
71	21	1.52162
71	41	1.31766
71	51	0.780174
71	60	1.94769
71	75	0.702281
71	107	0.744199
71	139	1.7924
71	146	1.37984
71	155	0.75275
71	166	0.744148
71	173	0.76251
71	175	0.751961
71	176	0.756125
71	178	0.765855
71	179	0.643911
71	180	0.772139
72	2	2.54948
72	12	0.725261
72	44	0.762935
72	66	0.778989
72	92	0.768216
72	96	0.742365
72	109	0.594752
72	134	0.762831
72	146	0.768498
72	147	0.76936
72	150	0.758356
72	155	2.31706
72	165	0.768287
72	167	0.770144
72	171	1.98075
72	177	0.602381
72	179	0.634689
73	11	0.547982
73	37	0.572846
73	46	0.565732
73	77	0.593118
73	124	0.602389
73	139	0.634798
73	144	0.600511
73	159	0.621245
73	164	0.608208
73	167	0.643116
73	173	0.626261
73	174	0.623033
73	176	0.619875
73	177	0.475353
73	178	0.629606
73	180	0.635889
74	15	0.767842
74	30	1.40577
74	79	0.785662
74	86	0.770162
74	87	0.774389
74	123	0.814454
74	129	1.73605
74	137	0.807902
74	143	0.679075
74	154	0.681881
74	157	1.90501
74	158	0.821829
74	164	0.810697
74	171	0.824274
74	173	0.82875
74	176	1.98115
74	178	0.832095
75	52	0.714933
75	61	2.08853
75	71	0.702281
75	89	0.770663
75	106	0.755239
75	107	0.717684
75	128	0.709979
75	130	0.742297
75	138	0.727713
75	151	0.692915
75	158	0.729074
75	159	0.73098
75	171	0.73152
75	173	0.735995
75	174	2.29697
75	178	0.739341
75	180	2.52692
76	63	0.814593
76	67	1.88855
76	81	2.13548
76	85	0.79004
76	87	0.73872
76	89	0.827748
76	97	0.799926
76	111	0.758759
76	130	0.799382
76	137	0.772233
76	151	0.75
76	164	0.775028
76	168	1.66579
76	171	0.788605
76	173	0.79308
76	178	0.796426
76	180	1.33138
77	6	0.714375
77	21	0.752886
77	24	0.734012
77	29	0.742377
77	44	0.772729
77	65	0.743501
77	66	0.788783
77	73	0.593118
77	114	2.33854
77	117	0.620259
77	127	2.43928
77	134	0.772625
77	146	0.778292
77	150	0.76815
77	165	0.778081
77	173	2.06722
77	179	0.644483
78	38	0.802904
78	59	0.74105
78	63	0.760619
78	66	1.65086
78	80	0.694903
78	87	0.684746
78	99	0.712108
78	108	0.706451
78	138	0.730823
78	151	0.696025
78	161	0.731528
78	164	0.721053
78	171	0.734631
78	173	0.739106
78	175	2.60382
78	178	0.742451
78	180	2.65151
79	15	0.69223
79	28	0.694829
79	74	0.785662
79	107	0.734826
79	120	2.5529
79	127	0.734154
79	132	0.728677
79	137	0.73229
79	147	1.79441
79	155	0.743377
79	159	0.748122
79	161	0.74556
79	171	0.748662
79	173	0.753138
79	178	0.756483
79	179	0.634538
79	180	2.39039
80	32	2.95865
80	61	1.77904
80	78	0.694903
80	86	0.693434
80	87	0.697662
80	89	0.78669
80	131	0.761724
80	137	0.731175
80	138	0.743739
80	144	2.12251
80	145	0.749795
80	152	0.748582
80	159	0.747007
80	161	0.744444
80	171	0.747547
80	177	0.601114
80	178	0.755367
81	43	0.603964
81	54	0.73298
81	56	0.687645
81	59	2.07638
81	76	2.13548
81	125	0.742519
81	134	2.49982
81	135	0.75351
81	142	0.7369
81	148	0.725929
81	166	0.738078
81	170	0.741278
81	172	0.722215
81	174	0.753213
81	175	0.745891
81	176	0.750055
81	180	0.766068
82	11	0.68746
82	12	0.73771
82	26	0.704179
82	31	0.702178
82	43	0.613262
82	44	0.775384
82	45	2.22881
82	95	0.771902
82	96	0.754814
82	110	0.736171
82	147	0.781809
82	150	0.770805
82	153	0.606378
82	161	1.72323
82	165	0.780737
82	167	0.782594
82	172	2.86293
83	3	2.20119
83	14	0.645248
83	23	0.795297
83	31	0.717345
83	50	0.620743
83	64	0.771105
83	66	0.806606
83	109	0.622369
83	120	0.720434
83	121	0.80268
83	130	2.21081
83	134	0.790448
83	145	2.81227
83	153	0.621545
83	165	0.795904
83	167	0.797761
83	177	0.629998
83	179	0.662306
84	85	0.785768
84	89	0.823476
84	108	0.756153
84	123	0.774513
84	128	0.762792
84	131	0.798511
84	132	0.764348
84	135	1.71203
84	137	0.767961
84	159	0.783793
84	161	0.78123
84	163	1.92361
84	167	1.65435
84	171	0.784333
84	173	0.788809
84	177	0.637901
84	178	0.792154
84	180	2.02354
85	40	0.791014
85	45	0.788172
85	47	0.717629
85	55	0.670825
85	58	2.65925
85	76	0.79004
85	84	0.785768
85	90	0.775363
85	93	0.775737
85	111	0.758864
85	130	0.799486
85	156	1.54355
85	158	0.786264
85	164	0.775132
85	168	1.56439
85	171	0.788709
85	172	1.63354
85	178	0.79653
86	8	2.3135
86	45	0.732624
86	54	2.45038
86	59	0.739581
86	74	0.770162
86	80	0.693434
86	94	0.719904
86	97	0.744482
86	107	0.719325
86	132	0.713177
86	137	0.71679
86	153	0.578277
86	158	0.730716
86	161	0.730059
86	171	0.733161
86	173	0.737637
86	174	2.49119
86	178	0.740982
87	28	0.683556
87	74	0.774389
87	76	0.73872
87	78	0.684746
87	80	0.697662
87	102	0.720652
87	116	2.58178
87	128	0.715848
87	130	0.748166
87	131	0.751567
87	145	0.739637
87	152	0.738424
87	158	0.734944
87	169	2.55116
87	173	0.741865
87	176	2.32018
87	177	0.590957
87	178	0.74521
88	3	0.761465
88	35	0.682851
88	39	0.730659
88	46	0.682982
88	108	2.69268
88	116	0.738862
88	125	0.72959
88	140	0.727947
88	152	2.43468
88	157	0.75574
88	162	0.736143
88	170	0.728349
88	172	0.709286
88	175	0.732961
88	176	0.737125
88	177	0.592603
88	178	1.93252
88	180	0.753139
89	49	0.818115
89	75	0.770663
89	76	0.827748
89	80	0.78669
89	84	0.823476
89	109	0.672356
89	114	1.4486
89	128	0.804876
89	142	2.0845
89	143	0.681218
89	149	0.675231
89	151	0.787812
89	159	0.825878
89	162	1.89226
89	164	0.81284
89	169	2.12663
89	173	0.830893
89	177	0.679985
90	18	5.03689
90	40	0.776233
90	47	0.702848
90	68	0.745886
90	85	0.775363
90	93	0.760956
90	101	1.5895
90	108	0.745748
90	111	0.744083
90	116	0.399981
90	125	0.85123
90	127	0.75942
90	128	0.752387
90	138	0.770121
90	161	0.770826
90	164	0.760351
90	171	0.773928
90	173	0.778404
90	178	0.781749
91	6	2.48311
91	35	0.735314
91	36	0.722296
91	54	0.772513
91	70	0.75777
91	101	0.759097
91	104	0.797049
91	112	0.762979
91	144	0.770224
91	148	0.765462
91	158	1.68002
91	164	1.78102
91	167	1.46434
91	169	0.773058
91	170	0.780811
91	172	0.761748
91	176	0.789588
91	177	0.645065
91	180	0.805601
92	5	1.5556
92	14	0.675495
92	23	0.825544
92	26	0.749593
92	29	0.790447
92	31	0.747592
92	72	0.768216
92	96	0.800229
92	116	2.34665
92	120	0.750681
92	139	0.81969
92	147	0.827223
92	150	0.81622
92	153	0.651792
92	155	2.05667
92	163	1.86518
92	167	0.828008
92	177	0.660245
92	179	0.692553
93	63	0.80029
93	85	0.775737
93	90	0.760956
93	100	2.10902
93	102	0.757564
93	106	0.798021
93	111	0.744456
93	112	2.12208
93	123	0.764482
93	124	1.88623
93	128	0.75276
93	132	0.754317
93	137	0.75793
93	158	0.771856
93	159	0.773762
93	171	0.774302
93	176	1.80962
93	177	0.627869
93	178	0.782122
94	4	0.80033
94	40	0.776322
94	48	0.650896
94	67	2.15922
94	86	0.719904
94	97	0.785338
94	108	0.745837
94	123	0.764197
94	124	1.79861
94	142	1.91086
94	148	1.94412
94	151	0.735411
94	152	0.775052
94	158	0.771571
94	159	0.773477
94	161	0.770914
94	171	0.774017
94	173	0.778492
94	178	0.781837
95	6	0.753681
95	10	0.739119
95	12	0.774361
95	66	0.828089
95	82	0.771902
95	102	1.93101
95	121	0.824163
95	146	0.817598
95	147	0.81846
95	150	0.807456
95	153	0.643028
95	154	0.65552
95	155	1.83952
95	165	0.817387
95	167	0.819244
95	172	2.15151
95	176	1.86792
95	177	0.651481
95	179	0.683789
96	12	0.757273
96	24	0.75623
96	56	2.94235
96	64	0.7755
96	72	0.742365
96	82	0.754814
96	92	0.800229
96	113	0.80762
96	120	0.724829
96	134	0.794843
96	139	0.793839
96	143	0.635626
96	144	1.61168
96	146	0.80051
96	150	0.790368
96	167	0.802156
96	170	1.6744
96	171	1.46183
96	179	0.666701
97	4	0.824908
97	22	1.70459
97	24	2.64776
97	76	0.799926
97	86	0.744482
97	94	0.785338
97	108	0.770415
97	127	0.784087
97	128	0.777054
97	151	0.75999
97	154	0.656202
97	155	0.79331
97	159	0.798055
97	161	0.795492
97	162	1.88339
97	165	1.39923
97	173	0.80307
97	177	0.652163
97	179	0.684471
98	11	2.86551
98	59	2.38292
98	100	0.702466
98	112	0.709272
98	117	0.599442
98	135	0.739336
98	143	0.592591
98	145	0.740039
98	160	0.737933
98	162	0.734899
98	163	0.7393
98	166	0.723904
98	169	0.719351
98	170	0.727104
98	172	0.708041
98	173	2.69753
98	174	0.739039
98	175	0.731717
98	176	0.735881
98	179	0.623667
99	4	0.791064
99	19	0.71374
99	59	0.77117
99	60	2.12578
99	78	0.712108
99	106	0.788471
99	107	0.750915
99	108	0.736572
99	109	0.61069
99	127	0.750243
99	131	0.778929
99	137	0.748379
99	155	0.759466
99	159	0.764211
99	160	1.99022
99	161	0.761649
99	162	2.29631
99	170	2.14756
99	173	0.769227
99	178	0.772572
99	179	0.650627
100	46	0.695897
100	61	0.78128
100	93	2.10902
100	98	0.702466
100	101	0.719549
100	106	2.00757
100	126	0.725827
100	135	0.753495
100	142	0.736885
100	148	0.725914
100	150	2.2706
100	160	0.752092
100	162	0.749058
100	163	0.753459
100	168	0.760369
100	169	0.73351
100	170	0.741263
100	174	0.753198
100	175	0.745876
100	178	1.82378
100	180	0.766053
101	9	0.471298
101	36	0.685671
101	90	1.5895
101	91	0.759097
101	100	0.719549
101	122	3.2275
101	125	0.745427
101	140	0.743785
101	144	0.733599
101	148	0.728838
101	162	0.751981
101	163	0.756383
101	166	0.740986
101	169	0.736433
101	170	0.744186
101	172	0.725124
101	174	0.756121
101	175	0.748799
101	176	0.752963
101	178	2.9755
101	180	0.768977
102	47	0.699457
102	59	0.776956
102	63	0.796525
102	87	0.720652
102	93	0.757564
102	95	1.93101
102	106	0.794256
102	117	0.632189
102	127	0.756029
102	130	0.781314
102	131	0.784715
102	149	0.61935
102	151	0.731932
102	159	0.769997
102	160	2.17883
102	166	2.1263
102	171	0.770537
102	173	0.775012
102	175	2.32066
102	178	0.778357
102	179	0.656413
103	25	0.789052
103	35	0.713588
103	52	2.25575
103	67	0.728391
103	69	0.618302
103	114	0.773147
103	118	0.698357
103	120	2.40721
103	121	1.91467
103	131	1.61436
103	140	0.758684
103	156	0.760291
103	162	0.76688
103	166	0.755885
103	168	0.778192
103	169	0.751332
103	170	0.759085
103	172	0.740023
103	176	0.767862
103	179	0.655648
103	180	0.783876
104	6	2.44208
104	91	0.797049
104	112	0.764307
104	113	1.67344
104	114	0.7962
104	135	0.794371
104	138	1.75131
104	140	0.781738
104	159	1.28884
104	160	0.792968
104	163	0.794335
104	166	0.778939
104	168	0.801246
104	169	0.774386
104	170	0.782139
104	172	0.763077
104	174	0.794074
104	175	0.786752
104	176	0.790916
104	178	1.01163
104	180	0.80693
105	4	1.81933
105	70	0.738183
105	119	0.767257
105	124	0.752514
105	125	0.762465
105	127	2.13751
105	142	0.756845
105	143	0.626711
105	148	0.745875
105	156	0.76243
105	160	0.772053
105	163	0.77342
105	164	2.31136
105	165	1.99628
105	170	0.761224
105	174	0.773159
105	175	0.765836
105	176	0.77
105	177	0.625478
105	179	0.657786
105	180	0.786014
106	4	0.837307
106	20	0.660172
106	23	1.45214
106	63	0.836982
106	67	2.14539
106	75	0.755239
106	93	0.798021
106	99	0.788471
106	100	2.00757
106	102	0.794256
106	145	0.813242
106	151	0.772388
106	152	0.812028
106	158	0.808548
106	161	0.807891
106	164	0.797416
106	171	0.810993
106	174	1.35827
106	175	1.54053
106	178	0.818814
106	179	0.69687
107	15	0.717006
107	43	0.625437
107	47	0.702358
107	71	0.744199
107	75	0.717684
107	79	0.734826
107	86	0.719325
107	99	0.750915
107	132	0.753453
107	145	0.775686
107	151	0.734833
107	152	0.774473
107	159	0.772898
107	161	0.770335
107	163	1.99075
107	164	0.759861
107	170	2.05849
107	171	0.773438
107	172	2.49423
107	178	0.781259
107	180	2.09068
108	15	0.702662
108	34	0.691069
108	47	0.688014
108	78	0.706451
108	84	0.756153
108	88	2.69268
108	90	0.745748
108	94	0.745837
108	97	0.770415
108	99	0.736572
108	131	0.773272
108	137	0.742722
108	138	0.755287
108	152	0.760129
108	159	0.758554
108	161	0.755992
108	163	2.06466
108	164	0.745517
108	165	1.797
108	173	0.76357
108	174	1.93464
109	43	0.485212
109	64	0.627888
109	72	0.594752
109	83	0.622369
109	89	0.672356
109	99	0.61069
109	122	0.639732
109	127	0.618705
109	130	0.64399
109	139	0.646226
109	149	0.482026
109	152	0.634248
109	154	0.49082
109	163	0.634722
109	167	0.654544
109	174	0.634461
109	175	0.627139
109	176	0.631303
109	177	0.486781
109	179	0.519089
109	180	0.647317
110	10	0.703388
110	23	0.781049
110	26	0.705098
110	29	0.745952
110	57	0.729158
110	64	0.756857
110	82	0.736171
110	113	0.788977
110	120	0.706186
110	121	0.788432
110	122	0.768702
110	134	0.7762
110	145	2.13572
110	146	0.781867
110	150	0.771725
110	154	0.619789
110	155	2.2295
110	165	0.781656
110	169	2.48888
110	176	2.2579
110	177	0.61575
110	179	0.648058
111	4	0.783742
111	19	0.706418
111	53	0.734374
111	68	0.729386
111	76	0.758759
111	85	0.758864
111	90	0.744083
111	93	0.744456
111	135	2.0842
111	140	2.4225
111	145	0.759677
111	151	0.718823
111	154	0.615035
111	159	0.756889
111	161	0.754326
111	164	0.743851
111	170	2.36352
111	171	0.757428
111	173	0.761904
111	174	2.16576
111	177	0.610996
111	178	0.765249
112	17	0.606754
112	32	0.703621
112	46	0.702702
112	55	2.52775
112	91	0.762979
112	93	2.12208
112	98	0.709272
112	104	0.764307
112	118	0.68734
112	125	0.749309
112	130	2.01402
112	135	0.7603
112	142	0.74369
112	146	1.99589
112	148	0.73272
112	160	0.758897
112	168	0.767175
112	169	0.740315
112	170	0.748068
112	172	0.729006
112	174	0.760003
112	180	0.772859
113	5	1.65674
113	6	0.769836
113	21	0.808347
113	60	0.786019
113	66	0.844245
113	96	0.80762
113	104	1.67344
113	110	0.788977
113	133	0.705352
113	134	0.828087
113	139	0.827082
113	146	0.833754
113	147	0.834615
113	149	0.662882
113	154	0.671676
113	165	0.833543
113	167	0.8354
113	170	2.03406
113	173	1.46784
113	175	2.01856
113	177	0.667637
113	179	0.699945
114	13	0.79627
114	15	2.74733
114	35	0.734465
114	52	1.86926
114	62	0.706374
114	77	2.33854
114	89	1.4486
114	103	0.773147
114	104	0.7962
114	118	0.719233
114	119	0.785995
114	141	0.778276
114	144	0.769375
114	160	0.790791
114	163	0.792158
114	166	0.776762
114	168	0.799068
114	172	0.760899
114	174	0.791897
114	175	0.784575
114	176	0.788739
114	177	0.644216
114	180	0.804752
115	25	0.75998
115	33	1.96683
115	37	0.691762
115	42	0.750317
115	56	0.676381
115	61	0.770031
115	116	0.740527
115	140	0.729612
115	141	0.728328
115	144	0.719427
115	151	2.91351
115	153	0.585815
115	157	0.757405
115	160	0.740842
115	162	0.737808
115	163	0.74221
115	166	0.726813
115	168	0.74912
115	171	2.35315
115	172	0.710951
115	174	0.741949
115	176	0.73879
115	178	1.81703
116	3	0.80953
116	30	0.784094
116	36	0.717899
116	87	2.58178
116	88	0.738862
116	90	0.399981
116	92	2.34665
116	115	0.740527
116	126	0.760978
116	147	1.97087
116	155	0.781816
116	156	0.77762
116	157	0.803806
116	160	0.787243
116	166	0.773214
116	169	0.768661
116	172	0.757352
116	174	0.788349
116	175	0.781027
116	176	0.785191
116	178	1.78598
116	179	0.672977
116	180	0.801205
117	12	0.625373
117	19	0.597915
117	27	9.2
117	35	0.592742
117	60	0.620875
117	77	0.620259
117	98	0.599442
117	102	0.632189
117	122	0.655445
117	131	0.663104
117	136	0.674151
117	139	0.661939
117	141	0.636553
117	156	0.639445
117	157	0.665631
117	167	0.670257
117	169	0.630486
117	171	0.648926
117	173	0.653401
117	177	0.502494
117	178	0.656746
117	179	0.534802
117	180	0.66303
118	5	0.758389
118	36	0.646657
118	46	0.659806
118	103	0.698357
118	112	0.68734
118	114	0.719233
118	126	0.689736
118	131	3.09212
118	141	0.703486
118	142	0.700794
118	144	0.694585
118	145	0.718107
118	149	0.564672
118	154	0.573466
118	156	0.706378
118	160	0.716001
118	161	2.98631
118	162	0.712967
118	169	0.697419
118	175	0.709785
118	176	0.713949
118	178	2.94159
118	180	0.729963
119	5	0.825151
119	15	2.67633
119	18	0.671062
119	39	0.774245
119	45	1.55665
119	55	1.69725
119	62	0.698346
119	67	0.74124
119	68	1.78609
119	105	0.767257
119	114	0.785995
119	132	1.81167
119	144	0.761347
119	148	0.756585
119	153	0.627736
119	156	0.77314
119	163	0.78413
119	166	0.768734
119	170	0.771934
119	172	0.752872
119	174	0.783869
119	175	0.776547
119	176	0.780711
119	180	0.796725
120	12	0.707725
120	21	0.725556
120	23	0.750144
120	24	0.706682
120	57	0.698253
120	64	0.725952
120	66	0.761453
120	79	2.5529
120	83	0.720434
120	92	0.750681
120	96	0.724829
120	103	2.40721
120	110	0.706186
120	122	0.737797
120	134	0.745296
120	146	0.750962
120	147	0.751824
120	150	0.74082
120	165	0.750752
120	167	0.752609
120	175	2.30013
120	176	2.46777
120	177	0.584845
120	179	0.617154
121	6	0.769291
121	10	0.754729
121	17	0.661523
121	20	0.662702
121	23	0.83239
121	48	0.690402
121	60	0.785473
121	69	0.662054
121	83	0.80268
121	95	0.824163
121	103	1.91467
121	110	0.788432
121	122	0.820043
121	139	0.826537
121	143	0.668324
121	147	0.83407
121	148	2.19734
121	150	0.823066
121	154	0.67113
121	155	1.94683
121	162	1.97184
121	165	0.832997
121	175	1.80758
121	179	0.699399
122	10	0.734999
122	21	0.788072
122	24	0.769198
122	26	0.736709
122	55	0.675909
122	57	0.760769
122	60	0.765743
122	64	0.788468
122	66	0.823969
122	101	3.2275
122	109	0.639732
122	110	0.768702
122	117	0.655445
122	120	0.737797
122	121	0.820043
122	136	1.63313
122	139	0.806807
122	142	1.96524
122	147	0.81434
122	149	0.642607
122	162	1.77301
122	165	0.813267
122	167	0.815124
122	177	0.647361
122	180	1.65644
123	25	1.32253
123	47	0.706374
123	48	0.654333
123	49	0.769152
123	74	0.814454
123	84	0.774513
123	93	0.764482
123	94	0.764197
123	127	0.762946
123	128	0.755913
123	132	0.757469
123	133	0.668737
123	151	0.738849
123	152	0.778489
123	154	0.635061
123	158	0.775009
123	161	0.774352
123	163	2.0442
123	164	0.763877
123	168	2.47854
123	169	2.49506
123	171	0.777454
123	173	0.78193
123	174	1.91418
123	178	0.785275
124	25	0.787158
124	37	0.718939
124	73	0.602389
124	93	1.88623
124	94	1.79861
124	105	0.752514
124	125	0.758432
124	128	2.32886
124	129	0.750845
124	140	0.75679
124	146	1.76004
124	148	0.741842
124	155	0.762593
124	160	0.76802
124	162	0.764986
124	163	0.769387
124	166	0.753991
124	167	2.01267
124	168	0.776297
124	169	0.749438
124	172	0.738128
124	174	0.769126
124	175	0.761804
124	176	0.765968
124	180	0.781982
125	18	0.66627
125	38	1.88437
125	40	2.57643
125	42	0.787445
125	43	0.629828
125	62	0.693554
125	81	0.742519
125	88	0.72959
125	90	0.85123
125	101	0.745427
125	105	0.762465
125	112	0.749309
125	124	0.758432
125	137	2.54365
125	140	0.766741
125	155	0.772543
125	162	0.774936
125	168	0.786248
125	170	0.767142
125	172	0.748079
125	173	2.41969
125	174	0.779077
125	175	0.771754
125	176	0.775919
125	177	0.631396
125	180	0.791932
126	21	1.84671
126	31	2.99316
126	37	0.712213
126	62	0.676876
126	66	1.3261
126	67	0.719771
126	70	0.727424
126	100	0.725827
126	116	0.760978
126	118	0.689736
126	129	0.744119
126	135	0.762696
126	145	0.763399
126	157	0.777856
126	159	1.82309
126	160	0.761293
126	162	0.758259
126	164	2.27424
126	166	0.747264
126	169	0.742711
126	170	0.750465
126	172	0.731402
126	174	0.7624
126	175	0.755077
126	176	0.759241
126	180	0.775255
127	19	0.721755
127	45	0.772228
127	52	0.756179
127	70	2.08075
127	77	2.43928
127	79	0.734154
127	90	0.75942
127	97	0.784087
127	99	0.750243
127	102	0.756029
127	105	2.13751
127	109	0.618705
127	123	0.762946
127	130	0.783543
127	132	0.752781
127	137	0.756394
127	151	0.734161
127	157	2.00276
127	158	0.77032
127	161	0.769663
127	163	1.85902
127	171	0.772766
127	173	0.777241
127	177	0.626334
127	178	0.780587
127	179	0.658642
128	33	0.79142
128	59	0.772152
128	75	0.709979
128	84	0.762792
128	87	0.715848
128	89	0.804876
128	90	0.752387
128	93	0.75276
128	97	0.777054
128	123	0.755913
128	124	2.32886
128	130	0.77651
128	132	0.745748
128	133	0.657016
128	137	0.749361
128	138	0.761926
128	143	0.620534
128	152	0.766768
128	157	2.17612
128	171	0.765733
128	173	0.770208
128	174	1.90236
128	175	2.08462
128	177	0.619301
128	178	0.773554
128	180	2.13231
129	8	0.80077
129	18	0.658683
129	19	2.65787
129	22	0.777309
129	34	2.73201
129	42	0.779859
129	53	1.75173
129	74	1.73605
129	124	0.750845
129	126	0.744119
129	142	0.755177
129	144	0.748968
129	146	1.43833
129	154	0.627849
129	157	0.786947
129	160	0.770384
129	166	0.756355
129	168	0.778661
129	169	0.751802
129	172	0.740493
129	174	0.77149
129	175	0.764168
129	176	0.768332
129	177	0.62381
129	179	0.656118
129	180	0.784346
130	4	0.824364
130	7	0.758019
130	38	0.866324
130	45	0.797514
130	48	0.67493
130	75	0.742297
130	76	0.799382
130	83	2.21081
130	85	0.799486
130	87	0.748166
130	102	0.781314
130	109	0.64399
130	112	2.01402
130	127	0.783543
130	128	0.77651
130	131	0.812229
130	132	0.778066
130	138	0.794244
130	141	1.90999
130	152	0.799086
130	153	0.643166
130	157	1.62542
130	158	0.795606
130	164	0.784474
130	169	1.93255
130	171	0.798051
130	174	1.35166
131	7	0.76142
131	28	0.747618
131	43	0.653451
131	52	0.784865
131	80	0.761724
131	84	0.798511
131	87	0.751567
131	99	0.778929
131	102	0.784715
131	103	1.61436
131	108	0.773272
131	117	0.663104
131	118	3.09212
131	130	0.812229
131	132	0.781467
131	137	0.78508
131	138	0.797645
131	140	1.58175
131	145	0.8037
131	151	0.762847
131	158	0.799006
131	164	0.787875
131	166	1.31292
131	168	1.88937
131	173	0.805927
131	178	0.809273
131	180	1.55497
132	19	0.716278
132	33	0.792976
132	34	0.699264
132	59	0.773708
132	79	0.728677
132	84	0.764348
132	86	0.713177
132	93	0.754317
132	107	0.753453
132	119	1.81167
132	123	0.757469
132	127	0.752781
132	128	0.745748
132	130	0.778066
132	131	0.781467
132	133	0.658572
132	135	1.89826
132	137	0.750917
132	151	0.728684
132	153	0.612404
132	156	2.52333
132	159	0.766749
132	172	2.61332
132	173	0.771765
132	177	0.620857
132	178	0.77511
132	180	2.20977
133	15	0.622125
133	27	5.69174
133	43	0.530556
133	45	0.678019
133	48	0.555436
133	51	4.70826
133	113	0.705352
133	123	0.668737
133	128	0.657016
133	132	0.658572
133	134	0.692575
133	143	0.533358
133	146	0.698242
133	150	0.6881
133	156	0.669076
133	162	0.675665
133	165	0.698031
133	167	0.699888
133	170	0.66787
133	174	0.679805
133	175	0.672483
133	176	0.676647
133	177	0.532125
133	178	0.686378
133	179	0.564433
133	180	0.692661
134	20	0.65047
134	23	0.820159
134	30	1.24029
134	39	2.15493
134	57	0.768268
134	60	0.773241
134	61	1.25734
134	65	0.786185
134	72	0.762831
134	77	0.772625
134	81	2.49982
134	83	0.790448
134	96	0.794843
134	110	0.7762
134	113	0.828087
134	120	0.745296
134	133	0.692575
134	139	0.814305
134	145	1.6935
134	146	0.820977
134	147	0.821838
134	150	0.810835
134	153	0.646407
134	165	0.820766
134	167	0.822623
134	172	2.09928
134	179	0.687168
135	81	0.75351
135	84	1.71203
135	98	0.739336
135	100	0.753495
135	104	0.794371
135	111	2.0842
135	112	0.7603
135	126	0.762696
135	132	1.89826
135	136	0.814044
135	137	1.39934
135	140	0.777731
135	141	0.776446
135	144	0.767545
135	151	2.18939
135	156	0.779339
135	158	1.72029
135	162	0.785927
135	163	0.790329
135	166	0.774932
135	168	0.797239
135	169	0.770379
135	170	0.778132
135	172	0.75907
135	175	0.782745
135	177	0.642387
135	179	0.674695
135	180	0.802923
136	1	0.797974
136	9	1.11303
136	13	0.737185
136	26	2.74172
136	27	0.46117
136	29	1.23246
136	41	0.531226
136	49	0.804197
136	51	0.834639
136	53	0.789444
136	65	2.15531
136	67	0.771118
136	117	0.674151
136	122	1.63313
136	135	0.814044
136	137	0.796127
136	142	0.797434
136	147	1.56602
136	153	0.657614
136	155	0.807214
136	162	0.809607
136	163	0.814009
136	165	1.79441
136	173	0.816974
136	175	0.806425
136	177	0.666067
136	179	0.698375
136	180	0.826603
137	8	1.30321
137	38	0.839175
137	56	2.94661
137	68	0.74286
137	74	0.807902
137	76	0.772233
137	79	0.73229
137	80	0.731175
137	84	0.767961
137	86	0.71679
137	93	0.75793
137	99	0.748379
137	108	0.742722
137	125	2.54365
137	127	0.756394
137	128	0.749361
137	131	0.78508
137	132	0.750917
137	135	1.39934
137	136	0.796127
137	151	0.732297
137	154	0.628509
137	158	0.768457
137	159	0.770362
137	161	0.7678
137	164	0.757325
137	168	2.04526
137	173	0.775378
137	174	1.4809
138	7	0.743435
138	28	0.729633
138	42	1.62504
138	45	0.782929
138	53	0.760412
138	59	0.789886
138	68	0.755424
138	75	0.727713
138	78	0.730823
138	80	0.743739
138	90	0.770121
138	104	1.75131
138	108	0.755287
138	128	0.761926
138	130	0.794244
138	131	0.797645
138	140	2.1709
138	152	0.784502
138	153	0.628582
138	158	0.781021
138	159	0.782927
138	161	0.780364
138	166	1.90206
138	169	2.49505
138	171	0.783467
138	173	0.787942
138	174	1.91416
138	177	0.637035
138	178	0.791287
139	12	0.776735
139	21	0.794566
139	29	0.784057
139	31	0.741202
139	50	0.6446
139	57	0.767263
139	65	0.78518
139	71	1.7924
139	73	0.634798
139	92	0.81969
139	96	0.793839
139	109	0.646226
139	113	0.827082
139	117	0.661939
139	121	0.826537
139	122	0.806807
139	134	0.814305
139	146	0.819972
139	147	0.820834
139	154	0.657894
139	155	2.0676
139	157	2.01985
139	165	0.819761
139	167	0.821618
139	168	2.31045
139	174	1.74609
139	177	0.653855
139	179	0.686163
139	180	1.97604
140	3	0.798616
140	62	0.691911
140	88	0.727947
140	101	0.743785
140	103	0.758684
140	104	0.781738
140	111	2.4225
140	115	0.729612
140	124	0.75679
140	125	0.766741
140	131	1.58175
140	135	0.777731
140	138	2.1709
140	144	0.754913
140	153	0.621301
140	156	0.766706
140	158	2.05859
140	159	1.70843
140	160	0.776329
140	161	1.47594
140	163	0.777696
140	168	0.784606
140	169	0.757746
140	170	0.7655
140	172	0.746437
140	174	0.777435
140	175	0.770112
140	176	0.774276
140	180	0.79029
141	2	0.73581
141	36	0.705699
141	39	0.766526
141	44	2.32179
141	54	0.755917
141	63	1.71123
141	114	0.778276
141	115	0.728328
141	117	0.636553
141	118	0.703486
141	130	1.90999
141	135	0.776446
141	148	0.748866
141	157	0.791606
141	160	0.775044
141	162	0.772009
141	163	0.776411
141	166	0.761015
141	168	0.783321
141	169	0.756462
141	170	0.764215
141	171	2.26892
141	172	0.745152
141	173	1.91527
141	174	0.77615
141	175	0.768827
141	176	0.772992
141	177	0.628469
141	178	1.73281
141	180	0.789005
142	2	0.733118
142	3	0.794638
142	18	0.66065
142	33	1.86304
142	54	0.753225
142	81	0.7369
142	89	2.0845
142	94	1.91086
142	100	0.736885
142	105	0.756845
142	112	0.74369
142	118	0.700794
142	122	1.96524
142	129	0.755177
142	136	0.797434
142	148	0.746174
142	156	0.762729
142	158	2.3406
142	162	0.769317
142	166	0.758322
142	168	0.780629
142	169	0.753769
142	170	0.761522
142	172	0.74246
142	174	0.773457
142	175	0.766135
142	176	0.770299
142	178	1.71324
142	179	0.658085
142	180	0.786313
143	25	0.661355
143	31	0.58299
143	32	0.586941
143	33	0.667762
