1	91	1.03452
1	109	0.987361
1	111	1.02675
1	123	1.05226
1	127	1.03977
1	128	1.04091
1	131	1.01844
1	135	0.961535
1	154	1.06897
1	155	0.905229
1	173	1.05826
1	180	0.993931
2	15	1.05474
2	41	0.993962
2	65	1.04495
2	67	1.05102
2	100	1.04528
2	107	0.915128
2	108	0.944218
2	118	1.0948
2	142	0.972012
2	174	1.03777
2	177	1.09492
2	178	0.939075
3	56	1.09756
3	125	0.919354
3	128	1.14361
3	129	0.850662
3	141	1.23433
3	159	0.911107
3	161	0.906089
3	163	0.923108
3	166	0.901655
3	177	1.17308
3	179	0.883091
3	180	0.904936
4	18	1.01464
4	76	1.0252
4	78	1.02347
4	83	0.996826
4	103	1.03015
4	110	1.04789
4	119	1.06183
4	153	0.937638
4	157	1.14252
4	165	0.964699
4	166	1.00609
4	168	0.937883
5	9	0.925682
5	26	0.857397
5	38	0.815099
5	43	0.890099
5	56	0.965099
5	97	0.945337
5	137	0.862853
5	149	1.31479
5	160	1.20711
5	161	1.27885
5	167	0.938433
5	176	1.14979
6	44	1.08761
6	80	1.12677
6	94	1.13897
6	145	0.877028
6	146	0.92852
6	169	1.10222
6	172	1.12741
6	173	1.01702
6	175	1.01882
6	178	0.817631
6	179	0.946372
7	45	1.03429
7	70	1.01193
7	71	1.01193
7	82	1.05688
7	94	1.07803
7	125	0.987078
7	130	0.937125
7	132	0.949797
7	169	1.04128
7	172	1.06647
7	173	0.956084
7	179	1.05858
8	10	0.902163
8	15	0.886859
8	31	0.911934
8	67	0.883139
8	74	0.957712
8	100	0.877398
8	120	0.853761
8	152	1.19967
8	155	1.20693
8	171	1.2175
8	177	0.927034
8	179	1.32623
9	5	0.925682
9	26	1.00121
9	38	0.958908
9	43	1.03391
9	56	1.10891
9	97	1.08915
9	152	0.929937
9	155	0.937201
9	162	1.02292
9	166	1.0078
9	167	1.08224
9	173	1.09023
10	8	0.902163
10	41	1
10	61	1.03749
10	65	1.05099
10	67	1.05706
10	100	1.05132
10	137	0.966444
10	157	1.12373
10	161	0.962053
10	162	1.00241
10	163	0.933421
10	177	1.10096
11	79	1.04836
11	90	1.01857
11	111	1.01271
11	117	1.18436
11	126	1.0516
11	127	1.02573
11	131	1.00441
11	148	0.00651447
11	155	1.2434
11	159	1.29267
11	169	1.24315
11	178	1.03862
12	16	1.1895
12	66	1.04886
12	77	0.995818
12	88	1.20473
12	95	0.995162
12	99	0.970989
12	110	0.0293853
12	163	1.25805
12	166	1.01512
12	172	1.06941
12	176	1.10464
12	178	1.23189
13	104	1.12874
13	106	1.12951
13	142	0.869591
13	156	1.04674
13	164	0.918127
13	166	0.916695
13	169	0.84585
13	173	1.00238
13	175	1.03784
13	176	1.14799
13	177	1.14464
14	104	1.06426
14	106	1.06502
14	125	1.02655
14	156	0.982258
14	160	0.952361
14	164	1.05078
14	165	0.9869
14	171	0.989311
14	173	0.937897
14	176	1.08351
14	177	1.08015
14	178	0.969305
15	2	1.05474
15	8	0.886859
15	41	0.984701
15	65	1.03569
15	74	1.11633
15	100	1.03602
15	145	0.957746
15	151	1.02496
15	168	0.910185
15	175	1.09954
15	177	1.08566
15	180	0.996492
16	12	1.1895
16	17	1.23853
16	31	0.843761
16	61	0.905129
16	147	0.980519
16	163	0.992928
16	164	0.974025
16	170	1.00192
16	171	0.999745
16	175	0.923191
16	177	0.873755
16	179	0.952912
16	180	0.974757
17	16	1.23853
17	20	0.842841
17	54	0.933482
17	72	0.959556
17	73	0.841018
17	75	0.849842
17	137	0.833782
17	149	0.843817
17	151	0.811824
17	154	1.4541
17	165	1.31957
17	171	1.30093
17	178	0.883839
18	4	1.01464
18	37	1.08401
18	46	0.977833
18	55	0.934292
18	68	0.999924
18	110	0.969311
18	113	0.974139
18	116	0.946614
18	119	0.98325
18	137	1.0639
18	174	1.10341
18	175	1.20591
18	176	0.930452
19	66	1.13625
19	77	1.08321
19	95	1.08255
19	99	1.05838
19	108	0.841089
19	137	0.895134
19	153	0.847538
19	156	1.09078
19	157	1.05242
19	171	0.855952
19	172	1.1568
19	176	1.19203
19	180	0.93409
20	17	0.842841
20	54	1.05259
20	72	1.07867
20	73	0.96013
20	75	0.968953
20	135	1.09843
20	139	0.975551
20	149	0.962929
20	151	0.930935
20	165	1.07134
20	166	1.11273
20	178	1.00295
20	180	1.13083
21	85	1.13129
21	102	0.903747
21	124	0.966433
21	134	0.972959
21	136	0.981966
21	138	1.00789
21	140	0.966375
21	141	0.965345
21	144	0.965345
21	148	0.973686
21	163	1.05959
21	179	1.16217
21	180	1.13157
22	58	1.04145
22	60	1.13993
22	69	1.11304
22	93	1.14084
22	108	0.799265
22	157	1.01059
22	159	0.852837
22	165	1.08357
22	166	0.874163
22	167	1.16141
22	169	1.11976
22	174	0.892818
22	175	0.995313
23	35	1.13314
23	36	0.956852
23	59	0.936547
23	123	0.982806
23	145	0.980902
23	163	0.982244
23	168	1.00791
23	172	1.00077
23	174	0.959828
23	175	0.912506
23	176	1.05031
23	179	0.942227
23	180	0.964072
24	28	1.02587
24	62	0.991748
24	70	0.946581
24	71	0.946581
24	80	1.00049
24	94	1.01268
24	129	1.19626
24	151	1.0921
24	166	1.04553
24	169	0.975931
24	172	1.00113
24	173	0.890738
24	180	1.06363
25	27	1.07277
25	42	0.966171
25	60	0.97368
25	69	0.946793
25	93	0.974594
25	125	1.08489
25	137	1.08684
25	142	1.06059
25	164	1.10912
25	165	0.917325
25	167	0.995158
25	169	0.953514
25	171	1.04766
26	5	0.857397
26	9	1.00121
26	33	1.00971
26	38	0.890623
26	43	0.965623
26	56	1.04062
26	97	1.02086
26	132	1.04488
26	145	1.08432
26	160	1.00798
26	167	1.01396
26	175	1.22611
26	178	1.02492
27	25	1.07277
27	58	1.05264
27	69	1.12424
27	93	1.15204
27	132	0.900714
27	153	0.892347
27	160	0.863811
27	165	1.09477
27	167	1.1726
27	169	1.13096
27	175	1.08195
27	176	0.806492
27	178	0.880755
28	24	1.02587
28	70	1.03229
28	71	1.03229
28	80	1.0862
28	94	1.0984
28	145	0.971901
28	151	1.03911
28	152	0.914682
28	161	0.9673
28	163	0.938668
28	164	0.993977
28	169	1.06165
28	172	1.08684
28	173	0.976453
29	61	1.00164
29	64	0.913279
29	84	0.933054
29	90	1.16537
29	95	1.08734
29	110	1.14795
29	127	1.01649
29	154	0.901418
29	160	1.01109
29	165	0.935463
29	174	0.941594
29	175	0.894273
29	179	0.923994
29	180	0.945839
30	47	1.0354
30	104	1.08993
30	106	1.09069
30	114	1.08967
30	130	0.913007
30	151	0.992863
30	153	0.917312
30	164	0.987192
30	165	1.01257
30	169	0.914915
30	173	0.963563
30	174	1.00442
30	176	1.10918
30	177	1.10582
31	8	0.911934
31	16	0.843761
31	41	1.00978
31	65	1.06076
31	67	1.06684
31	74	1.14141
31	84	1.03059
31	100	1.06109
31	118	1.04188
31	120	1.03746
31	132	0.906112
31	143	0.951944
31	177	1.11073
31	179	1.01489
32	120	1.00625
32	124	1.03621
32	133	1.03335
32	138	1.07767
32	140	1.03615
32	141	1.03512
32	144	1.03512
32	148	1.04346
32	152	0.945425
32	169	0.952443
32	170	0.98123
32	176	0.868983
32	177	1.10292
32	179	1.07199
33	26	1.00971
33	38	0.967415
33	39	1.03939
33	43	1.04241
33	56	1.11741
33	89	1.03525
33	97	1.09765
33	122	0.867009
33	129	1.13202
33	132	0.921218
33	152	0.903436
33	165	0.939911
33	167	1.09075
33	173	1.06373
34	86	1.04675
34	87	0.989225
34	121	1.03945
34	124	1.05194
34	130	0.94068
34	133	1.04908
34	140	1.05188
34	141	1.05085
34	144	1.05085
34	148	1.05919
34	158	1.02738
34	159	0.992108
34	160	0.916448
34	163	0.959556
35	23	1.13314
35	50	1.06258
35	53	1.00243
35	66	0.925285
35	77	0.872245
35	95	0.871589
35	99	0.847416
35	122	1.06346
35	158	1.19169
35	165	1.13636
35	166	0.89155
35	172	0.94584
35	176	0.981065
35	179	1.22645
36	23	0.956852
36	87	0.97725
36	122	0.887169
36	124	1.03504
36	134	1.04156
36	138	1.07649
36	140	1.03498
36	141	1.03395
36	144	1.03395
36	148	1.04229
36	153	0.93301
36	158	1.0154
36	177	1.10174
36	180	1.01956
37	18	1.08401
37	62	0.992767
37	89	1.08232
37	110	1.17313
37	131	1.05357
37	134	1.06231
37	155	0.965247
37	157	0.878765
37	158	0.929691
37	159	0.94269
37	163	0.954691
37	175	0.884954
37	179	0.914675
37	180	0.93652
38	5	0.815099
38	9	0.958908
38	26	0.890623
38	33	0.967415
38	43	0.923326
38	56	0.998326
38	97	0.978563
38	117	1.0766
38	137	0.89608
38	142	1.15913
38	161	1.18098
38	166	1.20623
38	167	0.971659
38	170	1.16417
39	33	1.03939
39	83	0.946358
39	97	1.05054
39	108	0.993477
39	109	0.952823
39	113	1.00225
39	116	0.974727
39	128	1.00637
39	131	0.983903
39	150	0.980276
39	164	1.06981
39	165	1.02699
39	166	1.06837
39	167	1.04364
39	174	1.08703
40	59	1.04056
40	111	0.976909
40	112	1.01656
40	114	1.11986
40	123	1.00242
40	126	1.0158
40	127	0.989931
40	128	0.99107
40	131	0.968603
40	135	1.00165
40	165	0.974557
40	166	1.01595
40	172	1.01189
40	173	1.09837
40	178	1.00281
41	2	0.993962
41	10	1
41	15	0.984701
41	31	1.00978
41	65	0.974906
41	67	0.98098
41	74	1.05555
41	82	1.13188
41	100	0.975239
41	102	0.87516
41	145	1.06424
41	159	1.06356
41	160	0.987897
41	177	1.02488
41	180	1.10299
42	25	0.966171
42	58	0.946047
42	60	1.04453
42	69	1.01764
42	93	1.04544
42	107	0.901635
42	117	0.910808
42	151	1.08701
42	157	1.17687
42	159	1.01912
42	165	0.988172
42	167	1.06601
42	168	0.972237
42	169	1.02436
42	180	1.05854
43	5	0.890099
43	9	1.03391
43	26	0.965623
43	33	1.04241
43	38	0.923326
43	56	1.07333
43	97	1.05356
43	117	0.941836
43	137	0.97108
43	142	1.02436
43	154	1.16461
43	164	1.0729
43	167	1.04666
43	170	1.02941
43	178	0.991428
44	6	1.08761
44	45	0.990106
44	70	0.967746
44	71	0.967746
44	80	1.02165
44	94	1.03385
44	102	0.86144
44	122	0.956872
44	157	1.20759
44	169	0.997097
44	172	1.02229
44	173	0.911904
44	178	0.991121
44	179	1.11986
44	180	1.08926
45	7	1.03429
45	44	0.990106
45	70	0.975364
45	71	0.975364
45	80	1.02927
45	94	1.04147
45	146	1.03944
45	151	1.05516
45	169	1.00471
45	171	0.948559
45	172	1.02991
45	173	0.919521
45	174	1.02725
45	175	1.12974
45	180	1.0267
46	18	0.977833
46	68	1.0417
46	78	0.986664
46	83	0.960024
46	103	0.993345
46	110	1.01109
46	113	1.01592
46	116	0.988393
46	119	1.02503
46	152	1.00232
46	160	0.983199
46	166	1.08018
46	168	1.01198
46	171	1.02015
46	179	1.12888
47	30	1.0354
47	63	1.00225
47	64	1.16099
47	104	1.03952
47	135	0.97583
47	143	1.0392
47	150	0.965347
47	156	0.957516
47	165	0.962158
47	168	0.985242
47	173	0.913154
47	176	1.05877
47	177	1.05541
47	178	0.973405
47	179	1.10215
48	53	0.911641
48	80	0.933177
48	101	0.996217
48	106	0.888813
48	110	1.1142
48	130	1.03329
48	142	1.02333
48	147	0.999896
48	159	1.0003
48	161	0.995286
48	167	0.935756
48	170	1.0213
48	174	0.989889
48	175	0.942568
48	180	0.994134
49	91	0.958502
49	96	0.930855
49	108	1.02765
49	109	0.911347
49	123	0.976245
49	126	0.989624
49	127	0.963755
49	128	0.964894
49	131	0.942427
49	149	1.11324
49	153	1.0341
49	154	1.19569
49	164	1.10398
49	172	0.985712
49	178	0.976639
49	179	1.15125
50	35	1.06258
50	77	1.10524
50	87	0.858616
50	95	1.10459
50	99	1.08041
50	135	0.868532
50	149	1.12974
50	162	0.897941
50	166	1.12455
50	172	1.17884
50	175	1.00397
50	176	1.21406
50	178	0.802784
50	179	0.931525
50	180	0.900928
51	63	1.07208
51	104	1.10935
51	106	1.11011
51	118	0.999164
51	120	0.906444
51	142	0.876373
51	149	0.934167
51	151	1.01229
51	156	1.02735
51	157	1.05991
51	165	1.03199
51	173	0.982987
51	175	1.04463
51	176	1.1286
51	177	1.12524
51	178	0.843437
52	55	1.04518
52	76	1.0575
52	78	1.05577
52	103	1.06245
52	110	1.0802
52	113	1.08502
52	116	1.0575
52	117	0.842298
52	119	1.09413
52	135	1.06225
52	149	0.982619
52	151	1.0185
52	159	0.950605
52	161	0.946685
52	165	0.930542
52	174	0.990585
53	35	1.00243
53	48	0.911641
53	66	1.09813
53	77	1.04509
53	95	1.04444
53	99	1.02026
53	108	0.896421
53	125	0.948518
53	156	1.05266
53	158	0.985262
53	166	1.0644
53	169	0.900474
53	170	0.929262
53	172	1.11869
53	173	1.05375
53	176	1.15391
54	17	0.933482
54	20	1.05259
54	72	1.16931
54	73	1.05077
54	75	1.05959
54	85	0.979664
54	102	1.17555
54	137	1.04353
54	151	1.02158
54	158	0.975789
54	160	0.864861
54	166	0.961846
54	169	0.891001
54	178	1.09359
54	179	1.01055
54	180	0.979949
55	18	0.934292
55	52	1.04518
55	76	0.944856
55	78	0.943122
55	83	0.916483
55	103	0.949804
55	110	0.967549
55	113	0.972377
55	116	0.944852
55	119	0.981488
55	129	1.2338
55	143	1.06882
55	162	1.09819
55	165	1.04169
55	166	1.08307
55	180	1.10118
56	3	1.09756
56	5	0.965099
56	9	1.10891
56	26	1.04062
56	33	1.11741
56	38	0.998326
56	43	1.07333
56	62	0.866888
56	97	1.12856
56	137	1.04608
56	166	0.920671
56	167	1.12166
56	171	0.860636
56	173	1.0031
56	174	0.939326
56	180	0.938774
57	101	0.94064
57	112	1.16526
57	115	0.923335
57	134	0.956624
57	136	0.965631
57	138	0.991556
57	140	0.95004
57	141	0.94901
57	144	0.94901
57	147	1.15956
57	148	0.957351
57	155	1.09405
57	163	1.11077
57	176	1.01034
57	177	1.0168
57	178	1.08461
58	22	1.04145
58	27	1.05264
58	42	0.946047
58	60	0.953556
58	69	0.92667
58	89	0.919539
58	93	0.95447
58	117	1.01633
58	153	1.07752
58	164	1.1474
58	165	0.897202
58	167	0.975035
58	169	0.933391
58	173	1.22839
58	176	0.99166
58	180	1.16407
59	23	0.936547
59	40	1.04056
59	84	1.04555
59	117	0.851521
59	122	0.866864
59	123	1.0813
59	126	1.09468
59	127	1.06881
59	128	1.06995
59	131	1.04748
59	156	1.02474
59	161	0.955909
59	170	0.939096
59	172	1.09077
59	178	1.0817
59	179	1.02985
60	22	1.13993
60	25	0.97368
60	42	1.04453
60	58	0.953556
60	69	1.02515
60	82	1.06868
60	84	1.08607
60	93	1.05295
60	107	0.909144
60	117	0.892046
60	153	0.95323
60	155	0.951079
60	163	0.967802
60	165	0.995681
60	167	1.07351
60	169	1.03187
60	175	1.14283
61	10	1.03749
61	16	0.905129
61	29	1.00164
61	64	1.1351
61	73	0.978604
61	74	1.09304
61	75	0.987428
61	85	1.04538
61	100	1.01273
61	133	0.9928
61	136	1.01119
61	148	1.00291
61	153	0.959114
61	169	0.956718
61	170	0.985505
61	177	1.06237
61	178	1.02143
62	24	0.991748
62	37	0.992767
62	56	0.866888
62	106	0.894708
62	128	0.912937
62	140	0.998599
62	141	1.00366
62	150	1.04491
62	153	1.05723
62	162	1.01569
62	170	1.04349
62	174	1.01208
62	175	0.96476
62	177	0.942405
62	178	1.05826
62	179	0.994481
62	180	1.01633
63	47	1.00225
63	51	1.07208
63	102	0.832951
63	104	1.05678
63	106	1.05754
63	125	1.01987
63	135	0.993092
63	147	1.03758
63	151	0.959716
63	154	1.13582
63	155	0.972074
63	159	1.02135
63	165	0.97942
63	166	1.04267
63	173	0.930416
63	176	1.07603
63	177	1.07267
64	29	0.913279
64	47	1.16099
64	61	1.1351
64	72	0.997877
64	124	1.14806
64	145	0.944349
64	151	0.897439
64	153	0.968418
64	158	0.92069
64	162	0.926883
64	163	0.94569
64	164	0.926787
64	167	1.10298
64	174	0.923274
64	177	1.10373
64	179	0.905674
64	180	0.927519
65	2	1.04495
65	10	1.05099
65	15	1.03569
65	31	1.06076
65	41	0.974906
65	67	1.03197
65	88	0.987269
65	100	1.02622
65	107	0.896071
65	120	1.00259
65	122	0.980178
65	150	1.00637
65	162	1.10958
65	169	1.02362
65	176	0.940163
65	177	1.07586
65	178	1.01443
66	12	1.04886
66	19	1.13625
66	35	0.925285
66	53	1.09813
66	95	0.96729
66	99	0.943117
66	117	0.912023
66	137	1.0208
66	146	1.0725
66	147	1.03657
66	156	0.975514
66	166	0.98725
66	170	0.999598
66	172	1.04154
66	176	1.07677
66	178	0.961615
66	180	1.05976
67	2	1.05102
67	8	0.883139
67	10	1.05706
67	31	1.06684
67	41	0.98098
67	65	1.03197
67	74	1.11261
67	100	1.0323
67	107	0.902146
67	160	0.938808
67	163	0.981916
67	169	0.964948
67	174	1.05445
67	175	1.15694
67	176	0.881489
67	177	1.08194
67	179	1.08449
68	18	0.999924
68	46	1.0417
68	76	1.01049
68	83	0.982115
68	103	1.01544
68	110	1.03318
68	113	1.03801
68	116	1.01048
68	119	1.04712
68	120	1.02154
68	129	1.17372
68	132	0.962917
68	153	0.95455
68	160	0.926014
68	166	1.023
68	169	0.952154
68	179	1.0717
69	22	1.11304
69	25	0.946793
69	27	1.12424
69	42	1.01764
69	58	0.92667
69	60	1.02515
69	93	1.02606
69	155	0.977767
69	158	1.06231
69	163	0.994489
69	165	0.968795
69	166	1.04837
69	167	1.04663
69	169	1.00498
69	171	0.98833
69	176	0.894061
69	179	1.09707
70	7	1.01193
70	24	0.946581
70	28	1.03229
70	44	0.967746
70	45	0.975364
70	71	0.953004
70	80	1.00691
70	94	1.01911
70	150	0.988489
70	151	1.12316
70	157	1.21302
70	162	1.0917
70	163	1.02271
70	168	1.00838
70	169	0.982355
70	171	1.01655
70	172	1.00755
70	173	0.897162
71	7	1.01193
71	24	0.946581
71	28	1.03229
71	44	0.967746
71	45	0.975364
71	70	0.953004
71	80	1.00691
71	94	1.01911
71	102	0.933369
71	137	1.12224
71	139	1.00591
71	143	1.12884
71	163	1.08921
71	169	0.982355
71	170	1.10103
71	171	1.08306
71	172	1.00755
71	173	0.897162
72	17	0.959556
72	20	1.07867
72	54	1.16931
72	64	0.997877
72	73	1.07684
72	75	1.08567
72	117	1.11339
72	118	0.966022
72	120	0.873302
72	129	1.04106
72	137	1.06961
72	147	0.885246
72	149	1.07964
72	151	1.04765
72	163	0.836459
72	164	0.891767
72	173	0.972764
72	178	1.11967
73	17	0.841018
73	20	0.96013
73	54	1.05077
73	61	0.978604
73	72	1.07684
73	75	0.96713
73	102	1.08309
73	137	0.95107
73	139	0.974196
73	149	0.961106
73	151	0.929113
73	163	1.0575
73	165	1.06998
73	171	1.05134
73	173	1.1938
73	176	0.957068
73	178	1.00113
73	179	1.16007
74	8	0.957712
74	15	1.11633
74	31	1.14141
74	41	1.05555
74	61	1.09304
74	67	1.11261
74	100	1.10687
74	107	0.976719
74	120	1.08324
74	130	0.891783
74	147	0.959447
74	154	1.05768
74	158	0.97848
74	161	0.939292
74	162	0.979652
74	176	0.810232
74	177	1.15651
74	178	0.884496
75	17	0.849842
75	20	0.968953
75	54	1.05959
75	61	0.987428
75	72	1.08567
75	73	0.96713
75	117	1.00367
75	137	0.959894
75	149	0.969929
75	151	0.937936
75	152	0.980965
75	154	1.15197
75	155	0.988229
75	157	1.19526
75	161	1.03358
75	163	1.00495
75	178	1.00995
75	179	1.10753
76	4	1.0252
76	52	1.0575
76	55	0.944856
76	68	1.01049
76	78	0.955448
76	83	0.928808
76	103	0.96213
76	110	0.979875
76	113	0.984702
76	116	0.957178
76	119	0.993813
76	142	1.02277
76	146	1.10072
76	150	0.98177
76	163	1.01599
76	169	0.999024
76	173	1.1523
76	175	1.19102
77	12	0.995818
77	19	1.08321
77	35	0.872245
77	50	1.10524
77	53	1.04509
77	82	1.15581
77	88	1.00161
77	99	0.890078
77	147	1.10372
77	149	0.939405
77	155	1.03821
77	156	0.922474
77	160	1.01183
77	161	1.08357
77	166	0.934211
77	170	1.06675
77	172	0.988501
77	176	1.02373
78	4	1.02347
78	46	0.986664
78	52	1.05577
78	55	0.943122
78	76	0.955448
78	103	0.960396
78	110	0.978142
78	113	0.982969
78	114	1.19567
78	116	0.955444
78	119	0.99208
78	120	0.9665
78	143	1.0775
78	146	1.1226
78	147	1.08666
78	153	1.0233
78	169	1.02091
78	176	0.937447
79	11	1.04836
79	82	1.0273
79	109	0.988404
79	111	1.02779
79	118	1.05599
79	122	0.866013
79	123	1.0533
79	126	1.06668
79	127	1.04081
79	128	1.04195
79	129	1.13103
79	131	1.01948
79	142	0.933199
79	155	0.909703
79	156	0.996743
79	166	0.980303
79	172	1.06277
79	178	1.0537
79	180	0.998406
80	6	1.12677
80	24	1.00049
80	28	1.0862
80	44	1.02165
80	45	1.02927
80	48	0.933177
80	70	1.00691
80	71	1.00691
80	94	1.07301
80	112	0.993469
80	125	0.970055
80	135	0.978563
80	142	0.945751
80	162	1.00797
80	164	0.994287
80	169	1.03626
80	172	1.06146
80	173	0.951068
80	179	1.04156
81	90	0.947645
81	91	0.949559
81	96	0.921911
81	109	0.902403
81	111	0.94179
81	123	0.967302
81	126	0.98068
81	127	0.954812
81	128	0.955951
81	131	0.933484
81	137	1.12887
81	142	1.10262
81	155	1.07912
81	160	1.05274
81	166	1.14972
81	169	1.07888
81	172	0.976769
81	175	1.27087
81	178	0.967695
82	7	1.05688
82	41	1.13188
82	60	1.06868
82	77	1.15581
82	79	1.0273
82	106	0.995489
82	136	1.08835
82	143	0.955682
82	153	0.988997
82	154	0.903677
82	161	0.94925
82	164	0.947366
82	168	0.99194
82	170	0.975265
82	171	0.973086
82	174	0.943853
82	175	0.896532
82	179	0.926253
82	180	0.948098
83	4	0.996826
83	39	0.946358
83	46	0.960024
83	55	0.916483
83	68	0.982115
83	76	0.928808
83	103	0.933757
83	110	0.951502
83	113	0.956329
83	116	0.928805
83	119	0.96544
83	130	1.0968
83	135	0.933553
83	137	1.1487
83	139	1.03238
83	150	1.08145
83	151	1.21612
83	168	1.10135
83	174	1.18821
84	29	0.933054
84	31	1.03059
84	59	1.04555
84	60	1.08607
84	94	1.04276
84	135	0.950589
84	138	1.06716
84	139	1.02166
84	140	1.11678
84	142	0.97649
84	154	0.902873
84	159	0.953464
84	162	0.946657
84	167	1.05983
84	170	0.97446
84	171	0.972282
84	175	0.895727
84	179	0.925448
84	180	0.947293
85	21	1.13129
85	54	0.979664
85	61	1.04538
85	96	1.12844
85	103	1.0873
85	129	0.884044
85	142	0.967515
85	147	0.94408
85	159	0.944489
85	160	1.00357
85	163	0.95649
85	167	1.01325
85	168	0.98216
85	170	0.965485
85	171	0.963307
85	172	1.0632
85	174	0.934074
85	179	0.916473
85	180	0.938318
86	34	1.04675
86	105	0.976514
86	121	0.974732
86	133	0.984367
86	134	0.993754
86	136	1.00276
86	138	1.02869
86	139	0.947526
86	140	0.987169
86	141	0.986139
86	142	1.0376
86	144	0.986139
86	148	0.99448
86	159	1.06338
86	164	1.08613
86	167	1.03851
86	168	1.0165
86	170	1.04265
86	178	1.00466
86	180	1.10281
87	34	0.989225
87	36	0.97725
87	50	0.858616
87	89	0.998759
87	93	0.961559
87	97	1.06116
87	103	0.990297
87	110	1.00804
87	116	0.985345
87	119	1.02198
87	124	1.01631
87	137	0.978675
87	144	1.01452
87	160	1.05204
87	167	1.05425
87	172	1.02117
87	173	0.927418
87	175	0.935231
87	177	0.97198
87	180	0.986797
88	12	1.20473
88	65	0.987269
88	77	1.00161
88	119	0.93262
88	127	0.935222
88	147	1.00809
88	152	1.04413
88	155	1.03106
88	156	0.973048
88	157	0.944574
88	158	0.9955
88	159	1.0085
88	161	1.00348
88	164	1.0016
88	167	0.888236
88	170	1.0295
88	175	0.950763
88	177	0.88899
88	179	0.980484
88	180	1.00233
89	33	1.03525
89	37	1.08232
89	58	0.919539
89	87	0.998759
89	93	1.01893
89	97	1.0464
89	112	1.08369
89	130	1.01032
89	134	0.994738
89	135	1.06878
89	136	1.00374
89	140	0.988154
89	148	0.995464
89	152	1.00521
89	159	1.06175
89	165	0.961664
89	167	1.0395
89	169	0.997854
89	171	1.02304
89	176	0.928767
90	11	1.01857
90	29	1.16537
90	81	0.947645
90	96	0.978115
90	109	0.958607
90	123	1.02351
90	125	1.1685
90	126	1.03688
90	127	1.01102
90	128	1.01215
90	131	0.989688
90	156	0.966946
90	157	1.32773
90	163	1.13742
90	172	1.03297
90	174	1.20995
90	176	1.03699
90	177	0.00823366
90	178	1.0239
90	180	1.2094
91	1	1.03452
91	49	0.958502
91	81	0.949559
91	96	0.980029
91	111	0.999907
91	123	1.02542
91	126	1.0388
91	127	1.01293
91	128	1.01407
91	131	0.991601
91	142	1.02339
91	145	1.04985
91	146	1.10134
91	152	0.992631
91	156	0.968859
91	165	1.02911
91	166	1.07049
91	176	0.916189
91	178	1.02581
91	179	1.11919
92	101	0.981339
92	121	0.978302
92	124	0.990798
92	133	0.987937
92	134	0.997324
92	136	1.00633
92	138	1.03226
92	140	0.99074
92	141	0.98971
92	143	1.01076
92	144	0.98971
92	148	0.99805
92	154	1.11815
92	157	1.16144
92	165	0.98362
92	171	0.964973
92	174	1.04366
92	177	1.0575
92	178	0.944968
92	179	1.07371
93	22	1.14084
93	25	0.974594
93	27	1.15204
93	42	1.04544
93	58	0.95447
93	60	1.05295
93	69	1.02606
93	87	0.961559
93	89	1.01893
93	102	1.13086
93	129	1.13649
93	130	0.913014
93	147	0.980678
93	160	0.888783
93	162	1.00088
93	165	0.996595
93	166	0.985768
93	167	1.07443
93	169	1.03278
93	176	0.831463
93	180	1.00387
94	6	1.13897
94	7	1.07803
94	24	1.01268
94	28	1.0984
94	44	1.03385
94	45	1.04147
94	70	1.01911
94	71	1.01911
94	80	1.07301
94	84	1.04276
94	149	0.989056
94	153	0.909918
94	158	0.99231
94	159	0.957041
94	166	0.978366
94	169	1.04846
94	170	0.936309
94	172	1.07365
94	173	0.963265
94	178	0.898326
94	180	0.996469
95	12	0.995162
95	19	1.08255
95	29	1.08734
95	35	0.871589
95	50	1.10459
95	53	1.04444
95	66	0.96729
95	99	0.889422
95	107	0.839923
95	149	0.93875
95	152	1.0354
95	156	0.921819
95	158	1.12721
95	159	1.09194
95	161	1.08802
95	162	1.12838
95	163	1.05939
95	166	0.933555
95	168	1.04506
95	172	0.987846
95	176	1.02307
96	49	0.930855
96	81	0.921911
96	85	1.12844
96	90	0.978115
96	91	0.980029
96	102	0.900902
96	109	0.932874
96	111	0.97226
96	114	1.21454
96	123	0.997772
96	126	1.01115
96	127	0.985282
96	128	0.986421
96	131	0.963954
96	146	1.14147
96	156	0.941212
96	169	1.03978
96	171	1.05059
96	175	1.23177
96	176	0.95632
96	178	0.998165
97	5	0.945337
97	9	1.08915
97	26	1.02086
97	33	1.09765
97	38	0.978563
97	39	1.05054
97	43	1.05356
97	56	1.12856
97	87	1.06116
97	89	1.0464
97	114	1.07398
97	137	1.02632
97	143	0.955817
97	157	1.1065
97	158	0.984011
97	162	0.985183
97	167	1.1019
97	168	0.901864
97	170	0.92801
97	174	0.988723
97	176	0.815763
98	108	0.965779
98	115	0.977513
98	121	0.991781
98	124	1.00428
98	133	1.00142
98	134	1.0108
98	136	1.01981
98	138	1.04573
98	140	1.00422
98	141	1.00319
98	144	1.00319
98	147	1.03559
98	148	1.01153
98	149	1.05137
98	150	0.952578
98	161	1.01543
98	162	1.05579
98	164	1.04211
98	167	1.05556
98	174	1.05933
98	177	1.07098
98	178	0.960636
99	12	0.970989
99	19	1.05838
99	35	0.847416
99	50	1.08041
99	53	1.02026
99	66	0.943117
99	77	0.890078
99	95	0.889422
99	107	0.81575
99	146	1.18727
99	149	0.914577
99	152	1.07856
99	153	1.08797
99	155	1.08582
99	156	0.897645
99	163	1.10254
99	165	1.11503
99	166	0.909382
99	172	0.963672
99	173	1.23885
99	176	0.998897
99	179	1.20512
100	2	1.04528
100	8	0.877398
100	10	1.05132
100	15	1.03602
100	31	1.06109
100	41	0.975239
100	61	1.01273
100	65	1.02622
100	67	1.0323
100	74	1.10687
100	107	0.896405
100	120	1.00292
100	129	1.19727
100	139	0.90937
100	159	1.02522
100	160	0.949562
100	165	1.00516
100	173	1.12898
100	176	0.892242
100	177	1.07619
100	178	0.966506
100	180	1.06465
101	48	0.996217
101	57	0.94064
101	92	0.981339
101	105	0.972249
101	121	0.970467
101	124	0.982963
101	133	0.980102
101	134	0.989489
101	136	0.998496
101	138	1.02442
101	140	0.982905
101	141	0.981875
101	144	0.981875
101	149	1.06658
101	152	0.978033
101	158	1.06984
101	166	0.96351
101	168	0.987692
101	170	1.01384
101	173	1.13832
101	174	1.07455
101	175	1.17705
101	177	1.04967
102	21	0.903747
102	41	0.87516
102	44	0.86144
102	54	1.17555
102	63	0.832951
102	71	0.933369
102	73	1.08309
102	93	1.13086
102	96	0.900902
102	106	0.73877
102	134	0.853331
102	143	1.09156
102	148	0.880964
102	156	0.870524
102	165	1.0736
102	167	1.15143
102	169	1.10978
102	174	1.07973
102	175	1.03241
102	178	1.12591
102	179	1.06213
102	180	1.08397
103	4	1.03015
103	46	0.993345
103	52	1.06245
103	55	0.949804
103	68	1.01544
103	76	0.96213
103	78	0.960396
103	83	0.933757
103	85	1.0873
103	87	0.990297
103	110	0.984823
103	113	0.989651
103	114	1.17339
103	116	0.962126
103	119	0.998762
103	135	0.966874
103	146	1.10033
103	150	0.981379
103	163	1.0156
103	165	1.02809
103	168	1.00127
103	170	1.02742
103	180	1.08758
104	13	1.12874
104	14	1.06426
104	30	1.08993
104	47	1.03952
104	51	1.10935
104	63	1.05678
104	106	1.09481
104	112	0.982118
104	132	0.921422
104	147	0.976414
104	151	0.996981
104	155	0.910905
104	156	1.01204
104	158	0.995447
104	162	0.99662
104	165	1.01669
104	168	0.9133
104	169	0.910659
104	170	0.939446
104	173	0.967682
104	176	1.11329
104	177	1.10994
104	179	1.0302
105	86	0.976514
105	101	0.972249
105	115	0.954944
105	124	0.981708
105	133	0.978847
105	134	0.988234
105	136	0.997241
105	138	1.02317
105	140	0.98165
105	141	0.980619
105	144	0.980619
105	148	0.98896
105	150	1.00527
105	158	1.10731
105	161	1.06812
105	164	1.0948
105	166	0.962255
105	167	1.03299
105	169	1.02252
105	173	1.17579
105	174	1.11202
105	176	0.939061
105	178	1.01332
106	13	1.12951
106	14	1.06502
106	30	1.09069
106	48	0.888813
106	51	1.11011
106	62	0.894708
106	63	1.05754
106	82	0.995489
106	102	0.73877
106	104	1.09481
106	129	1.09922
106	135	1.03112
106	145	0.927848
106	151	0.997744
106	154	1.04164
106	156	1.01281
106	165	1.01745
106	170	0.906434
106	173	0.968445
106	174	0.967147
106	176	1.11406
106	177	1.1107
106	180	0.966595
107	2	0.915128
107	42	0.901635
107	60	0.909144
107	65	0.896071
107	67	0.902146
107	74	0.976719
107	95	0.839923
107	99	0.81575
107	100	0.896405
107	117	1.18393
107	122	1.19927
107	139	1.17639
107	147	1.30847
107	149	0.865078
107	150	1.22547
107	153	1.24512
107	162	1.32868
107	165	0.852789
107	167	0.930622
107	169	0.888978
107	172	0.914174
107	176	0.949399
107	177	0.946041
107	178	1.23352
108	2	0.944218
108	19	0.841089
108	22	0.799265
108	39	0.993477
108	49	1.02765
108	53	0.896421
108	98	0.965779
108	110	1.09898
108	122	1.08386
108	130	1.06548
108	146	1.01069
108	152	1.06813
108	156	1.00535
108	157	0.968574
108	158	1.0195
108	162	1.02569
108	164	1.0256
108	170	1.0535
108	171	1.05132
108	174	1.02208
108	175	0.974763
108	177	0.921291
108	179	1.00448
108	180	1.02633
109	1	0.987361
109	39	0.952823
109	49	0.911347
109	79	0.988404
109	81	0.902403
109	90	0.958607
109	96	0.932874
109	111	0.952752
109	120	1.11336
109	123	0.978264
109	126	0.991643
109	127	0.965774
109	128	0.966913
109	130	1.05764
109	131	0.944446
109	137	1.10954
109	145	1.10975
109	153	1.06195
109	159	1.10907
109	161	1.10515
109	169	1.05955
109	172	0.987731
109	173	1.21282
109	178	0.978658
110	4	1.04789
110	12	0.0293853
110	18	0.969311
110	29	1.14795
110	37	1.17313
110	46	1.01109
110	48	1.1142
110	52	1.0802
110	55	0.967549
110	68	1.03318
110	76	0.979875
110	78	0.978142
110	83	0.951502
110	87	1.00804
110	103	0.984823
110	108	1.09898
110	113	1.0074
110	116	0.979871
110	119	1.01651
110	135	0.984619
110	158	1.18782
110	161	1.14864
110	166	1.17388
110	176	1.01958
110	178	1.09384
111	1	1.02675
111	11	1.01271
111	40	0.976909
111	79	1.02779
111	81	0.94179
111	91	0.999907
111	96	0.97226
111	109	0.952752
111	120	1.06434
111	123	1.01765
111	126	1.03103
111	127	1.00516
111	128	1.0063
111	131	0.983832
111	139	0.944199
111	146	1.11222
111	158	1.09532
111	159	1.06005
111	165	1.03999
111	166	1.08138
111	168	1.01317
111	170	1.03932
111	172	1.02712
111	176	0.927072
111	178	1.01804
112	40	1.01656
112	57	1.16526
112	80	0.993469
112	89	1.08369
112	104	0.982118
112	113	1.06448
112	114	0.91547
112	121	1.05421
112	127	1.04303
112	145	0.974576
112	147	0.963508
112	150	0.986334
112	157	0.899991
112	160	1.02299
112	161	0.958899
112	164	0.957014
112	168	1.00159
112	169	0.98356
112	171	0.982735
112	172	1.04599
112	174	0.953502
112	175	0.906181
112	179	0.935901
112	180	0.957746
113	18	0.974139
113	39	1.00225
113	46	1.01592
113	52	1.08502
113	55	0.972377
113	68	1.03801
113	76	0.984702
113	78	0.982969
113	83	0.956329
113	103	0.989651
113	110	1.0074
113	112	1.06448
113	116	0.984699
113	119	1.02133
113	120	0.995754
113	132	1.00379
113	135	0.989447
113	137	1.04302
113	145	1.04322
113	147	1.05878
113	154	1.15701
113	169	0.993024
113	176	0.909564
113	178	0.983828
113	180	1.08197
114	30	1.08967
114	40	1.11986
114	78	1.19567
114	96	1.21454
114	97	1.07398
114	103	1.17339
114	112	0.91547
114	116	1.20574
114	118	0.900223
114	125	0.93222
114	128	1.07063
114	132	0.972346
114	144	1.14264
114	146	0.90216
114	150	0.94639
114	151	0.887722
114	154	0.873382
114	161	0.918955
114	162	0.917167
114	163	0.935974
114	168	0.961645
114	171	0.942791
114	174	0.913558
114	175	0.866237
114	179	0.895957
114	180	0.917803
115	57	0.923335
115	98	0.977513
115	105	0.954944
115	117	0.985144
115	121	0.953162
115	124	0.965658
115	133	0.962797
115	134	0.972184
115	136	0.981191
115	138	1.00712
115	139	0.974865
115	140	0.9656
115	141	0.96457
115	144	0.96457
115	145	1.0914
115	146	1.14289
115	148	0.97291
115	150	1.02394
115	159	1.09072
115	167	1.01694
115	168	1.04384
115	171	1.05201
115	173	1.19447
115	174	1.1307
115	177	1.03236
115	178	1.032
116	18	0.946614
116	39	0.974727
116	46	0.988393
116	52	1.0575
116	55	0.944852
116	68	1.01048
116	76	0.957178
116	78	0.955444
116	83	0.928805
116	87	0.985345
116	103	0.962126
116	110	0.979871
116	113	0.984699
116	114	1.20574
116	119	0.99381
116	120	0.968229
116	135	0.961922
116	150	1.01373
116	152	1.02396
116	165	1.06044
116	171	1.04179
116	173	1.18426
116	174	1.12048
116	176	0.947523
116	178	1.02179
116	180	1.11993
117	11	1.18436
117	38	1.0766
117	42	0.910808
117	43	0.941836
117	52	0.842298
117	58	1.01633
117	59	0.851521
117	60	0.892046
117	66	0.912023
117	72	1.11339
117	75	1.00367
117	107	1.18393
117	115	0.985144
117	138	1.05337
117	141	1.01082
117	144	1.01082
117	146	0.980094
117	148	1.01916
117	149	0.997649
117	151	0.965656
117	153	1.03664
117	155	1.02446
117	156	0.950614
117	169	1.02155
117	175	0.944171
117	178	1.03767
117	180	0.995737
118	2	1.0948
118	31	1.04188
118	51	0.999164
118	72	0.966022
118	79	1.05599
118	114	0.900223
118	119	1.1155
118	126	1.06676
118	132	0.997042
118	140	1.12807
118	142	0.971695
118	143	0.950082
118	147	0.948261
118	152	0.984299
118	153	0.983398
118	155	0.971226
118	158	0.93567
118	159	0.948669
118	160	1.00775
118	162	0.941863
118	167	1.07112
118	171	0.967487
118	174	0.938254
118	175	0.890933
118	177	1.07188
118	179	0.920654
118	180	0.942499
119	4	1.06183
119	18	0.98325
119	46	1.02503
119	52	1.09413
119	55	0.981488
119	68	1.04712
119	76	0.993813
119	78	0.99208
119	83	0.96544
119	87	1.02198
119	88	0.93262
119	103	0.998762
119	110	1.01651
119	113	1.02133
119	116	0.99381
119	118	1.1155
119	120	1.00486
119	129	1.19054
119	135	0.998558
119	139	0.902642
119	147	1.03473
119	160	0.942833
119	162	1.05493
119	165	0.99843
119	173	1.12225
119	176	0.885514
119	178	0.959778
120	8	0.853761
120	31	1.03746
120	32	1.00625
120	51	0.906444
120	65	1.00259
120	68	1.02154
120	72	0.873302
120	74	1.08324
120	78	0.9665
120	100	1.00292
120	109	1.11336
120	111	1.06434
120	113	0.995754
120	116	0.968229
120	119	1.00486
120	123	1.01038
120	128	0.949687
120	138	0.985729
120	144	1.0217
120	156	1.06321
120	161	0.970834
120	163	0.987853
120	164	0.968949
120	167	0.978401
120	174	0.965437
120	177	1.05256
120	179	0.947836
120	180	0.969682
121	34	1.03945
121	86	0.974732
121	92	0.978302
121	98	0.991781
121	101	0.970467
121	112	1.05421
121	115	0.953162
121	124	0.979926
121	133	0.977065
121	134	0.986452
121	136	0.995459
121	138	1.02138
121	140	0.979868
121	141	0.978837
121	142	1.0065
121	143	1.03935
121	144	0.978837
121	146	1.08445
121	148	0.987178
121	151	1.10017
121	152	0.975737
121	161	1.02835
121	163	0.999723
121	166	0.960473
121	170	1.01154
121	175	1.17475
121	177	1.04663
121	179	1.1023
122	33	0.867009
122	35	1.06346
122	36	0.887169
122	44	0.956872
122	59	0.866864
122	65	0.980178
122	79	0.866013
122	107	1.19927
122	108	1.08386
122	132	1.07216
122	133	0.976353
122	138	0.888472
122	142	1.04681
122	147	1.02337
122	152	1.05941
122	154	0.973192
122	156	0.965956
122	157	0.959857
122	158	1.01078
122	161	1.01876
122	162	1.01698
122	163	1.03578
122	168	1.06145
122	170	1.04478
122	172	0.931088
122	174	1.01337
122	175	0.966047
122	179	0.995767
122	180	1.01761
123	1	1.05226
123	23	0.982806
123	40	1.00242
123	49	0.976245
123	59	1.0813
123	79	1.0533
123	81	0.967302
123	90	1.02351
123	91	1.02542
123	96	0.997772
123	109	0.978264
123	111	1.01765
123	120	1.01038
123	126	1.05654
123	127	1.03067
123	128	1.03181
123	131	1.00934
123	139	0.890236
123	145	1.00677
123	146	1.05826
123	147	1.02232
123	150	0.939314
123	158	1.04136
123	168	0.959209
123	172	1.05263
123	175	1.14856
123	176	0.873108
123	178	1.04356
123	180	1.04552
124	21	0.966433
124	32	1.03621
124	34	1.05194
124	36	1.03504
124	64	1.14806
124	87	1.01631
124	92	0.990798
124	98	1.00428
124	101	0.982963
124	105	0.981708
124	115	0.965658
124	121	0.979926
124	125	1.01772
124	133	0.989561
124	134	0.998948
124	136	1.00795
124	138	1.03388
124	139	0.903342
124	140	0.992364
124	141	0.991333
124	142	0.993415
124	144	0.991333
124	148	0.999674
124	149	1.05121
124	151	1.08709
124	153	0.972071
124	161	1.01527
124	162	1.05564
124	174	1.05917
124	180	1.05862
125	3	0.919354
125	7	0.987078
125	14	1.02655
125	25	1.08489
125	53	0.948518
125	63	1.01987
125	80	0.970055
125	90	1.1685
125	114	0.93222
125	124	1.01772
125	130	1.01365
125	132	1.02904
125	145	0.991326
125	146	0.958853
125	147	0.980258
125	154	0.930075
125	156	1.05745
125	159	0.980666
125	161	0.975648
125	163	0.992667
125	164	0.973764
125	167	0.972634
125	168	1.01834
125	170	1.00166
125	171	0.999484
125	172	1.02258
125	173	0.915117
125	176	1.06073
125	177	0.973388
125	179	0.952651
125	180	0.974496
126	11	1.0516
126	40	1.0158
126	49	0.989624
126	59	1.09468
126	79	1.06668
126	81	0.98068
126	90	1.03688
126	91	1.0388
126	96	1.01115
126	109	0.991643
126	111	1.03103
126	118	1.06676
126	123	1.05654
126	127	1.04405
126	128	1.04519
126	131	1.02272
126	135	0.976777
126	149	1.00176
126	151	1.03764
126	154	1.08421
126	156	0.999981
126	162	1.00619
126	164	0.992501
126	169	0.920225
126	170	0.949012
126	171	0.931034
126	172	1.06601
126	174	1.00973
126	176	0.836765
126	178	1.05693
126	179	1.03977
127	1	1.03977
127	11	1.02573
127	29	1.01649
127	40	0.989931
127	49	0.963755
127	59	1.06881
127	79	1.04081
127	81	0.954812
127	88	0.935222
127	90	1.01102
127	91	1.01293
127	96	0.985282
127	109	0.965774
127	111	1.00516
127	112	1.04303
127	123	1.03067
127	126	1.04405
127	128	1.01932
127	131	0.996854
127	132	0.982339
127	139	0.905244
127	145	1.02178
127	154	1.13556
127	156	0.974112
127	159	1.0211
127	165	1.00103
127	169	0.971576
127	172	1.04014
127	175	1.16357
127	176	0.888116
127	178	1.03107
127	179	1.09112
128	1	1.04091
128	3	1.14361
128	39	1.00637
128	40	0.99107
128	49	0.964894
128	59	1.06995
128	62	0.912937
128	79	1.04195
128	81	0.955951
128	90	1.01215
128	91	1.01407
128	96	0.986421
128	109	0.966913
128	111	1.0063
128	114	1.07063
128	120	0.949687
128	123	1.03181
128	126	1.04519
128	127	1.01932
128	131	0.997993
128	151	1.01329
128	156	0.975251
128	157	1.10315
128	162	0.981836
128	166	0.96672
128	170	0.924663
128	172	1.04128
128	174	0.985376
128	175	1.08787
128	178	1.0322
128	179	1.01542
128	180	0.984823
129	3	0.850662
129	24	1.19626
129	33	1.13202
129	55	1.2338
129	68	1.17372
129	72	1.04106
129	79	1.13103
129	85	0.884044
129	93	1.13649
129	100	1.19727
129	106	1.09922
129	119	1.19054
129	132	0.960348
129	142	0.935
129	143	0.913388
129	146	0.890161
129	147	0.911566
129	149	0.907717
129	154	0.861383
129	155	0.934531
129	156	1.23097
129	160	0.971051
129	162	0.905168
129	163	0.923975
129	168	0.949646
129	170	0.932971
129	171	0.930792
129	174	0.901559
129	175	0.854238
129	176	0.992038
129	179	0.883959
129	180	0.905804
130	7	0.937125
130	30	0.913007
130	34	0.94068
130	48	1.03329
130	74	0.891783
130	83	1.0968
130	89	1.01032
130	93	0.913014
130	108	1.06548
130	109	1.05764
130	125	1.01365
130	134	0.9903
130	140	0.979629
130	141	0.984689
130	142	1.02843
130	155	1.02796
130	157	0.941479
130	158	0.992405
130	159	1.0054
130	160	1.06448
130	161	1.00039
130	162	0.998598
130	164	0.998502
130	168	1.04308
130	170	1.0264
130	172	0.972624
130	174	0.994989
130	175	0.947668
130	177	0.923435
130	178	1.04117
130	179	0.977389
130	180	0.999234
131	1	1.01844
131	11	1.00441
131	37	1.05357
131	39	0.983903
131	40	0.968603
131	49	0.942427
131	59	1.04748
131	79	1.01948
131	81	0.933484
131	90	0.989688
131	91	0.991601
131	96	0.963954
131	109	0.944446
131	111	0.983832
131	123	1.00934
131	126	1.02272
131	127	0.996854
131	128	0.997993
131	132	0.994238
131	145	1.03368
131	149	1.06501
131	150	0.966221
131	154	1.14746
131	155	0.983721
131	156	0.952784
131	158	1.06826
131	161	1.02908
131	168	0.986116
131	170	1.01226
131	172	1.01881
131	173	1.13675
131	175	1.17547
131	178	1.00974
132	7	0.949797
132	26	1.04488
132	27	0.900714
132	31	0.906112
132	33	0.921218
132	68	0.962917
132	104	0.921422
132	113	1.00379
132	114	0.972346
132	118	0.997042
132	122	1.07216
132	125	1.02904
132	127	0.982339
132	129	0.960348
132	131	0.994238
132	138	0.942681
132	141	0.997361
132	145	1.03145
132	152	1.05642
132	158	1.00779
132	160	1.07987
132	162	1.01399
132	163	1.03279
132	164	1.01389
132	166	1.01134
132	168	1.05846
132	169	1.04044
132	170	1.04179
132	172	0.985296
132	174	1.01038
132	175	0.963056
132	177	0.936107
132	179	0.992777
132	180	1.01462
133	32	1.03335
133	34	1.04908
133	61	0.9928
133	86	0.984367
133	92	0.987937
133	98	1.00142
133	101	0.980102
133	105	0.978847
133	115	0.962797
133	121	0.977065
133	122	0.976353
133	124	0.989561
133	134	0.996087
133	135	1.07635
133	136	1.00509
133	138	1.03102
133	140	0.989503
133	141	0.988472
133	144	0.988472
133	147	1.08555
133	148	0.996813
133	149	1.10133
133	150	1.00254
133	152	1.01278
133	160	0.993658
133	166	0.970107
133	167	1.04085
133	168	1.02244
133	169	1.0198
133	170	1.04859
133	171	1.03061
133	173	1.17307
133	176	0.936339
133	177	1.05627
133	178	1.0106
134	21	0.972959
134	36	1.04156
134	37	1.06231
134	57	0.956624
134	86	0.993754
134	89	0.994738
134	92	0.997324
134	98	1.0108
134	101	0.989489
134	102	0.853331
134	105	0.988234
134	115	0.972184
134	121	0.986452
134	124	0.998948
134	130	0.9903
134	133	0.996087
134	136	1.01448
134	137	1.0422
134	138	1.04041
134	140	0.99889
134	141	0.997859
134	144	0.997859
134	145	1.04241
134	146	1.0939
134	148	1.0062
134	153	0.994605
134	160	0.966068
134	166	0.979494
134	171	1.00302
134	174	1.08171
134	175	1.1842
134	176	0.908749
134	177	1.06565
134	179	1.11175
134	180	1.08116
135	1	0.961535
135	20	1.09843
135	40	1.00165
135	47	0.97583
135	50	0.868532
135	52	1.06225
135	63	0.993092
135	80	0.978563
135	83	0.933553
135	84	0.950589
135	89	1.06878
135	103	0.966874
135	106	1.03112
135	110	0.984619
135	113	0.989447
135	116	0.961922
135	119	0.998558
135	126	0.976777
135	133	1.07635
135	138	0.988469
135	141	1.04315
135	144	1.02444
135	148	1.07639
135	152	1.00518
135	156	0.948356
135	163	0.981546
135	164	0.962642
135	167	0.981142
135	170	0.990541
135	172	1.03108
135	173	0.903995
135	174	0.95913
135	176	1.04961
135	177	1.04625
135	179	0.941529
135	180	0.963374
136	21	0.981966
136	57	0.965631
136	61	1.01119
136	82	1.08835
136	86	1.00276
136	89	1.00374
136	92	1.00633
136	98	1.01981
136	101	0.998496
136	105	0.997241
136	115	0.981191
136	121	0.995459
136	124	1.00795
136	133	1.00509
136	134	1.01448
136	138	1.04941
136	140	1.0079
136	141	1.00687
136	143	1.0271
136	144	1.00687
136	148	1.01521
136	149	1.05204
136	155	0.97075
136	157	1.17778
136	159	1.02002
136	160	0.944364
136	165	0.999961
136	166	0.988501
136	167	1.05924
136	168	0.973145
136	171	0.981313
136	173	1.12378
