1	20	0.746579
1	33	0.725646
1	39	0.723279
1	45	0.711274
1	48	0.713134
1	53	0.714835
1	56	0.716162
1	148	3.36236
1	159	4.36849
1	164	0.751955
1	170	0.669819
1	180	0.612864
2	5	1.75022
2	7	0.79003
2	9	0.804551
2	11	0.804412
2	25	0.880342
2	26	0.779901
2	27	0.83918
2	38	0.838681
2	138	4.24199
2	141	0.755465
2	169	3.80168
2	173	0.770351
3	8	0.876662
3	13	0.871403
3	18	0.797662
3	22	0.850252
3	28	0.83826
3	97	3.51646
3	140	0.798993
3	141	0.764241
3	154	1.95538
3	161	5.2338
3	170	0.784668
4	16	0.66812
4	19	0.733064
4	31	0.717333
4	32	0.719103
4	34	0.721371
4	35	0.740547
4	41	0.725167
4	42	0.726408
4	138	0.637346
4	139	6.17328
4	141	2.52511
4	164	0.750652
5	2	1.75022
5	91	1.85195
5	110	0.71842
5	134	0.800764
5	161	0.708787
5	169	0.730955
5	171	0.689887
5	172	0.741036
5	174	0.725994
5	175	0.686004
5	177	0.700957
5	179	0.700228
6	21	0.785523
6	23	0.709179
6	43	0.757364
6	54	0.759614
6	57	0.744325
6	77	0.719706
6	106	2.00365
6	138	0.669466
6	139	6.62672
6	160	0.759743
6	167	0.687972
6	180	0.64368
7	2	0.79003
7	9	0.706555
7	11	0.706416
7	25	0.782347
7	26	0.681906
7	27	0.741184
7	38	0.740686
7	71	0.72034
7	141	0.657469
7	150	4.04863
7	167	3.96848
7	173	0.672355
8	3	0.876662
8	10	0.763463
8	13	0.842488
8	18	0.768746
8	22	0.821337
8	28	0.809345
8	114	1.88804
8	140	0.770077
8	141	0.735326
8	167	2.48044
8	170	0.755752
8	179	5.92782
9	2	0.804551
9	7	0.706555
9	11	0.720937
9	25	0.796867
9	26	0.696426
9	27	0.755705
9	38	0.755206
9	44	3.16784
9	141	0.67199
9	153	3.65531
9	173	0.686876
10	8	0.763463
10	13	0.758204
10	18	0.684462
10	22	0.737053
10	28	0.725061
10	71	0.713912
10	101	0.698975
10	122	2.90093
10	140	0.685794
10	141	0.651042
10	168	4.70577
10	170	0.671468
11	2	0.804412
11	7	0.706416
11	9	0.720937
11	25	0.796728
11	26	0.696287
11	27	0.755566
11	38	0.755067
11	78	3.12001
11	141	0.671851
11	154	3.07548
11	173	0.686737
12	30	0.731772
12	47	0.775666
12	49	0.789195
12	50	0.779436
12	60	0.775236
12	63	0.844582
12	64	0.777388
12	67	0.82801
12	123	2.49967
12	160	0.810285
12	174	2.78904
12	179	5.40977
13	3	0.871403
13	8	0.842488
13	10	0.758204
13	22	0.816078
13	28	0.804086
13	89	1.66256
13	101	0.778
13	128	4.8155
13	136	3.27023
13	140	0.764819
13	141	0.730067
13	170	0.750493
14	33	0.809337
14	39	0.80697
14	45	0.794965
14	48	0.796825
14	53	0.798527
14	56	0.799854
14	132	5.40397
14	155	2.82717
14	156	2.11591
14	164	0.835647
14	170	0.753511
14	180	0.696555
15	37	0.758939
15	46	0.73365
15	52	0.747616
15	55	0.750893
15	58	0.675618
15	59	0.720033
15	61	0.797136
15	62	0.690463
15	65	0.687083
15	166	3.1378
15	173	0.674342
15	177	5.03626
16	4	0.66812
16	19	0.72791
16	31	0.71218
16	32	0.713949
16	34	0.716218
16	35	0.735394
16	41	0.720014
16	42	0.721255
16	127	1.95646
16	138	0.632193
16	164	0.745499
16	178	6.46785
17	46	0.5328
17	52	0.673236
17	55	0.676513
17	58	1.1094
17	59	0.645653
17	61	0.722756
17	62	0.953763
17	65	0.950382
17	135	2.00969
17	152	8.48521
17	155	3.65737
17	173	0.937642
18	3	0.797662
18	8	0.768746
18	10	0.684462
18	28	0.730344
18	68	0.690735
18	71	0.719195
18	101	0.704258
18	130	4.17404
18	140	0.691077
18	141	0.656325
18	147	3.40637
18	170	0.676752
19	4	0.733064
19	16	0.72791
19	24	2.47267
19	31	0.777123
19	32	0.778893
19	34	0.781161
19	35	0.800337
19	41	0.784957
19	42	0.786198
19	105	2.77918
19	138	0.697136
19	164	0.810442
19	172	3.75608
20	1	0.746579
20	39	0.793977
20	45	0.781972
20	48	0.783832
20	53	0.785534
20	56	0.786861
20	126	1.45327
20	130	2.74257
20	138	5.1514
20	140	0.754843
20	164	0.822654
20	170	0.740518
20	180	0.683562
21	6	0.785523
21	23	0.757188
21	43	0.805373
21	54	0.807623
21	57	0.792334
21	77	0.767716
21	121	0.814847
21	147	1.22633
21	148	2.59622
21	160	0.807752
21	161	5.8745
21	167	0.735982
21	180	0.691689
22	3	0.850252
22	8	0.821337
22	10	0.737053
22	13	0.816078
22	28	0.782935
22	71	0.771785
22	101	0.756848
22	130	1.73413
22	140	0.743667
22	141	0.708915
22	142	1.41374
22	170	0.729342
22	178	6.62159
23	6	0.709179
23	21	0.757188
23	43	0.729029
23	54	0.73128
23	57	0.715991
23	77	0.691372
23	121	0.738503
23	137	1.59782
23	138	0.641131
23	160	0.731408
23	167	0.659638
23	179	6.59882
23	180	0.615346
24	19	2.47267
24	42	2.10176
24	126	0.770209
24	130	0.716873
24	142	0.790834
24	146	0.692545
24	161	0.669673
24	163	0.726327
24	169	0.691841
24	174	0.68688
24	176	0.65574
24	178	0.65954
24	179	0.661114
25	2	0.880342
25	7	0.782347
25	9	0.796867
25	11	0.796728
25	26	0.772218
25	27	0.831496
25	38	0.830998
25	124	2.87778
25	129	2.27423
25	141	0.747782
25	153	3.57503
25	173	0.762667
26	2	0.779901
26	7	0.681906
26	9	0.696426
26	11	0.696287
26	25	0.772218
26	27	0.731055
26	38	0.730557
26	71	0.710211
26	74	0.688072
26	98	2.62954
26	141	0.64734
26	172	4.85462
26	173	0.662226
27	2	0.83918
27	7	0.741184
27	9	0.755705
27	11	0.755566
27	25	0.831496
27	26	0.731055
27	38	0.789835
27	71	0.769489
27	74	0.747351
27	111	2.41062
27	132	6.59603
27	141	0.706619
27	157	1.50944
27	173	0.721505
28	3	0.83826
28	8	0.809345
28	10	0.725061
28	13	0.804086
28	18	0.730344
28	22	0.782935
28	68	0.731333
28	71	0.759794
28	101	0.744857
28	104	2.70176
28	141	0.696924
28	170	0.71735
28	172	2.94661
28	174	4.40563
29	30	0.70049
29	40	0.784218
29	47	0.744384
29	49	0.757913
29	50	0.748154
29	60	0.743954
29	63	0.813299
29	64	0.746106
29	67	0.796728
29	99	3.63198
29	128	0.676728
29	144	3.25617
29	153	3.10534
29	160	0.779003
30	12	0.731772
30	29	0.70049
30	40	0.708674
30	47	0.66884
30	49	0.682369
30	50	0.67261
30	60	0.66841
30	63	0.737755
30	64	0.670562
30	67	0.721184
30	97	4.88354
30	128	0.601184
30	160	0.703459
30	174	4.43787
31	4	0.717333
31	16	0.71218
31	19	0.777123
31	32	0.763162
31	34	0.765431
31	35	0.784607
31	41	0.769227
31	42	0.770467
31	101	0.740082
31	138	0.681405
31	157	2.26878
31	164	0.794711
31	167	3.5709
31	174	4.39755
32	4	0.719103
32	16	0.713949
32	19	0.778893
32	31	0.763162
32	34	0.7672
32	35	0.786376
32	41	0.770996
32	42	0.772237
32	101	0.741851
32	138	0.683175
32	140	2.30516
32	164	0.796481
32	172	3.50689
32	173	3.4445
33	1	0.725646
33	14	0.809337
33	39	0.773043
33	45	0.761039
33	48	0.762899
33	53	0.7646
33	56	0.765927
33	96	2.85243
33	123	2.6046
33	124	3.53292
33	140	0.733909
33	164	0.80172
33	170	0.719584
33	180	0.662629
34	4	0.721371
34	16	0.716218
34	19	0.781161
34	31	0.765431
34	32	0.7672
34	35	0.788645
34	41	0.773265
34	42	0.774505
34	101	0.744119
34	138	0.685443
34	144	2.82656
34	156	4.13437
34	162	3.63967
34	164	0.798749
35	4	0.740547
35	16	0.735394
35	19	0.800337
35	31	0.784607
35	32	0.786376
35	34	0.788645
35	41	0.792441
35	42	0.793682
35	111	3.73135
35	127	3.61754
35	137	2.57868
35	138	0.70462
35	164	0.817926
36	69	0.724936
36	73	0.776947
36	75	0.776205
36	80	0.768435
36	82	0.808777
36	84	0.770922
36	85	0.80138
36	87	0.803929
36	88	0.789622
36	91	0.828452
36	92	0.826998
36	154	1.67484
36	170	3.4513
36	173	4.00352
37	15	0.758939
37	46	0.79658
37	52	0.810547
37	55	0.813823
37	58	0.738549
37	59	0.782963
37	61	0.860066
37	62	0.753394
37	65	0.750013
37	124	1.44256
37	144	2.29064
37	161	6.0917
37	173	0.737273
38	2	0.838681
38	7	0.740686
38	9	0.755206
38	11	0.755067
38	25	0.830998
38	26	0.730557
38	27	0.789835
38	71	0.768991
38	74	0.746852
38	128	6.3845
38	141	0.706121
38	149	8.30621
38	173	0.721006
38	180	7.11994
39	1	0.723279
39	14	0.80697
39	20	0.793977
39	33	0.773043
39	45	0.758672
39	48	0.760532
39	53	0.762233
39	56	0.76356
39	112	1.87872
39	158	2.56569
39	164	0.799353
39	170	0.717217
39	178	6.50854
39	180	0.660262
40	29	0.784218
40	30	0.708674
40	47	0.752568
40	49	0.766097
40	50	0.756338
40	60	0.752138
40	63	0.821483
40	64	0.75429
40	67	0.804911
40	105	2.64013
40	117	2.00018
40	141	4.76562
40	160	0.787187
41	4	0.725167
41	16	0.720014
41	19	0.784957
41	31	0.769227
41	32	0.770996
41	34	0.773265
41	35	0.792441
41	42	0.778301
41	89	2.88154
41	101	0.747916
41	123	2.70618
41	126	3.11384
41	138	0.689239
41	164	0.802545
42	4	0.726408
42	16	0.721255
42	19	0.786198
42	24	2.10176
42	31	0.770467
42	32	0.772237
42	34	0.774505
42	35	0.793682
42	41	0.778301
42	79	1.17949
42	101	0.749156
42	138	0.69048
42	159	4.73504
42	164	0.803786
43	6	0.757364
43	21	0.805373
43	23	0.729029
43	54	0.779464
43	57	0.764175
43	68	0.734469
43	77	0.739557
43	110	4.43572
43	121	0.786688
43	126	2.47421
43	132	0.675875
43	142	2.04041
43	160	0.779593
43	167	0.707823
43	180	0.66353
44	9	3.16784
44	61	1.35302
44	131	0.713771
44	137	0.734715
44	145	0.690644
44	149	0.668903
44	152	0.664622
44	153	0.719295
44	171	0.663538
44	172	0.714687
44	175	0.659655
44	176	0.668505
44	177	0.674608
44	178	0.672305
44	179	0.673879
45	1	0.711274
45	14	0.794965
45	20	0.781972
45	33	0.761039
45	39	0.758672
45	48	0.748527
45	53	0.750228
45	56	0.751555
45	106	3.9914
45	121	3.35121
45	122	3.16558
45	140	0.719537
45	164	0.787348
45	170	0.705212
45	180	0.648257
46	15	0.73365
46	17	0.5328
46	37	0.79658
46	52	0.785257
46	55	0.788534
46	58	0.713259
46	59	0.757674
46	61	0.834777
46	62	0.728104
46	65	0.724724
46	96	0.794288
46	152	8.31479
46	157	2.57619
46	163	2.67052
46	173	0.711983
47	12	0.775666
47	29	0.744384
47	30	0.66884
47	40	0.752568
47	49	0.726263
47	50	0.716504
47	60	0.712304
47	63	0.781649
47	64	0.714456
47	67	0.765078
47	121	0.754448
47	129	1.43375
47	160	0.747353
47	169	2.43046
47	171	7.13193
48	1	0.713134
48	14	0.796825
48	20	0.783832
48	33	0.762899
48	39	0.760532
48	45	0.748527
48	53	0.752088
48	56	0.753415
48	117	2.67643
48	140	0.721398
48	151	15.6
48	164	0.789208
48	170	0.707072
48	173	4.23088
48	180	0.650117
49	12	0.789195
49	29	0.757913
49	30	0.682369
49	40	0.766097
49	47	0.726263
49	50	0.730033
49	60	0.725833
49	63	0.795178
49	64	0.727985
49	67	0.778607
49	125	1.64633
49	128	0.658607
49	160	0.760882
49	167	3.868
49	169	4.94569
50	12	0.779436
50	29	0.748154
50	30	0.67261
50	40	0.756338
50	47	0.716504
50	49	0.730033
50	60	0.716074
50	63	0.785419
50	64	0.718226
50	67	0.768848
50	96	2.0822
50	121	0.758218
50	160	0.751123
50	166	3.93996
50	177	5.83842
51	66	0.658651
51	69	0.651666
51	73	0.703678
51	75	0.702936
51	80	0.695165
51	82	0.735507
51	84	0.752389
51	85	0.728111
51	87	0.73066
51	88	0.716353
51	91	0.755182
51	92	0.753728
51	142	2.16894
51	143	5.11143
51	155	4.63689
52	15	0.747616
52	17	0.673236
52	37	0.810547
52	46	0.785257
52	55	0.802501
52	58	0.727226
52	59	0.77164
52	61	0.848743
52	62	0.742071
52	65	0.73869
52	103	2.0865
52	104	3.73835
52	163	3.40777
52	173	0.72595
53	1	0.714835
53	14	0.798527
53	20	0.785534
53	33	0.7646
53	39	0.762233
53	45	0.750228
53	48	0.752088
53	56	0.755116
53	127	2.28756
53	133	6.19288
53	140	0.723099
53	162	2.80403
53	164	0.79091
53	170	0.708773
53	180	0.651818
54	6	0.759614
54	21	0.807623
54	23	0.73128
54	43	0.779464
54	57	0.766426
54	77	0.741807
54	121	0.788939
54	129	2.80107
54	132	0.678126
54	138	0.691567
54	154	2.04067
54	158	5.11789
54	160	0.781843
54	167	0.710073
54	180	0.665781
55	15	0.750893
55	17	0.676513
55	37	0.813823
55	46	0.788534
55	52	0.802501
55	58	0.730502
55	59	0.774917
55	61	0.85202
55	62	0.745347
55	65	0.741967
55	171	10.2002
55	173	0.729226
55	176	8.12397
55	180	6.93496
56	1	0.716162
56	14	0.799854
56	20	0.786861
56	33	0.765927
56	39	0.76356
56	45	0.751555
56	48	0.753415
56	53	0.755116
56	114	3.69094
56	134	2.65783
56	140	0.724426
56	142	2.91117
56	164	0.792237
56	170	0.710101
56	180	0.653145
57	6	0.744325
57	21	0.792334
57	23	0.715991
57	43	0.764175
57	54	0.766426
57	71	0.749891
57	77	0.726518
57	96	0.784211
57	125	2.69514
57	132	0.662837
57	138	0.676277
57	160	0.766554
57	163	3.70902
57	167	0.694784
57	170	3.66985
57	180	0.650492
58	15	0.675618
58	17	1.1094
58	37	0.738549
58	46	0.713259
58	52	0.727226
58	55	0.730502
58	59	0.699642
58	61	0.776745
58	62	0.670073
58	65	0.666692
58	96	0.736257
58	101	0.686999
58	103	1.89945
58	156	3.47009
58	173	0.653952
58	176	6.67665
59	15	0.720033
59	17	0.645653
59	37	0.782963
59	46	0.757674
59	52	0.77164
59	55	0.774917
59	58	0.699642
59	61	0.82116
59	62	0.714487
59	65	0.711106
59	96	0.780671
59	101	0.731414
59	129	1.99327
59	134	1.38903
59	173	0.698366
59	177	7.06973
60	12	0.775236
60	29	0.743954
60	30	0.66841
60	40	0.752138
60	47	0.712304
60	49	0.725833
60	50	0.716074
60	63	0.781219
60	64	0.714026
60	67	0.764648
60	117	2.97208
60	121	0.754018
60	128	0.644648
60	140	3.38719
60	147	3.56278
60	160	0.746923
61	15	0.797136
61	17	0.722756
61	37	0.860066
61	44	1.35302
61	46	0.834777
61	52	0.848743
61	55	0.85202
61	58	0.776745
61	59	0.82116
61	62	0.79159
61	65	0.788209
61	101	0.808516
61	146	3.37963
61	158	2.85651
61	168	3.32309
61	173	0.775469
62	15	0.690463
62	17	0.953763
62	37	0.753394
62	46	0.728104
62	52	0.742071
62	55	0.745347
62	58	0.670073
62	59	0.714487
62	61	0.79159
62	65	0.681537
62	96	0.751102
62	98	1.76561
62	101	0.701844
62	162	3.56122
62	173	0.668796
62	180	6.07346
63	12	0.844582
63	29	0.813299
63	30	0.737755
63	40	0.821483
63	47	0.781649
63	49	0.795178
63	50	0.785419
63	60	0.781219
63	64	0.783371
63	67	0.833993
63	121	0.00530602
63	128	0.713993
63	135	4.67112
63	160	0.816268
63	165	6.6297
63	175	11.6145
64	12	0.777388
64	29	0.746106
64	30	0.670562
64	40	0.75429
64	47	0.714456
64	49	0.727985
64	50	0.718226
64	60	0.714026
64	63	0.783371
64	67	0.7668
64	121	0.75617
64	128	0.6468
64	134	1.93761
64	142	2.19095
64	145	5.94778
64	160	0.749075
65	15	0.687083
65	17	0.950382
65	37	0.750013
65	46	0.724724
65	52	0.73869
65	55	0.741967
65	58	0.666692
65	59	0.711106
65	61	0.788209
65	62	0.681537
65	96	0.747721
65	101	0.698463
65	127	3.73844
65	167	4.2532
65	170	3.00623
65	173	0.665416
66	51	0.658651
66	69	0.636348
66	73	0.68836
66	75	0.687617
66	76	0.76969
66	80	0.679847
66	82	0.720189
66	84	0.737071
66	85	0.712793
66	87	0.715341
66	88	0.701034
66	91	0.739864
66	92	0.73841
66	134	2.28728
66	157	3.85241
66	170	3.90757
67	12	0.82801
67	29	0.796728
67	30	0.721184
67	40	0.804911
67	47	0.765078
67	49	0.778607
67	50	0.768848
67	60	0.764648
67	63	0.833993
67	64	0.7668
67	108	2.04498
67	111	3.05803
67	121	0.806792
67	128	0.697421
67	146	4.03589
67	160	0.799697
67	167	3.45897
68	18	0.690735
68	28	0.731333
68	43	0.734469
68	72	0.685579
68	78	0.738696
68	86	2.01743
68	115	2.02821
68	140	0.692066
68	141	0.657314
68	151	0.600965
68	160	0.736848
68	167	0.665078
68	170	0.677741
68	175	0.627194
68	178	0.639844
68	180	0.620785
69	36	0.724936
69	51	0.651666
69	66	0.636348
69	73	0.681375
69	75	0.680633
69	76	0.762705
69	80	0.672863
69	82	0.713205
69	84	0.730086
69	85	0.705808
69	87	0.708357
69	88	0.69405
69	91	0.73288
69	92	0.731426
69	121	3.13853
69	136	4.47063
69	150	4.31754
69	151	0.569785
70	83	0.752425
70	94	0.754735
70	95	0.746877
70	98	2.53059
70	100	0.793499
70	102	0.742049
70	107	0.770163
70	109	0.776776
70	113	0.77005
70	115	0.766501
70	116	0.767386
70	118	0.765109
70	119	0.810194
70	120	0.763606
70	123	2.80024
70	140	3.55395
70	154	2.36461
70	167	0.711127
71	7	0.72034
71	10	0.713912
71	18	0.719195
71	22	0.771785
71	26	0.710211
71	27	0.769489
71	28	0.759794
71	38	0.768991
71	57	0.749891
71	77	0.725272
71	99	1.94903
71	145	3.52752
71	167	0.693538
71	170	0.706201
71	173	0.70066
71	178	6.38125
71	180	0.649246
72	68	0.685579
72	77	0.266949
72	89	0.755199
72	105	0.745089
72	106	0.6972
72	118	3.45216
72	136	0.677908
72	146	0.666705
72	158	0.686029
72	159	0.668416
72	168	0.665184
72	171	0.624932
72	172	0.676081
72	174	0.661039
72	175	0.621049
72	177	0.636002
72	178	0.633699
72	179	0.635273
73	36	0.776947
73	51	0.703678
73	66	0.68836
73	69	0.681375
73	75	0.732645
73	76	0.814717
73	80	0.724875
73	82	0.765216
73	84	0.727361
73	85	0.75782
73	87	0.760369
73	88	0.746062
73	91	0.784892
73	92	0.783438
73	151	0.621796
73	155	5.27857
73	170	2.82394
73	173	3.37616
74	26	0.688072
74	27	0.747351
74	38	0.746852
74	80	0.710365
74	81	0.73931
74	82	0.750707
74	88	0.731552
74	91	0.770382
74	92	0.768928
74	94	0.715007
74	103	3.23163
74	107	0.730435
74	118	0.725381
74	120	0.723878
74	129	3.49767
74	141	0.663636
74	147	4.10219
74	173	0.678522
75	36	0.776205
75	51	0.702936
75	66	0.687617
75	69	0.680633
75	73	0.732645
75	76	0.813975
75	80	0.724132
75	82	0.764474
75	84	0.726619
75	85	0.757078
75	87	0.759626
75	88	0.745319
75	91	0.784149
75	92	0.782695
75	125	3.6531
75	137	4.32115
75	151	0.621054
75	154	2.85135
76	66	0.76969
76	69	0.762705
76	73	0.814717
76	75	0.813975
76	80	0.806205
76	82	0.846546
76	84	0.808691
76	85	0.83915
76	87	0.841699
76	88	0.827392
76	91	0.866221
76	92	0.864768
76	112	1.8757
76	133	5.80712
76	136	2.64981
76	174	3.24321
77	6	0.719706
77	21	0.767716
77	23	0.691372
77	43	0.739557
77	54	0.741807
77	57	0.726518
77	71	0.725272
77	72	0.266949
77	93	2.35908
77	96	0.759593
77	121	0.749031
77	132	0.638218
77	138	0.651659
77	160	0.741936
77	162	2.7661
77	167	0.670165
77	175	7.13513
77	180	1.35634
78	11	3.12001
78	68	0.738696
78	102	0.444187
78	115	1.35825
78	132	0.680102
78	137	0.749226
78	150	0.720353
78	158	0.739146
78	159	0.721533
78	162	0.739743
78	168	0.718301
78	170	0.724713
78	171	0.678049
78	174	0.714156
78	175	0.674166
78	176	0.683016
78	177	0.689119
78	178	0.686816
78	179	0.68839
79	42	1.17949
79	104	0.77998
79	113	1.34376
79	114	0.805995
79	116	1.57364
79	144	0.786163
79	152	0.720623
79	153	0.775296
79	164	0.924161
79	165	0.742701
79	166	0.762417
79	168	0.759791
79	169	0.760607
79	172	0.770688
79	174	0.755646
79	175	0.715656
79	177	0.730609
79	178	0.728306
79	179	0.72988
80	36	0.768435
80	51	0.695165
80	66	0.679847
80	69	0.672863
80	73	0.724875
80	74	0.710365
80	75	0.724132
80	76	0.806205
80	82	0.756704
80	84	0.718849
80	85	0.749307
80	87	0.751856
80	88	0.737549
80	91	0.776379
80	92	0.774925
80	108	3.13202
80	137	2.99239
80	151	0.613284
80	169	5.6237
81	74	0.73931
81	83	0.74764
81	86	0.759063
81	90	4.39432
81	94	0.749949
81	95	0.742092
81	100	0.788713
81	102	0.737263
81	107	0.765377
81	113	0.765264
81	114	2.19157
81	115	0.761715
81	116	0.7626
81	118	0.760323
81	119	0.805408
81	120	0.75882
81	157	2.7236
81	167	0.706342
81	172	3.39336
82	36	0.808777
82	51	0.735507
82	66	0.720189
82	69	0.713205
82	73	0.765216
82	74	0.750707
82	75	0.764474
82	76	0.846546
82	80	0.756704
82	84	0.759191
82	85	0.789649
82	87	0.792198
82	88	0.777891
82	89	1.66782
82	91	0.816721
82	92	0.815267
82	151	0.653626
82	154	1.05682
82	157	2.77812
82	179	7.52762
83	70	0.752425
83	81	0.74764
83	94	0.723337
83	95	0.715479
83	99	3.21899
83	100	0.762101
83	102	0.710651
83	107	0.738765
83	109	0.745378
83	113	0.738652
83	115	0.735103
83	116	0.735988
83	118	0.733711
83	119	0.778796
83	120	0.732208
83	146	4.23149
83	150	3.73473
83	160	0.7515
83	164	0.774529
83	172	3.02221
84	36	0.770922
84	51	0.752389
84	66	0.737071
84	69	0.730086
84	73	0.727361
84	75	0.726619
84	76	0.808691
84	80	0.718849
84	82	0.759191
84	85	0.751794
84	87	0.754343
84	88	0.794773
84	91	0.833602
84	92	0.832149
84	143	4.42925
84	148	2.45842
84	151	0.670507
84	174	3.57369
84	175	9.25039
85	36	0.80138
85	51	0.728111
85	66	0.712793
85	69	0.705808
85	73	0.75782
85	75	0.757078
85	76	0.83915
85	80	0.749307
85	82	0.789649
85	84	0.751794
85	87	0.784802
85	88	0.770495
85	91	0.809324
85	92	0.80787
85	122	2.0916
85	136	3.60933
85	146	3.95299
85	151	0.646229
85	168	3.89645
86	68	2.01743
86	81	0.759063
86	94	0.734761
86	95	0.726903
86	96	1.9864
86	100	0.773524
86	102	0.722075
86	107	0.750189
86	109	0.756802
86	113	0.750075
86	115	0.746527
86	116	0.747411
86	118	0.745134
86	119	0.79022
86	120	0.743632
86	122	3.04189
86	151	0.62704
86	164	0.785952
86	167	0.691153
86	174	5.15302
87	36	0.803929
87	51	0.73066
87	66	0.715341
87	69	0.708357
87	73	0.760369
87	75	0.759626
87	76	0.841699
87	80	0.751856
87	82	0.792198
87	84	0.754343
87	85	0.784802
87	88	0.773044
87	91	0.811873
87	92	0.810419
87	105	1.79637
87	135	2.96562
87	151	0.648778
87	163	2.19783
87	177	6.21906
88	36	0.789622
88	51	0.716353
88	66	0.701034
88	69	0.69405
88	73	0.746062
88	74	0.731552
88	75	0.745319
88	76	0.827392
88	80	0.737549
88	82	0.777891
88	84	0.794773
88	85	0.770495
88	87	0.773044
88	90	4.00568
88	91	0.797566
88	92	0.796112
88	104	2.75988
88	125	1.41542
88	151	0.634471
88	165	5.15567
89	13	1.66256
89	41	2.88154
89	72	0.755199
89	82	1.66782
89	119	0.676169
89	133	0.71223
89	137	0.771874
89	139	0.712695
89	143	0.734219
89	150	0.743001
89	153	0.756454
89	157	0.79126
89	166	0.743575
89	170	0.747361
89	172	0.751846
89	174	0.736804
89	176	0.705664
89	177	0.711767
89	178	0.709464
89	179	0.711039
89	180	0.690406
90	81	4.39432
90	88	4.00568
90	106	0.688896
90	125	0.712954
90	138	0.632122
90	143	0.65015
90	145	0.643733
90	148	0.69155
90	150	0.658932
90	156	0.675844
90	157	0.707191
90	162	0.678322
90	165	0.63979
90	169	0.657696
90	171	0.616628
90	172	0.667777
90	175	0.612745
90	176	0.621595
90	177	0.627698
90	178	0.625395
90	179	0.626969
91	5	1.85195
91	36	0.828452
91	51	0.755182
91	66	0.739864
91	69	0.73288
91	73	0.784892
91	74	0.770382
91	75	0.784149
91	76	0.866221
91	80	0.776379
91	82	0.816721
91	84	0.833602
91	85	0.809324
91	87	0.811873
91	88	0.797566
91	92	0.834942
91	141	4.50429
91	142	1.37414
91	151	0.673301
91	170	2.74109
91	173	3.29331
92	36	0.826998
92	51	0.753728
92	66	0.73841
92	69	0.731426
92	73	0.783438
92	74	0.768928
92	75	0.782695
92	76	0.864768
92	80	0.774925
92	82	0.815267
92	84	0.832149
92	85	0.80787
92	87	0.810419
92	88	0.796112
92	91	0.834942
92	123	0.989307
92	124	1.91762
92	143	5.25932
92	151	0.671847
92	153	2.61487
92	166	4.49207
93	77	2.35908
93	100	4.39517
93	127	0.690046
93	129	0.704147
93	134	0.725057
93	143	0.647702
93	147	0.690811
93	150	0.656484
93	152	0.615264
93	157	0.704743
93	159	0.657664
93	161	0.633081
93	163	0.689734
93	166	0.657058
93	168	0.654432
93	171	0.61418
93	176	0.619147
93	177	0.62525
93	178	0.622947
93	179	0.624521
93	180	0.603889
94	70	0.754735
94	74	0.715007
94	81	0.749949
94	83	0.723337
94	86	0.734761
94	95	0.717789
94	100	0.76441
94	102	0.712961
94	103	1.98243
94	107	0.741075
94	109	0.747688
94	113	0.740961
94	115	0.737412
94	116	0.738297
94	118	0.73602
94	119	0.781105
94	120	0.734517
94	131	4.36117
94	142	1.89757
94	151	0.617926
94	166	5.42646
95	70	0.746877
95	81	0.742092
95	83	0.715479
95	86	0.726903
95	94	0.717789
95	96	1.47898
95	100	0.756553
95	102	0.705103
95	107	0.733217
95	109	0.73983
95	113	0.733103
95	115	0.729555
95	116	0.73044
95	118	0.728163
95	119	0.773248
95	120	0.72666
95	150	3.8991
95	156	4.31536
95	160	0.745952
95	167	0.674181
95	169	4.89664
96	33	2.85243
96	46	0.794288
96	50	2.0822
96	57	0.784211
96	58	0.736257
96	59	0.780671
96	62	0.751102
96	65	0.747721
96	77	0.759593
96	86	1.9864
96	95	1.47898
96	133	0.705391
96	160	0.799629
96	162	0.755552
96	167	0.727859
96	169	0.734926
96	173	0.734981
96	175	0.689975
96	176	0.698825
96	179	0.704199
96	180	0.683566
97	3	3.51646
97	30	4.88354
97	121	0.712586
97	123	0.696077
97	124	0.719414
97	130	0.665821
97	132	0.601773
97	140	0.660709
97	143	0.633242
97	144	0.666344
97	147	0.676351
97	154	0.73917
97	155	0.639996
97	158	0.660817
97	169	0.640789
97	174	0.635827
97	175	0.595837
97	176	0.604687
97	177	0.61079
97	178	0.608487
97	179	0.610061
98	26	2.62954
98	62	1.76561
98	70	2.53059
98	109	0.500246
98	110	0.724548
98	125	0.792342
98	127	0.771881
98	133	0.707548
98	135	0.76114
98	139	0.708013
98	159	0.739499
98	162	0.757709
98	169	0.737084
98	171	0.696015
98	172	0.747164
98	173	0.737138
98	174	0.732122
98	175	0.692132
98	176	0.700982
98	177	0.707085
98	178	0.704782
98	179	0.706356
99	29	3.63198
99	71	1.94903
99	83	3.21899
99	110	0.670216
99	131	0.691916
99	134	0.752559
99	136	0.694659
99	147	0.718314
99	149	0.647047
99	150	0.683986
99	156	0.700898
99	158	0.70278
99	161	0.660583
99	162	0.703377
99	163	0.717236
99	168	0.681935
99	169	0.682751
99	172	0.692832
99	174	0.67779
99	175	0.6378
99	177	0.652753
99	178	0.65045
100	70	0.793499
100	81	0.788713
100	83	0.762101
100	86	0.773524
100	93	4.39517
100	94	0.76441
100	95	0.756553
100	102	0.751724
100	107	0.779838
100	109	0.786451
100	113	0.779725
100	115	0.776176
100	116	0.777061
100	118	0.774784
100	120	0.773281
100	121	1.56902
100	132	0.688855
100	156	3.16428
100	159	3.38538
100	160	0.792573
100	162	2.66958
100	167	0.720803
101	10	0.698975
101	13	0.778
101	18	0.704258
101	22	0.756848
101	28	0.744857
101	31	0.740082
101	32	0.741851
101	34	0.744119
101	41	0.747916
101	42	0.749156
101	58	0.686999
101	59	0.731414
101	61	0.808516
101	62	0.701844
101	65	0.698463
101	134	2.09357
101	144	4.14943
101	147	3.30233
101	164	0.7734
101	170	0.691264
101	172	4.32846
101	173	0.685723
102	70	0.742049
102	78	0.444187
102	81	0.737263
102	83	0.710651
102	86	0.722075
102	94	0.712961
102	95	0.705103
102	100	0.751724
102	109	0.735002
102	113	0.728275
102	115	0.724727
102	116	0.725611
102	118	0.723334
102	119	0.76842
102	120	0.721832
102	128	0.638848
102	148	3.13447
102	151	0.60524
102	160	0.741123
102	164	0.764152
102	167	0.669353
102	168	3.94346
102	177	6.23652
103	52	2.0865
103	58	1.89945
103	74	3.23163
103	94	1.98243
103	133	0.695458
103	142	0.823987
103	152	0.68501
103	153	0.739683
103	155	0.724201
103	157	0.774489
103	161	0.702826
103	162	0.74562
103	163	0.75948
103	165	0.707088
103	168	0.724178
103	169	0.724994
103	171	0.683926
103	174	0.720033
103	175	0.680043
103	176	0.688893
103	177	0.694996
103	178	0.692693
103	179	0.694267
104	28	2.70176
104	52	3.73835
104	79	0.77998
104	88	2.75988
104	127	0.706737
104	140	0.69186
104	142	0.770932
104	143	0.664393
104	144	0.697495
104	147	0.707502
104	151	0.600759
104	156	0.690087
104	157	0.721434
104	163	0.706425
104	166	0.673749
104	168	0.671123
104	169	0.67194
104	171	0.630871
104	172	0.68202
104	175	0.626988
104	176	0.635838
104	178	0.639638
104	179	0.641213
105	19	2.77918
105	40	2.64013
105	72	0.745089
105	87	1.79637
105	136	0.743563
105	146	0.73236
105	148	0.765509
105	149	0.695952
105	150	0.732891
105	156	0.749803
105	160	0.414876
105	163	0.766141
105	165	0.713749
105	166	0.733465
105	171	0.690587
105	172	0.741737
105	174	0.726695
105	175	0.686704
105	176	0.695554
105	177	0.701658
105	178	0.699354
105	179	0.700929
105	180	0.680296
106	6	2.00365
106	45	3.9914
106	72	0.6972
106	90	0.688896
106	108	0.716878
106	123	0.739055
106	126	0.762135
106	128	0.646194
106	131	0.692931
106	141	0.668935
106	153	0.698455
106	158	0.703795
106	159	0.686182
106	161	0.661598
106	164	2.29471
106	168	0.68295
106	171	0.642698
106	172	0.693847
106	174	0.678805
106	175	0.638815
106	176	0.647665
106	177	0.653768
106	178	0.651465
106	179	0.653039
107	70	0.770163
107	74	0.730435
107	81	0.765377
107	83	0.738765
107	86	0.750189
107	94	0.741075
107	95	0.733217
107	100	0.779838
107	109	0.763116
107	113	0.756389
107	115	0.752841
107	116	0.753725
107	118	0.751448
107	119	0.796534
107	120	0.749946
107	121	2.74124
107	130	2.94926
107	132	0.66552
107	134	2.03468
107	140	2.00599
107	160	0.769237
107	164	0.792266
107	167	0.697467
107	176	7.54305
108	67	2.04498
108	80	3.13202
108	106	0.716878
108	111	0.712817
108	116	2.99768
108	127	0.720476
108	131	0.694843
108	133	0.656143
108	137	0.715788
108	149	0.649975
108	152	0.645695
108	155	0.684886
108	156	0.703826
108	157	0.735173
108	161	0.663511
108	165	0.667772
108	166	0.687488
108	169	0.685679
108	171	0.64461
108	174	0.680718
108	177	0.65568
108	178	0.653377
108	179	0.654952
109	70	0.776776
109	83	0.745378
109	86	0.756802
109	94	0.747688
109	95	0.73983
109	98	0.500246
109	100	0.786451
109	102	0.735002
109	107	0.763116
109	113	0.763002
109	115	0.759454
109	116	0.760338
109	118	0.758061
109	119	0.803147
109	120	0.756559
109	128	0.673575
109	131	3.20736
109	151	0.639967
109	160	0.77585
109	162	3.3594
109	163	2.14989
109	164	0.798879
109	167	0.70408
109	180	5.87164
110	5	0.71842
110	43	4.43572
110	98	0.724548
110	99	0.670216
110	118	3.59838
110	126	0.7184
110	133	0.610496
110	138	0.614457
110	142	0.739024
110	145	0.626069
110	146	0.640736
110	156	0.658179
110	157	0.689526
110	159	0.642447
110	163	0.674517
110	169	0.640032
110	171	0.598963
110	172	0.650112
110	174	0.63507
110	177	0.610033
110	178	0.60773
110	179	0.609304
110	180	0.588671
111	27	2.41062
111	35	3.73135
111	67	3.05803
111	108	0.712817
111	122	0.725366
111	129	0.728603
111	131	0.68887
111	136	0.691613
111	142	0.778698
111	149	0.644002
111	154	0.778087
111	162	0.700331
111	165	0.661798
111	166	0.681515
111	168	0.678889
111	171	0.638636
111	172	0.689786
111	173	0.679759
111	175	0.634754
111	176	0.643603
111	178	0.647404
111	179	0.648978
111	180	0.628345
112	39	1.87872
112	76	1.8757
112	116	2.58417
112	124	0.793457
112	128	0.677259
112	129	0.76373
112	130	0.739864
112	134	0.78464
112	136	0.726739
112	146	0.715536
112	152	0.674848
112	157	0.764326
112	161	0.692664
112	163	0.749317
112	164	0.925859
112	165	0.696925
112	168	0.714015
112	171	0.673763
112	174	0.709871
112	175	0.66988
112	176	0.67873
112	177	0.684833
112	178	0.68253
112	179	0.684105
113	70	0.77005
113	79	1.34376
113	81	0.765264
113	83	0.738652
113	86	0.750075
113	94	0.740961
113	95	0.733103
113	100	0.779725
113	102	0.728275
113	107	0.756389
113	109	0.763002
113	115	0.752727
113	116	0.753612
113	118	0.751335
113	119	0.79642
113	120	0.749832
113	126	2.00166
113	131	4.03147
113	132	0.665406
113	140	2.3477
113	145	5.3247
113	151	0.633241
113	160	0.769124
113	164	0.792153
113	167	0.697354
114	8	1.88804
114	56	3.69094
114	79	0.805995
114	81	2.19157
114	124	0.77658
114	129	0.746853
114	130	0.722987
114	134	0.767763
114	144	0.72351
114	147	0.733517
114	153	0.712643
114	157	0.747449
114	163	0.73244
114	164	0.919204
114	168	0.697138
114	169	0.697955
114	171	0.656886
114	173	0.698009
114	174	0.692994
114	175	0.653003
114	176	0.661853
114	177	0.667956
114	178	0.665653
114	179	0.667228
114	180	0.646595
115	68	2.02821
115	70	0.766501
115	78	1.35825
115	81	0.761715
115	83	0.735103
115	86	0.746527
115	94	0.737412
115	95	0.729555
115	100	0.776176
115	102	0.724727
115	107	0.752841
115	109	0.759454
115	113	0.752727
115	116	0.750063
115	118	0.747786
115	119	0.792872
115	120	0.746284
115	126	2.15702
115	128	0.6633
115	132	0.661858
115	148	4.04853
115	151	0.629692
115	160	0.765575
115	164	0.788604
115	167	0.693805
115	168	4.85752
116	70	0.767386
116	79	1.57364
116	81	0.7626
116	83	0.735988
116	86	0.747411
116	94	0.738297
116	95	0.73044
116	100	0.777061
116	102	0.725611
116	107	0.753725
116	108	2.99768
116	109	0.760338
116	112	2.58417
116	113	0.753612
116	115	0.750063
116	118	0.748671
116	119	0.793756
116	120	0.747168
116	125	2.19
116	128	0.664185
116	132	0.662742
116	151	0.630577
116	153	3.44945
116	160	0.76646
116	164	0.789489
116	167	0.69469
117	40	2.00018
117	48	2.67643
117	60	2.97208
117	119	0.839395
117	123	0.761313
117	125	0.761283
117	126	0.784393
117	130	0.731057
117	143	0.698478
117	146	0.706729
117	150	0.70726
117	156	0.724172
117	158	0.726054
117	159	0.70844
117	161	0.683857
117	163	0.74051
117	165	0.688118
117	169	0.706025
117	174	0.701064
117	175	0.661073
117	176	0.669923
117	177	0.676026
117	178	0.673723
117	179	0.675298
117	180	0.654665
118	70	0.765109
118	72	3.45216
118	74	0.725381
118	81	0.760323
118	83	0.733711
118	86	0.745134
118	94	0.73602
118	95	0.728163
118	100	0.774784
118	102	0.723334
118	107	0.751448
118	109	0.758061
118	110	3.59838
118	113	0.751335
118	115	0.747786
118	116	0.748671
118	119	0.791479
118	120	0.744891
118	128	0.661908
118	142	1.20307
118	151	0.6283
118	160	0.764183
118	163	2.60919
118	164	0.787212
118	167	0.692413
118	173	3.12224
119	70	0.810194
119	81	0.805408
119	83	0.778796
119	86	0.79022
119	89	0.676169
119	94	0.781105
119	95	0.773248
119	102	0.76842
119	107	0.796534
119	109	0.803147
119	113	0.79642
119	115	0.792872
119	116	0.793756
119	117	0.839395
119	118	0.791479
119	120	0.789977
119	124	1.42912
119	128	0.706993
119	132	0.705551
119	138	4.60661
119	144	2.2772
119	151	0.673385
119	160	0.809268
119	164	0.832297
119	167	0.737498
119	179	6.53597
120	70	0.763606
120	74	0.723878
120	81	0.75882
120	83	0.732208
120	86	0.743632
120	94	0.734517
120	95	0.72666
120	100	0.773281
120	102	0.721832
120	107	0.749946
120	109	0.756559
120	113	0.749832
120	115	0.746284
120	116	0.747168
120	118	0.744891
120	119	0.789977
120	128	0.660405
120	132	0.658963
120	141	3.00498
120	151	0.626797
120	154	1.54067
120	158	2.54253
120	160	0.76268
120	164	0.785709
120	166	3.40371
120	167	0.69091
120	171	8.2679
121	21	0.814847
121	23	0.738503
121	43	0.786688
121	45	3.35121
121	47	0.754448
121	50	0.758218
121	54	0.788939
121	60	0.754018
121	63	0.00530602
121	64	0.75617
121	67	0.806792
121	69	3.13853
121	77	0.749031
121	97	0.712586
121	100	1.56902
121	107	2.74124
121	160	0.789067
121	161	0.702196
121	165	0.706458
121	167	0.717297
121	171	0.683296
121	172	0.734445
121	176	0.688263
121	177	0.694366
121	178	0.692063
121	179	0.693637
121	180	0.673004
122	10	2.90093
122	45	3.16558
122	85	2.0916
122	86	3.04189
122	111	0.725366
122	131	0.707392
122	143	0.690681
122	144	0.723783
122	145	0.684265
122	149	0.662524
122	150	0.699463
122	155	0.697435
122	156	0.716375
122	158	0.718256
122	161	0.67606
122	162	0.718854
122	165	0.680321
122	166	0.700037
122	168	0.697411
122	170	0.703823
122	171	0.657159
122	172	0.708308
122	174	0.693266
122	175	0.653276
122	176	0.662126
122	177	0.668229
122	178	0.665926
122	179	0.667501
123	12	2.49967
123	33	2.6046
123	41	2.70618
123	70	2.80024
123	92	0.989307
123	97	0.696077
123	106	0.739055
123	117	0.761313
123	125	0.763113
123	129	0.756754
123	130	0.732887
123	131	0.71702
123	135	0.731912
123	142	0.806848
123	149	0.672152
123	152	0.667871
123	154	0.806237
123	157	0.75735
123	163	0.742341
123	166	0.709665
123	168	0.707039
123	171	0.666787
123	172	0.717936
123	174	0.702894
123	175	0.662904
123	176	0.671754
123	177	0.677857
123	178	0.675554
123	179	0.677128
124	25	2.87778
124	33	3.53292
124	37	1.44256
124	92	1.91762
124	97	0.719414
124	112	0.793457
124	114	0.77658
124	119	1.42912
124	133	0.701657
124	134	0.801001
124	144	0.756748
124	146	0.731897
124	152	0.691208
124	157	0.780687
124	161	0.709024
124	162	0.751818
124	167	0.724125
124	168	0.730376
124	169	0.731193
124	171	0.690124
124	172	0.741273
124	174	0.726231
124	175	0.686241
124	176	0.695091
124	177	0.701194
124	178	0.698891
124	179	0.700465
124	180	0.679832
125	49	1.64633
125	57	2.69514
125	75	3.6531
125	88	1.41542
125	90	0.712954
125	98	0.792342
125	116	2.19
125	117	0.761283
125	123	0.763113
125	126	0.786193
125	127	0.742622
125	137	0.737934
125	146	0.708529
125	150	0.709061
125	154	0.806207
125	156	0.725973
125	158	0.727854
125	159	0.710241
125	161	0.685657
125	165	0.689918
125	166	0.709635
125	169	0.707825
125	171	0.666757
125	172	0.717906
125	175	0.662874
125	176	0.671724
125	177	0.677827
125	178	0.675524
125	179	0.677098
126	20	1.45327
126	24	0.770209
126	41	3.11384
126	43	2.47421
126	106	0.762135
126	110	0.7184
126	113	2.00166
126	115	2.15702
126	117	0.784393
126	125	0.786193
126	132	0.69192
126	134	0.800744
126	137	0.761044
126	141	0.716104
126	149	0.695232
126	150	0.732171
126	155	0.730142
126	165	0.713029
126	167	0.723867
126	171	0.689867
126	172	0.741016
126	173	0.73099
126	175	0.685984
126	176	0.694834
126	177	0.700937
126	178	0.698634
126	179	0.700208
126	180	0.679575
127	16	1.95646
127	35	3.61754
127	53	2.28756
127	65	3.73844
127	93	0.690046
127	98	0.771881
127	104	0.706737
127	108	0.720476
127	125	0.742622
127	129	0.736262
127	131	0.696529
127	136	0.699272
127	137	0.717473
127	151	0.616183
127	152	0.64738
127	156	0.705511
127	158	0.707393
127	159	0.68978
127	162	0.70799
127	163	0.721849
127	165	0.669457
127	166	0.689174
127	168	0.686547
127	169	0.687364
127	175	0.642413
127	176	0.651262
127	177	0.657366
127	178	0.655062
127	179	0.656637
128	13	4.8155
128	29	0.676728
128	30	0.601184
128	38	6.3845
128	49	0.658607
128	60	0.644648
128	63	0.713993
128	64	0.6468
128	67	0.697421
128	102	0.638848
128	106	0.646194
128	109	0.673575
128	112	0.677259
128	115	0.6633
128	116	0.664185
128	118	0.661908
128	119	0.706993
128	120	0.660405
128	135	0.63905
128	159	0.61741
128	160	0.679697
128	164	0.702726
128	169	0.614994
128	175	0.570043
128	176	0.578893
128	177	0.584996
128	178	0.582693
128	179	0.584267
129	25	2.27423
129	47	1.43375
129	54	2.80107
129	59	1.99327
129	74	3.49767
129	93	0.704147
129	111	0.728603
129	112	0.76373
129	114	0.746853
129	123	0.756754
129	127	0.736262
129	135	0.725522
129	142	0.800458
129	144	0.72702
129	145	0.687502
129	146	0.702169
129	149	0.665762
129	154	0.799847
129	155	0.700673
129	156	0.719613
129	158	0.721494
129	161	0.679297
129	165	0.683559
129	171	0.660397
129	173	0.70152
129	174	0.696504
129	175	0.656514
129	176	0.665364
129	177	0.671467
129	179	0.670738
130	18	4.17404
130	20	2.74257
130	22	1.73413
130	24	0.716873
130	97	0.665821
130	107	2.94926
130	112	0.739864
130	114	0.722987
130	117	0.731057
130	123	0.732887
130	131	0.686764
130	134	0.747407
130	144	0.703154
130	148	0.711453
130	152	0.637615
130	153	0.692287
130	154	0.775981
130	161	0.655431
130	162	0.698225
130	165	0.659692
130	166	0.679409
130	168	0.676783
130	169	0.677599
130	171	0.636531
130	172	0.68768
130	174	0.672638
130	175	0.632648
130	177	0.647601
130	178	0.645298
131	44	0.713771
131	94	4.36117
131	99	0.691916
131	106	0.692931
131	108	0.694843
131	109	3.20736
131	111	0.68887
131	113	4.03147
131	122	0.707392
131	123	0.71702
131	127	0.696529
131	130	0.686764
131	136	0.673639
131	139	0.632661
131	148	0.695585
131	151	0.590551
131	153	0.67642
131	159	0.664147
131	161	0.639563
131	163	0.696217
131	166	0.663541
131	171	0.620663
131	172	0.671812
131	174	0.65677
131	175	0.61678
131	176	0.62563
131	177	0.631733
131	178	0.62943
131	179	0.631004
132	14	5.40397
132	27	6.59603
132	43	0.675875
132	54	0.678126
132	57	0.662837
132	77	0.638218
132	78	0.680102
132	97	0.601773
132	100	0.688855
132	107	0.66552
132	113	0.665406
132	115	0.661858
132	116	0.662742
132	119	0.705551
132	120	0.658963
132	126	0.69192
132	133	0.584016
132	136	0.625459
132	138	0.587977
132	146	0.614256
132	148	0.647405
132	155	0.612759
132	158	0.633581
132	160	0.678254
132	167	0.606484
132	168	0.612735
132	169	0.613552
132	176	0.57745
132	179	0.582825
132	180	0.562192
133	53	6.19288
133	76	5.80712
133	89	0.71223
133	96	0.705391
133	98	0.707548
133	103	0.695458
133	108	0.656143
133	110	0.610496
133	124	0.701657
133	132	0.584016
133	135	0.647087
133	136	0.634939
133	142	0.722024
133	144	0.648586
133	145	0.609068
133	146	0.623735
133	150	0.624267
133	153	0.63772
133	157	0.672526
133	159	0.625447
133	161	0.600863
133	165	0.605125
133	166	0.624841
133	169	0.623031
133	171	0.581963
133	175	0.57808
133	176	0.58693
133	177	0.593033
133	179	0.592304
133	180	0.571671
134	5	0.800764
134	56	2.65783
134	59	1.38903
134	64	1.93761
134	66	2.28728
134	93	0.725057
134	99	0.752559
134	101	2.09357
134	107	2.03468
134	112	0.78464
134	114	0.767763
134	124	0.801001
134	126	0.800744
134	130	0.747407
134	136	0.734283
134	142	0.821368
134	143	0.714829
134	147	0.757938
134	151	0.651195
134	152	0.682391
134	153	0.737064
134	155	0.721583
134	158	0.742404
134	162	0.743001
134	165	0.704469
134	168	0.721559
134	173	0.72243
134	174	0.717414
134	177	0.692377
134	178	0.690074
134	180	0.671015
135	17	2.00969
135	63	4.67112
135	87	2.96562
135	98	0.76114
135	123	0.731912
135	128	0.63905
135	129	0.725522
135	133	0.647087
135	146	0.677327
135	148	0.710477
135	149	0.64092
135	153	0.691312
135	154	0.775005
135	155	0.67583
135	157	0.726118
135	160	1.58412
135	162	0.697249
135	163	0.711109
135	165	0.658717
135	166	0.678433
135	167	0.669555
135	168	0.675807
135	169	0.676623
135	171	0.635555
135	172	0.686704
135	174	0.671662
135	175	0.631672
135	176	0.640522
135	177	0.646625
135	178	0.644322
135	179	0.645896
135	180	0.625263
136	13	3.27023
136	69	4.47063
136	72	0.677908
136	76	2.64981
136	85	3.60933
136	99	0.694659
136	105	0.743563
136	111	0.691613
136	112	0.726739
136	127	0.699272
136	131	0.673639
136	132	0.625459
136	133	0.634939
136	134	0.734283
136	137	0.694583
136	139	0.635404
136	145	0.650512
136	148	0.698328
136	150	0.66571
136	152	0.62449
136	154	0.762856
136	155	0.663682
136	156	0.682622
136	158	0.684503
136	159	0.66689
136	166	0.666284
136	168	0.663658
136	171	0.623406
136	172	0.674555
136	173	0.664529
136	174	0.659513
136	176	0.628373
136	178	0.632173
136	179	0.633747
136	180	0.613114
137	23	1.59782
137	35	2.57868
137	44	0.734715
137	75	4.32115
137	78	0.749226
137	80	2.99239
137	89	0.771874
137	108	0.715788
137	125	0.737934
137	126	0.761044
137	127	0.717473
137	136	0.694583
137	139	0.653605
137	141	0.667844
137	143	0.675129
137	144	0.708231
137	145	0.668713
137	147	0.718238
137	154	0.781057
137	156	0.700823
137	157	0.73217
137	161	0.660508
137	163	0.717161
137	164	1.19973
137	165	0.664769
137	169	0.682676
137	171	0.641607
137	172	0.692756
137	174	0.677714
137	175	0.637724
137	176	0.646574
137	177	0.652677
137	178	0.650374
137	179	0.651949
137	180	0.631316
138	2	4.24199
138	4	0.637346
