1	37	0.889806
1	42	1.16742
1	47	0.871003
1	62	0.929104
1	109	0.882175
1	112	1.43065
1	133	0.940302
1	134	0.937192
1	161	1.59704
1	164	0.858075
1	166	0.909351
1	168	1.60708
2	7	0.846086
2	25	0.904381
2	38	0.877109
2	39	0.972735
2	64	1.57803
2	65	0.8901
2	95	1.36592
2	101	0.917043
2	103	0.945953
2	109	0.877923
2	144	1.588
2	176	1.34326
3	44	0.76234
3	45	0.761893
3	54	0.821833
3	57	0.82484
3	118	0.794935
3	138	1.75498
3	146	0.755054
3	154	0.800423
3	158	0.80941
3	162	0.87347
3	167	1.69471
3	172	2.25407
4	81	0.925902
4	99	0.905051
4	113	1.57331
4	125	1.1496
4	141	0.889654
4	142	0.87512
4	147	0.891678
4	148	0.910925
4	150	0.903418
4	154	0.903142
4	163	1.56931
4	175	1.5726
5	37	0.88054
5	47	0.861737
5	48	0.957158
5	62	0.919838
5	133	0.931036
5	134	0.927926
5	138	1.34707
5	156	1.42145
5	164	0.84881
5	166	0.900086
5	169	1.41896
5	179	1.78616
6	28	0.827059
6	73	0.716979
6	78	0.766008
6	79	0.835354
6	92	0.792409
6	93	0.79253
6	97	0.835511
6	130	0.832304
6	151	1.68433
6	167	0.803382
6	174	1.95259
6	178	2.02521
7	2	0.846086
7	21	0.812205
7	23	0.787856
7	38	0.760892
7	65	0.773883
7	100	0.845744
7	101	0.800825
7	103	0.829736
7	109	0.761705
7	138	1.10412
7	156	1.1785
7	173	3.40898
8	14	0.757646
8	18	0.756453
8	53	0.756865
8	56	0.833427
8	60	0.756912
8	61	0.833694
8	67	0.811771
8	94	1.42543
8	165	0.880018
8	175	1.95494
8	176	0.821611
8	177	2.22443
9	22	0.911329
9	46	0.845366
9	58	0.913675
9	76	1.41574
9	80	0.923453
9	87	0.901425
9	91	0.947826
9	104	0.849894
9	116	1.36271
9	152	0.914285
9	156	1.76531
9	165	1.3889
10	52	1.3819
10	101	1.38907
10	131	0.835015
10	139	0.861276
10	150	1.26095
10	159	0.846748
10	168	0.820677
10	169	0.805574
10	170	0.777635
10	172	0.755683
10	178	0.757126
10	180	0.730708
11	22	0.802466
11	40	0.769546
11	58	0.804812
11	70	0.839228
11	80	0.814589
11	87	0.792561
11	88	1.65507
11	91	0.838963
11	104	0.74103
11	116	1.71834
11	152	0.805422
11	163	2.22455
12	53	0.884895
12	56	0.961457
12	60	0.884942
12	61	0.961724
12	67	0.939801
12	124	1.16236
12	155	1.70018
12	165	1.00805
12	168	1.24065
12	170	1.41411
12	176	0.949641
13	14	0.755128
13	53	0.754346
13	56	0.830909
13	60	0.754393
13	61	0.831175
13	67	0.809252
13	71	1.34086
13	85	0.764415
13	156	2.08098
13	164	2.2207
13	165	0.8775
13	176	0.819092
14	8	0.757646
14	13	0.755128
14	53	0.754499
14	56	0.831061
14	60	0.754545
14	61	0.831328
14	67	0.809404
14	139	1.77544
14	157	1.78582
14	161	2.05157
14	165	0.877652
14	176	0.819245
15	46	0.837516
15	58	0.905825
15	70	0.940242
15	80	0.915602
15	85	0.850896
15	87	0.893574
15	88	1.19436
15	91	0.939976
15	125	1.34414
15	143	1.82536
15	152	0.906435
15	167	1.52558
16	35	1.67694
16	49	0.856987
16	55	0.922676
16	59	0.924558
16	69	0.874075
16	72	0.874206
16	74	0.947632
16	77	0.87473
16	84	0.92502
16	133	1.19593
16	166	1.35023
16	174	1.73257
17	83	1.53778
17	141	0.894807
17	146	0.862927
17	147	0.896832
17	148	0.916078
17	150	0.908572
17	151	1.62503
17	154	0.908296
17	156	0.87245
17	158	0.917283
17	161	1.52971
17	165	1.22596
18	8	0.756453
18	53	0.753306
18	56	0.829868
18	60	0.753352
18	61	0.830135
18	67	0.808211
18	85	0.763374
18	113	1.67233
18	143	1.72985
18	165	0.876459
18	171	2.2102
18	176	0.818052
19	23	0.894034
19	25	0.894341
19	38	0.86707
19	39	0.962695
19	65	0.880061
19	100	0.951922
19	101	0.907003
19	109	0.867883
19	159	1.16083
19	168	1.2901
19	170	1.46357
19	171	1.99819
20	24	0.912504
20	26	0.920107
20	49	0.860763
20	69	0.877851
20	72	0.877982
20	74	0.951408
20	77	0.878506
20	84	0.928796
20	112	1.1444
20	155	1.78037
20	167	1.2488
20	178	1.74699
21	7	0.812205
21	23	0.870194
21	25	0.8705
21	38	0.843229
21	39	0.938854
21	65	0.85622
21	101	0.883162
21	103	0.912073
21	109	0.844042
21	165	1.08124
21	167	1.323
21	172	1.88236
21	180	2.07236
22	9	0.911329
22	11	0.802466
22	34	0.853581
22	40	0.8461
22	46	0.813057
22	70	0.915783
22	87	0.869116
22	91	0.915517
22	110	1.28321
22	149	1.36905
22	152	0.881977
22	163	1.81965
22	175	1.82294
23	7	0.787856
23	19	0.894034
23	21	0.870194
23	25	0.846152
23	39	0.914505
23	65	0.831871
23	100	0.903733
23	101	0.858813
23	103	0.887724
23	138	1.24602
23	155	1.71732
23	172	1.7451
23	178	1.68394
24	20	0.912504
24	55	0.866767
24	59	0.868649
24	63	0.933278
24	69	0.818166
24	72	0.818297
24	74	0.891723
24	77	0.818821
24	84	0.869112
24	102	1.18574
24	132	1.30701
24	140	1.63298
24	178	2.14985
25	2	0.904381
25	19	0.894341
25	21	0.8705
25	23	0.846152
25	38	0.819187
25	39	0.914812
25	65	0.832178
25	76	1.27617
25	100	0.904039
25	109	0.82
25	131	1.50092
25	151	1.64841
25	174	1.91667
26	20	0.920107
26	49	0.808681
26	55	0.874371
26	63	0.940882
26	69	0.825769
26	72	0.825901
26	74	0.899327
26	77	0.826425
26	82	0.716862
26	84	0.876715
26	120	1.84936
26	145	1.9961
26	180	1.7793
27	73	0.784967
27	78	0.833997
27	79	0.903342
27	86	0.8751
27	92	0.860397
27	93	0.860519
27	97	0.903499
27	112	1.18863
27	130	0.900292
27	167	0.87137
27	170	1.53853
27	178	1.79122
27	179	1.79239
28	6	0.827059
28	43	0.925543
28	73	0.784284
28	79	0.902659
28	83	1.56414
28	86	0.874416
28	92	0.859713
28	93	0.859835
28	97	0.902816
28	114	1.44365
28	163	1.73234
28	167	0.870687
28	168	1.56611
29	33	0.861669
29	73	0.7915
29	78	0.84053
29	79	0.909875
29	86	0.881633
29	92	0.86693
29	93	0.867052
29	97	0.910032
29	100	1.18005
29	132	1.14931
29	167	0.877903
29	178	1.99215
29	179	1.99332
30	36	0.847263
30	41	0.843661
30	44	0.824925
30	45	0.824478
30	51	0.908892
30	52	0.881029
30	54	0.884418
30	106	1.14463
30	124	1.23149
30	125	0.870813
30	145	2.2039
30	162	0.936055
30	177	1.74879
31	90	1.14477
31	95	1.34657
31	98	0.843151
31	107	0.88224
31	123	0.855468
31	136	0.843595
31	142	0.809243
31	146	0.791897
31	148	0.845048
31	153	0.845133
31	154	0.837265
31	158	0.846252
31	171	2.23415
31	178	1.95222
32	36	0.817629
32	52	0.851395
32	57	0.857792
32	124	0.829866
32	125	0.841179
32	137	1.24173
32	146	0.788006
32	147	0.82191
32	149	1.25439
32	153	0.841243
32	154	0.833375
32	162	0.906421
32	177	1.97777
32	180	2.21608
33	29	0.861669
33	78	0.793402
33	79	0.862747
33	82	1.29299
33	86	0.834505
33	92	0.819802
33	93	0.819924
33	95	1.49861
33	97	0.862904
33	101	0.843162
33	112	1.50167
33	130	0.859697
33	167	0.830775
33	171	2.38619
34	22	0.853581
34	40	0.820661
34	46	0.787617
34	70	0.890343
34	80	0.865704
34	85	0.800998
34	87	0.843676
34	91	0.890078
34	104	0.792146
34	120	2.35184
34	152	0.856537
34	157	1.32867
34	159	1.47519
34	166	1.57565
35	16	1.67694
35	38	1.75427
35	59	1.57154
35	143	0.772928
35	151	0.788957
35	157	0.856463
35	163	0.788597
35	169	0.799936
35	173	0.659474
35	174	0.750722
35	175	0.762808
35	177	0.74519
35	179	0.739864
35	180	0.725069
36	30	0.847263
36	32	0.817629
36	41	0.813932
36	44	0.795196
36	45	0.794749
36	51	0.879163
36	52	0.8513
36	54	0.854689
36	57	0.857697
36	138	1.6688
36	162	0.906326
36	163	1.84679
36	165	1.36677
36	175	1.85009
37	1	0.889806
37	5	0.88054
37	47	0.790001
37	48	0.885422
37	62	0.848103
37	82	1.34064
37	109	0.801174
37	133	0.8593
37	134	0.85619
37	140	1.63504
37	143	1.9535
37	156	1.78837
37	164	0.777074
37	166	0.82835
38	2	0.877109
38	7	0.760892
38	19	0.86707
38	21	0.843229
38	25	0.819187
38	35	1.75427
38	39	0.887541
38	65	0.804907
38	100	0.876768
38	103	0.86076
38	109	0.792729
38	117	1.12419
38	172	1.9437
38	175	1.6259
39	2	0.972735
39	19	0.962695
39	21	0.938854
39	23	0.914505
39	25	0.914812
39	38	0.887541
39	65	0.900532
39	100	0.972393
39	101	0.927474
39	124	1.20325
39	135	0.970435
39	159	1.15227
39	177	1.72055
39	180	1.95886
40	11	0.769546
40	22	0.8461
40	34	0.820661
40	58	0.848447
40	70	0.882863
40	80	0.858224
40	85	0.793518
40	87	0.836196
40	91	0.882598
40	152	0.849057
40	155	2.03405
40	156	1.63713
40	159	1.44525
40	169	1.63464
41	30	0.843661
41	36	0.813932
41	44	0.791594
41	45	0.791147
41	51	0.875561
41	52	0.847698
41	54	0.851087
41	57	0.854095
41	125	0.837482
41	145	2.32442
41	157	1.15451
41	162	0.902724
41	165	1.1165
41	171	2.13839
42	1	1.16742
42	49	1.26062
42	67	1.2086
42	104	1.60816
42	142	0.838248
42	145	0.771474
42	146	0.820901
42	150	0.866546
42	154	0.86627
42	158	0.875257
42	170	0.810724
42	174	0.789449
42	175	0.801536
42	179	0.778592
42	180	0.763797
43	28	0.925543
43	73	0.815462
43	78	0.864492
43	79	0.933837
43	86	0.905595
43	92	0.890892
43	93	0.891014
43	94	1.0338
43	97	0.933994
43	130	0.930787
43	157	1.118
43	163	1.56002
43	167	0.901866
43	170	1.56725
43	180	2.07111
44	3	0.76234
44	30	0.824925
44	36	0.795196
44	41	0.791594
44	45	0.772412
44	51	0.856825
44	52	0.828962
44	54	0.832352
44	57	0.835359
44	90	1.56292
44	112	1.76778
44	117	1.61203
44	125	0.818747
44	162	0.883989
44	175	2.11374
45	3	0.761893
45	30	0.824478
45	36	0.794749
45	41	0.791147
45	44	0.772412
45	51	0.856378
45	52	0.828515
45	54	0.831905
45	57	0.834912
45	125	0.8183
45	162	0.883542
45	165	1.31394
45	169	1.68786
45	172	2.11505
45	179	2.05506
46	9	0.845366
46	15	0.837516
46	22	0.813057
46	34	0.787617
46	58	0.815403
46	70	0.84982
46	80	0.82518
46	87	0.803153
46	91	0.849554
46	103	1.17783
46	104	0.751622
46	143	1.71244
46	145	2.37882
46	152	0.816013
46	174	1.83823
47	1	0.871003
47	5	0.861737
47	37	0.790001
47	48	0.866619
47	62	0.829299
47	102	1.28694
47	104	0.763674
47	109	0.78237
47	124	1.74661
47	133	0.840497
47	134	0.837387
47	139	1.53872
47	164	0.758271
47	166	0.809547
47	180	2.50222
48	5	0.957158
48	37	0.885422
48	47	0.866619
48	62	0.92472
48	68	1.30997
48	104	0.859095
48	109	0.877791
48	121	1.33943
48	133	0.935918
48	134	0.932808
48	143	1.35311
48	155	1.58489
48	164	0.853691
48	166	0.904967
48	180	1.80269
49	16	0.856987
49	20	0.860763
49	26	0.808681
49	42	1.26062
49	55	0.815026
49	59	0.816908
49	63	0.881537
49	69	0.766425
49	72	0.766556
49	74	0.839982
49	77	0.767081
49	84	0.817371
49	131	1.63808
49	170	1.87375
49	174	2.05382
50	113	1.56714
50	126	1.38969
50	127	0.895722
50	133	1.2138
50	134	0.926365
50	142	0.871068
50	146	0.853721
50	147	0.887626
50	148	0.906872
50	150	0.899366
50	152	0.917044
50	153	0.906958
50	158	0.908077
50	166	1.36811
50	177	1.83593
51	30	0.908892
51	36	0.879163
51	41	0.875561
51	44	0.856825
51	45	0.856378
51	52	0.912929
51	54	0.916318
51	57	0.919326
51	82	1.28216
51	125	0.902713
51	128	1.50845
51	130	1.37545
51	140	1.57656
51	162	0.967955
51	166	1.63847
52	10	1.3819
52	30	0.881029
52	32	0.851395
52	36	0.8513
52	41	0.847698
52	44	0.828962
52	45	0.828515
52	51	0.912929
52	54	0.888455
52	57	0.891463
52	124	1.54495
52	125	0.87485
52	137	1.32621
52	144	1.66583
52	160	1.5812
52	162	0.940092
53	8	0.756865
53	12	0.884895
53	13	0.754346
53	14	0.754499
53	18	0.753306
53	56	0.830279
53	60	0.753764
53	61	0.830546
53	67	0.808623
53	85	0.763786
53	132	1.45737
53	156	1.93666
53	160	1.83201
53	165	0.876871
53	176	0.818463
53	179	2.30137
54	3	0.821833
54	30	0.884418
54	36	0.854689
54	41	0.851087
54	44	0.832352
54	45	0.831905
54	51	0.916318
54	52	0.888455
54	57	0.894852
54	125	0.87824
54	162	0.943482
54	167	1.37694
54	168	1.44898
54	172	1.9363
54	174	1.80251
54	176	1.24683
55	16	0.922676
55	24	0.866767
55	26	0.874371
55	49	0.815026
55	59	0.882598
55	63	0.947226
55	69	0.832114
55	72	0.832246
55	74	0.905672
55	77	0.83277
55	84	0.88306
55	102	1.16823
55	132	1.28951
55	137	1.40916
55	155	2.16572
55	161	1.69614
56	8	0.833427
56	12	0.961457
56	13	0.830909
56	14	0.831061
56	18	0.829868
56	53	0.830279
56	60	0.830326
56	61	0.907108
56	67	0.885185
56	114	1.36912
56	135	1.18048
56	161	1.48154
56	165	0.953433
56	174	1.84512
56	176	0.895025
56	179	1.91891
57	3	0.82484
57	32	0.857792
57	36	0.857697
57	41	0.854095
57	44	0.835359
57	45	0.834912
57	51	0.919326
57	52	0.891463
57	54	0.894852
57	103	1.32552
57	125	0.881247
57	132	1.21571
57	157	1.3566
57	162	0.946489
57	167	1.56035
57	180	2.30971
58	9	0.913675
58	11	0.804812
58	15	0.905825
58	40	0.848447
58	46	0.815403
58	70	0.918129
58	80	0.89349
58	87	0.871462
58	91	0.917863
58	104	0.819931
58	131	1.50871
58	152	0.884323
58	155	2.03045
58	157	1.29513
58	161	1.56088
58	176	1.36878
59	16	0.924558
59	24	0.868649
59	35	1.57154
59	49	0.816908
59	55	0.882598
59	63	0.949108
59	69	0.833996
59	72	0.834128
59	74	0.907554
59	77	0.834652
59	83	0.852773
59	84	0.884942
59	140	1.18294
59	156	1.33627
59	172	1.76097
59	179	1.70098
60	8	0.756912
60	12	0.884942
60	13	0.754393
60	14	0.754545
60	18	0.753352
60	53	0.753764
60	56	0.830326
60	61	0.830593
60	67	0.80867
60	85	0.763833
60	151	1.81927
60	160	1.69196
60	164	1.93634
60	165	0.876917
60	174	2.08753
60	176	0.81851
61	8	0.833694
61	12	0.961724
61	13	0.831175
61	14	0.831328
61	18	0.830135
61	53	0.830546
61	56	0.907108
61	60	0.830593
61	67	0.885452
61	103	1.35887
61	135	1.35464
61	144	1.70833
61	160	1.6237
61	165	0.9537
61	169	1.72586
61	176	0.895292
62	1	0.929104
62	5	0.919838
62	37	0.848103
62	47	0.829299
62	48	0.92472
62	71	1.15661
62	104	0.821775
62	109	0.840471
62	112	1.65768
62	133	0.898598
62	134	0.895488
62	139	1.54794
62	156	1.89673
62	164	0.816372
62	165	1.52032
62	166	0.867648
63	24	0.933278
63	26	0.940882
63	49	0.881537
63	55	0.947226
63	59	0.949108
63	69	0.898625
63	72	0.898756
63	74	0.972183
63	76	1.121
63	77	0.899281
63	83	0.917401
63	84	0.949571
63	105	1.07021
63	144	1.45056
63	157	1.13217
63	171	2.11605
63	175	1.57748
64	2	1.57803
64	76	0.83763
64	121	0.7962
64	143	0.78586
64	146	1.68918
64	147	1.42171
64	160	0.817331
64	162	1.271
64	163	0.80153
64	166	0.83991
64	172	0.762976
64	174	0.763654
64	175	0.77574
64	177	0.758123
64	178	0.764419
64	179	0.752797
64	180	0.738002
65	2	0.8901
65	7	0.773883
65	19	0.880061
65	21	0.85622
65	23	0.831871
65	25	0.832178
65	38	0.804907
65	39	0.900532
65	100	0.889759
65	101	0.84484
65	103	0.873751
65	105	0.946151
65	109	0.80572
65	164	1.48624
65	165	0.970103
65	166	1.25509
65	173	3.57699
66	100	1.4336
66	119	0.897173
66	121	2.03361
66	122	0.878373
66	123	0.867039
66	135	1.50845
66	137	1.52252
66	141	0.835347
66	142	0.820814
66	146	0.803467
66	148	0.856618
66	150	0.849112
66	153	0.856704
66	154	0.848836
66	156	0.81299
66	158	0.857823
66	176	1.6174
67	8	0.811771
67	12	0.939801
67	13	0.809252
67	14	0.809404
67	18	0.808211
67	42	1.2086
67	53	0.808623
67	56	0.885185
67	60	0.80867
67	61	0.885452
67	85	0.818692
67	110	1.27806
67	159	1.51901
67	165	0.931776
67	170	1.82174
67	172	2.13559
67	176	0.873369
68	48	1.30997
68	81	1.81915
68	87	1.197
68	94	0.877377
68	121	0.794749
68	139	0.867119
68	145	0.744228
68	153	1.64381
68	156	0.803178
68	168	0.82652
68	171	0.736277
68	174	0.762203
68	175	0.774289
68	177	0.756672
68	178	0.762969
68	179	0.751346
68	180	0.736551
69	16	0.874075
69	20	0.877851
69	24	0.818166
69	26	0.825769
69	49	0.766425
69	55	0.832114
69	59	0.833996
69	63	0.898625
69	72	0.783644
69	74	0.85707
69	77	0.784168
69	83	0.802289
69	84	0.834459
69	100	1.39199
69	135	1.46684
69	138	1.76617
69	168	1.77794
69	179	2.20526
70	11	0.839228
70	15	0.940242
70	22	0.915783
70	34	0.890343
70	40	0.882863
70	46	0.84982
70	58	0.918129
70	80	0.927906
70	87	0.905879
70	91	0.95228
70	104	0.854348
70	128	1.29053
70	130	1.15753
70	152	0.918739
70	160	1.40732
70	167	1.37732
70	169	1.50949
70	180	2.12668
71	13	1.34086
71	62	1.15661
71	82	1.02891
71	97	1.09342
71	118	0.902297
71	121	0.905417
71	129	0.765015
71	152	0.82466
71	157	0.978613
71	159	0.963259
71	169	0.922085
71	173	0.781624
71	174	0.872871
71	175	0.884957
71	177	0.86734
71	178	0.873637
71	179	0.862014
71	180	0.847219
72	16	0.874206
72	20	0.877982
72	24	0.818297
72	26	0.825901
72	49	0.766556
72	55	0.832246
72	59	0.834128
72	63	0.898756
72	69	0.783644
72	74	0.857202
72	77	0.7843
72	83	0.802421
72	84	0.83459
72	88	1.1883
72	113	1.76178
72	151	1.67682
72	156	1.65417
72	171	2.29964
73	6	0.716979
73	27	0.784967
73	28	0.784284
73	29	0.7915
73	43	0.815462
73	78	0.723232
73	79	0.792578
73	86	0.764336
73	92	0.749633
73	93	0.749754
73	97	0.792735
73	101	0.772992
73	130	0.789528
73	140	2.09982
73	149	1.90616
73	157	1.91474
73	167	0.760606
73	175	2.36005
74	16	0.947632
74	20	0.951408
74	24	0.891723
74	26	0.899327
74	49	0.839982
74	55	0.905672
74	59	0.907554
74	63	0.972183
74	69	0.85707
74	72	0.857202
74	77	0.857726
74	84	0.908016
74	100	0.988697
74	137	1.07762
74	163	1.54087
74	168	1.37464
74	179	1.80197
74	180	2.05197
75	95	1.65891
75	103	1.53154
75	108	0.811577
75	118	0.829474
75	119	0.883299
75	128	1.67958
75	129	0.865218
75	141	0.821473
75	142	0.80694
75	146	0.789593
75	147	0.823498
75	150	0.835238
75	153	0.84283
75	154	0.834962
75	156	0.799116
75	158	0.843949
75	170	2.01187
75	176	1.63626
76	9	1.41574
76	25	1.27617
76	63	1.121
76	64	0.83763
76	85	1.52578
76	93	1.26992
76	107	0.891156
76	116	0.894021
76	136	0.852511
76	141	0.832693
76	153	0.854049
76	154	0.846181
76	158	0.855168
76	160	0.823037
76	169	0.818575
76	172	0.768683
76	174	0.769361
76	180	0.743709
77	16	0.87473
77	20	0.878506
77	24	0.818821
77	26	0.826425
77	49	0.767081
77	55	0.83277
77	59	0.834652
77	63	0.899281
77	69	0.784168
77	72	0.7843
77	74	0.857726
77	83	0.802945
77	84	0.835114
77	96	2.00164
77	112	1.70918
77	130	1.59378
77	132	1.46893
77	167	1.81358
78	6	0.766008
78	27	0.833997
78	29	0.84053
78	33	0.793402
78	43	0.864492
78	73	0.723232
78	79	0.841608
78	86	0.813365
78	92	0.798662
78	93	0.798784
78	97	0.841765
78	101	0.822022
78	130	0.838557
78	132	1.2108
78	166	1.59867
78	167	0.809636
78	172	2.11479
78	177	2.06649
78	178	2.05363
79	6	0.835354
79	27	0.903342
79	28	0.902659
79	29	0.909875
79	33	0.862747
79	43	0.933837
79	73	0.792578
79	78	0.841608
79	86	0.882711
79	92	0.868008
79	93	0.86813
79	97	0.91111
79	131	1.57008
79	133	1.44918
79	137	1.33527
79	159	1.50303
79	160	1.59026
79	167	0.878982
79	175	1.80182
80	9	0.923453
80	11	0.814589
80	15	0.915602
80	34	0.865704
80	40	0.858224
80	46	0.82518
80	58	0.89349
80	70	0.927906
80	85	0.838561
80	87	0.881239
80	91	0.927641
80	96	1.47533
80	104	0.829708
80	131	1.29709
80	152	0.8941
80	157	1.08351
80	166	1.33049
80	171	2.06739
80	180	2.03662
81	4	0.925902
81	68	1.81915
81	88	1.23129
81	103	1.32767
81	106	1.46939
81	111	0.885338
81	118	0.866298
81	127	0.868418
81	129	0.902042
81	133	1.45143
81	142	0.843764
81	147	0.860322
81	148	0.879568
81	150	0.872062
81	152	0.889739
81	153	0.879654
81	156	0.83594
81	158	0.880773
81	168	1.63454
82	26	0.716862
82	33	1.29299
82	37	1.34064
82	51	1.28216
82	71	1.02891
82	111	1.21108
82	136	1.16789
82	137	0.976629
82	157	0.95716
82	160	0.905095
82	170	0.872693
82	171	0.825493
82	172	0.850741
82	173	0.760172
82	174	0.851419
82	177	0.845887
82	178	0.852184
82	179	0.840562
82	180	0.825767
83	17	1.53778
83	28	1.56414
83	59	0.852773
83	63	0.917401
83	69	0.802289
83	72	0.802421
83	77	0.802945
83	84	0.853235
83	91	1.00202
83	105	0.877038
83	129	1.44054
83	138	0.839917
83	162	1.2364
83	167	0.834038
83	168	0.822541
83	177	0.752694
83	178	0.75899
83	179	0.747368
83	180	0.732573
84	16	0.92502
84	20	0.928796
84	24	0.869112
84	26	0.876715
84	49	0.817371
84	55	0.88306
84	59	0.884942
84	63	0.949571
84	69	0.834459
84	72	0.83459
84	74	0.908016
84	77	0.835114
84	83	0.853235
84	124	1.38766
84	133	1.28284
84	156	1.52857
84	166	1.43714
84	169	1.52608
84	180	2.14328
85	13	0.764415
85	15	0.850896
85	18	0.763374
85	34	0.800998
85	40	0.793518
85	53	0.763786
85	60	0.763833
85	67	0.818692
85	76	1.52578
85	80	0.838561
85	87	0.816533
85	91	0.862935
85	124	1.73445
85	133	1.62963
85	152	0.829394
85	164	2.01508
85	165	0.886939
85	168	1.81274
85	176	0.828532
86	27	0.8751
86	28	0.874416
86	29	0.881633
86	33	0.834505
86	43	0.905595
86	73	0.764336
86	78	0.813365
86	79	0.882711
86	92	0.839766
86	93	0.839887
86	97	0.882868
86	100	1.32731
86	101	0.863125
86	105	1.37551
86	130	0.879661
86	143	1.941
86	156	1.77587
86	167	0.850739
86	168	1.71325
86	176	1.51111
87	9	0.901425
87	11	0.792561
87	15	0.893574
87	22	0.869116
87	34	0.843676
87	40	0.836196
87	46	0.803153
87	58	0.871462
87	68	1.197
87	70	0.905879
87	80	0.881239
87	85	0.816533
87	91	0.905613
87	104	0.807681
87	144	1.05498
87	152	0.872072
87	161	1.00234
87	172	1.49971
87	173	3.30548
87	174	1.36592
88	11	1.65507
88	15	1.19436
88	72	1.1883
88	81	1.23129
88	113	0.878425
88	124	0.906991
88	140	0.911019
88	141	1.18331
88	144	0.889331
88	147	0.985838
88	149	0.922487
88	161	0.89225
88	168	0.897996
88	171	0.807753
88	173	0.742432
88	174	0.833679
88	175	0.845765
88	177	0.828148
88	179	0.822822
88	180	0.808027
89	98	0.905948
89	118	0.894575
89	119	0.9484
89	127	0.896695
89	128	1.20396
89	130	1.07096
89	136	0.906393
89	139	1.07661
89	141	0.886574
89	142	0.872041
89	143	1.59053
89	146	0.854694
89	147	0.888599
89	148	0.907845
89	150	0.900339
89	153	0.907931
89	154	0.900063
89	155	1.82232
89	158	0.90905
89	178	1.78894
89	179	1.79011
90	31	1.14477
90	44	1.56292
90	108	1.36875
90	109	0.928306
90	116	0.936015
90	132	0.942706
90	140	0.888694
90	142	1.2889
90	148	1.03723
90	155	0.830943
90	168	0.875671
90	169	0.860568
90	171	0.785428
90	173	0.720107
90	174	0.811354
90	175	0.82344
90	176	0.905266
90	177	0.805823
90	178	0.812119
90	179	0.800497
90	180	0.785702
91	9	0.947826
91	11	0.838963
91	15	0.939976
91	22	0.915517
91	34	0.890078
91	40	0.882598
91	46	0.849554
91	58	0.917863
91	70	0.95228
91	80	0.927641
91	83	1.00202
91	85	0.862935
91	87	0.905613
91	104	0.854082
91	116	0.664014
91	120	1.75138
91	137	0.706972
91	140	0.913284
91	152	0.918474
91	171	1.71209
91	173	3.29709
92	6	0.792409
92	27	0.860397
92	28	0.859713
92	29	0.86693
92	33	0.819802
92	43	0.890892
92	73	0.749633
92	78	0.798662
92	79	0.868008
92	86	0.839766
92	93	0.825184
92	97	0.868165
92	101	0.848422
92	114	1.54506
92	124	1.58924
92	130	0.864958
92	159	1.53826
92	160	1.62549
92	167	0.836036
92	169	1.72765
92	179	2.09485
93	6	0.79253
93	27	0.860519
93	28	0.859835
93	29	0.867052
93	33	0.819924
93	43	0.891014
93	73	0.749754
93	76	1.26992
93	78	0.798784
93	79	0.86813
93	86	0.839887
93	92	0.825184
93	97	0.868287
93	101	0.848544
93	130	0.865079
93	140	1.46617
93	157	1.28109
93	166	1.52807
93	167	0.836158
93	172	2.0442
93	180	2.23421
94	8	1.42543
94	43	1.0338
94	68	0.877377
94	95	0.920268
94	127	1.21147
94	142	1.3102
94	146	1.29657
94	148	1.05853
94	151	0.848793
94	163	0.848434
94	165	0.962878
94	168	0.874875
94	169	0.859772
94	170	0.831832
94	172	0.80988
94	173	0.719311
94	174	0.810558
94	175	0.822644
94	177	0.805027
94	179	0.799701
94	180	0.784906
95	2	1.36592
95	31	1.34657
95	33	1.49861
95	75	1.65891
95	94	0.920268
95	140	0.882434
95	143	0.8273
95	149	0.893902
95	151	0.843329
95	154	1.30374
95	159	0.895482
95	162	1.05888
95	170	0.826368
95	171	0.779168
95	172	0.804416
95	173	0.713847
95	174	0.805094
95	175	0.81718
95	177	0.799563
95	178	0.805859
95	179	0.794237
95	180	0.779442
96	77	2.00164
96	80	1.47533
96	119	1.28937
96	134	1.55689
96	140	0.819181
96	144	0.797493
96	150	1.61832
96	157	0.847582
96	159	0.832229
96	160	0.795517
96	163	0.779717
96	164	0.76682
96	166	0.818096
96	168	0.806157
96	170	0.763115
96	171	0.715915
96	172	0.741163
96	174	0.741841
96	175	0.753927
96	178	0.742606
96	179	0.730984
96	180	0.716189
97	6	0.835511
97	27	0.903499
97	28	0.902816
97	29	0.910032
97	33	0.862904
97	43	0.933994
97	71	1.09342
97	73	0.792735
97	78	0.841765
97	79	0.91111
97	86	0.882868
97	92	0.868165
97	93	0.868287
97	101	0.891525
97	113	1.94115
97	116	1.43094
97	117	1.43874
97	130	0.90806
97	157	1.49514
97	165	1.45713
97	167	0.879138
97	176	1.56878
98	31	0.843151
98	89	0.905948
98	108	0.831527
98	111	0.868464
98	115	0.867131
98	123	0.873114
98	129	0.885168
98	135	1.24406
98	141	0.841423
98	146	0.809543
98	147	0.843447
98	148	0.862694
98	152	0.872865
98	153	0.862779
98	154	0.854911
98	158	0.863898
98	159	1.4259
98	162	0.927958
98	163	1.72139
98	165	1.24137
98	166	1.52635
98	172	2.04248
98	177	1.99417
99	4	0.905051
99	107	0.895909
99	111	0.864486
99	112	0.863027
99	115	0.863153
99	119	0.899271
99	121	1.80689
99	125	1.33935
99	136	0.857264
99	140	1.50211
99	141	0.837445
99	142	0.822912
99	144	1.63542
99	146	0.805565
99	147	0.83947
99	150	0.85121
99	153	0.858802
99	154	0.850934
99	158	0.859921
99	159	1.46356
99	161	1.58278
99	162	0.923981
99	175	1.76235
100	7	0.845744
100	19	0.951922
100	23	0.903733
100	25	0.904039
100	29	1.18005
100	38	0.876768
100	39	0.972393
100	65	0.889759
100	66	1.4336
100	69	1.39199
100	74	0.988697
100	86	1.32731
100	109	0.877581
100	134	1.05491
100	142	1.28424
100	171	0.802576
100	172	0.827825
100	174	0.828503
100	175	0.840589
100	177	0.822971
100	178	0.829268
100	179	0.817645
100	180	0.80285
101	2	0.917043
101	7	0.800825
101	10	1.38907
101	19	0.907003
101	21	0.883162
101	23	0.858813
101	33	0.843162
101	39	0.927474
101	65	0.84484
101	73	0.772992
101	78	0.822022
101	86	0.863125
101	92	0.848422
101	93	0.848544
101	97	0.891525
101	103	0.900693
101	110	1.26019
101	117	1.29821
101	126	1.62318
101	139	1.34423
101	167	0.859396
101	168	1.6304
101	180	2.30773
102	24	1.18574
102	47	1.28694
102	55	1.16823
102	108	1.21208
102	123	1.13176
102	139	0.939642
102	141	1.0486
102	142	1.13224
102	149	0.923535
102	151	0.872962
102	159	0.925114
102	160	0.888403
102	161	0.893297
102	168	0.899043
102	169	0.883941
102	172	0.834049
102	173	0.743479
102	174	0.834727
102	175	0.846813
102	177	0.829195
102	178	0.835492
102	179	0.823869
102	180	0.809074
103	2	0.945953
103	7	0.829736
103	21	0.912073
103	23	0.887724
103	38	0.86076
103	46	1.17783
103	57	1.32552
103	61	1.35887
103	65	0.873751
103	75	1.53154
103	81	1.32767
103	101	0.900693
103	109	0.861573
103	127	1.26459
103	143	0.8347
103	147	1.08223
103	149	0.901302
103	170	0.833768
103	173	0.721247
103	174	0.812494
103	175	0.82458
103	177	0.806963
103	179	0.801637
103	180	0.786842
104	9	0.849894
104	11	0.74103
104	34	0.792146
104	42	1.60816
104	46	0.751622
104	47	0.763674
104	48	0.859095
104	58	0.819931
104	62	0.821775
104	70	0.854348
104	80	0.829708
104	87	0.807681
104	91	0.854082
104	105	1.71008
104	106	1.88267
104	133	0.832973
104	134	0.829863
104	135	1.73673
104	149	1.76345
104	152	0.820541
104	164	0.750747
104	166	0.802023
104	176	1.84568
105	63	1.07021
105	65	0.946151
105	83	0.877038
105	86	1.37551
105	104	1.71008
105	113	0.858944
105	114	0.912527
105	115	1.3855
105	126	0.875748
105	149	0.903006
105	153	1.12145
105	154	1.14549
105	157	0.919939
105	160	0.867874
105	166	0.890453
105	171	0.788272
105	173	0.722951
105	174	0.814198
105	175	0.826284
105	176	0.90811
105	177	0.808667
105	178	0.814963
105	179	0.803341
105	180	0.788546
106	30	1.14463
106	81	1.46939
106	104	1.88267
106	114	0.856698
106	118	1.41465
106	123	1.50456
106	131	0.837023
106	135	0.859726
106	138	0.840061
106	140	0.835709
106	145	0.740393
106	152	1.33701
106	155	0.777958
106	157	0.86411
106	161	0.81694
106	163	0.796245
106	169	0.807583
106	170	0.779643
106	171	0.732443
106	172	0.757691
106	176	0.852281
106	178	0.759134
106	179	0.747512
106	180	0.732717
107	31	0.88224
107	76	0.891156
107	99	0.895909
107	117	1.17061
107	119	0.942338
107	122	0.923538
107	126	1.49558
107	129	0.924257
107	134	0.921276
107	136	0.900331
107	142	0.865979
107	146	0.848632
107	147	0.882537
107	148	0.901783
107	150	0.894277
107	153	0.901869
107	154	0.894001
107	157	1.22701
107	158	0.902988
107	163	1.66903
107	168	1.5028
107	169	1.56293
107	174	1.85633
107	176	1.30065
108	75	0.811577
108	90	1.36875
108	98	0.831527
108	102	1.21208
108	111	0.839194
108	115	0.837861
108	118	0.820153
108	119	0.873979
108	121	1.9641
108	122	0.855178
108	123	0.843844
108	127	0.822273
108	130	1.45821
108	136	0.831971
108	141	0.812152
108	146	0.780272
108	148	0.833423
108	149	1.46567
108	150	0.825917
108	153	0.833509
108	154	0.825641
108	158	0.834628
108	162	0.898688
108	164	1.95238
108	170	1.92351
109	1	0.882175
109	2	0.877923
109	7	0.761705
109	19	0.867883
109	21	0.844042
109	25	0.82
109	37	0.801174
109	38	0.792729
109	47	0.78237
109	48	0.877791
109	62	0.840471
109	65	0.80572
109	90	0.928306
109	100	0.877581
109	103	0.861573
109	110	0.939388
109	133	0.851669
109	134	0.848559
109	145	2.20373
109	151	1.39487
109	164	0.769443
109	166	0.820719
109	168	1.3096
109	169	1.36973
109	173	3.6027
110	22	1.28321
110	67	1.27806
110	101	1.26019
110	109	0.939388
110	111	1.22598
110	119	0.803123
110	127	1.20125
110	139	0.974997
110	144	0.925733
110	145	0.852106
110	151	0.908316
110	158	0.863254
110	161	0.928652
110	164	0.895061
110	169	0.919295
110	170	0.891356
110	171	0.844155
110	172	0.869403
110	173	0.778834
110	174	0.870081
110	175	0.882167
110	177	0.86455
110	178	0.870847
110	179	0.859224
110	180	0.844429
111	81	0.885338
111	82	1.21108
111	98	0.868464
111	99	0.864486
111	108	0.839194
111	110	1.22598
111	112	0.874671
111	118	0.85709
111	122	0.892115
111	129	0.892835
111	134	0.889853
111	136	0.868908
111	142	0.834556
111	146	0.817209
111	147	0.851114
111	148	0.87036
111	150	0.862854
111	153	0.870446
111	154	0.862578
111	157	1.3204
111	158	0.871565
111	159	1.46693
111	160	1.55415
111	164	1.79853
111	166	1.56738
111	174	1.94973
112	1	1.43065
112	20	1.1444
112	27	1.18863
112	33	1.50167
112	44	1.76778
112	62	1.65768
112	77	1.70918
112	99	0.863027
112	111	0.874671
112	122	0.890656
112	136	0.867449
112	142	0.833097
112	146	0.81575
112	148	0.868901
112	154	0.861119
112	158	0.870106
112	160	0.837975
112	161	0.842869
112	170	0.805573
112	171	0.758372
112	173	0.693051
112	175	0.796384
112	177	0.778767
112	178	0.785064
112	179	0.773441
112	180	0.758646
113	4	1.57331
113	18	1.67233
113	50	1.56714
113	72	1.76178
113	88	0.878425
113	97	1.94115
113	105	0.858944
113	129	1.61275
113	149	0.828939
113	155	0.75972
113	159	0.830519
113	161	0.798702
113	163	0.778007
113	165	0.89245
113	168	0.804447
113	169	0.789345
113	171	0.714205
113	172	0.739453
113	173	0.648884
113	174	0.740131
113	175	0.752217
113	176	0.834043
113	177	0.7346
113	178	0.740896
113	179	0.729274
113	180	0.714479
114	28	1.44365
114	56	1.36912
114	92	1.54506
114	105	0.912527
114	106	0.856698
114	120	0.797301
114	135	0.895071
114	144	0.849365
114	145	0.775738
114	148	1.29606
114	149	0.882522
114	150	1.37983
114	155	0.813302
114	158	1.11101
114	160	0.84739
114	162	1.11591
114	168	0.85803
114	170	0.814988
114	171	0.767787
114	172	0.793036
114	174	0.793714
114	175	0.8058
114	177	0.788182
114	178	0.794479
114	179	0.782856
114	180	0.768062
115	98	0.867131
115	99	0.863153
115	105	1.3855
115	108	0.837861
115	118	0.855757
115	123	0.879448
115	125	1.46977
115	127	0.857877
115	129	0.891502
115	132	1.30657
115	134	0.88852
115	136	0.867575
115	141	0.847756
115	146	0.815876
115	148	0.869027
115	149	1.43888
115	150	0.861521
115	152	0.879199
115	153	0.869113
115	156	0.825399
115	158	0.870232
115	162	0.934292
115	165	1.40945
115	167	1.65121
115	169	1.78338
115	175	1.89277
116	9	1.36271
116	11	1.71834
116	76	0.894021
116	90	0.936015
116	91	0.664014
116	97	1.43094
116	123	1.32973
116	135	0.921403
116	145	0.802069
116	151	0.85828
116	152	1.16218
116	153	1.11922
116	157	0.925786
116	159	0.910433
116	162	0.89839
116	167	0.895858
116	169	0.869259
116	170	0.841319
116	171	0.794119
116	173	0.728798
116	174	0.820045
116	175	0.832131
116	176	0.913957
116	177	0.814514
116	178	0.82081
116	179	0.809188
116	180	0.794393
117	38	1.12419
117	44	1.61203
117	97	1.43874
117	101	1.29821
117	107	1.17061
117	129	1.11033
117	139	0.929163
117	143	0.846454
117	144	0.8799
117	147	1.05691
117	154	1.15105
117	155	0.843837
117	157	0.929989
117	161	0.882819
117	166	0.900503
117	168	0.888564
117	169	0.873462
117	170	0.845522
117	171	0.798322
117	172	0.82357
117	173	0.733001
117	174	0.824248
117	176	0.91816
117	177	0.818717
117	178	0.825013
117	179	0.813391
117	180	0.798596
118	3	0.794935
118	71	0.902297
118	75	0.829474
118	81	0.866298
118	89	0.894575
118	106	1.41465
118	108	0.820153
118	111	0.85709
118	115	0.855757
118	119	0.891875
118	122	0.873075
118	127	0.84017
118	129	0.873794
118	138	1.56804
118	141	0.830049
118	142	0.815516
118	147	0.832074
118	150	0.843814
118	153	0.851406
118	154	0.843538
118	158	0.852525
118	159	1.45054
118	162	0.916585
118	166	1.55099
118	169	1.63993
118	177	2.01881
118	178	2.00596
119	66	0.897173
119	75	0.883299
119	89	0.9484
119	96	1.28937
119	99	0.899271
119	107	0.942338
119	108	0.873979
119	110	0.803123
119	118	0.891875
119	123	0.915566
119	129	0.92762
119	133	0.990222
119	141	0.883874
119	142	0.869341
119	145	2.06746
119	146	0.851994
119	147	0.885899
119	148	0.905145
119	150	0.897639
119	153	0.905231
119	154	0.897363
119	158	0.90635
119	163	1.33956
119	169	1.23346
119	177	1.61235
119	178	1.59949
119	180	1.85066
120	26	1.84936
120	34	2.35184
120	91	1.75138
120	114	0.797301
120	121	0.731518
120	126	0.760522
120	127	2.31884
120	128	0.785664
120	139	0.803887
120	149	0.78778
120	151	0.737207
120	155	0.718561
120	156	0.739947
120	157	0.804714
120	158	1.98085
120	161	0.757543
120	163	0.736848
120	164	0.723952
120	168	0.763289
120	171	0.673046
120	172	0.698294
120	174	0.698972
120	175	0.711058
120	177	0.693441
120	178	0.699737
120	179	0.688115
120	180	0.67332
121	48	1.33943
121	64	0.7962
121	66	2.03361
121	68	0.794749
121	71	0.905417
121	99	1.80689
121	108	1.9641
121	120	0.731518
121	126	0.78948
121	140	0.80527
121	142	1.88426
121	145	0.709954
121	148	1.63259
121	155	0.747519
121	159	0.818318
121	161	0.786501
121	164	0.752909
121	165	0.88025
121	167	0.803743
121	170	0.749204
121	172	0.727252
121	173	0.636683
121	174	0.72793
121	175	0.740016
121	177	0.722399
121	178	0.728695
121	179	0.717073
121	180	0.702278
122	66	0.878373
122	107	0.923538
122	108	0.855178
122	111	0.892115
122	112	0.890656
122	118	0.873075
122	123	0.896765
122	127	0.875195
122	136	0.884893
122	146	0.833194
122	147	0.867098
122	148	0.886345
122	149	1.14941
122	150	0.878838
122	152	0.896516
122	153	0.886431
122	154	0.878563
122	156	0.842717
122	158	0.887549
122	161	1.42374
122	162	0.951609
122	168	1.43378
122	169	1.49391
122	170	1.60725
122	175	1.6033
122	176	1.23164
122	177	1.87279
122	178	1.85994
123	31	0.855468
123	66	0.867039
123	98	0.873114
123	102	1.13176
123	106	1.50456
123	108	0.843844
123	115	0.879448
123	116	1.32973
123	119	0.915566
123	122	0.896765
123	124	0.86372
123	125	1.41624
123	127	0.863861
123	128	1.51089
123	129	0.897485
123	136	0.873559
123	137	1.37269
123	141	0.85374
123	142	0.839206
123	147	0.855764
123	148	0.875011
123	150	0.867504
123	153	0.875097
123	154	0.867229
123	156	0.831383
123	157	1.39392
123	158	0.876215
123	169	1.72984
123	170	1.84318
124	12	1.16236
124	30	1.23149
124	32	0.829866
124	39	1.20325
124	47	1.74661
124	52	1.54495
124	84	1.38766
124	85	1.73445
124	88	0.906991
124	92	1.58924
124	123	0.86372
124	136	0.851847
124	141	0.832029
124	143	0.790903
124	147	0.834053
124	149	0.857505
124	150	0.845793
124	152	0.863471
124	153	0.853385
124	158	0.854504
124	161	0.827268
124	162	0.918564
124	168	0.833013
124	169	0.817911
124	171	0.742771
124	175	0.780783
124	177	0.763165
124	179	0.75784
124	180	0.743045
125	4	1.1496
125	15	1.34414
125	30	0.870813
125	32	0.841179
125	41	0.837482
125	44	0.818747
125	45	0.8183
125	51	0.902713
125	52	0.87485
125	54	0.87824
125	57	0.881247
125	99	1.33935
125	115	1.46977
125	123	1.41624
125	136	1.29953
125	141	1.33309
125	142	1.41672
125	149	0.868818
125	151	0.818245
125	155	0.799598
125	162	0.929877
125	163	0.817885
125	168	0.844326
125	169	0.829224
125	171	0.754083
125	173	0.688762
125	174	0.78001
125	177	0.774478
125	180	0.754357
126	50	1.38969
126	101	1.62318
126	105	0.875748
126	107	1.49558
126	120	0.760522
126	121	0.78948
126	127	1.56424
126	133	0.86414
126	135	0.858292
126	139	0.86185
126	140	0.834275
126	146	1.64933
126	147	1.38187
126	148	1.4113
126	157	0.862676
126	160	0.810611
126	163	0.794811
126	168	0.821251
126	169	0.806149
126	170	0.778209
126	171	0.731009
126	172	0.756257
126	173	0.665688
126	174	0.756935
126	175	0.769021
126	177	0.751404
126	178	0.7577
126	179	0.746078
126	180	0.731283
127	50	0.895722
127	81	0.868418
127	89	0.896695
127	94	1.21147
127	103	1.26459
127	108	0.822273
127	110	1.20125
127	115	0.857877
127	118	0.84017
127	120	2.31884
127	122	0.875195
127	123	0.863861
127	126	1.56424
127	129	0.875914
127	133	1.38834
127	136	0.851988
127	139	1.28529
127	141	0.832169
127	142	0.817636
127	146	0.800289
127	147	0.834194
127	148	0.85344
127	149	1.28709
127	150	0.845934
127	152	0.863611
127	153	0.853526
127	154	0.845658
127	158	0.854645
127	161	1.56141
127	162	0.918704
128	51	1.50845
128	70	1.29053
128	75	1.67958
128	89	1.20396
128	120	0.785664
128	123	1.51089
128	129	1.28369
128	131	0.860731
128	132	0.913428
128	143	0.804282
128	144	0.837728
128	145	0.764101
128	150	1.34346
128	152	1.34334
128	155	0.801665
128	160	0.835753
128	161	0.840647
128	163	0.819952
128	165	0.934396
128	168	0.846393
128	169	0.83129
128	170	0.80335
128	171	0.75615
128	174	0.782076
128	175	0.794162
128	176	0.875989
128	177	0.776545
128	178	0.782841
128	179	0.771219
128	180	0.756424
129	71	0.765015
129	75	0.865218
129	81	0.902042
129	83	1.44054
129	98	0.885168
129	107	0.924257
129	111	0.892835
129	113	1.61275
129	115	0.891502
129	117	1.11033
129	118	0.873794
129	119	0.92762
129	123	0.897485
129	127	0.875914
129	128	1.28369
129	130	1.15069
129	136	0.885612
129	141	0.865793
129	142	0.85126
129	147	0.867818
129	148	0.887064
129	150	0.879558
129	152	0.897236
129	153	0.88715
129	154	0.879282
129	156	0.843436
129	158	0.888269
129	165	1.12872
129	174	1.79605
129	175	1.61204
129	177	1.88153
130	6	0.832304
130	27	0.900292
130	33	0.859697
130	43	0.930787
130	51	1.37545
130	70	1.15753
130	73	0.789528
130	77	1.59378
130	78	0.838557
130	86	0.879661
130	89	1.07096
130	92	0.864958
130	93	0.865079
130	97	0.90806
130	108	1.45821
130	129	1.15069
130	139	0.905034
130	141	1.29473
130	142	1.37836
130	147	1.09726
130	159	0.890506
130	161	0.85869
130	163	0.837994
130	167	0.875931
130	168	0.864435
130	172	0.799441
130	173	0.708871
130	174	0.800119
130	177	0.794587
130	178	0.800884
130	180	0.774466
131	10	0.835015
131	25	1.50092
131	49	1.63808
131	58	1.50871
131	79	1.57008
131	80	1.29709
131	106	0.837023
131	128	0.860731
131	139	0.878954
131	140	0.851379
131	150	1.44008
131	151	0.812274
131	154	1.42103
131	155	0.793628
131	156	0.815013
131	159	0.864427
131	161	0.83261
131	162	1.17617
131	163	0.811915
131	166	0.850294
131	168	0.838355
131	169	0.823253
131	170	0.795313
131	172	0.773361
131	173	0.682792
131	174	0.774039
131	175	0.786125
131	177	0.768508
131	178	0.774804
131	179	0.763182
131	180	0.748387
132	24	1.30701
132	29	1.14931
132	53	1.45737
132	55	1.28951
132	57	1.21571
132	77	1.46893
132	78	1.2108
132	90	0.942706
132	115	1.30657
132	128	0.913428
132	135	0.928094
132	146	1.23988
132	148	1.00185
132	151	0.864972
132	155	0.846325
132	157	0.932478
132	159	0.917125
132	160	0.880413
132	163	0.864613
132	164	0.851716
132	168	0.891053
132	169	0.875951
132	170	0.848011
132	171	0.800811
132	172	0.826059
132	173	0.73549
132	174	0.826737
132	175	0.838823
132	176	0.920649
132	177	0.821206
132	178	0.827502
132	179	0.81588
132	180	0.801085
133	1	0.940302
133	5	0.931036
133	16	1.19593
133	37	0.8593
133	47	0.840497
133	48	0.935918
133	50	1.2138
133	62	0.898598
133	79	1.44918
133	81	1.45143
133	84	1.28284
133	85	1.62963
133	104	0.832973
133	109	0.851669
133	119	0.990222
133	126	0.86414
133	127	1.38834
133	134	0.906686
133	136	1.36989
133	156	0.843565
133	159	0.892978
133	162	1.05526
133	163	0.840466
133	164	0.827569
133	166	0.878845
133	168	0.866907
133	169	0.851804
133	170	0.823864
133	171	0.776664
133	173	0.711343
133	175	0.814676
133	178	0.803355
133	179	0.791733
133	180	0.776938
134	1	0.937192
134	5	0.927926
134	37	0.85619
134	47	0.837387
134	48	0.932808
134	50	0.926365
134	62	0.895488
134	96	1.55689
134	100	1.05491
134	104	0.829863
134	107	0.921276
134	109	0.848559
134	111	0.889853
134	115	0.88852
134	133	0.906686
134	138	1.42909
134	139	1.15469
134	140	1.35014
134	142	0.848279
134	144	1.48345
134	147	0.864836
134	148	0.884083
134	149	1.15649
134	150	0.876577
134	153	0.884169
134	154	0.876301
134	158	0.885287
134	160	1.39882
134	162	0.949347
134	164	0.82446
134	166	0.875736
134	174	1.79439
134	177	1.87987
134	178	1.86701
135	39	0.970435
135	56	1.18048
135	61	1.35464
135	66	1.50845
135	69	1.46684
135	98	1.24406
135	104	1.73673
135	106	0.859726
135	114	0.895071
135	116	0.921403
135	126	0.858292
135	132	0.928094
135	136	1.2419
135	137	0.921952
135	138	0.878434
135	143	0.818948
135	144	0.852394
135	145	0.778766
135	146	1.34546
135	148	1.10742
135	157	0.902483
135	160	0.850418
135	161	0.855313
135	163	0.834618
135	165	0.949062
135	169	0.845956
135	170	0.818016
135	171	0.770816
135	172	0.796064
135	173	0.705495
135	174	0.796742
135	177	0.791211
135	178	0.797507
135	179	0.785885
135	180	0.77109
136	31	0.843595
136	76	0.852511
136	82	1.16789
136	89	0.906393
136	99	0.857264
136	107	0.900331
136	108	0.831971
136	111	0.868908
136	112	0.867449
136	115	0.867575
136	122	0.884893
136	123	0.873559
136	124	0.851847
136	125	1.29953
136	127	0.851988
136	129	0.885612
136	133	1.36989
136	135	1.2419
136	138	1.54124
136	141	0.841867
