1	107	0.903038
1	110	0.95069
1	119	0.901209
1	120	0.880136
1	123	0.880137
1	124	0.880137
1	125	0.911716
1	145	1.23219
1	152	1.20811
1	159	1.17624
1	161	1.19139
1	166	0.892939
2	30	1.06067
2	48	1.02724
2	49	1.00414
2	81	0.985359
2	83	0.987794
2	89	1.03536
2	92	0.904506
2	142	1.04171
2	165	0.996712
2	167	0.970118
2	179	1.06189
2	180	0.92732
3	7	0.928367
3	15	0.866647
3	51	1.22624
3	66	0.978483
3	81	0.844044
3	83	0.846479
3	89	0.894043
3	149	0.921405
3	157	1.20306
3	162	1.18533
3	178	1.17984
3	179	0.920572
4	14	1.04489
4	17	1.13536
4	72	0.959856
4	88	1.02392
4	98	1.01087
4	103	0.937522
4	147	0.964264
4	157	1.00618
4	161	0.945992
4	171	0.996469
4	175	1.01893
4	178	0.95894
5	18	1.0198
5	46	1.06561
5	63	1.07108
5	64	0.970876
5	84	0.990135
5	105	1.03394
5	122	0.913629
5	128	0.959221
5	138	1.04858
5	171	1.00214
5	177	0.966243
5	178	0.964612
6	52	0.977482
6	107	1.0474
6	119	1.04557
6	120	1.0245
6	123	1.0245
6	124	1.0245
6	125	1.05608
6	134	0.957519
6	136	0.985468
6	156	0.936637
6	174	0.958929
6	175	0.971
7	3	0.928367
7	30	1.07715
7	81	1.00184
7	83	1.00427
7	89	1.05183
7	126	0.968821
7	131	0.943322
7	133	0.948876
7	141	0.992354
7	142	1.05819
7	145	0.952988
7	179	1.07836
8	39	0.977778
8	59	1.09736
8	76	1.042
8	99	1.05259
8	109	0.997669
8	113	1.02901
8	134	0.942746
8	142	1.06218
8	151	1.0388
8	152	0.963745
8	163	0.920926
8	180	0.883413
9	56	1.22267
9	105	1.17686
9	136	0.924676
9	152	0.874095
9	168	1.19968
9	170	0.904544
9	171	1.1933
9	173	0.911064
9	174	0.900078
9	176	0.893199
9	177	0.893869
9	178	0.898475
10	54	0.876373
10	127	0.88502
10	135	1.17195
10	147	0.917772
10	151	0.903465
10	152	1.22633
10	153	0.929844
10	158	0.896099
10	167	1.1888
10	168	0.892748
10	171	0.898662
10	173	1.22111
11	16	1.14691
11	40	1.06757
11	72	0.944968
11	88	1.00903
11	98	0.995979
11	100	0.976895
11	106	0.970797
11	142	1.03147
11	149	0.904969
11	175	1.00404
11	177	0.974876
11	178	0.973245
12	37	0.824299
12	60	1.16066
12	69	0.882196
12	73	0.849793
12	94	0.979378
12	95	0.942429
12	96	1.17808
12	101	0.906271
12	111	1.24385
12	134	1.217
12	161	0.911531
12	172	0.904162
13	27	0.961223
13	44	1.03268
13	47	1.03268
13	67	1.00906
13	79	1.02944
13	115	0.94939
13	130	0.97821
13	154	0.940063
13	156	0.949869
13	162	1.03349
13	178	0.987976
13	180	1.10151
14	4	1.04489
14	17	1.11776
14	50	1.01653
14	62	1.01991
14	88	1.00632
14	93	0.982375
14	98	0.993264
14	118	0.942391
14	158	0.997836
14	171	0.995843
14	175	1.00133
14	180	0.881757
15	3	0.866647
15	48	0.981998
15	53	1.02226
15	66	1.07455
15	81	0.940115
15	89	0.990114
15	112	0.933504
15	128	1.04149
15	133	1.07063
15	142	0.996469
15	161	1.03393
15	175	1.04314
15	179	1.01664
16	11	1.14691
16	62	1.13682
16	71	0.889428
16	72	1.05916
16	87	0.955911
16	88	1.12322
16	98	1.11017
16	137	0.862819
16	157	1.10548
16	158	0.86995
16	160	0.824531
16	169	0.804133
16	175	1.11823
17	4	1.13536
17	14	1.11776
17	40	1.15533
17	88	1.09678
17	98	1.08373
17	107	0.873554
17	118	0.874591
17	136	0.901239
17	142	1.11922
17	155	0.875515
17	159	0.862422
17	175	1.0918
17	180	0.813957
18	5	1.0198
18	36	1.02804
18	46	0.971369
18	58	0.936815
18	77	0.964525
18	91	0.956148
18	96	0.999206
18	105	0.939706
18	107	1.03839
18	145	1.08321
18	156	0.983596
18	169	1.02906
18	175	1.05161
19	56	1.0997
19	65	0.998646
19	116	0.969354
19	146	1.03061
19	148	0.961145
19	155	1.01781
19	158	1.07233
19	160	0.97334
19	173	0.985099
19	174	0.974113
19	176	0.967234
19	177	0.967904
19	178	0.97251
20	21	0.966174
20	43	0.993977
20	58	0.965139
20	63	1.00517
20	77	0.992849
20	84	0.924221
20	91	0.984472
20	105	0.96803
20	121	1.04977
20	169	1.04146
20	170	1.06051
20	175	1.06401
20	180	0.991195
21	20	0.966174
21	29	1.03898
21	36	1.04033
21	58	0.949104
21	77	0.976815
21	84	0.908186
21	91	0.968437
21	105	0.951996
21	133	1.0779
21	144	1.00343
21	153	1.04265
21	159	1.02606
21	177	1.05578
22	96	1.13093
22	111	0.890179
22	114	0.860315
22	122	0.829573
22	136	0.891281
22	140	1.12911
22	147	1.1222
22	158	1.10053
22	162	1.11694
22	164	0.858539
22	168	1.09718
22	171	1.10309
22	177	0.882188
23	49	1.09119
23	68	1.08767
23	78	1.1052
23	82	1.07702
23	102	1.10751
23	116	1.14933
23	136	0.894848
23	140	0.86506
23	142	0.864802
23	146	0.881926
23	154	0.83621
23	169	0.857827
23	180	1.18207
24	28	0.965632
24	42	1.01488
24	110	1.02366
24	119	0.974181
24	120	0.953108
24	123	0.953108
24	124	0.953108
24	125	0.984688
24	143	0.990143
24	148	1.09665
24	154	1.04324
24	160	1.08526
24	169	0.967996
25	28	1.04273
25	103	1.14684
25	108	1.13866
25	115	0.975362
25	127	0.91036
25	141	0.909116
25	146	0.943238
25	153	0.955183
25	158	0.921438
25	163	1.12921
25	168	0.918088
25	169	0.943192
25	171	0.924001
25	174	1.15244
26	84	1.03501
26	115	0.878317
26	124	0.952784
26	147	0.922228
26	152	1.02178
26	154	1.06654
26	160	1.04699
26	163	1.05098
26	164	1.06587
26	167	1.06008
26	168	0.96081
26	177	1.04156
26	178	1.04616
26	180	0.840346
27	13	0.961223
27	44	0.928452
27	47	0.928452
27	56	0.883619
27	67	0.904834
27	74	1.06274
27	79	0.925214
27	126	1.17833
27	142	1.11532
27	155	0.941721
27	162	0.929269
27	169	1.10834
27	177	1.13627
27	180	0.997281
28	24	0.965632
28	25	1.04273
28	81	0.96883
28	123	0.904554
28	135	1.06783
28	142	0.856458
28	143	0.857444
28	144	1.0751
28	152	1.02522
28	174	1.0512
28	175	1.04172
28	176	1.04433
28	177	1.045
28	178	1.0496
29	21	1.03898
29	43	1.06678
29	63	1.07797
29	68	0.974244
29	77	1.06565
29	84	0.997025
29	91	1.05728
29	105	1.04083
29	137	0.943264
29	138	1.05548
29	141	0.978097
29	164	0.888856
29	173	0.909429
29	178	0.910874
30	2	1.06067
30	7	1.07715
30	48	1.03471
30	66	1.12726
30	81	0.992824
30	83	0.995259
30	89	1.04282
30	130	0.944252
30	135	0.903414
30	153	0.942512
30	156	0.915911
30	173	0.952574
30	175	0.950275
30	179	1.06935
31	34	0.981285
31	49	1.03896
31	55	1.00888
31	73	1.01604
31	82	1.02479
31	83	0.986171
31	102	1.05529
31	116	1.0971
31	159	0.883019
31	169	0.884817
31	172	1.06385
31	173	0.909668
31	176	0.924804
31	180	1.12985
32	37	0.978029
32	57	1.00898
32	80	1.05142
32	90	1.02907
32	95	1.09616
32	101	1.06
32	151	0.940455
32	155	1.06833
32	166	1.05914
32	169	0.906261
32	172	1.05789
32	173	0.931112
32	175	0.928813
32	179	0.889395
33	40	0.903144
33	48	0.939813
33	59	0.985936
33	77	0.929959
33	125	0.914921
33	138	0.946041
33	148	1.04793
33	150	0.958018
33	170	1.06536
33	173	1.07188
33	174	1.0609
33	176	1.05402
33	177	1.05469
33	178	1.05929
34	31	0.981285
34	45	0.930609
34	49	0.898116
34	78	0.912128
34	102	0.914443
34	116	0.956257
34	130	1.14171
34	149	1.0832
34	152	1.15525
34	157	0.895152
34	163	1.11243
34	167	1.11772
34	172	0.923007
34	180	0.989003
35	50	1.07101
35	62	1.0744
35	72	0.996739
35	88	1.0608
35	98	1.04775
35	108	0.901849
35	109	1.02072
35	111	1.0504
35	133	0.955194
35	156	0.893342
35	157	1.04306
35	159	0.903356
35	175	1.05581
35	178	0.931449
36	18	1.02804
36	21	1.04033
36	63	1.07932
36	77	1.06701
36	84	0.998378
36	91	1.05863
36	105	1.04219
36	106	0.958256
36	122	0.909721
36	143	0.942369
36	151	0.968602
36	156	1.08608
36	169	0.934408
36	180	0.884146
37	12	0.824299
37	32	0.978029
37	80	0.919234
37	94	1.00092
37	95	0.963975
37	101	0.927817
37	123	1.16827
37	142	1.12017
37	161	0.933077
37	166	0.926955
37	169	1.1132
37	172	0.925709
37	175	1.13575
37	180	1.06294
38	76	1.04727
38	87	1.05497
38	99	1.05786
38	108	1.06961
38	109	1.00294
38	113	1.03428
38	128	0.924102
38	149	0.861217
38	151	1.04407
38	161	0.916545
38	166	1.05637
38	175	0.925749
38	178	0.929493
38	179	1.08762
39	8	0.977778
39	51	0.897524
39	70	1.01822
39	99	0.936236
39	108	0.947988
39	109	0.881311
39	113	0.912651
39	127	1.20429
39	135	1.10061
39	142	0.94582
39	166	0.934742
39	174	1.13539
39	175	1.14747
39	179	0.965994
40	11	1.06757
40	17	1.15533
40	33	0.903144
40	62	1.05749
40	72	0.979824
40	88	1.04389
40	98	1.03083
40	104	0.926578
40	125	0.966378
40	143	0.959617
40	149	0.909676
40	157	1.02615
40	175	1.0389
40	179	0.93479
41	50	0.960262
41	85	0.908425
41	115	1.0859
41	132	1.06946
41	137	0.964887
41	142	0.913176
41	146	1.05378
41	147	1.05365
41	150	1.04203
41	158	1.03198
41	160	0.926598
41	168	1.02863
41	171	1.03454
41	178	0.932497
42	24	1.01488
42	69	1.03087
42	73	0.998465
42	80	1.04636
42	90	1.02401
42	94	1.12805
42	101	1.05494
42	128	0.919633
42	155	1.06327
42	159	0.896931
42	166	1.05408
42	170	0.917786
42	175	0.921281
42	176	0.938715
43	20	0.993977
43	29	1.06678
43	46	1.01146
43	53	0.989863
43	58	0.976908
43	63	1.01694
43	84	0.93599
43	85	0.990414
43	105	0.979799
43	138	0.994439
43	156	1.02369
43	160	1.00859
43	167	0.980725
43	176	1.02818
43	177	1.01612
44	13	1.03268
44	27	0.928452
44	56	0.955073
44	67	0.976288
44	79	0.996668
44	85	0.978484
44	101	1.01458
44	111	1.01218
44	133	1.0263
44	143	1.02822
44	155	1.01318
44	162	1.00072
44	169	0.97626
44	173	1.00111
44	180	1.06874
45	34	0.930609
45	55	0.958207
45	68	0.984769
45	78	1.0023
45	111	0.992656
45	116	1.04642
45	140	0.985421
45	146	1.00229
45	157	0.98532
45	161	1.02054
45	165	0.997318
45	170	0.997246
45	173	1.00304
45	176	1.01817
45	180	1.07917
46	5	1.06561
46	18	0.971369
46	43	1.01146
46	58	0.982623
46	77	1.01033
46	84	0.941706
46	91	1.00196
46	93	1.03359
46	105	0.985515
46	130	0.999767
46	136	1.02026
46	156	1.0294
46	158	1.04906
46	163	0.97049
46	180	0.932976
47	13	1.03268
47	27	0.928452
47	56	0.955073
47	67	0.976288
47	79	0.996668
47	120	1.02236
47	143	1.02822
47	151	1.01757
47	153	0.998169
47	155	1.01318
47	159	0.981581
47	162	1.00072
47	163	0.970631
47	178	1.00967
47	180	1.06874
48	2	1.02724
48	15	0.981998
48	30	1.03471
48	33	0.939813
48	81	0.959396
48	83	0.961831
48	89	1.00939
48	112	0.952785
48	128	1.00923
48	131	1.03281
48	149	1.03676
48	162	1.02011
48	163	0.975576
48	166	1.02526
48	179	1.03592
49	2	1.00414
49	23	1.09119
49	31	1.03896
49	34	0.898116
49	61	1.00605
49	68	0.952276
49	87	1.12705
49	102	0.972118
49	116	1.01393
49	122	0.95058
49	149	0.933287
49	170	0.994324
49	172	0.980681
49	173	1.00012
49	180	1.04668
50	14	1.01653
50	35	1.07101
50	41	0.960262
50	62	1.00916
50	72	0.931494
50	88	0.995557
50	93	1.05313
50	98	0.982505
50	111	0.985152
50	132	0.990234
50	135	0.978464
50	142	1.018
50	148	1.03456
50	156	0.990961
50	175	0.990569
51	3	1.22624
51	39	0.897524
51	60	0.990112
51	76	0.961751
51	99	0.97234
51	108	0.984092
51	109	0.917415
51	113	0.948755
51	137	1.0801
51	138	0.958381
51	144	0.99698
51	162	0.967585
51	169	1.02141
51	170	1.04047
51	175	1.04396
51	179	1.0021
52	6	0.977482
52	75	0.980105
52	99	1.07246
52	107	0.958343
52	110	1.006
52	119	0.956514
52	120	0.935442
52	123	0.935442
52	124	0.935442
52	125	0.967022
52	153	1.07579
52	154	1.03938
52	166	0.948244
52	175	1.08355
52	178	1.08729
52	179	1.04413
53	15	1.02226
53	43	0.989863
53	79	0.996194
53	113	1.01829
53	118	1.00341
53	119	0.958271
53	123	1.00546
53	157	0.999908
53	158	0.983842
53	160	0.995879
53	168	0.980492
53	171	0.986405
53	177	0.990443
53	178	0.995049
53	180	1.06826
54	10	0.876373
54	62	1.03597
54	97	0.996042
54	99	1.04619
54	109	1.15029
54	140	0.97758
54	145	1.08888
54	146	0.970801
54	147	0.970675
54	149	0.992748
54	150	0.959057
54	157	1.08425
54	168	0.945651
54	171	0.951565
54	175	0.952322
54	179	0.999922
55	31	1.00888
55	45	0.958207
55	61	0.975977
55	68	0.922198
55	82	0.911546
55	98	1.05292
55	102	0.942041
55	111	0.930085
55	112	1.09881
55	116	0.983854
55	133	1.08212
55	136	1.0691
55	151	1.06627
55	169	1.03208
55	172	0.950604
55	180	1.0166
56	9	1.22267
56	19	1.0997
56	27	0.883619
56	44	0.955073
56	47	0.955073
56	67	0.931455
56	79	0.951835
56	117	1.01766
56	122	0.991414
56	143	0.983385
56	149	0.999922
56	155	0.968343
56	159	1.0401
56	162	0.955891
56	179	1.02504
56	180	1.0239
57	32	1.00898
57	112	1.11817
57	139	1.0729
57	144	0.978399
57	146	1.07553
57	147	1.08305
57	154	0.973277
57	160	0.953729
57	167	0.966811
57	170	0.958968
57	173	0.965488
57	174	0.954502
57	176	0.947623
57	177	0.948293
57	178	0.952898
57	179	1.03456
58	18	0.936815
58	20	0.965139
58	21	0.949104
58	43	0.976908
58	46	0.982623
58	63	0.988097
58	77	0.97578
58	84	0.907151
58	91	0.967402
58	105	0.950961
58	121	1.06477
58	130	1.07298
58	144	1.03202
58	145	1.11061
58	165	1.07558
58	169	1.05645
59	8	1.09736
59	33	0.985936
59	77	1.14216
59	112	1.17913
59	116	1.07524
59	129	0.927354
59	131	0.924457
59	138	1.15824
59	145	0.888322
59	160	0.918613
59	164	0.937492
59	167	0.931695
59	170	0.923851
59	172	1.13991
59	173	0.930372
59	174	0.919386
59	176	0.912507
60	12	1.16066
60	51	0.990112
60	76	1.01823
60	81	1.02078
60	99	1.02882
60	109	0.973899
60	113	1.00524
60	114	0.90749
60	129	0.928732
60	156	1.04411
60	159	1.0296
60	162	1.02407
60	166	1.02733
60	173	0.926286
60	175	0.923988
60	176	0.941422
60	179	1.05858
61	49	1.00605
61	55	0.975977
61	64	0.942017
61	70	0.864132
61	78	1.02007
61	102	1.02238
61	116	1.0642
61	135	0.946518
61	140	0.978059
61	148	1.00261
61	157	1.00309
61	158	1.03664
61	161	1.03831
61	172	1.03095
61	174	0.981307
61	178	0.997122
61	180	1.09694
62	14	1.01991
62	16	1.13682
62	35	1.0744
62	40	1.05749
62	50	1.00916
62	54	1.03597
62	72	0.934879
62	88	0.998943
62	98	0.98589
62	104	0.924881
62	111	0.988538
62	170	0.969016
62	172	0.977468
62	173	0.974809
62	175	0.993955
62	176	0.989945
62	179	0.933092
63	5	1.07108
63	20	1.00517
63	29	1.07797
63	36	1.07932
63	43	1.01694
63	58	0.988097
63	67	1.02305
63	77	1.01581
63	84	0.947179
63	91	1.00743
63	105	0.990989
63	122	0.920919
63	124	1.00778
63	126	1.01559
63	132	0.933069
63	161	0.958955
63	169	0.945607
64	5	0.970876
64	61	0.942017
64	65	1.08561
64	82	0.877586
64	91	0.907225
64	99	0.919383
64	105	0.890784
64	113	0.895799
64	116	0.949894
64	121	1.14156
64	128	1.15415
64	132	1.12071
64	160	1.15365
64	162	0.914628
64	175	1.1558
64	179	0.949141
64	180	0.98264
65	19	0.998646
65	64	1.08561
65	72	1.04091
65	78	0.936883
65	112	0.967811
65	130	1.01268
65	134	1.02598
65	144	1.04278
65	163	1.0221
65	164	1.03699
65	166	0.938012
65	168	0.971275
65	174	1.01888
65	176	1.012
65	177	1.01267
65	178	1.01728
65	180	0.850811
66	3	0.978483
66	15	1.07455
66	30	1.12726
66	81	1.05195
66	83	1.05439
66	89	1.10195
66	112	1.04534
66	114	0.874662
66	139	0.890075
66	142	1.10831
66	148	0.900392
66	149	1.12931
66	150	0.926426
66	171	0.932432
66	173	0.893458
66	175	0.89116
66	177	0.896534
66	179	1.12848
67	13	1.00906
67	27	0.904834
67	44	0.976288
67	47	0.976288
67	56	0.931455
67	63	1.02305
67	74	0.98056
67	79	0.97305
67	105	1.07354
67	122	1.01263
67	143	1.0046
67	149	0.984177
67	155	0.989557
67	162	0.977105
67	172	1.05367
67	174	1.03664
67	175	1.04871
67	180	1.04512
68	23	1.08767
68	29	0.974244
68	45	0.984769
68	49	0.952276
68	55	0.922198
68	78	0.966288
68	82	0.938109
68	92	0.965301
68	102	0.968603
68	112	1.10512
68	116	1.01042
68	129	1.06567
68	154	1.01676
68	157	0.949312
68	170	1.05743
68	172	0.977167
68	179	1.02151
68	180	1.04316
69	12	0.882196
69	42	1.03087
69	73	0.929236
69	80	0.977131
69	89	1.02623
69	90	0.954785
69	94	1.05882
69	95	1.02187
69	101	0.985714
69	126	1.08064
69	152	1.04072
69	161	0.990974
69	163	0.997902
69	165	1.02978
69	166	0.984851
69	167	1.00319
69	170	1.02971
69	172	0.983605
70	39	1.01822
70	61	0.864132
70	118	1.094
70	123	0.897088
70	132	0.829479
70	133	1.05785
70	137	1.07325
70	139	0.863485
70	141	0.935536
70	152	1.06126
70	160	1.08647
70	165	1.09288
70	166	0.878956
70	171	0.905842
70	174	1.08724
70	176	1.08036
70	177	1.08103
70	178	1.08564
71	16	0.889428
71	96	0.988196
71	97	1.00483
71	99	1.04547
71	100	0.965469
71	113	1.10191
71	115	1.01172
71	122	1.00932
71	125	1.04873
71	141	0.945471
71	143	1.00169
71	150	0.967848
71	158	0.957793
71	168	0.954442
71	171	0.960356
71	174	1.04449
71	177	1.06193
71	180	1.04221
72	4	0.959856
72	11	0.944968
72	16	1.05916
72	35	0.996739
72	40	0.979824
72	50	0.931494
72	62	0.934879
72	65	1.04091
72	88	0.921281
72	98	0.908229
72	115	1.07626
72	133	1.13859
72	142	0.943719
72	154	1.06694
72	157	0.90354
72	159	1.08675
72	167	1.08109
72	175	0.916293
72	177	1.11648
73	12	0.849793
73	31	1.01604
73	42	0.998465
73	69	0.929236
73	80	0.944728
73	90	0.922383
73	93	0.936497
73	94	1.02642
73	95	0.989469
73	101	0.953312
73	120	1.11891
73	138	0.939983
73	143	1.08789
73	159	1.07813
73	161	0.958572
73	169	1.07993
73	172	0.951203
73	175	1.10248
73	176	1.11992
74	27	1.06274
74	67	0.98056
74	100	1.02737
74	115	1.07361
74	118	0.913486
74	129	0.930411
74	132	1.05717
74	139	1.05154
74	141	1.00737
74	145	0.957267
74	146	1.04149
74	150	1.02974
74	153	1.05343
74	158	1.01969
74	165	0.922244
74	168	1.01634
74	171	1.02225
74	174	0.913595
74	177	0.931041
75	52	0.980105
75	107	1.05002
75	108	0.95814
75	117	0.937207
75	119	1.0482
75	120	1.02712
75	123	1.02712
75	124	1.02712
75	125	1.0587
75	135	0.937136
75	149	1.07201
75	151	1.02762
75	159	0.959647
75	161	0.974792
75	166	1.03993
75	167	0.953979
75	169	1.04201
75	170	0.980501
75	180	0.911182
76	8	1.042
76	38	1.04727
76	51	0.961751
76	60	1.01823
76	91	1.02462
76	93	1.02582
76	108	1.01221
76	109	0.945538
76	113	0.976877
76	126	0.969966
76	128	0.996366
76	131	1.01995
76	136	1.01248
76	143	0.983422
76	144	0.951031
76	159	1.00123
76	162	0.995707
76	166	0.998968
76	175	0.998013
76	179	1.03022
77	18	0.964525
77	20	0.992849
77	21	0.976815
77	29	1.06565
77	33	0.929959
77	36	1.06701
77	46	1.01033
77	58	0.97578
77	59	1.14216
77	63	1.01581
77	83	1.07982
77	84	0.934862
77	91	0.995112
77	105	0.978671
77	122	0.953783
77	130	0.995
77	146	1.00257
77	156	1.02256
77	167	0.971006
77	180	0.928209
78	23	1.1052
78	34	0.912128
78	45	1.0023
78	61	1.02007
78	65	0.936883
78	68	0.966288
78	80	1.02319
78	82	0.955635
78	102	0.98613
78	113	1.05242
78	116	1.02794
78	134	0.993592
78	152	1.01459
78	157	0.966838
78	161	1.00206
78	170	1.00358
78	172	0.994693
78	178	1.01082
78	179	0.967654
78	180	1.06069
79	13	1.02944
79	27	0.925214
79	44	0.996668
79	47	0.996668
79	53	0.996194
79	56	0.951835
79	67	0.97305
79	122	1.03301
79	129	1.00784
79	133	1.03058
79	143	1.02498
79	155	1.00994
79	161	0.993891
79	162	0.997485
79	163	0.967795
79	165	0.999672
79	173	1.00539
79	175	1.0031
79	178	1.00684
79	180	1.0655
80	32	1.05142
80	37	0.919234
80	42	1.04636
80	69	0.977131
80	73	0.944728
80	78	1.02319
80	90	0.970277
80	91	1.03654
80	92	0.914305
80	94	1.07431
80	95	1.03736
80	114	0.993436
80	133	0.964094
80	153	1.00217
80	155	1.00953
80	161	1.00647
80	172	0.999098
80	174	0.997863
80	176	1.02737
80	178	1.01368
81	2	0.985359
81	3	0.844044
81	7	1.00184
81	15	0.940115
81	28	0.96883
81	30	0.992824
81	48	0.959396
81	60	1.02078
81	66	1.05195
81	83	0.919948
81	85	0.974234
81	89	0.967511
81	90	1.12782
81	97	1.05128
81	118	1.07843
81	142	0.973867
81	144	1.04363
81	149	0.994873
81	154	1.04644
81	159	1.06626
81	179	0.99404
82	23	1.07702
82	31	1.02479
82	55	0.911546
82	64	0.877586
82	68	0.938109
82	78	0.955635
82	102	0.957951
82	109	1.14166
82	111	0.945995
82	116	0.999764
82	132	1.01356
82	141	1.11962
82	154	1.00448
82	156	1.01429
82	157	0.938659
82	160	1.0465
82	161	0.973883
82	163	1.01335
82	172	0.966514
82	178	1.05239
82	180	1.03251
83	2	0.987794
83	3	0.846479
83	7	1.00427
83	30	0.995259
83	31	0.986171
83	48	0.961831
83	66	1.05439
83	77	1.07982
83	81	0.919948
83	85	0.97667
83	89	0.969946
83	91	1.09922
83	112	0.913337
83	135	1.02576
83	140	1.0573
83	142	0.976302
83	149	0.997308
83	156	1.03825
83	167	1.0426
83	177	1.07799
83	179	0.996475
84	5	0.990135
84	20	0.924221
84	21	0.908186
84	26	1.03501
84	29	0.997025
84	36	0.998378
84	43	0.93599
84	46	0.941706
84	58	0.907151
84	63	0.947179
84	77	0.934862
84	87	1.24489
84	91	0.926484
84	105	0.910043
84	122	1.06843
84	138	0.924683
84	156	0.953932
84	163	1.08037
84	164	1.09739
84	169	1.09312
84	175	1.11567
84	179	1.07625
85	41	0.908425
85	43	0.990414
85	44	0.978484
85	81	0.974234
85	83	0.97667
85	87	0.951501
85	89	1.02423
85	102	1.0097
85	106	0.974783
85	116	1.05151
85	137	0.998657
85	147	0.982556
85	155	0.962231
85	162	0.98272
85	164	1.03076
85	166	0.987875
85	168	1.02114
85	172	1.01826
85	173	1.02364
85	176	1.00577
85	179	1.05076
85	180	1.08426
86	97	0.972221
86	106	0.951562
86	117	1.06825
86	121	1.1008
86	132	0.962657
86	139	0.957031
86	140	0.953758
86	141	0.912858
86	145	1.14664
86	147	0.946853
86	148	1.12427
86	150	0.935235
86	151	0.932547
86	153	0.958925
86	154	1.07087
86	158	0.92518
86	161	1.10583
86	162	0.941587
86	163	1.07973
86	168	0.92183
86	171	0.927743
86	177	1.12041
87	16	0.955911
87	38	1.05497
87	49	1.12705
87	84	1.24489
87	85	0.951501
87	94	1.03716
87	114	0.972863
87	129	0.941164
87	135	0.949819
87	136	0.957794
87	151	1.13468
87	155	1.11179
87	161	0.946178
87	163	0.936414
87	164	0.951303
87	165	0.938832
87	167	0.945505
87	172	1.128
87	175	0.923707
87	176	0.926317
87	177	0.926987
87	178	0.931593
88	4	1.02392
88	11	1.00903
88	14	1.00632
88	16	1.12322
88	17	1.09678
88	35	1.0608
88	40	1.04389
88	50	0.995557
88	62	0.998943
88	72	0.921281
88	93	0.994731
88	98	0.972292
88	121	0.952691
88	126	1.01436
88	141	1.03789
88	156	0.932564
88	157	0.967603
88	158	1.01019
88	170	0.963432
88	172	0.971884
88	175	0.980356
88	179	0.927508
89	2	1.03536
89	3	0.894043
89	7	1.05183
89	15	0.990114
89	30	1.04282
89	48	1.00939
89	66	1.10195
89	69	1.02623
89	81	0.967511
89	83	0.969946
89	85	1.02423
89	131	1.00878
89	134	0.97336
89	142	1.02387
89	144	0.939859
89	149	1.04487
89	160	0.984686
89	167	0.956824
89	169	0.964289
89	174	0.97477
89	175	0.986841
89	179	1.04404
90	32	1.02907
90	42	1.02401
90	69	0.954785
90	73	0.922383
90	80	0.970277
90	81	1.12782
90	93	0.962046
90	94	1.05197
90	95	1.01502
90	101	0.978861
90	116	0.971313
90	138	0.965532
90	147	1.04009
90	155	0.987189
90	156	0.996661
90	161	0.984121
90	164	1.01275
90	165	1.0276
90	166	0.977998
90	172	0.976752
90	173	1.03332
90	177	1.0364
90	180	0.958211
91	18	0.956148
91	20	0.984472
91	21	0.968437
91	29	1.05728
91	36	1.05863
91	46	1.00196
91	58	0.967402
91	63	1.00743
91	64	0.907225
91	76	1.02462
91	77	0.995112
91	80	1.03654
91	83	1.09922
91	84	0.926484
91	96	0.968018
91	105	0.970293
91	124	1.06005
91	133	1.04791
91	138	0.984934
91	143	1.00583
91	149	0.955889
91	156	1.01418
91	164	1.00215
92	2	0.904506
92	68	0.965301
92	80	0.914305
92	95	0.892438
92	112	0.942373
92	113	0.943539
92	114	1.09916
92	131	1.06457
92	139	0.897103
92	145	1.02843
92	148	1.04653
92	157	0.925157
92	160	1.05872
92	163	1.06272
92	164	1.0776
92	168	0.945837
92	169	1.06844
92	173	1.07048
92	174	1.0595
92	176	1.05262
92	177	1.05329
92	178	1.05789
92	179	0.858769
93	14	0.982375
93	46	1.03359
93	50	1.05313
93	73	0.936497
93	76	1.02582
93	88	0.994731
93	90	0.962046
93	95	1.02913
93	101	0.992975
93	105	1.04645
93	107	1.00221
93	120	0.979309
93	123	0.97931
93	124	0.97931
93	125	1.01089
93	139	1.02054
93	140	1.0063
93	148	0.972285
93	162	1.03085
93	165	0.990889
93	173	0.996239
93	174	0.985253
93	178	0.98365
94	12	0.979378
94	37	1.00092
94	42	1.12805
94	69	1.05882
94	73	1.02642
94	80	1.07431
94	87	1.03716
94	90	1.05197
94	95	1.11905
94	101	1.0829
94	120	0.924359
94	133	1.04578
94	138	1.06957
94	141	0.978897
94	143	0.893339
94	154	0.863761
94	165	0.904508
94	166	1.08203
94	172	1.08079
94	175	0.907931
94	177	0.913306
94	178	0.911674
94	179	0.868512
95	12	0.942429
95	32	1.09616
95	37	0.963975
95	69	1.02187
95	73	0.989469
95	80	1.03736
95	90	1.01502
95	92	0.892438
95	93	1.02913
95	94	1.11905
95	101	1.04595
95	114	0.971569
95	133	1.00884
95	138	1.03262
95	147	0.997135
95	152	0.995585
95	155	1.05427
95	159	0.963717
95	163	0.952766
95	169	0.965514
95	172	1.04384
95	176	1.0055
95	179	0.948648
95	180	0.915252
96	12	1.17808
96	18	0.999206
96	22	1.13093
96	71	0.988196
96	91	0.968018
96	106	1.02551
96	117	0.894623
96	127	0.988052
96	131	0.963348
96	132	1.03661
96	139	1.03098
96	140	1.02771
96	146	1.02093
96	154	0.897244
96	161	0.932209
96	164	0.923139
96	167	0.911396
96	168	0.99578
96	171	1.00169
96	172	1.01755
96	175	1.00245
96	177	0.946788
96	179	1.05005
96	180	1.08355
97	54	0.996042
97	71	1.00483
97	81	1.05128
97	86	0.972221
97	100	1.02344
97	106	1.04215
97	114	0.937992
97	115	1.06969
97	129	0.959234
97	137	0.990623
97	139	1.04762
97	140	1.04435
97	141	1.00345
97	144	0.907507
97	153	1.04951
97	158	1.01577
97	160	0.952335
97	164	0.936215
97	165	0.951067
97	168	1.01242
97	171	1.01833
97	176	0.971924
97	177	0.959864
97	180	1.10019
98	4	1.01087
98	11	0.995979
98	14	0.993264
98	16	1.11017
98	17	1.08373
98	35	1.04775
98	40	1.03083
98	50	0.982505
98	55	1.05292
98	62	0.98589
98	72	0.908229
98	88	0.972292
98	111	0.961887
98	112	1.03629
98	121	0.977873
98	138	1.0154
98	142	0.99473
98	148	1.00134
98	157	0.954551
98	159	0.967759
98	162	1.00134
98	164	0.973835
98	169	0.969557
98	175	0.967304
98	176	1.00954
99	8	1.05259
99	38	1.05786
99	39	0.936236
99	51	0.97234
99	52	1.07246
99	54	1.04619
99	60	1.02882
99	64	0.919383
99	71	1.04547
99	105	1.00756
99	108	1.0228
99	109	0.956127
99	113	0.987467
99	126	0.980555
99	140	0.96741
99	148	0.991962
99	149	0.918198
99	151	0.997256
99	156	1.02634
99	159	1.01182
99	165	0.979307
99	166	1.00956
99	172	0.987687
99	178	0.986473
99	179	1.04081
100	11	0.976895
100	71	0.965469
100	74	1.02737
100	97	1.02344
100	111	1.01458
100	115	1.03033
100	118	0.98903
100	123	1.03373
100	128	0.999563
100	130	0.995187
100	132	1.01388
100	139	1.00825
100	140	1.00498
100	141	0.964081
100	146	0.998203
100	147	0.998077
100	153	1.01015
100	157	1.02818
100	158	0.976403
100	167	0.971193
100	168	0.973053
100	170	0.997715
100	171	0.978966
100	178	1.00495
100	179	1.02732
101	12	0.906271
101	32	1.06
101	37	0.927817
101	42	1.05494
101	44	1.01458
101	69	0.985714
101	73	0.953312
101	90	0.978861
101	93	0.992975
101	94	1.0829
101	95	1.04595
101	126	1.05702
101	129	1.01433
101	133	0.972677
101	138	0.996461
101	144	0.9626
101	154	0.965413
101	155	1.01812
101	156	0.975218
101	161	1.01505
101	165	1.00616
101	166	1.00893
101	168	1.05723
101	169	0.98703
101	179	0.970163
102	23	1.10751
102	31	1.05529
102	34	0.914443
102	49	0.972118
102	55	0.942041
102	61	1.02238
102	68	0.968603
102	78	0.98613
102	82	0.957951
102	85	1.0097
102	104	0.948354
102	105	1.02082
102	108	0.970127
102	114	0.979486
102	116	1.03026
102	126	1.04342
102	136	1.01045
102	150	1.03125
102	151	1.00763
102	157	0.969154
102	161	1.00438
102	172	0.997009
102	175	0.995984
102	178	0.999727
102	180	1.063
103	4	0.937522
103	25	1.14684
103	107	0.962924
103	115	0.941299
103	117	1.03125
103	125	0.968311
103	127	1.03297
103	128	0.990494
103	131	0.999441
103	137	0.980376
103	144	1.01827
103	157	1.00311
103	159	1.00349
103	162	0.985374
103	164	1.01248
103	165	1.00001
103	166	0.990529
103	167	1.00668
103	170	0.998835
103	171	1.01741
103	173	1.00536
103	175	0.984881
103	176	0.987491
103	177	0.988161
103	178	0.992766
104	40	0.926578
104	62	0.924881
104	102	0.948354
104	105	0.971019
104	124	0.98581
104	128	1.03235
104	130	1.03002
104	132	0.911096
104	134	1.04333
104	139	0.945102
104	143	0.931595
104	144	1.06012
104	148	1.02325
104	153	0.938423
104	154	1.055
104	160	1.03545
104	162	0.955418
104	163	1.03944
104	164	1.05433
104	165	1.04186
104	167	1.04853
104	170	1.04069
104	172	0.951143
104	174	1.03622
104	176	1.02934
104	177	1.03001
105	5	1.03394
105	9	1.17686
105	18	0.939706
105	20	0.96803
105	21	0.951996
105	29	1.04083
105	36	1.04219
105	43	0.979799
105	46	0.985515
105	58	0.950961
105	63	0.990989
105	64	0.890784
105	67	1.07354
105	77	0.978671
105	84	0.910043
105	91	0.970293
105	93	1.04645
105	99	1.00756
105	102	1.02082
105	104	0.971019
105	111	1.03202
105	137	1.05478
105	138	0.968492
105	140	1.00333
105	156	0.997741
105	175	1.01865
106	11	0.970797
106	36	0.958256
106	85	0.974783
106	86	0.951562
106	96	1.02551
106	97	1.04215
106	127	0.98403
106	132	1.03259
106	144	0.948129
106	146	1.01691
106	147	1.01678
106	150	1.00516
106	153	1.02885
106	158	0.995109
106	159	1.01704
106	160	0.992957
106	164	0.976837
106	166	1.0095
106	168	0.991759
106	169	1.01686
106	171	0.997672
106	173	0.99741
106	174	0.98304
106	175	0.99843
106	177	1.00049
106	178	0.998855
106	180	1.07953
107	1	0.903038
107	6	1.0474
107	17	0.873554
107	18	1.03839
107	52	0.958343
107	75	1.05002
107	93	1.00221
107	103	0.962924
107	110	1.07591
107	119	1.02643
107	120	1.00536
107	123	1.00536
107	124	1.00536
107	125	1.03694
107	126	1.02803
107	130	0.974575
107	133	1.00809
107	149	1.05025
107	151	1.00586
107	152	0.988116
107	157	0.989062
107	159	0.956248
107	161	0.971394
107	166	1.01816
107	169	1.02025
107	171	1.02187
107	172	0.985555
108	25	1.13866
108	35	0.901849
108	38	1.06961
108	39	0.947988
108	51	0.984092
108	75	0.95814
108	76	1.01221
108	99	1.0228
108	102	0.970127
108	109	0.967879
108	113	0.999219
108	126	0.992307
108	133	0.995448
108	138	1.00884
108	139	0.966875
108	142	1.03239
108	147	0.977027
108	151	1.00901
108	155	0.956703
108	156	1.03809
108	159	1.02358
108	162	1.01805
108	166	1.02131
108	168	1.01561
108	169	0.945407
108	178	0.971703
108	179	1.05256
109	8	0.997669
109	35	1.02072
109	38	1.00294
109	39	0.881311
109	51	0.917415
109	54	1.15029
109	60	0.973899
109	76	0.945538
109	82	1.14166
109	99	0.956127
109	108	0.967879
109	113	0.932542
109	126	0.925631
109	135	1.03997
109	137	1.12296
109	138	0.942167
109	142	0.965711
109	149	1.02229
109	151	0.942332
109	154	1.04266
109	159	0.956899
109	162	0.951372
109	166	0.954633
109	173	1.08912
109	177	1.0922
109	178	1.09057
109	179	0.985885
110	1	0.95069
110	24	1.02366
110	52	1.006
110	107	1.07591
110	112	1.01393
110	118	0.915282
110	119	1.07409
110	120	1.05301
110	122	1.09808
110	123	1.05301
110	124	1.05301
110	125	1.08459
110	126	0.974896
110	127	0.984287
110	129	0.932207
110	134	0.913981
110	136	0.941931
110	143	1.09005
110	151	1.05351
110	153	0.9197
110	155	0.916206
110	157	1.03671
110	162	0.936695
110	166	1.06582
110	169	1.0679
110	173	0.929761
110	174	0.915391
110	175	0.927463
111	12	1.24385
111	22	0.890179
111	35	1.0504
111	44	1.01218
111	45	0.992656
111	50	0.985152
111	55	0.930085
111	62	0.988538
111	82	0.945995
111	98	0.961887
111	100	1.01458
111	105	1.03202
111	113	1.05253
111	115	0.972339
111	116	1.0183
111	134	0.986544
111	142	0.997378
111	143	0.99259
111	155	0.995925
111	161	0.992422
111	162	1.01641
111	170	0.983906
111	173	0.990426
111	174	0.979441
111	176	0.972561
111	177	0.973232
111	179	0.967763
111	180	1.05105
112	15	0.933504
112	48	0.952785
112	55	1.09881
112	57	1.11817
112	59	1.17913
112	65	0.967811
112	66	1.04534
112	68	1.10512
112	83	0.913337
112	92	0.942373
112	98	1.03629
112	110	1.01393
112	113	1.08335
112	115	0.990433
112	119	0.964447
112	120	0.943375
112	123	0.943375
112	124	0.943375
112	125	0.974955
112	139	0.96836
112	143	0.98041
112	144	0.991019
112	149	0.988262
112	150	0.946564
112	153	0.970254
112	174	1.02593
112	175	0.939829
112	176	1.05544
112	179	0.987429
113	8	1.02901
113	38	1.03428
113	39	0.912651
113	51	0.948755
113	53	1.01829
113	60	1.00524
113	64	0.895799
113	71	1.10191
113	76	0.976877
113	78	1.05242
113	92	0.943539
113	99	0.987467
113	108	0.999219
113	109	0.932542
113	111	1.05253
113	112	1.08335
113	118	1.02699
113	126	0.956971
113	135	0.992306
113	138	0.973507
113	142	0.997051
113	151	0.973671
113	156	1.00276
113	159	0.988239
113	162	0.982711
113	166	0.985973
113	169	1.01662
113	174	1.0271
113	175	1.03917
113	176	1.0566
113	179	1.01722
114	22	0.860315
114	60	0.90749
114	66	0.874662
114	80	0.993436
114	87	0.972863
114	92	1.09916
114	95	0.971569
114	97	0.937992
114	102	0.979486
114	115	0.942475
114	117	1.07089
114	128	1.03014
114	130	1.02781
114	143	0.962727
114	145	1.00295
114	146	0.978864
114	147	0.986387
114	148	1.02104
114	150	1.01258
114	152	1.00803
114	160	1.03324
114	163	1.03723
114	164	1.05212
114	165	1.03965
114	170	1.03848
114	172	0.982275
114	173	1.045
114	174	1.03401
114	176	1.02713
114	177	1.0278
114	178	1.03241
115	13	0.94939
115	25	0.975362
115	26	0.878317
115	41	1.0859
115	71	1.01172
115	72	1.07626
115	74	1.07361
115	97	1.06969
115	100	1.03033
115	103	0.941299
115	111	0.972339
115	112	0.990433
115	114	0.942475
115	124	0.998597
115	127	1.01157
115	132	1.06013
115	134	0.945492
115	140	1.05123
115	141	1.01033
115	147	1.04432
115	150	1.03271
115	156	0.924609
115	158	1.02265
115	163	0.923672
115	164	0.940699
115	165	0.95555
115	168	1.0193
115	169	1.0444
115	171	1.02521
115	172	1.04107
115	173	0.961271
116	19	0.969354
116	23	1.14933
116	31	1.0971
116	34	0.956257
116	45	1.04642
116	49	1.01393
116	55	0.983854
116	59	1.07524
116	61	1.0642
116	64	0.949894
116	68	1.01042
116	78	1.02794
116	82	0.999764
116	85	1.05151
116	90	0.971313
116	102	1.03026
116	111	1.0183
116	122	0.886864
116	127	0.990928
116	133	0.961592
116	136	0.948572
116	137	0.970237
116	148	0.943336
116	157	1.01097
116	160	0.931949
116	161	1.04619
116	164	0.915829
116	169	0.911551
116	172	1.03882
116	178	0.937847
116	180	1.10482
117	56	1.01766
117	75	0.937207
117	86	1.06825
117	96	0.894623
117	103	1.03125
117	114	1.07089
117	118	1.03798
117	130	1.02502
117	134	1.03833
117	137	1.01723
117	139	0.945942
117	143	0.932435
117	144	1.05512
117	145	1.00016
117	152	1.00524
117	153	0.939264
117	155	0.93577
117	158	0.990291
117	162	0.956259
117	163	1.03444
117	165	1.03686
117	167	1.04353
117	169	1.04017
117	170	1.03569
117	171	0.988299
117	173	1.04221
117	174	1.03122
117	177	1.02501
117	178	1.02962
117	179	0.907608
117	180	0.874212
118	14	0.942391
118	17	0.874591
118	53	1.00341
118	70	1.094
118	74	0.913486
118	81	1.07843
118	100	0.98903
118	110	0.915282
118	113	1.02699
118	117	1.03798
118	122	1.04023
118	128	0.997232
118	137	0.987113
118	140	0.966316
118	141	1.0526
118	144	1.025
118	145	0.970044
118	146	0.983182
118	148	0.988139
118	150	1.0169
118	154	1.01988
118	157	1.00861
118	160	1.00033
118	163	1.00432
118	164	1.01921
118	165	1.00674
118	170	1.00557
118	171	1.02291
118	173	1.01209
118	176	0.994228
118	177	0.994898
118	178	0.999503
119	1	0.901209
119	6	1.04557
119	24	0.974181
119	52	0.956514
119	53	0.958271
119	75	1.0482
119	107	1.02643
119	110	1.07409
119	112	0.964447
119	120	1.00353
119	122	1.0486
119	123	1.00353
119	124	1.00353
119	125	1.03511
119	126	1.02658
119	131	1.00108
119	139	0.978065
119	143	1.04057
119	147	0.988218
119	149	1.04842
119	151	1.00403
119	155	0.967893
119	157	0.987233
119	158	1.02241
119	159	0.9548
119	160	0.976995
119	161	0.969945
119	166	1.01633
119	167	0.949132
119	168	1.0268
119	169	1.01842
119	177	0.984524
120	1	0.880136
120	6	1.0245
120	24	0.953108
120	47	1.02236
120	52	0.935442
120	73	1.11891
120	75	1.02712
120	93	0.979309
120	94	0.924359
120	107	1.00536
120	110	1.05301
120	112	0.943375
120	119	1.00353
120	122	1.02752
120	123	0.982459
120	124	0.982459
120	125	1.01404
120	126	1.05768
120	129	1.01499
120	131	1.03218
120	139	1.00916
120	143	1.01949
120	148	1.01948
120	149	1.02735
120	151	0.98296
120	152	1.01776
120	157	0.96616
120	159	0.985895
120	163	0.974944
120	166	0.995261
120	169	0.997347
120	175	1.01024
120	176	1.02768
121	20	1.04977
121	58	1.06477
121	64	1.14156
121	86	1.1008
121	88	0.952691
121	98	0.977873
121	125	0.971749
121	130	0.980532
121	131	0.991806
121	135	1.00336
121	136	1.01133
121	138	1.00287
121	144	1.01063
121	145	0.955671
121	146	0.981126
121	147	0.988648
121	152	0.960751
121	154	1.00551
121	160	0.985961
121	161	0.999716
121	162	0.988813
121	164	1.00484
121	165	0.99237
121	167	0.999044
121	168	1.02723
121	170	0.9912
121	173	0.99772
121	174	0.986734
121	175	0.977245
121	176	0.979855
121	177	0.980525
121	178	0.985131
121	179	0.940161
122	5	0.913629
122	22	0.829573
122	36	0.909721
122	49	0.95058
122	56	0.991414
122	63	0.920919
122	67	1.01263
122	71	1.00932
122	77	0.953783
122	79	1.03301
122	84	1.06843
122	110	1.09808
122	116	0.886864
122	118	1.04023
122	119	1.0486
122	120	1.02752
122	123	1.02752
122	124	1.02752
122	125	1.0591
122	144	1.05736
122	146	0.948122
122	147	0.955645
122	155	1.04952
122	162	1.03706
122	163	1.03668
122	164	1.05157
122	170	1.03793
122	171	0.987849
122	172	0.951534
122	177	1.02726
122	178	1.03186
122	179	0.907158
122	180	1.10508
123	1	0.880137
123	6	1.0245
123	24	0.953108
123	28	0.904554
123	37	1.16827
123	52	0.935442
123	53	1.00546
123	70	0.897088
123	75	1.02712
123	93	0.97931
123	100	1.03373
123	107	1.00536
123	110	1.05301
123	112	0.943375
123	119	1.00353
123	120	0.982459
123	122	1.02752
123	124	0.98246
123	125	1.01404
123	126	1.07377
123	143	1.01949
123	149	1.02735
123	151	0.98296
123	155	1.01508
123	157	0.966161
123	159	1.00198
123	164	1.00806
123	166	0.995261
123	169	0.997347
123	170	1.02284
123	172	1.03129
123	174	1.01426
123	178	1.03008
124	1	0.880137
124	6	1.0245
124	24	0.953108
124	26	0.952784
124	52	0.935442
124	63	1.00778
124	75	1.02712
124	91	1.06005
124	93	0.97931
124	104	0.98581
124	107	1.00536
124	110	1.05301
124	112	0.943375
124	115	0.998597
124	119	1.00353
124	120	0.982459
124	122	1.02752
124	123	0.98246
124	125	1.01404
124	126	1.08087
124	143	1.01949
124	144	0.986458
124	149	1.02735
124	151	0.98296
124	152	1.04096
124	157	0.966161
124	159	1.00909
124	166	0.995262
124	167	1.00342
124	169	0.997347
124	172	1.0384
124	176	1.05087
124	179	0.994022
125	1	0.911716
125	6	1.05608
125	24	0.984688
125	33	0.914921
125	40	0.966378
125	52	0.967022
125	71	1.04873
125	75	1.0587
125	93	1.01089
125	103	0.968311
125	107	1.03694
125	110	1.08459
125	112	0.974955
125	119	1.03511
125	120	1.01404
125	121	0.971749
125	122	1.0591
125	123	1.01404
125	124	1.01404
125	135	0.939124
125	143	1.05107
125	146	0.987531
125	149	1.05893
125	151	1.01454
125	152	0.993503
125	156	0.951622
125	157	0.99774
125	165	0.982563
125	166	1.02684
125	167	0.955968
125	169	1.02893
125	172	0.990943
125	178	0.989729
125	179	0.946567
126	7	0.968821
126	27	1.17833
126	63	1.01559
126	69	1.08064
126	76	0.969966
126	88	1.01436
126	99	0.980555
126	101	1.05702
126	102	1.04342
126	107	1.02803
126	108	0.992307
126	109	0.925631
126	110	0.974896
126	113	0.956971
126	119	1.02658
126	120	1.05768
126	123	1.07377
126	124	1.08087
126	136	0.996801
126	138	0.966596
126	139	0.991244
126	146	0.981193
126	150	0.969448
126	156	0.995845
126	158	0.959393
126	159	0.981327
126	165	0.977839
126	168	0.956043
126	171	0.961956
126	174	0.972203
126	175	0.962714
126	176	0.965324
126	177	0.965994
126	178	0.970599
127	10	0.88502
127	25	0.91036
127	39	1.20429
127	96	0.988052
127	103	1.03297
127	106	0.98403
127	110	0.984287
127	115	1.01157
127	116	0.990928
127	132	0.995126
127	137	1.08677
127	140	0.986227
127	141	0.945326
127	146	0.979448
127	147	0.979322
127	149	0.986108
127	150	0.967704
127	153	0.991394
127	155	0.986508
127	158	0.957649
127	159	0.979583
127	161	1.04144
127	162	0.974055
127	164	1.03237
127	165	1.04722
127	168	0.954298
127	169	0.979402
127	170	1.04715
127	171	0.960211
127	172	0.976071
127	174	1.03857
127	176	1.06807
127	177	1.05602
127	179	1.00857
128	5	0.959221
128	15	1.04149
128	38	0.924102
128	42	0.919633
128	48	1.00923
128	64	1.15415
128	76	0.996366
128	100	0.999563
128	103	0.990494
128	104	1.03235
128	114	1.03014
128	118	0.997232
128	130	0.984268
128	132	0.957078
128	135	1.00709
128	136	1.01507
128	149	1.02941
128	152	0.964487
128	154	1.00925
128	158	1.03543
128	160	0.989698
128	164	1.00858
128	165	0.996107
128	166	1.00656
128	167	1.00278
128	168	1.03982
128	169	0.999415
128	170	0.994936
128	172	0.997126
128	173	1.00146
128	174	0.990471
128	176	0.983592
128	177	0.984262
128	178	0.988867
128	179	0.95275
129	59	0.927354
129	60	0.928732
129	68	1.06567
129	74	0.930411
129	79	1.00784
129	87	0.941164
129	97	0.959234
129	101	1.01433
129	110	0.932207
129	120	1.01499
129	131	1.00739
129	135	1.01894
129	136	1.02691
129	137	0.98832
129	140	0.983241
129	141	1.06953
129	144	1.02621
129	145	0.971251
129	148	0.989346
129	150	1.03383
129	154	1.02109
129	156	1.02596
129	161	1.0153
129	162	1.00779
129	163	1.00553
129	165	1.00795
129	167	1.01462
129	169	1.01126
129	170	1.00678
129	171	1.03983
129	172	1.00352
129	174	1.00231
129	176	0.995435
129	177	0.996105
129	178	1.00071
130	13	0.97821
130	30	0.944252
130	34	1.14171
130	46	0.999767
130	58	1.07298
130	65	1.01268
130	77	0.995
130	100	0.995187
130	104	1.03002
130	107	0.974575
130	114	1.02781
130	117	1.02502
130	121	0.980532
130	128	0.984268
130	131	0.993215
130	136	1.01274
130	138	1.01108
130	142	0.972215
130	146	0.989339
130	149	1.02709
130	151	0.999434
130	154	1.00692
130	160	0.987371
130	163	0.991362
130	165	0.99378
130	166	1.00218
130	167	1.00045
130	169	0.997088
130	170	0.992609
130	173	0.99913
130	174	0.988144
130	176	0.981265
130	177	0.981935
130	178	0.98654
130	180	0.914978
131	7	0.943322
131	48	1.03281
131	59	0.924457
131	76	1.01995
131	89	1.00878
131	92	1.06457
131	96	0.963348
131	103	0.999441
131	119	1.00108
131	120	1.03218
131	121	0.991806
131	129	1.00739
131	130	0.993215
131	134	1.00652
131	135	1.01604
131	137	0.985424
131	139	1.01467
131	140	1.00043
131	145	0.968354
131	153	1.00799
131	155	1.00449
131	157	1.04272
131	159	1.00854
131	163	1.00264
131	164	1.01752
131	165	1.00505
131	167	1.01173
131	170	1.00388
131	173	1.0104
