1	34	1.38662
1	66	1.45065
1	75	1.53065
1	77	1.47464
1	135	1.48059
1	144	1.47685
1	160	0.45435
1	172	0.434258
1	176	0.436177
1	177	0.448042
1	180	0.433539
2	56	0.460307
2	88	0.524994
2	117	0.468287
2	151	0.458202
2	164	0.483059
2	167	1.37143
2	174	1.3646
2	175	1.36838
2	176	1.38202
2	177	1.35879
2	178	1.38273
2	179	1.37213
3	103	1.31374
3	104	1.40315
3	108	1.36537
3	109	1.35842
3	121	1.36649
3	153	0.465803
3	159	0.439391
3	165	1.40164
3	168	1.3912
3	175	0.501508
3	177	0.506298
3	178	0.493667
4	95	0.448371
4	105	1.38694
4	107	1.3564
4	111	1.36253
4	124	1.33179
4	127	1.41551
4	128	1.38232
4	142	1.36451
4	143	0.494771
4	158	0.511102
4	170	0.481196
4	179	0.468397
5	58	0.496646
5	105	1.39025
5	114	1.32815
5	124	1.3351
5	127	1.41882
5	138	1.35915
5	142	1.36782
5	151	1.40071
5	157	0.502523
5	167	0.462502
5	172	0.465203
5	175	0.474197
6	39	1.39319
6	51	1.32728
6	66	1.34388
6	75	1.42388
6	77	1.36787
6	88	0.545674
6	134	0.451647
6	135	1.37382
6	137	0.448187
6	144	1.37008
6	165	0.487356
6	174	0.468809
7	28	1.42501
7	40	1.35385
7	56	1.36603
7	59	1.36897
7	69	1.39179
7	76	1.3354
7	90	1.35897
7	132	0.490038
7	134	0.462878
7	171	0.484846
7	173	0.488702
7	174	0.48004
8	30	0.55505
8	58	1.39889
8	103	1.30736
8	109	1.35204
8	121	1.36012
8	132	0.472979
8	151	1.40152
8	152	0.473293
8	165	1.39526
8	167	0.448656
8	168	1.38482
8	172	0.451357
9	35	0.46002
9	76	0.491712
9	121	0.485458
9	161	0.479934
9	168	0.475525
9	173	1.35579
9	174	1.36721
9	175	1.37098
9	176	1.38463
9	177	1.3614
9	178	1.38533
9	179	1.37473
10	22	1.46766
10	29	0.54866
10	43	1.21692
10	60	1.44586
10	65	1.35925
10	93	1.36723
10	99	1.38913
10	102	1.35397
10	160	0.479592
10	172	0.459499
10	179	0.460063
10	180	0.458781
11	41	1.39319
11	51	1.32728
11	66	1.34388
11	72	0.52105
11	75	1.42388
11	77	1.36787
11	135	1.37382
11	139	0.454555
11	143	0.494129
11	144	1.37008
11	176	0.46911
11	178	0.468344
12	75	0.456189
12	125	0.468839
12	138	0.497175
12	154	0.483087
12	158	0.48871
12	169	1.38851
12	170	1.34764
12	175	1.36835
12	176	1.38199
12	177	1.35877
12	178	1.3827
12	179	1.3721
13	64	1.48143
13	101	0.500322
13	103	1.29244
13	108	1.34407
13	121	1.3452
13	125	0.489469
13	151	1.3866
13	165	1.38034
13	166	0.469597
13	168	1.3699
13	174	0.477694
13	178	0.467223
14	73	0.462921
14	77	1.36005
14	124	0.496348
14	135	1.36599
14	142	0.486746
14	144	1.36226
14	156	0.468209
14	168	0.479156
14	172	1.388
14	177	1.36216
14	178	1.38609
14	179	1.37549
15	43	1.24212
15	85	1.33657
15	92	1.39718
15	93	1.39243
15	95	0.452403
15	99	1.41433
15	102	1.37917
15	134	1.4382
15	157	0.509185
15	160	0.491957
15	169	0.464686
15	177	0.485649
16	35	0.508565
16	127	0.489934
16	131	0.534962
16	154	0.525702
16	164	0.53461
16	171	1.29069
16	172	1.31483
16	173	1.28337
16	174	1.29479
16	176	1.3122
16	177	1.28898
16	178	1.31291
16	179	1.30231
17	63	1.28353
17	117	1.3305
17	122	0.541523
17	124	1.25651
17	127	1.34023
17	128	1.30704
17	129	1.3124
17	138	1.28056
17	142	1.28923
17	146	0.487761
17	159	0.485004
17	171	0.554557
17	172	0.538127
18	46	1.45631
18	65	0.511246
18	83	0.512416
18	84	1.40165
18	103	1.29446
18	108	1.34609
18	110	0.438061
18	121	1.34722
18	165	1.38236
18	168	1.37192
18	175	0.475096
18	178	0.467255
19	84	0.504333
19	102	0.527818
19	138	0.532273
19	149	0.519872
19	165	0.51071
19	166	1.31802
19	167	1.3045
19	170	1.28074
19	173	1.28626
19	174	1.29768
19	177	1.29187
19	178	1.3158
19	179	1.3052
20	111	0.510437
20	114	0.540151
20	130	0.510059
20	157	0.512377
20	164	0.521611
20	166	1.31462
20	171	1.29018
20	173	1.28286
20	175	1.29805
20	176	1.3117
20	177	1.28847
20	178	1.3124
20	179	1.3018
21	52	1.38778
21	106	0.474187
21	111	1.27515
21	117	1.31841
21	121	0.570522
21	126	1.29299
21	129	1.3003
21	138	1.26847
21	153	0.497863
21	161	1.28556
21	163	1.27134
21	174	0.536198
21	179	0.525138
22	10	1.46766
22	54	1.45821
22	65	1.37945
22	85	1.33157
22	92	1.39218
22	93	1.38743
22	99	1.40933
22	102	1.37417
22	108	0.47975
22	119	0.477166
22	158	0.476771
22	165	0.463673
22	171	0.449932
22	173	0.453788
23	62	0.495639
23	136	0.574915
23	149	0.56904
23	158	0.572975
23	163	0.579723
23	169	1.26021
23	172	1.25632
23	173	1.22486
23	174	1.23628
23	175	1.24005
23	176	1.2537
23	177	1.23047
23	178	1.2544
23	179	1.2438
24	68	1.307
24	80	1.23186
24	82	0.575389
24	88	1.15927
24	113	1.28712
24	117	1.26621
24	130	0.580974
24	138	1.21627
24	142	1.22494
24	144	1.22999
24	147	0.534947
24	152	1.27734
24	173	0.566258
24	179	0.546536
25	89	1.41784
25	114	1.34747
25	117	1.42842
25	127	1.43814
25	129	1.41031
25	137	0.454436
25	138	1.37848
25	142	1.38715
25	143	0.490372
25	144	1.3922
25	166	0.466961
25	167	0.460733
25	175	0.472428
25	180	0.462715
26	60	0.532377
26	125	0.549996
26	128	0.553166
26	136	0.571806
26	140	0.585619
26	171	1.23529
26	172	1.25943
26	173	1.22797
26	174	1.2394
26	175	1.24317
26	176	1.25681
26	177	1.23358
26	178	1.25752
26	179	1.24692
27	56	0.457167
27	115	0.438637
27	141	0.487369
27	152	0.4553
27	154	0.471011
27	163	0.483382
27	170	1.38248
27	171	1.39531
27	173	1.38799
27	174	1.39941
27	176	1.41683
27	177	1.3936
27	178	1.41753
27	179	1.40693
28	7	1.42501
28	36	1.37977
28	38	1.37977
28	53	1.40513
28	56	1.40671
28	71	1.42789
28	76	1.37607
28	90	1.39965
28	112	0.532951
28	162	0.397705
28	169	0.459739
28	177	0.480702
28	179	0.467482
28	180	0.466199
29	10	0.54866
29	62	0.510895
29	86	0.556042
29	102	0.592241
29	155	0.587699
29	169	1.2594
29	171	1.23137
29	172	1.2555
29	174	1.23547
29	175	1.23924
29	176	1.25288
29	177	1.22966
29	178	1.25359
29	179	1.24299
30	8	0.55505
30	116	1.23057
30	132	0.581116
30	136	1.23573
30	154	1.25953
30	155	1.24715
30	156	1.26888
30	158	1.24448
30	161	1.24453
30	163	1.2303
30	164	1.23884
30	167	0.556793
30	169	0.552315
30	179	0.560058
31	45	1.38851
31	54	1.46184
31	85	1.3352
31	92	1.39581
31	93	1.39106
31	99	1.41296
31	102	1.3778
31	118	0.441993
31	123	0.49496
31	134	1.43683
31	145	0.450192
31	150	0.492457
31	160	0.461825
31	173	0.462019
32	47	0.432437
32	63	0.480827
32	105	0.467822
32	148	0.466899
32	154	0.470656
32	161	0.473433
32	167	1.40216
32	169	1.41926
32	170	1.37839
32	174	1.39533
32	175	1.3991
32	177	1.38952
32	178	1.41345
32	179	1.40285
33	88	1.32537
33	107	1.38293
33	113	1.45322
33	127	1.44203
33	128	1.40885
33	129	1.4142
33	138	1.38237
33	142	1.39104
33	143	0.493958
33	159	0.413897
33	173	0.487307
33	175	0.476015
33	176	0.468939
33	179	0.467585
34	1	1.38662
34	39	1.24572
34	41	1.24572
34	51	1.17981
34	55	0.546862
34	66	1.1964
34	75	1.2764
34	77	1.2204
34	135	1.22634
34	144	1.2226
34	149	0.610564
34	162	0.502017
34	172	0.57123
34	176	0.573149
35	9	0.46002
35	16	0.508565
35	44	1.34568
35	84	1.44194
35	104	1.42417
35	108	1.38639
35	109	1.37944
35	121	1.38751
35	145	0.484769
35	162	0.407097
35	165	1.42265
35	168	1.41222
35	169	0.469132
35	180	0.475592
36	28	1.37977
36	38	1.29384
36	53	1.3192
36	56	1.32078
36	59	1.32372
36	62	1.41229
36	69	1.34654
36	72	0.528593
36	76	1.29015
36	90	1.31372
36	97	0.551086
36	137	0.465736
36	171	0.491164
36	173	0.495021
36	180	0.474016
37	140	1.28802
37	148	1.35947
37	154	1.34323
37	156	1.35259
37	158	1.32819
37	160	0.515059
37	161	1.32823
37	163	1.31401
37	164	1.32255
37	167	0.492265
37	169	0.487788
37	170	0.508329
37	177	0.508751
37	179	0.49553
37	180	1.3637
38	28	1.37977
38	36	1.29384
38	53	1.3192
38	56	1.32078
38	59	1.32372
38	62	1.41229
38	69	1.34654
38	76	1.29015
38	90	1.31372
38	111	0.527088
38	153	0.464996
38	164	0.538261
38	167	0.489006
38	172	0.491707
38	179	0.492271
39	6	1.39319
39	34	1.24572
39	41	1.35906
39	51	1.29315
39	66	1.30975
39	75	1.38975
39	77	1.33374
39	79	0.526463
39	133	0.485113
39	135	1.33969
39	144	1.33595
39	152	0.50701
39	173	0.50536
39	175	0.494068
39	180	0.484355
40	7	1.35385
40	55	0.48096
40	56	1.33554
40	76	1.30491
40	84	0.529123
40	90	1.32848
40	106	1.38648
40	137	0.49633
40	146	0.454963
40	149	1.32595
40	157	1.32755
40	161	1.32146
40	164	1.31577
40	170	0.518691
40	173	0.525615
41	11	1.39319
41	34	1.24572
41	39	1.35906
41	51	1.29315
41	66	1.30975
41	75	1.38975
41	77	1.33374
41	80	0.546828
41	135	1.33969
41	144	1.33595
41	153	0.471414
41	169	0.490946
41	176	0.500044
41	179	0.498689
41	180	0.497406
42	49	0.493339
42	94	0.460002
42	117	0.438628
42	126	0.44712
42	150	0.45757
42	154	0.444492
42	155	0.449583
42	169	1.44188
42	170	1.40102
42	172	1.43799
42	173	1.40653
42	174	1.41795
42	175	1.42172
42	176	1.43537
42	177	1.41214
42	179	1.42547
43	10	1.21692
43	15	1.24212
43	45	1.13414
43	54	1.20747
43	60	1.21532
43	67	0.681912
43	82	1.1431
43	85	1.08082
43	92	1.14144
43	93	1.13668
43	99	1.15858
43	102	1.12343
43	106	0.594543
43	144	0.664612
43	153	0.618219
43	178	0.646083
44	35	1.34568
44	58	1.28264
44	73	1.32287
44	84	1.2983
44	104	1.28053
44	108	1.24274
44	109	1.23579
44	121	1.24387
44	165	1.27901
44	166	0.534534
44	168	1.26857
44	169	0.523827
44	174	0.54263
44	177	0.544791
44	179	0.53157
44	180	0.530287
45	31	1.38851
45	43	1.13414
45	65	1.27647
45	82	1.29087
45	85	1.22859
45	88	0.589173
45	92	1.2892
45	93	1.28445
45	99	1.30635
45	102	1.27119
45	124	0.55389
45	134	1.33022
45	139	0.488047
45	143	0.527621
45	161	0.541108
45	172	0.500683
46	18	1.45631
46	58	1.43357
46	79	1.41265
46	83	0.477595
46	104	1.43146
46	108	1.39367
46	109	1.38672
46	123	0.484509
46	133	0.431322
46	150	0.482006
46	151	1.4362
46	160	0.451374
46	165	1.42994
46	168	1.4195
46	170	0.444645
46	176	0.4332
47	32	0.432437
47	63	1.41755
47	80	1.43018
47	107	1.41515
47	111	1.42127
47	124	1.39053
47	128	1.44107
47	129	1.44642
47	131	0.502135
47	138	1.41459
47	142	1.42326
47	145	0.463688
47	153	0.428519
47	174	0.466854
47	176	0.457148
47	180	0.454511
48	58	1.28743
48	64	1.38489
48	84	1.30309
48	95	0.508694
48	103	1.1959
48	104	1.28532
48	108	1.24753
48	115	0.533428
48	121	1.24865
48	134	0.522618
48	151	1.29006
48	154	0.565802
48	165	1.2838
48	168	1.27336
48	171	0.544586
48	180	0.527437
49	42	0.493339
49	78	0.544548
49	90	0.557127
49	103	1.21748
49	109	1.26216
49	121	1.27024
49	134	0.536757
49	135	0.542185
49	147	0.53127
49	148	1.31841
49	155	1.28979
49	161	1.28717
49	163	1.27295
49	164	1.28148
49	165	1.30538
49	168	1.29494
50	52	0.499985
50	96	0.582385
50	100	0.503389
50	121	0.54714
50	125	0.524592
50	129	0.534495
50	169	1.29869
50	170	1.25782
50	171	1.27066
50	172	1.29479
50	173	1.26334
50	175	1.27853
50	176	1.29217
50	177	1.26895
50	178	1.29288
50	179	1.28228
51	6	1.32728
51	11	1.32728
51	34	1.17981
51	39	1.29315
51	41	1.29315
51	66	1.24384
51	75	1.32384
51	77	1.26783
51	116	0.552137
51	124	0.559422
51	135	1.27378
51	143	0.533154
51	144	1.27004
51	171	0.522646
51	175	0.51521
51	177	0.520001
52	21	1.38778
52	50	0.499985
52	106	0.404207
52	125	1.45437
52	144	0.474276
52	149	1.42628
52	153	0.427883
52	155	1.42441
52	158	1.42174
52	161	1.42178
52	163	1.40756
52	164	1.4161
52	165	1.44
52	170	0.467956
52	175	0.463588
52	177	0.468378
53	28	1.40513
53	36	1.3192
53	38	1.3192
53	56	1.34614
53	59	1.34909
53	62	1.43765
53	69	1.3719
53	76	1.31551
53	90	1.33909
53	106	1.39708
53	144	0.502118
53	146	0.43207
53	165	0.512608
53	167	0.479735
53	173	0.502722
53	174	0.49406
53	180	0.481717
54	22	1.45821
54	31	1.46184
54	43	1.20747
54	65	1.3498
54	70	0.525751
54	81	1.37625
54	85	1.30192
54	92	1.36253
54	93	1.35778
54	99	1.37968
54	102	1.34452
54	122	0.47985
54	127	0.478332
54	171	0.492884
54	172	0.476454
54	176	0.478372
54	180	0.475735
55	34	0.546862
55	40	0.48096
55	107	0.485399
55	109	0.49464
55	148	0.465323
55	151	0.45313
55	166	1.37505
55	168	0.467447
55	170	1.33777
55	172	1.37474
55	173	1.34328
55	174	1.35471
55	175	1.35848
55	176	1.37212
55	177	1.34889
55	178	1.37283
55	179	1.36223
56	2	0.460307
56	7	1.36603
56	27	0.457167
56	28	1.40671
56	36	1.32078
56	38	1.32078
56	40	1.33554
56	53	1.34614
56	59	1.35066
56	62	1.43923
56	69	1.37348
56	90	1.34066
56	98	0.518963
56	150	0.530328
56	166	0.483131
56	169	0.472425
56	180	0.478885
57	86	0.550617
57	115	0.544808
57	128	0.566104
57	151	0.561233
57	161	0.57996
57	163	0.589553
57	166	1.25347
57	167	1.23995
57	170	1.21619
57	171	1.22902
57	173	1.2217
57	174	1.23312
57	175	1.2369
57	176	1.25054
57	177	1.22731
57	178	1.25125
57	179	1.24065
58	5	0.496646
58	8	1.39889
58	44	1.28264
58	46	1.43357
58	48	1.28743
58	64	1.46071
58	79	1.34234
58	104	1.36114
58	121	1.32448
58	143	0.514182
58	159	0.434121
58	165	1.35962
58	166	0.490771
58	168	1.34918
58	175	0.496238
58	176	0.489162
58	180	0.486525
59	7	1.36897
59	36	1.32372
59	38	1.32372
59	53	1.34909
59	56	1.35066
59	62	1.44217
59	69	1.37642
59	76	1.32003
59	90	1.34361
59	106	1.4016
59	140	0.536571
59	147	0.466524
59	157	0.51487
59	159	0.424426
59	166	0.481076
59	171	0.493979
59	175	0.486543
60	10	1.44586
60	26	0.532377
60	43	1.21532
60	65	1.35765
60	81	1.3841
60	85	1.30977
60	92	1.37038
60	93	1.36563
60	99	1.38753
60	102	1.35237
60	129	0.494883
60	134	1.4114
60	139	0.448943
60	143	0.488518
60	150	0.512304
60	166	0.465108
60	180	0.460862
61	66	0.504467
61	126	0.494084
61	127	0.455688
61	128	0.480378
61	156	0.478877
61	161	0.494234
61	165	0.483982
61	166	1.37431
61	170	1.33704
61	171	1.34987
61	172	1.37401
61	174	1.35397
61	175	1.35774
61	176	1.37139
61	177	1.34816
61	178	1.3721
61	179	1.36149
62	23	0.495639
62	29	0.510895
62	36	1.41229
62	38	1.41229
62	53	1.43765
62	56	1.43923
62	59	1.44217
62	67	0.458717
62	69	1.46499
62	71	1.46042
62	76	1.4086
62	90	1.43217
62	106	1.49017
62	132	0.443357
62	133	0.421774
62	172	0.421734
62	174	0.433358
62	178	0.422887
63	17	1.28353
63	32	0.480827
63	47	1.41755
63	81	0.514995
63	83	0.549932
63	107	1.28892
63	111	1.29504
63	114	1.25736
63	117	1.3383
63	124	1.2643
63	129	1.32019
63	138	1.28836
63	142	1.29703
63	145	0.512078
63	152	1.34943
63	168	0.539633
63	172	0.503618
63	178	0.504772
64	13	1.48143
64	48	1.38489
64	58	1.46071
64	73	1.50094
64	103	1.36918
64	109	1.41386
64	121	1.42194
64	135	0.45413
64	138	0.505975
64	151	1.46334
64	153	0.427529
64	162	0.385026
64	165	1.45708
64	166	0.457767
64	168	1.44664
64	176	0.456158
64	177	0.468024
64	180	0.453521
65	10	1.35925
65	18	0.511246
65	22	1.37945
65	45	1.27647
65	54	1.3498
65	60	1.35765
65	83	0.547258
65	85	1.22315
65	92	1.28377
65	93	1.27901
65	99	1.30091
65	102	1.26576
65	110	0.472903
65	134	1.32479
65	143	0.527882
65	173	0.521231
65	174	0.512569
65	177	0.514729
66	1	1.45065
66	6	1.34388
66	11	1.34388
66	34	1.1964
66	39	1.30975
66	41	1.30975
66	51	1.24384
66	61	0.504467
66	75	1.34043
66	77	1.28443
66	81	0.517834
66	135	1.29037
66	144	1.28663
66	161	0.546882
66	162	0.437244
66	163	0.556475
66	170	0.519821
66	177	0.520242
67	43	0.681912
67	62	0.458717
67	140	0.551806
67	151	0.514481
67	152	0.51472
67	161	0.533208
67	164	0.539338
67	166	1.28038
67	167	1.26686
67	169	1.28396
67	170	1.2431
67	171	1.25593
67	172	1.28007
67	173	1.24861
67	175	1.2638
67	176	1.27745
67	177	1.25422
67	178	1.27816
67	179	1.26756
68	24	1.307
68	85	0.539763
68	96	1.35694
68	105	1.40722
68	111	1.38281
68	114	1.34512
68	120	0.473646
68	124	1.35207
68	127	1.43579
68	128	1.40261
68	129	1.40796
68	132	0.480378
68	139	0.446118
68	142	1.3848
68	151	1.41769
68	160	0.478848
68	177	0.47254
68	178	0.459908
68	180	0.458037
69	7	1.39179
69	36	1.34654
69	38	1.34654
69	53	1.3719
69	56	1.37348
69	59	1.37642
69	62	1.46499
69	70	0.516359
69	71	1.39467
69	73	0.486842
69	76	1.34284
69	90	1.36642
69	106	1.42441
69	115	0.472334
69	153	0.440351
69	156	0.49213
69	169	0.459883
69	178	0.468215
69	180	0.466343
70	54	0.525751
70	69	0.516359
70	71	0.511662
70	85	0.586106
70	96	1.22432
70	113	1.31437
70	116	0.55102
70	129	1.27535
70	131	0.552004
70	136	0.550307
70	138	1.24351
70	142	1.25218
70	152	1.30458
70	171	1.25884
70	173	1.25152
70	175	1.26672
70	177	1.25713
70	178	1.28107
70	179	1.27047
71	28	1.42789
71	62	1.46042
71	69	1.39467
71	70	0.511662
71	76	1.33828
71	86	1.38263
71	90	1.36185
71	106	1.41984
71	132	0.483987
71	133	0.462405
71	145	0.470824
71	154	1.36983
71	161	1.35483
71	163	1.34061
71	164	1.34914
71	171	0.478795
71	174	0.473989
71	176	0.464284
71	178	0.463518
72	11	0.52105
72	36	0.528593
72	79	0.551049
72	84	0.533454
72	136	0.554868
72	140	0.568681
72	156	0.534727
72	160	1.25744
72	166	1.28125
72	167	1.26773
72	171	1.2568
72	172	1.28094
72	173	1.24948
72	174	1.26091
72	175	1.26468
72	176	1.27832
72	177	1.25509
72	178	1.27903
72	179	1.26843
73	14	0.462921
73	44	1.32287
73	64	1.50094
73	69	0.486842
73	79	1.38257
73	101	0.509832
73	103	1.31195
73	104	1.40137
73	108	1.36358
73	109	1.35663
73	120	0.490471
73	121	1.36471
73	151	1.40611
73	159	0.422457
73	165	1.39985
73	168	1.38941
73	175	0.484575
73	178	0.476733
73	180	0.474862
74	90	0.45424
74	100	0.441605
74	104	0.470926
74	141	0.493413
74	150	0.490132
74	156	0.464476
74	163	0.489425
74	164	0.485962
74	166	1.39351
74	167	1.38
74	169	1.3971
74	170	1.35623
74	172	1.39321
74	174	1.37317
74	175	1.37694
74	176	1.39059
74	177	1.36736
74	178	1.39129
74	179	1.38069
75	1	1.53065
75	6	1.42388
75	11	1.42388
75	12	0.456189
75	34	1.2764
75	39	1.38975
75	41	1.38975
75	51	1.32384
75	66	1.34043
75	77	1.36443
75	135	1.37037
75	144	1.36663
75	154	0.504196
75	171	0.482979
75	173	0.486835
75	175	0.475543
75	178	0.467702
75	179	0.467113
75	180	0.46583
76	7	1.3354
76	9	0.491712
76	28	1.37607
76	36	1.29015
76	38	1.29015
76	40	1.30491
76	53	1.31551
76	59	1.32003
76	62	1.4086
76	69	1.34284
76	71	1.33828
76	90	1.31003
76	106	1.36802
76	122	0.511399
76	139	0.495366
76	147	0.496978
76	159	0.45488
76	170	0.521366
76	173	0.528289
76	176	0.509922
77	1	1.47464
77	6	1.36787
77	11	1.36787
77	14	1.36005
77	34	1.2204
77	39	1.33374
77	41	1.33374
77	51	1.26783
77	66	1.28443
77	75	1.36443
77	134	0.48736
77	135	1.31437
77	139	0.480261
77	143	0.519836
77	144	1.31063
77	152	0.514834
77	154	0.530545
77	160	0.51299
77	161	0.533322
77	162	0.423685
78	49	0.544548
78	94	0.511211
78	111	0.493435
78	127	0.459933
78	130	0.493057
78	141	0.512059
78	156	0.483122
78	167	1.33522
78	168	0.494069
78	169	1.35232
78	170	1.31146
78	171	1.32429
78	172	1.34843
78	173	1.31698
78	174	1.3284
78	175	1.33217
78	176	1.34581
78	177	1.32258
78	178	1.34652
78	179	1.33592
79	39	0.526463
79	46	1.41265
79	58	1.34234
79	72	0.551049
79	73	1.38257
79	84	1.35799
79	103	1.2508
79	104	1.34022
79	108	1.30244
79	109	1.29549
79	121	1.30356
79	143	0.524128
79	146	0.446825
79	147	0.486166
79	151	1.34496
79	153	0.47048
79	165	1.3387
79	168	1.32827
79	175	0.506185
79	180	0.496472
80	24	1.23186
80	41	0.546828
80	47	1.43018
80	105	1.33208
80	111	1.30766
80	113	1.37183
80	117	1.35092
80	122	0.5079
80	127	1.36064
80	128	1.32746
80	138	1.30098
80	142	1.30965
80	144	1.3147
80	147	0.493479
80	152	1.36205
80	158	0.547773
80	159	0.45138
80	162	0.43529
80	176	0.506422
80	177	0.518288
81	54	1.37625
81	60	1.3841
81	63	0.514995
81	66	0.517834
81	82	1.31188
81	86	0.478259
81	90	0.48201
81	92	1.31022
81	102	1.29221
81	104	0.498696
81	130	0.50218
81	134	1.35124
81	148	0.501068
81	165	0.497349
81	173	1.31267
81	175	1.32786
81	176	1.34151
81	177	1.31828
81	178	1.34222
81	179	1.33161
82	24	0.575389
82	43	1.1431
82	45	1.29087
82	81	1.31188
82	85	1.23755
82	91	0.473013
82	99	1.31531
82	102	1.28015
82	123	0.538446
82	144	0.504901
82	157	0.522539
82	161	0.525642
82	164	0.531773
82	168	0.521233
82	171	1.30794
82	174	1.31204
82	175	1.31581
82	176	1.32946
82	177	1.30623
82	178	1.33017
82	179	1.31956
83	18	0.512416
83	46	0.477595
83	63	0.549932
83	65	0.547258
83	93	0.543105
83	113	0.515449
83	127	0.503993
83	142	0.545719
83	149	1.29032
83	158	1.28579
83	161	1.28583
83	163	1.27161
83	164	1.28014
83	167	1.295
83	174	1.28818
83	175	1.29195
83	176	1.30559
83	177	1.28237
83	178	1.3063
83	179	1.2957
83	180	1.3213
84	18	1.40165
84	19	0.504333
84	35	1.44194
84	40	0.529123
84	44	1.2983
84	48	1.30309
84	72	0.533454
84	79	1.35799
84	103	1.28738
84	104	1.3768
84	108	1.33901
84	109	1.33206
84	121	1.34014
84	151	1.38154
84	153	0.452884
84	159	0.426472
84	160	0.499687
84	165	1.37528
84	166	0.483123
84	168	1.36484
84	173	0.499882
84	180	0.478877
85	15	1.33657
85	22	1.33157
85	31	1.3352
85	43	1.08082
85	45	1.22859
85	54	1.30192
85	60	1.30977
85	65	1.22315
85	68	0.539763
85	70	0.586106
85	82	1.23755
85	92	1.23589
85	93	1.23114
85	99	1.25304
85	100	0.539005
85	102	1.21788
85	110	0.508767
85	134	1.27691
85	143	0.563746
85	145	0.545268
85	164	0.583363
85	172	0.536808
86	29	0.556042
86	57	0.550617
86	71	1.38263
86	81	0.478259
86	102	0.514162
86	110	0.438841
86	130	1.36312
86	136	1.33856
86	147	0.455857
86	148	1.3786
86	149	1.35185
86	150	1.34999
86	154	1.36236
86	155	1.34998
86	157	1.35344
86	158	1.34731
86	161	1.34736
86	163	1.33314
86	164	1.34167
86	166	0.470409
86	172	0.466882
86	175	0.475876
87	99	0.492131
87	104	0.47901
87	109	0.510699
87	115	0.452764
87	124	0.500698
87	130	0.482494
87	141	0.501496
87	148	0.481382
87	149	0.486826
87	160	1.34505
87	166	1.36886
87	169	1.37244
87	170	1.33158
87	171	1.34441
87	172	1.36855
87	173	1.33709
87	174	1.34852
87	175	1.35229
87	176	1.36593
87	177	1.3427
87	178	1.36664
87	179	1.35604
88	2	0.524994
88	6	0.545674
88	24	1.15927
88	33	1.32537
88	45	0.589173
88	96	1.2092
88	111	1.23508
88	113	1.29925
88	127	1.28806
88	133	0.54433
88	136	1.23668
88	148	1.27672
88	152	1.28946
88	154	1.26048
88	155	1.2481
88	157	1.25157
88	164	1.23979
88	175	0.553284
88	176	0.546209
88	177	0.558075
88	179	0.544854
88	180	1.28095
89	25	1.41784
89	105	1.35585
89	107	1.32531
89	113	1.39561
89	114	1.29375
89	115	0.480036
89	117	1.3747
89	118	0.475024
89	119	0.518428
89	124	1.3007
89	127	1.38442
89	128	1.35123
89	129	1.35659
89	132	0.496386
89	138	1.32475
89	141	0.528768
89	142	1.33342
89	152	1.38582
89	153	0.448053
89	160	0.494856
89	171	0.491194
89	180	0.474045
90	7	1.35897
90	28	1.39965
90	36	1.31372
90	38	1.31372
90	40	1.32848
90	49	0.557127
90	53	1.33909
90	56	1.34066
90	59	1.34361
90	62	1.43217
90	69	1.36642
90	71	1.36185
90	74	0.45424
90	76	1.31003
90	81	0.48201
90	106	1.3916
90	129	0.503935
90	154	0.50828
90	177	0.484417
90	178	0.471786
90	179	0.471197
90	180	0.469914
91	82	0.473013
91	92	0.501432
91	109	0.506803
91	119	0.48726
91	130	1.42706
91	133	0.443635
91	136	1.4025
91	140	1.37109
91	149	1.41579
91	150	1.41394
91	154	1.4263
91	156	1.43566
91	157	1.41739
91	159	0.390472
91	161	1.4113
91	163	1.39708
91	164	1.40561
91	165	1.42951
91	166	0.447123
91	174	0.45522
91	177	0.45738
91	178	0.444748
91	180	1.44677
92	15	1.39718
92	22	1.39218
92	31	1.39581
92	43	1.14144
92	45	1.2892
92	54	1.36253
92	60	1.37038
92	65	1.28377
92	81	1.31022
92	85	1.23589
92	91	0.501432
92	93	1.29175
92	99	1.31365
92	102	1.27849
92	106	0.463251
92	107	0.567604
92	120	0.528528
92	133	0.513677
92	134	1.33752
92	139	0.501001
92	147	0.502613
92	176	0.515556
92	178	0.51479
93	10	1.36723
93	15	1.39243
93	22	1.38743
93	31	1.39106
93	43	1.13668
93	45	1.28445
93	54	1.35778
93	60	1.36563
93	65	1.27901
93	83	0.543105
93	85	1.23114
93	92	1.29175
93	99	1.3089
93	102	1.27374
93	106	0.446404
93	111	0.532172
93	132	0.518413
93	134	1.33277
93	148	0.530681
93	164	0.543345
93	167	0.49409
93	178	0.497944
93	179	0.497355
94	42	0.460002
94	78	0.511211
94	95	0.489496
94	98	1.31135
94	119	0.552622
94	130	1.32304
94	132	0.53058
94	136	1.29849
94	145	0.517417
94	148	1.33853
94	149	1.31178
94	150	1.30992
94	155	1.30991
94	156	1.33165
94	157	1.31337
94	158	1.30724
94	160	0.52905
94	161	1.30729
94	163	1.29307
94	164	1.3016
94	172	0.508958
94	178	0.510111
94	180	1.34276
95	4	0.448371
95	15	0.452403
95	48	0.508694
95	94	0.489496
95	102	0.483619
95	141	0.490344
95	150	0.487063
95	155	0.479076
95	160	1.36253
95	164	0.482893
95	166	1.38633
95	167	1.37282
95	168	0.472353
95	169	1.38992
95	170	1.34905
95	171	1.36189
95	172	1.38603
95	173	1.35457
95	174	1.36599
95	175	1.36976
95	176	1.38341
95	177	1.36018
95	178	1.38411
95	179	1.37351
96	50	0.582385
96	68	1.35694
96	70	1.22432
96	88	1.2092
96	105	1.2973
96	106	0.486606
96	107	1.26676
96	111	1.27288
96	114	1.2352
96	117	1.31614
96	124	1.24214
96	127	1.32586
96	128	1.29268
96	129	1.29803
96	142	1.27487
96	143	0.563931
96	144	1.27992
96	146	0.486628
96	151	1.30776
96	159	0.48387
96	165	0.567165
96	174	0.548617
96	177	0.550777
96	178	0.538146
97	36	0.551086
97	119	0.575817
97	126	1.27945
97	135	0.532043
97	141	1.2714
97	146	0.481787
97	147	0.521128
97	148	1.30326
97	149	1.27651
97	150	1.27465
97	155	1.27464
97	156	1.29637
97	157	1.2781
97	158	1.27197
97	161	1.27202
97	163	1.2578
97	164	1.26633
97	165	1.29023
97	168	1.27979
97	169	0.524974
97	170	0.545515
97	177	0.545937
97	179	0.532716
97	180	1.30749
98	56	0.518963
98	94	1.31135
98	115	1.3772
98	119	0.538824
98	126	1.33106
98	141	1.32301
98	148	1.35487
98	150	1.32626
98	154	1.33863
98	155	1.32625
98	156	1.34799
98	157	1.32972
98	158	1.32358
98	159	0.442036
98	161	1.32363
98	163	1.30941
98	164	1.31794
98	167	0.492459
98	169	0.487981
98	173	0.515446
98	174	0.506784
98	175	0.504154
98	177	0.508944
98	178	0.496313
98	180	1.3591
99	10	1.38913
99	15	1.41433
99	22	1.40933
99	31	1.41296
99	43	1.15858
99	45	1.30635
99	54	1.37968
99	60	1.38753
99	65	1.30091
99	82	1.31531
99	85	1.25304
99	87	0.492131
99	92	1.31365
99	93	1.3089
99	102	1.29564
99	118	0.500701
99	122	0.503837
99	133	0.50048
99	134	1.35467
99	167	0.497739
99	170	0.513803
99	172	0.50044
99	176	0.502359
99	179	0.501004
99	180	0.499722
100	50	0.503389
100	74	0.441605
100	85	0.539005
100	102	0.505277
100	108	0.504246
100	110	0.429956
100	116	1.36994
100	126	1.39133
100	132	0.47962
100	141	1.38328
100	143	1.35854
100	150	1.38654
100	154	1.3989
100	155	1.38652
100	156	1.40826
100	157	1.38999
100	158	1.38385
100	159	0.404874
100	161	1.3839
100	163	1.36968
100	164	1.37821
100	168	1.39167
100	174	0.469622
100	177	0.471782
100	179	0.458561
100	180	1.41937
101	13	0.500322
101	73	0.509832
101	113	0.503387
101	128	0.516621
101	148	0.523943
101	149	0.529387
101	152	0.511989
101	157	0.527373
101	159	1.40891
101	160	1.27357
101	162	1.43649
101	163	0.54007
101	166	1.29737
101	167	1.28386
101	168	0.526067
101	169	1.30096
101	170	1.2601
101	171	1.27293
101	172	1.29707
101	173	1.26561
101	174	1.27703
101	175	1.2808
101	176	1.29445
101	177	1.27122
101	178	1.29516
101	179	1.28455
102	10	1.35397
102	15	1.37917
102	19	0.527818
102	22	1.37417
102	29	0.592241
102	31	1.3778
102	43	1.12343
102	45	1.27119
102	54	1.34452
102	60	1.35237
102	65	1.26576
102	81	1.29221
102	82	1.28015
102	85	1.21788
102	86	0.514162
102	92	1.27849
102	93	1.27374
102	95	0.483619
102	99	1.29564
102	100	0.505277
102	134	1.31951
102	144	0.522763
102	155	0.545818
102	156	0.528148
102	161	0.543505
102	162	0.433867
103	3	1.31374
103	8	1.30736
103	13	1.29244
103	18	1.29446
103	48	1.1959
103	49	1.21748
103	64	1.36918
103	73	1.31195
103	79	1.2508
103	84	1.28738
103	104	1.26961
103	108	1.23182
103	109	1.22487
103	121	1.23295
103	132	0.557299
103	139	0.52304
103	151	1.27435
103	152	0.557613
103	165	1.26809
103	167	0.532976
103	168	1.25765
103	175	0.544671
103	176	0.537595
103	177	0.549461
103	178	0.53683
103	179	0.536241
103	180	0.534958
104	3	1.40315
104	35	1.42417
104	44	1.28053
104	46	1.43146
104	48	1.28532
104	58	1.36114
104	73	1.40137
104	74	0.470926
104	79	1.34022
104	81	0.498696
104	84	1.3768
104	87	0.47901
104	103	1.26961
104	108	1.32124
104	109	1.31429
104	119	0.530984
104	121	1.32237
104	123	0.540547
104	146	0.436954
104	151	1.36377
104	165	1.35751
104	166	0.490847
104	168	1.34707
104	169	0.48014
104	171	0.50375
104	178	0.488472
104	179	0.487883
105	4	1.38694
105	5	1.39025
105	32	0.467822
105	68	1.40722
105	80	1.33208
105	89	1.35585
105	96	1.2973
105	107	1.31705
105	110	0.462572
105	113	1.38734
105	117	1.36643
105	124	1.29243
105	125	0.514013
105	127	1.37615
105	128	1.34297
105	129	1.34832
105	137	0.481616
105	138	1.31649
105	142	1.32516
105	143	0.517551
105	145	0.499073
105	151	1.35805
105	172	0.490613
105	177	0.504398
105	178	0.491767
105	179	0.491177
105	180	0.489895
106	21	0.474187
106	40	1.38648
106	43	0.594543
106	52	0.404207
106	53	1.39708
106	59	1.4016
106	62	1.49017
106	69	1.42441
106	71	1.41984
106	76	1.36802
106	90	1.3916
106	92	0.463251
106	93	0.446404
106	96	0.486606
106	108	0.451662
106	109	0.468621
106	138	0.457149
106	141	0.459419
106	161	0.445838
106	168	0.441428
106	171	1.38282
106	173	1.3755
106	174	1.38692
106	175	1.39069
106	176	1.40434
106	177	1.38111
106	178	1.40505
106	179	1.39444
107	4	1.3564
107	33	1.38293
107	47	1.41515
107	55	0.485399
107	63	1.28892
107	89	1.32531
107	92	0.567604
107	96	1.26676
107	105	1.31705
107	113	1.3568
107	114	1.25495
107	117	1.33589
107	124	1.26189
107	128	1.31243
107	129	1.31778
107	135	0.509658
107	138	1.28595
107	139	0.497131
107	142	1.29462
107	144	1.29967
107	145	0.518227
107	151	1.32751
107	160	0.52986
107	162	0.440554
107	167	0.507067
107	174	0.521392
107	176	0.511686
107	177	0.523552
108	3	1.36537
108	13	1.34407
108	18	1.34609
108	22	0.47975
108	35	1.38639
108	44	1.24274
108	46	1.39367
108	48	1.24753
108	73	1.36358
108	79	1.30244
108	84	1.33901
108	100	0.504246
108	103	1.23182
108	104	1.32124
108	106	0.451662
108	109	1.2765
108	121	1.28458
108	133	0.502089
108	140	0.561071
108	143	0.528987
108	145	0.510508
108	151	1.32598
108	155	0.544787
108	165	1.31972
108	168	1.30928
108	171	0.518479
108	172	0.502049
108	180	0.501331
109	3	1.35842
109	8	1.35204
109	35	1.37944
109	44	1.23579
109	46	1.38672
109	49	1.26216
109	55	0.49464
109	64	1.41386
109	73	1.35663
109	79	1.29549
109	84	1.33206
109	87	0.510699
109	91	0.506803
109	103	1.22487
109	104	1.31429
109	106	0.468621
109	108	1.2765
109	119	0.562673
109	121	1.27763
109	122	0.522405
109	127	0.520886
109	151	1.31903
109	162	0.449795
109	165	1.31277
109	168	1.30233
109	170	0.532371
109	178	0.520161
109	180	0.518289
110	18	0.438061
110	65	0.472903
110	85	0.508767
110	86	0.438841
110	100	0.429956
110	105	0.462572
110	112	0.493792
110	131	0.474666
110	149	0.467094
110	150	0.478484
110	151	0.449457
110	159	1.50891
110	160	1.37357
110	162	1.53649
110	163	0.477777
110	166	1.39737
110	167	1.38386
110	169	1.40096
110	170	1.3601
110	171	1.37293
110	172	1.39707
110	173	1.36561
110	174	1.37703
110	175	1.3808
110	176	1.39445
110	177	1.37122
110	178	1.39516
110	179	1.38455
111	4	1.36253
111	20	0.510437
111	21	1.27515
111	38	0.527088
111	47	1.42127
111	63	1.29504
111	68	1.38281
111	78	0.493435
111	80	1.30766
111	88	1.23508
111	93	0.532172
111	96	1.27288
111	116	0.537103
111	124	1.26801
111	127	1.35174
111	128	1.31855
111	129	1.32391
111	134	0.485644
111	138	1.29207
111	142	1.30074
111	144	1.30579
111	151	1.33363
111	152	1.35314
111	164	0.537736
111	176	0.4931
111	177	0.504966
111	179	0.491745
111	180	0.490463
112	28	0.532951
112	110	0.493792
112	118	0.522094
112	125	1.34554
112	126	1.32039
112	131	1.30809
112	137	0.512836
112	140	1.27275
112	141	1.31234
112	148	1.3442
112	149	1.31745
112	150	1.3156
112	154	1.32796
112	155	1.31558
112	157	1.31905
112	158	1.31291
112	159	0.46871
112	161	1.31296
112	162	0.45262
112	163	1.29874
112	164	1.30727
112	167	0.519132
112	168	1.32073
112	169	0.514655
112	173	0.54212
112	175	0.530828
112	179	0.522397
112	180	1.34843
113	24	1.28712
113	33	1.45322
113	70	1.31437
113	80	1.37183
113	83	0.515449
113	88	1.29925
113	89	1.39561
113	101	0.503387
113	105	1.38734
113	107	1.3568
113	114	1.32524
113	120	0.484026
113	124	1.33219
113	128	1.38272
113	129	1.38808
113	138	1.35624
113	142	1.36491
113	144	1.36997
113	151	1.3978
113	152	1.41731
113	155	0.511872
113	160	0.489227
113	169	0.461956
113	171	0.485565
113	172	0.469135
113	174	0.480759
113	176	0.471054
113	179	0.469699
113	180	0.468416
114	5	1.32815
114	20	0.540151
114	25	1.34747
114	63	1.25736
114	68	1.34512
114	89	1.29375
114	96	1.2352
114	107	1.25495
114	113	1.32524
114	117	1.30433
114	124	1.23033
114	126	0.561169
114	127	1.31405
114	128	1.28087
114	129	1.28622
114	135	0.520785
114	138	1.25439
114	142	1.26306
114	144	1.26811
114	151	1.29595
114	152	1.31546
114	162	0.451682
114	167	0.518194
114	168	0.55691
114	170	0.534258
114	171	0.537326
114	174	0.53252
114	177	0.53468
114	180	0.520177
115	27	0.438637
115	48	0.533428
115	57	0.544808
115	69	0.472334
115	87	0.452764
115	89	0.480036
115	98	1.3772
115	126	1.38057
115	130	1.3889
115	131	1.36827
115	140	1.33293
115	141	1.37252
115	148	1.40438
115	149	1.37763
115	150	1.37577
115	154	1.38814
115	155	1.37576
115	156	1.3975
115	157	1.37923
115	158	1.37309
115	160	0.481165
115	161	1.37314
115	163	1.35892
115	164	1.36745
115	166	0.464601
115	169	0.453894
115	171	0.477503
115	174	0.472697
115	177	0.474858
115	178	0.462226
115	180	1.40861
116	30	1.23057
116	51	0.552137
116	70	0.55102
116	100	1.36994
116	111	0.537103
116	123	1.30311
116	131	1.30074
116	135	0.501612
116	136	1.29681
116	140	1.26539
116	141	1.30498
116	149	1.3101
116	150	1.30824
116	154	1.3206
116	155	1.30822
116	156	1.32996
116	157	1.31169
116	158	1.30556
116	160	0.521814
116	161	1.3056
116	163	1.29138
116	164	1.29992
116	165	1.32382
116	167	0.499021
116	168	1.31338
116	169	0.494543
116	170	0.515085
116	172	0.501722
116	173	0.522008
116	174	0.513346
116	179	0.502286
117	2	0.468287
117	17	1.3305
117	21	1.31841
117	24	1.26621
117	25	1.42842
117	42	0.438628
117	63	1.3383
117	80	1.35092
117	89	1.3747
117	96	1.31614
117	105	1.36643
117	107	1.33589
117	114	1.30433
117	124	1.31127
117	127	1.39499
117	128	1.36181
117	134	0.482046
117	137	0.478586
117	138	1.33533
117	142	1.344
117	143	0.514522
117	144	1.34905
117	151	1.37689
117	152	1.3964
117	165	0.517756
117	168	0.523598
117	170	0.500947
117	171	0.504014
117	173	0.50787
117	175	0.496578
117	176	0.489503
117	180	0.486865
118	31	0.441993
118	89	0.475024
118	99	0.500701
118	112	0.522094
118	124	0.509267
118	136	0.50127
118	140	0.515083
118	144	0.475743
118	147	1.32576
118	149	0.495395
118	152	0.477997
118	153	1.38502
118	159	1.45473
118	160	1.31939
118	161	0.496485
118	162	1.48232
118	165	0.486233
118	166	1.3432
118	167	1.32969
118	168	0.492076
118	169	1.34679
118	170	1.30592
118	171	1.31876
118	172	1.3429
118	173	1.31144
118	174	1.32286
118	175	1.32663
118	176	1.34027
118	177	1.31705
118	178	1.34098
118	179	1.33038
118	180	1.35598
119	22	0.477166
119	89	0.518428
119	91	0.48726
119	94	0.552622
119	97	0.575817
119	98	0.538824
119	104	0.530984
119	109	0.562673
119	127	0.501344
119	131	0.546372
119	136	0.544675
119	140	0.558488
119	145	1.24945
119	147	1.26
119	153	1.31926
119	159	1.38897
119	160	1.25363
119	162	1.41656
119	166	1.27744
119	167	1.26392
119	169	1.28103
119	170	1.24016
119	171	1.253
119	172	1.27714
119	173	1.24568
119	174	1.2571
119	175	1.26087
119	176	1.27451
119	177	1.25129
119	178	1.27522
119	179	1.26462
119	180	1.29022
120	68	0.473646
120	73	0.490471
120	92	0.528528
120	113	0.484026
120	123	0.523919
120	141	0.524697
120	145	1.28945
120	147	1.3
120	148	0.504582
120	150	0.521416
120	153	1.35926
120	155	0.513429
120	156	0.495759
120	159	1.42897
120	160	1.29363
120	162	1.45656
120	163	0.520709
120	165	0.500864
120	166	1.31744
120	167	1.30392
120	168	0.506706
120	169	1.32103
120	170	1.28016
120	171	1.293
120	172	1.31714
120	173	1.28568
120	174	1.2971
120	175	1.30087
120	176	1.31451
120	177	1.29129
120	178	1.31522
120	179	1.30462
120	180	1.33022
121	3	1.36649
121	8	1.36012
121	9	0.485458
121	13	1.3452
121	18	1.34722
121	21	0.570522
121	35	1.38751
121	44	1.24387
121	48	1.24865
121	49	1.27024
121	50	0.54714
121	58	1.32448
121	64	1.42194
121	73	1.36471
121	79	1.30356
121	84	1.34014
121	103	1.23295
121	104	1.32237
121	108	1.28458
121	109	1.27763
121	139	0.489111
121	146	0.451383
121	151	1.32711
121	161	0.542172
121	165	1.32085
121	166	0.505276
121	167	0.499047
121	168	1.31041
121	175	0.510742
121	176	0.503667
121	178	0.502901
121	179	0.502312
121	180	0.501029
122	17	0.541523
122	54	0.47985
122	76	0.511399
122	80	0.5079
122	99	0.503837
122	109	0.522405
122	138	0.510932
122	142	0.502802
122	145	1.28945
122	147	1.3
122	153	1.35926
122	154	0.496844
122	157	0.496518
122	158	0.502467
122	159	1.42897
122	160	1.29363
122	162	1.45656
122	163	0.509215
122	164	0.505752
122	166	1.31744
122	167	1.30392
122	169	1.32103
122	170	1.28016
122	171	1.293
122	172	1.31714
122	173	1.28568
122	174	1.2971
122	175	1.30087
122	176	1.31451
122	177	1.29129
122	178	1.31522
122	179	1.30462
122	180	1.33022
123	31	0.49496
123	46	0.484509
123	82	0.538446
123	104	0.540547
123	116	1.30311
123	120	0.523919
123	130	1.33282
123	131	1.3122
123	140	1.27685
123	141	1.31644
123	143	1.2917
123	147	0.498004
123	148	1.34831
123	149	1.32156
123	150	1.3197
123	154	1.33207
123	155	1.31969
123	156	1.34142
123	157	1.32315
123	158	1.31702
123	161	1.31706
123	162	0.439815
123	163	1.30284
123	164	1.31138
123	165	1.33528
123	167	0.506327
123	168	1.32484
123	169	0.501849
123	171	0.525458
123	172	0.509028
123	173	0.529315
123	175	0.518022
123	180	1.35254
124	4	1.33179
124	5	1.3351
124	14	0.496348
124	17	1.25651
124	45	0.55389
124	47	1.39053
124	51	0.559422
124	63	1.2643
124	68	1.35207
124	87	0.500698
124	89	1.3007
124	96	1.24214
124	105	1.29243
124	107	1.26189
124	111	1.26801
124	113	1.33219
124	114	1.23033
124	117	1.31127
124	118	0.509267
124	127	1.321
124	128	1.28781
124	129	1.29317
124	135	0.508897
124	138	1.26133
124	142	1.27
124	144	1.27505
124	145	0.517466
124	152	1.3224
124	156	0.534075
124	163	0.559024
124	166	0.512534
124	171	0.525437
124	175	0.518001
124	178	0.51016
125	12	0.468839
125	13	0.489469
125	26	0.549996
125	50	0.524592
125	52	1.45437
125	105	0.514013
125	112	1.34554
125	126	1.35958
125	130	1.3679
125	131	1.34728
125	135	0.47909
125	136	1.34335
125	139	0.466563
125	140	1.31193
125	143	1.32678
125	148	1.38338
125	149	1.35664
125	150	1.35478
125	154	1.36714
125	156	1.3765
125	157	1.35823
125	158	1.3521
125	161	1.35214
125	162	0.409986
125	163	1.33792
125	164	1.34646
125	165	1.37036
125	166	0.482727
125	170	0.492563
125	176	0.481118
125	177	0.492984
125	178	0.480353
125	179	0.479764
125	180	1.38761
126	21	1.29299
126	42	0.44712
126	61	0.494084
126	97	1.27945
126	98	1.33106
126	100	1.39133
126	112	1.32039
126	114	0.561169
126	115	1.38057
126	125	1.35958
126	130	1.34275
126	131	1.32213
126	136	1.3182
126	138	0.54781
126	141	1.32638
126	146	0.445709
126	147	0.48505
126	148	1.35824
126	150	1.32963
126	153	0.469364
126	155	1.32962
126	156	1.35135
126	157	1.33308
126	158	1.32695
126	160	0.516167
126	161	1.327
126	163	1.31278
126	164	1.32131
126	165	1.34521
126	170	0.509438
126	173	0.516361
126	174	0.507699
126	175	0.505069
126	177	0.509859
126	178	0.497228
127	4	1.41551
127	5	1.41882
127	16	0.489934
127	17	1.34023
127	25	1.43814
127	33	1.44203
127	54	0.478332
127	61	0.455688
127	68	1.43579
127	78	0.459933
127	80	1.36064
127	83	0.503993
127	88	1.28806
127	89	1.38442
127	96	1.32586
127	105	1.37615
127	109	0.520886
127	111	1.35174
127	114	1.31405
127	117	1.39499
127	119	0.501344
127	124	1.321
127	128	1.37153
127	129	1.37689
127	138	1.34505
127	142	1.35372
127	144	1.35878
127	151	1.38661
127	158	0.500948
127	164	0.504233
127	173	0.477965
127	175	0.466673
127	177	0.471463
127	178	0.458832
127	179	0.458243
127	180	0.45696
128	4	1.38232
128	17	1.30704
128	26	0.553166
128	33	1.40885
128	47	1.44107
128	57	0.566104
128	61	0.480378
128	68	1.40261
128	80	1.32746
128	89	1.35123
128	96	1.29268
128	101	0.516621
128	105	1.34297
128	107	1.31243
128	111	1.31855
128	113	1.38272
128	114	1.28087
128	117	1.36181
128	124	1.28781
128	127	1.37153
128	129	1.3437
128	134	0.476831
128	138	1.31187
128	139	0.469732
128	142	1.32054
128	144	1.32559
128	151	1.35343
128	152	1.37294
128	162	0.413156
128	166	0.485897
128	168	0.518384
128	169	0.47519
128	170	0.495732
128	172	0.482369
128	173	0.502656
128	175	0.491363
128	176	0.484288
129	17	1.3124
129	21	1.3003
129	25	1.41031
129	33	1.4142
129	47	1.44642
129	50	0.534495
129	60	0.494883
129	63	1.32019
129	68	1.40796
129	70	1.27535
129	89	1.35659
129	90	0.503935
129	96	1.29803
129	105	1.34832
129	107	1.31778
129	111	1.32391
129	113	1.38808
129	114	1.28622
129	124	1.29317
129	127	1.37689
129	128	1.3437
129	135	0.488993
129	137	0.480105
129	138	1.31722
129	142	1.32589
129	146	0.438738
129	151	1.35878
129	152	1.37829
129	158	0.532373
129	159	0.43598
129	168	0.525118
129	172	0.489103
129	173	0.50939
129	174	0.500728
129	175	0.498097
129	176	0.491022
129	180	0.488385
130	20	0.510059
130	24	0.580974
130	78	0.493057
130	81	0.50218
130	86	1.36312
130	87	0.482494
130	91	1.42706
130	94	1.32304
130	115	1.3889
130	123	1.33282
130	125	1.3679
130	126	1.34275
130	131	1.33045
130	134	0.485266
130	136	1.32652
130	140	1.29511
130	144	0.510486
130	146	0.440438
130	149	1.33981
130	150	1.33796
130	151	0.512501
130	153	0.464093
130	154	1.35032
130	155	1.33794
130	156	1.35968
130	157	1.34141
130	158	1.33527
130	159	0.43768
130	161	1.33532
130	163	1.3211
130	164	1.32963
130	168	1.34309
130	169	0.483625
130	170	0.504166
130	173	0.51109
130	179	0.491367
130	180	1.37079
131	16	0.534962
