1	69	1.35237
1	72	0.969506
1	113	1.05392
1	144	0.961022
1	152	0.955966
1	168	0.962969
1	169	0.958384
1	170	0.965076
1	173	0.948392
1	174	0.960941
1	177	0.958274
1	179	0.959926
2	96	0.711119
2	100	0.804549
2	121	0.875736
2	147	1.06277
2	148	1.08901
2	154	1.0655
2	162	1.07258
2	165	1.0517
2	171	1.06347
2	172	1.06471
2	175	1.06587
2	176	1.06464
3	44	0.958776
3	119	0.927666
3	129	1.23969
3	145	1.16667
3	152	0.963335
3	159	0.951074
3	167	0.967231
3	170	0.972445
3	174	0.96831
3	177	0.965643
3	178	0.958622
3	179	0.967294
4	76	0.84812
4	77	1.06979
4	143	0.806671
4	163	0.75144
4	164	1.05518
4	167	1.0711
4	169	1.06963
4	173	1.05963
4	174	1.07218
4	177	1.06952
4	178	1.06249
4	179	1.07117
5	52	1.04554
5	136	1.04652
5	137	1.07685
5	139	1.06729
5	148	1.09586
5	149	1.06807
5	154	1.07235
5	155	0.814289
5	156	1.05497
5	168	0.796735
5	175	1.07272
5	180	0.802546
6	119	0.930423
6	158	0.958871
6	159	0.953831
6	160	1.13672
6	164	0.954061
6	166	1.26758
6	167	0.969988
6	170	0.975202
6	173	0.958518
6	177	0.9684
6	178	0.961379
6	179	0.970052
7	82	1.05377
7	85	1.10727
7	91	0.708978
7	104	0.881348
7	134	1.04388
7	142	1.07707
7	165	1.05113
7	166	1.07589
7	167	0.801899
7	171	1.0629
7	172	1.06415
7	176	1.06407
8	96	1.17593
8	103	0.963327
8	123	0.961781
8	125	1.21832
8	130	0.954374
8	135	0.968165
8	140	0.952825
8	155	0.95447
8	160	0.972209
8	165	0.948963
8	172	0.961977
8	176	0.9619
9	102	1.17812
9	124	1.21102
9	158	0.952002
9	162	0.962619
9	163	0.972997
9	170	0.968333
9	171	0.953509
9	172	0.954755
9	174	0.964199
9	176	0.954678
9	178	0.95451
9	179	0.963183
10	91	0.993036
10	137	1.18323
10	138	1.2097
10	150	0.950324
10	168	0.964655
10	171	0.951939
10	172	0.953184
10	173	0.950078
10	174	0.962628
10	176	0.953107
10	177	0.959961
10	179	0.961612
11	92	0.979597
11	117	1.16404
11	126	0.949432
11	132	0.990056
11	136	0.929587
11	137	0.959915
11	139	0.950352
11	148	0.978921
11	149	0.951139
11	154	0.955413
11	175	0.955785
11	180	1.24366
12	58	0.923496
12	139	1.37306
12	141	0.959327
12	158	0.941391
12	164	0.936581
12	167	0.952508
12	169	0.95103
12	171	1.2296
12	174	0.953588
12	177	0.95092
12	178	0.943899
12	179	0.952572
12	180	0.935161
13	16	1.06611
13	35	0.902856
13	40	1.02397
13	75	1.05017
13	85	1.0769
13	93	0.995427
13	151	1.02364
13	163	1.05202
13	166	1.04552
13	171	1.03253
13	172	1.03377
13	177	0.82475
13	178	0.864959
14	65	1.40587
14	92	1.18364
14	140	0.936757
14	151	0.935771
14	164	0.938346
14	165	0.932895
14	167	0.954273
14	169	0.952795
14	170	0.959487
14	171	0.944663
14	176	0.945832
14	178	0.945664
14	179	0.954337
15	93	0.967312
15	125	1.02772
15	127	1.03115
15	142	0.794386
15	152	1.04636
15	157	0.847246
15	164	1.03433
15	169	1.04878
15	173	1.03878
15	177	1.04867
15	178	1.04165
15	179	1.05032
15	180	1.03291
16	13	1.06611
16	56	1.09751
16	58	0.998371
16	93	0.994356
16	125	0.796976
16	146	0.797142
16	157	1.02994
16	160	1.04294
16	161	1.02809
16	166	1.04445
16	171	1.03146
16	172	1.0327
16	176	1.03263
17	51	0.940972
17	86	0.909599
17	125	1.02323
17	166	0.754546
17	167	1.04577
17	169	1.04429
17	170	1.05098
17	173	1.0343
17	174	1.04685
17	177	1.04418
17	178	1.03716
17	179	1.04583
17	180	1.02842
18	68	0.693573
18	116	1.01296
18	139	0.988329
18	153	1.02584
18	154	0.909334
18	158	1.04065
18	161	1.03878
18	167	1.05177
18	171	1.04216
18	176	1.04332
18	177	1.05018
18	178	1.04316
18	179	1.05183
19	98	0.910639
19	99	0.911349
19	102	0.956882
19	131	0.947468
19	136	0.927519
19	138	0.965049
19	139	0.948285
19	148	0.976854
19	149	0.949071
19	154	0.953345
19	155	1.31061
19	175	0.953717
19	180	1.29887
20	108	0.933486
20	145	1.27699
20	146	0.942594
20	158	0.940977
20	159	0.935937
20	161	1.32982
20	169	0.950616
20	170	0.957308
20	173	0.940624
20	174	0.953174
20	177	0.950506
20	178	0.943485
20	179	0.952158
21	61	1.08908
21	62	1.00819
21	72	0.840406
21	94	1.0065
21	129	1.05046
21	135	1.05025
21	157	1.0413
21	164	0.914529
21	165	1.03105
21	172	1.04406
21	176	1.04399
21	179	0.840588
21	180	1.03508
22	69	0.999347
22	94	1.01397
22	109	1.04201
22	143	1.06744
22	144	0.859098
22	151	1.0414
22	157	1.04877
22	161	1.04692
22	165	1.03852
22	171	1.05029
22	173	0.873905
22	176	1.05146
22	178	0.862646
23	127	1.02826
23	133	1.05851
23	135	0.864795
23	139	0.942129
23	158	1.03625
23	159	1.03121
23	171	0.798667
23	173	1.0359
23	174	1.04845
23	177	1.04578
23	178	1.03876
23	179	1.04743
23	180	1.03002
24	133	1.05392
24	136	0.948948
24	138	0.786956
24	139	0.858299
24	160	1.04465
24	170	1.048
24	171	1.03318
24	172	1.03442
24	173	1.03131
24	174	1.04386
24	176	1.03434
24	178	1.03418
24	179	1.04285
25	41	1.01306
25	63	0.988577
25	92	1.04463
25	98	0.977739
25	132	1.05509
25	136	0.994619
25	137	1.02495
25	148	1.04395
25	149	1.01617
25	154	1.02045
25	168	0.945198
25	174	0.905784
25	175	1.02082
25	179	0.95071
26	127	0.922077
26	146	0.931682
26	159	0.925025
26	163	1.37211
26	164	0.925255
26	167	0.941182
26	169	0.939704
26	170	0.946396
26	173	0.929712
26	174	0.942262
26	176	1.43264
26	178	0.932573
26	179	0.941246
26	180	0.923835
27	48	0.834231
27	120	1.01604
27	131	1.02482
27	149	0.925204
27	160	1.02487
27	163	1.03288
27	164	1.00707
27	169	1.02152
27	171	1.01339
27	172	1.01464
27	173	1.01153
27	177	1.02141
27	178	1.01439
27	179	1.02306
28	40	0.92377
28	118	1.0221
28	121	1.01496
28	145	0.85755
28	146	1.01337
28	156	1.03208
28	164	1.00694
28	169	1.02139
28	170	1.02808
28	173	1.0114
28	174	1.02395
28	177	1.02128
28	178	1.01426
28	179	1.02293
29	81	0.905433
29	93	0.98595
29	94	0.986735
29	103	1.02565
29	126	1.06163
29	130	1.01669
29	135	1.03049
29	142	1.03722
29	160	1.03453
29	165	1.01128
29	169	0.823798
29	171	1.02305
29	172	1.0243
29	176	1.02422
30	109	0.977812
30	125	1.00101
30	140	0.975676
30	144	1.02471
30	152	1.01965
30	159	1.00739
30	169	1.02207
30	170	1.02876
30	173	1.01208
30	174	1.02463
30	176	0.853121
30	177	1.02196
30	178	1.01494
30	179	1.02361
31	128	1.02973
31	153	0.988449
31	156	0.957589
31	159	1.00586
31	164	1.00609
31	166	0.861091
31	167	1.02201
31	169	1.02053
31	170	1.02723
31	173	1.01054
31	174	1.02309
31	177	1.02042
31	178	1.0134
31	179	1.02208
32	68	1.02804
32	77	0.754837
32	109	1.01
32	134	0.999257
32	142	1.03244
32	145	1.01829
32	151	1.00939
32	161	1.01491
32	162	1.02739
32	166	1.03127
32	171	1.01828
32	172	1.01952
32	175	1.00853
32	176	1.01945
33	77	1.31526
33	101	1.48253
33	103	0.933425
33	129	0.938472
33	142	0.944994
33	153	0.914515
33	161	0.927458
33	162	0.939939
33	165	0.919061
33	166	0.943821
33	168	0.943546
33	171	0.93083
33	172	0.932075
33	176	0.931998
34	101	1.01317
34	135	0.953558
34	137	0.933077
34	152	1.02018
34	158	1.01295
34	159	1.00791
34	167	1.02407
34	169	1.02259
34	172	0.915976
34	173	1.0126
34	174	1.02515
34	177	1.02248
34	178	1.01546
34	179	1.02414
35	13	0.902856
35	56	0.816733
35	110	1.05395
35	114	0.986478
35	157	1.08636
35	169	1.02094
35	170	1.02763
35	173	1.01094
35	174	1.02349
35	175	1.01521
35	177	1.02083
35	178	1.01381
35	179	1.02248
35	180	1.00507
36	74	0.941601
36	83	0.934165
36	124	0.919785
36	126	0.923682
36	132	0.964306
36	138	0.941367
36	139	0.924602
36	148	0.953171
36	149	0.925389
36	154	0.929663
36	155	1.40008
36	156	0.912282
36	160	1.40742
36	175	0.930035
37	87	0.906901
37	118	1.00345
37	152	1.00033
37	158	0.993105
37	159	0.988065
37	163	1.02962
37	167	1.00422
37	168	1.00733
37	170	1.00944
37	171	1.06485
37	174	1.0053
37	177	1.00263
37	178	0.995614
37	179	1.00429
37	180	0.986875
38	50	0.993118
38	108	0.984771
38	110	1.03491
38	112	0.984965
38	121	0.99547
38	135	1.07085
38	144	1.00454
38	145	0.953049
38	164	0.987452
38	167	1.00338
38	173	0.991909
38	174	1.00446
38	177	1.00179
38	178	0.99477
38	179	1.00344
39	72	0.964245
39	140	0.991987
39	141	1.01632
39	147	0.992231
39	150	0.998279
39	151	0.991
39	153	0.983579
39	161	0.996521
39	163	1.01938
39	164	1.03837
39	165	0.988124
39	166	1.01288
39	171	0.999893
39	172	1.00114
39	176	1.00106
40	13	1.02397
40	28	0.92377
40	56	1.05536
40	75	1.00696
40	82	0.98019
40	119	1.1471
40	143	1.00647
40	153	0.973003
40	158	0.921946
40	161	0.985946
40	163	1.00881
40	165	0.977549
40	168	1.00203
40	171	0.989318
40	176	0.990487
41	25	1.01306
41	45	0.938566
41	87	1.02572
41	88	1.16711
41	92	1.01874
41	98	0.951849
41	113	1.01873
41	136	0.96873
41	137	0.999058
41	138	1.00626
41	148	1.01806
41	149	0.990282
41	154	0.994556
41	175	0.994928
41	180	0.897111
42	114	1.05403
42	129	1.0035
42	135	1.00329
42	140	0.987952
42	150	0.994244
42	161	0.992487
42	162	1.00497
42	163	1.01535
42	166	1.00885
42	168	1.00858
42	171	0.995859
42	175	0.947051
42	176	0.997028
42	179	0.993971
42	180	0.988122
43	128	1.01163
43	146	0.994411
43	148	1.00341
43	159	0.987755
43	160	0.935013
43	164	0.987984
43	167	1.00391
43	168	1.00702
43	170	1.00913
43	173	0.992442
43	174	1.00499
43	176	1.06481
43	177	1.00232
43	178	0.995303
43	179	1.00398
44	3	0.958776
44	84	0.998308
44	122	0.999444
44	132	0.927789
44	143	1.0323
44	158	0.997522
44	166	1.03865
44	167	1.00864
44	170	1.01385
44	173	0.997169
44	174	1.00972
44	175	1.00143
44	177	1.00705
44	178	1.00003
44	179	1.0087
45	41	0.938566
45	50	0.990848
45	91	1.0326
45	104	0.991959
45	128	1.00882
45	159	0.984952
45	162	1.04227
45	169	0.999631
45	170	1.00632
45	172	1.02411
45	173	0.989639
45	174	1.00219
45	177	0.999521
45	178	0.9925
45	179	1.00117
46	67	1.02835
46	110	0.83454
46	130	0.989683
46	135	1.00347
46	153	0.979725
46	157	0.994523
46	162	1.00515
46	163	1.01553
46	164	1.11427
46	165	0.984271
46	166	1.00903
46	171	0.99604
46	172	0.997285
46	176	0.997209
46	178	1.04664
47	67	1.03392
47	83	1.00166
47	87	1.02832
47	102	1.00069
47	124	0.987279
47	136	0.97133
47	137	1.00166
47	138	1.00886
47	139	0.992096
47	148	1.02067
47	149	0.992883
47	154	0.997156
47	167	0.982441
47	175	0.997528
47	180	0.986156
48	27	0.834231
48	70	1.23055
48	98	0.956437
48	102	1.00268
48	124	0.989266
48	131	0.993266
48	132	1.03379
48	137	1.00365
48	138	1.01085
48	139	0.994083
48	148	1.02265
48	149	0.994869
48	154	0.999143
48	175	0.999515
48	180	0.946504
49	84	1.04787
49	111	1.03521
49	143	1.01147
49	145	0.994333
49	150	0.992708
49	161	0.990951
49	163	1.01381
49	165	0.982554
49	166	1.00731
49	169	0.958954
49	171	0.994323
49	172	0.995568
49	174	0.988202
49	176	0.995492
49	180	0.986586
50	38	0.993118
50	45	0.990848
50	86	1.07334
50	108	0.988225
50	140	1.03978
50	161	0.893083
50	164	0.990906
50	167	1.00683
50	169	1.00536
50	170	1.01205
50	173	0.995363
50	174	1.00791
50	177	1.00525
50	178	0.998224
50	179	1.0069
51	17	0.940972
51	61	1.02612
51	107	0.982298
51	122	1.13373
51	130	0.973502
51	134	0.960837
51	140	0.971952
51	142	0.994024
51	160	0.991336
51	161	0.976487
51	162	0.988969
51	165	0.96809
51	166	0.99285
51	168	0.992576
51	174	1.12167
51	176	0.981028
52	5	1.04554
52	68	1.00964
52	87	1.00629
52	99	0.933134
52	112	1.00204
52	126	0.969149
52	131	0.969253
52	136	0.949304
52	137	0.979632
52	138	0.986834
52	148	0.998638
52	154	0.97513
52	159	1.05109
52	163	1.12105
52	175	0.975502
52	180	1.03269
53	57	1.04557
53	62	1.16896
53	69	1.14358
53	121	0.97632
53	141	0.991047
53	145	0.897226
53	159	0.968071
53	164	0.968301
53	167	0.984228
53	169	0.98275
53	170	0.989442
53	174	0.985308
53	177	0.98264
53	178	0.975619
53	179	0.984292
53	180	0.966881
54	109	0.905283
54	129	0.921205
54	133	0.934311
54	135	0.920996
54	151	0.90467
54	153	0.897248
54	157	0.912045
54	158	1.59116
54	161	0.91019
54	162	0.922672
54	165	0.901794
54	166	0.926554
54	171	0.913562
54	172	0.914808
54	176	0.914731
54	177	1.60367
55	84	0.981668
55	125	0.969461
55	145	1.02577
55	152	0.988103
55	164	0.976071
55	167	0.991999
55	169	0.990521
55	170	0.997213
55	171	1.07745
55	172	1.10599
55	173	0.980529
55	175	0.984794
55	177	0.990411
55	178	0.98339
55	179	0.992062
55	180	0.974651
56	16	1.09751
56	35	0.816733
56	40	1.05536
56	82	1.05479
56	104	0.848558
56	134	1.0449
56	135	1.07136
56	142	1.07809
56	147	0.800328
56	161	1.06055
56	162	1.07303
56	163	1.08341
56	165	1.05215
56	171	1.06392
56	175	0.725604
56	176	1.06509
57	53	1.04557
57	58	1.04942
57	130	0.804619
57	135	0.81146
57	138	0.817451
57	159	1.06228
57	164	1.06251
57	169	1.07695
57	173	1.06696
57	174	1.07951
57	175	1.07123
57	176	0.770631
57	177	1.07685
57	178	1.06982
57	179	1.0785
57	180	1.06109
58	12	0.923496
58	16	0.998371
58	57	1.04942
58	81	0.976744
58	120	1.16173
58	160	1.0447
58	164	0.972154
58	167	0.988082
58	168	0.991189
58	169	0.986604
58	170	0.993295
58	173	0.976611
58	174	0.989161
58	177	0.986494
58	178	0.979473
58	179	0.988145
59	77	0.889602
59	101	1.05687
59	114	1.25027
59	126	0.980216
59	136	0.960371
59	148	1.00971
59	149	0.981923
59	153	0.96785
59	154	0.986197
59	161	0.980792
59	163	1.00365
59	166	0.997156
59	171	0.984164
59	172	0.985409
59	175	0.986569
59	180	0.976427
60	98	1.05544
60	112	0.698433
60	139	0.861655
60	152	1.04809
60	154	0.782661
60	157	1.04086
60	162	1.05149
60	165	1.03061
60	167	1.05199
60	170	1.0572
60	172	1.04363
60	174	1.05307
60	176	1.04355
60	177	1.0504
60	178	1.04338
60	179	1.05205
60	180	1.03464
61	21	1.08908
61	51	1.02612
61	76	1.05747
61	132	0.867104
61	140	1.03623
61	143	1.06129
61	150	1.04252
61	151	1.03524
61	153	1.02782
61	162	1.05325
61	164	0.901667
61	171	1.04414
61	172	1.04538
61	176	1.04531
61	177	0.793828
61	179	0.827726
61	180	1.0364
62	21	1.00819
62	53	1.16896
62	132	0.999925
62	134	0.944227
62	138	0.976985
62	139	0.960221
62	148	0.98879
62	149	0.961008
62	154	0.965281
62	157	0.961731
62	166	0.97624
62	169	1.09969
62	171	0.963249
62	172	0.964494
62	174	1.12894
62	175	0.965653
62	176	0.964417
63	25	0.988577
63	82	1.25439
63	83	0.974574
63	99	0.928076
63	112	0.996979
63	118	1.08217
63	124	0.960195
63	131	0.964195
63	132	1.00472
63	137	0.974574
63	138	0.981776
63	147	0.96734
63	149	0.965798
63	154	0.970072
63	156	0.952691
63	169	1.06097
63	175	0.970444
64	78	1.10183
64	89	1.21613
64	114	0.94339
64	144	0.980487
64	146	0.969827
64	147	0.969018
64	158	0.96821
64	159	0.96317
64	164	0.9634
64	168	0.982434
64	169	0.977849
64	170	0.984541
64	171	1.08759
64	173	0.967857
64	174	0.980406
64	178	0.970718
64	179	0.979391
65	14	1.40587
65	90	1.10927
65	92	0.995882
65	98	0.928991
65	122	0.97008
65	131	0.965821
65	132	1.00634
65	133	0.894612
65	136	0.945872
65	137	0.9762
65	138	0.983402
65	139	0.966637
65	148	0.995206
65	149	0.967424
65	154	0.971698
65	156	0.954317
65	175	0.97207
66	98	1.26974
66	99	1.21315
66	112	0.912724
66	128	0.984375
66	134	0.948028
66	135	0.974484
66	144	0.977819
66	151	0.958157
66	160	0.978527
66	166	0.980041
66	172	0.968295
66	173	0.96519
66	174	0.977739
66	176	0.968219
66	177	0.975072
66	178	0.968051
66	179	0.976724
67	46	1.02835
67	47	1.03392
67	69	0.979241
67	113	1.05639
67	117	0.798668
67	130	1.02383
67	152	0.869655
67	155	1.02392
67	159	0.896685
67	160	1.04166
67	161	1.02681
67	165	1.01841
67	166	1.04317
67	168	1.0429
67	171	1.03018
67	172	1.03143
67	176	1.03135
67	180	1.02245
68	18	0.693573
68	32	1.02804
68	52	1.00964
68	70	1.08686
68	74	1.04839
68	98	0.993746
68	99	0.994456
68	112	1.06336
68	126	1.03047
68	131	1.03058
68	136	1.01063
68	138	1.04816
68	139	1.03139
68	147	1.03372
68	149	1.03218
68	154	1.03645
68	175	1.03682
68	180	0.802813
69	1	1.35237
69	22	0.999347
69	53	1.14358
69	67	0.979241
69	129	0.954574
69	141	0.963361
69	142	0.961096
69	143	0.96408
69	150	0.945317
69	157	0.945414
69	160	0.958409
69	163	0.966419
69	166	0.959923
69	168	0.959649
69	171	0.946932
69	172	0.948177
69	175	1.10156
69	176	0.948101
70	48	1.23055
70	68	1.08686
70	97	0.971454
70	114	0.929446
70	126	1.27793
70	160	0.96725
70	161	0.952401
70	162	0.964882
70	163	0.97526
70	164	0.949455
70	170	0.970596
70	172	0.957018
70	173	0.953912
70	174	0.966462
70	176	0.956942
70	177	0.963795
70	178	0.956774
70	179	0.965446
71	74	1.00401
71	75	0.975934
71	85	0.831755
71	91	1.05132
71	100	1.00993
71	114	0.983897
71	158	1.00872
71	159	1.00368
71	164	1.00391
71	168	1.02294
71	169	1.01836
71	170	1.02505
71	173	1.00836
71	175	1.01263
71	176	0.995263
71	177	1.01825
71	178	1.01122
71	179	1.0199
71	180	1.00249
72	1	0.969506
72	21	0.840406
72	39	0.964245
72	84	1.01641
72	90	0.992413
72	107	1.0195
72	119	0.987173
72	146	1.01724
72	158	1.01562
72	164	1.01081
72	166	0.979984
72	167	1.02674
72	170	1.03195
72	173	1.01527
72	174	1.02782
72	175	1.01953
72	177	1.02515
72	178	1.01813
72	179	1.0268
73	103	1.01423
73	112	0.968961
73	121	0.981058
73	127	0.986526
73	135	1.01907
73	142	1.0258
73	150	1.01002
73	153	0.995318
73	157	1.01012
73	161	1.00826
73	162	1.02074
73	163	1.03112
73	165	0.999864
73	166	1.02462
73	167	0.861422
73	171	1.01163
73	172	1.01288
73	176	1.0128
73	180	1.0039
74	36	0.941601
74	68	1.04839
74	71	1.00401
74	102	1.01742
74	124	1.004
74	126	1.0079
74	131	1.008
74	132	1.04852
74	137	1.01838
74	138	1.02558
74	139	1.00882
74	141	0.875519
74	148	1.03739
74	149	1.00961
74	154	1.01388
74	156	0.996498
74	170	0.925365
74	175	1.01425
74	178	0.994168
75	13	1.05017
75	40	1.00696
75	71	0.975934
75	88	0.994836
75	93	0.97841
75	122	0.926918
75	133	1.03626
75	134	0.99649
75	151	1.00662
75	153	0.999197
75	157	1.01399
75	160	1.02699
75	162	1.02462
75	165	1.00374
75	168	1.02823
75	172	1.01676
75	173	0.977347
75	175	0.912857
75	176	1.01668
76	4	0.84812
76	61	1.05747
76	81	1.02272
76	82	1.00208
76	88	0.990528
76	89	0.989021
76	106	1.01454
76	150	1.00959
76	151	1.00231
76	157	1.00969
76	160	1.02268
76	162	1.02031
76	163	1.03069
76	166	1.0242
76	169	0.941085
76	171	1.0112
76	176	1.01237
76	177	0.981361
76	180	1.00347
77	4	1.06979
77	32	0.754837
77	33	1.31526
77	59	0.889602
77	108	0.997172
77	125	0.993243
77	131	0.836181
77	146	1.00628
77	152	1.01188
77	164	0.999853
77	167	1.01578
77	168	1.01889
77	170	1.02099
77	173	1.00431
77	174	1.01686
77	175	1.00858
77	177	1.01419
77	178	1.00717
77	179	1.01584
78	64	1.10183
78	93	0.963968
78	107	1.00351
78	129	1.00871
78	135	1.0085
78	140	0.993164
78	142	1.01523
78	143	1.01822
78	147	0.995846
78	153	0.984755
78	155	0.994809
78	156	0.985722
78	157	0.999553
78	161	0.997698
78	163	1.02056
78	171	1.00107
78	172	1.00232
78	174	0.923117
78	176	1.00224
78	178	0.974354
79	82	0.999526
79	84	1.00034
79	114	0.974735
79	115	0.970689
79	118	1.0099
79	120	1.0167
79	125	0.988134
79	146	1.00117
79	157	1.09251
79	158	0.999554
79	160	0.899663
79	167	1.01067
79	170	1.01589
79	173	0.999201
79	174	1.01175
79	175	1.00347
79	177	1.00908
79	178	1.00206
79	179	1.01074
79	180	0.993324
80	101	0.994639
80	106	1.00906
80	127	0.98644
80	128	1.01326
80	144	1.00671
80	146	0.996046
80	151	1.00734
80	154	0.964843
80	156	1.02323
80	164	0.989619
80	167	1.00555
80	169	1.00407
80	170	1.01076
80	173	0.994076
80	174	1.00663
80	175	0.998341
80	177	1.00396
80	178	0.996937
80	179	1.00561
80	180	0.988199
81	29	0.905433
81	58	0.976744
81	76	1.02272
81	104	0.996606
81	105	0.990452
81	110	1.03729
81	146	0.996257
81	152	1.00186
81	153	1.11498
81	158	0.994639
81	164	0.98983
81	167	1.00576
81	169	1.00428
81	171	0.961268
81	173	0.994287
81	174	1.00684
81	175	0.998552
81	177	1.00417
81	178	0.997148
81	179	1.00582
82	7	1.05377
82	40	0.98019
82	56	1.05479
82	63	1.25439
82	76	1.00208
82	79	0.999526
82	95	0.826517
82	111	1.02963
82	129	0.996389
82	134	0.969725
82	153	0.972432
82	160	1.00022
82	161	0.985374
82	163	1.00823
82	165	0.976978
82	166	1.00174
82	171	0.988746
82	172	0.989992
82	176	0.989915
82	177	0.915271
83	36	0.934165
83	47	1.00166
83	63	0.974574
83	99	0.964446
83	113	1.03062
83	117	0.90812
83	124	0.996565
83	131	1.00057
83	132	1.04109
83	136	0.980616
83	137	1.01094
83	138	1.01815
83	139	1.00138
83	148	1.02995
83	149	1.00217
83	154	1.00644
83	168	0.98193
83	175	1.00681
83	176	1.13662
83	180	0.987741
84	44	0.998308
84	49	1.04787
84	55	0.981668
84	72	1.01641
84	79	1.00034
84	100	0.99686
84	121	0.998855
84	146	0.997263
84	155	0.990892
84	157	1.05689
84	163	0.933317
84	167	1.00676
84	169	1.00529
84	170	1.01198
84	171	0.968546
84	173	0.995293
84	174	1.00784
84	177	1.00518
84	178	0.998154
84	180	0.989416
85	7	1.10727
85	13	1.0769
85	71	0.831755
85	103	1.04484
85	111	1.08313
85	121	0.931818
85	123	1.0433
85	130	1.03589
85	145	1.04226
85	147	0.843401
85	151	1.03335
85	155	1.03599
85	161	1.03887
85	162	1.05136
85	165	1.03048
85	168	1.05496
85	172	1.04349
85	174	0.770672
85	176	1.04342
85	179	0.815598
85	180	1.03451
86	17	0.909599
86	50	1.07334
86	89	0.966719
86	103	0.991498
86	116	0.959707
86	134	0.969881
86	135	0.996336
86	142	1.00307
86	143	1.00605
86	145	0.988912
86	150	0.987288
86	155	0.982641
86	157	0.987385
86	163	1.00839
86	166	1.00189
86	169	1.06105
86	171	0.988903
86	172	0.990148
86	173	1.15279
86	176	0.990071
86	180	0.981165
87	37	0.906901
87	41	1.02572
87	47	1.02832
87	52	1.00629
87	92	1.05729
87	102	1.03664
87	112	1.06001
87	124	1.02323
87	126	1.02712
87	131	1.02723
87	132	1.06775
87	138	1.04481
87	139	1.02804
87	148	1.05661
87	149	1.02883
87	154	1.0331
87	155	0.807901
87	156	1.01572
87	164	0.8698
87	165	1.02891
87	175	1.03347
87	180	0.796157
88	41	1.16711
88	75	0.994836
88	76	0.990528
88	94	0.940881
88	116	0.948003
88	117	1.0209
88	128	1.03738
88	143	0.994347
88	150	0.975583
88	151	0.968305
88	153	0.960884
88	157	0.975681
88	160	0.988676
88	162	0.986308
88	163	0.996686
88	164	1.17416
88	165	0.965429
88	166	0.99019
88	168	0.989915
88	171	0.977198
88	172	0.978443
88	176	0.978367
89	64	1.21613
89	76	0.989021
89	86	0.966719
89	107	0.97813
89	123	0.976741
89	130	0.969334
89	134	0.956669
89	135	0.983125
89	142	0.989856
89	143	0.99284
89	146	1.07651
89	150	0.974076
89	157	0.974174
89	161	0.972319
89	163	0.995179
89	165	0.963922
89	166	0.988683
89	170	1.01986
89	171	0.975691
89	172	0.976936
89	176	0.97686
89	179	1.08235
90	65	1.10927
90	72	0.992413
90	127	0.963664
90	138	1.12599
90	145	0.973169
90	148	1.01776
90	149	1.13724
90	150	0.971545
90	151	0.964267
90	157	0.971642
90	162	0.982269
90	166	0.986151
90	167	0.982769
90	169	0.981292
90	170	0.987983
90	171	0.97316
90	172	0.974405
90	174	0.983849
90	176	0.974328
90	177	0.981182
90	178	0.974161
90	179	0.982833
91	7	0.708978
91	10	0.993036
91	45	1.0326
91	71	1.05132
91	105	1.03328
91	109	1.00746
91	114	1.01265
91	115	1.0086
91	131	1.04046
91	142	0.892954
91	147	1.03827
91	152	1.04469
91	160	0.75297
91	164	1.03265
91	167	1.04858
91	169	1.0471
91	174	1.04966
91	175	1.04138
91	177	1.04699
91	178	1.03997
91	179	1.04865
91	180	1.03123
92	11	0.979597
92	14	1.18364
92	25	1.04463
92	41	1.01874
92	65	0.995882
92	87	1.05729
92	99	0.984129
92	124	1.01625
92	127	0.908665
92	131	1.02025
92	132	1.06077
92	136	1.0003
92	137	1.03063
92	138	1.03783
92	139	1.02106
92	148	1.04963
92	149	1.02185
92	154	1.02612
92	155	0.799019
92	156	1.00874
92	168	0.781466
92	172	0.939407
92	175	1.0265
93	13	0.995427
93	15	0.967312
93	16	0.994356
93	29	0.98595
93	75	0.97841
93	78	0.963968
93	106	0.964107
93	108	1.16664
93	119	1.34097
93	134	0.94175
93	142	0.974937
93	145	0.960781
93	150	0.959157
93	157	0.959255
93	162	0.969882
93	163	0.98026
93	165	0.949003
93	166	0.973764
93	168	0.973489
93	171	0.960772
93	175	1.1153
93	176	0.961941
93	180	0.953035
94	21	1.0065
94	22	1.01397
94	29	0.986735
94	88	0.940881
94	97	0.977239
94	109	0.953278
94	125	1.16589
94	129	0.9692
94	140	0.953651
94	143	0.978706
94	145	0.961567
94	150	0.959943
94	153	0.945243
94	155	0.955296
94	157	0.96004
94	159	1.19059
94	160	0.973035
94	161	0.958185
94	163	0.981045
94	170	1.1094
94	172	0.962803
94	175	1.12497
94	176	0.962726
95	82	0.826517
95	99	0.980627
95	106	0.939842
95	123	0.87858
95	126	1.01664
95	137	1.02713
95	138	1.03433
95	139	1.01756
95	140	0.979009
95	146	1.0207
95	148	1.04613
95	149	1.01835
95	153	0.984872
95	154	1.02262
95	156	1.00524
95	169	1.02872
95	170	1.03541
95	174	1.03128
95	175	1.023
95	177	1.02861
95	178	1.02159
95	179	1.03026
95	180	1.01285
96	2	0.711119
96	8	1.17593
96	105	1.00442
96	114	0.983789
96	118	1.01895
96	119	0.98016
96	127	1.00062
96	133	1.03086
96	146	1.01023
96	150	0.995655
96	157	0.993754
96	158	1.00861
96	164	1.0038
96	168	1.02283
96	169	1.01825
96	170	1.02494
96	173	1.00826
96	174	1.0208
96	175	1.01252
96	176	0.930709
96	177	1.01814
96	178	1.01112
96	179	1.01979
96	180	1.00238
97	70	0.971454
97	94	0.977239
97	103	1.01615
97	108	0.964172
97	116	0.98436
97	134	0.994534
97	135	1.02099
97	141	1.02999
97	143	1.0307
97	144	0.962509
97	145	1.01357
97	151	1.00466
97	153	0.997241
97	157	1.01204
97	159	0.978441
97	161	1.01018
97	162	1.02267
97	163	1.03304
97	166	1.02655
97	168	1.02627
97	171	1.01356
97	172	1.0148
97	177	0.925848
97	179	0.959746
98	19	0.910639
98	25	0.977739
98	41	0.951849
98	48	0.956437
98	60	1.05544
98	65	0.928991
98	66	1.26974
98	68	0.993746
98	102	0.962771
98	112	0.986141
98	124	0.949357
98	131	0.953357
98	132	0.993877
98	136	0.933408
98	137	0.963736
98	138	0.970938
98	139	0.954174
98	141	1.17872
98	147	0.956502
98	148	0.982743
98	149	0.95496
98	154	0.959234
98	175	0.959606
98	178	1.29737
99	19	0.911349
99	52	0.933134
99	63	0.928076
99	66	1.21315
99	68	0.994456
99	83	0.964446
99	92	0.984129
99	95	0.980627
99	102	0.963481
99	120	0.960561
99	126	0.953964
99	131	0.954068
99	132	0.994588
99	133	1.11988
99	136	0.934118
99	138	0.971648
99	139	0.954884
99	147	0.957212
99	148	0.983453
99	149	0.955671
99	154	0.959944
99	155	1.24651
99	175	0.960316
99	180	1.23477
100	2	0.804549
100	71	1.00993
100	84	0.99686
100	105	0.991886
100	110	1.03873
100	114	0.971254
100	125	0.984653
100	142	1.03432
100	147	0.996882
100	155	0.99132
100	156	1.1217
100	158	0.996074
100	159	0.991034
100	164	0.991264
100	166	1.0252
100	167	1.00719
100	169	1.00571
100	170	1.0124
100	173	0.995721
100	174	1.00827
100	175	0.999986
100	176	1.02414
100	177	1.0056
100	178	0.998582
100	179	1.00725
101	33	1.48253
101	34	1.01317
101	59	1.05687
101	80	0.994639
101	103	0.902476
101	113	0.716675
101	117	1.00872
101	118	1.00542
101	125	0.98365
101	146	0.996687
101	152	1.00229
101	155	0.990316
101	158	0.99507
101	164	0.99026
101	167	1.00619
101	169	1.00471
101	170	1.0114
101	172	0.849005
101	173	0.994717
101	174	1.00727
101	175	0.998983
101	177	1.0046
101	178	0.997579
101	179	1.00625
101	180	0.98884
102	9	1.17812
102	19	0.956882
102	47	1.00069
102	48	1.00268
102	74	1.01742
102	87	1.03664
102	98	0.962771
102	99	0.963481
102	112	1.03238
102	122	1.00386
102	124	0.9956
102	126	0.999497
102	131	0.999601
102	136	0.979651
102	138	1.01718
102	139	1.00042
102	147	1.00274
102	148	1.02899
102	154	1.00548
102	155	0.980181
102	156	0.988096
102	168	0.962627
102	174	0.923213
102	175	1.00585
102	180	0.968438
103	8	0.963327
103	29	1.02565
103	33	0.933425
103	73	1.01423
103	85	1.04484
103	86	0.991498
103	97	1.01615
103	101	0.902476
103	116	0.971274
103	122	1.00296
103	129	1.00811
103	134	0.981448
103	142	1.01463
103	145	1.00048
103	147	1.06363
103	160	1.01195
103	161	0.997098
103	162	1.00958
103	163	1.01996
103	165	0.988701
103	166	1.01346
103	167	1.03241
103	174	0.990898
103	176	1.00164
103	180	0.992733
104	7	0.881348
104	45	0.991959
104	56	0.848558
104	81	0.996606
104	108	0.989335
104	114	0.972007
104	117	1.01048
104	135	1.09597
104	144	1.0091
104	146	0.998443
104	152	1.00405
104	156	1.1527
104	158	0.996826
104	159	0.991787
104	167	1.00794
104	168	1.01105
104	169	1.00647
104	170	1.01316
104	171	1.02984
104	173	0.996474
104	175	1.00074
104	177	1.00636
104	178	0.999335
104	179	1.00801
104	180	0.990596
105	81	0.990452
105	91	1.03328
105	96	1.00442
105	100	0.991886
105	110	1.03333
105	111	0.871763
105	118	1.00102
105	125	0.979251
105	144	1.00295
105	146	0.992289
105	151	1.0428
105	152	0.997893
105	153	1.08956
105	157	1.02418
105	158	0.990672
105	159	0.985632
105	162	0.98255
105	167	1.00179
105	169	1.00031
105	170	1.007
105	173	0.990319
105	174	1.00287
105	177	1.0002
105	178	0.99318
105	179	1.00185
106	76	1.01454
106	80	1.00906
106	93	0.964107
106	95	0.939842
106	109	0.992929
106	123	1.00226
106	130	0.994852
106	133	1.02196
106	140	0.993302
106	143	1.01836
106	145	1.00122
106	153	0.984894
106	156	0.985861
106	157	0.999692
106	160	1.01269
106	162	1.01032
106	165	0.98944
106	166	1.0142
106	170	1
106	171	1.00121
106	172	1.00245
106	175	1.01557
106	176	1.00238
106	177	1.0286
106	180	0.993472
107	51	0.982298
107	72	1.0195
107	78	1.00351
107	89	0.97813
107	109	0.992034
107	122	0.986823
107	129	1.00796
107	133	1.02106
107	143	1.01746
107	145	1.00032
107	153	0.983999
107	155	0.994052
107	156	0.984966
107	160	1.01179
107	161	0.996942
107	162	1.00942
107	163	1.0198
107	165	0.988545
107	166	1.01331
107	171	1.00031
107	175	0.972762
107	176	1.00148
107	177	0.985785
107	178	1.02599
107	180	0.992576
108	20	0.933486
108	38	0.984771
108	50	0.988225
108	77	0.997172
108	93	1.16664
108	97	0.964172
108	104	0.989335
108	121	0.990577
108	128	1.0062
108	140	1.10609
108	141	1.0053
108	144	0.999645
108	147	0.988177
108	158	0.987368
108	159	0.982329
108	164	0.982558
108	167	0.998486
108	170	1.0037
108	172	0.98678
108	173	0.987016
108	174	0.999565
108	175	0.991281
108	176	0.983532
108	177	0.996898
108	178	0.989877
108	179	0.998549
109	22	1.04201
109	30	0.977812
109	32	1.01
109	54	0.905283
109	91	1.00746
109	94	0.953278
109	106	0.992929
109	107	0.992034
109	111	1.03048
109	129	0.997237
109	134	0.970573
109	135	0.997029
109	140	0.981688
109	143	1.00674
109	151	0.980702
109	159	1.12249
109	160	1.00107
109	161	0.986223
109	163	1.00908
109	165	0.977826
109	166	1.00259
109	169	1.02962
109	172	0.99084
109	175	1.05688
109	176	0.990764
109	180	0.981857
110	35	1.05395
110	38	1.03491
110	46	0.83454
110	81	1.03729
110	100	1.03873
110	105	1.03333
110	115	1.00865
110	116	0.940253
110	118	1.04786
110	134	0.941476
110	136	0.982127
110	146	1.03913
110	147	1.03832
110	159	1.03247
110	162	0.794728
110	163	0.712789
110	164	1.0327
110	167	1.04863
110	169	1.04715
110	170	1.05384
110	173	1.03716
110	174	1.04971
110	177	1.04704
110	178	1.04002
110	179	1.04869
110	180	1.03128
111	49	1.03521
111	82	1.02963
111	85	1.08313
111	105	0.871763
111	109	1.03048
111	116	1.00957
111	125	0.883726
111	128	0.826889
111	129	1.04641
111	130	1.03241
111	135	1.0462
111	145	1.03877
111	150	1.03715
111	155	1.0325
111	157	1.03725
111	160	1.05024
111	161	1.03539
111	162	1.04787
111	163	1.05825
111	171	1.03876
111	172	1.04001
111	173	0.907301
111	174	0.844805
111	176	1.03993
111	177	0.855833
111	180	1.03103
112	38	0.984965
112	52	1.00204
112	60	0.698433
112	63	0.996979
112	66	0.912724
112	68	1.06336
112	73	0.968961
112	87	1.06001
112	98	0.986141
112	102	1.03238
112	113	1.05303
112	122	1.02723
112	124	1.01897
112	131	1.02297
112	132	1.06349
112	136	1.00302
112	137	1.03335
112	138	1.04055
112	139	1.02379
112	147	1.02612
112	148	1.05236
112	149	1.02457
112	154	1.02885
112	156	1.01147
112	167	0.930632
112	175	1.02922
112	177	0.90015
113	1	1.05392
113	41	1.01873
113	67	1.05639
113	83	1.03062
113	101	0.716675
113	112	1.05303
113	115	0.987587
113	121	0.966244
113	124	1.01624
113	136	1.00029
113	137	1.03062
113	142	1.03825
113	145	1.0241
113	148	1.04963
113	149	1.02185
113	154	1.02612
113	156	1.00874
113	160	1.03556
113	162	1.0332
113	163	1.04357
113	165	1.01232
113	171	1.02409
113	172	1.02533
113	175	1.02649
113	176	1.02525
113	177	0.816126
113	179	0.850023
114	35	0.986478
114	42	1.05403
114	59	1.25027
114	64	0.94339
114	70	0.929446
114	71	0.983897
114	79	0.974735
114	91	1.01265
114	96	0.983789
114	100	0.971254
114	104	0.972007
114	117	0.983694
114	118	0.980386
114	119	0.941593
114	121	0.973249
114	129	1.03521
114	136	1.24797
114	152	0.977262
114	158	0.97004
114	161	1.01502
114	164	0.96523
114	169	0.979679
114	170	0.986371
114	173	0.969687
114	174	0.982237
114	177	0.97957
114	178	0.972549
114	179	0.981221
115	79	0.970689
115	91	1.0086
115	110	1.00865
115	113	0.987587
115	117	0.979648
115	118	0.976339
115	119	0.937547
115	121	0.969203
115	123	1.13879
115	130	1.15066
115	144	0.978271
115	152	0.973215
115	155	0.96124
115	156	1.21423
115	158	0.965994
115	159	0.960954
115	167	0.977111
115	168	0.980218
115	169	0.975633
115	170	0.982325
115	172	1.11992
115	173	0.965641
115	174	0.978191
115	175	0.969907
115	177	0.975524
115	178	0.968502
115	179	0.977175
115	180	0.959764
116	18	1.01296
116	86	0.959707
116	88	0.948003
116	97	0.98436
116	103	0.971274
116	110	0.940253
116	111	1.00957
116	127	1.26773
116	130	0.962321
116	142	0.982843
116	143	0.985827
116	145	0.968688
116	151	0.959786
116	152	1.13771
116	153	0.952364
116	157	0.967161
116	159	1.16474
116	160	0.980156
116	162	0.977788
116	163	0.988166
116	165	0.95691
116	166	0.98167
116	168	0.981396
116	170	1.08355
116	171	0.968679
116	172	0.969924
116	176	0.969848
116	180	0.960941
117	11	1.16404
117	67	0.798668
117	83	0.90812
117	88	1.0209
117	101	1.00872
117	104	1.01048
117	114	0.983694
117	115	0.979648
117	119	0.980066
117	121	1.01172
117	124	0.92171
117	125	0.997093
117	144	1.02079
117	146	1.01013
117	152	1.01573
117	155	1.00376
117	158	1.00851
117	159	1.00347
117	164	1.0037
117	165	0.983654
117	167	1.01963
117	168	1.02274
117	169	1.01815
117	170	1.02484
117	173	1.00816
117	174	1.02071
117	177	1.01804
117	178	1.01102
117	179	1.01969
118	28	1.0221
118	37	1.00345
118	63	1.08217
118	79	1.0099
118	96	1.01895
118	101	1.00542
118	105	1.00102
118	110	1.04786
118	114	0.980386
118	115	0.976339
118	142	0.936317
118	144	1.01748
118	146	1.00682
118	158	1.0052
118	159	1.00017
118	164	1.00039
118	165	1.01
118	166	0.927192
118	169	1.01484
118	170	1.02154
118	172	0.92938
118	173	1.00485
118	174	1.0174
118	175	1.00912
118	176	0.926132
118	177	1.01473
118	178	1.00771
118	179	1.01639
118	180	0.998975
119	3	0.927666
119	6	0.930423
119	40	1.1471
119	72	0.987173
119	93	1.34097
119	96	0.98016
119	114	0.941593
119	115	0.937547
119	117	0.980066
119	127	0.958424
119	128	0.985245
119	144	0.978689
119	147	0.96722
119	152	0.973633
119	158	0.966412
119	159	0.961372
119	160	1.02806
119	161	1.13372
119	164	0.961602
119	167	0.977529
119	169	0.976051
119	170	0.982743
119	173	0.966059
119	174	0.978609
119	176	1.15786
119	177	0.975941
119	178	0.96892
119	179	0.977593
119	180	0.960182
120	27	1.01604
120	58	1.16173
120	79	1.0167
120	99	0.960561
120	124	0.99268
120	126	0.996577
120	131	0.99668
120	132	1.0372
120	136	0.976731
120	137	1.00706
120	138	1.01426
120	139	0.997497
120	140	0.992618
120	142	1.01469
120	145	1.00053
120	146	0.960502
120	147	0.999825
120	149	0.998283
120	150	0.998909
120	154	1.00256
120	157	0.999007
120	160	1.012
120	165	0.988755
120	170	0.903849
120	171	1.00052
120	173	0.983912
120	175	1.00293
120	176	1.00169
120	179	0.966342
120	180	0.992787
121	2	0.875736
121	28	1.01496
121	38	0.99547
121	53	0.97632
121	73	0.981058
121	84	0.998855
121	85	0.931818
121	108	0.990577
121	113	0.966244
121	114	0.973249
121	115	0.969203
121	117	1.01172
121	144	1.01035
121	146	0.999685
121	152	1.00529
121	158	0.998068
121	159	0.993029
121	164	0.993258
121	165	1.1792
121	167	1.00919
121	168	1.01229
121	169	1.00771
121	170	1.0144
121	171	1.07003
121	173	0.997715
121	174	1.01026
121	175	1.00198
121	177	1.0076
121	178	1.00058
121	179	1.00925
122	44	0.999444
122	51	1.13373
122	65	0.97008
122	75	0.926918
122	102	1.00386
122	103	1.00296
122	107	0.986823
122	112	1.02723
122	124	0.990445
122	126	0.994342
122	131	0.994446
122	135	0.987076
122	136	0.974496
122	137	1.00482
122	139	0.995262
122	148	1.02383
122	149	0.996049
122	154	1.00032
122	155	0.992028
122	159	0.991742
122	162	0.967659
122	164	0.991972
122	167	1.0079
122	169	1.00642
122	170	1.01311
122	174	1.00898
122	175	1.00069
122	177	1.00631
122	178	0.99929
122	179	1.00796
123	8	0.961781
123	85	1.0433
123	89	0.976741
123	95	0.87858
123	106	1.00226
123	115	1.13879
123	134	0.979903
123	135	1.00636
123	140	0.991018
123	141	1.01535
123	142	1.01309
123	143	1.01607
123	145	0.998934
123	150	0.99731
123	151	0.990031
123	152	0.992897
123	153	0.98261
123	160	1.0104
123	161	0.995552
123	163	1.01841
123	164	1.07517
123	165	0.987155
123	166	1.01192
123	168	1.01164
123	170	0.938739
123	171	0.998924
123	172	1.00017
123	176	1.00009
123	177	0.967333
123	180	0.991187
124	9	1.21102
124	36	0.919785
124	47	0.987279
124	48	0.989266
124	63	0.960195
124	74	1.004
124	83	0.996565
124	87	1.02323
124	92	1.01625
124	98	0.949357
124	102	0.9956
124	112	1.01897
124	113	1.01624
124	117	0.92171
124	120	0.99268
124	122	0.990445
124	126	0.986082
124	131	0.986186
124	132	1.02671
124	136	0.966237
124	137	0.996565
124	138	1.00377
124	139	0.987003
124	148	1.01557
124	149	0.987789
124	154	0.992063
124	168	0.99552
124	169	0.926857
124	172	1.15346
124	175	0.992435
124	180	1.00133
125	8	1.21832
125	15	1.02772
125	16	0.796976
125	17	1.02323
125	30	1.00101
125	55	0.969461
125	77	0.993243
125	79	0.988134
125	94	1.16589
125	100	0.984653
125	101	0.98365
125	105	0.979251
125	111	0.883726
125	117	0.997093
125	127	0.975451
125	133	1.00569
125	144	0.995716
125	150	1.03805
125	152	0.99066
125	153	1.10152
125	159	0.978399
125	168	0.997663
125	169	0.993078
125	170	0.99977
125	173	0.983086
125	174	0.995636
125	175	0.987351
125	177	0.992968
125	178	0.985947
125	179	0.99462
125	180	0.977209
126	11	0.949432
126	29	1.06163
126	36	0.923682
126	52	0.969149
126	59	0.980216
126	68	1.03047
126	70	1.27793
126	74	1.0079
126	87	1.02712
126	95	1.01664
126	99	0.953964
126	102	0.999497
126	120	0.996577
126	122	0.994342
126	124	0.986082
126	131	0.990083
126	132	1.0306
126	133	0.878986
126	136	0.970134
126	137	1.00046
126	138	1.00766
126	139	0.990899
126	147	0.993227
126	148	1.01947
126	149	0.991686
126	154	0.99596
126	156	0.978579
126	168	0.988068
126	173	1.01115
126	175	0.996332
126	180	0.993878
127	15	1.03115
127	23	1.02826
127	26	0.922077
127	73	0.986526
127	80	0.98644
127	90	0.963664
127	92	0.908665
127	96	1.00062
127	116	1.26773
127	119	0.958424
127	125	0.975451
127	128	1.0057
127	132	0.99099
127	133	1.00913
127	141	1.00481
127	144	0.999148
127	152	0.994093
127	160	0.970994
127	164	0.982061
127	167	0.997988
127	168	1.0011
127	169	0.996511
127	170	1.0032
127	171	1.0755
127	173	0.986518
127	174	0.999068
127	175	0.990784
127	177	0.996401
127	178	0.98938
127	179	0.998052
127	180	0.980641
128	31	1.02973
128	43	1.01163
128	45	1.00882
128	66	0.984375
128	80	1.01326
128	88	1.03738
128	108	1.0062
128	111	0.826889
128	119	0.985245
128	127	1.0057
128	133	1.03595
128	134	1.08442
128	141	1.03163
128	144	1.02597
128	146	1.01531
128	155	1.00894
128	158	1.01369
128	159	1.00865
128	162	0.937677
128	164	1.00888
128	166	0.917325
128	167	1.02481
128	169	1.02333
128	170	1.03002
128	171	0.890966
128	173	1.01334
128	174	1.02589
128	175	1.0176
128	176	0.916264
128	177	1.02322
128	178	1.0162
128	179	1.02487
128	180	1.00746
129	3	1.23969
129	21	1.05046
129	33	0.938472
129	42	1.0035
129	54	0.921205
129	69	0.954574
129	78	1.00871
129	82	0.996389
129	94	0.9692
129	103	1.00811
129	107	1.00796
129	109	0.997237
129	111	1.04641
129	114	1.03521
129	130	0.999159
129	135	1.01295
129	142	1.01968
129	145	1.00553
129	150	1.0039
129	151	0.996624
129	153	0.989202
129	157	1.004
129	158	0.92875
129	160	1.01699
129	162	1.01463
129	163	1.025
129	165	0.993748
129	169	0.900979
129	171	1.00552
129	172	1.00676
129	174	0.930228
129	176	1.00669
129	178	0.981465
129	179	0.975154
129	180	0.997779
130	8	0.954374
130	29	1.01669
130	46	0.989683
130	51	0.973502
130	57	0.804619
130	67	1.02383
130	85	1.03589
130	89	0.969334
130	106	0.994852
130	111	1.03241
130	115	1.15066
130	116	0.962321
130	129	0.999159
130	135	0.998951
130	142	1.00568
130	145	0.991527
130	150	0.989902
130	151	0.982624
130	153	0.975202
130	154	1.20144
130	155	0.985256
130	156	0.976169
130	157	0.99
130	159	1.03179
130	160	1.00299
130	162	1.00063
130	165	0.979748
130	166	1.00451
130	168	1.00423
130	170	0.950602
130	171	0.991517
130	172	0.992762
130	173	1.03066
130	176	0.992686
130	178	1.01941
130	180	0.98378
131	19	0.947468
131	27	1.02482
131	48	0.993266
131	52	0.969253
131	63	0.964195
131	65	0.965821
131	68	1.03058
131	74	1.008
131	77	0.836181
131	83	1.00057
131	87	1.02723
131	91	1.04046
131	92	1.02025
131	98	0.953357
131	99	0.954068
131	102	0.999601
131	112	1.02297
131	120	0.99668
131	122	0.994446
131	124	0.986186
131	126	0.990083
131	132	1.03071
131	133	1.0222
131	136	0.970238
131	137	1.00057
131	138	1.00777
131	139	0.991003
131	141	1.02446
131	147	0.993331
131	148	1.01957
131	149	0.99179
131	154	0.996064
131	156	0.978683
131	168	1.13128
131	175	0.996436
131	180	1.13709
132	11	0.990056
132	25	1.05509
132	36	0.964306
132	44	0.927789
132	48	1.03379
132	61	0.867104
132	62	0.999925
132	63	1.00472
132	65	1.00634
132	74	1.04852
132	83	1.04109
132	87	1.06775
132	92	1.06077
132	98	0.993877
132	99	0.994588
132	112	1.06349
132	120	1.0372
132	124	1.02671
132	126	1.0306
132	127	0.99099
132	131	1.03071
132	133	0.754708
132	136	1.01076
132	137	1.04109
132	138	1.04829
132	139	1.03152
132	145	0.941508
132	147	1.03385
132	148	1.06009
132	149	1.03231
132	154	1.03658
132	155	0.881344
132	156	1.0192
132	168	0.86379
132	171	0.993185
