1	9	0.864606
1	16	0.740655
1	31	0.829344
1	38	2.00423
1	71	0.804113
1	81	0.833375
1	82	0.831061
1	83	0.748949
1	111	0.773002
1	129	0.774896
1	169	1.45756
1	179	1.55201
2	99	1.17245
2	105	1.34359
2	126	1.26724
2	147	0.891922
2	152	0.887138
2	155	1.30031
2	157	0.898786
2	158	0.90068
2	160	0.919588
2	162	0.904633
2	164	0.925091
2	175	0.872162
3	4	0.821384
3	40	1.11894
3	47	0.861302
3	59	0.930889
3	63	1.9265
3	64	0.910744
3	75	0.94323
3	79	0.926947
3	84	0.895342
3	94	0.882791
3	156	0.922712
3	171	1.14221
4	3	0.821384
4	20	0.778457
4	24	0.786967
4	33	0.858062
4	59	0.800601
4	75	0.812942
4	79	0.796659
4	94	0.752503
4	156	0.792424
4	166	1.63362
4	169	1.62413
4	175	1.75654
5	66	2.26919
5	83	2.38842
5	133	0.735272
5	155	0.736455
5	159	0.701893
5	163	0.725216
5	169	0.747266
5	176	0.712049
5	177	0.67602
5	178	0.723669
5	179	0.724156
5	180	0.718005
6	76	1.54915
6	88	1.26919
6	120	1.07246
6	128	0.921845
6	137	1.18643
6	142	0.880746
6	151	0.910985
6	154	0.907335
6	158	0.894811
6	162	0.898764
6	164	0.919221
6	175	0.866293
7	44	1.27008
7	63	2.26711
7	140	1.47822
7	147	0.788447
7	151	0.813379
7	152	0.783663
7	154	0.80973
7	158	0.797206
7	160	0.816113
7	162	0.801159
7	164	0.821616
7	175	0.768687
8	59	1.43599
8	136	1.41683
8	140	0.814069
8	161	0.815561
8	164	1.33326
8	167	0.825674
8	168	0.831791
8	172	0.830896
8	174	0.848526
8	179	0.819817
8	180	0.813666
9	1	0.864606
9	13	0.851529
9	35	0.899476
9	38	1.60417
9	45	0.895591
9	81	0.958505
9	82	0.95619
9	83	0.874078
9	88	1.09296
9	129	0.900025
9	140	1.26396
9	172	1.12396
10	23	0.738344
10	62	0.754991
10	86	0.832099
10	88	1.69114
10	92	0.802425
10	97	0.833615
10	111	0.791366
10	129	0.79326
10	135	0.811909
10	166	1.66518
10	173	0.841991
10	174	1.65764
11	23	0.739137
11	62	0.755783
11	111	0.792159
11	115	1.53763
11	123	0.824024
11	127	0.802972
11	129	0.794053
11	131	0.836387
11	135	0.812702
11	146	1.77272
11	148	1.70345
11	173	0.842784
12	17	1.46766
12	18	0.746203
12	102	0.804441
12	118	1.64836
12	133	0.789854
12	136	0.833985
12	139	0.821749
12	141	0.794143
12	143	0.802439
12	145	0.792946
12	156	0.81424
12	163	1.89937
13	9	0.851529
13	31	0.816267
13	61	0.816708
13	68	0.78849
13	71	0.791035
13	81	0.820298
13	82	0.817983
13	83	0.735871
13	129	0.761818
13	150	1.61145
13	163	1.70758
13	178	1.6948
14	47	0.78891
14	55	0.781901
14	59	0.858497
14	60	0.836348
14	64	0.838352
14	68	0.835273
14	94	0.810399
14	115	1.46198
14	153	1.56917
14	155	1.57876
14	156	0.85032
15	86	0.811646
15	92	0.781972
15	110	0.82283
15	111	0.770913
15	120	1.52858
15	123	0.802778
15	127	0.781727
15	131	0.815141
15	135	0.791456
15	146	1.79163
15	173	0.821538
15	174	1.69181
16	1	0.740655
16	31	0.830522
16	35	0.775525
16	61	0.830964
16	71	0.80529
16	81	0.834553
16	82	0.832238
16	111	0.774179
16	129	0.776074
16	130	1.55503
16	161	1.71677
16	175	1.74052
17	12	1.46766
17	48	1.19101
17	116	0.913756
17	144	1.01841
17	158	0.909021
17	166	0.914677
17	169	0.914263
17	171	0.871161
17	172	0.902233
17	174	0.919862
17	176	0.879046
17	180	0.885002
18	12	0.746203
18	77	0.774444
18	85	0.80916
18	124	0.800426
18	139	0.833224
18	141	0.805618
18	145	0.804421
18	148	0.80079
18	155	1.44821
18	156	0.825715
18	159	1.65849
18	177	1.9036
19	53	0.705421
19	63	0.637765
19	127	0.714826
19	131	0.74824
19	135	0.724555
19	158	2.53375
19	160	2.5249
19	171	0.69213
19	173	0.754638
19	174	0.740832
19	177	0.663987
19	178	0.711635
19	180	0.705971
20	4	0.778457
20	33	0.945423
20	47	0.818375
20	59	0.887962
20	60	0.865813
20	75	0.900303
20	79	0.88402
20	94	0.839864
20	150	1.35445
20	156	0.879785
20	165	1.36602
20	167	1.41167
20	169	1.35251
21	120	1.15868
21	132	0.867122
21	151	0.870861
21	152	0.841145
21	154	0.867212
21	157	0.852794
21	160	0.873595
21	161	1.42863
21	162	0.858641
21	164	0.879098
21	172	1.38642
21	173	0.889533
21	180	1.50845
22	36	1.30518
22	79	1.1687
22	136	1.19012
22	159	0.850113
22	167	0.878233
22	171	0.852384
22	172	0.883455
22	173	1.25512
22	174	0.901085
22	177	0.82424
22	178	0.871889
22	179	0.872376
22	180	0.866225
23	10	0.738344
23	11	0.739137
23	56	0.835593
23	86	0.794237
23	92	0.764563
23	95	0.766848
23	122	1.7354
23	123	0.785369
23	131	0.797732
23	135	0.774047
23	138	1.78227
23	173	0.804129
23	179	1.89573
24	4	0.786967
24	33	0.953934
24	47	0.826885
24	55	0.819876
24	60	0.874324
24	75	0.908814
24	79	0.89253
24	94	0.848375
24	103	1.15264
24	156	0.888295
24	170	1.4858
24	172	1.23698
24	177	1.60936
25	57	0.901137
25	85	0.857534
25	102	0.86429
25	118	1.17564
25	125	0.832531
25	136	0.893834
25	139	0.881598
25	141	0.853992
25	143	0.862288
25	145	0.852795
25	166	1.33807
25	169	1.32858
25	170	1.64386
26	112	1.20816
26	144	0.867594
26	147	0.852886
26	151	0.877818
26	152	0.848102
26	157	0.859751
26	158	0.861645
26	160	0.880552
26	162	0.865598
26	164	0.886055
26	169	1.32701
26	176	1.53721
26	178	1.41229
27	104	1.41152
27	113	1.29941
27	144	0.868681
27	152	0.849189
27	154	0.875255
27	157	0.860838
27	158	0.862732
27	160	0.881639
27	164	0.887142
27	168	1.44502
27	169	1.32996
27	170	0.816949
27	173	0.897577
28	102	1.2976
28	114	1.17394
28	136	1.15886
28	145	1.28364
28	150	0.877812
28	159	0.845776
28	163	0.869098
28	167	0.873895
28	168	0.880012
28	176	0.855931
28	178	0.867551
28	179	0.868038
28	180	0.861887
29	94	1.26775
29	107	1.32224
29	128	1.07637
29	137	0.899405
29	157	1.24803
29	159	0.850851
29	161	0.868857
29	167	0.87897
29	168	0.885087
29	175	0.852264
29	177	0.824977
29	178	0.872626
29	180	0.866962
30	86	1.6479
30	89	0.744854
30	124	0.778717
30	136	0.823751
30	141	0.783909
30	143	0.792205
30	147	1.67379
30	168	0.780478
30	173	1.66732
30	174	0.797213
30	178	0.768017
30	179	0.768504
30	180	0.762352
31	1	0.829344
31	13	0.816267
31	16	0.830522
31	35	0.864214
31	45	0.860329
31	61	0.919653
31	71	0.89398
31	82	0.920928
31	120	1.21461
31	129	0.864763
31	138	1.35687
31	146	1.47765
31	167	1.43504
32	78	1.48752
32	110	1.1979
32	152	1.36611
32	153	0.876375
32	165	0.862002
32	166	0.862761
32	171	0.819244
32	172	0.850316
32	173	1.26515
32	176	0.827129
32	177	0.791101
32	178	0.83875
32	179	0.839237
32	180	0.833085
33	4	0.858062
33	20	0.945423
33	24	0.953934
33	55	0.890972
33	60	0.945419
33	64	0.947422
33	75	0.979909
33	94	0.91947
33	105	1.19977
33	126	1.12342
33	156	0.95939
33	163	1.27111
33	165	1.18655
33	174	1.17499
34	95	1.08394
34	111	1.16712
34	122	0.940926
34	125	1.10793
34	135	1.03517
34	136	0.848954
34	144	0.931191
34	154	0.937765
34	155	0.929871
34	157	0.923348
34	164	0.949652
34	168	0.929546
34	174	0.946281
34	180	0.911421
35	9	0.899476
35	16	0.775525
35	31	0.864214
35	45	0.805332
35	61	0.864656
35	71	0.838983
35	80	1.22389
35	81	0.868246
35	82	0.865931
35	111	0.807872
35	129	0.809766
35	159	1.53557
35	174	1.34379
35	177	1.78068
36	22	1.30518
36	40	1.5263
36	57	0.872919
36	76	1.65392
36	85	0.829317
36	91	0.873341
36	101	0.836433
36	125	0.804314
36	139	0.853381
36	141	0.825775
36	143	0.834071
36	145	0.824577
36	155	1.32196
36	156	0.845872
37	54	1.11271
37	143	1.61654
37	147	1.33391
37	153	0.877547
37	160	1.2728
37	167	0.846266
37	171	0.820417
37	172	0.851488
37	174	0.869118
37	176	0.828302
37	177	0.792273
37	178	0.839922
37	179	0.840409
37	180	0.834258
38	1	2.00423
38	9	1.60417
38	63	0.68727
38	100	0.750036
38	127	1.92042
38	137	0.787919
38	157	0.767403
38	158	0.769297
38	160	0.788204
38	162	0.77325
38	167	0.767484
38	173	0.804142
38	176	0.74952
38	180	0.755476
39	57	1.27039
39	65	1.25638
39	81	1.31538
39	141	1.47115
39	146	0.834549
39	153	0.884936
39	167	0.853654
39	171	0.827805
39	175	0.826949
39	176	0.83569
39	177	0.799662
39	178	0.84731
39	179	0.847798
39	180	0.841646
40	3	1.11894
40	36	1.5263
40	117	1.39257
40	120	0.880243
40	130	0.864632
40	139	1.41967
40	167	0.838898
40	169	0.856151
40	174	0.86175
40	176	0.820934
40	177	0.784905
40	178	0.832554
40	179	0.833041
40	180	0.82689
41	69	1.69489
41	136	0.821088
41	141	0.781246
41	143	0.789542
41	145	0.780048
41	147	1.67665
41	151	1.61476
41	156	0.801343
41	169	0.78895
41	174	0.794549
41	177	0.717704
41	179	0.76584
41	180	0.759689
42	67	1.32752
42	107	1.40138
42	122	0.863094
42	147	1.2586
42	157	1.32717
42	161	0.835485
42	165	0.862505
42	166	0.863265
42	168	0.851715
42	171	0.819748
42	177	0.791605
42	178	0.839253
42	179	0.839741
42	180	0.833589
43	88	1.22329
43	132	0.938264
43	134	1.0651
43	144	0.93178
43	147	0.917072
43	148	1.22034
43	154	0.938354
43	157	0.923937
43	158	0.925831
43	160	0.944738
43	162	0.929784
43	164	0.950241
43	172	1.2543
43	174	1.18979
44	7	1.27008
44	116	0.857661
44	135	1.40798
44	137	0.86135
44	145	1.34654
44	157	1.36179
44	166	0.858583
44	168	0.847033
44	171	0.815066
44	172	0.846138
44	174	0.863768
44	177	0.786923
44	178	0.834571
44	180	0.828907
45	9	0.895591
45	31	0.860329
45	35	0.805332
45	61	0.860771
45	68	0.832552
45	71	0.835098
45	81	0.864361
45	82	0.862046
45	83	0.779934
45	106	1.43387
45	111	0.803987
45	148	1.46096
45	174	1.43042
45	175	1.56088
46	125	0.81435
46	136	0.875653
46	139	0.863417
46	140	1.60578
46	141	0.835811
46	145	0.834614
46	147	0.819317
46	151	0.844249
46	155	1.38278
46	158	0.828075
46	162	0.832028
46	164	0.852486
46	169	1.39932
46	179	1.49377
47	3	0.861302
47	14	0.78891
47	20	0.818375
47	24	0.826885
47	55	0.763923
47	59	0.840519
47	60	0.818371
47	64	0.820374
47	79	0.836577
47	94	0.792421
47	146	1.52714
47	156	0.832342
47	161	1.53404
47	167	1.48453
47	170	1.74065
48	17	1.19101
48	85	0.822865
48	101	0.829981
48	108	0.80708
48	124	0.814131
48	125	0.797862
48	139	0.84693
48	141	0.819323
48	143	0.827619
48	145	0.818126
48	148	0.814495
48	149	0.801586
48	150	1.52658
48	170	1.83993
48	175	1.65707
49	134	1.75847
49	142	0.797521
49	143	0.436637
49	147	0.802828
49	151	0.827759
49	152	0.798043
49	154	0.82411
49	155	1.86467
49	157	0.809692
49	158	0.811586
49	160	0.830493
49	162	0.815539
49	164	0.835996
49	171	2.09227
49	173	0.846431
50	104	1.29411
50	142	0.890335
50	150	1.21448
50	152	0.890858
50	154	0.916925
50	157	0.902507
50	158	0.904401
50	160	0.923308
50	162	0.908354
50	164	0.928811
50	166	1.22204
50	168	1.32761
50	170	0.858618
50	175	0.875882
50	178	1.29783
51	133	1.2599
51	142	0.882164
51	147	0.887471
51	151	0.912403
51	152	0.882686
51	154	0.908753
51	157	0.894335
51	158	0.896229
51	160	0.915136
51	162	0.900182
51	163	1.28049
51	164	0.92064
51	167	1.24157
51	169	1.18242
51	176	1.39262
52	85	0.894077
52	106	1.196
52	108	0.878292
52	115	0.904437
52	124	0.885342
52	136	0.930377
52	139	0.918141
52	141	0.890534
52	143	0.898831
52	145	0.889337
52	146	1.29237
52	150	1.19253
52	156	0.910632
52	176	1.4008
52	178	1.27588
53	19	0.705421
53	79	1.30611
53	129	1.52746
53	131	1.3681
53	133	0.827162
53	135	1.51375
53	157	0.821821
53	160	0.842622
53	162	0.827668
53	164	0.848125
53	172	0.827124
53	173	0.85856
53	178	0.815558
53	179	0.816045
53	180	0.809894
54	37	1.11271
54	66	0.876185
54	89	1.38818
54	97	0.910966
54	98	0.919944
54	110	0.920634
54	123	0.900582
54	127	0.879531
54	129	0.870611
54	131	0.912945
54	135	0.88926
54	166	1.0832
54	168	1.18877
54	173	0.919342
54	177	1.51255
55	14	0.781901
55	24	0.819876
55	33	0.890972
55	47	0.763923
55	59	0.83351
55	64	0.813365
55	68	0.810286
55	75	0.845852
55	79	0.829568
55	94	0.785413
55	121	1.66456
55	138	1.50767
55	150	1.52861
55	156	0.825333
55	167	1.58583
56	23	0.835593
56	62	0.85224
56	65	0.917235
56	66	0.896083
56	92	0.899675
56	97	0.930864
56	123	0.92048
56	127	0.899429
56	135	0.909158
56	153	1.07424
56	167	1.15953
56	170	1.41565
56	172	1.16683
56	173	0.939241
56	177	1.53921
57	25	0.901137
57	36	0.872919
57	39	1.27039
57	77	0.869528
57	101	0.91136
57	105	1.1932
57	108	0.888459
57	125	0.879241
57	136	0.940544
57	139	0.928308
57	140	1.37293
57	143	0.908998
57	145	0.899505
57	146	1.26824
57	165	1.17998
58	86	1.19323
58	104	0.886197
58	123	1.21906
58	127	1.29795
58	134	0.916005
58	154	1.17693
58	160	1.15801
58	166	0.892427
58	167	0.87476
58	168	0.880878
58	171	0.848911
58	172	0.879983
58	177	0.820768
58	178	0.868416
58	179	0.868903
58	180	0.862752
59	3	0.930889
59	4	0.800601
59	8	1.43599
59	14	0.858497
59	20	0.887962
59	47	0.840519
59	55	0.83351
59	60	0.887958
59	64	0.889961
59	79	0.906164
59	84	1.20678
59	94	0.862009
59	156	0.901929
59	166	1.25208
59	176	1.4528
59	179	1.33704
60	14	0.836348
60	20	0.865813
60	24	0.874324
60	33	0.945419
60	47	0.818371
60	59	0.887958
60	64	0.867813
60	73	1.36734
60	75	0.900299
60	79	0.884016
60	94	0.83986
60	130	1.23993
60	149	1.49253
60	156	0.879781
60	166	1.3025
60	167	1.35217
61	13	0.816708
61	16	0.830964
61	31	0.919653
61	35	0.864656
61	45	0.860771
61	71	0.894422
61	81	0.923684
61	82	0.92137
61	83	0.839258
61	106	1.24332
61	111	0.863311
61	129	0.865205
61	138	1.21891
61	149	1.43744
61	170	1.5532
61	172	1.30437
62	10	0.754991
62	11	0.755783
62	56	0.85224
62	86	0.810884
62	95	0.783495
62	97	0.8124
62	98	0.821378
62	99	1.57019
62	106	1.72
62	112	1.59575
62	123	0.802016
62	127	0.780965
62	131	0.814379
62	135	0.790694
62	173	0.820776
62	178	1.79988
63	3	1.9265
63	7	2.26711
63	19	0.637765
63	38	0.68727
63	140	0.742642
63	155	0.760688
63	164	2.13522
63	168	0.760363
63	169	0.771499
63	171	0.728397
63	172	0.759468
63	174	0.777098
63	176	0.736282
63	178	0.747902
63	179	0.748389
63	180	0.742238
64	3	0.910744
64	14	0.838352
64	33	0.947422
64	47	0.820374
64	55	0.813365
64	59	0.889961
64	60	0.867813
64	75	0.902302
64	79	0.886019
64	94	0.841863
64	100	1.41939
64	104	1.32045
64	118	1.08595
64	121	1.37677
64	156	0.881784
64	170	1.55417
65	39	1.25638
65	56	0.917235
65	66	0.842614
65	95	0.84849
65	98	0.886373
65	110	0.887063
65	114	0.884422
65	123	0.867011
65	127	0.84596
65	131	0.879374
65	135	0.855689
65	159	1.34619
65	170	1.46774
65	171	1.36352
65	173	0.885771
65	179	1.24691
66	5	2.26919
66	54	0.876185
66	56	0.896083
66	65	0.842614
66	92	0.825053
66	95	0.827338
66	105	0.838772
66	110	0.865911
66	122	1.15491
66	123	0.845859
66	127	0.824808
66	131	0.858222
66	134	1.09805
66	135	0.834537
66	148	1.25329
66	173	0.864619
66	178	1.30608
67	42	1.32752
67	88	1.39928
67	89	1.67829
67	115	1.2305
67	128	0.8771
67	142	0.836001
67	151	0.86624
67	152	0.836524
67	154	0.862591
67	157	0.848173
67	158	0.850067
67	160	0.868974
67	162	0.85402
67	164	0.874477
67	170	0.804284
67	175	0.821548
67	178	1.44911
68	13	0.78849
68	14	0.835273
68	45	0.832552
68	55	0.810286
68	71	0.866203
68	75	0.899223
68	79	0.88294
68	81	0.895466
68	84	1.372
68	94	0.838784
68	111	0.835092
68	129	0.836986
68	134	1.28507
68	137	1.3605
68	156	0.878705
68	161	1.51648
68	176	1.61802
69	41	1.69489
69	120	1.15187
69	132	0.853684
69	144	0.847199
69	147	0.832492
69	151	0.857423
69	152	0.827707
69	154	0.853774
69	157	0.839356
69	158	0.84125
69	160	0.860157
69	161	1.42181
69	162	0.845203
69	164	0.86566
69	169	1.31314
69	173	0.876095
69	180	1.50164
70	74	0.819943
70	90	0.851386
70	101	0.856884
70	108	0.833983
70	124	0.841034
70	125	0.824766
70	136	0.886069
70	139	0.873833
70	141	0.846226
70	143	0.854523
70	145	0.845029
70	156	0.866324
70	167	1.41563
70	174	1.35842
70	175	1.48889
70	178	1.44176
70	179	1.45092
71	1	0.804113
71	13	0.791035
71	16	0.80529
71	31	0.89398
71	35	0.838983
71	45	0.835098
71	61	0.894422
71	68	0.866203
71	81	0.898011
71	82	0.895696
71	111	0.837637
71	121	1.44003
71	129	0.839532
71	167	1.36131
71	170	1.61743
71	174	1.3041
71	175	1.43457
72	89	1.67507
72	126	1.31098
72	142	0.834673
72	144	0.854688
72	147	0.83998
72	150	1.36254
72	151	0.864912
72	152	0.835196
72	154	0.861262
72	157	0.846845
72	158	0.848738
72	160	0.867646
72	162	0.852692
72	164	0.873149
72	174	1.36256
72	175	0.82022
72	178	1.44589
73	60	1.36734
73	94	1.45753
73	102	1.43652
73	140	0.825713
73	153	0.868599
73	156	1.29192
73	159	0.809198
73	167	0.837318
73	169	0.85457
73	171	0.811468
73	172	0.84254
73	173	1.36277
73	174	0.86017
73	176	0.819354
73	177	0.783325
73	178	0.830974
73	179	0.831461
73	180	0.825309
74	70	0.819943
74	80	1.36031
74	101	0.837932
74	102	0.837572
74	108	0.815031
74	115	0.841176
74	124	0.822082
74	125	0.805813
74	134	1.35551
74	136	0.867116
74	137	1.43094
74	139	0.85488
74	141	0.827274
74	143	0.83557
74	145	0.826076
74	149	0.809536
74	170	1.79353
74	175	1.61067
75	3	0.94323
75	4	0.812942
75	20	0.900303
75	24	0.908814
75	33	0.979909
75	55	0.845852
75	60	0.900299
75	64	0.902302
75	68	0.899223
75	79	0.918506
75	94	0.87435
75	126	1.08752
75	149	1.33667
75	156	0.91427
75	165	1.15065
75	168	1.2522
75	170	1.45242
75	176	1.34734
76	6	1.54915
76	36	1.65392
76	83	1.65544
76	124	1.80121
76	150	0.795406
76	153	0.822771
76	163	0.786693
76	168	0.797607
76	169	0.808742
76	170	0.747519
76	171	0.76564
76	174	0.814342
76	176	0.773525
76	177	0.737497
76	178	0.785145
76	179	0.785632
76	180	0.779481
77	18	0.774444
77	57	0.869528
77	90	0.827542
77	91	0.869949
77	99	1.35989
77	102	0.832682
77	105	1.53103
77	124	0.817191
77	136	0.862225
77	139	0.84999
77	141	0.822383
77	143	0.830679
77	145	0.821186
77	148	0.817555
77	149	0.804646
77	167	1.56345
77	169	1.50429
77	179	1.59874
78	32	1.48752
78	118	1.35786
78	119	0.829011
78	137	1.46349
78	142	0.817118
78	144	0.837133
78	152	0.817641
78	154	0.843707
78	157	0.82929
78	158	0.831184
78	160	0.850091
78	162	0.835137
78	164	0.855594
78	170	0.785401
78	172	1.57726
78	173	0.866029
78	175	0.802665
78	178	1.59609
79	3	0.926947
79	4	0.796659
79	20	0.88402
79	22	1.1687
79	24	0.89253
79	47	0.836577
79	53	1.30611
79	55	0.829568
79	59	0.906164
79	60	0.884016
79	64	0.886019
79	68	0.88294
79	75	0.918506
79	94	0.858067
79	156	0.897987
79	171	1.41308
79	172	1.26848
79	175	1.33444
79	180	1.39052
80	35	1.22389
80	74	1.36031
80	83	1.22208
80	140	0.871708
80	155	0.889754
80	156	1.09964
80	162	1.24114
80	165	0.900221
80	167	0.883313
80	169	0.900565
80	170	0.839342
80	172	0.888535
80	173	1.17049
80	174	0.906165
80	176	0.865348
80	177	0.82932
80	178	0.876969
80	179	0.877456
80	180	0.871304
81	1	0.833375
81	9	0.958505
81	13	0.820298
81	16	0.834553
81	35	0.868246
81	39	1.31538
81	45	0.864361
81	61	0.923684
81	68	0.895466
81	71	0.898011
81	82	0.924959
81	83	0.842847
81	111	0.8669
81	129	0.868794
81	138	1.19245
81	163	1.30953
81	170	1.52674
81	174	1.21341
81	180	1.39995
82	1	0.831061
82	9	0.95619
82	13	0.817983
82	16	0.832238
82	31	0.920928
82	35	0.865931
82	45	0.862046
82	61	0.92137
82	71	0.895696
82	81	0.924959
82	83	0.840532
82	100	1.38969
82	103	1.19131
82	111	0.864585
82	129	0.86648
82	159	1.40292
82	175	1.34161
82	179	1.30364
82	180	1.39768
83	1	0.748949
83	5	2.38842
83	9	0.874078
83	13	0.735871
83	45	0.779934
83	61	0.839258
83	76	1.65544
83	80	1.22208
83	81	0.842847
83	82	0.840532
83	98	0.833701
83	110	0.83439
83	118	1.18709
83	123	0.814338
83	126	1.2904
83	127	0.793287
83	131	0.826701
83	135	0.803016
83	173	0.833098
84	3	0.895342
84	59	1.20678
84	68	1.372
84	97	1.19213
84	113	0.909094
84	126	0.911352
84	129	1.38756
84	141	1.33142
84	159	0.851164
84	161	0.86917
84	163	0.874486
84	166	0.89695
84	168	0.8854
84	174	0.902135
84	176	0.861319
84	177	0.82529
84	178	0.872939
84	179	0.873426
84	180	0.867275
85	18	0.80916
85	25	0.857534
85	36	0.829317
85	48	0.822865
85	52	0.894077
85	90	0.862259
85	113	1.27454
85	121	1.44297
85	124	0.851907
85	125	0.835639
85	136	0.896942
85	139	0.884706
85	141	0.857099
85	143	0.865396
85	145	0.855902
85	156	0.877197
85	159	1.49882
85	161	1.41376
85	169	1.30509
85	180	1.49358
86	10	0.832099
86	15	0.811646
86	23	0.794237
86	30	1.6479
86	58	1.19323
86	62	0.810884
86	92	0.858319
86	95	0.860603
86	97	0.889508
86	110	0.899176
86	123	0.879124
86	127	0.858073
86	129	0.849154
86	131	0.891487
86	135	0.867802
86	137	1.22171
86	153	1.24289
86	169	1.26902
86	173	0.897885
86	177	1.70787
87	92	1.2834
87	93	1.42244
87	126	0.892714
87	134	0.901889
87	139	1.13838
87	142	1.3038
87	146	0.84154
87	154	1.15922
87	159	0.832525
87	161	0.850532
87	162	1.26559
87	165	0.877553
87	169	0.877897
87	171	0.834795
87	174	0.883497
87	176	0.842681
87	177	0.806652
87	178	0.854301
87	179	0.854788
87	180	0.848636
88	6	1.26919
88	9	1.09296
88	10	1.69114
88	43	1.22329
88	67	1.39928
88	137	0.889366
88	156	1.25304
88	161	0.858819
88	163	0.864134
88	165	0.885839
88	167	0.868931
88	170	0.824961
88	171	0.843082
88	172	0.874153
88	175	0.842225
88	176	0.850967
88	177	0.814938
88	178	0.862587
88	179	0.863074
88	180	0.856923
89	30	0.744854
89	54	1.38818
89	67	1.67829
89	72	1.67507
89	121	0.801726
89	123	1.60933
89	128	1.50629
89	134	0.846198
89	161	0.794841
89	165	0.821862
89	166	0.822621
89	169	0.822207
89	171	0.779105
89	172	0.810176
89	174	0.827806
89	176	0.78699
89	177	0.750961
89	178	0.79861
89	179	0.799097
89	180	0.792946
90	70	0.851386
90	77	0.827542
90	85	0.862259
90	101	0.869375
90	102	0.869015
90	104	1.49271
90	108	0.846474
90	112	1.2923
90	115	0.872619
90	122	1.34527
90	124	0.853524
90	125	0.837256
90	139	0.886323
90	141	0.858717
90	143	0.867013
90	145	0.857519
90	149	0.840979
90	155	1.39461
90	166	1.42064
90	172	1.47761
91	36	0.873341
91	77	0.869949
91	102	0.911422
91	104	1.2678
91	108	0.888881
91	115	0.915026
91	124	0.895931
91	125	0.879663
91	133	0.896835
91	136	0.940966
91	138	1.16723
91	141	0.901124
91	143	0.90942
91	145	0.899926
91	148	0.896296
91	156	0.921221
91	163	1.28431
91	168	1.30129
91	169	1.18624
91	175	1.31865
91	180	1.37473
92	10	0.802425
92	15	0.781972
92	23	0.764563
92	56	0.899675
92	66	0.825053
92	86	0.858319
92	87	1.2834
92	95	0.830929
92	97	0.859834
92	98	0.868813
92	105	0.842363
92	110	0.869502
92	126	1.32728
92	127	0.828399
92	131	0.861813
92	135	0.838128
92	155	1.36036
92	163	1.47497
92	168	1.49196
92	173	0.868211
92	177	1.81574
93	87	1.42244
93	112	1.39709
93	115	1.38262
93	119	0.83589
93	120	1.35467
93	126	1.46632
93	128	0.865096
93	142	0.823997
93	144	0.844012
93	147	0.829304
93	151	0.854236
93	152	0.82452
93	154	0.850586
93	157	0.836169
93	160	0.85697
93	162	0.842016
93	164	0.862473
93	170	0.79228
93	171	1.727
93	173	0.872908
93	175	0.809544
94	3	0.882791
94	4	0.752503
94	14	0.810399
94	20	0.839864
94	24	0.848375
94	29	1.26775
94	33	0.91947
94	47	0.792421
94	55	0.785413
94	59	0.862009
94	60	0.83986
94	64	0.841863
94	68	0.838784
94	73	1.45753
94	75	0.87435
94	79	0.858067
94	155	1.36666
94	156	0.853831
94	169	1.3832
94	174	1.38515
94	177	1.82204
95	23	0.766848
95	34	1.08394
95	62	0.783495
95	65	0.84849
95	66	0.827338
95	86	0.860603
95	92	0.830929
95	97	0.862119
95	98	0.871097
95	110	0.871787
95	111	0.81987
95	123	0.851735
95	127	0.830684
95	131	0.864098
95	135	0.840413
95	169	1.45843
95	172	1.52489
95	173	0.870495
95	175	1.59085
95	178	1.54372
95	179	1.55288
96	117	1.6841
96	118	0.8304
96	149	0.767728
96	153	0.807198
96	154	1.73204
96	156	1.6969
96	160	1.71312
96	161	0.765804
96	163	0.77112
96	164	1.61918
96	165	0.792825
96	166	0.793584
96	167	0.775917
96	168	0.782034
96	171	0.750067
96	172	0.781139
96	174	0.798769
96	176	0.757952
96	177	0.721924
96	178	0.769573
96	179	0.77006
96	180	0.763908
97	10	0.833615
97	54	0.910966
97	56	0.930864
97	62	0.8124
97	84	1.19213
97	86	0.889508
97	92	0.859834
97	95	0.862119
97	98	0.900002
97	110	0.900692
97	114	0.898051
97	123	0.88064
97	127	0.859589
97	131	0.893003
97	135	0.869318
97	149	1.42747
97	150	1.22988
97	166	1.23743
97	168	1.343
97	173	0.8994
97	175	1.36036
97	176	1.43815
98	54	0.919944
98	62	0.821378
98	65	0.886373
98	83	0.833701
98	92	0.868813
98	95	0.871097
98	97	0.900002
98	105	0.882532
98	110	0.90967
98	115	1.09243
98	123	0.889618
98	127	0.868567
98	129	0.859648
98	131	0.901981
98	135	0.878296
98	140	1.43221
98	148	1.25825
98	169	1.22575
98	171	1.43681
98	173	0.908379
98	176	1.43595
98	180	1.41424
99	2	1.17245
99	62	1.57019
99	77	1.35989
99	102	1.21777
99	120	0.906025
99	122	0.882176
99	123	1.15045
99	127	1.22934
99	150	0.868597
99	162	1.21468
99	165	0.881588
99	167	0.86468
99	168	0.870797
99	169	0.881932
99	170	0.820709
99	171	0.83883
99	172	0.869902
99	174	0.887532
99	176	0.846715
99	177	0.810687
99	178	0.858336
99	179	0.858823
99	180	0.852671
100	38	0.750036
100	64	1.41939
100	82	1.38969
100	111	1.72211
100	121	0.813785
100	130	0.842747
100	132	1.442
100	147	1.47541
100	150	0.82093
100	153	0.848294
100	155	0.823454
100	161	0.8069
100	166	0.83468
100	167	0.817013
100	171	0.791163
100	172	0.822235
100	173	1.46894
100	174	0.839865
100	176	0.799049
100	177	0.76302
100	178	0.810669
100	179	0.811156
100	180	0.805004
101	36	0.836433
101	48	0.829981
101	57	0.91136
101	70	0.856884
101	74	0.837932
101	90	0.869375
101	102	0.874514
101	118	1.2109
101	124	0.859023
101	125	0.842754
101	126	1.31421
101	139	0.891822
101	141	0.864215
101	143	0.872511
101	145	0.863018
101	148	0.859387
101	149	0.846478
101	153	1.3377
101	156	0.884313
101	167	1.42299
101	174	1.36579
101	175	1.49625
101	180	1.55233
102	12	0.804441
102	25	0.86429
102	28	1.2976
102	73	1.43652
102	74	0.837572
102	77	0.832682
102	90	0.869015
102	91	0.911422
102	99	1.21777
102	101	0.874514
102	106	1.36759
102	108	0.851613
102	118	1.20925
102	124	0.858664
102	125	0.842395
102	133	0.859567
102	136	0.903698
102	139	0.891462
102	141	0.863856
102	143	0.872152
102	145	0.862658
102	146	1.46395
102	175	1.4946
103	24	1.15264
103	82	1.19131
103	107	1.41981
103	113	0.87595
103	119	1.36708
103	125	1.46454
103	129	1.40549
103	130	0.871872
103	132	1.24363
103	140	0.834534
103	146	0.827033
103	150	0.850055
103	153	0.87742
103	159	0.818019
103	165	0.863046
103	166	0.863805
103	169	0.863391
103	172	0.85136
103	174	0.86899
103	176	0.828174
103	177	0.792145
103	178	0.839794
103	179	0.840281
103	180	0.83413
104	27	1.41152
104	50	1.29411
104	58	0.886197
104	64	1.32045
104	90	1.49271
104	91	1.2678
104	110	1.30275
104	134	0.887141
104	137	0.866332
104	138	0.864953
104	146	0.826792
104	159	0.817778
104	161	0.835785
104	163	0.8411
104	165	0.862805
104	167	0.845897
104	169	0.86315
104	173	1.37
104	174	0.868749
104	176	0.827933
104	177	0.791904
104	178	0.839553
104	179	0.84004
104	180	0.833889
105	2	1.34359
105	33	1.19977
105	57	1.1932
105	66	0.838772
105	77	1.53103
105	92	0.842363
105	98	0.882532
105	107	1.46442
105	114	0.88058
105	127	0.842118
105	131	0.875532
105	135	0.851847
105	145	1.37496
105	154	1.27945
105	155	0.851713
105	163	0.840475
105	169	0.862524
105	171	0.819422
105	173	0.88193
105	176	0.827307
105	177	0.791279
105	178	0.838927
105	179	0.839415
105	180	0.833263
106	45	1.43387
106	52	1.196
106	61	1.24332
106	62	1.72
106	102	1.36759
106	137	0.872274
106	140	0.840234
106	149	0.84365
106	150	0.855756
106	151	1.23843
106	154	1.25813
106	159	0.82372
106	163	0.847042
106	166	0.869506
106	168	0.857956
106	169	0.869092
106	171	0.82599
106	172	0.857061
106	174	0.874691
106	176	0.833875
106	177	0.797846
106	178	0.845495
106	179	0.845982
106	180	0.839831
107	29	1.32224
107	42	1.40138
107	103	1.41981
107	105	1.46442
107	116	1.36777
107	117	0.883071
107	119	0.839196
107	126	1.38806
107	128	0.868402
107	132	0.853802
107	142	0.827303
107	144	0.847317
107	147	0.83261
107	151	0.857542
107	154	0.853892
107	157	0.839474
107	158	0.841368
107	160	0.860275
107	162	0.845321
107	164	0.865778
107	166	1.44718
107	170	0.795585
107	173	0.876214
107	175	0.81285
108	48	0.80708
108	52	0.878292
108	57	0.888459
108	70	0.833983
108	74	0.815031
108	90	0.846474
108	91	0.888881
108	102	0.851613
108	118	1.17332
108	124	0.836122
108	125	0.819853
108	133	0.837026
108	136	0.881157
108	141	0.841314
108	143	0.84961
108	145	0.840117
108	149	0.823577
108	153	1.30013
108	156	0.861412
108	163	1.42433
108	167	1.38542
108	176	1.53646
108	177	1.76511
108	180	1.51475
109	117	0.919033
109	126	1.22457
109	128	0.904365
109	130	1.22112
109	132	0.889765
109	142	0.863266
109	144	0.88328
109	147	0.868573
109	151	0.893504
109	152	0.863788
109	154	0.889855
109	157	0.875437
109	158	0.877331
109	160	0.896238
109	162	0.881284
109	163	1.37226
109	164	0.901741
109	166	1.28368
109	168	1.38925
109	169	1.27419
109	170	0.831548
109	172	1.34065
109	173	0.912177
109	175	0.848813
109	180	1.46268
110	15	0.82283
110	32	1.1979
110	54	0.920634
110	65	0.887063
110	66	0.865911
110	83	0.83439
110	86	0.899176
110	92	0.869502
110	95	0.871787
110	97	0.900692
110	98	0.90967
110	104	1.30275
110	114	0.907719
110	121	1.35906
110	123	0.890308
110	127	0.869257
110	129	0.860337
110	131	0.902671
110	135	0.878986
110	138	1.20217
110	149	1.42071
110	155	1.20464
110	173	0.909068
110	176	1.43139
110	178	1.30647
111	1	0.773002
111	10	0.791366
111	11	0.792159
111	15	0.770913
111	16	0.774179
111	34	1.16712
111	35	0.807872
111	45	0.803987
111	61	0.863311
111	68	0.835092
111	71	0.837637
111	81	0.8669
111	82	0.864585
111	95	0.81987
111	100	1.72211
111	122	1.47573
111	123	0.838391
111	127	0.81734
111	129	0.808421
111	131	0.850754
111	135	0.827069
111	148	1.57411
111	153	1.51548
111	173	0.857152
111	175	1.67403
111	178	1.6269
112	26	1.20816
112	62	1.59575
112	90	1.2923
112	93	1.39709
112	117	1.08593
112	122	0.88061
112	126	0.895182
112	127	1.2549
112	134	0.904358
112	139	1.11303
112	150	0.86703
112	163	0.858317
112	165	0.880022
112	166	0.880781
112	167	0.863113
112	168	0.869231
112	169	0.880366
112	170	0.819143
112	171	0.837264
112	172	0.868336
112	173	1.16959
112	174	0.885966
112	176	0.845149
112	178	0.856769
112	179	0.857257
112	180	0.851105
113	27	1.29941
113	84	0.909094
113	85	1.27454
113	103	0.87595
113	116	0.881018
113	132	1.23095
113	133	0.869532
113	137	0.884707
113	139	1.20133
113	145	1.31767
113	153	0.895554
113	158	1.21211
113	161	0.854159
113	162	1.32854
113	164	1.10932
113	165	0.88118
113	167	0.864272
113	168	0.870389
113	169	0.881525
113	170	0.820302
113	174	0.887124
113	176	0.846308
113	177	0.810279
113	178	0.857928
113	179	0.858415
113	180	0.852264
114	28	1.17394
114	65	0.884422
114	97	0.898051
114	105	0.88058
114	110	0.907719
114	123	0.887667
114	127	0.866616
114	130	1.18544
114	131	0.90003
114	135	0.876345
114	149	1.43804
114	151	0.887755
114	152	0.858039
114	157	0.869688
114	158	0.871582
114	160	0.890489
114	161	1.34719
114	162	0.875535
114	164	0.895992
114	166	1.24801
114	168	1.35358
114	173	0.906427
114	175	0.843063
114	178	1.3238
114	180	1.42701
115	11	1.53763
115	14	1.46198
115	52	0.904437
115	67	1.2305
115	74	0.841176
115	90	0.872619
115	91	0.915026
115	93	1.38262
115	98	1.09243
115	136	0.907302
115	139	0.895066
115	143	0.875756
115	144	1.21873
115	145	0.866263
115	148	0.862632
115	158	1.10934
115	163	0.853115
115	167	0.857911
115	168	0.864029
115	171	0.832062
115	172	0.863134
115	173	1.15511
115	176	0.839947
115	178	0.851567
115	179	0.852055
115	180	0.845903
116	17	0.913756
116	44	0.857661
116	107	1.36777
116	113	0.881018
116	117	1.13487
116	126	0.883275
116	127	1.30384
116	129	1.35345
116	143	1.50763
116	146	0.832101
116	155	0.857648
116	156	1.14767
116	159	0.823087
116	161	0.841093
116	162	1.28917
116	166	0.868873
116	168	0.857323
116	169	0.868459
116	171	0.825357
116	172	0.856428
116	173	1.21852
116	174	0.874058
116	176	0.833242
116	177	0.797213
116	178	0.844862
116	179	0.845349
116	180	0.839198
117	40	1.39257
117	96	1.6841
117	107	0.883071
117	109	0.919033
117	112	1.08593
117	116	1.13487
117	119	0.877616
117	128	0.906822
117	132	0.892222
117	133	1.28227
117	142	0.865723
117	144	0.885738
117	147	0.87103
117	151	0.895962
117	152	0.866245
117	153	1.17865
117	154	0.892312
117	157	0.877894
117	158	0.879788
117	160	0.898695
117	162	0.883741
117	164	0.904199
117	170	0.834005
117	173	0.914634
117	174	1.20674
117	175	0.85127
117	178	1.29007
117	179	1.29923
118	12	1.64836
118	25	1.17564
118	64	1.08595
118	78	1.35786
118	83	1.18709
118	96	0.8304
118	101	1.2109
118	102	1.20925
118	108	1.17332
118	122	0.90644
118	146	0.869839
118	151	1.08008
118	153	0.920225
118	155	0.895385
118	163	0.884147
118	165	0.905852
118	166	0.906611
118	168	0.895061
118	169	0.906196
118	171	0.863094
118	172	0.894166
118	174	0.911796
118	175	0.862238
118	176	0.870979
118	177	0.834951
118	178	0.882599
118	179	0.883087
118	180	0.876935
119	78	0.829011
119	93	0.83589
119	103	1.36708
119	107	0.839196
119	117	0.877616
119	128	0.862947
119	132	0.848348
119	133	1.46245
119	137	1.33765
119	142	0.821848
119	144	0.841863
119	147	0.827155
119	149	1.58448
119	151	0.852087
119	152	0.822371
119	154	0.848437
119	157	0.83402
119	158	0.835914
119	160	0.854821
119	161	1.49363
119	162	0.839867
119	164	0.860324
119	165	1.39847
119	170	0.790131
119	171	1.59602
119	172	1.45142
119	173	0.870759
119	175	0.807395
120	6	1.07246
120	15	1.52858
120	21	1.15868
120	31	1.21461
120	40	0.880243
120	69	1.15187
120	93	1.35467
120	99	0.906025
120	121	0.872578
120	125	1.32114
120	143	1.41627
120	145	1.18695
120	148	0.880526
120	150	0.879722
120	155	0.882247
120	161	0.865693
120	163	0.871009
120	165	0.892714
120	167	0.875805
120	170	0.831835
120	171	0.849956
120	172	0.881028
120	174	0.898658
120	175	0.8491
120	176	0.857841
120	177	0.821813
120	178	0.869461
120	179	0.869949
120	180	0.863797
121	55	1.66456
121	64	1.37677
121	71	1.44003
121	85	1.44297
121	89	0.801726
121	100	0.813785
121	110	1.35906
121	120	0.872578
121	128	1.3297
121	130	0.856967
121	131	1.40189
121	153	0.862514
121	155	0.837675
121	159	0.803113
121	160	1.37169
121	163	0.826436
121	165	0.848141
121	166	0.8489
121	168	0.83735
121	169	0.848486
121	170	0.787263
121	172	0.836455
121	174	0.854085
121	175	0.804527
121	176	0.813269
121	177	0.77724
121	178	0.824889
121	179	0.825376
121	180	0.819225
122	23	1.7354
122	34	0.940926
122	42	0.863094
122	66	1.15491
122	90	1.34527
122	99	0.882176
122	111	1.47573
122	112	0.88061
122	118	0.90644
122	128	1.12594
122	135	1.34378
122	140	0.840353
122	150	0.855874
122	151	1.16714
122	159	0.823838
122	161	0.841845
122	163	0.847161
122	164	1.07398
122	165	0.868865
122	166	0.869624
122	167	0.851957
122	168	0.858075
122	169	0.86921
122	172	0.85718
122	173	1.22255
122	175	0.825252
122	176	0.833993
122	177	0.797965
122	178	0.845613
122	180	0.839949
123	11	0.824024
123	15	0.802778
123	23	0.785369
123	54	0.900582
123	56	0.92048
123	58	1.21906
123	62	0.802016
123	65	0.867011
123	66	0.845859
123	83	0.814338
123	86	0.879124
123	89	1.60933
123	95	0.851735
123	97	0.88064
123	98	0.889618
123	99	1.15045
123	110	0.890308
123	111	0.838391
123	114	0.887667
123	127	0.849205
123	129	0.840285
123	130	1.24178
123	131	0.882619
123	135	0.858934
123	159	1.48859
123	171	1.50592
123	173	0.889016
123	174	1.29681
123	175	1.42727
123	180	1.48335
124	18	0.800426
124	30	0.778717
124	48	0.814131
124	52	0.885342
124	70	0.841034
124	74	0.822082
124	76	1.80121
124	77	0.817191
124	85	0.851907
124	90	0.853524
124	91	0.895931
124	101	0.859023
124	102	0.858664
124	108	0.836122
124	125	0.826904
124	136	0.888207
124	139	0.875972
124	141	0.848365
124	143	0.856661
124	145	0.847168
124	148	0.843537
124	149	0.830628
124	150	1.48773
124	155	1.46926
124	156	0.868463
124	160	0.0103902
124	165	1.49931
124	170	1.80108
124	175	1.61822
124	176	1.696
124	179	1.58024
125	25	0.832531
125	34	1.10793
125	36	0.804314
125	46	0.81435
125	48	0.797862
125	57	0.879241
125	70	0.824766
125	74	0.805813
125	85	0.835639
125	90	0.837256
125	91	0.879663
125	101	0.842754
125	102	0.842395
125	103	1.46454
125	108	0.819853
125	120	1.32114
125	124	0.826904
125	133	0.827808
125	134	1.35967
125	136	0.871939
125	138	1.4634
125	139	0.859703
125	141	0.832096
125	143	0.840393
125	145	0.830899
125	146	1.58418
125	148	0.827269
125	149	0.814359
125	156	0.852194
125	159	1.67615
125	179	1.57686
125	180	1.67091
126	2	1.26724
126	33	1.12342
126	72	1.31098
126	75	1.08752
126	83	1.2904
126	84	0.911352
126	87	0.892714
126	92	1.32728
126	93	1.46632
126	101	1.31421
126	107	1.38806
126	109	1.22457
126	112	0.895182
126	116	0.883275
126	134	0.907774
126	140	0.854925
126	150	0.870446
126	153	0.897811
126	155	0.872971
126	161	0.856417
126	165	0.883437
126	166	0.884197
126	167	0.866529
126	168	0.872647
126	169	0.883782
126	171	0.84068
126	174	0.889382
126	176	0.848565
126	177	0.812537
126	178	0.860185
126	179	0.860672
126	180	0.854521
127	11	0.802972
127	15	0.781727
127	19	0.714826
127	38	1.92042
127	54	0.879531
127	56	0.899429
127	58	1.29795
127	62	0.780965
127	65	0.84596
127	66	0.824808
127	83	0.793287
127	86	0.858073
127	92	0.828399
127	95	0.830684
127	97	0.859589
127	98	0.868567
127	99	1.22934
127	105	0.842118
127	110	0.869257
127	111	0.81734
127	112	1.2549
127	114	0.866616
127	116	1.30384
127	123	0.849205
127	129	0.819234
127	131	0.861568
127	135	0.837883
127	149	1.57327
127	170	1.68903
127	172	1.4402
127	173	0.867965
127	174	1.3757
128	6	0.921845
128	29	1.07637
128	67	0.8771
128	89	1.50629
128	93	0.865096
128	107	0.868402
128	109	0.904365
128	117	0.906822
128	119	0.862947
128	121	1.3297
128	122	1.12594
128	132	0.877553
128	133	1.26931
128	142	0.851054
128	144	0.871069
128	146	1.29359
128	147	0.856361
128	151	0.881293
128	152	0.851577
128	154	0.877643
128	157	0.863225
128	158	0.865119
128	160	0.884026
128	162	0.869072
128	164	0.88953
128	168	1.30688
128	170	0.819336
128	173	0.899965
128	175	0.836601
128	176	1.40202
128	177	1.63066
128	179	1.28626
129	1	0.774896
129	9	0.900025
129	10	0.79326
129	11	0.794053
129	13	0.761818
129	16	0.776074
129	31	0.864763
129	35	0.809766
129	53	1.52746
129	54	0.870611
129	61	0.865205
129	68	0.836986
129	71	0.839532
129	81	0.868794
129	82	0.86648
129	84	1.38756
129	86	0.849154
129	98	0.859648
129	103	1.40549
129	110	0.860337
129	111	0.808421
129	116	1.35345
129	123	0.840285
129	127	0.819234
129	131	0.852648
129	135	0.828963
129	153	1.39724
129	159	1.6171
129	165	1.43688
129	168	1.53842
129	172	1.48982
129	173	0.859046
130	16	1.55503
130	40	0.864632
130	60	1.23993
130	100	0.842747
130	103	0.871872
130	109	1.22112
130	114	1.18544
130	121	0.856967
130	123	1.24178
130	131	1.21094
130	134	0.901439
130	138	0.879251
130	140	0.84859
130	143	1.52447
130	145	1.29515
130	146	0.84109
130	153	0.891476
130	154	1.19965
130	158	1.18959
130	163	0.855398
130	165	0.877103
130	166	0.877862
130	167	0.860195
130	168	0.866312
130	169	0.877448
130	171	0.834346
130	172	0.865417
130	174	0.883047
130	176	0.842231
130	177	0.806202
130	178	0.853851
130	179	0.854338
130	180	0.848187
131	11	0.836387
131	15	0.815141
131	19	0.74824
131	23	0.797732
131	53	1.3681
131	54	0.912945
131	62	0.814379
131	65	0.879374
131	66	0.858222
131	83	0.826701
131	86	0.891487
131	92	0.861813
131	95	0.864098
131	97	0.893003
131	98	0.901981
131	105	0.875532
131	110	0.902671
131	111	0.850754
131	114	0.90003
131	121	1.40189
131	123	0.882619
131	127	0.861568
131	129	0.852648
131	130	1.21094
131	135	0.871297
131	137	1.2167
131	146	1.36578
131	153	1.23788
131	173	0.901379
131	174	1.26597
131	176	1.47422
131	177	1.70286
131	180	1.4525
132	21	0.867122
132	43	0.938264
132	69	0.853684
132	100	1.442
132	103	1.24363
132	107	0.853802
132	109	0.889765
132	113	1.23095
132	117	0.892222
132	119	0.848348
132	128	0.877553
132	134	1.13876
132	138	0.867763
132	142	0.836454
132	144	0.856469
132	147	0.841761
132	149	1.46103
132	151	0.866693
132	152	0.836977
132	154	0.863044
132	157	0.848626
132	158	0.85052
132	160	0.869427
132	161	1.37017
132	162	0.854473
132	164	0.87493
132	165	1.27501
132	170	0.804737
132	171	1.47256
132	173	0.885365
132	175	0.822001
132	177	1.70035
132	179	1.35595
133	5	0.735272
133	12	0.789854
133	51	1.2599
133	53	0.827162
133	91	0.896835
133	102	0.859567
133	108	0.837026
133	113	0.869532
133	117	1.28227
133	119	1.46245
133	125	0.827808
133	128	1.26931
133	136	0.889111
133	139	0.876875
133	142	1.47479
133	143	0.857565
133	144	1.42954
133	145	0.848071
133	147	1.3724
133	148	0.844441
133	149	0.831531
133	150	0.843637
133	155	0.846162
133	156	0.869366
133	157	1.44096
133	164	1.21735
133	168	0.845837
133	169	0.856973
133	172	0.844942
133	173	1.36592
133	176	0.821756
133	177	0.785727
133	178	0.833376
133	179	0.833863
133	180	0.827712
134	43	1.0651
134	49	1.75847
134	58	0.916005
134	66	1.09805
134	68	1.28507
134	74	1.35551
134	87	0.901889
134	89	0.846198
134	104	0.887141
134	112	0.904358
134	125	1.35967
134	126	0.907774
134	130	0.901439
134	132	1.13876
134	140	0.8641
134	145	1.22548
134	146	0.8566
134	147	1.17217
134	150	0.879622
134	157	1.24073
134	159	0.847585
134	164	1.01712
134	166	0.893372
134	167	0.875705
134	168	0.881822
134	169	0.892958
134	170	0.831735
134	171	0.849856
134	172	0.880927
134	174	0.898557
134	176	0.857741
134	177	0.821712
134	178	0.869361
134	179	0.869848
134	180	0.863697
135	10	0.811909
135	11	0.812702
135	15	0.791456
135	19	0.724555
135	23	0.774047
135	34	1.03517
135	44	1.40798
135	53	1.51375
135	54	0.88926
135	56	0.909158
135	62	0.790694
135	65	0.855689
135	66	0.834537
135	83	0.803016
135	86	0.867802
135	92	0.838128
135	95	0.840413
135	97	0.869318
135	98	0.878296
135	105	0.851847
135	110	0.878986
135	111	0.827069
135	114	0.876345
135	122	1.34378
135	123	0.858934
135	127	0.837883
135	129	0.828963
135	131	0.871297
135	148	1.44216
135	167	1.46882
135	171	1.62072
135	172	1.47612
135	173	0.877694
135	176	1.61987
135	178	1.49495
136	8	1.41683
