1	7	1.048
1	44	1.01361
1	61	1.0462
1	80	1.05964
1	84	1.00609
1	94	1.02588
1	97	0.955667
1	147	0.91685
1	149	0.960562
1	156	0.960456
1	157	1.11612
1	174	1.08447
2	25	1.02116
2	33	1.12116
2	46	1.05017
2	49	1.05017
2	70	1.02458
2	71	1.07257
2	78	1.09458
2	125	0.936407
2	149	0.938547
2	165	0.965603
2	172	0.962009
2	175	0.956738
3	8	1.07826
3	18	0.85806
3	23	1.16169
3	48	0.997845
3	57	0.946626
3	86	0.992075
3	138	0.870417
3	153	1.02153
3	157	1.11681
3	174	1.08517
3	175	0.902314
3	178	1.16422
4	17	1.03777
4	27	1.06198
4	30	1.03339
4	89	1.02072
4	96	1.07842
4	101	1.09335
4	142	0.906076
4	145	1.08124
4	147	0.888114
4	151	0.965145
4	169	0.993133
4	180	1.03479
5	13	1.25561
5	21	1.16304
5	31	1.14478
5	53	1.12552
5	72	1.30399
5	74	1.16853
5	79	1.23853
5	151	0.776178
5	152	0.721548
5	161	0.737009
5	169	0.846689
5	175	0.761051
6	22	1.18096
6	67	1.18233
6	76	1.23071
6	77	1.24744
6	81	1.19969
6	127	1.19697
6	144	0.902464
6	161	0.671072
6	162	1.1619
6	168	0.722563
6	170	0.766829
6	180	0.779887
7	1	1.048
7	61	1.23719
7	80	1.25063
7	84	1.19708
7	94	1.21687
7	115	0.924055
7	144	0.842654
7	152	0.5958
7	160	1.17476
7	174	1.27546
7	177	0.759317
7	180	0.720076
8	3	1.07826
8	47	1.19694
8	48	1.2177
8	57	1.16648
8	86	1.21193
8	97	1.22367
8	121	0.834312
8	151	0.732086
8	159	0.742678
8	160	0.736639
8	163	0.796645
8	174	1.30502
9	34	1.33663
9	42	1.35308
9	52	1.2226
9	55	1.23813
9	127	1.30944
9	130	0.875736
9	153	0.605206
9	165	0.717419
9	172	0.590668
9	179	0.753039
9	180	1.24013
10	11	1.07515
10	19	1.19635
10	21	1.18882
10	53	1.1513
10	72	1.32977
10	74	1.19431
10	79	1.26431
10	144	0.882396
10	158	0.653482
10	165	0.807067
10	167	0.696797
10	176	0.802913
11	10	1.07515
11	13	1.1
11	19	1.01495
11	21	1.00743
11	32	0.958268
11	72	1.14838
11	74	1.01291
11	79	1.08291
11	111	0.843798
11	151	0.918054
11	154	1.05699
11	170	0.974642
12	87	1.25693
12	90	1.1065
12	103	1.22076
12	106	1.18798
12	107	1.19494
12	112	1.23318
12	117	1.1997
12	122	0.635813
12	136	0.861077
12	142	0.71536
12	171	0.746224
12	177	0.883317
13	5	1.25561
13	11	1.1
13	31	1.19541
13	32	1.16451
13	53	1.17615
13	74	1.21916
13	79	1.28916
13	97	0.75222
13	147	0.713404
13	148	0.773077
13	170	0.847023
13	173	0.757064
14	34	1.2303
14	42	1.24675
14	52	1.11627
14	55	1.1318
14	114	1.20065
14	122	1.34042
14	143	0.755524
14	152	0.752489
14	161	0.767949
14	173	0.773748
14	175	0.791991
14	180	1.1338
15	17	1.21432
15	30	1.20993
15	39	1.13542
15	89	1.19727
15	101	1.2699
15	125	0.74358
15	134	0.784045
15	153	0.783721
15	160	1.20349
15	167	0.785663
15	169	1.16968
15	173	0.745668
16	56	1.16087
16	76	1.25746
16	77	1.27419
16	81	1.22643
16	115	1.05641
16	142	0.66036
16	143	1.23598
16	162	1.18864
16	164	0.787696
16	169	0.789941
16	170	0.776018
16	177	0.828317
17	4	1.03777
17	15	1.21432
17	89	1.11513
17	96	1.17283
17	101	1.18776
17	136	0.87502
17	143	0.736778
17	160	1.12135
17	161	1.16331
17	163	0.852932
17	169	1.08754
17	172	0.778517
17	177	0.89726
18	3	0.85806
18	51	0.703728
18	79	0.68042
18	89	0.747812
18	105	0.715268
18	136	1.10574
18	142	1.23272
18	155	1.24408
18	173	1.20802
18	176	1.09975
18	177	1.10913
18	178	1.02783
18	179	1.07273
19	10	1.19635
19	11	1.01495
19	31	1.11036
19	32	1.07946
19	53	1.0911
19	72	1.26957
19	74	1.13411
19	79	1.20411
19	152	0.761049
19	160	0.820232
19	165	0.932574
19	167	0.822303
19	172	0.805823
20	21	0.786981
20	52	0.75619
20	60	0.650211
20	81	0.748941
20	89	0.712464
20	159	1.17374
20	164	1.12534
20	172	1.19818
20	173	1.20697
20	175	1.18923
20	177	1.10808
20	178	1.02678
20	179	1.07168
21	5	1.16304
21	10	1.18882
21	11	1.00743
21	20	0.786981
21	32	1.07194
21	53	1.08357
21	72	1.26204
21	74	1.12658
21	79	1.19658
21	122	0.743094
21	137	0.849789
21	156	0.848286
21	175	0.866584
22	6	1.18096
22	50	0.744476
22	56	1.09601
22	67	1.14421
22	76	1.1926
22	77	1.20933
22	81	1.16157
22	115	0.991548
22	120	0.833501
22	151	0.840115
22	158	0.803424
22	162	1.12378
22	166	0.921731
23	3	1.16169
23	26	1.42308
23	47	1.28037
23	48	1.30113
23	57	1.24991
23	86	1.29536
23	130	0.949336
23	137	0.642201
23	149	0.640805
23	160	0.678676
23	161	0.634954
23	171	0.645918
23	174	1.38845
24	54	1.23523
24	83	0.712297
24	88	1.08927
24	91	1.15434
24	95	1.12631
24	98	1.09457
24	99	1.08821
24	108	1.13746
24	137	0.726973
24	141	1.17462
24	164	0.827162
24	176	0.871636
24	178	1.00568
25	2	1.02116
25	33	1.22116
25	46	1.15017
25	49	1.15017
25	70	1.12458
25	71	1.17257
25	78	1.19458
25	96	0.811851
25	128	0.891453
25	147	0.77044
25	161	0.808301
25	165	1.0656
25	168	0.859793
26	23	1.42308
26	47	1.23848
26	86	1.25347
26	97	1.26521
26	142	0.628397
26	143	1.29028
26	151	0.687466
26	153	1.28292
26	161	0.648297
26	165	0.804362
26	166	0.769083
26	173	0.654095
26	174	1.34656
27	4	1.06198
27	30	1.15201
27	39	1.07749
27	89	1.13934
27	101	1.21198
27	143	0.760706
27	145	1.19987
27	146	0.827352
27	149	0.778982
27	160	1.14556
27	164	0.880567
27	166	0.893917
27	169	1.11176
28	58	1.25941
28	65	1.22392
28	90	1.24021
28	97	0.622971
28	103	1.35447
28	106	1.32169
28	112	1.36689
28	117	1.33341
28	153	0.665868
28	167	0.66781
28	175	0.646058
28	176	0.773926
28	179	0.813701
29	61	1.13796
29	80	1.1514
29	84	1.09785
29	94	1.11763
29	125	0.803111
29	137	0.806647
29	141	1.13845
29	142	0.779499
29	147	0.761538
29	157	1.20787
29	162	1.07261
29	174	1.17623
29	179	0.991085
30	4	1.03339
30	15	1.20993
30	27	1.15201
30	89	1.11075
30	96	1.16845
30	101	1.18338
30	136	0.878493
30	143	0.740251
30	161	1.15893
30	164	0.860112
30	169	1.08316
30	173	0.758475
30	176	0.904586
31	5	1.14478
31	13	1.19541
31	19	1.11036
31	32	1.05368
31	53	1.06532
31	72	1.24379
31	74	1.10833
31	79	1.17833
31	121	0.868504
31	143	0.714683
31	154	0.905215
31	160	0.770831
31	165	0.883173
32	11	0.958268
32	13	1.16451
32	19	1.07946
32	21	1.07194
32	31	1.05368
32	53	1.03441
32	72	1.21288
32	74	1.07742
32	79	1.14742
32	97	0.831495
32	128	0.913692
32	154	1.00865
32	161	0.83054
32	172	0.859853
33	2	1.12116
33	25	1.22116
33	46	1.25017
33	49	1.25017
33	70	1.22458
33	71	1.27257
33	78	1.29458
33	137	0.694721
33	155	0.673879
33	160	0.731196
33	165	1.1656
33	172	0.716787
33	179	0.879159
33	180	0.796289
34	9	1.33663
34	14	1.2303
34	35	1.26931
34	42	1.2457
34	52	1.11522
34	55	1.13075
34	96	0.716221
34	122	1.33937
34	128	0.795823
34	156	0.718415
34	158	0.71515
34	169	0.822351
34	171	0.723635
34	180	1.13274
35	34	1.26931
35	42	1.28576
35	52	1.15528
35	55	1.17081
35	111	0.703725
35	114	1.23966
35	127	1.24212
35	137	0.746058
35	145	1.26425
35	149	0.744662
35	153	0.782663
35	171	0.749775
35	175	0.762853
35	180	1.17281
36	38	1.3113
36	60	1.26311
36	64	1.12989
36	82	1.22537
36	85	1.21535
36	92	1.24454
36	93	1.24454
36	121	0.830689
36	142	0.669394
36	150	0.678765
36	161	0.689294
36	170	0.785051
36	177	0.83735
36	180	1.16589
37	51	1.33981
37	62	0.785796
37	88	1.18564
37	91	1.25071
37	98	1.19094
37	99	1.18458
37	108	1.23383
37	127	1.24023
37	138	0.692871
37	149	0.706577
37	161	0.700727
37	169	1.17426
37	170	0.796484
37	180	0.809542
38	36	1.3113
38	64	1.14565
38	82	1.24113
38	85	1.23111
38	92	1.2603
38	93	1.2603
38	109	0.704657
38	125	0.690645
38	163	0.790662
38	165	1.16855
38	167	0.732727
38	173	0.692732
38	179	0.878619
38	180	1.18165
39	15	1.13542
39	27	1.07749
39	83	0.84721
39	89	1.03623
39	101	1.10886
39	111	0.819553
39	122	1.21193
39	126	1.09457
39	153	0.898491
39	160	1.04245
39	161	1.08441
39	166	0.975425
39	167	0.900433
39	169	1.00864
40	58	1.16196
40	73	1.20842
40	87	1.29319
40	90	1.14276
40	103	1.25703
40	107	1.23121
40	112	1.26945
40	117	1.23597
40	130	0.968893
40	153	0.698364
40	159	0.704273
40	161	0.654512
40	163	0.75824
40	168	0.706004
41	58	1.02161
41	87	1.15284
41	90	1.00241
41	103	1.11667
41	106	1.08389
41	107	1.09085
41	112	1.12909
41	115	1.12328
41	117	1.09561
41	145	1.10703
41	160	0.854213
41	161	0.810491
41	172	0.839804
41	173	0.816289
42	9	1.35308
42	14	1.24675
42	34	1.2457
42	35	1.28576
42	52	1.13167
42	55	1.1472
42	134	0.720906
42	145	1.24064
42	147	0.638868
42	165	0.832794
42	170	0.772487
42	175	0.700772
42	177	0.824786
42	180	1.1492
43	65	0.99439
43	73	1.07634
43	87	1.16111
43	90	1.01068
43	103	1.12494
43	106	1.09217
43	107	1.09913
43	112	1.13736
43	117	1.10388
43	144	0.992264
43	159	0.810632
43	169	0.870551
43	170	0.856628
43	176	0.912781
44	1	1.01361
44	61	1.2028
44	80	1.21624
44	83	0.722478
44	84	1.16269
44	94	1.18248
44	96	0.733457
44	141	1.2033
44	158	0.732385
44	160	1.14036
44	162	1.13746
44	165	0.885971
44	174	1.24107
44	177	0.877963
44	180	0.838722
45	113	1.21972
45	116	1.11665
45	118	1.16129
45	122	0.632294
45	124	1.17536
45	128	0.814893
45	132	1.18498
45	133	1.18687
45	135	1.16023
45	139	1.15854
45	140	1.13635
45	148	0.753553
45	154	0.909848
45	169	0.841422
45	180	0.840557
46	2	1.05017
46	25	1.15017
46	33	1.25017
46	49	1.17917
46	70	1.15359
46	71	1.20158
46	78	1.22359
46	96	0.72208
46	126	1.19696
46	138	0.710675
46	144	0.949923
46	159	0.768291
46	164	0.825966
46	165	1.09461
46	170	0.814287
47	8	1.19694
47	23	1.28037
47	26	1.23848
47	48	1.11653
47	57	1.06531
47	69	0.746413
47	86	1.11076
47	131	0.876006
47	143	1.14757
47	153	1.14021
47	155	0.746121
47	156	0.76546
47	169	0.869396
47	172	0.789029
47	174	1.20385
48	3	0.997845
48	8	1.2177
48	23	1.30113
48	47	1.11653
48	57	1.08607
48	86	1.13152
48	121	0.862904
48	126	0.728903
48	143	1.16834
48	148	0.743321
48	155	0.707915
48	157	1.25626
48	165	0.877573
48	174	1.22461
48	177	0.869565
49	2	1.05017
49	25	1.15017
49	33	1.25017
49	46	1.17917
49	70	1.15359
49	71	1.20158
49	78	1.22359
49	97	0.762371
49	109	0.779139
49	126	1.19696
49	150	0.750888
49	165	1.09461
49	170	0.857173
49	171	0.77238
49	180	0.870232
50	22	0.744476
50	52	0.755282
50	59	0.642904
50	119	0.735421
50	135	0.678559
50	142	1.23994
50	150	1.26438
50	156	1.23346
50	159	1.182
50	162	0.699106
50	164	1.13361
50	166	1.12428
50	170	1.13542
50	176	1.10696
50	179	1.07994
51	18	0.703728
51	37	1.33981
51	63	1.29613
51	88	1.21984
51	91	1.28492
51	95	1.25689
51	99	1.21878
51	108	1.26804
51	115	1.10713
51	126	0.731334
51	150	0.713412
51	153	0.767792
51	155	0.710346
51	156	0.729685
51	169	1.20846
51	171	0.734904
52	9	1.2226
52	14	1.11627
52	20	0.75619
52	34	1.11522
52	35	1.15528
52	42	1.13167
52	50	0.755282
52	55	1.01672
52	122	1.22534
52	127	1.08803
52	142	0.791851
52	145	1.11016
52	161	0.811751
52	164	0.919187
52	177	0.959807
52	180	1.01871
53	5	1.12552
53	10	1.1513
53	13	1.17615
53	19	1.0911
53	21	1.08357
53	31	1.06532
53	32	1.03441
53	62	0.872993
53	72	1.22452
53	74	1.08906
53	79	1.15906
53	129	0.860516
53	148	0.809735
53	152	0.772463
53	167	0.833717
53	176	0.939834
54	24	1.23523
54	59	1.34011
54	88	1.21164
54	91	1.27672
54	95	1.24869
54	98	1.21695
54	99	1.21058
54	108	1.25983
54	131	0.783592
54	136	0.793118
54	148	0.689113
54	160	0.711024
54	163	0.77103
54	167	0.713095
54	169	1.20026
54	171	0.678265
55	9	1.23813
55	14	1.1318
55	34	1.13075
55	35	1.17081
55	42	1.1472
55	52	1.01672
55	111	0.801048
55	114	1.1011
55	120	0.868691
55	127	1.10356
55	137	0.843382
55	145	1.12569
55	151	0.875304
55	173	0.841933
55	175	0.860177
55	180	1.03425
56	16	1.16087
56	22	1.09601
56	67	1.09737
56	76	1.14575
56	77	1.16249
56	81	1.11473
56	109	0.773848
56	114	1.10955
56	127	1.11201
56	143	1.12427
56	154	0.934231
56	161	0.756125
56	162	1.07694
56	166	0.876911
56	167	0.801919
56	179	0.94781
57	3	0.946626
57	8	1.16648
57	23	1.24991
57	47	1.06531
57	48	1.08607
57	86	1.0803
57	109	0.760609
57	130	1.05727
57	143	1.11712
57	153	1.10975
57	157	1.20504
57	161	0.742886
57	171	0.75385
57	173	0.748684
57	174	1.17339
57	178	1.02884
58	28	1.25941
58	40	1.16196
58	41	1.02161
58	65	1.01279
58	73	1.09474
58	103	1.14334
58	106	1.11057
58	107	1.11753
58	112	1.15577
58	115	1.05735
58	117	1.12228
58	137	0.751805
58	163	0.848286
58	167	0.790351
58	173	0.750356
58	177	0.892614
59	50	0.642904
59	54	1.34011
59	63	1.27042
59	88	1.19414
59	91	1.25922
59	95	1.23119
59	98	1.19945
59	99	1.19308
59	108	1.24233
59	111	1.27006
59	122	0.599926
59	150	0.688845
59	160	0.743096
59	166	0.820159
59	173	0.705172
59	179	0.891059
60	20	0.650211
60	36	1.26311
60	64	1.09746
60	75	1.1826
60	82	1.19294
60	85	1.18292
60	92	1.21211
60	93	1.21211
60	128	0.788924
60	151	0.744942
60	155	0.692178
60	157	1.30295
60	164	0.813208
60	165	1.12036
60	173	0.711571
60	178	0.991725
60	180	1.13346
61	1	1.0462
61	7	1.23719
61	29	1.13796
61	44	1.2028
61	80	1.24883
61	84	1.19528
61	94	1.21507
61	97	0.694445
61	115	1.00628
61	137	0.700737
61	143	0.681064
61	151	0.732659
61	160	1.17296
61	162	1.17005
61	167	0.739283
61	174	1.27366
61	179	0.885175
62	37	0.785796
62	53	0.872993
62	67	0.818544
62	93	0.826762
62	103	0.780575
62	105	0.82055
62	131	1.06141
62	147	1.14966
62	151	1.11573
62	152	1.16572
62	168	1.10386
62	173	1.14066
62	175	1.12293
62	176	1.03239
62	177	1.04178
62	178	0.960478
62	179	1.00537
63	51	1.29613
63	59	1.27042
63	88	1.14196
63	91	1.20703
63	95	1.17901
63	98	1.14726
63	99	1.1409
63	108	1.19015
63	122	0.606937
63	127	1.19655
63	128	0.789536
63	142	0.686484
63	153	0.750236
63	159	0.756145
63	169	1.13058
63	176	0.858294
63	178	0.992337
64	36	1.12989
64	38	1.14565
64	60	1.09746
64	66	1.103
64	75	1.04938
64	82	1.05972
64	92	1.07889
64	93	1.07889
64	134	0.886049
64	138	0.834018
64	157	1.16973
64	165	0.987141
64	170	0.93763
64	171	0.852837
64	173	0.847671
64	179	1.03356
64	180	1.00024
65	28	1.22392
65	43	0.99439
65	58	1.01279
65	73	1.05925
65	87	1.14402
65	90	0.993592
65	103	1.10785
65	106	1.07508
65	107	1.08204
65	112	1.12028
65	117	1.08679
65	152	0.815579
65	155	0.817446
65	163	0.934768
65	165	0.987104
65	166	0.951826
65	168	0.882532
66	64	1.103
66	75	1.18814
66	82	1.19848
66	85	1.18846
66	92	1.21765
66	93	1.21765
66	153	1.21321
66	155	0.662574
66	157	1.30849
66	158	0.678647
66	165	1.1259
66	166	0.796954
66	171	0.687132
66	176	0.828078
66	177	0.824225
66	178	0.962121
66	180	1.139
67	6	1.18233
67	22	1.14421
67	56	1.09737
67	62	0.818544
67	76	1.19396
67	77	1.21069
67	81	1.16293
67	100	0.679966
67	114	1.15776
67	115	0.992911
67	127	1.16022
67	143	1.17248
67	154	0.91158
67	155	0.71988
67	162	1.12514
67	168	0.784966
67	175	0.757516
67	178	1.01943
68	92	0.788061
68	93	0.721476
68	98	0.788305
68	114	0.698329
68	125	1.2059
68	142	1.21733
68	145	0.695514
68	146	1.15578
68	158	1.21509
68	162	0.735358
68	171	1.19049
68	173	1.19263
68	174	0.645218
68	175	1.17489
68	176	1.08436
68	177	1.09374
68	178	1.01244
68	179	1.05734
69	47	0.746413
69	70	1.13194
69	78	1.20194
69	84	0.704856
69	85	0.681384
69	95	0.747031
69	99	0.820443
69	106	1.15437
69	107	1.16133
69	112	1.19957
69	116	0.755998
69	117	1.16609
69	138	1.17431
69	142	1.20066
69	165	1.07297
69	170	1.09615
69	174	0.652133
69	179	1.04067
70	2	1.02458
70	25	1.12458
70	33	1.22458
70	46	1.15359
70	49	1.15359
70	69	1.13194
70	71	1.17599
70	78	1.198
70	111	1.17276
70	126	1.17138
70	131	0.869052
70	136	0.878577
70	146	0.806981
70	156	0.758505
70	165	1.06902
70	171	0.763725
70	173	0.758559
70	176	0.904671
71	2	1.07257
71	25	1.17257
71	33	1.27257
71	46	1.20158
71	49	1.20158
71	70	1.17599
71	78	1.24599
71	111	1.22075
71	126	1.21937
71	156	0.693511
71	161	0.687767
71	165	1.11701
71	168	0.739258
71	169	0.797447
71	175	0.711808
71	177	0.835823
71	178	0.973719
72	5	1.30399
72	10	1.32977
72	11	1.14838
72	19	1.26957
72	21	1.26204
72	31	1.24379
72	32	1.21288
72	53	1.22452
72	74	1.26753
72	79	1.33753
72	115	0.948531
72	134	0.679913
72	150	0.625208
72	158	0.638215
72	164	0.743172
72	169	0.745417
72	172	0.66505
72	180	0.744552
73	40	1.20842
73	43	1.07634
73	58	1.09474
73	65	1.05925
73	87	1.22597
73	90	1.07554
73	103	1.18981
73	106	1.15703
73	107	1.16399
73	117	1.16874
73	138	0.745341
73	145	1.18016
73	147	0.715334
73	164	0.860632
73	168	0.804688
73	169	0.862876
73	170	0.848953
73	177	0.901252
74	5	1.16853
74	10	1.19431
74	11	1.01291
74	13	1.21916
74	19	1.13411
74	21	1.12658
74	31	1.10833
74	32	1.07742
74	53	1.08906
74	72	1.26753
74	79	1.20207
74	120	0.783382
74	137	0.758073
74	147	0.712964
74	154	0.928932
74	160	0.794548
74	176	0.902736
74	180	0.859641
75	60	1.1826
75	64	1.04938
75	66	1.18814
75	82	1.14486
75	85	1.13484
75	92	1.16403
75	93	1.16403
75	128	0.799163
75	130	1.03039
75	153	1.15959
75	157	1.25487
75	158	0.71849
75	159	0.765772
75	165	1.07228
75	166	0.836797
75	173	0.72181
75	176	0.867922
75	180	1.08538
76	6	1.23071
76	16	1.25746
76	22	1.1926
76	56	1.14575
76	67	1.19396
76	77	1.25907
76	81	1.21132
76	114	1.20614
76	121	0.855516
76	127	1.2086
76	142	0.694221
76	143	1.22086
76	147	0.67626
76	148	0.735933
76	162	1.17353
76	164	0.821557
76	172	0.743435
76	175	0.738163
76	180	0.822937
77	6	1.24744
77	16	1.27419
77	22	1.20933
77	56	1.16249
77	67	1.21069
77	76	1.25907
77	81	1.22805
77	114	1.22287
77	115	1.05803
77	126	0.745835
77	128	0.821593
77	143	1.23759
77	148	0.760253
77	150	0.727913
77	159	0.788202
77	161	0.738441
77	162	1.19026
77	173	0.744239
77	175	0.762483
78	2	1.09458
78	25	1.19458
78	33	1.29458
78	46	1.22359
78	49	1.22359
78	69	1.20194
78	70	1.198
78	71	1.24599
78	96	0.706522
78	97	0.703927
78	111	1.24276
78	126	1.24138
78	131	0.819262
78	144	0.934365
78	146	0.757192
78	149	0.708822
78	165	1.13902
78	167	0.748765
78	173	0.70877
79	5	1.23853
79	10	1.26431
79	11	1.08291
79	13	1.28916
79	18	0.68042
79	19	1.20411
79	21	1.19658
79	31	1.17833
79	32	1.14742
79	53	1.15906
79	72	1.33753
79	74	1.20207
79	129	0.773226
79	153	0.744485
79	155	0.687039
79	163	0.804361
79	167	0.746427
79	168	0.752125
79	177	0.848689
80	1	1.05964
80	7	1.25063
80	29	1.1514
80	44	1.21624
80	61	1.24883
80	84	1.20872
80	94	1.22851
80	114	1.21611
80	120	0.694726
80	141	1.24933
80	152	0.646709
80	154	0.840276
80	159	0.711931
80	162	1.18349
80	170	0.757927
80	174	1.2871
80	177	0.810226
80	179	0.853855
80	180	0.770985
81	6	1.19969
81	16	1.22643
81	20	0.748941
81	22	1.16157
81	56	1.11473
81	67	1.16293
81	76	1.21132
81	77	1.22805
81	100	0.750993
81	114	1.17512
81	115	1.01027
81	122	0.705054
81	127	1.17757
81	138	0.796647
81	143	1.18983
81	158	0.806981
81	161	0.804502
81	162	1.1425
81	171	0.815465
81	180	0.913317
82	36	1.22537
82	38	1.24113
82	60	1.19294
82	64	1.05972
82	66	1.19848
82	75	1.14486
82	85	1.14518
82	92	1.17438
82	93	1.17438
82	121	0.930976
82	122	0.690134
82	126	0.796975
82	138	0.781726
82	146	0.843802
82	147	0.75172
82	157	1.26522
82	158	0.79206
82	165	1.08262
82	171	0.800545
82	180	1.09572
83	24	0.712297
83	39	0.84721
83	44	0.722478
83	96	1.21833
83	107	0.74819
83	113	0.712292
83	123	0.682397
83	132	0.709622
83	138	1.21795
83	157	0.621716
83	163	1.13887
83	164	1.13798
83	168	1.1828
83	170	1.13979
83	171	1.21746
83	173	1.2196
83	175	1.20187
83	176	1.11133
83	179	1.08431
83	180	1.12971
84	1	1.00609
84	7	1.19708
84	29	1.09785
84	44	1.16269
84	61	1.19528
84	69	0.704856
84	80	1.20872
84	94	1.17496
84	129	0.790751
84	136	0.843975
84	141	1.19578
84	142	0.698258
84	143	0.705733
84	157	1.2652
84	160	1.13285
84	162	1.12994
84	164	0.825594
84	167	0.763952
84	174	1.23355
84	178	1.00411
85	36	1.21535
85	38	1.23111
85	60	1.18292
85	66	1.18846
85	69	0.681384
85	75	1.13484
85	82	1.14518
85	92	1.16436
85	93	1.16436
85	134	0.738862
85	144	0.926079
85	153	1.15991
85	157	1.2552
85	158	0.697165
85	165	1.0726
85	171	0.70565
85	172	0.724
85	178	0.980639
85	179	0.886371
85	180	1.0857
86	3	0.992075
86	8	1.21193
86	23	1.29536
86	26	1.25347
86	47	1.11076
86	48	1.13152
86	57	1.0803
86	97	1.13749
86	126	0.695205
86	143	1.16257
86	144	0.919204
86	153	1.1552
86	157	1.25049
86	159	0.737572
86	160	0.731534
86	167	0.733605
86	172	0.717125
86	174	1.21884
86	178	0.973764
86	179	0.879497
87	12	1.25693
87	40	1.29319
87	41	1.15284
87	43	1.16111
87	65	1.14402
87	73	1.22597
87	90	1.16031
87	103	1.27457
87	106	1.2418
87	107	1.24876
87	112	1.28699
87	117	1.25351
87	134	0.689501
87	156	0.65107
87	165	0.80139
87	169	0.755005
87	170	0.741082
87	171	0.656289
87	172	0.674639
87	178	0.931278
87	179	0.83701
88	24	1.08927
88	37	1.18564
88	51	1.21984
88	54	1.21164
88	59	1.19414
88	63	1.14196
88	91	1.13075
88	95	1.10273
88	96	0.812522
88	98	1.07098
88	99	1.06462
88	100	0.755464
88	108	1.11387
88	122	0.709525
88	127	1.12027
88	146	0.863193
88	154	0.987078
88	155	0.795378
88	160	0.852695
88	163	0.9127
88	169	1.05429
89	4	1.02072
89	15	1.19727
89	17	1.11513
89	18	0.747812
89	20	0.712464
89	27	1.13934
89	30	1.11075
89	39	1.03623
89	101	1.17071
89	122	1.27378
89	126	1.15642
89	134	0.812201
89	145	1.1586
89	148	0.789837
89	160	1.1043
89	161	1.14626
89	163	0.871753
89	168	0.819517
89	169	1.07049
89	179	0.95971
89	180	0.876841
90	12	1.1065
90	28	1.24021
90	40	1.14276
90	41	1.00241
90	43	1.01068
90	65	0.993592
90	73	1.07554
90	87	1.16031
90	97	0.812025
90	100	0.757562
90	103	1.12415
90	106	1.09137
90	107	1.09833
90	112	1.13657
90	117	1.10308
90	143	0.798645
90	145	1.1145
90	164	0.918506
90	168	0.862562
90	170	0.906827
90	175	0.835112
90	178	1.09702
91	24	1.15434
91	37	1.25071
91	51	1.28492
91	54	1.27672
91	59	1.25922
91	63	1.20703
91	88	1.13075
91	95	1.1678
91	98	1.13606
91	108	1.17894
91	115	1.01804
91	128	0.780581
91	131	0.81372
91	141	1.21611
91	146	0.751649
91	149	0.703279
91	152	0.681968
91	153	0.741281
91	165	0.853493
91	169	1.11937
91	172	0.726742
91	178	0.983381
92	36	1.24454
92	38	1.2603
92	60	1.21211
92	64	1.07889
92	66	1.21765
92	68	0.788061
92	75	1.16403
92	82	1.17438
92	85	1.16436
92	93	1.19355
92	111	0.773191
92	129	0.880871
92	141	0.0176423
92	143	0.795853
92	152	0.792817
92	153	1.1891
92	157	1.28439
92	163	0.912006
92	165	1.1018
92	177	0.956334
92	179	0.999963
92	180	1.11489
93	36	1.24454
93	38	1.2603
93	60	1.21211
93	62	0.826762
93	64	1.07889
93	66	1.21765
93	68	0.721476
93	75	1.16403
93	82	1.17438
93	85	1.16436
93	92	1.19355
93	111	0.706606
93	126	0.749086
93	134	0.785869
93	148	0.763505
93	153	1.1891
93	156	0.747437
93	157	1.28439
93	158	0.744171
93	165	1.1018
93	176	0.893603
93	180	1.11489
94	1	1.02588
94	7	1.21687
94	29	1.11763
94	44	1.18248
94	61	1.21507
94	80	1.22851
94	84	1.17496
94	114	1.18234
94	125	0.683268
94	130	0.993938
94	141	1.21557
94	144	0.91095
94	156	0.685301
94	157	1.28499
94	160	1.15263
94	162	1.14973
94	169	0.789237
94	171	0.69052
94	172	0.70887
94	174	1.25334
94	175	0.703599
94	179	0.871242
95	24	1.12631
95	51	1.25689
95	54	1.24869
95	59	1.23119
95	63	1.17901
95	69	0.747031
95	88	1.10273
95	91	1.1678
95	98	1.10803
95	99	1.10167
95	108	1.15092
95	115	0.990012
95	127	1.15732
95	128	0.843486
95	141	1.18808
95	146	0.814554
95	148	0.782146
95	155	0.74674
95	158	0.762813
95	169	1.09134
95	171	0.771297
95	179	0.952019
95	180	0.869149
96	4	1.07842
96	17	1.17283
96	25	0.811851
96	30	1.16845
96	34	0.716221
96	44	0.733457
96	46	0.72208
96	78	0.706522
96	83	1.21833
96	88	0.812522
96	101	1.22842
96	102	1.14264
96	106	0.794898
96	107	0.75917
96	117	0.70243
96	133	1.20429
96	139	1.17596
96	140	1.15376
96	159	1.18153
96	164	1.13313
96	169	1.1282
96	178	1.03457
96	179	1.07947
97	1	0.955667
97	8	1.22367
97	13	0.75222
97	26	1.26521
97	28	0.622971
97	32	0.831495
97	49	0.762371
97	61	0.694445
97	78	0.703927
97	86	1.13749
97	90	0.812025
97	119	1.1438
97	124	1.16065
97	133	1.17216
97	135	1.14552
97	140	1.12164
97	145	0.716686
97	172	1.17384
97	174	1.23058
97	175	1.1649
97	176	1.07436
97	177	1.08375
97	178	1.00244
98	24	1.09457
98	37	1.19094
98	54	1.21695
98	59	1.19945
98	63	1.14726
98	68	0.788305
98	88	1.07098
98	91	1.13606
98	95	1.10803
98	99	1.06992
98	108	1.11917
98	111	1.1469
98	115	0.958266
98	126	0.815916
98	127	1.12557
98	141	1.15634
98	150	0.797994
98	160	0.852244
98	168	0.860014
98	169	1.0596
98	170	0.904279
98	171	0.819486
98	175	0.832564
98	180	0.917338
99	24	1.08821
99	37	1.18458
99	51	1.21878
99	54	1.21058
99	59	1.19308
99	63	1.1409
99	69	0.820443
99	88	1.06462
99	95	1.10167
99	98	1.06992
99	108	1.11281
99	111	1.14054
99	115	0.951902
99	122	0.734298
99	127	1.11921
99	141	1.14997
99	142	0.813845
99	143	0.82132
99	159	0.883506
99	160	0.877467
99	161	0.833745
99	164	0.941181
99	169	1.05323
99	172	0.863058
100	67	0.679966
100	81	0.750993
100	88	0.755464
100	90	0.757562
100	107	0.702111
100	110	0.62023
100	112	0.651266
100	121	1.17788
100	123	0.636317
100	124	0.691661
100	137	1.25032
100	139	0.661849
100	148	1.2463
100	149	1.25526
100	164	1.18045
100	165	1.15908
100	167	1.23871
100	171	1.25994
100	173	1.26207
100	175	1.24434
100	176	1.1538
100	177	1.16319
100	178	1.08189
100	179	1.12678
101	4	1.09335
101	15	1.2699
101	17	1.18776
101	27	1.21198
101	30	1.18338
101	39	1.10886
101	89	1.17071
101	96	1.22842
101	109	0.697682
101	115	0.992753
101	120	0.712515
101	122	1.34642
101	125	0.68367
101	126	1.22905
101	134	0.724135
101	145	1.23124
101	150	0.66943
101	160	1.17693
101	161	1.21889
101	163	0.783687
101	166	0.800745
101	169	1.14313
101	176	0.831869
101	180	0.788774
102	96	1.14264
102	104	1.06776
102	105	1.12133
102	110	1.16829
102	116	1.06322
102	118	1.10786
102	119	1.10508
102	123	1.15022
102	124	1.12193
102	126	0.770193
102	129	0.835392
102	132	1.13155
102	133	1.13344
102	135	1.1068
102	136	0.888616
102	139	1.10511
102	140	1.08291
102	151	0.801969
102	159	0.81256
102	166	0.883585
102	169	0.872479
102	170	0.858556
102	174	1.19186
102	177	0.910856
103	12	1.22076
103	28	1.35447
103	40	1.25703
103	41	1.11667
103	43	1.12494
103	58	1.14334
103	62	0.780575
103	65	1.10785
103	73	1.18981
103	87	1.27457
103	90	1.12415
103	106	1.20563
103	107	1.21259
103	112	1.25083
103	117	1.21735
103	138	0.68765
103	146	0.749725
103	147	0.657643
103	149	0.701356
103	150	0.684977
103	156	0.701249
103	178	0.981457
103	179	0.88719
103	180	0.804321
104	102	1.06776
104	110	1.16427
104	113	1.16225
104	116	1.05919
104	118	1.10383
104	119	1.10105
104	123	1.1462
104	124	1.1179
104	132	1.12752
104	133	1.12941
104	135	1.10277
104	138	0.753864
104	139	1.10108
104	140	1.07889
104	141	1.15006
104	146	0.81594
104	156	0.767463
104	172	0.791033
104	173	0.767517
104	174	1.18783
104	176	0.913629
104	177	0.909775
104	178	1.04767
104	180	0.870535
105	18	0.715268
105	62	0.82055
105	102	1.12133
105	110	1.21784
105	113	1.21583
105	116	1.11276
105	118	1.1574
105	119	1.15463
105	123	1.19977
105	124	1.17147
105	129	0.808074
105	132	1.18109
105	133	1.18299
105	135	1.15634
105	139	1.15465
105	140	1.13246
105	141	1.20363
105	149	0.741332
105	152	0.72002
105	155	0.721887
105	162	1.13779
105	163	0.839209
105	169	0.845161
105	171	0.746444
105	179	0.927166
106	12	1.18798
106	28	1.32169
106	41	1.08389
106	43	1.09217
106	58	1.11057
106	65	1.07508
106	69	1.15437
106	73	1.15703
106	87	1.2418
106	90	1.09137
106	96	0.794898
106	103	1.20563
106	107	1.17981
106	112	1.21805
106	117	1.18457
106	121	0.932742
106	136	0.917164
106	145	1.19599
106	149	0.797198
106	168	0.84284
106	170	0.887105
106	174	0.00126231
106	175	0.815389
106	177	0.939404
106	179	0.983033
107	12	1.19494
107	40	1.23121
107	41	1.09085
107	43	1.09913
107	58	1.11753
107	65	1.08204
107	69	1.16133
107	73	1.16399
107	83	0.74819
107	87	1.24876
107	90	1.09833
107	96	0.75917
107	100	0.702111
107	103	1.21259
107	106	1.17981
107	112	1.22501
107	117	1.19153
107	120	0.788175
107	145	1.20295
107	148	0.777431
107	150	0.745091
107	152	0.740159
107	171	0.766583
107	179	0.947305
107	180	0.864435
108	24	1.13746
108	37	1.23383
108	51	1.26804
108	54	1.25983
108	59	1.24233
108	63	1.19015
108	88	1.11387
108	91	1.17894
108	95	1.15092
108	98	1.11917
108	99	1.11281
108	111	1.18979
108	115	1.00115
108	122	0.672189
108	125	0.775347
108	131	0.887927
108	141	1.19922
108	147	0.733774
108	150	0.761108
108	161	0.771636
108	168	0.823128
108	169	1.10248
108	172	0.80095
108	175	0.795678
108	179	0.963321
109	38	0.704657
109	49	0.779139
109	56	0.773848
109	57	0.760609
109	101	0.697682
109	110	0.691462
109	116	0.787023
109	129	1.14723
109	137	1.19215
109	138	1.20226
109	145	0.733454
109	148	1.18814
109	151	1.17897
109	154	1.06932
109	155	1.23997
109	156	1.22213
109	157	0.646869
109	167	1.18054
109	171	1.20177
109	172	1.19511
109	173	1.2039
109	174	0.683158
109	175	1.18617
109	178	1.02372
109	179	1.06861
110	100	0.62023
110	102	1.16829
110	104	1.16427
110	105	1.21784
110	109	0.691462
110	113	1.26279
110	115	0.986533
110	116	1.15972
110	119	1.20159
110	123	1.24673
110	124	1.21843
110	126	0.681132
110	131	0.790029
110	132	1.22805
110	133	1.22995
110	135	1.2033
110	139	1.20161
110	140	1.17942
110	155	0.660144
110	161	1.22962
110	166	0.794524
110	168	0.72523
110	173	0.679537
110	174	1.28837
110	176	0.825649
110	180	0.782554
111	11	0.843798
111	35	0.703725
111	39	0.819553
111	55	0.801048
111	59	1.27006
111	70	1.17276
111	71	1.22075
111	78	1.24276
111	92	0.773191
111	93	0.706606
111	98	1.1469
111	99	1.14054
111	108	1.18979
111	114	0.68346
111	120	1.17506
111	133	0.664724
111	145	0.680644
111	154	1.08219
111	165	1.11378
111	169	1.13021
111	173	1.21677
111	174	0.630349
111	175	1.19904
111	177	1.11789
111	179	1.08148
112	12	1.23318
112	28	1.36689
112	40	1.26945
112	41	1.12909
112	43	1.13736
112	58	1.15577
112	65	1.12028
112	69	1.19957
112	87	1.28699
112	90	1.13657
112	100	0.651266
112	103	1.25083
112	106	1.21805
112	107	1.22501
112	117	1.22977
112	120	0.73733
112	143	0.692349
112	145	1.24119
112	146	0.758995
112	159	0.754535
112	168	0.756266
112	170	0.800532
112	172	0.734088
112	175	0.728816
112	176	0.856685
112	180	0.81359
113	45	1.21972
113	83	0.712292
113	104	1.16225
113	105	1.21583
113	110	1.26279
113	116	1.15771
113	118	1.20235
113	119	1.19958
113	123	1.24472
113	124	1.21642
113	132	1.22604
113	133	1.22793
113	135	1.20129
113	139	1.1996
113	140	1.17741
113	146	0.773941
113	150	0.709193
113	152	0.70426
113	156	0.725465
113	158	0.7222
113	164	0.827157
113	167	0.765515
113	168	0.771213
113	169	0.829401
113	174	1.28636
113	175	0.743763
114	14	1.20065
114	35	1.23966
114	55	1.1011
114	56	1.10955
114	67	1.15776
114	68	0.698329
114	76	1.20614
114	77	1.22287
114	80	1.21611
114	81	1.17512
114	94	1.18234
114	111	0.68346
114	121	0.859941
114	134	0.762722
114	145	1.19453
114	153	0.762398
114	156	0.72429
114	157	1.27258
114	160	1.14023
114	162	1.13733
114	166	0.839332
114	167	0.76434
114	169	0.828226
114	174	1.24094
114	175	0.742588
114	176	0.870456
114	180	1.10309
115	7	0.924055
115	16	1.05641
115	22	0.991548
115	41	1.12328
115	51	1.10713
115	58	1.05735
115	61	1.00628
115	67	0.992911
115	72	0.948531
115	77	1.05803
115	81	1.01027
115	91	1.01804
115	95	0.990012
115	98	0.958266
115	99	0.951902
115	101	0.992753
115	108	1.00115
115	110	0.986533
115	125	1.04141
115	133	1.0126
115	156	1.04636
115	167	1.00478
115	168	0.991334
115	175	1.0104
115	177	0.929254
115	178	0.847952
115	179	0.892846
116	45	1.11665
116	69	0.755998
116	102	1.06322
116	104	1.05919
116	105	1.11276
116	109	0.787023
116	110	1.15972
116	113	1.15771
116	118	1.09929
116	119	1.09651
116	123	1.14166
116	124	1.11336
116	125	0.773012
116	130	1.08368
116	132	1.12298
116	133	1.12487
116	135	1.09823
116	136	0.895117
116	139	1.09654
116	140	1.07434
116	150	0.758772
116	160	0.813023
116	162	1.07968
116	165	0.925365
116	173	0.775099
116	174	1.18329
116	176	0.92121
117	12	1.1997
117	28	1.33341
117	40	1.23597
117	41	1.09561
117	43	1.10388
117	58	1.12228
117	65	1.08679
117	69	1.16609
117	73	1.16874
117	87	1.25351
117	90	1.10308
117	96	0.70243
117	103	1.21735
117	106	1.18457
117	107	1.19153
117	112	1.22977
117	130	1.01326
117	134	0.743056
117	142	0.678979
117	145	1.20771
117	148	0.720691
117	164	0.806315
117	169	0.80856
117	171	0.709843
117	173	0.704678
117	179	0.890565
117	180	0.807695
118	45	1.16129
118	102	1.10786
118	104	1.10383
118	105	1.1574
118	113	1.20235
118	116	1.09929
118	119	1.14115
118	123	1.18629
118	124	1.158
118	132	1.16762
118	133	1.16951
118	135	1.14287
118	137	0.784933
118	139	1.14117
118	140	1.11898
118	141	1.19016
118	143	0.765261
118	148	0.799498
118	149	0.783537
118	152	0.762226
118	158	0.780165
118	159	0.827447
118	160	0.821408
118	162	1.12432
118	165	0.933751
118	171	0.78865
118	174	1.22793
118	180	0.886502
119	50	0.735421
119	97	1.1438
119	102	1.10508
119	104	1.10105
119	105	1.15463
119	110	1.20159
119	113	1.19958
119	116	1.09651
119	118	1.14115
119	120	0.824446
119	122	0.692443
119	123	1.18352
119	124	1.15522
119	132	1.16484
119	133	1.16674
119	134	0.836066
119	135	1.14009
119	137	0.799137
119	138	0.784035
119	139	1.1384
119	140	1.11621
119	155	0.778296
119	159	0.841651
119	161	1.16641
119	163	0.895618
119	169	0.90157
119	173	0.797688
119	174	1.22516
120	22	0.833501
120	55	0.868691
120	74	0.783382
120	80	0.694726
120	101	0.712515
120	107	0.788175
120	111	1.17506
120	112	0.73733
120	119	0.824446
120	121	1.09012
120	124	0.777726
120	141	0.79202
120	144	1.04673
120	145	0.748287
120	146	1.13747
120	149	1.1675
120	152	1.19937
120	153	1.15862
120	155	1.21038
120	156	1.19254
120	163	1.09358
120	167	1.15095
120	171	1.17218
120	173	1.17431
120	175	1.15658
120	176	1.06604
120	177	1.07543
120	178	0.994127
120	179	1.03902
121	8	0.834312
121	31	0.868504
121	36	0.830689
121	48	0.862904
121	76	0.855516
121	82	0.930976
121	100	1.17788
121	106	0.932742
121	114	0.859941
121	120	1.09012
121	128	1.07051
121	130	0.96003
121	145	0.857126
121	151	1.1069
121	157	0.77054
121	159	1.0986
121	163	1.0511
121	164	1.05021
121	166	1.04088
121	167	1.10847
121	171	1.1297
121	172	1.12304
121	173	1.13183
121	175	1.1141
121	176	1.02356
121	177	1.03295
121	178	0.951647
121	179	0.99654
121	180	1.04194
122	12	0.635813
122	14	1.34042
122	21	0.743094
122	34	1.33937
122	39	1.21193
122	45	0.632294
122	52	1.22534
122	59	0.599926
122	63	0.606937
122	81	0.705054
122	82	0.690134
122	88	0.709525
122	89	1.27378
122	99	0.734298
122	101	1.34642
122	108	0.672189
122	119	0.692443
122	139	0.61591
122	160	1.28001
122	161	1.32197
122	164	1.25113
122	166	1.24181
122	168	1.29596
122	169	1.2462
122	173	1.33276
122	174	0.565988
122	178	1.15257
122	179	1.19747
122	180	1.24287
123	83	0.682397
123	100	0.636317
123	102	1.15022
123	104	1.1462
123	105	1.19977
123	110	1.24673
123	113	1.24472
123	116	1.14166
123	118	1.18629
123	119	1.18352
123	124	1.20036
123	132	1.20998
123	133	1.21188
123	135	1.18523
123	139	1.18354
123	140	1.16135
123	143	0.677401
123	150	0.679297
123	154	0.867932
123	161	1.21155
123	162	1.16669
123	166	0.810612
123	170	0.785583
123	172	0.719139
123	174	1.2703
123	175	0.713868
123	177	0.837882
123	178	0.975778
123	180	0.798641
124	45	1.17536
124	97	1.16065
124	100	0.691661
124	102	1.12193
124	104	1.1179
124	105	1.17147
124	110	1.21843
124	113	1.21642
124	116	1.11336
124	118	1.158
124	119	1.15522
124	120	0.777726
124	123	1.20036
124	129	0.817762
124	132	1.18169
124	133	1.18358
124	135	1.15694
124	138	0.737315
124	139	1.15525
124	140	1.13305
124	146	0.79939
124	148	0.766981
124	153	0.789021
124	160	0.788892
124	162	1.13839
124	172	0.774483
124	173	0.750968
124	174	1.242
124	176	0.89708
124	177	0.893226
125	2	0.936407
125	15	0.74358
125	29	0.803111
125	38	0.690645
125	68	1.2059
125	94	0.683268
125	101	0.68367
125	108	0.775347
125	115	1.04141
125	116	0.773012
125	127	0.696209
125	130	1.0575
125	134	1.22617
125	142	1.254
125	145	0.719442
125	146	1.19245
125	152	1.25435
125	157	0.632857
125	158	1.25176
125	159	1.19607
125	166	1.13835
125	167	1.20594
125	170	1.14949
125	172	1.22051
125	174	0.669146
125	175	1.21156
125	176	1.12103
125	177	1.13041
125	178	1.04911
125	179	1.09401
126	39	1.09457
126	46	1.19696
126	48	0.728903
126	49	1.19696
126	51	0.731334
126	70	1.17138
126	71	1.21937
126	77	0.745835
126	78	1.24138
126	82	0.796975
126	86	0.695205
126	89	1.15642
126	93	0.749086
126	98	0.815916
126	101	1.22905
126	102	0.770193
126	110	0.681132
126	133	0.707204
126	141	0.766858
126	145	1.21694
126	161	1.2046
126	165	1.1124
126	168	1.17859
126	169	1.12883
126	170	1.13558
126	171	1.21325
126	174	0.672829
126	176	1.10712
126	177	1.11651
126	179	1.0801
127	6	1.19697
127	9	1.30944
127	35	1.24212
127	37	1.24023
127	52	1.08803
127	55	1.10356
127	56	1.11201
127	63	1.19655
127	67	1.16022
127	76	1.2086
127	81	1.17757
127	88	1.12027
127	95	1.15732
127	98	1.12557
127	99	1.11921
127	125	0.696209
127	131	0.808789
127	134	0.736674
127	145	1.19699
127	158	0.694977
127	162	1.13979
127	164	0.799934
127	165	0.848562
127	171	0.703462
127	173	0.698296
127	176	0.844408
127	177	0.840554
127	178	0.97845
127	179	0.884183
127	180	1.10555
128	25	0.891453
128	32	0.913692
128	34	0.795823
128	45	0.814893
128	60	0.788924
128	63	0.789536
128	75	0.799163
128	77	0.821593
128	91	0.780581
128	95	0.843486
128	121	1.07051
128	130	0.9829
128	138	1.15305
128	142	1.17941
128	148	1.13894
128	149	1.14789
128	151	1.12977
128	152	1.17976
128	157	0.712297
128	158	1.17717
128	163	1.07397
128	164	1.07308
128	167	1.13134
128	170	1.07489
128	172	1.14591
128	173	1.1547
128	175	1.13697
128	177	1.05582
128	178	0.974517
128	179	1.01941
129	53	0.860516
129	79	0.773226
129	84	0.790751
129	92	0.880871
129	102	0.835392
129	105	0.808074
129	109	1.14723
129	124	0.817762
129	134	1.15623
129	140	0.812216
129	144	1.03178
129	145	0.788324
129	146	1.12252
129	147	1.16836
129	157	0.701738
129	158	1.18182
129	160	1.1066
129	163	1.07863
129	166	1.06841
129	167	1.136
129	168	1.12255
129	170	1.07955
129	171	1.15722
129	172	1.15057
129	173	1.15936
129	174	0.738028
129	177	1.06047
129	178	0.979173
129	179	1.02407
129	180	1.06946
130	9	0.875736
130	23	0.949336
130	40	0.968893
130	57	1.05727
130	75	1.03039
130	94	0.993938
130	116	1.08368
130	117	1.01326
130	121	0.96003
130	125	1.0575
130	128	0.9829
130	131	0.964973
130	134	1.04109
130	149	1.03741
130	155	1.08029
130	156	1.06245
130	158	1.06669
130	164	0.962601
130	166	0.953274
130	167	1.02086
130	168	1.00742
130	171	1.04209
130	172	1.03543
130	173	1.04423
130	174	0.979817
130	175	1.02649
130	176	0.935956
130	177	0.945341
130	178	0.86404
130	179	0.908933
131	47	0.876006
131	54	0.783592
131	62	1.06141
131	70	0.869052
131	78	0.819262
131	91	0.81372
131	108	0.887927
131	110	0.790029
131	127	0.808789
131	130	0.964973
131	132	0.833342
131	133	0.816101
131	136	1.0345
131	140	0.855914
131	144	1.0092
131	149	1.12996
131	151	1.11184
131	155	1.17284
131	156	1.155
131	158	1.15924
131	159	1.10355
131	163	1.05604
131	164	1.05515
131	168	1.09997
131	171	1.13464
131	172	1.12798
131	173	1.13678
131	175	1.11904
131	176	1.02851
131	177	1.03789
131	179	1.00148
132	45	1.18498
132	83	0.709622
132	102	1.13155
132	104	1.12752
132	105	1.18109
132	110	1.22805
132	113	1.22604
132	116	1.12298
132	118	1.16762
132	119	1.16484
132	123	1.20998
132	124	1.18169
132	131	0.833342
132	133	1.1932
132	135	1.16656
132	138	0.709196
132	139	1.16487
132	140	1.14267
132	141	1.21385
132	144	0.948444
132	150	0.706522
132	151	0.75622
132	155	0.703457
132	159	0.766812
132	161	1.19288
132	162	1.14801
132	165	0.873115
132	166	0.837837
132	169	0.826731
132	173	0.722849
132	174	1.25162
132	175	0.741093
133	45	1.18687
133	96	1.20429
133	97	1.17216
133	102	1.13344
133	104	1.12941
133	105	1.18299
133	110	1.22995
133	111	0.664724
133	113	1.22793
133	115	1.0126
133	116	1.12487
133	118	1.16951
133	119	1.16674
133	123	1.21188
133	124	1.18358
133	126	0.707204
133	131	0.816101
133	132	1.1932
133	135	1.16845
133	139	1.16676
133	140	1.14457
133	142	0.67991
133	155	0.686216
133	160	0.743533
133	162	1.1499
133	166	0.820596
133	168	0.751302
133	169	0.809491
133	172	0.729124
133	174	1.25351
133	175	0.723852
133	179	0.891496
134	15	0.784045
134	42	0.720906
134	64	0.886049
134	72	0.679913
134	85	0.738862
134	87	0.689501
134	89	0.812201
134	93	0.785869
134	101	0.724135
134	114	0.762722
134	117	0.743056
134	119	0.836066
134	125	1.22617
134	127	0.736674
134	129	1.15623
134	130	1.04109
134	144	1.08532
134	146	1.17605
134	148	1.19713
134	151	1.18796
134	155	1.24896
134	158	1.23536
134	159	1.17966
134	163	1.13216
134	164	1.13127
134	167	1.18953
134	168	1.17609
134	173	1.2129
134	175	1.19516
134	176	1.10463
134	177	1.11401
134	178	1.03271
134	179	1.0776
135	45	1.16023
135	50	0.678559
135	97	1.14552
135	102	1.1068
135	104	1.10277
135	105	1.15634
135	110	1.2033
135	113	1.20129
135	116	1.09823
135	118	1.14287
135	119	1.14009
135	123	1.18523
135	124	1.15694
135	132	1.16656
135	133	1.16845
135	139	1.14011
135	140	1.11792
135	141	1.1891
135	151	0.774198
135	158	0.737507
135	160	0.77875
135	161	1.16812
135	162	1.12326
135	164	0.842464
135	166	0.855814
135	167	0.780822
135	168	0.78652
135	173	0.740826
135	174	1.22687
135	175	0.75907
135	177	0.883085
135	178	1.02098
135	180	0.843844
136	12	0.861077
136	17	0.87502
136	18	1.10574
136	30	0.878493
136	54	0.793118
136	70	0.878577
136	84	0.843975
136	102	0.888616
136	106	0.917164
136	116	0.895117
136	131	1.0345
136	148	1.09798
136	150	1.16289
136	151	1.08882
136	155	1.14981
136	156	1.13197
136	158	1.13621
136	160	1.06099
136	162	0.881391
136	164	1.03212
136	166	1.0228
136	167	1.09039
136	168	1.07694
136	170	1.03394
136	172	1.10496
136	173	1.11375
136	174	0.791251
136	176	1.00548
136	177	1.01486
136	178	0.933561
