1	11	0.985679
1	88	1.00775
1	131	1.06357
1	145	0.859465
1	150	0.966257
1	151	0.964162
1	152	0.880155
1	161	0.894133
1	166	1.75825
1	175	2.26046
1	176	0.83838
1	179	0.8091
2	16	0.909016
2	36	0.839384
2	73	0.852452
2	76	0.914549
2	77	0.899613
2	87	0.944108
2	91	0.9215
2	141	1.42833
2	145	1.85185
2	156	0.866289
2	159	1.91497
2	164	0.905663
3	8	0.779885
3	12	0.771676
3	47	0.899687
3	56	0.833174
3	74	0.857133
3	78	1.55357
3	138	1.7794
3	153	0.825186
3	160	1.99498
3	167	0.797921
3	169	0.86997
4	43	0.772796
4	50	0.832586
4	71	0.872333
4	134	1.44248
4	148	0.858005
4	150	0.852125
4	151	0.85003
4	160	1.51732
4	172	2.38087
4	177	0.769306
4	178	0.784324
5	78	1.00891
5	132	0.971319
5	148	0.994355
5	150	0.868291
5	151	0.82752
5	157	0.844822
5	164	0.777264
5	167	0.908933
5	172	0.844405
5	173	0.876029
5	174	0.859613
5	180	0.880663
6	97	0.971155
6	134	0.967482
6	148	0.941944
6	154	0.929556
6	157	0.86414
6	165	0.886716
6	166	0.89324
6	169	0.659237
6	171	0.897778
6	175	0.854276
6	177	0.921208
6	180	0.899981
7	48	0.815334
7	73	0.748082
7	77	0.795243
7	87	0.839738
7	88	1.42822
7	91	0.817129
7	139	0.804755
7	151	0.82125
7	156	0.761919
7	164	0.801293
7	174	2.28686
7	180	2.05542
8	3	0.779885
8	31	0.803084
8	47	0.851163
8	56	0.78465
8	74	0.808608
8	103	0.8394
8	125	0.789982
8	156	1.58306
8	167	0.749396
8	169	0.821446
8	174	2.13965
8	176	2.06229
9	20	1.37343
9	93	1.3134
9	94	1.08942
9	136	0.881056
9	142	0.876891
9	155	0.831804
9	157	0.747337
9	170	0.782687
9	172	0.74692
9	173	0.778544
9	174	0.762128
9	180	0.783178
10	75	0.835316
10	85	1.40459
10	92	0.778443
10	93	0.783702
10	108	0.808178
10	110	0.804864
10	116	0.780952
10	118	0.830704
10	140	1.58754
10	164	0.818216
10	167	0.764491
10	179	2.74908
11	1	0.985679
11	37	1.01185
11	39	0.915928
11	88	1.40973
11	125	0.903215
11	132	1.41609
11	142	1.52255
11	150	0.938406
11	152	0.852304
11	156	1.71178
11	176	0.810529
11	179	0.781249
12	3	0.771676
12	17	0.91715
12	31	0.794874
12	47	0.842953
12	56	0.77644
12	74	0.800399
12	124	1.50385
12	153	0.768452
12	165	2.33398
12	167	0.741187
12	169	0.813236
12	178	1.93375
13	29	0.959608
13	123	1.33195
13	125	0.939755
13	137	1.64642
13	145	0.868155
13	151	0.972851
13	152	0.888845
13	156	1.54677
13	158	1.57943
13	161	0.902823
13	176	0.847069
13	179	0.81779
14	25	0.845664
14	46	0.809931
14	66	0.815832
14	80	0.842559
14	82	0.842571
14	103	1.48756
14	145	0.75775
14	152	0.778441
14	153	0.816031
14	160	1.8171
14	174	2.45167
14	175	0.714791
15	100	1.28242
15	125	1.21268
15	145	0.789415
15	146	1.34406
15	155	0.840787
15	160	0.832419
15	165	0.778897
15	166	0.78542
15	168	0.800831
15	173	0.787527
15	174	0.771111
15	180	0.792161
16	2	0.909016
16	41	0.825601
16	73	0.825023
16	76	0.88712
16	77	0.872184
16	88	1.50266
16	91	0.894071
16	121	1.55229
16	139	0.881696
16	147	0.839294
16	149	1.65008
16	153	1.76312
16	164	0.878234
17	12	0.91715
17	31	0.997082
17	56	0.978648
17	74	1.00261
17	125	0.98398
17	138	0.812624
17	153	0.97066
17	161	1.16958
17	167	0.943395
17	168	1.43595
17	169	1.01544
17	170	1.53964
17	172	1.89176
18	30	0.787753
18	52	0.792149
18	62	0.761307
18	84	0.748332
18	89	0.811309
18	94	0.791244
18	133	2.08898
18	138	1.91689
18	148	0.806848
18	154	0.766112
18	155	2.16626
18	169	0.797241
18	178	0.733167
19	49	0.918293
19	51	1.44522
19	66	0.877181
19	80	0.903908
19	82	0.90392
19	145	0.819099
19	146	0.885492
19	152	0.839789
19	153	0.87738
19	155	1.6173
19	160	1.58352
19	175	0.77614
19	177	1.79389
20	9	1.37343
20	21	0.898604
20	52	0.879865
20	63	0.841097
20	84	0.836048
20	94	0.87896
20	127	1.70118
20	134	1.46227
20	148	0.894564
20	154	0.853828
20	158	1.64774
20	169	0.884957
20	178	0.820883
21	20	0.898604
21	54	0.901509
21	61	0.999906
21	63	0.881318
21	84	0.876269
21	89	0.939245
21	94	0.919181
21	152	1.54342
21	163	1.24193
21	169	0.925178
21	178	0.861104
21	179	2.33053
22	28	1.80186
22	42	0.799305
22	67	0.854094
22	70	0.806142
22	90	1.92351
22	98	0.746647
22	102	0.776974
22	109	0.752997
22	111	0.807604
22	117	0.768851
22	148	0.797741
22	160	2.35245
22	177	0.709042
23	40	0.898369
23	43	0.811876
23	50	0.871666
23	71	0.911413
23	131	1.46359
23	132	1.41414
23	136	1.43258
23	148	0.897085
23	150	0.891205
23	151	0.88911
23	166	2.15828
23	177	0.808386
23	178	0.823404
24	99	1.12821
24	106	0.792409
24	137	0.899207
24	143	0.885579
24	146	1.03148
24	148	0.907066
24	149	0.928868
24	166	0.843502
24	168	0.858912
24	171	0.84804
24	173	0.845609
24	174	0.829193
24	180	0.850243
25	14	0.845664
25	49	0.892508
25	55	0.902884
25	65	0.958438
25	80	0.878123
25	82	0.878135
25	90	1.29836
25	132	1.50959
25	146	0.859707
25	153	0.851595
25	160	1.7273
25	175	0.750355
25	178	1.88725
26	28	0.82592
26	52	0.879699
26	63	0.840931
26	84	0.835882
26	89	0.898858
26	94	0.878794
26	148	0.894398
26	154	0.853662
26	156	1.45449
26	162	1.74176
26	169	0.884791
26	178	0.820717
26	179	2.42326
27	35	1.15137
27	93	0.846644
27	99	0.866351
27	106	0.88199
27	110	0.867805
27	116	0.843893
27	118	0.893645
27	146	0.86281
27	156	1.57557
27	167	0.827432
27	169	0.899482
27	176	2.0548
27	177	1.70797
28	22	1.80186
28	26	0.82592
28	119	1.0349
28	136	0.959789
28	148	0.874828
28	157	0.82607
28	165	0.848647
28	166	0.85517
28	168	0.87058
28	170	0.86142
28	171	0.859708
28	174	0.84086
28	180	0.861911
29	13	0.959608
29	37	0.977093
29	39	0.881168
29	150	0.903645
29	151	0.901551
29	152	0.817544
29	153	1.45269
29	161	0.831522
29	171	1.85857
29	176	0.775769
29	177	1.62668
29	178	1.57626
29	179	0.746489
30	18	0.787753
30	62	0.866108
30	63	0.858183
30	84	0.853134
30	89	0.91611
30	94	0.896046
30	136	1.22617
30	154	0.870914
30	161	1.56682
30	169	0.902043
30	173	1.89632
30	178	0.837969
30	180	1.82858
31	8	0.803084
31	12	0.794874
31	17	0.997082
31	47	0.922885
31	56	0.856373
31	74	0.880331
31	85	1.05772
31	137	1.53309
31	144	1.48808
31	153	0.848384
31	167	0.821119
31	169	0.893169
31	179	2.40222
32	70	0.881965
32	81	1.06371
32	94	0.828364
32	128	1.10272
32	142	0.927746
32	144	0.875398
32	149	0.912659
32	161	0.865956
32	163	0.925227
32	170	0.833543
32	172	0.797775
32	176	0.810203
32	180	0.834034
33	83	0.923543
33	92	0.91316
33	106	0.953765
33	108	0.942894
33	110	0.939581
33	116	0.915668
33	120	1.52336
33	138	1.17236
33	143	1.50543
33	146	0.934585
33	153	1.42432
33	161	0.902861
33	169	0.971257
33	177	1.59831
34	42	0.976172
34	59	0.924377
34	64	0.921539
34	81	0.926349
34	98	0.923514
34	111	0.984472
34	117	0.945718
34	123	1.26089
34	141	1.3647
34	142	1.28649
34	162	1.76299
34	164	0.946677
34	167	1.53763
34	177	0.885909
35	27	1.15137
35	108	1.24539
35	129	1.1921
35	133	0.869555
35	137	0.863257
35	142	0.908005
35	154	1.0668
35	155	0.862919
35	159	0.813882
35	168	0.822962
35	170	0.813802
35	171	0.81209
35	173	0.809659
35	180	0.814293
36	2	0.839384
36	49	0.90457
36	61	1.01533
36	100	0.866217
36	108	0.969639
36	122	0.793293
36	131	1.02258
36	157	0.880654
36	158	0.961466
36	171	0.914292
36	172	0.880236
36	173	0.911861
36	176	0.892664
36	180	0.916495
37	11	1.01185
37	29	0.977093
37	120	1.41672
37	121	1.10685
37	137	1.45893
37	145	0.88564
37	150	0.992432
37	151	0.990337
37	152	0.90633
37	161	0.920308
37	173	1.75217
37	176	0.864555
37	177	1.49168
37	179	0.835275
38	73	0.791447
38	76	0.853543
38	77	0.838608
38	87	0.883103
38	91	0.860494
38	103	1.20719
38	120	1.67216
38	139	0.84812
38	147	0.805717
38	151	0.864614
38	156	0.805284
38	159	1.99034
38	164	0.844658
38	170	2.04817
39	11	0.915928
39	29	0.881168
39	125	0.861316
39	136	1.2318
39	142	1.31982
39	145	0.789715
39	150	0.896507
39	151	0.894412
39	152	0.810405
39	161	0.824383
39	173	1.90194
39	175	2.4597
39	176	0.76863
39	179	0.73935
40	23	0.898369
40	43	0.84682
40	50	0.90661
40	71	0.946356
40	104	1.24478
40	123	1.38736
40	139	0.907559
40	148	0.932028
40	150	0.926148
40	151	0.924054
40	156	1.60219
40	163	1.48236
40	168	1.93195
40	177	0.843329
40	178	0.858348
41	16	0.825601
41	48	0.836289
41	73	0.769038
41	76	0.831134
41	77	0.816199
41	87	0.860694
41	91	0.838085
41	104	1.25104
41	147	0.783308
41	151	0.842205
41	156	0.782875
41	164	0.822249
41	170	2.0419
41	171	1.97273
41	176	2.08768
42	22	0.799305
42	34	0.976172
42	70	0.940709
42	95	0.858428
42	102	0.911542
42	109	0.887565
42	111	0.942172
42	115	1.07075
42	117	0.903418
42	148	0.932308
42	149	1.24088
42	166	1.84396
42	171	1.7598
42	177	0.843609
42	180	1.72066
43	4	0.772796
43	23	0.811876
43	40	0.84682
43	50	0.820117
43	71	0.859864
43	134	1.66227
43	135	1.48635
43	139	0.821066
43	148	0.845536
43	150	0.839656
43	151	0.837561
43	155	1.77089
43	157	2.38746
43	177	0.756837
43	178	0.771855
44	113	0.930167
44	119	0.934431
44	122	0.959484
44	126	0.92347
44	128	0.964047
44	129	0.928056
44	130	0.91742
44	133	1.31018
44	137	1.5313
44	161	1.49504
44	167	1.49356
44	173	1.82454
44	175	0.808576
44	176	0.83045
44	179	0.80117
45	86	0.830447
45	100	0.87936
45	105	0.847928
45	119	0.836951
45	120	1.97513
45	122	0.862004
45	126	0.82599
45	128	0.866567
45	129	0.830576
45	130	0.81994
45	135	1.58894
45	149	1.76305
45	167	1.97959
45	175	0.711096
45	179	0.70369
46	14	0.809931
46	49	0.856775
46	55	0.867152
46	65	0.922705
46	66	0.815663
46	80	0.84239
46	82	0.842402
46	141	1.36899
46	143	1.51953
46	145	0.757581
46	152	0.778271
46	153	0.815862
46	175	0.714622
46	176	1.95924
46	179	2.44878
47	3	0.899687
47	8	0.851163
47	12	0.842953
47	31	0.922885
47	74	0.92841
47	107	0.935362
47	125	0.909783
47	143	1.2765
47	153	0.896463
47	163	1.11716
47	166	1.68543
47	167	0.869198
47	169	0.941247
47	175	2.18764
47	177	1.36938
48	7	0.815334
48	41	0.836289
48	73	0.835711
48	76	0.897808
48	77	0.882873
48	87	0.927367
48	91	0.904759
48	144	1.53104
48	147	0.849982
48	151	0.908879
48	152	1.65807
48	155	1.43222
48	156	0.849549
48	157	2.04879
48	163	1.35658
48	164	0.888922
49	19	0.918293
49	25	0.892508
49	36	0.90457
49	46	0.856775
49	65	0.969718
49	66	0.862676
49	80	0.889403
49	82	0.889415
49	123	1.3897
49	134	1.45171
49	146	0.870987
49	152	0.825285
49	153	0.862875
49	162	1.8918
49	166	2.05297
49	175	0.761635
50	4	0.832586
50	23	0.871666
50	40	0.90661
50	43	0.820117
50	71	0.919653
50	124	1.30595
50	139	0.880856
50	140	1.4611
50	148	0.905325
50	150	0.899445
50	151	0.897351
50	155	1.60968
50	160	1.57589
50	171	2.01816
50	177	0.816626
50	178	0.831645
51	19	1.44522
51	56	1.43747
51	122	1.27698
51	125	1.28015
51	133	0.827112
51	140	0.852302
51	141	0.878347
51	158	0.816821
51	159	0.771439
51	163	0.863043
51	166	0.765109
51	168	0.780519
51	170	0.771359
51	172	0.735591
51	174	0.750799
51	180	0.77185
52	18	0.792149
52	20	0.879865
52	26	0.879699
52	61	1.30503
52	62	0.870504
52	63	0.862578
52	84	0.85753
52	94	0.900442
52	124	1.31895
52	135	1.33813
52	148	0.916045
52	154	0.87531
52	160	1.5889
52	169	0.906438
52	172	2.45245
52	178	0.842365
53	54	1.34118
53	66	1.34142
53	122	1.22751
53	136	0.882042
53	139	1.2511
53	142	0.877876
53	158	0.829135
53	159	0.783753
53	162	0.794813
53	165	0.770899
53	170	0.783673
53	171	0.781961
53	172	0.747905
53	173	0.77953
53	174	0.763113
53	180	0.784164
54	21	0.901509
54	53	1.34118
54	62	0.851928
54	63	0.844002
54	84	0.838953
54	89	0.90193
54	94	0.881865
54	104	0.899471
54	120	1.66437
54	136	1.32967
54	140	1.41415
54	145	1.91943
54	148	0.897469
54	154	0.856733
54	169	0.887862
54	178	0.823788
55	25	0.902884
55	46	0.867152
55	65	0.980095
55	66	0.873053
55	80	0.89978
55	82	0.899792
55	121	1.37661
55	133	1.50756
55	141	1.51801
55	145	0.814971
55	146	0.881364
55	152	0.835661
55	153	0.873252
55	158	1.66168
55	175	0.772012
55	180	1.95418
56	3	0.833174
56	8	0.78465
56	12	0.77644
56	17	0.978648
56	31	0.856373
56	51	1.43747
56	74	0.861897
56	103	0.892688
56	107	0.868849
56	125	0.843271
56	134	1.50093
56	135	1.32501
56	144	1.70838
56	153	0.82995
56	165	2.13596
56	167	0.802685
56	169	0.874735
57	69	0.835347
57	83	0.839987
57	92	0.829603
57	93	0.834863
57	106	0.870209
57	108	0.859338
57	110	0.856024
57	116	0.832112
57	118	0.881864
57	135	1.42252
57	136	1.47401
57	140	1.55849
57	164	0.869376
57	167	0.815651
57	169	0.887701
57	177	1.88366
57	180	2.07641
58	67	1.82581
58	71	0.803525
58	100	0.801831
58	129	0.753046
58	130	0.742411
58	141	0.785769
58	147	0.722325
58	149	0.757897
58	151	0.781223
58	164	2.02724
58	169	1.96162
58	172	0.643013
58	173	0.674637
58	177	0.700498
58	178	0.715517
58	179	0.626161
58	180	0.679271
59	34	0.924377
59	60	0.839688
59	95	0.806633
59	101	0.848444
59	102	0.859747
59	109	0.83577
59	111	0.890377
59	117	0.851623
59	137	1.47924
59	138	1.08603
59	146	0.834235
59	148	0.880513
59	154	0.839778
59	175	2.33025
59	176	1.85883
59	177	0.791814
59	180	1.70474
60	59	0.839688
60	70	0.89832
60	81	0.84166
60	95	0.816039
60	98	0.838825
60	101	0.857849
60	102	0.869153
60	109	0.845176
60	111	0.899783
60	120	1.61291
60	123	1.34064
60	146	0.84364
60	152	1.73713
60	164	0.861988
60	174	2.11206
60	177	0.80122
60	178	1.63744
61	21	0.999906
61	36	1.01533
61	52	1.30503
61	62	1.14235
61	74	1.04265
61	112	0.840995
61	119	1.30161
61	124	0.909726
61	134	0.877229
61	144	0.851092
61	158	0.854699
61	160	0.849986
61	162	0.820378
61	166	0.802987
61	172	0.77347
61	174	0.788678
61	180	0.809728
62	18	0.761307
62	30	0.866108
62	52	0.870504
62	54	0.851928
62	61	1.14235
62	63	0.831736
62	84	0.826687
62	89	0.889664
62	94	0.869599
62	148	0.885203
62	154	0.844467
62	167	1.56611
62	168	1.83397
62	169	0.875596
62	170	1.93766
62	177	1.6366
62	178	0.811522
63	20	0.841097
63	21	0.881318
63	26	0.840931
63	30	0.858183
63	52	0.862578
63	54	0.844002
63	62	0.831736
63	84	0.818762
63	89	0.881738
63	94	0.861674
63	145	1.6323
63	157	1.89217
63	158	1.35244
63	169	0.867671
63	171	1.68408
63	174	1.87638
63	178	0.803597
64	34	0.921539
64	67	0.934028
64	68	1.47433
64	95	0.803795
64	101	0.845606
64	102	0.856909
64	109	0.832932
64	111	0.887539
64	117	0.848785
64	146	0.831397
64	154	0.83694
64	156	0.81037
64	159	1.9005
64	161	1.58827
64	168	1.85464
64	177	0.788976
64	178	1.60685
65	25	0.958438
65	46	0.922705
65	49	0.969718
65	55	0.980095
65	66	0.928606
65	80	0.955334
65	82	0.955346
65	138	0.963242
65	141	1.14579
65	144	1.31144
65	145	0.870525
65	146	0.936918
65	152	0.891215
65	162	1.54407
65	172	2.04238
65	175	0.827566
65	176	1.73604
66	14	0.815832
66	19	0.877181
66	46	0.815663
66	49	0.862676
66	53	1.34142
66	55	0.873053
66	65	0.928606
66	80	0.848291
66	82	0.848303
66	142	1.41793
66	145	0.763483
66	146	0.829875
66	147	1.6731
66	152	0.784173
66	153	0.821763
66	173	2.00005
66	175	0.720524
66	176	2.0864
67	22	0.854094
67	58	1.82581
67	64	0.934028
67	81	0.938838
67	95	0.913217
67	98	0.936003
67	101	0.955027
67	107	0.830286
67	109	0.942353
67	117	0.958207
67	156	0.919792
67	164	0.959165
67	165	1.56708
67	174	1.64146
67	177	0.898398
67	178	1.16684
67	180	1.41002
68	64	1.47433
68	91	1.41468
68	111	1.39251
68	129	1.56576
68	144	0.807343
68	155	0.814606
68	158	0.810951
68	160	0.806237
68	163	0.857173
68	165	0.752715
68	166	0.759238
68	170	0.765489
68	171	0.763777
68	172	0.729721
68	174	0.744929
68	177	0.787206
68	180	0.76598
69	57	0.835347
69	75	0.857953
69	90	0.922795
69	93	0.806339
69	99	0.826045
69	106	0.841684
69	108	0.830814
69	110	0.8275
69	116	0.803588
69	118	0.85334
69	146	0.822505
69	152	1.61138
69	157	2.00209
69	164	0.840852
69	167	0.787127
69	169	0.859177
69	175	2.38037
69	176	1.90895
70	22	0.806142
70	32	0.881965
70	42	0.940709
70	60	0.89832
70	101	0.907075
70	102	0.918379
70	109	0.894402
70	111	0.949009
70	117	0.910255
70	140	1.1919
70	144	1.4393
70	146	0.892866
70	154	0.89841
70	163	1.26484
70	164	0.911214
70	168	1.71444
70	175	2.33532
70	177	0.850446
71	4	0.872333
71	23	0.911413
71	40	0.946356
71	43	0.859864
71	50	0.919653
71	58	0.803525
71	103	1.04918
71	115	1.13193
71	139	0.920603
71	148	0.945072
71	150	0.939192
71	151	0.937098
71	156	1.4567
71	159	1.83233
71	166	1.90515
71	177	0.856373
71	178	0.871392
71	180	1.78185
72	96	0.869911
72	97	0.9725
72	113	0.898053
72	119	0.902318
72	122	0.927371
72	126	0.891357
72	128	0.931934
72	129	0.895943
72	130	0.885307
72	133	1.49096
72	138	1.31887
72	154	0.891358
72	158	1.64508
72	160	1.53445
72	163	1.4926
72	170	2.04589
72	175	0.776463
72	176	0.798337
72	179	0.769057
73	2	0.852452
73	7	0.748082
73	16	0.825023
73	38	0.791447
73	41	0.769038
73	48	0.835711
73	76	0.830556
73	77	0.815621
73	87	0.860116
73	91	0.837507
73	138	1.17885
73	147	0.78273
73	151	0.841627
73	156	0.782297
73	164	0.82167
73	168	1.80218
73	170	1.90587
73	175	2.42307
73	176	1.95165
74	3	0.857133
74	8	0.808608
74	12	0.800399
74	17	1.00261
74	31	0.880331
74	47	0.92841
74	56	0.861897
74	61	1.04265
74	103	0.916647
74	107	0.892808
74	125	0.867229
74	144	1.45913
74	147	1.47043
74	152	1.58616
74	153	0.853909
74	165	1.88671
74	167	0.826644
74	169	0.898693
74	173	1.79738
75	10	0.835316
75	69	0.857953
75	79	0.891103
75	99	0.877175
75	104	1.04414
75	106	0.892814
75	108	0.881944
75	110	0.87863
75	114	2.71291
75	116	0.854718
75	118	0.90447
75	125	0.878843
75	149	1.24691
75	163	1.28172
75	164	0.891982
75	167	0.838257
75	169	0.910307
75	171	1.76583
75	177	1.53394
76	2	0.914549
76	16	0.88712
76	38	0.853543
76	41	0.831134
76	48	0.897808
76	73	0.830556
76	77	0.877717
76	87	0.922212
76	91	0.899603
76	104	1.31944
76	115	1.35208
76	134	1.52402
76	140	1.48407
76	147	0.844826
76	151	0.903724
76	156	0.844393
76	164	0.883767
76	167	1.73875
76	176	2.15608
77	2	0.899613
77	7	0.795243
77	16	0.872184
77	38	0.838608
77	41	0.816199
77	48	0.882873
77	73	0.815621
77	76	0.877717
77	87	0.907277
77	91	0.884668
77	135	1.16421
77	139	0.872294
77	141	1.38194
77	147	0.829891
77	156	0.829458
77	161	1.55635
77	164	0.868832
77	168	1.82272
77	178	1.57493
77	179	2.46173
78	3	1.55357
78	5	1.00891
78	109	1.07497
78	116	1.22985
78	122	0.973868
78	132	0.929798
78	133	0.894404
78	150	0.857946
78	152	0.857086
78	157	0.803301
78	162	0.849791
78	165	0.825877
78	166	0.832401
78	168	0.847811
78	169	0.701303
78	171	0.836939
78	172	0.802883
78	173	0.834508
78	174	0.818091
78	180	0.839142
79	75	0.891103
79	83	0.844613
79	92	0.83423
79	93	0.839489
79	99	0.859196
79	106	0.874835
79	108	0.863964
79	110	0.860651
79	116	0.836738
79	118	0.88649
79	138	1.16035
79	147	1.51985
79	152	1.63558
79	153	1.41232
79	161	0.82393
79	164	0.874002
79	167	0.820277
79	169	0.892327
79	173	1.8468
79	175	2.40457
80	14	0.842559
80	19	0.903908
80	25	0.878123
80	46	0.84239
80	49	0.889403
80	55	0.89978
80	65	0.955334
80	66	0.848291
80	82	0.875031
80	112	1.76481
80	121	1.40143
80	132	1.35816
80	143	1.69337
80	145	0.79021
80	146	0.856603
80	147	1.71979
80	152	0.8109
80	153	0.84849
80	168	1.98362
80	175	0.747251
81	32	1.06371
81	34	0.926349
81	60	0.84166
81	67	0.938838
81	95	0.808605
81	98	0.831391
81	101	0.850415
81	102	0.861719
81	109	0.837742
81	111	0.892349
81	115	1.24165
81	117	0.853595
81	143	1.60593
81	148	0.882485
81	153	1.52482
81	156	0.81518
81	164	0.854554
81	177	0.793786
81	178	1.64839
81	179	2.53519
82	14	0.842571
82	19	0.90392
82	25	0.878135
82	46	0.842402
82	49	0.889415
82	55	0.899792
82	65	0.955346
82	66	0.848303
82	80	0.875031
82	123	1.36466
82	141	1.46847
82	145	0.790222
82	146	0.856615
82	149	1.42485
82	152	0.810912
82	153	0.848502
82	174	2.13608
82	175	0.747263
82	178	1.66146
82	180	1.90464
83	33	0.923543
83	57	0.839987
83	79	0.844613
83	92	0.805719
83	99	0.830685
83	106	0.846324
83	108	0.835454
83	110	0.83214
83	112	1.71221
83	116	0.808227
83	118	0.85798
83	125	0.832352
83	132	1.30556
83	146	0.827144
83	156	1.60126
83	164	0.845492
83	167	0.791767
83	169	0.863816
83	171	1.96554
83	176	2.08049
83	178	1.68323
84	18	0.748332
84	20	0.836048
84	21	0.876269
84	26	0.835882
84	30	0.853134
84	52	0.85753
84	54	0.838953
84	62	0.826687
84	63	0.818762
84	89	0.876689
84	94	0.856625
84	114	2.58648
84	141	1.1641
84	148	0.872229
84	154	0.831493
84	157	1.84749
84	166	1.72356
84	169	0.862622
84	171	1.6394
84	177	1.40751
84	178	0.798548
85	10	1.40459
85	31	1.05772
85	91	1.0895
85	101	1.19621
85	135	0.922072
85	142	0.90373
85	144	0.851382
85	146	1.25209
85	154	1.11528
85	158	0.854989
85	160	0.850276
85	162	0.820667
85	163	0.901211
85	166	0.803277
85	171	0.807815
85	172	0.77376
85	173	0.805384
85	174	0.788967
85	177	0.831245
85	178	0.846263
85	180	0.810018
86	45	0.830447
86	96	0.832281
86	100	0.907098
86	105	0.875665
86	107	1.37164
86	113	0.860424
86	119	0.864688
86	122	0.889741
86	126	0.853727
86	128	0.894304
86	129	0.858313
86	130	0.847677
86	139	0.869994
86	158	1.65888
86	161	1.68962
86	167	1.68813
86	173	2.01911
86	175	0.738833
86	176	0.760707
86	179	0.731427
86	180	1.95137
87	2	0.944108
87	7	0.839738
87	38	0.883103
87	41	0.860694
87	48	0.927367
87	73	0.860116
87	76	0.922212
87	77	0.907277
87	91	0.929163
87	107	1.35332
87	115	1.28313
87	131	1.36166
87	139	0.916788
87	142	1.41867
87	145	1.92041
87	147	0.874386
87	151	0.933283
87	156	0.873953
87	160	1.52992
87	164	0.913327
87	177	1.7403
88	1	1.00775
88	7	1.42822
88	11	1.40973
88	16	1.50266
88	112	0.856321
88	124	0.925051
88	125	1.19437
88	135	0.937107
88	144	0.866417
88	148	1.20134
88	155	0.87368
88	157	0.789213
88	162	0.835703
88	170	0.824563
88	171	0.822851
88	172	0.788795
88	173	0.820419
88	174	0.804003
88	177	0.84628
88	179	0.771943
88	180	0.825053
89	18	0.811309
89	21	0.939245
89	26	0.898858
89	30	0.91611
89	54	0.90193
89	62	0.889664
89	63	0.881738
89	84	0.876689
89	94	0.919601
89	104	0.937207
89	107	1.21206
89	132	1.17095
89	142	1.27741
89	148	0.935205
89	153	1.42504
89	154	0.894469
89	167	1.52855
89	169	0.925598
89	177	1.59904
89	178	0.861525
89	179	2.43541
90	22	1.92351
90	25	1.29836
90	69	0.922795
90	92	1.08672
90	100	1.05926
90	105	1.16875
90	124	0.917913
90	138	0.950472
90	155	0.866542
90	159	0.817505
90	160	0.858174
90	162	0.828565
90	163	0.909109
90	165	0.804651
90	168	0.826585
90	171	0.815713
90	172	0.781657
90	173	0.813282
90	174	0.796865
90	179	0.764805
90	180	0.817916
91	2	0.9215
91	7	0.817129
91	16	0.894071
91	38	0.860494
91	41	0.838085
91	48	0.904759
91	68	1.41468
91	73	0.837507
91	76	0.899603
91	77	0.884668
91	85	1.0895
91	87	0.929163
91	107	1.21064
91	121	1.2128
91	127	1.55132
91	139	0.89418
91	147	0.851777
91	151	0.910675
91	156	0.851344
91	158	1.49788
91	164	0.890718
91	179	2.434
92	10	0.778443
92	33	0.91316
92	57	0.829603
92	79	0.83423
92	83	0.805719
92	90	1.08672
92	99	0.820302
92	106	0.835941
92	107	0.847548
92	108	0.82507
92	110	0.821757
92	112	1.70459
92	116	0.797844
92	118	0.847597
92	121	1.34121
92	125	0.821969
92	137	1.69328
92	161	0.785036
92	164	0.835109
92	167	0.781384
92	170	2.02709
92	179	2.56241
93	9	1.3134
93	10	0.783702
93	27	0.846644
93	57	0.834863
93	69	0.806339
93	79	0.839489
93	99	0.825561
93	106	0.8412
93	108	0.83033
93	110	0.827016
93	116	0.803104
93	118	0.852856
93	125	0.827229
93	142	1.36582
93	146	0.822021
93	156	1.55505
93	159	1.93068
93	161	0.790296
93	167	0.786643
93	169	0.858693
93	171	1.91934
93	172	2.34063
94	9	1.08942
94	18	0.791244
94	20	0.87896
94	21	0.919181
94	26	0.878794
94	30	0.896046
94	32	0.828364
94	52	0.900442
94	54	0.881865
94	62	0.869599
94	63	0.861674
94	84	0.856625
94	89	0.919601
94	104	0.917142
94	115	1.0063
94	154	0.874405
94	169	0.905534
94	172	2.11665
94	175	2.28172
94	177	1.46347
94	178	0.84146
94	180	1.65622
95	42	0.858428
95	59	0.806633
95	60	0.816039
95	64	0.803795
95	67	0.913217
95	81	0.808605
95	98	0.80577
95	101	0.824794
95	102	0.836098
95	109	0.812121
95	111	0.866727
95	117	0.827974
95	135	1.22023
95	153	1.50738
95	154	0.816128
95	156	0.789559
95	157	2.12135
95	164	0.828933
95	167	1.61088
95	170	1.98243
95	172	2.33455
95	177	0.768165
96	72	0.869911
96	86	0.832281
96	97	0.908967
96	100	0.881195
96	105	0.849762
96	112	1.75226
96	113	0.834521
96	122	0.863838
96	126	0.827824
96	127	1.7274
96	128	0.868401
96	129	0.83241
96	130	0.821775
96	147	0.801689
96	150	0.862681
96	157	2.21368
96	158	1.67396
96	161	1.7047
96	167	1.70321
96	175	0.71293
96	176	0.734804
96	179	0.705525
97	6	0.971155
97	72	0.9725
97	96	0.908967
97	105	0.952351
97	113	0.93711
97	115	1.20784
97	119	0.941374
97	122	0.966427
97	126	0.930413
97	128	0.97099
97	129	0.934999
97	130	0.924364
97	133	1.41113
97	136	1.25535
97	142	1.34337
97	150	0.96527
97	154	0.930415
97	157	2.10498
97	161	1.596
97	167	1.59451
97	175	0.815519
97	176	0.837393
97	179	0.808114
98	22	0.746647
98	34	0.923514
98	60	0.838825
98	67	0.936003
98	81	0.831391
98	95	0.80577
98	101	0.84758
98	102	0.858883
98	109	0.834906
98	111	0.889513
98	117	0.85076
98	127	1.66322
98	146	0.833371
98	147	1.64306
98	148	0.87965
98	154	0.838914
98	156	0.812345
98	160	1.49915
98	163	1.4573
98	164	0.851718
98	165	2.05934
98	167	1.63903
98	177	0.790951
98	180	1.90227
99	24	1.12821
99	27	0.866351
99	69	0.826045
99	75	0.877175
99	79	0.859196
99	83	0.830685
99	92	0.820302
99	93	0.825561
99	107	0.872514
99	108	0.850036
99	110	0.846723
99	115	1.39977
99	116	0.82281
99	118	0.872563
99	125	0.846935
99	135	1.39579
99	144	1.77917
99	147	1.79047
99	161	0.810003
99	164	0.860075
99	165	2.20675
99	167	0.80635
99	169	0.878399
99	177	1.85693
100	15	1.28242
100	36	0.866217
100	45	0.87936
100	58	0.801831
100	86	0.907098
100	90	1.05926
100	96	0.881195
100	105	0.924579
100	113	0.909338
100	119	0.913602
100	122	0.938655
100	126	0.902641
100	128	0.943218
100	129	0.907227
100	130	0.896591
100	131	1.31994
100	134	1.41336
100	141	1.45516
100	147	0.876506
100	150	0.937498
100	162	1.85345
100	172	2.35175
100	175	0.787747
100	176	0.809621
100	179	0.780341
101	59	0.848444
101	60	0.857849
101	64	0.845606
101	67	0.955027
101	70	0.907075
101	81	0.850415
101	85	1.19621
101	95	0.824794
101	98	0.84758
101	102	0.877908
101	109	0.853931
101	111	0.908538
101	117	0.869784
101	124	1.22401
101	140	1.37916
101	146	0.852396
101	148	0.898674
101	154	0.857939
101	156	0.831369
101	158	1.60459
101	161	1.63533
101	164	0.870743
101	166	2.02038
101	173	1.96483
101	177	0.809975
101	178	1.65391
102	22	0.776974
102	42	0.911542
102	59	0.859747
102	60	0.869153
102	64	0.856909
102	70	0.918379
102	81	0.861719
102	95	0.836098
102	98	0.858883
102	101	0.877908
102	109	0.865234
102	111	0.919841
102	117	0.881088
102	127	1.3463
102	146	0.863699
102	154	0.869242
102	156	0.842673
102	161	1.32359
102	164	0.882046
102	165	1.74241
102	166	1.70864
102	170	1.69366
102	173	1.65309
102	177	0.821279
102	178	1.34217
102	179	2.22897
103	8	0.8394
103	14	1.48756
103	38	1.20719
103	56	0.892688
103	71	1.04918
103	74	0.916647
103	110	0.854635
103	126	0.898354
103	128	0.938931
103	129	0.90294
103	130	0.892305
103	137	0.878129
103	140	0.909618
103	146	1.22029
103	148	1.09587
103	151	0.929038
103	153	0.8847
103	157	0.793325
103	159	0.828755
103	164	0.878782
103	167	0.857435
103	169	0.929484
103	170	0.828675
103	175	0.783461
103	179	0.776055
103	180	0.829165
104	40	1.24478
104	41	1.25104
104	54	0.899471
104	75	1.04414
104	76	1.31944
104	89	0.937207
104	94	0.917142
104	109	1.23695
104	117	1.02953
104	118	1.00405
104	122	0.928023
104	126	0.892009
104	129	0.896595
104	130	0.885959
104	142	0.916533
104	164	0.928899
104	167	0.85109
104	168	0.83149
104	169	0.923139
104	171	0.820617
104	173	0.818186
104	174	0.80177
104	176	0.798989
104	178	0.859065
104	179	0.769709
104	180	0.82282
105	45	0.847928
105	86	0.875665
105	90	1.16875
105	96	0.849762
105	97	0.952351
105	100	0.924579
105	113	0.877905
105	119	0.882169
105	122	0.907222
105	123	1.46085
105	126	0.871208
105	128	0.911785
105	129	0.875794
105	130	0.865159
105	139	0.887475
105	142	1.48644
105	150	0.906065
105	152	1.85734
105	153	1.63408
105	154	0.87121
105	155	1.63148
105	156	1.67567
105	175	0.756314
105	176	0.778188
105	178	1.75765
105	179	0.748909
106	24	0.792409
106	27	0.88199
106	33	0.953765
106	57	0.870209
106	69	0.841684
106	75	0.892814
106	79	0.874835
106	83	0.846324
106	92	0.835941
106	93	0.8412
106	108	0.865676
106	110	0.862362
106	116	0.838449
106	118	0.888202
106	134	1.23592
106	146	0.857366
106	155	1.34455
106	161	0.825642
106	164	0.875714
106	165	1.87095
106	167	0.821989
106	169	0.894038
106	171	1.75303
106	176	1.86797
106	178	1.47071
106	179	2.35751
107	47	0.935362
107	56	0.868849
107	67	0.830286
107	74	0.892808
107	86	1.37164
107	87	1.35332
107	89	1.21206
107	91	1.21064
107	92	0.847548
107	99	0.872514
107	110	0.873969
107	116	0.850056
107	125	0.874181
107	129	1.36172
107	148	1.24881
107	153	0.860861
107	154	1.23642
107	161	0.837248
107	163	0.896519
107	166	0.798585
107	167	0.833596
107	169	0.905645
107	170	0.804835
107	172	0.769068
107	173	0.800692
107	177	0.826553
107	180	0.805326
108	10	0.808178
108	33	0.942894
108	35	1.24539
108	36	0.969639
108	57	0.859338
108	69	0.830814
108	75	0.881944
108	79	0.863964
108	83	0.835454
108	92	0.82507
108	93	0.83033
108	99	0.850036
108	106	0.865676
108	110	0.851491
108	116	0.827579
108	118	0.877331
108	132	1.37391
108	143	1.70911
108	144	1.72423
108	146	0.846496
108	149	1.51496
108	161	0.814771
108	162	1.95687
108	164	0.864843
108	167	0.811118
108	169	0.883168
108	174	2.22619
109	22	0.752997
109	42	0.887565
109	59	0.83577
109	60	0.845176
109	64	0.832932
109	67	0.942353
109	70	0.894402
109	78	1.07497
109	81	0.837742
109	95	0.812121
109	98	0.834906
109	101	0.853931
109	102	0.865234
109	104	1.23695
109	111	0.895864
109	117	0.857111
109	124	1.24643
109	137	1.694
109	145	1.90686
109	146	0.839722
109	148	0.886001
109	154	0.845265
109	164	0.858069
109	168	1.92412
109	173	1.98724
109	177	0.797302
109	178	1.67633
110	10	0.804864
110	27	0.867805
110	33	0.939581
110	57	0.856024
110	69	0.8275
110	75	0.87863
110	79	0.860651
110	83	0.83214
110	92	0.821757
110	93	0.827016
110	99	0.846723
110	103	0.854635
110	106	0.862362
110	107	0.873969
110	108	0.851491
110	114	2.57353
110	116	0.824265
110	118	0.874018
110	137	1.3618
110	146	0.843182
110	147	1.32809
110	161	0.811457
110	169	0.879854
110	174	1.81874
110	178	1.34413
110	179	2.23093
110	180	1.5873
111	22	0.807604
111	34	0.984472
111	42	0.942172
111	59	0.890377
111	60	0.899783
111	64	0.887539
111	68	1.39251
111	70	0.949009
111	81	0.892349
111	95	0.866727
111	98	0.889513
111	101	0.908538
111	102	0.919841
111	109	0.895864
111	117	0.911717
111	127	1.52916
111	136	1.16581
111	147	1.509
111	153	1.40147
111	154	0.899872
111	155	1.39887
111	156	0.873303
111	161	1.50646
111	162	1.73033
111	164	0.912676
111	177	0.851909
111	180	1.76821
112	61	0.840995
112	80	1.76481
112	83	1.71221
112	88	0.856321
112	92	1.70459
112	96	1.75226
112	114	0.696855
112	123	0.848855
112	124	0.842157
112	134	0.809661
112	137	0.791124
112	139	1.62781
112	149	0.820785
112	152	0.760104
112	154	1.60196
112	158	0.787131
112	159	0.741749
112	160	0.782417
112	162	0.752809
112	168	0.750829
112	171	0.739957
112	172	0.705901
112	173	0.737526
112	174	0.721109
112	178	0.778405
112	179	0.689049
112	180	0.74216
113	44	0.930167
113	72	0.898053
113	86	0.860424
113	96	0.834521
113	97	0.93711
113	100	0.909338
113	105	0.877905
113	114	0.741473
113	119	0.866928
113	122	0.891981
113	126	0.855967
113	128	0.896544
113	129	0.860553
113	130	0.849917
113	131	1.5016
113	132	1.45215
113	149	1.59321
113	150	0.890824
113	154	0.855968
113	155	1.70365
113	161	1.81123
113	163	1.62801
113	167	1.80975
113	175	0.741073
113	176	0.762947
113	177	1.88024
113	179	0.733667
114	75	2.71291
114	84	2.58648
114	110	2.57353
114	112	0.696855
114	113	0.741473
114	119	0.745738
114	126	0.734777
114	128	0.775354
114	129	0.739363
114	130	0.728727
114	141	0.772085
114	145	0.662842
114	150	0.769634
114	151	0.767539
114	152	0.683532
114	153	0.721123
114	159	0.665177
114	161	0.69751
114	163	0.756781
114	164	2.59767
114	165	0.652323
114	166	0.658847
114	172	0.62933
114	174	0.644537
114	176	0.641757
114	179	0.612477
114	180	0.665588
115	42	1.07075
115	71	1.13193
115	76	1.35208
115	81	1.24165
115	87	1.28313
115	94	1.0063
115	97	1.20784
115	99	1.39977
115	121	0.957789
115	131	0.963071
115	133	0.912252
115	139	1.19208
115	140	0.937443
115	157	0.82115
115	158	0.901962
115	159	0.85658
115	160	0.897248
115	163	0.948184
115	165	0.843726
115	166	0.850249
115	168	0.86566
115	170	0.8565
115	171	0.854788
115	173	0.852357
115	174	0.83594
115	177	0.878217
115	178	0.893236
115	180	0.856991
116	10	0.780952
116	27	0.843893
116	33	0.915668
116	57	0.832112
116	69	0.803588
116	75	0.854718
116	78	1.22985
116	79	0.836738
116	83	0.808227
116	92	0.797844
116	93	0.803104
116	99	0.82281
116	106	0.838449
116	107	0.850056
116	108	0.827579
116	110	0.824265
116	118	0.850105
116	125	0.824478
116	134	1.59641
116	135	1.42049
116	140	1.55646
116	143	1.78875
116	147	1.81517
116	152	1.9309
116	161	0.787545
116	164	0.837617
116	167	0.783892
116	169	0.855942
116	172	2.53481
117	22	0.768851
117	34	0.945718
117	42	0.903418
117	59	0.851623
117	64	0.848785
117	67	0.958207
117	70	0.910255
117	81	0.853595
117	95	0.827974
117	98	0.85076
117	101	0.869784
117	102	0.881088
117	104	1.02953
117	109	0.857111
117	111	0.911717
117	137	1.48658
117	145	1.69944
117	146	0.855575
117	148	0.901854
117	152	1.5686
117	154	0.861119
117	156	0.834549
117	158	1.41959
117	163	1.26711
117	164	0.873923
117	174	1.94353
117	175	2.33759
117	177	0.813155
117	178	1.46891
118	10	0.830704
118	27	0.893645
118	57	0.881864
118	69	0.85334
118	75	0.90447
118	79	0.88649
118	83	0.85798
118	92	0.847597
118	93	0.852856
118	99	0.872563
118	104	1.00405
118	106	0.888202
118	108	0.877331
118	110	0.874018
118	116	0.850105
118	125	0.87423
118	133	1.23998
118	146	0.869022
118	147	1.42739
118	156	1.36145
118	161	0.837297
118	164	0.88737
118	167	0.833645
118	169	0.905694
118	171	1.72574
118	173	1.75434
118	174	1.91804
118	175	2.3121
118	177	1.49385
119	28	1.0349
119	44	0.934431
119	45	0.836951
119	61	1.30161
119	72	0.902318
119	86	0.864688
119	97	0.941374
119	100	0.913602
119	105	0.882169
119	113	0.866928
119	114	0.745738
119	121	1.41104
119	122	0.896246
119	126	0.860231
119	128	0.900809
119	129	0.864817
119	130	0.854182
119	134	1.51064
119	138	1.3699
119	139	0.876499
119	147	0.834097
119	150	0.895089
119	154	0.860233
119	161	1.72686
119	166	2.11191
119	167	1.72537
119	170	2.09692
119	175	0.745338
119	176	0.767212
119	179	0.737932
120	33	1.52336
120	37	1.41672
120	38	1.67216
120	45	1.97513
120	54	1.66437
120	60	1.61291
120	124	0.864612
120	136	0.862493
120	138	0.89717
120	141	0.871112
120	144	0.805978
120	149	0.84324
120	151	1.39401
120	155	0.81324
120	156	0.807235
120	157	0.728774
120	158	0.809585
120	160	0.804872
120	165	0.75135
120	166	0.757873
120	168	0.773284
120	170	0.764123
120	171	0.762412
120	172	0.728356
120	173	0.75998
120	174	0.743564
120	175	0.718909
120	176	0.740783
120	180	0.764614
121	16	1.55229
121	37	1.10685
121	55	1.37661
121	80	1.40143
121	91	1.2128
121	92	1.34121
121	115	0.957789
121	119	1.41104
121	133	0.866953
121	134	0.879192
121	136	0.90957
121	137	0.860655
121	138	0.944247
121	143	0.847027
121	146	1.37539
121	155	0.860317
121	157	0.775851
121	158	0.856662
121	159	0.81128
121	160	0.851949
121	162	0.822341
121	163	0.902884
121	165	0.798427
121	166	0.80495
121	167	0.839961
121	169	0.968263
121	171	0.809489
121	172	0.775433
121	173	0.807057
121	174	0.790641
121	180	0.811691
122	36	0.793293
122	44	0.959484
122	45	0.862004
122	51	1.27698
122	53	1.22751
122	72	0.927371
122	78	0.973868
122	86	0.889741
122	96	0.863838
122	97	0.966427
122	100	0.938655
122	104	0.928023
122	105	0.907222
122	113	0.891981
122	119	0.896246
122	126	0.885284
122	128	0.925861
122	129	0.88987
122	130	0.879235
122	131	1.24701
122	139	0.901552
122	145	1.80576
122	147	0.859149
122	154	0.885286
122	156	1.49325
122	157	2.06563
122	168	1.82302
122	175	0.770391
122	176	0.792264
122	177	1.62565
122	179	0.762985
123	13	1.33195
123	34	1.26089
123	40	1.38736
123	49	1.3897
123	60	1.34064
123	82	1.36466
123	105	1.46085
123	112	0.848855
123	133	0.87285
123	135	0.929642
123	137	0.866552
123	141	0.924085
123	142	0.9113
123	143	0.852924
123	144	0.858951
123	151	1.12173
123	157	0.781747
123	158	0.862559
123	159	0.817177
123	161	0.84951
123	162	0.828237
123	163	0.908781
123	164	1.07148
123	165	0.804323
123	166	0.810847
123	168	0.826257
123	170	0.817097
123	172	0.781329
123	173	0.812954
123	174	0.796537
123	180	0.817588
124	12	1.50385
124	50	1.30595
124	52	1.31895
124	61	0.909726
124	88	0.925051
124	90	0.917913
124	101	1.22401
124	109	1.24643
124	112	0.842157
124	120	0.864612
124	125	1.14851
124	128	1.2575
124	132	0.901546
124	134	0.878391
124	136	0.908768
124	139	1.16893
124	153	0.866425
124	157	0.775049
124	161	0.842812
124	162	0.82154
124	163	0.902083
124	164	0.938378
124	165	0.797626
124	166	0.804149
124	168	0.81956
124	170	0.810399
124	171	0.808688
124	172	0.774632
124	173	0.806256
124	174	0.78984
124	180	0.81089
125	8	0.789982
125	11	0.903215
125	13	0.939755
125	15	1.21268
125	17	0.98398
125	39	0.861316
125	47	0.909783
125	51	1.28015
125	56	0.843271
125	74	0.867229
125	75	0.878843
125	83	0.832352
125	88	1.19437
125	92	0.821969
125	93	0.827229
125	99	0.846935
125	107	0.874181
125	116	0.824478
125	118	0.87423
125	124	1.14851
125	149	1.34179
125	151	0.881699
125	152	0.797692
125	153	0.835282
125	159	1.87206
125	161	0.81167
125	165	1.97864
125	167	0.808017
125	168	1.8262
125	169	0.880067
125	173	1.88932
125	176	0.755917
125	179	0.726637
125	180	1.82158
126	44	0.92347
126	45	0.82599
126	72	0.891357
126	86	0.853727
126	96	0.827824
126	97	0.930413
126	100	0.902641
126	103	0.898354
126	104	0.892009
126	105	0.871208
126	113	0.855967
126	114	0.734777
126	119	0.860231
126	122	0.885284
126	128	0.889847
126	129	0.853856
126	130	0.843221
126	131	1.28282
126	133	1.40759
126	135	1.20032
126	139	0.865537
126	147	0.823135
126	150	0.884127
126	154	0.849272
126	158	1.56171
126	159	1.90469
126	162	1.81633
126	167	1.59097
126	172	2.31464
126	173	1.92195
126	175	0.734376
126	176	0.75625
126	179	0.726971
126	180	1.85421
127	20	1.70118
127	91	1.55132
127	96	1.7274
127	98	1.66322
127	102	1.3463
127	111	1.52916
127	132	0.859304
127	133	0.82391
127	134	0.836149
127	135	0.880702
127	136	0.866526
127	137	0.817612
127	139	1.60295
127	143	0.803984
127	144	0.810011
127	149	0.847273
127	151	1.42266
127	152	0.786592
127	159	0.768237
127	160	0.808905
127	161	0.80057
127	162	0.779297
127	165	0.755383
127	166	0.761907
127	168	0.777317
127	170	0.768157
127	171	0.766445
127	172	0.732389
127	173	0.764014
127	174	0.747597
127	176	0.744817
127	179	0.715537
127	180	0.768648
128	32	1.10272
128	44	0.964047
128	45	0.866567
128	72	0.931934
128	86	0.894304
128	96	0.868401
128	97	0.97099
128	100	0.943218
128	103	0.938931
128	105	0.911785
128	113	0.896544
128	114	0.775354
128	119	0.900809
128	122	0.925861
128	124	1.2575
128	126	0.889847
128	129	0.894433
128	130	0.883798
128	131	1.35918
128	133	1.48395
128	136	1.32817
128	139	0.906115
128	147	0.863712
128	149	1.45078
128	150	0.924704
128	154	0.889849
128	156	1.60542
128	158	1.63807
128	163	1.48559
128	166	2.05386
128	175	0.774954
128	176	0.796828
128	177	1.73782
128	179	0.767548
129	35	1.1921
129	44	0.928056
129	45	0.830576
129	58	0.753046
129	68	1.56576
129	72	0.895943
129	86	0.858313
129	96	0.83241
129	97	0.934999
129	100	0.907227
129	103	0.90294
129	104	0.896595
129	105	0.875794
129	107	1.36172
129	113	0.860553
129	114	0.739363
129	119	0.864817
129	122	0.88987
129	126	0.853856
129	128	0.894433
129	130	0.847806
129	131	1.37007
129	139	0.870123
129	147	0.827721
129	150	0.888713
129	153	1.57471
129	155	1.57212
129	158	1.64896
129	162	1.90358
129	163	1.49648
129	174	2.1729
129	175	0.738962
129	176	0.760836
129	179	0.731556
130	44	0.91742
130	45	0.81994
130	58	0.742411
130	72	0.885307
130	86	0.847677
130	96	0.821775
130	97	0.924364
130	100	0.896591
130	103	0.892305
130	104	0.885959
130	105	0.865159
130	113	0.849917
130	114	0.728727
130	119	0.854182
130	122	0.879235
130	126	0.843221
130	128	0.883798
130	129	0.847806
130	135	1.23801
130	139	0.859488
130	144	1.62138
130	145	1.87925
130	147	0.817086
130	150	0.878078
130	152	1.74841
130	154	0.843222
130	155	1.52255
130	159	1.94237
130	161	1.63014
130	167	1.62865
130	171	1.93104
130	174	2.12334
130	175	0.728327
130	176	0.750201
130	179	0.720921
131	1	1.06357
131	23	1.46359
131	36	1.02258
131	87	1.36166
131	100	1.31994
131	113	1.5016
131	115	0.963071
131	122	1.24701
131	126	1.28282
131	128	1.35918
131	129	1.37007
131	132	0.907629
131	134	0.884474
131	140	0.897425
131	141	0.92347
131	144	0.858337
131	149	0.895598
131	150	1.13109
131	155	0.865599
131	157	0.781132
131	158	0.861944
131	159	0.816562
131	160	0.857231
131	161	0.848895
131	163	0.908166
131	164	1.04006
131	165	0.803708
131	166	0.810232
131	168	0.825642
131	170	0.816482
131	171	0.81477
131	172	0.780715
131	173	0.812339
131	174	0.795922
131	177	0.8382
131	179	0.763862
131	180	0.816973
132	5	0.971319
132	11	1.41609
132	23	1.41414
132	25	1.50959
132	78	0.929798
132	80	1.35816
132	83	1.30556
132	89	1.17095
132	108	1.37391
132	113	1.45215
132	124	0.901546
132	127	0.859304
132	131	0.907629
132	133	0.85681
132	134	0.869049
132	136	0.899427
132	137	0.850513
132	142	0.895261
