1	25	1.5351
1	39	1.34405
1	62	1.3854
1	93	1.29142
1	96	1.36415
1	128	0.517567
1	136	1.28821
1	142	1.39168
1	156	0.516843
1	169	0.505384
1	171	0.42356
1	174	0.487883
2	34	0.329778
2	78	0.494073
2	89	0.474253
2	110	0.504689
2	120	0.545312
2	165	1.3832
2	166	1.38509
2	176	1.38912
2	177	1.3876
2	178	1.35113
2	179	1.34827
2	180	1.35559
3	30	1.34142
3	39	1.37046
3	42	0.460725
3	93	1.31784
3	94	1.44698
3	96	1.39057
3	136	1.31463
3	142	1.4181
3	154	0.515342
3	165	0.495905
3	174	0.490424
3	176	0.489125
4	7	1.36355
4	8	1.34417
4	54	1.41595
4	70	1.4317
4	92	1.37266
4	123	1.39127
4	136	1.28069
4	162	0.381653
4	167	0.380792
4	169	0.395126
4	171	0.811194
4	172	0.482906
5	40	0.44582
5	94	0.465258
5	119	0.490505
5	130	0.487231
5	158	0.459405
5	170	1.39387
5	175	1.39044
5	176	1.38592
5	177	1.3844
5	178	1.34793
5	179	1.34506
5	180	1.35238
6	12	1.2465
6	48	1.28984
6	76	1.30037
6	98	1.40633
6	101	0.449943
6	103	1.47672
6	137	1.47163
6	148	0.557912
6	155	1.4086
6	165	0.472067
6	174	0.466586
6	178	0.505028
7	4	1.36355
7	8	1.32325
7	69	1.39734
7	70	1.41078
7	92	1.35174
7	107	1.38299
7	123	1.37035
7	164	0.513557
7	170	0.473662
7	171	0.410145
7	172	0.579749
7	174	0.474468
8	4	1.34417
8	7	1.32325
8	46	1.59044
8	69	1.37796
8	70	1.3914
8	92	1.33237
8	136	1.2404
8	151	0.507185
8	156	0.505217
8	166	0.487834
8	174	0.476257
8	176	0.474958
9	15	0.459833
9	32	0.425737
9	36	0.515173
9	47	0.472191
9	92	0.47504
9	115	1.3975
9	130	1.31272
9	171	1.44276
9	175	1.38413
9	177	1.37808
9	179	1.33875
9	180	1.34607
10	69	0.449358
10	112	0.502752
10	114	0.441016
10	158	0.4617
10	160	0.49341
10	168	1.3701
10	173	1.39326
10	176	1.39011
10	177	1.38859
10	178	1.35212
10	179	1.34925
10	180	1.35657
11	59	0.483736
11	60	0.476211
11	104	0.488697
11	115	0.419901
11	160	0.479625
11	173	1.38975
11	175	1.39113
11	176	1.3866
11	177	1.38508
11	178	1.34861
11	179	1.34575
11	180	1.35307
12	6	1.2465
12	47	1.27943
12	61	1.18054
12	76	1.07353
12	98	1.17949
12	103	1.24988
12	123	1.20887
12	152	0.602205
12	155	1.18176
12	165	0.601724
12	175	0.60253
12	178	0.634686
13	33	0.505132
13	65	1.35407
13	103	1.42997
13	132	1.39198
13	146	0.515845
13	147	1.35706
13	155	1.36186
13	159	1.3625
13	160	1.34256
13	165	0.477388
13	167	0.475074
13	175	0.478193
14	81	0.563509
14	128	0.460512
14	135	0.44331
14	147	1.36638
14	148	0.522154
14	151	0.461756
14	153	1.38192
14	155	1.37118
14	158	1.36889
14	159	1.37182
14	160	1.35188
14	174	1.38793
15	9	0.459833
15	45	0.53432
15	74	1.30817
15	125	1.34971
15	134	1.38782
15	150	1.42699
15	155	1.38297
15	158	1.38068
15	160	1.36367
15	165	0.459774
15	178	0.492736
15	179	0.494608
16	28	1.4771
16	79	1.3267
16	90	1.35904
16	95	1.3639
16	99	1.3172
16	100	1.38992
16	129	0.46928
16	141	1.36613
16	146	0.524148
16	152	0.486172
16	163	0.493009
16	176	0.478911
17	30	1.2744
17	44	1.22784
17	62	1.34479
17	93	1.25081
17	94	1.37996
17	96	1.32354
17	136	1.2476
17	137	0.483086
17	142	1.35107
17	154	0.539933
17	162	0.519044
17	164	0.554105
17	179	0.555331
18	37	1.26655
18	63	1.25977
18	84	1.26231
18	97	1.26984
18	115	1.32124
18	131	1.32669
18	141	1.3271
18	146	0.560114
18	161	0.521583
18	163	0.528974
18	168	0.52546
18	170	0.51537
18	171	1.3665
19	72	0.536382
19	94	0.479458
19	108	0.544753
19	134	0.487805
19	153	0.503152
19	167	1.3634
19	172	1.21604
19	173	1.32504
19	176	1.32189
19	177	1.32036
19	178	1.2839
19	179	1.28103
19	180	1.28835
20	87	0.581969
20	124	0.661213
20	125	0.659994
20	148	1.12614
20	158	0.655345
20	166	1.18261
20	172	1.08079
20	175	1.19116
20	176	1.18664
20	177	1.18512
20	178	1.14865
20	179	1.14578
20	180	1.1531
21	32	1.47954
21	36	1.2556
21	38	1.30421
21	64	1.31975
21	80	1.18867
21	88	1.26867
21	124	1.31735
21	128	1.2662
21	138	0.300934
21	152	0.275283
21	164	0.308411
21	168	0.873351
21	180	0.893457
22	70	0.498661
22	88	0.559299
22	105	0.490342
22	118	0.502956
22	122	0.496841
22	172	1.22066
22	173	1.32966
22	175	1.33103
22	176	1.32651
22	177	1.32499
22	178	1.28852
22	179	1.28565
22	180	1.29297
23	33	0.529135
23	83	1.27392
23	89	1.34022
23	116	1.26557
23	117	1.35785
23	118	1.35174
23	119	1.25644
23	127	1.32672
23	130	1.22753
23	154	0.520827
23	161	0.501317
23	167	0.499077
23	172	0.601191
24	43	0.49769
24	87	0.447658
24	98	0.540874
24	130	0.54886
24	141	0.512967
24	168	1.29534
24	170	1.3233
24	173	1.3185
24	176	1.31535
24	177	1.31383
24	178	1.27736
24	179	1.2745
24	180	1.28182
25	1	1.5351
25	30	1.45061
25	44	1.40405
25	93	1.42703
25	94	1.55617
25	96	1.49975
25	109	0.422106
25	142	1.52728
25	143	0.772266
25	155	0.00164634
25	172	0.536226
25	178	0.469388
25	180	0.460336
26	105	1.36207
26	122	1.28873
26	128	0.549602
26	139	1.28525
26	149	0.526402
26	150	1.33005
26	153	1.29677
26	157	0.528215
26	158	1.28374
26	159	1.28667
26	160	1.26673
26	161	0.525326
26	177	0.521291
27	31	1.4353
27	37	1.24255
27	43	1.32853
27	84	1.23831
27	115	1.29724
27	130	1.21246
27	137	0.481268
27	141	1.3031
27	145	0.570708
27	168	0.522482
27	171	1.3425
27	173	0.525656
27	178	0.55164
28	16	1.4771
28	79	1.46045
28	90	1.4928
28	95	1.49766
28	99	1.45095
28	100	1.52368
28	142	1.49736
28	149	0.436222
28	152	0.435701
28	167	0.432906
28	174	0.429739
28	178	0.468182
28	180	0.45913
29	37	0.518748
29	84	0.53204
29	105	0.490855
29	114	0.496474
29	123	0.509923
29	165	1.32172
29	172	1.2218
29	175	1.33217
29	176	1.32764
29	177	1.32612
29	178	1.28965
29	179	1.28679
29	180	1.29411
30	3	1.34142
30	17	1.2744
30	25	1.45061
30	93	1.20693
30	94	1.33607
30	96	1.27966
30	136	1.20372
30	142	1.30719
30	151	0.550656
30	161	0.525135
30	162	0.523757
30	167	0.522895
30	168	0.529013
31	27	1.4353
31	63	1.45378
31	84	1.45632
31	91	0.466183
31	97	1.46385
31	115	1.51525
31	121	0.391155
31	129	1.51498
31	145	0.462875
31	167	0.408531
31	169	0.422865
31	171	1.56051
31	172	0.510646
32	9	0.425737
32	21	1.47954
32	41	0.545357
32	49	0.395012
32	60	1.49619
32	75	1.53759
32	80	1.40012
32	88	1.48012
32	124	1.52879
32	128	1.47765
32	162	0.424225
32	166	0.431773
32	168	0.429481
33	13	0.505132
33	23	0.529135
33	73	0.471527
33	134	0.522257
33	155	0.54095
33	169	1.3055
33	170	1.32185
33	173	1.31705
33	176	1.3139
33	177	1.31238
33	178	1.27591
33	179	1.27305
33	180	1.28037
34	2	0.329778
34	41	0.438401
34	79	1.4572
34	81	0.44592
34	90	1.48954
34	95	1.4944
34	99	1.4477
34	100	1.52042
34	141	1.49663
34	142	1.4941
34	145	0.370751
34	177	0.724367
34	180	0.342631
35	46	1.51143
35	54	1.29664
35	69	1.29895
35	92	1.25335
35	95	1.26515
35	99	1.21845
35	100	1.29117
35	142	1.26485
35	161	0.53009
35	162	0.528711
35	165	0.530164
35	166	0.53626
35	177	0.526056
36	9	0.515173
36	21	1.2556
36	38	1.29171
36	64	1.30725
36	75	1.31365
36	90	1.30892
36	99	1.26707
36	100	1.3398
36	141	1.316
36	151	0.54056
36	169	0.527134
36	176	0.508334
36	179	0.549948
37	18	1.26655
37	27	1.24255
37	29	0.518748
37	43	1.3538
37	45	0.556448
37	63	1.26103
37	84	1.26357
37	115	1.3225
37	129	1.32223
37	138	0.508033
37	171	1.36776
37	172	0.581702
37	174	0.476421
38	21	1.30421
38	36	1.29171
38	60	1.32086
38	64	1.35586
38	80	1.22478
38	88	1.30478
38	91	0.562936
38	120	1.29548
38	128	1.30231
38	173	0.514575
38	174	0.502116
38	178	0.540559
38	180	0.531507
39	1	1.34405
39	3	1.37046
39	44	1.213
39	56	0.609817
39	62	1.32995
39	93	1.23597
39	94	1.36511
39	96	1.3087
39	136	1.23276
39	143	0.479183
39	156	0.52455
39	169	0.513091
39	180	0.52498
40	5	0.44582
40	52	1.1792
40	57	1.2649
40	59	1.26174
40	71	1.19998
40	78	1.28564
40	82	1.22524
40	85	1.23173
40	86	1.22732
40	106	1.32425
40	171	0.878262
40	172	0.566527
40	176	0.459947
40	180	0.490636
41	32	0.545357
41	34	0.438401
41	84	0.614874
41	115	0.571978
41	140	0.598246
41	169	1.24789
41	170	1.26425
41	173	1.25945
41	175	1.26082
41	176	1.2563
41	177	1.25478
41	178	1.21831
41	179	1.21544
41	180	1.22276
42	3	0.460725
42	94	0.450984
42	96	0.47002
42	102	0.442344
42	103	0.446198
42	155	0.478025
42	164	1.39491
42	166	1.4129
42	175	1.42145
42	176	1.41693
42	177	1.41541
42	178	1.37894
42	179	1.37607
42	180	1.38339
43	24	0.49769
43	27	1.32853
43	37	1.3538
43	66	1.53445
43	84	1.34955
43	97	1.35709
43	115	1.40849
43	141	1.41434
43	145	0.508996
43	156	0.480446
43	165	0.456967
43	167	0.454653
43	171	1.45375
43	177	0.452859
44	17	1.22784
44	25	1.40405
44	39	1.213
44	62	1.25435
44	93	1.16037
44	94	1.28951
44	96	1.2331
44	121	0.532576
44	126	0.615086
44	136	1.15716
44	142	1.26063
44	145	0.604295
44	174	0.546784
44	175	0.553071
45	15	0.53432
45	37	0.556448
45	86	0.575959
45	99	0.558164
45	127	0.544084
45	163	1.28435
45	166	1.26534
45	168	1.24935
45	172	1.16352
45	175	1.27389
45	177	1.26784
45	178	1.23138
45	179	1.22851
45	180	1.23583
46	8	1.59044
46	35	1.51143
46	69	1.66453
46	92	1.61893
46	107	1.65018
46	109	0.401645
46	123	1.63754
46	136	1.52696
46	144	0.464467
46	170	0.409678
46	171	0.346161
46	173	0.422942
46	174	0.410484
46	175	0.41677
47	9	0.472191
47	12	1.27943
47	48	1.32277
47	50	0.449407
47	61	1.44031
47	65	1.43374
47	76	1.3333
47	98	1.43926
47	103	1.50965
47	154	0.491568
47	155	1.44153
47	168	0.475935
47	174	0.466651
47	180	0.496041
48	6	1.28984
48	47	1.32277
48	61	1.22389
48	65	1.21732
48	76	1.11688
48	98	1.22284
48	103	1.29322
48	137	1.28814
48	155	1.22511
48	157	0.584174
48	171	0.511555
48	174	0.575878
48	176	0.574579
48	180	0.605269
49	32	0.395012
49	78	1.43616
49	82	1.37576
49	83	0.491684
49	86	1.37784
49	89	0.432531
49	106	1.47477
49	153	0.479194
49	159	0.46934
49	160	0.481357
49	175	1.41535
49	178	1.37284
49	179	1.36998
49	180	1.3773
50	47	0.449407
50	66	0.397233
50	80	0.565919
50	105	0.431283
50	123	0.450352
50	142	0.453887
50	168	1.40896
50	170	1.43693
50	172	1.32313
50	176	1.42898
50	177	1.42746
50	178	1.39099
50	179	1.38812
50	180	1.39544
51	91	0.504471
51	126	0.511953
51	129	0.432722
51	139	1.3991
51	147	1.39508
51	153	1.41062
51	155	1.39988
51	158	1.39759
51	159	1.40052
51	160	1.38058
51	167	0.446819
51	174	1.41663
51	178	0.482094
51	179	0.483966
52	40	1.1792
52	57	1.2649
52	59	1.26174
52	71	1.19998
52	78	1.28564
52	82	1.22524
52	85	1.23173
52	86	1.22732
52	106	1.32425
52	165	0.565483
52	169	0.577503
52	170	0.559196
52	174	0.560002
52	180	0.589392
53	87	1.32784
53	89	1.26469
53	108	1.23619
53	116	1.19004
53	117	1.28233
53	118	1.27621
53	119	1.18092
53	121	0.554071
53	127	1.2512
53	151	1.19058
53	154	0.593197
53	170	0.567474
53	176	0.566981
53	177	0.569653
54	4	1.41595
54	35	1.29664
54	69	1.44974
54	70	1.46318
54	92	1.40415
54	101	0.441973
54	107	1.43539
54	123	1.42276
54	126	0.526917
54	136	1.31218
54	162	0.462644
54	163	0.471415
54	177	0.459989
54	179	0.498931
55	114	1.39975
55	126	0.56669
55	139	1.31863
55	147	1.31461
55	150	1.36343
55	153	1.33015
55	157	0.506685
55	158	1.31712
55	159	1.32005
55	160	1.30011
55	169	0.51589
55	171	0.434066
55	173	0.510847
55	174	1.33615
55	180	0.527779
56	39	0.609817
56	117	0.575248
56	122	0.569254
56	130	0.616884
56	140	0.587313
56	154	1.18557
56	165	1.21037
56	167	1.25781
56	170	1.22424
56	172	1.11045
56	173	1.21944
56	176	1.21629
56	177	1.21477
56	178	1.1783
56	180	1.18276
57	40	1.2649
57	52	1.2649
57	59	1.34744
57	71	1.28567
57	73	1.42535
57	78	1.37134
57	85	1.31742
57	86	1.31301
57	106	1.40995
57	161	0.494878
57	173	0.50193
57	176	0.488172
57	178	0.527914
57	179	0.529786
57	180	0.518862
58	72	1.24232
58	87	1.42247
58	108	1.33083
58	116	1.28467
58	117	1.37696
58	118	1.37085
58	127	1.34583
58	146	0.162675
58	148	0.210062
58	151	1.28522
58	152	1.34085
58	162	0.690035
58	165	0.691488
58	171	0.621684
58	174	0.686007
59	11	0.483736
59	40	1.26174
59	52	1.26174
59	57	1.34744
59	73	1.4222
59	78	1.36818
59	82	1.30778
59	85	1.31427
59	86	1.30986
59	106	1.40679
59	129	0.499723
59	163	0.523452
59	173	0.523112
59	176	0.509354
59	177	0.512026
60	11	0.476211
60	32	1.49619
60	38	1.32086
60	64	1.33641
60	75	1.3428
60	80	1.20532
60	88	1.28532
60	102	1.39623
60	107	0.464841
60	124	1.334
60	128	1.28286
60	135	0.515608
60	146	0.547065
60	167	0.506294
60	178	0.54157
61	12	1.18054
61	47	1.44031
61	48	1.22389
61	65	1.33486
61	83	1.32092
61	98	1.34038
61	103	1.41076
61	137	1.40568
61	151	0.525863
61	155	1.34265
61	166	0.506513
61	173	0.507394
61	174	0.494936
61	176	0.493637
61	178	0.533378
62	1	1.3854
62	17	1.34479
62	39	1.32995
62	44	1.25435
62	93	1.27732
62	94	1.40646
62	96	1.35005
62	136	1.27411
62	138	0.522236
62	142	1.37758
62	146	0.534561
62	170	0.489817
62	173	0.503081
62	177	0.491996
62	180	0.520013
63	18	1.25977
63	31	1.45378
63	37	1.26103
63	66	1.44168
63	97	1.26432
63	115	1.31572
63	131	1.32116
63	135	0.523265
63	137	0.478854
63	141	1.32157
63	161	0.516191
63	167	0.513951
63	168	0.520069
63	171	1.36098
63	176	0.509485
64	21	1.31975
64	36	1.30725
64	38	1.35586
64	60	1.33641
64	75	1.3778
64	80	1.24033
64	88	1.32033
64	102	1.43124
64	120	1.31103
64	157	0.489831
64	169	0.499036
64	172	0.586816
64	174	0.481535
64	177	0.482908
64	179	0.52185
65	13	1.35407
65	47	1.43374
65	48	1.21732
65	61	1.33486
65	76	1.22785
65	98	1.33381
65	123	1.36318
65	137	1.39911
65	151	0.524544
65	155	1.33608
65	163	0.506416
65	168	0.502902
65	171	0.429294
65	172	0.598899
65	175	0.499904
66	43	1.53445
66	50	0.397233
66	63	1.44168
66	97	1.45176
66	115	1.50316
66	126	0.482779
66	129	1.50289
66	131	1.50861
66	141	1.50902
66	146	0.458415
66	161	0.419884
66	168	0.423762
66	171	1.54842
66	173	0.426936
66	178	0.45292
67	101	0.448957
67	132	1.44842
67	133	1.4538
67	135	0.478081
67	138	0.497212
67	140	1.40301
67	147	1.41349
67	151	0.496527
67	153	1.42904
67	155	1.41829
67	158	1.41601
67	159	1.41894
67	160	1.399
67	171	0.401277
67	173	0.478058
67	175	0.471886
68	125	1.2472
68	134	1.28532
68	139	1.27969
68	140	1.26518
68	149	0.521859
68	150	1.32448
68	155	1.28046
68	158	1.27818
68	159	1.2811
68	160	1.26117
68	164	0.554465
68	167	0.518543
68	168	0.52466
68	172	0.620657
68	174	1.29721
68	175	0.521662
69	7	1.39734
69	8	1.37796
69	10	0.449358
69	35	1.29895
69	46	1.66453
69	54	1.44974
69	70	1.46549
69	92	1.40645
69	121	0.44828
69	123	1.42506
69	136	1.31448
69	138	0.494102
69	163	0.475288
69	168	0.471773
69	170	0.461683
69	176	0.46119
70	4	1.4317
70	7	1.41078
70	8	1.3914
70	22	0.498661
70	54	1.46318
70	69	1.46549
70	92	1.41989
70	107	1.45114
70	123	1.4385
70	136	1.32792
70	171	0.392523
70	174	0.456846
70	175	0.463133
70	177	0.458219
70	178	0.495289
70	179	0.497161
71	40	1.19998
71	52	1.19998
71	57	1.28567
71	73	1.36043
71	78	1.30641
71	81	0.638335
71	82	1.24602
71	85	1.2525
71	86	1.24809
71	102	1.35591
71	106	1.34502
71	138	0.537268
71	143	0.489249
71	156	0.534615
71	173	0.518114
71	178	0.544098
72	19	0.536382
72	58	1.24232
72	108	1.2875
72	116	1.24135
72	117	1.33364
72	118	1.32752
72	119	1.23222
72	127	1.3025
72	131	1.29354
72	137	0.505679
72	143	0.521202
72	145	0.595119
72	151	1.24189
72	152	1.29752
72	165	0.54309
72	173	0.550067
73	33	0.471527
73	57	1.42535
73	59	1.4222
73	71	1.36043
73	78	1.44609
73	82	1.38569
73	85	1.39218
73	86	1.38777
73	102	1.49559
73	106	1.4847
73	161	0.443708
73	167	0.441468
73	172	0.543583
73	174	0.438301
73	175	0.444588
73	179	0.478616
74	15	1.30817
74	111	1.27412
74	132	1.2992
74	135	0.534794
74	146	0.566251
74	147	1.26427
74	150	1.31309
74	155	1.26907
74	156	0.551273
74	158	1.26678
74	159	1.26971
74	160	1.24978
74	167	0.52548
74	170	0.521507
74	174	1.28582
74	179	0.562628
75	32	1.53759
75	36	1.31365
75	60	1.3428
75	64	1.3778
75	80	1.24672
75	88	1.32672
75	102	1.43763
75	120	1.31742
75	124	1.3754
75	128	1.32425
75	144	0.526642
75	146	0.516597
75	163	0.485457
75	165	0.478139
75	166	0.484235
75	175	0.478945
75	180	0.502049
76	6	1.30037
76	12	1.07353
76	47	1.3333
76	48	1.11688
76	65	1.22785
76	83	1.21391
76	98	1.23337
76	103	1.30375
76	121	0.56144
76	123	1.26274
76	137	1.29867
76	155	1.23564
76	162	0.579677
76	166	0.587226
76	175	0.581935
76	176	0.57435
76	177	0.577022
77	105	1.29141
77	109	0.548418
77	114	1.29571
77	133	1.25087
77	134	1.22022
77	139	1.21459
77	144	0.61124
77	147	1.21056
77	149	0.56374
77	150	1.25938
77	156	0.586217
77	157	0.565553
77	158	1.21308
77	159	1.216
77	160	1.19607
77	174	1.23211
77	180	0.586648
78	2	0.494073
78	40	1.28564
78	49	1.43616
78	52	1.28564
78	57	1.37134
78	59	1.36818
78	71	1.30641
78	73	1.44609
78	82	1.33168
78	85	1.33816
78	106	1.43069
78	149	0.484018
78	152	0.483497
78	164	0.516624
78	168	0.486819
78	177	0.478908
78	179	0.51785
79	16	1.3267
79	28	1.46045
79	34	1.4572
79	90	1.34239
79	95	1.34726
79	99	1.30055
79	100	1.37328
79	113	1.29574
79	126	0.515559
79	141	1.34948
79	142	1.34696
79	145	0.504768
79	146	0.491196
79	172	0.552539
79	176	0.445959
79	178	0.4857
79	180	0.476648
80	21	1.18867
80	32	1.40012
80	38	1.22478
80	50	0.565919
80	60	1.20532
80	64	1.24033
80	75	1.24672
80	88	1.18925
80	91	0.643982
80	102	1.30015
80	120	1.17995
80	124	1.23793
80	128	1.18678
80	137	0.551233
80	162	0.587191
80	171	0.51884
80	177	0.584536
81	14	0.563509
81	34	0.44592
81	71	0.638335
81	87	0.534135
81	115	0.579498
81	145	1.20388
81	158	0.607511
81	162	1.24676
81	167	1.29051
81	168	1.22898
81	169	1.24059
81	173	1.25215
81	175	1.25352
81	176	1.249
81	178	1.21101
81	179	1.20814
81	180	1.21546
82	40	1.22524
82	49	1.37576
82	52	1.22524
82	59	1.30778
82	71	1.24602
82	73	1.38569
82	78	1.33168
82	85	1.27776
82	86	1.27336
82	102	1.38117
82	106	1.37029
82	121	0.505081
82	138	0.550902
82	152	0.525251
82	157	0.527586
82	162	0.523318
82	174	0.519289
82	177	0.520662
83	23	1.27392
83	49	0.491684
83	61	1.32092
83	76	1.21391
83	98	1.31987
83	103	1.39025
83	108	1.3382
83	116	1.29205
83	119	1.28293
83	127	1.35321
83	149	0.523352
83	151	1.2926
83	155	1.32214
83	157	0.525165
83	162	0.520897
83	164	0.555958
83	166	0.528446
83	170	0.516063
84	18	1.26231
84	27	1.23831
84	29	0.53204
84	31	1.45632
84	37	1.26357
84	41	0.614874
84	43	1.34955
84	97	1.26686
84	115	1.31826
84	130	1.23348
84	131	1.32371
84	141	1.32412
84	152	0.495675
84	157	0.498009
84	167	0.49288
84	168	0.498998
84	171	1.36352
84	180	0.519104
85	40	1.23173
85	52	1.23173
85	57	1.31742
85	59	1.31427
85	71	1.2525
85	73	1.39218
85	78	1.33816
85	82	1.27776
85	86	1.27984
85	102	1.38765
85	106	1.37677
85	121	0.503666
85	165	0.523356
85	169	0.535376
85	170	0.517069
85	174	0.517875
85	176	0.516576
85	179	0.55819
86	40	1.22732
86	45	0.575959
86	49	1.37784
86	52	1.22732
86	57	1.31301
86	59	1.30986
86	71	1.24809
86	73	1.38777
86	82	1.27336
86	85	1.27984
86	102	1.38325
86	106	1.37236
86	121	0.481723
86	128	0.525616
86	167	0.499099
86	173	0.508391
86	178	0.534375
86	179	0.536247
87	20	0.581969
87	24	0.447658
87	53	1.32784
87	58	1.42247
87	81	0.534135
87	89	1.49615
87	108	1.46765
87	118	1.50767
87	119	1.41238
87	127	1.48265
87	130	1.38347
87	149	0.407938
87	151	1.42204
87	152	1.47767
87	164	0.440544
87	165	0.406936
87	174	0.401455
87	180	0.430845
88	21	1.26867
88	22	0.559299
88	32	1.48012
88	38	1.30478
88	60	1.28532
88	64	1.32033
88	75	1.32672
88	80	1.18925
88	102	1.38015
88	120	1.25995
88	124	1.31793
88	128	1.26678
88	151	0.548412
88	166	0.529061
88	167	0.520651
88	169	0.534986
88	171	0.453162
88	176	0.516185
89	2	0.474253
89	23	1.34022
89	49	0.432531
89	53	1.26469
89	87	1.49615
89	91	0.518535
89	101	0.441072
89	116	1.35835
89	117	1.45064
89	118	1.44453
89	119	1.34923
89	120	1.34183
89	127	1.41951
89	130	1.32032
89	152	1.41453
89	163	0.470514
89	172	0.562997
89	175	0.464002
89	179	0.49803
90	16	1.35904
90	28	1.4928
90	34	1.48954
90	36	1.30892
90	79	1.34239
90	95	1.3796
90	99	1.33289
90	100	1.40562
90	113	1.32808
90	129	0.461561
90	137	0.44056
90	141	1.38182
90	142	1.3793
90	154	0.497408
90	157	0.480787
90	170	0.471685
90	172	0.577772
90	175	0.478777
90	177	0.473864
91	31	0.466183
91	38	0.562936
91	51	0.504471
91	80	0.643982
91	89	0.518535
91	122	0.515846
91	160	0.567361
91	164	1.26069
91	165	1.27678
91	166	1.27868
91	169	1.2743
91	171	1.34586
91	172	1.17686
91	175	1.28723
91	176	1.2827
91	177	1.28118
91	178	1.24471
91	179	1.24185
91	180	1.24917
92	4	1.37266
92	7	1.35174
92	8	1.33237
92	9	0.47504
92	35	1.25335
92	46	1.61893
92	54	1.40415
92	69	1.40645
92	70	1.41989
92	107	1.3921
92	123	1.37947
92	135	0.481981
92	136	1.26889
92	137	0.43757
92	144	0.523483
92	156	0.49846
92	165	0.474981
92	177	0.470873
92	179	0.509814
93	1	1.29142
93	3	1.31784
93	17	1.25081
93	25	1.42703
93	30	1.20693
93	39	1.23597
93	44	1.16037
93	62	1.27732
93	94	1.31249
93	96	1.25607
93	136	1.18013
93	137	0.509792
93	142	1.2836
93	143	0.525316
93	161	0.547129
93	169	0.559223
93	172	0.647004
93	176	0.540423
93	177	0.543095
94	3	1.44698
94	5	0.465258
94	17	1.37996
94	19	0.479458
94	25	1.55617
94	30	1.33607
94	39	1.36511
94	42	0.450984
94	44	1.28951
94	62	1.40646
94	93	1.31249
94	96	1.38522
94	136	1.30928
94	142	1.41275
94	157	0.48898
94	163	0.493483
94	169	0.498185
94	173	0.493143
94	177	0.482057
95	16	1.3639
95	28	1.49766
95	34	1.4944
95	35	1.26515
95	79	1.34726
95	90	1.3796
95	99	1.33775
95	100	1.41048
95	113	1.33294
95	141	1.38668
95	142	1.38416
95	149	0.47512
95	157	0.476933
95	162	0.472665
95	174	0.468637
95	175	0.474923
95	178	0.507079
95	179	0.508951
95	180	0.498027
96	1	1.36415
96	3	1.39057
96	17	1.32354
96	25	1.49975
96	30	1.27966
96	39	1.3087
96	42	0.47002
96	44	1.2331
96	62	1.35005
96	93	1.25607
96	94	1.38522
96	136	1.25286
96	138	0.531332
96	142	1.35633
96	144	0.553703
96	152	0.505681
96	162	0.503747
96	167	0.502886
96	175	0.506006
96	176	0.49842
97	18	1.26984
97	31	1.46385
97	43	1.35709
97	63	1.26432
97	66	1.45176
97	84	1.26686
97	101	0.493442
97	109	0.501246
97	115	1.32579
97	129	1.32552
97	130	1.24101
97	131	1.33124
97	141	1.33165
97	161	0.515492
97	169	0.527586
97	170	0.509279
97	171	1.37105
97	174	0.510085
97	175	0.516371
97	176	0.508786
98	6	1.40633
98	12	1.17949
98	24	0.540874
98	47	1.43926
98	48	1.22284
98	61	1.34038
98	65	1.33381
98	76	1.23337
98	83	1.31987
98	103	1.40971
98	123	1.3687
98	137	1.40463
98	155	1.3416
98	156	0.523631
98	163	0.507469
98	171	0.430348
98	173	0.507129
98	174	0.494671
98	178	0.533113
98	179	0.534985
99	16	1.3172
99	28	1.45095
99	34	1.4477
99	35	1.21845
99	36	1.26707
99	45	0.558164
99	79	1.30055
99	90	1.33289
99	95	1.33775
99	100	1.36377
99	113	1.28623
99	128	0.50782
99	141	1.33998
99	142	1.33745
99	154	0.503054
99	156	0.507096
99	162	0.482165
99	168	0.487421
99	179	0.518451
99	180	0.507527
100	16	1.38992
100	28	1.52368
100	34	1.52042
100	35	1.29117
100	36	1.3398
100	79	1.37328
100	90	1.40562
100	95	1.41048
100	99	1.36377
100	113	1.35896
100	121	0.443689
100	128	0.487582
100	135	0.470379
100	138	0.489511
100	141	1.4127
100	142	1.41018
100	149	0.464381
100	156	0.486858
100	157	0.466194
100	178	0.496341
100	180	0.487289
101	6	0.449943
101	54	0.441973
101	67	0.448957
101	89	0.441072
101	97	0.493442
101	111	0.46528
101	147	0.472804
101	153	0.487735
101	158	0.458188
101	165	1.40942
101	166	1.41131
101	167	1.45686
101	169	1.40694
101	170	1.42329
101	172	1.3095
101	175	1.41987
101	176	1.41534
101	177	1.41382
101	178	1.37735
101	179	1.37449
101	180	1.38181
102	42	0.442344
102	60	1.39623
102	64	1.43124
102	71	1.35591
102	73	1.49559
102	75	1.43763
102	80	1.30015
102	82	1.38117
102	85	1.38765
102	86	1.38325
102	88	1.38015
102	106	1.48018
102	107	0.433757
102	120	1.37085
102	143	0.455637
102	149	0.478526
102	151	0.502971
102	154	0.496961
102	164	0.511133
102	169	0.489545
102	170	0.471237
103	6	1.47672
103	12	1.24988
103	13	1.42997
103	42	0.446198
103	47	1.50965
103	48	1.29322
103	61	1.41076
103	76	1.30375
103	83	1.39025
103	98	1.40971
103	123	1.43909
103	137	1.47501
103	145	0.533408
103	152	0.481859
103	155	1.41198
103	157	0.484194
103	165	0.481378
103	169	0.493399
103	171	0.411575
103	174	0.475897
103	176	0.474598
104	11	0.488697
104	105	1.35508
104	110	1.28016
104	132	1.30916
104	133	1.31454
104	139	1.27826
104	140	1.26376
104	145	0.573124
104	147	1.27424
104	150	1.32306
104	153	1.28978
104	158	1.27675
104	159	1.27968
104	160	1.25974
104	168	0.524898
104	169	0.533115
104	173	0.528072
104	174	1.29579
104	176	0.514315
104	178	0.554056
104	179	0.555929
105	22	0.490342
105	26	1.36207
105	29	0.490855
105	50	0.431283
105	77	1.29141
105	104	1.35508
105	111	1.42496
105	121	1.4323
105	122	1.42262
105	125	1.38666
105	133	1.45542
105	153	1.43066
105	158	1.41763
105	159	1.42056
105	160	1.40062
105	164	0.487617
105	166	0.460104
105	170	0.447722
105	178	0.48697
105	179	0.488842
105	180	0.477918
106	40	1.32425
106	49	1.47477
106	52	1.32425
106	57	1.40995
106	59	1.40679
106	71	1.34502
106	73	1.4847
106	78	1.43069
106	82	1.37029
106	85	1.37677
106	86	1.37236
106	102	1.48018
106	152	0.470542
106	156	0.49354
106	165	0.470061
106	166	0.476157
106	169	0.482081
106	173	0.477038
106	176	0.463281
106	177	0.465953
106	180	0.49397
107	7	1.38299
107	46	1.65018
107	54	1.43539
107	60	0.464841
107	70	1.45114
107	92	1.3921
107	102	0.433757
107	120	0.490488
107	124	0.442412
107	131	0.486097
107	134	0.450745
107	136	1.30014
107	158	0.436544
107	159	0.456238
107	160	0.468255
107	173	1.38553
107	175	1.3869
107	177	1.38086
107	178	1.34439
107	179	1.34153
107	180	1.34885
108	19	0.544753
108	53	1.23619
108	58	1.33083
108	72	1.2875
108	83	1.3382
108	87	1.46765
108	116	1.32985
108	117	1.42214
108	118	1.41602
108	119	1.32073
108	127	1.39101
108	128	0.575663
108	130	1.29182
108	131	1.38204
108	133	0.0193027
108	138	0.577592
108	152	1.38603
108	161	0.551386
108	165	0.55146
108	170	0.545173
108	175	0.552266
108	176	0.54468
109	25	0.422106
109	46	0.401645
109	77	0.548418
109	97	0.501246
109	116	0.512765
109	125	0.47064
109	136	0.51306
109	147	0.480608
109	160	0.497702
109	161	1.36287
109	164	1.34695
109	165	1.36305
109	167	1.41049
109	170	1.37692
109	172	1.26313
109	173	1.37212
109	175	1.3735
109	176	1.36897
109	177	1.36745
109	178	1.33098
109	179	1.32812
109	180	1.33544
110	2	0.504689
110	104	1.28016
110	112	1.31468
110	114	1.42534
110	132	1.37512
110	133	1.38049
110	139	1.34422
110	143	0.471744
110	147	1.34019
110	150	1.38901
110	153	1.35573
110	155	1.34499
110	158	1.3427
110	159	1.34563
110	162	0.492179
110	164	0.52724
110	167	0.491318
110	170	0.487345
110	173	0.500609
110	174	1.36174
110	177	0.489524
110	180	0.517541
111	74	1.27412
111	101	0.46528
111	105	1.42496
111	125	1.31565
111	132	1.37904
111	133	1.38442
111	135	0.494404
111	140	1.33364
111	144	0.535906
111	147	1.34411
111	148	0.573249
111	150	1.39294
111	151	0.51285
111	153	1.35966
111	158	1.34663
111	159	1.34956
111	160	1.32962
111	168	0.491207
111	171	0.4176
111	174	1.36566
111	176	0.480624
111	180	0.511314
112	10	0.502752
112	110	1.31468
112	113	1.28233
112	122	1.31626
112	125	1.2803
112	133	1.34906
112	134	1.31842
112	140	1.29828
112	147	1.30876
112	150	1.35758
112	153	1.3243
112	154	0.5408
112	158	1.31127
112	159	1.3142
112	160	1.29426
112	163	0.528681
112	166	0.52746
112	169	0.533384
112	170	0.515077
112	171	0.45156
112	173	0.528341
112	174	1.33031
112	178	0.554325
113	79	1.29574
113	90	1.32808
113	95	1.33294
113	99	1.28623
113	100	1.35896
113	112	1.28233
113	125	1.27939
113	129	0.491226
113	138	0.533769
113	140	1.29737
113	141	1.33516
113	142	1.33264
113	147	1.30785
113	148	0.593482
113	150	1.35667
113	159	1.31329
113	160	1.29335
113	163	0.514955
113	165	0.507637
113	166	0.513733
113	169	0.519657
113	173	0.514615
113	177	0.503529
114	10	0.441016
114	29	0.496474
114	55	1.39975
114	77	1.29571
114	110	1.42534
114	125	1.39096
114	126	0.522448
114	132	1.45435
114	134	1.42908
114	140	1.40894
114	143	0.437741
114	150	1.46824
114	151	0.485074
114	152	0.460109
114	153	1.43496
114	157	0.462443
114	158	1.42193
114	159	1.42486
114	160	1.40492
114	162	0.458175
114	168	0.463431
114	174	1.44097
114	177	0.45552
115	9	1.3975
115	11	0.419901
115	18	1.32124
115	27	1.29724
115	31	1.51525
115	37	1.3225
115	41	0.571978
115	43	1.40849
115	63	1.31572
115	66	1.50316
115	81	0.579498
115	84	1.31826
115	97	1.32579
115	129	1.37692
115	130	1.29241
115	141	1.38305
115	143	0.430412
115	144	0.500801
115	148	0.538144
115	170	0.446012
115	171	1.42245
115	174	0.446818
115	175	0.453104
115	178	0.48526
116	23	1.26557
116	53	1.19004
116	58	1.28467
116	72	1.24135
116	83	1.29205
116	89	1.35835
116	108	1.32985
116	109	0.512765
116	117	1.37599
116	118	1.36987
116	119	1.27457
116	120	1.26717
116	127	1.34485
116	129	0.510674
116	130	1.24567
116	131	1.33589
116	151	1.28424
116	152	1.33987
116	156	0.550564
116	169	0.539105
116	171	0.457281
116	174	0.521604
116	175	0.52789
116	178	0.560047
116	179	0.561919
116	180	0.550995
117	23	1.35785
117	53	1.28233
117	56	0.575248
117	58	1.37696
117	72	1.33364
117	89	1.45064
117	108	1.42214
117	116	1.37599
117	118	1.46216
117	119	1.36686
117	120	1.35946
117	127	1.43714
117	130	1.33795
117	131	1.42818
117	135	0.473501
117	143	0.444614
117	144	0.515003
117	149	0.467503
117	151	1.37653
117	152	1.43216
117	163	0.473818
117	167	0.464187
117	175	0.467306
117	176	0.459721
117	177	0.462393
117	178	0.499462
118	22	0.502956
118	23	1.35174
118	53	1.27621
118	58	1.37085
118	72	1.32752
118	87	1.50767
118	89	1.44453
118	108	1.41602
118	116	1.36987
118	117	1.46216
118	119	1.36075
118	120	1.35334
118	126	0.529443
118	127	1.43103
118	130	1.33184
118	148	0.552467
118	151	1.37041
118	152	1.42605
118	162	0.46517
118	164	0.500231
118	165	0.466622
118	167	0.464308
118	171	0.396818
118	174	0.461141
118	177	0.462514
118	179	0.501456
119	5	0.490505
119	23	1.25644
119	53	1.18092
119	72	1.23222
119	83	1.28293
119	87	1.41238
119	89	1.34923
119	108	1.32073
119	116	1.27457
119	117	1.36686
119	118	1.36075
119	120	1.25805
119	127	1.33573
119	130	1.23654
119	131	1.32677
119	151	1.27512
119	152	1.33075
119	157	0.514226
119	161	0.511337
119	168	0.515215
119	172	0.611212
119	173	0.518389
119	174	0.50593
119	178	0.544373
119	179	0.546245
119	180	0.535321
120	2	0.545312
120	38	1.29548
120	64	1.31103
120	75	1.31742
120	80	1.17995
120	88	1.25995
120	89	1.34183
120	102	1.37085
120	107	0.490488
120	116	1.26717
120	117	1.35946
120	118	1.35334
120	119	1.25805
120	121	0.514565
120	124	1.30862
120	127	1.32833
120	128	1.25748
120	151	1.26771
120	152	1.32335
120	161	0.534181
120	166	0.540351
120	168	0.538059
120	170	0.527968
120	174	0.528774
120	175	0.535061
120	176	0.527475
121	31	0.391155
121	44	0.532576
121	53	0.554071
121	69	0.44828
121	76	0.56144
121	82	0.505081
121	85	0.503666
121	86	0.481723
121	100	0.443689
121	105	1.4323
121	120	0.514565
121	123	0.453387
121	147	1.35146
121	150	1.40028
121	153	1.367
121	158	1.35397
121	159	1.3569
121	160	1.33696
121	172	1.24918
121	173	1.35818
121	174	1.373
121	175	1.35955
121	176	1.35503
121	177	1.35351
121	178	1.31704
121	179	1.31417
121	180	1.32149
122	22	0.496841
122	26	1.28873
122	56	0.569254
122	91	0.515846
122	105	1.42262
122	112	1.31626
122	125	1.31331
122	132	1.3767
122	133	1.38208
122	134	1.35143
122	139	1.3458
122	140	1.33129
122	144	0.50901
122	147	1.34177
122	150	1.39059
122	153	1.35731
122	158	1.34429
122	159	1.34721
122	160	1.32728
122	161	0.460434
122	163	0.467825
122	166	0.466603
122	172	0.560308
122	174	1.36332
122	177	0.4564
122	179	0.495341
122	180	0.484417
123	4	1.39127
123	7	1.37035
123	12	1.20887
123	29	0.509923
123	46	1.63754
123	50	0.450352
123	54	1.42276
123	65	1.36318
123	69	1.42506
123	70	1.4385
123	76	1.26274
123	92	1.37947
123	98	1.3687
123	103	1.43909
123	121	0.453387
123	135	0.480077
123	136	1.2875
123	137	1.434
123	143	0.45119
123	155	1.37097
123	156	0.496556
123	164	0.506685
123	165	0.473077
123	166	0.479173
123	175	0.473883
123	179	0.507911
124	20	0.661213
124	21	1.31735
124	32	1.52879
124	60	1.334
124	75	1.3754
124	80	1.23793
124	88	1.31793
124	107	0.442412
124	120	1.30862
124	128	1.31546
124	134	1.3601
124	139	1.35446
124	140	1.33996
124	145	0.538209
124	150	1.39926
124	152	0.48666
124	153	1.36598
124	158	1.35295
124	159	1.35588
124	160	1.33594
124	163	0.493497
124	166	0.492275
124	167	0.483866
124	169	0.4982
124	171	0.416376
124	173	0.493157
124	175	0.486985
125	15	1.34971
125	20	0.659994
125	68	1.2472
125	105	1.38666
125	109	0.47064
125	111	1.31565
125	112	1.2803
125	113	1.27939
125	114	1.39096
125	122	1.31331
125	126	0.547781
125	133	1.34611
125	134	1.31547
125	139	1.30984
125	147	1.30581
125	148	0.570805
125	153	1.32135
125	158	1.30832
125	159	1.31125
125	160	1.29132
125	166	0.491056
125	168	0.488764
125	169	0.496981
125	170	0.478673
125	173	0.491938
125	174	1.32736
125	176	0.47818
125	178	0.517922
126	44	0.615086
126	51	0.511953
126	54	0.526917
126	55	0.56669
126	66	0.482779
126	79	0.515559
126	114	0.522448
126	118	0.529443
126	125	0.547781
126	130	0.570958
126	161	1.27686
126	162	1.28073
126	163	1.29795
126	164	1.26095
126	166	1.27894
126	167	1.32448
126	168	1.26295
126	169	1.27456
126	170	1.29091
126	172	1.17712
126	173	1.28612
126	175	1.28749
126	176	1.28297
126	177	1.28145
126	178	1.24498
126	179	1.24211
126	180	1.24943
127	23	1.32672
127	45	0.544084
127	53	1.2512
127	58	1.34583
127	72	1.3025
127	83	1.35321
127	87	1.48265
127	89	1.41951
127	108	1.39101
127	116	1.34485
127	117	1.43714
127	118	1.43103
127	119	1.33573
127	120	1.32833
127	129	0.453127
127	130	1.30682
127	131	1.39705
127	144	0.51804
127	146	0.507995
127	151	1.3454
127	152	1.40103
127	163	0.476855
127	170	0.463251
127	172	0.569338
127	173	0.476515
127	174	0.464057
127	175	0.470343
127	177	0.46543
127	179	0.504371
128	1	0.517567
128	14	0.460512
128	21	1.2662
128	26	0.549602
128	32	1.47765
128	38	1.30231
128	60	1.28286
128	75	1.32425
128	80	1.18678
128	86	0.525616
128	88	1.26678
128	99	0.50782
128	100	0.487582
128	108	0.575663
128	120	1.25748
128	124	1.31546
128	131	0.554068
128	133	0.542665
128	158	0.504515
128	160	0.536225
128	163	1.31784
128	169	1.29445
128	172	1.19701
128	173	1.30601
128	175	1.30738
128	177	1.30134
128	178	1.26487
128	179	1.26201
128	180	1.26933
129	16	0.46928
129	31	1.51498
129	37	1.32223
129	51	0.432722
129	59	0.499723
129	66	1.50289
129	90	0.461561
129	97	1.32552
129	113	0.491226
129	115	1.37692
129	116	0.510674
129	127	0.453127
129	130	1.29214
129	131	1.38237
129	139	0.482746
129	140	0.462155
129	153	0.493448
129	155	0.496795
129	160	0.495611
129	167	1.40055
129	171	1.42218
129	172	1.25319
129	173	1.36218
129	175	1.36356
129	176	1.35903
129	177	1.35751
129	178	1.32104
129	179	1.31818
129	180	1.3255
130	5	0.487231
130	9	1.31272
130	23	1.22753
130	24	0.54886
130	27	1.21246
130	56	0.616884
130	84	1.23348
130	87	1.38347
130	89	1.32032
130	97	1.24101
130	108	1.29182
130	115	1.29241
130	116	1.24567
130	117	1.33795
130	118	1.33184
130	119	1.23654
130	126	0.570958
130	127	1.30682
130	129	1.29214
130	131	1.29786
130	141	1.29827
130	162	0.506685
130	164	0.541746
130	171	1.33767
130	174	0.502656
130	175	0.508943
130	177	0.504029
130	178	0.541099
130	179	0.542971
131	18	1.32669
131	63	1.32116
131	66	1.50861
131	72	1.29354
131	84	1.32371
131	97	1.33124
131	107	0.486097
131	108	1.38204
131	116	1.33589
131	117	1.42818
131	119	1.32677
131	127	1.39705
131	128	0.554068
131	129	1.38237
131	130	1.29786
131	141	1.3885
131	149	0.530867
131	151	1.33643
131	152	1.39207
131	153	0.00372151
131	154	0.549301
131	157	0.53268
131	162	0.528412
131	166	0.535961
131	171	1.4279
131	176	0.523085
131	177	0.525757
131	178	0.562826
131	179	0.564699
132	13	1.39198
132	67	1.44842
132	74	1.2992
132	104	1.30916
132	110	1.37512
132	111	1.37904
132	114	1.45435
132	122	1.3767
132	133	1.4095
132	134	1.37886
132	137	0.425065
132	139	1.37322
132	140	1.35872
132	144	0.510978
132	146	0.500933
132	147	1.3692
132	148	0.548321
132	152	0.462957
132	153	1.38474
132	158	1.37171
132	159	1.37464
132	160	1.3547
132	164	0.496084
132	167	0.460162
132	172	0.562276
132	173	0.469454
132	174	1.39074
132	176	0.455696
132	177	0.458368
132	179	0.49731
132	180	0.486386
133	67	1.4538
133	77	1.25087
133	104	1.31454
133	105	1.45542
133	108	0.0193027
133	110	1.38049
133	111	1.38442
133	112	1.34906
133	122	1.38208
133	125	1.34611
133	128	0.542665
133	132	1.4095
133	134	1.38423
133	139	1.3786
133	140	1.36409
133	143	0.496575
133	144	0.566965
133	150	1.42339
133	153	1.39011
133	158	1.37709
133	160	1.36008
133	161	0.518389
133	164	0.552071
133	167	0.516149
133	171	0.448659
133	173	0.52544
133	174	1.39612
133	175	0.519268
133	176	0.511683
133	179	0.553296
133	180	0.542372
134	15	1.38782
134	19	0.487805
134	33	0.522257
134	68	1.28532
134	77	1.22022
134	107	0.450745
134	112	1.31842
134	114	1.42908
134	122	1.35143
134	124	1.3601
134	125	1.31547
134	132	1.37886
134	133	1.38423
134	138	0.520644
134	140	1.33345
134	143	0.472625
134	144	0.543014
134	147	1.34393
134	150	1.39275
134	152	0.494993
134	153	1.35947
134	155	1.34873
134	157	0.497327
134	158	1.34644
134	159	1.34937
134	160	1.32944
134	163	0.50183
134	168	0.498315
134	174	1.36548
134	175	0.495317
134	177	0.490404
134	178	0.527474
135	14	0.44331
135	60	0.515608
135	63	0.523265
135	67	0.478081
135	74	0.534794
135	92	0.481981
135	100	0.470379
135	111	0.494404
135	117	0.473501
135	123	0.480077
135	141	0.479244
135	156	1.3272
135	158	0.487312
135	159	0.507005
135	161	1.35441
135	162	1.35828
135	163	1.37549
135	164	1.33849
135	165	1.35459
135	166	1.35648
135	167	1.40203
135	168	1.34049
135	169	1.3521
135	170	1.36846
135	172	1.25466
135	173	1.36366
135	175	1.36503
135	176	1.36051
135	177	1.35899
135	178	1.32252
135	179	1.31965
135	180	1.32697
136	1	1.28821
136	3	1.31463
136	4	1.28069
136	8	1.2404
136	17	1.2476
136	30	1.20372
136	39	1.23276
136	44	1.15716
136	46	1.52696
136	54	1.31218
136	62	1.27411
136	69	1.31448
136	70	1.32792
136	92	1.26889
136	93	1.18013
136	94	1.30928
136	96	1.25286
136	107	1.30014
136	109	0.51306
136	123	1.2875
136	142	1.28039
136	148	0.613224
136	149	0.528382
136	156	0.550859
136	168	0.531183
136	170	0.521093
136	172	0.62718
136	173	0.534357
136	174	0.521899
136	175	0.528185
136	176	0.5206
136	177	0.523272
137	6	1.47163
137	17	0.483086
137	27	0.481268
137	48	1.28814
137	61	1.40568
137	63	0.478854
137	65	1.39911
137	72	0.505679
137	76	1.29867
137	80	0.551233
137	90	0.44056
137	92	0.43757
137	93	0.509792
137	98	1.40463
137	103	1.47501
137	123	1.434
137	132	0.425065
137	139	0.461746
137	141	0.434833
137	150	0.433049
137	155	1.4069
137	158	0.442901
137	159	0.462594
137	168	1.38566
137	169	1.39727
137	172	1.29982
137	173	1.40882
137	175	1.41019
137	176	1.40567
137	177	1.40415
137	178	1.36768
137	179	1.36482
137	180	1.37214
138	21	0.300934
138	37	0.508033
138	62	0.522236
138	67	0.497212
138	69	0.494102
138	71	0.537268
138	82	0.550902
138	96	0.531332
138	100	0.489511
138	108	0.577592
138	113	0.533769
138	134	0.520644
138	156	1.29949
138	157	1.32649
138	159	0.526137
138	161	1.3267
138	162	1.33057
138	163	1.34778
138	164	1.31078
138	165	1.32688
138	166	1.32877
138	167	1.37432
138	168	1.31279
138	169	1.32439
138	170	1.34075
138	172	1.22695
138	173	1.33595
138	175	1.33732
138	176	1.3328
138	177	1.33128
138	178	1.29481
138	179	1.29194
138	180	1.29926
139	26	1.28525
139	51	1.3991
139	55	1.31863
139	68	1.27969
139	77	1.21459
139	104	1.27826
139	110	1.34422
139	122	1.3458
139	124	1.35446
139	125	1.30984
139	129	0.482746
139	132	1.37322
139	133	1.3786
139	137	0.461746
139	140	1.32782
139	147	1.33829
139	150	1.38712
139	152	0.499638
139	153	1.35384
139	154	0.518594
139	155	1.3431
139	158	1.34081
139	159	1.34374
139	160	1.3238
139	161	0.499083
139	164	0.532766
139	166	0.505253
139	169	0.511178
139	171	0.429353
139	172	0.598958
139	174	1.35984
139	177	0.495049
139	178	0.532119
139	179	0.533991
139	180	0.523067
140	41	0.598246
140	56	0.587313
140	67	1.40301
140	68	1.26518
140	104	1.26376
140	111	1.33364
140	112	1.29828
140	113	1.29737
140	114	1.40894
140	122	1.33129
140	124	1.33996
140	129	0.462155
140	132	1.35872
140	133	1.36409
140	134	1.33345
140	139	1.32782
140	146	0.517023
140	147	1.32379
140	149	0.479568
140	150	1.37261
140	151	0.504012
140	152	0.479047
140	153	1.33933
140	154	0.498002
140	155	1.32859
140	158	1.3263
140	159	1.32923
140	160	1.3093
140	163	0.485884
140	164	0.512174
140	173	0.485544
140	174	1.34534
140	175	0.479371
140	178	0.511528
140	179	0.5134
141	16	1.36613
141	18	1.3271
141	24	0.512967
141	27	1.3031
141	34	1.49663
141	36	1.316
141	43	1.41434
141	63	1.32157
141	66	1.50902
141	79	1.34948
141	84	1.32412
141	90	1.38182
141	95	1.38668
141	97	1.33165
141	99	1.33998
141	100	1.4127
141	113	1.33516
141	115	1.38305
141	130	1.29827
141	131	1.3885
141	135	0.479244
141	137	0.434833
141	142	1.38638
141	144	0.520747
141	145	0.524274
141	148	0.558089
141	162	0.470792
141	163	0.479562
141	166	0.47834
141	169	0.484265
141	171	1.42831
141	174	0.466763
141	175	0.47305
141	176	0.465464
141	177	0.468136
141	179	0.507078
142	1	1.39168
142	3	1.4181
142	17	1.35107
142	25	1.52728
142	28	1.49736
142	30	1.30719
142	34	1.4941
142	35	1.26485
142	44	1.26063
142	50	0.453887
142	62	1.37758
142	79	1.34696
142	90	1.3793
142	93	1.2836
142	94	1.41275
142	95	1.38416
142	96	1.35633
142	99	1.33745
142	100	1.41018
142	113	1.33264
142	136	1.28039
142	141	1.38638
142	143	0.454725
142	151	0.502058
142	154	0.496048
