1	56	0.841975
1	100	1.63588
1	113	0.800686
1	114	1.73229
1	132	1.4281
1	154	0.79727
1	163	0.793867
1	172	0.79368
1	175	0.799399
1	176	0.782756
1	178	0.796365
1	179	0.794001
2	71	0.786334
2	84	1.67545
2	123	0.804781
2	129	0.816938
2	131	0.815389
2	138	0.782705
2	161	0.810211
2	162	0.799015
2	169	1.53809
2	170	0.797472
2	176	1.59013
2	177	0.787155
3	43	1.54036
3	56	0.844886
3	137	0.758589
3	159	0.802975
3	162	1.57471
3	169	0.812791
3	171	1.68131
3	172	0.796592
3	175	0.80231
3	176	0.785668
3	178	0.799276
3	179	0.796913
4	89	1.60048
4	130	1.61162
4	131	0.820062
4	138	0.787378
4	149	0.798517
4	158	0.77782
4	161	0.814884
4	166	0.803585
4	170	0.802145
4	174	0.803781
4	176	1.58992
4	177	0.791828
5	28	1.70356
5	70	0.891066
5	120	1.05108
5	154	0.906824
5	156	0.88162
5	159	0.909618
5	160	0.981627
5	165	0.909086
5	167	1.06025
5	176	0.892311
5	178	0.905919
5	179	0.903556
6	27	0.988602
6	42	0.891307
6	47	0.869569
6	63	0.847893
6	101	0.894719
6	103	0.94392
6	115	0.907213
6	125	0.929835
6	126	0.915545
6	168	1.02561
6	173	1.20582
6	180	1.5991
7	50	1.54042
7	93	0.796356
7	98	0.804439
7	120	0.785429
7	130	0.782681
7	132	0.810266
7	140	0.818187
7	144	0.799953
7	157	0.797611
7	168	0.805078
7	172	1.62136
7	176	1.64145
8	28	1.64181
8	38	0.866406
8	50	0.795774
8	75	1.16668
8	119	0.873853
8	121	0.924562
8	132	0.910429
8	133	0.895342
8	139	0.913283
8	140	0.918351
8	146	1.19625
8	157	0.897775
9	39	1.24967
9	52	0.998942
9	122	0.860326
9	129	0.924633
9	151	0.891375
9	153	1.41534
9	160	0.891811
9	162	0.906711
9	170	0.905168
9	171	0.913172
9	174	0.906804
9	176	1.14209
10	23	0.815803
10	123	0.804414
10	129	0.81657
10	134	0.796686
10	136	1.5609
10	152	0.778784
10	163	1.59379
10	165	1.6489
10	170	0.797105
10	171	0.805109
10	174	0.798741
10	177	0.786788
11	16	0.92322
11	17	0.938179
11	64	0.906715
11	69	0.873631
11	87	0.906813
11	89	0.859291
11	90	0.898901
11	111	0.89325
11	146	0.709051
11	168	1.11722
11	173	1.29743
11	180	1.69071
12	35	0.883264
12	102	0.899556
12	109	1.27162
12	110	0.915499
12	140	1.07879
12	147	0.855581
12	161	1.20373
12	164	0.920138
12	174	1.24255
12	176	0.900369
12	178	0.913978
12	179	0.911615
13	141	0.786195
13	143	0.764427
13	149	0.803939
13	166	0.809007
13	167	0.806842
13	169	1.58104
13	170	0.807567
13	171	0.815571
13	174	0.809203
13	176	1.63308
13	177	0.797249
13	178	1.58958
14	54	1.08772
14	116	0.893603
14	118	1.23353
14	144	1.24482
14	149	1.22929
14	156	0.879123
14	164	0.909583
14	169	0.916938
14	175	0.906457
14	176	0.889814
14	178	0.903423
14	179	0.901059
15	34	0.877321
15	64	1.49427
15	65	0.804417
15	112	0.791792
15	121	0.811579
15	132	0.797446
15	133	0.78236
15	139	0.8003
15	144	0.787134
15	160	1.6301
15	171	1.67405
15	173	0.747652
16	11	0.92322
16	21	0.896529
16	69	0.879717
16	73	0.890249
16	87	0.912899
16	90	0.904986
16	94	0.893065
16	111	0.899336
16	141	1.10555
16	168	0.986392
16	173	1.16661
16	180	1.55988
17	11	0.938179
17	69	0.894676
17	76	0.842701
17	81	0.88201
17	87	0.927858
17	89	0.880336
17	90	0.919946
17	108	1.06112
17	111	0.914295
17	141	1.08085
17	173	1.1419
17	180	1.53518
18	69	0.779516
18	82	2.07337
18	83	0.769426
18	87	0.812698
18	111	0.799135
18	117	1.11905
18	140	0.819299
18	142	0.819055
18	157	0.798723
18	174	1.60141
18	175	0.802591
18	178	0.799557
19	30	1.53637
19	96	1.6741
19	142	0.818334
19	155	0.785759
19	160	1.58646
19	164	0.804996
19	169	0.812351
19	172	0.796152
19	175	0.80187
19	176	0.785228
19	178	0.798837
19	179	0.796473
20	95	1.18444
20	100	0.842529
20	124	0.873919
20	149	0.872365
20	162	0.877535
20	164	1.36062
20	167	0.875268
20	169	1.31388
20	171	0.883997
20	172	1.34583
20	173	0.831085
20	174	0.877629
20	177	0.865675
21	16	0.896529
21	36	1.51722
21	38	0.834779
21	65	1.32125
21	73	0.857472
21	103	0.945258
21	111	0.866559
21	119	1.412
21	170	0.873915
21	174	0.875551
21	177	0.863598
21	178	0.866981
21	179	0.864617
22	108	0.858478
22	124	0.866291
22	128	0.847283
22	129	0.88783
22	147	1.43756
22	159	1.22234
22	167	0.86764
22	168	0.868063
22	169	1.21501
22	171	0.876368
22	174	0.870001
22	177	0.858047
22	179	1.33025
23	10	0.815803
23	67	1.26049
23	77	1.14906
23	123	0.910085
23	138	0.888009
23	142	1.3689
23	145	0.864022
23	152	0.884455
23	158	0.878451
23	173	0.857868
23	174	0.904412
23	179	1.42643
23	180	0.796895
24	36	1.25935
24	100	0.852399
24	109	0.874793
24	148	1.29534
24	149	0.882235
24	155	1.40632
24	156	1.2416
24	158	0.861538
24	161	0.898602
24	162	0.887406
24	174	0.887499
24	177	0.875546
24	180	0.779982
25	106	0.829481
25	134	0.878681
25	138	0.864332
25	148	1.33851
25	158	0.854774
25	160	0.865742
25	163	1.24194
25	167	0.878374
25	170	0.879099
25	174	0.880735
25	176	1.28056
25	177	0.868782
25	179	1.34376
26	56	1.32943
26	80	1.16769
26	96	0.861937
26	116	1.33501
26	118	0.861113
26	161	0.894175
26	166	0.882876
26	167	0.880712
26	171	0.88944
26	174	0.883073
26	175	1.37336
26	177	0.871119
26	180	0.775555
27	6	0.988602
27	42	1.34248
27	72	0.924677
27	101	1.44353
27	103	1.4128
27	130	0.849006
27	144	0.866278
27	155	0.851692
27	157	0.863936
27	160	0.858346
27	163	0.862272
27	177	0.861387
27	179	0.862406
28	5	1.70356
28	8	1.64181
28	54	0.815665
28	95	1.85572
28	107	0.748765
28	123	0.790317
28	129	0.802473
28	131	0.800924
28	145	0.744254
28	151	0.769214
28	152	0.764686
28	171	0.791011
28	177	0.77269
29	43	0.754855
29	64	0.791095
29	109	0.773916
29	116	1.72539
29	128	0.763904
29	136	1.72508
29	161	0.797724
29	162	0.786528
29	166	0.786426
29	167	0.784261
29	174	0.786622
29	177	0.774669
29	178	1.75308
30	19	1.53637
30	37	0.848839
30	128	0.863644
30	150	0.81351
30	158	0.860401
30	160	0.871369
30	161	0.897465
30	167	0.884001
30	169	1.21315
30	174	0.886362
30	175	1.23235
30	177	0.874409
30	178	1.22168
31	33	0.861786
31	40	1.39538
31	85	1.29828
31	112	0.890768
31	119	0.859845
31	120	0.871585
31	130	0.868837
31	132	0.896422
31	133	0.881335
31	157	0.883767
31	170	1.27334
31	174	1.23304
31	180	0.785654
32	50	0.911686
32	123	1.25689
32	148	0.869771
32	156	0.850193
32	164	0.880652
32	169	0.888007
32	170	1.31742
32	174	1.27711
32	175	0.877526
32	177	1.34414
32	178	0.874492
32	179	0.872128
32	180	0.775545
33	31	0.861786
33	42	0.835445
33	57	0.809123
33	58	0.880253
33	65	0.866186
33	119	0.82264
33	139	0.86207
33	144	0.848904
33	146	1.75522
33	151	1.46376
33	157	0.846562
33	168	0.854028
33	177	1.53911
33	180	0.748449
34	15	0.877321
34	58	0.994763
34	76	1.46734
34	78	0.919576
34	93	0.959816
34	96	0.958087
34	119	0.93715
34	144	0.963414
34	146	1.14681
34	153	1.1206
34	157	0.961071
34	173	0.923931
34	179	0.910555
34	180	0.862958
35	12	0.883264
35	104	1.43324
35	116	0.829676
35	122	1.41412
35	143	1.4206
35	156	0.815196
35	158	1.32768
35	163	0.836998
35	169	0.853011
35	172	0.836811
35	175	0.84253
35	176	0.825887
35	178	0.839496
35	179	0.837132
36	21	1.51722
36	24	1.25935
36	61	0.870821
36	72	1.19512
36	78	0.809269
36	81	1.63138
36	83	0.821467
36	93	0.849509
36	121	0.877552
36	133	0.848333
36	140	0.871341
36	150	0.787317
36	157	0.850765
36	173	0.813625
37	30	0.848839
37	43	0.81806
37	124	0.846117
37	134	0.847773
37	149	0.844563
37	156	1.40111
37	159	1.35218
37	164	1.3916
37	167	0.847467
37	171	0.856195
37	173	0.803283
37	174	0.849828
37	177	0.837874
37	179	1.46009
38	8	0.866406
38	21	0.834779
38	82	1.71017
38	90	0.843237
38	111	0.837586
38	128	1.3683
38	130	0.822244
38	132	0.849829
38	159	0.841707
38	164	0.844168
38	170	1.27851
38	174	1.23821
38	176	0.824399
38	179	0.835644
39	9	1.24967
39	86	1.69144
39	94	1.4033
39	113	0.846389
39	127	0.835215
39	135	0.833256
39	140	1.25234
39	155	0.82899
39	165	0.845235
39	169	0.855583
39	175	0.845102
39	176	0.828459
39	178	0.842068
39	179	0.839704
40	31	1.39538
40	65	1.29685
40	94	1.47437
40	116	0.829016
40	142	0.858334
40	154	0.839741
40	162	1.43127
40	165	0.842003
40	169	0.852351
40	172	0.836151
40	175	0.84187
40	176	0.825227
40	178	0.838836
40	179	0.836472
41	55	0.895094
41	62	0.860177
41	63	0.771817
41	97	0.848146
41	101	0.818643
41	103	0.867844
41	105	0.809136
41	117	0.835915
41	125	0.853759
41	126	0.839469
41	150	1.45748
41	168	1.13583
41	173	1.31604
41	180	1.70932
42	6	0.891307
42	27	1.34248
42	33	0.835445
42	47	0.790568
42	59	0.843683
42	97	0.845221
42	101	0.815718
42	103	0.86492
42	108	1.47891
42	115	0.828213
42	117	0.832991
42	125	0.850835
42	126	0.836545
42	180	1.95297
43	3	1.54036
43	29	0.754855
43	37	0.81806
43	92	0.866681
43	138	0.83918
43	151	0.840154
43	153	1.49151
43	155	1.3872
43	161	0.866685
43	167	0.853222
43	171	0.861951
43	174	0.855583
43	175	1.18543
43	177	0.84363
44	93	1.54317
44	97	0.929727
44	129	1.54331
44	136	0.828116
44	142	0.859524
44	154	0.840932
44	159	0.843725
44	161	1.57633
44	165	0.843193
44	172	0.837342
44	175	0.84306
44	176	0.826418
44	178	0.840027
44	179	0.837663
45	52	0.967847
45	110	1.06198
45	114	0.883898
45	124	0.939966
45	127	1.14066
45	134	0.941621
45	137	1.36745
45	138	0.927273
45	149	0.938412
45	162	0.943582
45	166	0.94348
45	171	0.950044
45	177	0.931723
45	178	1.06748
46	61	0.855598
46	75	1.36873
46	88	1.75708
46	93	0.834286
46	112	0.842542
46	120	0.823359
46	130	0.820612
46	139	0.85105
46	140	0.856118
46	144	0.837884
46	146	1.3983
46	157	0.835542
46	161	1.07635
46	168	0.843008
47	6	0.869569
47	42	0.790568
47	55	0.870432
47	63	0.747154
47	97	0.823483
47	101	0.79398
47	103	0.843182
47	115	0.806475
47	117	0.811253
47	125	0.829097
47	126	0.814807
47	155	0.911429
47	168	1.4501
47	173	1.63032
47	180	2.02359
48	82	0.755396
48	95	1.42322
48	121	1.44697
48	124	0.841581
48	158	0.81933
48	160	0.830298
48	167	0.84293
48	170	0.843655
48	171	0.851659
48	173	0.798747
48	174	0.845291
48	175	1.57185
48	177	0.833338
48	178	1.56118
48	180	0.737774
49	105	1.58073
49	148	0.82569
49	149	1.46844
49	153	0.819941
49	156	0.806111
49	162	1.41148
49	163	0.827913
49	164	0.836571
49	169	0.843926
49	172	0.827726
49	175	0.833445
49	176	0.816802
49	177	1.53441
49	178	0.830411
49	180	0.731464
50	7	1.54042
50	8	0.795774
50	32	0.911686
50	118	1.21277
50	124	1.18983
50	147	0.849007
50	156	0.883105
50	163	0.904907
50	164	0.913564
50	165	0.910571
50	169	0.920919
50	171	1.25818
50	176	0.893796
50	178	0.907404
50	179	0.905041
51	110	1.51659
51	118	0.815334
51	131	0.853573
51	134	0.835238
51	140	1.41817
51	145	0.796903
51	162	0.837199
51	167	0.834932
51	171	0.843661
51	172	1.54551
51	173	0.790749
51	174	0.837293
51	177	0.82534
51	178	1.52209
51	180	0.729776
52	9	0.998942
52	45	0.967847
52	82	1.63732
52	100	1.23735
52	135	0.910282
52	147	0.860696
52	154	0.919999
52	156	0.894794
52	163	0.916596
52	164	0.925254
52	166	1.15415
52	172	0.916409
52	178	0.919094
52	179	0.91673
52	180	0.820147
53	93	1.10285
53	155	0.887138
53	159	0.903915
53	164	0.906376
53	165	0.903383
53	166	1.16362
53	167	1.26022
53	169	0.913731
53	171	1.22554
53	172	0.897531
53	175	0.90325
53	176	0.886607
53	177	1.24186
53	178	0.900216
53	179	0.897852
54	14	1.08772
54	28	0.815665
54	104	0.87686
54	129	0.936201
54	151	0.902943
54	153	1.44124
54	158	0.89241
54	160	0.903378
54	161	0.929474
54	162	0.918278
54	163	1.12937
54	169	1.11595
54	174	0.918372
54	177	0.906418
54	179	1.23119
55	41	0.895094
55	47	0.870432
55	59	0.923546
55	63	0.848756
55	101	0.895582
55	108	1.10969
55	115	0.908077
55	117	0.912854
55	125	0.930698
55	126	0.916408
55	141	1.12942
55	146	0.898552
55	168	1.01026
55	173	1.19048
55	180	1.58375
56	1	0.841975
56	3	0.844886
56	26	1.32943
56	126	0.838995
56	135	0.907008
56	145	1.40918
56	151	1.22341
56	161	1.19292
56	163	0.913322
56	169	0.929335
56	172	0.913135
56	175	0.918854
56	176	0.902211
56	178	0.91582
56	179	0.913456
57	33	0.809123
57	71	0.827733
57	83	0.801806
57	117	0.82367
57	122	0.794029
57	125	0.841514
57	126	0.827224
57	135	1.64613
57	145	0.800118
57	159	1.43433
57	166	0.840312
57	173	0.793964
57	174	0.840508
57	175	1.4462
57	176	1.47904
58	33	0.880253
58	34	0.994763
58	66	1.16297
58	86	1.40706
58	92	1.10858
58	121	0.929022
58	130	0.887304
58	132	0.914889
58	139	0.917742
58	144	0.904576
58	149	1.13277
58	157	0.902234
58	171	1.18242
58	173	0.865094
58	180	0.804121
59	42	0.843683
59	55	0.923546
59	62	0.888628
59	97	0.876598
59	101	0.847095
59	103	0.896296
59	115	0.85959
59	117	0.864367
59	125	0.882211
59	126	0.867921
59	146	0.850065
59	150	1.53211
59	168	1.21045
59	173	1.39066
59	176	0.502834
59	180	1.78394
60	70	0.795745
60	114	1.74392
60	151	1.56719
60	156	0.786299
60	159	0.814297
60	162	1.51962
60	164	0.816758
60	165	0.813765
60	166	1.56431
60	169	0.824113
60	172	0.807914
60	175	0.813633
60	176	0.79699
60	178	0.810599
60	179	0.808235
60	180	0.711652
61	36	0.870821
61	46	0.855598
61	75	1.34692
61	86	1.36872
61	96	1.18778
61	119	0.864677
61	120	0.876416
61	121	0.915386
61	122	0.851524
61	130	0.873668
61	132	0.901253
61	137	1.3335
61	139	0.904107
61	168	0.896065
61	177	1.16039
61	180	0.790486
62	41	0.860177
62	59	0.888628
62	63	0.813838
62	97	0.890167
62	101	0.860664
62	103	0.909865
62	115	0.873159
62	117	0.877936
62	122	0.848295
62	125	0.89578
62	126	0.88149
62	157	0.786064
62	164	0.684061
62	168	1.39697
62	173	1.57718
62	180	1.97046
63	6	0.847893
63	41	0.771817
63	47	0.747154
63	55	0.848756
63	62	0.813838
63	97	0.801807
63	101	0.772304
63	103	0.821506
63	115	0.784799
63	117	0.789576
63	125	0.80742
63	126	0.793131
63	150	1.98996
63	168	1.6683
63	169	0.908647
63	173	1.84852
64	11	0.906715
64	15	1.49427
64	29	0.791095
64	66	0.884775
64	69	0.863212
64	90	0.888482
64	98	1.25874
64	129	0.909652
64	137	0.842566
64	139	1.15686
64	144	1.21233
64	153	0.872783
64	157	1.27614
64	170	0.890187
64	176	0.869644
64	179	0.880889
65	15	0.804417
65	21	1.32125
65	33	0.866186
65	40	1.29685
65	75	1.38806
65	76	1.73817
65	112	0.895168
65	117	0.652151
65	132	0.900822
65	133	0.885735
65	140	0.908743
65	141	0.874564
65	144	0.890509
65	157	0.888167
65	168	0.895634
65	180	0.790054
66	58	1.16297
66	64	0.884775
66	72	0.931638
66	73	1.30433
66	96	0.859166
66	106	0.829047
66	107	0.844424
66	128	0.857584
66	164	1.33446
66	166	0.880106
66	167	0.877941
66	171	0.88667
66	174	0.880302
66	175	1.30692
66	177	0.868348
66	178	1.29625
67	23	1.26049
67	93	0.880438
67	107	1.42266
67	112	0.888694
67	119	0.857771
67	121	0.90848
67	122	0.844618
67	133	0.879261
67	140	0.902269
67	144	0.884035
67	157	0.881693
67	163	1.15083
67	167	1.29115
67	168	0.88916
67	177	1.27279
67	180	0.78358
68	102	0.839217
68	118	1.34537
68	124	1.32243
68	143	1.48624
68	144	1.35666
68	154	0.854545
68	155	0.840562
68	156	0.82934
68	162	1.28418
68	164	0.8598
68	165	0.856806
68	169	0.867155
68	172	0.850955
68	175	0.856674
68	176	0.840031
68	178	0.85364
68	179	0.851276
69	11	0.873631
69	16	0.879717
69	17	0.894676
69	18	0.779516
69	64	0.863212
69	73	0.84066
69	75	0.841537
69	87	0.863309
69	90	0.855397
69	94	0.843476
69	105	0.815122
69	111	0.849747
69	150	1.60881
69	165	0.596025
69	168	1.28715
69	173	1.46737
69	180	1.86064
70	5	0.891066
70	60	0.795745
70	75	0.846725
70	127	0.848504
70	138	1.36526
70	149	1.2917
70	152	1.42021
70	153	0.844886
70	159	0.859055
70	163	0.852859
70	167	1.37603
70	171	1.34135
70	172	0.852672
70	175	0.858391
70	176	0.841748
70	178	0.855357
70	179	0.852993
71	2	0.786334
71	57	0.827733
71	86	0.810206
71	113	1.37611
71	118	0.852617
71	151	0.859146
71	167	0.872215
71	168	0.872638
71	170	0.872939
71	171	0.880943
71	172	1.33744
71	173	0.828031
71	174	0.874576
71	176	1.35753
71	177	0.862622
71	178	1.31403
71	179	1.42073
72	27	0.924677
72	36	1.19512
72	66	0.931638
72	84	0.895786
72	87	0.943257
72	90	0.935345
72	98	1.25247
72	111	0.929695
72	120	1.2657
72	121	1.01544
72	126	0.796743
72	157	1.26987
72	166	0.938491
72	176	0.916508
72	177	0.926733
72	178	0.930117
72	179	0.927753
73	16	0.890249
73	21	0.857472
73	66	1.30433
73	69	0.84066
73	90	0.865929
73	91	1.55435
73	93	0.858612
73	111	0.860279
73	124	1.25542
73	143	1.41924
73	157	0.859867
73	166	1.26187
73	172	0.858016
73	173	0.822727
73	175	0.863735
73	178	0.860701
73	180	0.761754
74	107	1.50389
74	113	0.857734
74	118	1.29228
74	130	1.29237
74	137	0.812726
74	148	0.848692
74	154	0.854318
74	157	1.36738
74	158	1.34024
74	159	0.857112
74	163	0.850915
74	165	0.85658
74	169	0.866928
74	172	0.850728
74	176	0.839804
74	178	0.853413
74	179	0.851049
75	8	1.16668
75	46	1.36873
75	61	1.34692
75	65	1.38806
75	69	0.841537
75	70	0.846725
75	82	0.780254
75	87	0.874719
75	105	0.826532
75	111	0.861157
75	133	1.53027
75	134	0.868094
75	158	0.844187
75	169	0.875093
75	172	0.858894
75	175	0.864613
75	177	0.858195
76	17	0.842701
76	34	1.46734
76	65	1.73817
76	81	0.765486
76	87	0.811334
76	105	0.763147
76	111	0.797772
76	114	0.746986
76	119	1.82891
76	135	0.789382
76	140	1.76474
76	170	0.805128
76	175	0.801228
76	176	0.784585
76	177	0.794811
76	178	0.798194
76	180	0.699247
77	23	1.14906
77	95	0.900588
77	107	1.31123
77	114	1.26273
77	147	0.850274
77	148	0.90395
77	151	1.086
77	152	1.2239
77	155	0.895593
77	156	0.884372
77	168	0.915304
77	169	0.922186
77	172	0.905987
77	175	0.911705
77	176	0.895062
77	177	1.16136
77	178	0.908671
77	179	0.906307
78	34	0.919576
78	36	0.809269
78	109	1.41682
78	115	0.814835
78	117	0.819613
78	124	1.37009
78	125	0.837457
78	126	0.823167
78	130	0.812116
78	145	1.56519
78	148	0.823159
78	154	0.828785
78	157	0.827047
78	159	0.831579
78	174	1.38775
78	177	1.45477
78	178	0.82788
78	179	0.825517
79	95	0.899171
79	106	1.35542
79	139	1.08137
79	146	0.884685
79	152	1.24983
79	153	0.896785
79	154	0.90816
79	155	0.894177
79	156	0.882955
79	157	1.20065
79	164	0.913415
79	172	0.90457
79	174	1.12026
79	175	0.910289
79	176	0.893646
79	177	1.18729
79	178	0.907255
79	179	0.904891
80	26	1.16769
80	91	1.35128
80	127	0.896223
80	128	1.20009
80	152	1.19957
80	153	0.892605
80	156	0.878776
80	163	0.900577
80	164	0.909235
80	165	0.906242
80	167	1.15539
80	169	0.91659
80	171	1.12071
80	172	0.90039
80	175	0.906109
80	176	0.889466
80	178	0.903075
80	179	0.900711
81	17	0.88201
81	36	1.63138
81	76	0.765486
81	87	0.850643
81	90	0.842731
81	93	1.55376
81	120	1.70195
81	121	1.4517
81	125	0.854089
81	127	0.83065
81	151	0.830644
81	156	0.813203
81	166	0.845877
81	167	0.843712
81	173	0.799529
81	176	0.823894
81	177	0.834119
81	178	0.837503
82	18	2.07337
82	38	1.71017
82	48	0.755396
82	52	1.63732
82	75	0.780254
82	104	0.755944
82	107	0.761577
82	128	0.774738
82	145	0.757066
82	158	0.771494
82	160	0.782462
82	166	0.797259
82	167	0.795095
82	170	0.795819
82	174	0.797456
82	176	1.78047
82	177	0.785502
82	180	0.689938
83	18	0.769426
83	36	0.821467
83	57	0.801806
83	98	0.846072
83	107	1.54077
83	112	0.846245
83	120	0.827062
83	121	0.866032
83	122	0.80217
83	130	0.824315
83	137	1.56401
83	139	0.854753
83	140	0.859821
83	144	0.841587
83	155	1.47649
83	157	0.839245
83	166	1.31266
83	176	1.30755
84	2	1.67545
84	72	0.895786
84	102	0.821457
84	131	1.39009
84	137	0.795192
84	139	1.35494
84	142	0.855377
84	159	0.839578
84	166	1.38262
84	168	0.842512
84	169	0.849394
84	172	0.833194
84	174	1.39383
84	175	0.838913
84	176	0.82227
84	178	0.835879
84	179	0.833515
84	180	0.736932
85	31	1.29828
85	102	0.884924
85	111	0.657789
85	121	1.21603
85	134	1.32411
85	135	0.890534
85	140	1.22632
85	142	0.918845
85	157	1.47046
85	159	0.903045
85	163	0.896849
85	165	0.902513
85	168	0.905979
85	169	0.912862
85	175	0.902381
85	176	0.885738
85	178	0.899347
85	179	0.896983
86	39	1.69144
86	58	1.40706
86	61	1.36872
86	71	0.810206
86	105	0.779364
86	110	1.53484
86	118	0.801022
86	128	0.800263
86	152	0.803024
86	161	0.834083
86	162	0.822887
86	165	1.60034
86	166	0.822785
86	167	0.82062
86	168	0.821043
86	170	0.821345
86	171	0.829349
86	174	0.822981
86	177	0.811027
87	11	0.906813
87	16	0.912899
87	17	0.927858
87	18	0.812698
87	69	0.863309
87	72	0.943257
87	75	0.874719
87	76	0.811334
87	81	0.850643
87	90	0.888579
87	94	0.876658
87	105	0.848304
87	108	1.26469
87	111	0.882929
87	135	0.624741
87	150	1.48692
87	168	1.16526
87	173	1.34548
87	180	1.73875
88	46	1.75708
88	99	0.776446
88	102	0.754041
88	110	0.769983
88	118	1.97203
88	134	1.90078
88	148	0.763742
88	153	0.757993
88	154	0.769368
88	163	0.765965
88	164	0.774623
88	165	0.77163
88	172	0.765778
88	174	1.96674
88	175	0.771497
88	176	0.754854
88	178	0.768463
88	179	0.766099
88	180	0.669516
89	4	1.60048
89	11	0.859291
89	17	0.880336
89	90	0.841058
89	111	0.835407
89	119	0.811073
89	120	0.822813
89	139	0.850503
89	144	0.837337
89	145	1.49652
89	153	0.825359
89	163	0.833331
89	166	1.30786
89	167	1.40446
89	172	0.833144
89	177	1.3861
89	179	0.833465
89	180	0.736882
90	11	0.898901
90	16	0.904986
90	17	0.919946
90	38	0.843237
90	64	0.888482
90	69	0.855397
90	72	0.935345
90	73	0.865929
90	81	0.842731
90	87	0.888579
90	89	0.841058
90	105	0.840392
90	111	0.875017
90	141	1.29824
90	150	1.50074
90	168	1.17909
90	173	1.3593
90	179	0.53467
90	180	1.75258
91	73	1.55435
91	80	1.35128
91	104	0.781502
91	124	0.819303
91	131	0.839294
91	138	0.80661
91	143	0.778237
91	149	0.817749
91	160	0.80802
91	162	0.82292
91	163	1.55116
91	166	0.822817
91	167	0.820653
91	168	0.821076
91	170	0.821377
91	171	0.829381
91	175	1.55695
91	176	1.58978
91	177	0.81106
92	43	0.866681
92	58	1.10858
92	102	1.36494
92	113	1.30395
92	131	0.914728
92	134	0.896393
92	138	0.882045
92	143	0.853672
92	145	0.858059
92	158	0.872487
92	160	0.883455
92	162	0.898354
92	163	1.24675
92	166	0.898252
92	169	1.23333
92	174	0.898448
92	177	0.886495
92	179	1.34857
92	180	0.790931
93	7	0.796356
93	34	0.959816
93	36	0.849509
93	44	1.54317
93	46	0.834286
93	53	1.10285
93	67	0.880438
93	73	0.858612
93	81	1.55376
93	98	0.874114
93	108	0.865168
93	130	0.852357
93	132	0.879941
93	135	1.40362
93	139	0.882795
93	157	0.867287
93	169	1.18449
93	172	1.21643
93	173	0.830147
93	180	0.769174
94	16	0.893065
94	39	1.4033
94	40	1.47437
94	69	0.843476
94	87	0.876658
94	111	0.863095
94	112	0.869684
94	139	0.878191
94	142	1.30138
94	143	0.827311
94	144	0.865025
94	152	0.85213
94	157	0.862683
94	159	1.25101
94	165	1.3122
94	166	0.871891
94	174	0.872087
94	175	1.26288
94	177	0.860134
94	180	0.76457
95	20	1.18444
95	28	1.85572
95	48	1.42322
95	77	0.900588
95	79	0.899171
95	155	0.849049
95	163	0.859629
95	164	0.868286
95	165	0.865293
95	167	1.21242
95	169	0.875641
95	172	0.859442
95	173	0.824153
95	174	1.12703
95	175	0.865161
95	176	0.848518
95	177	1.19406
95	178	0.862127
95	179	0.859763
95	180	0.76318
96	19	1.6741
96	26	0.861937
96	34	0.958087
96	61	1.18778
96	66	0.859166
96	116	1.33172
96	124	0.862505
96	149	0.86095
96	151	0.850785
96	152	0.846257
96	157	1.49963
96	160	0.851221
96	166	0.866019
96	167	0.863854
96	169	1.35088
96	170	0.864578
96	171	0.872582
96	173	0.81967
96	174	0.866215
96	177	0.854261
97	41	0.848146
97	42	0.845221
97	44	0.929727
97	47	0.823483
97	59	0.876598
97	62	0.890167
97	63	0.801807
97	101	0.848633
97	103	0.897835
97	115	0.861128
97	117	0.865905
97	122	0.836265
97	125	0.883749
97	126	0.86946
97	146	0.851603
97	150	1.65236
97	168	1.3307
97	171	0.690113
97	173	1.51091
97	180	1.90419
98	7	0.804439
98	64	1.25874
98	72	1.25247
98	83	0.846072
98	93	0.874114
98	119	0.851448
98	120	0.863187
98	121	0.902157
98	122	0.838295
98	133	0.872938
98	140	0.895946
98	144	0.877712
98	157	0.87537
98	158	1.44106
98	161	1.349
98	168	0.882836
98	173	0.83823
98	176	1.37149
98	178	1.32798
98	180	0.777257
99	88	0.776446
99	137	0.837506
99	140	1.18753
99	146	0.855623
99	147	0.819796
99	151	1.34296
99	155	0.865115
99	156	0.853894
99	160	1.35804
99	161	1.31247
99	164	0.884353
99	169	0.891708
99	170	1.39159
99	171	1.40199
99	172	0.875508
99	173	0.840219
99	175	0.881227
99	176	0.864584
99	178	0.878193
99	179	0.875829
100	1	1.63588
100	20	0.842529
100	24	0.852399
100	52	1.23735
100	102	1.46006
100	114	0.792472
100	124	0.84854
100	128	0.829532
100	143	0.807474
100	149	0.846986
100	151	0.836821
100	159	1.33578
100	160	0.837257
100	162	0.852156
100	164	1.3752
100	166	0.852054
100	170	0.850614
100	171	0.858618
100	172	1.3604
100	174	0.85225
100	177	0.840297
101	6	0.894719
101	27	1.44353
101	41	0.818643
101	42	0.815718
101	47	0.79398
101	55	0.895582
101	59	0.847095
101	62	0.860664
101	63	0.772304
101	97	0.848633
101	103	0.868332
101	115	0.831625
101	117	0.836402
101	125	0.854246
101	126	0.839957
101	146	0.8221
101	155	0.941858
101	168	1.48053
101	173	1.66075
101	179	0.836117
101	180	2.05402
102	12	0.899556
102	68	0.839217
102	84	0.821457
102	85	0.884924
102	88	0.754041
102	92	1.36494
102	100	1.46006
102	129	1.31624
102	142	0.875286
102	147	0.79739
102	153	0.845318
102	159	0.859487
102	165	0.858955
102	170	1.42838
102	171	1.43878
102	172	0.853103
102	174	1.38808
102	175	0.858822
102	176	0.842179
102	179	0.853424
102	180	0.756841
103	6	0.94392
103	21	0.945258
103	27	1.4128
103	41	0.867844
103	42	0.86492
103	47	0.843182
103	59	0.896296
103	62	0.909865
103	63	0.821506
103	97	0.897835
103	101	0.868332
103	108	1.54923
103	115	0.880826
103	117	0.885604
103	122	0.855963
103	125	0.903448
103	126	0.889158
103	129	0.686671
103	142	0.747853
103	146	0.871302
103	168	1.4498
103	180	2.02329
104	35	1.43324
104	54	0.87686
104	82	0.755944
104	91	0.781502
104	106	0.794584
104	128	0.823121
104	133	1.43552
104	134	0.843784
104	138	0.829436
104	145	0.805449
104	147	1.63781
104	151	0.83041
104	152	0.825882
104	158	0.819877
104	159	1.4226
104	162	0.845745
104	163	1.42869
104	167	0.843478
104	170	0.844203
104	172	1.44722
104	174	0.845839
104	177	0.833885
105	41	0.809136
105	49	1.58073
105	69	0.815122
105	75	0.826532
105	76	0.763147
105	86	0.779364
105	87	0.848304
105	90	0.840392
105	111	0.834742
105	115	0.822119
105	117	0.826896
105	118	0.821775
105	120	1.51439
105	125	0.84474
105	126	0.83045
105	127	1.45152
105	154	1.39274
105	156	1.42607
105	162	0.84364
105	165	1.43834
105	166	0.843538
105	171	0.850102
106	25	0.829481
106	66	0.829047
106	79	1.35542
106	104	0.794584
106	112	1.42706
106	118	0.814137
106	124	0.832386
106	129	0.853925
106	131	0.852376
106	138	0.819693
106	154	1.51456
106	161	0.847198
106	162	0.836002
106	163	1.50505
106	167	0.833735
106	168	0.834158
106	169	1.49163
106	170	0.83446
106	174	0.836096
106	175	1.51083
106	177	0.824142
106	180	0.728579
107	28	0.748765
107	66	0.844424
107	67	1.42266
107	74	1.50389
107	77	1.31123
107	82	0.761577
107	83	1.54077
107	114	0.791694
107	123	0.857145
107	150	0.77862
107	158	0.825511
107	160	0.836479
107	162	0.851378
107	165	1.54189
107	166	0.851276
107	168	0.849535
107	170	0.849836
107	171	0.85784
107	173	0.804928
107	174	0.851472
107	177	0.839519
107	178	1.48189
108	17	1.06112
108	22	0.858478
108	42	1.47891
108	55	1.10969
108	87	1.26469
108	93	0.865168
108	103	1.54923
108	111	1.38327
108	125	1.3439
108	133	0.863991
108	139	0.881932
108	152	0.85587
108	157	0.866424
108	161	0.88693
108	166	0.875632
108	169	0.880772
108	172	0.864573
108	174	0.875828
108	175	0.870291
108	176	0.853649
108	178	0.867258
108	179	0.864894
108	180	0.768311
109	12	1.27162
109	24	0.874793
109	29	0.773916
109	78	1.41682
109	110	1.28857
109	123	0.880317
109	124	0.870934
109	128	0.851926
109	131	0.890924
109	140	1.19015
109	145	0.834254
109	151	0.859215
109	152	0.854687
109	156	1.3418
109	160	0.85965
109	161	0.885746
109	167	0.872283
109	170	0.873008
109	171	0.881012
109	174	0.874644
109	177	0.862691
109	178	1.29407
109	179	1.40078
110	12	0.915499
110	45	1.06198
110	51	1.51659
110	86	1.53484
110	88	0.769983
110	109	1.28857
110	127	0.864878
110	130	1.26487
110	136	0.85982
110	147	0.813333
110	148	0.867009
110	155	0.858652
110	159	0.875429
110	162	1.2036
110	163	0.869233
110	164	0.87789
110	169	0.885245
110	172	0.869046
110	175	0.874764
110	176	0.858122
110	177	1.32652
110	178	0.87173
110	179	0.869367
111	11	0.89325
111	16	0.899336
111	17	0.914295
111	18	0.799135
111	21	0.866559
111	38	0.837586
111	69	0.849747
111	72	0.929695
111	73	0.860279
111	75	0.861157
111	76	0.797772
111	85	0.657789
111	87	0.882929
111	89	0.835407
111	90	0.875017
111	94	0.863095
111	105	0.834742
111	108	1.38327
111	141	1.403
111	150	1.6055
111	153	0.849476
111	173	1.46406
111	180	1.85733
112	15	0.791792
112	31	0.890768
112	46	0.842542
112	65	0.895168
112	67	0.888694
112	83	0.846245
112	94	0.869684
112	106	1.42706
112	120	0.863361
112	121	0.90233
112	127	1.20524
112	130	0.860613
112	132	0.888198
112	133	0.873111
112	137	1.43203
112	140	0.896119
112	143	1.33806
112	146	1.47502
112	157	0.875543
112	173	0.838403
112	174	1.1919
112	178	1.13207
112	180	0.77743
113	1	0.800686
113	39	0.846389
113	71	1.37611
113	74	0.857734
113	92	1.30395
113	134	1.26113
113	139	1.2882
113	142	0.894029
113	147	0.816133
113	154	0.875436
113	159	0.87823
113	162	1.27119
113	163	0.872033
113	165	0.877698
113	169	0.888046
113	170	1.36739
113	172	0.871846
113	173	0.836557
113	174	1.32709
113	175	0.877565
113	176	0.860922
113	178	0.874531
113	179	0.872167
114	1	1.73229
114	45	0.883898
114	60	1.74392
114	76	0.746986
114	77	1.26273
114	100	0.792472
114	107	0.791694
114	134	0.825517
114	143	0.782796
114	145	0.787183
114	154	1.44779
114	158	0.801611
114	160	0.812579
114	161	0.838675
114	162	0.827479
114	166	0.827376
114	167	0.825211
114	170	0.825936
114	171	0.83394
114	173	0.781028
114	176	1.4769
114	177	0.815619
114	179	1.5401
115	6	0.907213
115	42	0.828213
115	47	0.806475
115	55	0.908077
115	59	0.85959
115	62	0.873159
115	63	0.784799
115	78	0.814835
115	97	0.861128
115	101	0.831625
115	103	0.880826
115	105	0.822119
115	117	0.848897
115	122	0.819256
115	125	0.866741
115	126	0.852451
115	135	0.96418
115	141	1.62386
115	146	0.834595
115	167	0.898797
115	168	1.5047
115	171	0.864116
115	173	1.68492
115	180	2.07819
116	14	0.893603
116	26	1.33501
116	29	1.72539
116	35	0.829676
116	40	0.829016
116	96	1.33172
116	122	1.377
116	136	0.84848
116	147	0.801992
116	148	0.855669
116	155	0.847312
116	156	0.83609
116	159	0.864089
116	160	1.24408
116	164	0.86655
116	165	0.863557
116	169	0.873905
116	170	1.27762
116	175	0.863424
116	176	0.846781
116	177	1.30434
116	178	0.86039
116	179	0.858026
116	180	0.761443
117	18	1.11905
117	41	0.835915
117	42	0.832991
117	47	0.811253
117	55	0.912854
117	57	0.82367
117	59	0.864367
117	62	0.877936
117	63	0.789576
117	65	0.652151
117	78	0.819613
117	97	0.865905
117	101	0.836402
117	103	0.885604
117	105	0.826896
117	115	0.848897
117	125	0.871519
117	126	0.857229
117	131	0.838728
117	141	1.65292
117	146	0.839372
117	168	1.53377
117	173	1.71398
117	180	2.10726
118	14	1.23353
118	26	0.861113
118	50	1.21277
118	51	0.815334
118	68	1.34537
118	71	0.852617
118	74	1.29228
118	86	0.801022
118	88	1.97203
118	105	0.821775
118	106	0.814137
118	128	0.842674
118	149	0.860127
118	152	0.845434
118	154	1.28469
118	158	0.83943
118	160	0.850398
118	161	0.876494
118	162	0.865298
118	166	0.865195
118	169	1.26176
118	170	0.863755
118	171	0.871759
118	177	0.853438
119	8	0.873853
119	21	1.412
119	31	0.859845
119	33	0.82264
119	34	0.93715
119	61	0.864677
119	67	0.857771
119	76	1.82891
119	89	0.811073
119	98	0.851448
119	120	0.832438
119	121	0.871408
119	132	0.857275
119	133	0.842188
119	140	0.865197
119	144	0.846963
119	145	1.4027
119	165	1.22542
119	168	0.852087
119	170	1.26555
119	171	1.27596
119	172	1.18884
119	173	0.80748
119	180	0.746508
120	5	1.05108
120	7	0.785429
120	31	0.871585
120	46	0.823359
120	61	0.876416
120	72	1.2657
120	81	1.70195
120	83	0.827062
120	89	0.822813
120	98	0.863187
120	105	1.51439
120	112	0.863361
120	119	0.832438
120	130	0.84143
120	132	0.869015
120	133	0.853928
120	139	0.871868
120	144	0.858702
120	157	0.85636
120	161	1.36222
120	168	0.863826
120	172	1.36463
120	173	0.81922
120	178	1.34121
121	8	0.924562
121	15	0.811579
121	36	0.877552
121	48	1.44697
121	58	0.929022
121	61	0.915386
121	67	0.90848
121	72	1.01544
121	81	1.4517
121	83	0.866032
121	85	1.21603
121	98	0.902157
121	112	0.90233
121	119	0.871408
121	124	1.13314
121	133	0.892898
121	139	0.910838
121	144	0.897672
121	146	1.43392
121	150	0.831882
121	151	1.14246
121	160	1.15755
121	168	0.902796
121	173	0.85819
121	180	0.797217
122	9	0.860326
122	35	1.41412
122	57	0.794029
122	61	0.851524
122	62	0.848295
122	67	0.844618
122	83	0.80217
122	97	0.836265
122	98	0.838295
122	103	0.855963
122	115	0.819256
122	116	1.377
122	125	0.841878
122	126	0.827588
122	134	0.838817
122	145	0.800482
122	156	1.45241
122	157	0.831468
122	159	1.40348
122	164	1.4429
122	170	0.839236
122	174	0.840872
122	177	0.828918
122	178	1.40468
122	179	1.51139
123	2	0.804781
123	10	0.804414
123	23	0.910085
123	28	0.790317
123	32	1.25689
123	107	0.857145
123	109	0.880317
123	134	0.890969
123	138	0.87662
123	139	1.26571
123	142	1.29394
123	148	1.34623
123	155	1.45722
123	158	0.867062
123	160	0.87803
123	161	0.904126
123	162	0.89293
123	164	1.28299
123	166	0.892827
123	169	1.23624
123	170	0.891387
123	171	0.899391
123	172	1.26819
123	174	0.893023
123	177	0.88107
123	180	0.785506
124	20	0.873919
124	22	0.866291
124	37	0.846117
124	45	0.939966
124	48	0.841581
124	50	1.18983
124	68	1.32243
124	73	1.25542
124	78	1.37009
124	91	0.819303
124	96	0.862505
124	100	0.84854
124	106	0.832386
124	109	0.870934
124	121	1.13314
124	145	0.843251
124	149	0.878376
124	151	0.868211
124	153	1.5641
124	154	1.26175
124	165	1.30734
124	167	0.88128
124	170	0.882004
124	171	0.890008
124	174	0.883641
124	177	0.871687
125	6	0.929835
125	41	0.853759
125	42	0.850835
125	47	0.829097
125	55	0.930698
125	57	0.841514
125	59	0.882211
125	62	0.89578
125	63	0.80742
125	78	0.837457
125	81	0.854089
125	97	0.883749
125	101	0.854246
125	103	0.903448
125	105	0.84474
125	108	1.3439
125	115	0.866741
125	117	0.871519
125	122	0.841878
125	126	0.875073
125	141	1.36363
125	150	1.56613
125	153	0.810106
125	168	1.24447
125	173	1.42469
125	180	1.81796
126	6	0.915545
126	41	0.839469
126	42	0.836545
126	47	0.814807
126	55	0.916408
126	56	0.838995
126	57	0.827224
126	59	0.867921
126	62	0.88149
126	63	0.793131
126	72	0.796743
126	78	0.823167
126	97	0.86946
126	101	0.839957
126	103	0.889158
126	105	0.83045
126	115	0.852451
126	117	0.857229
126	122	0.827588
126	125	0.875073
126	133	0.883979
126	141	1.74254
126	146	0.842927
126	168	1.62338
126	173	1.8036
126	174	0.932089
126	180	2.19687
127	39	0.835215
127	45	1.14066
127	70	0.848504
127	80	0.896223
127	81	0.83065
127	105	1.45152
127	110	0.864878
127	112	1.20524
127	128	1.46827
127	135	0.854545
127	136	0.851447
127	137	0.82267
127	142	0.882855
127	154	0.864263
127	156	0.839058
127	157	1.41856
127	159	0.867056
127	163	0.86086
127	166	1.32696
127	169	0.876872
127	170	1.37848
127	175	0.866392
127	176	0.849749
127	177	1.4052
127	178	0.863358
127	179	0.860994
127	180	0.764411
128	22	0.847283
128	29	0.763904
128	30	0.863644
128	38	1.3683
128	66	0.857584
128	80	1.20009
128	82	0.774738
128	86	0.800263
128	100	0.829532
128	104	0.823121
128	109	0.851926
128	118	0.842674
128	127	1.46827
128	138	0.848229
128	144	1.4715
128	145	0.824243
128	152	0.844675
128	160	0.849639
128	162	0.864539
128	164	1.43331
128	168	0.862695
128	170	0.862996
128	171	0.871001
128	172	1.41851
128	174	0.864633
128	175	1.40576
128	176	1.4386
128	177	0.852679
129	2	0.816938
129	9	0.924633
129	10	0.81657
129	22	0.88783
129	28	0.802473
129	44	1.54331
129	54	0.936201
129	64	0.909652
129	102	1.31624
129	103	0.686671
129	106	0.853925
129	137	1.49312
129	143	0.860403
129	148	1.29462
129	151	0.88975
129	152	0.885222
129	158	0.879218
129	161	0.916282
129	162	0.905086
129	164	1.23137
129	165	1.25316
129	166	0.904983
129	167	0.902819
129	168	0.903242
129	169	1.18463
129	171	0.911547
129	175	1.20383
129	177	0.893226
130	4	1.61162
130	7	0.782681
130	27	0.849006
130	31	0.868837
130	38	0.822244
130	46	0.820612
130	58	0.887304
130	61	0.873668
130	74	1.29237
130	78	0.812116
130	83	0.824315
130	93	0.852357
130	110	1.26487
130	112	0.860613
130	120	0.84143
130	132	0.866267
130	139	0.86912
130	140	0.874189
130	141	0.840009
130	143	1.47637
130	144	0.855954
130	150	0.790165
130	155	1.48282
130	157	0.853612
130	158	1.38345
130	176	1.31388
130	179	1.37708
130	180	0.755499
131	2	0.815389
131	4	0.820062
131	28	0.800924
131	51	0.853573
131	84	1.39009
131	91	0.839294
131	92	0.914728
131	106	0.852376
131	109	0.890924
131	117	0.838728
131	142	1.31043
131	143	0.858855
131	147	1.47527
131	149	0.898367
131	151	0.888202
131	157	1.40147
131	160	0.888637
131	161	0.914733
131	163	1.26614
131	166	0.903435
131	170	0.901995
131	171	0.909999
131	172	1.28467
131	173	0.857087
131	174	0.903631
131	175	1.27193
131	177	0.891677
131	179	1.36796
131	180	0.796114
132	1	1.4281
132	7	0.810266
132	8	0.910429
132	15	0.797446
132	31	0.896422
132	38	0.849829
132	58	0.914889
132	61	0.901253
132	65	0.900822
132	93	0.879941
132	112	0.888198
132	119	0.857275
132	120	0.869015
132	130	0.866267
132	135	1.3398
132	138	1.26365
132	139	0.896705
132	140	0.901773
132	141	0.867594
132	144	0.883539
132	146	1.47216
132	148	1.23066
132	154	1.1436
132	155	1.34164
132	157	0.881197
132	161	1.15021
132	173	0.844057
132	179	1.2359
132	180	0.783084
133	8	0.895342
133	15	0.78236
133	31	0.881335
133	36	0.848333
133	65	0.885735
133	67	0.879261
133	75	1.53027
133	98	0.872938
133	104	1.43552
133	108	0.863991
133	112	0.873111
133	119	0.842188
133	120	0.853928
133	121	0.892898
133	126	0.883979
133	139	0.881618
133	140	0.886686
133	141	0.852507
133	144	0.868452
133	150	0.802662
133	152	1.40629
133	153	1.53365
133	157	0.86611
133	158	1.32997
133	167	1.36211
133	168	0.873577
133	172	1.24031
133	173	0.82897
133	174	1.27672
133	180	0.767997
134	10	0.796686
134	25	0.878681
134	37	0.847773
134	45	0.941621
134	51	0.835238
134	75	0.868094
134	85	1.32411
134	88	1.90078
134	92	0.896393
134	104	0.843784
134	113	1.26113
134	114	0.825517
134	122	0.838817
134	123	0.890969
134	143	0.840519
134	145	0.844906
134	147	1.41306
134	150	0.812444
134	152	0.865338
134	159	1.19784
134	160	0.870302
134	162	0.885202
134	165	1.25904
134	167	0.882935
134	170	0.883659
134	175	1.20971
134	176	1.24255
134	177	0.873342
134	178	1.19904
134	180	0.777779
135	39	0.833256
135	52	0.910282
135	56	0.907008
135	57	1.64613
135	76	0.789382
135	85	0.890534
135	87	0.624741
135	93	1.40362
135	115	0.96418
135	127	0.854545
135	132	1.3398
135	137	0.82071
135	141	0.846961
135	142	0.880896
135	147	0.803
135	148	0.856677
135	149	1.47666
135	154	0.862303
135	155	0.84832
135	159	0.865097
135	161	1.43678
135	163	0.8589
135	165	0.864565
135	167	1.56099
135	169	0.874913
135	175	0.864432
135	176	0.847789
135	177	1.54263
135	178	0.861398
135	179	0.859034
136	10	1.5609
136	29	1.72508
136	44	0.828116
136	110	0.85982
136	116	0.84848
136	127	0.851447
136	137	0.817612
136	141	0.843862
136	143	1.38316
136	146	0.83573
136	148	0.853579
136	152	1.36656
136	153	0.84783
136	154	0.859205
136	155	0.845222
136	160	1.24376
136	163	0.855802
136	164	0.86446
136	165	0.861466
136	166	1.22579
136	167	1.32238
136	169	0.871815
136	170	1.2773
136	171	1.2877
136	172	0.855615
136	173	0.820326
136	175	0.861334
136	176	0.844691
136	178	0.8583
136	179	0.855936
136	180	0.759353
137	3	0.758589
137	45	1.36745
137	61	1.3335
137	64	0.842566
137	74	0.812726
137	83	1.56401
137	84	0.795192
137	99	0.837506
137	112	1.43203
137	127	0.82267
137	129	1.49312
137	135	0.82071
137	136	0.817612
137	148	0.824802
137	151	1.55664
137	153	0.819052
137	156	0.805223
137	158	1.61821
137	159	0.833221
137	164	0.835683
137	165	0.832689
137	168	0.836155
137	169	0.843038
137	172	0.826838
137	175	0.832557
137	176	0.815914
137	177	1.63199
137	178	0.829523
137	179	0.827159
137	180	0.730576
138	2	0.782705
138	4	0.787378
138	23	0.888009
138	25	0.864332
138	43	0.83918
138	45	0.927273
138	70	1.36526
138	91	0.80661
138	92	0.882045
138	104	0.829436
138	106	0.819693
138	123	0.87662
138	128	0.848229
138	132	1.26365
138	143	0.826171
138	146	0.839807
138	153	1.65638
138	154	1.35402
138	158	0.844986
138	159	1.33842
138	161	0.88205
138	164	1.37783
138	166	0.870751
138	167	0.868586
138	170	0.869311
138	172	1.36304
138	173	0.824403
138	175	1.35029
138	177	0.858994
138	178	1.33962
138	180	0.76343
139	8	0.913283
139	15	0.8003
139	33	0.86207
139	46	0.85105
139	58	0.917742
139	61	0.904107
139	64	1.15686
139	79	1.08137
139	83	0.854753
139	84	1.35494
139	89	0.850503
139	93	0.882795
139	94	0.878191
139	108	0.881932
139	113	1.2882
139	120	0.871868
139	121	0.910838
139	123	1.26571
139	130	0.86912
139	132	0.896705
139	133	0.881618
139	140	0.904627
139	144	0.886393
139	146	1.56907
139	150	0.820603
139	156	1.27384
139	157	0.88405
139	158	1.33919
139	159	1.22491
139	161	1.24712
139	168	0.891517
139	180	0.785937
140	7	0.818187
140	8	0.918351
140	12	1.07879
140	18	0.819299
140	36	0.871341
140	39	1.25234
140	46	0.856118
140	51	1.41817
140	65	0.908743
140	67	0.902269
140	76	1.76474
140	83	0.859821
140	85	1.22632
140	98	0.895946
140	99	1.18753
140	109	1.19015
140	112	0.896119
140	119	0.865197
140	130	0.874189
140	132	0.901773
140	133	0.886686
140	139	0.904627
140	141	0.875515
140	144	0.891461
140	146	1.4442
140	150	0.825671
140	157	0.889119
