1	23	1.20044
1	31	1.17282
1	34	0.64203
1	89	1.18416
1	94	1.23316
1	113	0.776031
1	135	1.20646
1	150	1.24371
1	160	0.761081
1	168	0.83499
1	172	0.803541
1	177	1.1606
2	38	0.77713
2	99	0.624136
2	130	0.639108
2	138	0.676564
2	142	0.655616
2	149	1.29702
2	169	1.21885
2	170	1.2431
2	171	1.17509
2	175	1.17109
2	176	1.16899
2	178	1.12339
3	55	1.13596
3	77	1.24394
3	79	1.25968
3	110	1.24635
3	135	1.17391
3	150	1.21116
3	156	0.716185
3	167	0.794393
3	173	0.751635
3	177	1.12805
3	179	0.790516
3	180	0.772247
4	47	1.2083
4	95	1.20893
4	124	1.23735
4	128	1.21121
4	129	1.17144
4	132	1.17496
4	156	0.709466
4	159	0.782267
4	166	0.730156
4	174	0.819203
4	179	0.783797
4	180	1.18669
5	41	0.655899
5	108	1.16481
5	116	1.13438
5	119	1.18829
5	123	1.30683
5	139	1.20043
5	141	1.2355
5	173	0.73383
5	176	0.850274
5	177	0.829724
5	179	1.16472
5	180	0.754442
6	86	1.17078
6	100	1.22051
6	123	1.2842
6	139	1.1778
6	141	1.21287
6	143	0.734614
6	148	0.754144
6	154	1.19147
6	157	0.770839
6	165	0.768735
6	172	0.79955
6	179	1.1421
7	68	0.625544
7	87	1.26032
7	93	1.23247
7	96	1.23247
7	99	1.37695
7	152	1.25047
7	162	1.3478
7	169	0.740809
7	172	0.717311
7	174	0.744147
7	180	0.690472
8	50	0.734175
8	100	0.671667
8	103	0.653919
8	119	0.680275
8	136	1.2394
8	141	0.643837
8	165	1.23341
8	167	1.21145
8	168	1.19134
8	170	1.22537
8	174	1.19091
8	178	1.10566
9	24	0.626453
9	63	1.15809
9	77	1.25199
9	81	1.24468
9	94	1.20867
9	135	1.18196
9	143	0.742605
9	150	1.21921
9	157	0.77883
9	164	0.848037
9	169	0.831039
9	177	1.1361
10	79	1.25014
10	81	1.22709
10	110	1.23681
10	127	1.19796
10	135	1.16437
10	150	1.20162
10	152	0.744092
10	157	0.700902
10	165	0.698798
10	176	0.798607
10	177	1.11851
10	178	0.884744
11	31	1.14139
11	81	1.23774
11	82	1.25358
11	134	1.24882
11	135	1.17503
11	143	0.70073
11	148	0.72026
11	150	1.21228
11	152	0.780144
11	174	0.792502
11	176	0.834659
11	177	1.12917
12	55	1.16503
12	63	1.1791
12	89	1.18068
12	110	1.27541
12	135	1.20298
12	136	0.734936
12	150	1.24023
12	163	0.754627
12	166	0.706628
12	169	0.792337
12	171	0.836443
12	177	1.15712
13	55	1.15629
13	89	1.17194
13	127	1.22783
13	134	1.26803
13	135	1.19424
13	143	0.718811
13	150	1.23149
13	159	0.773647
13	170	0.767004
13	174	0.810583
13	177	1.14838
13	180	0.756909
14	93	1.03406
14	96	1.03406
14	101	1.13881
14	125	0.753215
14	152	1.05207
14	155	1.12646
14	158	1.16443
14	162	1.1494
14	171	0.913404
14	175	0.919575
14	177	0.894243
15	31	0.762777
15	71	1.17989
15	73	1.16962
15	84	0.675918
15	107	1.2597
15	111	0.710914
15	126	1.204
15	140	1.17674
15	142	1.21267
15	146	1.20453
15	174	0.772795
15	178	0.90109
16	83	1.26834
16	100	1.24137
16	108	1.16304
16	116	1.13261
16	136	0.716943
16	139	1.19866
16	141	1.23373
16	144	0.742089
16	171	0.818449
16	175	0.82462
16	179	1.16295
16	180	0.724007
17	32	1.24038
17	35	1.26194
17	37	1.10773
17	72	1.1775
17	76	1.22843
17	85	1.18698
17	149	0.678781
17	154	1.20373
17	165	0.711048
17	170	0.725119
17	175	0.815637
17	178	0.896993
18	83	1.11589
18	90	1.01646
18	92	1.01208
18	100	1.08891
18	102	1.0194
18	119	1.03406
18	136	0.934418
18	139	1.0462
18	141	1.08127
18	156	0.88542
18	179	1.0105
18	180	0.941482
19	33	1.24884
19	53	1.14265
19	65	1.09915
19	101	1.23293
19	148	1.19556
19	155	1.22059
19	158	1.25855
19	161	0.734659
19	167	0.770278
19	168	0.80642
19	179	0.766401
19	180	0.748133
20	78	1.21663
20	80	1.09133
20	91	1.09669
20	104	0.758521
20	124	1.17992
20	128	1.15378
20	129	1.11401
20	132	1.11753
20	157	0.818821
20	166	0.785321
20	172	0.847532
20	176	0.916526
20	180	1.12926
21	26	1.08785
21	32	1.17842
21	35	1.19998
21	53	1.0794
21	57	1.08274
21	61	1.21958
21	75	1.1179
21	144	0.813682
21	154	1.14177
21	157	0.793727
21	164	0.862935
21	166	0.760228
21	175	0.896213
22	67	1.14446
22	78	1.1869
22	97	1.13523
22	124	1.15019
22	128	1.12405
22	130	1.17065
22	132	1.0878
22	145	0.868707
22	148	0.801852
22	163	0.833045
22	166	0.785047
22	179	0.838688
22	180	1.09953
23	1	1.20044
23	51	1.11848
23	52	1.13996
23	79	1.188
23	89	1.07993
23	134	1.17602
23	150	1.13948
23	155	0.77914
23	161	0.822824
23	165	0.832321
23	166	0.800926
23	174	0.889973
23	177	1.05637
24	9	0.626453
24	72	0.637802
24	88	0.605039
24	105	0.647342
24	124	0.605769
24	144	1.33334
24	160	1.3503
24	162	0.559355
24	170	1.3202
24	173	1.34272
24	176	1.24609
24	178	1.20049
24	179	1.30472
25	63	0.815776
25	76	0.692447
25	87	0.754425
25	97	0.713363
25	143	1.24077
25	147	0.705796
25	164	1.1445
25	168	1.14336
25	175	1.10538
25	176	1.10328
25	177	1.12376
25	178	1.05768
25	180	1.17931
26	21	1.08785
26	27	1.08784
26	32	1.17432
26	61	1.21549
26	75	1.1138
26	76	1.16237
26	85	1.12092
26	134	0.735509
26	154	1.13768
26	167	0.835929
26	168	0.872071
26	173	0.793171
26	177	0.889065
27	26	1.08784
27	35	1.19997
27	37	1.04576
27	46	0.726817
27	61	1.21958
27	75	1.11789
27	76	1.16646
27	85	1.12501
27	153	0.788835
27	154	1.14176
27	161	0.807575
27	164	0.888383
27	176	0.916881
28	105	1.13565
28	120	1.11707
28	121	0.773619
28	131	1.16788
28	137	0.817835
28	140	1.10124
28	142	1.13717
28	146	1.12903
28	147	1.12574
28	148	0.80096
28	162	1.1862
28	167	0.841673
28	177	0.894809
29	48	0.778919
29	80	1.09105
29	95	1.15123
29	97	1.16469
29	124	1.17964
29	125	0.829099
29	128	1.1535
29	129	1.11373
29	132	1.11725
29	134	0.816572
29	155	0.837687
29	166	0.859473
29	180	1.12899
30	108	1.11299
30	116	1.08255
30	119	1.13646
30	127	1.15419
30	139	1.1486
30	141	1.18367
30	148	0.765024
30	152	0.824908
30	154	1.16227
30	165	0.779615
30	171	0.878034
30	176	0.879424
30	179	1.1129
31	1	1.17282
31	11	1.14139
31	15	0.762777
31	79	1.16038
31	128	0.816197
31	140	0.82536
31	142	0.809999
31	150	1.11186
31	154	0.802854
31	160	1.11249
31	172	1.05904
31	174	1.04793
31	177	1.02875
31	178	0.962679
32	17	1.24038
32	21	1.17842
32	26	1.17432
32	41	0.654745
32	45	0.708552
32	61	1.30606
32	75	1.20437
32	76	1.25295
32	85	1.21149
32	114	0.790738
32	149	0.717045
32	154	1.22825
32	164	0.820623
32	167	0.775435
33	19	1.24884
33	44	1.23095
33	56	1.15844
33	65	1.12954
33	101	1.26332
33	114	0.724961
33	117	0.726681
33	144	0.705594
33	148	1.22595
33	155	1.25097
33	158	1.28894
33	168	0.7458
33	171	0.781954
33	175	0.788125
34	1	0.64203
34	63	0.746717
34	76	0.623389
34	92	0.70247
34	103	0.618423
34	112	0.64871
34	117	1.26269
34	161	1.27584
34	163	1.25273
34	167	1.24937
34	171	1.19528
34	174	1.22883
34	176	1.18919
34	178	1.14358
35	17	1.26194
35	21	1.19998
35	27	1.19997
35	53	1.18744
35	57	1.19078
35	76	1.27451
35	85	1.23305
35	149	0.675559
35	154	1.24981
35	159	0.728541
35	165	0.707826
35	171	0.806245
35	174	0.765477
35	177	0.787084
36	98	0.663852
36	104	0.672486
36	120	1.20795
36	126	1.21938
36	138	1.21463
36	140	1.19212
36	142	1.22805
36	147	1.21662
36	158	1.29212
36	161	0.721186
36	166	1.22755
36	169	0.784996
36	173	0.714047
36	178	0.916628
37	17	1.10773
37	27	1.04576
37	53	1.03323
37	61	1.17341
37	72	1.06936
37	75	1.07172
37	76	1.1203
37	85	1.07884
37	106	0.870955
37	152	0.931276
37	153	0.857746
37	154	1.0956
37	166	0.854587
37	167	0.912106
38	2	0.77713
38	44	1.09343
38	53	1.03552
38	65	0.992022
38	88	1.14491
38	101	1.1258
38	122	1.05786
38	148	1.08843
38	155	1.11346
38	158	1.15142
38	161	0.874384
38	166	0.852485
38	175	0.988471
38	180	0.887858
39	43	1.22022
39	86	1.21575
39	116	1.15673
39	119	1.21064
39	123	1.32918
39	139	1.22278
39	141	1.25785
39	165	0.698523
39	167	0.724646
39	168	0.760787
39	170	0.712594
39	171	0.796942
39	177	0.777781
39	179	1.18708
40	71	1.1946
40	112	1.23274
40	131	1.2581
40	138	1.21396
40	140	1.19145
40	143	0.68757
40	145	0.773955
40	146	1.21924
40	147	1.21595
40	149	0.689424
40	162	1.27642
40	163	0.738294
40	168	0.783955
40	177	0.800949
41	5	0.655899
41	32	0.654745
41	101	0.646165
41	115	0.690188
41	127	0.682491
41	138	0.688748
41	161	1.27603
41	169	1.23924
41	172	1.24014
41	173	1.28601
41	174	1.22902
41	175	1.19148
41	176	1.18938
41	178	1.14378
42	64	1.20652
42	66	1.20643
42	87	1.13472
42	93	1.10687
42	96	1.10687
42	99	1.25135
42	122	1.14368
42	152	1.12487
42	155	0.750885
42	159	0.824782
42	162	1.2222
42	166	0.772671
42	173	0.787431
42	179	0.826312
42	180	0.808043
43	39	1.22022
43	45	0.738228
43	92	1.12758
43	108	1.12608
43	116	1.09565
43	123	1.2681
43	139	1.1617
43	141	1.19677
43	154	1.17537
43	161	0.769491
43	166	0.747593
43	168	0.841253
43	169	0.833301
43	174	0.836639
43	179	1.12599
44	33	1.23095
44	38	1.09343
44	56	1.11016
44	65	1.08126
44	101	1.21504
44	122	1.1471
44	148	1.17767
44	155	1.2027
44	158	1.24066
44	165	0.749157
44	167	0.775279
44	168	0.811421
44	175	0.853747
44	177	0.828415
44	180	0.753134
45	32	0.708552
45	43	0.738228
45	77	0.698543
45	93	0.81436
45	99	0.690126
45	123	0.672237
45	151	1.21827
45	165	1.20909
45	168	1.16702
45	170	1.20105
45	172	1.17771
45	174	1.16659
45	176	1.12694
45	177	1.14742
45	178	1.08134
46	27	0.726817
46	73	0.726824
46	122	0.743484
46	132	0.731451
46	144	1.19632
46	146	0.676069
46	154	0.664967
46	156	1.22957
46	165	1.19122
46	167	1.16926
46	168	1.14915
46	170	1.18318
46	173	1.2057
46	176	1.10907
46	178	1.06347
47	4	1.2083
47	67	1.19417
47	91	1.11667
47	97	1.18495
47	111	0.752569
47	124	1.1999
47	128	1.17376
47	129	1.13399
47	132	1.13751
47	137	0.759084
47	152	0.802092
47	160	0.745154
47	170	0.77087
47	178	0.942745
47	180	1.14924
48	29	0.778919
48	57	0.754851
48	77	1.2501
48	84	1.25422
48	96	0.747227
48	115	0.672805
48	135	1.18008
48	140	0.665778
48	147	0.655484
48	150	1.21733
48	169	1.16361
48	175	1.11585
48	176	1.11375
48	177	1.13422
48	178	1.06815
49	105	1.16985
49	113	0.780091
49	115	1.17068
49	131	1.20208
49	138	1.15794
49	140	1.13543
49	142	1.17136
49	146	1.16322
49	147	1.15993
49	148	0.762195
49	155	0.723604
49	166	1.17086
49	170	0.790857
49	174	0.834437
49	175	0.881376
50	8	0.734175
50	90	1.12264
50	100	1.19509
50	119	1.14024
50	123	1.25878
50	125	0.767604
50	127	1.15797
50	133	0.793602
50	134	0.755078
50	139	1.15238
50	141	1.18745
50	154	1.16605
50	160	0.817729
50	167	0.855497
50	179	1.11668
51	23	1.11848
51	77	1.19452
51	79	1.21027
51	82	1.20305
51	88	1.21318
51	110	1.19693
51	113	0.779882
51	135	1.1245
51	150	1.16175
51	163	0.793179
51	165	0.776577
51	167	0.802699
51	168	0.838841
51	177	1.07864
51	180	0.780553
52	23	1.13996
52	55	1.10803
52	63	1.1221
52	77	1.216
52	88	1.23467
52	110	1.21841
52	121	0.762623
52	127	1.17957
52	143	0.770434
52	145	0.856819
52	149	0.772287
52	150	1.18323
52	165	0.804554
52	177	1.10012
52	180	0.808531
53	19	1.14265
53	21	1.0794
53	35	1.18744
53	37	1.03323
53	38	1.03552
53	75	1.10535
53	84	0.806225
53	101	1.15714
53	102	0.927342
53	133	0.809679
53	136	0.842363
53	154	1.12923
53	155	1.14479
53	158	1.18275
53	161	0.835954
53	165	0.845451
54	62	1.08935
54	64	1.1633
54	66	1.16321
54	87	1.0915
54	93	1.06366
54	96	1.06365
54	99	1.20814
54	117	0.886535
54	122	1.10046
54	133	0.807617
54	152	1.08166
54	155	0.790207
54	157	0.845493
54	162	1.17899
54	172	0.874204
54	179	0.865634
55	3	1.13596
55	12	1.16503
55	13	1.15629
55	52	1.10803
55	77	1.14033
55	82	1.14885
55	110	1.14274
55	111	0.79475
55	135	1.0703
55	143	0.764859
55	150	1.10755
55	170	0.813051
55	171	0.897399
55	175	0.90357
55	176	0.898789
55	177	1.02444
56	33	1.15844
56	44	1.11016
56	65	1.00876
56	88	1.16164
56	101	1.14254
56	103	1.14588
56	118	0.728064
56	122	1.07459
56	148	1.10516
56	155	1.13019
56	158	1.16815
56	164	0.881893
56	172	0.841398
56	173	0.793946
56	175	0.915172
56	176	0.910391
57	21	1.08274
57	35	1.19078
57	48	0.754851
57	75	1.10869
57	85	1.11581
57	87	1.08357
57	93	1.05573
57	96	1.05573
57	99	1.20021
57	111	0.862571
57	118	0.784283
57	134	0.792504
57	154	1.13257
57	162	1.17106
57	165	0.866801
57	176	0.96661
58	103	1.1563
58	107	1.16153
58	112	1.11986
58	117	0.847781
58	118	0.722117
58	120	1.0944
58	126	1.10584
58	131	1.14522
58	138	1.10108
58	146	1.10637
58	147	1.10307
58	151	0.810211
58	160	0.79299
58	166	1.11401
58	175	0.909225
58	178	0.99058
59	60	1.19363
59	78	1.1697
59	95	1.10458
59	106	1.11863
59	109	0.790126
59	119	0.94415
59	124	1.13299
59	128	1.10685
59	129	1.06708
59	130	1.15345
59	132	1.0706
59	156	0.760792
59	166	0.781482
59	171	0.911297
59	173	0.796242
59	180	1.08233
60	59	1.19363
60	67	1.28386
60	91	1.20636
60	95	1.26118
60	97	1.27464
60	105	0.819146
60	124	1.28959
60	129	1.22368
60	132	1.2272
60	159	0.686449
60	160	0.654089
60	165	0.665734
60	167	0.691857
60	175	0.770324
60	177	0.744993
60	180	1.23893
61	21	1.21958
61	26	1.21549
61	27	1.21958
61	32	1.30606
61	37	1.17341
61	75	1.24554
61	76	1.29411
61	85	1.25266
61	145	0.736282
61	154	1.26941
61	157	0.686121
61	164	0.755329
61	165	0.684018
61	170	0.698089
61	178	0.869963
61	180	0.687995
62	54	1.08935
62	64	1.16326
62	66	1.16317
62	87	1.09146
62	93	1.06361
62	96	1.06361
62	99	1.20809
62	122	1.10042
62	134	0.781362
62	137	0.857943
62	151	0.861235
62	152	1.08161
62	160	0.844014
62	162	1.17894
62	163	0.872261
62	165	0.855659
63	9	1.15809
63	12	1.1791
63	25	0.815776
63	34	0.746717
63	52	1.1221
63	68	0.816461
63	89	1.06208
63	110	1.15681
63	118	0.794895
63	127	1.11797
63	134	1.15816
63	135	1.08438
63	150	1.12163
63	159	0.898128
63	167	0.903535
63	177	1.03852
64	42	1.20652
64	54	1.1633
64	62	1.16326
64	66	1.23713
64	87	1.16542
64	93	1.13757
64	96	1.13757
64	99	1.28205
64	117	0.787503
64	133	0.708585
64	152	1.15557
64	159	0.765072
64	162	1.2529
64	170	0.758428
64	173	0.727721
64	176	0.844166
64	177	0.823615
65	19	1.09915
65	33	1.12954
65	38	0.992022
65	44	1.08126
65	56	1.00876
65	101	1.11363
65	103	1.11698
65	109	0.845308
65	122	1.04569
65	137	0.870345
65	148	1.07626
65	152	0.913353
65	155	1.10129
65	158	1.13925
65	163	0.884663
65	171	0.966479
65	179	0.890305
66	42	1.20643
66	54	1.16321
66	62	1.16317
66	64	1.23713
66	87	1.16533
66	93	1.13748
66	96	1.13748
66	99	1.28196
66	143	0.695448
66	148	0.714978
66	152	1.15548
66	162	1.25281
66	166	0.698174
66	175	0.834159
66	177	0.808827
66	178	0.915515
66	179	0.751815
67	22	1.14446
67	47	1.19417
67	60	1.28386
67	70	0.697795
67	78	1.25993
67	80	1.13463
67	95	1.1948
67	128	1.19708
67	129	1.15731
67	132	1.16083
67	159	0.762198
67	168	0.803747
67	169	0.795796
67	172	0.772299
67	177	0.820741
67	179	0.763728
67	180	1.17256
68	7	0.625544
68	63	0.816461
68	77	0.678352
68	88	0.694361
68	94	0.685249
68	99	0.669935
68	128	0.707613
68	168	1.19996
68	169	1.20974
68	170	1.23399
68	171	1.16597
68	172	1.21064
68	173	1.25651
68	175	1.16198
68	176	1.15988
68	177	1.18035
68	178	1.11428
69	104	0.773122
69	115	1.13946
69	120	1.12004
69	126	1.13147
69	131	1.17085
69	140	1.10421
69	142	1.14014
69	145	0.883583
69	146	1.132
69	147	1.12871
69	153	0.803081
69	155	0.778137
69	156	0.779233
69	158	1.20421
69	162	1.18918
69	163	0.847921
69	166	1.13964
69	179	0.853564
70	67	0.697795
70	85	0.713402
70	105	0.753927
70	111	1.20963
70	127	0.73337
70	128	0.724877
70	132	0.778019
70	140	0.73404
70	163	1.17393
70	165	1.19254
70	168	1.15047
70	170	1.18449
70	171	1.11648
70	174	1.15003
70	175	1.11249
70	176	1.11039
70	177	1.13086
70	178	1.06479
71	15	1.17989
71	40	1.1946
71	105	1.13621
71	106	0.784941
71	109	0.777218
71	111	0.79574
71	126	1.12906
71	138	1.12431
71	140	1.1018
71	142	1.13773
71	146	1.12959
71	147	1.1263
71	158	1.2018
71	166	1.13723
71	171	0.898389
71	172	0.830785
71	179	0.822215
71	180	0.803946
72	17	1.1775
72	24	0.637802
72	37	1.06936
72	76	1.19006
72	77	1.19372
72	81	1.18641
72	85	1.14861
72	89	1.10139
72	135	1.12369
72	136	0.784988
72	150	1.16094
72	152	0.833368
72	154	1.16537
72	166	0.756679
72	175	0.892665
72	177	1.07783
72	178	0.974021
72	180	0.792052
73	15	1.16962
73	46	0.726824
73	107	1.17449
73	120	1.10736
73	125	0.755309
73	130	1.17714
73	138	1.11404
73	142	1.12746
73	146	1.11932
73	147	1.11603
73	151	0.822655
73	158	1.19153
73	161	0.807582
73	162	1.1765
73	165	0.817079
73	166	1.12696
73	175	0.921669
73	180	0.821056
74	91	1.21969
74	95	1.27451
74	124	1.30292
74	129	1.23701
74	132	1.24053
74	133	0.634509
74	138	1.26028
74	142	1.2737
74	147	1.26227
74	155	0.6171
74	166	1.27321
74	167	0.696404
74	168	0.732546
74	169	0.724594
74	174	0.727933
74	176	0.77009
74	178	0.856227
74	180	1.25226
75	21	1.1179
75	26	1.1138
75	27	1.11789
75	32	1.20437
75	37	1.07172
75	53	1.10535
75	57	1.10869
75	61	1.24554
75	76	1.19242
75	85	1.15097
75	145	0.83466
75	154	1.16772
75	157	0.784499
75	159	0.80311
75	161	0.772898
75	168	0.84466
75	170	0.796467
75	171	0.880814
76	17	1.22843
76	25	0.692447
76	26	1.16237
76	27	1.16646
76	32	1.25295
76	34	0.623389
76	35	1.27451
76	37	1.1203
76	61	1.29411
76	72	1.19006
76	75	1.19242
76	85	1.19954
76	106	0.739056
76	125	0.692314
76	154	1.2163
76	169	0.808397
76	172	0.784899
76	176	0.853893
76	179	0.776329
77	3	1.24394
77	9	1.25199
77	45	0.698543
77	48	1.2501
77	51	1.19452
77	52	1.216
77	55	1.14033
77	68	0.678352
77	72	1.19372
77	82	1.25683
77	84	0.700078
77	94	1.20499
77	109	0.716552
77	117	0.782449
77	150	1.21553
77	157	0.741408
77	164	0.810615
77	171	0.837723
77	177	1.13242
78	20	1.21663
78	22	1.1869
78	59	1.1697
78	67	1.25993
78	80	1.17707
78	91	1.18243
78	97	1.2507
78	104	0.689101
78	128	1.23952
78	129	1.19975
78	132	1.20327
78	136	0.74421
78	144	0.769355
78	163	0.7639
78	164	0.818608
78	166	0.715901
78	169	0.80161
78	170	0.761368
78	180	1.215
79	3	1.25968
79	10	1.25014
79	23	1.188
79	31	1.16038
79	51	1.21027
79	89	1.17172
79	94	1.22073
79	110	1.26646
79	113	0.744855
79	125	0.67978
79	133	0.705778
79	135	1.19403
79	150	1.23128
79	159	0.762265
79	167	0.767672
79	169	0.795863
79	171	0.839969
79	177	1.14817
79	179	0.763795
80	20	1.09133
80	29	1.09105
80	67	1.13463
80	78	1.17707
80	91	1.05713
80	97	1.1254
80	104	0.77213
80	106	1.126
80	124	1.14036
80	128	1.11422
80	129	1.07445
80	132	1.07797
80	155	0.777144
80	167	0.856449
80	171	0.928745
80	173	0.81369
80	178	1.01627
80	179	0.852571
80	180	1.0897
81	9	1.24468
81	10	1.22709
81	11	1.23774
81	72	1.18641
81	82	1.24952
81	88	1.25966
81	89	1.14867
81	110	1.2434
81	135	1.17097
81	150	1.20822
81	156	0.693671
81	161	0.736259
81	165	0.745756
81	166	0.714361
81	168	0.808021
81	169	0.800069
81	170	0.759828
81	174	0.803407
81	177	1.12511
82	11	1.25358
82	51	1.20305
82	55	1.14885
82	77	1.25683
82	81	1.24952
82	89	1.1645
82	94	1.21351
82	106	0.721663
82	110	1.25924
82	114	0.778117
82	135	1.1868
82	150	1.22405
82	153	0.708454
82	160	0.725047
82	168	0.798956
82	172	0.767507
82	173	0.720056
82	175	0.841281
82	177	1.14094
83	16	1.26834
83	18	1.11589
83	86	1.22692
83	90	1.2042
83	92	1.19983
83	108	1.19833
83	111	0.706095
83	116	1.1679
83	119	1.22181
83	139	1.23395
83	141	1.26902
83	156	0.658239
83	160	0.69868
83	164	0.781636
83	173	0.693689
83	175	0.814915
83	176	0.810134
83	178	0.89627
83	179	1.19824
84	15	0.675918
84	48	1.25422
84	53	0.806225
84	77	0.700078
84	85	0.717864
84	91	0.774801
84	99	0.691661
84	100	0.727641
84	107	0.682051
84	136	1.2042
84	163	1.17961
84	167	1.17625
84	169	1.16592
84	172	1.16682
84	173	1.21269
84	174	1.15571
84	175	1.11816
84	176	1.11606
84	178	1.07046
84	179	1.17469
85	17	1.18698
85	26	1.12092
85	27	1.12501
85	32	1.21149
85	35	1.23305
85	37	1.07884
85	57	1.11581
85	61	1.25266
85	70	0.713402
85	72	1.14861
85	75	1.15097
85	76	1.19954
85	84	0.717864
85	151	0.762666
85	154	1.17484
85	170	0.771162
85	171	0.855509
85	174	0.814741
85	176	0.856899
85	179	0.779336
86	6	1.17078
86	39	1.21575
86	83	1.22692
86	90	1.12749
86	108	1.12162
86	114	0.794331
86	116	1.09119
86	117	0.796051
86	119	1.1451
86	123	1.26363
86	125	0.691135
86	127	1.16282
86	139	1.15723
86	141	1.1923
86	144	0.774964
86	166	0.721509
86	168	0.815169
86	177	0.832163
86	178	0.938851
86	179	1.12153
87	7	1.26032
87	25	0.754425
87	42	1.13472
87	54	1.0915
87	57	1.08357
87	62	1.09146
87	64	1.16542
87	66	1.16533
87	93	1.06577
87	96	1.06576
87	99	1.21025
87	122	1.10257
87	152	1.08377
87	156	0.763977
87	157	0.818166
87	162	1.1811
87	164	0.887374
87	170	0.830134
87	171	0.914482
87	172	0.846878
87	173	0.799427
88	24	0.605039
88	38	1.14491
88	51	1.21318
88	52	1.23467
88	56	1.16164
88	68	0.694361
88	81	1.25966
88	94	1.22365
88	101	1.26652
88	104	0.697116
88	134	1.27073
88	148	1.22915
88	149	0.723045
88	155	1.25417
88	158	1.29214
88	163	0.771915
88	170	0.769383
88	173	0.738676
88	175	0.859902
88	177	1.15108
88	180	0.759289
89	1	1.18416
89	12	1.18068
89	13	1.17194
89	23	1.07993
89	63	1.06208
89	72	1.10139
89	79	1.17172
89	81	1.14867
89	82	1.1645
89	94	1.11266
89	121	0.793538
89	134	1.15974
89	150	1.1232
89	151	0.841046
89	155	0.782288
89	166	0.804074
89	169	0.889783
89	173	0.818834
89	174	0.893121
89	177	1.04009
89	180	0.839446
90	18	1.01646
90	50	1.12264
90	83	1.2042
90	86	1.12749
90	108	1.0989
90	116	1.06847
90	119	1.12238
90	123	1.24092
90	127	1.14011
90	134	0.767538
90	139	1.13452
90	141	1.16959
90	143	0.807714
90	154	1.14819
90	159	0.86255
90	163	0.858438
90	165	0.841835
90	166	0.810439
90	167	0.867957
90	179	1.09881
90	180	0.845811
91	20	1.09669
91	47	1.11667
91	60	1.20636
91	74	1.21969
91	78	1.18243
91	80	1.05713
91	84	0.774801
91	97	1.13076
91	102	0.895918
91	124	1.14572
91	128	1.11958
91	129	1.0798
91	130	1.16618
91	132	1.08332
91	134	0.73973
91	136	0.810939
91	152	0.85932
91	172	0.844842
91	173	0.797391
91	177	0.893285
91	180	1.09506
92	18	1.01208
92	34	0.70247
92	43	1.12758
92	83	1.19983
92	100	1.17285
92	106	0.818138
92	108	1.09453
92	116	1.0641
92	119	1.118
92	123	1.23654
92	127	1.13573
92	139	1.13014
92	141	1.16521
92	145	0.88543
92	152	0.878459
92	154	1.14381
92	156	0.78108
92	163	0.849769
92	172	0.863981
92	179	1.09444
92	180	0.837143
93	7	1.23247
93	14	1.03406
93	42	1.10687
93	45	0.81436
93	54	1.06366
93	57	1.05573
93	62	1.06361
93	64	1.13757
93	66	1.13748
93	87	1.06577
93	96	1.03792
93	99	1.1824
93	122	1.07473
93	145	0.907385
93	148	0.84053
93	152	1.05592
93	156	0.803035
93	157	0.857224
93	162	1.15325
93	168	0.917385
93	169	0.909434
93	170	0.869192
94	1	1.23316
94	9	1.20867
94	68	0.685249
94	77	1.20499
94	79	1.22073
94	82	1.21351
94	88	1.22365
94	89	1.11266
94	102	0.828091
94	110	1.20739
94	113	0.749505
94	127	1.16855
94	134	1.20875
94	135	1.13496
94	144	0.768259
94	149	0.713933
94	150	1.17221
94	151	0.751776
94	160	0.734555
94	169	0.800513
94	177	1.0891
94	178	0.932146
95	4	1.20893
95	29	1.15123
95	59	1.10458
95	60	1.26118
95	67	1.1948
95	74	1.27451
95	97	1.18558
95	124	1.20053
95	128	1.17439
95	129	1.13462
95	130	1.22099
95	132	1.13814
95	137	0.742783
95	151	0.746074
95	161	0.731001
95	166	0.709102
95	172	0.771313
95	174	0.798149
95	177	0.819756
95	178	0.926443
95	179	0.762743
95	180	1.14988
96	7	1.23247
96	14	1.03406
96	42	1.10687
96	48	0.747227
96	54	1.06365
96	57	1.05573
96	62	1.06361
96	64	1.13757
96	66	1.13748
96	87	1.06576
96	93	1.03792
96	99	1.1824
96	121	0.817244
96	122	1.07472
96	148	0.844585
96	152	1.05592
96	162	1.15325
96	164	0.930487
96	172	0.889992
96	173	0.84254
96	175	0.963766
96	179	0.881422
97	22	1.13523
97	25	0.713363
97	29	1.16469
97	47	1.18495
97	60	1.27464
97	78	1.2507
97	80	1.1254
97	91	1.13076
97	95	1.18558
97	121	0.733069
97	124	1.21399
97	128	1.18785
97	129	1.14808
97	130	1.23445
97	143	0.74088
97	148	0.76041
97	155	0.721819
97	159	0.795716
97	168	0.837265
97	170	0.789072
97	171	0.873419
97	180	1.16334
98	36	0.663852
98	100	0.700037
98	129	0.77085
98	130	0.679029
98	131	0.667226
98	142	0.695537
98	146	0.699494
98	150	0.672733
98	154	0.688392
98	155	1.26066
98	160	1.24131
98	165	1.21925
98	168	1.17718
98	170	1.2112
98	171	1.14319
98	172	1.18786
98	174	1.17674
98	175	1.13919
98	176	1.1371
98	178	1.09149
98	179	1.19573
98	180	1.21312
99	2	0.624136
99	7	1.37695
99	42	1.25135
99	45	0.690126
99	54	1.20814
99	57	1.20021
99	62	1.20809
99	64	1.28205
99	66	1.28196
99	68	0.669935
99	84	0.691661
99	87	1.21025
99	93	1.1824
99	96	1.1824
99	113	0.734192
99	122	1.21921
99	152	1.20041
99	153	0.702649
99	159	0.751602
99	162	1.29774
99	170	0.744958
99	177	0.810145
99	179	0.753132
100	6	1.22051
100	8	0.671667
100	16	1.24137
100	18	1.08891
100	50	1.19509
100	84	0.727641
100	92	1.17285
100	98	0.700037
100	106	0.751839
100	108	1.17136
100	111	0.762637
100	116	1.14092
100	119	1.19483
100	123	1.31337
100	127	1.21256
100	139	1.20697
100	141	1.24204
100	153	0.738629
100	154	1.22064
100	165	0.766867
100	170	0.780938
100	173	0.750231
100	176	0.866676
100	179	1.17126
101	14	1.13881
101	19	1.23293
101	33	1.26332
101	38	1.1258
101	41	0.646165
101	44	1.21504
101	53	1.15714
101	56	1.14254
101	65	1.11363
101	88	1.26652
101	103	1.25076
101	121	0.698799
101	122	1.17947
101	136	0.737644
101	137	0.743016
101	145	0.792996
101	148	1.21004
101	152	0.786025
101	155	1.23507
101	158	1.27303
101	163	0.757334
101	164	0.812042
101	166	0.709336
101	178	0.926677
102	18	1.0194
102	53	0.927342
102	91	0.895918
102	94	0.828091
102	118	1.14279
102	120	0.839454
102	124	0.837933
102	134	1.13225
102	145	1.04836
102	146	0.848215
102	150	0.821455
102	151	1.08346
102	163	1.05568
102	164	1.03335
102	165	1.07428
102	168	1.03222
102	169	1.04199
102	170	1.06624
102	171	0.998231
102	173	1.08877
102	175	0.994234
102	176	0.992136
102	178	0.946534
102	180	1.06816
103	8	0.653919
103	34	0.618423
103	56	1.14588
103	58	1.1563
103	65	1.11698
103	101	1.25076
103	112	1.21766
103	113	0.752424
103	114	0.790544
103	115	1.21163
103	122	1.18282
103	126	1.20364
103	140	1.17638
103	145	0.801383
103	146	1.20417
103	148	1.21339
103	155	1.23841
103	158	1.27638
103	166	1.21181
103	168	0.811383
103	169	0.803431
103	173	0.732483
103	177	0.828377
103	179	0.771364
104	20	0.758521
104	36	0.672486
104	69	0.773122
104	78	0.689101
104	80	0.77213
104	88	0.697116
104	116	0.789946
104	126	0.723602
104	128	0.710368
104	139	0.729639
104	151	1.19799
104	156	1.22716
104	157	1.20321
104	159	1.18987
104	161	1.19331
104	163	1.17021
104	166	1.20363
104	168	1.14674
104	170	1.18077
104	172	1.15742
104	173	1.20329
104	174	1.14631
104	175	1.10876
104	176	1.10666
104	178	1.06106
105	24	0.647342
105	28	1.13565
105	49	1.16985
105	60	0.819146
105	70	0.753927
105	71	1.13621
105	107	1.21603
105	112	1.17435
105	120	1.1489
105	126	1.16033
105	131	1.19971
105	133	0.761843
105	138	1.15558
105	140	1.13307
105	142	1.169
105	146	1.16086
105	147	1.15757
105	155	0.744433
105	160	0.78597
105	162	1.21803
105	163	0.814217
105	166	1.1685
105	172	0.82843
105	174	0.855266
105	180	0.801591
106	37	0.870955
106	59	1.11863
106	71	0.784941
106	76	0.739056
106	80	1.126
106	82	0.721663
106	92	0.818138
106	100	0.751839
106	107	0.706249
106	114	1.16217
106	124	1.21459
106	128	1.18845
106	129	1.14868
106	132	1.1522
106	138	0.768286
106	140	0.762699
106	158	0.693939
106	160	1.19212
106	167	1.1481
106	171	1.094
106	172	1.13867
106	174	1.12755
106	175	1.09001
106	176	1.08791
106	178	1.04231
106	180	1.16393
107	15	1.2597
107	58	1.16153
107	73	1.17449
107	84	0.682051
107	105	1.21603
107	106	0.706249
107	115	1.21686
107	120	1.19744
107	126	1.20887
107	131	1.24826
107	137	0.723562
107	138	1.20412
107	140	1.18161
107	142	1.21754
107	146	1.2094
107	147	1.20611
107	157	0.723381
107	158	1.28161
107	165	0.721277
107	166	1.21705
107	171	0.819696
107	173	0.704641
107	174	0.778928
107	176	0.821086
107	177	0.800535
107	180	0.725254
108	5	1.16481
108	16	1.16304
108	30	1.11299
108	43	1.12608
108	83	1.19833
108	86	1.12162
108	90	1.0989
108	92	1.09453
108	100	1.17136
108	114	0.841526
108	116	1.0626
108	119	1.11651
108	123	1.23505
108	137	0.802385
108	139	1.12865
108	141	1.16372
108	149	0.767833
108	153	0.771863
108	154	1.14232
108	160	0.788455
108	161	0.790603
108	169	0.854413
108	172	0.830916
108	175	0.90469
108	176	0.899909
108	179	1.09294
109	59	0.790126
109	65	0.845308
109	71	0.777218
109	77	0.716552
109	110	0.705705
109	124	0.73329
109	127	0.754306
109	130	0.723107
109	136	1.1697
109	142	0.739616
109	144	1.1688
109	147	0.744682
109	161	1.16821
109	165	1.16371
109	166	1.17852
109	167	1.14174
109	168	1.12164
109	169	1.13141
109	170	1.15566
109	171	1.08765
109	172	1.13232
109	173	1.17819
109	174	1.1212
109	176	1.08156
109	178	1.03595
109	180	1.15758
110	3	1.24635
110	10	1.23681
110	12	1.27541
110	51	1.19693
110	52	1.21841
110	55	1.14274
110	63	1.15681
110	79	1.26646
110	81	1.2434
110	82	1.25924
110	94	1.20739
110	109	0.705705
110	125	0.666687
110	127	1.21428
110	135	1.18069
110	136	0.725369
110	148	0.713866
110	150	1.21794
110	152	0.77375
110	155	0.675275
110	167	0.754579
110	169	0.78277
110	173	0.711821
110	176	0.828265
110	177	1.13483
110	178	0.914402
111	15	0.710914
111	47	0.752569
111	55	0.79475
111	57	0.862571
111	70	1.20963
111	71	0.79574
111	83	0.706095
111	100	0.762637
111	117	1.14833
111	120	0.753333
111	146	0.762094
111	147	0.763204
111	153	1.19821
111	160	1.17904
111	161	1.16148
111	163	1.13837
111	165	1.15698
111	166	1.17179
111	167	1.13502
111	168	1.11491
111	170	1.14893
111	171	1.08092
111	173	1.17146
111	175	1.07693
111	176	1.07483
111	178	1.02923
112	34	0.64871
112	40	1.23274
112	58	1.11986
112	103	1.21766
112	105	1.17435
112	114	0.820831
112	115	1.17518
112	120	1.15576
112	126	1.1672
112	131	1.20658
112	137	0.78169
112	138	1.16244
112	140	1.13993
112	142	1.17586
112	146	1.16773
112	147	1.16443
112	148	0.764814
112	149	0.747138
112	153	0.751168
112	156	0.72732
112	158	1.23994
112	161	0.769908
112	162	1.2249
112	166	1.17537
112	167	0.805528
112	176	0.879214
112	177	0.858663
113	1	0.776031
113	49	0.780091
113	51	0.779882
113	79	0.744855
113	94	0.749505
113	99	0.734192
113	103	0.752424
113	132	0.825012
113	135	0.750996
113	144	1.16953
113	146	0.769629
113	149	1.21031
113	151	1.17361
113	160	1.18649
113	161	1.16893
113	163	1.14583
113	165	1.16443
113	167	1.14247
113	168	1.12236
113	169	1.13214
113	170	1.15639
113	171	1.08838
113	172	1.13304
113	175	1.08438
113	176	1.08228
113	178	1.03668
114	32	0.790738
114	33	0.724961
114	82	0.778117
114	86	0.794331
114	103	0.790544
114	106	1.16217
114	108	0.841526
114	112	0.820831
114	116	0.889568
114	143	1.18734
114	150	0.780989
114	153	1.17323
114	157	1.1464
114	159	1.13305
114	162	0.751053
114	164	1.09107
114	165	1.132
114	167	1.11004
114	168	1.08993
114	169	1.09971
114	170	1.12396
114	171	1.05594
114	172	1.10061
114	173	1.14648
114	174	1.08949
114	175	1.05195
114	178	1.00425
115	41	0.690188
115	48	0.672805
115	49	1.17068
115	69	1.13946
115	103	1.21163
115	107	1.21686
115	112	1.17518
115	118	0.702236
115	126	1.16116
115	130	1.21951
115	131	1.20055
115	136	0.781667
115	138	1.15641
115	140	1.1339
115	142	1.16983
115	146	1.16169
115	147	1.1584
115	158	1.2339
115	159	0.805469
115	161	0.775257
115	162	1.21887
115	164	0.856066
115	165	0.784754
115	166	1.16933
115	173	0.768119
115	177	0.864013
115	179	0.807
116	5	1.13438
116	16	1.13261
116	30	1.08255
116	39	1.15673
116	43	1.09565
116	83	1.1679
116	86	1.09119
116	90	1.06847
116	92	1.0641
116	100	1.14092
116	104	0.789946
116	108	1.0626
116	114	0.889568
116	119	1.08608
116	121	0.806211
116	123	1.20461
116	139	1.09821
116	141	1.13328
116	145	0.900407
116	154	1.11189
116	156	0.796057
116	161	0.838645
116	165	0.848143
116	168	0.910407
116	173	0.831507
116	179	1.06251
116	180	0.852119
117	33	0.726681
117	34	1.26269
117	54	0.886535
117	58	0.847781
117	64	0.787503
117	77	0.782449
117	86	0.796051
117	111	1.14833
117	131	0.777201
117	145	1.10532
117	147	0.810579
117	153	1.17248
117	157	1.14564
117	158	0.752113
117	161	1.13574
117	162	0.752773
117	163	1.11264
117	165	1.13124
117	167	1.10928
117	168	1.08917
117	170	1.1232
117	172	1.09986
117	174	1.08874
117	175	1.05119
117	176	1.04909
117	177	1.06957
117	178	1.00349
118	56	0.728064
118	57	0.784283
118	58	0.722117
118	63	0.794895
118	102	1.14279
118	115	0.702236
118	120	0.675045
118	122	0.751221
118	139	0.705317
118	141	0.656519
118	142	0.679849
118	156	1.24674
118	158	0.626449
118	159	1.20945
118	161	1.21289
118	163	1.18979
118	164	1.16746
118	165	1.20839
118	167	1.18643
118	169	1.1761
118	171	1.13234
118	172	1.177
118	173	1.22287
118	174	1.16589
118	175	1.12834
118	176	1.12624
118	180	1.20226
119	5	1.18829
119	8	0.680275
119	18	1.03406
119	30	1.13646
119	39	1.21064
119	50	1.14024
119	59	0.94415
119	83	1.22181
119	86	1.1451
119	90	1.12238
119	92	1.118
119	100	1.19483
119	108	1.11651
119	116	1.08608
119	123	1.25852
119	133	0.739703
119	139	1.15212
119	141	1.18719
119	145	0.827739
119	148	0.760884
119	154	1.16579
119	161	0.765978
119	163	0.792078
119	172	0.80629
119	174	0.833126
119	176	0.875284
119	179	1.11642
119	180	0.779452
120	28	1.11707
120	36	1.20795
120	58	1.0944
120	69	1.12004
120	73	1.10736
120	102	0.839454
120	105	1.1489
120	107	1.19744
120	111	0.753333
120	112	1.15576
120	118	0.675045
120	130	1.20009
120	138	1.13699
120	140	1.11448
120	142	1.15041
120	145	0.809827
120	146	1.14227
120	147	1.13898
120	157	0.759667
120	158	1.21448
120	162	1.19945
120	165	0.757563
120	166	1.14991
120	167	0.783685
120	173	0.740927
120	175	0.862153
120	177	0.836821
120	178	0.943508
121	28	0.773619
121	52	0.762623
121	89	0.793538
121	96	0.817244
121	97	0.733069
121	101	0.698799
121	116	0.806211
121	123	0.671065
121	134	1.23119
121	135	0.705758
121	140	0.735796
121	142	0.720435
121	143	1.22856
121	156	1.21156
121	164	1.13229
121	165	1.17322
121	167	1.15126
121	168	1.13115
121	170	1.16517
121	171	1.09716
121	172	1.14183
121	173	1.1877
121	174	1.13071
121	175	1.09317
121	176	1.09107
121	177	1.11154
121	179	1.1497
121	180	1.16709
122	38	1.05786
122	42	1.14368
122	44	1.1471
122	46	0.743484
122	54	1.10046
122	56	1.07459
122	62	1.10042
122	65	1.04569
122	87	1.10257
122	93	1.07473
122	96	1.07472
122	99	1.21921
122	101	1.17947
122	103	1.18282
122	118	0.751221
122	143	0.799618
122	148	1.1421
122	149	0.801472
122	152	1.09273
122	155	1.16713
122	156	0.781653
122	157	0.835843
122	158	1.20509
122	160	0.822094
122	162	1.19006
122	163	0.850342
122	171	0.932158
122	176	0.933548
122	179	0.855984
123	5	1.30683
123	6	1.2842
123	39	1.32918
123	43	1.2681
123	45	0.672237
123	50	1.25878
123	86	1.26363
123	90	1.24092
123	92	1.23654
123	100	1.31337
123	108	1.23505
123	116	1.20461
123	119	1.25852
123	121	0.671065
123	134	0.6387
123	139	1.27066
123	141	1.30573
123	144	0.735056
123	151	0.718574
123	153	0.68476
123	154	1.28433
123	156	0.660912
123	161	0.7035
123	168	0.775262
123	170	0.727069
123	172	0.743813
123	173	0.696362
123	174	0.770648
123	179	1.23496
124	4	1.23735
124	20	1.17992
124	22	1.15019
124	24	0.605769
124	29	1.17964
124	47	1.1999
124	59	1.13299
124	60	1.28959
124	74	1.30292
124	80	1.14036
124	91	1.14572
124	95	1.20053
124	97	1.21399
124	102	0.837933
124	106	1.21459
124	109	0.73329
124	128	1.20281
124	129	1.16304
124	132	1.16656
124	133	0.72027
124	134	0.681745
124	143	0.721921
124	151	0.761618
124	159	0.776757
124	170	0.770113
124	171	0.85446
124	172	0.786857
124	176	0.85585
124	180	1.17829
125	14	0.753215
125	29	0.829099
125	50	0.767604
125	73	0.755309
125	76	0.692314
125	79	0.67978
125	86	0.691135
125	110	0.666687
125	126	0.720029
125	129	0.77591
125	132	0.759936
125	139	0.726065
125	144	1.20136
125	151	1.20544
125	152	1.16328
125	159	1.19732
125	160	1.21832
125	161	1.20076
125	163	1.17766
125	165	1.19626
125	169	1.16397
125	170	1.18822
125	171	1.12021
125	172	1.16487
125	173	1.21074
125	174	1.15376
125	175	1.11621
125	176	1.11411
125	177	1.13459
125	178	1.06851
126	15	1.204
126	36	1.21938
126	58	1.10584
126	69	1.13147
126	71	1.12906
126	103	1.20364
126	104	0.723602
126	105	1.16033
126	107	1.20887
126	112	1.1672
126	115	1.16116
126	125	0.720029
126	131	1.19256
126	137	0.784083
126	138	1.14842
126	140	1.12591
126	142	1.16184
126	146	1.15371
126	147	1.15041
126	153	0.753561
126	155	0.728617
126	156	0.729713
126	160	0.770154
126	162	1.21088
126	164	0.85311
126	166	1.16135
126	170	0.79587
126	174	0.83945
126	178	0.967744
126	180	0.785775
127	10	1.19796
127	13	1.22783
127	30	1.15419
127	41	0.682491
127	50	1.15797
127	52	1.17957
127	63	1.11797
127	70	0.73337
127	86	1.16282
127	90	1.14011
127	92	1.13573
127	94	1.16855
127	100	1.21256
127	109	0.754306
127	110	1.21428
127	135	1.14185
127	139	1.16985
127	141	1.20492
127	150	1.1791
127	152	0.822351
127	153	0.74882
127	157	0.779161
127	160	0.765412
127	161	0.76756
127	164	0.848369
127	173	0.760422
127	177	1.09599
127	178	0.963003
127	179	1.13414
127	180	0.781034
128	4	1.21121
128	20	1.15378
128	22	1.12405
128	29	1.1535
128	31	0.816197
128	47	1.17376
128	59	1.10685
128	67	1.19708
128	68	0.707613
128	70	0.724877
128	78	1.23952
128	80	1.11422
128	91	1.11958
128	95	1.17439
128	97	1.18785
128	104	0.710368
128	106	1.18845
128	124	1.20281
128	129	1.1369
128	130	1.22327
128	132	1.14042
128	145	0.820829
128	149	0.736297
128	155	0.715383
128	166	0.737169
128	168	0.830829
128	170	0.782636
128	174	0.826216
128	178	0.95451
128	180	1.15215
129	4	1.17144
129	20	1.11401
129	29	1.11373
129	47	1.13399
129	59	1.06708
129	60	1.22368
129	67	1.15731
129	74	1.23701
129	78	1.19975
129	80	1.07445
129	91	1.0798
129	95	1.13462
129	97	1.14808
129	98	0.77085
129	106	1.14868
129	124	1.16304
129	125	0.77591
129	128	1.1369
129	130	1.1835
129	132	1.10065
129	133	0.801908
129	134	0.763383
129	149	0.805413
129	153	0.809443
129	155	0.784498
129	160	0.826035
129	166	0.806284
129	170	0.851751
129	174	0.895331
129	179	0.859925
129	180	1.11238
130	2	0.639108
130	22	1.17065
130	59	1.15345
130	73	1.17714
130	91	1.16618
130	95	1.22099
130	97	1.23445
130	98	0.679029
130	109	0.723107
130	115	1.21951
130	120	1.20009
130	128	1.22327
130	129	1.1835
130	131	1.25091
130	132	1.18702
130	140	1.18426
130	142	1.22019
130	146	1.21205
130	147	1.20876
130	151	0.751435
130	156	0.693773
130	157	0.747963
130	158	1.28426
130	160	0.734214
130	167	0.771982
130	172	0.776674
130	173	0.729223
130	174	0.80351
130	178	0.931804
130	179	0.768104
130	180	1.19875
131	28	1.16788
131	40	1.2581
131	49	1.20208
131	58	1.14522
131	69	1.17085
131	98	0.667226
131	105	1.19971
131	107	1.24826
131	112	1.20658
131	115	1.20055
131	117	0.777201
131	126	1.19256
131	130	1.25091
131	138	1.18781
131	140	1.1653
131	142	1.20123
131	144	0.756114
131	146	1.19309
131	147	1.1898
131	151	0.739632
131	155	0.680874
131	157	0.73616
131	158	1.2653
131	160	0.722411
131	162	1.25026
131	167	0.760178
131	169	0.788369
131	172	0.764871
131	176	0.833865
131	177	0.813314
131	179	0.756301
132	4	1.17496
132	20	1.11753
132	22	1.0878
132	29	1.11725
132	46	0.731451
132	47	1.13751
132	59	1.0706
132	60	1.2272
132	67	1.16083
132	70	0.778019
132	74	1.24053
132	78	1.20327
132	80	1.07797
132	91	1.08332
132	95	1.13814
132	106	1.1522
132	113	0.825012
132	124	1.16656
132	125	0.759936
132	128	1.14042
132	129	1.10065
132	130	1.18702
132	149	0.789439
132	155	0.768525
132	156	0.769621
132	163	0.838309
132	165	0.821706
132	170	0.835778
132	177	0.900965
132	179	0.843952
132	180	1.1159
133	50	0.793602
133	53	0.809679
133	54	0.807617
133	64	0.708585
133	74	0.634509
133	79	0.705778
133	105	0.761843
133	119	0.739703
133	124	0.72027
133	129	0.801908
133	139	0.752063
133	145	1.1667
133	151	1.2018
133	156	1.23097
133	157	1.20702
133	158	0.673195
133	159	1.19368
133	161	1.19712
133	165	1.19262
133	167	1.17066
133	168	1.15055
133	169	1.16033
133	170	1.18458
133	171	1.11657
133	172	1.16123
133	173	1.2071
133	174	1.15012
133	176	1.11047
133	177	1.13095
133	178	1.06487
134	11	1.24882
134	13	1.26803
134	23	1.17602
134	26	0.735509
134	29	0.816572
134	50	0.755078
134	57	0.792504
134	62	0.781362
134	63	1.15816
134	88	1.27073
134	89	1.15974
134	90	0.767538
134	91	0.73973
134	94	1.20875
134	102	1.13225
134	121	1.23119
134	123	0.6387
134	124	0.681745
134	129	0.763383
134	141	0.66474
134	146	0.692027
134	150	1.21929
134	158	0.63467
134	164	1.15693
134	165	1.19786
134	167	1.1759
134	168	1.15579
134	170	1.18981
134	171	1.1218
134	175	1.11781
134	177	1.13618
134	178	1.07011
135	1	1.20646
135	3	1.17391
135	9	1.18196
135	10	1.16437
135	11	1.17503
135	12	1.20298
135	13	1.19424
135	48	1.18008
135	51	1.1245
135	55	1.0703
135	63	1.08438
135	72	1.12369
135	79	1.19403
135	81	1.17097
135	82	1.1868
135	94	1.13496
135	110	1.18069
135	113	0.750996
135	121	0.705758
135	127	1.14185
135	150	1.14551
135	152	0.792984
135	159	0.768405
135	164	0.819001
135	166	0.716295
135	168	0.809955
135	169	0.802003
135	171	0.846109
135	175	0.85228
135	176	0.847499
135	177	1.06239
135	178	0.933636
135	180	0.751667
136	8	1.2394
136	12	0.734936
136	16	0.716943
136	18	0.934418
136	53	0.842363
136	72	0.784988
136	78	0.74421
136	84	1.2042
136	91	0.810939
136	101	0.737644
136	109	1.1697
136	110	0.725369
136	115	0.781667
136	138	0.780227
136	145	1.11995
136	147	0.764346
136	151	1.15506
136	153	1.18711
136	156	1.18422
136	157	1.16028
136	161	1.15038
136	162	0.70654
136	163	1.12727
136	164	1.10495
136	167	1.12392
136	169	1.11359
136	170	1.13784
136	171	1.06983
136	173	1.16036
136	174	1.10337
136	175	1.06583
136	176	1.06373
136	178	1.01813
136	180	1.13975
137	28	0.817835
137	47	0.759084
137	62	0.857943
137	65	0.870345
137	95	0.742783
137	101	0.743016
137	107	0.723562
137	108	0.802385
137	112	0.78169
