1	8	1.40266
1	14	1.50716
1	47	1.3371
1	68	1.25332
1	80	1.32959
1	90	1.40796
1	101	1.36221
1	107	0.483826
1	171	0.494503
1	173	0.485993
1	175	0.460262
1	176	0.482192
2	40	1.26415
2	47	1.37477
2	59	0.481967
2	76	1.38002
2	80	1.36726
2	81	1.3683
2	90	1.44563
2	101	1.39987
2	144	0.483428
2	146	0.467348
2	151	0.484222
2	169	0.489895
3	16	1.34087
3	47	1.38776
3	68	1.30398
3	76	1.393
3	80	1.38025
3	81	1.38128
3	101	1.41286
3	138	0.450234
3	142	0.479381
3	163	0.473462
3	168	0.517003
3	180	0.486769
4	26	1.126
4	57	1.08647
4	66	0.980399
4	71	1.11386
4	82	1.04953
4	87	1.12508
4	88	1.00128
4	95	1.06795
4	134	0.771215
4	146	0.815589
4	172	1.04943
4	179	0.817226
5	22	1.35386
5	32	1.30859
5	37	1.29237
5	65	1.51031
5	89	1.36977
5	105	0.383861
5	149	1.37212
5	155	0.366526
5	158	1.39298
5	161	0.383264
5	162	0.874889
5	168	0.398253
6	66	1.29647
6	71	1.42993
6	82	1.3656
6	87	1.44115
6	88	1.31735
6	95	1.38401
6	153	0.499735
6	163	0.469613
6	166	0.466211
6	171	0.488373
6	172	1.3655
6	180	0.48292
7	45	1.34646
7	69	1.40321
7	75	0.456834
7	79	1.35684
7	94	1.36494
7	98	1.38358
7	105	0.496201
7	135	1.38683
7	147	0.511331
7	157	0.470197
7	160	0.469632
7	172	1.35815
8	1	1.40266
8	40	1.27765
8	68	1.30449
8	76	1.39352
8	80	1.38076
8	81	1.38179
8	90	1.45913
8	139	0.488005
8	166	0.476529
8	177	0.471069
8	178	0.475407
8	180	0.493237
9	37	1.26446
9	112	1.39343
9	115	0.48948
9	118	1.35271
9	127	1.41127
9	136	1.41707
9	137	1.39232
9	166	0.476499
9	173	0.490152
9	175	0.464421
9	176	0.486351
9	177	1.36875
10	62	0.347002
10	106	1.43313
10	109	1.46953
10	113	1.48565
10	122	1.51959
10	132	1.4861
10	140	1.49773
10	154	1.50827
10	155	0.363821
10	159	0.35796
10	171	0.370768
10	175	0.820654
10	177	0.343146
11	99	0.545405
11	103	0.514631
11	122	0.51805
11	127	0.506173
11	169	1.28803
11	171	1.27922
11	172	0.508615
11	173	1.30297
11	174	1.31326
11	175	1.30413
11	178	1.30401
11	179	1.31998
11	180	1.28839
12	57	0.500519
12	58	1.19396
12	72	1.34773
12	74	0.520827
12	94	1.31166
12	97	1.28092
12	98	1.3303
12	120	0.498504
12	124	1.29703
12	135	1.33355
12	154	0.550752
12	167	0.533779
12	172	1.30487
13	38	1.35842
13	45	1.28369
13	49	1.27731
13	94	1.30217
13	97	1.27143
13	124	1.28754
13	135	1.32406
13	146	0.507592
13	151	0.524467
13	162	0.496309
13	171	0.545427
13	172	1.29538
13	176	0.533116
14	1	1.50716
14	40	1.38216
14	68	1.40899
14	81	1.4863
14	90	1.56363
14	101	1.51788
14	119	1.53389
14	134	0.387342
14	136	0.419496
14	146	0.431716
14	148	0.46265
14	160	0.453369
14	163	0.450789
15	98	0.395321
15	109	1.44898
15	113	1.4651
15	117	1.56338
15	132	1.46555
15	139	1.4921
15	140	1.47718
15	154	1.48772
15	165	0.454267
15	168	0.472294
15	173	0.439005
15	174	0.431539
15	175	0.413273
16	3	1.34087
16	47	1.27583
16	76	1.28107
16	80	1.26832
16	81	1.26935
16	90	1.34668
16	101	1.30093
16	119	1.31694
16	142	0.526817
16	164	0.529659
16	167	0.520733
16	169	0.524372
16	175	0.505418
17	24	0.399791
17	49	1.28941
17	58	1.19656
17	72	1.35033
17	79	1.30616
17	94	1.31426
17	119	0.549624
17	121	0.548907
17	124	1.29964
17	135	1.33615
17	162	0.539118
17	172	1.30747
17	178	0.564952
18	20	0.520915
18	56	0.47082
18	80	1.48226
18	101	1.51487
18	116	1.46333
18	126	1.52927
18	130	1.42311
18	162	1.49674
18	166	0.396499
18	171	0.418661
18	176	0.40635
18	177	1.49042
18	178	0.395377
19	49	1.45653
19	72	1.51745
19	94	1.48138
19	98	1.50002
19	119	0.413294
19	124	1.46676
19	126	0.395302
19	135	1.50327
19	154	0.449953
19	161	0.461698
19	164	0.441907
19	172	1.47459
19	173	0.443397
20	18	0.520915
20	31	0.248938
20	125	0.623412
20	135	0.595836
20	159	1.29988
20	160	1.30795
20	171	1.27997
20	172	0.605688
20	175	1.30487
20	176	1.29272
20	178	1.30475
20	179	1.32072
20	180	1.28914
21	58	1.18984
21	69	1.34581
21	97	1.2768
21	98	1.32618
21	100	1.33828
21	124	1.29291
21	133	0.534091
21	135	1.32943
21	145	0.477438
21	147	0.549379
21	148	0.516962
21	150	0.526053
21	172	1.30075
22	5	1.35386
22	51	0.519546
22	65	1.39485
22	83	0.488204
22	84	1.28355
22	89	1.25432
22	103	1.30188
22	108	0.539875
22	139	1.27736
22	149	1.25666
22	158	1.27752
22	161	0.53946
22	176	0.517357
23	25	1.37365
23	37	0.578309
23	78	1.29307
23	102	1.29162
23	111	1.30989
23	116	1.26566
23	154	1.28452
23	160	0.505863
23	164	1.28884
23	165	0.528797
23	174	0.506069
23	175	0.487803
23	177	1.29275
24	17	0.399791
24	28	0.340778
24	35	1.53031
24	36	1.49984
24	52	1.40657
24	55	1.56082
24	60	1.5037
24	63	1.43528
24	74	0.335873
24	75	1.46347
24	97	0.36131
24	134	0.823423
24	177	0.34013
25	23	1.37365
25	54	0.503673
25	78	1.40523
25	102	1.40378
25	111	1.42204
25	116	1.37782
25	156	1.41157
25	162	0.435804
25	163	0.466161
25	164	1.401
25	171	0.484922
25	174	0.468947
25	177	1.40491
25	179	0.448725
26	4	1.126
26	29	0.438989
26	30	1.4802
26	53	0.494415
26	57	1.45548
26	82	1.41854
26	87	1.49409
26	88	1.37029
26	95	1.43696
26	123	0.470868
26	139	0.473827
26	172	1.41844
26	174	0.468539
26	177	0.456892
27	50	1.32726
27	57	1.44701
27	66	1.34095
27	71	1.47441
27	82	1.41008
27	88	1.36183
27	95	1.42849
27	133	0.482701
27	154	0.470518
27	161	0.482264
27	163	0.453711
27	164	0.462472
27	172	1.40997
27	174	0.456497
28	24	0.340778
28	68	0.535046
28	100	0.480672
28	127	0.474017
28	131	0.475148
28	166	1.40283
28	169	1.3864
28	170	0.487872
28	173	1.40133
28	174	1.41162
28	176	1.39034
28	178	1.40237
28	179	1.41834
28	180	1.38676
29	26	0.438989
29	73	0.445955
29	88	0.502505
29	100	0.46212
29	125	0.475633
29	156	0.467911
29	165	1.37077
29	167	1.39399
29	171	1.38379
29	173	1.40754
29	174	1.41783
29	178	1.40858
29	179	1.42455
29	180	1.39296
30	26	1.4802
30	50	1.32092
30	66	1.3346
30	82	1.40373
30	87	1.47929
30	88	1.35548
30	95	1.42215
30	120	0.440742
30	138	0.452955
30	148	0.488044
30	161	0.504736
30	162	0.445826
30	167	0.476018
30	172	1.40363
31	20	0.248938
31	85	1.37484
31	104	1.41909
31	121	1.4119
31	126	1.45124
31	128	1.42587
31	129	1.35747
31	130	1.34508
31	142	1.41449
31	163	0.601357
31	166	0.597956
31	167	0.601192
31	168	0.171464
31	175	0.585877
32	5	1.30859
32	41	1.24299
32	62	1.269
32	89	1.20904
32	103	1.25661
32	139	1.23209
32	142	1.23804
32	149	1.21139
32	158	1.23225
32	162	0.532972
32	169	0.566803
32	171	0.58209
32	174	0.566115
32	178	0.558806
33	93	1.17622
33	99	1.19028
33	112	1.26755
33	119	0.550561
33	125	1.24769
33	128	0.521433
33	131	1.27883
33	136	1.29118
33	137	1.26643
33	139	0.578487
33	154	0.58722
33	164	1.23895
33	177	1.24286
33	178	0.565889
34	78	1.40058
34	102	1.39913
34	111	1.4174
34	116	1.37317
34	127	0.433711
34	138	0.446927
34	151	1.40619
34	156	1.40692
34	157	0.473301
34	158	0.465028
34	164	1.39635
34	168	0.513697
34	174	0.472942
34	177	1.40026
35	24	1.53031
35	36	1.38496
35	37	0.535501
35	52	1.29169
35	55	1.44594
35	61	1.39777
35	63	1.32041
35	64	1.48031
35	75	1.3486
35	148	0.472336
35	151	0.458276
35	162	0.430118
35	164	0.469236
35	179	0.443038
36	24	1.49984
36	35	1.38496
36	39	1.40613
36	55	1.41547
36	60	1.35835
36	61	1.3673
36	64	1.44984
36	75	1.31812
36	100	0.438333
36	147	0.512403
36	152	0.493413
36	162	0.437767
36	174	0.47091
36	175	0.452644
37	5	1.29237
37	9	1.26446
37	23	0.578309
37	35	0.535501
37	79	0.562472
37	98	0.560268
37	103	1.2404
37	136	1.26804
37	137	1.24329
37	149	1.19518
37	172	0.559698
37	178	1.23197
37	179	1.24794
37	180	1.21636
38	13	1.35842
38	58	1.294
38	69	1.44997
38	72	1.44778
38	97	1.38097
38	98	1.43034
38	104	0.452696
38	120	0.438901
38	135	1.43359
38	152	0.49963
38	172	1.40492
38	174	0.477127
38	176	0.480791
38	179	0.456905
39	36	1.40613
39	48	1.38604
39	60	1.40999
39	61	1.41894
39	63	1.34157
39	64	1.50148
39	75	1.36976
39	119	0.456976
39	138	0.453599
39	141	0.471239
39	143	1.36609
39	163	0.476827
39	179	0.459391
39	180	0.490135
40	2	1.26415
40	8	1.27765
40	14	1.38216
40	68	1.12832
40	76	1.21735
40	80	1.20459
40	81	1.20562
40	90	1.28296
40	101	1.2372
40	120	0.540115
40	142	0.581475
40	162	0.545198
40	176	0.582005
40	179	0.558119
41	32	1.24299
41	43	1.33416
41	62	1.36414
41	65	1.44472
41	84	1.33341
41	86	1.28765
41	89	1.30418
41	103	1.35175
41	151	1.337
41	162	0.486887
41	166	0.513843
41	172	0.483242
41	174	0.52003
41	175	0.501764
41	179	0.499808
42	46	1.35147
42	109	1.27692
42	117	1.39132
42	122	1.32698
42	132	1.29349
42	134	1.37446
42	140	1.30512
42	144	0.483809
42	147	0.531082
42	161	0.515356
42	162	1.33022
42	164	0.495564
42	170	1.35002
42	178	0.48228
42	180	0.50011
43	41	1.33416
43	45	1.32435
43	84	1.32944
43	103	1.34778
43	111	1.34424
43	116	1.30001
43	124	1.3282
43	135	1.36471
43	146	0.487106
43	166	0.502778
43	167	0.506014
43	174	0.508965
43	175	0.490699
43	176	0.512629
43	177	1.3271
44	46	1.3531
44	92	0.488922
44	113	1.29467
44	117	1.39295
44	122	1.32861
44	132	1.29513
44	140	1.30675
44	141	0.50141
44	145	1.34527
44	146	0.487925
44	162	1.33185
44	167	0.506833
44	170	1.35165
44	174	0.509784
44	176	0.513448
45	7	1.34646
45	13	1.28369
45	43	1.32435
45	72	1.37304
45	79	1.32887
45	94	1.33697
45	135	1.35886
45	146	0.476553
45	152	0.520916
45	158	1.31757
45	168	0.539168
45	172	1.33018
45	176	0.502077
45	178	0.491103
45	179	0.47819
46	42	1.35147
46	44	1.3531
46	86	1.30817
46	106	1.26822
46	109	1.30462
46	132	1.32119
46	134	1.40216
46	140	1.33282
46	152	0.519101
46	155	0.505626
46	156	1.35825
46	168	0.537353
46	172	0.45981
46	179	0.476375
46	180	0.507119
47	1	1.3371
47	2	1.37477
47	3	1.38776
47	16	1.27583
47	68	1.23894
47	76	1.32796
47	81	1.31624
47	90	1.39357
47	101	1.34782
47	143	0.512101
47	144	0.494948
47	150	0.518894
47	151	0.495743
47	158	0.492815
47	178	0.493418
48	39	1.38604
48	52	1.24113
48	55	1.39538
48	60	1.33826
48	61	1.34721
48	63	1.26984
48	64	1.42975
48	75	1.29803
48	115	0.506013
48	141	0.490845
48	142	0.502353
48	143	1.29436
48	152	0.521722
48	155	0.508247
48	179	0.478997
49	13	1.27731
49	17	1.28941
49	19	1.45653
49	72	1.36666
49	94	1.33059
49	97	1.29985
49	124	1.31597
49	135	1.35248
49	139	0.500536
49	158	1.31119
49	163	0.492462
49	171	0.511222
49	173	0.502713
49	174	0.495248
49	180	0.505769
50	27	1.32726
50	30	1.32092
50	57	1.29619
50	66	1.19013
50	71	1.32359
50	82	1.25926
50	87	1.33481
50	88	1.21101
50	95	1.27768
50	120	0.508724
50	144	0.541171
50	159	0.550118
50	164	0.552926
50	172	1.25916
50	175	0.528685
50	179	0.526728
51	22	0.519546
51	74	0.514196
51	77	1.29037
51	96	1.2676
51	104	1.27935
51	110	1.3007
51	126	1.3115
51	128	1.28613
51	129	1.21773
51	133	0.556303
51	145	1.2924
51	159	0.533267
51	161	0.555866
51	163	0.527314
51	172	1.28158
51	177	1.27265
52	24	1.40657
52	35	1.29169
52	48	1.24113
52	55	1.3222
52	60	1.26509
52	61	1.27403
52	63	1.19667
52	64	1.35657
52	75	1.22486
52	134	0.488121
52	143	1.22118
52	151	0.549369
52	157	0.554713
52	158	0.546441
52	162	0.521211
52	166	0.548167
53	26	0.494415
53	100	1.34009
53	104	0.525691
53	106	1.21026
53	109	1.24666
53	113	1.26278
53	119	0.527485
53	122	1.29672
53	132	1.26323
53	140	1.27485
53	141	0.541748
53	143	0.561496
53	154	1.28539
53	156	1.30028
53	170	1.31975
53	176	0.553786
54	25	0.503673
54	58	0.599632
54	76	0.533842
54	117	0.499984
54	136	0.524893
54	148	1.27319
54	156	0.532187
54	166	1.28456
54	168	1.25688
54	173	1.28306
54	174	1.29335
54	175	1.28422
54	176	1.27207
54	178	1.2841
54	179	1.30007
54	180	1.26849
55	24	1.56082
55	35	1.44594
55	36	1.41547
55	48	1.39538
55	52	1.3222
55	60	1.41934
55	63	1.35092
55	64	1.51082
55	75	1.37911
55	119	0.433853
55	146	0.434631
55	147	0.497983
55	164	0.462465
55	173	0.463955
55	174	0.45649
55	176	0.460154
56	18	0.47082
56	64	0.497501
56	90	0.520174
56	99	0.592381
56	118	0.570822
56	128	0.540615
56	148	1.2763
56	153	1.24725
56	157	1.28402
56	167	1.27262
56	173	1.28617
56	174	1.29646
56	176	1.27518
56	178	1.28721
56	179	1.30318
56	180	1.2716
57	4	1.08647
57	12	0.500519
57	26	1.45548
57	27	1.44701
57	50	1.29619
57	66	1.30987
57	71	1.44333
57	87	1.45456
57	88	1.33076
57	95	1.39742
57	126	0.447405
57	139	0.493323
57	142	0.491168
57	151	0.48305
57	154	0.502056
57	160	0.487829
57	172	1.3789
58	12	1.19396
58	17	1.19656
58	21	1.18984
58	38	1.294
58	54	0.599632
58	69	1.27602
58	72	1.27382
58	79	1.22965
58	97	1.20701
58	98	1.25639
58	104	0.540475
58	124	1.22312
58	135	1.25964
58	142	0.568039
58	144	0.559127
58	162	0.531763
58	168	0.605661
59	2	0.481967
59	62	0.509215
59	91	0.454581
59	135	0.470366
59	163	1.36604
59	168	1.33826
59	170	0.491629
59	171	1.34069
59	172	0.480218
59	173	1.36444
59	174	1.37473
59	175	1.3656
59	176	1.35345
59	177	0.505359
59	178	1.36548
59	179	1.38145
59	180	1.34986
60	24	1.5037
60	36	1.35835
60	39	1.40999
60	48	1.33826
60	52	1.26509
60	55	1.41934
60	61	1.37116
60	63	1.2938
60	75	1.32199
60	135	0.438997
60	143	1.31832
60	150	0.503804
60	155	0.494665
60	157	0.485996
60	165	0.508365
60	174	0.485637
60	176	0.489301
61	35	1.39777
61	36	1.3673
61	39	1.41894
61	48	1.34721
61	52	1.27403
61	60	1.37116
61	63	1.30275
61	64	1.46265
61	75	1.33093
61	123	0.494456
61	138	0.466113
61	143	1.32726
61	146	0.470268
61	164	0.498102
61	169	0.492815
61	174	0.492127
61	176	0.495791
62	10	0.347002
62	32	1.269
62	41	1.36414
62	59	0.509215
62	65	1.47072
62	84	1.35941
62	89	1.33018
62	103	1.37775
62	134	0.450223
62	139	1.35323
62	142	1.35918
62	143	0.527829
62	151	1.363
62	158	1.35339
62	165	0.539184
62	173	0.523921
62	178	0.509146
63	24	1.43528
63	35	1.32041
63	39	1.34157
63	48	1.26984
63	52	1.19667
63	55	1.35092
63	60	1.2938
63	61	1.30275
63	64	1.38529
63	75	1.25357
63	119	0.489429
63	142	0.5152
63	143	1.2499
63	147	0.553559
63	164	0.518042
63	166	0.505879
63	178	0.504757
63	180	0.522588
64	35	1.48031
64	36	1.44984
64	39	1.50148
64	48	1.42975
64	52	1.35657
64	55	1.51082
64	56	0.497501
64	61	1.46265
64	63	1.38529
64	75	1.41348
64	142	0.432501
64	143	1.4098
64	147	0.47086
64	154	0.443389
64	168	0.470123
64	176	0.433032
64	178	0.422058
64	180	0.439889
65	5	1.51031
65	22	1.39485
65	41	1.44472
65	62	1.47072
65	84	1.44
65	86	1.39424
65	103	1.45833
65	107	0.452875
65	142	1.43976
65	144	0.441797
65	149	1.41311
65	158	1.43397
65	161	0.473344
65	165	0.470305
65	167	0.444626
65	169	0.448265
65	170	0.4222
65	173	0.455042
66	4	0.980399
66	6	1.29647
66	27	1.34095
66	30	1.3346
66	50	1.19013
66	57	1.30987
66	71	1.33727
66	82	1.27294
66	83	0.521282
66	87	1.34849
66	88	1.22469
66	95	1.29136
66	138	0.520757
66	141	0.538396
66	153	0.574107
66	154	0.560792
66	169	0.547459
66	172	1.27284
66	174	0.546771
67	73	1.39655
67	99	1.30903
67	114	1.43624
67	118	1.34557
67	125	1.36644
67	127	1.40413
67	131	1.39758
67	136	1.40993
67	137	1.38518
67	147	0.505806
67	152	0.486817
67	165	0.487042
67	166	0.458126
67	170	1.38774
67	171	0.480288
67	173	0.471779
67	175	0.446048
67	177	1.36161
67	180	0.474835
68	1	1.25332
68	3	1.30398
68	8	1.30449
68	14	1.40899
68	28	0.535046
68	40	1.12832
68	47	1.23894
68	76	1.24418
68	80	1.23143
68	81	1.23246
68	90	1.30979
68	101	1.26404
68	119	1.28005
68	120	0.507818
68	148	0.55512
68	157	0.546404
68	164	0.55202
68	165	0.568772
68	167	0.543093
69	7	1.40321
69	21	1.34581
69	38	1.44997
69	58	1.27602
69	94	1.39372
69	97	1.36298
69	98	1.41236
69	124	1.37909
69	133	0.486187
69	135	1.41561
69	143	0.471356
69	144	0.454203
69	147	0.501476
69	150	0.47815
69	158	1.37431
69	165	0.482711
69	169	0.460671
69	171	0.475958
69	172	1.38693
70	83	0.532163
70	93	1.18385
70	112	1.27518
70	114	1.32512
70	118	1.23446
70	120	0.519426
70	125	1.25533
70	127	1.29302
70	131	1.28647
70	136	1.29881
70	137	1.27407
70	138	0.531638
70	157	0.558012
70	158	0.549739
70	164	1.24658
70	170	1.27662
70	177	1.2505
70	178	0.550343
70	180	0.568173
71	4	1.11386
71	6	1.42993
71	27	1.47441
71	50	1.32359
71	57	1.44333
71	66	1.33727
71	82	1.4064
71	87	1.48195
71	88	1.35815
71	95	1.42482
71	143	0.481923
71	153	0.497886
71	154	0.484571
71	157	0.470909
71	163	0.467764
71	164	0.476525
71	172	1.4063
71	179	0.450327
71	180	0.481071
72	12	1.34773
72	17	1.35033
72	19	1.51745
72	38	1.44778
72	45	1.37304
72	49	1.36666
72	58	1.27382
72	97	1.36078
72	124	1.37689
72	135	1.41341
72	142	0.475942
72	153	0.500145
72	157	0.473168
72	158	1.37211
72	164	0.478784
72	165	0.495537
72	173	0.480274
72	175	0.454543
72	179	0.452587
73	29	0.445955
73	67	1.39655
73	74	0.459601
73	112	1.38364
73	114	1.43358
73	118	1.34291
73	123	0.477834
73	125	1.36378
73	127	1.40147
73	131	1.39492
73	136	1.40727
73	137	1.38252
73	149	1.33441
73	155	0.484532
73	168	0.51626
73	169	0.476193
73	171	0.491479
73	175	0.457239
73	177	1.35895
74	12	0.520827
74	24	0.335873
74	51	0.514196
74	73	0.459601
74	76	0.483213
74	104	0.483912
74	113	0.501636
74	166	1.38872
74	168	1.36104
74	169	1.37228
74	171	1.36348
74	173	1.38722
74	174	1.39751
74	175	1.38838
74	176	1.37623
74	177	0.496696
74	178	1.38826
74	179	1.40423
74	180	1.37265
75	7	0.456834
75	24	1.46347
75	35	1.3486
75	36	1.31812
75	39	1.36976
75	48	1.29803
75	52	1.22486
75	55	1.37911
75	60	1.32199
75	61	1.33093
75	63	1.25357
75	64	1.41348
75	133	0.537447
75	138	0.485229
75	143	1.27809
75	154	0.525264
75	162	0.4781
75	173	0.518708
75	175	0.492977
75	176	0.514907
76	2	1.38002
76	3	1.393
76	8	1.39352
76	16	1.28107
76	40	1.21735
76	47	1.32796
76	54	0.533842
76	68	1.24418
76	74	0.483213
76	80	1.32045
76	81	1.32149
76	90	1.39882
76	101	1.35306
76	119	1.36908
76	141	0.490741
76	146	0.477257
76	158	0.491203
76	159	0.502284
76	168	0.539871
76	177	0.487469
77	51	1.29037
77	85	1.30419
77	96	1.33668
77	105	0.523287
77	110	1.36978
77	126	1.38059
77	128	1.35521
77	129	1.28682
77	130	1.27443
77	145	1.36148
77	151	0.491939
77	152	0.519426
77	155	0.505951
77	158	0.48901
77	159	0.500091
77	162	1.34806
77	172	1.35066
77	173	0.504389
77	177	1.34173
77	179	0.476701
78	23	1.29307
78	25	1.40523
78	34	1.40058
78	102	1.32319
78	108	0.536748
78	111	1.34146
78	115	0.517359
78	116	1.29724
78	133	1.31712
78	134	0.444333
78	148	0.519641
78	151	1.33026
78	154	1.3161
78	156	1.33099
78	164	1.32042
78	166	0.504378
78	170	0.485189
78	174	0.510566
78	177	1.32433
78	179	0.490343
79	7	1.35684
79	17	1.30616
79	37	0.562472
79	45	1.32887
79	58	1.22965
79	94	1.34735
79	97	1.31661
79	98	1.36599
79	100	1.37809
79	119	0.467595
79	124	1.33272
79	133	0.516436
79	135	1.36924
79	143	0.501605
79	158	1.32794
79	160	0.490026
79	163	0.487446
79	172	1.34056
79	178	0.482923
79	180	0.500753
80	1	1.32959
80	2	1.36726
80	3	1.38025
80	8	1.38076
80	16	1.26832
80	18	1.48226
80	40	1.20459
80	68	1.23143
80	76	1.32045
80	81	1.30873
80	90	1.38606
80	101	1.34031
80	115	0.504408
80	144	0.491835
80	162	0.464472
80	164	0.50359
80	165	0.520343
80	168	0.53837
80	174	0.497615
80	178	0.490305
81	2	1.3683
81	3	1.38128
81	8	1.38179
81	14	1.4863
81	16	1.26935
81	40	1.20562
81	47	1.31624
81	68	1.23246
81	76	1.32149
81	80	1.30873
81	90	1.3871
81	101	1.34134
81	113	0.495759
81	120	0.46424
81	123	0.504795
81	133	0.52867
81	139	0.507755
81	140	0.491483
81	154	0.516488
81	166	0.496279
82	4	1.04953
82	6	1.3656
82	26	1.41854
82	27	1.41008
82	30	1.40373
82	50	1.25926
82	66	1.27294
82	71	1.4064
82	87	1.41763
82	88	1.29382
82	95	1.36049
82	105	0.521739
82	107	0.500674
82	124	0.47667
82	148	0.504451
82	161	0.521143
82	172	1.34197
82	173	0.502841
82	179	0.475153
82	180	0.505897
83	22	0.488204
83	66	0.521282
83	70	0.532163
83	93	0.535914
83	140	0.487774
83	145	0.468309
83	153	1.30188
83	160	1.34505
83	163	1.34241
83	165	1.30404
83	170	0.473381
83	171	1.31706
83	173	1.3408
83	174	1.35109
83	175	1.34197
83	176	1.32981
83	177	0.487111
83	178	1.34184
83	179	1.35781
83	180	1.32623
84	22	1.28355
84	41	1.33341
84	43	1.32944
84	62	1.35941
84	65	1.44
84	89	1.29946
84	103	1.34703
84	120	0.4685
84	133	0.53293
84	139	1.32251
84	141	0.498351
84	142	1.32845
84	149	1.30181
84	151	1.33228
84	158	1.32266
84	159	0.509894
84	161	0.532493
84	162	0.473583
84	174	0.506726
84	175	0.48846
85	31	1.37484
85	77	1.30419
85	86	0.513709
85	96	1.28141
85	104	1.29317
85	110	1.31452
85	121	1.28598
85	126	1.32532
85	128	1.29995
85	129	1.23155
85	130	1.21916
85	144	0.511414
85	149	1.26192
85	150	0.53536
85	152	0.539696
85	153	0.54453
85	169	0.517882
85	170	1.31259
85	172	1.29539
85	173	0.524659
85	176	0.520857
86	41	1.28765
86	46	1.30817
86	65	1.39424
86	85	0.513709
86	89	1.2537
86	102	1.27945
86	103	1.30127
86	111	1.29772
86	116	1.2535
86	117	1.34802
86	122	1.28368
86	132	1.25019
86	140	1.26182
86	143	0.532136
86	165	0.54349
86	169	0.52145
86	171	0.536737
86	173	0.528228
86	175	0.502496
86	177	1.28059
86	180	0.531283
87	4	1.12508
87	6	1.44115
87	26	1.49409
87	30	1.47929
87	50	1.33481
87	57	1.45456
87	66	1.34849
87	71	1.48195
87	82	1.41763
87	88	1.36938
87	95	1.43604
87	108	0.485363
87	119	0.436544
87	142	0.462314
87	152	0.481684
87	154	0.473202
87	155	0.468209
87	169	0.459869
87	171	0.475155
87	172	1.41752
87	180	0.469702
88	4	1.00128
88	6	1.31735
88	26	1.37029
88	27	1.36183
88	29	0.502505
88	30	1.35548
88	50	1.21101
88	57	1.33076
88	66	1.22469
88	71	1.35815
88	82	1.29382
88	87	1.36938
88	95	1.31224
88	141	0.52368
88	148	0.54113
88	150	0.550222
88	158	0.524142
88	167	0.529104
88	172	1.29372
88	175	0.513789
88	178	0.524746
89	5	1.36977
89	22	1.25432
89	32	1.20904
89	41	1.30418
89	62	1.33018
89	84	1.29946
89	86	1.2537
89	103	1.3178
89	115	0.531888
89	139	1.29327
89	142	1.29922
89	143	0.536469
89	144	0.519316
89	149	1.27258
89	151	1.30305
89	158	1.29343
89	164	0.531071
89	171	0.54107
89	175	0.506829
89	176	0.528759
89	177	0.513448
90	1	1.40796
90	2	1.44563
90	8	1.45913
90	14	1.56363
90	16	1.34668
90	40	1.28296
90	47	1.39357
90	56	0.520174
90	68	1.30979
90	76	1.39882
90	80	1.38606
90	81	1.3871
90	101	1.41867
90	133	0.478245
90	147	0.493534
90	148	0.461116
90	160	0.451835
90	161	0.477808
90	175	0.433775
90	179	0.431818
90	180	0.462562
91	59	0.454581
91	104	1.40737
91	105	0.488185
91	110	1.42871
91	121	1.40018
91	126	1.43952
91	128	1.41414
91	129	1.34575
91	130	1.33336
91	132	0.451234
91	139	0.46711
91	144	0.456042
91	145	1.42041
91	149	1.37612
91	152	0.484325
91	153	0.489158
91	154	0.475843
91	162	1.40699
91	170	1.42679
91	177	1.40066
91	179	0.441599
92	44	0.488922
92	96	0.490105
92	116	0.492814
92	121	0.48003
92	125	0.484321
92	140	0.492401
92	149	0.492833
92	156	0.476599
92	157	1.35814
92	163	1.3619
92	166	1.36179
92	167	1.34674
92	168	1.33411
92	169	1.34536
92	171	1.33655
92	173	1.36029
92	175	1.36146
92	176	1.3493
92	177	0.491738
92	178	1.36133
92	179	1.3773
92	180	1.34572
93	33	1.17622
93	70	1.18385
93	83	0.535914
93	99	1.20478
93	112	1.28204
93	114	1.33199
93	118	1.24132
93	119	0.538766
93	125	1.26219
93	131	1.29333
93	136	1.30568
93	137	1.28093
93	149	1.23282
93	151	0.556418
93	156	1.26402
93	159	0.564571
93	162	0.52826
93	170	1.28349
93	171	0.577378
93	175	0.543137
93	176	0.565067
93	177	1.25736
94	7	1.36494
94	12	1.31166
94	13	1.30217
94	17	1.31426
94	19	1.48138
94	45	1.33697
94	49	1.33059
94	69	1.39372
94	79	1.34735
94	97	1.32471
94	98	1.37409
94	123	0.48844
94	124	1.34082
94	134	0.419878
94	135	1.37734
94	153	0.513447
94	155	0.495139
94	159	0.489278
94	163	0.483325
94	165	0.508839
94	168	0.526866
94	169	0.486799
95	4	1.06795
95	6	1.38401
95	26	1.43696
95	27	1.42849
95	30	1.42215
95	50	1.27768
95	57	1.39742
95	66	1.29136
95	71	1.42482
95	82	1.36049
95	87	1.43604
95	88	1.31224
95	119	0.472371
95	134	0.428775
95	137	0.466121
95	143	0.506381
95	159	0.498175
95	164	0.500983
95	168	0.535763
95	169	0.495696
95	172	1.36039
95	180	0.505529
96	51	1.2676
96	77	1.33668
96	85	1.28141
96	92	0.490105
96	104	1.32566
96	110	1.34701
96	115	0.51776
96	121	1.31847
96	126	1.35781
96	128	1.33244
96	129	1.26404
96	130	1.25165
96	139	0.516255
96	154	0.524988
96	157	0.511326
96	158	0.503054
96	159	0.514134
96	162	1.32528
96	169	0.511655
96	170	1.34509
96	172	1.32789
96	177	1.31896
96	180	0.521488
97	12	1.28092
97	13	1.27143
97	21	1.2768
97	24	0.36131
97	38	1.38097
97	49	1.29985
97	58	1.20701
97	69	1.36298
97	72	1.36078
97	79	1.31661
97	94	1.32471
97	98	1.34335
97	124	1.31009
97	135	1.3466
97	139	0.539068
97	157	0.534139
97	162	0.500637
97	163	0.530994
97	167	0.530829
97	171	0.549755
97	172	1.31792
97	176	0.537444
97	178	0.526471
98	7	1.38358
98	12	1.3303
98	15	0.395321
98	19	1.50002
98	21	1.32618
98	37	0.560268
98	38	1.43034
98	58	1.25639
98	69	1.41236
98	79	1.36599
98	94	1.37409
98	97	1.34335
98	124	1.35946
98	134	0.421795
98	135	1.39598
98	142	0.491161
98	152	0.510531
98	158	1.35468
98	170	0.462651
98	172	1.3673
98	173	0.495493
98	176	0.491692
98	178	0.480719
98	180	0.498549
99	11	0.545405
99	33	1.19028
99	56	0.592381
99	67	1.30903
99	93	1.20478
99	112	1.29611
99	114	1.34605
99	115	0.531041
99	118	1.25539
99	125	1.27626
99	127	1.31395
99	131	1.3074
99	137	1.295
99	145	1.29118
99	156	1.27808
99	158	0.516334
99	160	0.524041
99	163	0.521461
99	164	1.26752
99	165	0.546975
99	170	1.29756
99	176	0.527911
99	177	1.27143
99	179	0.504025
100	21	1.33828
100	28	0.480672
100	29	0.46212
100	36	0.438333
100	53	1.34009
100	79	1.37809
100	102	1.36934
100	111	1.38761
100	116	1.34339
100	117	1.43791
100	124	1.37157
100	132	1.34008
100	135	1.40808
100	138	0.465656
100	140	1.3517
100	141	0.483295
100	158	1.36679
100	167	0.488719
100	169	0.492358
100	170	1.3966
100	171	0.507645
100	173	0.499135
100	174	0.49167
100	177	1.37047
101	1	1.36221
101	2	1.39987
101	3	1.41286
101	14	1.51788
101	16	1.30093
101	18	1.51487
101	40	1.2372
101	47	1.34782
101	68	1.26404
101	76	1.35306
101	80	1.34031
101	81	1.34134
101	90	1.41867
101	115	0.492953
101	119	1.38893
101	120	0.447933
101	123	0.488489
101	138	0.460145
101	152	0.508662
101	155	0.495187
101	156	0.459374
101	158	0.478246
101	167	0.483208
101	180	0.496681
102	23	1.29162
102	25	1.40378
102	34	1.39913
102	78	1.32319
102	86	1.27945
102	100	1.36934
102	108	0.521803
102	111	1.34001
102	116	1.29579
102	120	1.36722
102	133	1.31567
102	143	0.506994
102	147	0.537114
102	151	1.3288
102	153	0.522957
102	154	1.31464
102	155	0.504649
102	156	1.32953
102	162	0.462478
102	164	1.31896
102	167	0.49267
102	175	0.477355
102	176	0.499285
102	177	1.32287
102	178	0.488312
103	11	0.514631
103	22	1.30188
103	32	1.25661
103	37	1.2404
103	41	1.35175
103	43	1.34778
103	62	1.37775
103	65	1.45833
103	84	1.34703
103	86	1.30127
103	89	1.3178
103	139	1.34084
103	142	1.34679
103	149	1.32015
103	150	0.511641
103	151	1.35062
103	153	0.52081
103	157	0.493833
103	158	1.341
103	159	0.496641
103	164	0.499449
103	167	0.490523
103	169	0.494162
103	174	0.493474
103	176	0.497138
104	31	1.41909
104	38	0.452696
104	51	1.27935
104	53	0.525691
104	58	0.540475
104	74	0.483912
104	85	1.29317
104	91	1.40737
104	96	1.32566
104	110	1.35877
104	121	1.33023
104	126	1.36957
104	128	1.3442
104	129	1.2758
104	130	1.26341
104	149	1.30617
104	150	0.517982
104	155	0.508843
104	158	0.491902
104	163	0.497029
104	167	0.496864
104	170	1.35684
104	172	1.33964
104	177	1.33071
104	178	0.492506
105	5	0.383861
105	7	0.496201
105	77	0.523287
105	82	0.521739
105	91	0.488185
105	110	0.509147
105	111	0.509338
105	131	0.512509
105	144	1.34678
105	153	1.30083
105	156	0.523825
105	159	1.33592
105	161	1.32586
105	163	1.34136
105	167	1.32621
105	169	1.32482
105	170	0.525233
105	171	1.31601
105	173	1.33976
105	174	1.35004
105	175	1.34092
105	176	1.32876
105	178	1.34079
105	179	1.35676
105	180	1.32518
106	10	1.43313
106	46	1.26822
106	53	1.21026
106	109	1.19367
106	113	1.20979
106	120	1.28499
106	122	1.24373
106	132	1.21024
106	133	1.23344
106	139	1.2368
106	140	1.22187
106	145	1.26039
106	148	0.563838
106	154	1.23241
106	156	1.2473
106	162	1.24697
106	163	0.551977
106	164	0.560738
106	166	0.548575
106	168	0.595518
106	169	0.555451
106	170	1.26677
106	175	0.536497
106	179	0.53454
106	180	0.565284
107	1	0.483826
107	65	0.452875
107	82	0.500674
107	109	0.522299
107	116	0.518974
107	124	0.510839
107	126	0.488915
107	153	1.30454
107	155	1.35567
107	156	0.502759
107	161	1.32956
107	165	1.30669
107	167	1.32991
107	168	1.31727
107	169	1.32852
107	171	1.31971
107	172	0.492756
107	173	1.34346
107	174	1.35375
107	175	1.34462
107	176	1.33247
107	177	0.517898
107	178	1.34449
107	179	1.36046
107	180	1.32888
108	22	0.539875
108	78	0.536748
108	87	0.485363
108	102	0.521803
108	127	0.511197
108	135	0.503789
108	136	0.516349
108	141	1.30058
108	149	0.539877
108	150	1.27047
108	155	1.31661
108	156	0.523643
108	157	1.30224
108	160	1.30863
108	166	1.30589
108	167	1.29084
108	169	1.28945
108	171	1.28064
108	172	0.51364
108	173	1.30439
108	174	1.31468
108	175	1.30555
108	176	1.2934
108	178	1.30543
108	179	1.3214
108	180	1.28981
109	10	1.46953
109	15	1.44898
109	42	1.27692
109	46	1.30462
109	53	1.24666
109	106	1.19367
109	107	0.522299
109	117	1.34447
109	122	1.28013
109	129	0.527476
109	132	1.24664
109	133	1.26983
109	134	1.32761
109	138	0.490987
109	140	1.25827
109	141	0.508626
109	145	1.29679
109	153	0.544337
109	154	1.26881
109	156	1.2837
109	161	0.542767
109	162	1.28337
109	167	0.514049
109	169	0.517689
109	173	0.524466
109	174	0.517001
110	51	1.3007
110	77	1.36978
110	85	1.31452
110	91	1.42871
110	96	1.34701
110	104	1.35877
110	105	0.509147
110	121	1.35158
110	126	1.39092
110	128	1.36554
110	129	1.29715
110	130	1.28476
110	138	0.456769
110	143	0.494157
110	145	1.37181
110	149	1.32752
110	154	0.496805
110	155	0.491811
110	160	0.482578
110	161	0.50855
110	163	0.479998
110	167	0.479832
110	168	0.523539
110	170	1.37819
110	172	1.36099
110	173	0.490249
110	177	1.35206
111	23	1.30989
111	25	1.42204
111	34	1.4174
111	43	1.34424
111	78	1.34146
111	86	1.29772
111	100	1.38761
111	102	1.34001
111	105	0.509338
111	116	1.31405
111	120	1.38549
111	133	1.33394
111	139	0.488264
111	142	0.486109
111	143	0.494349
111	151	1.34707
111	153	0.510312
111	154	1.33291
111	156	1.3478
111	164	1.33723
111	165	0.505703
111	166	0.476788
111	168	0.52373
111	170	0.457598
111	174	0.482975
111	177	1.34114
111	178	0.475666
112	9	1.39343
112	33	1.26755
112	70	1.27518
112	73	1.38364
112	93	1.28204
112	99	1.29611
112	114	1.42332
112	118	1.33265
112	125	1.35352
112	127	1.39121
112	131	1.38466
112	134	0.428957
112	136	1.39701
112	137	1.37226
112	143	1.3239
112	148	0.504266
112	150	0.513357
112	153	0.522527
112	158	0.487277
112	160	0.494984
112	166	0.489003
112	169	0.495879
112	170	1.37482
112	173	0.502656
112	175	0.476924
112	176	0.498854
112	177	1.34869
113	10	1.48565
113	15	1.4651
113	44	1.29467
113	53	1.26278
113	74	0.501636
113	81	0.495759
113	106	1.20979
113	117	1.36059
113	120	1.33751
113	122	1.29625
113	123	0.519869
113	132	1.26276
113	133	1.28596
113	134	1.34373
113	139	1.28932
113	140	1.27439
113	145	1.31291
113	146	0.49568
113	155	0.526567
113	156	1.29982
113	158	0.509626
113	160	0.517333
113	162	1.29949
113	164	0.523515
113	167	0.514588
113	170	1.31929
113	178	0.51023
113	179	0.497317
114	67	1.43624
114	70	1.32512
114	73	1.43358
114	93	1.33199
114	99	1.34605
114	112	1.42332
114	118	1.38259
114	125	1.40346
114	127	1.44115
114	131	1.4346
114	136	1.44695
114	137	1.4222
114	149	1.37409
114	154	0.480841
114	156	1.40529
114	157	0.467179
114	160	0.466613
114	161	0.492586
114	162	0.433676
114	164	1.39472
114	165	0.489547
114	166	0.460632
114	167	0.463868
114	174	0.466819
114	176	0.470483
114	177	1.39863
114	179	0.446597
114	180	0.477341
115	9	0.48948
115	48	0.506013
115	78	0.517359
115	80	0.504408
115	89	0.531888
115	96	0.51776
115	99	0.531041
115	101	0.492953
115	121	0.507686
115	131	0.492939
115	150	1.29328
115	152	1.301
115	156	0.504255
115	159	1.32336
115	161	1.31329
115	163	1.32879
115	165	1.29042
115	166	1.32869
115	167	1.31364
115	168	1.30101
115	169	1.31225
115	173	1.32719
115	174	1.33748
115	175	1.32835
115	176	1.3162
115	178	1.32823
115	179	1.3442
115	180	1.31261
116	18	1.46333
116	23	1.26566
116	25	1.37782
116	34	1.37317
116	43	1.30001
116	78	1.29724
116	86	1.2535
116	92	0.492814
116	100	1.34339
116	102	1.29579
116	107	0.518974
116	111	1.31405
116	117	0.454688
116	120	1.34127
116	133	1.28972
116	139	0.518965
116	142	0.51681
116	150	0.531843
116	151	1.30285
116	154	1.28869
116	155	0.522704
116	156	1.30358
116	160	0.51347
116	164	1.29301
116	165	0.536404
116	166	0.507489
116	175	0.49541
116	177	1.29692
117	15	1.56338
117	42	1.39132
117	44	1.39295
117	54	0.499984
117	86	1.34802
117	100	1.43791
117	109	1.34447
117	113	1.36059
117	116	0.454688
117	120	1.43579
117	122	1.39453
117	127	0.426027
117	132	1.36104
117	137	0.436372
117	139	1.3876
117	140	1.37267
117	145	1.41119
117	146	0.443399
117	154	1.38321
117	155	0.474286
117	159	0.468426
117	161	0.491025
117	162	1.39776
117	163	0.462472
117	165	0.487986
117	168	0.506013
117	170	1.41757
117	178	0.457949
118	9	1.35271
118	56	0.570822
118	67	1.34557
118	70	1.23446
118	73	1.34291
118	93	1.24132
118	99	1.25539
118	112	1.33265
118	114	1.38259
118	125	1.3128
118	131	1.34394
118	136	1.35629
118	137	1.33154
118	139	0.507977
118	144	0.496909
118	145	1.32772
118	149	1.28343
118	153	0.530025
118	156	1.31462
118	169	0.503377
118	170	1.3341
118	171	0.518664
118	173	0.510154
118	175	0.484423
118	177	1.30797
118	178	0.49538
118	179	0.482466
118	180	0.51321
119	14	1.53389
119	16	1.31694
119	17	0.549624
119	19	0.413294
119	33	0.550561
119	39	0.456976
119	53	0.527485
119	55	0.433853
119	63	0.489429
119	68	1.28005
119	76	1.36908
119	79	0.467595
119	87	0.436544
119	93	0.538766
119	95	0.472371
119	101	1.38893
119	127	0.462378
119	128	1.37796
119	129	1.30956
119	130	1.29717
119	162	1.3708
119	165	1.33892
119	167	1.36214
119	172	1.37341
119	174	1.38598
119	175	1.37686
119	177	1.36448
119	179	1.3927
119	180	1.36112
120	12	0.498504
120	30	0.440742
120	38	0.438901
120	40	0.540115
120	50	0.508724
120	68	0.507818
120	70	0.519426
120	81	0.46424
120	84	0.4685
120	101	0.447933
120	102	1.36722
120	106	1.28499
120	111	1.38549
120	113	1.33751
120	116	1.34127
120	117	1.43579
120	122	1.37145
120	125	0.466956
120	130	0.495315
120	132	1.33796
120	140	1.34959
120	152	1.35338
120	155	1.39179
120	164	1.36444
120	176	1.36858
120	177	1.36836
120	178	1.38061
120	179	1.39658
120	180	1.365
121	17	0.548907
121	31	1.4119
121	85	1.28598
121	91	1.40018
121	92	0.48003
121	96	1.31847
121	104	1.33023
121	110	1.35158
121	115	0.507686
121	126	1.36238
121	128	1.33701
121	129	1.26861
121	130	1.25622
121	134	1.37409
121	138	0.474878
121	139	0.506181
121	142	1.32563
121	145	1.34328
121	149	1.29898
121	151	0.495908
121	159	0.50406
121	160	0.500686
121	162	1.32985
121	166	0.494705
121	169	0.501581
121	170	1.34965
121	171	0.516867
121	172	1.33245
121	177	1.32352
121	179	0.48067
122	10	1.51959
122	11	0.51805
122	42	1.32698
122	44	1.32861
122	53	1.29672
122	86	1.28368
122	106	1.24373
122	109	1.28013
122	113	1.29625
122	117	1.39453
122	120	1.37145
122	132	1.2967
122	134	1.37767
122	139	1.32326
122	140	1.30833
122	143	0.508266
122	145	1.34685
122	146	0.475033
122	147	0.538386
122	151	0.491908
122	154	1.31887
122	158	0.48898
122	159	0.50006
122	160	0.496687
122	161	0.52266
122	162	1.33342
122	167	0.493942
122	170	1.35323
122	173	0.504358
122	179	0.47667
123	26	0.470868
123	61	0.494456
123	73	0.477834
123	81	0.504795
123	94	0.48844
123	101	0.488489
123	113	0.519869
123	124	0.50787
123	129	0.537051
123	147	1.29901
123	153	1.30613
123	156	0.49979
123	159	1.34122
123	161	1.33115
123	163	1.34665
123	165	1.30828
123	166	1.34655
123	167	1.3315
123	168	1.31886
123	169	1.33011
123	171	1.3213
123	172	0.489787
123	173	1.34505
123	174	1.35534
123	175	1.34621
123	176	1.33406
123	177	0.514929
123	178	1.34608
123	179	1.36205
123	180	1.33047
124	12	1.29703
124	13	1.28754
124	17	1.29964
124	19	1.46676
124	21	1.29291
124	43	1.3282
124	49	1.31597
124	58	1.22312
124	69	1.37909
124	72	1.37689
124	79	1.33272
124	82	0.47667
124	94	1.34082
124	97	1.31009
124	98	1.35946
124	100	1.37157
124	107	0.510839
124	123	0.50787
124	134	0.439308
124	135	1.36271
124	140	0.494557
124	150	0.523708
124	152	0.528044
124	158	1.32142
124	160	0.505335
124	171	0.521516
124	172	1.33403
124	175	0.487275
124	178	0.498232
124	180	0.516062
125	20	0.623412
125	29	0.475633
125	33	1.24769
125	67	1.36644
125	70	1.25533
125	73	1.36378
125	92	0.484321
125	93	1.26219
125	99	1.27626
125	112	1.35352
125	114	1.40346
125	118	1.3128
125	120	0.466956
125	127	1.37136
125	131	1.36481
125	132	0.494595
125	134	0.43895
125	136	1.37716
125	137	1.35241
125	145	1.34859
125	150	0.523349
125	151	0.500198
125	156	1.33549
125	162	0.472039
125	163	0.502397
125	164	1.32493
125	170	1.35497
125	171	0.521157
125	174	0.505183
125	177	1.32884
126	18	1.52927
126	19	0.395302
126	31	1.45124
126	51	1.3115
126	57	0.447405
126	77	1.38059
126	85	1.32532
126	91	1.43952
126	96	1.35781
126	104	1.36957
126	107	0.488915
126	110	1.39092
126	121	1.36238
126	128	1.37635
126	129	1.30795
126	130	1.29556
126	133	0.509821
126	134	1.41343
126	142	1.36497
126	143	0.49499
126	145	1.38262
126	151	0.478632
126	154	0.497638
126	160	0.483411
126	162	1.36919
126	164	0.489592
126	165	0.506345
126	166	0.47743
126	167	0.480666
126	172	1.3718
126	179	0.463395
127	9	1.41127
127	11	0.506173
127	28	0.474017
127	34	0.433711
127	67	1.40413
127	70	1.29302
127	73	1.40147
127	99	1.31395
127	108	0.511197
127	112	1.39121
127	114	1.44115
127	117	0.426027
127	119	0.462378
127	125	1.37136
127	131	1.4025
127	133	0.511219
127	136	1.41485
127	137	1.3901
127	142	0.488149
127	143	1.34173
127	145	1.38628
127	149	1.34199
127	156	1.37319
127	157	0.485375
127	162	0.451872
127	164	1.36262
127	169	0.485704
127	170	1.39266
127	174	0.485015
127	176	0.48868
127	177	1.36653
128	31	1.42587
128	33	0.521433
128	51	1.28613
128	56	0.540615
128	77	1.35521
128	85	1.29995
128	91	1.41414
128	96	1.33244
128	104	1.3442
128	110	1.36554
128	119	1.37796
128	121	1.33701
128	126	1.37635
128	129	1.28258
128	130	1.27019
128	133	0.498685
128	134	1.38806
128	141	0.464107
128	142	1.3396
128	145	1.35724
128	148	0.481557
128	150	0.490648
128	153	0.499818
128	159	0.475649
128	161	0.498248
128	164	0.478457
128	168	0.513237
128	170	1.36362
128	172	1.34642
128	173	0.479947
128	174	0.472481
128	177	1.33749
129	31	1.35747
129	51	1.21773
129	77	1.28682
129	85	1.23155
129	91	1.34575
129	96	1.26404
129	104	1.2758
129	109	0.527476
129	110	1.29715
129	119	1.30956
129	121	1.26861
129	123	0.537051
129	126	1.30795
129	128	1.28258
129	130	1.20179
129	134	1.31966
129	141	0.526347
129	142	1.2712
129	149	1.24455
129	155	0.543749
129	160	0.534516
129	162	1.27542
129	164	0.540697
129	166	0.528534
129	169	0.53541
129	170	1.29522
129	171	0.550696
129	172	1.27803
129	175	0.516456
129	177	1.2691
129	178	0.527412
129	180	0.545243
130	18	1.42311
130	31	1.34508
130	77	1.27443
130	85	1.21916
130	91	1.33336
130	96	1.25165
130	104	1.26341
130	110	1.28476
130	119	1.29717
130	120	0.495315
130	121	1.25622
130	126	1.29556
130	128	1.27019
130	129	1.20179
130	134	1.30727
130	138	0.507528
130	143	0.544915
130	145	1.27646
130	147	0.575034
130	149	1.23216
130	151	0.528557
130	154	0.547563
130	159	0.536709
130	162	1.26303
130	164	0.539517
130	165	0.55627
130	170	1.28283
130	172	1.26563
130	177	1.25671
130	178	0.526232
130	179	0.513319
130	180	0.544063
131	28	0.475148
131	33	1.27883
131	67	1.39758
131	70	1.28647
131	73	1.39492
131	93	1.29333
131	99	1.3074
131	105	0.512509
131	112	1.38466
131	114	1.4346
131	115	0.492939
131	118	1.34394
131	125	1.36481
131	127	1.4025
131	133	0.51235
131	134	0.419913
131	136	1.4083
131	137	1.38355
131	141	0.477771
131	142	0.489279
131	143	1.33518
131	145	1.37973
131	148	0.495221
131	149	1.33544
131	156	1.36663
131	157	0.486505
131	159	0.489313
131	164	1.35607
131	170	1.38611
131	171	0.502121
131	174	0.486146
131	177	1.35998
131	178	0.478837
131	180	0.496667
132	10	1.4861
132	15	1.46555
132	42	1.29349
132	44	1.29513
132	46	1.32119
132	53	1.26323
132	86	1.25019
132	91	0.451234
132	100	1.34008
132	106	1.21024
132	109	1.24664
132	113	1.26276
132	117	1.36104
132	120	1.33796
132	122	1.2967
132	125	0.494595
132	133	1.28641
132	139	1.28977
132	140	1.27484
132	143	0.525032
132	145	1.31336
132	151	0.508674
132	153	0.540995
132	154	1.28538
132	156	1.30027
132	158	0.505745
132	160	0.513452
132	162	1.29994
132	165	0.536386
132	168	0.554414
132	170	1.31974
132	171	0.529633
132	173	0.521124
132	176	0.517322
132	179	0.493436
132	180	0.52418
133	21	0.534091
133	27	0.482701
133	51	0.556303
133	69	0.486187
133	75	0.537447
133	78	1.31712
133	79	0.516436
133	81	0.52867
133	84	0.53293
133	90	0.478245
133	102	1.31567
133	106	1.23344
133	109	1.26983
133	111	1.33394
133	113	1.28596
133	116	1.28972
133	126	0.509821
133	127	0.511219
133	128	0.498685
133	131	0.51235
133	132	1.28641
133	140	1.29803
133	154	1.30857
133	162	1.32313
133	164	1.31289
133	167	1.31447
133	169	1.31308
133	170	1.34293
133	171	1.30427
133	172	0.513662
133	175	1.32918
133	176	1.31703
133	177	1.3168
133	178	1.32906
133	179	1.34503
133	180	1.31344
134	4	0.771215
134	14	0.387342
134	24	0.823423
134	42	1.37446
134	46	1.40216
134	52	0.488121
134	62	0.450223
134	78	0.444333
134	94	0.419878
134	95	0.428775
134	98	0.421795
134	109	1.32761
134	112	0.428957
134	113	1.34373
134	121	1.37409
