1	10	0.790213
1	17	0.703505
1	40	0.750997
1	65	0.707058
1	66	0.771191
1	76	0.700027
1	97	0.715131
1	129	2.03523
1	137	0.69767
1	149	4.03457
1	165	0.702752
1	173	0.683379
2	52	0.789186
2	81	0.811629
2	89	0.803688
2	91	0.792171
2	103	0.821205
2	105	0.809707
2	107	0.771703
2	108	0.803309
2	109	0.803319
2	139	1.22993
2	145	2.97209
2	154	2.55302
3	17	0.695813
3	18	0.708951
3	43	0.723853
3	60	0.78583
3	61	0.738635
3	66	0.7635
3	76	0.692335
3	90	0.729043
3	97	0.707439
3	171	1.72898
3	173	0.675687
3	179	4.34951
4	5	0.703665
4	43	3.77417
4	62	0.674973
4	79	0.695604
4	96	0.662918
4	159	0.700702
4	160	0.698595
4	174	0.656811
4	176	0.606875
4	179	0.592027
4	180	0.599473
5	4	0.703665
5	17	2.15491
5	135	1.54362
5	152	0.762581
5	153	0.753845
5	164	0.695692
5	168	0.775906
5	171	0.73671
5	176	0.692059
5	178	0.705869
5	179	0.677211
5	180	0.684657
6	38	2.36657
6	46	0.712238
6	57	0.696446
6	74	0.734347
6	75	0.733986
6	79	0.726423
6	85	0.719166
6	157	0.739235
6	159	0.731521
6	160	0.729413
6	161	3.42401
6	174	0.687629
7	88	2.08082
7	94	1.56824
7	139	0.774396
7	141	0.786057
7	147	0.750638
7	156	0.734931
7	163	0.689576
7	169	0.705237
7	171	0.725565
7	178	0.694725
7	179	0.666067
7	180	0.673512
8	69	0.705918
8	72	0.702225
8	102	0.749931
8	111	0.72813
8	114	0.786948
8	118	0.709404
8	129	2.49236
8	146	0.726448
8	157	0.750406
8	165	3.60717
8	173	0.679623
8	177	0.653892
9	14	0.769293
9	21	0.758367
9	22	0.833595
9	51	0.817699
9	62	0.794204
9	147	1.96496
9	154	2.75543
9	156	1.99675
9	157	0.827647
9	159	0.819933
9	160	0.817826
9	174	0.776042
10	1	0.790213
10	39	0.823789
10	43	0.811784
10	44	0.816526
10	65	0.787297
10	66	0.851431
10	97	0.79537
10	137	0.77791
10	152	2.04942
10	168	1.63349
10	169	2.96549
10	173	0.763618
11	41	0.815839
11	69	0.797591
11	94	0.80107
11	102	0.841605
11	110	0.81513
11	111	0.819804
11	118	0.801078
11	151	1.40307
11	158	3.01335
11	166	2.14466
11	173	0.771296
11	177	0.745566
12	28	0.749447
12	30	0.737635
12	63	0.701064
12	92	0.752656
12	93	0.70908
12	95	0.706481
12	98	0.740084
12	106	0.724787
12	142	0.67884
12	146	0.714422
12	148	2.64827
12	156	3.41435
13	16	1.84024
13	57	0.762226
13	85	0.784946
13	118	0.764013
13	135	1.49582
13	169	0.727795
13	174	0.753409
13	176	0.703473
13	177	0.708501
13	179	0.688626
13	180	0.696071
14	9	0.769293
14	16	0.701663
14	21	0.670716
14	22	0.745945
14	51	0.730048
14	62	0.706554
14	96	2.58748
14	157	0.739997
14	159	0.732283
14	160	0.730175
14	167	3.25972
14	174	0.688391
15	29	0.739583
15	53	0.703761
15	55	0.703076
15	63	0.70255
15	84	0.731005
15	92	0.754142
15	93	0.710566
15	98	0.74157
15	106	0.726273
15	146	0.715908
15	148	2.31682
15	169	3.73824
16	13	1.84024
16	14	0.701663
16	21	0.690737
16	22	0.765965
16	51	0.750069
16	62	0.726575
16	157	0.760017
16	159	0.752303
16	160	0.750196
16	166	3.15513
16	174	0.708412
17	1	0.703505
17	3	0.695813
17	5	2.15491
17	18	0.710174
17	44	0.729818
17	60	0.787053
17	66	0.764723
17	90	0.730267
17	97	0.708662
17	147	3.27197
17	165	0.696284
17	173	0.67691
18	3	0.708951
18	17	0.710174
18	40	0.757666
18	44	0.742956
18	65	0.713727
18	76	0.706696
18	90	0.743404
18	97	0.7218
18	117	3.40729
18	139	2.67137
18	165	0.709422
18	173	0.690048
19	40	2.2415
19	112	1.77397
19	152	0.743195
19	154	0.711219
19	155	0.76488
19	161	0.775257
19	164	0.676307
19	170	0.7091
19	175	0.722582
19	176	0.672673
19	178	0.686484
19	179	0.657826
19	180	0.665271
20	23	0.814924
20	81	0.784428
20	91	0.76497
20	103	0.794004
20	105	0.782506
20	107	0.744502
20	108	0.776107
20	109	0.776118
20	123	0.773329
20	139	2.42432
20	141	2.17295
20	148	0.795003
20	150	2.47512
21	9	0.758367
21	14	0.670716
21	16	0.690737
21	22	0.735019
21	51	0.719122
21	62	0.695628
21	117	0.680821
21	147	2.57851
21	157	0.729071
21	159	0.721357
21	160	0.719249
21	174	0.677465
21	177	3.89163
22	9	0.833595
22	14	0.745945
22	16	0.765965
22	21	0.735019
22	51	0.794351
22	62	0.770856
22	150	1.44978
22	154	2.72207
22	157	0.804299
22	159	0.796585
22	160	0.794478
22	174	0.752694
22	178	2.97899
23	20	0.814924
23	52	0.769751
23	83	0.798418
23	89	0.784253
23	91	0.772737
23	105	0.790273
23	107	0.752268
23	108	0.783874
23	109	0.783884
23	114	1.80919
23	137	0.754029
23	156	2.59361
23	162	2.70134
24	31	1.21864
24	70	0.831136
24	72	0.765331
24	94	0.772502
24	101	0.811688
24	110	0.786562
24	111	0.791236
24	118	0.77251
24	157	0.813512
24	172	3.03341
24	173	0.742728
24	175	2.63193
24	177	0.716998
25	101	1.39513
25	110	1.58775
25	155	0.837931
25	157	0.660152
25	164	0.749358
25	167	0.803373
25	168	0.829572
25	171	0.790376
25	175	0.795633
25	176	0.745725
25	178	0.759535
25	179	0.730877
25	180	0.738323
26	37	0.801118
26	70	0.819015
26	101	0.799568
26	102	0.800917
26	110	0.774442
26	111	0.779116
26	114	0.837934
26	118	0.76039
26	145	3.32936
26	162	2.25933
26	168	1.47493
26	173	0.730608
26	177	0.704878
27	86	2.38088
27	100	0.77819
27	112	0.792466
27	124	0.785387
27	126	0.77662
27	127	0.801292
27	130	0.805228
27	131	0.775411
27	135	0.782524
27	136	0.783851
27	167	2.24587
27	175	2.36026
27	177	0.715214
28	12	0.749447
28	29	0.809135
28	30	0.808673
28	55	0.772628
28	63	0.772103
28	95	0.77752
28	98	0.811122
28	106	0.795826
28	121	0.723043
28	128	1.89701
28	159	0.801704
28	161	1.46173
28	178	3.62541
29	15	0.739583
29	28	0.809135
29	53	0.761963
29	59	0.76188
29	84	0.789207
29	92	0.812344
29	93	0.768768
29	98	0.799772
29	106	0.784475
29	147	1.63527
29	159	0.790354
29	170	1.83939
29	176	3.48279
30	12	0.737635
30	28	0.808673
30	53	0.761501
30	92	0.811882
30	93	0.768306
30	95	0.765708
30	98	0.79931
30	99	1.57295
30	106	0.784013
30	146	0.773648
30	148	2.41938
30	153	2.94868
30	159	0.789892
31	24	1.21864
31	67	0.819149
31	95	2.02055
31	102	1.31906
31	166	0.778793
31	168	0.812977
31	169	0.753453
31	170	0.765557
31	172	0.763985
31	175	0.779039
31	176	0.72913
31	178	0.742941
31	179	0.714283
31	180	0.721728
32	68	0.805792
32	87	0.946622
32	111	1.43519
32	126	1.46051
32	134	0.817564
32	154	0.759764
32	161	0.823802
32	163	0.72988
32	164	0.724852
32	168	0.805065
32	175	0.771127
32	178	0.735029
32	179	0.706371
32	180	0.713816
33	46	0.75628
33	50	0.766784
33	57	0.740488
33	74	0.778389
33	75	0.778028
33	79	0.770464
33	85	0.763208
33	148	0.648748
33	157	0.783276
33	159	0.775562
33	160	0.773455
33	163	3.37315
33	164	3.54794
33	174	0.731671
34	41	1.86682
34	77	0.807099
34	80	0.987129
34	83	1.07162
34	128	0.817381
34	129	0.843609
34	151	0.801117
34	163	0.734927
34	164	0.729899
34	171	0.770917
34	176	0.726266
34	178	0.740076
34	179	0.711419
34	180	0.718864
35	60	1.03616
35	95	1.85535
35	101	1.41327
35	134	0.815645
35	156	0.773316
35	161	0.821883
35	167	0.776948
35	168	0.803146
35	172	0.754154
35	175	0.769208
35	177	0.724327
35	178	0.73311
35	179	0.704452
35	180	0.711897
36	78	0.743982
36	115	0.771398
36	119	0.764415
36	121	3.87149
36	125	0.764599
36	127	0.788194
36	130	0.792129
36	131	0.762312
36	132	2.02317
36	135	0.769426
36	136	0.770753
36	138	0.767504
36	139	1.69571
36	177	0.702116
37	26	0.801118
37	41	0.771837
37	72	0.749896
37	94	0.757068
37	101	0.796254
37	102	0.797603
37	110	0.771127
37	111	0.775802
37	118	0.757076
37	140	2.03061
37	141	1.79974
37	173	0.727294
37	177	0.701564
37	178	3.63112
38	6	2.36657
38	47	0.685661
38	76	1.53859
38	147	0.793133
38	152	0.793931
38	154	0.761954
38	155	0.815615
38	168	0.807256
38	170	0.759835
38	175	0.773317
38	176	0.723409
38	178	0.737219
38	179	0.708561
38	180	0.716007
39	10	0.823789
39	40	0.784573
39	43	0.765121
39	44	0.769863
39	60	0.827098
39	65	0.740634
39	76	0.733603
39	90	0.770311
39	97	0.748707
39	117	2.3999
39	156	2.22839
39	165	0.736329
39	169	2.88372
39	173	0.716955
40	1	0.750997
40	18	0.757666
40	19	2.2415
40	39	0.784573
40	43	0.772568
40	44	0.777311
40	66	0.812215
40	76	0.74105
40	90	0.777759
40	97	0.756155
40	141	1.98944
40	153	2.56844
40	165	0.743776
40	173	0.724402
41	11	0.815839
41	34	1.86682
41	37	0.771837
41	67	2.28827
41	94	0.731101
41	101	0.770287
41	102	0.771636
41	110	0.745161
41	111	0.749835
41	118	0.731109
41	133	2.91829
41	142	0.712571
41	146	0.748153
41	157	0.772111
41	177	0.675597
42	124	2.01541
42	127	2.677
42	139	0.746917
42	150	0.738226
42	154	0.69198
42	158	0.692178
42	162	0.692681
42	166	0.703097
42	168	0.737282
42	169	0.677757
42	175	0.703343
42	176	0.653435
42	178	0.667245
42	179	0.638587
42	180	0.646033
43	3	0.723853
43	4	3.77417
43	10	0.811784
43	39	0.765121
43	40	0.772568
43	44	0.757858
43	60	0.815093
43	65	0.728629
43	76	0.721597
43	90	0.758306
43	137	0.719241
43	156	1.75315
43	165	0.724323
43	173	0.70495
43	175	1.70935
44	10	0.816526
44	17	0.729818
44	18	0.742956
44	39	0.769863
44	40	0.777311
44	43	0.757858
44	65	0.733371
44	76	0.72634
44	90	0.763048
44	97	0.741444
44	132	2.32681
44	165	0.729066
44	171	2.65601
44	172	2.92142
44	173	0.709692
45	47	0.762202
45	87	0.772204
45	115	0.753381
45	124	0.754272
45	126	0.745506
45	127	0.770177
45	130	0.774113
45	135	0.751409
45	136	0.752736
45	138	0.749487
45	155	2.14929
45	165	0.729203
45	166	3.21755
45	168	2.42264
45	177	0.6841
46	6	0.712238
46	33	0.75628
46	50	0.754862
46	57	0.728566
46	74	0.766467
46	75	0.766106
46	79	0.758543
46	85	0.751286
46	137	1.63791
46	157	0.771355
46	159	0.763641
46	160	0.761533
46	174	0.719749
46	177	3.25107
46	178	2.98533
47	38	0.685661
47	45	0.762202
47	112	0.760678
47	124	0.753598
47	125	0.745908
47	126	0.744832
47	127	0.769503
47	130	0.773439
47	131	0.743622
47	135	0.750735
47	136	0.752062
47	138	0.748813
47	161	1.74311
47	176	4.70692
47	177	0.683426
48	115	0.753034
48	119	0.746052
48	125	0.746235
48	126	0.745158
48	127	0.76983
48	130	0.773766
48	131	0.743949
48	135	0.751062
48	136	0.752389
48	138	0.74914
48	144	2.13152
48	148	0.772515
48	160	2.10085
48	173	3.515
48	177	0.683752
49	52	0.739269
49	56	0.748379
49	58	0.749975
49	81	0.761712
49	83	0.767936
49	89	0.753771
49	91	0.742254
49	103	0.771288
49	105	0.75979
49	107	0.721786
49	108	0.753391
49	109	0.753402
49	116	1.47308
49	174	3.13369
49	175	3.13783
50	33	0.766784
50	46	0.754862
50	57	0.73907
50	74	0.776971
50	75	0.77661
50	79	0.769047
50	85	0.76179
50	128	2.2561
50	157	0.781858
50	159	0.774144
50	160	0.772037
50	167	2.81071
50	168	2.29223
50	174	0.730253
51	9	0.817699
51	14	0.730048
51	16	0.750069
51	21	0.719122
51	22	0.794351
51	62	0.75496
51	99	2.20509
51	116	2.10905
51	117	0.740152
51	144	2.91464
51	157	0.788403
51	159	0.780689
51	160	0.778581
51	174	0.736797
52	2	0.789186
52	23	0.769751
52	49	0.739269
52	56	0.725922
52	58	0.727518
52	83	0.745479
52	91	0.719798
52	103	0.748832
52	105	0.737334
52	107	0.699329
52	108	0.730935
52	109	0.730945
52	134	2.38843
52	148	0.74983
52	155	2.42599
52	175	3.3322
53	15	0.703761
53	29	0.761963
53	30	0.761501
53	59	0.726059
53	63	0.724931
53	84	0.753385
53	92	0.776522
53	93	0.732946
53	95	0.730348
53	106	0.748653
53	142	0.702707
53	146	0.738288
53	148	1.81699
53	159	0.754532
53	165	2.64216
53	177	3.86441
54	65	3.195
54	113	0.712456
54	115	2.13869
54	129	0.759575
54	147	0.711956
54	149	0.669983
54	156	0.696248
54	158	0.680975
54	162	0.681477
54	166	0.691894
54	168	0.726078
54	169	0.666554
54	175	0.69214
54	176	0.642232
54	179	0.627384
54	180	0.634829
55	15	0.703076
55	28	0.772628
55	59	0.725373
55	63	0.724245
55	84	0.7527
55	92	0.775837
55	93	0.732261
55	95	0.729662
55	98	0.763265
55	106	0.747968
55	123	0.732135
55	142	0.702021
55	159	0.753847
55	162	2.81948
55	165	2.77084
55	175	2.66795
56	49	0.748379
56	52	0.725922
56	58	0.736629
56	81	0.748365
56	83	0.75459
56	89	0.740425
56	91	0.728908
56	103	0.757942
56	105	0.746444
56	107	0.708439
56	108	0.740045
56	109	0.740056
56	123	0.737266
56	140	2.12084
56	151	2.08239
56	177	3.98708
57	6	0.696446
57	13	0.762226
57	33	0.740488
57	46	0.728566
57	50	0.73907
57	74	0.750674
57	75	0.750314
57	79	0.74275
57	85	0.735494
57	116	2.26347
57	155	3.02201
57	157	0.755562
57	159	0.747848
57	160	0.745741
57	161	2.82394
57	174	0.703957
58	49	0.749975
58	52	0.727518
58	56	0.736629
58	81	0.749962
58	83	0.756186
58	89	0.742021
58	91	0.730504
58	99	1.82751
58	103	0.759538
58	105	0.74804
58	107	0.710035
58	108	0.741641
58	109	0.741652
58	128	2.72723
58	137	0.711796
58	162	3.54776
59	29	0.76188
59	53	0.726059
59	55	0.725373
59	63	0.724848
59	84	0.753303
59	92	0.776439
59	93	0.732863
59	95	0.730265
59	98	0.763867
59	106	0.748571
59	117	2.21412
59	121	0.675788
59	123	0.732738
59	159	0.754449
59	166	2.16085
59	176	3.85834
60	3	0.78583
60	17	0.787053
60	35	1.03616
60	39	0.827098
60	43	0.815093
60	65	0.790606
60	66	0.85474
60	76	0.783575
60	77	2.12055
60	82	1.96349
60	90	0.820283
60	97	0.798679
60	137	0.781219
60	165	0.786301
60	170	2.83078
60	173	0.766927
61	3	0.738635
61	62	0.757073
61	63	2.31355
61	76	0.73638
61	97	0.751484
61	98	1.2864
61	138	1.21435
61	157	0.790515
61	160	0.780694
61	168	0.772821
61	171	0.733625
61	173	0.719732
61	174	0.73891
61	178	0.702784
61	179	0.674126
61	180	0.681572
62	4	0.674973
62	9	0.794204
62	14	0.706554
62	16	0.726575
62	21	0.695628
62	22	0.770856
62	51	0.75496
62	61	0.757073
62	117	0.716658
62	152	2.24762
62	157	0.764908
62	159	0.757194
62	160	0.755087
62	165	2.56745
62	174	0.713303
62	178	3.52396
63	12	0.701064
63	15	0.70255
63	28	0.772103
63	53	0.724931
63	55	0.724245
63	59	0.724848
63	61	2.31355
63	84	0.752175
63	92	0.775311
63	93	0.731735
63	95	0.729137
63	98	0.762739
63	104	2.06542
63	106	0.747443
63	151	3.01099
63	159	0.753321
64	88	0.701435
64	96	3.66901
64	100	0.679443
64	112	0.69372
64	115	0.685749
64	119	0.678767
64	125	0.67895
64	126	0.677874
64	127	0.702545
64	130	0.706481
64	131	0.676664
64	135	0.683777
64	136	0.685104
64	137	4.16762
64	138	0.681855
64	142	0.653442
64	177	0.616468
65	1	0.707058
65	10	0.787297
65	18	0.713727
65	39	0.740634
65	43	0.728629
65	44	0.733371
65	54	3.195
65	60	0.790606
65	66	0.768276
65	73	0.703146
65	90	0.733819
65	97	0.712215
65	134	2.34533
65	137	0.694755
65	160	2.39926
65	165	0.699837
65	173	0.680463
66	1	0.771191
66	3	0.7635
66	10	0.851431
66	17	0.764723
66	40	0.812215
66	60	0.85474
66	65	0.768276
66	76	0.761244
66	90	0.797953
66	97	0.776349
66	137	0.758888
66	141	2.1829
66	144	2.09572
66	150	2.48507
66	151	2.37534
66	165	0.76397
66	173	0.744597
67	31	0.819149
67	41	2.28827
67	119	2.34349
67	140	0.775004
67	152	0.755809
67	158	0.72403
67	159	0.960375
67	162	0.724533
67	163	0.693948
67	168	0.769133
67	170	0.721713
67	171	0.729938
67	175	0.735195
67	176	0.685287
67	178	0.699097
67	179	0.670439
67	180	0.677885
68	32	0.805792
68	71	1.29556
68	87	2.09905
68	90	1.35746
68	129	0.797184
68	141	0.784984
68	145	0.714131
68	158	0.718584
68	166	0.729504
68	168	0.763688
68	170	0.716267
68	171	0.724492
68	175	0.729749
68	176	0.679841
68	178	0.693652
68	179	0.664994
68	180	0.672439
69	8	0.705918
69	11	0.797591
69	70	0.771487
69	72	0.705682
69	94	0.712853
69	101	0.752039
69	102	0.753388
69	110	0.726913
69	111	0.731587
69	118	0.712861
69	140	1.97797
69	142	0.694323
69	146	0.729905
69	157	0.753863
69	168	1.88621
69	177	0.657349
69	180	4.763
70	24	0.831136
70	26	0.819015
70	69	0.771487
70	94	0.774965
70	101	0.814151
70	102	0.8155
70	110	0.789025
70	111	0.793699
70	118	0.774973
70	121	0.729599
70	140	1.90473
70	149	3.43325
70	157	0.815975
70	161	1.34155
70	165	2.54872
70	173	0.745191
70	177	0.719461
71	68	1.29556
71	73	0.770653
71	78	0.764105
71	112	0.799492
71	115	0.791521
71	119	0.784539
71	120	2.05833
71	125	0.784722
71	126	0.783646
71	127	0.808317
71	131	0.782436
71	135	0.789549
71	136	0.790876
71	138	0.787628
71	164	3.69515
71	165	0.767344
71	166	1.68028
72	8	0.702225
72	24	0.765331
72	37	0.749896
72	69	0.705682
72	94	0.70916
72	101	0.748346
72	102	0.749695
72	110	0.72322
72	111	0.727894
72	118	0.709168
72	142	0.69063
72	146	0.726212
72	150	2.53962
72	157	0.75017
72	171	3.1455
72	172	3.41091
72	173	0.679386
72	177	0.653656
73	65	0.703146
73	71	0.770653
73	89	0.723983
73	90	0.732823
73	97	0.711219
73	105	0.730002
73	107	0.691997
73	108	0.723603
73	109	0.723614
73	125	0.716219
73	130	0.743749
73	131	0.713932
73	138	0.719124
73	155	2.30225
73	165	0.69884
73	170	3.42459
73	173	0.679467
73	174	3.20432
74	6	0.734347
74	33	0.778389
74	46	0.766467
74	50	0.776971
74	57	0.750674
74	75	0.788215
74	79	0.780651
74	80	0.780473
74	85	0.773395
74	116	1.12943
74	123	0.764038
74	141	2.0222
74	157	0.793463
74	159	0.785749
74	160	0.783642
74	161	1.68991
74	174	0.741858
74	176	4.65372
75	6	0.733986
75	33	0.778028
75	46	0.766106
75	50	0.77661
75	57	0.750314
75	74	0.788215
75	79	0.780291
75	80	0.780112
75	85	0.773034
75	123	0.763677
75	129	1.42704
75	141	1.66697
75	157	0.793103
75	159	0.785389
75	160	0.783281
75	169	3.13809
75	174	0.741497
75	178	3.49835
76	1	0.700027
76	3	0.692335
76	18	0.706696
76	38	1.53859
76	39	0.733603
76	40	0.74105
76	43	0.721597
76	44	0.72634
76	60	0.783575
76	61	0.73638
76	66	0.761244
76	90	0.726788
76	97	0.705184
76	137	0.687724
76	144	2.84115
76	165	0.692805
76	170	3.91644
76	173	0.673432
77	34	0.807099
77	60	2.12055
77	96	0.732144
77	105	1.91225
77	127	1.92732
77	144	0.773821
77	147	0.745825
77	149	0.703852
77	162	0.715347
77	166	0.725763
77	167	0.733749
77	171	0.720752
77	172	0.710956
77	175	0.726009
77	176	0.676101
77	178	0.689911
77	179	0.661254
77	180	0.668699
78	36	0.743982
78	71	0.764105
78	88	0.732156
78	100	0.710164
78	115	0.71647
78	117	0.695453
78	119	0.709488
78	124	0.717361
78	126	0.708595
78	130	0.737202
78	131	0.707385
78	134	1.27154
78	135	0.714499
78	136	0.715825
78	138	0.712577
78	146	0.719745
78	173	2.73962
78	179	4.9719
79	4	0.695604
79	6	0.726423
79	33	0.770464
79	46	0.758543
79	50	0.769047
79	57	0.74275
79	74	0.780651
79	75	0.780291
79	80	0.772549
79	85	0.765471
79	122	1.6617
79	123	0.756114
79	157	0.785539
79	159	0.777825
79	160	0.775718
79	164	4.1519
79	165	2.07788
79	170	2.19112
79	174	0.733934
80	34	0.987129
80	74	0.780473
80	75	0.780112
80	79	0.772549
80	85	0.765292
80	103	0.776611
80	105	0.765113
80	107	0.727108
80	108	0.758714
80	109	0.758725
80	119	0.751146
80	124	0.759019
80	125	0.751329
80	132	1.98219
80	135	0.756156
80	138	0.754234
80	143	3.30853
80	158	3.20607
80	174	0.733755
81	2	0.811629
81	20	0.784428
81	49	0.761712
81	56	0.748365
81	58	0.749962
81	83	0.767923
81	89	0.753758
81	91	0.742241
81	103	0.771275
81	105	0.759777
81	107	0.721772
81	108	0.753378
81	109	0.753389
81	123	0.750599
81	148	0.772273
81	151	2.24643
81	152	2.60903
81	155	1.91976
81	172	3.22745
82	60	1.96349
82	108	2.31418
82	122	0.762925
82	140	0.767543
82	145	0.712116
82	146	1.70835
82	155	0.770033
82	156	0.731843
82	158	0.71657
82	161	0.78041
82	162	0.717072
82	163	0.686488
82	166	0.727489
82	172	0.712681
82	176	0.677826
82	178	0.691637
82	179	0.662979
82	180	0.670424
83	23	0.798418
83	34	1.07162
83	49	0.767936
83	52	0.745479
83	56	0.75459
83	58	0.756186
83	81	0.767923
83	89	0.759982
83	91	0.748465
83	103	0.777499
83	105	0.766001
83	107	0.727996
83	108	0.759602
83	109	0.759613
83	137	0.729757
83	148	0.778498
83	152	2.04288
83	155	1.35361
83	179	5.01641
84	15	0.731005
84	29	0.789207
84	53	0.753385
84	55	0.7527
84	59	0.753303
84	63	0.752175
84	92	0.803766
84	93	0.76019
84	95	0.757592
84	98	0.791194
84	106	0.775898
84	121	0.703115
84	123	0.760065
84	134	1.40915
84	142	0.729951
84	148	1.63064
84	159	0.781776
84	174	2.34878
84	180	4.59685
85	6	0.719166
85	13	0.784946
85	33	0.763208
85	46	0.751286
85	50	0.76179
85	57	0.735494
85	74	0.773395
85	75	0.773034
85	79	0.765471
85	80	0.765292
85	123	0.748857
85	132	2.25074
85	133	2.30714
85	148	1.7216
85	157	0.778283
85	159	0.770569
85	160	0.768461
85	174	0.726677
85	177	3.76902
86	27	2.38088
86	143	0.699047
86	145	0.712273
86	150	0.762774
86	151	0.752834
86	157	2.27741
86	159	1.74775
86	167	0.735631
86	168	0.76183
86	169	0.702306
86	170	0.714409
86	171	0.722634
86	172	0.712838
86	175	0.727891
86	176	0.677983
86	177	0.683011
86	178	0.691793
86	179	0.663136
86	180	0.670581
87	32	0.946622
87	45	0.772204
87	68	2.09905
87	88	0.778395
87	100	0.756403
87	124	0.763601
87	125	0.755911
87	126	0.754834
87	127	0.779506
87	130	0.783441
87	131	0.753624
87	135	0.760738
87	136	0.762065
87	138	0.758816
87	148	0.782191
87	165	0.738532
87	171	2.45779
87	177	0.693428
87	178	3.38112
88	7	2.08082
88	64	0.701435
88	78	0.732156
88	87	0.778395
88	100	0.753266
88	112	0.767543
88	115	0.759572
88	119	0.75259
88	124	0.760463
88	125	0.752773
88	126	0.751697
88	127	0.776368
88	131	0.750487
88	134	2.09748
88	135	0.7576
88	136	0.758927
88	138	0.755678
88	161	1.93697
88	173	3.56556
88	177	0.690291
89	2	0.803688
89	23	0.784253
89	49	0.753771
89	56	0.740425
89	58	0.742021
89	73	0.723983
89	81	0.753758
89	83	0.759982
89	91	0.7343
89	103	0.763334
89	105	0.751836
89	107	0.713831
89	108	0.745437
89	109	0.745448
89	129	1.42786
89	137	0.715592
89	148	0.764333
89	150	1.96997
89	175	2.43977
89	180	4.68371
90	3	0.729043
90	17	0.730267
90	18	0.743404
90	39	0.770311
90	40	0.777759
90	43	0.758306
90	44	0.763048
90	60	0.820283
90	65	0.733819
90	66	0.797953
90	68	1.35746
90	73	0.732823
90	76	0.726788
90	97	0.741892
90	121	3.23531
90	137	0.724432
90	145	2.80169
90	158	2.61087
90	165	0.729514
90	173	0.71014
91	2	0.792171
91	20	0.76497
91	23	0.772737
91	49	0.742254
91	52	0.719798
91	56	0.728908
91	58	0.730504
91	81	0.742241
91	83	0.748465
91	89	0.7343
91	103	0.751817
91	105	0.740319
91	107	0.702315
91	108	0.73392
91	109	0.733931
91	116	1.23999
91	137	0.704075
91	147	2.91675
91	148	0.752816
91	162	3.05627
91	169	3.60388
92	12	0.752656
92	15	0.754142
92	29	0.812344
92	30	0.811882
92	53	0.776522
92	55	0.775837
92	59	0.776439
92	63	0.775311
92	84	0.803766
92	93	0.783327
92	95	0.780728
92	98	0.814331
92	99	1.06874
92	106	0.799034
92	122	2.32416
92	123	0.783202
92	128	1.96845
92	146	0.788669
92	159	0.804913
92	169	3.33659
92	174	2.63331
93	12	0.70908
93	15	0.710566
93	29	0.768768
93	30	0.768306
93	53	0.732946
93	55	0.732261
93	59	0.732863
93	63	0.731735
93	84	0.76019
93	92	0.783327
93	95	0.737152
93	98	0.770755
93	104	1.96619
93	106	0.755458
93	121	0.682676
93	142	0.709511
93	146	0.745093
93	148	2.76902
93	156	3.5351
93	159	0.761337
93	161	2.38702
94	7	1.56824
94	11	0.80107
94	24	0.772502
94	37	0.757068
94	41	0.731101
94	69	0.712853
94	70	0.774965
94	72	0.70916
94	101	0.755518
94	102	0.756867
94	110	0.730392
94	111	0.735066
94	114	0.793883
94	118	0.71634
94	141	1.75668
94	146	0.733383
94	157	0.757341
94	160	1.63882
94	173	0.686558
94	177	0.660828
94	179	5.28525
95	12	0.706481
95	28	0.77752
95	30	0.765708
95	31	2.02055
95	35	1.85535
95	53	0.730348
95	55	0.729662
95	59	0.730265
95	63	0.729137
95	84	0.757592
95	92	0.780728
95	93	0.737152
95	98	0.768157
95	106	0.75286
95	121	0.680077
95	123	0.737027
95	142	0.706913
95	146	0.742495
95	151	2.8543
95	159	0.758739
95	168	2.80098
96	4	0.662918
96	14	2.58748
96	64	3.66901
96	77	0.732144
96	111	2.02367
96	128	0.742426
96	151	0.726162
96	153	0.713098
96	154	0.689857
96	155	0.743518
96	156	0.705328
96	162	0.690557
96	166	0.700974
96	167	0.708959
96	170	0.687738
96	171	0.695962
96	172	0.686166
96	175	0.701219
96	176	0.651311
96	178	0.665122
96	179	0.636464
96	180	0.643909
97	1	0.715131
97	3	0.707439
97	10	0.79537
97	17	0.708662
97	18	0.7218
97	39	0.748707
97	40	0.756155
97	44	0.741444
97	60	0.798679
97	61	0.751484
97	65	0.712215
97	66	0.776349
97	73	0.711219
97	76	0.705184
97	90	0.741892
97	113	2.52875
97	137	0.702828
97	150	2.45728
97	160	2.03725
97	165	0.70791
97	173	0.688536
97	177	4.25223
98	12	0.740084
98	15	0.74157
98	28	0.811122
98	29	0.799772
98	30	0.79931
98	55	0.763265
98	59	0.763867
98	61	1.2864
98	63	0.762739
98	84	0.791194
98	92	0.814331
98	93	0.770755
98	95	0.768157
98	106	0.786462
98	117	2.77869
98	123	0.77063
98	142	0.740516
98	146	0.776097
98	159	0.792341
98	160	1.67354
98	168	1.93052
98	178	3.62278
99	30	1.57295
99	51	2.20509
99	58	1.82751
99	92	1.06874
99	119	1.54154
99	132	0.81797
99	141	0.844575
99	147	0.809156
99	162	0.778678
99	164	0.743065
99	166	0.789094
99	168	0.823279
99	169	0.763754
99	170	0.775858
99	171	0.784083
99	172	0.774287
99	175	0.78934
99	176	0.739432
99	177	0.74446
99	178	0.753242
99	179	0.724584
99	180	0.73203
100	27	0.77819
100	64	0.679443
100	78	0.710164
100	87	0.756403
100	88	0.753266
100	112	0.74555
100	115	0.73758
100	119	0.730598
100	124	0.738471
100	125	0.730781
100	127	0.754376
100	130	0.758312
100	131	0.728495
100	135	0.735608
100	136	0.736935
100	138	0.733686
100	143	4.00837
100	155	1.96896
100	160	1.98533
100	165	0.713402
100	172	3.27665
100	177	0.668299
101	24	0.811688
101	25	1.39513
101	26	0.799568
101	35	1.41327
101	37	0.796254
101	41	0.770287
101	69	0.752039
101	70	0.814151
101	72	0.748346
101	94	0.755518
101	102	0.796053
101	110	0.769578
101	111	0.774252
101	118	0.755526
101	121	0.710152
101	140	2.45066
101	142	0.736988
101	146	0.772569
101	152	2.77482
101	157	0.796528
101	173	0.725744
101	174	2.98762
101	177	0.700014
102	8	0.749931
102	11	0.841605
102	26	0.800917
102	31	1.31906
102	37	0.797603
102	41	0.771636
102	69	0.753388
102	70	0.8155
102	72	0.749695
102	94	0.756867
102	101	0.796053
102	110	0.770927
102	111	0.775601
102	118	0.756875
102	120	3.27245
102	121	0.711501
102	139	2.21174
102	142	0.738337
102	146	0.773918
102	165	2.83524
102	168	2.09948
102	173	0.727093
102	177	0.701363
103	2	0.821205
103	20	0.794004
103	49	0.771288
103	52	0.748832
103	56	0.757942
103	58	0.759538
103	80	0.776611
103	81	0.771275
103	83	0.777499
103	89	0.763334
103	91	0.751817
103	105	0.769353
103	107	0.731349
103	108	0.762954
103	109	0.762965
103	114	1.30704
103	123	0.760176
103	137	0.733109
103	148	0.78185
103	165	2.15055
103	174	2.04351
103	175	2.04765
103	179	4.80424
104	63	2.06542
104	93	1.96619
104	110	1.65928
104	116	0.845908
104	130	1.2223
104	135	1.12355
104	140	0.803963
104	144	0.811966
104	145	0.748536
104	152	0.784768
104	154	0.752791
104	161	0.81683
104	162	0.753492
104	163	0.722907
104	164	0.717879
104	167	0.771894
104	169	0.738569
104	171	0.758897
104	172	0.749101
104	175	0.764154
104	176	0.714246
104	178	0.728056
104	179	0.699399
104	180	0.706844
105	2	0.809707
105	20	0.782506
105	23	0.790273
105	49	0.75979
105	52	0.737334
105	56	0.746444
105	58	0.74804
105	73	0.730002
105	77	1.91225
105	80	0.765113
105	81	0.759777
105	83	0.766001
105	89	0.751836
105	91	0.740319
105	103	0.769353
105	107	0.719851
105	108	0.751456
105	109	0.751467
105	113	2.00802
105	114	1.66575
105	123	0.748678
105	148	0.770352
105	172	2.80784
105	177	3.7315
106	12	0.724787
106	15	0.726273
106	28	0.795826
106	29	0.784475
106	30	0.784013
106	53	0.748653
106	55	0.747968
106	59	0.748571
106	63	0.747443
106	84	0.775898
106	92	0.799034
106	93	0.755458
106	95	0.75286
106	98	0.786462
106	114	1.29758
106	120	2.5783
106	121	0.698383
106	123	0.755333
106	129	1.02628
106	142	0.725219
106	146	0.7608
106	159	0.777044
106	163	4.04031
106	176	3.89773
107	2	0.771703
107	20	0.744502
107	23	0.752268
107	49	0.721786
107	52	0.699329
107	56	0.708439
107	58	0.710035
107	73	0.691997
107	80	0.727108
107	81	0.721772
107	83	0.727996
107	89	0.713831
107	91	0.702315
107	103	0.731349
107	105	0.719851
107	108	0.713452
107	109	0.713462
107	114	1.75292
107	123	0.710673
107	137	0.683607
107	148	0.732347
107	163	4.49565
107	167	2.37915
107	178	3.55293
108	2	0.803309
108	20	0.776107
108	23	0.783874
108	49	0.753391
108	52	0.730935
108	56	0.740045
108	58	0.741641
108	73	0.723603
108	80	0.758714
108	81	0.753378
108	82	2.31418
108	83	0.759602
108	89	0.745437
108	91	0.73392
108	103	0.762954
108	105	0.751456
108	107	0.713452
108	109	0.745068
108	123	0.742279
108	129	1.95343
108	132	2.7722
108	137	0.715212
108	148	0.763953
108	162	3.11687
108	168	2.33248
109	2	0.803319
109	20	0.776118
109	23	0.783884
109	49	0.753402
109	52	0.730945
109	56	0.740056
109	58	0.741652
109	73	0.723614
109	80	0.758725
109	81	0.753389
109	83	0.759613
109	89	0.745448
109	91	0.733931
109	103	0.762965
109	105	0.751467
109	107	0.713462
109	108	0.745068
109	114	2.16751
109	123	0.74229
109	128	2.23912
109	137	0.715223
109	148	0.763964
109	160	2.01828
109	170	3.12425
109	173	3.43243
110	11	0.81513
110	24	0.786562
110	25	1.58775
110	26	0.774442
110	37	0.771127
110	41	0.745161
110	69	0.726913
110	70	0.789025
110	72	0.72322
110	94	0.730392
110	101	0.769578
110	102	0.770927
110	104	1.65928
110	111	0.749126
110	113	2.78605
110	114	0.807943
110	118	0.7304
110	121	0.685026
110	134	2.24062
110	142	0.711862
110	146	0.747443
110	157	0.771401
110	170	3.40052
110	173	0.700618
110	177	0.674887
111	8	0.72813
111	11	0.819804
111	24	0.791236
111	26	0.779116
111	32	1.43519
111	37	0.775802
111	41	0.749835
111	69	0.731587
111	70	0.793699
111	72	0.727894
111	94	0.735066
111	96	2.02367
111	101	0.774252
111	102	0.775601
111	110	0.749126
111	118	0.735074
111	121	0.6897
111	133	2.67356
111	142	0.716536
111	146	0.752117
111	153	2.61731
111	157	0.776075
111	166	2.97234
111	173	0.705292
111	177	0.679562
112	19	1.77397
112	27	0.792466
112	47	0.760678
112	64	0.69372
112	71	0.799492
112	88	0.767543
112	100	0.74555
112	115	0.751857
112	119	0.744875
112	124	0.752748
112	125	0.745058
112	126	0.743981
112	127	0.768653
112	131	0.742772
112	135	0.749885
112	136	0.751212
112	138	0.747963
112	142	0.71955
112	144	1.43474
112	145	3.51546
112	146	0.755131
112	148	0.771338
112	158	3.32464
112	171	2.42997
112	177	0.682575
113	54	0.712456
113	97	2.52875
113	105	2.00802
113	110	2.78605
113	129	0.782835
113	134	0.761838
113	138	2.09299
113	141	0.770636
113	144	0.763213
113	149	0.693244
113	151	0.740343
113	152	0.736014
113	154	0.704038
113	156	0.719509
113	162	0.704738
113	164	0.669126
113	167	0.723141
113	168	0.749339
113	170	0.701919
113	172	0.700347
113	175	0.715401
113	176	0.665492
113	178	0.679303
113	179	0.650645
113	180	0.65809
114	8	0.786948
114	23	1.80919
114	26	0.837934
114	94	0.793883
114	103	1.30704
114	105	1.66575
114	106	1.29758
114	107	1.75292
114	109	2.16751
114	110	0.807943
114	118	0.793891
114	125	0.800862
114	126	0.799785
114	130	0.828392
114	135	0.805689
114	136	0.807016
114	138	0.803767
114	148	0.827142
114	161	0.835935
114	175	0.78326
114	176	0.733351
114	177	0.738379
114	178	0.747162
114	179	0.718504
114	180	0.725949
115	36	0.771398
115	45	0.753381
115	48	0.753034
115	54	2.13869
115	64	0.685749
115	71	0.791521
115	78	0.71647
115	88	0.759572
115	100	0.73758
115	112	0.751857
115	122	1.9195
115	124	0.744777
115	125	0.737087
115	126	0.736011
115	127	0.760683
115	130	0.764618
115	131	0.734801
115	135	0.741915
115	136	0.743242
115	138	0.739993
115	144	1.37362
115	148	0.763367
115	158	3.26352
115	165	0.719709
115	176	4.09232
115	177	0.674605
116	49	1.47308
116	51	2.10905
116	57	2.26347
116	74	1.12943
116	91	1.23999
116	104	0.845908
116	133	0.791239
116	139	0.820412
116	142	1.55136
116	150	0.811721
116	151	0.801781
116	153	0.788716
116	155	0.819136
116	156	0.780947
116	158	0.765673
116	161	0.829514
116	168	0.810777
116	169	0.751252
116	170	0.763356
116	171	0.771581
116	172	0.761785
116	175	0.776838
116	176	0.72693
116	178	0.74074
116	179	0.712082
116	180	0.719528
117	18	3.40729
117	21	0.680821
117	39	2.3999
117	51	0.740152
117	59	2.21412
117	62	0.716658
117	78	0.695453
117	98	2.77869
117	124	0.723759
117	130	0.7436
117	131	0.713783
117	135	0.720897
117	136	0.722224
117	138	0.718975
117	140	0.738276
117	152	0.719081
117	157	0.750101
117	159	0.742387
117	160	0.740279
117	163	0.657221
117	164	0.652193
117	167	0.706207
117	174	0.698495
117	176	0.648559
117	178	0.66237
117	179	0.633712
117	180	0.641157
118	8	0.709404
118	11	0.801078
118	13	0.764013
118	24	0.77251
118	26	0.76039
118	37	0.757076
118	41	0.731109
118	69	0.712861
118	70	0.774973
118	72	0.709168
118	94	0.71634
118	101	0.755526
118	102	0.756875
118	110	0.7304
118	111	0.735074
118	114	0.793891
118	121	0.670974
118	128	2.11209
118	139	2.26048
118	141	2.00911
118	142	0.69781
118	143	3.91429
118	146	0.733391
118	154	3.58357
118	157	0.757349
118	173	0.686566
118	177	0.660836
119	36	0.764415
119	48	0.746052
119	64	0.678767
119	67	2.34349
119	71	0.784539
119	78	0.709488
119	80	0.751146
119	88	0.75259
119	99	1.54154
119	100	0.730598
119	112	0.744875
119	124	0.737795
119	125	0.730105
119	126	0.729029
119	127	0.7537
119	130	0.757636
119	131	0.727819
119	135	0.734932
119	136	0.736259
119	138	0.73301
119	146	0.740178
119	148	0.756385
119	160	2.22041
119	165	0.712726
119	166	3.2723
119	171	3.24631
119	177	0.667623
120	71	2.05833
120	102	3.27245
120	106	2.5783
120	122	0.745858
120	133	0.725069
120	139	0.754242
120	145	0.695049
120	147	0.730484
120	151	0.73561
120	154	0.699305
120	155	0.752966
120	156	0.714777
120	159	2.26723
120	163	0.669421
120	166	0.710422
120	167	0.718408
120	168	0.744606
120	169	0.685082
120	170	0.697186
120	171	0.705411
120	172	0.695614
120	175	0.710668
120	176	0.66076
120	177	0.665787
120	178	0.67457
120	179	0.645912
120	180	0.653358
121	28	0.723043
121	36	3.87149
121	59	0.675788
121	70	0.729599
121	84	0.703115
121	90	3.23531
121	93	0.682676
121	95	0.680077
121	101	0.710152
121	102	0.711501
121	106	0.698383
121	110	0.685026
121	111	0.6897
121	118	0.670974
121	133	0.674743
121	136	3.43819
121	146	0.688018
121	155	0.70264
121	156	0.664451
121	158	0.649178
121	163	0.619096
121	168	0.694281
121	169	0.634757
121	173	0.641192
121	176	0.610434
121	177	0.615462
121	178	0.624245
121	180	0.603032
122	79	1.6617
122	82	0.762925
122	92	2.32416
122	115	1.9195
122	120	0.745858
122	131	2.42934
122	132	0.758904
122	139	0.773848
122	145	0.714656
122	146	2.04623
122	149	0.708118
122	150	0.765157
122	152	0.750888
122	155	0.772572
122	156	0.734383
122	158	0.71911
122	164	0.684
122	166	0.730029
122	167	0.738014
122	168	0.764213
122	169	0.704689
122	170	0.716793
122	172	0.715221
122	175	0.730274
122	176	0.680366
122	177	0.685394
122	178	0.694177
122	179	0.665519
122	180	0.672964
123	20	0.773329
123	55	0.732135
123	56	0.737266
123	59	0.732738
123	74	0.764038
123	75	0.763677
123	79	0.756114
123	81	0.750599
123	84	0.760065
123	85	0.748857
123	92	0.783202
123	95	0.737027
123	98	0.77063
123	103	0.760176
123	105	0.748678
123	106	0.755333
123	107	0.710673
123	108	0.742279
123	109	0.74229
123	142	0.709386
123	150	1.85812
123	152	2.11099
123	153	2.13495
123	155	1.42172
123	157	0.768926
123	159	0.761212
123	160	0.759104
123	174	0.71732
123	177	3.65307
123	180	4.57186
124	27	0.785387
124	42	2.01541
124	45	0.754272
124	47	0.753598
124	78	0.717361
124	80	0.759019
124	87	0.763601
124	88	0.760463
124	100	0.738471
124	112	0.752748
124	115	0.744777
124	117	0.723759
124	119	0.737795
124	125	0.737978
124	126	0.736902
124	127	0.761573
124	130	0.765509
124	131	0.735692
124	135	0.742805
124	136	0.744132
124	138	0.740884
124	142	0.71247
124	145	2.9814
124	146	0.748052
124	147	1.77186
124	148	0.764258
124	149	2.74727
124	164	3.93676
124	165	0.7206
124	172	2.16132
124	177	0.675496
125	36	0.764599
125	47	0.745908
125	48	0.746235
125	64	0.67895
125	71	0.784722
125	73	0.716219
125	80	0.751329
125	87	0.755911
125	88	0.752773
125	100	0.730781
125	112	0.745058
125	114	0.800862
125	115	0.737087
125	119	0.730105
125	124	0.737978
125	126	0.729212
125	127	0.753884
125	130	0.757819
125	131	0.728002
125	135	0.735116
125	136	0.736443
125	138	0.733194
125	142	0.70478
125	146	0.740362
125	150	2.36504
125	156	2.87865
125	161	1.73057
125	165	0.71291
125	166	2.99689
125	169	3.53398
125	171	2.97091
125	177	0.667806
126	27	0.77662
126	32	1.46051
126	45	0.745506
126	47	0.744832
126	48	0.745158
126	64	0.677874
126	71	0.783646
126	78	0.708595
126	87	0.754834
126	88	0.751697
126	112	0.743981
126	114	0.799785
126	115	0.736011
126	119	0.729029
126	124	0.736902
126	125	0.729212
126	127	0.752807
126	130	0.756743
126	131	0.726926
126	135	0.734039
126	136	0.735366
126	137	2.54758
126	138	0.732117
126	142	0.703704
126	143	3.96881
126	144	1.97644
126	146	0.739285
126	148	0.755492
126	165	0.711833
126	171	2.97167
126	174	2.83147
126	177	0.666729
127	27	0.801292
127	36	0.788194
127	42	2.677
127	45	0.770177
127	47	0.769503
127	48	0.76983
127	64	0.702545
127	71	0.808317
127	77	1.92732
127	87	0.779506
127	88	0.776368
127	100	0.754376
127	112	0.768653
127	115	0.760683
127	119	0.7537
127	124	0.761573
127	125	0.753884
127	126	0.752807
127	130	0.781414
127	131	0.751597
127	135	0.758711
127	136	0.760038
127	138	0.756789
127	140	1.88033
127	142	0.728375
127	146	0.763957
127	148	0.780163
127	154	3.22391
127	165	0.736505
127	167	2.30705
127	168	1.78857
127	174	2.41729
127	177	0.691401
128	28	1.89701
128	34	0.817381
128	50	2.2561
128	58	2.72723
128	92	1.96845
128	96	0.742426
128	109	2.23912
128	118	2.11209
128	132	0.764921
128	133	0.750692
128	140	0.7761
128	141	0.791526
128	143	0.707447
128	150	0.771174
128	151	0.761234
128	152	0.756905
128	153	0.74817
128	154	0.724929
128	156	0.7404
128	158	0.725126
128	162	0.725629
128	163	0.695045
128	164	0.690016
128	167	0.744031
128	169	0.710706
128	171	0.731034
128	172	0.721238
128	174	0.736319
128	175	0.736291
128	176	0.686383
128	178	0.700193
128	179	0.671536
128	180	0.678981
129	1	2.03523
129	8	2.49236
129	34	0.843609
129	54	0.759575
129	68	0.797184
129	75	1.42704
129	89	1.42786
129	106	1.02628
129	108	1.95343
129	113	0.782835
129	132	0.791149
129	140	0.802328
129	142	2.20419
129	147	0.782335
129	149	0.740363
129	150	0.797402
129	151	0.787462
129	152	0.783133
129	162	0.751857
129	163	0.721273
129	164	0.716244
129	166	0.762274
129	167	0.770259
129	168	0.796458
129	169	0.736934
129	170	0.749037
129	172	0.747466
129	174	0.762547
129	175	0.762519
129	176	0.712611
129	178	0.726421
129	179	0.697764
129	180	0.705209
130	27	0.805228
130	36	0.792129
130	45	0.774113
130	47	0.773439
130	48	0.773766
130	64	0.706481
130	73	0.743749
130	78	0.737202
130	87	0.783441
130	100	0.758312
130	104	1.2223
130	114	0.828392
130	115	0.764618
130	117	0.7436
130	119	0.757636
130	124	0.765509
130	125	0.757819
130	126	0.756743
130	127	0.781414
130	131	0.755533
130	133	2.61068
130	135	0.762646
130	136	0.763973
130	137	2.45939
130	138	0.760724
130	142	0.732311
130	146	0.767892
130	162	2.89894
130	165	0.74044
130	167	2.63303
130	168	2.11455
130	175	2.74741
130	177	0.695337
131	27	0.775411
131	36	0.762312
131	47	0.743622
131	48	0.743949
131	64	0.676664
131	71	0.782436
131	73	0.713932
131	78	0.707385
131	87	0.753624
131	88	0.750487
131	100	0.728495
131	112	0.742772
131	115	0.734801
131	117	0.713783
131	119	0.727819
131	122	2.42934
131	124	0.735692
131	125	0.728002
131	126	0.726926
131	127	0.751597
131	130	0.755533
131	135	0.732829
131	136	0.734156
131	138	0.730907
131	142	0.702494
131	148	0.754282
131	153	2.54965
131	155	1.83642
131	161	1.63835
131	165	0.710623
131	175	2.74263
131	177	0.66552
131	180	4.98656
132	36	2.02317
132	44	2.32681
132	80	1.98219
132	85	2.25074
132	99	0.81797
132	108	2.7722
132	122	0.758904
132	128	0.764921
132	129	0.791149
132	134	0.770151
132	136	1.58987
132	140	0.763523
132	141	0.778949
132	143	0.69487
132	144	0.771526
132	145	0.708096
132	149	0.701557
132	151	0.748657
132	153	0.735593
132	155	0.766012
132	158	0.712549
132	161	0.77639
132	163	0.682467
132	164	0.677439
132	166	0.723469
132	167	0.731454
132	170	0.710232
132	171	0.718457
132	172	0.708661
132	173	0.704564
132	176	0.673806
132	178	0.687616
132	179	0.658959
132	180	0.666404
133	41	2.91829
133	85	2.30714
133	111	2.67356
133	116	0.791239
133	120	0.725069
133	121	0.674743
133	128	0.750692
133	130	2.61068
133	139	0.753059
133	144	0.757297
133	147	0.729301
133	149	0.687328
133	151	0.734428
133	152	0.730099
133	153	0.721363
133	154	0.698122
133	155	0.751783
133	156	0.713594
133	157	2.12006
133	158	0.69832
133	162	0.698823
133	163	0.668238
133	164	0.66321
133	166	0.709239
133	167	0.717225
133	169	0.6839
133	170	0.696003
133	171	0.704228
133	172	0.694432
133	176	0.659577
133	178	0.673387
133	179	0.64473
133	180	0.652175
134	32	0.817564
134	35	0.815645
134	52	2.38843
134	65	2.34533
134	78	1.27154
134	84	1.40915
134	88	2.09748
134	110	2.24062
134	113	0.761838
134	132	0.770151
134	135	1.70489
134	139	0.785096
134	140	0.781331
134	145	0.725903
134	147	0.761338
134	149	0.719365
134	150	0.776405
134	151	0.766464
134	152	0.762135
134	155	0.78382
134	156	0.74563
134	158	0.730357
134	161	0.794197
134	162	0.730859
134	163	0.700275
134	164	0.695247
134	167	0.749262
134	168	0.77546
134	169	0.715936
134	170	0.72804
134	171	0.736264
134	172	0.726468
134	175	0.741522
134	178	0.705424
134	180	0.684211
135	5	1.54362
135	13	1.49582
135	27	0.782524
135	36	0.769426
135	45	0.751409
135	47	0.750735
135	48	0.751062
135	64	0.683777
135	71	0.789549
135	78	0.714499
135	80	0.756156
135	87	0.760738
135	88	0.7576
135	100	0.735608
135	104	1.12355
135	112	0.749885
135	114	0.805689
135	115	0.741915
135	117	0.720897
135	119	0.734932
135	124	0.742805
135	125	0.735116
135	126	0.734039
135	127	0.758711
135	130	0.762646
135	131	0.732829
135	134	1.70489
135	136	0.74127
135	138	0.738021
135	142	0.709607
