1	58	0.83379
1	77	1.57357
1	112	0.868901
1	131	0.885039
1	139	0.858871
1	146	0.85848
1	152	1.58388
1	170	0.828737
1	174	0.832712
1	177	0.813884
1	178	0.821314
1	179	0.799188
2	103	0.850212
2	117	0.7355
2	128	0.849913
2	152	0.838153
2	154	0.85961
2	158	0.840078
2	159	0.862184
2	164	0.857048
2	165	0.855578
2	167	0.849904
2	178	1.8353
2	179	2.2153
3	33	0.76968
3	60	2.63179
3	66	0.860446
3	72	0.839814
3	80	1.44572
3	82	0.877091
3	96	0.853392
3	110	0.827635
3	111	0.872428
3	119	0.855001
3	175	0.845339
3	176	0.800477
4	66	1.38069
4	139	0.860092
4	146	0.8597
4	151	0.848127
4	152	1.78322
4	162	0.855417
4	163	0.860034
4	170	0.829958
4	173	0.835123
4	174	0.833933
4	177	0.815105
4	179	0.800409
5	52	0.906063
5	75	0.928964
5	91	0.909128
5	94	0.948582
5	95	0.948541
5	106	0.932338
5	108	0.970275
5	109	0.970256
5	143	1.27505
5	172	0.890165
5	174	1.25572
5	177	1.74668
6	16	1.86398
6	33	0.774183
6	66	0.864949
6	73	0.847997
6	96	0.857895
6	110	0.832139
6	111	0.876931
6	119	0.859504
6	156	0.833213
6	173	2.15108
6	175	0.849842
6	176	0.80498
7	37	3.40735
7	49	0.7921
7	118	0.779743
7	121	0.769421
7	131	0.813449
7	135	0.684272
7	145	0.75946
7	153	0.784675
7	163	0.787223
7	174	0.761122
7	177	0.742294
7	179	0.727598
8	35	0.790009
8	101	0.861937
8	107	0.85092
8	114	0.827913
8	115	1.80616
8	120	0.8183
8	132	0.866123
8	137	0.874884
8	138	0.874877
8	140	2.22642
8	175	0.861093
8	180	0.775898
9	21	1.02487
9	140	0.959132
9	142	0.940505
9	148	1.1236
9	150	0.920749
9	160	0.782306
9	169	0.967461
9	173	0.935789
9	174	0.9346
9	177	0.915771
9	178	0.923201
9	179	0.901076
10	23	0.793704
10	99	2.08728
10	141	0.847893
10	152	0.826855
10	154	0.848312
10	159	0.850885
10	161	0.843426
10	164	0.845749
10	165	0.84428
10	167	0.838605
10	168	0.857217
10	175	1.93257
11	15	2.10042
11	72	0.840525
11	73	0.844205
11	96	0.854103
11	110	0.828347
11	111	0.873139
11	112	2.00034
11	119	0.855712
11	156	0.829421
11	160	0.829522
11	175	0.84605
11	176	0.801188
12	79	1.19638
12	81	0.84481
12	141	0.946769
12	151	1.23607
12	154	0.947189
12	158	0.927657
12	159	0.949762
12	161	0.942303
12	164	0.944626
12	167	0.937482
12	168	0.956094
12	177	1.78041
13	17	0.975988
13	26	0.869612
13	76	1.83821
13	79	1.31617
13	126	0.927856
13	136	0.938855
13	154	0.944545
13	159	0.947118
13	164	0.941982
13	165	0.940513
13	167	0.934838
13	168	0.95345
14	55	1.05861
14	69	0.838456
14	81	3.19858
14	88	0.862749
14	91	0.807669
14	94	0.847123
14	95	0.847082
14	100	0.844992
14	106	0.830879
14	108	0.868816
14	109	0.868796
14	172	0.788706
15	11	2.10042
15	69	1.25094
15	117	0.75887
15	130	0.814995
15	143	0.903259
15	163	0.872464
15	170	0.842388
15	173	0.847553
15	175	0.88308
15	177	0.827535
15	178	0.834965
15	179	0.812839
16	6	1.86398
16	76	0.831639
16	85	1.83169
16	145	0.826739
16	146	0.854168
16	149	0.800169
16	163	0.854501
16	169	0.861262
16	174	0.828401
16	176	0.820256
16	177	0.809572
16	178	0.817002
16	179	0.794877
17	13	0.975988
17	71	0.948598
17	80	0.944758
17	93	0.957162
17	141	1.14267
17	166	0.863123
17	167	1.3757
17	169	0.934079
17	171	0.909736
17	173	0.902407
17	177	0.882389
17	178	0.889819
17	179	0.867694
18	67	0.871199
18	86	0.947533
18	101	0.928092
18	114	0.894068
18	120	0.884455
18	121	1.4152
18	125	0.922072
18	130	1.98253
18	132	0.932278
18	137	0.941038
18	138	0.941032
18	162	1.13932
18	180	0.842053
19	102	0.848926
19	122	0.877585
19	137	1.72046
19	142	0.835002
19	166	0.791001
19	168	1.71142
19	170	0.825121
19	171	0.837614
19	173	0.830286
19	174	0.829097
19	177	0.810268
19	178	0.817698
19	179	0.795573
20	84	0.878963
20	85	0.81497
20	107	0.824154
20	120	0.791534
20	125	0.829151
20	132	0.839357
20	137	0.848117
20	138	0.848111
20	148	0.846008
20	155	2.24577
20	170	2.09648
20	175	0.834327
20	180	0.749132
21	9	1.02487
21	128	0.917801
21	129	1.80598
21	141	0.927079
21	158	0.907966
21	160	0.91107
21	161	0.922613
21	162	1.52473
21	164	0.924935
21	165	0.923466
21	168	0.936403
21	176	0.882736
21	180	0.842403
22	90	0.870165
22	131	2.1794
22	133	0.840394
22	147	2.15747
22	152	0.825601
22	154	0.847058
22	158	0.827526
22	159	0.849631
22	165	0.843026
22	167	0.837351
22	172	0.79401
22	176	0.802296
22	180	0.761963
23	10	0.793704
23	44	2.20512
23	61	2.04488
23	97	0.806004
23	126	0.832364
23	144	0.834655
23	158	0.829521
23	159	0.851627
23	161	0.844168
23	165	0.845021
23	167	0.839347
23	168	0.857959
23	180	0.763959
24	141	1.15732
24	150	0.895826
24	151	0.923871
24	154	1.0175
24	155	0.901306
24	161	1.09595
24	162	0.931161
24	169	0.942539
24	170	0.905702
24	171	0.918195
24	173	0.910867
24	177	0.890849
24	179	0.876153
25	113	0.812164
25	115	2.20921
25	136	0.835675
25	144	0.826966
25	147	2.11227
25	154	0.841365
25	156	0.824836
25	159	0.843938
25	161	0.836479
25	165	0.837333
25	167	0.831658
25	168	0.85027
25	180	0.75627
26	13	0.869612
26	105	0.819732
26	124	0.821616
26	136	0.823038
26	144	0.814329
26	147	1.86172
26	154	0.828728
26	158	0.809196
26	161	0.823843
26	164	0.826165
26	165	0.824696
26	168	0.837633
26	171	2.48486
27	52	0.796246
27	88	0.854391
27	91	0.799311
27	94	0.838766
27	95	0.838724
27	100	0.836634
27	106	0.822522
27	108	0.860459
27	109	0.860439
27	122	1.9931
27	156	0.816867
27	172	0.780349
27	174	2.32108
28	47	0.803415
28	51	1.96964
28	90	0.857596
28	128	0.824792
28	133	0.827825
28	136	0.828799
28	154	0.834489
28	159	0.837062
28	163	2.30981
28	164	0.831926
28	165	0.830457
28	168	0.843394
28	172	0.781441
29	49	0.937691
29	85	1.35866
29	121	0.915012
29	123	1.12486
29	129	0.93133
29	138	0.754606
29	147	0.945453
29	151	0.920907
29	157	0.924321
29	166	0.868619
29	177	0.887885
29	178	0.895315
29	179	0.87319
30	54	0.672756
30	134	0.712238
30	146	0.725632
30	147	0.738605
30	150	0.686014
30	153	0.723418
30	166	0.66177
30	169	0.732727
30	171	0.708383
30	173	0.701055
30	177	0.681037
30	178	0.688466
30	179	0.666341
31	46	0.809667
31	69	0.82753
31	88	0.851823
31	91	0.796743
31	94	0.836198
31	95	0.836156
31	100	0.834066
31	106	0.819954
31	108	0.857891
31	109	0.857871
31	149	1.77142
31	172	0.777781
31	180	2.58386
32	91	0.782891
32	134	0.897273
32	142	0.890806
32	153	0.908454
32	154	1.18658
32	157	0.902509
32	163	0.911002
32	167	1.55944
32	169	0.917762
32	171	0.893419
32	174	0.884901
32	177	0.866073
32	178	0.873502
32	179	0.851377
33	3	0.76968
33	6	0.774183
33	45	0.809146
33	66	0.84331
33	74	0.82135
33	82	0.859955
33	110	0.810499
33	111	0.855292
33	119	0.837864
33	160	0.811675
33	162	1.88461
33	166	2.76452
33	175	0.828203
33	176	0.783341
34	57	0.872227
34	61	0.915151
34	101	0.903793
34	107	0.892776
34	120	0.860156
34	125	0.897773
34	132	0.907979
34	137	0.91674
34	138	0.916733
34	148	0.914631
34	162	1.71724
34	175	0.902949
34	176	2.19992
34	180	0.817754
35	8	0.790009
35	57	0.802055
35	101	0.833622
35	107	0.822605
35	114	0.799598
35	125	0.827602
35	132	0.837808
35	137	0.846568
35	138	0.846562
35	160	0.816249
35	169	2.30021
35	174	2.34251
35	175	0.832778
35	180	0.747583
36	77	0.812877
36	83	2.04312
36	90	0.846176
36	128	0.813372
36	141	0.822649
36	152	0.801612
36	154	0.823069
36	159	0.825642
36	161	0.818183
36	164	0.820506
36	167	0.813362
36	168	0.831974
36	172	0.770021
36	177	2.61462
37	7	3.40735
37	103	0.813172
37	105	0.813575
37	113	0.793369
37	124	0.815458
37	128	0.812873
37	136	0.81688
37	154	0.82257
37	159	0.825144
37	161	0.817685
37	164	0.820008
37	165	0.818538
37	168	0.831476
37	175	1.00562
38	123	1.06706
38	147	0.931667
38	155	0.884556
38	156	1.11108
38	157	0.910535
38	167	1.39344
38	170	0.888953
38	171	0.901446
38	172	0.876497
38	173	0.894117
38	174	0.892928
38	177	0.874099
38	178	0.881529
38	179	0.859404
39	65	1.22957
39	143	0.942103
39	147	0.923946
39	151	0.8994
39	157	0.902814
39	164	0.992782
39	166	0.847112
39	167	1.35053
39	169	0.918068
39	173	0.886396
39	174	0.885207
39	177	0.866378
39	178	0.873808
39	179	0.851683
40	66	0.907377
40	72	0.886745
40	73	0.890425
40	74	0.885418
40	80	1.04278
40	82	0.924022
40	96	0.900323
40	110	0.874567
40	111	0.919359
40	140	1.25559
40	160	0.875742
40	175	0.89227
40	176	0.847408
40	180	2.5989
41	79	0.926897
41	105	1.2282
41	107	1.25364
41	128	1.08087
41	143	0.945635
41	145	0.887077
41	155	0.880368
41	166	0.850644
41	169	0.921601
41	170	0.884764
41	171	0.897257
41	177	0.869911
41	178	0.877341
41	179	0.855216
42	61	1.11145
42	81	0.80882
42	97	0.868149
42	136	0.905509
42	144	0.8968
42	152	0.889742
42	157	1.77945
42	158	0.891667
42	159	0.913772
42	161	0.906313
42	162	1.91354
42	164	0.908636
42	165	0.907167
42	167	0.901492
43	67	0.856743
43	73	1.26863
43	91	1.04992
43	100	1.12728
43	114	0.879612
43	137	0.926583
43	138	0.926576
43	142	0.88198
43	147	0.914814
43	158	0.89316
43	165	0.908659
43	167	0.902985
43	178	0.864676
43	179	0.842551
44	23	2.20512
44	134	0.887963
44	148	0.981611
44	155	0.867219
44	156	0.891749
44	157	0.893198
44	163	0.901691
44	166	0.837496
44	169	0.908452
44	171	0.884109
44	173	0.87678
44	174	0.875591
44	177	0.856762
44	178	0.864192
44	179	0.842067
45	33	0.809146
45	59	0.840607
45	72	0.879279
45	82	0.916556
45	96	0.892858
45	110	0.867101
45	111	0.911893
45	119	0.894466
45	123	0.869842
45	142	1.50093
45	145	1.60611
45	156	0.868175
45	160	0.868276
45	175	0.884804
45	179	2.07748
46	31	0.809667
46	64	1.79347
46	75	0.868251
46	88	0.903495
46	91	0.848415
46	93	1.46355
46	94	0.88787
46	95	0.887828
46	100	0.885738
46	106	0.871626
46	108	0.909563
46	109	0.909543
46	148	0.894282
46	172	0.829453
46	175	1.81327
47	28	0.803415
47	55	1.69482
47	113	0.843387
47	124	0.865476
47	126	0.855899
47	127	1.85143
47	133	0.865924
47	136	0.866898
47	141	0.872169
47	142	2.00358
47	159	0.875161
47	161	0.867703
47	164	0.870025
47	165	0.868556
47	167	0.862881
47	168	0.881493
48	124	1.17125
48	134	0.947514
48	136	0.959079
48	145	0.93348
48	148	1.05101
48	153	0.958695
48	159	0.752448
48	162	0.956626
48	166	0.897047
48	169	0.968003
48	170	0.931167
48	174	0.935142
48	176	0.926997
48	177	0.916313
48	178	0.923743
48	179	0.901618
49	7	0.7921
49	29	0.937691
49	89	1.97013
49	90	1.46299
49	104	0.896722
49	110	0.642272
49	130	0.830037
49	134	0.873778
49	145	0.859743
49	169	0.894267
49	171	0.869923
49	173	0.862595
49	174	0.861405
49	177	0.842577
49	178	0.850007
49	179	0.827882
50	75	0.851428
50	82	0.897529
50	100	0.868915
50	104	1.49508
50	108	0.89274
50	109	0.89272
50	111	0.892867
50	119	0.875439
50	158	0.846145
50	161	0.860792
50	167	0.855971
50	170	1.86459
50	173	2.09864
50	175	0.865778
50	176	0.820916
50	180	0.780583
51	28	1.96964
51	91	0.852809
51	106	0.876019
51	120	0.844202
51	127	0.856142
51	132	0.892025
51	137	0.900785
51	138	0.900779
51	148	0.898676
51	165	1.08849
51	167	1.32914
51	171	0.858795
51	172	0.833846
51	177	0.831449
51	178	0.838879
51	179	0.816753
52	5	0.906063
52	27	0.796246
52	69	0.863213
52	88	0.887506
52	91	0.832426
52	94	0.87188
52	95	0.871838
52	100	0.869748
52	106	0.855636
52	108	0.893573
52	109	0.893553
52	147	1.00206
52	156	0.849982
52	171	1.6252
52	172	0.813463
52	180	2.86257
53	78	0.891037
53	111	1.04626
53	142	0.859182
53	143	0.910173
53	147	0.892017
53	148	1.70908
53	149	0.825045
53	155	0.844906
53	160	1.36779
53	163	0.879378
53	169	0.886138
53	171	0.861795
53	174	0.853277
53	177	0.834449
53	178	0.841878
53	179	0.819753
54	30	0.672756
54	75	2.19106
54	78	0.841079
54	122	0.851807
54	138	2.13692
54	145	0.801656
54	150	0.789467
54	153	0.826871
54	162	0.824802
54	169	0.83618
54	170	0.799343
54	173	0.804508
54	174	0.803318
54	177	0.78449
54	178	0.79192
54	179	0.769795
55	14	1.05861
55	47	1.69482
55	78	0.947541
55	82	0.618482
55	96	1.22303
55	139	0.935939
55	155	0.901409
55	157	0.927388
55	162	0.931265
55	169	0.942642
55	170	0.905805
55	171	0.918299
55	173	0.91097
55	174	0.909781
55	177	0.890952
55	178	0.898382
55	179	0.876257
56	65	1.1612
56	103	1.06004
56	105	1.17199
56	118	0.926267
56	137	0.843134
56	140	0.932178
56	147	0.946386
56	149	0.879414
56	151	0.92184
56	153	0.931199
56	157	0.925254
56	162	0.92913
56	169	0.940508
56	174	0.907646
56	177	0.888818
56	178	0.896248
56	179	0.874122
57	34	0.872227
57	35	0.802055
57	67	0.817091
57	85	0.853783
57	101	0.873984
57	107	0.862967
57	114	0.83996
57	120	0.830347
57	123	0.858178
57	137	0.88693
57	138	0.886924
57	160	0.856611
57	169	1.60295
57	171	1.85447
57	172	2.33865
57	175	0.87314
57	180	0.787945
58	1	0.83379
58	62	1.37445
58	72	0.862697
58	91	1.43179
58	100	1.50915
58	111	0.895311
58	119	0.877884
58	147	0.870245
58	152	0.846665
58	154	0.868122
58	162	0.85299
58	167	0.858415
58	168	0.877028
58	176	0.82336
58	177	0.812677
58	178	0.820107
58	179	0.797982
59	45	0.840607
59	74	0.852812
59	96	0.867718
59	110	0.841961
59	114	0.826485
59	119	0.869326
59	127	1.80966
59	136	0.853874
59	137	0.873456
59	138	0.873449
59	155	2.04737
59	161	0.854679
59	164	0.857002
59	165	0.855532
59	170	1.89807
59	175	0.859665
59	180	0.77447
60	3	2.63179
60	70	0.810695
60	100	0.81251
60	106	0.798398
60	108	0.836334
60	109	0.836315
60	125	2.22536
60	143	0.829551
60	149	0.744424
60	163	0.798756
60	165	0.80524
60	167	0.799565
60	168	0.818177
60	172	0.756224
60	177	0.753827
60	178	0.761257
60	179	0.739132
61	23	2.04488
61	34	0.915151
61	42	1.11145
61	116	0.925945
61	118	0.933507
61	143	0.971782
61	148	0.821371
61	149	0.886654
61	151	0.92908
61	155	0.906515
61	162	0.93637
61	163	0.940987
61	166	0.876791
61	170	0.910911
61	177	0.896058
61	178	0.903487
61	179	0.881362
62	58	1.37445
62	67	0.876166
62	85	0.912858
62	86	0.952499
62	87	1.29604
62	107	0.922041
62	114	0.899034
62	120	0.889421
62	125	0.927038
62	132	0.937244
62	137	0.946005
62	138	0.945998
62	160	0.915686
62	172	1.66845
62	175	0.932214
62	176	1.46474
62	180	0.847019
63	89	0.889898
63	113	0.900212
63	126	0.912723
63	133	0.922748
63	142	1.63074
63	145	1.73592
63	152	0.907956
63	154	0.929413
63	157	1.27157
63	158	0.909881
63	159	0.931986
63	164	0.92685
63	165	0.925381
63	167	0.919706
63	168	0.938318
63	169	1.35635
63	176	0.884651
64	46	1.79347
64	68	1.25581
64	104	0.880912
64	113	1.64337
64	143	0.902491
64	150	0.831744
64	151	0.859789
64	153	0.869148
64	157	0.863203
64	169	0.878457
64	170	0.84162
64	171	0.854114
64	174	0.845596
64	177	0.826767
64	178	0.834197
64	179	0.812072
64	180	0.797117
65	39	1.22957
65	56	1.1612
65	83	1.60745
65	92	0.875071
65	97	0.87183
65	133	0.908215
65	152	0.893423
65	154	0.91488
65	158	0.895348
65	159	0.917453
65	160	0.898452
65	161	0.909994
65	164	0.912317
65	165	0.910848
65	167	0.905173
65	168	0.923785
65	170	1.85635
65	172	0.861832
66	3	0.860446
66	4	1.38069
66	6	0.864949
66	33	0.84331
66	40	0.907377
66	72	0.913444
66	74	0.912116
66	96	0.927022
66	110	0.901265
66	111	0.946058
66	119	0.92863
66	139	1.39184
66	155	1.60437
66	156	0.902339
66	160	0.90244
66	173	1.68912
66	175	0.918969
66	176	0.874107
67	18	0.871199
67	43	0.856743
67	57	0.817091
67	62	0.876166
67	85	0.828457
67	86	0.868099
67	101	0.848658
67	107	0.837641
67	112	1.57704
67	114	0.814634
67	120	0.805021
67	125	0.842638
67	132	0.852844
67	137	0.861604
67	138	0.861598
67	178	2.06351
67	179	2.44351
67	180	0.762619
68	64	1.25581
68	71	1.24837
68	92	0.859424
68	113	0.870032
68	128	0.889536
68	130	2.24766
68	133	0.892569
68	136	0.893543
68	141	0.898814
68	152	0.877776
68	154	0.899233
68	158	0.879701
68	161	0.894347
68	164	0.89667
68	165	0.895201
68	167	0.889526
68	168	0.908138
68	171	1.60668
68	176	0.854471
69	14	0.838456
69	15	1.25094
69	31	0.82753
69	52	0.863213
69	75	0.886114
69	88	0.921358
69	91	0.866278
69	94	0.905733
69	95	0.905691
69	100	0.903601
69	106	0.889489
69	108	0.927426
69	109	0.927406
69	147	0.794773
69	148	0.912145
69	156	0.883834
69	172	0.847316
69	176	1.69838
69	180	2.65529
70	60	0.810695
70	92	0.865275
70	99	1.42735
70	113	0.875883
70	124	0.897972
70	126	0.888395
70	128	0.895387
70	134	1.86768
70	144	0.890685
70	152	0.883627
70	156	0.888555
70	158	0.885552
70	159	0.907657
70	161	0.900198
70	165	0.901052
70	167	0.895377
70	168	0.913989
70	174	1.39448
70	177	1.88544
71	17	0.948598
71	68	1.24837
71	85	1.5673
71	99	0.879688
71	125	0.999738
71	142	0.883714
71	147	0.916548
71	150	0.863957
71	151	0.892002
71	157	0.895416
71	162	0.899293
71	168	1.21181
71	169	0.91067
71	170	0.873833
71	171	0.886327
71	174	0.877809
71	177	0.85898
71	178	0.86641
71	179	0.844285
72	3	0.839814
72	11	0.840525
72	40	0.886745
72	45	0.879279
72	58	0.862697
72	66	0.913444
72	73	0.896491
72	82	0.930088
72	96	0.90639
72	110	0.880633
72	111	0.925426
72	117	3.8223
72	119	0.907998
72	160	0.881808
72	169	0.615786
72	171	0.867314
72	172	1.35149
72	175	0.898337
72	176	0.853475
73	6	0.847997
73	11	0.844205
73	40	0.890425
73	43	1.26863
73	72	0.896491
73	74	0.895164
73	78	1.04849
73	82	0.933769
73	96	0.91007
73	98	0.830042
73	110	0.884313
73	111	0.929106
73	119	0.911678
73	146	1.36159
73	156	0.885387
73	160	0.885488
73	175	0.902017
73	176	0.857155
73	180	2.69771
74	33	0.82135
74	40	0.885418
74	59	0.852812
74	66	0.912116
74	73	0.895164
74	82	0.928761
74	93	1.18583
74	96	0.905062
74	102	1.73959
74	110	0.879306
74	111	0.924098
74	118	2.04167
74	119	0.906671
74	123	0.882047
74	153	1.54604
74	156	0.88038
74	160	0.880481
74	175	0.897009
74	176	0.852147
75	5	0.928964
75	46	0.868251
75	50	0.851428
75	54	2.19106
75	69	0.886114
75	88	0.910407
75	91	0.855327
75	94	0.894782
75	95	0.89474
75	100	0.89265
75	106	0.878538
75	108	0.916475
75	109	0.916455
75	116	1.27336
75	134	1.63967
75	146	1.27694
75	148	0.901194
75	156	0.872883
75	172	0.836365
76	13	1.83821
76	16	0.831639
76	99	0.835546
76	126	1.68643
76	130	0.802297
76	147	0.872405
76	151	0.847859
76	153	0.857218
76	157	0.851273
76	159	1.74687
76	166	0.795571
76	170	0.82969
76	171	0.842184
76	173	0.834855
76	174	0.833666
76	176	0.825521
76	177	0.814837
76	178	0.822267
76	179	0.800142
77	1	1.57357
77	36	0.812877
77	89	0.853955
77	113	0.864268
77	124	0.886357
77	126	0.87678
77	133	0.886805
77	142	1.91103
77	144	0.879071
77	154	0.893469
77	158	0.873937
77	160	0.877041
77	161	0.888584
77	164	0.890907
77	165	0.889437
77	167	0.883763
77	168	0.902375
77	169	1.63664
77	172	0.840422
77	175	1.5571
78	53	0.891037
78	54	0.841079
78	55	0.947541
78	73	1.04849
78	93	0.924133
78	94	1.10215
78	97	1.59385
78	115	0.889055
78	146	0.893956
78	149	0.839956
78	153	0.891741
78	157	0.885796
78	162	0.889673
78	166	0.830093
78	167	1.60634
78	170	0.864213
78	173	0.869378
78	177	0.84936
78	178	0.85679
78	179	0.834665
79	12	1.19638
79	13	1.31617
79	41	0.926897
79	104	0.903902
79	112	0.904774
79	116	0.879644
79	121	0.876884
79	122	0.917074
79	124	1.64363
79	130	0.837217
79	161	1.42148
79	166	0.830491
79	169	0.901447
79	170	0.86461
79	171	0.877104
79	173	0.869775
79	174	0.868586
79	177	0.849757
79	178	0.857187
79	179	0.835062
80	3	1.44572
80	17	0.944758
80	40	1.04278
80	107	1.61469
80	115	0.894835
80	135	0.797119
80	146	0.899736
80	155	0.865597
80	157	0.891576
80	163	0.900069
80	165	1.45878
80	166	0.835874
80	169	0.90683
80	170	0.869993
80	171	0.882487
80	173	0.875158
80	174	0.873969
80	177	0.85514
80	178	0.86257
80	179	0.840445
81	12	0.84481
81	14	3.19858
81	42	0.80882
81	85	0.782026
81	86	0.821667
81	107	0.79121
81	110	2.51579
81	132	0.806413
81	135	0.687815
81	140	0.789197
81	149	0.736434
81	165	0.79725
81	167	0.791575
81	168	0.810187
81	169	0.797527
81	170	0.76069
81	171	0.773184
81	178	0.753267
81	179	0.731142
81	180	0.716187
82	3	0.877091
82	33	0.859955
82	40	0.924022
82	45	0.916556
82	50	0.897529
82	55	0.618482
82	72	0.930088
82	73	0.933769
82	74	0.928761
82	96	0.943667
82	110	0.91791
82	111	0.962703
82	118	1.07943
82	119	0.945275
82	134	1.16835
82	135	3.26847
82	156	0.918984
82	160	0.919085
82	175	0.935614
82	176	0.890752
82	178	1.12378
83	36	2.04312
83	65	1.60745
83	99	0.859479
83	109	0.732941
83	112	0.893788
83	129	0.882216
83	131	0.909926
83	134	0.869972
83	153	0.881152
83	156	1.44605
83	157	0.875207
83	162	0.879084
83	163	0.8837
83	166	0.819505
83	170	0.853624
83	171	0.866118
83	173	0.858789
83	174	0.8576
83	177	0.838771
83	178	0.846201
83	179	0.824076
84	20	0.878963
84	85	0.929142
84	86	0.968783
84	101	0.949343
84	112	1.0527
84	114	0.915319
84	117	0.824288
84	120	0.905706
84	121	1.39341
84	123	0.933536
84	125	0.943322
84	132	0.953529
84	135	0.834931
84	137	0.962289
84	138	0.962283
84	150	1.68027
84	160	0.93197
84	172	1.80393
84	173	1.51294
84	175	0.948498
84	180	0.863303
85	16	1.83169
85	20	0.81497
85	29	1.35866
85	57	0.853783
85	62	0.912858
85	67	0.828457
85	71	1.5673
85	81	0.782026
85	84	0.929142
85	99	1.74924
85	107	0.874333
85	114	0.851326
85	120	0.841713
85	125	0.87933
85	132	0.889536
85	137	0.898296
85	138	0.89829
85	148	0.896187
85	160	0.867977
85	175	0.884506
85	180	0.799311
86	18	0.947533
86	62	0.952499
86	67	0.868099
86	81	0.821667
86	84	0.968783
86	101	0.924991
86	107	0.913974
86	114	0.890967
86	120	0.881354
86	122	1.02443
86	125	0.918971
86	132	0.929177
86	135	0.81058
86	137	0.937938
86	138	0.937931
86	148	0.935829
86	151	1.29903
86	173	1.75482
86	175	0.924147
86	176	1.8421
86	178	1.78105
86	180	0.838952
87	62	1.29604
87	94	1.62575
87	108	1.13806
87	128	1.87244
87	129	0.869994
87	142	0.851283
87	143	0.902273
87	145	0.843715
87	147	0.884117
87	150	0.831526
87	153	0.86893
87	157	0.862985
87	162	0.866861
87	169	0.878239
87	171	0.853895
87	173	0.846567
87	174	0.845377
87	175	0.882094
87	176	0.837232
87	177	0.826549
87	178	0.833978
87	179	0.811853
88	14	0.862749
88	27	0.854391
88	31	0.851823
88	46	0.903495
88	52	0.887506
88	69	0.921358
88	75	0.910407
88	91	0.890571
88	94	0.930025
88	95	0.929984
88	100	0.927894
88	104	0.965459
88	106	0.913782
88	108	0.951718
88	109	0.951699
88	118	1.55089
88	148	0.936438
88	155	1.48426
88	156	0.908127
88	169	1.12431
88	172	0.871608
88	180	2.61321
89	49	1.97013
89	63	0.889898
89	77	0.853955
89	102	1.86254
89	103	0.854749
89	105	0.855151
89	112	1.72251
89	124	0.857035
89	126	0.847458
89	128	0.85445
89	141	0.863728
89	144	0.849748
89	152	0.84269
89	153	1.66899
89	158	0.844615
89	159	0.86672
89	161	0.859262
89	164	0.861584
89	165	0.860115
89	167	0.85444
89	168	0.873052
89	172	0.811099
90	22	0.870165
90	28	0.857596
90	36	0.846176
90	49	1.46299
90	118	1.65749
90	126	0.91008
90	128	0.917072
90	129	1.56147
90	136	0.921079
90	141	0.92635
90	144	0.91237
90	146	1.38369
90	152	0.905312
90	156	0.91024
90	159	0.929342
90	160	0.910341
90	161	0.921883
90	164	0.924206
90	167	0.917062
90	168	0.935674
90	170	1.44157
90	176	0.882007
91	5	0.909128
91	14	0.807669
91	27	0.799311
91	31	0.796743
91	32	0.782891
91	43	1.04992
91	46	0.848415
91	51	0.852809
91	52	0.832426
91	58	1.43179
91	69	0.866278
91	75	0.855327
91	88	0.890571
91	94	0.874946
91	95	0.874904
91	100	0.872814
91	106	0.858702
91	108	0.896639
91	109	0.896619
91	135	3.60572
91	156	0.853047
91	172	0.816529
92	65	0.875071
92	68	0.859424
92	70	0.865275
92	124	0.85674
92	128	0.854155
92	131	1.67866
92	135	0.750385
92	141	0.863433
92	143	2.08998
92	144	0.849453
92	152	0.842395
92	154	0.863852
92	157	1.94356
92	158	0.84432
92	159	0.866426
92	161	0.858967
92	164	0.86129
92	165	0.85982
92	167	0.854145
92	168	0.872758
92	174	2.07064
92	176	0.81909
92	180	0.778757
93	17	0.957162
93	46	1.46355
93	74	1.18583
93	78	0.924133
93	107	1.25266
93	113	1.31345
93	116	0.897431
93	122	0.934861
93	145	0.88471
93	151	0.900566
93	153	0.909925
93	161	1.04298
93	162	0.907856
93	166	0.848277
93	169	0.919234
93	170	0.882397
93	173	0.887562
93	174	0.886372
93	175	0.923089
93	177	0.867544
93	178	0.874974
93	179	0.852848
93	180	0.837894
94	5	0.948582
94	14	0.847123
94	27	0.838766
94	31	0.836198
94	46	0.88787
94	52	0.87188
94	69	0.905733
94	75	0.894782
94	78	1.10215
94	87	1.62575
94	88	0.930025
94	91	0.874946
94	95	0.914358
94	100	0.912268
94	106	0.898156
94	108	0.936093
94	109	0.936073
94	148	0.920813
94	150	1.87451
94	156	0.892501
94	172	0.855983
94	175	1.18293
94	176	1.79445
95	5	0.948541
95	14	0.847082
95	27	0.838724
95	31	0.836156
95	46	0.887828
95	52	0.871838
95	69	0.905691
95	75	0.89474
95	88	0.929984
95	91	0.874904
95	94	0.914358
95	100	0.912226
95	106	0.898114
95	108	0.936051
95	109	0.936031
95	140	1.55417
95	148	0.920771
95	156	0.89246
95	169	1.40859
95	172	0.855941
95	173	1.85329
95	175	1.32905
95	178	1.87952
96	3	0.853392
96	6	0.857895
96	11	0.854103
96	40	0.900323
96	45	0.892858
96	55	1.22303
96	59	0.867718
96	66	0.927022
96	72	0.90639
96	73	0.91007
96	74	0.905062
96	82	0.943667
96	110	0.894211
96	119	0.921576
96	123	0.896953
96	156	0.895285
96	160	0.895387
96	162	1.3067
96	163	1.16005
96	172	1.9931
96	175	0.911915
96	176	0.867053
96	179	2.10833
97	23	0.806004
97	42	0.868149
97	65	0.87183
97	78	1.59385
97	105	0.851616
97	124	0.8535
97	133	0.853947
97	141	0.860192
97	144	0.846213
97	152	0.839154
97	154	0.860611
97	158	0.84108
97	159	0.863185
97	161	0.855726
97	164	0.858049
97	165	0.856579
97	167	0.850905
97	168	0.869517
97	171	2.0057
97	175	1.67463
97	176	0.81585
97	177	2.28743
97	180	0.775517
98	73	0.830042
98	102	0.814999
98	106	1.7292
98	107	0.821714
98	110	0.814183
98	119	0.841549
98	125	0.826711
98	126	1.96414
98	128	2.25814
98	132	0.836917
98	137	0.845678
98	138	0.845671
98	139	0.821329
98	156	0.815258
98	171	0.803688
98	173	0.79636
98	175	0.831887
98	176	0.787025
98	177	0.776342
98	178	0.783771
98	179	0.761646
98	180	0.746692
99	10	2.08728
99	70	1.42735
99	71	0.879688
99	76	0.835546
99	83	0.859479
99	85	1.74924
99	116	0.843367
99	140	0.85684
99	142	0.838213
99	145	0.830646
99	146	0.858075
99	152	1.72212
99	153	0.855861
99	162	0.853792
99	163	0.858408
99	166	0.794213
99	169	0.865169
99	170	0.828333
99	171	0.840826
99	173	0.833497
99	174	0.832308
99	177	0.813479
99	178	0.820909
99	179	0.798784
100	14	0.844992
100	27	0.836634
100	31	0.834066
100	43	1.12728
100	46	0.885738
100	50	0.868915
100	52	0.869748
100	58	1.50915
100	60	0.81251
100	69	0.903601
100	75	0.89265
100	88	0.927894
100	91	0.872814
100	94	0.912268
100	95	0.912226
100	106	0.896024
100	108	0.933961
100	109	0.933941
100	143	1.1291
100	148	0.918681
100	156	0.89037
100	172	0.853851
100	176	1.59945
100	180	2.55636
101	8	0.861937
101	18	0.928092
101	34	0.903793
101	35	0.833622
101	57	0.873984
101	67	0.848658
101	84	0.949343
101	86	0.924991
101	107	0.894533
101	114	0.871526
101	115	1.34571
101	120	0.861913
101	122	1.33471
101	125	0.89953
101	132	0.909736
101	135	0.791139
101	137	0.918497
101	138	0.91849
101	160	0.888178
101	169	1.62038
101	170	1.83104
101	175	0.904706
101	176	2.15237
101	180	0.819511
102	19	0.848926
102	74	1.73959
102	89	1.86254
102	98	0.814999
102	103	1.66903
102	127	0.856122
102	130	0.818888
102	139	0.876416
102	142	0.856162
102	149	0.822025
102	150	0.836406
102	154	1.51829
102	155	0.841886
102	163	0.876358
102	166	0.812162
102	170	0.846282
102	171	0.858775
102	173	0.851447
102	174	0.850257
102	176	0.842112
102	177	0.831429
102	178	0.838858
102	179	0.816733
102	180	0.801779
103	2	0.850212
103	37	0.813172
103	56	1.06004
103	89	0.854749
103	102	1.66903
103	124	0.887151
103	128	0.884566
103	133	0.887599
103	136	0.888573
103	141	0.893844
103	144	0.879864
103	145	1.92409
103	152	0.872806
103	153	1.47548
103	154	0.894263
103	158	0.874731
103	159	0.896836
103	161	0.889378
103	164	0.8917
103	165	0.890231
103	167	0.884556
103	168	0.903168
103	176	0.849501
103	178	2.01547
103	180	0.809168
104	49	0.896722
104	50	1.49508
104	64	0.880912
104	79	0.903902
104	88	0.965459
104	114	1.47392
104	121	0.874043
104	136	1.32337
104	145	0.864082
104	146	0.891512
104	147	0.904484
104	153	0.889297
104	157	0.883352
104	162	0.887229
104	163	0.891845
104	166	0.827649
104	167	1.6078
104	169	0.898606
104	170	0.861769
104	171	0.874262
104	173	0.866934
104	174	0.865745
104	177	0.846916
104	178	0.854346
104	179	0.832221
105	26	0.819732
105	37	0.813575
105	41	1.2282
105	56	1.17199
105	89	0.855151
105	97	0.851616
105	116	1.80568
105	121	1.98166
105	124	0.887554
105	129	1.98704
105	133	0.888001
105	136	0.888975
105	141	0.894246
105	144	0.880267
105	148	0.906448
105	152	0.873208
105	154	0.894665
105	158	0.875134
105	159	0.897239
105	161	0.88978
105	164	0.892103
105	165	0.890633
105	167	0.884959
105	168	0.903571
105	180	0.809571
106	5	0.932338
106	14	0.830879
106	27	0.822522
106	31	0.819954
106	46	0.871626
106	51	0.876019
106	52	0.855636
106	60	0.798398
106	69	0.889489
106	75	0.878538
106	88	0.913782
106	91	0.858702
106	94	0.898156
106	95	0.898114
106	98	1.7292
106	100	0.896024
106	108	0.919849
106	109	0.919829
106	129	1.31077
106	148	0.904569
106	156	0.876258
106	172	0.839739
106	173	1.42492
106	176	1.5122
106	180	2.46911
107	8	0.85092
107	20	0.824154
107	34	0.892776
107	35	0.822605
107	41	1.25364
107	57	0.862967
107	62	0.922041
107	67	0.837641
107	80	1.61469
107	81	0.79121
107	85	0.874333
107	86	0.913974
107	93	1.25266
107	98	0.821714
107	101	0.894533
107	114	0.860509
107	120	0.850896
107	125	0.888513
107	132	0.898719
107	137	0.90748
107	138	0.907473
107	143	1.74355
107	160	0.877161
107	172	2.41762
107	175	0.893689
107	180	0.808494
108	5	0.970275
108	14	0.868816
108	27	0.860459
108	31	0.857891
108	46	0.909563
108	50	0.89274
108	52	0.893573
108	60	0.836334
108	69	0.927426
108	75	0.916475
108	87	1.13806
108	88	0.951718
108	91	0.896639
108	94	0.936093
108	95	0.936051
108	100	0.933961
108	106	0.919849
108	109	0.957766
108	134	1.29027
108	139	0.922192
108	148	0.942506
108	156	0.914194
108	166	1.70399
108	172	0.877676
108	179	1.6257
108	180	2.26367
109	5	0.970256
109	14	0.868796
109	27	0.860439
109	31	0.857871
109	46	0.909543
109	50	0.89272
109	52	0.893553
109	60	0.836315
109	69	0.927406
109	75	0.916455
109	83	0.732941
109	88	0.951699
109	91	0.896619
109	94	0.936073
109	95	0.936031
109	100	0.933941
109	106	0.919829
109	108	0.957766
109	117	3.9777
109	129	1.10174
109	143	0.832813
109	148	0.942486
109	155	1.13113
109	156	0.914175
109	172	0.877656
109	173	1.21588
110	3	0.827635
110	6	0.832139
110	11	0.828347
110	33	0.810499
110	40	0.874567
110	45	0.867101
110	49	0.642272
110	59	0.841961
110	66	0.901265
110	72	0.880633
110	73	0.884313
110	74	0.879306
110	81	2.51579
110	82	0.91791
110	96	0.894211
110	98	0.814183
110	111	0.913247
110	119	0.89582
110	123	0.871196
110	135	3.02581
110	143	0.471822
110	156	0.869529
110	160	0.86963
110	175	0.886158
110	176	0.841296
110	180	1.89909
111	3	0.872428
111	6	0.876931
111	11	0.873139
111	33	0.855292
111	40	0.919359
111	45	0.911893
111	50	0.892867
111	53	1.04626
111	58	0.895311
111	66	0.946058
111	72	0.925426
111	73	0.929106
111	74	0.924098
111	82	0.962703
111	110	0.913247
111	119	0.940612
111	123	0.915989
111	140	1.05691
111	145	1.29089
111	150	1.52337
111	156	0.914321
111	160	0.914422
111	172	1.64703
111	175	0.930951
111	176	0.886089
111	180	2.40022
112	1	0.868901
112	11	2.00034
112	67	1.57704
112	79	0.904774
112	83	0.893788
112	84	1.0527
112	89	1.72251
112	116	0.877675
112	130	0.835248
112	131	0.918943
112	140	0.891148
112	142	0.872522
112	145	0.864954
112	149	0.838384
112	153	0.890169
112	155	0.858245
112	160	1.21733
112	163	0.892717
112	166	0.828521
112	171	0.875134
112	173	0.867806
112	174	0.866616
112	177	0.847788
112	178	0.855217
112	179	0.833092
112	180	0.818138
113	25	0.812164
113	37	0.793369
113	47	0.843387
113	63	0.900212
113	64	1.64337
113	68	0.870032
113	70	0.875883
113	77	0.864268
113	93	1.31345
113	126	0.857771
113	133	0.867796
113	136	0.86877
113	139	1.89013
113	141	0.874041
113	143	1.80435
113	144	0.860061
113	145	2.12227
113	152	0.853003
113	154	0.87446
113	158	0.854928
113	159	0.877034
113	161	0.869575
113	164	0.871898
113	165	0.870428
113	167	0.864753
113	168	0.883366
113	180	0.789365
114	8	0.827913
114	18	0.894068
114	35	0.799598
114	43	0.879612
114	57	0.83996
114	59	0.826485
114	62	0.899034
114	67	0.814634
114	84	0.915319
114	85	0.851326
114	86	0.890967
114	101	0.871526
114	104	1.47392
114	107	0.860509
114	120	0.827889
114	125	0.865506
114	127	1.75502
114	132	0.875712
114	137	0.884473
114	138	0.884466
114	148	0.882364
114	160	0.854154
114	163	1.53542
114	170	1.84343
114	172	2.36847
114	175	0.870682
114	180	0.785487
115	8	1.80616
115	25	2.20921
115	78	0.889055
115	80	0.894835
115	101	1.34571
115	122	0.899783
115	130	0.819926
115	131	0.903621
115	145	0.849632
115	146	0.877062
115	150	0.837443
115	151	0.865488
115	154	1.11911
115	155	0.842923
115	157	0.868902
115	161	1.19757
115	162	0.872778
115	163	0.877395
115	166	0.813199
115	169	0.884156
115	170	0.847319
115	171	0.859812
115	173	0.852484
115	174	0.851294
115	177	0.832466
115	178	0.839896
115	179	0.81777
116	61	0.925945
116	75	1.27336
116	79	0.879644
116	93	0.897431
116	99	0.843367
116	105	1.80568
116	112	0.877675
116	118	0.860107
116	132	1.31437
116	133	1.69811
116	136	1.63142
116	142	0.847392
116	143	0.898383
116	145	0.839824
116	147	0.880226
116	151	0.85568
116	155	0.833115
116	157	0.859094
116	162	0.862971
116	166	0.803392
116	169	0.874348
116	170	0.837511
116	172	0.825056
116	173	0.842676
116	177	0.822658
116	178	0.830088
116	179	0.807963
116	180	0.793009
117	2	0.7355
117	15	0.75887
117	72	3.8223
117	84	0.824288
117	109	3.9777
117	120	0.736859
117	125	0.774475
117	127	0.748799
117	130	0.711566
117	132	0.784682
117	136	0.773861
117	137	0.793442
117	138	0.793435
117	139	0.769093
117	140	0.767466
117	161	0.774666
117	164	0.776988
117	165	0.775519
117	167	0.769844
117	168	0.788456
117	170	0.738959
117	174	0.742934
117	177	0.724106
117	178	0.731536
117	179	0.70941
117	180	0.694456
118	7	0.779743
118	56	0.926267
118	61	0.933507
118	74	2.04167
118	82	1.07943
118	88	1.55089
118	90	1.65749
118	116	0.860107
118	130	0.81768
118	142	0.854954
118	149	0.820817
118	150	0.835197
118	151	0.863242
118	153	0.872601
118	155	0.840677
118	157	0.866656
118	158	1.84429
118	162	0.870533
118	163	0.875149
118	166	0.810953
118	169	0.88191
118	170	0.845073
118	171	0.857567
118	173	0.850238
118	174	0.849049
118	177	0.83022
118	178	0.83765
118	179	0.815525
119	3	0.855001
119	6	0.859504
119	11	0.855712
119	33	0.837864
119	45	0.894466
119	50	0.875439
119	58	0.877884
119	59	0.869326
119	66	0.92863
119	72	0.907998
119	73	0.911678
119	74	0.906671
119	82	0.945275
119	96	0.921576
119	98	0.841549
119	110	0.89582
119	111	0.940612
119	122	1.17252
119	123	0.898561
119	153	1.38915
119	156	0.896894
119	157	1.37341
119	160	0.896995
119	174	1.5005
119	175	0.913523
119	176	0.868661
119	178	1.92913
119	179	2.30913
120	8	0.8183
120	18	0.884455
120	20	0.791534
120	34	0.860156
120	51	0.844202
120	57	0.830347
120	62	0.889421
120	67	0.805021
120	84	0.905706
120	85	0.841713
120	86	0.881354
120	101	0.861913
120	107	0.850896
120	114	0.827889
120	117	0.736859
120	123	0.846107
120	125	0.855893
120	132	0.8661
120	137	0.87486
120	138	0.874854
120	148	0.872751
120	151	1.79604
120	160	0.844541
120	169	1.80712
120	170	2.01778
120	174	1.84942
120	175	0.861069
120	176	2.33911
120	180	0.775874
121	7	0.769421
121	18	1.4152
121	29	0.915012
121	79	0.876884
121	84	1.39341
121	104	0.874043
121	105	1.98166
121	123	1.76546
121	129	0.863343
121	130	0.807358
121	131	0.891053
121	139	0.864885
121	142	0.844632
121	143	0.895622
121	146	0.864494
121	149	0.810494
121	150	0.824875
121	151	0.85292
121	154	1.71897
121	162	0.860211
121	166	0.800631
121	169	0.871588
121	170	0.834751
121	171	0.847244
121	173	0.839916
121	174	0.838726
121	177	0.819898
121	178	0.827328
121	179	0.805203
122	19	0.877585
122	27	1.9931
122	54	0.851807
122	79	0.917074
122	86	1.02443
122	93	0.934861
122	101	1.33471
122	115	0.899783
122	119	1.17252
122	127	0.884781
122	129	0.903533
122	134	0.891289
122	139	0.905076
122	148	1.28847
122	149	0.850685
122	151	0.893111
122	155	0.870545
122	163	0.905017
122	166	0.840822
122	167	1.48098
122	170	0.874942
122	171	0.887435
122	172	0.862486
122	173	0.880106
122	174	0.878917
122	175	0.915634
122	177	0.860088
122	178	0.867518
122	179	0.845393
123	29	1.12486
123	38	1.06706
123	45	0.869842
123	57	0.858178
123	74	0.882047
123	84	0.933536
123	96	0.896953
123	110	0.871196
123	111	0.915989
123	119	0.898561
123	120	0.846107
123	121	1.76546
123	125	0.883724
123	132	0.89393
123	137	0.902691
123	138	0.902684
123	144	0.874401
123	148	0.900582
123	152	0.867342
123	158	0.869268
123	163	1.34293
123	164	0.886237
123	166	2.3695
123	167	0.879093
123	168	0.897705
123	171	1.6918
123	172	0.835752
123	175	0.8889
123	176	0.844038
124	26	0.821616
124	37	0.815458
124	47	0.865476
124	48	1.17125
124	70	0.897972
124	77	0.886357
124	79	1.64363
124	89	0.857035
124	92	0.85674
124	97	0.8535
124	103	0.887151
124	105	0.887554
124	128	0.886852
124	131	1.34471
124	136	0.890859
124	141	0.89613
124	144	0.882151
124	146	1.84717
124	152	0.875092
124	154	0.896549
124	158	0.877018
124	160	0.880121
124	161	0.891664
124	164	0.893987
124	165	0.892517
124	167	0.886843
124	168	0.905455
124	173	2.1391
124	174	1.73669
124	180	0.811455
125	18	0.922072
125	20	0.829151
125	34	0.897773
125	35	0.827602
125	60	2.22536
125	62	0.927038
125	67	0.842638
125	71	0.999738
125	84	0.943322
125	85	0.87933
125	86	0.918971
125	98	0.826711
125	101	0.89953
125	107	0.888513
125	114	0.865506
125	117	0.774475
125	120	0.855893
125	123	0.883724
125	132	0.903716
125	135	0.785119
125	137	0.912477
125	138	0.91247
125	148	0.910368
125	160	0.882157
125	172	1.84222
125	175	0.898686
125	176	1.6385
125	177	1.63978
125	178	1.57745
125	180	0.813491
126	13	0.927856
126	23	0.832364
126	47	0.855899
126	63	0.912723
126	70	0.888395
126	76	1.68643
126	77	0.87678
126	89	0.847458
126	90	0.91008
126	98	1.96414
126	113	0.857771
126	128	0.877275
126	136	0.881282
126	139	1.36258
126	141	0.886553
126	144	0.872573
126	149	1.89162
126	151	1.20407
126	152	0.865515
126	154	0.886972
126	158	0.86744
126	159	0.889545
126	161	0.882087
126	164	0.884409
126	165	0.88294
126	167	0.877265
126	168	0.895877
126	172	0.833924
126	177	1.74842
126	180	0.801877
127	47	1.85143
127	51	0.856142
127	59	1.80966
127	102	0.856122
127	114	1.75502
127	117	0.748799
127	122	0.884781
127	128	1.6314
127	129	0.860909
127	131	0.888619
127	139	0.862451
127	143	0.893188
127	150	0.822441
127	151	0.850486
127	155	0.827921
127	157	0.8539
127	162	0.857777
127	163	0.862393
127	164	1.53115
127	166	0.798197
127	169	0.869154
127	170	0.832317
127	171	0.84481
127	172	0.819861
127	173	0.837482
127	174	0.836292
127	177	0.817464
127	178	0.824894
127	179	0.802769
127	180	0.787814
128	2	0.849913
128	21	0.917801
128	28	0.824792
128	36	0.813372
128	37	0.812873
128	41	1.08087
128	68	0.889536
128	70	0.895387
128	87	1.87244
128	89	0.85445
128	90	0.917072
128	92	0.854155
128	98	2.25814
128	103	0.884566
128	124	0.886852
128	126	0.877275
128	127	1.6314
128	131	1.15947
128	133	0.8873
128	141	0.893545
128	144	0.879565
128	152	0.872507
128	154	0.893964
128	157	1.42436
128	158	0.874432
128	164	0.891402
128	165	0.889932
128	167	0.884258
128	168	0.90287
128	176	0.849203
129	21	1.80598
129	29	0.93133
129	83	0.882216
129	87	0.869994
129	90	1.56147
129	105	1.98704
129	106	1.31077
129	109	1.10174
129	121	0.863343
129	122	0.903533
129	127	0.860909
129	130	0.823676
129	140	0.879577
129	145	0.853382
129	146	0.880812
129	149	0.826813
129	150	0.841193
129	153	0.878597
129	157	0.872652
129	159	1.60615
129	162	0.876529
129	163	0.881145
129	169	0.887906
129	170	0.851069
129	171	0.863563
129	172	0.838614
129	173	0.856234
129	174	0.855045
129	176	0.8469
129	178	0.843646
129	179	0.821521
129	180	0.806567
130	15	0.814995
130	18	1.98253
130	49	0.830037
130	68	2.24766
130	76	0.802297
130	79	0.837217
130	102	0.818888
130	112	0.835248
130	115	0.819926
130	117	0.711566
130	118	0.81768
130	121	0.807358
130	129	0.823676
130	134	0.811432
130	141	2.42613
130	145	0.797397
130	146	0.824827
130	149	0.770827
130	153	0.822612
130	155	0.790688
130	157	0.816667
130	163	0.82516
130	168	2.2111
130	170	0.795084
130	171	0.807577
130	172	0.782628
130	173	0.800249
130	174	0.799059
130	177	0.780231
130	178	0.787661
130	179	0.765536
131	1	0.885039
131	7	0.813449
131	22	2.1794
131	83	0.909926
131	92	1.67866
131	112	0.918943
131	115	0.903621
131	121	0.891053
131	124	1.34471
131	127	0.888619
131	128	1.15947
131	135	0.805905
131	139	0.908914
131	140	0.907287
131	145	0.881093
131	146	0.908522
131	150	0.868904
131	153	0.906308
131	155	0.874383
131	156	1.13461
131	158	1.06803
131	162	0.904239
131	163	0.908855
131	166	0.84466
131	168	0.968906
131	169	0.915616
131	171	0.891273
131	173	0.883944
131	174	0.882755
131	176	0.87461
131	177	0.863926
131	178	0.871356
131	179	0.849231
131	180	0.834277
132	8	0.866123
132	18	0.932278
132	20	0.839357
132	34	0.907979
132	35	0.837808
132	51	0.892025
132	62	0.937244
132	67	0.852844
132	81	0.806413
132	84	0.953529
132	85	0.889536
132	86	0.929177
132	98	0.836917
132	101	0.909736
132	107	0.898719
132	114	0.875712
132	116	1.31437
132	117	0.784682
132	120	0.8661
132	123	0.89393
132	125	0.903716
132	135	0.795325
132	137	0.922683
132	138	0.922677
132	142	1.43957
132	148	0.920574
132	160	0.892364
132	166	2.0944
132	171	1.4167
132	173	1.60988
132	175	0.908892
132	176	1.69716
132	179	2.01611
