1	3	0.982727
1	4	0.982485
1	7	0.527191
1	15	0.526997
1	19	0.510213
1	24	0.593022
1	29	0.509733
1	34	0.569322
1	117	0.503928
1	125	4.7441
1	177	1.51246
1	180	4.78133
2	21	0.78997
2	39	0.786342
2	45	0.835988
2	51	0.830024
2	56	0.829364
2	63	0.739916
2	102	1.89432
2	121	2.99086
2	147	0.814633
2	152	0.731881
2	158	0.873762
2	169	3.82145
3	1	0.982727
3	4	0.638586
3	7	0.69823
3	15	0.698036
3	19	0.681252
3	24	0.764061
3	27	2.18601
3	29	0.680772
3	34	0.74036
3	80	0.716029
3	163	5.38259
3	177	0.630873
4	1	0.982485
4	3	0.638586
4	7	0.697988
4	15	0.697794
4	19	0.681009
4	24	0.763819
4	29	0.68053
4	34	0.740118
4	76	1.84924
4	80	0.715787
4	135	5.29424
4	177	0.630631
5	9	0.702494
5	10	0.701906
5	14	0.701322
5	30	0.66747
5	36	0.735931
5	47	0.719674
5	52	0.718392
5	138	2.6235
5	139	0.742248
5	140	0.780328
5	158	0.759454
5	176	5.32896
6	16	0.701175
6	20	0.863606
6	23	0.766411
6	26	0.841081
6	33	0.825486
6	35	0.824956
6	41	0.754686
6	42	0.824183
6	43	0.823841
6	82	1.46172
6	141	2.35619
6	173	5.47286
7	1	0.527191
7	3	0.69823
7	4	0.697988
7	15	0.757437
7	19	0.740653
7	24	0.823462
7	29	0.740173
7	34	0.799762
7	117	0.734368
7	141	2.87499
7	177	0.690275
7	179	4.98671
8	21	0.785053
8	22	0.796566
8	39	0.781426
8	45	0.831072
8	51	0.825107
8	56	0.824448
8	117	2.04087
8	135	3.86219
8	138	2.81421
8	147	0.809717
8	152	0.726964
8	158	0.868846
9	5	0.702494
9	10	0.716582
9	14	0.715998
9	30	0.682146
9	36	0.750607
9	47	0.734351
9	71	2.90383
9	110	3.59529
9	139	0.756924
9	140	0.795004
9	158	0.774131
10	5	0.701906
10	9	0.716582
10	14	0.71541
10	30	0.681557
10	36	0.750019
10	47	0.733762
10	139	0.756335
10	140	0.794415
10	147	2.35029
10	158	0.773542
10	164	6.33529
11	105	0.731322
11	114	0.749698
11	115	0.749551
11	118	0.745055
11	120	0.739073
11	122	0.734511
11	123	0.727752
11	126	0.724824
11	136	1.65037
11	172	6.14489
11	176	0.643504
11	177	0.664662
12	31	0.643095
12	53	0.670143
12	59	0.659097
12	64	0.661345
12	83	0.668803
12	88	0.655724
12	89	0.710425
12	125	0.569616
12	134	0.668942
12	136	0.665746
12	170	0.615742
12	176	6.45157
13	57	0.709704
13	72	0.75013
13	74	0.737106
13	79	0.719286
13	85	0.722135
13	86	0.723679
13	91	0.754335
13	97	0.793457
13	163	3.39441
13	170	0.675319
13	173	4.4258
13	176	0.644922
14	5	0.701322
14	9	0.715998
14	10	0.71541
14	30	0.680974
14	36	0.749435
14	47	0.733178
14	129	2.94023
14	139	0.755752
14	140	0.793832
14	158	0.772958
14	168	3.99882
15	1	0.526997
15	3	0.698036
15	4	0.697794
15	7	0.757437
15	19	0.740459
15	24	0.823268
15	29	0.739979
15	34	0.799568
15	68	2.05876
15	117	0.734174
15	164	5.9531
15	177	0.69008
16	6	0.701175
16	20	0.702031
16	23	0.604836
16	26	0.679506
16	33	0.66391
16	35	0.663381
16	41	1.2916
16	42	0.662608
16	43	0.662266
16	146	2.36048
16	163	4.91217
17	18	0.782343
17	25	0.376873
17	28	0.828134
17	38	0.811692
17	48	0.819606
17	82	2.51572
17	134	0.808142
17	135	4.44357
17	136	0.804946
17	144	1.62882
17	149	0.819624
17	167	0.852468
18	17	0.782343
18	25	0.980897
18	28	0.741985
18	38	0.725543
18	80	0.744711
18	125	0.622668
18	129	4.15845
18	134	0.721993
18	136	0.718797
18	140	3.00461
18	149	0.733475
18	167	0.766319
19	1	0.510213
19	3	0.681252
19	4	0.681009
19	7	0.740653
19	15	0.740459
19	24	0.806484
19	29	0.723195
19	34	0.782783
19	80	0.758452
19	117	0.717389
19	125	6.8559
19	177	0.673296
19	179	2.5478
20	6	0.863606
20	16	0.702031
20	23	0.767267
20	26	0.841936
20	33	0.826341
20	35	0.825812
20	41	0.755542
20	42	0.825039
20	43	0.824697
20	119	1.35706
20	129	2.25124
20	161	4.87703
21	2	0.78997
21	8	0.785053
21	22	0.675018
21	39	0.659878
21	45	0.709524
21	51	0.70356
21	56	0.7029
21	94	3.90724
21	140	0.768172
21	147	0.68817
21	152	0.605417
21	158	0.747298
21	162	3.80894
22	8	0.796566
22	21	0.675018
22	39	0.671391
22	45	0.721037
22	51	0.715072
22	56	0.714413
22	129	0.670684
22	140	0.779684
22	147	0.699682
22	152	0.616929
22	158	0.758811
22	176	2.60444
22	180	6.37062
23	6	0.766411
23	16	0.604836
23	20	0.767267
23	26	0.744741
23	33	0.729146
23	35	0.728616
23	41	0.658347
23	42	0.727844
23	43	0.727501
23	94	0.673653
23	117	0.690588
23	136	3.25559
23	147	4.55261
24	1	0.593022
24	3	0.764061
24	4	0.763819
24	7	0.823462
24	15	0.823268
24	19	0.806484
24	29	0.806004
24	34	0.865593
24	117	0.800198
24	127	4.2646
24	157	2.51002
24	174	3.33046
24	177	0.756105
25	17	0.376873
25	18	0.980897
25	28	0.834746
25	38	0.772794
25	80	0.590958
25	125	0.907371
25	134	1.0067
25	136	0.941796
25	149	1.01818
25	153	4.38587
25	166	3.88431
25	167	0.729242
25	178	5.24036
26	6	0.841081
26	16	0.679506
26	20	0.841936
26	23	0.744741
26	33	0.803816
26	35	0.803286
26	41	0.733016
26	42	0.802513
26	43	0.802171
26	44	2.80531
26	117	0.765257
26	148	2.32622
26	177	4.23764
27	3	2.18601
27	49	1.55785
27	94	0.718054
27	98	0.742046
27	128	0.707285
27	144	0.798304
27	151	0.709593
27	166	0.681905
27	169	0.720493
27	173	0.68496
27	178	0.676993
27	179	0.690978
27	180	0.668186
28	17	0.828134
28	18	0.741985
28	25	0.834746
28	38	0.771335
28	80	0.790503
28	125	0.668459
28	133	3.13878
28	134	0.767785
28	136	0.764589
28	149	0.779267
28	154	3.12156
28	167	0.812111
28	174	3.67066
29	1	0.509733
29	3	0.680772
29	4	0.68053
29	7	0.740173
29	15	0.739979
29	19	0.723195
29	24	0.806004
29	34	0.782304
29	80	0.757972
29	117	0.71691
29	128	4.55337
29	143	3.51096
29	177	0.672817
30	5	0.66747
30	9	0.682146
30	10	0.681557
30	14	0.680974
30	36	0.715583
30	47	0.699326
30	52	0.698043
30	61	0.763098
30	92	2.85737
30	107	4.43607
30	139	0.721899
30	140	0.759979
30	158	0.739106
31	12	0.643095
31	49	0.727821
31	53	0.723147
31	59	0.712101
31	64	0.714349
31	83	0.721807
31	88	0.708728
31	89	0.763429
31	138	0.701714
31	142	3.2478
31	158	0.763595
31	170	0.668746
31	171	4.83963
32	57	0.748428
32	72	0.788854
32	74	0.77583
32	79	0.75801
32	81	0.822217
32	85	0.760859
32	86	0.762403
32	91	0.793059
32	97	0.832181
32	161	3.52295
32	170	0.714042
32	174	3.81169
32	176	0.683646
32	177	2.77696
33	6	0.825486
33	16	0.66391
33	20	0.826341
33	23	0.729146
33	26	0.803816
33	35	0.787691
33	41	0.717421
33	42	0.786918
33	43	0.786576
33	94	0.732728
33	117	0.749662
33	150	3.48385
33	160	4.20342
33	168	2.31124
34	1	0.569322
34	3	0.74036
34	4	0.740118
34	7	0.799762
34	15	0.799568
34	19	0.782783
34	24	0.865593
34	29	0.782304
34	80	0.817561
34	117	0.776498
34	128	3.74587
34	139	1.56227
34	174	4.65368
34	177	0.732405
35	6	0.824956
35	16	0.663381
35	20	0.825812
35	23	0.728616
35	26	0.803286
35	33	0.787691
35	41	0.716892
35	42	0.786388
35	43	0.786046
35	94	0.732198
35	117	0.749132
35	138	3.47132
35	146	3.01951
35	168	3.49259
36	5	0.735931
36	9	0.750607
36	10	0.750019
36	14	0.749435
36	30	0.715583
36	44	3.19469
36	47	0.767787
36	61	0.831559
36	63	0.673721
36	130	2.97092
36	139	0.790361
36	140	0.828441
36	143	3.71154
36	158	0.807567
37	82	2.50308
37	105	0.77033
37	113	0.812874
37	114	0.788706
37	115	0.78856
37	118	0.784063
37	120	0.778082
37	122	0.77352
37	123	0.76676
37	126	0.763833
37	132	2.11871
37	170	5.31383
37	176	0.682512
37	177	0.70367
38	17	0.811692
38	18	0.725543
38	25	0.772794
38	28	0.771335
38	48	0.762806
38	78	1.55162
38	80	0.774061
38	125	0.652017
38	134	0.751343
38	136	0.748147
38	149	0.762825
38	167	0.795669
38	170	3.98842
38	176	4.763
39	2	0.786342
39	8	0.781426
39	21	0.659878
39	22	0.671391
39	45	0.705897
39	51	0.699932
39	56	0.699273
39	63	0.609824
39	78	4.55495
39	110	3.49621
39	140	0.764544
39	147	0.684542
39	152	0.601789
39	158	0.743671
40	58	0.634729
40	120	3.8844
40	154	0.671268
40	161	0.65283
40	162	0.689441
40	164	0.638435
40	172	0.652376
40	173	0.644001
40	174	0.656352
40	175	0.638167
40	178	0.636033
40	179	0.650019
40	180	0.627227
41	6	0.754686
41	16	1.2916
41	20	0.755542
41	23	0.658347
41	26	0.733016
41	33	0.717421
41	35	0.716892
41	42	0.716119
41	43	0.715777
41	94	0.661929
41	117	0.678863
41	161	1.63755
41	172	2.73987
41	180	6.5207
42	6	0.824183
42	16	0.662608
42	20	0.825039
42	23	0.727844
42	26	0.802513
42	33	0.786918
42	35	0.786388
42	41	0.716119
42	43	0.785274
42	94	0.731426
42	117	0.74836
42	137	1.97794
42	174	3.19342
42	178	5.08892
43	6	0.823841
43	16	0.662266
43	20	0.824697
43	23	0.727501
43	26	0.802171
43	33	0.786576
43	35	0.786046
43	41	0.715777
43	42	0.785274
43	94	0.731083
43	117	0.748018
43	119	1.92753
43	136	2.0553
43	161	5.4475
44	26	2.80531
44	36	3.19469
44	75	0.792025
44	127	0.683889
44	166	0.673305
44	168	0.715387
44	169	0.711892
44	171	0.687462
44	172	0.684735
44	173	0.67636
44	174	0.688711
44	175	0.670526
44	178	0.668392
44	179	0.682378
44	180	0.659586
45	2	0.835988
45	8	0.831072
45	21	0.709524
45	22	0.721037
45	39	0.705897
45	51	0.749578
45	56	0.748919
45	129	0.70519
45	140	0.81419
45	142	1.74254
45	147	0.734188
45	152	0.651435
45	158	0.793317
45	164	5.32559
45	173	3.69752
46	47	4.2605
46	125	0.603368
46	154	0.661588
46	155	0.69082
46	163	0.631445
46	164	0.628756
46	165	0.643966
46	168	0.673348
46	172	0.642697
46	173	0.634321
46	174	0.646673
46	175	0.628487
46	178	0.626354
46	179	0.640339
46	180	0.617547
47	5	0.719674
47	9	0.734351
47	10	0.733762
47	14	0.733178
47	30	0.699326
47	36	0.767787
47	46	4.2605
47	52	0.750248
47	61	0.815302
47	63	0.657464
47	139	0.774104
47	140	0.812184
47	153	3.39951
47	157	1.53806
47	158	0.79131
48	17	0.819606
48	38	0.762806
48	67	0.721469
48	69	2.13263
48	71	3.10666
48	83	0.759117
48	88	0.746038
48	89	0.80074
48	106	0.759673
48	111	0.756787
48	144	3.59602
48	149	0.770738
48	167	0.803582
48	170	0.706057
49	27	1.55785
49	31	0.727821
49	53	0.754869
49	59	0.743824
49	64	0.746072
49	83	0.753529
49	88	0.74045
49	89	0.795152
49	110	1.08989
49	125	0.654343
49	127	0.692825
49	138	0.733436
49	139	0.77811
49	158	0.795317
49	170	0.700469
49	178	6.42726
50	60	0.71593
50	65	0.761811
50	66	0.706058
50	67	0.703771
50	70	0.747842
50	73	0.749637
50	84	0.730881
50	99	0.752083
50	101	0.750648
50	106	0.741975
50	111	0.739089
50	112	0.736897
50	138	2.80399
50	151	3.80642
50	165	3.91325
50	167	0.785884
51	2	0.830024
51	8	0.825107
51	21	0.70356
51	22	0.715072
51	39	0.699932
51	45	0.749578
51	56	0.742954
51	58	6.8
51	63	0.653506
51	104	2.16963
51	129	0.699226
51	140	0.808226
51	147	0.728224
51	152	0.645471
51	158	0.787352
51	177	2.08033
52	5	0.718392
52	30	0.698043
52	47	0.750248
52	101	0.75747
52	106	0.748796
52	111	0.74591
52	112	0.743719
52	123	0.749031
52	126	0.746104
52	154	2.99568
52	158	0.790028
52	167	0.792705
52	170	3.59845
52	175	4.28151
52	176	0.664784
52	177	0.685942
53	12	0.670143
53	31	0.723147
53	49	0.754869
53	59	0.73915
53	64	0.741398
53	83	0.748855
53	87	0.748889
53	88	0.735776
53	89	0.790478
53	124	2.26848
53	134	0.748994
53	138	0.728762
53	156	4.37613
53	157	3.9148
53	158	0.790643
53	170	0.695795
54	60	0.773707
54	62	3.51798
54	65	0.819589
54	66	0.763836
54	67	0.761548
54	69	1.12433
54	70	0.80562
54	84	0.788659
54	90	0.868145
54	99	0.809861
54	106	0.799752
54	111	0.796867
54	112	0.794675
54	119	2.42299
54	145	3.77716
54	167	0.843661
55	57	0.722218
55	72	0.762644
55	74	0.74962
55	79	0.7318
55	81	0.796007
55	85	0.734649
55	86	0.736193
55	91	0.766849
55	97	0.805971
55	109	3.14113
55	119	2.91549
55	130	4.03337
55	134	0.741031
55	147	0.723552
55	170	0.687832
55	176	0.657436
56	2	0.829364
56	8	0.824448
56	21	0.7029
56	22	0.714413
56	39	0.699273
56	45	0.748919
56	51	0.742954
56	63	0.652846
56	129	0.698566
56	131	5.14253
56	140	0.807566
56	147	0.727564
56	152	0.644811
56	155	2.29299
56	158	0.786692
56	168	3.33416
57	13	0.709704
57	32	0.748428
57	55	0.722218
57	72	0.750591
57	74	0.737567
57	76	1.89459
57	79	0.719747
57	81	0.783954
57	85	0.722596
57	86	0.724141
57	91	0.754796
57	97	0.793918
57	134	0.728979
57	155	3.27171
57	165	5.40087
57	170	0.67578
57	176	0.645384
58	40	0.634729
58	51	6.8
58	99	0.680675
58	106	0.670566
58	112	0.665489
58	117	0.651805
58	118	0.688104
58	120	0.682123
58	121	0.672988
58	126	0.667874
58	166	0.598722
58	173	0.601777
58	176	0.586554
58	177	0.607712
58	178	0.593809
58	179	0.607795
58	180	0.585003
59	12	0.659097
59	31	0.712101
59	49	0.743824
59	53	0.73915
59	61	0.803589
59	64	0.730352
59	83	0.73781
59	88	0.72473
59	89	0.779432
59	94	2.64017
59	124	2.64637
59	125	0.638623
59	134	0.737948
59	138	0.717717
59	158	0.779597
59	166	5.65258
59	170	0.684749
60	50	0.71593
60	54	0.773707
60	66	0.686666
60	67	0.684378
60	70	0.728449
60	73	0.730244
60	84	0.711488
60	90	0.790975
60	99	0.73269
60	101	0.731255
60	106	0.722582
60	109	2.77029
60	111	0.719696
60	112	0.717504
60	121	4.09154
60	162	3.7821
60	167	0.766491
61	30	0.763098
61	36	0.831559
61	47	0.815302
61	59	0.803589
61	79	0.804202
61	83	0.813295
61	85	0.80705
61	88	0.800215
61	91	0.839251
61	145	2.06023
61	158	0.855082
61	170	0.760234
61	173	4.60598
61	174	3.35193
61	176	0.729838
61	179	3.60103
62	54	3.51798
62	106	1.80419
62	125	0.640227
62	133	0.717052
62	151	0.695813
62	161	0.68001
62	163	0.668305
62	164	0.665615
62	165	0.680825
62	166	0.668125
62	168	0.710207
62	171	0.682283
62	172	0.679556
62	174	0.683532
62	178	0.663213
62	179	0.677198
62	180	0.654406
63	2	0.739916
63	36	0.673721
63	39	0.609824
63	47	0.657464
63	51	0.653506
63	56	0.652846
63	104	0.635725
63	107	0.635432
63	113	4.62953
63	139	0.680037
63	158	0.697244
63	168	0.62625
63	172	0.595598
63	178	0.579255
63	179	0.593241
63	180	0.570449
64	12	0.661345
64	31	0.714349
64	49	0.746072
64	53	0.741398
64	59	0.730352
64	83	0.740058
64	88	0.726978
64	89	0.78168
64	124	3.56297
64	125	0.640871
64	134	0.740196
64	138	0.719965
64	139	0.764639
64	148	3.08357
64	158	0.781845
64	168	4.17378
64	170	0.686997
65	50	0.761811
65	54	0.819589
65	70	0.774331
65	73	0.776125
65	84	0.75737
65	90	0.836856
65	98	3.06349
65	99	0.778572
65	101	0.777137
65	106	0.768463
65	111	0.765578
65	112	0.763386
65	127	0.707204
65	129	0.721569
65	131	3.31548
65	149	0.779528
65	170	3.41673
65	172	4.17665
66	50	0.706058
66	54	0.763836
66	60	0.686666
66	70	0.718578
66	73	0.720372
66	84	0.701617
66	90	0.781103
66	99	0.722819
66	101	0.721384
66	106	0.712711
66	111	0.709825
66	112	0.707633
66	127	0.651451
66	147	1.90286
66	149	0.723775
66	152	8.28574
66	167	0.75662
66	171	1.9015
67	48	0.721469
67	50	0.703771
67	54	0.761548
67	60	0.684378
67	70	0.71629
67	73	0.718085
67	84	0.699329
67	87	0.709901
67	90	0.778816
67	99	0.720531
67	101	0.719096
67	106	0.710423
67	111	0.707537
67	112	0.705345
67	144	2.05258
67	155	2.79944
67	167	0.754332
67	176	6.5248
68	15	2.05876
68	92	0.745291
68	118	3.76867
68	146	0.726658
68	156	0.666376
68	157	0.691862
68	160	0.673728
68	164	0.653358
68	166	0.655868
68	168	0.69795
68	171	0.670026
68	172	0.667299
68	173	0.658923
68	174	0.671275
68	175	0.653089
68	178	0.650956
68	179	0.664942
68	180	0.64215
69	48	2.13263
69	54	1.12433
69	83	1.12944
69	89	0.85724
69	159	0.75454
69	162	0.795031
69	163	0.746716
69	165	0.759236
69	166	0.746536
69	168	0.788618
69	169	0.785124
69	171	0.760694
69	172	0.757967
69	173	0.749591
69	174	0.761943
69	175	0.743757
69	178	0.741624
69	179	0.755609
69	180	0.732817
70	50	0.747842
70	54	0.80562
70	60	0.728449
70	65	0.774331
70	66	0.718578
70	67	0.71629
70	73	0.762156
70	84	0.7434
70	90	0.822887
70	99	0.764603
70	101	0.763168
70	106	0.754494
70	111	0.751608
70	112	0.749417
70	136	2.6054
70	139	3.19492
70	146	3.95731
70	155	3.38922
70	167	0.798403
71	9	2.90383
71	48	3.10666
71	81	0.360979
71	132	0.795788
71	145	0.766116
71	156	0.704077
71	163	0.693749
71	164	0.691059
71	165	0.706269
71	168	0.735651
71	169	0.732157
71	171	0.707727
71	172	0.705
71	174	0.708976
71	175	0.69079
71	176	0.681401
71	178	0.688657
71	179	0.702642
71	180	0.67985
72	13	0.75013
72	32	0.788854
72	55	0.762644
72	57	0.750591
72	74	0.777993
72	79	0.760173
72	81	0.824381
72	85	0.763022
72	86	0.764567
72	91	0.795222
72	97	0.834345
72	121	2.61222
72	135	0.697855
72	137	3.65856
72	141	3.01142
72	147	0.751925
72	151	3.99925
72	170	0.716206
72	176	0.68581
73	50	0.749637
73	60	0.730244
73	65	0.776125
73	66	0.720372
73	67	0.718085
73	70	0.762156
73	84	0.745195
73	90	0.824682
73	98	3.46462
73	99	0.766397
73	101	0.764962
73	106	0.756289
73	111	0.753403
73	112	0.751211
73	133	3.23231
73	138	1.88698
73	149	0.767354
73	167	0.800198
73	178	5.65969
74	13	0.737106
74	32	0.77583
74	55	0.74962
74	57	0.737567
74	72	0.777993
74	79	0.747149
74	81	0.811356
74	85	0.749998
74	86	0.751543
74	91	0.782198
74	97	0.82132
74	109	1.43484
74	134	0.756381
74	135	0.684831
74	147	0.738901
74	165	4.24996
74	169	3.58668
74	170	0.703182
74	176	0.672786
74	177	3.98318
75	44	0.792025
75	79	0.983628
75	82	0.836446
75	88	1.30542
75	104	0.775216
75	115	1.20348
75	133	0.772585
75	143	0.780268
75	149	0.218682
75	150	0.743897
75	154	0.753981
75	163	0.723838
75	164	0.721149
75	165	0.736359
75	171	0.737816
75	172	0.735089
75	175	0.72088
75	178	0.718746
75	179	0.732732
75	180	0.70994
76	4	1.84924
76	57	1.89459
76	120	0.398303
76	123	1.3147
76	128	0.757112
76	154	0.762054
76	155	0.791286
76	156	0.74224
76	157	0.767726
76	160	0.749592
76	161	0.743617
76	165	0.744432
76	169	0.77032
76	171	0.74589
76	172	0.743163
76	173	0.734787
76	174	0.747139
76	175	0.728953
76	179	0.740805
76	180	0.718013
77	100	0.7858
77	103	0.791683
77	105	0.752999
77	108	0.833883
77	113	0.795543
77	114	0.771375
77	115	0.771229
77	118	0.766732
77	120	0.760751
77	122	0.756189
77	123	0.749429
77	126	0.746502
77	127	4.60117
77	139	2.0073
77	160	3.70328
77	167	0.793103
77	176	0.665181
77	177	0.686339
77	179	3.91614
78	38	1.55162
78	39	4.55495
78	110	0.750993
78	119	0.797137
78	146	0.739949
78	153	0.693065
78	156	0.679667
78	157	0.705153
78	161	0.681044
78	162	0.717654
78	163	0.669338
78	165	0.681859
78	167	0.78098
78	168	0.711241
78	169	0.707747
78	171	0.683316
78	172	0.68059
78	174	0.684566
78	178	0.664247
78	179	0.678232
78	180	0.65544
79	13	0.719286
79	32	0.75801
79	55	0.7318
79	57	0.719747
79	61	0.804202
79	72	0.760173
79	74	0.747149
79	75	0.983628
79	81	0.793536
79	85	0.732178
79	86	0.733723
79	87	0.738456
79	91	0.764378
79	94	3.05259
79	97	0.8035
79	134	0.738561
79	142	3.23669
79	147	0.721081
79	160	5.56179
79	170	0.685362
79	176	0.654966
80	3	0.716029
80	4	0.715787
80	18	0.744711
80	19	0.758452
80	25	0.590958
80	28	0.790503
80	29	0.757972
80	34	0.817561
80	38	0.774061
80	122	0.777923
80	123	0.771163
80	126	0.768236
80	132	2.06224
80	139	2.11228
80	149	0.781993
80	150	4.52037
80	161	4.91496
80	167	0.814837
80	176	0.686915
80	177	0.708073
81	32	0.822217
81	55	0.796007
81	57	0.783954
81	71	0.360979
81	72	0.824381
81	74	0.811356
81	79	0.793536
81	85	0.796385
81	86	0.79793
81	87	0.802663
81	91	0.828585
81	93	0.702211
81	97	0.867708
81	107	2.16171
81	135	0.731218
81	136	2.00938
81	147	0.785288
81	150	3.81098
81	170	0.749569
81	175	5.23103
81	176	0.719173
82	6	1.46172
82	17	2.51572
82	37	2.50308
82	75	0.836446
82	146	0.788515
82	150	0.737963
82	157	0.753719
82	160	0.735585
82	161	0.729609
82	162	0.76622
82	163	0.717904
82	165	0.730425
82	166	0.717725
82	167	0.407027
82	168	0.759807
82	172	0.729156
82	173	0.72078
82	175	0.714946
82	178	0.712812
82	179	0.726798
82	180	0.704006
83	12	0.668803
83	31	0.721807
83	48	0.759117
83	49	0.753529
83	53	0.748855
83	59	0.73781
83	61	0.813295
83	64	0.740058
83	69	1.12944
83	88	0.734436
83	89	0.789137
83	109	2.65374
83	125	0.648329
83	127	0.686811
83	132	3.09535
83	134	0.747654
83	136	0.744458
83	139	0.772096
83	158	0.789303
83	170	0.694454
83	171	5.53978
84	50	0.730881
84	54	0.788659
84	60	0.711488
84	65	0.75737
84	66	0.701617
84	67	0.699329
84	70	0.7434
84	73	0.745195
84	87	0.737011
84	90	0.805926
84	99	0.747642
84	101	0.746207
84	106	0.737533
84	112	0.732456
84	116	1.55907
84	127	0.676273
84	149	0.748598
84	162	2.65049
84	167	0.781442
84	177	4.18701
84	179	5.47085
85	13	0.722135
85	32	0.760859
85	55	0.734649
85	57	0.722596
85	61	0.80705
85	72	0.763022
85	74	0.749998
85	79	0.732178
85	81	0.796385
85	86	0.736571
85	91	0.767227
85	97	0.806349
85	117	3.05434
85	134	0.74141
85	135	0.66986
85	136	2.02396
85	144	2.06091
85	147	0.72393
85	170	0.68821
85	175	6.44161
85	176	0.657814
86	13	0.723679
86	32	0.762403
86	55	0.736193
86	57	0.724141
86	72	0.764567
86	74	0.751543
86	79	0.733723
86	81	0.79793
86	85	0.736571
86	87	0.742849
86	91	0.768771
86	93	0.642397
86	97	0.807894
86	121	1.90538
86	134	0.742954
86	135	0.671404
86	147	0.725474
86	152	8.11426
86	160	2.46329
86	170	0.689755
86	172	3.24064
86	176	0.659359
87	53	0.748889
87	67	0.709901
87	79	0.738456
87	81	0.802663
87	84	0.737011
87	86	0.742849
87	88	0.73447
87	97	0.812627
87	101	0.756778
87	106	0.748105
87	111	0.745219
87	112	0.743027
87	127	0.686845
87	136	0.744492
87	139	0.77213
87	155	1.69018
87	166	5.12675
87	169	3.15607
87	170	0.694488
87	171	3.89027
87	176	0.664092
88	12	0.655724
88	31	0.708728
88	48	0.746038
88	49	0.74045
88	53	0.735776
88	59	0.72473
88	61	0.800215
88	64	0.726978
88	75	1.30542
88	83	0.734436
88	87	0.73447
88	89	0.776058
88	127	0.673732
88	134	0.734574
88	136	0.731379
88	138	0.714343
88	139	0.759017
88	143	2.58821
88	146	2.2094
88	158	0.776223
88	170	0.681375
88	180	9.13284
89	12	0.710425
89	31	0.763429
89	48	0.80074
89	49	0.795152
89	53	0.790478
89	59	0.779432
89	64	0.78168
89	69	0.85724
89	83	0.789137
89	88	0.776058
89	116	2.30193
89	125	0.689951
89	127	0.728433
89	129	3.05008
89	134	0.789276
89	136	0.78608
89	138	0.769045
89	139	0.813719
89	158	0.830925
89	162	3.39335
89	168	4.10866
89	170	0.736077
90	54	0.868145
90	60	0.790975
90	65	0.836856
90	66	0.781103
90	67	0.778816
90	70	0.822887
90	73	0.824682
90	84	0.805926
90	93	0.716046
90	99	0.827128
90	101	0.825693
90	104	3.81107
90	106	0.81702
90	111	0.814134
90	112	0.811942
90	117	2.10595
90	119	1.90069
90	129	0.770125
90	148	1.81035
90	149	0.828085
90	151	3.88173
90	156	4.3974
90	167	0.860929
91	13	0.754335
91	32	0.793059
91	55	0.766849
91	57	0.754796
91	61	0.839251
91	72	0.795222
91	74	0.782198
91	79	0.764378
91	81	0.828585
91	85	0.767227
91	86	0.768771
91	93	0.673053
91	97	0.838549
91	110	2.21861
91	130	1.7669
91	134	0.77361
91	135	0.70206
91	143	2.50752
91	147	0.75613
91	153	5.49874
91	170	0.72041
91	173	5.71179
91	176	0.690014
92	30	2.85737
92	68	0.745291
92	99	0.84674
92	102	0.778069
92	105	1.09728
92	116	0.827171
92	124	0.752041
92	154	0.724683
92	155	0.753915
92	157	0.730355
92	160	0.712221
92	161	0.706245
92	162	0.742856
92	164	0.69185
92	167	0.342394
92	168	0.736443
92	171	0.708518
92	172	0.705791
92	173	0.697416
92	174	0.709767
92	178	0.689448
92	179	0.703434
92	180	0.680642
93	81	0.702211
93	86	0.642397
93	90	0.716046
93	91	0.673053
93	97	0.712175
93	99	0.657761
93	101	0.656326
93	103	6.17084
93	106	0.647653
93	111	0.644767
93	112	0.642575
93	131	0.628938
93	138	0.627004
93	170	0.594036
93	173	0.578864
93	174	0.591215
93	175	0.573029
93	176	0.56364
93	179	0.584882
93	180	0.56209
94	21	3.90724
94	23	0.673653
94	27	0.718054
94	33	0.732728
94	35	0.732198
94	41	0.661929
94	42	0.731426
94	43	0.731083
94	59	2.64017
94	79	3.05259
94	95	0.691856
94	120	0.724488
94	122	0.719926
94	123	0.713166
94	126	0.710239
94	162	0.689582
94	169	0.679674
94	172	0.652517
94	175	0.638308
94	176	0.628919
94	177	0.650077
94	178	0.636174
94	179	0.65016
94	180	0.627368
95	94	0.691856
95	99	1.4865
95	112	1.91584
95	115	2.47386
95	116	0.788517
95	144	0.772106
95	148	0.752965
95	150	0.675945
95	157	0.691701
95	161	0.667592
95	162	0.704202
95	163	0.655886
95	164	0.653197
95	166	0.655707
95	168	0.697789
95	169	0.694295
95	171	0.669864
95	172	0.667138
95	173	0.658762
95	174	0.671114
95	175	0.652928
95	178	0.650795
95	179	0.66478
95	180	0.641988
96	124	0.690185
96	133	0.681431
96	142	0.693148
96	148	0.729763
96	149	3.48196
96	150	0.652742
96	151	0.660192
96	152	0.603699
96	153	0.65641
96	157	0.668498
96	163	0.632684
96	165	0.645204
96	166	0.632504
96	167	3.14219
96	168	0.674586
96	169	0.671092
96	171	0.646662
96	172	0.643935
96	173	0.635559
96	174	0.647911
96	175	0.629725
96	178	0.627592
96	179	0.641577
96	180	0.618785
97	13	0.793457
97	32	0.832181
97	55	0.805971
97	57	0.793918
97	72	0.834345
97	74	0.82132
97	79	0.8035
97	81	0.867708
97	85	0.806349
97	86	0.807894
97	87	0.812627
97	91	0.838549
97	93	0.712175
97	104	4.01929
97	134	0.812732
97	135	0.741182
97	139	1.87331
97	140	1.91879
97	141	3.10211
97	147	0.795252
97	162	2.39347
97	170	0.759533
97	172	5.77831
97	176	0.729137
98	27	0.742046
98	65	3.06349
98	73	3.46462
98	103	1.24273
98	119	0.793056
98	152	0.636274
98	153	0.688984
98	154	0.695401
98	160	0.682939
98	162	0.713574
98	163	0.665258
98	164	0.662568
98	165	0.677779
98	168	0.707161
98	169	0.703666
98	171	0.679236
98	172	0.676509
98	173	0.668134
98	174	0.680485
98	175	0.6623
98	176	0.652911
98	178	0.660166
98	179	0.674152
98	180	0.65136
99	50	0.752083
99	54	0.809861
99	58	0.680675
99	60	0.73269
99	65	0.778572
99	66	0.722819
99	67	0.720531
99	70	0.764603
99	73	0.766397
99	84	0.747642
99	90	0.827128
99	92	0.84674
99	93	0.657761
99	95	1.4865
99	101	0.767409
99	106	0.758735
99	111	0.75585
99	112	0.753658
99	127	0.697475
99	129	0.711841
99	149	0.7698
99	154	4.20894
99	165	3.99009
99	167	0.802645
99	177	3.72331
100	77	0.7858
100	103	0.827723
100	105	0.789038
100	108	0.869922
100	113	0.831582
100	114	0.807414
100	115	0.807268
100	118	0.802771
100	120	0.79679
100	122	0.792228
100	123	0.785468
100	126	0.782541
100	130	2.20174
100	132	1.75112
100	133	4.36069
100	147	2.50866
100	152	0.684583
100	167	0.829142
100	174	4.89258
100	176	0.70122
100	177	0.722378
101	50	0.750648
101	52	0.75747
101	60	0.731255
101	65	0.777137
101	66	0.721384
101	67	0.719096
101	70	0.763168
101	73	0.764962
101	84	0.746207
101	87	0.756778
101	90	0.825693
101	93	0.656326
101	99	0.767409
101	106	0.7573
101	111	0.754415
101	112	0.752223
101	127	0.69604
101	129	0.710406
101	137	3.03357
101	140	1.43119
101	149	0.768365
101	167	0.80121
101	175	4.98577
101	177	3.21432
101	179	4.49815
102	2	1.89432
102	92	0.778069
102	105	1.65023
102	107	0.73991
102	122	2.04693
102	131	0.741775
102	133	0.737572
102	138	0.739842
102	143	0.745255
102	150	0.708884
102	153	0.712551
102	157	0.72464
102	158	0.540638
102	161	0.70053
102	163	0.688825
102	165	0.701346
102	169	0.727233
102	171	0.702803
102	172	0.700076
102	173	0.691701
102	174	0.704052
102	175	0.685867
102	178	0.683733
102	179	0.697719
102	180	0.674927
103	77	0.791683
103	93	6.17084
103	98	1.24273
103	100	0.827723
103	105	0.794922
103	108	0.875805
103	113	0.837466
103	114	0.813298
103	115	0.813152
103	118	0.808655
103	120	0.802674
103	122	0.798112
103	123	0.791352
103	126	0.788425
103	131	2.31472
103	139	1.73276
103	167	0.835026
103	169	2.30769
103	176	0.707104
103	177	0.728262
104	51	2.16963
104	63	0.635725
104	75	0.775216
104	90	3.81107
104	97	4.01929
104	110	0.738329
104	132	0.758715
104	146	0.727285
104	150	0.676733
104	151	0.684183
104	159	0.664499
104	161	0.66838
104	162	0.70499
104	163	0.656675
104	164	0.653985
104	166	0.656495
104	168	0.698577
104	169	0.695083
104	173	0.65955
104	174	0.671902
104	175	0.653716
104	176	0.644327
104	178	0.651583
104	179	0.665568
104	180	0.642776
105	11	0.731322
105	37	0.77033
105	77	0.752999
105	92	1.09728
105	100	0.789038
105	102	1.65023
105	103	0.794922
105	108	0.837121
105	113	0.798781
105	114	0.774614
105	115	0.774467
105	118	0.769971
105	120	0.763989
105	122	0.759428
105	123	0.752668
105	126	0.74974
105	128	4.10077
105	139	1.91716
105	149	0.763497
105	152	0.651783
105	167	0.796341
105	176	0.66842
105	177	0.689578
105	179	5.25768
106	48	0.759673
106	50	0.741975
106	52	0.748796
106	54	0.799752
106	58	0.670566
106	60	0.722582
106	62	1.80419
106	65	0.768463
106	66	0.712711
106	67	0.710423
106	70	0.754494
106	73	0.756289
106	84	0.737533
106	87	0.748105
106	90	0.81702
106	93	0.647653
106	99	0.758735
106	101	0.7573
106	111	0.745741
106	112	0.743549
106	129	0.701732
106	130	1.82707
106	141	2.65528
106	157	3.69746
106	167	0.792536
106	178	6.4134
107	30	4.43607
107	63	0.635432
107	81	2.16171
107	102	0.73991
107	114	2.55234
107	131	0.709332
107	135	0.65608
107	143	0.712812
107	144	0.772601
107	150	0.67644
107	153	0.680108
107	155	0.715757
107	159	0.664207
107	161	0.668087
107	163	0.656382
107	165	0.668902
107	170	0.674431
107	171	0.67036
107	172	0.667633
107	173	0.659258
107	174	0.671609
107	175	0.653424
107	177	0.665192
107	178	0.65129
107	179	0.665276
107	180	0.642484
108	77	0.833883
108	100	0.869922
108	103	0.875805
108	105	0.837121
108	113	0.879665
108	114	0.855497
108	115	0.855351
108	118	0.850854
108	120	0.844873
108	122	0.840311
108	123	0.833551
108	126	0.830624
108	127	3.53423
108	133	2.06821
108	145	1.47595
108	146	1.60145
108	167	0.877225
108	170	2.65376
108	176	0.749303
108	177	0.770461
108	180	7.19451
109	55	3.14113
109	60	2.77029
109	74	1.43484
109	83	2.65374
109	125	0.661824
109	131	0.742851
109	137	0.731672
109	142	0.750366
109	146	0.760512
109	148	0.78698
109	155	0.749276
109	161	0.701606
109	163	0.689901
109	165	0.702422
109	166	0.689722
109	168	0.731804
109	169	0.72831
109	171	0.703879
109	172	0.701153
109	173	0.692777
109	174	0.705129
109	175	0.686943
109	178	0.684809
109	179	0.698795
109	180	0.676003
110	9	3.59529
110	39	3.49621
110	49	1.08989
110	78	0.750993
110	91	2.21861
110	104	0.738329
110	128	0.712151
110	151	0.714459
110	154	0.717094
110	155	0.746326
110	157	0.722766
110	161	0.698656
110	162	0.735267
110	164	0.684261
110	166	0.686771
110	168	0.728854
110	169	0.725359
110	171	0.700929
110	172	0.698202
110	173	0.689827
110	174	0.702178
110	175	0.683993
110	177	0.695761
110	178	0.681859
110	179	0.695845
110	180	0.673053
111	48	0.756787
111	50	0.739089
111	52	0.74591
111	54	0.796867
111	60	0.719696
111	65	0.765578
111	66	0.709825
111	67	0.707537
111	70	0.751608
111	73	0.753403
111	87	0.745219
111	90	0.814134
111	93	0.644767
111	99	0.75585
111	101	0.754415
111	106	0.745741
111	112	0.740664
111	127	0.684481
111	129	0.698846
111	140	1.21437
111	148	2.33659
111	149	0.756806
111	162	2.71149
111	165	4.51479
111	167	0.78965
111	175	6.01947
112	50	0.736897
112	52	0.743719
112	54	0.794675
112	58	0.665489
112	60	0.717504
112	65	0.763386
112	66	0.707633
112	67	0.705345
112	70	0.749417
112	73	0.751211
112	84	0.732456
112	87	0.743027
112	90	0.811942
112	93	0.642575
112	95	1.91584
112	99	0.753658
112	101	0.752223
112	106	0.743549
112	111	0.740664
112	127	0.682289
112	129	0.696655
112	132	2.04592
112	145	2.73285
112	149	0.754614
112	151	4.3126
112	159	5.02626
112	167	0.787458
113	37	0.812874
113	63	4.62953
113	77	0.795543
113	100	0.831582
113	103	0.837466
113	105	0.798781
113	108	0.879665
113	114	0.817158
113	115	0.817011
113	118	0.812514
113	120	0.806533
113	122	0.801971
113	123	0.795211
113	126	0.792284
113	131	2.02727
113	149	0.806041
113	152	0.694326
113	153	3.11587
113	162	2.25052
113	167	0.838885
113	172	2.88844
113	176	0.710963
113	177	0.732121
113	178	3.97036
114	11	0.749698
114	37	0.788706
114	77	0.771375
114	100	0.807414
114	103	0.813298
114	105	0.774614
114	107	2.55234
114	108	0.855497
114	113	0.817158
114	115	0.792843
114	118	0.788347
114	119	1.07623
114	120	0.782366
114	122	0.777804
114	123	0.771044
114	126	0.768116
114	135	0.698841
114	138	0.75016
114	144	1.24096
114	149	0.781873
114	152	0.670159
114	157	4.0645
114	159	4.72382
114	167	0.814718
114	169	3.45371
114	176	0.686796
114	177	0.707954
115	11	0.749551
115	37	0.78856
115	75	1.20348
115	77	0.771229
115	95	2.47386
115	100	0.807268
115	103	0.813152
115	105	0.774467
115	108	0.855351
115	113	0.817011
115	114	0.792843
115	118	0.7882
115	120	0.782219
115	122	0.777657
115	123	0.770897
115	126	0.76797
115	135	0.698694
115	137	4.52993
115	138	0.750013
115	140	1.67703
115	142	3.45655
115	149	0.781727
115	152	0.670012
115	155	2.84829
115	167	0.814571
115	176	0.686649
115	177	0.707807
116	84	1.55907
116	89	2.30193
116	92	0.827171
116	95	0.788517
116	120	1.00986
116	142	0.798392
116	145	0.810295
116	149	0.970548
116	154	0.76807
116	155	0.797302
116	158	0.236315
116	159	0.745752
116	160	0.755608
116	161	0.749633
116	162	0.786243
116	163	0.737928
116	164	0.735238
116	166	0.737748
116	167	0.591018
116	168	0.77983
116	169	0.776336
116	171	0.751906
116	173	0.740803
116	174	0.753155
116	175	0.734969
116	178	0.732836
116	179	0.746821
116	180	0.724029
117	1	0.503928
117	7	0.734368
117	8	2.04087
117	15	0.734174
117	19	0.717389
117	23	0.690588
117	24	0.800198
117	26	0.765257
117	29	0.71691
117	33	0.749662
117	34	0.776498
117	35	0.749132
117	41	0.678863
117	42	0.74836
117	43	0.748018
117	58	0.651805
117	85	3.05434
117	90	2.10595
117	122	2.75473
117	146	0.728811
117	161	0.669905
117	171	0.672178
117	174	0.673428
117	175	0.655242
117	177	0.667011
117	178	0.653108
117	179	0.667094
117	180	0.644302
118	11	0.745055
118	37	0.784063
118	58	0.688104
118	68	3.76867
118	77	0.766732
118	100	0.802771
118	103	0.808655
118	105	0.769971
118	108	0.850854
118	113	0.812514
118	114	0.788347
118	115	0.7882
118	120	0.777722
118	122	0.77316
118	123	0.7664
118	126	0.763473
118	135	0.694198
118	138	0.745516
118	146	2.45186
118	147	2.39697
118	148	1.83473
118	149	0.77723
118	152	0.665516
118	162	2.20963
118	166	5.32034
118	167	0.810074
118	176	0.682153
118	177	0.703311
119	20	1.35706
119	43	1.92753
119	54	2.42299
119	55	2.91549
119	78	0.797137
119	90	1.90069
119	98	0.793056
119	114	1.07623
119	144	0.849314
119	153	0.756821
119	155	0.79247
119	156	0.743423
119	157	0.76891
119	159	0.74092
119	161	0.7448
119	163	0.733095
119	164	0.730405
119	165	0.745615
119	166	0.732915
119	168	0.774998
119	169	0.771503
119	171	0.747073
119	172	0.744346
119	173	0.735971
119	174	0.748322
119	175	0.730137
119	178	0.728003
119	179	0.741989
119	180	0.719197
120	11	0.739073
120	37	0.778082
120	40	3.8844
120	58	0.682123
120	76	0.398303
120	77	0.760751
120	94	0.724488
120	100	0.79679
120	103	0.802674
120	105	0.763989
120	108	0.844873
120	113	0.806533
120	114	0.782366
120	115	0.782219
120	116	1.00986
120	118	0.777722
120	122	0.767179
120	123	0.760419
120	126	0.757492
120	135	0.688217
120	138	0.739535
120	147	2.28862
120	149	0.771249
120	152	0.659535
120	167	0.804093
120	169	3.24131
120	176	0.676172
120	177	0.69733
120	179	4.92164
121	2	2.99086
121	58	0.672988
121	60	4.09154
121	72	2.61222
121	86	1.90538
121	137	0.721154
121	141	0.743054
121	143	0.735814
121	151	0.706892
121	153	0.70311
121	156	0.689712
121	159	0.687208
121	160	0.697064
121	162	0.727699
121	163	0.679384
121	164	0.676694
121	165	0.691904
121	166	0.679204
121	168	0.721286
121	169	0.717792
121	171	0.693362
121	172	0.690635
121	173	0.682259
121	174	0.694611
121	175	0.676425
121	176	0.667036
121	178	0.674292
121	179	0.688277
121	180	0.665485
122	11	0.734511
122	37	0.77352
122	77	0.756189
122	80	0.777923
122	94	0.719926
122	100	0.792228
122	102	2.04693
122	103	0.798112
122	105	0.759428
122	108	0.840311
122	113	0.801971
122	114	0.777804
122	115	0.777657
122	117	2.75473
122	118	0.77316
122	120	0.767179
122	123	0.755857
122	126	0.75293
122	135	0.683655
122	138	0.734973
122	142	3.11643
122	148	2.45913
122	149	0.766687
122	152	0.654973
122	155	2.50817
122	167	0.799531
122	169	3.97405
122	176	0.67161
122	177	0.692768
123	11	0.727752
123	37	0.76676
123	52	0.749031
123	76	1.3147
123	77	0.749429
123	80	0.771163
123	94	0.713166
123	100	0.785468
123	103	0.791352
123	105	0.752668
123	108	0.833551
123	113	0.795211
123	114	0.771044
123	115	0.770897
123	118	0.7664
123	120	0.760419
123	122	0.755857
123	124	3.12218
123	126	0.74617
123	135	0.676895
123	138	0.728213
123	140	1.52056
123	144	1.94496
123	149	0.759927
123	152	0.648213
123	163	5.8116
123	167	0.792771
123	171	4.8919
123	176	0.66485
123	177	0.686008
124	53	2.26848
124	59	2.64637
124	64	3.56297
124	92	0.752041
124	96	0.690185
124	123	3.12218
124	133	0.711545
124	140	0.796568
124	142	0.723263
124	144	0.779017
124	146	0.733408
124	153	0.686524
124	155	0.722173
124	156	0.673126
124	159	0.670623
124	160	0.680479
124	162	0.711114
124	164	0.660108
124	165	0.675318
124	166	0.662618
124	169	0.701206
124	170	0.680846
124	171	0.676776
124	173	0.665674
124	174	0.678025
124	175	0.659839
124	178	0.657706
124	179	0.671692
124	180	0.6489
125	1	4.7441
125	12	0.569616
125	18	0.622668
125	19	6.8559
125	25	0.907371
125	28	0.668459
125	38	0.652017
125	46	0.603368
125	49	0.654343
125	59	0.638623
125	62	0.640227
125	64	0.640871
125	83	0.648329
125	89	0.689951
125	109	0.661824
125	130	0.660492
125	134	0.648467
125	139	0.67291
125	147	0.630988
125	149	0.659949
125	158	0.690116
125	160	0.5949
125	164	0.57453
125	165	0.58974
125	167	0.692794
125	170	0.595268
125	171	0.591197
125	179	0.586113
125	180	0.563321
126	11	0.724824
126	37	0.763833
126	52	0.746104
126	58	0.667874
126	77	0.746502
126	80	0.768236
126	94	0.710239
126	100	0.782541
126	103	0.788425
126	105	0.74974
126	108	0.830624
126	113	0.792284
126	114	0.768116
126	115	0.76797
126	118	0.763473
126	120	0.757492
126	122	0.75293
126	123	0.74617
126	135	0.673968
126	138	0.725286
126	144	1.4516
126	145	2.64105
126	148	2.14942
126	149	0.757
126	152	0.645285
126	157	4.27514
126	159	4.93446
126	167	0.789844
126	174	5.09558
126	176	0.661922
126	177	0.68308
127	24	4.2646
127	44	0.683889
127	49	0.692825
127	65	0.707204
127	66	0.651451
127	77	4.60117
127	83	0.686811
127	84	0.676273
127	87	0.686845
127	88	0.673732
127	89	0.728433
127	99	0.697475
127	101	0.69604
127	108	3.53423
127	111	0.684481
127	112	0.682289
127	136	0.683754
127	152	0.586717
127	154	0.645845
127	158	0.728599
127	161	0.627407
127	166	0.615522
127	167	0.731276
127	168	0.657605
127	170	0.63375
127	173	0.618578
127	174	0.630929
127	175	0.612744
127	178	0.61061
127	179	0.624596
127	180	0.601804
128	27	0.707285
128	29	4.55337
128	34	3.74587
128	76	0.757112
128	105	4.10077
128	110	0.712151
128	130	0.713769
128	133	0.679244
128	135	0.630195
128	142	0.690962
128	143	0.686927
128	148	0.727576
128	151	0.658005
128	154	0.66064
128	155	0.689872
128	159	0.638322
128	162	0.678813
128	163	0.630497
128	164	0.627807
128	165	0.643017
128	166	0.630317
128	168	0.6724
128	169	0.668905
128	171	0.644475
128	172	0.641748
128	173	0.633373
128	174	0.645724
128	175	0.627538
128	178	0.625405
128	179	0.639391
128	180	0.616599
129	14	2.94023
129	18	4.15845
129	20	2.25124
129	22	0.670684
129	45	0.70519
129	51	0.699226
129	56	0.698566
129	65	0.721569
129	89	3.05008
129	90	0.770125
129	99	0.711841
129	101	0.710406
129	106	0.701732
129	111	0.698846
129	112	0.696655
129	140	0.763838
129	147	0.683835
129	148	0.727146
129	149	0.712797
129	152	0.601083
129	158	0.742964
129	162	0.678383
129	167	0.745641
129	169	0.668475
129	171	0.644045
129	172	0.641318
129	173	0.632943
129	174	0.645294
129	175	0.627109
129	179	0.638961
129	180	0.616169
130	36	2.97092
130	55	4.03337
130	91	1.7669
130	100	2.20174
130	106	1.82707
130	125	0.660492
130	128	0.713769
130	133	0.737316
130	143	0.744999
130	144	0.804788
130	145	0.760936
130	150	0.708628
130	151	0.716078
130	154	0.718712
130	155	0.747944
130	156	0.698897
130	159	0.696394
130	160	0.70625
130	161	0.700274
130	163	0.688569
130	164	0.685879
130	165	0.701089
130	166	0.688389
130	168	0.730472
130	169	0.726977
130	172	0.69982
130	173	0.691445
130	174	0.703796
130	175	0.685611
130	178	0.683477
130	179	0.697463
130	180	0.674671
131	56	5.14253
131	65	3.31548
131	93	0.628938
131	102	0.741775
131	103	2.31472
131	107	0.709332
131	109	0.742851
131	113	2.02727
131	133	0.706994
131	139	0.753937
131	141	0.721917
131	148	0.755326
131	150	0.678305
131	153	0.681973
131	156	0.668575
131	157	0.694061
131	160	0.675928
131	161	0.669952
131	162	0.706563
131	163	0.658247
131	164	0.655557
131	165	0.670767
131	166	0.658067
131	168	0.70015
131	171	0.672225
131	172	0.669498
131	173	0.661123
131	174	0.673474
131	175	0.655288
131	178	0.653155
131	179	0.667141
131	180	0.644349
132	37	2.11871
132	71	0.795788
132	80	2.06224
132	83	3.09535
132	100	1.75112
132	104	0.758715
132	112	2.04592
132	137	0.749107
132	143	0.763767
132	144	0.823556
132	145	0.779704
132	150	0.727395
132	153	0.731063
132	155	0.766711
132	156	0.717665
132	158	0.75753
132	159	0.715161
132	160	0.725018
132	162	0.755652
132	163	0.707337
132	164	0.704647
132	165	0.719857
132	166	0.707157
132	169	0.745745
132	171	0.721315
132	172	0.718588
132	173	0.710212
132	174	0.722564
132	175	0.704378
132	176	0.694989
132	178	0.702245
132	179	0.716231
132	180	0.693439
133	28	3.13878
133	62	0.717052
133	73	3.23231
133	75	0.772585
133	96	0.681431
133	100	4.36069
133	102	0.737572
133	108	2.06821
133	124	0.711545
133	128	0.679244
133	130	0.737316
133	131	0.706994
133	146	0.724654
133	148	0.751123
133	154	0.684187
133	157	0.689859
133	159	0.661869
133	160	0.671725
133	163	0.654044
133	164	0.651354
133	166	0.653864
133	168	0.695947
133	169	0.692452
133	171	0.668022
133	172	0.665295
133	173	0.65692
133	174	0.669271
133	175	0.651086
133	176	0.641696
133	178	0.648952
133	179	0.662938
133	180	0.640146
134	12	0.668942
134	17	0.808142
134	18	0.721993
134	25	1.0067
134	28	0.767785
134	38	0.751343
