1	29	0.904737
1	55	1.09398
1	104	0.907967
1	146	0.897265
1	147	0.919236
1	148	1.30598
1	151	0.913506
1	152	0.895933
1	157	0.881471
1	169	1.56457
1	171	0.876794
1	178	1.55067
2	18	0.907261
2	82	0.905712
2	96	0.906644
2	106	0.892423
2	109	0.892657
2	116	0.925372
2	121	1.0134
2	158	1.11798
2	166	0.910819
2	167	1.35513
2	175	2.10558
2	179	0.848857
3	6	0.952868
3	7	0.96145
3	10	0.845239
3	28	0.912269
3	40	0.859235
3	43	0.859334
3	52	0.919453
3	56	0.919506
3	155	1.19103
3	173	1.3447
3	176	1.66324
3	179	1.3791
4	50	0.848068
4	87	0.890883
4	106	0.908758
4	109	0.908992
4	116	0.941707
4	124	0.900902
4	140	1.36286
4	158	1.31469
4	165	1.33383
4	166	0.927154
4	167	1.55184
4	179	0.865192
5	78	1.36719
5	79	0.762829
5	80	0.834815
5	81	0.709738
5	83	0.808024
5	86	0.793666
5	88	0.799208
5	95	0.840933
5	99	1.47587
5	101	0.841648
5	124	0.793983
5	175	2.49627
6	3	0.952868
6	12	0.84781
6	28	0.915382
6	31	0.922118
6	40	0.862348
6	43	0.862447
6	52	0.922566
6	56	0.922619
6	140	1.15303
6	144	1.85659
6	148	1.24752
6	177	1.32377
7	3	0.96145
7	10	0.856935
7	12	0.856392
7	31	0.9307
7	40	0.87093
7	43	0.871029
7	52	0.931149
7	56	0.931201
7	126	1.26882
7	130	1.21149
7	162	1.19792
7	180	1.87303
8	21	0.799341
8	38	0.791423
8	71	1.7709
8	82	0.80902
8	90	0.792934
8	106	0.795731
8	109	0.795965
8	116	0.82868
8	166	0.814127
8	167	1.69179
8	174	1.91244
8	179	0.752165
9	42	1.73579
9	110	0.901892
9	138	0.894636
9	146	0.90479
9	150	1.06217
9	151	0.921031
9	152	0.903458
9	156	0.888761
9	157	0.888996
9	169	1.37196
9	171	0.884319
9	174	1.42852
10	3	0.845239
10	7	0.856935
10	12	0.740182
10	31	0.814489
10	40	0.754719
10	43	0.754819
10	52	0.814938
10	56	0.814991
10	60	0.80156
10	165	1.61022
10	171	1.72276
10	174	2.04888
11	33	0.894896
11	50	0.851039
11	87	0.893855
11	106	0.91173
11	109	0.911964
11	116	0.944678
11	143	1.31646
11	164	1.41103
11	166	0.930125
11	172	1.41978
11	177	1.42585
11	179	0.868164
12	6	0.84781
12	7	0.856392
12	10	0.740182
12	28	0.807211
12	31	0.813947
12	40	0.754177
12	43	0.754276
12	52	0.814396
12	56	0.814448
12	91	1.59819
12	149	1.57509
12	154	2.1717
13	15	1.77823
13	29	0.878526
13	118	0.834134
13	119	1.31156
13	134	0.88167
13	140	1.45279
13	147	0.893024
13	151	0.887295
13	153	0.86723
13	156	0.855024
13	157	0.85526
13	162	1.38595
13	167	0.840919
14	16	1.26579
14	31	0.928628
14	81	1.47784
14	86	0.878775
14	118	0.87115
14	133	0.87474
14	142	0.929178
14	157	0.892276
14	160	0.851554
14	174	0.84096
14	177	0.876739
14	178	0.844548
14	180	0.818239
15	13	1.77823
15	106	1.58761
15	145	0.842737
15	158	0.840022
15	161	0.770088
15	164	0.786061
15	166	1.45225
15	168	0.792557
15	169	0.767417
15	173	0.775785
15	176	0.737125
15	178	0.754807
15	180	0.728499
16	14	1.26579
16	26	0.811302
16	49	0.730301
16	51	0.81026
16	69	0.762453
16	81	0.685226
16	85	0.834763
16	86	0.769154
16	88	0.774696
16	92	1.78301
16	95	0.816421
16	101	0.817136
16	180	2.49537
17	101	1.00656
17	117	1.11931
17	118	1.27271
17	134	1.05667
17	154	0.832213
17	158	0.937992
17	165	0.908582
17	173	0.873756
17	174	0.84919
17	176	0.835096
17	177	0.884969
17	178	0.852778
17	180	0.826469
18	2	0.907261
18	82	0.875919
18	87	0.844755
18	90	0.859833
18	92	1.21582
18	96	0.87685
18	109	0.862864
18	119	1.17867
18	124	0.854773
18	158	1.27173
18	166	0.881026
18	175	2.25933
18	179	0.819064
19	67	0.851515
19	75	0.831049
19	92	0.852337
19	102	0.879261
19	107	0.86615
19	122	0.866614
19	128	0.867835
19	139	0.910921
19	149	1.37332
19	153	0.883289
19	158	1.37898
19	170	1.51257
19	173	1.71786
20	41	1.30452
20	67	0.839571
20	92	0.840392
20	103	0.886938
20	107	0.854206
20	111	0.859982
20	128	0.85589
20	139	0.898977
20	148	0.856055
20	162	0.900285
20	167	1.42145
20	176	1.84173
20	177	1.40321
21	8	0.799341
21	65	1.0718
21	80	0.884378
21	85	0.908838
21	95	0.890496
21	101	0.891211
21	106	0.851402
21	116	0.884351
21	143	1.52786
21	145	1.44994
21	160	1.87356
21	166	0.869798
21	179	0.807836
22	65	1.54247
22	97	2.17471
22	105	0.76208
22	123	0.800023
22	127	0.790798
22	134	0.810847
22	135	0.796876
22	138	0.790077
22	152	0.798899
22	156	0.784202
22	168	2.02974
22	171	0.77976
22	175	0.687259
23	34	0.695196
23	108	2.45333
23	131	2.35676
23	150	0.7774
23	154	0.672425
23	159	0.687866
23	168	0.730739
23	172	0.725504
23	173	0.713968
23	177	0.725181
23	178	0.69299
23	179	0.703838
23	180	0.666681
24	38	0.860424
24	87	0.846857
24	90	0.861935
24	96	0.878953
24	106	0.864732
24	109	0.864966
24	116	0.897681
24	144	1.73054
24	159	1.52779
24	166	0.883128
24	173	1.3177
24	174	1.43661
24	179	0.821166
25	82	1.21883
25	104	1.06662
25	128	0.996015
25	134	1.14748
25	140	0.923198
25	169	0.865211
25	170	0.895718
25	173	0.873579
25	174	0.849013
25	176	0.834919
25	177	0.884792
25	178	0.852601
25	180	0.826293
26	16	0.811302
26	69	0.866893
26	76	1.33122
26	79	0.842756
26	81	0.789665
26	83	0.887952
26	86	0.873594
26	95	0.920861
26	101	0.921576
26	124	0.87391
26	140	1.52685
26	143	1.5882
26	165	1.49781
27	74	0.772216
27	110	0.788924
27	117	0.779347
27	132	0.796383
27	133	0.758492
27	134	0.802438
27	142	0.81293
27	147	0.813793
27	159	2.18527
27	166	0.80111
27	170	1.76989
27	172	1.84914
27	175	0.67885
28	3	0.912269
28	6	0.915382
28	12	0.807211
28	31	0.881518
28	40	0.821749
28	43	0.821848
28	52	0.881967
28	56	0.88202
28	60	0.86859
28	168	1.2799
28	169	1.54041
28	172	1.35201
28	176	1.79659
29	1	0.904737
29	13	0.878526
29	36	0.874479
29	130	1.27913
29	138	0.863324
29	142	0.894587
29	144	0.786962
29	156	0.857449
29	164	1.48831
29	166	0.882767
29	167	0.843344
29	169	1.68546
29	177	1.50313
30	117	0.876716
30	129	1.31479
30	133	0.85586
30	138	0.879036
30	146	0.889191
30	152	0.887859
30	156	0.873161
30	157	0.873397
30	162	1.47341
30	165	1.5112
30	168	1.6328
30	171	0.86872
30	175	0.776219
31	6	0.922118
31	7	0.9307
31	10	0.814489
31	12	0.813947
31	14	0.928628
31	28	0.881518
31	40	0.828484
31	43	0.828584
31	52	0.888703
31	56	0.888756
31	84	1.35991
31	165	1.52088
31	174	1.95954
32	55	1.28052
32	89	0.853036
32	99	1.31706
32	127	0.86137
32	132	0.875363
32	138	0.860648
32	142	0.89191
32	146	0.870802
32	152	0.869471
32	156	0.854773
32	157	0.855008
32	164	1.55395
32	169	1.75111
33	11	0.894896
33	38	0.82665
33	55	1.30992
33	60	0.838261
33	82	0.844247
33	90	0.828161
33	96	0.845179
33	98	1.87824
33	106	0.830958
33	109	0.831192
33	119	1.28621
33	160	1.83449
33	166	0.849354
33	179	0.787392
34	23	0.695196
34	73	1.7835
34	84	0.837587
34	142	1.68104
34	145	0.829098
34	155	0.779103
34	158	0.826383
34	160	0.748175
34	166	1.58797
34	174	0.737581
34	176	0.723487
34	177	0.77336
34	178	0.741169
34	180	0.71486
35	47	0.852672
35	59	0.828651
35	64	0.879828
35	73	0.799679
35	103	0.849671
35	114	0.814737
35	125	0.861655
35	139	0.861709
35	149	1.38331
35	153	0.834078
35	162	0.863017
35	167	1.62611
35	177	1.60787
35	179	1.76225
36	29	0.874479
36	112	2.07962
36	115	0.850115
36	133	0.833676
36	138	0.856852
36	144	0.78049
36	146	0.867007
36	150	1.41913
36	152	0.865675
36	156	0.850977
36	157	0.851213
36	162	1.30902
36	175	0.754035
36	177	1.54659
37	56	1.61557
37	138	1.68214
37	143	0.82073
37	157	1.74515
37	159	0.748446
37	160	0.760576
37	161	0.768851
37	163	0.773925
37	169	0.76618
37	173	0.774548
37	176	0.735888
37	178	0.75357
37	179	0.764418
37	180	0.727261
38	8	0.791423
38	24	0.860424
38	33	0.82665
38	87	0.825609
38	90	0.840687
38	91	1.62494
38	96	0.857704
38	109	0.843718
38	116	0.876433
38	120	1.47551
38	158	1.60749
38	165	1.62663
38	166	0.86188
38	179	0.799918
39	68	0.947323
39	73	0.869577
39	102	0.899948
39	107	0.886836
39	108	0.8832
39	111	0.892612
39	120	1.2225
39	121	1.2499
39	125	0.931552
39	128	0.888521
39	139	0.931607
39	140	1.40264
39	153	0.903975
39	167	1.59162
39	168	1.4952
40	3	0.859235
40	6	0.862348
40	7	0.87093
40	10	0.754719
40	12	0.754177
40	28	0.821749
40	31	0.828484
40	43	0.768814
40	52	0.828933
40	56	0.828986
40	60	0.815556
40	100	1.58178
40	129	1.48214
40	155	1.84464
40	168	1.80015
41	20	1.30452
41	92	0.828731
41	138	1.37247
41	147	1.31361
41	157	1.43549
41	160	0.806992
41	163	0.82034
41	169	0.812595
41	170	0.843102
41	171	0.843037
41	172	0.8325
41	174	0.796397
41	177	0.832176
41	178	0.799985
41	180	0.773677
42	9	1.73579
42	44	0.78743
42	136	1.98038
42	146	1.88865
42	150	0.808258
42	163	0.744203
42	164	0.755101
42	168	0.761597
42	170	0.766964
42	172	0.756362
42	174	0.720259
42	176	0.706165
42	177	0.756038
42	178	0.723848
42	180	0.697539
43	3	0.859334
43	6	0.862447
43	7	0.871029
43	10	0.754819
43	12	0.754276
43	28	0.821848
43	31	0.828584
43	40	0.768814
43	52	0.829033
43	56	0.829085
43	60	0.815655
43	70	1.4377
43	92	1.3976
43	173	1.79239
43	180	2.10996
44	42	0.78743
44	51	1.25119
44	127	1.28021
44	133	1.31416
44	134	1.34649
44	140	0.873142
44	164	0.833798
44	169	0.815155
44	170	0.845661
44	172	0.835059
44	176	0.784863
44	177	0.834736
44	178	0.802545
44	179	0.813393
44	180	0.776236
45	59	0.89287
45	102	0.894268
45	111	0.886933
45	114	0.878956
45	125	0.925873
45	128	0.882842
45	129	0.931486
45	139	0.925928
45	143	1.01827
45	144	1.66049
45	148	0.883006
45	153	0.898296
45	163	1.16658
45	173	1.24764
45	175	1.89635
46	49	0.831174
46	69	0.863327
46	79	0.83919
46	81	0.786099
46	83	0.884386
46	85	0.935637
46	86	0.870028
46	88	0.875569
46	95	0.917295
46	101	0.91801
46	119	1.00057
46	124	0.870344
46	137	1.33532
46	150	1.18508
46	175	2.08123
46	180	1.75008
47	35	0.852672
47	64	0.922704
47	93	1.30489
47	99	1.33426
47	103	0.892547
47	108	0.856178
47	111	0.86559
47	114	0.857613
47	122	0.860278
47	128	0.861499
47	136	0.869387
47	139	0.904585
47	148	0.861663
47	163	1.62489
47	164	1.57114
47	171	1.49874
48	66	1.44043
48	89	0.855258
48	113	0.904272
48	118	0.836105
48	122	1.51223
48	130	1.40301
48	134	0.88364
48	138	0.86287
48	146	0.873024
48	147	0.894995
48	148	1.55076
48	151	0.889265
48	156	0.856995
48	157	0.85723
48	165	1.42724
48	166	0.882312
49	16	0.730301
49	46	0.831174
49	69	0.785891
49	79	0.761755
49	80	0.833741
49	81	0.708664
49	83	0.80695
49	85	0.858201
49	86	0.792592
49	88	0.798134
49	95	0.83986
49	101	0.840574
49	148	1.8701
49	149	1.72179
49	162	1.70878
49	171	1.85912
50	4	0.848068
50	11	0.851039
50	77	1.64452
50	82	0.80039
50	87	0.769226
50	90	0.784304
50	96	0.801322
50	106	0.787101
50	109	0.787335
50	116	0.82005
50	124	0.779245
50	129	1.44165
50	161	2.04249
50	166	0.805497
50	178	2.00627
50	179	0.743535
51	16	0.81026
51	44	1.25119
51	69	0.86585
51	79	0.841714
51	80	0.9137
51	81	0.788623
51	83	0.886909
51	85	0.93816
51	86	0.872551
51	88	0.878093
51	101	0.920533
51	124	0.872868
51	168	1.40918
51	171	1.40013
51	172	1.48129
51	179	1.64174
52	3	0.919453
52	6	0.922566
52	7	0.931149
52	10	0.814938
52	12	0.814396
52	28	0.881967
52	31	0.888703
52	40	0.828933
52	43	0.829033
52	56	0.889205
52	60	0.875774
52	143	1.27213
52	149	1.15695
52	158	1.16261
52	160	1.61783
52	175	2.15021
53	58	1.90786
53	89	0.795957
53	99	1.63442
53	118	0.776804
53	123	0.813515
53	131	0.821546
53	133	0.780393
53	135	0.810368
53	147	0.835694
53	151	0.829964
53	153	0.8099
53	158	1.66722
53	163	1.92505
53	166	0.823011
53	171	0.793252
53	175	0.700752
54	78	1.16538
54	105	0.86038
54	110	0.895633
54	131	0.906354
54	135	0.895176
54	136	0.887141
54	144	0.812014
54	146	0.898531
54	152	0.897199
54	154	1.89782
54	156	0.882502
54	157	0.882737
54	162	1.28821
54	168	1.4476
54	175	0.78556
54	177	1.52577
55	1	1.09398
55	32	1.28052
55	33	1.30992
55	121	0.94722
55	127	1.22813
55	142	1.10236
55	167	0.88151
55	168	0.885872
55	169	0.860733
55	170	0.891239
55	172	0.880637
55	173	0.869101
55	174	0.844535
55	176	0.830441
55	177	0.880314
55	180	0.821814
56	3	0.919506
56	6	0.922619
56	7	0.931201
56	10	0.814991
56	12	0.814448
56	28	0.88202
56	31	0.888756
56	37	1.61557
56	40	0.828986
56	43	0.829085
56	52	0.889205
56	60	0.875827
56	91	1.20313
56	148	1.32835
56	177	1.4046
56	178	1.57303
57	107	1.36738
57	116	1.37074
57	124	1.47448
57	143	0.847264
57	152	1.40881
57	163	0.800459
57	164	0.811357
57	165	0.835908
57	168	0.817853
57	169	0.792714
57	172	0.812618
57	173	0.801082
57	174	0.776516
57	176	0.762422
57	178	0.780104
57	180	0.753795
58	53	1.90786
58	66	0.835727
58	108	1.373
58	125	1.44897
58	132	1.47751
58	144	0.74298
58	158	0.851189
58	160	0.772981
58	161	0.781256
58	165	0.821779
58	169	0.778585
58	173	0.786953
58	174	0.762387
58	176	0.748292
58	177	0.798165
58	178	0.765975
58	180	0.739666
59	35	0.828651
59	45	0.89287
59	64	0.898683
59	75	0.800693
59	102	0.848905
59	107	0.835794
59	108	0.832157
59	114	0.833593
59	122	0.836258
59	136	0.845367
59	139	0.880565
59	140	1.35891
59	162	0.881873
59	164	1.51482
59	170	1.44433
59	174	1.76853
59	179	1.68403
60	10	0.80156
60	28	0.86859
60	33	0.838261
60	40	0.815556
60	43	0.815655
60	52	0.875774
60	56	0.875827
60	96	0.869315
60	106	0.855094
60	116	0.888043
60	129	1.19138
60	155	1.55388
60	158	1.36867
60	166	0.87349
60	167	1.60581
60	179	0.811528
60	180	2.02512
61	64	1.45034
61	83	1.55334
61	88	1.52245
61	108	1.50612
61	115	0.811387
61	133	0.794948
61	134	0.838895
61	148	0.809165
61	154	0.744192
61	155	0.802691
61	156	0.812249
61	157	0.812485
61	168	0.802506
61	175	0.715307
61	176	0.747075
61	178	0.764757
61	180	0.738448
62	115	1.23944
62	116	1.07769
62	135	1.27478
62	140	0.899021
62	142	1.04258
62	153	1.20055
62	155	0.866358
62	164	0.859677
62	168	0.866173
62	170	0.87154
62	172	0.860938
62	173	0.849402
62	174	0.824835
62	176	0.810741
62	177	0.860614
62	178	0.828424
62	180	0.802115
63	89	0.83661
63	115	0.837484
63	122	1.45704
63	132	0.858937
63	135	0.851021
63	136	0.842986
63	138	0.844222
63	142	0.875484
63	150	1.44437
63	151	0.870617
63	152	0.853044
63	153	0.850553
63	156	0.838347
63	164	1.55701
63	167	0.824242
63	172	1.56576
63	178	1.74026
64	35	0.879828
64	47	0.922704
64	59	0.898683
64	61	1.45034
64	75	0.851869
64	93	1.01441
64	102	0.900082
64	107	0.88697
64	108	0.883334
64	111	0.892746
64	112	1.82852
64	114	0.884769
64	125	0.931687
64	129	0.937299
64	130	1.07149
64	139	0.931741
64	167	1.31373
64	178	1.46392
65	21	1.0718
65	22	1.54247
65	82	1.08857
65	92	0.900726
65	102	0.927651
65	103	0.947272
65	107	0.91454
65	108	0.910903
65	135	1.05737
65	139	0.959311
65	157	0.968733
65	159	0.866857
65	163	0.892336
65	166	0.732099
65	174	0.868392
65	177	0.904171
65	178	0.87198
65	180	0.845672
66	48	1.44043
66	58	0.835727
66	136	1.24764
66	141	0.861487
66	147	1.22572
66	150	0.893125
66	151	1.2006
66	156	1.31716
66	161	0.823996
66	169	0.821325
66	170	0.851831
66	172	0.841229
66	173	0.829693
66	174	0.805127
66	176	0.791033
66	177	0.840906
66	179	0.819564
66	180	0.782406
67	19	0.851515
67	20	0.839571
67	70	1.48599
67	73	0.792187
67	78	1.36031
67	103	0.842178
67	113	0.861657
67	114	0.807244
67	127	0.820976
67	129	0.859775
67	135	0.827054
67	146	0.830409
67	153	0.826585
67	155	1.68701
67	157	0.814615
67	166	0.839697
67	169	1.90303
67	172	1.71463
68	39	0.947323
68	75	0.849466
68	77	0.876814
68	93	0.974592
68	107	0.884567
68	108	0.880931
68	111	0.890343
68	114	0.882366
68	125	0.929284
68	128	0.886252
68	129	0.934896
68	148	0.886416
68	161	1.46032
68	162	0.930646
68	171	1.16844
68	173	1.37564
68	176	1.69419
68	180	1.69322
69	16	0.762453
69	26	0.866893
69	46	0.863327
69	49	0.785891
69	51	0.86585
69	79	0.793907
69	80	0.865894
69	81	0.740816
69	84	1.40241
69	85	0.890354
69	86	0.824745
69	88	0.830286
69	101	0.872727
69	120	1.41228
69	124	0.825061
69	143	1.65377
69	154	2.13521
69	158	1.54426
70	43	1.4377
70	67	1.48599
70	87	0.837383
70	106	0.855258
70	109	0.855492
70	114	1.26167
70	116	0.888207
70	138	1.23645
70	147	1.17759
70	166	0.873654
70	169	0.813454
70	170	0.84396
70	173	0.821822
70	176	0.783161
70	177	0.833034
70	178	0.800844
70	179	0.811692
70	180	0.774535
71	8	1.7709
71	97	0.751614
71	103	0.811477
71	111	0.78452
71	117	1.74265
71	124	1.62682
71	136	0.788317
71	139	0.823515
71	151	1.48454
71	153	0.795883
71	159	0.731062
71	162	0.824823
71	170	0.779301
71	172	0.768699
71	176	0.718503
71	177	0.768376
71	178	0.736185
71	180	0.709876
72	90	1.37042
72	98	0.817767
72	103	1.11519
72	113	1.37047
72	144	0.799086
72	146	1.1616
72	151	1.20629
72	155	0.860016
72	160	0.829088
72	164	0.853335
72	165	0.877886
72	168	0.859831
72	173	0.84306
72	175	0.772632
72	176	0.804399
72	177	0.854272
72	178	0.822081
72	180	0.795773
73	34	1.7835
73	35	0.799679
73	39	0.869577
73	67	0.792187
73	100	0.817015
73	103	0.839555
73	107	0.806822
73	125	0.851538
73	126	1.32641
73	128	0.808507
73	129	0.857151
73	139	0.851593
73	145	1.30577
73	148	0.808671
73	153	0.823961
73	154	1.86513
73	162	0.852901
73	178	1.66151
74	27	0.772216
74	77	1.46872
74	94	0.873266
74	104	0.857102
74	115	0.829509
74	117	0.833926
74	131	0.854224
74	132	0.850962
74	147	0.868371
74	148	1.58578
74	149	1.43747
74	152	0.845069
74	156	0.830371
74	157	0.830607
74	159	1.9921
74	171	0.82593
74	175	0.733429
74	177	1.66203
75	19	0.831049
75	59	0.800693
75	64	0.851869
75	68	0.849466
75	103	0.821713
75	107	0.78898
75	111	0.794756
75	114	0.786779
75	125	0.833696
75	128	0.790665
75	136	0.798553
75	148	0.790829
75	153	0.806119
75	158	1.49186
75	162	0.835059
75	170	1.62545
75	171	1.62353
75	172	1.70469
75	176	2.14928
76	26	1.33122
76	103	0.929718
76	108	0.984904
76	113	1.18499
76	126	0.922101
76	145	0.938822
76	151	1.02082
76	153	1.18222
76	163	0.871248
76	164	0.882146
76	165	0.906697
76	168	0.888642
76	170	0.894009
76	172	0.883407
76	174	0.847305
76	175	0.801443
76	177	0.883083
76	178	0.850893
76	180	0.824584
77	50	1.64452
77	68	0.876814
77	74	1.46872
77	108	0.812691
77	111	0.822104
77	128	0.818013
77	139	0.861099
77	143	0.840929
77	148	0.818177
77	152	1.27048
77	156	1.31042
77	157	1.34086
77	162	0.862407
77	169	0.786379
77	173	0.794747
77	174	0.770181
77	177	0.80596
77	178	0.773769
77	180	0.74746
78	5	1.36719
78	54	1.16538
78	67	1.36031
78	106	1.07251
78	131	0.894308
78	144	0.846076
78	154	0.848506
78	155	0.907005
78	157	1.17379
78	160	0.876077
78	163	0.889426
78	165	0.924875
78	172	0.901585
78	173	0.890049
78	174	0.865483
78	176	0.851389
78	178	0.869071
78	179	0.87992
78	180	0.842762
79	5	0.762829
79	26	0.842756
79	46	0.83919
79	49	0.761755
79	51	0.841714
79	69	0.793907
79	80	0.841757
79	81	0.71668
79	83	0.814966
79	85	0.866217
79	88	0.80615
79	95	0.847876
79	101	0.84859
79	124	0.800925
79	141	1.66297
79	148	1.63495
79	164	1.69637
79	167	1.72944
79	173	1.83117
80	5	0.834815
80	21	0.884378
80	49	0.833741
80	51	0.9137
80	69	0.865894
80	79	0.841757
80	81	0.788666
80	83	0.886952
80	85	0.938204
80	86	0.872595
80	88	0.878136
80	95	0.919862
80	101	0.920577
80	137	1.40623
80	144	1.91626
80	150	1.25598
80	160	1.61976
80	170	1.29813
80	171	1.29621
81	5	0.709738
81	14	1.47784
81	16	0.685226
81	26	0.789665
81	46	0.786099
81	49	0.708664
81	51	0.788623
81	69	0.740816
81	79	0.71668
81	80	0.788666
81	83	0.761875
81	85	0.813126
81	86	0.747517
81	88	0.753059
81	95	0.794784
81	101	0.795499
81	165	2.07009
81	171	2.18263
81	178	2.4383
82	2	0.905712
82	8	0.80902
82	18	0.875919
82	25	1.21883
82	33	0.844247
82	50	0.80039
82	65	1.08857
82	87	0.843206
82	90	0.858284
82	91	1.45255
82	96	0.875301
82	106	0.861081
82	109	0.861315
82	116	0.89403
82	124	0.853224
82	155	1.62032
82	166	0.879477
82	168	1.57584
82	173	1.77399
82	179	0.817515
83	5	0.808024
83	26	0.887952
83	46	0.884386
83	49	0.80695
83	51	0.886909
83	61	1.55334
83	79	0.814966
83	80	0.886952
83	81	0.761875
83	85	0.911412
83	86	0.845803
83	88	0.851345
83	95	0.893071
83	101	0.893785
83	124	0.84612
83	130	1.17449
83	137	1.42128
83	177	1.39849
83	178	1.56693
83	180	1.83604
84	31	1.35991
84	34	0.837587
84	69	1.40241
84	87	1.10149
84	94	1.11576
84	119	0.93074
84	120	0.942933
84	127	1.15564
84	143	0.902541
84	144	0.812386
84	152	1.10305
84	154	0.814816
84	159	0.830257
84	168	0.87313
84	172	0.867895
84	173	0.856359
84	176	0.817699
84	177	0.867572
84	178	0.835381
84	180	0.809072
85	16	0.834763
85	21	0.908838
85	46	0.935637
85	49	0.858201
85	51	0.93816
85	69	0.890354
85	79	0.866217
85	80	0.938204
85	81	0.813126
85	83	0.911412
85	86	0.897054
85	88	0.902596
85	95	0.944322
85	101	0.945036
85	140	1.23152
85	145	1.21495
85	155	1.36857
85	162	1.16469
85	169	1.58459
85	171	1.31503
85	180	1.8398
86	5	0.793666
86	14	0.878775
86	16	0.769154
86	26	0.873594
86	46	0.870028
86	49	0.792592
86	51	0.872551
86	69	0.824745
86	80	0.872595
86	81	0.747517
86	83	0.845803
86	85	0.897054
86	88	0.836987
86	93	1.38972
86	95	0.878713
86	101	0.879427
86	120	1.31992
86	124	0.831762
86	164	1.65598
86	175	2.43949
86	177	1.6708
87	4	0.890883
87	11	0.893855
87	18	0.844755
87	24	0.846857
87	38	0.825609
87	50	0.769226
87	70	0.837383
87	82	0.843206
87	84	1.10149
87	90	0.82712
87	96	0.844137
87	106	0.829917
87	109	0.830151
87	116	0.862865
87	144	1.99506
87	154	1.83429
87	166	0.848312
87	167	1.48048
87	168	1.38406
87	173	1.58222
87	179	0.786351
88	5	0.799208
88	16	0.774696
88	46	0.875569
88	49	0.798134
88	51	0.878093
88	61	1.52245
88	69	0.830286
88	79	0.80615
88	80	0.878136
88	81	0.753059
88	83	0.851345
88	85	0.902596
88	86	0.836987
88	95	0.884254
88	101	0.884969
88	124	0.837304
88	144	1.90042
88	165	1.16783
88	167	1.38584
88	171	1.28037
88	175	2.13629
89	32	0.853036
89	48	0.855258
89	53	0.795957
89	63	0.83661
89	100	1.32322
89	118	0.811321
89	123	0.848033
89	131	0.856063
89	132	0.852802
89	133	0.81491
89	138	0.838086
89	150	1.49231
89	151	0.864482
89	152	0.846909
89	153	0.844417
89	155	1.58608
89	156	0.832211
89	157	0.832447
89	168	1.5416
89	178	1.78821
89	179	1.77416
90	8	0.792934
90	18	0.859833
90	24	0.861935
90	33	0.828161
90	38	0.840687
90	50	0.784304
90	72	1.37042
90	82	0.858284
90	87	0.82712
90	96	0.859215
90	106	0.844995
90	109	0.845229
90	116	0.877944
90	122	1.43652
90	124	0.837138
90	155	1.51762
90	163	1.59023
90	166	0.863391
90	170	1.466
90	176	1.98983
90	179	0.801429
91	12	1.59819
91	38	1.62494
91	56	1.20313
91	82	1.45255
91	101	1.33109
91	110	0.86238
91	116	1.22426
91	133	0.831948
91	146	0.865278
91	156	0.849249
91	157	0.849484
91	163	0.822111
91	165	0.85756
91	167	0.835144
91	168	0.839506
91	172	0.83427
91	174	0.798168
91	175	0.752307
91	176	0.784074
91	177	0.833947
91	178	0.801756
91	180	0.775447
92	16	1.78301
92	18	1.21582
92	19	0.852337
92	20	0.840392
92	41	0.828731
92	43	1.3976
92	65	0.900726
92	101	1.25774
92	125	0.854984
92	128	0.811952
92	129	0.860596
92	135	1.34801
92	139	0.855038
92	141	0.82048
92	157	1.25937
92	162	0.856346
92	168	0.805458
92	172	0.800222
92	173	0.788686
92	177	0.799899
92	178	0.767708
92	180	0.7414
93	47	1.30489
93	64	1.01441
93	68	0.974592
93	86	1.38972
93	125	1.14616
93	140	0.927353
93	145	0.944686
93	151	1.10611
93	153	1.26751
93	158	0.941971
93	161	0.872037
93	163	0.877111
93	165	0.91256
93	170	0.899873
93	173	0.877734
93	174	0.853168
93	175	0.807307
93	176	0.839074
93	177	0.888947
93	178	0.856756
93	179	0.867605
93	180	0.830448
94	74	0.873266
94	84	1.11576
94	97	1.5433
94	100	1.17996
94	104	0.903573
94	105	0.85472
94	115	0.87598
94	118	0.855952
94	123	0.892664
94	131	0.900695
94	132	0.897433
94	133	0.859542
94	135	0.889517
94	138	0.882718
94	141	1.42828
94	148	1.40026
94	150	1.34905
94	152	0.89154
94	156	0.876842
94	157	0.877078
94	171	0.872401
94	176	1.91503
95	5	0.840933
95	16	0.816421
95	21	0.890496
95	26	0.920861
95	46	0.917295
95	49	0.83986
95	79	0.847876
95	80	0.919862
95	81	0.794784
95	83	0.893071
95	85	0.944322
95	86	0.878713
95	88	0.884254
95	101	0.926695
95	112	1.82574
95	124	0.879029
95	126	1.12604
95	145	1.1054
95	158	1.0738
95	160	1.52902
95	176	1.73123
95	180	1.73026
96	2	0.906644
96	18	0.87685
96	24	0.878953
96	33	0.845179
96	38	0.857704
96	50	0.801322
96	60	0.869315
96	82	0.875301
96	87	0.844137
96	90	0.859215
96	106	0.862012
96	109	0.862246
96	116	0.894961
96	121	1.28445
96	124	0.854156
96	126	1.44127
96	162	1.37036
96	166	0.880408
96	167	1.62617
96	171	1.5207
96	172	1.60186
96	173	1.72791
96	179	0.818446
97	22	2.17471
97	71	0.751614
97	94	1.5433
97	111	1.41634
97	114	1.56318
97	128	1.49799
97	141	0.807163
97	145	0.842321
97	149	0.82448
97	155	0.792326
97	159	0.749268
97	163	0.774747
97	164	0.785645
97	169	0.767002
97	170	0.797508
97	172	0.786906
97	173	0.77537
97	175	0.704942
97	177	0.786583
97	178	0.754392
97	179	0.76524
97	180	0.728083
98	33	1.87824
98	72	0.817767
98	111	1.62961
98	124	1.80954
98	132	1.73585
98	143	0.801808
98	149	0.804736
98	154	0.714083
98	155	0.772582
98	156	1.78381
98	158	0.819862
98	160	0.741654
98	161	0.749929
98	164	0.765901
98	165	0.790452
98	172	0.767162
98	173	0.755626
98	174	0.73106
98	175	0.685199
98	176	0.716966
98	177	0.766839
98	178	0.734648
98	179	0.745497
98	180	0.70834
99	5	1.47587
99	32	1.31706
99	47	1.33426
99	53	1.63442
99	104	1.25009
99	124	1.27776
99	130	0.913274
99	150	0.890462
99	151	1.13547
99	158	0.891266
99	159	0.800928
99	163	0.826407
99	164	0.837305
99	165	0.861856
99	167	0.839439
99	169	0.818662
99	170	0.849168
99	171	0.849103
99	172	0.838566
99	173	0.82703
99	174	0.802463
99	175	0.756602
99	176	0.788369
99	178	0.806052
99	180	0.779743
100	40	1.58178
100	73	0.817015
100	89	1.32322
100	94	1.17996
100	102	0.847385
100	103	0.867006
100	114	0.832072
100	118	1.50215
100	127	1.21983
100	128	0.835958
100	136	0.843846
100	139	0.879045
100	148	0.836123
100	150	0.876125
100	153	0.851413
100	156	1.20719
100	157	1.23763
100	158	0.876929
100	161	0.806995
100	168	0.829464
100	172	0.824228
100	174	0.788126
100	177	0.823905
100	178	0.791714
100	180	0.765406
101	5	0.841648
101	16	0.817136
101	17	1.00656
101	21	0.891211
101	26	0.921576
101	46	0.91801
101	49	0.840574
101	51	0.920533
101	69	0.872727
101	79	0.84859
101	80	0.920577
101	81	0.795499
101	83	0.893785
101	85	0.945036
101	86	0.879427
101	88	0.884969
101	91	1.33109
101	92	1.25774
101	95	0.926695
101	124	0.879744
101	129	1.13636
101	145	1.34524
101	160	1.76887
101	170	1.44724
101	173	1.65253
102	19	0.879261
102	39	0.899948
102	45	0.894268
102	59	0.848905
102	64	0.900082
102	65	0.927651
102	100	0.847385
102	103	0.869925
102	107	0.837192
102	108	0.833556
102	111	0.842968
102	114	0.834991
102	119	1.2625
102	122	0.837656
102	125	0.881908
102	128	0.838877
102	136	0.846765
102	139	0.881963
102	143	1.46507
102	149	1.3499
102	162	0.883271
102	164	1.55964
102	168	1.49628
102	171	1.48723
102	177	1.57446
102	179	1.72884
103	20	0.886938
103	35	0.849671
103	47	0.892547
103	65	0.947272
103	67	0.842178
103	71	0.811477
103	72	1.11519
103	73	0.839555
103	75	0.821713
103	76	0.929718
103	100	0.867006
103	102	0.869925
103	107	0.856813
103	108	0.853177
103	111	0.862589
103	114	0.854612
103	125	0.90153
103	128	0.858498
103	136	0.866386
103	141	1.24786
103	161	1.50074
103	162	0.902893
103	174	1.53497
103	175	2.06477
103	176	1.7346
103	179	1.45047
104	1	0.907967
104	25	1.06662
104	74	0.857102
104	94	0.903573
104	99	1.25009
104	115	0.859816
104	117	0.864234
104	118	0.839789
104	132	0.881269
104	133	0.843378
104	145	1.3145
104	146	0.876708
104	147	0.898679
104	151	0.89295
104	152	0.875376
104	155	1.46811
104	156	0.860679
104	157	0.860914
104	159	1.83187
104	165	1.30203
104	166	0.885996
104	167	0.846574
104	169	1.68414
104	171	0.856237
104	173	1.62178
104	175	0.763737
105	22	0.76208
105	54	0.86038
105	94	0.85472
105	110	0.824957
105	113	0.859103
105	115	0.810964
105	117	0.815381
105	118	0.790936
105	119	1.43121
105	127	0.818423
105	134	0.838472
105	135	0.8245
105	142	0.848963
105	145	1.55586
105	146	0.827855
105	147	0.849826
105	149	1.51861
105	151	0.844097
105	152	0.826523
105	153	0.824032
105	154	2.11522
105	155	1.70948
105	156	0.811826
105	164	1.72835
105	170	1.65786
105	175	0.714884
106	2	0.892423
106	4	0.908758
106	8	0.795731
106	11	0.91173
106	15	1.58761
106	21	0.851402
106	24	0.864732
106	33	0.830958
106	50	0.787101
106	60	0.855094
106	70	0.855258
106	78	1.07251
106	82	0.861081
106	87	0.829917
106	90	0.844995
106	96	0.862012
106	109	0.848026
106	116	0.88074
106	121	1.10942
106	122	1.31812
106	124	0.839935
106	163	1.47183
106	166	0.866187
106	171	1.34567
106	175	2.2016
106	179	0.804226
106	180	1.87045
107	19	0.86615
107	20	0.854206
107	39	0.886836
107	57	1.36738
107	59	0.835794
107	64	0.88697
107	65	0.91454
107	68	0.884567
107	73	0.806822
107	75	0.78898
107	102	0.837192
107	103	0.856813
107	111	0.829857
107	114	0.821879
107	120	1.07149
107	125	0.868797
107	128	0.825765
107	136	0.833653
107	137	1.44516
107	139	0.868852
107	143	1.31298
107	144	1.9552
107	153	0.84122
107	162	0.87016
107	165	1.2226
107	175	2.19106
107	178	1.59081
108	23	2.45333
108	39	0.8832
108	47	0.856178
108	58	1.373
108	59	0.832157
108	61	1.50612
108	64	0.883334
108	65	0.910903
108	68	0.880931
108	76	0.984904
108	77	0.812691
108	102	0.833556
108	103	0.853177
108	111	0.82622
108	114	0.818243
108	125	0.865161
108	128	0.822129
108	129	0.870773
108	130	1.12727
108	136	0.830017
108	139	0.865215
108	148	0.822293
108	153	0.837584
108	162	0.866523
108	167	1.36951
108	171	1.26404
108	179	1.50565
109	2	0.892657
109	4	0.908992
109	8	0.795965
109	11	0.911964
109	18	0.862864
109	24	0.864966
109	33	0.831192
109	38	0.843718
109	50	0.787335
109	70	0.855492
109	82	0.861315
109	87	0.830151
109	90	0.845229
109	96	0.862246
109	106	0.848026
109	116	0.880974
109	124	0.840169
109	144	1.96158
109	150	1.3013
109	158	1.20985
109	159	1.75883
109	166	0.866421
109	167	1.447
109	172	1.42269
109	176	1.86728
109	177	1.42876
109	179	0.80446
110	9	0.901892
110	27	0.788924
110	54	0.895633
110	91	0.86238
110	105	0.824957
110	117	0.850634
110	118	0.826189
110	127	0.853676
110	131	0.870932
110	132	0.86767
110	135	0.859754
110	137	1.42601
110	138	0.852954
110	140	1.23248
110	141	1.35499
110	142	0.884217
110	151	0.87935
110	152	0.861777
110	157	0.847315
110	161	1.60787
110	166	0.872397
110	167	0.832974
110	174	1.64211
110	175	0.750137
110	176	1.84174
110	177	1.40322
110	180	1.84077
111	20	0.859982
111	39	0.892612
111	45	0.886933
111	47	0.86559
111	64	0.892746
111	68	0.890343
111	71	0.78452
111	75	0.794756
111	77	0.822104
111	97	1.41634
111	98	1.62961
111	102	0.842968
111	103	0.862589
111	107	0.829857
111	108	0.82622
111	114	0.827655
111	125	0.874573
111	128	0.831541
111	139	0.874628
111	141	1.30132
111	150	1.22209
111	153	0.846996
111	162	0.875936
111	168	1.27137
111	173	1.46952
111	175	2.11824
111	178	1.51798
112	36	2.07962
112	64	1.82852
112	95	1.82574
112	127	2.04941
112	144	0.704713
112	148	0.772116
112	149	0.797796
112	154	0.707143
112	155	0.765642
112	158	0.812922
112	160	0.734714
112	161	0.742989
112	163	0.748063
112	164	0.758961
112	165	0.783512
112	166	1.83057
112	168	0.765457
112	169	0.740318
112	170	0.770824
112	172	0.760222
112	173	0.748686
112	174	0.72412
112	176	0.710026
112	178	0.727708
112	180	0.701399
113	48	0.904272
113	67	0.861657
113	72	1.37047
113	76	1.18499
113	105	0.859103
113	120	1.20048
113	122	1.43658
113	123	0.897047
113	132	0.901816
113	133	0.863924
113	134	0.907871
113	135	0.8939
113	138	0.8871
113	141	1.50313
113	142	0.918363
113	144	0.810738
113	145	1.36406
113	147	0.919225
113	150	1.4239
113	151	0.913496
113	152	0.895923
113	156	0.881225
113	157	0.881461
113	162	1.31379
113	166	0.906543
113	169	1.7337
113	171	0.876784
113	175	0.784283
114	35	0.814737
114	45	0.878956
114	47	0.857613
114	59	0.833593
114	64	0.884769
114	67	0.807244
114	68	0.882366
114	70	1.26167
114	75	0.786779
114	97	1.56318
114	100	0.832072
114	102	0.834991
114	103	0.854612
114	107	0.821879
114	108	0.818243
114	111	0.827655
114	125	0.866596
114	128	0.823564
114	136	0.831452
114	139	0.86665
114	148	0.823728
114	153	0.839019
114	158	1.27748
114	167	1.51463
114	171	1.40915
114	174	1.73527
114	178	1.66482
114	180	1.93393
115	36	0.850115
115	61	0.811387
115	62	1.23944
115	63	0.837484
115	74	0.829509
115	94	0.87598
115	104	0.859816
115	105	0.810964
115	123	0.848907
115	130	1.36347
115	131	0.856938
115	133	0.815785
115	134	0.859731
115	140	1.41674
115	142	0.870223
115	146	0.849115
115	147	0.871086
115	151	0.865356
115	153	0.845291
115	156	0.833086
115	157	0.833321
115	167	0.81898
115	170	1.50216
115	173	1.70745
115	174	1.82636
115	175	0.736143
115	178	1.75591
115	179	1.74186
116	2	0.925372
116	4	0.941707
116	8	0.82868
116	11	0.944678
116	21	0.884351
116	24	0.897681
116	38	0.876433
116	50	0.82005
116	57	1.37074
116	60	0.888043
116	62	1.07769
116	70	0.888207
116	82	0.89403
116	87	0.862865
116	90	0.877944
116	91	1.22426
116	96	0.894961
116	106	0.88074
116	109	0.880974
116	124	0.872884
116	141	1.3775
116	145	1.23842
116	159	1.75579
116	166	0.899136
116	167	1.44397
116	171	1.33849
116	173	1.5457
116	179	0.837174
117	17	1.11931
117	27	0.779347
117	30	0.876716
117	71	1.74265
117	74	0.833926
117	104	0.864234
117	105	0.815381
117	110	0.850634
117	132	0.858093
117	135	0.850177
117	136	0.842142
117	138	0.843378
117	142	0.87464
117	143	1.53591
117	144	0.767015
117	146	0.853532
117	147	0.875503
117	148	1.56905
117	152	0.8522
117	153	0.849708
117	156	0.837503
117	157	0.837738
117	162	1.40773
117	163	1.68422
117	166	0.86282
117	172	1.63923
117	175	0.740561
117	177	1.6453
118	13	0.834134
118	14	0.87115
118	17	1.27271
118	48	0.836105
118	53	0.776804
118	89	0.811321
118	94	0.855952
118	100	1.50215
118	104	0.839789
118	105	0.790936
118	110	0.826189
118	120	1.44782
118	121	1.47522
118	127	0.819655
118	131	0.83691
118	132	0.833648
118	138	0.818933
118	140	1.62797
118	146	0.829087
118	147	0.851058
118	151	0.845328
118	152	0.827755
118	156	0.813058
118	157	0.813293
118	166	0.838375
118	170	1.71339
118	171	0.808616
118	172	1.79263
118	179	1.95309
119	13	1.31156
119	18	1.17867
119	33	1.28621
119	46	1.00057
119	84	0.93074
119	102	1.2625
119	105	1.43121
119	121	0.933419
119	122	0.877344
119	125	1.11527
119	137	0.884573
119	149	0.90441
119	150	0.918732
119	153	1.23663
119	155	0.872256
119	156	1.19178
119	158	0.919536
119	161	0.849603
119	163	0.854677
119	169	0.846932
119	170	0.877438
119	172	0.866836
119	173	0.8553
119	174	0.830733
119	176	0.816639
119	177	0.866512
119	178	0.834322
119	179	0.84517
119	180	0.808013
120	38	1.47551
120	39	1.2225
120	69	1.41228
120	84	0.942933
120	86	1.31992
120	107	1.07149
120	113	1.20048
120	118	1.44782
120	146	0.991608
120	147	1.06142
120	148	0.890923
120	149	0.916603
120	159	0.841391
120	160	0.853521
120	163	0.86687
120	164	0.877768
120	165	0.902319
120	167	0.879902
120	168	0.884264
120	169	0.859125
120	170	0.889631
120	171	0.889566
120	173	0.867493
120	174	0.842927
120	175	0.797065
120	176	0.828833
120	177	0.878706
120	178	0.846515
120	180	0.820206
121	2	1.0134
121	39	1.2499
121	55	0.94722
121	96	1.28445
121	106	1.10942
121	118	1.47522
121	119	0.933419
121	125	1.10375
121	128	1.10771
121	133	1.22685
121	150	0.92247
121	153	1.2251
121	155	0.875994
121	158	0.923274
121	159	0.832937
121	160	0.845066
121	161	0.853341
121	163	0.858415
121	164	0.869313
121	165	0.893864
121	169	0.85067
121	171	0.881111
121	172	0.870574
121	174	0.834472
121	176	0.820378
121	177	0.870251
121	178	0.83806
121	179	0.848909
121	180	0.811751
122	19	0.866614
122	47	0.860278
122	48	1.51223
122	59	0.836258
122	63	1.45704
122	90	1.43652
122	102	0.837656
122	106	1.31812
122	113	1.43658
122	119	0.877344
122	125	0.869261
122	128	0.826229
122	129	0.874874
122	131	1.13991
122	133	1.43554
122	139	0.869315
122	142	1.27583
122	148	0.826393
122	155	0.819919
122	160	0.788992
122	161	0.797266
122	162	0.870624
122	168	0.819735
122	169	0.794595
122	170	0.825102
122	174	0.778397
122	176	0.764303
122	177	0.814176
122	180	0.755677
123	22	0.800023
123	53	0.813515
123	89	0.848033
123	94	0.892664
123	113	0.897047
123	115	0.848907
123	132	0.87036
123	134	0.876415
123	135	0.862444
123	138	0.855645
123	142	0.886907
123	146	0.865799
123	147	0.88777
123	149	1.29323
123	150	1.39034
123	151	0.88204
123	152	0.864467
123	156	0.849769
123	157	0.850005
123	158	1.29889
123	166	0.875087
123	167	0.835664
123	168	1.43962
123	170	1.43248
123	171	0.845328
123	172	1.51173
123	174	1.75669
123	175	0.752827
123	179	1.67218
123	180	1.95534
124	4	0.900902
124	5	0.793983
124	18	0.854773
124	26	0.87391
124	46	0.870344
124	50	0.779245
124	51	0.872868
124	57	1.47448
124	69	0.825061
124	71	1.62682
124	79	0.800925
124	82	0.853224
124	83	0.84612
124	86	0.831762
124	88	0.837304
124	90	0.837138
124	95	0.879029
124	96	0.854156
124	98	1.80954
124	99	1.27776
124	101	0.879744
124	106	0.839935
124	109	0.840169
124	116	0.872884
124	145	1.34217
124	164	1.51465
124	165	1.3297
124	166	0.858331
124	170	1.44416
124	177	1.52947
124	179	0.796369
125	35	0.861655
125	39	0.931552
125	45	0.925873
125	58	1.44897
125	64	0.931687
125	68	0.929284
125	73	0.851538
125	75	0.833696
125	92	0.854984
125	93	1.14616
125	102	0.881908
125	103	0.90153
125	107	0.868797
125	108	0.865161
125	111	0.874573
125	114	0.866596
125	119	1.11527
125	121	1.10375
125	122	0.869261
125	128	0.870482
125	136	0.87837
125	139	0.913568
125	148	0.870646
125	153	0.885936
125	162	0.914876
125	167	1.44548
125	169	1.60957
125	170	1.34192
125	171	1.34
125	172	1.42116
125	178	1.59567
126	7	1.26882
126	73	1.32641
126	76	0.922101
126	95	1.12604
126	96	1.44127
126	136	1.26755
126	141	0.862943
126	143	0.877331
126	145	0.8981
126	147	1.24564
126	149	0.880259
126	150	0.894581
126	152	1.29713
126	156	1.33707
126	158	0.895385
126	159	0.805048
126	160	0.817177
126	161	0.825452
126	162	0.898809
126	165	0.865975
126	166	1.13088
126	168	0.84792
126	169	0.822781
126	170	0.853287
126	174	0.806583
126	175	0.760721
126	176	0.792489
126	177	0.842362
126	178	0.810171
126	179	0.82102
126	180	0.783862
127	22	0.790798
127	32	0.86137
127	44	1.28021
127	55	1.22813
127	67	0.820976
127	84	1.15564
127	100	1.21983
127	105	0.818423
127	110	0.853676
127	112	2.04941
127	118	0.819655
127	131	0.864397
127	132	0.861135
127	133	0.823244
127	134	0.86719
127	135	0.853219
127	138	0.84642
127	142	0.877682
127	144	0.770057
127	146	0.856574
127	147	0.878545
127	151	0.872815
127	152	0.855242
127	156	0.840545
127	157	0.84078
127	158	1.29748
127	163	1.5553
127	166	0.865862
127	167	0.82644
127	173	1.63636
127	174	1.75527
128	19	0.867835
128	20	0.85589
128	25	0.996015
128	39	0.888521
128	45	0.882842
128	47	0.861499
128	68	0.886252
128	73	0.808507
128	75	0.790665
128	77	0.818013
128	92	0.811952
128	97	1.49799
128	100	0.835958
128	102	0.838877
128	103	0.858498
128	107	0.825765
128	108	0.822129
128	111	0.831541
128	114	0.823564
128	121	1.10771
128	122	0.826229
128	125	0.870482
128	139	0.870537
128	150	1.30374
128	153	0.842905
128	154	1.80325
128	160	1.66751
128	161	1.63585
128	162	0.871845
128	171	1.34397
128	175	2.19989
129	30	1.31479
129	40	1.48214
129	45	0.931486
129	50	1.44165
129	60	1.19138
129	64	0.937299
129	67	0.859775
129	68	0.934896
129	73	0.857151
129	92	0.860596
129	101	1.13636
129	108	0.870773
129	122	0.874874
129	131	0.858513
129	135	1.22663
129	139	0.919181
129	145	0.91978
129	147	1.01612
129	148	0.876259
129	152	1.06761
129	153	0.891549
129	154	0.811286
129	156	1.10756
129	163	0.852206
129	165	0.887655
129	168	0.8696
129	169	0.844461
129	170	0.874967
129	176	0.814169
129	177	0.864042
129	178	0.831851
129	180	0.805542
130	7	1.21149
130	29	1.27913
130	48	1.40301
130	64	1.07149
130	83	1.17449
130	99	0.913274
130	108	1.12727
130	115	1.36347
130	136	1.21022
130	139	1.06702
130	141	0.898957
130	154	0.82562
130	155	0.884119
130	157	1.31018
130	158	0.931399
130	161	0.861466
130	162	0.934823
130	163	0.86654
130	164	0.877439
130	165	0.901989
130	168	0.883935
130	169	0.858795
130	170	0.889302
130	171	0.889236
130	172	0.878699
130	173	0.867163
130	174	0.842597
130	175	0.796736
130	176	0.828503
130	177	0.878376
130	178	0.846185
130	180	0.819877
131	23	2.35676
131	53	0.821546
131	54	0.906354
131	74	0.854224
131	78	0.894308
131	89	0.856063
131	94	0.900695
131	110	0.870932
131	115	0.856938
131	118	0.83691
131	122	1.13991
131	127	0.864397
131	129	0.858513
131	132	0.878391
131	133	0.840499
131	136	0.862439
131	142	0.894938
131	144	0.787312
131	146	0.87383
131	147	0.8958
131	151	0.890071
131	152	0.872498
131	153	0.870006
131	154	1.62675
131	156	0.8578
131	157	0.858036
131	159	1.58476
131	162	1.01713
131	171	0.853359
131	174	1.49359
131	175	0.760858
131	176	1.69322
131	180	1.69225
132	27	0.796383
132	32	0.875363
132	58	1.47751
132	63	0.858937
132	74	0.850962
132	89	0.852802
132	94	0.897433
132	98	1.73585
132	104	0.881269
132	110	0.86767
132	113	0.901816
132	117	0.858093
132	118	0.833648
132	123	0.87036
132	127	0.861135
132	131	0.878391
132	142	0.891676
132	143	1.34639
132	146	0.870568
132	147	0.892538
132	148	1.37953
132	156	0.854538
132	157	0.854774
132	161	1.66043
132	162	1.21821
132	163	1.4947
132	166	0.879856
132	167	0.840433
132	170	1.37047
132	171	0.850097
132	172	1.44971
132	175	0.757596
132	179	1.61016
133	14	0.87474
133	27	0.758492
133	30	0.85586
133	36	0.833676
133	44	1.31416
133	53	0.780393
133	61	0.794948
133	89	0.81491
133	91	0.831948
133	94	0.859542
133	104	0.843378
133	113	0.863924
133	115	0.815785
133	121	1.22685
133	122	1.43554
133	127	0.823244
