1	25	0.53297
1	51	1.49129
1	55	1.33189
1	79	0.432359
1	100	1.28949
1	106	1.33119
1	110	1.37596
1	117	1.39218
1	137	0.463994
1	141	1.38799
1	152	0.456765
1	153	0.520229
2	27	1.47228
2	55	1.33845
2	81	1.322
2	100	1.29605
2	106	1.33776
2	117	1.39875
2	122	0.495865
2	138	1.4347
2	165	0.47808
2	168	0.484714
2	170	0.462046
2	180	0.4853
3	118	1.33515
3	120	0.513828
3	123	1.42053
3	124	1.31389
3	129	1.36095
3	130	1.40801
3	151	0.455312
3	163	1.35571
3	167	0.481519
3	171	0.475056
3	174	1.40577
3	175	0.480327
4	51	1.49129
4	55	1.33189
4	100	1.28949
4	106	1.33119
4	110	1.37596
4	117	1.39218
4	134	0.41784
4	141	1.38799
4	163	0.549428
4	169	0.500985
4	173	0.436834
4	180	0.496409
5	7	1.2796
5	70	1.07864
5	72	1.20307
5	75	1.20661
5	80	1.15136
5	86	1.22409
5	89	1.22409
5	98	0.653605
5	136	0.591011
5	143	0.551917
5	157	1.23253
5	175	0.605733
6	13	1.16301
6	16	1.15304
6	45	1.21149
6	47	1.19341
6	77	1.13344
6	84	1.25579
6	95	1.27889
6	134	0.567796
6	147	1.21093
6	172	0.638564
6	177	0.641664
6	178	0.556674
7	5	1.2796
7	64	0.532432
7	70	1.27974
7	72	1.40417
7	80	1.35246
7	86	1.42519
7	89	1.42519
7	139	0.521422
7	157	1.43363
7	165	0.495895
7	174	0.443316
7	178	0.413423
8	44	0.538325
8	109	1.38017
8	118	1.33107
8	123	1.41645
8	124	1.30981
8	129	1.35687
8	130	1.40393
8	152	0.480467
8	166	0.45485
8	170	0.45433
8	174	1.4017
8	179	0.476196
9	46	1.19496
9	79	0.432497
9	88	1.18172
9	94	0.469885
9	101	1.21858
9	107	0.511282
9	121	1.26033
9	133	1.17603
9	135	1.16647
9	142	1.21549
9	159	1.18642
9	178	0.986592
10	45	1.19321
10	77	1.11515
10	84	1.2375
10	95	1.26061
10	120	0.651062
10	124	1.14012
10	129	1.18718
10	130	1.23424
10	157	0.613124
10	166	0.603819
10	174	1.232
10	178	0.536861
11	16	1.33436
11	44	1.35331
11	64	0.512034
11	77	1.31476
11	84	1.43711
11	95	1.46021
11	115	1.308
11	147	1.39226
11	151	0.448711
11	162	0.48592
11	168	0.482131
11	176	0.477548
12	70	1.19235
12	72	1.31679
12	75	1.32033
12	80	1.26508
12	86	1.33781
12	89	1.33781
12	140	1.28359
12	145	0.543899
12	148	0.518304
12	157	1.34625
12	166	0.509067
12	170	0.508547
12	176	0.526632
13	6	1.16301
13	16	1.27944
13	47	1.31981
13	77	1.25984
13	84	1.38219
13	95	1.40529
13	115	1.25308
13	143	0.488492
13	147	1.33734
13	166	0.528567
13	168	0.550715
13	173	0.491725
13	177	0.546599
14	19	0.235568
14	36	0.20924
14	48	1.41449
14	49	1.5447
14	80	0.296411
14	90	1.47266
14	91	1.43555
14	99	1.47323
14	105	1.43388
14	170	0.627599
14	174	0.591054
14	177	0.646151
14	178	1.62549
15	25	0.368366
15	33	1.30906
15	39	0.392911
15	40	1.34205
15	62	1.29429
15	87	1.26222
15	134	0.754111
15	138	1.28765
15	159	1.26622
15	160	0.315306
15	163	1.27488
15	173	1.36362
15	174	0.772883
16	6	1.15304
16	11	1.33436
16	13	1.27944
16	44	1.28842
16	77	1.24986
16	84	1.37221
16	95	1.39532
16	113	0.557118
16	146	0.539952
16	147	1.32736
16	151	0.501235
16	174	0.475443
16	176	0.530072
17	22	1.40849
17	64	0.210948
17	85	1.25982
17	101	1.29387
17	119	1.2496
17	133	1.25132
17	134	1.31864
17	142	1.29078
17	143	0.695529
17	153	0.247978
17	169	1.32748
17	173	0.698762
17	176	0.753168
18	70	1.19235
18	72	1.31679
18	75	1.32033
18	79	0.510694
18	80	1.26508
18	86	1.33781
18	89	1.33781
18	95	0.535503
18	140	1.28359
18	151	0.498211
18	157	1.34625
18	177	0.527516
18	180	0.532217
19	14	0.235568
19	40	0.559884
19	102	0.617238
19	113	0.559208
19	132	0.623004
19	153	1.2613
19	160	1.30036
19	164	1.30019
19	175	1.31052
19	176	1.29197
19	177	1.29497
19	179	1.31831
19	180	1.32238
20	39	1.29465
20	48	0.604165
20	83	0.473456
20	93	1.26292
20	104	1.40425
20	108	1.24604
20	111	1.30253
20	125	1.26269
20	126	1.29428
20	143	0.469822
20	168	0.532045
20	170	1.33264
20	172	0.52483
21	26	1.20377
21	27	0.540089
21	61	1.36687
21	62	1.31803
21	87	1.28595
21	136	0.514776
21	155	1.24945
21	159	1.28996
21	163	1.29861
21	173	1.38736
21	174	0.478692
21	176	0.533321
21	179	0.537102
22	17	1.40849
22	30	1.51738
22	82	0.493467
22	131	0.424631
22	132	1.42597
22	135	1.47337
22	142	1.52239
22	159	1.49332
22	169	1.55909
22	171	0.438243
22	172	0.444705
22	175	0.443514
22	178	0.362814
23	42	0.507659
23	104	1.39472
23	107	1.33108
23	108	1.2365
23	116	1.3241
23	125	1.25315
23	126	1.28475
23	137	0.544419
23	140	1.25259
23	144	0.502446
23	147	0.575559
23	170	1.32311
23	174	0.474509
24	30	1.32945
24	121	1.37931
24	127	1.30245
24	132	1.23805
24	133	1.29501
24	135	1.28544
24	144	0.509648
24	151	0.507502
24	155	1.26489
24	159	1.3054
24	166	0.518775
24	172	0.533708
24	176	0.536339
25	1	0.53297
25	15	0.368366
25	41	0.590117
25	111	0.577207
25	151	1.32215
25	157	1.32739
25	161	1.28214
25	169	0.528273
25	175	1.29655
25	176	1.278
25	177	1.281
25	179	1.30434
25	180	1.30842
26	21	1.20377
26	29	1.16163
26	41	1.26575
26	62	1.28843
26	78	1.17346
26	134	0.499833
26	137	0.588514
26	155	1.21985
26	159	1.26036
26	163	1.26901
26	168	0.577817
26	169	0.582978
26	170	0.555149
26	173	1.35775
27	2	1.47228
27	21	0.540089
27	43	1.40963
27	52	1.4967
27	97	0.521156
27	100	1.28832
27	106	1.33002
27	110	1.37479
27	113	1.43725
27	117	1.39101
27	145	0.458306
27	160	0.472235
27	161	0.456029
27	178	0.356516
28	51	1.51187
28	67	1.47241
28	81	1.33601
28	100	1.31007
28	106	1.35177
28	110	1.39653
28	117	1.41276
28	141	1.40857
28	145	0.480843
28	162	0.471948
28	164	0.466373
28	169	0.473321
28	170	0.445491
28	179	0.467357
29	26	1.16163
29	40	1.32364
29	41	1.25321
29	78	1.16092
29	87	1.24381
29	128	0.531909
29	145	0.588294
29	150	0.5449
29	152	0.579079
29	155	1.2073
29	159	1.24781
29	163	1.25647
29	171	0.561934
29	173	1.34521
30	22	1.51738
30	24	1.32945
30	121	1.44452
30	133	1.36021
30	134	1.42753
30	135	1.35065
30	142	1.39967
30	146	0.458856
30	149	0.459065
30	153	0.520492
30	159	1.3706
30	160	0.480172
30	171	0.439882
30	176	0.448975
31	37	1.39524
31	93	1.36631
31	107	1.444
31	108	1.34942
31	111	1.40592
31	116	1.43702
31	122	0.500036
31	125	1.36607
31	151	0.455463
31	164	0.487098
31	170	1.43602
31	175	0.480478
31	176	0.4843
31	178	0.399778
32	44	0.616357
32	66	1.15634
32	74	1.23595
32	119	1.24869
32	127	1.25785
32	131	0.527741
32	132	1.19346
32	133	1.25041
32	135	1.24085
32	142	1.28987
32	146	0.560327
32	152	0.558499
32	156	0.541365
32	169	1.32657
33	15	1.30906
33	41	1.39478
33	61	1.46629
33	87	1.38538
33	96	0.474224
33	128	0.424734
33	138	1.41081
33	139	0.487329
33	145	0.48112
33	149	0.473943
33	155	1.34887
33	163	1.39803
33	164	0.46665
33	173	1.48678
34	76	1.1995
34	97	1.18948
34	118	1.22243
34	123	1.30781
34	124	1.20118
34	129	1.24824
34	130	1.29529
34	137	0.570708
34	158	0.572547
34	163	1.243
34	171	0.546334
34	174	1.29306
34	177	0.555895
34	180	0.560596
35	48	1.34593
35	59	1.33977
35	61	0.441539
35	90	1.4041
35	91	1.36699
35	99	1.40467
35	105	1.36532
35	126	1.41627
35	148	0.465713
35	149	0.484131
35	156	0.464959
35	167	0.471411
35	168	0.478625
35	178	1.55694
36	14	0.20924
36	43	0.552719
36	67	0.526897
36	104	0.548832
36	127	0.570741
36	140	0.585381
36	161	1.30982
36	165	1.32388
36	171	1.35408
36	172	1.336
36	174	1.39376
36	176	1.30568
36	177	1.30868
36	179	1.33202
36	180	1.33609
37	31	1.39524
37	82	0.566543
37	92	1.29043
37	93	1.29179
37	104	1.43312
37	107	1.36948
37	108	1.2749
37	116	1.3625
37	125	1.29155
37	131	0.497707
37	140	1.29099
37	164	0.523211
37	165	0.518362
37	174	0.465784
37	178	0.435891
38	95	0.464254
38	99	0.519737
38	113	0.482845
38	115	0.529067
38	130	0.491504
38	149	1.31743
38	154	1.32949
38	158	1.30357
38	159	0.506116
38	165	1.34174
38	172	1.35386
38	176	1.32354
38	177	1.32654
38	179	1.34988
38	180	1.35395
39	15	0.392911
39	20	1.29465
39	71	1.3235
39	92	1.29322
39	93	1.29458
39	104	1.43591
39	111	1.33419
39	116	1.36529
39	120	0.572752
39	125	1.29435
39	146	0.552953
39	167	0.540442
39	170	1.3643
39	174	0.488444
39	178	0.458551
40	15	1.34205
40	19	0.559884
40	29	1.32364
40	78	1.33548
40	138	1.4438
40	155	1.38186
40	159	1.42237
40	162	0.470365
40	163	1.43102
40	170	0.443908
40	173	1.51977
40	174	0.407364
40	176	0.461993
40	177	0.462461
41	25	0.590117
41	26	1.26575
41	29	1.25321
41	33	1.39478
41	78	1.26504
41	87	1.34793
41	148	0.497533
41	155	1.31143
41	159	1.35194
41	163	1.36059
41	167	0.50323
41	170	0.487776
41	173	1.44933
41	177	0.506329
41	178	0.421338
42	23	0.507659
42	76	0.490121
42	85	0.50124
42	118	0.495154
42	132	0.503633
42	155	0.495971
42	168	1.3055
42	171	1.34564
42	172	1.32756
42	175	1.31579
42	176	1.29724
42	177	1.30024
42	178	1.4568
42	179	1.32358
42	180	1.32765
43	27	1.40963
43	36	0.552719
43	55	1.2758
43	67	1.39574
43	93	0.58366
43	100	1.2334
43	106	1.2751
43	110	1.31986
43	113	1.38232
43	117	1.33609
43	138	1.37205
43	150	0.455029
43	157	0.472897
43	160	0.512352
43	173	0.42675
44	8	0.538325
44	11	1.35331
44	16	1.28842
44	32	0.616357
44	45	1.34687
44	47	1.32879
44	77	1.26881
44	84	1.39116
44	95	1.41427
44	115	1.26206
44	147	1.34631
44	167	0.49755
44	171	0.491088
44	173	0.445775
44	178	0.415659
45	6	1.21149
45	10	1.19321
45	44	1.34687
45	47	1.36829
45	77	1.30832
45	84	1.43067
45	95	1.45377
45	109	0.52525
45	115	1.30156
45	137	0.507431
45	147	1.38582
45	154	0.494921
45	167	0.489519
45	176	0.492149
45	179	0.495931
46	9	1.19496
46	66	1.25063
46	96	0.510664
46	119	1.34298
46	127	1.35214
46	133	1.3447
46	135	1.33514
46	142	1.38416
46	146	0.510173
46	147	1.37445
46	148	0.491965
46	156	0.491211
46	165	0.498242
46	169	1.42085
46	180	0.505462
47	6	1.19341
47	13	1.31981
47	44	1.32879
47	45	1.36829
47	77	1.29023
47	84	1.41258
47	91	0.561101
47	95	1.43569
47	115	1.28348
47	122	0.526612
47	144	0.484186
47	147	1.36773
47	154	0.513648
47	166	0.493313
47	178	0.426355
48	14	1.41449
48	20	0.604165
48	35	1.34593
48	49	1.31512
48	59	1.17875
48	62	0.531822
48	71	1.2528
48	90	1.24308
48	91	1.20597
48	99	1.24365
48	105	1.2043
48	122	0.52671
48	152	0.519027
48	154	0.513746
48	167	0.508344
48	178	1.39591
49	14	1.5447
49	48	1.31512
49	53	1.66515
49	90	1.37329
49	91	1.33618
49	99	1.37387
49	105	1.33452
49	111	0.434232
49	115	1.33104
49	129	0.465492
49	136	0.742044
49	153	0.447069
49	159	0.425869
49	171	0.36646
49	174	0.320924
49	178	1.52613
50	92	1.23753
50	104	1.38022
50	107	1.31657
50	108	1.222
50	111	1.2785
50	116	1.3096
50	125	1.23865
50	126	1.27025
50	131	0.512351
50	140	1.23809
50	145	0.552324
50	156	0.525974
50	162	0.543429
50	164	0.537854
50	170	1.3086
50	177	0.535524
51	1	1.49129
51	4	1.49129
51	28	1.51187
51	55	1.35629
51	100	1.31389
51	106	1.3556
51	110	1.40036
51	113	1.46282
51	117	1.41659
51	145	0.486057
51	153	0.540306
51	166	0.451226
51	171	0.459697
51	173	0.414384
51	178	0.384268
51	179	0.472572
52	27	1.4967
52	90	1.41504
52	91	1.37794
52	99	1.41562
52	100	1.32046
52	105	1.37627
52	110	1.40693
52	117	1.42316
52	146	0.471568
52	148	0.45336
52	152	0.46974
52	154	0.464459
52	157	0.45343
52	170	0.443604
52	171	0.452595
52	178	1.56788
53	49	1.66515
53	59	1.52878
53	91	1.556
53	99	1.59368
53	105	1.55433
53	115	1.55086
53	126	1.60527
53	134	0.336099
53	145	0.426766
53	148	0.401171
53	150	0.383372
53	161	0.424489
53	177	0.409967
53	178	1.74594
53	179	0.41328
53	180	0.414668
54	63	1.41829
54	69	1.40414
54	98	1.39773
54	103	1.47753
54	112	1.38683
54	114	1.44397
54	120	0.259786
54	129	0.320046
54	133	0.330391
54	141	1.39084
54	143	0.674475
54	151	0.703278
54	152	0.238159
54	166	1.40534
54	169	1.47533
54	174	0.677486
55	1	1.33189
55	2	1.33845
55	4	1.33189
55	43	1.2758
55	51	1.35629
55	67	1.31684
55	89	0.586958
55	100	1.15449
55	106	1.1962
55	110	1.24096
55	117	1.25719
55	150	0.503298
55	158	0.546545
55	170	0.51134
55	172	0.526793
55	177	0.529893
56	76	1.23235
56	94	0.558842
56	97	1.22233
56	109	1.30438
56	118	1.25528
56	123	1.34066
56	124	1.23402
56	129	1.28108
56	130	1.32814
56	138	0.586575
56	151	0.50897
56	163	1.27585
56	165	0.535757
56	171	0.528714
56	173	0.483401
56	174	1.32591
57	108	1.2286
57	111	1.2851
57	116	1.3162
57	119	1.27522
57	125	1.24525
57	127	1.28438
57	132	1.21999
57	133	1.27694
57	136	0.521513
57	143	0.482419
57	144	0.513367
57	153	0.611575
57	165	0.538007
57	169	1.3531
57	170	1.31521
57	177	0.540526
58	63	1.28594
58	68	1.15179
58	83	0.474941
58	94	1.33155
58	98	1.26538
58	102	1.23808
58	103	1.34518
58	112	1.25448
58	114	1.31162
58	153	0.600463
58	158	0.546067
58	165	0.526896
58	166	1.27299
58	167	0.526316
58	169	1.34298
58	179	0.532728
59	35	1.33977
59	48	1.17875
59	53	1.52878
59	62	0.555744
59	71	1.24664
59	90	1.23692
59	99	1.23749
59	105	1.19814
59	109	0.567998
59	115	1.19467
59	126	1.24908
59	172	0.532266
59	174	0.480269
59	175	0.531075
59	177	0.535365
59	178	1.38976
60	63	0.54417
60	65	1.15006
60	78	0.599798
60	109	1.30672
60	118	1.25762
60	123	1.343
60	124	1.23636
60	129	1.28342
60	130	1.33048
60	135	0.569091
60	148	1.2859
60	162	0.505089
60	163	1.27819
60	166	0.479152
60	174	1.32825
60	180	0.501886
61	21	1.36687
61	33	1.46629
61	35	0.441539
61	62	1.45152
61	78	1.33655
61	87	1.41944
61	121	0.440904
61	123	0.432402
61	128	0.760819
61	152	0.409821
61	155	1.38294
61	159	1.42345
61	163	1.4321
61	172	0.399137
61	173	1.52084
61	178	0.317246
62	15	1.29429
62	21	1.31803
62	26	1.28843
62	48	0.531822
62	59	0.555744
62	61	1.45152
62	78	1.28772
62	120	0.484796
62	138	1.39604
62	154	0.457889
62	155	1.3341
62	157	0.446859
62	159	1.37461
62	161	0.470108
62	163	1.38326
62	173	1.47201
62	179	0.458899
63	54	1.41829
63	58	1.28594
63	60	0.54417
63	68	1.22984
63	73	1.44594
63	82	0.527854
63	94	1.4096
63	102	1.31613
63	112	1.33252
63	114	1.38967
63	143	0.424084
63	144	0.455032
63	145	0.498991
63	165	0.479673
63	166	1.35104
63	169	1.42103
63	175	0.477901
64	7	0.532432
64	11	0.512034
64	17	0.210948
64	88	0.530043
64	100	0.565852
64	126	0.532228
64	136	1.32309
64	142	0.511584
64	161	1.34338
64	167	1.36212
64	172	1.36956
64	174	1.42733
64	175	1.35779
64	176	1.33924
64	177	1.34224
64	179	1.36558
64	180	1.36966
65	60	1.15006
65	97	1.1822
65	109	1.26425
65	118	1.21515
65	123	1.30053
65	124	1.1939
65	129	1.24095
65	130	1.28801
65	143	0.520388
65	148	1.24343
65	154	0.580799
65	156	0.568946
65	163	1.23572
65	164	0.580825
65	174	1.28578
65	176	0.578027
65	177	0.578495
66	32	1.15634
66	46	1.25063
66	85	1.24019
66	103	0.587178
66	114	0.602932
66	119	1.22997
66	121	1.316
66	127	1.23913
66	128	0.529767
66	132	1.17474
66	135	1.22213
66	144	0.542194
66	147	1.26144
66	155	1.20157
66	164	0.571683
66	169	1.30785
66	176	0.568885
67	28	1.47241
67	36	0.526897
67	43	1.39574
67	55	1.31684
67	81	1.30038
67	95	0.463788
67	100	1.27443
67	106	1.31614
67	110	1.3609
67	117	1.37713
67	128	0.416215
67	138	1.41309
67	141	1.37294
67	153	0.52685
67	155	0.538513
67	161	0.470324
67	180	0.460503
68	58	1.15179
68	63	1.22984
68	73	1.31179
68	94	1.27546
68	102	1.18198
68	103	1.28908
68	112	1.19838
68	114	1.25552
68	128	0.533107
68	141	1.20239
68	142	0.615053
68	143	0.514586
68	153	0.643741
68	162	0.580597
68	166	1.2169
68	169	1.28688
68	174	0.517596
69	54	1.40414
69	94	1.39545
69	98	1.32928
69	102	1.30198
69	103	1.40908
69	112	1.31838
69	114	1.37552
69	120	0.512228
69	141	1.32239
69	157	0.474291
69	158	0.49967
69	161	0.49754
69	165	0.480498
69	166	1.33689
69	167	0.479918
69	169	1.40688
69	170	0.464465
70	5	1.07864
70	7	1.27974
70	12	1.19235
70	18	1.19235
70	72	1.2032
70	75	1.20674
70	80	1.1515
70	83	0.565019
70	86	1.22422
70	89	1.22422
70	113	1.24436
70	140	1.17001
70	144	0.592334
70	148	0.610697
70	157	1.23267
70	168	0.623609
70	170	0.600941
70	175	0.615202
71	39	1.3235
71	48	1.2528
71	59	1.24664
71	83	0.460192
71	91	1.27387
71	93	1.29178
71	105	1.2722
71	111	1.33139
71	125	1.29154
71	140	1.29098
71	145	0.531465
71	149	0.524287
71	155	0.597377
71	170	1.36149
71	174	0.459568
71	176	0.514197
71	178	1.46381
71	180	0.519367
72	5	1.20307
72	7	1.40417
72	12	1.31679
72	18	1.31679
72	70	1.2032
72	75	1.33118
72	80	1.27593
72	86	1.34866
72	89	1.34866
72	140	1.29445
72	144	0.518258
72	146	0.55483
72	150	0.518823
72	151	0.516112
72	157	1.3571
72	168	0.549533
72	173	0.490543
72	178	0.460427
73	63	1.44594
73	68	1.31179
73	94	1.49155
73	98	1.42538
73	102	1.39808
73	103	1.50518
73	107	0.50289
73	112	1.41448
73	114	1.47162
73	119	0.506619
73	153	0.511975
73	161	0.455449
73	166	1.43299
73	169	1.50298
73	174	0.38583
73	177	0.440926
73	178	0.355936
73	180	0.445628
74	32	1.23595
74	85	1.3198
74	88	1.317
74	115	0.573223
74	127	1.31874
74	132	1.25435
74	133	1.3113
74	135	1.30174
74	142	1.35077
74	149	0.510045
74	152	0.508008
74	155	1.28118
74	159	1.32169
74	160	0.531152
74	166	0.482391
74	169	1.38746
74	175	0.496133
74	180	0.505125
75	5	1.20661
75	12	1.32033
75	18	1.32033
75	70	1.20674
75	72	1.33118
75	80	1.27947
75	86	1.3522
75	89	1.3522
75	113	1.37233
75	130	0.561627
75	134	0.452521
75	139	0.549398
75	140	1.29798
75	150	0.499795
75	151	0.497084
75	157	1.36064
75	172	0.52329
75	175	0.522099
76	34	1.1995
76	42	0.490121
76	56	1.23235
76	97	1.26683
76	109	1.34888
76	118	1.29978
76	123	1.38516
76	124	1.27852
76	129	1.32558
76	130	1.37264
76	136	0.493056
76	141	0.56899
76	145	0.528868
76	157	0.503342
76	163	1.32035
76	172	0.508969
76	174	1.37041
76	176	0.5116
77	6	1.13344
77	10	1.11515
77	11	1.31476
77	13	1.25984
77	16	1.24986
77	44	1.26881
77	45	1.30832
77	47	1.29023
77	84	1.35261
77	95	1.37572
77	96	0.563447
77	115	1.2235
77	147	1.30776
77	149	0.563165
77	156	0.543993
77	157	0.544817
77	161	0.568066
77	178	0.468553
77	179	0.556857
78	26	1.17346
78	29	1.16092
78	40	1.33548
78	41	1.26504
78	60	0.599798
78	61	1.33655
78	62	1.28772
78	87	1.25564
78	138	1.28107
78	149	0.547442
78	151	0.508515
78	152	0.545404
78	155	1.21914
78	159	1.25965
78	163	1.2683
78	164	0.54015
78	171	0.528259
78	173	1.35704
78	177	0.53782
79	1	0.432359
79	9	0.432497
79	18	0.510694
79	85	0.506366
79	107	0.480348
79	110	0.480322
79	139	1.35269
79	141	0.475306
79	149	1.36041
79	160	1.3749
79	163	0.476105
79	167	1.38939
79	171	1.41492
79	172	1.39683
79	175	1.38506
79	176	1.36651
79	177	1.36951
79	179	1.39285
79	180	1.39693
80	5	1.15136
80	7	1.35246
80	12	1.26508
80	14	0.296411
80	18	1.26508
80	70	1.1515
80	72	1.27593
80	75	1.27947
80	86	1.29695
80	89	1.29695
80	90	0.648658
80	113	1.31708
80	134	0.519605
80	140	1.24274
80	152	0.601057
80	157	1.30539
80	158	0.610125
80	172	0.590373
80	173	0.538599
81	2	1.322
81	28	1.33601
81	67	1.30038
81	92	1.21206
81	93	1.21342
81	104	1.35475
81	106	1.17974
81	110	1.2245
81	116	1.28413
81	125	1.21318
81	131	0.51491
81	138	1.27669
81	151	0.508778
81	154	0.540387
81	155	0.620795
81	161	0.552606
81	167	0.534985
81	170	1.28313
81	175	0.533793
82	22	0.493467
82	37	0.566543
82	63	0.527854
82	106	0.576906
82	111	0.53908
82	122	1.26077
82	123	0.511034
82	133	0.580685
82	139	1.23268
82	151	1.29065
82	153	1.21584
82	158	1.22654
82	167	1.26938
82	168	1.25476
82	172	1.27683
82	173	1.37327
82	177	1.24951
82	179	1.27285
82	180	1.27692
83	20	0.473456
83	58	0.474941
83	70	0.565019
83	71	0.460192
83	85	0.468714
83	90	0.435918
83	119	0.446425
83	131	1.4245
83	132	0.471107
83	144	1.37871
83	150	1.40766
83	156	1.36981
83	171	1.40016
83	172	1.38208
83	175	1.3703
83	176	1.35176
83	177	1.35476
83	179	1.3781
83	180	1.38217
84	6	1.25579
84	10	1.2375
84	11	1.43711
84	13	1.38219
84	16	1.37221
84	44	1.39116
84	45	1.43067
84	47	1.41258
84	77	1.35261
84	95	1.49807
84	108	0.59152
84	131	0.456619
84	147	1.43011
84	168	0.483908
84	170	0.46124
84	173	0.424919
84	174	0.424696
84	177	0.479793
84	180	0.484494
85	17	1.25982
85	42	0.50124
85	66	1.24019
85	74	1.3198
85	79	0.506366
85	83	0.468714
85	119	1.33254
85	121	1.41857
85	132	1.27731
85	133	1.33426
85	135	1.3247
85	142	1.37372
85	144	0.496028
85	147	1.36401
85	154	0.52549
85	159	1.34465
85	169	1.41042
85	171	0.513626
85	174	0.46809
85	179	0.526501
86	5	1.22409
86	7	1.42519
86	12	1.33781
86	18	1.33781
86	70	1.22422
86	72	1.34866
86	75	1.3522
86	80	1.29695
86	89	1.36968
86	113	1.38981
86	134	0.433309
86	137	0.52199
86	140	1.31547
86	143	0.44907
86	157	1.37812
86	158	0.52383
86	159	0.557026
86	161	0.5217
86	170	0.488625
86	180	0.511879
87	15	1.26222
87	21	1.28595
87	29	1.24381
87	33	1.38538
87	41	1.34793
87	61	1.41944
87	78	1.25564
87	136	0.50195
87	138	1.36396
87	139	0.543971
87	154	0.523266
87	155	1.30202
87	159	1.34253
87	163	1.35119
87	168	0.525078
87	170	0.50241
87	171	0.511401
87	173	1.43993
87	174	0.465865
87	178	0.435972
88	9	1.18172
88	64	0.530043
88	74	1.317
88	113	0.522603
88	119	1.32974
88	121	1.41576
88	127	1.3389
88	132	1.2745
88	134	1.39878
88	135	1.32189
88	142	1.37092
88	154	0.498328
88	155	1.30134
88	159	1.34185
88	164	0.498355
88	166	0.477992
88	169	1.40761
88	171	0.486464
88	175	0.491734
88	180	0.500726
89	5	1.22409
89	7	1.42519
89	12	1.33781
89	18	1.33781
89	55	0.586958
89	70	1.22422
89	72	1.34866
89	75	1.3522
89	80	1.29695
89	86	1.36968
89	113	1.38981
89	128	0.452686
89	140	1.31547
89	157	1.37812
89	158	0.508924
89	160	0.523001
89	166	0.47424
89	170	0.47372
89	176	0.491804
89	180	0.496974
90	14	1.47266
90	35	1.4041
90	48	1.24308
90	49	1.37329
90	52	1.41504
90	59	1.23692
90	80	0.648658
90	83	0.435918
90	91	1.26414
90	99	1.30182
90	105	1.26247
90	115	1.259
90	126	1.31341
90	157	0.481665
90	160	0.521121
90	164	0.492721
90	169	0.499669
90	173	0.435518
90	176	0.489923
90	178	1.45408
91	14	1.43555
91	35	1.36699
91	47	0.561101
91	48	1.20597
91	49	1.33618
91	52	1.37794
91	53	1.556
91	71	1.27387
91	90	1.26414
91	99	1.26471
91	105	1.22536
91	106	0.580999
91	122	0.500229
91	126	1.2763
91	149	0.494584
91	151	0.455657
91	158	0.501615
91	167	0.481864
91	173	0.430088
91	178	1.41698
92	37	1.29043
92	39	1.29322
92	50	1.23753
92	81	1.21206
92	93	1.26149
92	100	0.607267
92	104	1.40283
92	107	1.33918
92	108	1.24461
92	111	1.30111
92	116	1.33221
92	117	0.551962
92	122	0.525906
92	125	1.26126
92	126	1.29286
92	131	0.487466
92	150	0.484044
92	162	0.518544
92	170	1.33121
92	179	0.513953
92	180	0.515341
93	20	1.26292
93	31	1.36631
93	37	1.29179
93	39	1.29458
93	43	0.58366
93	71	1.29178
93	81	1.21342
93	92	1.26149
93	96	0.547146
93	107	1.34054
93	108	1.24597
93	111	1.30246
93	116	1.33356
93	125	1.26262
93	134	0.463374
93	137	0.552055
93	144	0.510083
93	170	1.33257
93	173	0.482368
93	175	0.532952
93	177	0.537242
94	9	0.469885
94	56	0.558842
94	58	1.33155
94	63	1.4096
94	68	1.27546
94	69	1.39545
94	73	1.49155
94	98	1.38905
94	102	1.36174
94	103	1.46885
94	112	1.37814
94	114	1.43528
94	136	0.43676
94	156	0.446223
94	160	0.486502
94	166	1.39666
94	167	0.452674
94	168	0.459888
94	169	1.46665
94	170	0.43722
94	180	0.460474
95	6	1.27889
95	10	1.26061
95	11	1.46021
95	13	1.40529
95	16	1.39532
95	18	0.535503
95	38	0.464254
95	44	1.41427
95	45	1.45377
95	47	1.43569
95	67	0.463788
95	77	1.37572
95	84	1.49807
95	106	0.53923
95	115	1.36896
95	147	1.45321
95	157	0.434467
95	165	0.440674
95	172	0.440094
95	175	0.438902
95	180	0.447895
96	33	0.474224
96	46	0.510664
96	77	0.563447
96	93	0.547146
96	100	0.541738
96	108	0.556837
96	118	1.28072
96	124	1.25946
96	125	0.546982
96	129	1.30652
96	130	1.35358
96	153	1.23259
96	163	1.30128
96	168	1.27152
96	169	0.454388
96	171	1.31166
96	174	1.35134
96	175	1.28181
96	177	1.26626
96	179	1.2896
96	180	1.29367
97	27	0.521156
97	34	1.18948
97	56	1.22233
97	65	1.1822
97	76	1.26683
97	109	1.33886
97	118	1.28976
97	123	1.37514
97	124	1.2685
97	129	1.31556
97	130	1.36262
97	132	0.60523
97	143	0.456749
97	147	0.560809
97	148	1.31804
97	163	1.31032
97	164	0.517186
97	171	0.505295
97	174	1.36038
97	179	0.51817
97	180	0.519558
98	5	0.653605
98	54	1.39773
98	58	1.26538
98	69	1.32928
98	73	1.42538
98	94	1.38905
98	101	1.36687
98	102	1.29557
98	103	1.40268
98	112	1.31197
98	114	1.36911
98	128	0.439201
98	141	1.31599
98	149	0.48841
98	161	0.49331
98	166	1.33049
98	167	0.475689
98	168	0.482903
98	169	1.40048
98	173	0.423914
98	175	0.474497
98	176	0.47832
99	14	1.47323
99	35	1.40467
99	38	0.519737
99	48	1.24365
99	49	1.37387
99	52	1.41562
99	53	1.59368
99	59	1.23749
99	90	1.30182
99	91	1.26471
99	105	1.26304
99	115	1.25957
99	126	1.31398
99	131	0.475503
99	134	0.424808
99	137	0.513489
99	164	0.501006
99	166	0.480644
99	171	0.489115
99	178	1.45466
99	179	0.50199
99	180	0.503378
100	1	1.28949
100	2	1.29605
100	4	1.28949
100	27	1.28832
100	28	1.31007
100	43	1.2334
100	51	1.31389
100	52	1.32046
100	55	1.15449
100	64	0.565852
100	67	1.27443
100	92	0.607267
100	96	0.541738
100	106	1.15379
100	117	1.21478
100	138	1.25074
100	139	0.554842
100	141	1.21059
100	153	0.602882
100	165	0.529315
100	174	0.476737
100	175	0.527543
101	9	1.21858
101	17	1.29387
101	98	1.36687
101	102	1.33957
101	112	1.35597
101	114	1.41311
101	127	1.37576
101	132	1.31136
101	137	0.510544
101	139	0.518739
101	141	1.35998
101	142	1.40778
101	155	1.3382
101	160	0.52646
101	161	0.510253
101	164	0.49806
101	166	1.37448
101	168	0.499846
101	169	1.44447
101	173	0.440857
101	177	0.495731
101	178	0.41074
102	19	0.617238
102	58	1.23808
102	63	1.31613
102	68	1.18198
102	69	1.30198
102	73	1.39808
102	94	1.36174
102	98	1.29557
102	101	1.33957
102	103	1.37537
102	112	1.28466
102	114	1.34181
102	141	1.28868
102	149	0.529436
102	150	0.493219
102	152	0.527398
102	154	0.522117
102	166	1.30318
102	169	1.37317
102	170	0.501262
102	173	0.46494
102	176	0.519346
102	178	0.434824
103	54	1.47753
103	58	1.34518
103	66	0.587178
103	68	1.28908
103	69	1.40908
103	73	1.50518
103	94	1.46885
103	98	1.40268
103	102	1.37537
103	112	1.39177
103	114	1.44891
103	115	0.525832
103	141	1.39578
103	156	0.443482
103	158	0.469684
103	164	0.455361
103	166	1.41029
103	169	1.48028
103	172	0.449932
103	173	0.398158
103	177	0.453032
103	178	0.368042
103	180	0.457733
104	20	1.40425
104	23	1.39472
104	36	0.548832
104	37	1.43312
104	39	1.43591
104	50	1.38022
104	81	1.35475
104	92	1.40283
104	107	1.48187
104	108	1.3873
104	111	1.4438
104	125	1.40395
104	140	1.40338
104	143	0.419629
104	144	0.450577
104	148	0.468941
104	168	0.481852
104	170	1.4739
104	172	0.474637
104	174	0.422639
104	175	0.473446
104	177	0.477736
104	178	0.392746
105	14	1.43388
105	35	1.36532
105	48	1.2043
105	49	1.33452
105	52	1.37627
105	53	1.55433
105	59	1.19814
105	71	1.2722
105	90	1.26247
105	91	1.22536
105	99	1.26304
105	115	1.22022
105	116	0.558202
105	126	1.27464
105	140	0.58261
105	148	0.494734
105	162	0.511435
105	168	0.507646
105	172	0.500431
105	173	0.448656
105	175	0.49924
105	176	0.503062
105	178	1.41531
106	1	1.33119
106	2	1.33776
106	4	1.33119
106	27	1.33002
106	28	1.35177
106	43	1.2751
106	51	1.3556
106	55	1.1962
106	67	1.31614
106	81	1.17974
106	82	0.576906
106	91	0.580999
106	95	0.53923
106	100	1.15379
106	110	1.24026
106	117	1.25649
106	138	1.29245
106	141	1.2523
106	150	0.504648
106	154	0.533547
106	158	0.547896
106	166	0.513211
106	174	0.476146
106	179	0.534557
107	9	0.511282
107	23	1.33108
107	31	1.444
107	37	1.36948
107	50	1.31657
107	73	0.50289
107	79	0.480348
107	92	1.33918
107	93	1.34054
107	104	1.48187
107	108	1.32366
107	111	1.38016
107	116	1.41125
107	125	1.34031
107	126	1.3719
107	134	0.423301
107	140	1.33974
107	150	0.470575
107	156	0.487619
107	164	0.499499
107	170	1.41026
107	172	0.49407
107	174	0.442072
107	176	0.496701
108	20	1.24604
108	23	1.2365
108	31	1.34942
108	37	1.2749
108	50	1.222
108	57	1.2286
108	84	0.59152
108	92	1.24461
108	93	1.24597
108	96	0.556837
108	104	1.3873
108	107	1.32366
108	111	1.28558
108	116	1.31668
108	125	1.24573
108	126	1.27733
108	134	0.473065
108	136	0.52792
108	149	0.556555
108	150	0.520338
108	161	0.561456
108	166	0.528901
108	170	1.31568
108	174	0.491836
109	8	1.38017
109	45	0.52525
109	56	1.30438
109	59	0.567998
109	60	1.30672
109	65	1.26425
109	76	1.34888
109	97	1.33886
109	118	1.37181
109	123	1.45719
109	124	1.35055
109	129	1.39761
109	130	1.44467
109	148	1.40009
109	151	0.438534
109	157	0.459112
109	160	0.498568
109	162	0.475743
109	163	1.39238
109	168	0.471955
109	170	0.449286
109	171	0.458278
109	172	0.464739
109	174	1.44244
110	1	1.37596
110	4	1.37596
110	27	1.37479
110	28	1.39653
110	43	1.31986
110	51	1.40036
110	52	1.40693
110	55	1.24096
110	67	1.3609
110	79	0.480322
110	81	1.2245
110	106	1.24026
110	113	1.34748
110	117	1.30125
110	119	0.562835
110	136	0.47813
110	138	1.33721
110	139	0.520151
110	141	1.29706
110	151	0.467838
110	157	0.488417
110	158	0.513796
110	162	0.505048
110	164	0.499473
110	175	0.492852
111	20	1.30253
111	25	0.577207
111	31	1.40592
111	39	1.33419
111	49	0.434232
111	50	1.2785
111	57	1.2851
111	71	1.33139
111	82	0.53908
111	92	1.30111
111	93	1.30246
111	104	1.4438
111	107	1.38016
111	108	1.28558
111	116	1.37318
111	117	0.534741
111	122	0.508685
111	125	1.30223
111	140	1.30167
111	147	0.539371
111	151	0.464113
111	162	0.501322
111	170	1.37218
111	178	0.408428
111	179	0.496732
112	54	1.38683
112	58	1.25448
112	63	1.33252
112	68	1.19838
112	69	1.31838
112	73	1.41448
112	94	1.37814
112	98	1.31197
112	101	1.35597
112	102	1.28466
112	103	1.39177
112	114	1.35821
112	120	0.540842
112	128	0.472045
112	134	0.437763
112	136	0.492619
112	141	1.30508
112	158	0.528284
112	166	1.31958
112	169	1.38957
112	170	0.493079
112	172	0.508532
112	175	0.507341
112	179	0.514945
112	180	0.516333
113	16	0.557118
113	19	0.559208
113	27	1.43725
113	38	0.482845
113	43	1.38232
113	51	1.46282
113	70	1.24436
113	75	1.37233
113	80	1.31708
113	86	1.38981
113	88	0.522603
113	89	1.38981
113	110	1.34748
113	117	1.36371
113	138	1.39967
113	140	1.3356
113	141	1.35952
113	146	0.471196
113	157	1.39825
113	162	0.469689
113	166	0.443752
113	172	0.458685
113	178	0.376794
113	179	0.465098
114	54	1.44397
114	58	1.31162
114	63	1.38967
114	66	0.602932
114	68	1.25552
114	69	1.37552
114	73	1.47162
114	94	1.43528
114	98	1.36911
114	101	1.41311
114	102	1.34181
114	103	1.44891
114	112	1.35821
114	141	1.36222
114	144	0.441626
114	148	0.459989
114	157	0.460059
114	160	0.499514
114	166	1.37672
114	169	1.44671
114	171	0.459224
114	172	0.465686
114	173	0.413911
114	176	0.468317
114	177	0.468785
114	179	0.472099
115	11	1.308
115	13	1.25308
115	38	0.529067
115	44	1.26206
115	45	1.30156
115	47	1.28348
115	49	1.33104
115	53	1.55086
115	59	1.19467
115	74	0.573223
115	77	1.2235
115	90	1.259
115	95	1.36896
115	99	1.25957
115	103	0.525832
115	105	1.22022
115	120	0.537217
115	126	1.27116
115	143	0.449899
115	147	1.301
115	148	0.49921
115	153	0.579055
115	156	0.498456
115	165	0.505487
115	178	1.41183
115	179	0.51132
116	23	1.3241
116	31	1.43702
116	37	1.3625
116	39	1.36529
116	50	1.3096
116	57	1.3162
116	81	1.28413
116	92	1.33221
116	93	1.33356
116	105	0.558202
116	107	1.41125
116	108	1.31668
116	111	1.37318
116	125	1.33333
116	126	1.36492
116	140	1.33276
116	144	0.462719
116	156	0.480329
116	158	0.506531
116	159	0.539727
116	166	0.471846
116	170	1.40328
116	172	0.486779
116	173	0.435004
116	175	0.485588
116	177	0.489878
116	179	0.493192
117	1	1.39218
117	2	1.39875
117	4	1.39218
117	27	1.39101
117	28	1.41276
117	43	1.33609
117	51	1.41659
117	52	1.42316
117	55	1.25719
117	67	1.37713
117	92	0.551962
117	100	1.21478
117	106	1.25649
117	110	1.30125
117	111	0.534741
117	113	1.36371
117	138	1.35344
117	141	1.31329
117	145	0.493329
117	150	0.449935
117	158	0.493182
117	160	0.507258
117	164	0.478859
117	172	0.47343
117	175	0.472239
117	176	0.476061
117	179	0.479843
118	3	1.33515
118	8	1.33107
118	34	1.22243
118	42	0.495154
118	56	1.25528
118	60	1.25762
118	65	1.21515
118	76	1.29978
118	96	1.28072
118	97	1.28976
118	109	1.37181
118	123	1.40809
118	124	1.30145
118	129	1.34851
118	130	1.39557
118	137	0.531914
118	148	1.35099
118	156	0.507551
118	157	0.508375
118	162	0.525005
118	163	1.34328
118	164	0.519431
118	165	0.514582
118	167	0.514002
118	168	0.521217
118	173	0.462227
118	174	1.39334
118	175	0.51281
119	17	1.2496
119	32	1.24869
119	46	1.34298
119	57	1.27522
119	66	1.22997
119	73	0.506619
119	83	0.446425
119	85	1.33254
119	88	1.32974
119	110	0.562835
119	121	1.40835
119	127	1.33148
119	132	1.26708
119	133	1.32404
119	135	1.31448
119	142	1.3635
119	147	1.35379
119	155	1.29392
119	159	1.33443
119	160	0.531627
119	163	0.558619
119	165	0.49838
119	168	0.505014
119	169	1.4002
119	171	0.491338
119	175	0.496608
119	179	0.504212
119	180	0.5056
120	3	0.513828
120	10	0.651062
120	39	0.572752
120	54	0.259786
120	62	0.484796
120	69	0.512228
120	112	0.540842
120	115	0.537217
120	122	1.30818
120	128	1.31186
120	135	0.536324
120	149	1.28781
120	153	1.26325
120	158	1.27395
120	159	0.514266
120	160	1.30231
120	161	1.29805
120	165	1.31212
120	167	1.31679
120	169	0.473695
120	171	1.34232
120	174	1.382
120	175	1.31246
120	176	1.29392
120	177	1.29692
120	178	1.45348
120	179	1.32026
120	180	1.32433
121	9	1.26033
121	24	1.37931
121	30	1.44452
121	61	0.440904
121	66	1.316
121	85	1.41857
121	88	1.41576
121	119	1.40835
121	127	1.41751
121	132	1.35311
121	133	1.41007
121	135	1.4005
121	142	1.44953
121	143	0.415767
121	145	0.490674
121	146	0.483286
121	147	1.43982
121	154	0.476177
121	155	1.37995
121	159	1.42046
121	161	0.488397
121	165	0.471355
121	166	0.455842
121	169	1.48622
121	171	0.464313
121	172	0.470775
121	179	0.477188
121	180	0.478576
122	2	0.495865
122	31	0.500036
122	47	0.526612
122	48	0.52671
122	82	1.26077
122	91	0.500229
122	92	0.525906
122	111	0.508685
122	120	1.30818
122	124	0.543511
122	139	1.28824
122	143	1.34387
122	157	1.35145
122	159	0.500322
122	162	1.30791
122	163	0.508194
122	164	1.31028
122	165	1.32027
122	166	1.32722
122	168	1.31032
122	169	0.459751
122	171	1.35047
122	172	1.33239
122	175	1.32061
122	176	1.30206
122	177	1.30507
122	179	1.32841
122	180	1.33248
123	3	1.42053
123	8	1.41645
123	34	1.30781
123	56	1.34066
123	60	1.343
123	61	0.432402
123	65	1.30053
123	76	1.38516
123	82	0.511034
123	97	1.37514
123	109	1.45719
123	118	1.40809
123	124	1.38683
123	129	1.43389
123	130	1.48095
123	131	0.442199
123	146	0.474784
123	148	1.43637
123	149	0.474994
123	153	0.53642
123	154	0.467675
123	163	1.42866
123	167	0.462273
123	173	0.410498
123	174	1.47872
123	175	0.461081
123	179	0.468686
123	180	0.470073
124	3	1.31389
124	8	1.30981
124	10	1.14012
124	34	1.20118
124	56	1.23402
124	60	1.23636
124	65	1.1939
124	76	1.27852
124	96	1.25946
124	97	1.2685
124	109	1.35055
124	118	1.30145
124	122	0.543511
124	123	1.38683
124	129	1.32725
124	130	1.37431
124	131	0.50507
124	136	0.509231
124	139	0.551252
124	148	1.32973
124	149	0.537866
124	153	0.599292
124	154	0.530547
124	163	1.32202
124	167	0.525145
124	169	0.537521
124	174	1.37208
124	176	0.527776
124	178	0.443254
125	20	1.26269
125	23	1.25315
125	31	1.36607
125	37	1.29155
125	39	1.29435
125	50	1.23865
125	57	1.24525
125	71	1.29154
125	81	1.21318
125	92	1.26126
125	93	1.26262
125	96	0.546982
125	104	1.40395
125	107	1.34031
125	108	1.24573
125	111	1.30223
125	116	1.33333
125	128	0.497491
125	140	1.26182
125	147	0.583031
125	148	0.528282
125	160	0.567807
125	162	0.544982
125	167	0.533979
125	170	1.33233
125	173	0.482204
125	175	0.532787
125	178	0.452088
125	179	0.540391
126	20	1.29428
126	23	1.28475
126	35	1.41627
126	50	1.27025
126	53	1.60527
126	59	1.24908
126	64	0.532228
126	90	1.31341
126	91	1.2763
126	92	1.29286
126	99	1.31398
126	105	1.27464
126	107	1.3719
126	108	1.27733
126	115	1.27116
126	116	1.36492
126	131	0.475036
126	139	0.521218
126	140	1.29341
126	142	0.540569
126	152	0.505794
126	157	0.489483
126	160	0.528939
126	166	0.480177
126	167	0.495111
126	170	1.36393
126	174	0.443113
126	176	0.497741
126	178	1.46625
126	179	0.501523
127	24	1.30245
127	32	1.25785
127	36	0.570741
127	46	1.35214
127	57	1.28438
127	66	1.23913
127	74	1.31874
127	88	1.3389
127	101	1.37576
127	119	1.33148
127	121	1.41751
127	132	1.27625
127	133	1.3332
127	134	1.40052
127	135	1.32364
127	142	1.37266
127	147	1.36295
127	148	0.49085
127	152	0.50723
127	155	1.30308
127	161	0.514169
127	164	0.501976
127	166	0.481614
127	168	0.503762
127	169	1.40936
127	172	0.496547
127	173	0.444772
127	176	0.499178
127	177	0.499646
127	179	0.50296
128	29	0.531909
128	33	0.424734
128	61	0.760819
128	66	0.529767
128	67	0.416215
128	68	0.533107
128	89	0.452686
128	98	0.439201
128	112	0.472045
128	120	1.31186
128	125	0.497491
128	133	0.495436
128	137	1.29416
128	138	0.443919
128	143	1.34755
128	144	1.33269
128	146	1.31811
128	152	1.34168
128	156	1.32379
128	161	1.30988
128	164	1.31396
128	165	1.32395
128	167	1.32861
128	171	1.35414
128	172	1.33606
128	175	1.32429
128	176	1.30574
128	178	1.4653
128	179	1.33208
128	180	1.33615
129	3	1.36095
129	8	1.35687
129	10	1.18718
129	34	1.24824
129	49	0.465492
129	54	0.320046
129	56	1.28108
129	60	1.28342
129	65	1.24095
129	76	1.32558
129	96	1.30652
129	97	1.31556
129	109	1.39761
129	118	1.34851
129	123	1.43389
129	124	1.32725
129	130	1.42137
129	146	0.53409
129	148	1.37679
129	158	0.54133
129	161	0.5392
129	162	0.532582
129	163	1.36908
129	165	0.522159
129	166	0.506645
129	169	0.533955
129	171	0.515116
129	173	0.469804
129	174	1.41914
129	180	0.529379
130	3	1.40801
130	8	1.40393
130	10	1.23424
130	34	1.29529
130	38	0.491504
130	56	1.32814
130	60	1.33048
130	65	1.28801
130	75	0.561627
130	76	1.37264
130	96	1.35358
130	97	1.36262
130	109	1.44467
130	118	1.39557
130	123	1.48095
130	124	1.37431
130	129	1.42137
130	134	0.396575
130	137	0.485256
130	145	0.487243
130	148	1.42385
130	152	0.478028
130	158	0.487096
130	160	0.501172
130	163	1.41614
130	167	0.467345
130	168	0.474559
130	170	0.451891
130	171	0.460882
130	174	1.4662
130	177	0.470443
131	22	0.424631
131	32	0.527741
131	37	0.497707
131	50	0.512351
131	81	0.51491
131	83	1.4245
131	84	0.456619
131	92	0.487466
131	99	0.475503
131	123	0.442199
131	124	0.50507
131	126	0.475036
131	145	1.36962
131	147	0.457986
131	152	1.39648
131	153	1.32987
131	156	1.37859
131	158	1.34057
131	161	1.36468
131	162	1.36638
131	164	1.36876
131	165	1.37875
131	167	1.38341
131	168	1.36879
131	169	0.42131
131	174	1.44862
131	175	1.37908
131	176	1.36054
131	177	1.36354
131	179	1.38688
131	180	1.39095
132	19	0.623004
132	22	1.42597
132	24	1.23805
132	32	1.19346
132	42	0.503633
132	57	1.21999
132	66	1.17474
132	74	1.25435
132	83	0.471107
132	85	1.27731
132	88	1.2745
132	97	0.60523
132	101	1.31136
132	119	1.26708
132	121	1.35311
132	127	1.27625
132	133	1.2688
132	134	1.33613
132	135	1.25924
132	141	0.582502
132	142	1.30827
132	147	1.29855
132	155	1.23869
132	156	0.51603
132	157	0.516854
132	159	1.2792
132	160	0.556309
132	161	0.540103
132	165	0.523061
132	169	1.34496
132	178	0.44059
132	179	0.528894
133	9	1.17603
133	17	1.25132
133	24	1.29501
133	30	1.36021
133	32	1.25041
133	46	1.3447
133	54	0.330391
133	57	1.27694
133	74	1.3113
133	82	0.580685
133	85	1.33426
133	119	1.32404
133	121	1.41007
133	127	1.3332
133	128	0.495436
133	132	1.2688
133	134	1.39308
133	135	1.3162
133	136	0.51601
133	142	1.36522
133	145	0.551822
133	147	1.35551
133	155	1.29564
133	156	0.525472
133	159	1.33615
133	162	0.542927
133	168	0.539138
133	169	1.40192
133	171	0.525461
133	174	0.479925
133	177	0.535022
133	178	0.450032
133	180	0.539724
134	4	0.41784
134	6	0.567796
134	15	0.754111
134	17	1.31864
134	26	0.499833
134	30	1.42753
134	53	0.336099
134	75	0.452521
134	80	0.519605
134	86	0.433309
134	88	1.39878
134	93	0.463374
134	99	0.424808
134	107	0.423301
134	108	0.473065
134	112	0.437763
134	127	1.40052
134	130	0.396575
134	132	1.33613
134	133	1.39308
134	135	1.38352
134	142	1.43254
134	147	1.42283
134	153	1.34343
134	154	1.38006
134	160	1.38249
134	161	1.37824
134	170	1.43134
134	171	1.4225
134	175	1.39265
134	176	1.3741
134	177	1.3771
134	180	1.40451
135	9	1.16647
135	22	1.47337
135	24	1.28544
135	30	1.35065
135	32	1.24085
135	46	1.33514
135	60	0.569091
135	66	1.22213
135	74	1.30174
135	85	1.3247
135	88	1.32189
135	119	1.31448
135	120	0.536324
135	121	1.4005
135	127	1.32364
135	132	1.25924
135	133	1.3162
135	134	1.38352
135	139	0.530122
135	142	1.35566
135	147	1.34595
135	150	0.480519
135	154	0.509417
135	155	1.28608
135	156	0.497564
135	161	0.521636
135	162	0.515018
135	166	0.489081
135	169	1.39236
135	171	0.497552
135	173	0.45224
135	175	0.502823
135	180	0.511815
136	5	0.591011
136	21	0.514776
136	49	0.742044
136	57	0.521513
136	64	1.32309
136	76	0.493056
136	87	0.50195
136	94	0.43676
136	108	0.52792
136	110	0.47813
136	112	0.492619
136	124	0.509231
136	133	0.51601
136	139	1.25782
136	145	1.28072
136	146	1.28401
136	150	1.32754
136	156	1.28969
136	158	1.25167
136	160	1.28003
136	162	1.27748
136	163	0.473914
136	164	1.27986
136	165	1.28985
136	167	1.29451
136	168	1.2799
136	170	1.32888
136	171	1.32004
136	173	1.39841
136	175	1.29019
136	176	1.27164
136	177	1.27464
136	179	1.29798
136	180	1.30205
137	1	0.463994
137	23	0.544419
137	26	0.588514
137	34	0.570708
137	45	0.507431
137	86	0.52199
137	93	0.552055
137	99	0.513489
137	101	0.510544
137	118	0.531914
137	128	1.29416
137	130	0.485256
137	143	1.31802
137	144	1.30317
137	149	1.27011
137	152	1.31216
137	153	1.24555
137	154	1.28217
137	159	0.499868
137	160	1.28461
137	161	1.28035
137	162	1.28206
137	163	0.50774
137	165	1.29442
137	166	1.30137
137	167	1.29909
137	168	1.28447
137	171	1.32462
