1	3	1.22151
1	12	1.21577
1	39	1.07745
1	58	1.24813
1	59	1.25094
1	79	1.20409
1	109	1.19709
1	137	0.888965
1	139	0.824443
1	145	0.728155
1	150	0.746361
1	176	0.921254
2	78	1.193
2	89	1.21352
2	90	1.25695
2	92	1.38446
2	103	1.33071
2	109	0.698226
2	136	0.692354
2	145	1.30976
2	150	0.722807
2	161	0.766599
2	179	0.929651
3	1	1.22151
3	12	1.24875
3	32	1.10374
3	39	1.11042
3	59	1.28391
3	79	1.23706
3	139	0.818968
3	141	1.23736
3	145	0.72268
3	154	0.86747
3	162	0.859
3	163	0.842988
4	9	1.2623
4	36	1.11751
4	53	1.20578
4	81	1.141
4	99	1.18207
4	101	1.28525
4	106	1.2354
4	145	0.717671
4	150	0.735877
4	159	0.757879
4	166	0.916949
4	168	0.986975
5	29	1.22088
5	46	1.22726
5	60	1.17077
5	63	1.18297
5	74	1.10454
5	80	0.827959
5	84	1.23232
5	145	0.812511
5	151	0.806445
5	153	0.812232
5	158	1.25373
5	159	0.852718
6	45	0.849046
6	62	0.910852
6	72	1.15185
6	91	1.00682
6	95	0.972734
6	97	1.06641
6	110	1.04594
6	113	1.01291
6	116	1.01293
6	121	1.10611
6	157	1.01602
6	179	1.20104
7	75	1.29165
7	76	1.22496
7	88	0.782374
7	95	1.11618
7	110	1.18939
7	113	1.15636
7	116	1.15638
7	121	1.24956
7	142	0.894743
7	151	0.757479
7	170	0.775806
7	173	0.893462
8	25	1.17583
8	69	1.27875
8	78	1.10649
8	89	1.12701
8	90	1.17044
8	92	1.29796
8	103	1.2442
8	115	0.70077
8	164	0.764455
8	167	0.744606
8	178	1.00453
8	179	0.901966
9	4	1.2623
9	41	1.18828
9	53	1.18831
9	81	1.12354
9	88	0.738968
9	99	1.1646
9	101	1.26778
9	106	1.21793
9	115	0.743992
9	123	0.720291
9	168	0.989443
9	176	0.913238
10	28	1.18914
10	31	1.2764
10	42	1.2139
10	51	1.20737
10	55	0.710387
10	67	1.24162
10	152	1.18582
10	154	1.13456
10	164	0.787154
10	168	0.96892
10	170	0.711877
10	179	0.924665
11	27	0.742997
11	88	0.800248
11	89	1.17531
11	103	1.2925
11	107	1.15597
11	108	1.24928
11	119	0.721455
11	132	1.20155
11	140	1.21718
11	150	0.799624
11	179	1.10454
11	180	1.01556
12	1	1.21577
12	3	1.24875
12	32	1.09801
12	39	1.10469
12	58	1.27537
12	59	1.27818
12	79	1.23133
12	144	0.865543
12	156	0.816643
12	163	0.851446
12	169	0.769894
12	171	0.811998
13	38	0.621729
13	53	0.669392
13	73	1.25583
13	79	0.61993
13	85	1.27771
13	107	1.21519
13	111	0.540365
13	138	0.64655
13	173	1.22122
13	178	1.13161
13	179	1.16376
13	180	1.15475
14	36	1.11834
14	41	1.20657
14	81	1.14183
14	99	1.18289
14	101	1.28608
14	106	1.23622
14	109	1.24354
14	115	0.80798
14	128	0.768156
14	159	0.824333
14	164	0.871664
14	167	0.851816
15	34	1.15841
15	43	1.24872
15	49	1.24611
15	60	1.18148
15	63	1.19368
15	74	1.11525
15	84	1.24303
15	126	0.802989
15	153	0.751069
15	163	0.871656
15	164	0.838886
15	174	0.851752
16	88	0.989028
16	125	1.08785
16	126	1.02184
16	129	1.02665
16	131	1.06576
16	132	1.00792
16	133	1.04254
16	134	1.06659
16	138	1.04921
16	140	1.02355
16	155	0.982799
16	169	1.00895
17	23	1.19862
17	42	1.21856
17	51	1.21203
17	71	1.18956
17	126	0.758026
17	143	1.26853
17	149	0.915831
17	152	1.19048
17	153	0.706106
17	154	1.13922
17	171	0.787245
17	177	0.946623
18	23	0.694625
18	82	0.652964
18	97	0.561763
18	110	0.611505
18	131	0.584249
18	163	1.25673
18	165	1.21918
18	173	1.22171
18	174	1.23928
18	177	1.16279
18	178	1.1321
18	180	1.15524
19	26	1.11659
19	44	1.13344
19	50	1.12591
19	54	1.29345
19	61	1.2041
19	73	1.08534
19	82	1.11784
19	85	1.10723
19	112	0.921737
19	169	0.74351
19	171	0.785614
19	178	1.03236
19	179	0.929803
20	94	1.10708
20	109	0.793096
20	111	1.22411
20	114	1.17445
20	117	1.15406
20	118	1.12072
20	124	1.16452
20	127	1.12961
20	144	0.933876
20	147	0.774065
20	171	0.880331
20	179	1.01486
20	180	1.03361
21	56	1.10454
21	91	1.11459
21	95	1.0805
21	97	1.17417
21	110	1.15371
21	113	1.12067
21	116	1.12069
21	121	1.21388
21	128	0.793939
21	142	0.941107
21	147	0.784503
21	169	0.848665
21	177	1.05015
22	57	1.23656
22	69	1.38619
22	78	1.21393
22	89	1.23445
22	90	1.27788
22	92	1.4054
22	103	1.35164
22	157	0.721121
22	159	0.721296
22	164	0.768626
22	170	0.69335
22	173	0.811005
22	175	0.799853
23	17	1.19862
23	18	0.694625
23	28	1.12252
23	42	1.14729
23	67	1.17501
23	71	1.11829
23	119	0.774848
23	137	0.995621
23	145	1.17454
23	148	0.886093
23	152	1.11921
23	154	1.06794
23	175	0.953576
24	25	0.578597
24	58	0.500358
24	81	0.633096
24	98	0.494453
24	146	0.556029
24	158	0.523193
24	160	1.27917
24	162	1.34209
24	168	1.27979
24	173	1.33586
24	176	1.30486
24	177	1.27693
24	180	1.26938
25	8	1.17583
25	24	0.578597
25	57	1.08018
25	78	1.05755
25	89	1.07807
25	90	1.1215
25	92	1.24901
25	103	1.19526
25	146	1.14469
25	170	0.790542
25	173	0.908197
25	177	1.01852
25	180	1.01242
26	19	1.11659
26	44	1.15118
26	48	1.1388
26	73	1.10308
26	82	1.13558
26	85	1.12497
26	100	1.14694
26	115	1.18977
26	122	0.683699
26	166	0.896906
26	172	0.876631
26	178	1.02524
26	179	0.922678
27	11	0.742997
27	92	0.642202
27	101	0.708887
27	102	0.739443
27	114	0.668578
27	157	1.21214
27	169	1.22228
27	173	1.14968
27	175	1.15257
27	176	1.11868
27	177	1.09075
27	178	1.06006
27	180	1.0832
28	10	1.18914
28	23	1.12252
28	31	1.20496
28	42	1.14246
28	51	1.13593
28	67	1.17018
28	71	1.11346
28	135	0.738768
28	149	0.918549
28	154	1.06312
28	165	0.871855
28	177	0.949341
28	179	0.934152
29	5	1.22088
29	30	1.15537
29	34	1.08911
29	46	1.16867
29	60	1.11218
29	63	1.12437
29	74	1.04594
29	84	1.17372
29	119	0.754362
29	156	0.899831
29	157	0.854359
29	160	1.06863
29	170	0.826587
30	29	1.15537
30	34	1.0822
30	46	1.16175
30	49	1.16989
30	63	1.11746
30	74	1.03903
30	84	1.16681
30	115	0.804797
30	158	1.18823
30	159	0.821151
30	161	0.842942
30	163	0.901251
30	168	1.05025
31	10	1.2764
31	28	1.20496
31	51	1.2232
31	71	1.20073
31	88	0.675988
31	142	0.788356
31	143	1.2797
31	145	1.25698
31	149	0.866605
31	152	1.20165
31	153	0.65688
31	154	1.15038
31	168	0.926462
31	177	0.897397
32	3	1.10374
32	12	1.09801
32	37	1.02764
32	39	0.959681
32	58	1.13036
32	59	1.13317
32	70	1.17881
32	79	1.08632
32	115	0.874816
32	141	1.08662
32	144	0.985368
32	156	0.936468
32	174	0.951368
32	175	0.969728
33	125	1.26285
33	126	0.754236
33	129	1.20165
33	131	1.24076
33	132	1.18292
33	133	1.21754
33	134	1.24159
33	138	1.22421
33	140	1.19855
33	149	0.912041
33	156	0.7881
33	159	0.742802
33	164	0.790133
33	173	0.832512
34	15	1.15841
34	29	1.08911
34	30	1.0822
34	43	1.10624
34	49	1.10363
34	63	1.0512
34	74	0.972766
34	84	1.10055
34	119	0.803836
34	122	0.84987
34	158	1.12196
34	160	1.11811
34	161	0.925797
34	162	1.00012
35	55	0.699596
35	88	0.707654
35	102	1.21567
35	129	1.2091
35	131	1.24821
35	132	1.19038
35	133	1.22499
35	134	1.24904
35	138	1.23166
35	140	1.20601
35	148	0.740106
35	165	0.851578
35	176	0.881924
35	179	0.913874
36	4	1.11751
36	14	1.11834
36	40	1.14098
36	55	0.933987
36	62	0.858077
36	81	0.978751
36	83	1.12623
36	99	1.01981
36	101	1.123
36	106	1.07314
36	122	0.909287
36	123	0.923368
36	143	1.11121
36	173	1.05313
37	32	1.02764
37	58	1.205
37	69	0.699341
37	79	1.16096
37	83	0.754393
37	92	0.730361
37	111	0.709214
37	118	0.793606
37	133	1.12661
37	138	1.13329
37	140	1.10763
37	163	1.08747
37	178	0.962836
37	180	0.985975
38	13	0.621729
38	72	1.32685
38	91	1.18182
38	95	1.14773
38	97	1.24141
38	110	1.22094
38	113	1.18791
38	116	1.18793
38	121	1.28111
38	147	0.715434
38	153	0.740562
38	157	0.780873
38	173	0.870757
38	177	0.981079
39	1	1.07745
39	3	1.11042
39	12	1.10469
39	32	0.959681
39	58	1.13704
39	59	1.13985
39	79	1.093
39	109	1.08601
39	120	0.864592
39	123	0.878263
39	141	1.09331
39	170	0.890372
39	171	0.958971
39	177	1.11835
40	36	1.14098
40	41	1.22921
40	53	1.22925
40	81	1.16447
40	99	1.20554
40	101	1.30872
40	106	1.25886
40	109	1.26618
40	142	0.81243
40	164	0.76877
40	166	0.880509
40	167	0.748922
40	170	0.693493
40	180	0.915371
41	9	1.18828
41	14	1.20657
41	40	1.22921
41	53	1.13176
41	81	1.06698
41	99	1.10805
41	101	1.21123
41	106	1.16138
41	137	0.833291
41	143	1.19944
41	155	0.685082
41	165	0.835235
41	168	0.941785
41	177	0.91272
41	180	0.906621
42	10	1.2139
42	17	1.21856
42	23	1.14729
42	28	1.14246
42	67	1.19495
42	71	1.13823
42	139	0.847907
42	143	1.2172
42	150	0.769825
42	152	1.13915
42	154	1.08788
42	160	1.00593
42	170	0.763881
42	174	0.852024
42	175	0.870384
43	15	1.24872
43	34	1.10624
43	46	1.18579
43	49	1.19393
43	60	1.1293
43	63	1.1415
43	74	1.06307
43	80	0.762489
43	84	1.19085
43	109	0.740665
43	151	0.740975
43	158	1.21226
43	168	1.01634
43	173	0.876957
43	179	0.97209
44	19	1.13344
44	26	1.15118
44	48	1.15565
44	50	1.1605
44	54	1.32804
44	61	1.23869
44	73	1.11993
44	82	1.15243
44	85	1.14182
44	137	0.883482
44	142	0.85387
44	155	0.735273
44	160	0.976978
44	163	0.84298
44	174	0.823076
45	6	0.849046
45	50	0.689325
45	59	0.597336
45	73	0.664507
45	127	0.594618
45	152	0.594672
45	157	1.24797
45	165	1.18299
45	166	1.16671
45	174	1.20309
45	175	1.18841
45	176	1.15452
45	177	1.12659
45	178	1.0959
45	180	1.11904
46	5	1.22726
46	29	1.16867
46	30	1.16175
46	43	1.18579
46	49	1.18318
46	60	1.11856
46	74	1.05232
46	84	1.18011
46	135	0.731126
46	136	0.689213
46	139	0.797748
46	158	1.20152
46	177	0.941699
46	178	1.02907
46	179	0.92651
47	88	0.78035
47	94	1.12818
47	104	1.22872
47	111	1.2452
47	114	1.19554
47	117	1.17516
47	118	1.14182
47	122	0.747592
47	124	1.18561
47	127	1.1507
47	159	0.801728
47	160	1.01583
47	169	0.800277
47	176	0.95462
47	179	1.03596
48	26	1.1388
48	44	1.15565
48	50	1.14812
48	54	1.31566
48	61	1.22631
48	73	1.10755
48	82	1.14005
48	85	1.12944
48	115	1.19424
48	155	0.709328
48	157	0.73676
48	173	0.826644
48	176	0.889826
48	178	1.02434
48	179	0.921776
49	15	1.24611
49	30	1.16989
49	34	1.10363
49	43	1.19393
49	46	1.18318
49	60	1.12669
49	74	1.06046
49	84	1.18824
49	135	0.824526
49	145	0.794861
49	148	0.846142
49	156	0.880366
49	158	1.20966
49	161	0.856859
49	175	0.913626
50	19	1.12591
50	44	1.1605
50	45	0.689325
50	48	1.14812
50	54	1.32051
50	65	1.19275
50	73	1.1124
50	82	1.1449
50	85	1.13428
50	100	1.15626
50	120	0.802751
50	148	0.867552
50	151	0.810204
50	154	0.96106
50	161	0.878268
51	10	1.20737
51	17	1.21203
51	28	1.13593
51	31	1.2232
51	55	0.781874
51	67	1.18841
51	71	1.13169
51	109	0.764728
51	145	1.18795
51	152	1.13262
51	154	1.08135
51	171	0.851963
51	172	0.950106
51	174	0.871507
51	175	0.889868
52	87	1.25258
52	98	1.32994
52	105	1.26858
52	107	1.07142
52	108	1.16473
52	152	1.13168
52	154	1.08041
52	156	0.842735
52	158	1.19014
52	161	0.819228
52	165	0.919983
52	170	0.769491
52	173	0.887147
52	175	0.875995
52	179	1.02
53	4	1.20578
53	9	1.18831
53	13	0.669392
53	40	1.22925
53	41	1.13176
53	81	1.06702
53	99	1.10808
53	101	1.21126
53	106	1.16141
53	122	0.774574
53	143	1.19948
53	148	0.839785
53	157	0.828536
53	163	0.908811
53	176	0.981602
54	19	1.29345
54	44	1.32804
54	48	1.31566
54	50	1.32051
54	61	1.3987
54	73	1.27994
54	82	1.31244
54	85	1.30182
54	135	0.69617
54	137	0.827314
54	143	0.658459
54	167	0.734194
54	170	0.678766
54	174	0.766909
54	176	0.859603
55	10	0.710387
55	35	0.699596
55	36	0.933987
55	51	0.781874
55	97	0.712721
55	140	0.758362
55	142	1.16753
55	163	1.14897
55	168	1.05789
55	169	1.18655
55	170	1.23309
55	172	1.10223
55	174	1.13152
55	176	1.08295
55	178	1.02434
55	180	1.04747
56	21	1.10454
56	75	1.21624
56	76	1.14955
56	91	1.07486
56	95	1.04077
56	97	1.13445
56	110	1.11398
56	113	1.08095
56	116	1.08097
56	121	1.17415
56	137	0.945883
56	147	0.759667
56	159	0.825281
56	166	0.98435
56	174	0.885478
56	180	1.01921
57	22	1.23656
57	25	1.08018
57	69	1.18309
57	78	1.01084
57	80	0.830887
57	89	1.03136
57	90	1.07478
57	92	1.2023
57	103	1.14855
57	122	0.80151
57	139	0.911727
57	142	0.946638
57	145	1.1276
57	146	1.09798
57	154	0.960229
57	162	0.951759
58	1	1.24813
58	12	1.27537
58	24	0.500358
58	32	1.13036
58	37	1.205
58	39	1.13704
58	59	1.31053
58	70	1.35617
58	79	1.26368
58	112	0.917024
58	141	1.26398
58	153	0.699763
58	161	0.762039
58	170	0.712303
58	174	0.800446
58	178	1.02765
59	1	1.25094
59	3	1.28391
59	12	1.27818
59	32	1.13317
59	39	1.13985
59	45	0.597336
59	58	1.31053
59	79	1.26649
59	109	1.2595
59	141	1.26679
59	148	0.775563
59	149	0.933728
59	150	0.742487
59	153	0.724003
59	155	0.736882
59	172	0.903284
60	5	1.17077
60	15	1.18148
60	29	1.11218
60	43	1.1293
60	46	1.11856
60	49	1.12669
60	63	1.07426
60	74	0.995832
60	84	1.12361
60	151	0.779148
60	158	1.14503
60	159	0.825421
60	164	0.872752
60	168	1.05452
60	171	0.866074
60	180	1.01935
61	19	1.2041
61	44	1.23869
61	48	1.22631
61	54	1.3987
61	65	1.27094
61	73	1.19059
61	82	1.22309
61	85	1.21247
61	100	1.23445
61	147	0.637997
61	149	0.872849
61	159	0.70361
61	163	0.78371
61	166	0.862679
61	170	0.675664
61	178	0.991012
62	6	0.910852
62	36	0.858077
62	71	0.675589
62	87	0.666315
62	92	0.615484
62	93	0.669037
62	169	1.19008
62	170	1.23662
62	171	1.15122
62	173	1.11748
62	174	1.13505
62	175	1.12037
62	176	1.08648
62	177	1.05855
62	178	1.02786
62	180	1.051
63	5	1.18297
63	15	1.19368
63	29	1.12437
63	30	1.11746
63	34	1.0512
63	43	1.1415
63	60	1.07426
63	74	1.00803
63	84	1.13581
63	128	0.814734
63	143	0.822658
63	155	0.843304
63	158	1.15723
63	171	0.911564
63	173	0.96062
63	180	1.06484
64	81	1.20004
64	99	1.2411
64	106	1.29443
64	107	1.1942
64	108	1.28751
64	114	1.30236
64	117	1.28197
64	127	1.25752
64	128	0.664764
64	130	0.774899
64	145	0.680734
64	148	0.732015
64	163	0.801041
64	168	0.950037
64	177	0.920972
64	179	1.14277
65	50	1.19275
65	61	1.27094
65	82	1.18468
65	105	1.3087
65	107	1.11154
65	108	1.20485
65	113	1.1648
65	116	1.16482
65	121	1.25801
65	149	0.934779
65	153	0.725054
65	159	0.76554
65	167	0.793022
65	172	0.904335
65	173	0.855249
65	175	0.844097
65	179	1.06011
66	86	1.05309
66	93	1.11529
66	102	1.06949
66	112	1.05794
66	125	1.12413
66	126	0.892598
66	129	1.06293
66	131	1.10203
66	132	1.0442
66	133	1.07881
66	134	1.10287
66	138	1.08549
66	140	1.05983
66	147	0.815551
66	166	1.04023
66	169	0.879713
66	176	1.03406
67	10	1.24162
67	23	1.17501
67	28	1.17018
67	42	1.19495
67	51	1.18841
67	71	1.16594
67	115	0.769143
67	128	0.72932
67	137	0.9061
67	139	0.841578
67	143	1.24491
67	145	1.2222
67	152	1.16687
67	154	1.1156
67	170	0.757551
67	174	0.845695
67	179	0.970339
68	86	1.1595
68	93	1.2217
68	125	1.23054
68	129	1.16933
68	131	1.20844
68	132	1.15061
68	133	1.18522
68	134	1.20927
68	138	1.19189
68	139	0.827077
68	140	1.16624
68	143	0.722743
68	149	0.940235
68	161	0.792787
68	164	0.818327
68	171	0.811649
68	172	0.909791
69	8	1.27875
69	22	1.38619
69	37	0.699341
69	57	1.18309
69	78	1.16047
69	89	1.18099
69	90	1.22441
69	92	1.35193
69	103	1.29818
69	112	0.866586
69	145	1.27723
69	146	1.24761
69	154	0.794393
69	167	0.717293
69	169	0.688359
69	171	0.730463
69	173	0.77952
69	176	0.842702
70	32	1.17881
70	58	1.35617
70	79	1.31213
70	118	1.25203
70	123	0.681179
70	124	1.29582
70	127	1.26091
70	132	1.24317
70	135	0.710692
70	138	1.28446
70	140	1.25881
70	143	0.672981
70	154	0.825816
70	166	0.880304
70	167	0.748717
70	174	0.781431
70	177	0.921265
70	179	1.14617
71	17	1.18956
71	23	1.11829
71	28	1.11346
71	31	1.20073
71	42	1.13823
71	51	1.13169
71	62	0.675589
71	67	1.16594
71	143	1.18819
71	145	1.16548
71	152	1.11015
71	154	1.05888
71	159	0.780935
71	160	0.995034
71	161	0.802726
71	172	0.919731
71	173	0.870645
71	179	0.965777
72	6	1.15185
72	38	1.32685
72	76	1.30461
72	91	1.22993
72	95	1.19584
72	97	1.28952
72	110	1.26905
72	113	1.23602
72	116	1.23604
72	121	1.32922
72	142	0.765935
72	154	0.779526
72	168	0.90404
72	170	0.646998
72	173	0.764653
72	174	0.735141
72	175	0.753502
72	180	0.868876
73	13	1.25583
73	19	1.08534
73	26	1.10308
73	44	1.11993
73	45	0.664507
73	48	1.10755
73	50	1.1124
73	54	1.27994
73	61	1.19059
73	82	1.10433
73	85	1.09372
73	115	1.15852
73	159	0.83166
73	164	0.878991
73	167	0.859142
73	174	0.891857
73	175	0.910217
73	176	0.984551
74	5	1.10454
74	15	1.11525
74	29	1.04594
74	30	1.03903
74	34	0.972766
74	43	1.06307
74	46	1.05232
74	49	1.06046
74	60	0.995832
74	63	1.00803
74	84	1.05738
74	135	0.917411
74	157	0.927778
74	158	1.07879
74	166	1.08702
74	171	0.968606
74	174	0.98815
74	177	1.12798
75	7	1.29165
75	56	1.21624
75	76	1.30097
75	91	1.22628
75	95	1.19219
75	97	1.28587
75	110	1.2654
75	113	1.23237
75	115	0.681955
75	116	1.23239
75	121	1.32557
75	148	0.709383
75	153	0.657823
75	154	0.802891
75	161	0.720099
75	163	0.778409
75	178	0.985711
75	179	0.883151
76	7	1.22496
76	56	1.14955
76	72	1.30461
76	75	1.30097
76	91	1.15959
76	95	1.1255
76	97	1.21918
76	110	1.19871
76	113	1.16568
76	115	0.730697
76	116	1.1657
76	121	1.25888
76	148	0.758125
76	150	0.725049
76	157	0.746876
76	163	0.827151
76	165	0.869596
76	168	0.976147
76	172	0.885846
77	94	1.13407
77	96	1.35057
77	104	1.23461
77	111	1.25109
77	114	1.20143
77	117	1.18105
77	118	1.14771
77	123	0.735636
77	124	1.1915
77	127	1.15659
77	148	0.786765
77	150	0.753689
77	154	0.880273
77	170	0.747745
77	176	0.928583
77	177	0.975722
77	179	1.04185
78	2	1.193
78	8	1.10649
78	22	1.21393
78	25	1.05755
78	57	1.01084
78	69	1.16047
78	89	1.00873
78	90	1.05216
78	92	1.17968
78	103	1.12592
78	135	0.857482
78	145	1.10497
78	146	1.07535
78	148	0.879098
78	151	0.82175
78	161	0.889814
78	173	0.957733
78	175	0.946581
78	180	1.06196
79	1	1.20409
79	3	1.23706
79	12	1.23133
79	13	0.61993
79	32	1.08632
79	37	1.16096
79	39	1.093
79	58	1.26368
79	59	1.26649
79	70	1.31213
79	80	0.754489
79	109	1.21265
79	126	0.790682
79	141	1.21994
79	143	0.730995
79	162	0.875361
79	167	0.806731
79	173	0.868958
79	179	0.96409
80	5	0.827959
80	43	0.762489
80	57	0.830887
80	79	0.754489
80	127	0.737011
80	131	0.739883
80	152	0.737065
80	164	1.17038
80	167	1.16529
80	170	1.22062
80	171	1.13522
80	172	1.08976
80	173	1.10148
80	174	1.11905
80	175	1.10437
80	176	1.07048
80	177	1.04255
80	178	1.01186
80	180	1.035
81	4	1.141
81	9	1.12354
81	14	1.14183
81	24	0.633096
81	36	0.978751
81	40	1.16447
81	41	1.06698
81	53	1.06702
81	64	1.20004
81	99	1.04331
81	101	1.14649
81	106	1.09663
81	136	0.820532
81	143	1.1347
81	151	0.826713
81	157	0.872812
81	174	0.933184
81	178	1.16039
81	180	1.06692
82	18	0.652964
82	19	1.11784
82	26	1.13558
82	44	1.15243
82	48	1.14005
82	50	1.1449
82	54	1.31244
82	61	1.22309
82	65	1.18468
82	73	1.10433
82	85	1.12621
82	100	1.14819
82	115	1.19102
82	130	0.887316
82	143	0.785104
82	154	0.937939
82	155	0.805751
82	156	0.878655
82	167	0.86084
82	175	0.911915
83	36	1.12623
83	37	0.754393
83	99	1.19078
83	101	1.29397
83	105	1.34103
83	106	1.24411
83	107	1.14388
83	108	1.23719
83	118	1.19831
83	120	0.691136
83	124	1.24211
83	127	1.2072
83	159	0.744862
83	164	0.792193
83	172	0.883657
83	173	0.834572
83	175	0.82342
83	176	0.897754
83	179	1.09245
84	5	1.23232
84	15	1.24303
84	29	1.17372
84	30	1.16681
84	34	1.10055
84	43	1.19085
84	46	1.18011
84	49	1.18824
84	60	1.12361
84	63	1.13581
84	74	1.05738
84	119	0.71465
84	150	0.792819
84	151	0.768547
84	153	0.774335
84	158	1.20658
84	171	0.855473
84	175	0.893378
84	179	0.999663
84	180	1.00875
85	13	1.27771
85	19	1.10723
85	26	1.12497
85	44	1.14182
85	48	1.12944
85	50	1.13428
85	54	1.30182
85	61	1.21247
85	73	1.09372
85	82	1.12621
85	100	1.13757
85	115	1.1804
85	128	0.737425
85	143	0.745349
85	155	0.765995
85	156	0.8389
85	162	0.889714
85	171	0.834254
85	172	0.932397
85	178	1.081
86	66	1.05309
86	68	1.1595
86	93	1.1617
86	102	1.1159
86	125	1.17054
86	129	1.10934
86	131	1.14845
86	132	1.09061
86	133	1.12523
86	134	1.14928
86	136	0.768611
86	138	1.1319
86	140	1.10624
86	151	0.774792
86	153	0.780579
86	154	0.925647
86	158	1.16375
86	165	0.943611
86	175	0.899623
86	179	1.00591
86	180	1.015
87	52	1.25258
87	62	0.666315
87	98	1.43023
87	105	1.36887
87	107	1.17171
87	108	1.26502
87	109	0.725078
87	141	1.28656
87	151	0.725388
87	152	1.23197
87	153	0.731175
87	154	1.1807
87	158	1.29043
87	159	0.771661
87	165	0.894207
87	170	0.743715
87	173	0.861371
87	179	1.12029
88	7	0.782374
88	9	0.738968
88	11	0.800248
88	16	0.989028
88	31	0.675988
88	35	0.707654
88	47	0.78035
88	104	0.726457
88	143	1.23264
88	148	1.18816
88	156	1.15625
88	159	1.19751
88	169	1.17296
88	170	1.21951
88	171	1.13411
88	174	1.11794
88	175	1.10326
88	176	1.06937
88	177	1.04144
88	178	1.01075
88	180	1.03389
89	2	1.21352
89	8	1.12701
89	11	1.17531
89	22	1.23445
89	25	1.07807
89	57	1.03136
89	69	1.18099
89	78	1.00873
89	90	1.07268
89	92	1.20019
89	103	1.14644
89	120	0.756121
89	145	1.12549
89	146	1.09587
89	154	0.91443
89	155	0.782241
89	156	0.855146
89	160	1.02395
89	170	0.781902
89	179	0.99469
89	180	1.00378
90	2	1.25695
90	8	1.17044
90	22	1.27788
90	25	1.1215
90	57	1.07478
90	69	1.22441
90	78	1.05216
90	89	1.07268
90	92	1.24362
90	103	1.18987
90	122	0.732738
90	136	0.73442
90	144	0.881072
90	145	1.16892
90	146	1.1393
90	149	0.956114
90	153	0.746389
90	171	0.827527
90	175	0.865432
90	178	1.07428
91	6	1.00682
91	21	1.11459
91	38	1.18182
91	56	1.07486
91	72	1.22993
91	75	1.22628
91	76	1.15959
91	95	1.05082
91	97	1.14449
91	110	1.12403
91	112	1.00876
91	113	1.091
91	116	1.09102
91	121	1.1842
91	151	0.785706
91	155	0.804373
91	162	0.928092
91	167	0.859462
91	169	0.830528
91	171	0.872632
91	177	1.03201
92	2	1.38446
92	8	1.29796
92	22	1.4054
92	25	1.24901
92	27	0.642202
92	37	0.730361
92	57	1.2023
92	62	0.615484
92	69	1.35193
92	78	1.17968
92	89	1.20019
92	90	1.24362
92	103	1.31738
92	135	0.710289
92	142	0.811821
92	145	1.29644
92	146	1.26682
92	153	0.680345
92	155	0.693224
92	159	0.720831
92	165	0.843376
92	176	0.873722
93	62	0.669037
93	66	1.11529
93	68	1.2217
93	86	1.1617
93	102	1.1781
93	125	1.23274
93	129	1.17153
93	131	1.21064
93	132	1.15281
93	133	1.18742
93	134	1.21147
93	138	1.19409
93	139	0.830464
93	140	1.16844
93	145	0.734176
93	152	1.16749
93	154	0.878965
93	156	0.819681
93	164	0.821714
93	169	0.772932
93	174	0.83458
93	178	1.06179
94	20	1.10708
94	47	1.12818
94	77	1.13407
94	96	1.28865
94	104	1.17269
94	111	1.18917
94	114	1.13951
94	117	1.11912
94	118	1.08579
94	122	0.79436
94	124	1.12958
94	127	1.09467
94	143	0.800244
94	146	1.11732
94	149	1.01774
94	150	0.826495
94	154	0.953079
94	162	0.944609
94	169	0.847046
94	175	0.927055
94	179	0.979925
95	6	0.972734
95	7	1.11618
95	21	1.0805
95	38	1.14773
95	56	1.04077
95	72	1.19584
95	75	1.19219
95	76	1.1255
95	91	1.05082
95	97	1.1104
95	110	1.08994
95	113	1.05691
95	116	1.05693
95	121	1.15011
95	128	0.857903
95	137	1.03468
95	145	0.873873
95	147	0.848467
95	153	0.873595
95	156	0.959378
95	165	1.03663
95	167	0.941563
96	77	1.35057
96	94	1.28865
96	104	1.3892
96	111	1.40568
96	114	1.35602
96	117	1.33563
96	118	1.30229
96	120	0.613925
96	122	0.613515
96	124	1.34609
96	127	1.31118
96	139	0.723732
96	147	0.602038
96	156	0.712949
96	160	0.88175
96	168	0.896748
96	171	0.708304
96	179	1.19643
96	180	0.861583
97	6	1.06641
97	18	0.561763
97	21	1.17417
97	38	1.24141
97	55	0.712721
97	56	1.13445
97	72	1.28952
97	75	1.28587
97	76	1.21918
97	91	1.14449
97	95	1.1104
97	110	1.18361
97	112	0.918933
97	113	1.15058
97	116	1.1506
97	121	1.24378
97	126	0.753591
97	130	0.796116
97	160	0.956256
97	172	0.880953
97	174	0.802354
97	180	0.936089
98	24	0.494453
98	52	1.32994
98	87	1.43023
98	105	1.44623
98	107	1.24908
98	108	1.34238
98	120	0.680617
98	122	0.680207
98	141	1.36392
98	143	0.68609
98	147	0.66873
98	152	1.30933
98	154	1.25806
98	155	0.706737
98	158	1.36779
98	170	0.706397
98	172	0.873139
98	178	1.02175
98	179	1.19765
99	4	1.18207
99	9	1.1646
99	14	1.18289
99	36	1.01981
99	40	1.20554
99	41	1.10805
99	53	1.10808
99	64	1.2411
99	81	1.04331
99	83	1.19078
99	101	1.18755
99	106	1.1377
99	109	1.14501
99	143	1.17576
99	145	0.763862
99	157	0.803895
99	167	0.831552
99	169	0.802618
99	170	0.776124
99	173	0.893779
99	176	0.956961
99	179	0.988912
99	180	0.998002
100	26	1.14694
100	50	1.15626
100	61	1.23445
100	82	1.14819
100	85	1.13757
100	110	1.16135
100	113	1.12831
100	116	1.12833
100	117	1.16282
100	118	1.12949
100	121	1.22152
100	124	1.17328
100	127	1.13837
100	128	0.760718
100	130	0.870854
100	155	0.789289
100	157	0.816721
100	166	0.975965
100	167	0.844378
100	171	0.857548
100	175	0.895453
100	177	1.01693
100	179	1.02363
101	4	1.28525
101	9	1.26778
101	14	1.28608
101	27	0.708887
101	36	1.123
101	40	1.30872
101	41	1.21123
101	53	1.21126
101	81	1.14649
101	83	1.29397
101	99	1.18755
101	106	1.24088
101	109	1.24819
101	119	0.687344
101	126	0.798949
101	143	1.27895
101	144	0.881713
101	148	0.798589
101	151	0.741242
101	155	0.759908
101	164	0.834846
101	170	0.759569
101	174	0.847712
102	27	0.739443
102	35	1.21567
102	66	1.06949
102	86	1.1159
102	93	1.1781
102	125	1.18694
102	129	1.12574
102	130	0.87203
102	131	1.16485
102	132	1.10701
102	133	1.14163
102	134	1.16568
102	137	0.938674
102	138	1.1483
102	140	1.12264
102	144	0.912269
102	146	1.1474
102	147	0.752458
102	153	0.777586
102	158	1.18015
102	163	0.898172
102	166	0.977141
102	171	0.858724
103	2	1.33071
103	8	1.2442
103	11	1.2925
103	22	1.35164
103	25	1.19526
103	57	1.14855
103	69	1.29818
103	78	1.12592
103	89	1.14644
103	90	1.18987
103	92	1.31738
103	120	0.691366
103	126	0.756527
103	128	0.688916
103	144	0.83929
103	145	1.24268
103	146	1.21306
103	147	0.679479
103	150	0.723091
103	168	0.974189
103	169	0.743641
103	176	0.897984
103	179	0.929935
104	47	1.22872
104	77	1.23461
104	88	0.726457
104	94	1.17269
104	96	1.3892
104	109	0.701252
104	111	1.28971
104	114	1.24005
104	117	1.21967
104	118	1.18633
104	124	1.23013
104	126	0.759269
104	127	1.19522
104	146	1.21787
104	157	0.74766
104	162	0.843948
104	165	0.870381
104	167	0.775317
104	169	0.746384
104	177	0.947866
104	179	1.08047
105	52	1.26858
105	65	1.3087
105	83	1.34103
105	87	1.36887
105	98	1.44623
105	107	1.18772
105	108	1.28103
105	109	0.627474
105	128	0.61788
105	141	1.30256
105	144	0.768254
105	152	1.24797
105	154	1.1967
105	158	1.30643
105	161	0.695847
105	162	0.770169
105	164	0.721388
105	166	0.833126
105	173	0.763766
105	177	0.874088
105	178	0.961459
105	179	1.13629
106	4	1.2354
106	9	1.21793
106	14	1.23622
106	36	1.07314
106	40	1.25886
106	41	1.16138
106	53	1.16141
106	64	1.29443
106	81	1.09663
106	83	1.24411
106	99	1.1377
106	101	1.24088
106	109	1.19834
106	130	0.808017
106	136	0.701605
106	143	1.22909
106	145	0.713852
106	151	0.707786
106	156	0.799357
106	160	0.968158
106	161	0.77585
106	164	0.80139
106	166	0.913129
106	178	1.04146
107	11	1.15597
107	13	1.21519
107	52	1.07142
107	64	1.1942
107	65	1.11154
107	83	1.14388
107	87	1.17171
107	98	1.24908
107	105	1.18772
107	108	1.08387
107	130	0.867194
107	141	1.1054
107	143	0.764982
107	152	1.05082
107	154	0.999549
107	158	1.10928
107	159	0.813235
107	160	1.02733
107	163	0.893336
107	166	0.972305
107	172	0.952031
107	174	0.873433
107	176	0.966127
107	179	0.939133
108	11	1.24928
108	52	1.16473
108	64	1.28751
108	65	1.20485
108	83	1.23719
108	87	1.26502
108	98	1.34238
108	105	1.28103
108	107	1.08387
108	141	1.19871
108	143	0.723998
108	147	0.706638
108	148	0.783325
108	152	1.14413
108	154	1.09286
108	158	1.20259
108	161	0.794042
108	168	1.00135
108	169	0.7708
108	170	0.744305
108	171	0.812904
108	174	0.832448
108	178	1.05965
108	179	1.03244
109	1	1.19709
109	2	0.698226
109	14	1.24354
109	20	0.793096
109	39	1.08601
109	40	1.26618
109	43	0.740665
109	51	0.764728
109	59	1.2595
109	79	1.21265
109	87	0.725078
109	99	1.14501
109	101	1.24819
109	104	0.701252
109	105	0.627474
109	106	1.19834
109	121	0.677537
109	131	0.71806
109	140	0.741215
109	141	1.21295
109	171	1.13788
109	174	1.12171
109	175	1.10703
109	178	1.01452
109	180	1.03766
110	6	1.04594
110	7	1.18939
110	18	0.611505
110	21	1.15371
110	38	1.22094
110	56	1.11398
110	72	1.26905
110	75	1.2654
110	76	1.19871
110	91	1.12403
110	95	1.08994
110	97	1.18361
110	100	1.16135
110	113	1.13011
110	116	1.13013
110	121	1.22331
110	149	0.961138
110	150	0.769897
110	156	0.837197
110	157	0.791724
110	163	0.872
110	169	0.790448
110	172	0.930694
110	175	0.870457
110	180	0.985831
111	13	0.540365
111	20	1.22411
111	37	0.709214
111	47	1.2452
111	77	1.25109
111	94	1.18917
111	96	1.40568
111	104	1.28971
111	114	1.25654
111	117	1.23615
111	118	1.20281
111	124	1.24661
111	127	1.2117
111	142	0.790674
111	144	0.79388
111	146	1.23435
111	162	0.795796
111	164	0.747014
111	169	0.698232
111	176	0.852575
111	177	0.899714
111	179	1.09695
111	180	0.893615
112	19	0.921737
112	58	0.917024
112	66	1.05794
112	69	0.866586
112	91	1.00876
112	97	0.918933
112	127	0.938546
112	130	1.0525
112	132	0.960838
112	139	1.04535
112	147	1.14287
112	153	1.13404
112	156	1.04227
112	157	1.04885
112	161	1.0544
112	165	0.983859
112	166	0.967586
112	170	1.10553
112	171	1.02013
112	173	0.986392
112	175	0.989283
112	176	0.955393
112	177	0.927463
112	178	0.896774
112	179	0.928931
112	180	0.919914
113	6	1.01291
113	7	1.15636
113	21	1.12067
113	38	1.18791
113	56	1.08095
113	65	1.1648
113	72	1.23602
113	75	1.23237
113	76	1.16568
113	91	1.091
113	95	1.05691
113	97	1.15058
113	100	1.12831
113	110	1.13011
113	115	0.826781
113	116	1.0971
113	121	1.19028
113	147	0.777522
113	155	0.815529
113	157	0.842961
113	164	0.890466
113	165	0.965681
113	168	1.07223
113	169	0.841684
113	170	0.815189
113	172	0.981931
114	20	1.17445
114	27	0.668578
114	47	1.19554
114	64	1.30236
114	77	1.20143
114	94	1.13951
114	96	1.35602
114	104	1.24005
114	111	1.25654
114	117	1.18649
114	118	1.15315
114	123	0.707151
114	124	1.19695
114	127	1.16204
114	130	0.801164
114	136	0.694752
114	146	1.18469
114	160	0.961305
114	163	0.827307
114	165	0.869752
114	166	0.906276
114	169	0.745755
114	179	1.04729
114	180	0.941138
115	8	0.70077
115	9	0.743992
115	14	0.80798
115	26	1.18977
115	30	0.804797
115	32	0.874816
115	48	1.19424
115	67	0.769143
115	73	1.15852
115	75	0.681955
115	76	0.730697
115	82	1.19102
115	85	1.1804
115	113	0.826781
115	117	1.20565
115	118	1.17232
115	124	1.21611
115	127	1.1812
115	141	0.753884
115	168	1.06785
115	172	1.1122
115	176	1.09292
115	177	1.06499
115	178	1.0343
115	179	1.06645
115	180	1.05744
116	6	1.01293
116	7	1.15638
116	21	1.12069
116	38	1.18793
116	56	1.08097
116	65	1.16482
116	72	1.23604
116	75	1.23239
116	76	1.1657
116	91	1.09102
116	95	1.05693
116	97	1.1506
116	100	1.12833
116	110	1.13013
116	113	1.0971
116	121	1.1903
116	128	0.756515
116	149	0.981932
116	151	0.766419
116	153	0.772206
116	162	0.908805
116	164	0.860023
116	169	0.811241
116	174	0.872889
116	178	1.10009
116	179	0.997534
117	20	1.15406
117	47	1.17516
117	64	1.28197
117	77	1.18105
117	94	1.11912
117	96	1.33563
117	100	1.16282
117	104	1.21967
117	111	1.23615
117	114	1.18649
117	115	1.20565
117	118	1.13277
117	123	0.756857
117	124	1.17656
117	127	1.14165
117	137	0.917514
117	142	0.887903
117	144	0.89111
117	145	0.756705
117	146	1.1643
117	147	0.731299
117	156	0.84221
117	167	0.824394
117	169	0.795461
117	175	0.87547
117	176	0.949804
117	179	1.0269
118	20	1.12072
118	37	0.793606
118	47	1.14182
118	70	1.25203
118	77	1.14771
118	83	1.19831
118	94	1.08579
118	96	1.30229
118	100	1.12949
118	104	1.18633
118	111	1.20281
118	114	1.15315
118	115	1.17232
118	117	1.13277
118	123	0.74402
118	124	1.14322
118	127	1.10831
118	130	0.838033
118	146	1.13097
118	149	0.953315
118	161	0.805866
118	162	0.880188
118	163	0.864176
118	169	0.782624
118	172	0.92287
118	175	0.862633
118	179	0.993569
118	180	0.978007
119	11	0.721455
119	23	0.774848
119	29	0.754362
119	34	0.803836
119	84	0.71465
119	101	0.687344
119	129	0.700861
119	131	0.664472
119	134	0.694165
119	135	1.26066
119	137	1.15768
119	138	0.705698
119	144	1.18197
119	158	0.662913
119	160	1.10419
119	165	1.15834
119	166	1.14207
119	168	1.10481
119	169	1.23347
119	171	1.19462
119	172	1.14916
119	173	1.16088
119	174	1.17845
119	175	1.16377
119	176	1.12988
119	177	1.10195
119	178	1.07126
119	180	1.0944
120	39	0.864592
120	50	0.802751
120	83	0.691136
120	89	0.756121
120	96	0.613925
120	98	0.680617
120	103	0.691366
120	125	0.722876
120	131	0.710916
120	132	0.730336
120	141	0.716512
120	147	1.2951
120	149	1.12288
120	159	1.23577
120	160	1.08195
120	164	1.20753
120	166	1.11982
120	167	1.20244
120	168	1.08256
120	170	1.25777
120	171	1.17237
120	172	1.12691
120	173	1.13863
120	174	1.1562
120	175	1.14152
120	176	1.10763
120	178	1.04901
120	180	1.07215
121	6	1.10611
121	7	1.24956
121	21	1.21388
121	38	1.28111
121	56	1.17415
121	65	1.25801
121	72	1.32922
121	75	1.32557
121	76	1.25888
121	91	1.1842
121	95	1.15011
121	97	1.24378
121	100	1.22152
121	109	0.677537
121	110	1.22331
121	113	1.19028
121	116	1.1903
121	143	0.675867
121	145	0.683912
121	148	0.735194
121	151	0.677846
121	159	0.724119
121	166	0.883189
121	168	0.953216
121	173	0.813829
121	174	0.784317
121	178	1.01152
121	179	0.908962
122	26	0.683699
122	34	0.84987
122	36	0.909287
122	47	0.747592
122	53	0.774574
122	57	0.80151
122	90	0.732738
122	94	0.79436
122	96	0.613515
122	98	0.680207
122	148	1.22468
122	155	1.24097
122	158	0.708947
122	159	1.23404
122	161	1.2049
122	165	1.13436
122	166	1.11809
122	168	1.08083
122	169	1.20949
122	170	1.25603
122	172	1.12518
122	173	1.1369
122	174	1.15446
122	175	1.13979
122	176	1.1059
122	177	1.07797
122	178	1.04728
122	180	1.07042
123	9	0.720291
123	36	0.923368
123	39	0.878263
123	70	0.681179
123	77	0.735636
123	114	0.707151
123	117	0.756857
123	118	0.74402
123	134	0.754281
123	138	0.765814
123	148	1.20069
123	149	1.09715
123	153	1.26054
123	158	0.723029
123	160	1.05622
123	164	1.1818
123	165	1.11037
123	167	1.17671
123	168	1.05683
123	169	1.18549
123	170	1.23204
123	171	1.14664
123	173	1.1129
123	174	1.13047
123	175	1.11579
123	176	1.0819
123	177	1.05397
123	178	1.02328
123	180	1.04642
124	20	1.16452
124	47	1.18561
124	70	1.29582
124	77	1.1915
124	83	1.24211
124	94	1.12958
124	96	1.34609
124	100	1.17328
124	104	1.23013
124	111	1.24661
124	114	1.19695
124	115	1.21611
124	117	1.17656
124	118	1.14322
124	127	1.15211
124	135	0.767582
124	136	0.725669
124	142	0.869114
124	146	1.17476
124	147	0.71251
124	150	0.756121
124	154	0.882705
124	157	0.777949
124	162	0.874236
124	167	0.805606
124	168	1.00722
124	169	0.776672
124	179	1.03736
124	180	0.972055
125	16	1.08785
125	33	1.26285
125	66	1.12413
125	68	1.23054
125	86	1.17054
125	93	1.23274
125	102	1.18694
125	120	0.722876
125	129	1.18037
125	130	0.83056
125	131	1.21948
125	132	1.16165
125	133	1.19626
125	134	1.22032
125	138	1.20294
125	140	1.17728
125	145	0.736395
125	146	1.20204
125	148	0.787676
125	151	0.730329
125	152	1.17633
125	158	1.23479
125	159	0.776602
125	165	0.899148
125	170	0.748656
125	174	0.836799
125	175	0.85516
125	176	0.929494
125	177	0.976633
126	15	0.802989
126	16	1.02184
126	17	0.758026
126	33	0.754236
126	66	0.892598
126	79	0.790682
126	97	0.753591
126	101	0.798949
126	103	0.756527
126	104	0.759269
126	146	0.807353
126	149	1.07874
126	151	1.2118
126	156	1.15037
126	160	1.03781
126	162	1.10073
126	163	1.12951
126	164	1.16339
126	167	1.15831
126	168	1.03843
126	169	1.16709
126	170	1.21363
126	172	1.08278
126	173	1.0945
126	174	1.11206
126	175	1.09739
126	176	1.0635
126	177	1.03557
126	178	1.00488
126	180	1.02802
127	20	1.12961
127	45	0.594618
127	47	1.1507
127	64	1.25752
127	70	1.26091
127	77	1.15659
127	80	0.737011
127	83	1.2072
127	94	1.09467
127	96	1.31118
127	100	1.13837
127	104	1.19522
127	111	1.2117
127	112	0.938546
127	114	1.16204
127	115	1.1812
127	117	1.14165
127	118	1.10831
127	124	1.15211
127	146	1.13985
127	154	0.866353
127	155	0.734164
127	169	0.760319
127	172	0.900566
127	173	0.85148
127	174	0.821968
127	175	0.840328
127	176	0.914662
127	177	0.961802
127	179	1.00245
128	14	0.768156
128	21	0.793939
128	63	0.814734
128	64	0.664764
128	67	0.72932
128	85	0.737425
128	95	0.857903
128	100	0.760718
128	103	0.688916
128	105	0.61788
128	116	0.756515
128	135	1.25256
128	137	1.14958
128	148	1.24057
128	149	1.13702
128	152	0.705648
128	156	1.20866
128	162	1.15901
128	167	1.21659
128	168	1.09671
128	169	1.22537
128	170	1.27192
128	171	1.18652
128	173	1.15278
128	174	1.17035
128	175	1.15567
128	176	1.12178
128	177	1.09385
128	178	1.06316
128	180	1.0863
129	16	1.02665
129	33	1.20165
129	35	1.2091
129	66	1.06293
129	68	1.16933
129	86	1.10934
129	93	1.17153
129	102	1.12574
129	119	0.700861
129	125	1.18037
129	131	1.15828
129	132	1.10044
129	133	1.13506
129	134	1.15911
129	136	0.748578
129	138	1.14173
129	140	1.11608
129	141	1.16971
129	145	0.760824
129	146	1.14083
129	150	0.77903
129	152	1.11512
129	153	0.760546
129	158	1.17358
129	160	1.01513
129	165	0.923578
129	168	1.03013
129	173	0.890741
129	174	0.861229
129	176	0.953924
129	177	1.00106
130	64	0.774899
130	82	0.887316
130	97	0.796116
130	100	0.870854
130	102	0.87203
130	106	0.808017
130	107	0.867194
130	112	1.0525
130	114	0.801164
130	118	0.838033
130	125	0.83056
130	137	1.06554
130	146	0.849878
130	148	1.15653
130	149	1.05298
130	153	1.21638
130	159	1.16588
130	160	1.01205
130	163	1.10375
130	165	1.0662
130	167	1.13255
130	169	1.14133
130	170	1.18787
130	171	1.10248
130	172	1.05702
130	173	1.06874
130	175	1.07163
130	176	1.03774
130	177	1.00981
130	178	0.979119
130	180	1.00226
131	16	1.06576
131	18	0.584249
131	33	1.24076
131	35	1.24821
131	66	1.10203
131	68	1.20844
131	80	0.739883
131	86	1.14845
131	93	1.21064
131	102	1.16485
131	109	0.71806
131	119	0.664472
131	120	0.710916
131	125	1.21948
131	129	1.15828
131	132	1.13955
131	133	1.17417
131	134	1.19822
131	138	1.18084
131	140	1.15519
131	141	1.20882
131	146	1.17994
131	148	0.775717
131	152	1.15423
131	154	0.869225
131	158	1.21269
131	162	0.860755
131	164	0.811973
131	165	0.887188
131	167	0.792125
131	178	1.05204
131	179	0.949485
132	11	1.20155
132	16	1.00792
132	33	1.18292
132	35	1.19038
132	66	1.0442
132	68	1.15061
132	70	1.24317
132	86	1.09061
132	93	1.15281
132	102	1.10701
132	112	0.960838
132	120	0.730336
132	125	1.16165
132	129	1.10044
132	131	1.13955
132	133	1.11633
132	134	1.14039
132	135	0.77352
132	138	1.12301
132	140	1.09735
132	141	1.15098
132	142	0.875053
132	143	0.735809
132	146	1.12211
132	152	1.0964
132	158	1.15486
132	165	0.906608
132	169	0.782611
132	173	0.873772
132	174	0.844259
132	175	0.86262
132	176	0.936954
132	178	1.07146
132	180	0.977994
133	16	1.04254
133	33	1.21754
133	35	1.22499
133	37	1.12661
133	66	1.07881
133	68	1.18522
133	86	1.12523
133	93	1.18742
133	102	1.14163
133	125	1.19626
133	129	1.13506
133	131	1.17417
133	132	1.11633
133	134	1.175
133	135	0.760825
133	138	1.15762
133	140	1.13197
133	141	1.1856
133	142	0.862357
133	143	0.723113
133	144	0.865564
133	146	1.15672
133	152	1.13101
133	158	1.18947
133	161	0.793157
133	162	0.867479
133	171	0.812019
133	172	0.910162
133	173	0.861076
133	174	0.831564
133	176	0.924258
133	178	1.05877
133	180	0.965298
134	16	1.06659
134	33	1.24159
134	35	1.24904
134	66	1.10287
134	68	1.20927
134	86	1.14928
134	93	1.21147
134	102	1.16568
134	119	0.694165
134	123	0.754281
134	125	1.22032
134	129	1.15911
134	131	1.19822
134	132	1.14039
134	133	1.175
134	138	1.18167
134	140	1.15602
134	141	1.20965
134	145	0.754128
134	146	1.18077
134	147	0.728723
134	150	0.772334
134	152	1.15506
134	158	1.21352
134	159	0.794336
134	160	1.00843
134	163	0.874436
134	164	0.841667
134	165	0.916882
134	170	0.76639
134	171	0.834989
134	180	0.988268
135	28	0.738768
135	46	0.731126
135	49	0.824526
135	54	0.69617
135	70	0.710692
135	74	0.917411
135	78	0.857482
135	92	0.710289
135	119	1.26066
135	124	0.767582
135	128	1.25256
135	132	0.77352
135	133	0.760825
135	144	1.1235
135	150	1.21785
135	152	0.751283
135	154	1.10537
135	155	1.20649
135	157	1.16487
135	158	0.752542
135	161	1.17041
135	162	1.10864
135	163	1.13743
135	166	1.0836
135	170	1.22155
135	171	1.13615
135	172	1.09069
135	173	1.10241
135	174	1.11998
135	175	1.1053
135	176	1.07141
135	177	1.04348
135	178	1.01279
135	180	1.03593
136	2	0.692354
136	46	0.689213
136	81	0.820532
136	86	0.768611
136	90	0.73442
136	106	0.701605
136	114	0.694752
136	124	0.725669
136	129	0.748578
136	140	0.735344
136	141	0.717784
136	146	0.743465
136	150	1.24979
136	151	1.25166
136	155	1.23843
136	157	1.19681
136	158	0.710629
136	159	1.2315
136	161	1.20236
136	163	1.16937
136	165	1.13182
136	166	1.11555
136	167	1.19817
136	168	1.07829
136	171	1.1681
136	172	1.12264
136	173	1.13436
136	174	1.15192
136	175	1.13725
136	176	1.10336
136	177	1.07543
136	178	1.04474
136	180	1.06788
137	1	0.888965
137	23	0.995621
137	41	0.833291
137	44	0.883482
137	54	0.827314
137	56	0.945883
137	67	0.9061
137	95	1.03468
137	102	0.938674
137	117	0.917514
137	119	1.15768
137	128	1.14958
137	130	1.06554
137	138	0.926471
137	144	1.02052
137	148	1.08722
137	153	1.14707
137	155	1.10351
137	156	1.05531
137	160	0.942746
137	162	1.00566
137	164	1.06833
137	165	0.996895
137	166	0.980622
137	167	1.06324
137	168	0.943362
137	170	1.11857
137	171	1.03317
137	172	0.987709
137	173	0.999428
137	175	1.00232
137	176	0.968429
137	177	0.940499
137	180	0.93295
138	13	0.64655
138	16	1.04921
138	33	1.22421
138	35	1.23166
138	37	1.13329
138	66	1.08549
138	68	1.19189
138	70	1.28446
138	86	1.1319
138	93	1.19409
138	102	1.1483
138	119	0.705698
138	123	0.765814
138	125	1.20294
138	129	1.14173
138	131	1.18084
138	132	1.12301
