1	32	0.913382
1	48	0.958553
1	56	0.926632
1	60	0.935796
1	63	0.902836
1	69	1.30862
1	78	0.948046
1	80	1.15111
1	115	0.952239
1	117	1.15356
1	142	0.932013
1	170	0.930498
2	59	1.17015
2	148	0.915403
2	149	1.19887
2	152	0.928654
2	161	0.93456
2	169	0.939223
2	171	0.935794
2	176	0.937044
2	177	0.92735
2	178	0.941964
2	179	0.94002
2	180	1.22828
3	51	0.90968
3	124	0.934851
3	146	1.04981
3	154	1.04271
3	155	0.876205
3	156	1.06241
3	161	1.04739
3	162	0.869873
3	176	1.04987
3	177	1.04018
3	178	1.05479
3	179	1.05285
4	84	0.92545
4	129	0.932421
4	134	1.05342
4	147	1.04573
4	152	0.867396
4	158	1.05187
4	167	1.04796
4	168	1.05048
4	174	1.05859
4	175	1.04661
4	176	0.876295
4	180	1.04535
5	111	0.943872
5	133	0.841521
5	155	1.05288
5	157	0.937581
5	159	1.04752
5	165	1.05622
5	167	1.04902
5	172	1.04269
5	173	1.04562
5	174	1.05965
5	176	0.879179
5	180	1.04641
6	29	1.03754
6	36	0.999569
6	89	1.02475
6	96	1.05323
6	102	1.07407
6	106	1.06102
6	114	1.0655
6	119	1.08433
6	153	0.952864
6	163	0.877471
6	170	0.933316
6	174	0.843496
7	8	0.878331
7	35	0.996338
7	52	0.929853
7	60	0.934686
7	78	0.946936
7	85	0.914542
7	133	0.939014
7	142	0.930903
7	151	1.1799
7	153	1.24023
7	170	0.929388
7	171	1.18738
8	7	0.878331
8	60	0.94564
8	84	0.925331
8	93	0.956809
8	121	0.936212
8	134	0.943624
8	136	1.21166
8	164	1.18507
8	167	0.938169
8	170	0.940341
8	177	1.20678
8	180	0.93555
9	55	0.924377
9	112	0.948215
9	138	0.844258
9	147	1.0468
9	154	0.88709
9	159	1.04753
9	160	1.06702
9	165	1.05623
9	172	1.0427
9	173	1.04563
9	175	1.04768
9	180	1.04642
10	113	0.921724
10	122	0.938971
10	154	0.882295
10	159	1.04502
10	160	1.0645
10	165	1.05371
10	167	1.04652
10	168	1.04904
10	171	0.861542
10	172	1.04019
10	174	1.05714
10	180	1.0439
11	97	0.934744
11	129	0.934414
11	131	0.870995
11	132	1.03523
11	134	1.0586
11	159	1.05165
11	161	0.863737
11	168	1.05566
11	172	1.04681
11	173	1.04974
11	175	1.05179
11	180	1.05053
12	44	1.0693
12	68	0.977154
12	110	0.913185
12	116	1.06441
12	147	1.04134
12	155	1.04743
12	161	0.85151
12	173	1.04017
12	174	1.05419
12	175	1.04222
12	179	0.862239
12	180	1.04095
13	22	1.04588
13	26	1.03754
13	36	1.00427
13	89	1.02945
13	96	1.05793
13	106	1.06572
13	114	1.0702
13	119	1.08903
13	138	0.88931
13	170	0.944682
13	172	0.871894
13	178	0.898824
14	45	1.14467
14	60	1.19859
14	89	1.2332
14	121	0.920863
14	149	0.938022
14	160	0.940807
14	162	0.936728
14	174	0.933442
14	176	0.93889
14	177	0.929195
14	179	0.941865
14	180	0.920202
15	39	0.807103
15	44	0.873572
15	139	0.935515
15	143	1.04146
15	150	0.97884
15	164	1.03623
15	169	1.05604
15	171	1.05262
15	176	1.05387
15	177	1.04417
15	178	1.05879
15	179	1.05684
16	36	0.954194
16	51	0.999941
16	65	0.849461
16	71	1.06176
16	89	0.979374
16	96	1.00785
16	106	1.01564
16	114	1.02013
16	117	1.02215
16	119	1.03895
16	165	0.964991
16	170	1.05938
16	179	1.02899
17	45	1.03102
17	53	1.0035
17	54	1.00269
17	58	0.953511
17	61	1.00739
17	75	1.03675
17	135	1.03097
17	142	1.00838
17	150	0.985613
17	151	1.00605
17	162	1.0186
17	163	0.976048
17	175	0.942513
18	91	0.974822
18	95	1.02262
18	102	1.03204
18	106	1.01899
18	110	1.02002
18	119	1.0423
18	121	1.00756
18	132	0.991601
18	156	0.945346
18	171	0.966173
18	172	1.00318
18	176	0.972901
18	180	1.0069
19	35	1.07075
19	52	1.00427
19	60	1.0091
19	63	0.976142
19	78	1.02135
19	83	1.00759
19	90	0.981433
19	115	1.02554
19	148	1.02597
19	151	0.961401
19	167	0.948412
19	170	1.0038
19	171	0.968884
20	144	1.02065
20	145	1.01135
20	155	0.987718
20	161	1.00578
20	166	1.02394
20	168	0.971068
20	171	1.00702
20	175	0.967546
20	176	1.00827
20	177	0.998574
20	178	1.01319
20	179	1.01124
20	180	0.971282
21	49	1.00868
21	55	1.03275
21	73	1.02493
21	84	0.995106
21	91	0.973249
21	95	1.02105
21	105	1.02647
21	107	1.02788
21	121	1.00599
21	133	1.01974
21	162	1.02185
21	174	0.918185
21	180	0.922362
22	13	1.04588
22	70	1.12695
22	71	1.03227
22	89	0.949889
22	96	0.978368
22	106	0.98616
22	114	0.990644
22	119	1.00947
22	142	0.980375
22	159	0.96141
22	170	1.03848
22	175	0.949098
22	180	0.952835
23	86	0.901145
23	87	0.946272
23	118	1.00473
23	157	0.996154
23	159	1.0428
23	161	1.01513
23	164	0.999976
23	170	1.00372
23	171	1.01637
23	176	1.01762
23	177	1.00792
23	178	1.02254
23	179	1.02059
24	119	0.878155
24	139	1.01052
24	147	1.00821
24	157	1.04515
24	158	1.01435
24	159	1.00894
24	164	0.994191
24	168	1.01296
24	173	1.00704
24	174	1.02107
24	175	1.00909
24	179	0.982928
24	180	1.00783
25	124	1.09177
25	128	1.04082
25	135	0.961086
25	154	0.974373
25	161	0.979045
25	166	0.997204
25	169	0.983708
25	171	0.980279
25	172	1.02954
25	173	1.03546
25	176	0.981529
25	177	0.971835
25	178	0.986449
25	179	0.984505
26	13	1.03754
26	29	0.954336
26	46	1.00362
26	51	0.962114
26	71	1.02393
26	89	0.941547
26	96	0.970026
26	106	0.977818
26	114	0.982302
26	119	1.00113
26	150	0.949261
26	151	1.06023
26	161	1.05989
26	164	1.08188
27	34	0.957947
27	141	1.06958
27	148	0.963734
27	156	0.997914
27	157	0.963913
27	159	1.0906
27	161	0.98289
27	164	0.967735
27	171	0.984125
27	175	1.07828
27	176	0.985375
27	177	0.975681
27	178	0.990295
27	179	0.988351
28	45	0.995876
28	50	1.08546
28	53	0.968355
28	54	0.967544
28	61	0.972242
28	62	0.973997
28	75	1.00161
28	82	1.04371
28	109	1.03893
28	125	0.984679
28	133	0.98135
28	151	0.9709
28	162	0.983459
28	170	1.05313
29	6	1.03754
29	26	0.954336
29	51	0.966813
29	89	0.946246
29	106	0.982517
29	114	0.987001
29	117	0.989025
29	119	1.00583
29	137	1.06156
29	142	0.976732
29	150	0.95396
29	151	1.06088
29	163	1.04581
29	173	1.03479
30	46	0.990821
30	129	1.11777
30	147	0.974805
30	152	1.05274
30	155	0.980896
30	160	0.995024
30	165	0.984229
30	167	0.977037
30	168	0.979556
30	172	0.970704
30	174	0.987659
30	175	0.975686
30	178	1.04235
30	180	0.974419
31	86	1.03867
31	140	1.06597
31	147	0.971131
31	155	0.977223
31	166	1.01591
31	167	0.973364
31	168	0.975883
31	169	1.03522
31	172	0.967031
31	173	0.96996
31	174	0.983986
31	175	0.972013
31	177	1.08773
31	180	0.970745
32	1	0.913382
32	35	1.04123
32	48	1.00234
32	58	1.03628
32	60	0.979581
32	63	0.946622
32	78	0.991831
32	83	0.978067
32	125	0.987238
32	133	0.983909
32	142	0.975798
32	161	1.07354
32	169	1.06473
32	180	1.02902
33	49	0.976379
33	77	0.983847
33	84	0.962807
33	91	0.940951
33	93	0.994285
33	95	0.988749
33	105	0.99417
33	107	0.995585
33	115	1.04883
33	117	0.989691
33	121	0.973688
33	162	0.989552
33	173	1.05081
33	177	1.12027
34	27	0.957947
34	97	0.929961
34	98	1.04414
34	131	0.866212
34	140	0.880891
34	150	1.03209
34	155	1.05503
34	158	1.05508
34	163	1.0609
34	172	1.04484
34	173	1.04777
34	174	1.06179
34	175	1.04982
34	179	0.869683
34	180	1.04855
35	7	0.996338
35	19	1.07075
35	32	1.04123
35	48	1.0864
35	56	1.05448
35	60	1.06365
35	63	1.03069
35	82	0.914911
35	83	1.06213
35	90	1.03598
35	153	0.943886
35	156	0.870218
35	170	1.05835
35	173	0.857466
35	177	0.926923
36	6	0.999569
36	13	1.00427
36	16	0.954194
36	51	0.928844
36	69	1.1782
36	71	0.990662
36	89	0.908278
36	96	0.936756
36	106	0.944549
36	114	0.949032
36	119	0.967858
36	143	1.12049
36	150	0.915991
36	170	1.15113
36	175	1.06175
37	93	1.08253
37	100	0.935322
37	146	1.14952
37	152	1.1418
37	155	0.955836
37	160	0.969964
37	162	0.965885
37	163	0.961705
37	168	0.954496
37	169	1.12734
37	172	0.945645
37	173	0.948573
37	174	0.962599
37	175	0.950627
37	180	0.949359
38	131	0.972508
38	142	1.1203
38	144	0.966633
38	156	0.966795
38	157	0.932794
38	164	0.936616
38	167	1.1407
38	169	0.956435
38	171	0.953006
38	173	1.1276
38	176	0.954256
38	177	0.944562
38	178	0.959175
38	179	0.957232
38	180	1.10882
39	15	0.807103
39	52	0.911185
39	110	0.950845
39	139	1.04831
39	153	1.04119
39	160	1.06622
39	165	1.05543
39	168	1.05076
39	172	1.04191
39	173	1.04483
39	174	1.05886
39	175	1.04689
39	177	0.932872
39	179	0.8999
39	180	1.04562
40	64	0.985155
40	100	1.03371
40	141	1.047
40	156	0.867538
40	163	1.0601
40	165	1.05756
40	166	0.85242
40	168	1.05289
40	172	1.04404
40	173	1.04696
40	174	1.06099
40	175	1.04902
40	177	0.924242
40	178	0.8758
40	180	1.04775
41	102	1.06544
41	105	1.12727
41	135	0.937335
41	140	0.946554
41	152	0.949387
41	154	0.950621
41	156	0.970317
41	169	0.959956
41	171	0.956527
41	172	1.15984
41	174	1.1428
41	176	0.957778
41	177	0.948084
41	178	0.962697
41	179	0.960754
42	130	0.935693
42	142	0.982727
42	144	1.02989
42	149	0.941837
42	152	1.00912
42	156	1.03005
42	157	0.996049
42	161	1.01503
42	165	0.9625
42	166	1.03319
42	168	0.971034
42	169	1.01969
42	171	1.01626
42	177	1.00782
42	178	1.02243
42	179	1.02049
43	86	0.871012
43	127	0.994131
43	130	0.968535
43	146	1.02231
43	148	1.00073
43	152	1.01398
43	154	1.01522
43	157	1.00091
43	160	0.956783
43	166	1.03805
43	171	1.02112
43	176	1.02237
43	177	1.01268
43	178	1.02729
43	179	1.02535
43	180	1.00409
44	12	1.0693
44	15	0.873572
44	101	0.992667
44	127	1.01373
44	130	1.04358
44	135	0.995837
44	148	1.02055
44	158	1.01669
44	159	1.01129
44	168	1.01531
44	171	0.963464
44	172	1.00645
44	173	1.00938
44	175	1.01144
44	178	0.950899
44	180	1.01017
45	14	1.14467
45	17	1.03102
45	28	0.995876
45	53	1.01218
45	54	1.01137
45	61	1.01607
45	62	1.01782
45	75	1.04543
45	85	1.0007
45	109	0.926642
45	115	0.871989
45	133	1.02518
45	142	1.01707
45	146	0.913103
45	153	0.960396
45	162	1.02729
46	26	1.00362
46	30	0.990821
46	103	0.982623
46	140	1.01231
46	146	1.02347
46	157	1.00207
46	158	0.923072
46	159	0.935334
46	166	1.03921
46	169	1.02571
46	171	1.02228
46	173	0.945531
46	176	1.02353
46	177	1.01384
46	178	1.02845
46	179	1.02651
47	66	1.09258
47	129	0.920303
47	133	1.26873
47	140	0.925483
47	141	1.23487
47	144	0.949084
47	145	0.939785
47	146	0.936646
47	154	0.92955
47	157	0.915244
47	160	1.2
47	169	0.938885
47	176	0.936707
47	177	0.927012
47	178	0.941626
47	179	0.939683
48	1	0.958553
48	32	1.00234
48	35	1.0864
48	52	1.01992
48	56	1.01559
48	60	1.02475
48	63	0.991792
48	78	1.037
48	83	1.02324
48	109	1.00438
48	117	0.890589
48	142	1.02097
48	146	0.990838
48	151	0.977808
48	155	0.949375
48	170	1.01945
49	21	1.00868
49	33	0.976379
49	77	0.995991
49	84	0.974951
49	91	0.953094
49	93	1.00643
49	95	1.00089
49	105	1.00631
49	107	1.00773
49	115	1.01365
49	117	0.954517
49	121	0.985831
49	128	1.021
49	149	1.00299
49	151	1.04174
49	153	0.980736
49	170	1.08251
50	28	1.08546
50	70	0.813464
50	85	1.11645
50	93	1.00416
50	107	1.00546
50	119	1.00696
50	121	0.983562
50	140	0.990364
50	142	1.06795
50	153	0.978467
50	158	0.989427
50	167	0.985519
50	173	0.982115
50	176	1.00159
50	177	0.991894
50	179	1.00456
50	180	0.9829
51	3	0.90968
51	16	0.999941
51	26	0.962114
51	29	0.966813
51	36	0.928844
51	70	1.13109
51	71	1.03641
51	85	0.968148
51	89	0.954024
51	96	0.982503
51	109	1.05985
51	114	0.994779
51	115	1.0052
51	119	1.01361
51	150	0.961738
51	153	1.0936
51	176	1.04749
52	7	0.929853
52	19	1.00427
52	39	0.911185
52	48	1.01992
52	56	0.987997
52	60	0.997162
52	63	0.964202
52	78	1.00941
52	83	0.995647
52	108	0.996889
52	125	1.00482
52	128	1.02917
52	133	1.00149
52	142	0.993379
52	153	1.11023
52	170	0.991863
52	171	1.05739
53	17	1.0035
53	28	0.968355
53	45	1.01218
53	54	0.983851
53	61	0.988549
53	75	1.01791
53	85	0.973184
53	133	0.997657
53	146	1.00888
53	149	1.00106
53	150	0.966774
53	151	0.987206
53	153	1.05617
53	162	0.999766
53	170	1.03663
53	173	0.969753
53	177	1.03921
54	17	1.00269
54	28	0.967544
54	45	1.01137
54	53	0.983851
54	61	0.987738
54	62	0.989493
54	75	1.0171
54	109	1.05832
54	115	1.00367
54	125	1.00017
54	142	0.988734
54	150	0.965962
54	151	0.986395
54	159	0.995462
54	162	0.998954
54	170	1.07253
54	175	0.98315
55	9	0.924377
55	21	1.03275
55	135	0.979622
55	137	1.09444
55	140	0.988841
55	145	1.00314
55	148	0.978424
55	152	0.991675
55	157	0.978603
55	160	1.00158
55	164	0.982425
55	171	0.998815
55	175	1.04515
55	176	1.00007
55	177	0.990371
55	178	1.00498
55	179	1.00304
56	1	0.926632
56	35	1.05448
56	48	1.01559
56	52	0.987997
56	63	0.959871
56	78	1.00508
56	83	0.991316
56	85	0.972686
56	115	1.00927
56	125	1.00049
56	142	0.989048
56	147	1.02473
56	153	1.0947
56	155	1.00595
56	158	0.985826
56	168	0.989298
56	170	0.987532
57	95	1.01923
57	122	0.959839
57	130	0.956956
57	138	1.00103
57	145	0.999723
57	147	1.02773
57	148	0.975003
57	150	1.07039
57	154	0.989488
57	163	1.02231
57	164	0.979004
57	166	1.01232
57	169	0.998823
57	176	0.996644
57	177	0.98695
57	178	1.00156
57	179	0.99962
58	17	0.953511
58	32	1.03628
58	91	1.11444
58	96	0.983604
58	114	0.99588
58	119	1.01471
58	121	1.02473
58	133	0.967183
58	142	0.985611
58	163	0.991651
58	173	0.978519
58	175	0.980573
58	176	0.997993
58	177	0.988299
58	178	1.00291
58	179	1.00097
58	180	0.979305
59	2	1.17015
59	82	0.993552
59	85	0.940343
59	90	1.01337
59	122	1.01015
59	137	0.980454
59	147	0.98799
59	158	0.994131
59	160	1.00821
59	165	0.997415
59	167	0.990223
59	172	0.98389
59	173	0.986819
59	174	1.00084
59	175	0.988872
59	177	0.968598
59	180	0.987604
60	1	0.935796
60	7	0.934686
60	8	0.94564
60	14	1.19859
60	19	1.0091
60	32	0.979581
60	35	1.06365
60	48	1.02475
60	52	0.997162
60	78	1.01425
60	82	0.98534
60	83	1.00048
60	109	0.980561
60	142	0.998212
60	153	1.01432
60	163	0.938922
60	170	0.996697
61	17	1.00739
61	28	0.972242
61	45	1.01607
61	53	0.988549
61	54	0.987738
61	62	0.994191
61	75	1.0218
61	85	0.977071
61	90	0.969547
61	109	1.0323
61	137	1.00641
61	150	0.970661
61	151	0.991093
61	153	1.06605
61	162	1.00365
61	170	1.0465
61	180	0.960861
62	28	0.973997
62	45	1.01782
62	54	0.989493
62	61	0.994191
62	67	1.11793
62	69	0.966471
62	85	0.978826
62	117	0.941783
62	118	0.954642
62	125	1.00663
62	142	0.995187
62	149	1.0067
62	150	0.972415
62	151	0.992848
62	162	1.00541
62	170	1.06978
62	178	1.02392
63	1	0.902836
63	19	0.976142
63	32	0.946622
63	35	1.03069
63	48	0.991792
63	52	0.964202
63	56	0.959871
63	66	0.88106
63	78	0.981285
63	83	0.967521
63	97	1.15132
63	125	0.976692
63	133	0.973363
63	142	0.965252
63	148	1.14522
63	153	1.14098
63	170	0.963737
63	171	1.08814
64	40	0.985155
64	100	1.13012
64	127	1.07768
64	131	0.985935
64	144	0.98006
64	156	0.980222
64	157	0.946221
64	161	0.965198
64	163	1.11744
64	166	0.983357
64	169	0.969862
64	170	0.953786
64	171	0.966433
64	176	0.967683
64	177	0.957989
64	178	0.972603
64	179	0.970659
64	180	1.08764
65	16	0.849461
65	88	0.92865
65	118	1.05646
65	129	0.929427
65	131	0.866008
65	134	1.05451
65	135	0.898947
65	141	1.04569
65	157	0.931702
65	158	1.05296
65	159	1.04756
65	167	1.04906
65	168	1.05157
65	172	1.04272
65	173	1.04565
65	174	1.05968
65	175	1.04771
65	180	1.04644
66	47	1.09258
66	63	0.88106
66	112	0.917999
66	131	0.835556
66	136	0.87688
66	141	1.04446
66	155	1.05168
66	159	1.04632
66	160	1.06581
66	163	1.05755
66	166	0.800177
66	167	1.04782
66	168	1.05034
66	172	1.04149
66	173	1.04442
66	174	1.05844
66	175	1.04647
66	180	1.0452
67	62	1.11793
67	92	0.925251
67	127	1.06233
67	138	0.981307
67	143	0.964514
67	148	0.95528
67	149	1.04288
67	152	0.96853
67	158	1.06861
67	161	0.974436
67	164	0.959281
67	166	0.992595
67	167	1.10417
67	169	0.979099
67	171	0.97567
67	176	0.976921
67	177	0.967227
67	179	0.979897
68	12	0.977154
68	97	0.955957
68	103	0.938814
68	118	1.07918
68	122	0.942918
68	129	0.96332
68	136	0.959206
68	140	0.9685
68	148	0.958083
68	156	0.992263
68	158	1.10498
68	166	0.995398
68	168	1.10846
68	171	0.978473
68	173	1.12744
68	176	0.979724
68	178	0.984643
68	179	0.9827
69	1	1.30862
69	36	1.1782
69	62	0.966471
69	70	0.808198
69	89	1.05644
69	106	1.03369
69	125	0.977153
69	139	0.962097
69	149	0.977227
69	150	0.942941
69	160	0.980012
69	164	0.960455
69	171	0.976844
69	174	0.972647
69	175	0.960675
69	178	0.983014
69	179	0.98107
69	180	0.959407
70	22	1.12695
70	50	0.813464
70	51	1.13109
70	69	0.808198
70	71	1.1929
70	89	1.11052
70	96	1.139
70	102	1.15984
70	106	1.14679
70	114	1.15127
70	117	1.1533
70	119	1.1701
70	146	0.753391
70	150	1.11823
70	153	0.800684
70	163	0.725291
70	167	0.727372
70	170	0.781136
71	16	1.06176
71	22	1.03227
71	26	1.02393
71	36	0.990662
71	51	1.03641
71	70	1.1929
71	89	1.01584
71	96	1.04432
71	114	1.0566
71	119	1.07542
71	142	1.04633
71	147	0.880384
71	150	1.02356
71	151	0.890032
71	153	0.950355
71	167	0.877043
71	169	0.880879
71	170	0.930808
72	76	1.02778
72	112	1.16701
72	118	0.973094
72	123	1.04036
72	137	0.955918
72	140	1.09925
72	155	0.969546
72	158	0.969595
72	160	0.983674
72	163	0.975415
72	165	0.972879
72	167	0.965688
72	168	0.968206
72	173	0.962283
72	174	0.976309
72	175	0.964337
72	178	1.07257
72	180	0.963069
73	21	1.02493
73	99	1.09849
73	132	0.951229
73	137	0.959375
73	147	0.966912
73	154	1.11417
73	158	0.973052
73	160	0.987131
73	161	1.08559
73	163	0.978872
73	167	0.969144
73	168	0.971663
73	172	0.962811
73	173	0.96574
73	174	0.979766
73	175	0.967793
73	178	1.08085
73	180	0.966526
74	91	1.03876
74	98	1.01404
74	101	1.00095
74	126	1.03459
74	127	1.02201
74	130	1.05186
74	146	0.927985
74	148	0.97952
74	158	1.02498
74	161	0.914613
74	165	1.02826
74	166	0.886493
74	167	1.02107
74	172	1.01473
74	173	1.01766
74	174	1.03169
74	175	1.01972
74	177	0.958314
74	180	1.01845
75	17	1.03675
75	28	1.00161
75	45	1.04543
75	53	1.01791
75	54	1.0171
75	61	1.0218
75	81	0.951288
75	85	1.00643
75	125	1.03424
75	133	1.03091
75	136	0.969672
75	149	1.03431
75	150	1.00002
75	151	1.02046
75	157	0.994042
75	162	1.03302
75	170	0.962206
75	173	0.895334
75	176	0.93564
76	72	1.02778
76	79	1.01797
76	92	0.981674
76	116	0.884143
76	136	1.01283
76	139	0.968051
76	143	1.02094
76	144	1.04572
76	154	1.02619
76	157	1.01188
76	159	0.942072
76	162	0.943599
76	164	1.0157
76	169	1.03552
76	174	0.929319
76	176	1.03334
76	177	1.02365
76	178	1.03826
76	179	1.03632
77	33	0.983847
77	49	0.995991
77	80	0.92175
77	84	0.982418
77	91	0.960562
77	93	1.0139
77	95	1.00836
77	102	1.01778
77	103	1.10514
77	105	1.01378
77	107	1.0152
77	121	0.993299
77	126	0.968887
77	133	1.00705
77	149	1.01046
77	153	0.988204
77	162	1.00916
77	163	0.996346
77	170	1.05219
77	174	0.962371
78	1	0.948046
78	7	0.946936
78	19	1.02135
78	32	0.991831
78	48	1.037
78	52	1.00941
78	56	1.00508
78	60	1.01425
78	63	0.981285
78	80	0.96796
78	83	1.01273
78	85	0.9941
78	108	1.00461
78	117	0.970408
78	133	1.01857
78	142	1.01046
78	162	1.02286
78	168	1.01254
78	170	1.00895
78	172	1.02561
79	76	1.01797
79	104	1.04627
79	108	0.976271
79	112	0.968435
79	145	1.0069
79	148	0.982182
79	152	0.995432
79	161	1.00134
79	164	0.986183
79	166	1.0195
79	167	1.0163
79	169	1.006
79	171	1.00257
79	172	0.997279
79	174	0.980247
79	175	0.980687
79	176	1.00382
79	177	0.994129
79	178	1.00874
79	179	1.0068
80	1	1.15111
80	77	0.92175
80	78	0.96796
80	91	1.06238
80	95	0.920425
80	121	0.972675
80	133	1.0044
80	142	0.996292
80	149	1.00781
80	151	0.993952
80	162	1.00651
80	167	0.992604
80	168	0.995123
80	173	0.9892
80	175	0.991253
80	176	1.00867
80	177	0.998979
80	178	1.01359
80	179	1.01165
80	180	0.989985
81	75	0.951288
81	86	0.880149
81	101	1.07932
81	133	1.03465
81	135	0.982936
81	136	0.982861
81	138	1.00777
81	143	0.990973
81	144	1.01576
81	146	1.00332
81	156	1.01592
81	161	1.00089
81	164	0.985739
81	165	1.00448
81	167	1.04511
81	171	1.00213
81	176	1.00338
81	177	0.993685
81	178	1.0083
81	179	1.00636
82	28	1.04371
82	35	0.914911
82	59	0.993552
82	60	0.98534
82	89	1.01995
82	105	1.00891
82	106	0.997204
82	107	1.01032
82	121	0.988426
82	126	1.00391
82	142	1.0262
82	162	1.00429
82	164	0.988812
82	174	1.001
82	175	0.989032
82	176	1.00645
82	177	0.996758
82	178	1.01137
82	179	1.00943
82	180	0.987764
83	19	1.00759
83	32	0.978067
83	35	1.06213
83	48	1.02324
83	52	0.995647
83	56	0.991316
83	60	1.00048
83	63	0.967521
83	78	1.01273
83	85	0.980336
83	90	0.972812
83	125	1.00814
83	133	1.00481
83	151	1.0298
83	156	1.01646
83	160	0.937629
83	163	1.01473
83	169	1.02065
83	170	0.995182
83	180	0.984936
84	4	0.92545
84	8	0.925331
84	21	0.995106
84	33	0.962807
84	49	0.974951
84	77	0.982418
84	93	0.992857
84	95	0.98732
84	105	0.992741
84	107	0.994156
84	113	1.15927
84	117	1.00438
84	121	0.972259
84	125	0.989344
84	133	0.986015
84	147	1.08195
84	149	0.989418
84	153	0.967164
84	162	0.988124
84	178	1.08652
84	180	1.04673
85	7	0.914542
85	45	1.0007
85	50	1.11645
85	51	0.968148
85	53	0.973184
85	56	0.972686
85	59	0.940343
85	61	0.977071
85	62	0.978826
85	75	1.00643
85	78	0.9941
85	83	0.980336
85	106	0.983853
85	114	0.988336
85	119	1.00716
85	142	0.978068
85	148	1.10791
85	157	1.11595
85	159	1.00705
85	166	1.01488
85	170	0.976552
86	23	0.901145
86	31	1.03867
86	43	0.871012
86	81	0.880149
86	92	0.971503
86	124	1.03044
86	141	1.049
86	147	1.05013
86	157	0.922903
86	158	1.05627
86	159	1.05086
86	163	1.06209
86	165	1.05955
86	167	1.05236
86	168	1.05488
86	172	1.04603
86	173	1.04896
86	175	1.05101
86	176	0.864501
86	177	0.893651
86	180	1.04974
87	23	0.946272
87	124	1.02871
87	132	1.03272
87	139	1.05071
87	143	0.90555
87	144	0.857109
87	145	0.882806
87	155	1.05449
87	158	1.05454
87	159	1.04914
87	160	1.06862
87	165	1.05783
87	168	1.05315
87	169	0.886265
87	172	1.0443
87	173	1.04723
87	174	1.06126
87	175	1.04929
87	177	0.938778
87	178	0.890336
87	180	1.04802
88	65	0.92865
88	92	0.931071
88	104	1.11477
88	110	0.96505
88	131	1.00099
88	138	0.987126
88	139	1.08748
88	141	1.04048
88	145	0.985819
88	154	0.975584
88	156	0.995279
88	164	0.9651
88	166	0.998414
88	168	1.05271
88	169	0.984919
88	171	0.98149
88	173	1.0717
88	176	0.98274
88	177	0.973046
88	178	0.98766
88	179	0.985716
89	6	1.02475
89	13	1.02945
89	14	1.2332
89	16	0.979374
89	22	0.949889
89	26	0.941547
89	29	0.946246
89	36	0.908278
89	51	0.954024
89	69	1.05644
89	70	1.11052
89	71	1.01584
89	82	1.01995
89	96	0.961936
89	106	0.969728
89	114	0.974212
89	115	0.960515
89	119	0.993038
89	140	1.01019
89	150	0.941171
89	170	1.02937
90	19	0.981433
90	35	1.03598
90	59	1.01337
90	61	0.969547
90	83	0.972812
90	116	1.02214
90	127	1.06154
90	133	0.978655
90	139	1.10605
90	149	0.982058
90	150	0.947772
90	151	0.968204
90	160	1.02419
90	162	0.980764
90	169	0.985104
90	170	0.969028
90	171	0.981675
90	175	1.06776
90	177	0.973231
90	178	0.987844
90	179	0.985901
91	18	0.974822
91	21	0.973249
91	33	0.940951
91	49	0.953094
91	58	1.11444
91	74	1.03876
91	77	0.960562
91	80	1.06238
91	93	0.971
91	95	0.965464
91	105	0.970885
91	107	0.9723
91	109	0.956492
91	121	0.950403
91	125	0.967487
91	127	1.09722
91	133	0.964159
91	138	1.13745
91	149	0.967561
91	151	1.15204
91	153	0.945308
91	162	0.966268
92	67	0.925251
92	76	0.981674
92	86	0.971503
92	88	0.931071
92	100	1.14706
92	104	1.16643
92	129	0.951119
92	134	1.09207
92	138	0.971908
92	154	0.960366
92	156	0.980062
92	157	0.94606
92	161	0.965038
92	166	0.983197
92	169	0.969701
92	171	0.966272
92	172	1.11744
92	175	1.10084
92	176	0.967523
92	177	0.957828
92	178	0.972442
92	179	0.970499
93	8	0.956809
93	33	0.994285
93	37	1.08253
93	49	1.00643
93	50	1.00416
93	77	1.0139
93	84	0.992857
93	91	0.971
93	95	1.0188
93	102	1.02822
93	105	1.02422
93	107	1.02563
93	115	0.946189
93	121	1.00374
93	125	1.02082
93	141	0.916961
93	149	1.0209
93	151	0.974273
93	153	0.998642
93	162	1.0196
93	163	0.959203
93	170	1.01505
93	177	1.01763
94	104	0.988759
94	123	0.934989
94	124	0.985654
94	126	1.0211
94	132	0.989663
94	137	0.997809
94	140	0.993878
94	147	1.00535
94	154	1.00052
94	157	1.04489
94	158	1.01149
94	159	1.00608
94	160	1.02557
94	161	0.97194
94	163	1.01731
94	167	1.00758
94	168	1.0101
94	171	0.979764
94	173	1.00417
94	174	1.0182
94	175	1.00623
94	179	0.982669
94	180	1.00496
95	18	1.02262
95	21	1.02105
95	33	0.988749
95	49	1.00089
95	57	1.01923
95	77	1.00836
95	80	0.920425
95	84	0.98732
95	91	0.965464
95	93	1.0188
95	105	1.01868
95	107	1.0201
95	121	0.998201
95	125	1.01529
95	133	1.01196
95	149	1.01536
95	153	0.993106
95	154	1.03833
95	160	0.917916
95	162	1.01407
95	174	0.961046
95	176	1.0243
95	179	1.02048
96	6	1.05323
96	13	1.05793
96	16	1.00785
96	22	0.978368
96	26	0.970026
96	36	0.936756
96	51	0.982503
96	58	0.983604
96	70	1.139
96	71	1.04432
96	89	0.961936
96	106	0.998207
96	114	1.00269
96	119	1.02152
96	136	1.02471
96	142	0.992422
96	150	0.96965
96	151	0.976467
96	156	0.963123
96	157	1.04908
96	170	1.01724
96	173	0.95037
96	174	0.927422
97	11	0.934744
97	34	0.929961
97	63	1.15132
97	68	0.955957
97	122	0.95862
97	136	0.974907
97	143	0.983019
97	144	1.0078
97	148	0.973785
97	154	0.988269
97	155	1.07047
97	156	1.00796
97	157	0.973963
97	160	1.00673
97	161	0.992941
97	166	1.0111
97	169	0.997604
97	171	0.994175
97	174	1.04986
97	176	0.995426
97	177	0.985731
97	178	1.00034
97	179	0.998401
97	180	1.05403
98	34	1.04414
98	74	1.01404
98	122	1.0954
98	125	0.976878
98	126	0.993549
98	129	1.08083
98	134	0.98548
98	137	0.970256
98	139	0.980097
98	140	1.03209
98	141	0.976662
98	142	0.977101
98	152	1.0158
98	155	0.983884
98	159	0.978526
98	160	0.998012
98	163	0.989753
98	165	0.987217
98	167	0.980026
98	172	0.973693
98	173	0.976621
98	174	0.990647
98	176	1.0247
98	180	0.977407
99	73	1.09849
99	123	0.997811
99	131	1.00788
99	132	1.07895
99	134	0.983422
99	144	1.00201
99	145	0.992711
99	147	1.03115
99	148	0.967992
99	152	0.981242
99	153	0.966511
99	154	0.982476
99	161	0.987148
99	163	1.02573
99	164	0.971993
99	165	0.987179
99	166	1.00531
99	169	0.991811
99	171	0.988382
99	175	0.992191
99	176	0.989632
99	177	0.979938
99	178	0.994552
99	179	0.992608
100	37	0.935322
100	40	1.03371
100	64	1.13012
100	92	1.14706
100	104	0.951579
100	122	1.11076
100	132	0.952483
100	141	0.967035
100	145	1.01324
100	147	0.968165
100	155	0.974257
100	158	0.974306
100	159	0.968899
100	160	0.988385
100	163	0.980126
100	164	1.0475
100	165	0.97759
100	167	0.970398
100	168	0.972917
100	169	1.0167
100	173	0.966994
100	174	0.98102
100	175	0.969047
100	176	1.04006
100	180	0.967779
101	44	0.992667
101	74	1.00095
101	81	1.07932
101	102	0.989456
101	125	1.01585
101	132	0.949019
101	137	0.957165
101	155	0.970793
101	157	1.12207
101	158	0.970843
101	159	0.965435
101	160	0.984921
101	163	0.976662
101	164	1.07111
101	165	0.974126
101	167	0.966935
101	168	0.969453
101	172	0.960602
101	173	0.96353
101	174	0.977556
101	175	0.965584
101	176	1.06367
101	177	1.09282
101	179	1.05985
101	180	0.964316
102	6	1.07407
102	18	1.03204
102	41	1.06544
102	70	1.15984
102	77	1.01778
102	93	1.02822
102	101	0.989456
102	105	1.0281
102	106	1.01905
102	114	1.02353
102	119	1.04236
102	121	1.00762
102	131	0.908743
102	137	0.999806
102	148	0.966392
102	162	1.02348
102	163	1.0193
102	164	0.923476
102	169	0.892672
102	171	0.909308
102	174	1.0202
102	175	1.00822
102	177	0.945186
102	178	0.896744
102	180	1.00696
103	46	0.982623
103	68	0.938814
103	77	1.10514
103	117	0.978194
103	130	1.04154
103	131	0.996535
103	143	0.965876
103	146	0.978222
103	148	0.956641
103	152	0.969892
103	154	0.971126
103	157	0.95682
103	159	1.08567
103	160	1.02978
103	161	0.975798
103	162	1.08719
103	164	0.960642
103	165	1.06834
103	168	1.07688
103	169	0.980461
103	171	0.977032
103	176	0.978282
103	177	0.968588
103	178	0.983202
103	179	0.981258
104	79	1.04627
104	88	1.11477
104	92	1.16643
104	94	0.988759
104	100	0.951579
104	116	0.989076
104	128	0.972346
104	130	0.999029
104	132	0.950319
104	141	0.964871
104	147	0.966002
104	155	0.972093
104	160	0.986222
104	161	1.04487
104	163	0.977963
104	165	0.975426
104	166	1.01675
104	167	0.968235
104	172	0.961902
104	173	0.96483
104	174	0.978856
104	175	0.966884
104	176	1.05943
104	179	1.0556
104	180	0.965616
105	21	1.02647
105	33	0.99417
105	41	1.12727
105	49	1.00631
105	77	1.01378
105	82	1.00891
105	84	0.992741
105	91	0.970885
105	93	1.02422
105	95	1.01868
105	102	1.0281
105	107	1.02552
105	109	1.00971
105	117	0.876444
105	121	1.00362
105	125	1.02071
105	133	1.01738
105	143	0.973795
105	148	1.02823
105	149	1.02078
105	151	0.963663
105	153	0.998527
105	154	0.991898
105	158	0.915107
105	162	1.01949
105	172	0.93165
106	6	1.06102
106	13	1.06572
106	16	1.01564
106	18	1.01899
106	22	0.98616
106	26	0.977818
106	29	0.982517
106	36	0.944549
106	69	1.03369
106	70	1.14679
106	82	0.997204
106	85	0.983853
106	89	0.969728
106	96	0.998207
106	102	1.01905
106	114	1.01048
106	117	1.01251
106	119	1.02931
106	142	1.00021
106	144	0.927547
106	150	0.977442
106	151	0.965856
106	153	1.02618
106	162	0.93109
106	170	1.00663
106	180	0.920987
107	21	1.02788
107	33	0.995585
107	49	1.00773
107	50	1.00546
107	77	1.0152
107	82	1.01032
107	84	0.994156
107	91	0.9723
107	93	1.02563
107	95	1.0201
107	105	1.02552
107	109	1.01113
107	121	1.00504
107	122	1.0732
107	125	1.02212
107	130	0.907862
107	133	1.01879
107	144	0.949977
107	149	1.0222
107	153	0.999942
107	156	0.974941
107	162	1.0209
107	165	0.934669
107	166	0.959824
107	167	0.975296
107	170	1.02906
108	52	0.996889
108	78	1.00461
108	79	0.976271
108	116	1.0289
108	119	0.880831
108	129	1.04555
108	134	1.01351
108	137	0.998289
108	138	0.96062
108	139	1.00813
108	147	1.00583
108	155	1.01192
108	158	1.01197
108	159	1.00656
108	160	1.02604
108	163	1.01779
108	165	1.01525
108	166	0.946755
108	167	1.00806
108	168	1.01058
108	172	1.00173
108	173	1.00465
108	174	1.01868
108	175	1.00671
108	176	0.989427
108	180	1.00544
109	28	1.03893
109	45	0.926642
109	48	1.00438
109	51	1.05985
109	54	1.05832
109	60	0.980561
109	61	1.0323
109	91	0.956492
109	105	1.00971
109	107	1.01113
109	114	0.996274
109	121	0.989229
109	141	0.987822
109	149	1.00639
109	152	0.998864
109	153	0.984134
109	157	0.985793
109	158	0.995094
109	167	0.991186
109	168	0.993705
109	172	0.984853
109	175	0.989835
109	176	1.00726
109	177	0.997561
109	178	1.01217
109	179	1.01023
109	180	0.988567
110	12	0.913185
110	18	1.02002
110	39	0.950845
110	88	0.96505
110	116	0.995349
110	120	0.976269
110	122	0.964696
110	131	1.01975
110	136	0.980984
110	137	1.09025
110	138	1.00589
110	145	1.00458
110	146	1.00144
110	152	0.993111
110	157	0.980039
110	158	1.04101
110	161	0.999017
110	164	0.983862
110	166	1.01718
110	169	1.00368
110	171	1.00025
110	175	1.04096
110	176	1.0015
110	177	0.991808
110	178	1.00642
110	179	1.00448
110	180	1.0447
111	5	0.943872
111	118	1.03278
111	120	0.960077
111	132	1.1453
111	134	1.04977
111	135	0.964866
111	138	0.989695
111	140	0.974085
111	141	1.04983
111	143	0.972903
111	145	0.988388
111	146	0.985249
111	148	0.963668
111	149	1.03286
111	152	0.976919
111	156	0.997848
111	157	0.963847
111	161	0.982825
111	164	0.967669
111	166	1.00098
111	169	0.987488
111	171	0.984059
111	173	1.08104
111	175	1.05854
111	176	0.985309
111	177	0.975615
111	178	0.990229
111	179	0.988285
112	9	0.948215
112	66	0.917999
112	72	1.16701
112	79	0.968435
112	120	0.958572
112	123	0.991982
112	133	1.09415
112	136	0.963286
112	140	0.97258
112	142	1.08421
112	144	0.996181
112	145	0.986883
112	146	0.983744
112	152	0.975414
112	154	0.976648
112	156	0.996343
112	157	0.962342
112	160	1.02542
112	164	0.966164
112	166	0.999478
112	169	0.985983
112	171	0.982554
112	172	1.08559
112	176	0.983804
112	177	0.97411
112	178	0.988724
112	179	0.98678
112	180	1.07273
113	10	0.921724
113	84	1.15927
113	116	1.00168
113	122	0.944716
113	123	0.9897
113	131	0.999774
113	134	1.03853
113	143	0.969115
113	144	0.993899
113	145	0.984601
113	146	0.981462
113	151	0.966801
113	152	0.973132
113	154	0.974365
113	156	0.994061
113	158	1.04735
113	161	0.979037
113	163	1.08083
113	164	0.963882
113	166	0.997196
113	167	1.08291
113	169	0.983701
113	171	0.980272
113	172	1.06389
113	176	0.981522
113	177	0.971828
113	178	0.986442
113	179	0.984498
114	6	1.0655
114	13	1.0702
114	16	1.02013
114	22	0.990644
114	26	0.982302
114	29	0.987001
114	36	0.949032
114	51	0.994779
114	58	0.99588
114	70	1.15127
114	71	1.0566
114	85	0.988336
114	89	0.974212
114	96	1.00269
114	102	1.02353
114	106	1.01048
114	109	0.996274
114	115	0.941621
114	117	1.01699
114	119	1.03379
114	132	1.00786
114	142	1.0047
114	150	0.981926
114	151	0.969705
114	160	0.877529
114	170	1.01048
114	173	0.943608
114	176	0.983915
114	179	0.980092
115	1	0.952239
115	19	1.02554
115	33	1.04883
115	45	0.871989
115	49	1.01365
115	51	1.0052
115	54	1.00367
115	56	1.00927
115	89	0.960515
115	93	0.946189
115	114	0.941621
115	119	0.905768
115	125	1.02609
115	133	1.02277
115	142	1.01465
115	161	1.02455
115	167	1.01097
115	168	1.01349
115	169	1.02921
115	170	1.01314
115	172	1.00463
115	173	1.00756
115	174	1.02159
115	175	1.00962
115	176	1.02704
115	177	1.01734
115	178	1.03196
115	179	1.03001
115	180	1.00835
116	12	1.06441
116	76	0.884143
116	90	1.02214
116	104	0.989076
116	108	1.0289
116	110	0.995349
116	113	1.00168
116	118	1.0153
116	127	1.00884
116	130	1.03869
116	134	1.01335
116	139	1.00797
116	141	1.00453
116	148	0.998582
116	154	0.962252
116	155	1.01175
116	158	1.0118
116	160	1.02588
116	163	1.01762
116	164	0.955666
116	165	1.01509
116	168	1.01041
116	171	0.941499
116	172	1.00156
116	173	1.00449
116	174	1.01852
116	175	1.00654
116	179	0.944403
116	180	1.00528
117	1	1.15356
117	16	1.02215
117	29	0.989025
117	33	0.989691
117	48	0.890589
117	49	0.954517
117	62	0.941783
117	70	1.1533
117	78	0.970408
117	84	1.00438
117	103	0.978194
117	105	0.876444
117	106	1.01251
117	114	1.01699
117	119	1.03582
117	133	0.917571
117	147	1.0008
117	150	0.98395
117	162	1.01694
117	164	1.00146
117	169	1.02128
117	172	0.996701
117	173	0.99963
117	174	1.01366
117	175	1.00168
117	177	1.00941
117	178	1.02402
117	179	1.02208
117	180	1.00042
118	23	1.00473
118	62	0.954642
118	65	1.05646
118	68	1.07918
118	72	0.973094
118	111	1.03278
118	116	1.0153
118	120	0.99774
118	128	0.998572
118	129	1.02421
118	130	1.02526
118	132	0.976545
118	134	0.999915
118	137	0.984692
118	139	0.994533
118	146	0.966907
118	155	0.998319
118	158	0.998369
118	160	1.01245
118	163	1.00419
118	165	1.00165
118	167	0.994461
118	168	0.99698
118	172	0.988128
118	173	0.991057
118	174	1.00508
118	175	0.99311
118	177	0.997237
118	178	0.948795
118	180	0.991842
119	6	1.08433
119	13	1.08903
119	16	1.03895
119	18	1.0423
119	22	1.00947
119	24	0.878155
119	26	1.00113
119	29	1.00583
119	36	0.967858
119	50	1.00696
119	51	1.01361
119	58	1.01471
119	70	1.1701
119	71	1.07542
119	85	1.00716
119	89	0.993038
119	96	1.02152
119	102	1.04236
119	106	1.02931
119	108	0.880831
119	114	1.03379
119	115	0.905768
119	117	1.03582
119	142	1.02352
119	150	1.00075
119	151	0.933852
119	153	0.994175
119	168	0.888769
119	170	0.974627
119	172	0.90184
119	179	0.944239
120	110	0.976269
120	111	0.960077
120	112	0.958572
120	118	0.99774
120	123	1.00214
120	135	0.973517
120	136	0.973441
120	137	1.07278
120	140	0.982736
120	141	1.01479
120	144	1.00634
120	148	0.972319
120	151	0.979239
120	152	0.985569
120	154	0.986803
120	155	1.04367
120	156	1.0065
120	157	0.972497
120	161	0.991475
120	162	1.03733
120	165	1.01848
120	166	1.00963
120	167	1.05911
120	169	0.996138
120	171	0.992709
120	174	1.02305
120	176	0.99396
120	177	0.984265
120	178	0.998879
120	179	0.996935
120	180	1.02723
121	8	0.936212
121	14	0.920863
121	18	1.00756
121	21	1.00599
121	33	0.973688
121	49	0.985831
121	50	0.983562
121	58	1.02473
121	77	0.993299
121	80	0.972675
121	82	0.988426
121	84	0.972259
121	91	0.950403
121	93	1.00374
121	95	0.998201
121	102	1.00762
121	105	1.00362
121	107	1.00504
121	109	0.989229
121	125	1.00022
121	133	0.996895
121	145	1.04973
121	149	1.0003
121	151	1.06234
121	153	0.978045
121	162	0.999004
121	165	1.00873
121	170	1.10312
121	172	1.03033
121	173	1.03625
121	180	1.01747
122	10	0.938971
122	57	0.959839
122	59	1.01015
122	68	0.942918
122	97	0.95862
122	98	1.0954
122	100	1.11076
122	107	1.0732
122	110	0.964696
122	113	0.944716
122	124	1.14336
122	131	1.00064
122	140	0.971162
122	143	0.96998
122	145	0.985465
122	148	0.960745
122	149	1.03887
122	152	0.973996
122	154	0.97523
122	155	1.08472
122	156	0.994925
122	157	0.960924
122	161	0.979901
122	164	0.964746
122	166	0.99806
122	167	1.10016
122	169	0.984565
122	171	0.981136
122	176	0.982386
122	177	0.972692
122	178	0.987306
122	179	0.985362
123	72	1.04036
123	94	0.934989
123	99	0.997811
123	112	0.991982
123	113	0.9897
123	120	1.00214
123	127	0.936117
123	129	1.01097
123	134	0.933571
123	135	1.00693
123	138	1.03176
123	139	0.980631
123	143	1.01496
123	144	1.03975
123	145	1.03045
123	146	1.02731
123	148	1.00573
123	149	0.916665
123	150	1.02396
123	151	1.01265
123	156	1.03991
123	161	1.02489
123	164	1.00973
123	165	0.937328
123	169	1.02955
123	171	1.02612
123	174	0.941899
123	176	1.02737
123	177	1.01768
123	178	1.03229
123	179	1.03035
123	180	0.946076
124	3	0.934851
124	25	1.09177
124	86	1.03044
124	87	1.02871
124	94	0.985654
124	122	1.14336
124	127	0.966072
124	128	0.969241
124	130	0.995924
124	132	0.947214
124	135	1.09831
124	139	0.965201
124	140	1.08005
124	144	1.02014
124	147	0.962897
124	152	1.06376
124	153	0.958077
124	155	0.968988
124	158	0.969037
124	159	0.96363
124	160	0.983116
124	162	0.979037
124	163	0.974857
124	165	0.972321
124	167	0.96513
124	168	0.967648
124	172	0.958797
124	173	0.961725
124	175	0.963778
124	176	1.07266
124	177	1.10181
124	180	0.962511
125	28	0.984679
125	32	0.987238
125	52	1.00482
125	54	1.00017
125	56	1.00049
125	62	1.00663
125	63	0.976692
125	69	0.977153
125	75	1.03424
125	83	1.00814
125	84	0.989344
125	91	0.967487
125	93	1.02082
125	95	1.01529
125	98	0.976878
125	101	1.01585
125	105	1.02071
125	107	1.02212
125	115	1.02609
125	121	1.00022
125	133	1.01398
125	142	1.00587
125	143	1.00476
125	145	0.982013
125	149	1.01738
125	152	0.999936
125	154	1.02286
125	156	0.981281
125	161	0.994283
125	162	1.01609
125	163	0.979555
125	168	0.949542
125	170	1.00435
126	74	1.03459
126	77	0.968887
126	82	1.00391
126	94	1.0211
126	98	0.993549
126	128	1.00469
126	130	1.03137
126	132	0.982662
126	133	0.962261
126	137	0.990808
126	139	1.00065
126	141	0.997214
126	147	0.998345
126	151	1.00193
126	154	1.01394
126	156	0.972364
126	157	1.05832
126	159	0.999078
126	160	1.01856
126	161	0.985367
126	163	1.01031
126	165	1.00777
126	166	0.957247
126	167	1.00058
126	168	1.0031
126	171	0.993191
126	172	0.994245
126	173	0.997173
126	174	1.0112
126	175	0.999227
126	176	0.999919
126	179	0.996096
126	180	0.997959
127	43	0.994131
127	44	1.01373
127	64	1.07768
127	67	1.06233
127	74	1.02201
127	90	1.06154
127	91	1.09722
127	116	1.00884
127	123	0.936117
127	124	0.966072
127	128	0.992108
127	130	1.01879
127	132	0.970081
127	134	0.993451
127	136	1.02165
127	137	0.978227
127	139	0.988068
127	141	0.984633
127	147	0.985764
127	154	1.00165
127	155	0.991855
127	158	0.991905
127	159	0.986497
127	163	0.997724
127	165	0.995188
127	167	0.987997
127	170	0.990169
127	172	0.981664
127	173	0.984592
127	174	0.998618
127	175	0.986646
127	178	0.968328
127	179	0.983797
127	180	0.985378
128	25	1.04082
128	49	1.021
128	52	1.02917
128	104	0.972346
128	118	0.998572
128	124	0.969241
128	126	1.00469
128	127	0.992108
128	129	1.07783
128	132	0.97325
128	134	0.99662
128	137	0.981396
128	139	0.991237
128	141	0.987802
128	145	0.994886
128	147	0.988933
128	149	1.00637
128	158	0.995073
128	159	0.989666
128	160	1.00915
128	162	1.00507
128	163	1.00089
128	164	1.02915
128	166	0.979036
128	167	0.991166
128	168	0.993684
128	169	0.998344
128	171	1.01498
128	172	0.984833
128	173	0.987761
128	174	1.00179
128	175	0.989815
128	176	1.02171
128	180	0.988547
129	4	0.932421
129	11	0.934414
129	30	1.11777
129	47	0.920303
129	65	0.929427
129	68	0.96332
129	92	0.951119
129	98	1.08083
129	108	1.04555
129	118	1.02421
129	123	1.01097
129	128	1.07783
129	135	0.982345
129	136	0.98227
129	138	1.00717
129	140	0.991564
129	143	0.990382
129	145	1.00587
129	146	1.00273
129	148	0.981147
129	152	0.994398
129	156	1.01533
129	157	0.981326
129	160	1.0064
129	161	1.0003
129	164	0.985148
129	166	1.01846
129	169	1.00497
129	171	1.00154
129	175	1.04997
129	176	1.00279
129	177	0.993094
129	178	1.00771
129	179	1.00576
130	42	0.935693
130	43	0.968535
130	44	1.04358
130	57	0.956956
130	74	1.05186
130	103	1.04154
130	104	0.999029
130	107	0.907862
130	116	1.03869
130	118	1.02526
130	124	0.995924
130	126	1.03137
130	127	1.01879
130	131	0.954731
130	134	1.0233
130	137	1.00808
130	140	0.96941
130	141	1.01448
130	145	0.935202
130	146	0.960844
130	150	0.998764
130	155	1.02171
130	156	0.93447
130	159	1.01635
130	160	1.03584
130	163	1.02758
130	165	1.02504
130	167	1.01785
130	168	1.02037
130	172	1.01152
130	173	1.01444
130	174	1.02847
130	175	1.0165
130	178	0.942732
130	180	1.01523
131	11	0.870995
131	34	0.866212
131	38	0.972508
131	64	0.985935
131	65	0.866008
131	66	0.835556
131	88	1.00099
131	99	1.00788
131	102	0.908743
131	103	0.996535
131	110	1.01975
131	113	0.999774
131	122	1.00064
131	130	0.954731
131	135	1.017
131	137	1.03583
131	138	1.04183
131	140	1.02622
131	144	1.04982
131	146	1.03738
131	148	1.0158
131	149	0.960875
131	150	1.06817
131	154	1.03029
131	156	1.04998
131	157	1.01598
131	161	1.03496
131	162	1.00039
131	163	1.02008
131	164	1.0198
131	166	1.05312
131	169	1.03962
131	171	1.03619
131	173	1.00906
131	176	1.03744
131	177	1.02775
131	178	1.04236
131	179	1.04042
