1	19	0.808854
1	40	0.86015
1	41	0.872554
1	60	0.818541
1	66	0.886072
1	67	0.818234
1	71	0.818358
1	124	0.835459
1	136	0.856055
1	139	0.836348
1	150	1.70542
1	179	4.22782
2	54	0.904666
2	55	0.899942
2	59	0.972948
2	73	0.941263
2	77	0.940215
2	82	0.926282
2	83	0.92654
2	137	0.932654
2	139	0.926012
2	161	1.40426
2	175	2.55823
2	178	3.37569
3	4	0.883005
3	20	1.06871
3	24	0.886806
3	36	0.941533
3	43	0.930055
3	50	0.91466
3	53	0.97234
3	125	3.53937
3	132	1.1507
3	133	0.890515
3	134	0.952786
3	168	2.35715
4	3	0.883005
4	10	0.804911
4	20	0.959611
4	33	0.843879
4	36	0.832433
4	43	0.820955
4	50	0.80556
4	53	0.86324
4	104	2.27602
4	110	2.95551
4	133	0.781415
4	134	0.843686
5	50	0.919521
5	55	0.801158
5	169	0.869741
5	171	0.84619
5	172	0.824733
5	173	0.811474
5	174	0.852793
5	176	0.825113
5	177	0.853919
5	178	0.826613
5	179	0.84267
5	180	0.832857
6	17	0.81174
6	31	0.800102
6	38	0.865383
6	46	0.844827
6	56	0.829274
6	75	0.874677
6	85	0.846525
6	86	0.846741
6	108	0.843821
6	140	0.864243
6	163	1.50692
6	176	4.40929
7	32	0.854814
7	34	0.875701
7	81	0.852935
7	84	0.832177
7	91	0.875558
7	92	0.814656
7	93	0.860291
7	94	0.813868
7	95	0.81474
7	100	0.840768
7	110	3.12412
7	115	2.17396
8	27	0.972724
8	55	0.892908
8	59	0.965914
8	73	0.934229
8	77	0.93318
8	82	0.919248
8	83	0.919505
8	124	1.16265
8	137	0.92562
8	139	0.918978
8	160	2.38271
8	165	3.48919
9	40	0.853228
9	60	0.81162
9	66	0.879151
9	67	0.811312
9	71	0.811436
9	108	0.837322
9	122	0.88392
9	124	0.828538
9	136	0.849134
9	139	0.829426
9	164	2.68669
9	172	3.49671
10	4	0.804911
10	24	0.808711
10	33	0.874885
10	36	0.863438
10	43	0.851961
10	50	0.836565
10	53	0.894245
10	79	0.811484
10	123	3.05827
10	133	0.812421
10	134	0.874692
10	142	2.45378
11	14	0.815081
11	62	0.811419
11	64	0.811068
11	65	0.811132
11	70	0.895504
11	74	0.875886
11	117	0.863188
11	140	0.863898
11	141	0.858098
11	163	2.52522
11	169	3.17709
11	170	0.789918
12	62	0.932984
12	64	0.932633
12	65	0.932697
12	70	1.01707
12	74	0.997451
12	118	1.98046
12	126	3.22909
12	140	0.985462
12	141	0.979662
12	151	1.13001
12	170	0.911483
13	45	0.936
13	54	0.904913
13	55	0.900189
13	59	0.973195
13	69	1.29811
13	73	0.94151
13	77	0.940461
13	82	0.926529
13	83	0.926786
13	137	0.932901
13	153	2.79565
13	174	3.25842
14	11	0.815081
14	16	0.797377
14	62	0.800936
14	64	0.800586
14	65	0.800649
14	70	0.885021
14	74	0.865403
14	117	0.852705
14	140	0.853415
14	141	0.847615
14	150	2.07611
14	155	5.2213
14	170	0.779435
15	61	0.899152
15	88	0.907103
15	89	0.910737
15	93	0.951662
15	94	0.905239
15	99	0.930512
15	100	0.93214
15	101	0.921096
15	103	0.921239
15	126	2.046
15	147	1.38025
15	155	0.827622
15	172	4.09184
16	14	0.797377
16	25	0.877879
16	62	0.793715
16	64	0.793365
16	65	0.793428
16	70	0.877801
16	74	0.858182
16	117	0.845484
16	140	0.846194
16	141	0.840394
16	163	2.67522
16	169	3.32709
16	170	0.772214
17	6	0.81174
17	22	0.798109
17	31	0.785588
17	38	0.850869
17	56	0.81476
17	68	0.862538
17	75	0.860162
17	85	0.832011
17	86	0.832227
17	108	0.829307
17	132	1.83373
17	136	0.841119
17	175	4.46304
18	81	0.845991
18	84	0.825233
18	87	0.820285
18	89	0.812422
18	91	0.868614
18	92	0.807712
18	93	0.853347
18	94	0.806924
18	95	0.807796
18	100	0.833824
18	141	0.838392
18	156	6.07379
18	180	1.67277
19	1	0.808854
19	39	0.837011
19	40	0.841906
19	60	0.800298
19	66	0.867829
19	67	0.799991
19	71	0.800115
19	108	0.826
19	122	0.872598
19	136	0.837812
19	139	0.818105
19	177	2.81822
19	179	3.66273
20	3	1.06871
20	4	0.959611
20	33	1.02959
20	36	1.01814
20	43	1.00666
20	50	0.991266
20	53	1.04895
20	130	1.48425
20	133	0.967121
20	134	1.02939
20	169	1.93107
20	170	2.16059
20	172	4.03669
21	23	0.887176
21	26	0.890343
21	72	0.854364
21	90	0.867726
21	96	0.857072
21	97	0.8411
21	99	0.832032
21	101	0.822616
21	103	0.822759
21	128	3.0162
21	155	0.729142
21	156	0.71809
21	177	3.52286
22	17	0.798109
22	31	0.786471
22	38	0.851753
22	56	0.815644
22	75	0.861046
22	79	0.793022
22	85	0.832894
22	86	0.83311
22	108	0.830191
22	112	0.860845
22	131	2.52758
22	136	0.842003
22	147	3.57082
23	21	0.887176
23	58	0.911388
23	90	0.969079
23	96	0.958426
23	97	0.942453
23	99	0.933385
23	101	0.923969
23	103	0.924112
23	155	0.830495
23	156	0.819443
23	161	2.05065
23	163	1.75519
23	170	3.62529
24	3	0.886806
24	10	0.808711
24	33	0.84768
24	36	0.836233
24	43	0.824756
24	50	0.809361
24	51	0.829505
24	53	0.86704
24	79	0.784279
24	133	0.785216
24	134	0.847487
24	153	3.11725
24	160	3.07739
25	16	0.877879
25	62	0.881438
25	64	0.881087
25	65	0.88115
25	70	0.965523
25	74	0.945905
25	117	0.933207
25	128	2.18683
25	140	0.933916
25	141	0.928116
25	165	3.23445
25	168	2.10366
25	170	0.859937
26	21	0.890343
26	88	0.913143
26	96	0.961592
26	97	0.945619
26	99	0.936551
26	101	0.927136
26	103	0.927279
26	116	3.90109
26	137	0.926872
26	154	1.72033
26	155	0.833662
26	156	0.822609
26	177	1.86423
27	8	0.972724
27	37	0.932867
27	42	0.915994
27	54	0.877998
27	55	0.873275
27	73	0.914595
27	82	0.899614
27	83	0.899872
27	137	0.905986
27	139	0.899344
27	149	1.93859
27	171	2.11454
27	175	3.3661
28	84	0.917043
28	87	0.912095
28	89	0.904232
28	91	0.960423
28	92	0.899522
28	93	0.945157
28	94	0.898733
28	95	0.899605
28	100	0.925634
28	107	0.845621
28	132	1.20084
28	160	2.4316
28	175	3.83015
29	68	0.851106
29	69	2.32579
29	75	0.848731
29	85	0.82058
29	86	0.820796
29	96	0.851342
29	99	0.826301
29	101	0.816886
29	103	0.817029
29	112	0.848531
29	133	3.56987
29	140	0.838297
29	155	0.723412
29	156	0.712359
30	50	1.72249
30	84	0.464973
30	113	0.874098
30	135	0.846036
30	145	0.838212
30	149	0.853805
30	167	0.783177
30	169	0.831696
30	173	0.773429
30	176	0.787068
30	177	0.815874
30	178	0.788568
30	179	0.804625
30	180	0.794812
31	6	0.800102
31	17	0.785588
31	22	0.786471
31	38	0.839231
31	46	0.818675
31	56	0.803122
31	75	0.848525
31	85	0.820373
31	86	0.820589
31	108	0.817669
31	115	2.09927
31	136	0.829482
31	140	0.838091
31	152	3.84052
32	7	0.854814
32	84	0.886951
32	87	0.882003
32	91	0.930331
32	92	0.86943
32	93	0.915065
32	94	0.868641
32	95	0.869513
32	100	0.895542
32	122	0.932087
32	129	1.03988
32	141	0.90011
32	145	1.71382
32	158	4.70258
33	4	0.843879
33	10	0.874885
33	20	1.02959
33	24	0.84768
33	36	0.902407
33	43	0.890929
33	50	0.875534
33	53	0.933214
33	78	1.78003
33	79	0.850452
33	133	0.851389
33	134	0.91366
33	144	3.01503
33	163	2.599
34	7	0.875701
34	47	1.61872
34	61	0.883442
34	87	0.90289
34	89	0.895027
34	91	0.951218
34	92	0.890317
34	95	0.8904
34	100	0.916429
34	107	0.836416
34	125	0.845334
34	138	2.46196
34	141	0.920996
34	151	2.95068
35	93	2.60516
35	128	0.80026
35	144	0.806615
35	146	0.709811
35	164	0.754866
35	166	0.744267
35	167	0.734115
35	171	0.759083
35	172	0.737626
35	174	0.765686
35	175	0.754223
35	176	0.738006
35	178	0.739506
35	180	0.74575
36	3	0.941533
36	4	0.832433
36	10	0.863438
36	20	1.01814
36	24	0.836233
36	33	0.902407
36	50	0.864087
36	51	0.884232
36	53	0.921767
36	123	2.27096
36	133	0.839943
36	134	0.902214
36	142	1.66648
36	148	3.20033
37	27	0.932867
37	42	0.895772
37	54	0.857776
37	55	0.853052
37	59	0.926058
37	73	0.894372
37	77	0.893324
37	82	0.879392
37	83	0.879649
37	98	2.2984
37	121	2.08778
37	137	0.885763
37	139	0.879121
37	154	3.21965
38	6	0.865383
38	17	0.850869
38	22	0.851753
38	31	0.839231
38	46	0.883957
38	56	0.868404
38	68	0.916181
38	75	0.913806
38	79	0.845782
38	85	0.885655
38	86	0.885871
38	109	1.3776
38	113	2.39375
38	140	0.903372
38	157	4.02327
39	19	0.837011
39	40	0.888307
39	60	0.846698
39	63	0.916829
39	66	0.914229
39	67	0.846391
39	71	0.846515
39	80	3.12649
39	108	0.8724
39	122	0.918998
39	124	0.863616
39	136	0.884212
39	139	0.864505
39	142	0.989539
39	157	3.57334
40	1	0.86015
40	9	0.853228
40	19	0.841906
40	39	0.888307
40	41	0.905606
40	60	0.851593
40	66	0.919124
40	67	0.851286
40	71	0.85141
40	109	1.69434
40	122	0.923893
40	132	2.39274
40	136	0.889107
40	139	0.8694
40	168	3.59919
41	1	0.872554
41	40	0.905606
41	60	0.863998
41	66	0.931529
41	67	0.86369
41	71	0.863814
41	108	0.8897
41	122	0.936298
41	124	0.880916
41	136	0.901512
41	138	1.24573
41	139	0.881804
41	145	2.62417
41	159	3.31486
42	27	0.915994
42	37	0.895772
42	45	0.87199
42	54	0.840903
42	55	0.836179
42	59	0.909185
42	73	0.877499
42	77	0.876451
42	82	0.862519
42	83	0.862776
42	111	1.07481
42	137	0.86889
42	139	0.862249
42	148	2.11402
42	178	4.66347
43	3	0.930055
43	4	0.820955
43	10	0.851961
43	20	1.00666
43	24	0.824756
43	33	0.890929
43	50	0.85261
43	51	0.872754
43	53	0.91029
43	79	0.827528
43	131	2.00323
43	133	0.828465
43	134	0.890736
43	154	2.41809
43	166	4.90219
44	48	0.885393
44	72	0.91344
44	88	0.867699
44	90	0.926802
44	96	0.916149
44	97	0.900176
44	99	0.891108
44	101	0.881692
44	103	0.881836
44	125	3.68225
44	130	1.72099
44	137	0.881429
44	155	0.788218
44	156	0.777166
44	159	2.63776
45	13	0.936
45	42	0.87199
45	49	0.928181
45	54	0.833994
45	55	0.82927
45	59	0.902276
45	73	0.87059
45	77	0.869542
45	82	0.85561
45	83	0.855867
45	137	0.861982
45	139	0.85534
45	166	3.87119
45	177	1.53099
45	178	3.18149
46	6	0.844827
46	31	0.818675
46	38	0.883957
46	49	0.92734
46	56	0.847848
46	68	0.895625
46	75	0.89325
46	85	0.865098
46	86	0.865314
46	104	1.6072
46	112	0.89305
46	136	0.874207
46	140	0.882816
46	166	4.1163
46	178	3.4266
47	34	1.61872
47	62	0.695993
47	72	0.490911
47	146	0.817897
47	161	0.919111
47	162	0.857114
47	167	0.842201
47	168	0.873911
47	171	0.867168
47	172	0.845712
47	174	0.873771
47	176	0.846092
47	177	0.874898
47	178	0.847591
47	179	0.863648
47	180	0.853835
48	44	0.885393
48	88	0.849117
48	90	0.908219
48	96	0.897566
48	97	0.881594
48	99	0.872526
48	101	0.86311
48	103	0.863253
48	117	0.883812
48	124	2.65341
48	134	0.890139
48	137	0.862846
48	142	2.00618
48	143	3.23029
48	155	0.769636
48	156	0.758583
49	45	0.928181
49	46	0.92734
49	68	0.959565
49	77	0.932642
49	82	0.91871
49	83	0.918967
49	85	0.929039
49	86	0.929255
49	136	0.938147
49	137	0.925081
49	138	1.25329
49	139	0.918439
49	140	0.946756
49	142	1.3417
49	169	2.7926
49	171	3.35599
50	3	0.91466
50	4	0.80556
50	5	0.919521
50	10	0.836565
50	20	0.991266
50	24	0.809361
50	30	1.72249
50	33	0.875534
50	36	0.864087
50	43	0.85261
50	51	0.857359
50	53	0.894894
50	79	0.812133
50	133	0.81307
50	134	0.875341
50	135	3.17152
51	24	0.829505
51	36	0.884232
51	43	0.872754
51	50	0.857359
51	53	0.915039
51	62	0.837389
51	64	0.837038
51	65	0.837102
51	106	1.41627
51	133	0.833214
51	134	0.895485
51	140	0.889868
51	141	0.884067
51	153	3.26505
51	168	3.20088
51	170	0.815888
52	53	1.3967
52	82	1.8878
52	124	0.846545
52	126	0.813161
52	158	0.792124
52	165	0.792017
52	166	0.780346
52	167	0.770195
52	171	0.795162
52	172	0.773706
52	174	0.801765
52	175	0.790302
52	176	0.774085
52	177	0.802892
52	178	0.775585
52	179	0.791642
52	180	0.781829
53	3	0.97234
53	4	0.86324
53	10	0.894245
53	20	1.04895
53	24	0.86704
53	33	0.933214
53	36	0.921767
53	43	0.91029
53	50	0.894894
53	51	0.915039
53	52	1.3967
53	79	0.869813
53	133	0.87075
53	134	0.933021
53	142	1.22446
53	163	2.02349
53	174	3.59439
54	2	0.904666
54	13	0.904913
54	27	0.877998
54	37	0.857776
54	42	0.840903
54	45	0.833994
54	55	0.798183
54	59	0.871189
54	73	0.839503
54	77	0.838455
54	82	0.824523
54	83	0.82478
54	124	1.60409
54	128	2.88301
54	137	0.830894
54	139	0.824252
54	180	4.53698
55	2	0.899942
55	5	0.801158
55	8	0.892908
55	13	0.900189
55	27	0.873275
55	37	0.853052
55	42	0.836179
55	45	0.82927
55	54	0.798183
55	59	0.866465
55	73	0.83478
55	77	0.833731
55	82	0.819799
55	83	0.820056
55	139	0.819529
55	144	2.68344
55	177	3.9012
56	6	0.829274
56	17	0.81476
56	22	0.815644
56	31	0.803122
56	38	0.868404
56	46	0.847848
56	68	0.880072
56	75	0.877697
56	85	0.849546
56	86	0.849762
56	108	0.846842
56	112	0.877497
56	136	0.858654
56	140	0.867263
56	143	1.99862
56	144	1.98956
56	176	4.47591
57	85	2.31397
57	93	0.363745
57	105	0.823291
57	149	0.832847
57	151	0.867955
57	155	0.75289
57	160	0.816698
57	169	0.810739
57	172	0.765731
57	173	0.752471
57	174	0.79379
57	175	0.782327
57	176	0.76611
57	177	0.794917
57	178	0.76761
57	179	0.783667
57	180	0.773854
58	23	0.911388
58	72	0.878575
58	88	0.832835
58	90	0.891937
58	96	0.881284
58	97	0.865311
58	99	0.856243
58	101	0.846828
58	103	0.846971
58	117	0.867529
58	129	1.7155
58	134	0.873857
58	137	0.846564
58	151	2.44013
58	155	0.753354
58	156	0.742301
58	168	3.88281
59	2	0.972948
59	8	0.965914
59	13	0.973195
59	37	0.926058
59	42	0.909185
59	45	0.902276
59	54	0.871189
59	55	0.866465
59	73	0.907785
59	77	0.906737
59	78	1.28762
59	82	0.892805
59	83	0.893062
59	127	1.67089
59	139	0.892535
59	177	3.01464
59	180	4.16195
60	1	0.818541
60	9	0.81162
60	19	0.800298
60	39	0.846698
60	40	0.851593
60	41	0.863998
60	63	0.880116
60	66	0.877516
60	67	0.809678
60	71	0.809801
60	108	0.835687
60	122	0.882285
60	124	0.826903
60	136	0.847499
60	139	0.827792
60	159	3.2086
60	161	2.32238
60	171	3.24218
61	15	0.899152
61	34	0.883442
61	81	0.860675
61	84	0.839918
61	87	0.83497
61	89	0.827107
61	91	0.883298
61	92	0.822397
61	93	0.868032
61	94	0.821608
61	95	0.82248
61	100	0.848509
61	106	2.34783
61	107	0.768496
61	109	2.22759
61	119	3.62946
61	125	0.777414
61	141	0.853077
62	11	0.811419
62	12	0.932984
62	14	0.800936
62	16	0.793715
62	25	0.881438
62	47	0.695993
62	51	0.837389
62	63	0.873761
62	64	0.796924
62	65	0.796987
62	70	0.88136
62	74	0.861741
62	117	0.849043
62	140	0.849753
62	141	0.843953
62	152	3.08639
62	170	0.775774
62	171	3.64194
63	39	0.916829
63	60	0.880116
63	62	0.873761
63	64	0.87341
63	65	0.873474
63	66	0.947647
63	67	0.879809
63	71	0.879932
63	74	0.938228
63	80	2.57351
63	133	1.31176
63	135	2.02133
63	136	0.91763
63	139	0.897923
63	140	0.926239
63	141	0.920439
63	170	0.85226
63	180	4.01667
64	11	0.811068
64	12	0.932633
64	14	0.800586
64	16	0.793365
64	25	0.881087
64	51	0.837038
64	62	0.796924
64	63	0.87341
64	65	0.796637
64	70	0.881009
64	74	0.861391
64	104	2.61879
64	117	0.848693
64	129	2.30629
64	140	0.849402
64	141	0.843602
64	146	12.6
64	170	0.775423
65	11	0.811132
65	12	0.932697
65	14	0.800649
65	16	0.793428
65	25	0.88115
65	51	0.837102
65	62	0.796987
65	63	0.873474
65	64	0.796637
65	70	0.881073
65	74	0.861454
65	117	0.848756
65	140	0.849466
65	141	0.843666
65	149	1.59956
65	162	4.09277
65	164	3.49643
65	170	0.775486
66	1	0.886072
66	9	0.879151
66	19	0.867829
66	39	0.914229
66	40	0.919124
66	41	0.931529
66	60	0.877516
66	63	0.947647
66	67	0.877208
66	71	0.877332
66	107	3.22556
66	108	0.903218
66	124	0.894434
66	136	0.91503
66	139	0.895322
66	165	2.37441
66	170	2.06976
66	175	2.66649
67	1	0.818234
67	9	0.811312
67	19	0.799991
67	39	0.846391
67	40	0.851286
67	41	0.86369
67	60	0.809678
67	63	0.879809
67	66	0.877208
67	71	0.809494
67	106	2.56196
67	108	0.83538
67	122	0.881978
67	124	0.826596
67	136	0.847192
67	138	2.41516
67	139	0.827484
67	150	3.25851
68	17	0.862538
68	29	0.851106
68	38	0.916181
68	46	0.895625
68	49	0.959565
68	56	0.880072
68	75	0.925475
68	78	1.12677
68	79	0.85745
68	85	0.897323
68	86	0.897539
68	108	0.894619
68	112	0.925274
68	115	0.8642
68	136	0.906431
68	140	0.915041
68	148	2.68055
68	164	4.88191
69	13	1.29811
69	29	2.32579
69	87	0.832056
69	106	0.90388
69	150	0.898822
69	153	0.851719
69	164	0.832095
69	165	0.833167
69	166	0.821497
69	169	0.859864
69	172	0.814856
69	173	0.801597
69	175	0.831453
69	176	0.815236
69	177	0.844042
69	178	0.816736
69	179	0.832793
69	180	0.82298
70	11	0.895504
70	12	1.01707
70	14	0.885021
70	16	0.877801
70	25	0.965523
70	62	0.88136
70	64	0.881009
70	65	0.881073
70	74	0.945827
70	117	0.933129
70	132	1.94246
70	133	2.18113
70	135	2.8907
70	140	0.933838
70	141	0.928038
70	161	2.40041
70	170	0.859859
71	1	0.818358
71	9	0.811436
71	19	0.800115
71	39	0.846515
71	40	0.85141
71	41	0.863814
71	60	0.809801
71	63	0.879932
71	66	0.877332
71	67	0.809494
71	76	5.7
71	105	1.70291
71	108	0.835503
71	122	0.882102
71	124	0.82672
71	136	0.847316
71	139	0.827608
71	158	2.70356
72	21	0.854364
72	44	0.91344
72	47	0.490911
72	58	0.878575
72	88	0.877164
72	90	0.936266
72	96	0.925613
72	97	0.90964
72	99	0.900572
72	101	0.891157
72	103	0.8913
72	112	0.922802
72	117	0.911858
72	118	2.67332
72	137	0.890893
72	151	1.82287
72	155	0.797683
72	156	0.78663
72	177	3.85538
73	2	0.941263
73	8	0.934229
73	13	0.94151
73	27	0.914595
73	37	0.894372
73	42	0.877499
73	45	0.87059
73	54	0.839503
73	55	0.83478
73	59	0.907785
73	77	0.875052
73	82	0.861119
73	83	0.861377
73	102	1.39905
73	131	1.0319
73	137	0.867491
73	139	0.860849
73	158	4.52028
73	180	3.82161
74	11	0.875886
74	12	0.997451
74	14	0.865403
74	16	0.858182
74	25	0.945905
74	62	0.861741
74	63	0.938228
74	64	0.861391
74	65	0.861454
74	70	0.945827
74	102	1.46362
74	117	0.91351
74	130	1.37001
74	140	0.91422
74	141	0.90842
74	148	1.83991
74	155	5.34499
74	170	0.840241
75	6	0.874677
75	17	0.860162
75	22	0.861046
75	29	0.848731
75	31	0.848525
75	38	0.913806
75	46	0.89325
75	56	0.877697
75	68	0.925475
75	79	0.855075
75	85	0.894948
75	86	0.895164
75	112	0.922899
75	130	2.12492
75	136	0.904056
75	140	0.912666
75	144	2.27602
75	169	2.51186
75	171	3.07526
76	71	5.7
76	110	0.756346
76	120	0.700409
76	130	0.803836
76	151	0.8116
76	158	0.727795
76	160	0.760344
76	163	0.795112
76	164	0.726616
76	166	0.716017
76	171	0.730833
76	173	0.696117
76	174	0.737436
76	175	0.725973
76	176	0.709756
76	177	0.738562
76	178	0.711256
76	179	0.727313
76	180	0.7175
77	2	0.940215
77	8	0.93318
77	13	0.940461
77	37	0.893324
77	42	0.876451
77	45	0.869542
77	49	0.932642
77	54	0.838455
77	55	0.833731
77	59	0.906737
77	73	0.875052
77	82	0.860071
77	83	0.860329
77	107	4.57444
77	124	1.39674
77	137	0.866443
77	139	0.859801
77	147	2.58315
77	161	1.844
78	33	1.78003
78	59	1.28762
78	68	1.12677
78	134	0.384061
78	138	0.967782
78	144	0.92812
78	153	0.895994
78	154	0.904904
78	165	0.877442
78	166	0.865771
78	171	0.880588
78	173	0.845872
78	174	0.887191
78	175	0.875728
78	176	0.859511
78	177	0.888317
78	178	0.861011
78	179	0.877068
78	180	0.867255
79	10	0.811484
79	22	0.793022
79	24	0.784279
79	33	0.850452
79	38	0.845782
79	43	0.827528
79	50	0.812133
79	53	0.869813
79	68	0.85745
79	75	0.855075
79	85	0.826924
79	86	0.82714
79	104	1.59799
79	133	0.787988
79	134	0.850259
79	136	0.836032
79	140	0.844641
79	149	3.44816
79	171	3.62411
80	39	3.12649
80	63	2.57351
80	107	0.768532
80	125	0.777451
80	152	0.800714
80	153	0.793732
80	157	0.794917
80	159	0.806596
80	160	0.807837
80	165	0.77518
80	166	0.763509
80	167	0.753358
80	171	0.778326
80	174	0.784929
80	175	0.773465
80	177	0.786055
80	178	0.758749
80	179	0.774805
80	180	0.764992
81	7	0.852935
81	18	0.845991
81	61	0.860675
81	84	0.885071
81	87	0.880123
81	89	0.87226
81	91	0.928452
81	92	0.86755
81	93	0.913185
81	94	0.866762
81	95	0.867634
81	100	0.893662
81	107	0.81365
81	111	1.15178
81	118	2.05248
81	122	0.930207
81	125	0.822568
81	141	0.89823
81	167	5.86691
81	179	2.87822
82	2	0.926282
82	8	0.919248
82	13	0.926529
82	27	0.899614
82	37	0.879392
82	42	0.862519
82	45	0.85561
82	49	0.91871
82	52	1.8878
82	54	0.824523
82	55	0.819799
82	59	0.892805
82	73	0.861119
82	77	0.860071
82	83	0.846396
82	106	1.77394
82	111	2.21021
82	137	0.85251
82	139	0.845869
82	145	3.00558
83	2	0.92654
83	8	0.919505
83	13	0.926786
83	27	0.899872
83	37	0.879649
83	42	0.862776
83	45	0.855867
83	49	0.918967
83	54	0.82478
83	55	0.820056
83	59	0.893062
83	73	0.861377
83	77	0.860329
83	82	0.846396
83	114	3.2356
83	129	1.20702
83	137	0.852768
83	139	0.846126
83	148	3.06519
83	161	2.62583
84	7	0.832177
84	18	0.825233
84	28	0.917043
84	30	0.464973
84	32	0.886951
84	61	0.839918
84	81	0.885071
84	87	0.859366
84	89	0.851503
84	91	0.907694
84	92	0.846793
84	93	0.892428
84	94	0.846004
84	95	0.846876
84	100	0.872905
84	116	4.79891
84	122	0.90945
84	125	0.80181
84	141	0.877473
84	159	2.30995
84	160	2.19653
85	6	0.846525
85	17	0.832011
85	22	0.832894
85	29	0.82058
85	31	0.820373
85	38	0.885655
85	46	0.865098
85	49	0.929039
85	56	0.849546
85	57	2.31397
85	68	0.897323
85	75	0.894948
85	79	0.826924
85	86	0.867013
85	108	0.864093
85	111	1.68423
85	112	0.894748
85	119	2.5296
85	136	0.875905
85	140	0.884514
85	152	2.64834
86	6	0.846741
86	17	0.832227
86	22	0.83311
86	29	0.820796
86	31	0.820589
86	38	0.885871
86	46	0.865314
86	49	0.929255
86	56	0.849762
86	68	0.897539
86	75	0.895164
86	79	0.82714
86	85	0.867013
86	98	2.30177
86	102	2.09167
86	108	0.864309
86	112	0.894964
86	136	0.876121
86	140	0.88473
86	151	1.33442
86	162	5.26566
87	18	0.820285
87	28	0.912095
87	32	0.882003
87	34	0.90289
87	61	0.83497
87	69	0.832056
87	81	0.880123
87	84	0.859366
87	89	0.846555
87	91	0.902746
87	92	0.841845
87	93	0.88748
87	94	0.841056
87	95	0.841928
87	100	0.867957
87	119	2.54094
87	122	0.904501
87	123	1.80542
87	125	0.796862
87	141	0.872525
87	165	4.1747
88	15	0.907103
88	26	0.913143
88	44	0.867699
88	48	0.849117
88	58	0.832835
88	72	0.877164
88	90	0.890525
88	96	0.879872
88	97	0.8639
88	99	0.854832
88	101	0.845416
88	103	0.845559
88	112	0.877061
88	113	1.69727
88	117	0.866117
88	118	1.99374
88	132	1.37953
88	134	0.872445
88	137	0.845152
88	155	0.751942
88	156	0.740889
88	173	5.79754
89	15	0.910737
89	18	0.812422
89	28	0.904232
89	34	0.895027
89	61	0.827107
89	81	0.87226
89	84	0.851503
89	87	0.846555
89	91	0.894883
89	92	0.833982
89	93	0.879617
89	94	0.833193
89	95	0.834065
89	100	0.860094
89	107	0.780081
89	122	0.896639
89	125	0.788999
89	127	1.68086
89	141	0.864662
89	169	2.0427
89	174	2.96173
89	178	4.67511
90	21	0.867726
90	23	0.969079
90	44	0.926802
90	48	0.908219
90	58	0.891937
90	72	0.936266
90	88	0.890525
90	96	0.938975
90	97	0.923002
90	99	0.913934
90	101	0.904519
90	103	0.904662
90	112	0.936164
90	117	0.92522
90	124	2.48311
90	129	1.51156
90	130	2.89983
90	134	0.931548
90	150	2.59081
90	151	2.23619
90	155	0.811045
90	156	0.799992
91	7	0.875558
91	18	0.868614
91	28	0.960423
91	32	0.930331
91	34	0.951218
91	61	0.883298
91	81	0.928452
91	84	0.907694
91	87	0.902746
91	89	0.894883
91	92	0.890174
91	93	0.935808
91	94	0.889385
91	95	0.890257
91	100	0.916286
91	121	2.06029
91	125	0.845191
91	141	0.920853
91	149	2.74159
91	152	2.362
91	154	3.19216
91	163	1.70228
92	7	0.814656
92	18	0.807712
92	28	0.899522
92	32	0.86943
92	34	0.890317
92	61	0.822397
92	81	0.86755
92	84	0.846793
92	87	0.841845
92	89	0.833982
92	91	0.890174
92	93	0.874907
92	94	0.828483
92	95	0.829355
92	100	0.855384
92	105	3.38679
92	107	0.775371
92	122	0.891929
92	125	0.784289
92	138	1.55024
92	141	0.859952
92	143	2.86277
92	168	3.48165
93	7	0.860291
93	15	0.951662
93	18	0.853347
93	28	0.945157
93	32	0.915065
93	35	2.60516
93	57	0.363745
93	61	0.868032
93	81	0.913185
93	84	0.892428
93	87	0.88748
93	89	0.879617
93	91	0.935808
93	92	0.874907
93	94	0.874118
93	95	0.87499
93	100	0.901019
93	107	0.821006
93	122	0.937564
93	141	0.905587
93	162	2.21861
93	167	4.15309
93	177	1.5988
94	7	0.813868
94	15	0.905239
94	18	0.806924
94	28	0.898733
94	32	0.868641
94	61	0.821608
94	81	0.866762
94	84	0.846004
94	87	0.841056
94	89	0.833193
94	91	0.889385
94	92	0.828483
94	93	0.874118
94	95	0.828567
94	100	0.854595
94	107	0.774582
94	122	0.89114
94	125	0.783501
94	128	1.51395
94	141	0.859163
94	145	2.70554
94	156	8.02621
94	166	2.80124
95	7	0.81474
95	18	0.807796
95	28	0.899605
95	32	0.869513
95	34	0.8904
95	61	0.82248
95	81	0.867634
95	84	0.846876
95	87	0.841928
95	89	0.834065
95	91	0.890257
95	92	0.829355
95	93	0.87499
95	94	0.828567
95	100	0.855467
95	107	0.775454
95	109	1.60017
95	122	0.892012
95	125	0.784373
95	133	2.53724
95	138	1.57361
95	141	0.860035
95	176	5.36343
96	21	0.857072
96	23	0.958426
96	26	0.961592
96	29	0.851342
96	44	0.916149
96	48	0.897566
96	58	0.881284
96	72	0.925613
96	88	0.879872
96	90	0.938975
96	97	0.912349
96	99	0.903281
96	101	0.893866
96	103	0.894009
96	112	0.92551
96	125	2.37838
96	137	0.893602
96	147	2.37936
96	155	0.800392
96	156	0.789339
96	161	1.56366
96	167	5.61919
96	179	2.6305
97	21	0.8411
97	23	0.942453
97	26	0.945619
97	44	0.900176
97	48	0.881594
97	58	0.865311
97	72	0.90964
97	88	0.8639
97	90	0.923002
97	96	0.912349
97	99	0.887308
97	101	0.877893
97	103	0.878036
97	112	0.909538
97	114	2.19798
97	117	0.898594
97	134	0.904922
97	137	0.877629
97	150	1.24865
97	155	0.784419
97	156	0.773366
97	163	1.29275
97	164	4.22893
97	180	4.07384
98	37	2.2984
98	86	2.30177
98	114	0.82269
98	124	0.842042
98	138	0.877853
98	140	1.35907
98	146	0.741388
98	147	0.838824
98	148	0.822415
98	149	0.836319
98	159	0.81893
98	165	0.787514
98	166	0.775843
98	167	0.765692
98	169	0.814211
98	171	0.790659
98	173	0.755943
98	174	0.797262
98	175	0.785799
98	176	0.769583
98	177	0.798389
98	178	0.771082
98	179	0.787139
98	180	0.777326
99	15	0.930512
99	21	0.832032
99	23	0.933385
99	26	0.936551
99	29	0.826301
99	44	0.891108
99	48	0.872526
99	58	0.856243
99	72	0.900572
99	88	0.854832
99	90	0.913934
99	96	0.903281
99	97	0.887308
99	101	0.868825
99	103	0.868968
99	112	0.90047
99	127	1.79868
99	134	0.895854
99	137	0.868561
99	147	1.46971
99	155	0.775351
99	156	0.764298
99	166	4.40908
99	176	3.33747
99	180	3.21619
100	7	0.840768
100	15	0.93214
100	18	0.833824
100	28	0.925634
100	32	0.895542
100	34	0.916429
100	61	0.848509
100	81	0.893662
100	84	0.872905
100	87	0.867957
100	89	0.860094
100	91	0.916286
100	92	0.855384
100	93	0.901019
100	94	0.854595
100	95	0.855467
100	105	3.0103
100	107	0.801483
100	109	1.2003
100	114	2.96642
100	122	0.918041
100	125	0.810401
100	131	2.05256
100	141	0.886064
100	170	3.93129
101	15	0.921096
101	21	0.822616
101	23	0.923969
101	26	0.927136
101	29	0.816886
101	44	0.881692
101	48	0.86311
101	58	0.846828
101	72	0.891157
101	88	0.845416
101	90	0.904519
101	96	0.893866
101	97	0.877893
101	99	0.868825
101	103	0.859552
101	112	0.891054
101	117	0.880111
101	134	0.886438
101	135	1.81645
101	137	0.859146
101	155	0.765935
101	156	0.754883
101	168	2.07466
101	169	1.68257
101	171	2.24597
101	173	5.28623
102	73	1.39905
102	74	1.46362
102	86	2.09167
102	109	0.920956
102	136	1.72333
102	148	0.845699
102	151	0.894711
102	152	0.836331
102	153	0.82935
102	157	0.830535
102	159	0.842214
102	160	0.843454
102	165	0.810798
102	168	0.820686
102	169	0.837495
102	170	0.820551
102	171	0.813943
102	172	0.792487
102	173	0.779227
102	174	0.820546
102	175	0.809083
102	176	0.792867
102	177	0.821673
102	178	0.794366
102	179	0.810423
102	180	0.80061
103	15	0.921239
103	21	0.822759
103	23	0.924112
103	26	0.927279
103	29	0.817029
103	44	0.881836
103	48	0.863253
103	58	0.846971
103	72	0.8913
103	88	0.845559
103	90	0.904662
103	96	0.894009
103	97	0.878036
103	99	0.868968
103	101	0.859552
103	112	0.891197
103	117	0.880254
103	123	1.56535
103	134	0.886581
103	137	0.859289
103	145	2.25089
103	154	3.24977
103	155	0.766078
103	156	0.755026
103	160	2.82816
103	177	3.39368
104	4	2.27602
104	46	1.6072
104	64	2.61879
104	79	1.59799
104	119	0.834274
104	121	0.871018
104	135	0.854753
104	146	0.767591
104	147	0.865027
104	153	0.832269
104	154	0.841178
104	157	0.833454
104	164	0.812645
104	165	0.813717
104	168	0.823605
104	169	0.840414
104	170	0.82347
104	171	0.816862
104	172	0.795406
104	173	0.782146
104	174	0.823465
104	175	0.812002
104	176	0.795786
104	177	0.824592
104	178	0.797285
104	179	0.813342
104	180	0.803529
105	57	0.823291
105	71	1.70291
105	92	3.38679
105	100	3.0103
105	113	0.843113
105	138	0.864354
105	143	0.815344
105	146	0.727889
105	147	0.825325
105	149	0.82282
105	154	0.801476
105	158	0.774122
105	159	0.805431
105	165	0.774015
105	166	0.762344
105	167	0.752193
105	168	0.783903
105	170	0.783768
105	171	0.77716
105	172	0.755704
105	173	0.742444
105	174	0.783763
105	175	0.7723
105	176	0.756084
105	177	0.78489
105	179	0.77364
105	180	0.763827
106	51	1.41627
106	61	2.34783
106	67	2.56196
106	69	0.90388
106	82	1.77394
106	110	0.834136
106	114	0.840654
106	135	0.846514
106	150	0.871133
106	152	0.831011
106	157	0.825215
106	160	0.838134
106	162	0.798569
106	163	0.872903
106	165	0.805478
106	166	0.793807
106	167	0.783656
106	168	0.815366
106	169	0.832175
106	171	0.808623
106	172	0.787167
106	173	0.773907
106	175	0.803763
106	176	0.787547
106	177	0.816353
106	179	0.805103
106	180	0.79529
107	28	0.845621
107	34	0.836416
107	61	0.768496
107	66	3.22556
107	77	4.57444
107	80	0.768532
107	81	0.81365
107	89	0.780081
107	92	0.775371
107	93	0.821006
107	94	0.774582
107	95	0.775454
107	100	0.801483
107	149	0.776923
107	156	0.685913
107	159	0.759534
107	162	0.721209
107	167	0.706296
107	172	0.709807
107	173	0.696547
107	174	0.737866
107	175	0.726403
107	177	0.738993
107	178	0.711686
107	179	0.727743
107	180	0.71793
108	6	0.843821
108	9	0.837322
108	17	0.829307
108	19	0.826
108	22	0.830191
108	31	0.817669
108	39	0.8724
108	41	0.8897
108	56	0.846842
108	60	0.835687
108	66	0.903218
108	67	0.83538
108	68	0.894619
108	71	0.835503
108	85	0.864093
108	86	0.864309
108	112	0.892044
108	122	0.907987
108	124	0.852605
108	136	0.873201
108	139	0.853494
108	140	0.88181
108	150	1.27124
108	153	2.42347
108	160	2.38361
108	165	3.49008
108	176	4.21771
109	38	1.3776
109	40	1.69434
109	61	2.22759
109	95	1.60017
109	100	1.2003
109	102	0.920956
109	123	0.90495
109	126	0.866068
109	146	0.798797
109	151	0.928836
109	157	0.86466
109	158	0.84503
109	161	0.900012
109	162	0.838014
109	163	0.912348
109	164	0.843851
109	166	0.833252
109	168	0.854812
109	169	0.87162
109	171	0.848069
109	173	0.813353
109	174	0.854672
109	175	0.843209
109	176	0.826992
109	178	0.828492
109	179	0.844549
109	180	0.834736
110	4	2.95551
110	7	3.12412
110	76	0.756346
110	106	0.834136
110	111	0.861818
110	116	0.76548
110	129	0.867296
110	139	1.18855
110	142	0.868296
110	144	0.814101
110	152	0.788957
110	154	0.790885
110	157	0.78316
110	158	0.763531
110	160	0.79608
110	164	0.762352
110	165	0.763424
110	166	0.751753
110	167	0.741601
110	168	0.773312
110	169	0.79012
110	170	0.773177
110	172	0.745112
110	176	0.745492
110	177	0.774298
110	178	0.746992
110	179	0.763049
110	180	0.753236
111	42	1.07481
111	81	1.15178
111	82	2.21021
111	85	1.68423
111	110	0.861818
111	112	1.20696
111	129	0.937032
111	147	0.88447
111	148	0.868062
111	149	0.881965
111	150	0.898815
111	151	0.917073
111	158	0.833267
111	163	0.900585
111	164	0.832088
111	166	0.821489
111	167	0.811338
111	168	0.843049
111	169	0.859857
111	171	0.836306
111	172	0.814849
111	173	0.80159
111	175	0.831446
111	176	0.815229
111	177	0.844035
111	178	0.816729
111	179	0.832786
111	180	0.822973
112	22	0.860845
112	29	0.848531
112	46	0.89305
112	56	0.877497
112	68	0.925274
112	72	0.922802
112	75	0.922899
112	85	0.894748
112	86	0.894964
112	88	0.877061
112	90	0.936164
112	96	0.92551
112	97	0.909538
112	99	0.90047
112	101	0.891054
112	103	0.891197
112	108	0.892044
112	111	1.20696
112	113	1.66661
112	121	1.86936
112	134	0.918083
112	136	0.903856
112	140	0.912465
112	151	1.11263
112	155	0.79758
112	156	0.786528
112	169	2.16322
112	173	5.76688
113	30	0.874098
113	38	2.39375
113	88	1.69727
113	105	0.843113
113	112	1.66661
113	136	1.52006
113	145	0.837076
113	150	0.869518
113	151	0.887776
113	157	0.8236
113	158	0.80397
113	162	0.796955
113	164	0.802791
113	165	0.803863
113	166	0.792193
113	168	0.813752
113	169	0.83056
113	170	0.813617
113	171	0.807009
113	172	0.785552
113	173	0.772293
113	174	0.813612
113	175	0.802149
113	176	0.785932
113	177	0.814738
113	178	0.787432
113	179	0.803489
113	180	0.793676
114	83	3.2356
114	97	2.19798
114	98	0.82269
114	100	2.96642
114	106	0.840654
114	123	0.829968
114	143	0.81127
114	149	0.818746
114	154	0.797403
114	157	0.789678
114	158	0.770048
114	161	0.82503
114	162	0.763032
114	164	0.768869
114	165	0.769941
114	166	0.75827
114	167	0.748119
114	168	0.77983
114	169	0.796638
114	171	0.773087
114	173	0.738371
114	174	0.77969
114	175	0.768227
114	176	0.75201
114	177	0.780816
114	178	0.75351
114	179	0.769567
114	180	0.759754
115	7	2.17396
115	31	2.09927
115	68	0.8642
115	121	0.886761
115	122	0.291829
115	128	0.873782
115	132	0.935055
115	136	0.283269
115	142	0.934333
115	145	0.862673
115	147	0.88077
115	151	0.913373
115	158	0.829567
115	161	0.884548
115	164	0.828388
115	165	0.82946
115	168	0.839348
115	169	0.856157
115	171	0.832606
115	172	0.811149
115	173	0.79789
115	174	0.839209
115	175	0.827745
115	176	0.811529
115	177	0.840335
115	178	0.813029
115	179	0.829085
115	180	0.819272
116	26	3.90109
116	84	4.79891
116	110	0.76548
116	118	0.801128
116	143	0.778151
116	144	0.7875
116	146	0.690696
116	147	0.788132
116	149	0.785627
116	150	0.802477
116	152	0.762355
116	154	0.764283
116	157	0.756559
116	159	0.768238
116	162	0.729913
116	163	0.804247
116	164	0.73575
116	165	0.736822
116	166	0.725151
116	167	0.715
116	171	0.739967
116	173	0.705252
116	174	0.74657
116	175	0.735107
116	176	0.718891
116	177	0.747697
116	178	0.72039
116	179	0.736447
116	180	0.726634
117	11	0.863188
117	14	0.852705
117	16	0.845484
117	25	0.933207
117	48	0.883812
117	58	0.867529
117	62	0.849043
117	64	0.848693
117	65	0.848756
117	70	0.933129
117	72	0.911858
117	74	0.91351
117	88	0.866117
117	90	0.92522
117	97	0.898594
117	101	0.880111
117	103	0.880254
117	131	1.68473
117	134	0.90714
117	137	0.879847
117	140	0.901522
117	141	0.895722
117	143	2.11844
117	150	1.64926
117	155	0.786637
117	156	0.775584
117	161	1.98881
117	170	0.827542
117	174	3.26426
117	178	4.97764
118	12	1.98046
118	72	2.67332
118	81	2.05248
118	88	1.99374
118	116	0.801128
118	120	0.771793
118	135	0.840107
118	142	0.903944
118	143	0.8404
118	144	0.849749
118	149	0.847876
118	152	0.824605
118	153	0.817623
118	155	0.767919
118	159	0.830487
118	163	0.866496
118	165	0.799071
118	167	0.777249
118	169	0.825768
118	171	0.802217
118	172	0.78076
118	173	0.767501
118	174	0.80882
118	175	0.797357
118	176	0.78114
118	177	0.809946
118	178	0.78264
118	179	0.798696
118	180	0.788883
119	61	3.62946
119	85	2.5296
119	87	2.54094
119	104	0.834274
119	121	0.812623
119	130	0.831471
119	138	0.845662
119	142	0.860195
119	144	0.806
119	145	0.788535
119	150	0.820977
119	152	0.780856
119	155	0.72417
119	159	0.786738
119	160	0.787979
119	161	0.810411
119	162	0.748413
119	163	0.822747
119	164	0.75425
119	167	0.7335
119	168	0.765211
119	172	0.737011
119	173	0.723752
119	175	0.753608
119	176	0.737391
119	177	0.766197
119	178	0.738891
119	179	0.754948
119	180	0.745134
120	76	0.700409
120	118	0.771793
120	122	7.13485
120	126	0.728631
120	127	0.787862
120	128	0.751809
120	148	0.742388
120	150	0.773141
120	154	0.734948
120	155	0.676335
120	157	0.727224
120	158	0.707594
120	159	0.738903
120	160	0.740143
120	161	0.762575
120	162	0.700578
120	163	0.774911
120	166	0.695816
120	167	0.685664
120	168	0.717375
120	169	0.734184
120	172	0.689176
120	174	0.717235
120	175	0.705772
120	176	0.689555
120	177	0.718362
120	178	0.691055
120	179	0.707112
120	180	0.697299
121	37	2.08778
121	91	2.06029
121	104	0.871018
121	112	1.86936
121	115	0.886761
121	119	0.812623
121	134	1.56104
121	142	0.896939
121	145	0.825279
121	149	0.840871
121	151	0.875979
121	152	0.8176
121	161	0.847155
121	162	0.785157
121	164	0.790994
121	165	0.792066
121	166	0.780395
121	167	0.770244
121	168	0.801955
121	169	0.818763
121	172	0.773755
121	173	0.760496
121	174	0.801815
121	175	0.790352
121	176	0.774135
121	177	0.802941
121	178	0.775635
121	179	0.791691
121	180	0.781878
122	9	0.88392
122	19	0.872598
122	32	0.932087
122	39	0.918998
122	40	0.923893
122	41	0.936298
122	60	0.882285
122	67	0.881978
122	71	0.882102
122	81	0.930207
122	84	0.90945
122	87	0.904501
122	89	0.896639
122	92	0.891929
122	93	0.937564
122	94	0.89114
122	95	0.892012
122	100	0.918041
122	108	0.907987
122	115	0.291829
122	120	7.13485
122	124	0.899203
122	125	0.846946
122	129	1.81976
122	136	0.919799
122	139	0.900092
122	141	0.922608
122	147	1.5167
122	164	2.40603
122	170	1.33995
122	179	1.94815
123	10	3.05827
123	36	2.27096
123	87	1.80542
123	103	1.56535
123	109	0.90495
123	114	0.829968
123	124	0.84932
123	146	0.748666
123	147	0.846102
123	148	0.829694
123	149	0.843597
123	150	0.860447
123	154	0.822253
123	159	0.826208
123	161	0.84988
123	165	0.794792
123	166	0.783121
123	167	0.77297
123	168	0.80468
123	169	0.821489
123	172	0.776481
123	173	0.763222
123	174	0.80454
123	175	0.793077
123	176	0.776861
123	177	0.805667
123	178	0.778361
123	179	0.794417
123	180	0.784604
124	1	0.835459
124	8	1.16265
124	9	0.828538
124	39	0.863616
124	41	0.880916
124	48	2.65341
124	52	0.846545
124	54	1.60409
124	60	0.826903
124	66	0.894434
124	67	0.826596
124	71	0.82672
124	77	1.39674
124	90	2.48311
124	98	0.842042
124	108	0.852605
124	122	0.899203
124	123	0.84932
124	129	0.893165
124	136	0.864417
124	138	0.879633
124	139	0.84471
124	161	0.844382
124	168	0.799182
124	173	0.757723
124	174	0.799042
124	175	0.787579
124	176	0.771362
124	177	0.800168
124	179	0.788919
124	180	0.779105
125	3	3.53937
125	34	0.845334
125	44	3.68225
125	61	0.777414
125	80	0.777451
125	81	0.822568
125	84	0.80181
125	87	0.796862
125	89	0.788999
125	91	0.845191
125	92	0.784289
125	94	0.783501
125	95	0.784373
125	96	2.37838
125	100	0.810401
125	122	0.846946
125	141	0.814969
125	151	0.820949
125	156	0.694831
125	164	0.735964
125	165	0.737036
125	167	0.715214
125	168	0.746924
125	169	0.763733
125	171	0.740181
125	174	0.746784
125	175	0.735321
125	176	0.719105
125	177	0.747911
125	178	0.720605
125	179	0.736661
125	180	0.726848
126	12	3.22909
126	15	2.046
126	52	0.813161
126	109	0.866068
126	120	0.728631
126	128	0.800232
126	134	2.90338
126	145	0.789122
126	147	0.807219
126	149	0.804715
126	151	0.839822
126	152	0.781443
126	153	0.774462
126	154	0.783371
126	157	0.775646
126	158	0.756017
126	159	0.787325
126	160	0.788566
126	162	0.749001
126	166	0.744239
126	167	0.734087
126	168	0.765798
126	169	0.782606
126	172	0.737598
126	173	0.724339
126	174	0.765658
126	175	0.754195
126	177	0.766784
126	178	0.739478
126	179	0.755535
126	180	0.745722
127	59	1.67089
127	89	1.68086
127	99	1.79868
127	120	0.787862
127	130	0.891289
127	131	0.901828
127	137	0.85246
127	140	1.08047
127	145	0.848353
127	146	0.769014
127	147	0.86645
127	152	0.840674
127	154	0.842602
127	158	0.815247
127	159	0.846556
127	161	0.870228
127	162	0.808231
127	163	0.882565
127	165	0.81514
127	166	0.803469
127	168	0.825029
127	169	0.841837
127	170	0.824894
127	171	0.818286
127	173	0.78357
127	174	0.824889
127	175	0.813426
127	176	0.797209
127	177	0.826015
127	178	0.798709
127	179	0.814765
127	180	0.804952
128	21	3.0162
128	25	2.18683
128	35	0.80026
128	54	2.88301
128	94	1.51395
128	115	0.873782
128	120	0.751809
128	126	0.800232
128	129	0.882959
128	147	0.830397
128	150	0.844742
128	151	0.863
128	154	0.806549
128	159	0.810503
128	161	0.834176
128	163	0.846512
128	164	0.778015
128	165	0.779087
128	166	0.767416
128	167	0.757265
128	168	0.788976
128	169	0.805784
128	170	0.788841
128	171	0.782233
128	172	0.760776
128	173	0.747517
128	174	0.788836
128	176	0.761156
128	177	0.789962
128	178	0.762656
128	179	0.778713
128	180	0.7689
129	32	1.03988
129	58	1.7155
129	64	2.30629
129	83	1.20702
129	90	1.51156
129	110	0.867296
129	111	0.937032
129	122	1.81976
129	124	0.893165
129	128	0.882959
129	142	0.94351
129	143	0.879966
129	144	0.889315
129	148	0.873539
129	160	0.871294
129	161	0.893726
129	162	0.831729
129	163	0.906062
129	166	0.826967
129	168	0.848526
129	169	0.865334
129	170	0.848391
129	171	0.841783
129	172	0.820326
129	173	0.807067
129	174	0.848386
129	175	0.836923
129	176	0.820706
129	177	0.849512
129	178	0.822206
129	179	0.838263
129	180	0.82845
130	20	1.48425
130	44	1.72099
130	74	1.37001
130	75	2.12492
130	76	0.803836
130	90	2.89983
130	119	0.831471
130	127	0.891289
130	135	0.85195
130	143	0.852243
130	146	0.764788
130	147	0.862224
130	149	0.859719
130	150	0.876569
130	151	0.894827
130	153	0.829466
130	157	0.830651
130	159	0.84233
130	161	0.866002
130	164	0.809842
130	165	0.810914
130	167	0.789092
130	168	0.820802
130	169	0.837611
130	171	0.81406
130	172	0.792603
130	174	0.820663
130	176	0.792983
130	177	0.821789
130	178	0.794483
130	179	0.810539
130	180	0.800726
131	22	2.52758
131	43	2.00323
131	73	1.0319
131	100	2.05256
131	117	1.68473
131	127	0.901828
131	147	0.872763
131	150	0.887108
131	153	0.840005
131	156	0.779248
131	157	0.84119
131	159	0.852869
131	161	0.876541
131	163	0.888878
131	164	0.820381
131	165	0.821453
131	166	0.809782
131	167	0.799631
131	168	0.831341
131	169	0.84815
131	170	0.831207
131	171	0.824598
131	172	0.803142
131	173	0.789883
131	174	0.831201
131	175	0.819738
131	176	0.803522
131	177	0.832328
131	178	0.805022
131	179	0.821078
131	180	0.811265
132	3	1.1507
132	17	1.83373
132	28	1.20084
132	40	2.39274
132	70	1.94246
132	88	1.37953
132	115	0.935055
132	138	0.9307
132	145	0.873573
132	147	0.89167
132	156	0.798156
132	157	0.860097
132	159	0.871776
132	160	0.873017
132	161	0.895449
132	162	0.833452
132	163	0.907785
132	164	0.839289
132	165	0.840361
132	166	0.82869
