1	6	1.53379
1	12	0.624593
1	17	0.710361
1	22	0.648343
1	27	0.571086
1	31	0.600598
1	83	0.711754
1	131	0.626505
1	142	0.630564
1	152	0.550291
1	156	1.71192
1	179	5.78726
2	43	0.794133
2	57	0.794108
2	76	0.827765
2	77	0.759845
2	81	0.769429
2	86	0.828141
2	98	0.84948
2	107	2.91526
2	129	2.12675
2	150	2.98881
2	165	0.801745
2	170	0.775532
3	18	0.767741
3	19	0.767806
3	21	0.767862
3	23	0.607876
3	33	0.668068
3	36	0.767972
3	38	0.767996
3	39	0.738598
3	44	0.722683
3	145	3.5122
3	149	3.9126
3	172	0.62176
4	20	0.768818
4	79	0.730495
4	105	0.711083
4	108	0.691613
4	111	0.73983
4	112	0.668855
4	114	0.740619
4	118	0.714451
4	122	0.764194
4	149	2.83898
4	172	0.614891
4	180	4.67734
5	63	0.636373
5	64	0.638182
5	116	0.650669
5	126	0.638774
5	158	0.61937
5	170	0.621285
5	174	0.536434
5	175	0.531823
5	177	0.583456
5	178	0.584649
5	179	0.575962
5	180	0.581675
6	1	1.53379
6	12	0.725931
6	17	0.8117
6	22	0.749681
6	27	0.672424
6	131	0.727843
6	142	0.731902
6	152	0.651629
6	171	3.88049
6	173	2.79646
6	180	2.23628
7	13	0.967384
7	97	0.684581
7	131	0.936467
7	141	0.753154
7	149	0.746442
7	156	0.765387
7	167	0.700394
7	171	0.709428
7	177	0.712024
7	178	0.713217
7	179	0.70453
7	180	0.710244
8	33	0.704622
8	44	0.759236
8	80	0.716258
8	101	0.762353
8	115	0.77117
8	133	0.788444
8	144	3.61978
8	170	0.738421
8	171	4.24725
8	172	0.658314
8	174	0.65357
8	175	0.648959
9	11	0.695721
9	24	0.677131
9	26	0.770689
9	29	4.34463
9	37	0.744141
9	42	0.725784
9	46	0.728855
9	49	0.732182
9	62	0.769184
9	121	0.643926
9	127	2.71372
9	157	0.712547
10	113	0.626902
10	128	3.69729
10	150	0.730103
10	163	0.666877
10	166	0.651025
10	169	0.662788
10	173	0.650874
10	176	0.629684
10	177	0.647415
10	178	0.648608
10	179	0.639921
10	180	0.645635
11	9	0.695721
11	24	0.682613
11	26	0.776172
11	37	0.749623
11	42	0.731266
11	46	0.734338
11	49	0.737664
11	62	0.774666
11	75	3.51307
11	142	2.83415
11	157	0.71803
12	1	0.624593
12	6	0.725931
12	17	0.863323
12	22	0.801304
12	27	0.724048
12	107	2.15125
12	131	0.779467
12	142	0.783525
12	152	0.703252
12	158	4.02823
13	7	0.967384
13	30	0.823341
13	40	0.823254
13	67	0.794676
13	73	0.785472
13	82	0.828476
13	91	0.806984
13	104	0.844491
13	157	0.799388
13	166	3.06083
13	173	3.52448
13	175	0.693866
14	53	1.01438
14	57	0.600107
14	72	1.06437
14	76	0.757158
14	77	0.713553
14	81	0.574702
14	86	0.633414
14	98	0.654753
14	165	0.607017
14	170	0.580805
14	175	6.38125
14	178	2.54829
15	45	3.6529
15	110	0.641211
15	124	0.653647
15	140	0.678526
15	158	0.68773
15	171	0.649218
15	173	0.655274
15	176	0.634084
15	177	0.651815
15	178	0.653008
15	179	0.644321
15	180	0.650035
16	55	3.44534
16	139	0.697213
16	144	0.646585
16	152	0.647304
16	153	0.624265
16	159	0.729284
16	173	0.649826
16	176	0.628636
16	177	0.646367
16	178	0.64756
16	179	0.638873
16	180	0.644587
17	1	0.710361
17	6	0.8117
17	12	0.863323
17	22	0.887073
17	27	0.809816
17	131	0.865235
17	132	2.87069
17	142	0.869294
17	151	2.56365
17	152	0.789021
17	160	2.84835
18	3	0.767741
18	19	0.834548
18	21	0.834605
18	23	0.674618
18	33	0.734811
18	36	0.834714
18	38	0.834738
18	39	0.80534
18	44	0.789425
18	84	3.49395
18	148	2.56084
18	160	2.9526
18	172	0.688502
19	3	0.767806
19	18	0.834548
19	21	0.83467
19	23	0.674683
19	33	0.734876
19	36	0.834779
19	38	0.834803
19	39	0.805406
19	44	0.78949
19	145	2.40993
19	151	1.64061
19	172	0.688567
19	173	5.20888
20	4	0.768818
20	51	0.817206
20	54	3.32974
20	78	2.42291
20	95	3.06563
20	103	0.789028
20	105	0.686778
20	108	0.77317
20	112	0.750411
20	114	0.822175
20	118	0.796007
20	122	0.84575
20	172	0.696448
21	3	0.767862
21	18	0.834605
21	19	0.83467
21	23	0.674739
21	33	0.734932
21	36	0.834836
21	38	0.83486
21	39	0.805462
21	44	0.789546
21	125	2.88381
21	143	1.47924
21	169	4.2811
21	172	0.688624
22	1	0.648343
22	6	0.749681
22	12	0.801304
22	17	0.887073
22	27	0.747797
22	54	0.744978
22	83	0.888465
22	109	2.14809
22	131	0.803217
22	142	0.807275
22	147	3.54897
22	152	0.727002
22	164	3.3623
23	3	0.607876
23	18	0.674618
23	19	0.674683
23	21	0.674739
23	33	0.574946
23	36	0.674849
23	38	0.674873
23	39	0.645475
23	44	0.62956
23	83	0.733315
23	121	4.07274
23	172	1.23491
23	174	5.239
24	9	0.677131
24	11	0.682613
24	26	0.757581
24	37	0.731033
24	42	0.712676
24	46	0.715748
24	49	0.719074
24	62	0.756076
24	78	0.701241
24	90	3.22905
24	124	0.647382
24	157	0.69944
24	159	4.25041
25	60	0.735024
25	70	0.844777
25	71	0.781177
25	88	0.820074
25	93	0.862932
25	101	0.799983
25	135	3.00722
25	140	2.63898
25	158	2.88827
25	165	0.802263
25	170	0.776051
25	174	0.6912
25	175	0.686589
26	9	0.770689
26	11	0.776172
26	24	0.757581
26	37	0.824591
26	42	0.806234
26	46	0.809306
26	49	0.812632
26	62	0.849634
26	146	3.62079
26	154	1.97959
26	157	0.792998
26	168	2.83742
27	1	0.571086
27	6	0.672424
27	12	0.724048
27	17	0.809816
27	22	0.747797
27	31	0.700053
27	54	0.667722
27	83	0.811209
27	131	0.72596
27	142	0.730019
27	143	3.75264
27	150	3.63395
27	152	0.649746
28	90	0.677597
28	110	0.618892
28	119	4.37513
28	150	0.712183
28	159	0.712413
28	163	0.648958
28	166	0.633105
28	169	0.644868
28	171	0.626899
28	176	0.611765
28	177	0.629496
28	178	0.630689
28	179	0.622002
28	180	0.627715
29	9	4.34463
29	75	0.722488
29	86	0.990594
29	145	0.733346
29	153	0.670302
29	160	0.755741
29	166	0.696013
29	171	0.689807
29	173	0.695862
29	176	0.674673
29	177	0.692404
29	178	0.693597
29	179	0.68491
29	180	0.690623
30	13	0.823341
30	58	0.829228
30	59	0.697861
30	67	0.754097
30	73	0.744893
30	82	0.787897
30	91	0.766405
30	104	0.803912
30	131	0.782071
30	132	3.906
30	143	1.83194
30	156	3.33957
30	157	0.758809
30	175	0.653287
31	1	0.600598
31	27	0.700053
31	48	0.747647
31	91	0.739807
31	104	0.777314
31	108	0.712765
31	111	0.760982
31	112	0.690007
31	142	0.759531
31	145	3.21101
31	152	0.679258
31	175	0.626688
31	177	4.56596
32	55	0.778304
32	60	0.71705
32	65	0.828301
32	71	0.763203
32	88	0.8021
32	93	0.844958
32	101	0.782009
32	106	8.8
32	151	2.6623
32	165	0.784289
32	168	2.75196
32	170	0.758077
32	174	0.673226
32	175	0.668615
33	3	0.668068
33	8	0.704622
33	18	0.734811
33	19	0.734876
33	21	0.734932
33	23	0.574946
33	36	0.735042
33	38	0.735066
33	39	0.705668
33	44	0.689753
33	78	3.23813
33	83	0.793507
33	168	4.72858
33	172	0.58883
34	64	0.761462
34	66	0.744846
34	85	0.786586
34	116	0.773949
34	117	0.765681
34	119	0.765687
34	127	2.69571
34	128	0.779729
34	133	0.794588
34	134	0.795366
34	137	3.44003
34	142	2.62253
34	165	0.770777
34	174	0.659713
35	43	0.759357
35	53	0.731571
35	57	0.759332
35	72	0.781558
35	76	0.792989
35	77	0.725069
35	81	0.734654
35	84	2.39939
35	86	0.793366
35	98	0.814705
35	152	5.06209
35	165	0.766969
35	168	1.9447
35	170	0.740757
36	3	0.767972
36	18	0.834714
36	19	0.834779
36	21	0.834836
36	23	0.674849
36	33	0.735042
36	38	0.834969
36	39	0.805571
36	44	0.789656
36	146	2.30034
36	150	1.43053
36	171	5.79789
36	172	0.688733
37	9	0.744141
37	11	0.749623
37	24	0.731033
37	26	0.824591
37	42	0.779686
37	46	0.782758
37	49	0.786084
37	62	0.823086
37	120	3.71794
37	121	0.697829
37	124	0.714392
37	137	1.38725
37	148	3.71677
37	157	0.76645
38	3	0.767996
38	18	0.834738
38	19	0.834803
38	21	0.83486
38	23	0.674873
38	33	0.735066
38	36	0.834969
38	39	0.805595
38	44	0.78968
38	120	3.11748
38	150	1.33767
38	169	4.25821
38	172	0.688757
39	3	0.738598
39	18	0.80534
39	19	0.805406
39	21	0.805462
39	23	0.645475
39	33	0.705668
39	36	0.805571
39	38	0.805595
39	44	0.760282
39	83	0.864037
39	89	1.70183
39	123	2.11278
39	172	0.65936
39	177	5.54822
40	13	0.823254
40	41	0.781029
40	58	0.829141
40	59	0.697774
40	67	0.75401
40	73	0.744806
40	82	0.78781
40	91	0.766318
40	104	0.803825
40	136	2.31046
40	157	0.758722
40	159	2.13028
40	169	4.77591
40	175	0.6532
41	40	0.781029
41	58	0.827582
41	59	0.696215
41	67	0.752451
41	73	0.743247
41	82	0.786251
41	91	0.764759
41	102	2.98551
41	104	0.802266
41	106	0.658574
41	124	3.0194
41	131	0.780425
41	157	0.757163
41	175	0.651641
41	178	4.53624
42	9	0.725784
42	11	0.731266
42	24	0.712676
42	26	0.806234
42	37	0.779686
42	46	0.764401
42	49	0.767727
42	54	0.713116
42	62	0.804729
42	78	0.749894
42	90	2.30952
42	124	0.696035
42	137	2.5051
42	157	0.748092
42	170	4.50325
43	2	0.794133
43	35	0.759357
43	53	0.712151
43	57	0.739912
43	72	0.762137
43	76	0.773569
43	77	0.705649
43	81	0.715234
43	86	0.773945
43	98	0.795284
43	142	1.71508
43	165	0.747549
43	166	4.91226
43	170	0.721337
43	177	3.93191
44	3	0.722683
44	8	0.759236
44	18	0.789425
44	19	0.78949
44	21	0.789546
44	23	0.62956
44	33	0.689753
44	36	0.789656
44	38	0.78968
44	39	0.760282
44	83	0.848122
44	130	2.10561
44	135	3.88341
44	170	3.4083
44	172	0.643444
45	15	3.6529
45	55	0.759404
45	60	0.69815
45	65	0.809401
45	70	0.807903
45	71	0.744303
45	88	0.7832
45	93	0.826058
45	101	0.763109
45	139	2.44422
45	158	2.18515
45	165	0.765389
45	170	0.739177
45	174	0.654326
45	175	0.649715
46	9	0.728855
46	11	0.734338
46	24	0.715748
46	26	0.809306
46	37	0.782758
46	42	0.764401
46	49	0.770799
46	62	0.807801
46	78	0.752966
46	121	0.682544
46	124	0.699106
46	126	3.08749
46	146	2.64496
46	157	0.751164
46	180	4.4983
47	66	0.800431
47	84	1.70667
47	87	0.8321
47	116	0.829534
47	117	0.821266
47	119	0.821272
47	128	0.835315
47	133	0.850174
47	134	0.850952
47	157	0.81621
47	161	2.36788
47	165	0.826363
47	169	1.91546
47	171	5.5329
47	174	0.715299
48	31	0.747647
48	74	0.743779
48	79	0.769728
48	103	0.746705
48	105	0.644455
48	108	0.730847
48	111	0.779064
48	112	0.708088
48	114	0.779852
48	118	0.753684
48	122	0.803427
48	149	2.7119
48	156	1.28281
48	167	5.96973
48	172	0.654125
49	9	0.732182
49	11	0.737664
49	24	0.719074
49	26	0.812632
49	37	0.786084
49	42	0.767727
49	46	0.770799
49	54	0.719514
49	62	0.811127
49	121	0.68587
49	124	0.702433
49	146	1.45951
49	155	3.82676
49	157	0.75449
49	176	4.8749
50	79	0.766194
50	92	3.87628
50	103	0.74317
50	105	0.726234
50	108	0.727312
50	111	0.775529
50	112	0.704553
50	114	0.776317
50	118	0.750149
50	122	0.799893
50	131	0.770019
50	149	1.9302
50	162	0.713021
50	172	0.65059
50	178	4.6891
51	20	0.817206
51	103	0.75586
51	105	0.65361
51	108	0.740002
51	111	0.788219
51	112	0.717243
51	114	0.789007
51	118	0.762839
51	122	0.812582
51	139	3.90628
51	140	3.39792
51	152	0.706494
51	159	2.11869
51	162	0.72571
51	172	0.66328
52	91	2.68284
52	98	1.09213
52	99	0.718823
52	141	0.7147
52	154	0.735989
52	155	0.683053
52	161	0.686814
52	163	0.693032
52	166	0.677179
52	171	0.670973
52	173	0.677029
52	176	0.655839
52	177	0.67357
52	178	0.674763
52	179	0.666076
52	180	0.671789
53	14	1.01438
53	35	0.731571
53	43	0.712151
53	57	0.712126
53	72	0.734351
53	76	0.745783
53	77	0.677863
53	81	0.687447
53	86	0.746159
53	98	0.767498
53	100	3.90211
53	124	0.657553
53	150	1.83515
53	162	4.45208
53	165	0.719763
53	170	0.693551
54	20	3.32974
54	22	0.744978
54	27	0.667722
54	42	0.713116
54	49	0.719514
54	62	0.756516
54	87	1.83706
54	139	0.696836
54	142	0.727199
54	152	0.646926
54	155	0.655473
54	157	0.699879
54	177	0.64599
54	178	0.647183
54	179	0.638496
54	180	0.644209
55	16	3.44534
55	32	0.778304
55	45	0.759404
55	60	0.681936
55	65	0.793187
55	70	0.791689
55	71	0.728089
55	88	0.766986
55	93	0.809844
55	101	0.746895
55	162	1.41341
55	165	0.749175
55	170	0.722963
55	174	0.638112
55	175	0.633501
55	178	4.6108
56	80	0.765606
56	87	0.819718
56	94	1.85746
56	96	0.803261
56	115	0.820518
56	117	0.808885
56	119	0.808891
56	128	0.822933
56	133	0.837792
56	134	0.83857
56	152	2.32349
56	157	0.803829
56	162	0.770092
56	167	3.26227
56	172	5.25573
56	174	0.702917
57	2	0.794108
57	14	0.600107
57	35	0.759332
57	43	0.739912
57	53	0.712126
57	72	0.762112
57	76	0.773544
57	77	0.705624
57	81	0.715209
57	86	0.77392
57	98	0.79526
57	150	1.74808
57	156	3.3744
57	163	5.05601
57	165	0.747524
57	170	0.721312
58	30	0.829228
58	40	0.829141
58	41	0.827582
58	59	0.744328
58	67	0.800563
58	73	0.791359
58	78	1.53896
58	82	0.834363
58	91	0.812871
58	104	0.850378
58	125	2.2956
58	135	0.774876
58	143	1.84793
58	157	0.805275
58	175	0.699753
58	179	6.474
59	30	0.697861
59	40	0.697774
59	41	0.696215
59	58	0.744328
59	67	0.669196
59	68	1.4071
59	73	0.659992
59	82	0.702996
59	90	0.66812
59	91	0.681504
59	104	0.719011
59	131	0.69717
59	157	0.673908
59	174	7.61305
59	175	1.29115
59	179	2.28619
60	25	0.735024
60	32	0.71705
60	45	0.69815
60	55	0.681936
60	65	0.731933
60	70	0.730435
60	71	0.666835
60	88	0.705732
60	93	0.74859
60	101	0.685641
60	129	4.45151
60	142	3.9452
60	165	0.687921
60	170	0.661709
60	174	0.576858
60	175	0.572247
61	63	0.787423
61	80	0.750172
61	96	0.787828
61	109	2.7249
61	115	0.805085
61	116	0.801719
61	117	0.793452
61	119	0.793458
61	128	0.8075
61	133	0.822359
61	134	0.823137
61	138	1.74397
61	157	0.788396
61	161	4.62098
61	162	0.754659
61	170	2.6953
61	174	0.687484
62	9	0.769184
62	11	0.774666
62	24	0.756076
62	26	0.849634
62	37	0.823086
62	42	0.804729
62	46	0.807801
62	49	0.811127
62	54	0.756516
62	78	0.793294
62	100	2.3946
62	121	0.722872
62	124	0.739435
62	132	2.52038
62	157	0.791492
62	170	1.77493
62	180	5.22142
63	5	0.636373
63	61	0.787423
63	66	0.718105
63	78	0.735685
63	96	0.733317
63	107	2.10316
63	113	9.6
63	116	0.747208
63	117	0.73894
63	119	0.738946
63	127	1.27594
63	128	0.752988
63	133	0.767847
63	134	0.768625
63	162	0.700147
63	165	0.744036
63	174	0.632972
64	5	0.638182
64	34	0.761462
64	87	0.751582
64	96	0.735126
64	115	0.752382
64	117	0.740749
64	119	0.740755
64	126	3.6425
64	128	0.754798
64	133	0.769656
64	134	0.770435
64	135	0.705294
64	141	2.35169
64	162	0.701956
64	164	4.81265
64	165	0.745845
64	174	0.634782
65	32	0.828301
65	45	0.809401
65	55	0.793187
65	60	0.731933
65	70	0.841686
65	71	0.778086
65	88	0.816983
65	93	0.859841
65	101	0.796892
65	127	1.89255
65	154	2.00538
65	163	3.91407
65	165	0.799172
65	170	0.77296
65	174	0.688108
65	175	0.683497
65	177	4.61611
66	34	0.744846
66	47	0.800431
66	63	0.718105
66	85	0.745038
66	115	0.735766
66	116	0.732401
66	117	0.724133
66	119	0.724139
66	128	0.738182
66	133	0.75304
66	134	0.753818
66	151	2.25657
66	159	1.62626
66	162	0.68534
66	165	0.729229
66	174	0.618166
66	176	6.82669
67	13	0.794676
67	30	0.754097
67	40	0.75401
67	41	0.752451
67	58	0.800563
67	59	0.669196
67	73	0.716228
67	82	0.759232
67	91	0.73774
67	104	0.775247
67	106	0.631555
67	135	0.699744
67	154	2.92047
67	157	0.730144
67	158	3.32468
67	162	4.13818
67	175	0.624621
68	59	1.4071
68	93	2.04888
68	104	0.800079
68	137	0.792027
68	144	0.713656
68	150	0.796126
68	153	0.691337
68	156	0.766801
68	159	0.796356
68	169	0.728811
68	171	0.710842
68	175	0.661806
68	176	0.695708
68	177	0.713438
68	178	0.714632
68	179	0.705945
68	180	0.711658
69	99	0.715875
69	111	2.57164
69	119	1.76825
69	121	0.655891
69	139	0.721468
69	141	0.711752
69	166	0.674232
69	167	0.658991
69	168	0.705662
69	169	0.685994
69	171	0.668025
69	173	0.674081
69	176	0.652891
69	177	0.670622
69	178	0.671815
69	179	0.663128
69	180	0.668842
70	25	0.844777
70	45	0.807903
70	55	0.791689
70	60	0.730435
70	65	0.841686
70	71	0.776588
70	88	0.815484
70	93	0.858343
70	101	0.795393
70	120	1.16588
70	152	4.76053
70	164	4.03918
70	165	0.797674
70	168	1.64313
70	170	0.771462
70	174	0.68661
70	175	0.681999
71	25	0.781177
71	32	0.763203
71	45	0.744303
71	55	0.728089
71	60	0.666835
71	65	0.778086
71	70	0.776588
71	88	0.751885
71	93	0.794743
71	101	0.731794
71	141	3.3249
71	159	1.40766
71	164	5.78586
71	165	0.734074
71	170	0.707862
71	174	0.623011
71	175	0.6184
72	14	1.06437
72	35	0.781558
72	43	0.762137
72	53	0.734351
72	57	0.762112
72	76	0.795769
72	77	0.727849
72	81	0.737434
72	86	0.796146
72	98	0.817485
72	123	3.11721
72	124	0.707539
72	138	3.03865
72	142	1.17432
72	156	4.16902
72	165	0.769749
72	170	0.743537
73	13	0.785472
73	30	0.744893
73	40	0.744806
73	41	0.743247
73	58	0.791359
73	59	0.659992
73	67	0.716228
73	82	0.750028
73	91	0.728536
73	94	2.27874
73	104	0.766043
73	130	3.15448
73	131	0.744201
73	135	0.69054
73	148	4.78854
73	157	0.72094
73	175	0.615417
74	48	0.743779
74	79	0.747779
74	95	3.1818
74	99	3.28832
74	103	0.724756
74	105	0.70782
74	108	0.708898
74	111	0.757115
74	112	0.686139
74	114	0.757903
74	118	0.731735
74	122	0.781478
74	135	3.69486
74	142	0.755663
74	152	0.67539
74	162	0.694606
74	172	0.632176
75	11	3.51307
75	29	0.722488
75	80	0.672827
75	101	0.718922
75	103	2.17433
75	110	0.646557
75	128	0.730155
75	133	0.745014
75	134	0.745792
75	155	0.666644
75	163	0.676623
75	170	0.69499
75	174	0.610139
75	175	0.605528
75	178	0.658354
75	179	0.649667
75	180	0.65538
76	2	0.827765
76	14	0.757158
76	35	0.792989
76	43	0.773569
76	53	0.745783
76	57	0.773544
76	72	0.795769
76	77	0.739281
76	81	0.748865
76	86	0.807577
76	92	4.12372
76	98	0.828916
76	106	0.67244
76	120	1.9987
76	126	2.6052
76	165	0.781181
76	170	0.754968
76	179	4.82389
77	2	0.759845
77	14	0.713553
77	35	0.725069
77	43	0.705649
77	53	0.677863
77	57	0.705624
77	72	0.727849
77	76	0.739281
77	81	0.680945
77	83	0.811619
77	86	0.739657
77	97	8.4
77	98	0.760996
77	124	0.65105
77	126	1.86481
77	142	1.03808
77	165	0.713261
77	170	0.687048
78	20	2.42291
78	24	0.701241
78	33	3.23813
78	42	0.749894
78	46	0.752966
78	58	1.53896
78	62	0.793294
78	63	0.735685
78	87	0.752546
78	128	0.755762
78	134	0.771399
78	157	0.736657
78	164	0.684293
78	166	0.686377
78	171	0.680171
78	174	0.635746
78	177	0.682768
78	180	0.680987
79	4	0.730495
79	48	0.769728
79	50	0.766194
79	74	0.747779
79	99	2.04492
79	103	0.750705
79	105	0.947045
79	108	0.734847
79	111	0.783064
79	112	0.712088
79	114	0.783852
79	118	0.757684
79	122	0.807427
79	125	2.05233
79	139	2.59157
79	142	0.781612
79	172	0.658125
79	180	5.42285
80	8	0.716258
80	56	0.765606
80	61	0.750172
80	75	0.672827
80	85	0.722594
80	96	0.696066
80	115	0.713322
80	116	0.709957
80	117	0.701689
80	119	0.701695
80	128	0.715737
80	133	0.730596
80	134	0.731374
80	159	1.96778
80	165	0.706785
80	170	1.44814
80	172	2.8428
80	174	1.36476
80	175	9.14843
81	2	0.769429
81	14	0.574702
81	35	0.734654
81	43	0.715234
81	53	0.687447
81	57	0.715209
81	72	0.737434
81	76	0.748865
81	77	0.680945
81	83	0.821203
81	86	0.749242
81	98	0.770581
81	106	0.614104
81	123	1.29908
81	124	0.660635
81	138	1.22052
81	165	0.722845
81	170	0.696633
81	172	9.03127
82	13	0.828476
82	30	0.787897
82	40	0.78781
82	41	0.786251
82	58	0.834363
82	59	0.702996
82	67	0.759232
82	73	0.750028
82	90	0.758155
82	91	0.77154
82	104	0.809047
82	106	0.665355
82	107	2.03033
82	135	0.733544
82	140	3.65803
82	150	2.10388
82	157	0.763944
82	168	4.36095
82	175	0.658422
83	1	0.711754
83	22	0.888465
83	23	0.733315
83	27	0.811209
83	33	0.793507
83	39	0.864037
83	44	0.848122
83	77	0.811619
83	81	0.821203
83	98	0.901254
83	135	1.81451
83	146	1.85709
83	152	0.790413
83	160	1.93721
83	165	0.853519
83	170	0.827306
83	172	0.747199
83	176	5.27248
83	178	4.63097
84	18	3.49395
84	35	2.39939
84	47	1.70667
84	92	0.704621
84	125	0.749297
84	129	0.77578
84	140	0.71954
84	150	0.775515
84	158	0.728743
84	162	0.712981
84	163	0.71229
84	166	0.696438
84	167	0.681198
84	169	0.708201
84	176	0.675097
84	177	0.692828
84	178	0.694021
84	179	0.685334
84	180	0.691048
85	34	0.786586
85	66	0.745038
85	80	0.722594
85	87	0.776706
85	89	1.35666
85	96	0.76025
85	115	0.777506
85	116	0.774141
85	117	0.765873
85	119	0.765879
85	124	4.38444
85	128	0.779922
85	129	1.24231
85	133	0.79478
85	134	0.795559
85	162	0.72708
85	165	0.770969
85	174	0.659906
85	179	5.78863
86	2	0.828141
86	14	0.633414
86	29	0.990594
86	35	0.793366
86	43	0.773945
86	53	0.746159
86	57	0.77392
86	72	0.796146
86	76	0.807577
86	77	0.739657
86	81	0.749242
86	98	0.829293
86	106	0.672816
86	124	0.719347
86	141	1.85426
86	165	0.781557
86	167	5.97534
86	170	0.755345
86	177	3.67206
87	47	0.8321
87	54	1.83706
87	56	0.819718
87	64	0.751582
87	78	0.752546
87	85	0.776706
87	115	0.767434
87	116	0.764069
87	117	0.755801
87	119	0.755807
87	128	0.76985
87	133	0.784708
87	134	0.785487
87	135	0.720345
87	161	3.53659
87	162	0.717008
87	163	3.47155
87	168	2.42069
87	174	0.649834
88	25	0.820074
88	32	0.8021
88	45	0.7832
88	55	0.766986
88	60	0.705732
88	65	0.816983
88	70	0.815484
88	71	0.751885
88	93	0.83364
88	101	0.77069
88	121	0.694198
88	151	1.79372
88	162	2.52495
88	163	3.21594
88	165	0.772971
88	170	0.746759
88	173	5.36198
88	174	0.661907
88	175	0.657296
89	39	1.70183
89	85	1.35666
89	97	0.712184
89	102	0.740063
89	111	0.485336
89	128	2.11822
89	141	0.780757
89	148	0.774871
89	150	0.822314
89	163	0.759089
89	167	0.727996
89	168	0.774667
89	169	0.754999
89	171	0.73703
89	173	0.743086
89	176	0.721896
89	177	0.739627
89	178	0.74082
89	179	0.732133
89	180	0.737847
90	24	3.22905
90	28	0.677597
90	42	2.30952
90	59	0.66812
90	82	0.758155
90	91	0.736664
90	103	0.72548
90	104	0.77417
90	114	0.758627
90	117	1.29857
90	118	0.732459
90	122	0.782203
90	146	0.727307
90	169	0.69055
90	172	0.6329
90	173	0.678637
90	175	0.623545
90	177	0.675178
90	178	0.676371
90	180	0.673398
91	13	0.806984
91	30	0.766405
91	31	0.739807
91	40	0.766318
91	41	0.764759
91	52	2.68284
91	58	0.812871
91	59	0.681504
91	67	0.73774
91	73	0.728536
91	82	0.77154
91	90	0.736664
91	104	0.787555
91	106	0.643864
91	131	0.765714
91	135	0.712052
91	141	3.12609
91	156	2.56025
91	157	0.742452
91	169	3.85448
91	175	0.63693
92	50	3.87628
92	76	4.12372
92	84	0.704621
92	94	0.748459
92	130	0.742747
92	140	0.665581
92	141	0.679999
92	143	0.741479
92	146	0.690998
92	149	0.673287
92	159	0.721786
92	164	0.640394
92	173	0.642328
92	174	0.591848
92	175	0.587237
92	176	0.621138
92	177	0.638869
92	178	0.640062
92	179	0.631375
92	180	0.637089
93	25	0.862932
93	32	0.844958
93	45	0.826058
93	55	0.809844
93	60	0.74859
93	65	0.859841
93	68	2.04888
93	70	0.858343
93	71	0.794743
93	88	0.83364
93	101	0.813549
93	121	0.737056
93	127	1.27974
93	143	1.84062
93	150	1.72193
93	165	0.815829
93	170	0.789617
93	174	0.704766
93	175	0.700155
93	177	5.73189
94	56	1.85746
94	73	2.27874
94	92	0.748459
94	102	0.737102
94	113	0.716153
94	116	0.345738
94	123	0.815819
94	128	1.22351
94	146	0.788795
94	149	0.771084
94	150	0.819354
94	153	0.714565
94	167	0.725036
94	168	0.771706
94	171	0.73407
94	176	0.718935
94	177	0.736666
94	178	0.737859
94	179	0.729172
94	180	0.734886
95	20	3.06563
95	74	3.1818
95	97	0.655462
95	106	0.638206
95	113	0.662391
95	119	0.927708
95	120	0.750227
95	130	0.786783
95	150	0.765592
95	151	0.763023
95	158	0.71882
95	161	0.69615
95	167	0.671275
95	168	0.717945
95	169	0.698278
95	173	0.686364
95	176	0.665174
95	177	0.682905
95	178	0.684098
95	179	0.675411
95	180	0.681125
96	56	0.803261
96	61	0.787828
96	63	0.733317
96	64	0.735126
96	80	0.696066
96	85	0.76025
96	100	2.50329
96	109	1.91322
96	115	0.750978
96	116	0.747613
96	117	0.739345
96	119	0.739351
96	128	0.753393
96	133	0.768252
96	134	0.76903
96	135	0.703889
96	157	0.734289
96	165	0.744441
96	169	3.35688
96	174	0.633377
96	178	6.25065
97	7	0.684581
97	77	8.4
97	89	0.712184
97	95	0.655462
97	113	0.57912
97	126	0.654952
97	130	0.703512
97	135	0.623124
97	145	0.640576
97	146	0.651763
97	153	0.577532
97	154	0.662053
97	160	0.662971
97	163	0.619096
97	171	0.597037
97	173	0.603093
97	176	0.581903
97	177	0.599634
97	178	0.600827
97	179	0.59214
97	180	0.597853
98	2	0.84948
98	14	0.654753
98	35	0.814705
98	43	0.795284
98	52	1.09213
98	53	0.767498
98	57	0.79526
98	72	0.817485
98	76	0.828916
98	77	0.760996
98	81	0.770581
98	83	0.901254
98	86	0.829293
98	106	0.694155
98	124	0.740686
98	130	1.47929
98	162	1.96015
98	165	0.802896
98	166	4.33354
98	170	0.776684
98	173	4.79719
99	52	0.718823
99	69	0.715875
99	74	3.28832
99	79	2.04492
99	109	0.751817
99	121	0.657599
99	126	0.727648
99	127	0.779213
99	139	0.723176
99	151	0.752448
99	163	0.691792
99	164	0.673855
99	165	1.88177
99	167	0.660699
99	168	0.70737
99	169	0.687702
99	171	0.669733
99	177	0.67233
99	178	0.673523
99	179	0.664836
99	180	0.670549
100	53	3.90211
100	62	2.3946
100	96	2.50329
100	120	0.731518
100	121	0.649465
100	125	0.720665
100	127	0.771079
100	136	0.781344
100	144	0.664414
100	151	0.744314
100	153	0.642094
100	156	0.717558
100	159	0.747113
100	160	0.727533
100	161	0.67744
100	171	0.661599
100	173	0.667655
100	176	0.646465
100	177	0.664196
100	178	0.665389
100	179	0.656702
100	180	0.662415
101	8	0.762353
101	25	0.799983
101	32	0.782009
101	45	0.763109
101	55	0.746895
101	60	0.685641
101	65	0.796892
101	70	0.795393
101	71	0.731794
101	75	0.718922
101	88	0.77069
101	93	0.813549
101	121	0.674107
101	138	1.79025
101	159	1.56921
101	162	3.91123
101	165	0.75288
101	170	0.726668
101	174	0.641816
101	175	0.637205
101	180	6.18808
102	41	2.98551
102	89	0.740063
102	94	0.737102
102	107	0.705022
102	139	0.678359
102	140	0.654224
102	141	0.668643
102	144	0.627731
102	146	0.679642
102	150	0.7102
102	154	0.689932
102	164	0.629038
102	165	4.6295
102	167	0.615882
102	168	0.662553
102	169	0.642885
102	171	0.624916
102	173	0.630972
102	177	0.627513
102	178	0.628706
102	179	0.620019
102	180	0.625732
103	20	0.789028
103	48	0.746705
103	50	0.74317
103	51	0.75586
103	74	0.724756
103	75	2.17433
103	79	0.750705
103	90	0.72548
103	105	0.710745
103	108	0.711823
103	111	0.76004
103	112	0.689065
103	114	0.760829
103	118	0.734661
103	122	0.784404
103	137	2.31291
103	138	3.35974
103	142	0.758589
103	152	0.678316
103	154	4.26301
103	162	0.697532
103	172	0.635101
104	13	0.844491
104	30	0.803912
104	31	0.777314
104	40	0.803825
104	41	0.802266
104	58	0.850378
104	59	0.719011
104	67	0.775247
104	68	0.800079
104	73	0.766043
104	82	0.809047
104	90	0.77417
104	91	0.787555
104	106	0.68137
104	130	1.49338
104	131	0.803221
104	135	0.749559
104	148	2.25178
104	157	0.779959
104	161	3.84609
104	166	5.46344
104	175	0.674437
105	4	0.711083
105	20	0.686778
105	48	0.644455
105	50	0.726234
105	51	0.65361
105	74	0.70782
105	79	0.947045
105	103	0.710745
105	108	0.907261
105	111	0.906318
105	112	1.24557
105	114	0.658578
105	118	0.981412
105	122	0.682154
105	139	2.92222
105	152	0.681927
105	153	5.30269
105	162	0.701143
105	171	2.76388
105	172	0.638713
105	174	7.25443
105	178	2.04021
106	32	8.8
106	41	0.658574
106	67	0.631555
106	76	0.67244
106	81	0.614104
106	82	0.665355
106	86	0.672816
106	91	0.643864
106	95	0.638206
106	98	0.694155
106	104	0.68137
106	120	0.6497
106	136	0.699526
106	160	0.645716
106	162	0.602531
106	170	0.620208
106	171	0.579781
106	175	0.530745
106	176	0.564647
106	177	0.582378
106	179	0.574884
106	180	0.580598
107	2	2.91526
107	12	2.15125
107	63	2.10316
107	82	2.03033
107	102	0.705022
107	137	0.783174
107	141	0.745716
107	145	0.745528
107	146	0.756715
107	149	0.739004
107	155	0.714069
107	158	0.740501
107	159	0.787503
107	167	0.692956
107	168	0.739626
107	170	0.742416
107	171	0.701989
107	173	0.708045
107	176	0.686855
107	177	0.704586
107	178	0.705779
107	179	0.697092
107	180	0.702806
108	4	0.691613
108	20	0.77317
108	31	0.712765
108	48	0.730847
108	50	0.727312
108	51	0.740002
108	74	0.708898
108	79	0.734847
108	103	0.711823
108	105	0.907261
108	111	0.744182
108	112	0.673207
108	118	0.718802
108	122	0.768546
108	131	0.738672
108	132	3.10293
108	142	0.742731
108	152	0.662458
108	160	3.0806
108	162	0.681674
108	170	2.35748
108	172	0.619243
108	180	5.80397
109	22	2.14809
109	61	2.7249
109	96	1.91322
109	99	0.751817
109	113	0.686051
109	122	1.15009
109	127	0.813448
109	140	0.733276
109	143	0.809174
109	152	0.707501
109	153	0.684463
109	154	0.768983
109	155	0.716047
109	158	0.742479
109	161	0.719809
109	166	0.710174
109	167	0.694934
109	168	0.741604
109	169	0.721937
109	176	0.688834
109	177	0.706564
109	179	0.699071
109	180	0.704784
110	15	0.641211
110	28	0.618892
110	75	0.646557
110	133	7.95648
110	147	0.612108
110	152	0.61741
110	156	0.669835
110	158	0.652388
110	159	0.69939
110	160	0.67981
110	161	0.629717
110	162	0.636626
110	163	0.635935
110	169	0.631845
110	171	0.613876
110	172	0.574195
110	173	0.619932
110	174	0.569451
110	176	0.598742
110	177	0.616473
110	178	0.617666
110	179	0.608979
110	180	0.614692
111	4	0.73983
111	31	0.760982
111	48	0.779064
111	50	0.775529
111	51	0.788219
111	69	2.57164
111	74	0.757115
111	79	0.783064
111	89	0.485336
111	103	0.76004
111	105	0.906318
111	108	0.744182
111	112	0.721423
111	114	0.793187
111	118	0.767019
111	122	0.816763
111	131	0.786889
111	144	6.23229
111	152	0.710675
111	158	2.12521
111	159	1.50388
111	162	0.729891
111	172	0.66746
112	4	0.668855
112	20	0.750411
112	31	0.690007
112	48	0.708088
112	50	0.704553
112	51	0.717243
112	74	0.686139
112	79	0.712088
112	103	0.689065
112	105	1.24557
112	108	0.673207
112	111	0.721423
112	114	0.722212
112	118	0.696044
112	122	0.745787
112	131	0.715913
112	136	1.52399
112	137	2.33234
112	142	0.719972
112	162	0.658915
112	172	0.596484
112	175	11.2703
112	180	1.55176
113	10	0.626902
113	63	9.6
113	94	0.716153
113	95	0.662391
113	97	0.57912
113	109	0.686051
113	154	0.668982
113	155	0.616046
113	156	0.659926
113	159	0.68948
113	161	0.619808
113	163	0.626025
113	164	0.608088
113	166	0.610173
113	167	0.594933
113	168	0.641603
113	169	0.621936
113	173	0.610022
113	175	0.55493
113	176	0.588832
113	177	0.606563
113	178	0.607756
113	179	0.599069
113	180	0.604783
114	4	0.740619
114	20	0.822175
114	48	0.779852
114	50	0.776317
114	51	0.789007
114	74	0.757903
114	79	0.783852
114	90	0.758627
114	103	0.760829
114	105	0.658578
114	111	0.793187
114	112	0.722212
114	118	0.767808
114	121	6.32726
114	122	0.817551
114	131	0.787677
114	142	0.791736
114	151	1.4076
114	152	0.711463
114	154	2.61375
114	162	0.730679
114	170	2.58939
114	172	0.668248
114	174	7.49352
115	8	0.77117
115	56	0.820518
115	61	0.805085
115	64	0.752382
115	66	0.735766
115	80	0.713322
115	85	0.777506
115	87	0.767434
115	96	0.750978
115	116	0.764869
115	117	0.756601
115	119	0.756607
115	128	0.77065
115	133	0.785508
115	134	0.786286
115	135	0.721145
115	136	2.12599
115	157	0.751545
115	160	1.45126
115	165	0.761697
115	172	6.4702
115	173	3.61746
115	174	0.650634
115	179	3.86516
116	5	0.650669
116	34	0.773949
116	47	0.829534
116	61	0.801719
116	63	0.747208
116	66	0.732401
116	80	0.709957
116	85	0.774141
116	87	0.764069
116	94	0.345738
116	96	0.747613
116	115	0.764869
116	117	0.753236
116	119	0.753242
116	123	1.6514
116	128	0.767284
116	133	0.782143
116	134	0.782921
116	136	1.53198
116	146	4.11732
116	157	0.74818
116	162	0.714443
116	165	0.758332
116	174	0.647268
116	176	7.53271
117	34	0.765681
117	47	0.821266
117	56	0.808885
117	61	0.793452
117	63	0.73894
117	64	0.740749
117	66	0.724133
117	80	0.701689
117	85	0.765873
117	87	0.755801
117	90	1.29857
117	96	0.739345
117	115	0.756601
117	116	0.753236
117	119	0.744974
117	123	2.61952
117	125	3.56827
117	128	0.759017
117	133	0.773875
117	134	0.774653
117	157	0.739912
117	158	3.84845
117	162	0.706175
117	170	3.4923
117	174	0.639001
118	4	0.714451
118	20	0.796007
118	48	0.753684
118	50	0.750149
118	51	0.762839
118	74	0.731735
118	79	0.757684
118	90	0.732459
118	103	0.734661
118	105	0.981412
118	108	0.718802
118	111	0.767019
118	112	0.696044
118	114	0.767808
118	122	0.791383
118	127	1.34233
118	131	0.761509
118	142	0.765568
118	144	4.54793
118	152	0.685295
118	155	4.04508
118	162	0.704511
118	169	1.55795
118	172	0.64208
118	176	5.09323
119	28	4.37513
119	34	0.765687
119	47	0.821272
119	56	0.808891
119	61	0.793458
119	63	0.738946
119	64	0.740755
119	66	0.724139
119	69	1.76825
119	80	0.701695
119	85	0.765879
119	87	0.755807
119	95	0.927708
119	96	0.739351
119	115	0.756607
119	116	0.753242
119	117	0.744974
119	128	0.759022
119	133	0.773881
119	134	0.774659
119	157	0.739918
119	161	3.22847
119	162	0.706181
119	168	2.11257
119	174	0.639006
120	37	3.71794
120	38	3.11748
120	70	1.16588
120	76	1.9987
120	95	0.750227
120	100	0.731518
120	106	0.6497
120	129	0.777351
120	138	0.771447
120	140	0.721111
120	141	0.735529
120	147	0.690035
120	151	0.774517
120	155	0.703882
120	156	0.747762
120	166	0.698009
120	167	0.682769
120	168	0.729439
120	171	0.691802
120	173	0.697858
120	176	0.676668
120	177	0.694399
120	178	0.695592
120	179	0.686905
120	180	0.692619
121	9	0.643926
121	23	4.07274
121	37	0.697829
121	46	0.682544
121	49	0.68587
121	62	0.722872
121	69	0.655891
121	88	0.694198
121	93	0.737056
121	99	0.657599
121	100	0.649465
121	101	0.674107
121	114	6.32726
121	140	0.639057
121	143	0.714955
121	157	0.666235
121	165	0.676388
121	170	0.650175
121	172	0.570068
121	173	0.615804
121	174	0.565324
121	175	0.560713
121	177	0.612346
121	178	0.613539
121	179	0.604852
121	180	0.610565
122	4	0.764194
122	20	0.84575
122	48	0.803427
122	50	0.799893
122	51	0.812582
122	74	0.781478
122	79	0.807427
122	90	0.782203
122	103	0.784404
122	105	0.682154
122	108	0.768546
122	109	1.15009
122	111	0.816763
122	112	0.745787
122	114	0.817551
122	118	0.791383
122	129	1.88683
122	131	0.811253
122	139	1.73571
122	142	0.815311
122	145	2.32822
122	152	0.735038
122	155	5.08088
122	162	0.754254
122	172	0.691824
122	179	5.37487
123	39	2.11278
123	72	3.11721
123	81	1.29908
123	94	0.815819
123	116	1.6514
123	117	2.61952
123	130	0.810108
123	142	0.78744
123	147	0.701865
123	148	0.741474
123	149	0.740648
123	151	0.786348
123	156	0.759592
123	158	0.742145
123	159	0.789147
123	160	0.769567
123	161	0.719474
123	164	0.707755
123	168	0.74127
123	169	0.721602
123	171	0.703633
123	174	0.659208
123	176	0.688499
123	177	0.70623
123	178	0.707423
123	179	0.698736
123	180	0.70445
124	15	0.653647
124	24	0.647382
124	37	0.714392
124	41	3.0194
124	42	0.696035
124	46	0.699106
124	49	0.702433
124	53	0.657553
124	62	0.739435
124	72	0.707539
124	77	0.65105
124	81	0.660635
124	85	4.38444
124	86	0.719347
124	98	0.740686
124	131	2.33707
124	144	0.629126
124	149	0.663326
124	151	0.709026
124	157	0.682798
124	165	0.69295
124	170	0.666738
124	171	0.626312
124	173	0.632367
124	177	0.628909
124	178	0.630102
124	179	0.621415
124	180	0.627128
125	21	2.88381
125	58	2.2956
125	79	2.05233
125	84	0.749297
125	100	0.720665
125	117	3.56827
125	126	0.738864
125	132	0.723829
125	139	0.734392
125	140	0.710257
125	147	0.679181
125	149	0.717964
125	151	0.763664
125	155	0.693029
125	158	0.719461
125	160	0.746883
125	164	0.685071
125	168	0.718586
125	169	0.698918
125	171	0.680949
125	172	0.641268
125	173	0.687005
125	176	0.665815
125	177	0.683546
125	178	0.684739
125	179	0.676052
125	180	0.681765
126	5	0.638774
126	46	3.08749
126	64	3.6425
126	76	2.6052
126	77	1.86481
126	97	0.654952
126	99	0.727648
126	125	0.738864
126	132	0.722678
126	138	0.759443
126	139	0.733241
126	140	0.709107
126	146	0.734524
126	147	0.678031
126	154	0.744814
126	158	0.71831
126	163	0.701857
126	164	0.68392
126	166	0.686005
126	168	0.717435
126	169	0.697768
126	171	0.679799
126	173	0.685854
126	176	0.664664
126	177	0.682395
126	178	0.683588
126	179	0.674901
126	180	0.680615
127	9	2.71372
127	34	2.69571
127	63	1.27594
127	65	1.89255
127	93	1.27974
127	99	0.779213
127	100	0.771079
127	109	0.813448
127	118	1.34233
127	129	0.816912
127	138	0.811008
127	145	0.774902
127	151	0.814078
127	154	0.796379
127	158	0.769875
127	159	0.816877
127	161	0.747204
127	163	0.753422
127	164	0.735485
127	166	0.73757
127	169	0.749332
127	171	0.731363
127	173	0.737419
127	176	0.716229
127	177	0.73396
127	178	0.735153
127	179	0.726466
127	180	0.73218
128	10	3.69729
128	34	0.779729
128	47	0.835315
128	56	0.822933
128	61	0.8075
128	63	0.752988
128	64	0.754798
128	66	0.738182
128	75	0.730155
128	78	0.755762
128	80	0.715737
128	85	0.779922
128	87	0.76985
128	89	2.11822
128	94	1.22351
128	96	0.753393
128	115	0.77065
128	116	0.767284
128	117	0.759017
128	119	0.759022
128	129	1.0926
128	133	0.787924
128	134	0.788702
128	136	2.40975
128	157	0.753961
128	160	4.12506
128	165	0.764113
128	174	0.653049
129	2	2.12675
129	60	4.45151
129	84	0.77578
129	85	1.24231
129	120	0.777351
129	122	1.88683
129	127	0.816912
129	128	1.0926
129	144	0.710246
129	145	0.750971
129	148	0.745273
129	151	0.790147
129	153	0.687927
129	155	0.719512
129	156	0.763391
129	159	0.792946
129	161	0.723273
129	163	0.729491
129	168	0.745069
129	169	0.725401
129	171	0.707432
129	173	0.713488
129	176	0.692298
129	177	0.710029
129	178	0.711222
129	179	0.702535
129	180	0.708248
130	44	2.10561
130	73	3.15448
130	92	0.742747
130	95	0.786783
130	97	0.703512
130	98	1.47929
130	104	1.49338
130	123	0.810108
130	132	0.771238
130	133	0.428218
130	137	0.809543
130	138	0.808003
130	146	0.783084
130	147	0.72659
130	154	0.793374
130	156	0.784317
130	159	0.813872
130	165	0.510517
130	167	0.719324
130	168	0.765995
130	169	0.746327
130	170	0.768784
130	171	0.728358
130	172	0.688677
130	173	0.734414
130	177	0.730955
130	178	0.732148
130	179	0.723461
130	180	0.729174
131	1	0.626505
131	6	0.727843
131	7	0.936467
131	12	0.779467
131	17	0.865235
131	22	0.803217
131	27	0.72596
131	30	0.782071
131	41	0.780425
131	50	0.770019
131	59	0.69717
131	73	0.744201
131	91	0.765714
131	104	0.803221
131	108	0.738672
131	111	0.786889
131	112	0.715913
131	114	0.787677
131	118	0.761509
131	122	0.811253
131	124	2.33707
131	135	0.727718
131	142	0.785438
131	152	0.705165
131	155	3.44727
131	166	3.02992
131	171	4.57759
131	172	0.66195
131	173	3.49356
131	175	0.652595
132	17	2.87069
132	30	3.906
132	62	2.52038
132	108	3.10293
132	125	0.723829
132	126	0.722678
132	130	0.771238
132	136	0.784508
132	144	0.667577
132	146	0.719488
132	147	0.662995
132	151	0.747477
132	153	0.645258
132	155	0.676843
132	159	0.750277
132	160	0.730697
132	161	0.680604
132	164	0.668885
132	166	0.670969
132	168	0.7024
132	169	0.682732
132	170	0.705189
132	171	0.664763
132	172	0.625082
132	173	0.670818
132	175	0.615727
132	176	0.649629
132	177	0.66736
132	178	0.668553
132	179	0.659866
132	180	0.665579
133	8	0.788444
133	34	0.794588
133	47	0.850174
133	56	0.837792
133	61	0.822359
133	63	0.767847
133	64	0.769656
133	66	0.75304
133	75	0.745014
133	80	0.730596
133	85	0.79478
133	87	0.784708
133	96	0.768252
133	110	7.95648
133	115	0.785508
133	116	0.782143
133	117	0.773875
133	119	0.773881
133	128	0.787924
133	130	0.428218
133	134	0.803561
133	135	0.738419
133	136	1.62221
133	145	2.93864
133	151	2.16933
133	154	1.68286
133	157	0.768819
133	162	0.735082
133	165	0.778971
133	170	1.73091
133	174	0.667908
134	34	0.795366
134	47	0.850952
134	56	0.83857
134	61	0.823137
134	63	0.768625
134	64	0.770435
134	66	0.753818
134	75	0.745792
134	78	0.771399
134	80	0.731374
134	85	0.795559
134	87	0.785487
134	96	0.76903
134	115	0.786286
134	116	0.782921
134	117	0.774653
134	119	0.774659
134	128	0.788702
134	133	0.803561
134	135	0.739198
134	148	1.88207
134	152	4.25388
134	154	1.33494
134	156	1.56203
134	157	0.769597
134	162	0.735861
134	165	0.77975
134	167	5.19266
134	174	0.668686
134	177	2.88938
134	178	4.69373
135	25	3.00722
135	44	3.88341
135	58	0.774876
135	64	0.705294
135	67	0.699744
135	73	0.69054
135	74	3.69486
135	82	0.733544
135	83	1.81451
135	87	0.720345
135	91	0.712052
135	96	0.703889
135	97	0.623124
135	104	0.749559
135	115	0.721145
135	131	0.727718
135	133	0.738419
135	134	0.739198
135	147	0.646202
135	150	0.733254
135	151	0.730685
135	164	0.652092
135	165	0.714609
135	173	0.654026
135	174	0.603545
135	175	0.598934
135	176	0.632836
135	177	0.650567
135	178	0.65176
135	179	0.643073
135	180	0.648786
136	40	2.31046
136	100	0.781344
136	106	0.699526
136	112	1.52399
136	115	2.12599
136	116	1.53198
136	128	2.40975
136	132	0.784508
136	133	1.62221
136	137	0.822813
136	139	0.795071
136	141	0.785355
136	145	0.785167
136	150	0.826912
136	154	0.806644
136	156	0.797587
136	157	1.00447
136	158	0.78014
136	159	0.827142
136	161	0.757469
136	164	0.74575
136	166	0.747835
136	167	0.732594
136	168	0.779265
136	169	0.759597
136	171	0.741628
136	173	0.747684
136	176	0.726494
136	177	0.744225
136	178	0.745418
136	179	0.736731
136	180	0.742445
137	34	3.44003
137	37	1.38725
137	42	2.5051
137	68	0.792027
137	103	2.31291
137	107	0.783174
137	112	2.33234
137	130	0.809543
137	136	0.822813
137	138	0.782713
137	140	0.732376
137	142	0.786875
137	144	0.705883
137	145	0.746607
137	150	0.788352
137	151	0.785783
137	153	0.683563
137	156	0.759027
137	157	0.95121
137	160	0.769003
137	161	0.718909
137	163	0.725127
137	169	0.721037
137	171	0.703068
137	172	0.663387
137	173	0.709124
137	174	0.658643
137	175	0.654032
137	176	0.687934
137	177	0.705665
137	178	0.706858
137	179	0.698171
137	180	0.703885
138	61	1.74397
138	72	3.03865
138	81	1.22052
138	101	1.79025
138	103	3.35974
138	120	0.771447
138	126	0.759443
138	127	0.811008
138	130	0.808003
138	137	0.782713
138	139	0.754971
138	141	0.745255
138	144	0.704343
138	147	0.69976
138	148	0.739369
138	151	0.784243
138	153	0.682023
138	154	0.766544
138	156	0.757487
138	159	0.787042
138	160	0.767462
138	162	0.724278
138	165	0.86188
138	166	0.707735
138	167	0.692494
138	171	0.701528
138	173	0.707584
138	175	0.652492
138	176	0.686394
138	177	0.704125
138	178	0.705318
138	179	0.696631
138	180	0.702344
