1	63	1.04999
1	71	0.869409
1	99	0.859407
1	120	0.829481
1	130	1.04982
1	134	1.023
1	146	1.0517
1	169	1.05769
1	171	1.06107
1	172	1.05195
1	173	1.04637
1	179	1.0584
2	14	0.977836
2	35	0.923925
2	57	1.09297
2	89	1.00531
2	93	1.06974
2	96	0.802271
2	104	0.8759
2	143	1.06233
2	153	1.04966
2	157	1.04245
2	168	1.05776
2	175	1.04726
3	99	0.939113
3	114	0.928758
3	119	1.26937
3	140	0.921384
3	158	0.953057
3	162	0.920765
3	163	0.947805
3	166	1.16623
3	174	0.930985
3	177	0.927822
3	178	0.930312
3	179	1.15893
4	44	0.899788
4	61	0.965827
4	84	1.11215
4	128	0.946751
4	138	0.930176
4	146	0.92883
4	155	0.937871
4	171	0.938192
4	172	0.929073
4	173	0.923492
4	176	1.24342
4	180	1.2387
5	13	1.10183
5	34	0.926214
5	37	1.02393
5	48	1.05448
5	127	0.815819
5	131	1.03847
5	146	0.811291
5	149	1.04481
5	177	1.05265
5	178	1.05514
5	179	1.04479
5	180	1.03839
6	7	0.979002
6	40	0.91029
6	43	1.02189
6	44	0.887157
6	79	0.901525
6	120	1.27567
6	127	0.940193
6	135	1.2922
6	137	1.03733
6	165	0.92352
6	171	0.92556
6	173	0.91086
7	6	0.979002
7	10	0.979648
7	68	0.91108
7	83	1.10742
7	92	1.08302
7	99	0.93178
7	133	1.08301
7	154	0.901758
7	157	1.04245
7	166	1.07831
7	174	0.863302
7	180	1.04714
8	50	1.25167
8	85	0.895761
8	99	0.941136
8	110	0.962776
8	156	0.925135
8	159	1.20629
8	162	0.922789
8	163	0.949829
8	167	0.93723
8	174	0.933009
8	178	0.932336
8	179	1.13626
9	26	1.04742
9	51	1.30211
9	55	0.985421
9	69	1.24442
9	95	0.927711
9	108	0.98135
9	112	0.926925
9	128	0.930194
9	164	0.907314
9	171	0.921634
9	172	0.912516
9	173	0.906934
10	7	0.979648
10	31	0.936728
10	105	0.967634
10	140	1.21741
10	146	0.916845
10	155	0.925886
10	156	1.17959
10	171	0.926207
10	172	0.917088
10	174	1.20876
10	176	0.912818
10	180	0.917146
11	17	0.785609
11	33	0.751496
11	100	1.04568
11	141	1.07318
11	142	1.03498
11	151	1.06295
11	152	1.04579
11	153	1.0524
11	159	1.04181
11	165	1.00807
11	179	1.05628
11	180	1.04989
12	42	1.03417
12	60	1.09666
12	100	1.03893
12	105	1.09362
12	122	0.863963
12	123	0.757069
12	143	1.05832
12	152	1.03904
12	174	0.88914
12	175	1.04325
12	179	1.04953
12	180	1.04313
13	5	1.10183
13	50	0.993313
13	125	1.0419
13	148	1.04479
13	149	0.947702
13	165	0.943272
13	167	0.865284
13	170	1.06744
13	175	1.04819
13	178	0.851343
13	179	1.05447
13	180	1.04807
14	2	0.977836
14	17	1.13002
14	33	1.0959
14	58	1.3804
14	93	0.937933
14	159	0.907255
14	160	0.937692
14	166	0.9465
14	169	0.921023
14	170	0.934696
14	179	0.921731
14	180	0.915334
15	54	1.16108
15	69	0.748353
15	88	1.17083
15	89	1.16909
15	91	0.683222
15	144	0.698237
15	152	0.788354
15	154	1.21147
15	165	1.22107
15	166	0.672126
15	167	1.23568
15	178	1.23079
16	31	1.07006
16	46	1.09171
16	65	0.989293
16	84	0.770111
16	119	0.984133
16	124	0.906495
16	129	0.931641
16	146	1.05017
16	147	1.0583
16	164	1.04521
16	172	1.05042
16	173	1.04483
17	11	0.785609
17	14	1.13002
17	39	1.12698
17	45	0.998798
17	114	1.05353
17	135	1.01904
17	157	0.842407
17	167	1.05998
17	169	0.838166
17	176	1.03401
17	177	1.05259
17	178	1.05508
18	82	0.833312
18	92	1.07019
18	119	1.01632
18	133	1.07018
18	145	1.07597
18	165	0.968307
18	168	1.04493
18	170	1.05368
18	173	0.890179
18	175	1.03443
18	177	0.91491
18	180	1.03431
19	37	0.947026
19	77	1.01828
19	84	1.05383
19	102	1.0079
19	126	0.982647
19	127	1.02513
19	139	0.960356
19	164	0.99618
19	171	1.0105
19	172	1.00138
19	173	0.995801
19	179	1.00784
19	180	1.00144
20	32	1.01064
20	79	0.990045
20	111	1.03952
20	142	0.990109
20	145	1.04667
20	153	1.00754
20	157	1.00033
20	158	0.907035
20	161	1.00504
20	168	1.01564
20	171	0.984951
20	175	1.00513
20	180	1.00502
21	87	1.09269
21	129	1.00167
21	131	0.981656
21	137	1.03524
21	140	1.00154
21	143	0.894242
21	156	1.00327
21	163	1.02796
21	165	1.00074
21	174	1.01114
21	177	1.00798
21	178	1.01047
21	180	0.923547
22	67	0.816431
22	75	1.11799
22	105	1.17923
22	130	1.12656
22	139	0.811919
22	144	1.14179
22	147	0.745076
22	150	1.11375
22	160	1.1511
22	165	0.794764
22	169	1.13443
22	177	0.741367
22	179	1.13514
23	46	1.00609
23	59	1.03532
23	115	1.00943
23	135	0.980904
23	154	0.997625
23	156	1.00975
23	158	1.03969
23	159	0.749607
23	164	1.08345
23	173	1.06328
23	176	0.995876
23	177	1.01446
23	178	1.01695
24	34	1.06402
24	50	0.95186
24	123	1.02815
24	127	0.953621
24	146	0.949093
24	156	1.01616
24	160	1.02898
24	164	0.940308
24	165	1.01364
24	167	1.02826
24	174	1.02404
24	176	1.00229
24	180	1.00662
25	57	0.770253
25	65	1.3818
25	85	0.990205
25	88	0.966818
25	135	0.990737
25	136	0.875924
25	137	1.05155
25	148	0.867433
25	149	1.01646
25	174	1.02745
25	176	1.00571
25	177	1.02429
25	178	1.02678
26	9	1.04742
26	41	0.9745
26	49	1.06193
26	86	1.04626
26	93	1.02205
26	103	1.00337
26	141	1.02274
26	152	0.99535
26	157	0.994755
26	167	0.822325
26	168	1.01007
26	175	0.999564
26	179	1.00585
27	30	0.989613
27	71	0.99864
27	114	1.01876
27	126	0.995034
27	132	0.974363
27	138	1.00461
27	139	0.993905
27	153	0.976007
27	156	1.01311
27	163	1.0378
27	177	1.01782
27	178	1.02031
27	179	0.952337
28	44	0.976023
28	67	1.03948
28	93	0.901029
28	127	1.02906
28	128	1.02299
28	129	1.01063
28	147	1.0132
28	155	1.01411
28	160	1.00051
28	164	1.00011
28	172	1.00531
28	173	0.999727
28	176	0.980376
29	55	0.89414
29	129	1.01774
29	130	1.00761
29	137	0.90816
29	146	1.08999
29	148	1.00651
29	152	1.0057
29	159	1.00172
29	163	1.01309
29	170	1.02916
29	175	1.00991
29	176	1.00547
29	179	1.01619
30	27	0.989613
30	86	1.0496
30	105	1.05327
30	134	0.973783
30	136	1.01159
30	148	0.999503
30	156	0.990664
30	157	0.998092
30	158	0.923367
30	169	1.00847
30	172	1.00154
30	175	1.0029
30	180	1.00279
31	10	0.936728
31	16	1.07006
31	43	0.816895
31	61	1.04092
31	124	1.03303
31	147	1.01205
31	155	1.01296
31	165	1.01124
31	171	1.01328
31	172	1.00417
31	173	0.998584
31	175	1.01436
31	176	1.02792
32	20	1.01064
32	42	1.03958
32	60	0.918328
32	67	1.01105
32	79	1.08422
32	128	0.994554
32	140	0.984749
32	155	0.985675
32	159	1.05973
32	172	0.976876
32	173	0.971295
32	176	0.972606
32	177	0.991188
32	178	0.993678
33	11	0.751496
33	14	1.0959
33	41	1.06663
33	106	1.07229
33	127	1.11381
33	146	1.08982
33	155	1.09886
33	160	0.805035
33	164	1.08486
33	171	1.09918
33	172	1.09006
33	173	1.08448
33	176	0.784898
33	179	0.757212
34	5	0.926214
34	24	1.06402
34	48	0.951982
34	65	0.921589
34	70	1.09284
34	95	0.997908
34	96	1.00637
34	98	0.982373
34	112	0.997122
34	144	1.11295
34	147	0.990601
34	164	0.977511
34	171	0.991831
34	172	0.982712
35	2	0.923925
35	118	1.00753
35	125	1.08514
35	137	1.00158
35	139	0.950403
35	144	1.10235
35	149	0.966486
35	151	0.947306
35	158	0.999555
35	163	0.994303
35	167	0.981704
35	175	1.08307
35	177	0.97432
35	178	0.97681
36	37	0.956838
36	38	1.08341
36	59	1.00642
36	63	0.925242
36	139	0.961641
36	144	1.02968
36	158	1.01079
36	163	1.00554
36	167	0.992942
36	168	1.03639
36	169	1.04311
36	176	0.966977
36	177	0.985559
36	178	0.988048
37	5	1.02393
37	19	0.947026
37	36	0.956838
37	139	0.960511
37	142	1.10681
37	150	1.0999
37	151	0.957414
37	161	0.984716
37	167	0.991812
37	174	0.987591
37	176	0.965846
37	177	0.984428
37	178	0.986918
37	180	1.04057
38	36	1.08341
38	62	0.993754
38	130	0.962205
38	144	0.977427
38	145	1.00604
38	149	1.10535
38	158	0.973234
38	160	0.986745
38	164	1.04297
38	166	0.995553
38	169	0.970076
38	170	0.983749
38	176	0.96006
38	180	0.964387
39	17	1.12698
39	88	1.03006
39	94	0.774042
39	104	1.06902
39	106	0.798359
39	109	1.12776
39	137	1.1148
39	139	1.06362
39	152	0.802988
39	156	1.08282
39	160	0.727284
39	167	1.09492
39	172	1.09177
39	178	1.09002
40	6	0.91029
40	77	1.20354
40	95	1.06951
40	110	1.02562
40	111	1.01293
40	136	0.987235
40	137	0.897461
40	150	0.963431
40	159	0.970352
40	168	0.989049
40	169	0.98412
40	175	0.978546
40	178	1.03653
40	180	0.978431
41	26	0.9745
41	33	1.06663
41	110	0.965066
41	113	0.98035
41	122	0.98623
41	128	0.97877
41	143	0.976339
41	147	0.96898
41	157	1.13905
41	164	0.95589
41	171	0.97021
41	172	0.961092
41	173	0.95551
41	176	1.11565
42	12	1.03417
42	32	1.03958
42	69	0.970921
42	78	0.953132
42	103	0.979597
42	127	1.01902
42	128	1.0667
42	139	1.08082
42	157	0.970984
42	168	0.986296
42	175	0.975793
42	176	0.971351
42	179	0.982075
42	180	0.975679
43	6	1.02189
43	31	0.816895
43	73	0.878851
43	84	1.14242
43	89	0.966989
43	101	1.0777
43	109	0.711925
43	119	1.07204
43	121	1.10404
43	128	0.833474
43	152	1.08594
43	170	1.1094
43	175	1.09015
43	179	1.09643
44	4	0.899788
44	6	0.887157
44	28	0.976023
44	64	0.970847
44	82	1.01996
44	146	0.954998
44	147	0.963129
44	155	0.964039
44	157	1.0572
44	164	0.950039
44	171	0.964359
44	173	0.949659
44	176	1.0338
44	178	1.37602
44	180	1.02908
45	17	0.998798
45	63	0.899038
45	93	1.09591
45	133	1.06108
45	135	0.925802
45	137	0.98662
45	151	0.932341
45	156	0.954645
45	162	0.952298
45	167	0.966739
45	168	1.18769
45	174	0.962518
45	177	0.959355
45	178	0.961845
45	179	1.14757
46	16	1.09171
46	23	1.00609
46	64	1.04142
46	82	1.09054
46	86	1.07269
46	98	1.02548
46	105	0.845555
46	112	1.04023
46	121	0.813061
46	128	1.04349
46	147	1.0337
46	153	0.902139
46	169	0.92531
46	171	1.03493
46	172	1.02582
47	50	0.997695
47	64	0.830061
47	68	0.98747
47	87	1.02529
47	91	1.08063
47	96	0.904415
47	150	1.03746
47	152	1.04836
47	161	0.941218
47	163	0.844832
47	166	1.08362
47	168	1.06307
47	175	1.05257
47	179	1.05885
47	180	1.05246
48	5	1.05448
48	34	0.951982
48	58	0.904569
48	98	0.953456
48	110	1.0849
48	112	0.968205
48	127	0.977547
48	141	1.1192
48	143	0.969042
48	147	0.961684
48	164	0.948593
48	171	0.962914
48	172	0.953795
48	173	0.948214
48	176	1.23549
49	26	1.06193
49	61	0.984982
49	65	0.887104
49	81	1.00476
49	90	0.902985
49	96	0.971888
49	108	1.01706
49	110	1.05249
49	138	0.949331
49	146	0.947985
49	148	1.22469
49	164	0.943026
49	170	1.15514
49	172	0.948228
49	173	0.942646
50	8	1.25167
50	13	0.993313
50	24	0.95186
50	47	0.997695
50	76	1.1234
50	92	0.965755
50	132	0.926893
50	147	1.0795
50	157	0.925186
50	160	0.952237
50	166	0.961045
50	167	1.0512
50	168	0.940497
50	170	0.949242
50	179	0.936276
51	9	1.30211
51	94	0.959106
51	123	0.991719
51	131	0.951959
51	136	0.960681
51	142	0.936967
51	143	0.967067
51	144	0.964918
51	157	0.947184
51	159	0.943798
51	168	0.962495
51	171	1.10523
51	172	1.10549
51	176	0.94755
51	179	0.958274
52	83	1.00125
52	87	0.913795
52	120	1.1731
52	131	0.941045
52	132	0.937978
52	133	0.976826
52	141	0.964257
52	154	1.173
52	160	0.963321
52	166	0.972129
52	167	1.08777
52	175	0.941079
52	178	1.07383
52	179	0.947361
52	180	0.940964
53	81	1.08581
53	100	0.904236
53	123	1.05086
53	136	0.914665
53	137	1.07085
53	154	1.02675
53	162	1.03653
53	163	1.06357
53	167	1.05097
53	168	0.896996
53	169	0.903715
53	175	0.870997
53	176	1.025
53	177	1.04359
53	178	1.04608
54	15	1.16108
54	63	0.885618
54	73	0.935385
54	99	0.957225
54	124	0.942077
54	126	0.923146
54	129	0.939626
54	135	0.912382
54	141	1.06839
54	145	1.07266
54	174	0.949097
54	175	1.17111
54	177	0.945935
54	178	0.948424
54	180	1.17995
55	9	0.985421
55	29	0.89414
55	62	0.767243
55	64	1.07304
55	90	1.01219
55	98	1.05709
55	112	1.07184
55	143	1.07268
55	155	1.06623
55	157	0.819842
55	164	1.05223
55	169	0.815601
55	172	1.05743
55	173	1.05185
55	174	1.19937
56	59	0.978824
56	83	1.0297
56	88	0.900491
56	104	0.939446
56	109	0.998186
56	121	1.10168
56	124	0.954106
56	140	0.951525
56	149	0.950129
56	156	0.953253
56	165	0.95073
56	167	0.965347
56	169	1.21393
56	170	1.14684
56	177	0.957963
57	2	1.09297
57	25	0.770253
57	66	1.06044
57	73	1.01431
57	103	1.03439
57	107	1.09358
57	116	0.911747
57	119	1.01248
57	154	0.973143
57	158	0.83821
57	160	1.05283
57	169	1.03616
57	170	1.04983
57	179	1.03686
57	180	1.03047
58	14	1.3804
58	48	0.904569
58	67	0.969475
58	82	1.00002
58	95	0.950495
58	102	1.09127
58	108	1.00413
58	122	0.960438
58	127	0.959051
58	141	0.953114
58	165	0.942378
58	171	0.944419
58	172	0.9353
58	173	0.929719
58	176	1.0694
59	23	1.03532
59	36	1.00642
59	56	0.978824
59	64	1.18537
59	75	1.009
59	77	1.02181
59	89	0.974797
59	152	0.987912
59	160	0.912208
59	161	1.0343
59	162	1.02695
59	167	1.04139
59	170	0.844128
59	174	1.03717
59	177	1.03401
59	179	0.864384
60	12	1.09666
60	32	0.918328
60	88	0.882816
60	106	1.30899
60	117	0.924979
60	130	1.1845
60	137	0.967553
60	149	0.932454
60	151	0.913274
60	161	0.940576
60	162	0.933231
60	163	0.960271
60	174	0.943451
60	175	1.20421
60	177	0.940289
60	178	0.942778
61	4	0.965827
61	31	1.04092
61	49	0.984982
61	65	0.960156
61	75	1.02853
61	81	1.07781
61	105	0.951557
61	110	0.861569
61	112	1.03569
61	127	1.04503
61	143	1.03653
61	164	1.01608
61	170	0.964215
61	172	1.02128
61	173	1.0157
61	179	0.984471
62	38	0.993754
62	55	0.767243
62	68	1.02883
62	87	0.986839
62	91	1.04218
62	103	1.01793
62	124	1.0244
62	125	1.00784
62	143	1.0292
62	146	0.963095
62	151	1.06715
62	160	1.03637
62	170	1.03337
62	174	0.981049
62	175	1.01412
62	180	1.01401
63	1	1.04999
63	36	0.925242
63	45	0.899038
63	54	0.885618
63	75	0.927827
63	89	0.893619
63	100	1.28899
63	113	1.19068
63	123	0.960102
63	151	0.925817
63	162	0.945775
63	163	0.972815
63	174	0.955995
63	177	0.952832
63	178	0.955321
63	180	1.26459
64	44	0.970847
64	46	1.04142
64	47	0.830061
64	55	1.07304
64	59	1.18537
64	67	1.03431
64	76	0.994741
64	94	0.967518
64	102	0.922491
64	108	1.06897
64	125	0.889129
64	128	1.01781
64	164	0.994931
64	171	1.00925
64	172	1.00013
64	173	0.994551
65	16	0.989293
65	25	1.3818
65	34	0.921589
65	49	0.887104
65	61	0.960156
65	96	0.947062
65	125	1.13181
65	128	0.94108
65	132	1.13764
65	147	0.931291
65	164	0.918201
65	165	0.93048
65	171	0.932521
65	172	0.923402
65	173	0.917821
65	176	1.1433
66	57	1.06044
66	87	0.98744
66	128	0.99042
66	130	1.01243
66	132	1.01162
66	134	0.985607
66	138	0.959279
66	145	1.05626
66	150	0.999608
66	154	0.994629
66	160	1.03697
66	167	0.909399
66	169	1.0203
66	174	0.956173
66	175	1.01472
66	180	1.01461
67	22	0.816431
67	28	1.03948
67	32	1.01105
67	58	0.969475
67	64	1.03431
67	103	1.05679
67	110	0.912546
67	141	0.946851
67	146	1.01846
67	147	1.02659
67	153	1.05912
67	155	1.0275
67	164	1.0135
67	171	1.02782
67	172	1.0187
67	173	1.01312
68	7	0.91108
68	47	0.98747
68	62	1.02883
68	83	0.89295
68	89	0.96368
68	92	0.975537
68	99	1.03418
68	118	1.0561
68	135	0.989339
68	137	1.05016
68	151	0.995878
68	154	1.00606
68	167	1.03028
68	174	1.02605
68	177	1.02289
68	178	1.02538
69	9	1.24442
69	15	0.748353
69	42	0.970921
69	74	1.07199
69	95	1.03836
69	97	0.986792
69	106	0.962053
69	121	0.993884
69	124	0.99028
69	136	0.988687
69	138	1.0692
69	152	0.975784
69	153	0.9824
69	166	1.01105
69	178	1.00538
69	179	0.98628
69	180	0.979883
70	34	1.09284
70	79	0.970238
70	94	0.992441
70	100	0.981007
70	113	1.00441
70	117	0.991097
70	119	0.967221
70	121	0.999214
70	124	0.99561
70	125	0.979041
70	144	0.998253
70	162	1.01965
70	165	1.02708
70	166	1.01638
70	170	1.00457
70	171	0.977308
70	179	0.991609
71	1	0.869409
71	27	0.99864
71	89	0.934755
71	108	1.04849
71	109	1.03419
71	133	0.974558
71	135	0.960414
71	140	0.987529
71	149	0.986133
71	157	1.11213
71	162	0.98691
71	174	0.99713
71	175	1.07517
71	176	0.975385
71	177	0.993967
71	178	0.996457
71	179	1.06105
72	76	1.03171
72	85	1.11728
72	89	1.17405
72	94	0.983639
72	107	1.03952
72	123	0.874215
72	136	0.985214
72	141	0.999703
72	145	1.01807
72	150	0.96141
72	163	0.911426
72	166	1.00758
72	168	0.987028
72	169	0.982099
72	175	0.976525
72	179	0.982807
72	180	0.97641
73	43	0.878851
73	54	0.935385
73	57	1.01431
73	80	0.964561
73	107	1.01265
73	114	1.00354
73	127	1.01204
73	130	1.0566
73	146	0.988046
73	155	0.997086
73	159	1.13222
73	163	1.02258
73	171	0.997407
73	172	0.988288
73	173	0.982707
73	174	1.00576
73	177	1.0026
74	69	1.07199
74	77	0.922319
74	94	1.08397
74	101	1.06441
74	119	1.05875
74	121	1.09075
74	125	1.07057
74	126	0.886688
74	133	1.11261
74	147	0.797554
74	148	1.07346
74	151	0.902131
74	156	0.786848
74	166	1.10791
74	169	1.08243
74	174	0.816027
74	179	1.08314
75	22	1.11799
75	59	1.009
75	61	1.02853
75	63	0.927827
75	91	1.00206
75	117	0.972834
75	122	1.00145
75	128	1.06087
75	140	0.981705
75	144	0.98693
75	146	1.00867
75	154	0.971311
75	160	0.996247
75	171	1.00807
75	176	0.969562
75	178	0.990634
75	180	0.97389
76	50	1.1234
76	64	0.994741
76	72	1.03171
76	84	0.904407
76	91	1.02639
76	140	0.987008
76	143	0.994381
76	147	0.987023
76	156	0.988735
76	158	1.01868
76	163	1.01343
76	164	0.973933
76	172	0.979135
76	173	0.973553
76	177	0.993446
76	178	0.995936
76	179	1.00799
77	19	1.01828
77	40	1.20354
77	59	1.02181
77	74	0.922319
77	83	0.951463
77	85	0.966864
77	88	0.943477
77	99	1.01224
77	120	0.957782
77	135	0.967396
77	140	0.994511
77	141	1.00026
77	158	1.02618
77	161	1.00124
77	174	1.00411
77	177	1.00095
77	178	1.00344
78	42	0.953132
78	94	0.969322
78	109	1.053
78	124	0.972491
78	130	0.959912
78	137	0.940518
78	141	0.985386
78	142	0.947183
78	143	0.977283
78	165	1.17152
78	166	0.993259
78	169	0.967783
78	170	0.981456
78	171	1.12174
78	172	1.122
78	175	0.962208
78	179	0.96849
78	180	0.962094
79	6	0.901525
79	20	0.990045
79	32	1.08422
79	70	0.970238
79	87	0.942497
79	97	0.976575
79	119	0.951674
79	126	1.14775
79	140	1.08574
79	141	0.992958
79	145	1.01132
79	153	0.972182
79	157	0.964972
79	168	0.980284
79	172	1.05879
79	173	1.03018
79	179	0.976062
79	180	0.969666
80	73	0.964561
80	117	0.959801
80	139	0.951193
80	140	0.968672
80	141	0.999451
80	143	1.08171
80	151	0.948096
80	154	0.958278
80	156	0.9704
80	157	1.13913
80	158	1.00034
80	161	0.975398
80	162	0.968053
80	167	0.982494
80	170	1.06779
80	175	1.10217
80	177	0.97511
80	178	0.9776
81	49	1.00476
81	53	1.08581
81	61	1.07781
81	87	1.00514
81	89	0.996159
81	117	1.04006
81	118	1.08858
81	122	1.0662
81	148	0.862335
81	150	0.895328
81	152	0.936562
81	168	0.853157
81	171	1.05018
81	172	1.04106
81	173	1.03548
81	174	1.05853
81	177	1.05537
81	180	0.835998
82	18	0.833312
82	44	1.01996
82	46	1.09054
82	58	1.00002
82	98	1.04891
82	102	0.928342
82	111	0.89271
82	127	1.073
82	128	1.06692
82	129	0.936731
82	146	1.049
82	164	1.04404
82	165	1.05632
82	171	1.05837
82	172	1.04925
82	173	1.04367
82	175	0.89291
82	176	0.906474
83	7	1.10742
83	52	1.00125
83	56	1.0297
83	68	0.89295
83	77	0.951463
83	101	1.03258
83	115	0.850768
83	134	1.01592
83	136	1.05373
83	140	0.853821
83	141	1.06821
83	145	1.08658
83	157	1.04023
83	159	1.03684
83	160	1.06728
83	172	0.826872
83	175	1.04504
83	180	1.04492
84	4	1.11215
84	16	0.770111
84	19	1.05383
84	43	1.14242
84	76	0.904407
84	93	1.05963
84	98	0.893175
84	130	1.03485
84	131	1.03711
84	134	1.00803
84	141	1.06032
84	144	1.05007
84	148	1.03375
84	153	1.03955
84	155	0.865187
84	172	0.860681
84	179	1.04343
84	180	1.03703
85	8	0.895761
85	25	0.990205
85	72	1.11728
85	77	0.966864
85	99	0.990354
85	116	0.979897
85	124	0.975207
85	126	0.956275
85	133	1.00708
85	145	1.00923
85	149	0.971229
85	153	1.11724
85	154	0.962231
85	160	1.14139
85	161	0.979352
85	162	0.972007
85	177	0.979064
85	178	0.981554
86	26	1.04626
86	30	1.0496
86	46	1.07269
86	95	1.04659
86	108	1.10023
86	141	1.05475
86	146	1.03115
86	147	1.03929
86	149	0.958834
86	153	1.03397
86	154	0.961646
86	163	0.82833
86	166	1.06262
86	167	0.876415
86	172	1.0314
86	174	0.923189
86	178	0.862475
86	180	1.03145
87	21	1.09269
87	47	1.02529
87	52	0.913795
87	62	0.986839
87	66	0.98744
87	79	0.942497
87	81	1.00514
87	91	0.985643
87	92	0.993348
87	108	1.0331
87	132	0.954486
87	148	0.954189
87	155	1.16088
87	157	0.952778
87	166	0.988637
87	175	0.957587
87	178	1.11396
87	180	0.957472
88	15	1.17083
88	25	0.966818
88	39	1.03006
88	56	0.900491
88	60	0.882816
88	77	0.943477
88	121	1.02985
88	126	0.932888
88	143	1.08892
88	145	1.01093
88	158	0.980911
88	161	0.955965
88	167	0.963061
88	169	1.1421
88	174	0.95884
88	177	0.955677
88	178	0.958166
88	180	1.11822
89	2	1.00531
89	15	1.16909
89	43	0.966989
89	59	0.974797
89	63	0.893619
89	68	0.96368
89	71	0.934755
89	72	1.17405
89	81	0.996159
89	113	1.09938
89	116	0.954769
89	126	0.931148
89	158	0.979171
89	174	0.957099
89	176	0.935355
89	177	0.953937
89	178	0.956426
89	179	1.15033
90	49	0.902985
90	55	1.01219
90	96	0.962943
90	101	1.12414
90	121	1.05984
90	122	0.964421
90	124	1.15804
90	127	0.963034
90	128	0.956961
90	138	0.940386
90	147	0.947171
90	155	0.948081
90	159	1.19527
90	164	0.934081
90	165	0.946361
90	171	0.948401
90	172	0.939283
90	173	0.933701
90	176	1.15293
91	15	0.683222
91	47	1.08063
91	62	1.04218
91	75	1.00206
91	76	1.02639
91	87	0.985643
91	131	1.01289
91	136	1.02161
91	138	1.00407
91	142	0.997901
91	145	1.05447
91	155	0.987168
91	157	1.00812
91	162	1.02475
91	166	1.04398
91	169	1.0185
91	171	0.982402
91	179	1.01921
91	180	1.01281
92	7	1.08302
92	18	1.07019
92	50	0.965755
92	68	0.975537
92	87	0.993348
92	98	0.941954
92	101	1.00818
92	119	1.00252
92	120	0.966311
92	130	1.01833
92	133	1.05638
92	135	0.982836
92	139	0.976129
92	142	1.00561
92	153	1.02303
92	169	1.02621
92	178	0.867045
92	179	1.02691
92	180	1.02052
93	2	1.06974
93	14	0.937933
93	26	1.02205
93	28	0.901029
93	45	1.09591
93	84	1.05963
93	102	1.0137
93	133	1.0431
93	136	1.01604
93	145	1.0489
93	154	0.969362
93	165	0.962121
93	166	1.03841
93	170	1.0266
93	175	1.00735
93	176	1.00291
93	177	0.908724
93	178	0.870192
93	179	1.01364
94	39	0.774042
94	51	0.959106
94	64	0.967518
94	70	0.992441
94	72	0.983639
94	74	1.08397
94	78	0.969322
94	114	1.01879
94	119	0.973878
94	120	1.1157
94	121	1.00587
94	133	1.02773
94	136	1.00067
94	152	0.987771
94	160	1.01423
94	162	1.10093
94	167	1.03037
94	170	1.01123
94	179	0.998266
94	180	0.99187
95	9	0.927711
95	34	0.997908
95	40	1.06951
95	58	0.950495
95	69	1.03836
95	86	1.04659
95	96	1.02338
95	112	1.01413
95	122	1.02486
95	128	1.0174
95	129	1.01277
95	138	1.00082
95	146	0.999479
95	164	0.994519
95	170	0.934574
95	171	1.00884
95	172	0.999721
95	173	0.99414
95	176	0.982516
95	179	0.95483
96	2	0.802271
96	34	1.00637
96	47	0.904415
96	49	0.971888
96	65	0.947062
96	90	0.962943
96	95	1.02338
96	106	0.990413
96	128	1.02586
96	142	1.03649
96	146	1.00794
96	147	1.01607
96	148	0.99659
96	155	1.01698
96	158	1.28143
96	164	1.00298
96	171	1.0173
96	172	1.00819
96	173	1.0026
96	176	0.974977
97	69	0.986792
97	79	0.976575
97	111	1.02605
97	115	1.00512
97	130	0.989368
97	132	0.988563
97	140	1.00818
97	145	1.0332
97	146	0.981573
97	153	0.994066
97	154	1.03798
97	160	1.01391
97	161	1.00105
97	168	1.00217
97	169	0.997238
97	170	1.01091
97	175	0.991664
97	177	0.977345
97	179	0.997946
97	180	0.991549
98	34	0.982373
98	46	1.02548
98	48	0.953456
98	55	1.05709
98	82	1.04891
98	84	0.893175
98	92	0.941954
98	103	1.01811
98	112	0.998596
98	124	1.02956
98	128	1.00186
98	129	1.0547
98	136	1.05455
98	143	0.999433
98	147	0.992075
98	155	0.992985
98	164	0.978985
98	165	0.991264
98	171	0.993305
98	172	0.984187
99	1	0.859407
99	3	0.939113
99	7	0.93178
99	8	0.941136
99	54	0.957225
99	68	1.03418
99	77	1.01224
99	85	0.990354
99	116	1.02527
99	120	0.981273
99	124	1.02058
99	126	1.00165
99	130	1.04545
99	140	1.018
99	170	1.03079
99	174	1.0276
99	177	1.02444
99	178	1.02693
99	179	1.05104
99	180	1.07401
100	11	1.04568
100	12	1.03893
100	53	0.904236
100	63	1.28899
100	70	0.981007
100	105	1.03092
100	118	0.914739
100	122	1.00552
100	123	0.897858
100	133	1.0163
100	143	0.995624
100	146	0.980135
100	147	0.988266
100	149	1.06557
100	163	0.935068
100	169	0.986124
100	171	0.989496
100	172	0.980377
100	173	0.974796
100	179	0.986831
101	43	1.0777
101	74	1.06441
101	83	1.03258
101	90	1.12414
101	92	1.00818
101	109	0.894157
101	121	0.986304
101	125	0.966131
101	131	0.972384
101	133	1.00817
101	134	0.943301
101	139	1.02983
101	145	1.01396
101	155	0.967666
101	165	1.01267
101	166	1.00347
101	174	0.981459
101	175	0.972418
101	179	0.9787
101	180	0.972303
102	19	1.0079
102	58	1.09127
102	64	0.922491
102	82	0.928342
102	93	1.0137
102	105	1.04159
102	113	1.0103
102	116	1.00918
102	125	0.984929
102	131	0.991181
102	134	0.962098
102	140	1.04077
102	141	1.01439
102	142	0.97619
102	147	1.01365
102	152	0.987002
102	166	1.02227
102	170	1.01046
102	175	0.991215
102	176	0.986773
103	26	1.00337
103	42	0.979597
103	57	1.03439
103	62	1.01793
103	67	1.05679
103	98	1.01811
103	107	1.05167
103	109	0.916609
103	136	0.997362
103	138	1.00702
103	148	0.985276
103	150	0.973559
103	152	0.98446
103	159	0.98048
103	161	1.00544
103	166	1.01972
103	174	1.00391
103	175	0.988674
103	179	0.994956
103	180	0.988559
104	2	0.8759
104	39	1.06902
104	56	0.939446
104	110	1.02756
104	113	0.969974
104	114	0.995567
104	115	0.989608
104	137	1.0219
104	140	0.988193
104	151	0.967617
104	153	1.04459
104	161	0.994919
104	163	1.01461
104	167	1.00202
104	174	0.997794
104	175	1.03504
104	177	0.994631
104	178	0.997121
104	179	1.02092
104	180	1.04388
105	10	0.967634
105	12	1.09362
105	22	1.17923
105	30	1.05327
105	46	0.845555
105	61	0.951557
105	100	1.03092
105	102	1.04159
105	112	0.854093
105	132	1.03214
105	133	1.07099
105	136	1.04393
105	144	1.04817
105	152	1.03103
105	156	0.920473
105	167	0.902878
105	171	0.931093
105	173	0.902739
105	176	1.0308
105	179	1.04153
105	180	1.03513
106	33	1.07229
106	39	0.798359
106	60	1.30899
106	69	0.962053
106	96	0.990413
106	109	1.01416
106	113	0.986012
106	115	1.10706
106	138	0.967856
106	144	0.979851
106	146	0.966511
106	147	0.974642
106	155	0.975551
106	156	1.07229
106	159	0.958731
106	163	1.00661
106	166	0.997976
106	173	0.961172
106	175	0.966925
106	179	0.973207
106	180	0.966811
107	57	1.09358
107	72	1.03952
107	73	1.01265
107	103	1.05167
107	114	0.874667
107	125	1.04158
107	132	1.04477
107	134	1.01875
107	137	0.733239
107	145	1.08941
107	148	1.04447
107	150	1.03276
107	151	1.01913
107	153	1.05027
107	173	0.886112
107	175	1.04787
107	176	1.04343
107	177	0.910843
107	178	0.872311
107	179	1.05415
107	180	1.04776
108	9	0.98135
108	49	1.01706
108	58	1.00413
108	64	1.06897
108	71	1.04849
108	86	1.10023
108	87	1.0331
108	111	0.854918
108	134	0.931342
108	136	0.898786
108	139	1.04375
108	162	1.06061
108	166	0.848295
108	167	1.07506
108	168	0.881117
108	171	1.06248
108	173	1.04778
108	174	1.07083
108	176	1.04909
108	178	1.07016
108	179	0.840995
109	39	1.12776
109	43	0.711925
109	56	0.998186
109	71	1.03419
109	78	1.053
109	101	0.894157
109	103	0.916609
109	106	1.01416
109	118	1.08658
109	138	1.04016
109	139	1.02945
109	140	1.04693
109	145	0.810933
109	151	1.02636
109	154	1.03654
109	158	1.07861
109	162	1.04631
109	167	1.06076
109	176	1.03479
109	177	1.05337
109	179	0.895265
110	8	0.962776
110	40	1.02562
110	41	0.965066
110	48	1.0849
110	49	1.05249
110	61	0.861569
110	67	0.912546
110	104	1.02756
110	111	1.06633
110	115	1.04106
110	120	1.00291
110	126	1.02329
110	128	0.893911
110	134	1.00282
110	142	1.01691
110	148	1.02854
110	149	1.03824
110	154	1.02925
110	160	1.05418
110	164	0.832925
110	175	1.03194
110	178	1.04857
111	20	1.03952
111	40	1.01293
111	82	0.89271
111	97	1.02605
111	108	0.854918
111	110	1.06633
111	121	1.03314
111	138	0.999596
111	140	1.00514
111	141	1.04243
111	142	1.00423
111	144	1.03218
111	150	1.00414
111	152	1.01504
111	155	0.982696
111	158	0.900014
111	159	1.01106
111	168	1.02976
111	170	1.0385
111	177	0.974307
111	179	1.02554
111	180	1.01914
112	9	0.926925
112	34	0.997122
112	46	1.04023
112	48	0.968205
112	55	1.07184
112	61	1.03569
112	95	1.01413
112	98	0.998596
112	105	0.854093
112	122	1.02407
112	127	1.02269
112	131	0.96808
112	144	0.920418
112	146	0.998693
112	152	1.01054
112	155	1.00773
112	164	0.993734
112	169	0.933849
112	171	1.00805
112	172	0.998936
112	173	0.993354
112	177	1.29544
112	180	0.909971
113	41	0.98035
113	63	1.19068
113	70	1.00441
113	89	1.09938
113	102	1.0103
113	104	0.969974
113	106	0.986012
113	114	0.873264
113	118	0.816433
113	121	1.01784
113	126	1.00228
113	132	1.00086
113	146	1.00354
113	155	1.01258
113	162	0.955406
113	164	0.998583
113	165	1.01086
113	166	1.03501
113	168	1.01446
113	171	1.0129
113	173	0.998203
113	179	1.01024
113	180	1.00384
114	3	0.928758
114	17	1.05353
114	27	1.01876
114	73	1.00354
114	94	1.01879
114	104	0.995567
114	107	0.874667
114	113	0.873264
114	116	1.01492
114	120	0.970917
114	124	1.01023
114	137	1.04135
114	144	0.957619
114	147	1.33635
114	149	1.00625
114	151	0.98707
114	161	1.01437
114	165	1.00685
114	166	0.931508
114	170	0.903953
114	174	1.01725
114	177	1.01408
114	178	1.01657
115	23	1.00943
115	83	0.850768
115	97	1.00512
115	104	0.989608
115	106	1.10706
115	110	1.04106
115	123	1.0154
115	126	0.985337
115	130	0.982572
115	133	0.901674
115	135	0.974572
115	140	1.00169
115	142	1.07736
115	154	0.991293
115	156	1.00341
115	158	1.03336
115	161	1.00841
115	165	1.00089
115	167	1.01551
115	170	0.967908
115	174	1.01129
115	177	1.00813
115	178	1.01062
116	57	0.911747
116	85	0.979897
116	89	0.954769
116	99	1.02527
116	102	1.00918
116	114	1.01492
116	120	0.970815
116	131	1.0407
116	136	1.01742
116	137	1.04125
116	139	0.990064
116	145	0.875295
116	154	0.997149
116	156	1.00927
116	159	1.02966
116	162	1.00692
116	163	1.03396
116	165	1.00675
116	167	1.02137
116	169	1.00647
116	174	1.01714
116	177	1.01398
116	178	1.01647
117	60	0.924979
117	70	0.991097
117	75	0.972834
117	80	0.959801
117	81	1.04006
117	120	0.954672
117	134	1.06814
117	135	0.964286
117	136	1.03559
117	140	0.991401
117	150	1.06009
117	156	0.993128
117	158	1.02307
117	159	1.04783
117	161	0.998127
117	162	0.990782
117	163	1.01782
117	165	0.990605
117	166	0.985096
117	174	1.001
117	176	0.979257
117	177	0.997839
117	178	1.00033
117	180	1.00076
118	35	1.00753
118	68	1.0561
118	81	1.08858
118	100	0.914739
118	109	1.08658
118	113	0.816433
118	123	1.05363
118	135	1.0128
118	137	1.07362
118	139	1.02244
118	150	0.949671
118	153	0.891048
118	156	1.04165
118	158	1.07159
118	159	0.937408
118	161	1.04664
118	163	1.06634
118	166	0.874677
118	169	0.914218
118	174	1.04952
118	176	1.02778
118	177	1.04636
118	178	1.04885
118	180	0.890341
119	3	1.26937
119	16	0.984133
119	18	1.01632
119	43	1.07204
119	57	1.01248
119	70	0.967221
119	74	1.05875
119	79	0.951674
119	92	1.00252
119	94	0.973878
119	123	0.960932
119	137	0.893216
119	143	0.981838
119	148	0.963366
119	153	0.969166
119	158	0.996526
119	159	0.95857
119	166	0.997814
119	169	0.972338
119	176	0.962321
119	177	1.07082
119	178	1.03229
119	179	0.973046
119	180	0.966649
120	1	0.829481
120	6	1.27567
120	52	1.1731
120	77	0.957782
120	92	0.966311
120	94	1.1157
120	99	0.981273
120	110	1.00291
120	114	0.970917
120	116	0.970815
120	117	0.954672
120	123	0.977252
120	137	0.997246
120	140	0.963544
120	149	0.962148
120	151	0.942967
120	153	1.04479
120	156	0.965271
120	159	1.09115
120	161	0.97027
120	163	0.989965
120	167	0.977366
120	174	0.973145
120	177	0.969982
120	178	0.972472
121	43	1.10404
121	46	0.813061
121	56	1.10168
121	69	0.993884
121	70	0.999214
121	74	1.09075
121	88	1.02985
121	90	1.05984
121	94	1.00587
121	101	0.986304
121	111	1.03314
121	113	1.01784
121	127	0.903732
121	134	0.96964
121	142	0.983732
121	144	1.01168
121	150	0.983642
121	151	1.00326
121	154	0.955615
121	159	0.990562
121	162	0.940942
121	168	1.00926
121	170	1.018
121	175	0.998757
121	179	1.00504
121	180	0.998642
122	12	0.863963
122	41	0.98623
122	58	0.960438
122	75	1.00145
122	81	1.0662
122	90	0.964421
122	95	1.02486
122	100	1.00552
122	112	1.02407
122	124	0.990187
122	127	1.03342
122	129	1.01533
122	136	1.01518
122	138	1.01077
122	143	1.02491
122	146	1.00942
122	147	1.01755
122	155	1.01846
122	164	1.00446
122	165	1.01674
122	170	0.937134
122	171	1.01878
122	172	1.00966
122	173	1.00408
122	176	0.985077
122	180	0.980353
123	12	0.757069
123	24	1.02815
123	51	0.991719
123	53	1.05086
123	63	0.960102
123	72	0.874215
123	100	0.897858
123	115	1.0154
123	118	1.05363
123	119	0.960932
123	120	0.977252
123	126	0.99763
123	129	1.01411
123	135	0.986866
123	138	1.00721
123	149	1.01258
123	151	0.993404
123	161	1.02071
123	162	1.01336
123	164	1.25437
123	170	0.83024
123	173	1.2342
123	174	1.02358
123	176	1.00184
123	177	1.02042
123	178	1.02291
124	16	0.906495
124	31	1.03303
124	54	0.942077
124	56	0.954106
124	62	1.0244
124	69	0.99028
124	70	0.99561
124	78	0.972491
124	85	0.975207
124	90	1.15804
124	98	1.02956
124	99	1.02058
124	114	1.01023
124	122	0.990187
124	127	1.00194
124	148	0.991755
124	154	0.992459
124	157	0.990344
124	162	1.00223
124	164	0.988624
124	165	1.00206
124	168	1.00566
124	170	1.0144
124	172	0.997064
124	177	1.00929
124	178	1.01178
124	180	0.995038
125	13	1.0419
125	35	1.08514
125	62	1.00784
125	64	0.889129
125	65	1.13181
125	70	0.979041
125	74	1.07057
125	101	0.966131
125	102	0.984929
125	107	1.04158
125	130	0.976287
125	131	0.97855
125	133	1.01433
125	135	1.05384
125	148	0.975186
125	149	1.0344
125	152	0.97437
125	153	0.980985
125	157	0.973775
125	161	1.00029
125	168	0.989086
125	169	0.984158
125	170	0.997831
125	175	0.978583
125	177	0.976577
125	178	0.938045
125	179	0.984865
126	19	0.982647
126	27	0.995034
126	54	0.923146
126	74	0.886688
126	79	1.14775
126	85	0.956275
126	88	0.932888
126	89	0.931148
126	99	1.00165
126	110	1.02329
126	113	1.00228
126	115	0.985337
126	123	0.99763
126	134	1.14357
126	137	1.01762
126	139	0.966443
126	140	0.983922
126	149	0.982526
126	154	0.973528
126	162	0.983303
126	167	0.997744
126	169	1.10007
126	174	0.993523
126	176	0.971778
126	177	0.99036
126	178	0.99285
126	179	1.05323
126	180	1.07619
127	5	0.815819
127	6	0.940193
127	19	1.02513
127	24	0.953621
127	28	1.02906
127	33	1.11381
127	42	1.01902
127	48	0.977547
127	58	0.959051
127	61	1.04503
127	73	1.01204
127	82	1.073
127	90	0.963034
127	112	1.02269
127	121	0.903732
127	122	1.03342
127	124	1.00194
127	128	1.02596
127	147	1.01617
127	155	1.01708
127	157	1.02022
127	160	1.01696
127	164	1.00308
127	165	1.01535
127	171	1.0174
127	172	1.00828
127	173	1.0027
127	179	0.96914
127	180	0.992103
128	4	0.946751
128	9	0.930194
128	28	1.02299
128	32	0.994554
128	41	0.97877
128	42	1.0667
128	43	0.833474
128	46	1.04349
128	64	1.01781
128	65	0.94108
128	66	0.99042
128	75	1.06087
128	82	1.06692
128	90	0.956961
128	95	1.0174
128	96	1.02586
128	98	1.00186
128	110	0.893911
128	127	1.02596
128	132	1.03884
128	146	1.00196
128	155	1.011
128	164	0.997002
128	165	1.00928
128	166	1.02411
128	171	1.01132
128	172	1.0022
128	173	0.996622
128	176	1.0445
128	180	1.03978
129	16	0.931641
129	21	1.00167
129	28	1.01063
129	29	1.01774
129	54	0.939626
129	82	0.936731
129	95	1.01277
129	98	1.0547
129	122	1.01533
129	123	1.01411
129	146	1.02256
129	148	0.989303
129	149	0.999006
129	151	0.979826
129	152	0.988488
129	153	0.995103
129	155	1.02672
129	156	1.00213
129	158	1.03207
129	159	0.984507
129	161	1.00713
129	163	1.02682
129	166	1.02375
129	169	0.998275
129	173	0.993597
129	175	0.992701
129	177	1.00684
129	178	1.00933
129	179	0.998983
129	180	0.992586
130	1	1.04982
130	22	1.12656
130	29	1.00761
130	38	0.962205
130	60	1.1845
130	66	1.01243
130	73	1.0566
130	78	0.959912
130	84	1.03485
130	92	1.01833
130	97	0.989368
130	99	1.04545
130	115	0.982572
130	125	0.976287
130	141	1.00575
130	144	0.995499
130	150	0.967459
130	152	0.97836
130	153	0.984975
130	154	1.01543
130	158	0.8805
130	159	0.974379
130	160	1.00482
130	164	0.950236
130	170	1.00182
130	174	0.976975
130	175	0.982573
130	176	0.978131
130	178	0.916261
130	179	0.988855
131	5	1.03847
131	21	0.981656
131	51	0.951959
131	52	0.941045
131	84	1.03711
131	91	1.01289
131	101	0.972384
131	102	0.991181
131	112	0.96808
131	116	1.0407
131	125	0.97855
131	142	0.969811
131	148	0.981439
131	150	0.969721
131	151	1.14974
131	152	0.980623
131	153	0.987238
131	156	1.03446
131	157	0.980028
131	159	0.976642
131	161	1.06516
131	164	1.0369
131	167	1.01686
131	168	0.995339
131	169	0.990411
131	170	1.00408
131	173	1.01673
131	175	0.984836
131	176	0.980394
131	179	0.991118
131	180	0.984722
132	27	0.974363
132	50	0.926893
132	52	0.937978
132	65	1.13764
132	66	1.01162
132	87	0.954486
132	97	0.988563
132	105	1.03214
132	107	1.04477
132	113	1.00086
132	128	1.03884
132	134	0.952652
132	136	0.990458
132	139	1.05296
132	142	0.966744
132	144	0.994694
132	149	1.04024
132	151	1.0907
132	152	0.977556
132	153	0.984171
132	159	0.973575
132	160	1.00401
132	165	1.03581
132	166	1.01282
132	168	0.992272
132	169	0.987343
132	170	1.00102
132	173	0.95768
132	176	0.977327
132	177	0.982411
132	179	0.988051
133	7	1.08301
133	18	1.07018
133	45	1.06108
133	52	0.976826
133	71	0.974558
133	74	1.11261
133	85	1.00708
133	92	1.05638
133	93	1.0431
133	94	1.02773
133	100	1.0163
133	101	1.00817
133	105	1.07099
133	115	0.901674
133	125	1.01433
133	134	0.991501
133	135	0.951155
133	141	1.0438
133	142	1.00559
133	148	1.01722
133	149	0.931722
133	152	1.0164
133	162	0.919862
133	163	0.801218
133	165	0.927292
133	166	1.05167
133	169	1.02619
133	175	1.02062
133	178	0.835363
133	179	1.0269
133	180	1.0205
134	1	1.023
134	30	0.973783
134	66	0.985607
134	83	1.01592
134	84	1.00803
134	101	0.943301
134	102	0.962098
134	107	1.01875
134	108	0.931342
134	110	1.00282
134	117	1.06814
134	121	0.96964
134	126	1.14357
134	132	0.952652
134	133	0.991501
134	135	1.12799
134	139	1.12128
134	142	0.940728
134	150	0.940638
134	151	1.15902
134	153	0.958155
134	159	0.947559
134	160	0.977996
134	163	0.978054
134	166	0.986804
134	168	0.966256
134	169	0.961328
134	172	1.05461
134	173	1.026
134	175	0.955753
134	179	0.962035
134	180	0.955639
135	6	1.2922
135	17	1.01904
135	23	0.980904
135	25	0.990737
135	45	0.925802
135	54	0.912382
135	68	0.989339
135	71	0.960414
135	77	0.967396
135	92	0.982836
135	115	0.974572
135	117	0.964286
135	118	1.0128
135	123	0.986866
135	125	1.05384
135	133	0.951155
135	134	1.12799
135	139	0.955678
135	151	0.952581
135	154	0.962763
135	161	0.979884
135	162	0.972539
135	163	0.999579
135	167	0.98698
135	168	1.07777
135	170	1.01739
135	174	0.982759
135	175	1.05177
135	176	0.961014
135	177	0.979596
135	178	0.982086
135	179	1.03764
136	25	0.875924
136	30	1.01159
136	40	0.987235
136	51	0.960681
136	53	0.914665
136	69	0.988687
136	72	0.985214
136	83	1.05373
136	91	1.02161
136	93	1.01604
136	94	1.00067
136	98	1.05455
136	103	0.997362
136	105	1.04393
136	108	0.898786
136	116	1.01742
136	117	1.03559
136	122	1.01518
136	132	0.990458
136	141	1.01674
136	142	0.978534
136	145	1.0351
136	148	0.990161
136	156	1.01118
136	159	0.985365
136	160	1.0158
136	162	1.06414
136	166	1.02461
136	168	1.00406
136	169	0.999133
136	177	1.01817
136	179	0.999841
136	180	0.993444
137	6	1.03733
137	21	1.03524
137	25	1.05155
137	29	0.90816
137	35	1.00158
137	39	1.1148
137	40	0.897461
137	45	0.98662
137	53	1.07085
137	60	0.967553
137	68	1.05016
137	78	0.940518
137	104	1.0219
137	107	0.733239
137	114	1.04135
137	116	1.04125
137	118	1.07362
137	119	0.893216
137	120	0.997246
137	126	1.01762
137	139	1.0165
137	140	1.03397
137	149	1.03258
137	151	1.0134
137	161	1.0407
137	163	1.0604
137	167	1.0478
137	168	0.822902
137	172	1.19509
137	173	1.16648
137	175	0.796903
137	177	1.04041
137	178	1.0429
137	180	0.805744
138	4	0.930176
138	27	1.00461
138	49	0.949331
138	66	0.959279
138	69	1.0692
138	90	0.940386
138	91	1.00407
138	95	1.00082
138	103	1.00702
138	106	0.967856
138	109	1.04016
138	111	0.999596
138	122	1.01077
138	123	1.00721
138	140	0.993502
138	146	0.985386
138	147	0.993517
138	148	1.03497
138	152	1.1092
138	154	0.983108
138	155	0.994427
138	158	1.02517
138	160	1.0335
138	161	1.00023
138	163	1.01992
138	164	0.980427
138	165	0.992707
138	170	0.965417
138	171	0.994747
138	173	0.980047
138	174	1.0031
138	177	0.999941
138	178	1.00243
138	180	1.00864
139	19	0.960356
139	22	0.811919
139	27	0.993905
139	35	0.950403
139	36	0.961641
139	37	0.960511
139	39	1.06362
139	42	1.08082
139	80	0.951193
139	92	0.976129
139	101	1.02983
139	108	1.04375
139	109	1.02945
139	116	0.990064
139	118	1.02244
139	126	0.966443
139	132	1.05296
139	134	1.12128
139	135	0.955678
139	137	1.0165
139	140	0.982793
139	149	0.981397
139	154	0.972399
139	158	1.01447
139	162	0.982174
139	163	1.00921
139	165	0.981998
139	166	1.03824
139	167	0.996615
139	169	1.07778
139	174	0.992394
139	175	1.04506
139	177	0.989231
139	178	0.991721
140	3	0.921384
140	10	1.21741
140	21	1.00154
140	32	0.984749
140	56	0.951525
140	71	0.987529
140	75	0.981705
140	76	0.987008
140	77	0.994511
140	79	1.08574
140	80	0.968672
140	83	0.853821
140	97	1.00818
140	99	1.018
140	102	1.04077
140	104	0.988193
140	109	1.04693
140	111	1.00514
140	115	1.00169
140	117	0.991401
140	120	0.963544
140	126	0.983922
140	137	1.03397
140	138	0.993502
140	139	0.982793
140	145	0.906885
140	151	0.979696
140	154	0.989878
140	157	1.0423
140	158	1.03194
140	159	1.06125
140	170	0.97096
140	177	1.00671
140	178	1.0092
141	11	1.07318
141	26	1.02274
141	48	1.1192
141	52	0.964257
141	54	1.06839
141	58	0.953114
141	67	0.946851
141	72	0.999703
141	77	1.00026
141	78	0.985386
141	79	0.992958
141	80	0.999451
141	83	1.06821
141	84	1.06032
141	86	1.05475
141	102	1.01439
141	111	1.04243
141	130	1.00575
141	133	1.0438
