1	43	0.793492
1	64	0.7561
1	70	0.771297
1	131	0.780437
1	160	2.25579
1	164	0.691454
1	168	0.696566
1	169	1.18077
1	175	0.678175
1	176	0.690249
1	177	0.675238
1	180	0.668227
2	10	0.699531
2	18	0.623462
2	52	4.08975
2	57	0.732284
2	139	0.697718
2	151	0.674943
2	153	0.623787
2	154	0.680738
2	173	0.582668
2	174	0.634971
2	175	0.626703
2	177	0.623766
3	122	0.689845
3	143	0.715339
3	154	0.691337
3	161	3.71365
3	164	0.650581
3	166	0.682818
3	168	0.655693
3	172	0.644849
3	173	0.593267
3	176	0.649377
3	180	0.627354
4	9	0.680458
4	83	1.35111
4	87	0.563425
4	94	1.01252
4	138	0.866448
4	156	2.28174
4	161	0.858815
4	163	0.852381
4	169	0.872577
4	170	0.868642
4	171	0.873254
4	175	3.40613
5	26	2.9592
5	73	0.693316
5	116	0.674393
5	137	0.709996
5	146	0.681445
5	150	0.704621
5	170	0.688898
5	171	0.69351
5	173	0.569402
5	175	0.613438
5	177	0.6105
5	179	0.55969
6	77	3.31985
6	101	0.735832
6	138	0.728727
6	140	0.737186
6	142	0.730502
6	150	0.746644
6	154	2.85635
6	159	0.72196
6	160	0.721752
6	162	0.739867
6	169	0.734856
6	179	0.601714
7	41	0.904097
7	104	0.646319
7	134	1.0593
7	148	0.727127
7	153	0.790274
7	155	0.887948
7	168	0.811582
7	172	0.800738
7	174	0.801459
7	175	0.793191
7	176	0.805265
7	180	0.783243
8	75	1.88434
8	84	0.856592
8	115	0.236392
8	120	0.853097
8	136	0.824703
8	145	0.793434
8	155	0.84581
8	160	0.670609
8	168	0.769444
8	172	0.758601
8	175	0.751053
8	177	0.748116
9	4	0.680458
9	22	1.27922
9	26	0.383333
9	28	0.6854
9	33	0.431462
9	34	0.75685
9	50	3.70215
9	58	2.30368
9	87	0.893288
9	94	0.788528
9	129	0.68973
9	163	0.561729
10	2	0.699531
10	24	0.749304
10	98	2.19542
10	122	0.740622
10	147	0.759653
10	155	0.782837
10	168	0.706471
10	169	1.23312
10	174	0.696348
10	175	0.68808
10	176	0.700154
10	180	0.678132
11	32	0.720991
11	68	0.722314
11	78	0.748734
11	119	2.3082
11	137	0.772694
11	138	0.749402
11	160	0.742427
11	162	0.760542
11	167	0.608618
11	171	0.756208
11	174	3.92286
11	178	0.618192
12	93	1.7448
12	99	5.31266
12	126	0.7261
12	127	0.722575
12	140	0.741869
12	142	0.735185
12	146	0.728152
12	161	0.725778
12	169	0.73954
12	170	0.735605
12	171	0.740217
12	178	0.6022
13	24	0.745001
13	43	0.799095
13	62	0.756899
13	99	0.686518
13	127	1.0809
13	144	2.34162
13	154	0.737812
13	166	0.729294
13	174	0.692046
13	175	0.683778
13	176	0.695852
13	180	0.673829
14	50	1.89785
14	128	0.689218
14	137	0.774148
14	146	0.745598
14	148	0.611526
14	158	0.75006
14	159	0.744089
14	161	0.743223
14	169	0.756985
14	171	0.757662
14	176	4.1892
14	179	0.623843
15	20	0.649531
15	24	0.692189
15	113	0.712174
15	147	0.702538
15	148	0.564901
15	155	0.725722
15	156	0.674527
15	170	4.10854
15	173	0.58693
15	174	0.639233
15	175	0.630965
15	180	0.621017
16	35	0.622515
16	37	0.536589
16	48	0.646602
16	128	0.571051
16	141	0.599441
16	153	0.556506
16	159	0.625922
16	162	0.643829
16	164	0.572701
16	168	0.577813
16	170	0.634883
16	171	0.639495
16	176	0.571497
17	55	0.84019
17	78	0.550967
17	97	0.572409
17	134	0.557786
17	138	0.551635
17	141	1.9562
17	150	0.569552
17	161	0.85065
17	162	0.869423
17	167	0.717499
17	169	0.864412
17	170	0.860478
17	173	8.87247
18	2	0.623462
18	56	0.663181
18	102	0.679199
18	112	0.682409
18	121	0.667958
18	139	0.683026
18	145	0.654393
18	147	0.683585
18	153	0.609095
18	161	4.51365
18	164	0.62529
18	172	0.619559
18	177	0.609074
19	84	0.710352
19	92	0.678532
19	102	0.672001
19	103	0.573545
19	119	0.721191
19	155	0.69957
19	160	4.53956
19	163	0.664013
19	166	0.650329
19	174	0.613082
19	175	0.604813
19	177	0.601876
19	180	0.594865
20	15	0.649531
20	56	0.684988
20	68	0.679997
20	72	0.690083
20	88	0.578179
20	94	3.66521
20	148	0.567754
20	151	0.682058
20	157	0.63807
20	161	0.699452
20	170	0.709279
20	173	0.589783
20	177	0.630881
21	65	3.12172
21	101	0.784729
21	102	2.10843
21	127	0.766788
21	140	0.786083
21	150	0.795541
21	159	0.770858
21	160	0.77065
21	161	0.769992
21	162	0.788764
21	163	2.07407
21	170	0.779819
21	171	0.784431
22	9	1.27922
22	33	1.32087
22	34	0.830792
22	39	0.629979
22	46	0.346895
22	54	0.401251
22	63	1.07521
22	87	1.16218
22	94	0.603076
22	99	3.88734
22	163	0.380498
22	168	1.41214
22	179	11.1696
23	72	0.621683
23	80	0.630577
23	148	0.499355
23	150	0.656602
23	151	0.613658
23	156	0.60898
23	158	0.637889
23	159	0.631918
23	166	0.610935
23	170	0.64088
23	176	0.577493
23	177	0.562481
23	178	0.507475
24	10	0.749304
24	13	0.745001
24	15	0.692189
24	74	2.09775
24	92	0.750195
24	137	1.80191
24	139	0.747491
24	154	0.730511
24	172	0.684023
24	174	0.684744
24	175	0.676476
24	177	0.673539
24	180	0.666528
25	69	0.663134
25	77	0.648353
25	94	3.66521
25	100	0.694761
25	148	0.556168
25	150	0.713415
25	162	0.706638
25	163	0.681432
25	166	0.667748
25	167	0.554714
25	169	0.701627
25	174	0.6305
25	179	0.568485
26	5	2.9592
26	9	0.383333
26	46	0.926523
26	49	1.06749
26	54	0.980879
26	81	0.367615
26	87	0.707162
26	94	0.480788
26	103	10
26	111	0.902042
26	124	0.933777
26	129	0.402901
26	163	1.01862
27	58	1.69327
27	98	0.745318
27	126	0.722573
27	134	0.736035
27	141	4.76583
27	144	0.727045
27	150	0.747801
27	159	0.723117
27	162	0.741024
27	167	0.5891
27	169	0.736013
27	170	0.732079
27	178	0.598674
28	9	0.6854
28	33	0.727057
28	34	0.867708
28	49	0.906192
28	56	3.12522
28	63	0.619727
28	87	0.568367
28	94	1.01746
28	111	2.09972
28	124	0.772483
28	129	0.985325
28	155	2.09336
28	163	0.857324
29	41	0.744001
29	47	0.720888
29	55	0.701523
29	102	2.55296
29	107	0.720266
29	148	0.578172
29	149	0.730152
29	161	0.709869
29	162	0.728642
29	169	0.723631
29	170	0.719697
29	171	0.724308
29	172	4.08344
30	153	0.644476
30	155	0.742149
30	157	0.651644
30	165	0.642218
30	168	0.665784
30	169	4.09701
30	172	0.65494
30	173	0.603357
30	174	0.655661
30	176	0.659467
30	177	0.644455
30	180	0.637444
31	45	0.793278
31	84	1.76498
31	126	0.760952
31	129	0.882198
31	130	0.777412
31	132	0.759403
31	158	0.767467
31	159	0.761496
31	163	2.48144
31	167	0.627478
31	169	0.774392
31	170	0.770457
31	171	0.775069
31	176	3.44625
32	11	0.720991
32	60	0.721498
32	130	0.742524
32	143	3.20473
32	144	0.730535
32	147	3.74451
32	148	0.594044
32	152	0.734236
32	158	0.732578
32	162	0.744514
32	167	0.59259
32	169	0.739503
32	171	0.74018
32	179	0.606361
33	9	0.431462
33	22	1.32087
33	28	0.727057
33	34	0.798507
33	42	0.680112
33	46	0.511291
33	49	0.652254
33	54	0.565647
33	57	2.59033
33	87	0.934945
33	94	0.830185
33	124	0.518545
33	163	0.603386
33	176	4.41007
34	9	0.75685
34	22	0.830792
34	28	0.867708
34	33	0.798507
34	42	0.820763
34	62	1.33194
34	63	0.659753
34	81	0.836752
34	87	0.639817
34	89	1.13328
34	94	0.281629
34	124	0.57609
34	163	0.66093
34	173	10.872
35	16	0.622515
35	51	0.773426
35	136	0.751994
35	144	2.41795
35	147	0.749918
35	154	0.732379
35	156	0.721906
35	157	0.682596
35	171	1.81441
35	172	0.685892
35	173	0.634309
35	174	0.686613
35	176	0.690419
35	180	0.668396
36	94	0.381333
36	99	0.753531
36	121	0.806737
36	132	1.65027
36	133	0.827722
36	156	0.794352
36	157	0.755042
36	159	1.28233
36	164	0.764069
36	166	0.796307
36	173	0.706755
36	174	0.759059
36	179	0.697043
36	180	0.740842
37	16	0.536589
37	40	0.65484
37	65	0.623648
37	103	0.561151
37	155	0.687176
37	163	0.651619
37	165	0.587245
37	166	0.637935
37	167	0.524901
37	172	0.599966
37	173	0.548383
37	174	0.600687
37	177	0.589481
37	180	0.582471
38	40	0.813112
38	54	1.34025
38	120	0.852734
38	150	1.6614
38	157	0.754942
38	164	0.763969
38	170	0.966421
38	172	0.758238
38	174	0.758959
38	175	0.750691
38	176	0.762765
38	177	0.747753
38	179	0.696944
38	180	0.740743
39	22	0.629979
39	63	0.543167
39	87	0.491807
39	94	0.940903
39	108	0.802508
39	111	0.864791
39	124	0.695923
39	125	0.76034
39	145	0.763945
39	150	2.05905
39	163	0.780763
39	171	1.78322
39	176	0.733638
40	37	0.65484
40	38	0.813112
40	66	0.804578
40	104	2.04263
40	124	0.652033
40	130	2.03503
40	131	0.779935
40	164	0.690952
40	165	0.672499
40	166	0.72319
40	173	0.633638
40	175	0.677674
40	178	0.61973
40	180	0.667725
41	7	0.904097
41	29	0.744001
41	72	0.771282
41	101	0.795388
41	117	0.702652
41	138	0.788284
41	142	0.790059
41	155	1.08504
41	160	0.781309
41	161	0.780651
41	170	0.790478
41	171	0.79509
41	179	0.66127
41	180	5.02191
42	33	0.680112
42	34	0.820763
42	46	0.718284
42	49	0.859247
42	54	0.77264
42	81	0.903094
42	87	0.521422
42	94	0.970518
42	120	1.32631
42	124	0.725538
42	129	0.93838
42	141	2.3661
42	163	0.810378
42	164	4.00346
43	1	0.793492
43	13	0.799095
43	131	0.832831
43	137	1.56503
43	145	0.772951
43	151	0.778809
43	160	1.49647
43	163	0.78977
43	165	0.725395
43	168	0.748961
43	170	0.517908
43	173	0.686534
43	175	0.73057
43	177	0.727632
44	61	0.498085
44	93	0.793207
44	126	1.82225
44	130	0.916578
44	141	0.785481
44	148	0.679398
44	151	0.793702
44	155	0.840219
44	164	0.758741
44	165	0.740288
44	166	0.790978
44	168	0.763853
44	172	0.753009
44	173	0.701427
45	31	0.793278
45	62	2.44735
45	79	0.787996
45	95	0.833531
45	123	0.782242
45	149	0.799451
45	152	0.787662
45	159	0.780034
45	161	0.779167
45	165	4.52833
45	167	0.646016
45	170	0.788995
45	171	0.793606
45	179	0.659787
46	22	0.346895
46	26	0.926523
46	33	0.511291
46	42	0.718284
46	49	0.690426
46	54	0.603819
46	63	1.05477
46	81	0.734273
46	87	0.973117
46	94	0.868357
46	124	0.556717
46	135	12.4
46	163	0.641558
46	179	13.1653
47	29	0.720888
47	91	0.745831
47	121	2.2292
47	123	0.760613
47	127	0.754335
47	139	2.17668
47	146	0.759913
47	149	0.777822
47	152	0.766033
47	160	0.758196
47	162	0.776311
47	169	0.7713
47	170	0.767366
47	172	3.74555
47	179	0.638158
48	16	0.646602
48	59	0.760123
48	96	0.775715
48	115	0.804474
48	116	2.02211
48	135	0.664274
48	137	0.79899
48	145	2.13652
48	149	0.788348
48	159	0.768931
48	164	3.97342
48	169	0.781827
48	170	0.777893
48	171	0.782504
48	179	0.648684
49	26	1.06749
49	28	0.906192
49	33	0.652254
49	42	0.859247
49	46	0.690426
49	54	0.744781
49	63	0.544923
49	87	0.493564
49	94	0.94266
49	124	0.69768
49	128	7.44005
49	129	0.910522
49	147	1.70687
49	163	0.78252
49	178	18.1039
50	9	3.70215
50	14	1.89785
50	92	0.744748
50	93	0.718774
50	109	0.783186
50	139	0.742044
50	147	0.742603
50	168	0.68942
50	174	0.679298
50	175	0.67103
50	176	0.683104
50	177	0.668092
50	179	0.617282
50	180	0.661081
51	35	0.773426
51	64	0.788259
51	67	0.756914
51	73	0.790212
51	79	1.4843
51	97	0.618618
51	139	0.781348
51	144	1.83383
51	151	0.758573
51	166	0.75585
51	168	0.728724
51	172	0.717881
51	174	0.718602
51	175	0.710334
51	176	0.722408
52	2	4.08975
52	55	0.749719
52	60	0.753822
52	86	0.748255
52	88	0.636793
52	91	0.746358
52	100	0.764961
52	119	1.48657
52	136	1.871
52	137	0.788991
52	138	0.765699
52	152	0.76656
52	159	0.758932
52	161	0.758065
52	170	0.767893
53	98	1.07397
53	126	1.02226
53	139	0.846595
53	143	0.853617
53	145	0.817962
53	147	0.847154
53	153	0.772664
53	155	0.870338
53	156	0.819143
53	160	1.18669
53	161	0.401698
53	165	0.770406
53	172	0.783128
53	173	0.731545
53	179	0.721833
53	180	0.765632
54	22	0.401251
54	26	0.980879
54	33	0.565647
54	38	1.34025
54	42	0.77264
54	46	0.603819
54	49	0.744781
54	63	1.10913
54	81	0.788629
54	87	0.847819
54	94	0.922712
54	117	7.01717
54	124	0.611073
54	129	0.823915
54	157	2.59484
54	163	0.695913
55	17	0.84019
55	29	0.701523
55	52	0.749719
55	90	0.83655
55	129	0.859741
55	135	0.634382
55	137	0.769098
55	144	0.742967
55	146	0.740547
55	157	5.07992
55	160	0.738831
55	165	3.31726
55	169	0.751935
55	170	0.748
55	171	0.752612
55	179	0.618792
56	18	0.663181
56	20	0.684988
56	28	3.12522
56	116	0.727377
56	125	0.705198
56	139	0.737436
56	143	0.744458
56	146	2.14201
56	147	0.737995
56	148	0.600358
56	156	0.709984
56	164	0.6797
56	165	0.661247
56	172	0.673969
56	174	0.67469
57	2	0.732284
57	33	2.59033
57	93	0.768578
57	115	1.44012
57	129	0.937746
57	131	0.823095
57	133	0.797765
57	157	0.725085
57	164	0.734112
57	165	0.715659
57	168	0.739224
57	172	0.728381
57	173	0.676798
57	176	0.732908
57	177	0.717896
57	180	0.710885
58	9	2.30368
58	27	1.69327
58	65	0.814518
58	85	0.881926
58	91	0.880253
58	153	0.780372
58	155	0.878045
58	162	0.183134
58	164	0.796567
58	165	0.778114
58	168	0.801679
58	173	0.739253
58	175	0.783288
58	176	0.795363
58	177	0.780351
58	180	0.77334
59	48	0.760123
59	66	2.13962
59	93	4.12084
59	95	2.29136
59	142	0.747985
59	144	0.743371
59	146	0.740951
59	149	0.75886
59	152	0.747072
59	159	0.739443
59	160	0.739235
59	161	0.738577
59	162	0.75735
59	169	0.752339
59	171	0.753016
59	178	0.615
60	32	0.721498
60	52	0.753822
60	106	0.747128
60	111	2.27072
60	121	3.15234
60	134	0.756059
60	138	0.749909
60	142	0.751684
60	152	0.75077
60	159	0.743142
60	160	0.742934
60	163	3.10386
60	169	0.756038
60	170	0.752103
60	171	0.756715
60	178	0.618698
61	44	0.498085
61	74	0.833524
61	83	1.25832
61	92	2.10286
61	97	0.840242
61	100	0.818731
61	126	0.812157
61	127	0.808632
61	132	0.810609
61	157	5.36084
61	158	0.818672
61	162	0.830608
61	170	0.821663
61	171	0.826274
61	178	0.688258
61	179	0.692455
62	13	0.756899
62	34	1.33194
62	45	2.44735
62	66	0.815278
62	82	0.799088
62	89	0.804953
62	125	0.72715
62	151	0.736614
62	152	1.90448
62	155	0.783131
62	165	0.6832
62	166	0.73389
62	174	0.696642
62	175	0.688374
62	176	0.700448
62	180	0.678426
63	22	1.07521
63	28	0.619727
63	34	0.659753
63	39	0.543167
63	46	1.05477
63	49	0.544923
63	54	1.10913
63	85	1.43941
63	87	0.991145
63	94	0.208753
63	124	1.06202
63	129	0.648077
63	157	2.04308
63	163	0.496055
63	164	1.27793
63	179	9.26518
64	1	0.7561
64	51	0.788259
64	118	0.782536
64	133	0.770109
64	142	1.59379
64	147	0.764751
64	149	1.9005
64	151	0.741417
64	153	0.690261
64	156	0.736739
64	158	1.16575
64	166	0.738694
64	173	0.649142
64	174	0.701446
64	175	0.693178
64	176	0.705252
64	180	0.683229
65	21	3.12172
65	37	0.623648
65	58	0.814518
65	108	0.727426
65	109	0.758638
65	145	0.688863
65	147	0.718055
65	154	0.700516
65	157	0.650733
65	161	2.99193
65	164	0.65976
65	168	0.664872
65	172	0.654029
65	173	0.602446
65	176	0.658556
65	177	0.643544
65	180	0.636533
66	40	0.804578
66	59	2.13962
66	62	0.815278
66	81	0.894072
66	108	0.823101
66	112	0.812554
66	140	0.925822
66	142	0.753478
66	147	0.81373
66	151	0.790396
66	156	0.785718
66	162	0.88855
66	164	0.755435
66	165	0.736982
66	168	0.760547
66	177	0.739219
66	178	0.684212
67	51	0.756914
67	77	0.687954
67	88	0.606193
67	110	0.705336
67	114	0.750401
67	127	2.58385
67	143	0.739869
67	145	0.704214
67	164	0.675111
67	165	0.656658
67	168	0.680223
67	170	2.82186
67	172	0.66938
67	173	0.617797
67	174	0.670101
67	176	0.673907
67	179	0.608085
68	11	0.722314
68	20	0.679997
68	86	0.717254
68	91	0.715357
68	104	0.726429
68	105	2.98336
68	112	2.6624
68	144	0.731858
68	145	3.20263
68	150	0.752614
68	152	0.735559
68	158	0.733901
68	159	0.72793
68	160	0.727722
68	162	0.745837
68	169	0.740826
68	171	0.741503
69	25	0.663134
69	72	0.712419
69	107	0.732185
69	115	0.758197
69	134	0.735571
69	139	2.25672
69	149	0.742071
69	150	0.747338
69	152	0.730282
69	154	2.56696
69	158	0.728624
69	159	0.722654
69	160	0.722446
69	165	4.61826
69	169	0.73555
69	170	0.731615
69	171	0.736227
69	178	0.59821
70	1	0.771297
70	118	0.797733
70	142	1.54921
70	149	1.85592
70	151	0.756614
70	154	0.762408
70	156	0.751936
70	162	1.68428
70	168	0.726765
70	172	0.715921
70	173	0.664338
70	174	0.716642
70	175	0.708374
70	176	0.720448
70	177	0.705436
70	178	0.65043
70	179	0.654627
70	180	0.698426
71	76	2.61063
71	79	0.796674
71	89	2.30638
71	95	2.24953
71	118	2.61975
71	132	0.786618
71	134	0.801628
71	135	0.684054
71	137	0.81877
71	140	0.803936
71	160	0.788503
71	161	0.787845
71	162	0.806618
71	167	0.654694
71	169	0.801607
71	170	0.797672
71	171	0.802284
71	179	0.668464
72	20	0.690083
72	23	0.621683
72	41	0.771282
72	69	0.712419
72	113	2.93036
72	114	2.15158
72	127	0.733947
72	128	0.683145
72	140	0.753242
72	152	0.745645
72	158	0.743987
72	160	0.737808
72	161	0.73715
72	162	0.755923
72	170	0.746978
72	171	0.751589
72	174	4.21338
72	178	0.613573
73	5	0.693316
73	51	0.790212
73	139	0.766146
73	143	0.773168
73	151	0.743371
73	154	0.749165
73	157	0.699382
73	159	1.68637
73	162	2.05729
73	165	0.689957
73	166	0.740647
73	168	0.713522
73	169	1.33395
73	172	0.702678
73	173	0.651095
73	175	0.695131
73	176	0.707205
73	180	0.685183
74	24	2.09775
74	61	0.833524
74	76	2.11749
74	81	1.56726
74	98	0.791275
74	123	0.771283
74	132	0.766982
74	142	0.777616
74	144	0.773002
74	150	0.793758
74	152	0.776703
74	154	3.39988
74	160	0.768866
74	161	0.768208
74	167	0.635057
74	169	0.78197
74	170	0.778036
74	171	0.782647
75	8	1.88434
75	78	0.718613
75	97	0.740055
75	104	0.711013
75	108	2.91909
75	122	3.72894
75	123	0.714723
75	134	0.725432
75	142	0.721056
75	144	0.716442
75	146	0.714023
75	149	0.731932
75	152	0.720143
75	159	0.712515
75	160	0.712307
75	161	0.711648
75	170	0.721476
75	171	0.726088
76	71	2.61063
76	74	2.11749
76	82	0.802296
76	102	0.75877
76	114	0.780151
76	133	0.768514
76	139	0.762597
76	144	1.79723
76	153	0.688666
76	154	0.745617
76	166	0.737099
76	168	0.709973
76	173	0.647547
76	174	0.699851
76	175	0.691582
76	177	0.688645
76	179	0.637835
76	180	0.681634
77	6	3.31985
77	25	0.648353
77	67	0.687954
77	95	0.767401
77	102	0.708561
77	109	0.75353
77	120	0.743417
77	150	3.21541
77	151	0.689613
77	153	0.638457
77	156	0.684935
77	157	0.645625
77	168	0.659764
77	172	0.648921
77	173	0.597338
77	175	0.641374
77	176	0.653448
77	180	0.631425
78	11	0.748734
78	17	0.550967
78	75	0.718613
78	111	1.66934
78	132	0.752257
78	135	0.649693
78	145	2.65047
78	148	0.621786
78	149	0.773767
78	150	0.779034
78	152	0.761979
78	160	0.754142
78	161	0.753484
78	169	0.767246
78	170	0.763311
78	171	0.767923
78	177	5.03157
78	179	0.634103
79	45	0.787996
79	51	1.4843
79	71	0.796674
79	90	1.54248
79	107	0.765745
79	123	0.758423
79	132	0.754122
79	134	0.769132
79	140	0.77144
79	144	0.760142
79	149	0.775632
79	151	2.74229
79	158	0.762185
79	159	0.756214
79	162	0.774121
79	169	0.76911
79	170	0.765176
79	172	3.9887
79	178	0.631771
80	23	0.630577
80	88	0.624771
80	89	0.796989
80	106	1.51373
80	108	0.761355
80	109	0.792566
80	112	0.750808
80	118	0.769769
80	131	0.782672
80	143	0.758447
80	152	1.70506
80	164	0.693689
80	165	0.675236
80	171	2.24698
80	173	0.636375
80	174	0.688679
80	176	0.692485
80	177	0.677473
80	180	0.670462
81	26	0.367615
81	34	0.836752
81	42	0.903094
81	46	0.734273
81	54	0.788629
81	66	0.894072
81	74	1.56726
81	87	0.537411
81	91	2.07885
81	94	0.986507
81	120	0.869211
81	126	1.03843
81	140	0.888441
81	143	0.845204
81	157	0.771419
81	163	0.826368
81	165	0.761993
81	173	0.723132
81	176	0.779242
82	62	0.799088
82	76	0.802296
82	87	1.36905
82	110	0.769469
82	111	0.869193
82	120	0.82801
82	143	0.804003
82	151	0.774206
82	158	1.0883
82	161	1.21811
82	166	0.771482
82	167	0.658448
82	168	0.744357
82	171	1.4437
82	173	0.681931
82	174	0.734234
82	175	0.725966
82	177	0.723029
82	180	0.716018
83	4	1.35111
83	61	1.25832
83	89	0.83721
83	108	0.801576
83	109	0.832787
83	130	1.67682
83	131	0.822893
83	139	0.791646
83	141	0.76065
83	147	0.792205
83	155	0.815388
83	158	1.83212
83	167	0.653113
83	172	0.728178
83	173	0.676596
83	174	0.728899
83	176	0.732706
83	177	0.717694
83	180	0.710683
84	8	0.856592
84	19	0.710352
84	31	1.76498
84	85	0.819428
84	97	0.841734
84	125	0.759567
84	131	0.823053
84	133	0.797722
84	141	0.76081
84	145	0.763172
84	148	0.654727
84	149	1.83276
84	156	0.764353
84	168	0.739182
84	171	1.45341
84	173	0.676756
84	174	0.729059
84	175	0.720791
84	177	0.717854
84	180	0.710843
85	58	0.881926
85	63	1.43941
85	84	0.819428
85	86	1.60668
85	110	0.757393
85	117	0.701524
85	131	0.816151
85	133	0.790821
85	134	1.26714
85	150	1.63309
85	153	0.710973
85	154	0.767924
85	166	0.759406
85	168	0.73228
85	172	0.721437
85	173	0.669854
85	174	0.722158
85	175	0.71389
85	176	0.725964
85	177	0.710952
86	52	0.748255
86	68	0.717254
86	85	1.60668
86	98	0.759776
86	104	0.736073
86	109	1.68798
86	115	0.773118
86	130	0.753491
86	135	0.632918
86	140	0.7528
86	142	0.746117
86	143	1.6819
86	149	0.756992
86	150	0.762259
86	152	0.745203
86	158	0.743546
86	159	0.737575
86	161	0.736709
86	170	0.746536
86	171	0.751148
86	180	5.51664
87	4	0.563425
87	9	0.893288
87	22	1.16218
87	26	0.707162
87	28	0.568367
87	33	0.934945
87	34	0.639817
87	39	0.491807
87	42	0.521422
87	46	0.973117
87	49	0.493564
87	54	0.847819
87	63	0.991145
87	81	0.537411
87	82	1.36905
87	94	0.86167
87	117	3.38283
87	128	1.72764
87	129	0.572697
87	163	1.06521
87	173	9.85548
88	20	0.578179
88	52	0.636793
88	67	0.606193
88	80	0.624771
88	101	0.639984
88	117	0.547247
88	118	0.648972
88	122	0.612155
88	154	0.613647
88	156	0.603175
88	158	0.632083
88	160	0.625904
88	162	0.644019
88	164	0.572891
88	167	0.492095
88	169	0.639008
88	170	0.635074
88	171	0.639685
88	177	0.556675
88	178	0.501669
88	180	0.549665
89	34	1.13328
89	62	0.804953
89	71	2.30638
89	80	0.796989
89	83	0.83721
89	100	0.646081
89	105	0.795806
89	112	0.802229
89	114	0.8204
89	118	0.82119
89	119	0.848209
89	121	0.787778
89	136	0.805481
89	137	1.51739
89	150	1.16525
89	165	0.726657
89	166	0.777347
89	168	0.750222
89	173	0.687796
89	174	0.7401
89	179	0.678084
89	180	0.721883
90	55	0.83655
90	79	1.54248
90	107	1.13261
90	114	0.84074
90	132	1.49321
90	136	0.825821
90	141	0.792189
90	145	0.794552
90	147	0.823744
90	149	1.66783
90	154	0.806205
90	155	0.846927
90	164	0.765449
90	165	0.746996
90	166	0.797687
90	174	0.760439
90	175	0.752171
90	176	0.764245
90	177	0.749233
90	178	0.694227
90	179	0.698423
90	180	0.742222
91	47	0.745831
91	52	0.746358
91	58	0.880253
91	68	0.715357
91	81	2.07885
91	97	0.763218
91	101	0.749549
91	118	2.63819
91	123	0.737887
91	128	0.680807
91	130	0.751594
91	140	0.750903
91	150	0.760362
91	152	0.743307
91	156	4.55354
91	158	0.741649
91	159	0.735678
91	160	0.73547
91	161	0.734812
91	170	0.744639
91	171	0.749251
91	178	0.611234
92	19	0.678532
92	24	0.750195
92	50	0.744748
92	61	2.10286
92	110	0.732474
92	117	0.676606
92	127	2.37488
92	128	0.700599
92	145	0.731352
92	154	0.743006
92	157	0.693222
92	163	0.748171
92	165	0.683797
92	166	0.734487
92	167	0.621453
92	169	2.51643
92	172	0.696518
92	173	0.644936
92	175	0.688971
92	177	0.686034
92	178	0.631027
93	12	1.7448
93	44	0.793207
93	50	0.718774
93	57	0.768578
93	59	4.12084
93	103	0.631729
93	110	0.7065
93	113	0.744205
93	143	0.741033
93	145	0.705378
93	148	0.596933
93	154	0.717031
93	155	0.757753
93	157	0.667248
93	165	0.657822
93	166	0.708513
93	168	0.681388
93	170	2.2429
93	173	0.618961
93	174	0.671265
93	177	0.660059
93	180	0.653048
94	4	1.01252
94	9	0.788528
94	20	3.66521
94	22	0.603076
94	25	3.66521
94	26	0.480788
94	28	1.01746
94	33	0.830185
94	34	0.281629
94	36	0.381333
94	39	0.940903
94	42	0.970518
94	46	0.868357
94	49	0.94266
94	54	0.922712
94	63	0.208753
94	81	0.986507
94	87	0.86167
94	124	0.875611
94	128	3.23231
94	129	0.336796
94	163	0.893792
94	178	13.8961
95	45	0.833531
95	59	2.29136
95	71	2.24953
95	77	0.767401
95	102	0.808467
95	108	0.822225
95	110	0.784783
95	112	0.811677
95	122	0.793822
95	125	0.780056
95	150	1.1084
95	154	0.795314
95	155	0.836037
95	157	0.745531
95	160	1.39198
95	164	0.754558
95	172	0.748827
95	173	0.697244
95	174	0.749548
95	176	0.753354
95	177	0.738342
95	178	0.683336
95	180	0.731331
96	48	0.775715
96	101	0.768907
96	115	0.790578
96	121	2.69818
96	123	0.757244
96	132	0.752943
96	138	0.761802
96	140	0.770261
96	144	0.758963
96	146	0.756543
96	149	0.774452
96	151	2.96812
96	152	0.762664
96	154	2.95591
96	155	1.8102
96	158	0.761006
96	159	0.755035
96	160	0.754827
96	161	0.754169
96	162	0.772942
96	163	2.6497
96	169	0.767931
96	171	0.768608
96	178	0.630592
97	17	0.572409
97	51	0.618618
97	61	0.840242
97	75	0.740055
97	84	0.841734
97	91	0.763218
97	123	0.778
97	127	0.771722
97	134	0.788709
97	140	0.791017
97	144	0.779719
97	146	0.7773
97	149	0.795209
97	156	2.50647
97	158	0.781762
97	159	0.775792
97	160	0.775584
97	162	0.793698
97	167	0.641774
97	170	0.784753
97	171	0.789364
97	172	3.12303
97	179	0.655545
97	180	4.65556
98	10	2.19542
98	27	0.745318
98	53	1.07397
98	74	0.791275
98	86	0.759776
98	100	0.776482
98	104	0.768951
98	108	1.59264
98	117	0.691587
98	123	0.772661
98	125	3.02701
98	130	0.786368
98	132	0.76836
98	140	0.785678
98	142	0.778994
98	152	0.778081
98	158	0.776423
98	160	0.770244
98	162	0.788359
98	169	0.783348
98	171	0.784025
98	174	3.7733
98	178	0.646009
98	179	0.650206
99	12	5.31266
99	13	0.686518
99	22	3.88734
99	36	0.753531
99	112	0.68839
99	116	0.678949
99	118	0.707352
99	119	0.734371
99	122	0.670536
99	139	0.689008
99	151	0.666233
99	153	0.615077
99	154	0.672028
99	157	0.622244
99	164	0.631272
99	165	0.612819
99	166	0.663509
99	168	0.636384
99	172	0.62554
99	173	0.573957
99	174	0.626261
99	175	0.617993
99	176	0.630067
100	25	0.694761
100	52	0.764961
100	61	0.818731
100	89	0.646081
100	98	0.776482
100	107	0.763812
100	124	3.87451
100	128	0.69941
100	129	0.874983
100	131	1.35099
100	132	0.752188
100	136	1.85305
100	137	0.78434
100	140	0.769506
100	142	0.762823
100	144	0.758209
100	148	0.621717
100	152	0.761909
100	153	5.14644
100	160	0.754073
100	161	0.753415
100	162	0.772188
100	169	0.767177
100	171	0.767854
100	178	0.629837
101	6	0.735832
101	21	0.784729
101	41	0.795388
101	88	0.639984
101	91	0.749549
101	96	0.768907
101	119	0.840107
101	127	0.758054
101	132	0.76003
101	134	0.77504
101	140	0.777348
101	149	0.78154
101	150	0.786807
101	152	0.769751
101	153	4.51794
101	154	1.60423
101	158	0.768094
101	159	0.762123
101	160	0.761915
101	161	0.761257
101	162	0.78003
101	164	3.28292
101	175	3.37069
101	178	0.637679
101	179	0.641876
102	18	0.679199
102	19	0.672001
102	21	2.10843
102	29	2.55296
102	76	0.75877
102	77	0.708561
102	95	0.808467
102	131	0.784701
102	133	0.759371
102	141	0.722458
102	147	0.754013
102	154	0.736474
102	156	0.726002
102	157	0.686691
102	158	1.84882
102	159	2.04101
102	163	0.74164
102	164	0.695718
102	165	0.677266
102	168	0.700831
102	172	0.689987
102	173	0.638404
102	174	0.690708
102	175	0.68244
102	180	0.672491
103	19	0.573545
103	26	10
103	37	0.561151
103	93	0.631729
103	124	0.558344
103	133	0.660916
103	139	0.654999
103	146	0.651992
103	149	0.669901
103	151	0.632224
103	153	0.581068
103	155	0.678741
103	158	0.656455
103	159	0.650484
103	160	0.650276
103	161	0.649618
103	162	0.668391
103	165	0.57881
103	169	0.66338
103	170	0.659445
103	171	0.664057
103	172	0.591532
103	173	0.539949
103	177	0.581047
103	180	0.574036
104	7	0.646319
104	40	2.04263
104	68	0.726429
104	75	0.711013
104	86	0.736073
104	98	0.768951
104	115	0.782293
104	126	0.746206
104	127	0.742681
104	129	0.867452
104	137	0.776809
104	144	0.750678
104	146	0.748258
104	147	1.46916
104	149	0.766167
104	150	0.771433
104	158	0.75272
104	160	0.746542
104	161	0.745884
104	162	0.764657
104	170	0.755711
104	171	0.760323
104	175	3.73943
104	177	4.19586
104	179	0.626503
105	68	2.98336
105	89	0.795806
105	114	0.767796
105	117	0.666861
105	119	0.795604
105	145	0.721608
105	149	2.47795
105	150	2.37442
105	157	0.683478
105	164	0.692505
105	165	0.674052
105	166	0.724743
105	167	0.611709
105	168	0.697617
105	172	0.686774
105	173	0.635191
105	174	0.687495
105	175	0.679227
105	176	0.691301
105	177	0.676289
105	178	0.621283
105	179	0.625479
105	180	0.669278
106	60	0.747128
106	80	1.51373
106	113	1.31034
106	126	0.751693
106	129	0.872939
106	130	0.768153
106	131	0.861086
106	138	0.759004
106	142	0.760779
106	146	0.753745
106	148	0.619674
106	149	0.771654
106	150	0.776921
106	152	0.759866
106	153	4.65653
106	158	0.758208
106	159	0.752237
106	160	0.752029
106	161	0.751371
106	162	0.770144
106	169	0.765133
106	170	0.761198
106	171	0.76581
106	178	0.627794
106	180	4.53398
107	29	0.720266
107	69	0.732185
107	79	0.765745
107	90	1.13261
107	100	0.763812
107	111	1.18087
107	124	3.96199
107	138	0.764549
107	140	0.773008
107	146	0.759291
107	149	0.7772
107	150	0.782466
107	152	0.765411
107	158	0.763753
107	159	0.757783
107	160	0.757574
107	161	0.756916
107	162	0.775689
107	169	0.770678
107	170	0.766744
107	171	0.771355
107	172	3.57883
107	176	2.97881
107	178	0.633339
107	179	0.637536
108	39	0.802508
108	65	0.727426
108	66	0.823101
108	75	2.91909
108	80	0.761355
108	83	0.801576
108	95	0.822225
108	98	1.59264
108	109	0.808353
108	113	0.777406
108	116	0.757153
108	137	1.77392
108	143	0.774234
108	148	0.630133
108	154	0.750232
108	161	0.920368
108	163	0.755397
108	164	0.709476
108	166	0.741713
108	171	1.14596
108	172	0.703744
108	174	0.704466
108	175	0.696197
108	176	0.708272
108	179	0.64245
108	180	0.686249
109	50	0.783186
109	65	0.758638
109	77	0.75353
109	80	0.792566
109	83	0.832787
109	86	1.68798
109	108	0.808353
109	116	0.788364
109	119	0.843786
109	121	0.783355
109	144	2.04212
109	148	0.661344
109	153	0.724492
109	160	1.99798
109	165	0.722234
109	167	0.659891
109	169	0.922951
109	170	1.01942
109	172	0.734956
109	173	0.683373
109	174	0.735677
109	175	0.727409
109	176	0.739483
109	177	0.724471
109	178	0.669464
109	179	0.673661
110	67	0.705336
110	82	0.769469
110	85	0.757393
110	92	0.732474
110	93	0.7065
110	95	0.784783
110	113	0.739964
110	118	0.748115
110	121	0.714702
110	125	0.697532
110	132	2.18251
110	133	0.735687
110	136	0.732406
110	140	2.22276
110	147	0.730329
110	151	0.706995
110	155	0.753512
110	156	0.702317
110	161	1.75219
110	165	0.653581
110	166	0.704272
110	169	1.46215
110	176	0.67083
110	178	0.600812
110	179	0.605008
110	180	0.648807
111	26	0.902042
111	28	2.09972
111	39	0.864791
111	60	2.27072
111	78	1.66934
111	82	0.869193
111	107	1.18087
111	116	0.819435
111	120	0.860523
111	122	0.811022
111	125	0.797256
111	141	0.798498
111	148	0.692416
111	150	1.61256
111	155	0.853237
111	156	0.802042
111	164	0.771758
111	166	0.803996
111	167	0.690962
111	172	0.766027
111	173	0.714444
111	174	0.766748
111	175	0.75848
111	177	0.755542
111	178	0.700536
111	179	0.704732
112	18	0.682409
112	66	0.812554
112	68	2.6624
112	80	0.750808
112	89	0.802229
112	95	0.811677
112	99	0.68839
112	113	0.766858
112	136	0.7593
112	143	0.763686
112	146	1.55741
112	151	0.733889
112	160	2.33704
112	164	0.698928
112	165	0.680476
112	168	0.704041
112	170	1.35848
112	172	0.693197
112	173	0.641614
112	174	0.693918
112	176	0.697724
112	177	0.682712
112	178	0.627706
112	179	0.631902
112	180	0.675702
113	15	0.712174
113	72	2.93036
113	93	0.744205
113	106	1.31034
113	108	0.777406
113	110	0.739964
113	112	0.766858
113	121	0.752408
113	122	0.749004
113	123	2.72566
113	124	0.670821
113	125	0.735237
113	148	0.630397
113	153	0.693545
113	154	0.750496
113	156	0.740023
113	157	0.700712
113	166	0.741977
113	170	1.62444
113	172	0.704008
113	175	0.696461
113	176	0.708535
113	177	0.693524
113	178	0.638517
113	179	0.642714
114	67	0.750401
114	72	2.15158
114	76	0.780151
114	89	0.8204
114	90	0.84074
114	105	0.767796
114	115	1.39001
114	118	0.79318
114	119	0.820199
114	121	0.759768
114	129	0.887628
114	142	1.33746
114	147	0.775395
114	151	0.752061
114	153	0.700905
114	156	0.747383
114	157	0.708073
114	160	1.82422
114	166	0.749337
114	172	0.711369
114	173	0.659786
114	175	0.703821
114	176	0.715896
114	177	0.700884
114	179	0.650074
114	180	0.693873
115	8	0.236392
115	48	0.804474
115	57	1.44012
115	69	0.758197
115	86	0.773118
115	96	0.790578
115	104	0.782293
115	114	1.39001
115	130	0.799711
115	137	0.813854
115	140	0.79902
115	144	0.787722
115	146	0.785303
115	158	0.789765
115	159	0.783795
115	160	0.783587
115	161	0.782928
115	162	0.801701
115	163	2.29505
115	164	4.27996
115	167	0.649777
115	169	0.79669
115	170	0.792756
115	171	0.797368
115	176	3.25986
115	178	0.659351
115	179	0.663548
116	5	0.674393
116	48	2.02211
116	56	0.727377
116	99	0.678949
116	108	0.757153
116	109	0.788364
116	111	0.819435
116	118	0.765567
116	122	0.72875
116	124	0.650567
116	132	2.40819
116	143	0.754245
116	145	0.718589
116	147	0.747781
116	148	0.610144
116	149	2.58281
116	152	1.66154
116	156	0.71977
116	164	0.689487
116	165	0.671034
116	166	0.721724
116	172	0.683755
116	173	0.632172
116	175	0.676208
116	176	0.688282
116	178	0.618264
116	180	0.66626
117	41	0.702652
117	54	7.01717
117	85	0.701524
117	87	3.38283
117	88	0.547247
117	92	0.676606
117	98	0.691587
117	105	0.666861
117	137	0.699445
117	141	0.642905
117	143	0.680923
117	144	0.673314
117	147	0.67446
117	151	0.651126
117	156	0.646449
117	158	0.675357
117	159	0.669386
117	160	0.669178
117	166	0.648403
117	168	0.621278
117	169	0.682282
117	170	0.678348
117	172	0.610434
117	178	0.544943
117	179	0.549139
117	180	0.592938
118	64	0.782536
118	70	0.797733
118	71	2.61975
118	80	0.769769
118	88	0.648972
118	89	0.82119
118	91	2.63819
118	99	0.707352
118	110	0.748115
118	114	0.79318
118	116	0.765567
118	135	0.666454
118	136	0.778261
118	139	0.775626
118	140	1.44778
118	145	0.746992
118	147	0.776185
118	156	0.748173
118	160	1.7622
118	165	0.699437
118	167	0.637093
118	169	0.687178
118	173	0.660576
118	174	0.71288
118	175	0.704611
118	176	0.716686
118	179	0.650864
118	180	0.694663
119	11	2.3082
119	19	0.721191
119	52	1.48657
119	89	0.848209
119	99	0.734371
119	101	0.840107
119	105	0.795604
119	109	0.843786
119	114	0.820199
119	136	0.80528
119	139	0.802645
119	141	0.771649
119	143	0.809667
119	152	1.17003
119	153	0.728714
119	156	0.775192
119	159	1.54875
119	164	0.744909
119	165	0.726456
119	166	0.777146
119	167	0.664112
119	168	0.750021
119	171	1.71195
119	172	0.739177
119	174	0.739898
119	175	0.73163
119	176	0.743704
119	177	0.728693
120	8	0.853097
120	38	0.852734
120	42	1.32631
120	77	0.743417
120	81	0.869211
120	82	0.82801
120	111	0.860523
120	122	0.769838
120	130	0.966922
120	132	1.68236
120	133	0.794227
120	138	0.908898
120	139	0.788311
120	141	0.757315
120	142	1.55026
120	143	0.795333
120	151	0.765536
120	154	0.77133
120	157	0.721547
120	164	0.730575
120	165	0.712122
120	167	0.649778
120	170	1.05846
120	173	0.67326
120	174	0.725564
120	175	0.717296
120	177	0.714359
120	180	0.707348
121	18	0.667958
121	36	0.806737
121	47	2.2292
121	60	3.15234
121	89	0.787778
121	96	2.69818
121	109	0.783355
121	110	0.714702
121	113	0.752408
121	114	0.759768
121	124	0.645559
121	133	0.74813
121	141	0.711218
121	145	0.71358
121	156	0.714761
121	157	0.67545
121	162	2.42606
121	164	0.684478
121	165	0.666025
121	166	0.716715
121	168	0.68959
121	172	0.678746
121	173	0.627164
121	175	0.671199
121	176	0.683273
121	178	0.613255
121	179	0.617452
121	180	0.661251
122	3	0.689845
122	10	0.740622
122	75	3.72894
122	88	0.612155
122	95	0.793822
122	99	0.670536
122	111	0.811022
122	113	0.749004
122	116	0.72875
122	120	0.769838
122	131	0.770056
122	132	2.16055
122	147	0.739368
122	153	0.664878
122	155	0.762552
122	157	0.672046
122	162	2.16352
122	164	0.681074
122	165	0.662621
122	166	0.713311
122	167	0.600277
122	169	1.44019
122	172	0.675342
122	175	0.667795
122	176	0.679869
122	177	0.664857
122	178	0.609851
122	179	0.614048
122	180	0.657847
123	45	0.782242
123	47	0.760613
123	74	0.771283
123	75	0.714723
123	79	0.758423
123	91	0.737887
123	96	0.757244
123	97	0.778
123	98	0.772661
123	113	2.72566
123	130	0.766376
123	133	2.36149
123	137	0.780519
123	138	0.757227
123	139	2.8479
123	140	0.765685
123	141	3.19948
123	144	0.754388
123	147	2.65433
123	152	0.758089
123	155	2.01243
123	158	0.756431
123	160	0.750252
123	161	0.749594
123	162	0.768367
123	167	0.616443
123	169	0.763356
123	170	0.759421
123	171	0.764033
123	178	0.626016
123	179	0.630213
124	26	0.933777
124	28	0.772483
124	33	0.518545
124	34	0.57609
124	39	0.695923
124	40	0.652033
124	42	0.725538
124	46	0.556717
124	49	0.69768
124	54	0.611073
124	63	1.06202
124	94	0.875611
124	100	3.87451
124	103	0.558344
124	107	3.96199
124	113	0.670821
124	116	0.650567
124	121	0.645559
124	125	0.628388
124	127	3.46068
124	129	0.776813
124	136	0.663262
124	153	0.586695
124	156	0.633174
124	163	0.648812
124	165	0.584438
124	173	0.545576
124	176	0.601686
124	177	0.586675
124	180	0.579664
125	39	0.76034
125	56	0.705198
125	62	0.72715
125	84	0.759567
125	95	0.780056
125	98	3.02701
125	110	0.697532
125	111	0.797256
125	113	0.735237
125	124	0.628388
125	129	2.20313
125	131	0.75629
125	134	2.4902
125	145	0.69641
125	153	0.651112
125	154	0.708063
125	157	0.65828
125	163	0.713228
125	164	0.667307
125	165	0.648854
125	166	0.699545
125	167	0.586511
125	168	0.67242
125	170	2.16117
125	172	0.661576
125	174	0.662297
125	175	0.654029
125	176	0.666103
125	177	0.651091
125	180	0.64408
126	12	0.7261
126	27	0.722573
126	31	0.760952
126	44	1.82225
126	53	1.02226
126	61	0.812157
126	81	1.03843
126	104	0.746206
126	106	0.751693
126	127	0.743638
126	130	0.763623
126	132	0.745615
126	134	0.760624
126	138	0.754474
126	141	2.91239
126	142	0.756249
126	144	0.751635
126	146	0.749215
126	149	0.767124
126	150	0.772391
126	158	0.753678
126	159	0.747707
126	160	0.747499
126	161	0.746841
126	167	0.61369
126	169	0.760603
126	170	0.756669
126	171	0.76128
126	172	4.12967
126	176	3.52965
126	178	0.623264
127	12	0.722575
127	13	1.0809
127	21	0.766788
127	47	0.754335
127	61	0.808632
127	67	2.58385
127	72	0.733947
127	92	2.37488
127	97	0.771722
127	101	0.758054
127	104	0.742681
127	124	3.46068
127	126	0.743638
127	130	0.760098
127	132	0.74209
127	134	0.7571
127	137	0.774241
127	144	0.74811
127	146	0.74569
127	150	0.768866
127	151	1.83111
127	152	0.751811
127	156	2.46097
127	158	0.750153
127	159	0.744182
127	160	0.743974
127	162	0.762089
127	167	0.610165
127	169	0.757078
127	171	0.757755
127	178	0.619739
128	14	0.689218
128	16	0.571051
128	49	7.44005
128	72	0.683145
128	87	1.72764
128	91	0.680807
128	92	0.700599
128	94	3.23231
128	100	0.69941
128	136	0.700531
128	138	0.700147
128	140	0.708606
128	144	0.697308
128	149	0.712797
128	150	0.718064
128	151	0.67512
128	153	0.623964
128	154	0.680915
128	156	0.670443
128	159	0.69338
128	164	0.640159
128	165	0.621706
128	166	0.672397
128	167	0.559363
128	169	0.706276
128	171	0.706953
128	172	0.634428
128	176	0.638955
128	177	0.623943
128	179	0.573133
128	180	0.616932
129	9	0.68973
129	26	0.402901
129	28	0.985325
129	31	0.882198
129	42	0.93838
129	49	0.910522
129	54	0.823915
129	55	0.859741
129	57	0.937746
129	63	0.648077
129	87	0.572697
129	94	0.336796
129	100	0.874983
129	104	0.867452
129	106	0.872939
129	114	0.887628
129	124	0.776813
129	125	2.20313
129	133	1.30223
129	146	0.870461
129	149	0.88837
129	154	2.09889
129	156	2.74095
129	159	0.868953
129	160	0.868745
129	161	0.868087
129	163	0.861654
129	168	3.37751
129	169	0.881849
129	171	0.882526
129	174	2.94943
129	178	0.74451
130	31	0.777412
130	32	0.742524
130	40	2.03503
130	44	0.916578
130	83	1.67682
130	86	0.753491
130	91	0.751594
130	98	0.786368
130	106	0.768153
130	115	0.799711
130	120	0.966922
130	123	0.766376
130	126	0.763623
130	127	0.760098
130	132	0.762075
130	134	0.777085
130	136	1.58569
130	142	0.772709
130	146	0.765676
130	149	0.783585
130	150	0.788851
130	152	0.771796
130	153	4.87909
130	158	0.770138
130	159	0.764168
130	160	0.763959
130	161	0.763301
130	167	0.63015
130	169	0.777063
130	170	0.773129
130	171	0.77774
130	175	3.73184
130	178	0.639724
130	179	0.643921
131	1	0.780437
131	40	0.779935
131	43	0.832831
131	57	0.823095
131	80	0.782672
131	83	0.822893
131	84	0.823053
131	85	0.816151
131	100	1.35099
131	102	0.784701
131	106	0.861086
131	122	0.770056
131	125	0.75629
131	133	0.794445
131	143	0.795551
131	145	0.759895
131	146	1.37411
131	150	1.87016
131	153	0.714598
131	154	0.771549
131	157	0.721765
131	158	1.23894
131	162	1.80205
131	165	0.71234
131	166	0.76303
131	167	0.649996
131	171	1.59434
131	172	0.725061
131	173	0.673478
131	174	0.725782
131	175	0.717514
131	176	0.729588
131	177	0.714577
131	178	0.65957
132	31	0.759403
132	36	1.65027
132	61	0.810609
132	71	0.786618
132	74	0.766982
132	78	0.752257
132	79	0.754122
132	90	1.49321
132	96	0.752943
132	98	0.76836
132	100	0.752188
132	101	0.76003
132	110	2.18251
132	116	2.40819
132	120	1.68236
132	122	2.16055
132	126	0.745615
132	127	0.74209
132	130	0.762075
132	134	0.759076
132	137	0.776218
132	138	0.752926
132	142	0.754701
132	146	0.747667
132	149	0.765576
132	150	0.770843
132	159	0.746159
132	160	0.745951
132	162	0.764066
132	166	2.7252
132	169	0.759055
132	170	0.75512
132	171	0.759732
132	179	0.625912
133	36	0.827722
133	57	0.797765
133	64	0.770109
133	76	0.768514
133	84	0.797722
133	85	0.790821
133	102	0.759371
133	103	0.660916
133	110	0.735687
133	120	0.794227
133	121	0.74813
133	123	2.36149
133	129	1.30223
133	131	0.794445
133	135	0.654026
133	137	2.30738
133	141	0.732202
133	143	0.77022
133	154	0.746218
133	155	0.78694
133	157	0.696435
133	158	1.32402
133	161	1.45383
133	164	0.705462
133	166	0.7377
133	168	0.710575
133	171	1.67942
133	173	0.648148
133	174	0.700452
133	176	0.704258
133	177	0.689246
133	178	0.63424
133	179	0.638436
134	7	1.0593
134	17	0.557786
134	27	0.736035
134	60	0.756059
134	69	0.735571
134	71	0.801628
134	75	0.725432
134	79	0.769132
134	85	1.26714
