1	66	1.17049
1	120	0.920373
1	123	1.17101
1	128	1.25282
1	147	0.923749
1	152	0.929434
1	157	0.950085
1	158	0.938645
1	160	0.934504
1	177	0.935059
1	179	0.934075
1	180	0.934075
2	22	0.932702
2	89	0.981547
2	94	0.947522
2	134	0.927846
2	138	0.930723
2	151	1.16663
2	157	0.928675
2	165	0.929475
2	171	0.909799
2	175	0.911712
2	179	1.2328
2	180	1.20609
3	36	0.897005
3	48	0.997704
3	86	0.908634
3	116	0.924787
3	127	0.915465
3	138	0.943227
3	155	1.22018
3	157	0.941178
3	161	0.930021
3	165	0.941979
3	176	1.21839
3	177	1.16691
4	78	0.938115
4	108	0.899944
4	119	0.910526
4	122	0.938584
4	151	0.942755
4	161	0.936569
4	164	0.920172
4	165	0.948527
4	166	1.21625
4	173	0.96481
4	177	1.17662
4	180	1.21266
5	44	1.09042
5	125	1.02798
5	136	0.877368
5	150	1.05541
5	158	1.04831
5	160	1.04416
5	163	1.04273
5	173	0.823933
5	175	1.04278
5	176	1.0482
5	179	0.966425
5	180	0.939716
6	10	1.08632
6	54	0.863028
6	88	1.27519
6	110	0.957491
6	114	0.925612
6	120	0.925546
6	151	1.2442
6	152	0.934608
6	157	0.955259
6	161	0.944101
6	165	0.956059
6	175	0.938296
7	62	1.06512
7	76	0.865838
7	83	1.04046
7	103	1.01436
7	126	1.03641
7	132	1.05505
7	141	0.873563
7	153	1.0626
7	159	1.04794
7	170	0.953116
7	173	1.07807
7	180	0.914964
8	21	0.940816
8	56	0.949475
8	84	0.941097
8	146	1.16937
8	147	0.917354
8	150	0.939358
8	158	0.93225
8	160	0.928108
8	171	0.924814
8	174	1.21132
8	175	0.926727
8	177	1.2249
9	32	1.22841
9	108	0.903577
9	110	0.953592
9	117	0.909016
9	134	0.950531
9	140	0.939149
9	142	0.921067
9	149	1.2422
9	152	0.930708
9	161	0.940202
9	165	0.952159
9	173	1.13499
10	6	1.08632
10	29	0.847646
10	101	1.09652
10	108	0.917497
10	110	0.742812
10	119	1.02562
10	158	1.05139
10	163	1.04581
10	175	1.04586
10	178	1.04117
10	179	1.04682
10	180	1.04682
11	28	0.874806
11	36	0.95252
11	43	0.806797
11	119	0.958285
11	164	1.0387
11	169	1.04412
11	172	1.05475
11	174	1.06614
11	177	1.05122
11	178	1.04459
11	179	1.05024
11	180	1.05024
12	35	0.918549
12	127	0.911806
12	160	0.872542
12	166	1.05237
12	168	1.03741
12	169	1.04415
12	171	0.88955
12	172	1.05477
12	174	1.06616
12	178	1.04462
12	179	1.05026
12	180	1.05026
13	72	0.910931
13	106	0.914975
13	144	0.957009
13	145	1.19531
13	147	0.92476
13	150	0.946763
13	155	1.2716
13	158	0.939656
13	171	0.93222
13	173	1.13858
13	175	0.934133
13	176	0.939553
14	29	0.949346
14	81	1.07509
14	104	0.855073
14	139	1.05413
14	153	1.06086
14	157	0.875903
14	160	1.04366
14	163	1.04222
14	165	0.912532
14	178	1.03758
14	179	1.04323
14	180	1.04323
15	38	0.906434
15	57	0.937836
15	82	0.953576
15	84	0.932871
15	87	0.909315
15	105	0.957587
15	109	1.29935
15	126	1.21362
15	131	0.942559
15	144	0.941377
15	163	0.918446
15	173	1.09272
16	47	0.889901
16	78	0.935824
16	81	0.961284
16	114	1.19929
16	159	1.18725
16	161	1.2078
16	163	0.928417
16	164	0.917881
16	173	0.962519
16	174	0.945324
16	179	0.929425
16	180	0.929425
17	66	1.00177
17	86	0.991971
17	100	0.99861
17	118	1.04387
17	130	1.03437
17	153	1.02613
17	155	0.985296
17	159	1.01147
17	171	1.00564
17	172	0.955737
17	175	1.00755
17	176	1.01297
17	177	0.932024
18	90	1.04114
18	100	0.994104
18	122	1.01087
18	123	1.00375
18	132	1.01408
18	149	0.965089
18	153	1.02163
18	159	1.00696
18	166	0.977257
18	173	1.03709
18	174	0.924044
18	175	1.00305
18	176	1.00847
19	58	1.01262
19	71	0.911288
19	118	1.03515
19	147	0.989456
19	150	1.01146
19	153	1.01741
19	157	1.01579
19	159	1.00275
19	163	0.998774
19	165	1.01659
19	166	0.994793
19	167	0.992487
19	169	1.00893
20	61	0.912204
20	69	1.01745
20	72	0.992999
20	74	0.979462
20	86	0.997159
20	90	1.03281
20	131	1.04026
20	160	1.01758
20	163	1.01615
20	164	1.00561
20	171	1.01429
20	175	1.0162
20	180	0.965348
21	8	0.940816
21	28	1.01764
21	57	1.02767
21	69	1.00959
21	102	1.03916
21	105	1.04742
21	107	1.06667
21	137	0.911428
21	145	0.890314
21	150	1.02097
21	158	1.01386
21	163	1.00828
21	176	1.01376
22	2	0.932702
22	97	0.928401
22	104	1.04628
22	114	1.00255
22	127	1.00649
22	140	1.01999
22	152	1.01155
22	157	1.0322
22	165	1.033
22	170	1.00839
22	175	1.01524
22	176	0.985681
22	178	0.984824
23	103	0.876978
23	112	0.89668
23	115	1.28074
23	118	0.942955
23	123	0.907341
23	132	0.917666
23	133	0.918093
23	139	0.918492
23	143	0.886026
23	153	0.925216
23	159	0.910553
23	162	1.36611
23	177	1.25868
24	78	1.00853
24	104	1.03222
24	120	0.988433
24	153	1.01976
24	159	1.0051
24	162	1.05091
24	164	0.99059
24	165	1.01895
24	166	0.983114
24	173	1.03523
24	174	0.9299
24	175	1.00118
24	177	0.943487
25	129	0.989079
25	132	0.914275
25	160	0.983819
25	167	1.01422
25	168	1.00214
25	169	1.00888
25	170	1.00881
25	171	1.00083
25	174	1.03089
25	175	0.993554
25	177	1.01598
25	179	1.015
25	180	1.015
26	85	1.01044
26	118	1.03738
26	128	0.97431
26	130	1.03526
26	133	1.01252
26	153	1.01964
26	159	1.00498
26	164	0.983879
26	171	0.999147
26	173	1.03511
26	174	0.919334
26	176	1.00648
26	180	0.96896
27	123	0.964804
27	140	0.957699
27	148	1.00919
27	154	1.03381
27	155	0.993384
27	160	0.988509
27	165	0.981624
27	169	1.00363
27	174	1.02565
27	177	1.01073
27	178	1.0041
27	179	1.00975
27	180	1.00975
28	11	0.874806
28	21	1.01764
28	84	1.01792
28	86	1.0015
28	131	1.02761
28	142	1.02915
28	147	0.994178
28	148	1.00009
28	150	1.01618
28	158	1.00907
28	160	1.00493
28	163	1.0035
28	176	1.00897
29	10	0.847646
29	14	0.949346
29	54	0.936652
29	127	1.00317
29	134	1.02805
29	138	1.03093
29	140	1.01667
29	152	1.00823
29	157	1.02888
29	161	1.01773
29	165	1.02968
29	167	1.04627
29	176	1.06044
30	81	1.04795
30	85	1.05359
30	114	1.06086
30	121	0.956321
30	157	1.03025
30	162	0.958927
30	166	0.989841
30	168	0.974877
30	170	0.981547
30	172	0.992234
30	177	0.988713
30	178	0.982083
30	179	0.987729
30	180	0.987729
31	81	0.823395
31	114	0.836308
31	136	1.12564
31	158	0.847611
31	159	0.824269
31	167	1.08601
31	168	1.07394
31	170	1.08061
31	172	1.0913
31	175	0.858947
31	177	1.08778
31	178	1.08115
31	179	1.08679
31	180	1.08679
32	9	1.22841
32	80	1.0106
32	117	1.05713
32	132	0.923158
32	162	0.950764
32	165	0.985816
32	167	0.978788
32	168	0.966713
32	172	0.984071
32	174	0.995464
32	177	0.980549
32	178	0.97392
32	179	0.979565
32	180	0.979565
33	63	0.876812
33	67	0.838205
33	117	0.863907
33	149	1.08584
33	161	0.795091
33	162	1.0619
33	166	1.09281
33	169	1.08458
33	171	0.816491
33	172	1.0952
33	174	1.1066
33	177	1.09168
33	179	1.0907
33	180	1.0907
34	92	1.00025
34	133	1.02736
34	153	1.05638
34	163	1.1092
34	166	0.982302
34	167	0.979412
34	168	0.967337
34	169	0.974074
34	172	0.984694
34	174	0.996087
34	177	0.981173
34	178	0.974543
34	179	0.980189
34	180	0.980189
35	12	0.918549
35	66	0.971916
35	83	0.974138
35	97	1.01923
35	121	1.16852
35	123	0.978402
35	128	0.950945
35	132	0.988726
35	133	0.989154
35	143	0.957087
35	153	0.996277
35	159	0.981613
35	170	1.09922
35	173	1.01174
36	3	0.897005
36	11	0.95252
36	48	1.04053
36	77	1.00346
36	89	1.03687
36	107	0.939782
36	134	0.983171
36	152	0.963349
36	157	0.984
36	162	1.11879
36	165	0.9848
36	167	1.04869
36	170	1.08556
36	175	0.967037
37	90	0.851659
37	102	0.87398
37	112	0.848927
37	113	1.08764
37	114	1.07626
37	117	1.06357
37	125	0.835286
37	134	1.10508
37	140	1.0937
37	152	1.08526
37	161	1.09475
37	165	1.10671
37	171	1.08703
37	176	0.799638
38	15	0.906434
38	69	0.983433
38	82	1.01726
38	98	0.989691
38	102	1.13341
38	147	0.972807
38	150	0.994811
38	158	0.987703
38	160	0.983561
38	162	1.11501
38	163	0.982125
38	172	1.03129
38	173	0.927834
38	175	0.98218
39	40	1.01416
39	41	1.11416
39	55	1.06488
39	65	1.06488
39	78	1.01156
39	79	1.0985
39	91	1.14657
39	99	0.862376
39	156	0.784676
39	164	0.993613
39	167	0.813812
39	173	1.03825
40	39	1.01416
40	41	1.11416
40	55	1.06488
40	65	1.06488
40	78	1.01156
40	79	1.0985
40	107	0.992028
40	164	0.993613
40	166	0.878322
40	172	0.862408
40	173	1.03825
40	180	0.874734
41	39	1.11416
41	40	1.11416
41	52	0.947167
41	55	1.16488
41	65	1.16488
41	78	1.11156
41	79	1.1985
41	145	0.671048
41	164	1.09361
41	168	0.765878
41	170	0.768257
41	173	1.13825
41	179	0.756816
42	49	1.00845
42	68	1.03863
42	110	0.962723
42	113	0.94222
42	114	0.930843
42	117	0.918146
42	125	1.21301
42	127	0.934777
42	134	0.959661
42	138	0.962538
42	141	1.12052
42	152	0.939839
42	161	0.949332
42	165	0.96129
42	166	1.16551
43	11	0.806797
43	103	1.02396
43	107	1.02636
43	118	1.08994
43	119	1.03338
43	122	1.06144
43	123	1.05433
43	133	1.06508
43	135	0.916023
43	142	1.04029
43	143	1.03301
43	153	1.0722
43	170	0.939833
43	178	0.91627
43	179	0.928392
44	5	1.09042
44	50	0.991615
44	57	1.06122
44	131	1.06595
44	144	1.06477
44	147	1.03252
44	148	0.925937
44	150	1.05452
44	151	1.05388
44	154	0.85225
44	160	1.04327
44	163	1.04183
44	169	0.913266
44	179	0.922251
44	180	0.895542
45	73	1.17099
45	118	1.03029
45	149	0.950982
45	154	0.979896
45	155	0.939474
45	158	1.13991
45	166	0.957953
45	168	0.942989
45	170	0.949659
45	172	0.960346
45	175	1.15124
45	177	0.956825
45	178	0.950195
45	179	0.955841
45	180	0.955841
46	77	0.97158
46	89	1.00499
46	92	0.967386
46	99	1.16644
46	120	0.922409
46	134	0.951293
46	138	0.954169
46	145	0.958412
46	152	0.93147
46	156	1.08874
46	157	0.952121
46	165	0.952921
46	166	1.12018
46	171	0.933245
46	176	1.13204
47	16	0.889901
47	72	0.932474
47	86	1.15867
47	98	0.963187
47	130	1.19316
47	131	0.979734
47	144	0.978552
47	147	0.946303
47	150	0.968306
47	151	0.967667
47	158	0.961199
47	160	0.957057
47	163	0.955621
47	169	1.14458
47	173	1.01107
48	3	0.997704
48	36	1.04053
48	49	0.793979
48	54	0.992468
48	70	1.04754
48	93	0.870182
48	120	1.05499
48	127	1.05899
48	151	0.907985
48	152	1.06405
48	157	1.0847
48	161	1.07354
48	165	1.0855
48	176	0.962896
48	179	0.974161
49	42	1.00845
49	48	0.793979
49	50	1.04969
49	104	0.797247
49	115	1.04839
49	141	1.05799
49	153	0.845197
49	167	1.0495
49	168	1.03742
49	170	1.04409
49	174	1.06617
49	177	1.05126
49	178	1.04463
49	179	1.05027
49	180	1.05027
50	44	0.991615
50	49	1.04969
50	69	0.945225
50	81	0.976785
50	106	0.924815
50	131	0.968031
50	144	0.966849
50	146	1.11158
50	147	0.9346
50	150	0.956604
50	158	0.949496
50	163	0.943918
50	171	0.94206
50	172	1.19083
50	174	1.15353
51	75	0.81129
51	83	0.928607
51	121	1.02147
51	128	0.954058
51	161	0.891563
51	167	1.0521
51	169	1.04676
51	170	1.04669
51	172	1.05738
51	174	1.06877
51	175	0.90569
51	177	1.05386
51	178	1.04723
51	179	1.05287
51	180	1.05287
52	41	0.947167
52	132	1.16258
52	133	1.1867
52	134	1.19791
52	166	0.957392
52	167	0.954502
52	168	0.942427
52	169	0.949164
52	170	0.949097
52	172	0.959785
52	174	0.971178
52	177	0.956263
52	178	0.949634
52	179	0.955279
52	180	0.955279
53	59	1.02656
53	70	0.993849
53	92	1.04627
53	94	1.04985
53	107	0.986784
53	116	1.01461
53	120	1.00129
53	124	0.982529
53	140	1.01879
53	152	1.01035
53	154	0.927398
53	156	0.942835
53	161	1.01984
53	164	0.985609
53	165	1.0318
53	180	0.970689
54	6	0.863028
54	29	0.936652
54	48	0.992468
54	89	0.988815
54	92	0.951208
54	113	0.917673
54	116	0.919552
54	127	0.91023
54	134	0.935114
54	137	1.18613
54	140	0.923732
54	161	0.924786
54	165	0.936743
54	170	1.26223
54	173	1.10829
54	179	1.25079
55	39	1.06488
55	40	1.06488
55	41	1.16488
55	64	0.900346
55	65	1.1156
55	78	1.06227
55	79	1.14922
55	112	1.04497
55	125	0.837294
55	142	0.845661
55	164	1.04433
55	170	0.824352
55	173	1.08897
55	176	0.801646
56	8	0.949475
56	57	1.03633
56	99	1.03665
56	131	1.04105
56	136	0.924457
56	144	1.03987
56	150	1.02963
56	158	1.02252
56	160	1.01838
56	163	1.01694
56	164	1.0064
56	166	0.990392
56	173	0.871021
56	175	1.01699
56	176	1.02241
56	180	0.986804
57	15	0.937836
57	21	1.02767
57	44	1.06122
57	56	1.03633
57	87	1.0044
57	91	1.23868
57	98	1.02109
57	99	0.954487
57	131	1.03764
57	148	0.935037
57	150	1.02621
57	158	1.01911
57	160	1.01496
57	163	1.01353
57	172	0.892315
57	173	0.788858
58	19	1.01262
58	68	1.10314
58	108	0.977221
58	110	1.02724
58	117	0.982659
58	127	0.99929
58	138	1.02705
58	151	0.952965
58	154	0.949139
58	157	1.025
58	161	1.01385
58	165	1.0258
58	171	1.00613
58	174	0.942805
58	176	1.00788
58	177	0.956392
59	53	1.02656
59	77	1.04319
59	92	1.039
59	108	0.975949
59	110	1.02596
59	114	0.994085
59	134	1.0229
59	137	0.915647
59	140	1.01152
59	157	1.02373
59	161	1.01257
59	165	1.02453
59	167	0.954873
59	168	0.989363
59	176	0.969037
59	179	0.980301
60	63	1.00291
60	81	1.04134
60	88	0.944906
60	98	1.01604
60	105	1.04762
60	106	0.989374
60	107	1.07068
60	126	0.958495
60	131	1.03259
60	144	1.03141
60	145	0.894324
60	147	0.999159
60	150	1.02116
60	160	1.00991
60	163	1.00848
60	172	0.941056
61	20	0.912204
61	117	1.02634
61	153	0.945524
61	156	1.03664
61	159	0.936976
61	162	0.991526
61	166	1.02244
61	167	1.01955
61	169	1.01421
61	170	1.01415
61	172	1.02483
61	175	0.971654
61	177	1.02131
61	178	1.01468
61	179	1.02033
61	180	1.02033
62	7	1.06512
62	73	0.986368
62	96	0.931706
62	119	0.995108
62	121	1.04527
62	128	0.988595
62	133	1.0268
62	139	1.0272
62	148	0.968215
62	151	1.02734
62	153	1.03393
62	170	0.97597
62	171	1.01343
62	174	0.888193
62	175	1.01535
62	176	1.02076
63	33	0.876812
63	60	1.00291
63	84	1.003
63	87	0.979442
63	106	0.96947
63	124	0.993713
63	144	1.0115
63	145	1.03333
63	147	0.979255
63	150	1.00126
63	158	0.994151
63	160	0.990009
63	163	0.988573
63	168	1.12816
63	171	0.986715
63	173	0.976608
63	180	1.09239
64	55	0.900346
64	98	1.07269
64	101	1.00549
64	105	1.05424
64	132	1.05966
64	141	0.997475
64	162	0.960956
64	166	0.991871
64	167	0.988981
64	170	0.983576
64	172	0.994263
64	173	1.02285
64	174	1.00566
64	177	0.990742
64	178	0.984112
64	179	0.989758
64	180	0.989758
65	39	1.06488
65	40	1.06488
65	41	1.16488
65	55	1.1156
65	78	1.06227
65	79	1.14922
65	80	0.778877
65	112	1.04497
65	142	0.898783
65	156	0.811469
65	164	1.04433
65	173	1.08897
65	178	0.853912
65	179	0.866033
66	1	1.17049
66	17	1.00177
66	35	0.971916
66	73	0.959491
66	95	0.973625
66	100	0.979526
66	101	1.03913
66	119	0.968231
66	122	0.996289
66	136	0.928492
66	142	0.97514
66	153	1.00705
66	155	1.00807
66	159	0.992386
66	168	1.02661
66	171	0.986556
66	173	1.02251
67	33	0.838205
67	69	0.98473
67	87	0.974291
67	105	1.02256
67	126	1.0589
67	129	1.12582
67	131	1.00754
67	144	1.00635
67	147	0.974104
67	150	0.996108
67	151	0.995469
67	158	0.989
67	160	0.984858
67	163	0.983422
67	171	0.981565
67	174	1.00416
67	179	1.08049
68	42	1.03863
68	58	1.10314
68	70	1.06916
68	108	1.05853
68	111	0.818235
68	112	0.904283
68	114	1.07667
68	115	0.825568
68	117	1.06397
68	145	1.11261
68	152	1.08566
68	161	1.09516
68	165	1.10711
68	169	0.857272
68	175	1.08935
68	179	0.866258
68	180	0.839548
69	20	1.01745
69	21	1.00959
69	38	0.983433
69	50	0.945225
69	67	0.98473
69	74	0.958761
69	107	1.10569
69	126	0.993512
69	144	1.01838
69	149	0.979818
69	158	1.00102
69	160	0.996881
69	163	0.995444
69	168	1.02417
69	169	1.00612
69	171	0.993587
69	175	0.9955
70	48	1.04754
70	53	0.993849
70	68	1.06916
70	104	1.0051
70	108	0.943237
70	120	0.961307
70	125	1.06435
70	126	0.966444
70	127	0.965306
70	138	0.993068
70	151	0.97379
70	157	0.99102
70	165	0.99182
70	167	1.01454
70	171	0.972144
70	176	1.0287
70	178	1.02784
71	19	0.911288
71	89	0.825429
71	101	0.811427
71	128	0.993247
71	152	0.915581
71	158	0.933544
71	162	1.02169
71	167	1.04971
71	168	1.03764
71	169	1.04438
71	170	1.04431
71	172	1.055
71	173	1.08358
71	174	1.06639
71	177	1.05148
71	178	1.04485
71	179	1.05049
71	180	1.05049
72	13	0.910931
72	20	0.992999
72	47	0.932474
72	87	0.96186
72	105	1.01013
72	106	0.951888
72	131	0.995104
72	138	0.823588
72	142	1.22471
72	144	0.993922
72	145	1.10619
72	147	0.961673
72	154	1.12196
72	160	0.972427
72	163	0.970991
72	171	0.969133
72	176	0.976466
72	177	1.12921
73	45	1.17099
73	62	0.986368
73	66	0.959491
73	85	0.974649
73	100	0.956328
73	118	1.00159
73	122	0.973091
73	128	0.93852
73	130	1.11085
73	132	0.976301
73	143	0.944662
73	153	0.983852
73	159	0.969188
73	167	1.04583
73	175	0.96527
73	176	0.97069
73	177	1.00851
73	179	1.07126
74	20	0.979462
74	69	0.958761
74	82	0.992583
74	105	0.996595
74	121	1.1772
74	129	1.14179
74	131	0.981567
74	141	1.02835
74	144	0.980384
74	147	0.948135
74	150	0.970139
74	156	1.0419
74	160	0.958889
74	163	0.957453
74	171	0.955596
74	174	1.02013
74	175	0.957508
74	176	0.962928
75	51	0.81129
75	78	1.04412
75	79	1.13106
75	100	1.02783
75	116	1.03734
75	123	1.03747
75	127	1.02802
75	133	1.04823
75	137	0.892453
75	157	1.05373
75	159	1.04069
75	164	1.02618
75	165	1.05453
75	167	0.931678
75	169	0.948121
75	173	1.07081
75	174	0.880771
75	178	0.944985
76	7	0.865838
76	93	1.05344
76	99	1.01389
76	122	0.953837
76	130	1.00433
76	152	0.946373
76	155	1.00733
76	160	0.965936
76	168	1.01084
76	169	1.01758
76	170	1.01751
76	171	0.982944
76	172	1.0282
76	173	1.05679
76	175	0.975671
76	177	1.02468
76	178	1.01805
76	179	1.02369
76	180	1.02369
77	36	1.00346
77	46	0.97158
77	59	1.04319
77	108	0.99985
77	113	1.02936
77	116	1.03124
77	117	1.00529
77	124	0.99879
77	127	1.02192
77	134	1.0468
77	140	1.03542
77	143	0.785515
77	151	0.947484
77	152	1.02698
77	161	1.03647
77	165	1.04843
77	168	1.02272
77	176	1.0024
77	177	0.950911
78	4	0.938115
78	16	0.935824
78	24	1.00853
78	39	1.01156
78	40	1.01156
78	41	1.11156
78	55	1.06227
78	65	1.06227
78	75	1.04412
78	79	1.09589
78	97	0.917839
78	107	1.07697
78	112	0.991644
78	136	0.897327
78	151	0.920208
78	164	0.991007
78	173	1.03565
78	176	0.975119
78	177	0.923635
79	39	1.0985
79	40	1.0985
79	41	1.1985
79	55	1.14922
79	65	1.14922
79	75	1.13106
79	78	1.09589
79	112	1.07859
79	145	0.745213
79	151	0.764807
79	164	1.07795
79	166	0.80786
79	170	0.842423
79	173	1.12259
79	176	0.819717
79	179	0.830982
80	32	1.0106
80	65	0.778877
80	127	0.99388
80	143	1.06889
80	152	0.935053
80	161	0.950224
80	162	0.998388
80	166	1.0293
80	167	1.02641
80	168	1.01434
80	169	1.02107
80	170	1.02101
80	172	1.03169
80	174	1.04309
80	175	0.964351
80	177	1.02817
80	178	1.02154
80	179	1.02719
80	180	1.02719
81	14	1.07509
81	16	0.961284
81	30	1.04795
81	31	0.823395
81	50	0.976785
81	60	1.04134
81	98	1.03457
81	106	1.0079
81	130	1.05555
81	145	0.930187
81	147	1.01769
81	150	1.03969
81	158	1.03258
81	160	1.02844
81	163	1.027
81	171	1.02515
81	172	0.97692
81	173	0.873463
81	176	1.03248
82	15	0.953576
82	38	1.01726
82	74	0.992583
82	84	1.04369
82	88	0.903589
82	129	0.984101
82	131	1.05338
82	142	0.971524
82	147	1.01995
82	150	1.04195
82	158	1.03485
82	160	1.0307
82	162	0.983453
82	163	1.02927
82	164	1.01873
82	169	0.929789
82	175	1.02932
82	176	1.03474
82	179	0.938775
83	7	1.04046
83	35	0.974138
83	51	0.928607
83	100	0.981748
83	101	1.04135
83	103	0.961034
83	118	1.02701
83	128	0.96394
83	132	1.00172
83	139	1.00255
83	143	0.970082
83	145	1.01394
83	147	0.779578
83	151	1.00268
83	159	0.994608
83	164	1.06263
83	168	1.08349
83	169	1.06544
83	170	1.08587
83	173	1.02474
84	8	0.941097
84	15	0.932871
84	28	1.01792
84	63	1.003
84	82	1.04369
84	106	0.989459
84	109	1.0915
84	112	1.06539
84	145	0.941598
84	147	0.999244
84	150	1.02125
84	154	0.957365
84	158	1.01414
84	160	1.01
84	163	1.00856
84	164	0.998026
84	166	1.00424
84	171	1.0067
84	174	0.951031
84	176	1.01404
85	26	1.01044
85	30	1.05359
85	73	0.974649
85	107	0.976371
85	122	1.01145
85	123	1.00433
85	128	0.976876
85	132	1.01466
85	139	1.01548
85	142	0.990298
85	143	0.983018
85	149	0.986307
85	153	1.02221
85	159	1.00754
85	170	1.03304
85	172	0.982562
85	175	1.00363
85	176	1.00905
85	177	0.958849
85	180	0.994888
86	3	0.908634
86	17	0.991971
86	20	0.997159
86	28	1.0015
86	47	1.15867
86	87	1.0451
86	94	1.01448
86	123	0.979373
86	127	0.969916
86	133	0.990124
86	144	1.00908
86	159	0.982584
86	161	0.984472
86	163	1.0833
86	165	0.996429
86	172	0.984124
86	176	0.984086
86	177	0.980603
86	178	0.973973
86	179	0.979618
86	180	0.979618
87	15	0.909315
87	57	1.0044
87	63	0.979442
87	67	0.974291
87	72	0.96186
87	86	1.0451
87	95	0.996074
87	106	0.965903
87	107	1.13058
87	131	1.00912
87	142	1.07275
87	144	1.00794
87	147	0.975688
87	158	0.990585
87	160	0.986443
87	163	0.985006
87	164	0.97447
87	170	1.05144
87	175	0.985062
87	176	0.990481
87	180	1.01329
88	6	1.27519
88	60	0.944906
88	82	0.903589
88	103	1.09463
88	117	1.07101
88	129	0.956176
88	141	0.98981
88	148	0.981532
88	155	0.965726
88	156	0.99841
88	158	1.00499
88	166	0.984205
88	167	0.981316
88	168	0.96924
88	169	0.975977
88	170	0.97591
88	174	0.997991
88	177	0.983076
88	178	0.976447
88	179	0.982092
88	180	0.982092
89	2	0.981547
89	36	1.03687
89	46	1.00499
89	54	0.988815
89	71	0.825429
89	104	1.09513
89	110	1.08328
89	111	0.884034
89	114	1.0514
89	124	0.917187
89	130	0.971649
89	140	1.06884
89	142	1.05075
89	149	0.896766
89	152	1.06039
89	161	1.06989
89	165	1.08185
89	169	0.923071
89	171	1.06217
89	172	0.893021
89	175	1.06408
90	18	1.04114
90	20	1.03281
90	37	0.851659
90	99	0.97304
90	108	1.18231
90	128	1.14063
90	146	1.00329
90	150	1.04575
90	155	0.966473
90	162	0.954038
90	166	0.984952
90	167	0.982062
90	168	0.969987
90	169	0.976724
90	170	0.976657
90	172	0.987345
90	174	0.998738
90	177	0.983823
90	178	0.977194
90	179	0.982839
90	180	0.982839
91	39	1.14657
91	57	1.23868
91	110	1.27419
91	121	0.887051
91	136	0.957307
91	146	0.938908
91	148	0.917898
91	152	1.32954
91	156	0.934776
91	157	1.30558
91	162	0.889657
91	167	0.917682
91	168	0.905607
91	169	0.912343
91	170	0.912277
91	172	0.922964
91	174	0.934357
91	177	0.919443
91	178	0.912813
91	179	0.918459
91	180	0.918459
92	34	1.00025
92	46	0.967386
92	53	1.04627
92	54	0.951208
92	59	1.039
92	94	1.06229
92	96	0.936428
92	110	1.04567
92	127	1.01772
92	134	1.04261
92	138	1.04549
92	142	1.01315
92	152	1.02279
92	157	1.04344
92	161	1.03228
92	162	1.01393
92	165	1.04424
92	173	0.826758
92	175	1.02648
92	176	0.957986
92	177	0.906502
92	179	0.969251
93	48	0.870182
93	76	1.05344
93	120	1.00849
93	139	0.912808
93	141	1.03362
93	148	1.02534
93	149	1.02104
93	153	0.921399
93	155	1.00953
93	163	0.97422
93	166	1.02801
93	167	1.02512
93	168	1.01305
93	170	1.01972
93	171	0.954801
93	172	1.0304
93	174	1.0418
93	175	0.947529
93	177	1.02688
93	178	1.02025
93	179	1.0259
93	180	1.0259
94	2	0.947522
94	53	1.04985
94	86	1.01448
94	92	1.06229
94	99	0.989441
94	108	0.999238
94	117	1.00468
94	120	1.01731
94	136	0.877248
94	137	0.901651
94	138	1.04907
94	140	1.03481
94	145	1.05331
94	152	1.02637
94	157	1.04702
94	161	1.03586
94	164	0.954514
94	169	0.957319
94	170	0.977746
94	171	1.02814
94	175	1.03006
94	176	0.95504
95	66	0.973625
95	87	0.996074
95	99	0.997687
95	101	0.874132
95	103	1.0859
95	129	0.98157
95	154	1.03154
95	155	0.99112
95	156	1.0238
95	157	0.954334
95	159	0.972907
95	163	1.03428
95	166	1.0096
95	167	1.00671
95	168	0.994634
95	169	1.00137
95	170	1.0013
95	172	1.01199
95	174	1.02338
95	177	1.00847
95	178	1.00184
95	179	1.00749
95	180	1.00749
96	62	0.931706
96	92	0.936428
96	133	0.963531
96	135	0.997836
96	137	1.02968
96	146	1.0242
96	147	1.05652
96	150	0.972173
96	154	1.0278
96	155	0.98738
96	161	1.00456
96	166	1.00586
96	167	1.00297
96	168	0.990895
96	169	0.997631
96	170	0.997565
96	171	1.02596
96	174	1.01965
96	176	1.00821
96	177	1.00473
96	178	0.998101
96	179	1.00375
96	180	1.00375
97	22	0.928401
97	35	1.01923
97	78	0.917839
97	103	1.06127
97	129	0.985723
97	140	0.942418
97	143	1.0875
97	150	0.936451
97	155	0.995273
97	162	0.982838
97	164	1.0001
97	166	1.01375
97	167	1.01086
97	168	0.998788
97	169	1.00552
97	170	1.00546
97	172	1.01614
97	174	1.02754
97	176	1.01611
97	177	1.01262
97	178	1.00599
97	179	1.01164
97	180	1.01164
98	38	0.989691
98	47	0.963187
98	57	1.02109
98	60	1.01604
98	64	1.07269
98	81	1.03457
98	105	1.04084
98	106	0.9826
98	124	1.00684
98	125	0.986959
98	126	0.963657
98	142	1.018
98	144	1.02463
98	150	1.01439
98	155	0.975776
98	158	1.00728
98	160	1.00314
98	163	1.0017
98	171	0.999846
98	176	1.00718
98	177	0.922505
98	178	0.973132
98	179	0.985254
99	39	0.862376
99	46	1.16644
99	56	1.03665
99	57	0.954487
99	76	1.01389
99	90	0.97304
99	94	0.989441
99	95	0.997687
99	147	1.11248
99	148	0.985793
99	149	0.981495
99	154	1.01041
99	156	1.00267
99	162	0.957552
99	166	0.988466
99	167	0.985577
99	169	0.980238
99	170	0.980172
99	174	1.00225
99	175	1.07464
99	177	0.987338
99	178	0.980708
99	179	0.986354
99	180	0.986354
100	17	0.99861
100	18	0.994104
100	66	0.979526
100	73	0.956328
100	75	1.02783
100	83	0.981748
100	119	0.965067
100	122	0.993126
100	126	0.977692
100	128	0.958555
100	132	0.996336
100	133	0.996763
100	135	1.0202
100	139	0.997162
100	143	0.964696
100	148	1.03625
100	153	1.00389
100	159	0.989223
100	162	1.07725
100	168	1.04163
100	169	1.02358
100	172	0.993533
100	173	1.01935
100	178	1.02045
101	10	1.09652
101	64	1.00549
101	66	1.03913
101	71	0.811427
101	83	1.04135
101	95	0.874132
101	103	1.01525
101	118	1.08122
101	119	1.02467
101	121	0.998794
101	122	1.05273
101	123	1.04561
101	128	1.01815
101	137	0.853401
101	139	1.05676
101	143	1.0243
101	145	1.06816
101	153	1.06349
101	159	1.04882
101	164	0.906264
101	173	1.07895
101	174	0.841719
101	175	1.0449
101	179	0.918055
102	21	1.03916
102	37	0.87398
102	38	1.13341
102	113	1.10117
102	119	1.14296
102	126	0.963513
102	130	0.952714
102	137	0.998013
102	146	0.992528
102	148	0.971518
102	156	0.988396
102	159	1.07991
102	162	0.943277
102	166	0.974191
102	168	0.959227
102	169	0.965964
102	170	0.965897
102	171	1.12186
102	172	0.976584
102	174	0.987977
102	176	0.976546
102	177	0.973063
102	178	0.966433
102	179	0.972079
102	180	0.972079
103	7	1.01436
103	23	0.876978
103	43	1.02396
103	83	0.961034
103	88	1.09463
103	95	1.0859
103	97	1.06127
103	101	1.01525
103	118	1.00091
103	119	0.944353
103	122	0.972412
103	124	0.969675
103	132	0.975622
103	133	0.976049
103	139	0.976448
103	141	1.06171
103	143	0.943982
103	146	1.01153
103	153	0.983172
103	159	0.968509
103	168	1.13888
103	171	0.962678
103	174	1.05348
103	175	0.964591
103	176	0.970011
104	14	0.855073
104	22	1.04628
104	24	1.03222
104	49	0.797247
104	70	1.0051
104	89	1.09513
104	107	0.998035
104	108	0.994471
104	111	0.929405
104	113	1.02398
104	114	1.01261
104	116	1.02586
104	120	1.01254
104	125	1.00181
104	129	1.02275
104	134	1.04142
104	138	1.0443
104	140	1.03004
104	152	1.0216
104	157	1.04225
104	161	1.0311
104	165	1.04305
104	170	0.988869
104	178	0.965307
104	180	0.950718
105	15	0.957587
105	21	1.04742
105	60	1.04762
105	64	1.05424
105	67	1.02256
105	72	1.01013
105	74	0.996595
105	98	1.04084
105	107	1.05739
105	131	1.05739
105	136	0.877751
105	144	1.05621
105	147	1.02396
105	151	1.04533
105	154	0.896806
105	158	1.03886
105	160	1.03472
105	163	1.03328
105	164	1.02274
105	166	0.943685
105	171	1.03142
105	173	0.824315
105	175	1.03333
105	177	0.904059
105	178	0.954686
106	13	0.914975
106	50	0.924815
106	60	0.989374
106	63	0.96947
106	72	0.951888
106	81	1.0079
106	84	0.989459
106	87	0.965903
106	98	0.9826
106	126	1.08669
106	142	1.14104
106	144	0.997965
106	145	1.02252
106	146	0.990005
106	147	0.965716
106	150	0.98772
106	158	0.980612
106	160	0.97647
106	163	0.975034
106	164	0.964498
106	167	1.08286
106	175	0.975089
106	176	0.980509
106	179	1.10829
106	180	1.08158
107	21	1.06667
107	36	0.939782
107	40	0.992028
107	43	1.02636
107	53	0.986784
107	60	1.07068
107	69	1.10569
107	78	1.07697
107	85	0.976371
107	87	1.13058
107	104	0.998035
107	105	1.05739
107	127	0.958242
107	128	0.940242
107	139	0.978849
107	143	0.946384
107	159	0.97091
107	161	0.972798
107	165	0.984756
107	166	0.970057
107	170	0.961763
107	174	0.983843
107	177	0.968929
107	179	0.967945
107	180	0.967945
108	4	0.899944
108	9	0.903577
108	10	0.917497
108	58	0.977221
108	59	0.975949
108	68	1.05853
108	70	0.943237
108	77	0.99985
108	90	1.18231
108	94	0.999238
108	104	0.994471
108	110	0.982624
108	111	1.09353
108	113	0.962121
108	120	0.950679
108	134	0.979563
108	138	0.982439
108	146	1.02327
108	151	1.07538
108	152	0.95974
108	156	1.08699
108	157	0.980391
108	161	0.969234
108	165	0.981191
108	176	1.13029
109	15	1.29935
109	84	1.0915
109	115	0.955762
109	118	0.994689
109	130	0.938282
109	149	0.952789
109	154	0.981703
109	155	0.941281
109	156	0.973965
109	157	1.06239
109	158	1.10431
109	162	0.928846
109	166	0.95976
109	167	0.956871
109	168	0.944795
109	170	0.951465
109	171	1.12292
109	172	0.962153
109	173	0.990741
109	174	0.973546
109	175	1.11564
109	176	0.962114
109	177	0.958631
109	178	0.952002
109	179	0.957647
109	180	0.957647
110	6	0.957491
110	9	0.953592
110	10	0.742812
110	42	0.962723
110	58	1.02724
110	59	1.02596
110	89	1.08328
110	91	1.27419
110	92	1.04567
110	108	0.982624
110	112	1.00489
110	113	1.01214
110	114	1.00076
110	117	0.988063
110	120	1.00069
110	121	1.04761
110	137	0.902213
110	138	1.03245
110	145	1.0367
110	152	1.00976
110	157	1.03041
110	161	1.01925
110	165	1.03121
110	166	0.943745
110	176	0.955603
110	180	0.940158
111	68	0.818235
111	89	0.884034
111	104	0.929405
111	108	1.09353
111	119	1.03186
111	120	1.06444
111	129	0.979294
111	136	1.04406
111	138	0.967795
111	146	1.02566
111	148	1.00465
111	149	1.00035
111	154	1.02927
111	156	1.02153
111	166	1.00732
111	167	1.00443
111	169	0.999095
111	170	0.999029
111	172	1.00972
111	173	1.0383
111	174	1.02111
111	175	1.00348
111	177	1.00619
111	178	0.999565
111	179	1.00521
111	180	1.00521
112	23	0.89668
112	37	0.848927
112	55	1.04497
112	65	1.04497
112	68	0.904283
112	78	0.991644
112	79	1.07859
112	84	1.06539
112	110	1.00489
112	118	1.02061
112	122	0.992113
112	135	0.979335
112	138	1.05384
112	143	0.963684
112	148	0.984685
112	152	1.06023
112	160	1.0798
112	161	1.0754
112	164	0.973701
112	166	0.987358
112	171	0.98238
112	173	1.01834
112	174	1.00114
112	176	0.989712
112	178	0.9796
112	179	0.985245
112	180	0.985245
113	37	1.08764
113	42	0.94222
113	54	0.917673
113	77	1.02936
113	102	1.10117
113	104	1.02398
113	108	0.962121
113	110	1.01214
113	114	0.980257
113	116	0.993512
113	117	0.96756
113	124	1.02322
113	127	0.98419
113	134	1.00908
113	135	1.02572
113	140	0.997693
113	152	0.989253
113	155	1.02862
113	157	1.0099
113	161	0.998746
113	165	1.0107
113	167	1.01266
113	171	0.991028
113	172	0.999057
113	173	0.8956
113	175	0.992941
113	176	1.02683
114	6	0.925612
114	16	1.19929
114	22	1.00255
114	30	1.06086
114	31	0.836308
114	37	1.07626
114	42	0.930843
114	59	0.994085
114	68	1.07667
114	89	1.0514
114	104	1.01261
114	110	1.00076
114	113	0.980257
114	116	0.982136
114	117	0.956184
114	121	1.10961
114	140	0.986317
114	152	0.977876
114	154	0.958868
114	157	0.998527
114	161	0.98737
114	165	0.999327
114	170	1.04031
114	171	0.979651
114	173	0.886376
114	175	0.981564
114	176	1.0176
115	23	1.28074
115	49	1.04839
115	68	0.825568
115	109	0.955762
115	127	1.04035
115	132	0.931538
115	134	0.96687
115	147	1.04865
115	149	0.989408
115	151	1.00531
115	153	0.984687
115	154	1.01832
115	155	0.9779
115	156	1.01058
115	162	0.965465
115	166	0.996379
115	167	0.99349
115	168	0.981415
115	169	0.988152
115	170	0.988085
115	172	0.998772
115	174	1.01017
115	175	1.01082
115	177	0.995251
115	178	0.988621
115	179	0.994267
115	180	0.994267
116	3	0.924787
116	53	1.01461
116	54	0.919552
116	75	1.03734
116	77	1.03124
116	104	1.02586
116	113	0.993512
116	114	0.982136
116	117	0.969439
116	120	0.98207
116	124	1.04682
116	125	1.08607
116	127	0.986069
116	134	1.01095
116	137	0.997034
116	138	1.01383
116	140	0.999572
116	151	0.995513
116	152	0.991131
116	157	1.01178
116	161	1.00062
116	165	1.01258
116	167	1.03626
116	171	0.992906
116	173	0.919196
116	177	0.99894
116	180	1.03498
117	9	0.909016
117	32	1.05713
117	33	0.863907
117	37	1.06357
117	42	0.918146
117	58	0.982659
117	61	1.02634
117	68	1.06397
117	77	1.00529
117	88	1.07101
117	94	1.00468
117	110	0.988063
117	113	0.96756
117	114	0.956184
117	116	0.969439
117	120	0.956118
117	125	1.13058
117	126	0.961254
117	134	0.985002
117	138	0.987878
117	152	0.965179
117	157	0.98583
117	161	0.974673
117	165	0.98663
117	169	1.09721
117	172	1.06716
117	175	0.968867
117	178	1.09407
118	17	1.04387
118	19	1.03515
118	23	0.942955
118	26	1.03738
118	43	1.08994
118	45	1.03029
118	73	1.00159
118	83	1.02701
118	101	1.08122
118	103	1.00091
118	109	0.994689
118	112	1.02061
118	123	1.03127
118	128	1.00382
118	132	1.0416
118	133	1.04203
118	139	1.04243
118	143	1.00996
118	153	1.04915
118	154	0.860553
118	159	1.03449
118	162	0.975233
118	164	0.918763
118	166	0.907432
118	172	0.891518
118	173	1.06461
118	179	0.930554
118	180	0.903844
119	4	0.910526
119	10	1.02562
119	11	0.958285
119	43	1.03338
119	62	0.995108
119	66	0.968231
119	100	0.965067
119	101	1.02467
119	102	1.14296
119	103	0.944353
119	111	1.03186
119	122	0.98183
119	123	0.974716
119	126	0.966397
119	133	0.985468
119	139	0.985867
119	142	0.960681
119	143	0.953401
119	153	0.992591
119	156	1.02532
119	159	0.977928
119	168	1.08894
119	171	0.972097
119	172	1.04084
119	173	1.00806
119	175	0.97401
119	178	1.06776
119	180	1.05317
120	1	0.920373
120	6	0.925546
120	24	0.988433
120	46	0.922409
120	48	1.05499
120	53	1.00129
120	70	0.961307
120	93	1.00849
120	94	1.01731
120	104	1.01254
120	108	0.950679
120	110	1.00069
120	111	1.06444
120	116	0.98207
120	117	0.956118
120	126	0.973885
120	136	1.02341
120	140	0.986251
120	154	1.04246
120	157	0.998461
120	161	0.987304
120	164	1.10067
120	165	0.999261
120	171	0.979585
120	173	0.969971
120	175	0.981498
120	176	1.1012
120	178	1.10034
121	30	0.956321
121	35	1.16852
121	51	1.02147
121	62	1.04527
121	74	1.1772
121	91	0.887051
121	101	0.998794
121	110	1.04761
121	114	1.10961
121	130	0.94538
121	132	1.05297
121	135	0.958834
121	136	1.00359
121	137	0.990679
121	138	1.09656
121	146	0.985194
121	155	0.948378
121	156	0.981062
121	162	0.935943
121	166	0.966857
121	169	0.95863
121	170	0.958563
121	172	0.96925
121	173	0.997838
121	174	0.980643
121	177	0.965729
121	178	0.959099
121	179	0.964745
121	180	0.964745
122	4	0.938584
122	18	1.01087
122	43	1.06144
122	66	0.996289
122	73	0.973091
122	76	0.953837
122	85	1.01145
122	100	0.993126
122	101	1.05273
122	103	0.972412
122	112	0.992113
122	119	0.98183
122	123	1.00277
122	125	0.987269
122	128	0.975318
122	132	1.0131
122	133	1.01353
122	137	0.96502
122	139	1.01393
122	141	0.961563
122	143	0.98146
122	148	1.03336
122	153	1.02065
122	155	1.0202
122	159	1.00599
122	164	1.01788
122	166	1.00655
122	168	1.03874
122	175	1.00207
122	178	1.01755
123	1	1.17101
123	18	1.00375
123	23	0.907341
123	27	0.964804
123	35	0.978402
123	43	1.05433
123	75	1.03747
123	85	1.00433
123	86	0.979373
123	101	1.04561
123	118	1.03127
123	119	0.974716
123	122	1.00277
123	126	0.987341
123	128	0.968204
123	132	1.00599
123	135	1.0057
123	139	1.00681
123	143	0.974345
123	145	1.01821
123	146	0.899783
123	151	1.00695
123	153	1.01354
123	155	1.00859
123	159	0.998872
123	167	0.992639
123	169	1.00908
123	176	1.00037
123	177	0.955319
123	178	1.00595
124	53	0.982529
124	63	0.993713
124	77	0.99879
124	89	0.917187
124	98	1.00684
124	103	0.969675
124	113	1.02322
124	116	1.04682
124	128	0.972582
124	132	1.01036
124	138	1.00095
124	139	1.01119
124	140	0.996093
124	143	0.978723
124	144	1.02221
124	147	0.989959
124	151	1.01132
124	152	1.00734
124	154	1.02434
124	158	1.00486
124	160	1.00071
124	165	1.02002
124	170	0.994103
124	171	0.997419
124	174	1.01618
124	175	0.999332
124	177	1.00127
124	178	0.994639
124	179	1.00028
124	180	1.00028
125	5	1.02798
125	37	0.835286
125	42	1.21301
125	55	0.837294
125	70	1.06435
125	98	0.986959
125	104	1.00181
125	116	1.08607
125	117	1.13058
125	122	0.987269
125	127	1.10542
125	131	1.00351
125	133	0.990906
125	139	0.991305
125	143	0.958839
125	144	1.00232
125	150	0.992078
125	153	0.998029
125	154	1.00446
125	157	1.02264
125	158	0.984971
125	162	0.951599
125	163	0.979393
125	170	0.974219
125	172	0.984906
125	175	0.979448
125	176	0.984868
125	177	0.981385
125	178	0.974755
125	179	0.980401
125	180	0.980401
126	7	1.03641
126	15	1.21362
126	60	0.958495
126	67	1.0589
126	69	0.993512
126	70	0.966444
126	98	0.963657
126	100	0.977692
126	102	0.963513
126	106	1.08669
126	117	0.961254
126	119	0.966397
126	120	0.973885
126	123	0.987341
126	131	0.980698
126	134	1.00277
126	140	0.991387
126	152	0.982946
126	157	1.0036
126	158	1.01857
126	159	0.990552
126	160	1.02018
126	166	0.9897
126	168	0.974735
126	172	0.992092
126	174	1.00349
126	175	0.986634
126	176	0.992054
126	178	0.981941
126	179	0.987587
126	180	0.987587
127	3	0.915465
127	12	0.911806
127	22	1.00649
127	29	1.00317
127	42	0.934777
127	48	1.05899
127	54	0.91023
127	58	0.99929
127	70	0.965306
127	75	1.02802
127	77	1.02192
127	80	0.99388
127	86	0.969916
127	92	1.01772
127	107	0.958242
127	113	0.98419
127	115	1.04035
127	116	0.986069
127	125	1.10542
127	138	1.00451
127	140	0.99025
127	152	0.981809
127	161	0.991303
127	164	1.06925
127	165	1.00326
127	169	1.07205
127	171	0.983584
127	172	1.042
127	174	1.0047
127	175	0.985497
127	176	1.06977
128	1	1.25282
128	26	0.97431
128	35	0.950945
128	51	0.954058
128	62	0.988595
128	71	0.993247
128	73	0.93852
128	83	0.96394
128	85	0.976876
128	90	1.14063
128	100	0.958555
128	101	1.01815
128	107	0.940242
128	118	1.00382
128	122	0.975318
128	123	0.968204
128	124	0.972582
128	132	0.978528
128	133	0.978955
128	135	1.08751
128	139	0.979354
128	142	0.954168
128	146	0.98159
128	149	1.06458
128	151	0.979488
128	153	0.986078
128	159	0.971415
128	170	1.11132
128	173	1.00154
128	174	1.02354
128	175	0.967497
128	176	0.972917
129	25	0.989079
129	67	1.12582
129	74	1.14179
129	82	0.984101
129	88	0.956176
129	95	0.98157
129	97	0.985723
129	104	1.02275
129	111	0.979294
129	130	0.950872
129	131	1.04762
129	134	1.05289
129	136	1.00908
129	141	0.977954
129	144	1.04931
129	148	0.969676
129	149	0.965378
129	154	0.994292
129	155	0.95387
129	156	0.986554
129	159	1.06216
129	166	0.972349
129	167	0.96946
129	168	0.957385
129	169	0.964121
129	171	1.10411
129	172	0.974742
129	174	0.986135
129	177	0.971221
129	178	0.964591
129	179	0.970236
129	180	0.970236
130	17	1.03437
130	26	1.03526
130	47	1.19316
130	73	1.11085
130	76	1.00433
130	81	1.05555
130	89	0.971649
130	102	0.952714
130	109	0.938282
130	121	0.94538
130	129	0.950872
130	140	1.05055
130	141	0.984505
130	146	0.997237
130	148	0.976227
130	149	0.971929
130	150	1.04459
130	154	1.00084
130	156	0.993105
130	162	0.947986
130	166	0.9789
130	167	0.976011
130	168	0.963936
130	169	0.970672
130	170	0.970606
130	171	1.09837
130	172	0.981293
130	174	0.992686
130	177	0.977772
130	178	0.971142
130	179	0.976788
130	180	0.976788
131	15	0.942559
131	20	1.04026
131	28	1.02761
131	44	1.06595
131	47	0.979734
131	50	0.968031
131	56	1.04105
131	57	1.03764
131	60	1.03259
131	67	1.00754
131	72	0.995104
131	74	0.981567
131	82	1.05338
131	87	1.00912
131	105	1.05739
131	125	1.00351
131	126	0.980698
131	129	1.04762
131	142	1.03504
131	144	1.04118
131	146	0.884009
131	151	1.0303
131	154	0.932293
131	158	1.02383
131	160	1.01969
131	163	1.01825
131	166	0.979172
131	169	0.993309
131	172	0.963259
131	173	0.859802
131	176	1.02373
131	177	0.939546
132	7	1.05505
132	18	1.01408
132	23	0.917666
132	25	0.914275
132	32	0.923158
132	35	0.988726
132	52	1.16258
132	64	1.05966
132	73	0.976301
132	83	1.00172
132	85	1.01466
132	100	0.996336
132	103	0.975622
132	115	0.931538
132	118	1.0416
132	121	1.05297
132	122	1.0131
132	123	1.00599
132	124	1.01036
132	128	0.978528
132	133	1.01674
132	139	1.01714
132	143	0.98467
132	153	1.02386
132	159	1.0092
132	164	0.960438
132	166	0.949106
132	168	0.98129
132	171	1.00337
132	173	1.03932
132	175	1.00528
132	176	1.0107
132	179	0.972229
133	23	0.918093
133	26	1.01252
133	34	1.02736
133	35	0.989154
133	43	1.06508
133	52	1.1867
133	62	1.0268
133	75	1.04823
133	86	0.990124
133	96	0.963531
133	100	0.996763
133	103	0.976049
133	118	1.04203
133	119	0.985468
133	122	1.01353
133	125	0.990906
133	128	0.978955
133	132	1.01674
133	139	1.01756
133	141	0.928243
133	142	0.992377
133	143	0.985097
133	153	1.02429
133	156	0.94179
133	159	1.00962
133	164	0.984564
133	167	0.970926
133	168	1.00542
133	171	1.00379
133	174	0.920019
133	175	1.00571
133	176	1.01113
133	178	0.984233
134	2	0.927846
134	9	0.950531
134	29	1.02805
134	36	0.983171
134	37	1.10508
134	42	0.959661
134	46	0.951293
134	52	1.19791
134	54	0.935114
134	59	1.0229
134	77	1.0468
134	92	1.04261
134	104	1.04142
134	108	0.979563
134	113	1.00908
134	115	0.96687
134	116	1.01095
134	117	0.985002
134	126	1.00277
134	129	1.05289
134	135	0.995191
134	138	1.02939
134	141	0.939449
134	149	0.97227
134	152	1.00669
134	157	1.02734
134	161	1.01619
134	164	0.995769
134	165	1.02815
134	173	0.865067
134	174	0.931224
134	175	1.01038
134	176	0.996295
135	43	0.916023
135	96	0.997836
135	100	1.0202
135	112	0.979335
135	113	1.02572
135	121	0.958834
135	123	1.0057
135	128	1.08751
135	134	0.995191
135	137	1.01618
135	141	0.997959
135	146	1.01069
135	148	0.989681
135	149	0.985383
135	154	1.0143
135	155	0.973876
135	156	1.00656
135	160	1.0294
135	161	1.02501
135	162	0.961441
135	163	1.06583
135	165	1.02252
135	166	0.992355
135	167	0.989465
