1	26	1.16304
1	74	1.25998
1	129	0.920805
1	138	0.908445
1	148	1.21824
1	159	0.911865
1	165	1.15198
1	166	0.891857
1	171	0.892027
1	176	0.895982
1	177	0.887928
1	180	0.891091
2	53	1.78403
2	81	0.852715
2	104	1.44355
2	124	0.808602
2	126	0.810748
2	127	0.829671
2	128	0.818419
2	142	0.778602
2	145	1.57872
2	146	0.74738
2	148	0.765206
2	172	0.788657
3	25	0.79389
3	57	0.842914
3	81	0.848347
3	92	0.786624
3	93	0.804921
3	101	1.53925
3	107	1.60364
3	124	0.804234
3	153	1.66352
3	161	0.752647
3	165	0.782133
3	172	0.784289
4	38	0.888655
4	52	0.859061
4	83	1.33959
4	116	0.90281
4	142	0.913221
4	148	0.899826
4	161	0.891635
4	163	1.15548
4	166	1.17323
4	167	0.921517
4	172	0.923276
4	175	1.13954
5	14	1.45714
5	50	0.928118
5	131	0.891251
5	136	0.879557
5	138	0.907547
5	150	1.07453
5	156	0.899291
5	159	0.910968
5	162	0.888184
5	166	1.13487
5	171	1.13968
5	176	0.895085
6	16	0.751067
6	48	0.794837
6	71	0.80354
6	97	0.818845
6	127	0.843566
6	152	0.81429
6	161	0.770909
6	163	1.6354
6	165	0.800395
6	172	0.802551
6	176	1.61814
6	179	1.55223
7	21	1.09927
7	48	1.31766
7	166	0.904618
7	168	1.20743
7	170	0.886099
7	172	1.17026
7	174	0.895829
7	175	0.904781
7	177	0.90069
7	178	0.898498
7	179	0.905633
7	180	0.903853
8	50	1.09522
8	86	1.20481
8	92	1.22419
8	94	1.26857
8	166	0.90114
8	171	0.901311
8	173	0.910438
8	174	0.892351
8	177	0.897212
8	178	0.89502
8	179	0.902154
8	180	0.900374
9	32	0.910642
9	74	0.89124
9	99	0.878228
9	111	0.903866
9	132	0.92686
9	140	0.864779
9	147	0.897981
9	149	0.926404
9	154	1.24743
9	166	1.23209
9	176	1.19707
9	179	1.13116
10	124	1.21303
10	140	1.32868
10	159	1.08744
10	162	1.16454
10	169	0.913227
10	173	0.908712
10	174	0.890625
10	175	0.899577
10	177	0.895487
10	178	0.893295
10	179	0.900429
10	180	0.898649
11	137	0.910139
11	156	1.20734
11	158	0.898126
11	159	1.11021
11	161	1.28779
11	162	1.18731
11	170	0.881543
11	171	0.900233
11	173	0.90936
11	175	0.900225
11	179	0.901077
11	180	0.899297
12	110	1.42986
12	116	0.885008
12	128	0.935236
12	134	1.17371
12	145	1.06617
12	146	0.864198
12	150	0.927514
12	152	0.917214
12	161	0.873833
12	168	0.891523
12	170	1.13524
12	172	0.905474
13	29	1.3815
13	72	0.793935
13	80	0.800999
13	99	0.788395
13	110	0.755267
13	118	0.793377
13	135	0.808665
13	139	0.814641
13	147	0.808149
13	149	0.836571
13	169	1.64733
13	170	1.77697
14	5	1.45714
14	30	0.81028
14	56	0.834982
14	99	0.769603
14	100	0.76506
14	122	0.82722
14	135	0.789872
14	139	0.795849
14	147	0.789356
14	148	1.74567
14	149	0.817779
14	169	1.59749
15	20	0.732032
15	35	0.818753
15	85	0.777825
15	96	0.810184
15	125	0.807469
15	144	0.802802
15	153	1.53238
15	156	0.816788
15	159	0.828465
15	162	0.805681
15	174	1.6605
15	180	1.61316
16	6	0.751067
16	27	1.59749
16	76	0.799329
16	89	0.84025
16	101	1.47828
16	116	0.785099
16	124	0.825511
16	155	0.797758
16	167	0.803806
16	168	0.791614
16	172	0.805566
16	174	1.73067
17	92	1.60727
17	129	1.54295
17	139	1.64351
17	157	0.808396
17	163	0.803129
17	171	0.799827
17	173	0.808954
17	174	0.790867
17	177	0.795729
17	178	0.793537
17	179	0.800671
17	180	0.798891
18	42	1.29212
18	120	0.954087
18	124	0.925132
18	142	0.895132
18	146	0.86391
18	148	0.881736
18	161	0.873545
18	163	1.19902
18	165	0.90303
18	167	0.903427
18	175	1.18308
18	180	1.13395
19	85	0.767384
19	101	0.851862
19	116	1.6146
19	136	0.786613
19	144	0.792361
19	151	0.780031
19	156	0.806347
19	159	0.818024
19	162	0.795239
19	175	1.57766
19	176	0.80214
19	178	1.60977
20	15	0.732032
20	40	1.77928
20	77	0.783143
20	108	0.808444
20	129	0.805109
20	138	0.792749
20	144	0.770506
20	151	0.758176
20	159	0.796169
20	162	0.773385
20	176	0.780286
20	177	1.71879
20	180	1.70829
21	7	1.09927
21	48	1.4999
21	99	0.853913
21	100	0.84937
21	106	0.836617
21	111	0.879551
21	113	0.87656
21	118	0.858894
21	132	0.902544
21	133	1.35915
21	140	0.840463
21	149	0.902089
21	179	1.24432
22	111	1.35246
22	121	1.18505
22	127	1.23942
22	135	1.41446
22	158	0.865393
22	160	0.881237
22	164	0.867821
22	174	0.85854
22	175	0.867492
22	177	0.863401
22	178	0.861209
22	179	0.868344
22	180	0.866564
23	96	1.32833
23	117	1.23742
23	141	0.863488
23	142	1.35156
23	149	1.27528
23	164	0.868741
23	171	0.86842
23	173	0.877547
23	174	0.85946
23	175	0.868411
23	177	0.864321
23	178	0.862129
23	180	0.867484
24	61	0.793016
24	91	0.776222
24	111	0.774503
24	112	1.69739
24	113	0.771513
24	117	0.825159
24	135	0.769135
24	140	0.735416
24	143	0.789375
24	147	0.768619
24	149	0.797042
24	175	1.78621
24	179	1.71898
25	3	0.79389
25	57	0.925276
25	97	0.882945
25	99	1.37687
25	102	1.38419
25	116	0.846185
25	124	0.886596
25	128	0.896413
25	148	0.843201
25	155	0.858843
25	157	1.25614
25	169	1.18693
25	172	0.866651
26	1	1.16304
26	38	0.838092
26	78	1.37691
26	86	0.889736
26	112	0.875873
26	116	0.852247
26	126	0.894805
26	155	0.864905
26	161	0.841072
26	165	0.870557
26	172	0.872713
26	174	1.33272
26	176	1.33319
27	16	1.59749
27	33	1.24534
27	129	1.06562
27	134	0.859519
27	168	1.28474
27	169	0.883122
27	170	0.85079
27	173	0.878607
27	174	0.86052
27	177	0.865382
27	178	0.86319
27	179	0.870324
27	180	0.868544
28	43	0.84826
28	87	0.839329
28	125	0.876845
28	136	0.866429
28	150	1.29703
28	151	0.859848
28	152	1.29843
28	156	0.886163
28	158	1.32711
28	162	0.875056
28	168	0.866113
28	176	0.881957
28	177	1.28505
29	13	1.3815
29	37	1.50531
29	85	1.2912
29	141	0.865162
29	154	0.873042
29	164	0.870415
29	170	0.851403
29	172	1.01665
29	175	0.870085
29	177	0.865995
29	178	0.863803
29	179	0.870937
29	180	0.869157
30	14	0.81028
30	96	1.27676
30	99	0.85912
30	111	0.884758
30	125	1.34099
30	135	0.87939
30	151	1.33647
30	159	1.23853
30	174	0.867401
30	175	0.876353
30	178	0.87007
30	179	0.877205
30	180	0.875425
31	51	0.909251
31	70	0.857607
31	86	0.887452
31	131	1.28331
31	146	0.829153
31	152	0.882169
31	154	1.33012
31	161	0.838788
31	166	1.31477
31	167	0.868671
31	168	0.856478
31	172	0.87043
31	176	1.27976
32	9	0.910642
32	40	0.839948
32	91	0.878214
32	100	0.846314
32	106	0.833561
32	113	0.873505
32	118	0.855839
32	143	0.891367
32	145	1.30617
32	147	0.87061
32	158	1.34909
32	169	1.24561
32	177	1.30704
33	27	1.24534
33	50	0.903605
33	67	1.33267
33	68	1.47439
33	105	1.15399
33	108	0.898729
33	125	0.865459
33	136	0.855044
33	144	0.860792
33	146	0.827402
33	162	0.86367
33	168	0.854727
33	176	0.870572
34	55	1.18263
34	59	1.28963
34	91	0.865576
34	111	0.863858
34	117	0.914513
34	118	0.843202
34	135	0.858489
34	139	0.864466
34	140	0.82477
34	141	1.39027
34	143	0.87873
34	149	0.886396
34	177	1.34587
35	15	0.818753
35	59	1.21373
35	77	0.869864
35	95	0.865281
35	108	0.895165
35	129	0.89183
35	151	0.844897
35	156	0.871213
35	159	0.88289
35	162	0.860106
35	170	1.33818
35	171	1.3471
35	175	1.3086
36	85	0.83534
36	129	0.894919
36	136	0.854568
36	138	0.882558
36	151	0.847986
36	156	0.874302
36	158	1.32344
36	159	0.885979
36	163	1.33594
36	168	0.854252
36	173	1.29575
36	176	0.870096
36	179	1.25277
37	29	1.50531
37	49	0.760864
37	61	0.79485
37	68	0.774046
37	88	0.787643
37	91	0.778056
37	117	0.826993
37	135	0.770969
37	140	0.73725
37	141	1.87697
37	147	0.770453
37	149	0.798876
37	180	1.82206
38	4	0.888655
38	26	0.838092
38	93	0.843061
38	107	1.29027
38	121	0.869583
38	128	0.852191
38	131	1.48229
38	142	0.812374
38	150	0.844468
38	167	0.820669
38	168	0.808477
38	169	1.38001
38	172	0.822429
38	173	1.45581
39	47	1.41182
39	76	1.37959
39	100	1.45138
39	138	0.856
39	141	0.83465
39	144	0.833757
39	147	1.34867
39	151	0.821428
39	156	0.847743
39	159	0.85942
39	171	0.839582
39	177	0.835483
39	178	0.833291
39	180	0.838646
40	20	1.77928
40	32	0.839948
40	43	1.37001
40	56	0.872912
40	68	0.83088
40	71	1.38974
40	73	1.05494
40	122	0.86515
40	149	0.855709
40	158	0.822667
40	160	0.838511
40	175	0.824766
40	179	0.825618
40	180	0.823838
41	122	1.31911
41	130	1.56691
41	138	1.35195
41	149	1.35443
41	164	0.842795
41	170	0.823784
41	173	0.851601
41	174	0.833514
41	175	0.842465
41	176	0.846429
41	177	0.838375
41	178	0.836183
41	179	0.843317
41	180	0.841537
42	18	1.29212
42	107	0.87079
42	111	1.3976
42	147	1.44135
42	153	0.836371
42	160	0.847788
42	167	1.46294
42	171	0.834051
42	173	0.843178
42	175	0.834043
42	176	0.838007
42	178	0.827761
42	179	0.834895
42	180	0.833115
43	28	0.84826
43	40	1.37001
43	73	0.901603
43	96	0.82474
43	106	1.47336
43	108	0.855295
43	129	0.851961
43	136	0.81161
43	151	0.805028
43	156	0.831344
43	159	0.843021
43	166	1.38185
43	176	0.827138
43	178	1.38026
44	83	0.817086
44	121	1.2517
44	128	1.36404
44	156	1.52232
44	158	0.839541
44	163	0.844949
44	164	0.841968
44	165	1.45401
44	169	0.855289
44	173	0.850774
44	174	0.832687
44	175	0.841639
44	178	0.835357
44	180	0.840711
45	48	0.822369
45	51	0.868904
45	66	1.67388
45	68	1.35041
45	76	0.823846
45	120	0.878983
45	124	0.850028
45	127	0.871097
45	161	0.798441
45	165	0.827926
45	167	0.828323
45	171	1.29484
45	172	0.830083
45	178	1.28844
46	64	1.07706
46	91	1.06574
46	98	0.916907
46	125	1.09495
46	140	1.23372
46	150	0.960363
46	154	0.939209
46	168	1.11757
46	170	0.91757
46	174	0.9273
46	175	0.936252
46	178	0.92997
46	179	0.937104
46	180	0.935324
47	39	1.41182
47	52	0.776645
47	71	0.84185
47	120	0.889761
47	127	0.881875
47	128	0.870623
47	131	1.39769
47	141	1.40123
47	148	0.81741
47	155	0.833053
47	161	0.809219
47	165	0.838704
47	172	0.840861
47	175	1.39546
48	6	0.794837
48	7	1.31766
48	21	1.4999
48	45	0.822369
48	112	0.852496
48	115	1.35408
48	126	0.871427
48	128	0.879098
48	142	0.839281
48	148	0.825885
48	160	1.43213
48	161	0.817694
48	167	0.847577
48	172	0.849336
49	37	0.760864
49	64	0.869177
49	91	0.855964
49	110	0.795479
49	111	0.854245
49	139	0.854853
49	140	0.815158
49	143	0.869117
49	147	0.84836
49	149	0.876783
49	160	1.32857
49	165	1.40825
49	171	1.46489
49	173	1.40213
50	5	0.928118
50	8	1.09522
50	33	0.903605
50	57	1.06265
50	66	1.55348
50	90	0.907143
50	108	0.922026
50	129	0.918692
50	133	1.18353
50	136	0.878341
50	138	0.906331
50	146	0.8507
50	150	1.10928
50	156	0.898075
50	162	0.886968
51	31	0.909251
51	45	0.868904
51	53	1.28718
51	76	0.889635
51	83	1.32141
51	121	0.943026
51	126	0.917963
51	128	0.925634
51	130	0.861889
51	165	0.893715
51	167	0.894112
51	171	1.15987
51	172	0.895871
51	175	1.12136
51	176	1.12004
52	4	0.859061
52	47	0.776645
52	81	0.856893
52	89	0.827518
52	93	0.813467
52	106	1.591
52	109	0.793795
52	121	0.839989
52	127	0.833849
52	150	0.814874
52	162	1.49593
52	164	1.45319
52	167	0.791075
52	172	0.792834
52	174	1.464
53	2	1.78403
53	51	1.28718
53	129	1.36641
53	151	1.55839
53	164	0.819871
53	169	0.833191
53	170	0.80086
53	171	0.81955
53	173	0.828677
53	174	0.81059
53	175	0.819542
53	177	0.815452
53	178	0.813259
53	179	0.820394
53	180	0.818614
54	79	1.12349
54	85	1.34044
54	110	1.34914
54	124	1.10357
54	137	0.908656
54	141	0.893818
54	156	1.07511
54	157	0.907319
54	164	0.899071
54	173	0.907877
54	175	0.898742
54	177	0.894651
54	178	0.892459
54	179	0.899594
54	180	0.897814
55	34	1.18263
55	130	1.29043
55	145	0.909362
55	165	1.12158
55	166	0.899955
55	168	1.21784
55	171	0.900126
55	172	1.18066
55	173	0.909253
55	174	0.891166
55	175	0.900117
55	177	0.896027
55	178	0.893835
55	179	0.90097
55	180	0.89919
56	14	0.834982
56	40	0.872912
56	92	0.905461
56	95	1.19188
56	110	0.850694
56	111	0.90946
56	113	0.90647
56	117	0.960116
56	134	1.25303
56	143	0.924332
56	147	0.903575
56	149	0.931998
56	152	1.15972
56	175	1.18497
56	178	1.21708
57	3	0.842914
57	25	0.925276
57	50	1.06265
57	70	0.902852
57	101	1.01413
57	123	1.39546
57	145	1.22883
57	148	0.892225
57	155	0.907867
57	161	0.884033
57	165	0.913519
57	167	0.913916
57	168	0.901724
57	171	1.30682
57	172	0.915675
58	61	1.52174
58	69	1.30156
58	75	1.61234
58	157	0.825376
58	159	1.5567
58	160	0.830544
58	163	0.820109
58	166	0.816637
58	171	0.816807
58	173	0.825934
58	174	0.807847
58	177	0.812709
58	178	0.810516
58	179	0.817651
58	180	0.815871
59	34	1.28963
59	35	1.21373
59	69	0.944635
59	123	0.88351
59	160	0.917267
59	167	1.25903
59	170	0.884839
59	172	1.28767
59	173	0.912657
59	174	0.89457
59	175	0.903521
59	177	0.899431
59	178	0.897239
59	179	0.904373
59	180	0.902593
60	117	1.19624
60	124	1.3745
60	128	1.18775
60	147	1.28659
60	156	1.34604
60	163	0.877096
60	164	0.874116
60	169	0.887436
60	170	0.855104
60	171	0.873795
60	173	0.882922
60	174	0.864835
60	177	0.869696
60	178	0.867504
60	179	0.874638
60	180	0.872858
61	24	0.793016
61	37	0.79485
61	58	1.52174
61	80	0.875198
61	88	0.899538
61	92	0.884233
61	107	1.06989
61	113	0.885242
61	135	0.882863
61	139	0.88884
61	143	0.903104
61	147	0.882347
61	149	0.91077
61	157	1.22884
61	170	1.28927
61	171	1.29819
62	69	0.932129
62	81	0.913042
62	97	0.865278
62	120	0.897885
62	127	0.889999
62	128	0.878746
62	133	0.838706
62	145	1.28255
62	155	0.841176
62	157	1.2912
62	165	0.846828
62	167	0.847225
62	172	0.848984
62	173	1.29778
62	177	1.28341
62	179	1.2548
63	134	0.863368
63	135	1.26962
63	138	1.19641
63	155	1.29559
63	162	1.29079
63	163	0.876632
63	164	0.873651
63	166	0.87316
63	168	1.33878
63	169	0.886971
63	170	0.85464
63	173	0.882457
63	175	0.873322
63	177	0.869232
63	179	0.874174
63	180	0.872394
64	46	1.07706
64	49	0.869177
64	72	0.864553
64	80	0.871617
64	99	0.859013
64	100	0.85447
64	107	1.18942
64	111	0.884651
64	132	0.907645
64	133	1.42681
64	135	0.879283
64	137	1.3019
64	139	0.885259
64	140	0.845564
64	147	0.878767
64	166	1.4129
65	69	1.49437
65	97	1.69023
65	107	0.83201
65	121	1.57601
65	127	1.63038
65	154	0.79822
65	160	0.809008
65	169	0.808913
65	171	0.795271
65	173	0.804398
65	174	0.786311
65	175	0.795263
65	177	0.791173
65	178	0.788981
65	179	0.796115
65	180	0.794335
66	45	1.67388
66	50	1.55348
66	73	1.45063
66	107	0.831262
66	115	0.845269
66	123	0.774504
66	139	1.71869
66	157	0.803093
66	171	0.794524
66	173	0.803651
66	174	0.785564
66	175	0.794516
66	177	0.790426
66	178	0.788234
66	179	0.795368
66	180	0.793588
67	33	1.33267
67	77	0.849108
67	87	1.53601
67	89	0.879042
67	97	0.860653
67	120	0.893259
67	125	1.34945
67	134	0.832334
67	143	1.22974
67	148	0.820908
67	156	1.34412
67	166	0.842126
67	172	0.844359
67	173	0.851423
67	175	0.842288
67	179	0.84314
67	180	0.84136
68	33	1.47439
68	37	0.774046
68	40	0.83088
68	45	1.35041
68	69	1.13358
68	93	1.44209
68	109	1.39485
68	110	0.808662
68	114	0.854023
68	132	0.890421
68	139	0.868036
68	145	0.868267
68	149	0.889966
68	163	0.862332
68	170	0.84034
68	177	0.854932
68	180	0.858094
69	58	1.30156
69	59	0.944635
69	62	0.932129
69	65	1.49437
69	68	1.13358
69	75	0.919995
69	82	0.909205
69	109	0.941155
69	126	0.962286
69	146	0.898918
69	148	0.916744
69	155	0.932386
69	161	0.908553
69	167	0.938435
69	169	0.93945
69	172	0.940194
69	180	0.990369
70	31	0.857607
70	57	0.902852
70	71	0.845216
70	92	0.846562
70	105	1.22466
70	126	0.866318
70	127	0.885241
70	130	0.810244
70	148	0.820776
70	155	0.836419
70	157	1.42014
70	165	0.84207
70	167	0.842467
70	169	1.35093
70	172	0.844227
70	177	1.41235
70	180	1.40184
71	6	0.80354
71	40	1.38974
71	47	0.84185
71	70	0.845216
71	103	1.4277
71	121	0.905193
71	128	0.887801
71	130	0.824056
71	133	0.847761
71	142	0.847984
71	145	1.32839
71	161	0.826397
71	165	0.855883
71	167	0.85628
71	172	0.858039
71	173	1.34363
71	180	1.31875
72	13	0.793935
72	64	0.864553
72	80	0.836587
72	113	0.846631
72	117	0.900276
72	132	0.872614
72	135	0.844253
72	137	1.32755
72	139	0.850229
72	140	0.810534
72	143	0.864493
72	147	0.843736
72	149	0.872159
72	158	1.40829
72	173	1.3806
72	179	1.33763
72	180	1.35573
73	40	1.05494
73	43	0.901603
73	66	1.45063
73	78	1.07548
73	88	0.951048
73	96	0.932902
73	114	1.10408
73	124	1.11172
73	125	0.930188
73	129	0.960124
73	136	0.919773
73	146	0.892131
73	151	0.913191
73	152	1.00784
73	159	0.951184
73	162	0.928399
73	168	0.919456
74	1	1.25998
74	9	0.89124
74	91	0.858811
74	93	1.43787
74	94	0.855816
74	100	0.826912
74	110	0.798327
74	111	0.857093
74	113	0.854102
74	118	0.836436
74	132	0.880086
74	137	1.35415
74	140	0.818005
74	143	0.871964
74	147	0.851208
74	160	1.33364
74	164	1.41885
75	58	1.61234
75	69	0.919995
75	81	0.900908
75	94	0.841908
75	101	1.0961
75	103	1.4101
75	112	0.84001
75	121	0.884005
75	148	0.8134
75	150	0.85889
75	155	0.829042
75	159	1.30333
75	161	0.805209
75	165	0.834694
75	167	0.835091
75	172	0.83685
75	178	1.38239
76	16	0.799329
76	39	1.37959
76	45	0.823846
76	51	0.889635
76	86	0.867836
76	92	0.853149
76	121	0.897968
76	124	0.870758
76	126	0.872904
76	146	0.809537
76	148	0.827363
76	154	1.41228
76	168	0.836862
76	172	0.850813
76	177	1.32461
76	178	1.39535
76	179	1.29601
77	20	0.783143
77	35	0.869864
77	67	0.849108
77	123	1.47399
77	125	0.85858
77	130	0.827817
77	133	0.851522
77	134	1.4149
77	136	0.848165
77	155	0.853992
77	159	0.879576
77	162	0.856791
77	165	0.859643
77	169	1.2468
77	170	1.37644
77	172	0.8618
77	180	1.29772
78	26	1.37691
78	73	1.07548
78	109	1.34316
78	137	0.860899
78	145	0.860229
78	146	1.53653
78	163	0.854294
78	166	0.850822
78	168	1.46211
78	170	0.832302
78	174	0.842033
78	175	0.850984
78	176	0.854948
78	177	0.846894
78	178	0.844702
78	179	0.851836
78	180	0.850056
79	54	1.12349
79	85	0.820998
79	87	0.813126
79	95	0.854028
79	98	1.45171
79	101	0.905475
79	125	0.850642
79	144	0.845974
79	151	0.833644
79	156	0.85996
79	159	0.871637
79	162	0.848853
79	168	0.83991
79	175	1.44015
79	176	0.855754
79	177	1.40152
79	180	1.39101
80	13	0.800999
80	61	0.875198
80	64	0.871617
80	72	0.836587
80	100	0.826504
80	113	0.853695
80	118	0.836029
80	131	1.3961
80	132	0.879678
80	135	0.851316
80	138	1.32963
80	140	0.817597
80	143	0.871557
80	149	0.879223
80	150	1.36723
80	152	1.36863
80	180	1.34474
81	2	0.852715
81	3	0.848347
81	52	0.856893
81	62	0.913042
81	75	0.900908
81	82	0.890118
81	109	0.922069
81	123	1.30022
81	126	0.943199
81	155	0.9133
81	163	1.18902
81	165	0.918952
81	167	0.919349
81	171	1.21159
81	172	0.921108
81	174	1.17129
81	177	1.13445
81	178	1.20519
82	69	0.909205
82	81	0.890118
82	116	0.805594
82	132	1.33033
82	136	1.53226
82	143	1.39882
82	151	1.51401
82	159	1.41607
82	161	0.794419
82	165	0.823904
82	166	0.823827
82	167	0.824301
82	171	0.823997
82	174	0.815037
82	175	0.823989
82	178	0.817707
82	179	0.824841
82	180	0.823061
83	4	1.33959
83	44	0.817086
83	51	1.32141
83	132	1.40894
83	145	0.8376
83	147	1.53236
83	151	1.59262
83	152	0.842166
83	160	0.8421
83	163	0.831665
83	169	0.842005
83	171	0.828363
83	173	0.83749
83	174	0.819403
83	175	0.828355
83	177	0.824265
83	178	0.822073
83	180	0.827427
84	87	0.795626
84	94	1.4387
84	97	1.36479
84	118	1.52966
84	125	0.833142
84	126	1.37182
84	142	1.48554
84	144	0.828475
84	153	0.836619
84	156	0.842461
84	157	0.842868
84	162	0.831353
84	174	0.825339
84	175	0.834291
84	176	0.838254
84	177	0.830201
84	178	0.828008
84	180	0.833363
85	15	0.777825
85	19	0.767384
85	29	1.2912
85	36	0.83534
85	54	1.34044
85	79	0.820998
85	86	0.841209
85	87	0.783451
85	96	0.823681
85	125	0.820967
85	136	0.810551
85	144	0.816299
85	151	0.803969
85	152	1.63184
85	156	0.830285
85	159	0.841962
85	170	1.68668
85	174	1.6553
85	176	0.826079
86	8	1.20481
86	26	0.889736
86	31	0.887452
86	76	0.867836
86	85	0.841209
86	102	1.34272
86	121	0.921227
86	125	0.870853
86	128	0.903834
86	138	0.888428
86	151	0.853855
86	162	0.869064
86	166	1.27921
86	167	0.872313
86	168	0.860121
86	171	1.28402
86	172	0.874072
86	173	1.22126
86	178	1.27762
87	28	0.839329
87	67	1.53601
87	79	0.813126
87	84	0.795626
87	85	0.783451
87	90	0.831482
87	125	0.813095
87	136	0.802679
87	138	0.83067
87	144	0.808427
87	151	0.796098
87	153	1.45373
87	156	0.822414
87	158	1.58708
87	159	0.83409
87	160	1.48584
87	162	0.811306
87	176	0.818207
87	177	1.54502
88	37	0.787643
88	61	0.899538
88	73	0.951048
88	100	0.850844
88	104	1.13137
88	117	0.93168
88	119	1.36253
88	132	0.904018
88	140	0.841938
88	147	0.87514
88	151	0.854473
88	156	0.880789
88	157	1.27519
88	159	0.892466
88	162	0.869682
88	164	1.29343
88	168	0.860739
88	173	1.28178
88	177	1.2674
89	16	0.84025
89	52	0.827518
89	67	0.879042
89	112	0.894893
89	115	1.13801
89	116	0.871267
89	128	0.921496
89	130	0.857751
89	141	1.31965
89	148	0.868283
89	150	0.913773
89	153	1.18396
89	155	0.883926
89	161	0.860092
89	167	0.889974
89	172	0.891734
89	174	1.31208
89	176	1.31255
89	178	1.34598
90	50	0.907143
90	87	0.831482
90	95	0.872383
90	102	1.40201
90	108	0.902267
90	125	0.868997
90	129	0.898933
90	138	0.886572
90	144	0.86433
90	153	1.17489
90	156	0.878316
90	159	0.889993
90	162	0.867209
90	168	0.858266
90	169	1.20475
90	176	0.87411
90	178	1.33691
90	179	1.23757
90	180	1.25566
91	24	0.776222
91	32	0.878214
91	34	0.865576
91	37	0.778056
91	46	1.06574
91	49	0.855964
91	74	0.858811
91	92	0.867439
91	103	1.4277
91	122	0.903416
91	135	0.866069
91	139	0.872045
91	140	0.83235
91	143	0.886309
91	147	0.865553
91	149	0.893976
91	163	1.38382
91	174	1.36609
91	176	1.36656
91	178	1.39999
92	3	0.786624
92	8	1.22419
92	17	1.60727
92	56	0.905461
92	61	0.884233
92	70	0.846562
92	76	0.853149
92	91	0.867439
92	93	0.880018
92	99	0.840082
92	112	0.862545
92	114	1.3359
92	130	0.825403
92	131	1.26713
92	134	1.33296
92	140	0.826633
92	143	0.880592
92	147	0.859835
92	150	0.881425
92	173	1.24065
93	3	0.804921
93	38	0.843061
93	52	0.813467
93	68	1.44209
93	74	1.43787
93	92	0.880018
93	105	1.12169
93	124	0.897627
93	130	0.8437
93	142	0.867627
93	146	0.836406
93	147	1.33873
93	148	0.854232
93	152	0.889422
93	155	0.869874
93	157	1.31717
93	161	0.846041
93	167	0.875923
93	172	0.877682
93	176	1.34669
94	8	1.26857
94	74	0.855816
94	75	0.841908
94	84	1.4387
94	130	0.828125
94	132	0.891436
94	135	0.863074
94	139	0.86905
94	140	0.829355
94	143	0.883314
94	144	1.39851
94	147	0.862558
94	148	0.838657
94	155	0.8543
94	160	1.21147
94	165	0.859951
94	167	0.860348
94	170	1.33886
94	171	1.34778
94	172	0.862108
95	35	0.865281
95	56	1.19188
95	79	0.854028
95	90	0.872383
95	106	1.4737
95	108	0.887266
95	125	0.853997
95	136	0.843581
95	137	1.27119
95	138	0.871572
95	142	1.36301
95	144	0.849329
95	146	0.81594
95	151	0.836999
95	152	1.32324
95	156	0.863315
95	159	0.874992
95	162	0.852208
95	166	1.38218
95	176	0.859109
96	15	0.810184
96	23	1.32833
96	30	1.27676
96	43	0.82474
96	73	0.932902
96	85	0.823681
96	101	0.908158
96	131	0.854603
96	136	0.842909
96	138	0.8709
96	144	0.848657
96	151	0.836328
96	152	1.30762
96	154	1.38191
96	156	0.862644
96	158	1.3363
96	159	0.874321
96	162	0.851536
96	172	1.37382
96	176	0.858437
97	6	0.818845
97	25	0.882945
97	62	0.865278
97	65	1.69023
97	67	0.860653
97	84	1.36479
97	112	0.876504
97	130	0.839362
97	142	0.863289
97	146	0.832067
97	148	0.849894
97	155	0.865536
97	161	0.841703
97	165	0.871188
97	168	0.859393
97	170	1.26495
97	172	0.873344
97	176	1.23404
97	178	1.26747
97	180	1.18623
98	46	0.916907
98	79	1.45171
98	131	0.833692
98	140	1.54743
98	142	1.36767
98	154	0.836519
98	157	0.84214
98	158	0.831465
98	159	1.30619
98	160	0.847308
98	162	1.38329
98	164	0.833892
98	165	1.33501
98	166	0.833401
98	173	0.842698
98	174	0.824611
98	175	0.833563
98	177	0.829473
98	178	0.827281
98	179	0.834415
98	180	0.832635
99	9	0.878228
99	13	0.788395
99	14	0.769603
99	21	0.853913
99	25	1.37687
99	30	0.85912
99	64	0.859013
99	92	0.840082
99	118	0.823425
99	122	0.87606
99	134	1.49953
99	135	0.838712
99	139	0.844689
99	140	0.804993
99	143	0.858953
99	147	0.838196
99	149	0.866619
99	150	1.40483
99	160	1.33367
99	176	1.43015
99	179	1.36425
100	14	0.76506
100	21	0.84937
100	32	0.846314
100	39	1.45138
100	64	0.85447
100	74	0.826912
100	80	0.826504
100	88	0.850844
100	107	1.24522
100	110	0.780772
100	117	0.890193
100	118	0.818882
100	122	0.871517
100	132	0.862531
100	134	1.50307
100	139	0.840146
100	143	0.85441
100	149	0.862076
100	150	1.40837
100	169	1.33497
100	178	1.46713
101	3	1.53925
101	16	1.47828
101	19	0.851862
101	57	1.01413
101	75	1.0961
101	79	0.905475
101	96	0.908158
101	143	1.0232
101	149	1.02564
101	151	0.888447
101	161	1.21804
101	162	0.903655
101	168	0.894712
101	169	0.920242
101	170	0.887911
101	173	0.915728
101	174	0.897641
101	176	0.910556
101	177	0.902503
101	179	0.907445
101	180	0.905665
102	25	1.38419
102	86	1.34272
102	90	1.40201
102	114	0.834724
102	142	1.45332
102	145	0.848967
102	153	0.842051
102	154	0.84268
102	158	0.837625
102	159	1.39184
102	160	0.853468
102	163	0.843033
102	165	1.42066
102	169	0.853373
102	170	0.821041
102	171	0.839731
102	174	0.830771
102	175	0.839723
102	178	0.833441
102	179	0.840575
102	180	0.838795
103	71	1.4277
103	75	1.4101
103	91	1.4277
103	122	1.30432
103	134	0.829845
103	135	1.41038
103	141	0.834875
103	152	0.853609
103	153	0.842127
103	160	0.853544
103	163	0.843109
103	167	1.41372
103	169	0.853448
103	170	0.821117
103	173	0.848934
103	174	0.830847
103	175	0.839799
103	177	0.835709
103	178	0.833516
103	179	0.840651
103	180	0.838871
104	2	1.44355
104	88	1.13137
104	126	1.06773
104	137	0.908056
104	147	1.15765
104	148	1.21505
104	157	0.906719
104	162	1.19707
104	164	0.898471
104	166	0.89798
104	167	1.17924
104	169	0.911791
104	171	0.89815
104	173	0.907277
104	174	0.88919
104	175	0.898142
104	176	0.902105
104	177	0.894052
104	178	0.891859
104	179	0.898994
104	180	0.897214
105	33	1.15399
105	70	1.22466
105	93	1.12169
105	119	0.890595
105	136	1.18451
105	137	0.909652
105	145	0.908982
105	146	1.26782
105	153	0.902066
105	161	1.2459
105	164	0.900067
105	168	1.19339
105	169	0.913388
105	170	0.881056
105	171	0.899746
105	173	0.908873
105	174	0.890786
105	175	0.899738
105	177	0.895648
105	179	0.90059
105	180	0.89881
106	21	0.836617
106	32	0.833561
106	43	1.47336
106	52	1.591
106	95	1.4737
106	111	0.826785
106	114	0.81338
106	117	0.87744
106	118	0.806129
106	127	1.30072
106	132	0.849778
106	143	0.841657
106	147	0.8209
106	158	0.816281
106	165	1.44866
106	166	0.818217
106	170	0.799698
106	171	0.818388
106	172	1.50774
106	174	0.809428
106	177	0.814289
106	180	0.817452
107	3	1.60364
107	38	1.29027
107	42	0.87079
107	61	1.06989
107	64	1.18942
107	65	0.83201
107	66	0.831262
107	100	1.24522
107	118	1.21044
107	153	0.891983
107	155	1.18673
107	160	0.9034
107	166	0.889492
107	170	0.870973
107	171	0.889663
107	173	0.89879
107	174	0.880703
107	175	0.889655
107	176	0.893618
107	177	0.885564
107	178	0.883372
107	180	0.888727
108	20	0.808444
108	33	0.898729
108	35	0.895165
108	43	0.855295
108	50	0.922026
108	90	0.902267
108	95	0.887266
108	138	0.901455
108	141	1.28598
108	144	0.879213
108	146	0.845823
108	150	1.25356
108	151	0.866883
108	156	0.893199
108	162	0.882092
108	163	1.29615
108	168	0.873149
108	173	1.25595
108	174	1.27842
108	176	0.888993
108	179	1.21298
108	180	1.23107
109	52	0.793795
109	68	1.39485
109	69	0.941155
109	78	1.34316
109	81	0.922069
109	112	0.86117
109	120	0.906912
109	124	0.877956
109	126	0.880102
109	130	0.824028
109	131	1.30299
109	136	1.37
109	142	0.847956
109	148	0.83456
109	152	0.86975
109	161	0.826369
109	165	0.855855
109	167	0.856252
109	168	0.844059
109	172	0.858011
109	176	1.29944
109	177	1.26214
109	179	1.23354
110	12	1.42986
110	13	0.755267
110	49	0.795479
110	54	1.34914
110	56	0.850694
110	68	0.808662
110	74	0.798327
110	100	0.780772
110	111	0.810953
110	113	0.807963
110	117	0.861609
110	122	0.842932
110	128	1.55768
110	132	0.833946
110	135	0.805585
110	139	0.811561
110	140	0.771866
110	143	0.825825
110	147	0.805068
110	149	0.833491
110	153	1.53588
110	171	1.7043
110	177	1.62716
111	9	0.903866
111	21	0.879551
111	22	1.35246
111	24	0.774503
111	30	0.884758
111	34	0.863858
111	42	1.3976
111	49	0.854245
111	56	0.90946
111	64	0.884651
111	74	0.857093
111	106	0.826785
111	110	0.810953
111	114	1.35956
111	132	0.892712
111	135	0.86435
111	139	0.870327
111	140	0.830631
111	149	0.892257
111	164	1.27595
111	173	1.26431
111	178	1.32067
111	180	1.23943
112	24	1.69739
112	26	0.875873
112	48	0.852496
112	75	0.84001
112	89	0.894893
112	92	0.862545
112	97	0.876504
112	109	0.86117
112	119	1.30926
112	121	0.907364
112	127	0.901224
112	130	0.826227
112	139	1.21232
112	142	0.850155
112	158	1.2562
112	161	0.828568
112	165	0.858053
112	167	0.85845
112	168	0.846258
112	172	0.86021
112	173	1.22851
112	175	1.25277
112	176	1.25144
113	21	0.87656
113	24	0.771513
113	32	0.873505
113	56	0.90647
113	61	0.885242
113	72	0.846631
113	74	0.854102
113	80	0.853695
113	110	0.807963
113	114	1.35095
113	117	0.917384
113	118	0.846072
113	119	1.33645
113	132	0.889722
113	133	1.32755
113	134	1.348
113	135	0.86136
113	139	0.867336
113	143	0.881601
113	147	0.860844
113	163	1.29589
113	166	1.31364
113	177	1.24132
114	68	0.854023
114	73	1.10408
114	92	1.3359
114	102	0.834724
114	106	0.81338
114	111	1.35956
114	113	1.35095
114	115	0.898662
114	155	1.44753
114	158	0.84581
114	161	1.54322
114	163	0.851219
114	164	0.848238
114	166	0.847747
114	170	0.829227
114	172	1.45354
114	173	0.857044
114	174	0.838957
114	175	0.847909
114	176	0.851873
114	177	0.843819
114	178	0.841627
114	179	0.848761
114	180	0.846981
115	48	1.35408
115	66	0.845269
115	89	1.13801
115	114	0.898662
115	128	1.05761
115	133	0.895454
115	139	1.12527
115	146	1.31828
115	155	1.20066
115	156	1.21589
115	157	0.912238
115	158	0.901563
115	163	0.906971
115	166	0.903499
115	167	1.17804
115	169	0.917311
115	171	0.903669
115	173	0.912796
115	174	0.894709
115	175	0.903661
115	177	0.899571
115	178	0.897379
115	179	0.904513
115	180	0.902733
116	4	0.90281
116	12	0.885008
116	16	0.785099
116	19	1.6146
116	25	0.846185
116	26	0.852247
116	82	0.805594
116	89	0.871267
116	120	0.885484
116	127	0.877598
116	128	0.866346
116	130	0.802601
116	142	0.826529
116	150	0.858623
116	155	0.828775
116	160	1.28071
116	165	0.834427
116	167	0.834824
116	169	1.27847
116	172	0.836583
116	173	1.35427
116	174	1.37673
116	176	1.3772
116	180	1.32939
117	23	1.23742
117	24	0.825159
117	34	0.914513
117	37	0.826993
117	56	0.960116
117	60	1.19624
117	72	0.900276
117	88	0.93168
117	100	0.890193
117	106	0.87744
117	110	0.861609
117	113	0.917384
117	118	0.899718
117	139	0.920982
117	140	0.881287
117	143	0.935246
117	147	0.91449
117	149	0.942913
117	153	1.11205
117	173	1.21771
117	174	1.24017
117	176	1.24064
117	179	1.17473
117	180	1.19283
118	13	0.793377
118	21	0.858894
118	32	0.855839
118	34	0.843202
118	74	0.836436
118	80	0.836029
118	84	1.52966
118	99	0.823425
118	100	0.818882
118	106	0.806129
118	107	1.21044
118	113	0.846072
118	117	0.899718
118	122	0.881042
118	132	0.872056
118	135	0.843694
118	139	0.84967
118	143	0.863935
118	149	0.871601
118	164	1.38762
118	169	1.30018
118	174	1.39844
118	178	1.43234
118	180	1.3511
119	88	1.36253
119	105	0.890595
119	112	1.30926
119	113	1.33645
119	126	1.29889
119	132	1.26539
119	140	1.59237
119	145	0.853009
119	157	0.852341
119	158	0.841666
119	160	0.85751
119	162	1.42823
119	164	0.844094
119	166	0.843602
119	169	0.857414
119	170	0.825083
119	171	0.843773
119	174	0.834813
119	175	0.843764
119	176	0.847728
119	177	0.839674
119	178	0.837482
119	179	0.844616
119	180	0.842836
120	18	0.954087
120	45	0.878983
120	47	0.889761
120	62	0.897885
120	67	0.893259
120	109	0.906912
120	116	0.885484
120	123	1.30602
120	124	0.925896
120	127	0.946965
120	130	0.871968
120	131	1.18111
120	142	0.895896
120	148	0.8825
120	154	1.22792
120	155	0.898143
120	161	0.874309
120	166	1.21257
120	168	0.891999
120	172	0.905951
120	173	1.15463
120	174	1.17709
120	175	1.17888
120	176	1.17755
121	22	1.18505
121	38	0.869583
121	44	1.2517
121	51	0.943026
121	52	0.839989
121	65	1.57601
121	71	0.905193
121	75	0.884005
121	76	0.897968
121	86	0.921227
121	112	0.907364
121	126	0.926295
121	127	0.945219
121	141	1.12692
121	146	0.862928
121	152	0.915944
121	154	1.17018
121	161	0.872563
121	165	0.902048
121	167	0.902445
121	169	1.02109
121	171	1.15965
121	172	0.904204
121	174	1.11935
122	14	0.82722
122	40	0.86515
122	41	1.31911
122	91	0.903416
122	99	0.87606
122	100	0.871517
122	103	1.30432
122	110	0.842932
122	118	0.881042
122	131	0.893422
122	137	1.16719
122	138	0.909718
122	140	0.86261
122	141	1.25027
122	144	0.887476
122	147	0.895813
122	150	1.21785
122	156	0.901462
122	159	0.913139
122	162	0.890355
122	164	1.23189
122	168	0.881412
122	175	1.2445
122	176	0.897256
122	178	1.27661
123	57	1.39546
123	59	0.88351
123	66	0.774504
123	77	1.47399
123	81	1.30022
123	120	1.30602
123	125	1.52423
123	135	1.4777
123	141	0.827973
123	145	0.84214
123	148	1.51685
123	157	0.841473
123	160	0.846641
123	164	0.833225
123	169	0.846546
123	170	0.814214
123	171	0.832904
123	173	0.842031
123	174	0.823944
123	175	0.832896
123	176	0.83686
123	177	0.828806
123	178	0.826614
123	179	0.833748
123	180	0.831968
124	2	0.808602
124	3	0.804234
124	10	1.21303
124	16	0.825511
124	18	0.925132
124	25	0.886596
124	45	0.850028
124	54	1.10357
124	60	1.3745
124	73	1.11172
124	76	0.870758
124	93	0.897627
124	109	0.877956
124	120	0.925896
124	142	0.86694
124	146	0.835718
124	147	1.41095
124	148	0.853544
124	150	0.899035
124	161	0.845353
124	165	0.874839
124	167	0.875236
124	172	0.876995
124	174	1.41843
124	176	1.4189
124	179	1.35299
125	15	0.807469
125	28	0.876845
125	30	1.34099
125	33	0.865459
125	46	1.09495
125	67	1.34945
125	73	0.930188
125	77	0.85858
125	79	0.850642
125	84	0.833142
125	85	0.820967
125	86	0.870853
125	87	0.813095
125	90	0.868997
125	95	0.853997
125	123	1.52423
125	136	0.840195
125	137	1.31979
125	150	1.37044
125	151	0.833613
125	152	1.37184
125	156	0.859929
125	159	0.871606
125	162	0.848822
125	168	0.839879
125	171	1.4356
125	176	0.855723
126	2	0.810748
126	26	0.894805
126	48	0.871427
126	51	0.917963
126	69	0.962286
126	70	0.866318
126	76	0.872904
126	81	0.943199
126	84	1.37182
126	104	1.06773
126	109	0.880102
126	119	1.29889
126	121	0.926295
126	128	0.908903
126	130	0.845159
126	133	0.868863
126	134	1.31044
126	144	1.33163
126	152	0.890881
126	155	0.871333
126	161	0.8475
126	165	0.876985
126	168	0.86519
126	169	1.14234
126	172	0.879141
126	174	1.2406
126	176	1.24106
126	177	1.20376
127	2	0.829671
127	6	0.843566
127	22	1.23942
127	45	0.871097
127	47	0.881875
127	52	0.833849
127	62	0.889999
127	65	1.63038
127	70	0.885241
127	106	1.30072
127	112	0.901224
127	116	0.877598
127	120	0.946965
127	121	0.945219
127	141	1.18128
127	142	0.88801
127	148	0.874614
127	155	0.890257
127	158	1.17894
127	161	0.866423
127	165	0.895908
127	167	0.896305
127	168	0.884113
127	170	1.2051
127	172	0.898065
127	175	1.17551
127	176	1.17419
127	180	1.12638
128	2	0.818419
128	12	0.935236
128	25	0.896413
128	38	0.852191
128	44	1.36404
128	47	0.870623
128	48	0.879098
128	51	0.925634
128	60	1.18775
128	62	0.878746
128	71	0.887801
128	86	0.903834
128	89	0.921496
128	110	1.55768
128	115	1.05761
128	116	0.866346
128	126	0.908903
128	142	0.876757
128	155	0.879004
128	161	0.85517
128	165	0.884656
128	168	0.872861
128	172	0.886812
128	174	1.23169
128	177	1.19485
128	178	1.26559
128	179	1.16625
128	180	1.18435
129	1	0.920805
129	17	1.54295
129	20	0.805109
129	27	1.06562
129	35	0.89183
129	36	0.894919
129	43	0.851961
129	50	0.918692
129	53	1.36641
129	73	0.960124
129	90	0.898933
129	131	0.881824
129	133	1.24819
129	136	0.870131
129	138	0.898121
129	144	0.875879
129	146	0.842489
129	150	1.17394
129	151	0.863549
129	154	1.24963
129	156	0.889865
129	159	0.901542
129	162	0.878757
129	164	1.18798
129	168	0.869814
129	173	1.17633
129	175	1.20059
129	176	0.885658
130	41	1.56691
130	51	0.861889
130	55	1.29043
130	70	0.810244
130	71	0.824056
130	77	0.827817
130	89	0.857751
130	92	0.825403
130	93	0.8437
130	94	0.828125
130	97	0.839362
130	109	0.824028
130	112	0.826227
130	116	0.802601
130	120	0.871968
130	126	0.845159
130	133	0.812789
130	142	0.813013
130	152	0.834807
130	154	1.54134
130	155	0.815259
130	157	1.46147
130	161	0.791426
130	167	0.821308
130	169	1.39225
130	172	0.823067
130	176	1.49098
130	179	1.42507
130	180	1.44317
131	5	0.891251
131	31	1.28331
131	38	1.48229
131	47	1.39769
131	80	1.3961
131	92	1.26713
131	96	0.854603
131	98	0.833692
131	109	1.30299
131	120	1.18111
131	122	0.893422
131	129	0.881824
131	132	1.21112
131	141	0.848114
131	144	0.847221
131	151	0.834892
131	154	0.855994
131	156	0.861208
131	159	0.872885
131	161	1.47444
131	162	0.8501
131	166	0.852876
131	169	0.866687
131	170	0.834356
131	173	0.862173
131	176	0.857001
131	177	0.848947
131	178	0.846755
131	179	0.85389
131	180	0.85211
132	9	0.92686
132	21	0.902544
132	64	0.907645
132	68	0.890421
132	72	0.872614
132	74	0.880086
132	80	0.879678
132	82	1.33033
132	83	1.40894
132	88	0.904018
132	94	0.891436
132	100	0.862531
132	106	0.849778
132	110	0.833946
132	111	0.892712
132	113	0.889722
132	118	0.872056
132	119	1.26539
132	131	1.21112
132	135	0.887344
132	139	0.89332
132	140	0.853625
132	143	0.907584
132	145	1.1694
132	147	0.886828
132	149	0.91525
132	152	1.18364
132	164	1.19628
132	172	1.24984
132	173	1.18464
132	175	1.20889
133	21	1.35915
133	50	1.18353
133	62	0.838706
133	64	1.42681
133	71	0.847761
133	77	0.851522
133	113	1.32755
133	115	0.895454
133	126	0.868863
133	129	1.24819
133	130	0.812789
133	136	1.45843
133	140	1.58348
133	144	1.47843
133	148	0.823321
133	149	1.32743
133	152	0.858511
133	154	0.847657
133	155	0.838964
133	161	0.81513
133	165	0.844616
133	166	0.844539
133	167	0.845013
133	169	0.858351
133	172	0.846772
133	173	0.853836
133	174	0.835749
133	175	0.844701
133	178	0.838419
133	179	0.845553
133	180	0.843773
134	12	1.17371
134	27	0.859519
134	56	1.25303
134	63	0.863368
134	67	0.832334
134	77	1.4149
134	92	1.33296
134	99	1.49953
134	100	1.50307
134	103	0.829845
134	113	1.348
134	126	1.31044
134	145	0.852199
134	146	1.5622
134	150	0.867065
134	153	0.845283
134	154	0.845911
134	158	0.840856
134	160	0.8567
134	163	0.846265
134	164	0.843284
134	169	0.856604
134	170	0.824273
134	171	0.842963
134	173	0.85209
134	174	0.834003
134	175	0.842955
134	176	0.846918
134	177	0.838865
134	178	0.836672
134	180	0.842027
135	13	0.808665
135	14	0.789872
135	22	1.41446
135	24	0.769135
135	30	0.87939
135	34	0.858489
135	37	0.770969
135	61	0.882863
135	63	1.26962
135	64	0.879283
135	72	0.844253
135	80	0.851316
135	91	0.866069
135	94	0.863074
135	99	0.838712
135	103	1.41038
135	110	0.805585
135	111	0.86435
135	113	0.86136
135	118	0.843694
135	123	1.4777
135	132	0.887344
135	139	0.864958
135	140	0.825263
135	147	0.858466
135	149	0.886889
135	152	1.3253
135	166	1.38425
135	172	1.3915
135	175	1.35056
135	178	1.38266
136	5	0.879557
136	19	0.786613
136	28	0.866429
136	33	0.855044
136	36	0.854568
136	43	0.81161
136	50	0.878341
136	73	0.919773
136	77	0.848165
136	82	1.53226
136	85	0.810551
136	87	0.802679
136	95	0.843581
136	96	0.842909
136	105	1.18451
136	109	1.37
136	125	0.840195
136	129	0.870131
136	133	1.45843
136	138	0.85777
136	144	0.835528
136	146	0.802138
136	153	1.28091
136	156	0.849514
136	159	0.861191
136	162	0.838406
136	166	1.44452
136	173	1.38657
136	174	1.40903
136	176	0.845308
136	179	1.34359
137	11	0.910139
137	54	0.908656
137	64	1.3019
137	72	1.32755
137	74	1.35415
137	78	0.860899
137	95	1.27119
137	104	0.908056
137	105	0.909652
137	122	1.16719
137	125	1.31979
137	139	1.22383
137	141	0.857899
137	150	0.886933
137	153	0.86515
137	154	0.865779
137	160	0.876567
137	163	0.866132
137	164	0.863151
137	165	1.24615
137	167	1.2766
137	169	0.876472
137	170	0.84414
137	171	0.86283
137	172	1.30523
137	173	0.871957
137	174	0.85387
137	175	0.862822
137	176	0.866786
137	178	0.85654
137	179	0.863674
137	180	0.861894
138	1	0.908445
138	5	0.907547
138	20	0.792749
138	36	0.882558
138	39	0.856
138	41	1.35195
138	50	0.906331
138	63	1.19641
138	80	1.32963
138	86	0.888428
138	87	0.83067
138	90	0.886572
138	95	0.871572
138	96	0.8709
138	108	0.901455
138	122	0.909718
138	129	0.898121
138	136	0.85777
138	144	0.863518
138	146	0.830129
138	151	0.851188
138	154	1.32638
138	159	0.889181
138	160	1.17953
138	162	0.866397
138	168	0.857454
138	170	1.30693
138	172	1.31829
138	173	1.25309
138	176	0.873298
138	177	1.23872
138	178	1.30945
139	13	0.814641
139	14	0.795849
139	17	1.64351
139	34	0.864466
139	49	0.854853
139	61	0.88884
139	64	0.885259
139	66	1.71869
139	68	0.868036
139	72	0.850229
139	91	0.872045
139	94	0.86905
139	99	0.844689
139	100	0.840146
139	110	0.811561
139	111	0.870327
139	112	1.21232
139	113	0.867336
139	115	1.12527
139	117	0.920982
139	118	0.84967
139	132	0.89332
139	135	0.864958
139	137	1.22383
139	140	0.831239
139	143	0.885199
139	147	0.864442
139	149	0.892865
139	157	1.2703
139	160	1.20333
139	173	1.27689
139	175	1.30114
139	179	1.23391
140	9	0.864779
140	10	1.32868
140	21	0.840463
140	24	0.735416
140	34	0.82477
140	37	0.73725
140	46	1.23372
140	49	0.815158
140	64	0.845564
140	72	0.810534
140	74	0.818005
140	80	0.817597
140	88	0.841938
140	91	0.83235
140	92	0.826633
140	94	0.829355
140	98	1.54743
140	99	0.804993
140	110	0.771866
140	111	0.830631
140	117	0.881287
140	119	1.59237
140	122	0.86261
140	132	0.853625
140	133	1.58348
140	135	0.825263
140	139	0.831239
140	143	0.845503
140	149	0.85317
