1	43	0.471026
1	57	0.526255
1	81	1.37472
1	84	1.33349
1	85	1.31637
1	116	1.41785
1	135	1.40225
1	145	1.36923
1	157	0.50069
1	159	1.38591
1	170	0.449167
1	175	0.454628
2	51	0.506039
2	57	0.500005
2	135	0.455397
2	157	0.47444
2	163	1.39308
2	173	1.35379
2	175	1.36461
2	176	1.37832
2	177	1.36692
2	178	1.37146
2	179	1.37387
2	180	0.454963
3	13	1.27814
3	45	1.40679
3	48	1.25934
3	116	1.43796
3	135	1.42236
3	145	1.38935
3	146	0.490982
3	159	1.40602
3	172	0.507856
3	175	0.472194
3	177	0.472826
3	179	0.461412
4	28	1.32024
4	32	1.4178
4	100	1.31607
4	109	1.45376
4	115	1.32317
4	119	1.39245
4	155	0.459922
4	160	1.37655
4	163	0.469708
4	168	0.509868
4	175	0.485194
4	176	0.480121
5	44	1.37387
5	100	1.31911
5	109	1.45681
5	115	1.32622
5	118	0.50281
5	119	1.39549
5	138	1.34943
5	158	0.487389
5	159	0.473455
5	160	1.3796
5	175	0.471032
5	178	0.470611
6	10	1.38875
6	39	1.26704
6	99	1.30633
6	101	1.41591
6	107	1.37298
6	114	1.3863
6	142	0.445244
6	143	0.4947
6	156	0.509732
6	165	1.46298
6	175	0.462735
6	180	0.48932
7	12	1.24509
7	31	0.5997
7	39	0.636909
7	63	1.20933
7	68	1.21663
7	134	1.1885
7	144	0.589925
7	168	1.18938
7	169	1.17321
7	171	1.19926
7	174	0.581142
7	180	1.1778
8	77	1.31642
8	81	0.505427
8	99	1.30701
8	101	1.41659
8	107	1.37365
8	111	0.49677
8	114	1.38697
8	127	1.33631
8	165	1.46366
8	168	0.48443
8	176	0.454683
8	177	0.460388
9	51	0.536392
9	70	1.36607
9	86	1.30874
9	111	0.495745
9	124	1.36929
9	125	1.37394
9	126	1.37031
9	129	1.42337
9	160	1.3884
9	175	0.458732
9	176	0.453659
9	177	0.459364
10	6	1.38875
10	38	0.459084
10	77	1.31881
10	99	1.3094
10	107	1.37604
10	114	1.38936
10	117	0.506046
10	136	1.35141
10	142	0.452168
10	147	0.470748
10	157	0.515721
10	165	1.46605
11	82	1.35428
11	97	1.38001
11	124	1.35739
11	125	1.36204
11	126	1.35841
11	129	1.41147
11	149	0.465713
11	160	1.37651
11	162	0.486282
11	172	0.507067
11	175	0.471405
11	178	0.470983
12	7	1.24509
12	117	0.508069
12	123	1.38489
12	140	1.37601
12	146	0.49047
12	156	1.378
12	169	1.40478
12	170	0.466219
12	172	1.40191
12	173	0.472556
12	177	0.472313
12	180	1.40937
13	3	1.27814
13	46	1.2341
13	84	1.15537
13	85	1.13825
13	135	1.22413
13	138	1.17114
13	145	1.19112
13	159	1.20779
13	164	0.588146
13	175	0.599765
13	179	0.588984
13	180	0.62635
14	86	1.30505
14	97	1.38822
14	111	0.487851
14	118	0.482615
14	124	1.3656
14	125	1.37025
14	126	1.36662
14	129	1.41968
14	143	0.482803
14	147	0.451927
14	157	0.4969
14	160	1.38471
15	39	0.480283
15	61	0.502752
15	110	0.489212
15	145	0.469636
15	150	1.35853
15	151	0.452887
15	167	1.37168
15	173	1.35929
15	176	1.38382
15	177	1.37242
15	178	1.37696
15	179	1.37937
16	80	0.48344
16	117	0.507838
16	128	0.474231
16	159	0.473873
16	161	1.38863
16	162	1.39177
16	168	1.37557
16	169	1.3594
16	172	1.35653
16	175	1.36386
16	178	0.471029
16	180	1.36399
17	85	0.636839
17	95	1.20913
17	118	1.20871
17	120	1.20649
17	141	1.1735
17	155	0.570806
17	158	0.612435
17	164	0.584459
17	166	1.20975
17	169	1.1969
17	172	1.19403
17	180	1.20149
18	68	0.464611
18	82	0.489033
18	99	0.485279
18	140	0.481948
18	165	1.45363
18	166	0.473281
18	170	1.3633
18	173	1.34358
18	174	1.35309
18	176	1.36811
18	177	1.35671
18	179	1.36366
19	42	1.2739
19	66	1.33072
19	100	1.22752
19	103	1.49974
19	115	1.23462
19	117	1.24075
19	118	0.535232
19	119	1.3039
19	151	0.524466
19	160	1.288
19	173	0.504329
19	175	0.503454
19	180	0.530039
20	52	0.472906
20	95	0.433122
20	116	1.52332
20	121	1.44286
20	145	1.47471
20	153	0.411357
20	156	0.441031
20	158	1.46227
20	162	0.408911
20	174	1.49315
20	178	1.50131
20	179	1.50372
20	180	0.420619
21	99	0.555977
21	148	1.30199
21	152	1.27567
21	157	1.26045
21	159	0.518719
21	161	1.32375
21	162	1.32689
21	170	0.510835
21	171	1.32057
21	172	1.29164
21	178	0.515875
21	179	0.505515
21	180	1.29911
22	38	1.34692
22	69	0.506177
22	115	1.2352
22	119	1.30448
22	145	0.530466
22	156	0.539702
22	160	1.28858
22	161	0.495571
22	163	1.32661
22	173	1.28732
22	178	1.305
22	179	1.3074
22	180	0.51929
23	40	1.3803
23	77	1.44236
23	91	0.510733
23	99	1.43296
23	101	1.54253
23	107	1.4996
23	114	1.51292
23	158	0.435028
23	165	1.5896
23	170	0.413209
23	175	0.418671
23	176	0.413598
23	177	0.419303
24	25	0.511788
24	76	0.51704
24	77	0.505005
24	106	0.552143
24	164	1.29216
24	170	1.30628
24	172	0.505171
24	173	1.28656
24	174	1.29606
24	176	1.31109
24	177	1.29968
24	178	1.30423
24	179	1.30663
25	24	0.511788
25	47	1.29752
25	92	0.49881
25	108	1.21317
25	128	0.518341
25	136	0.52206
25	138	0.553795
25	161	1.33117
25	168	1.3181
25	171	1.32799
25	172	1.29906
25	175	1.3064
25	180	1.30653
26	64	0.448893
26	73	0.557757
26	103	0.44654
26	108	0.58752
26	150	1.285
26	167	1.29814
26	170	1.30548
26	174	1.29526
26	176	1.31028
26	177	1.29888
26	178	1.30343
26	179	1.30583
26	180	0.551148
27	152	0.536758
27	161	0.496575
27	162	0.508585
27	167	1.29811
27	169	0.529407
27	170	1.30544
27	173	1.28572
27	174	1.29522
27	176	1.31025
27	177	1.29885
27	178	1.30339
27	179	1.3058
27	180	0.520293
28	4	1.32024
28	44	1.26067
28	103	1.47813
28	109	1.3436
28	115	1.21301
28	119	1.28229
28	132	0.523762
28	138	1.23623
28	154	0.530564
28	160	1.26639
28	173	0.521083
28	175	0.520207
28	179	0.509426
29	116	0.41762
29	120	0.438577
29	135	0.4405
29	143	1.44587
29	162	0.428359
29	168	0.438155
29	171	0.426015
29	173	1.47855
29	174	1.48806
29	176	1.50308
29	177	1.49168
29	178	1.49623
29	179	1.49863
30	37	0.490101
30	68	0.525949
30	120	0.532033
30	161	0.509805
30	164	1.29307
30	167	1.29985
30	173	1.28746
30	174	1.29697
30	176	1.31199
30	177	1.30059
30	178	1.30514
30	179	1.30754
30	180	0.533523
31	7	0.5997
31	37	0.467643
31	57	0.556107
31	101	0.463472
31	134	0.505926
31	164	1.29216
31	170	1.30628
31	173	1.28656
31	174	1.29606
31	176	1.31109
31	177	1.29968
31	178	1.30423
31	179	1.30663
32	4	1.4178
32	38	1.42229
32	78	0.447412
32	100	1.30347
32	103	1.57568
32	106	1.29581
32	109	1.44116
32	119	1.37985
32	146	0.489403
32	160	1.36395
32	164	0.458996
32	173	0.47149
32	175	0.470615
32	178	0.470193
33	65	1.43853
33	67	0.463513
33	68	0.460952
33	78	1.52688
33	83	0.492278
33	84	1.34836
33	88	1.32004
33	105	0.463502
33	135	1.41713
33	137	0.461286
33	138	1.36413
33	145	1.38411
33	159	1.40078
33	171	0.454475
34	62	0.528183
34	71	1.36979
34	121	1.35601
34	147	0.463111
34	154	1.44233
34	156	1.37636
34	159	0.464444
34	164	0.450402
34	166	1.416
34	169	1.40315
34	171	1.4292
34	174	0.454663
34	179	0.45124
34	180	1.40774
35	49	0.510601
35	55	0.451876
35	70	1.38181
35	76	1.38343
35	94	1.43084
35	124	1.38503
35	125	1.38968
35	126	1.38605
35	129	1.43911
35	160	1.40414
35	165	0.427939
35	170	0.472637
35	176	0.473026
35	179	0.467317
36	54	0.456679
36	65	1.43678
36	69	1.42648
36	84	1.34661
36	92	0.445819
36	116	1.43098
36	135	1.41538
36	138	1.36238
36	145	1.38236
36	150	0.46372
36	153	0.479894
36	159	1.39903
36	166	0.490251
36	175	0.46257
37	30	0.490101
37	31	0.467643
37	114	0.463919
37	120	1.40927
37	133	0.46766
37	141	1.37629
37	157	1.36562
37	159	0.458867
37	162	1.43205
37	168	1.41585
37	169	1.39968
37	172	1.39681
37	177	0.457077
37	180	1.40427
38	10	0.459084
38	22	1.34692
38	32	1.42229
38	100	1.32056
38	103	1.59278
38	109	1.45825
38	115	1.32766
38	136	0.469206
38	138	1.35088
38	139	0.453559
38	160	1.38104
38	169	0.498405
38	175	0.462706
38	178	0.462285
39	6	1.26704
39	7	0.636909
39	15	0.480283
39	40	1.13505
39	52	0.600562
39	73	0.554883
39	99	1.1877
39	101	1.29728
39	107	1.25434
39	114	1.26766
39	127	1.217
39	136	1.22971
39	159	0.524112
39	165	1.34434
40	23	1.3803
40	39	1.13505
40	77	1.18374
40	99	1.17434
40	101	1.28391
40	107	1.24098
40	114	1.2543
40	136	1.21635
40	161	0.561143
40	165	1.33098
40	168	0.58295
40	170	0.552815
40	178	0.557855
40	179	0.547495
41	70	1.22558
41	82	1.22569
41	94	1.27462
41	97	1.25142
41	98	0.556887
41	124	1.2288
41	125	1.23345
41	126	1.22982
41	129	1.28288
41	155	0.548029
41	160	1.24791
41	175	0.573301
41	176	0.568228
41	179	0.56252
42	19	1.2739
42	44	1.30287
42	66	1.35132
42	86	0.542548
42	103	1.52033
42	109	1.3858
42	115	1.25521
42	119	1.32449
42	138	1.27843
42	140	0.514255
42	148	0.508978
42	160	1.30859
42	161	0.480773
42	167	0.473358
42	173	0.478782
43	1	0.471026
43	76	0.53721
43	109	0.454434
43	120	0.514774
43	137	1.3088
43	151	0.510691
43	155	1.35695
43	167	1.33078
43	170	1.33811
43	171	0.502213
43	173	1.31839
43	176	1.34292
43	177	1.33152
43	178	1.33607
43	179	1.33847
44	5	1.37387
44	28	1.26067
44	42	1.30287
44	83	0.535262
44	100	1.25649
44	103	1.52871
44	106	1.24883
44	109	1.39419
44	110	1.31761
44	157	0.530987
44	160	1.31698
44	161	0.487791
44	175	0.484925
44	176	0.479852
44	178	0.484503
45	3	1.40679
45	46	1.36275
45	48	1.18975
45	72	1.31807
45	78	1.46253
45	80	1.31991
45	85	1.26689
45	135	1.35278
45	145	1.31976
45	155	0.478698
45	171	0.516504
45	173	0.504845
45	175	0.50397
45	176	0.498897
45	178	0.503548
46	13	1.2341
46	45	1.36275
46	72	1.34362
46	81	1.35079
46	84	1.30956
46	121	1.31346
46	124	0.530506
46	135	1.37833
46	139	0.485103
46	144	0.495674
46	145	1.34531
46	146	0.513038
46	159	1.36198
46	167	0.489701
46	175	0.49425
47	25	1.29752
47	140	1.29972
47	150	0.509124
47	153	1.36173
47	154	1.36767
47	158	0.524332
47	165	0.457815
47	166	1.34134
47	167	0.503426
47	168	1.34466
47	169	1.32849
47	172	1.32562
47	173	0.50885
47	178	0.507553
47	180	1.33308
48	3	1.25934
48	45	1.18975
48	72	1.17063
48	78	1.31509
48	81	1.1778
48	84	1.13657
48	116	1.22093
48	133	0.60529
48	135	1.20533
48	138	1.15234
48	145	1.17231
48	164	0.582455
48	166	0.621755
48	171	0.606608
48	174	0.586715
49	35	0.510601
49	112	1.2745
49	137	0.525129
49	142	0.488294
49	148	1.34423
49	152	1.31791
49	155	0.480512
49	156	1.30997
49	161	1.36599
49	166	1.34961
49	171	1.36281
49	172	1.33388
49	174	0.498425
49	177	0.506416
49	180	1.34135
50	67	0.484182
50	71	0.504923
50	108	0.525566
50	128	1.29838
50	142	1.35261
50	148	0.493681
50	152	0.505659
50	154	0.472966
50	163	1.35507
50	164	1.32139
50	170	1.3355
50	176	1.34031
50	177	1.32891
50	178	1.33345
50	179	1.33586
51	2	0.506039
51	9	0.536392
51	105	1.2928
51	147	0.552031
51	155	0.525669
51	156	1.24899
51	157	1.24171
51	161	1.30501
51	163	0.535456
51	166	1.28862
51	168	1.29194
51	169	1.27578
51	171	1.30183
51	172	1.2729
51	173	0.551817
51	180	1.28037
52	20	0.472906
52	39	0.600562
52	53	0.484963
52	120	1.27057
52	122	1.28199
52	151	1.28541
52	154	1.30016
52	161	1.29021
52	162	1.29335
52	166	1.27383
52	168	1.27715
52	169	1.26098
52	173	0.55303
52	174	0.544795
52	178	0.551733
52	180	1.26557
53	52	0.484963
53	56	0.479896
53	76	0.453622
53	110	0.463427
53	163	1.44577
53	164	1.41209
53	166	0.433771
53	167	1.41887
53	168	0.430764
53	169	0.441789
53	170	1.4262
53	173	1.40648
53	174	1.41599
53	176	1.43101
53	177	1.41961
53	179	1.42656
54	36	0.456679
54	130	0.444794
54	134	1.43729
54	140	1.39323
54	149	0.461698
54	156	1.39522
54	157	1.38794
54	162	1.45437
54	164	0.455771
54	167	0.462841
54	168	1.43817
54	171	1.44806
54	172	1.41913
54	176	0.462317
54	178	0.466968
54	180	1.42659
55	35	0.451876
55	107	0.45248
55	108	1.34064
55	119	0.478905
55	136	0.453558
55	143	0.479024
55	152	1.41056
55	153	1.46265
55	157	1.39534
55	161	1.45864
55	166	1.44226
55	167	0.44251
55	169	1.42941
55	172	1.42654
55	177	0.447691
55	180	1.434
56	53	0.479896
56	113	0.52545
56	146	0.565875
56	151	1.28635
56	153	1.29517
56	159	0.549509
56	161	1.29116
56	162	1.2943
56	166	1.27478
56	168	1.2781
56	170	0.541625
56	171	1.28798
56	172	1.25906
56	175	1.26639
56	177	0.547719
56	180	1.26652
57	1	0.526255
57	2	0.500005
57	31	0.556107
57	106	1.20344
57	117	0.581295
57	128	0.547688
57	134	1.29197
57	153	1.30992
57	157	1.24262
57	162	1.30905
57	165	0.494748
57	166	1.28953
57	168	1.29285
57	169	1.27668
57	171	1.30274
57	180	1.28127
58	62	0.589897
58	118	1.28664
58	136	0.530235
58	141	1.25143
58	147	0.524825
58	150	0.524885
58	152	1.25598
58	154	1.31401
58	156	1.24804
58	161	1.30406
58	166	1.28768
58	167	0.519187
58	171	1.30088
58	172	1.27196
58	178	0.523314
58	180	1.27942
59	90	1.33051
59	107	0.551793
59	120	1.27915
59	134	1.28484
59	141	1.24616
59	149	0.54068
59	157	1.23549
59	161	1.29879
59	163	0.530887
59	165	0.496212
59	167	0.541823
59	168	1.28573
59	169	1.26956
59	171	1.29561
59	173	0.547247
59	180	1.27415
60	145	0.462096
60	148	0.455406
60	163	1.44446
60	166	0.452015
60	167	1.41756
60	168	0.449008
60	169	0.460034
60	170	1.4249
60	172	0.459997
60	173	1.40517
60	174	1.41468
60	176	1.4297
60	177	1.4183
60	178	1.42285
60	179	1.42525
60	180	0.45092
61	15	0.502752
61	79	1.24672
61	93	1.2707
61	126	0.563875
61	140	1.24411
61	144	0.545583
61	154	1.31206
61	160	0.559037
61	162	1.30525
61	165	0.493999
61	166	1.28573
61	167	0.53961
61	168	1.28905
61	171	1.29894
61	172	1.27001
61	180	1.27747
62	34	0.528183
62	58	0.589897
62	85	0.580204
62	145	0.577204
62	146	1.22369
62	158	1.2037
62	162	0.55432
62	163	1.26436
62	164	1.23068
62	168	0.564116
62	170	1.24479
62	173	1.22507
62	174	1.23458
62	176	1.2496
62	177	1.2382
62	178	1.24275
62	179	1.24515
63	7	1.20933
63	77	0.494772
63	86	0.523917
63	94	0.480047
63	107	0.464696
63	114	0.466749
63	123	1.34913
63	126	0.478992
63	135	0.486294
63	166	1.38187
63	167	1.37505
63	170	1.38238
63	171	1.39508
63	174	1.37217
63	178	1.38034
63	179	1.38274
63	180	1.37361
64	26	0.448893
64	70	1.33623
64	75	1.48586
64	86	1.2789
64	94	1.38526
64	97	1.36206
64	102	0.44384
64	104	1.32
64	124	1.33944
64	126	1.34046
64	129	1.39352
64	148	0.428682
64	160	1.35856
64	163	0.382125
64	169	0.43331
64	175	0.868675
64	177	0.398243
65	33	1.43853
65	36	1.43678
65	81	1.36223
65	84	1.321
65	85	1.30387
65	88	1.29268
65	91	0.543972
65	110	0.509247
65	111	0.488924
65	121	1.3249
65	135	1.38976
65	143	0.483875
65	145	1.35674
65	159	1.37342
65	166	0.479591
65	167	0.447361
65	175	0.45191
66	19	1.33072
66	42	1.35132
66	117	1.31817
66	119	1.38132
66	132	0.489283
66	143	0.517693
66	147	0.486817
66	157	1.33646
66	160	1.36542
66	166	1.38338
66	168	1.38669
66	169	1.37053
66	174	0.478369
66	176	0.480655
66	178	0.485306
66	179	0.474946
66	180	1.37512
67	33	0.463513
67	50	0.484182
67	74	0.503072
67	105	1.37579
67	127	1.33511
67	132	0.498409
67	142	0.477363
67	151	1.38319
67	153	1.392
67	156	1.33198
67	157	1.3247
67	168	1.37493
67	172	1.35589
67	173	0.495729
67	174	0.487495
67	175	1.36323
67	180	1.36336
68	7	1.21663
68	18	0.464611
68	30	0.525949
68	33	0.460952
68	141	1.35294
68	145	0.530054
68	148	1.3838
68	156	1.34955
68	157	1.34227
68	161	1.40556
68	165	0.442132
68	168	1.3925
68	171	1.40238
68	172	1.37346
68	176	0.48722
68	177	0.492925
68	180	1.38092
69	22	0.506177
69	36	1.42648
69	88	1.28238
69	117	0.523141
69	132	0.490308
69	138	1.32647
69	145	1.34644
69	151	1.38616
69	152	1.34289
69	154	1.40092
69	158	0.50311
69	159	1.36312
69	163	0.471267
69	165	0.436593
69	170	0.481291
69	172	1.35886
69	180	1.36633
70	9	1.36607
70	35	1.38181
70	41	1.22558
70	64	1.33623
70	82	1.27815
70	93	0.533652
70	94	1.32707
70	124	1.28126
70	125	1.28591
70	126	1.28228
70	129	1.33534
70	131	0.499476
70	155	0.483652
70	157	0.554987
70	160	1.30037
70	162	0.523802
70	174	0.501566
70	176	0.503852
71	34	1.36979
71	50	0.504923
71	91	1.23728
71	122	1.32056
71	133	0.52681
71	137	0.534939
71	140	1.27077
71	147	0.516683
71	149	0.509902
71	154	1.33873
71	166	1.3124
71	168	1.31572
71	169	1.29955
71	170	0.510133
71	171	1.3256
71	174	0.508235
71	175	1.30401
71	180	1.30414
72	45	1.31807
72	46	1.34362
72	48	1.17063
72	78	1.44341
72	81	1.30612
72	88	1.23657
72	92	0.490722
72	116	1.34925
72	127	0.534604
72	135	1.33365
72	138	1.28066
72	139	0.498326
72	145	1.30063
72	151	0.528485
72	159	1.31731
72	175	0.507473
72	178	0.507051
72	180	0.534058
73	26	0.557757
73	39	0.554883
73	118	1.30788
73	123	1.27617
73	148	1.30354
73	151	1.32049
73	154	1.33525
73	162	1.32844
73	163	0.490989
73	166	1.30892
73	169	1.29607
73	170	0.501013
73	171	1.32212
73	175	1.30053
73	176	0.501402
73	177	0.507107
73	179	0.495693
73	180	1.30066
74	67	0.503072
74	99	0.521179
74	127	0.508631
74	150	1.28831
74	152	0.524549
74	155	1.32762
74	156	0.528497
74	158	1.26769
74	162	0.496376
74	165	1.39911
74	173	1.28906
74	174	1.29857
74	175	1.29989
74	176	1.31359
74	177	1.30219
74	178	1.30674
74	179	1.30914
74	180	0.508084
75	64	1.48586
75	76	1.4293
75	82	1.42778
75	86	1.37034
75	92	0.43177
75	97	1.45351
75	110	0.505858
75	122	0.433554
75	124	1.43089
75	125	1.43554
75	126	1.43191
75	129	1.48497
75	154	0.458877
75	155	0.423249
75	160	1.45
75	161	0.451388
75	173	0.449396
75	175	0.448521
76	24	0.51704
76	35	1.38343
76	43	0.53721
76	53	0.453622
76	75	1.4293
76	82	1.27977
76	85	0.561574
76	86	1.22233
76	94	1.32869
76	96	0.50797
76	104	1.26343
76	122	0.505845
76	124	1.28288
76	125	1.28753
76	126	1.2839
76	129	1.33696
76	160	1.30199
76	177	0.521445
77	8	1.31642
77	10	1.31881
77	23	1.44236
77	24	0.505005
77	40	1.18374
77	63	0.494772
77	99	1.2364
77	101	1.34597
77	107	1.30304
77	114	1.31636
77	127	1.26569
77	136	1.27841
77	160	0.523657
77	162	0.523655
77	165	1.39304
77	169	0.544477
77	173	0.509653
77	179	0.497997
78	32	0.447412
78	33	1.52688
78	45	1.46253
78	48	1.31509
78	72	1.44341
78	85	1.39222
78	88	1.38103
78	116	1.49371
78	132	0.453634
78	134	0.471525
78	135	1.47811
78	144	0.451503
78	145	1.44509
78	150	0.451228
78	159	1.46176
78	162	0.464956
78	165	0.399919
78	171	0.462612
79	61	1.24672
79	83	0.564262
79	120	1.31634
79	128	0.516705
79	130	0.491328
79	131	0.504476
79	153	1.33998
79	154	1.34592
79	156	1.27996
79	157	1.27268
79	160	0.528803
79	162	1.33911
79	163	0.498439
79	171	1.3328
79	172	1.30387
79	174	0.506566
79	175	1.31121
79	180	1.31134
80	16	0.48344
80	45	1.31991
80	84	1.26673
80	88	1.23841
80	100	0.546621
80	114	0.492745
80	119	0.517117
80	145	1.30247
80	151	0.506283
80	156	0.532268
80	159	1.31914
80	166	0.512952
80	170	1.33113
80	173	1.31141
80	174	1.32091
80	176	1.33594
80	177	1.32453
80	179	1.33148
81	1	1.37472
81	8	0.505427
81	46	1.35079
81	48	1.1778
81	65	1.36223
81	72	1.30612
81	85	1.25493
81	88	1.24374
81	116	1.35642
81	135	1.34082
81	136	0.525451
81	145	1.3078
81	159	1.32447
81	163	0.503466
81	170	0.51349
81	171	0.531485
81	173	0.519827
81	179	0.50817
82	11	1.35428
82	18	0.489033
82	41	1.22569
82	70	1.27815
82	75	1.42778
82	76	1.27977
82	94	1.32718
82	97	1.30398
82	122	0.501747
82	124	1.28137
82	125	1.28602
82	129	1.33544
82	131	0.507266
82	157	0.562777
82	160	1.30048
82	161	0.519581
82	175	0.516714
82	179	0.505933
83	33	0.492278
83	44	0.535262
83	79	0.564262
83	127	0.55075
83	138	0.561853
83	141	0.553611
83	149	1.26631
83	158	1.23281
83	163	1.29346
83	164	1.25978
83	167	1.26657
83	170	1.2739
83	171	0.536152
83	173	1.25418
83	174	1.26368
83	176	1.27871
83	177	1.2673
83	178	1.27185
83	179	1.27425
84	1	1.33349
84	13	1.15537
84	33	1.34836
84	36	1.34661
84	46	1.30956
84	48	1.13657
84	65	1.321
84	80	1.26673
84	85	1.2137
84	88	1.20251
84	108	0.597857
84	122	0.519933
84	130	0.512304
84	135	1.29959
84	145	1.26657
84	161	0.537767
84	166	0.562581
84	173	0.535776
84	177	0.535532
85	1	1.31637
85	13	1.13825
85	17	0.636839
85	45	1.26689
85	62	0.580204
85	65	1.30387
85	76	0.561574
85	78	1.39222
85	81	1.25493
85	84	1.2137
85	92	0.497291
85	116	1.29807
85	121	1.21761
85	135	1.28247
85	145	1.24945
85	159	1.26612
85	167	0.509493
85	174	0.506683
85	175	0.514042
86	9	1.30874
86	14	1.30505
86	42	0.542548
86	63	0.523917
86	64	1.2789
86	75	1.37034
86	76	1.22233
86	94	1.26974
86	97	1.24654
86	123	0.569088
86	124	1.22393
86	125	1.22858
86	126	1.22495
86	129	1.27801
86	141	0.567915
86	160	1.24304
86	164	0.526304
86	170	0.532461
86	175	0.537923
87	90	0.500937
87	93	0.53464
87	115	0.565377
87	127	0.537045
87	144	1.2511
87	147	1.26404
87	150	1.2538
87	156	0.556911
87	163	1.29384
87	164	1.26016
87	167	1.26694
87	169	0.545612
87	172	0.545575
87	173	1.25455
87	174	1.26406
87	176	1.27908
87	177	1.26768
87	178	1.27223
87	179	1.27463
88	33	1.32004
88	65	1.29268
88	69	1.28238
88	72	1.23657
88	78	1.38103
88	80	1.23841
88	81	1.24374
88	84	1.20251
88	116	1.28687
88	121	1.20641
88	122	0.524998
88	130	0.517369
88	135	1.27127
88	136	0.546465
88	145	1.23825
88	167	0.535416
88	168	0.564639
88	169	0.575664
88	173	0.54084
89	101	1.46956
89	114	1.43995
89	126	0.467466
89	127	1.38928
89	134	1.42823
89	137	0.467095
89	143	0.479715
89	148	1.42041
89	155	0.422477
89	159	0.450172
89	161	1.44217
89	162	1.44531
89	165	1.51663
89	167	0.443201
89	170	0.442288
89	171	1.439
89	172	1.41007
89	174	0.440391
90	59	1.33051
90	87	0.500937
90	94	0.485077
90	106	1.32061
90	112	1.3316
90	132	0.46786
90	141	1.37046
90	143	0.49627
90	146	0.483093
90	151	1.41828
90	153	1.4271
90	169	1.39386
90	170	0.458843
90	171	1.41991
90	172	1.39099
90	175	1.39832
90	177	0.464937
90	179	0.453523
90	180	1.39845
91	23	0.510733
91	65	0.543972
91	71	1.23728
91	97	0.575408
91	103	0.48732
91	109	0.530099
91	116	0.569482
91	125	0.578441
91	148	1.27811
91	152	1.25179
91	156	1.24385
91	158	1.24291
91	164	1.26988
91	166	1.28349
91	173	1.26427
91	176	1.2888
91	178	1.28195
91	179	1.28435
91	180	1.27523
92	25	0.49881
92	36	0.445819
92	72	0.490722
92	75	0.43177
92	85	0.497291
92	133	1.33071
92	149	1.37387
92	154	0.466886
92	163	1.40103
92	165	1.47179
92	167	1.37413
92	168	0.481204
92	170	1.38146
92	173	1.36174
92	174	1.37125
92	177	1.37487
92	178	1.37942
92	179	1.38182
92	180	0.483115
93	61	1.2707
93	70	0.533652
93	87	0.53464
93	113	0.476372
93	140	1.30195
93	146	0.516797
93	153	1.36396
93	154	1.3699
93	156	1.30394
93	157	1.29666
93	158	0.514366
93	161	1.35996
93	162	1.36309
93	165	0.447848
93	168	1.34689
93	169	1.33073
93	171	1.35678
93	174	0.490649
93	178	0.497587
93	180	1.33532
94	35	1.43084
94	41	1.27462
94	63	0.480047
94	64	1.38526
94	70	1.32707
94	76	1.32869
94	82	1.32718
94	86	1.26974
94	90	0.485077
94	104	1.31084
94	122	0.479086
94	124	1.33029
94	125	1.33494
94	126	1.33131
94	146	0.512842
94	158	0.510411
94	160	1.3494
94	166	0.521734
94	175	0.494053
94	180	0.520638
95	17	1.20913
95	20	0.433122
95	108	1.25637
95	113	0.490734
95	126	0.532087
95	148	1.35261
95	152	1.32629
95	153	1.37838
95	158	0.528727
95	166	1.35799
95	168	1.36131
95	169	1.34514
95	171	1.37119
95	172	1.34227
95	174	0.505011
95	175	1.3496
95	176	0.507297
95	177	0.513002
95	179	0.501589
95	180	1.34973
96	76	0.50797
96	108	0.523395
96	115	0.515902
96	121	0.516169
96	134	0.481885
96	146	1.3195
96	150	1.32013
96	151	0.481451
96	155	1.35945
96	158	1.29952
96	163	1.36018
96	167	1.33328
96	170	1.34061
96	171	0.472972
96	173	1.32089
96	174	1.33039
96	176	1.34542
96	177	1.33402
96	178	1.33856
96	180	0.487024
97	11	1.38001
97	14	1.38822
97	41	1.25142
97	64	1.36206
97	75	1.45351
97	82	1.30398
97	86	1.24654
97	91	0.575408
97	122	0.468378
97	124	1.30709
97	125	1.31174
97	126	1.30811
97	129	1.36117
97	148	0.514417
97	160	1.3262
97	161	0.486213
97	164	0.471727
97	169	0.519045
97	175	0.483346
97	178	0.482924
98	41	0.556887
98	106	0.539501
98	116	0.461005
98	119	0.488712
98	139	1.32224
98	149	1.33284
98	153	0.47419
98	155	1.35927
98	157	0.502929
98	158	1.29934
98	162	0.471744
98	164	1.32631
98	167	1.3331
98	169	0.492566
98	170	1.34043
98	174	1.33021
98	176	1.34524
98	177	1.33383
98	178	1.33838
98	179	1.34078
99	6	1.30633
99	8	1.30701
99	10	1.3094
99	18	0.485279
99	21	0.555977
99	23	1.43296
99	39	1.1877
99	40	1.17434
99	74	0.521179
99	77	1.2364
99	101	1.33657
99	107	1.29363
99	114	1.30695
99	127	1.25629
99	131	0.503512
99	136	1.269
99	140	0.549309
99	143	0.544926
99	154	0.523317
99	161	0.515828
99	165	1.38363
100	4	1.31607
100	5	1.31911
100	19	1.22752
100	32	1.30347
100	38	1.32056
100	44	1.25649
100	80	0.546621
100	101	0.513624
100	103	1.47395
100	109	1.33943
100	110	1.26286
100	115	1.20884
100	119	1.27812
100	122	0.519664
100	138	1.23205
100	160	1.26222
100	165	0.484471
100	170	0.52917
100	171	0.547165
100	175	0.534631
100	176	0.529559
101	6	1.41591
101	8	1.41659
101	23	1.54253
101	31	0.463472
101	39	1.29728
101	40	1.28391
101	77	1.34597
101	89	1.46956
101	99	1.33657
101	100	0.513624
101	107	1.40321
101	114	1.41653
101	136	1.37858
101	149	0.446582
101	156	0.499271
101	158	0.468631
101	165	1.49321
101	170	0.446812
101	176	0.4472
101	179	0.441492
101	180	0.478858
102	64	0.44384
102	109	0.484266
102	120	0.544605
102	125	0.532607
102	134	0.540957
102	139	1.28331
102	146	1.28039
102	157	0.565573
102	158	1.26041
102	163	1.32107
102	164	1.28739
102	170	1.3015
102	171	0.532044
102	173	1.28178
102	174	1.29128
102	175	1.2926
102	176	1.30631
102	177	1.29491
102	178	1.29945
102	179	1.30186
102	180	0.546096
103	19	1.49974
103	26	0.44654
103	28	1.47813
103	32	1.57568
103	38	1.59278
103	42	1.52033
103	44	1.52871
103	91	0.48732
103	100	1.47395
103	109	1.61165
103	115	1.48106
103	134	0.416704
103	137	0.414603
103	138	1.50427
103	152	0.438308
103	157	0.44132
103	160	1.53443
103	165	0.345098
103	172	0.43092
103	178	0.394836
103	179	0.384477
104	64	1.32
104	76	1.26343
104	94	1.31084
104	125	1.26968
104	126	1.26605
104	129	1.31911
104	135	0.55253
104	136	0.532011
104	140	1.26047
104	144	0.526935
104	150	0.526661
104	160	1.28414
104	161	1.31847
104	164	0.513892
104	166	1.30209
104	168	1.30541
104	172	1.28637
104	174	0.518152
104	177	0.526143
104	179	0.51473
104	180	1.29383
105	33	0.463502
105	51	1.2928
105	67	1.37579
105	109	0.459598
105	137	0.514187
105	144	0.496267
105	151	1.37436
105	156	1.32315
105	157	1.31587
105	158	0.5112
105	159	0.497265
105	161	1.37917
105	162	1.3823
105	163	0.479357
105	166	1.36279
105	168	1.3661
105	169	1.34994
105	171	1.37599
105	172	1.34706
105	173	0.495718
105	178	0.494421
105	180	1.35453
106	24	0.552143
106	32	1.29581
106	44	1.24883
106	57	1.20344
106	90	1.32061
106	98	0.539501
106	115	1.20118
106	117	1.20731
106	119	1.27046
106	137	0.575261
106	138	1.22439
106	139	0.546769
106	150	0.557065
106	151	1.28409
106	160	1.25456
106	162	1.29203
106	164	0.544297
106	167	0.551367
106	168	1.27583
106	172	1.25679
106	179	0.545134
106	180	1.26425
107	6	1.37298
107	8	1.37365
107	10	1.37604
107	23	1.4996
107	39	1.25434
107	40	1.24098
107	55	0.45248
107	59	0.551793
107	63	0.464696
107	77	1.30304
107	99	1.29363
107	101	1.40321
107	114	1.37359
107	121	0.534433
107	127	1.32293
107	136	1.33564
107	140	0.515051
107	142	0.461212
107	149	0.473011
107	165	1.45028
107	174	0.471344
107	175	0.478702
108	25	1.21317
108	26	0.58752
108	50	0.525566
108	55	1.34064
108	84	0.597857
108	95	1.25637
108	96	0.523395
108	143	0.568203
108	150	0.537387
108	152	1.22529
108	153	1.27738
108	154	1.28332
108	156	1.21736
108	162	1.27651
108	166	1.25699
108	169	1.24414
108	170	0.530776
108	171	1.2702
108	172	1.24127
108	175	1.2486
108	177	0.53687
108	180	1.24873
109	4	1.45376
109	5	1.45681
109	28	1.3436
109	32	1.44116
109	38	1.45825
109	42	1.3858
109	43	0.454434
109	44	1.39419
109	91	0.530099
109	100	1.33943
109	102	0.484266
109	103	1.61165
109	105	0.459598
109	115	1.34653
109	117	1.35266
109	119	1.41581
109	124	0.474293
109	146	0.456825
109	159	0.440459
109	160	1.39991
109	173	0.438912
109	174	0.430678
109	175	0.438037
110	15	0.489212
110	44	1.31761
110	53	0.463427
110	65	0.509247
110	75	0.505858
110	100	1.26286
110	115	1.26996
110	117	1.27609
110	119	1.33924
110	132	0.534173
110	138	1.29317
110	141	1.30505
110	148	1.33591
110	150	0.531768
110	157	1.29438
110	160	1.32334
110	162	1.36081
110	164	0.518999
110	166	1.34129
110	171	1.3545
110	172	1.32557
110	176	0.525545
110	177	0.53125
111	8	0.49677
111	9	0.495745
111	14	0.487851
111	65	0.488924
111	125	0.523392
111	126	0.530011
111	129	0.511498
111	135	0.537314
111	150	1.29255
111	154	1.33884
111	157	1.2656
111	160	0.525174
111	161	1.3289
111	162	1.33203
111	165	1.40335
111	169	1.29967
111	171	1.32572
111	172	1.29679
111	173	1.2933
111	174	1.30281
111	175	1.30413
111	177	1.30643
111	178	1.31098
112	49	1.2745
112	90	1.3316
112	123	1.25076
112	133	0.546888
112	139	0.526526
112	149	0.529981
112	150	0.536822
112	153	1.30389
112	156	1.24387
112	157	1.23659
112	158	0.55203
112	159	0.538095
112	161	1.29988
112	162	1.30302
112	163	0.520187
112	166	1.2835
112	167	0.531124
112	168	1.28682
112	169	1.27065
112	171	1.2967
112	172	1.26778
112	175	1.27511
112	177	0.536305
112	180	1.27524
113	56	0.52545
113	93	0.476372
113	95	0.490734
113	116	0.455784
113	144	1.35697
113	149	1.37255
113	152	0.494695
113	154	0.462001
113	155	1.39898
113	158	1.33905
113	159	1.36816
113	160	0.466524
113	162	0.466522
113	164	1.36603
113	167	1.37281
113	170	1.38014
113	171	0.464179
113	172	0.487307
113	173	1.36042
113	174	1.36993
113	176	1.38495
113	177	1.37355
113	178	1.3781
113	179	1.3805
114	6	1.3863
114	8	1.38697
114	10	1.38936
114	23	1.51292
114	37	0.463919
114	39	1.26766
114	40	1.2543
114	63	0.466749
114	77	1.31636
114	80	0.492745
114	89	1.43995
114	99	1.30695
114	101	1.41653
114	107	1.37359
114	127	1.33625
114	136	1.34896
114	144	0.48218
114	154	0.491111
114	155	0.455483
114	165	1.4636
114	166	0.508436
114	171	0.493289
114	174	0.473396
114	176	0.475682
115	4	1.32317
115	5	1.32622
115	19	1.23462
115	22	1.2352
115	28	1.21301
115	38	1.32766
115	42	1.25521
115	87	0.565377
115	96	0.515902
115	100	1.20884
115	103	1.48106
115	106	1.20118
115	109	1.34653
115	110	1.26996
115	117	1.22207
115	119	1.28522
115	155	0.503473
115	158	0.545102
115	160	1.26932
115	164	0.517126
115	168	0.553418
115	174	0.521386
115	177	0.529377
115	180	0.55533
116	1	1.41785
116	3	1.43796
116	20	1.52332
116	29	0.41762
116	36	1.43098
116	48	1.22093
116	72	1.34925
116	78	1.49371
116	81	1.35642
116	85	1.29807
116	88	1.28687
116	91	0.569482
116	98	0.461005
116	113	0.455784
116	121	1.31909
116	122	0.462452
116	135	1.38395
116	137	0.496765
116	138	1.33096
116	145	1.35094
116	154	0.487776
116	163	0.461934
116	172	0.513082
116	175	0.47742
117	10	0.506046
117	12	0.508069
117	16	0.507838
117	19	1.24075
117	57	0.581295
117	66	1.31817
117	69	0.523141
117	106	1.20731
117	109	1.35266
117	110	1.27609
117	115	1.22207
117	138	1.24528
117	140	0.546017
117	152	0.552719
117	157	0.555731
117	161	0.512536
117	163	1.31348
117	167	1.28658
117	170	1.29391
117	173	1.27419
117	176	1.29872
117	177	1.28732
117	178	1.29187
117	179	1.29427
118	5	0.50281
118	14	0.482615
118	17	1.20871
118	19	0.535232
118	58	1.28664
118	73	1.30788
118	123	1.32483
118	133	0.516275
118	151	1.36915
118	152	1.32587
118	153	1.37796
118	155	0.479787
118	156	1.31794
118	157	1.31066
118	159	0.507481
118	161	1.37395
118	162	1.37709
118	163	0.489573
118	166	1.35757
118	171	1.37077
118	172	1.34185
118	176	0.499986
118	178	0.504637
118	179	0.494277
118	180	1.34931
119	4	1.39245
119	5	1.39549
119	19	1.3039
119	22	1.30448
119	28	1.28229
119	32	1.37985
119	42	1.32449
119	55	0.478905
119	66	1.38132
119	80	0.517117
119	98	0.488712
119	100	1.27812
119	106	1.27046
119	109	1.41581
119	110	1.33924
119	115	1.28522
119	138	1.30843
119	141	0.535119
119	142	0.487637
119	155	0.479855
119	160	1.3386
119	164	0.493508
119	166	0.532808
119	174	0.497768
119	179	0.494345
120	17	1.20649
120	29	0.438577
120	30	0.532033
120	37	1.40927
120	43	0.514774
120	52	1.27057
120	59	1.27915
120	79	1.31634
120	102	0.544605
120	144	0.499801
120	152	1.32365
120	153	1.37574
120	156	1.31571
120	160	0.513255
120	161	1.37173
120	162	1.37487
120	163	0.482891
120	167	0.493827
120	168	1.35867
120	169	1.3425
120	171	1.36855
120	172	1.33963
120	174	0.491017
120	178	0.497955
120	180	1.34709
121	20	1.44286
121	34	1.35601
121	46	1.31346
121	65	1.3249
121	85	1.21761
121	88	1.20641
121	96	0.516169
121	107	0.534433
121	116	1.31909
121	131	0.519563
121	132	0.532567
121	139	0.519865
121	145	1.27048
121	147	0.530101
121	148	1.29324
121	152	1.26692
121	159	1.28715
121	162	1.31814
121	165	0.478852
121	166	1.29862
121	171	1.31182
121	172	1.2829
121	173	0.529887
121	176	0.523939
121	177	0.529644
121	180	1.29036
122	52	1.28199
122	71	1.32056
122	75	0.433554
122	76	0.505845
122	82	0.501747
122	84	0.519933
122	88	0.524998
122	94	0.479086
122	97	0.468378
122	100	0.519664
122	116	0.462452
122	134	1.3692
122	135	0.485332
122	138	0.496548
122	139	1.34909
122	148	1.36139
122	152	1.33507
122	156	1.32713
122	166	1.36677
122	169	1.35392
122	170	1.36728
122	173	1.34755
122	174	1.35706
122	176	1.37208
122	177	1.36068
122	178	1.36523
122	179	1.36763
123	12	1.38489
123	63	1.34913
123	73	1.27617
123	86	0.569088
123	112	1.25076
123	118	1.32483
123	133	0.515662
123	136	0.510946
123	139	0.4953
123	140	1.28424
123	141	1.28962
123	147	0.505535
123	148	1.32048
123	151	1.33744
123	154	1.35219
123	157	1.27895
123	158	0.520804
123	161	1.34224
123	167	0.499897
123	168	1.32918
123	169	1.31301
123	171	1.33907
123	172	1.31014
123	176	0.499374
123	177	0.505079
123	178	0.504025
123	179	0.493665
123	180	1.3176
124	9	1.36929
124	11	1.35739
124	14	1.3656
124	35	1.38503
124	41	1.2288
124	46	0.530506
124	64	1.33944
124	70	1.28126
124	75	1.43089
124	76	1.28288
124	82	1.28137
124	86	1.22393
124	94	1.33029
124	97	1.30709
124	109	0.474293
124	125	1.28913
124	126	1.2855
124	128	0.512318
124	129	1.33855
124	131	0.500089
124	134	0.530984
124	144	0.510962
124	160	1.30359
124	170	0.504076
124	171	0.522072
124	173	0.510413
124	176	0.504465
124	178	0.509116
125	9	1.37394
125	11	1.36204
125	14	1.37025
125	35	1.38968
125	41	1.23345
125	70	1.28591
125	75	1.43554
125	76	1.28753
125	82	1.28602
125	86	1.22858
125	91	0.578441
125	94	1.33494
125	97	1.31174
125	102	0.532607
125	104	1.26968
125	111	0.523392
125	124	1.28913
125	126	1.29015
125	127	0.51351
125	129	1.3432
125	141	0.51637
125	153	0.503702
125	160	1.30824
125	165	0.436218
125	167	0.481829
125	172	0.52204
125	179	0.475597
125	180	0.512963
126	9	1.37031
126	11	1.35841
126	14	1.36662
126	35	1.38605
126	41	1.22982
126	61	0.563875
126	63	0.478992
126	64	1.34046
126	70	1.28228
126	75	1.43191
126	76	1.2839
126	86	1.22495
126	89	0.467466
126	94	1.33131
126	95	0.532087
126	97	1.30811
126	104	1.26605
126	111	0.530011
126	124	1.2855
126	125	1.29015
126	129	1.33957
126	133	0.504213
126	156	0.539995
126	160	1.30461
126	163	0.477512
126	170	0.487536
126	172	0.52866
126	175	0.492998
127	8	1.33631
127	39	1.217
127	67	1.33511
127	72	0.534604
127	74	0.508631
127	77	1.26569
127	83	0.55075
127	87	0.537045
127	89	1.38928
127	99	1.25629
127	107	1.32293
127	114	1.33625
127	125	0.51351
127	130	0.477816
127	136	1.2983
127	139	0.491266
127	142	0.482922
127	143	0.532378
127	161	1.33848
127	165	1.41293
127	166	1.3221
127	168	1.32542
127	169	1.30925
127	172	1.30637
127	174	0.493054
127	175	1.31371
127	179	0.489631
127	180	1.31384
128	16	0.474231
128	25	0.518341
128	50	1.29838
128	57	0.547688
128	79	0.516705
128	124	0.512318
128	133	1.27176
128	138	0.514296
128	140	0.51241
128	146	1.3014
128	147	1.31227
128	150	1.30203
128	153	0.493385
128	161	0.478928
128	163	1.34208
128	164	1.3084
128	165	1.41283
128	167	1.31518
128	169	0.51176
128	170	1.32251
128	172	0.511724
128	173	1.30279
128	174	1.31229
128	175	1.31361
128	176	1.32732
128	177	1.31592
128	178	1.32046
128	179	1.32287
129	9	1.42337
129	11	1.41147
129	14	1.41968
129	35	1.43911
129	41	1.28288
129	64	1.39352
129	70	1.33534
129	75	1.48497
129	76	1.33696
129	82	1.33544
129	86	1.27801
129	97	1.36117
129	104	1.31911
129	111	0.511498
129	124	1.33855
129	125	1.3432
129	126	1.33957
129	134	0.49593
129	136	0.480984
129	146	0.493273
129	150	0.475633
129	153	0.491807
129	154	0.48484
129	160	1.35767
129	163	0.458998
129	165	0.424324
129	172	0.510146
129	175	0.474484
129	180	0.501069
130	54	0.444794
130	79	0.491328
130	84	0.512304
130	88	0.517369
130	127	0.477816
130	132	1.35222
130	133	1.32526
130	137	1.3467
130	139	1.35783
130	142	1.39312
130	145	0.488446
130	148	0.481756
130	151	0.471697
130	155	1.39485
130	158	1.33492
130	164	1.3619
130	166	0.478366
130	167	1.36868
130	168	0.475358
130	169	0.486384
130	170	1.37601
130	171	0.463219
130	173	1.35629
130	174	1.3658
130	175	1.36711
130	176	1.38082
130	177	1.36942
130	178	1.37397
130	179	1.37637
131	70	0.499476
131	79	0.504476
131	82	0.507266
131	99	0.503512
131	121	0.519563
131	124	0.500089
131	133	1.28893
131	136	1.31538
131	137	1.31037
131	139	1.3215
131	140	0.500181
131	144	1.31651
131	155	1.35852
131	156	0.51083
131	158	1.29859
131	161	0.466699
131	163	1.35925
131	164	1.32557
131	165	1.43001
131	167	1.33235
131	168	0.488506
131	169	0.499531
131	170	1.33968
131	173	1.31996
131	174	1.32947
131	176	1.34449
131	177	1.33309
131	178	1.33764
131	179	1.34004
131	180	0.490418
132	28	0.523762
132	66	0.489283
132	67	0.498409
132	69	0.490308
132	78	0.453634
132	90	0.46786
132	110	0.534173
132	121	0.532567
132	130	1.35222
132	140	0.513184
132	143	1.28342
132	147	1.32559
132	148	0.507907
132	150	1.31535
132	155	1.35467
132	158	1.29474
132	161	0.479703
132	163	1.3554
132	164	1.32172
132	165	1.42616
132	167	1.3285
132	170	1.33583
132	173	1.31611
132	174	1.32562
132	175	1.32693
132	176	1.34064
132	177	1.32924
132	178	1.33378
132	179	1.33619
132	180	0.503421
133	37	0.46766
133	48	0.60529
133	71	0.52681
133	92	1.33071
133	112	0.546888
133	118	0.516275
133	123	0.515662
133	126	0.504213
133	128	1.27176
133	130	1.32526
133	131	1.28893
133	137	1.27956
133	141	0.514489
133	143	1.25647
133	144	1.2857
133	147	1.29864
133	153	0.50182
133	154	0.494853
133	155	1.32772
133	158	1.26779
133	161	0.487363
133	163	1.32844
133	165	1.3992
133	167	1.30155
133	170	1.30888
133	174	1.29866
133	176	1.31369
133	177	1.30228
133	178	1.30683
133	179	1.30923
133	180	0.511082
134	7	1.1885
134	31	0.505926
134	54	1.43729
134	57	1.29197
134	59	1.28484
134	78	0.471525
134	89	1.42823
134	96	0.481885
134	102	0.540957
134	103	0.416704
134	122	1.3692
134	124	0.530984
134	129	0.49593
134	140	1.31942
134	146	0.513516
134	153	1.38143
134	154	1.38737
134	156	1.32141
134	157	1.31413
134	159	0.49715
134	161	1.37742
134	164	0.483108
134	166	1.36104
134	168	1.36436
134	169	1.34819
134	170	0.489266
134	171	1.37425
134	172	1.34532
134	175	1.35265
134	176	0.489655
134	178	0.494306
134	180	1.35278
135	1	1.40225
135	2	0.455397
135	3	1.42236
135	13	1.22413
135	29	0.4405
135	33	1.41713
135	36	1.41538
135	45	1.35278
135	46	1.37833
135	48	1.20533
135	63	0.486294
135	65	1.38976
135	72	1.33365
135	78	1.47811
135	81	1.34082
135	84	1.29959
135	85	1.28247
135	88	1.27127
135	104	0.55253
135	111	0.537314
135	116	1.38395
135	122	0.485332
135	136	0.5068
135	138	1.31536
135	145	1.33534
135	155	0.475028
135	159	1.35201
135	164	0.488681
135	167	0.495751
135	174	0.492941
135	176	0.495227
135	177	0.500932
136	10	1.35141
136	25	0.52206
136	38	0.469206
136	39	1.22971
136	40	1.21635
136	55	0.453558
136	58	0.530235
136	77	1.27841
136	81	0.525451
136	88	0.546465
136	99	1.269
136	101	1.37858
136	104	0.532011
136	107	1.33564
136	114	1.34896
136	123	0.510946
136	127	1.2983
136	129	0.480984
136	131	1.31538
136	135	0.5068
136	141	0.509773
136	155	1.35416
136	158	1.29423
136	165	1.42565
136	167	1.32799
136	171	0.492315
136	172	0.515443
136	173	1.3156
136	174	1.32511
136	176	1.34013
136	177	1.32873
136	178	1.33327
136	179	1.33568
137	33	0.461286
137	43	1.3088
137	49	0.525129
137	71	0.534939
137	89	0.467095
137	103	0.414603
137	105	0.514187
137	106	0.575261
137	116	0.496765
137	130	1.3467
137	131	1.31037
137	133	1.27956
137	139	1.31213
137	144	1.30714
137	150	1.30983
137	152	0.535676
137	154	0.502982
137	155	1.34915
137	157	0.538688
137	158	1.28922
137	163	1.34988
137	164	1.3162
137	166	0.520307
137	167	1.32298
137	170	1.33031
137	171	0.50516
137	173	1.31059
137	174	1.3201
137	175	1.32141
137	176	1.33512
137	177	1.32372
137	178	1.32827
137	179	1.33067
138	5	1.34943
138	13	1.17114
138	25	0.553795
138	28	1.23623
138	33	1.36413
138	36	1.36238
138	38	1.35088
138	42	1.27843
138	48	1.15234
138	69	1.32647
138	72	1.28066
138	83	0.561853
138	100	1.23205
138	103	1.50427
138	106	1.22439
138	110	1.29317
138	116	1.33096
138	117	1.24528
138	119	1.30843
138	122	0.496548
138	128	0.514296
138	135	1.31536
138	140	0.547863
138	145	1.28234
138	148	0.542586
138	149	0.505823
138	152	0.554565
138	155	0.486243
138	156	0.558513
138	159	1.29902
138	160	1.29253
138	165	0.461355
138	170	0.506054
138	175	0.511515
139	38	0.453559
139	46	0.485103
139	72	0.498326
139	98	1.32224
139	102	1.28331
139	106	0.546769
139	112	0.526526
139	121	0.519865
139	122	1.34909
139	123	0.4953
139	127	0.491266
139	130	1.35783
139	131	1.3215
139	137	1.31213
139	145	0.501895
139	149	1.33385
139	150	1.32096
139	153	0.481458
139	155	1.36028
139	156	0.511132
139	159	1.32946
139	163	1.36101
139	164	1.32733
139	167	1.33411
139	168	0.488808
139	170	1.34144
139	172	0.499797
139	173	1.32172
139	174	1.33123
139	175	1.33254
139	176	1.34625
139	177	1.33485
139	178	1.33939
139	179	1.3418
139	180	0.490719
140	12	1.37601
140	18	0.481948
140	42	0.514255
140	47	1.29972
140	54	1.39323
140	61	1.24411
140	71	1.27077
140	93	1.30195
140	99	0.549309
140	104	1.26047
140	107	0.515051
140	117	0.546017
140	123	1.28424
140	128	0.51241
140	131	0.500181
140	132	0.513184
140	134	1.31942
