1	65	1.05259
1	128	0.761904
1	139	1.06821
1	140	1.07789
1	156	0.833167
1	157	0.792636
1	158	0.80878
1	162	1.10269
1	169	1.14071
1	172	1.05926
1	177	1.15357
1	179	1.13786
2	42	0.58195
2	97	0.861606
2	118	0.582689
2	148	0.892915
2	152	0.583896
2	167	0.935021
2	170	0.916221
2	172	0.839078
2	173	0.562478
2	175	0.941997
2	179	0.91768
2	180	0.965056
3	88	0.724443
3	90	0.598388
3	99	1.14206
3	101	1.21075
3	110	0.44123
3	123	0.642789
3	158	0.926261
3	164	1.20068
3	171	1.24794
3	174	1.28614
3	175	1.27966
3	180	1.30272
4	61	0.607987
4	88	1.19022
4	100	1.13888
4	106	0.58492
4	144	0.58339
4	149	0.582024
4	154	1.22545
4	166	0.936751
4	168	1.25208
4	176	1.27
4	177	1.29568
4	179	1.27997
5	29	0.855255
5	63	1.10953
5	74	0.838063
5	75	0.852852
5	82	0.759413
5	108	1.12298
5	143	1.1861
5	149	1.1363
5	161	0.810863
5	167	1.2276
5	173	0.855052
5	178	1.24091
6	107	0.917096
6	123	0.686932
6	146	1.22182
6	155	1.20233
6	156	1.18691
6	167	0.565331
6	171	1.23067
6	174	1.26886
6	175	1.26238
6	176	0.622373
6	178	0.538462
6	180	1.28544
7	27	0.763461
7	37	0.853249
7	56	1.10361
7	85	1.06294
7	106	1.11266
7	138	1.0738
7	149	1.04587
7	152	0.786033
7	157	1.10858
7	167	1.13716
7	178	1.15048
7	179	0.806693
8	78	0.798616
8	105	0.78116
8	116	1.10027
8	125	1.0133
8	139	1.02678
8	162	1.06127
8	168	1.06854
8	169	1.09928
8	172	1.01783
8	174	0.82245
8	176	1.08646
8	177	1.11214
9	46	0.923989
9	127	0.61956
9	133	0.596135
9	165	0.579534
9	166	0.583121
9	170	0.924882
9	171	0.918945
9	172	0.847739
9	173	0.571139
9	174	0.95714
9	178	0.956999
9	179	0.926341
9	180	0.973717
10	51	0.988689
10	86	0.764507
10	115	0.762714
10	142	1.09739
10	143	0.81007
10	146	1.09249
10	155	1.073
10	164	1.05407
10	165	0.761927
10	171	1.10134
10	174	1.13953
10	175	1.13305
10	180	1.15611
11	37	1.09727
11	45	0.600131
11	65	1.12743
11	79	0.673525
11	131	0.680011
11	139	1.14306
11	140	1.15273
11	161	1.20531
11	162	1.17754
11	163	1.16641
11	172	1.13411
11	176	1.20273
11	178	0.654851
12	28	0.659034
12	97	0.641329
12	104	1.0748
12	122	0.676944
12	126	1.07349
12	136	1.12031
12	140	1.14783
12	141	1.16506
12	148	1.18304
12	153	1.21515
12	174	0.602262
12	176	1.19783
12	179	1.2078
13	42	0.745441
13	72	1.09865
13	77	0.83608
13	105	1.06658
13	106	1.07401
13	110	1.07393
13	138	1.03516
13	149	1.00722
13	153	0.865509
13	157	1.06993
13	170	1.07971
13	177	0.908846
13	178	1.11183
14	58	0.564846
14	75	0.564078
14	107	0.600512
14	111	0.599435
14	165	0.574673
14	167	0.938821
14	169	0.924332
14	170	0.92002
14	175	0.945797
14	176	0.911507
14	178	0.952138
14	179	0.92148
14	180	0.968856
15	42	0.897704
15	47	0.61006
15	57	0.602114
15	78	1.17153
15	103	0.600163
15	126	0.792406
15	144	1.20756
15	159	1.19713
15	165	0.886628
15	171	1.22604
15	174	1.26423
15	175	1.25775
15	180	1.28081
16	46	1.09206
16	74	1.01583
16	101	0.821826
16	127	0.787627
16	139	1.02476
16	153	1.10176
16	168	1.06651
16	169	1.09726
16	170	0.906243
16	171	0.869962
16	172	1.01581
16	176	1.08443
16	177	1.11012
17	21	1.12374
17	22	0.669478
17	31	0.666059
17	93	1.20187
17	123	1.16673
17	131	0.614101
17	160	0.636646
17	168	1.19636
17	172	1.14565
17	173	0.869053
17	176	1.21428
17	177	1.23996
17	179	1.22425
18	107	0.600793
18	115	0.929633
18	130	0.918913
18	152	0.587976
18	158	0.59268
18	164	0.867101
18	166	0.578541
18	173	0.566558
18	174	0.952559
18	176	0.911787
18	177	0.93747
18	178	0.952418
18	180	0.969136
19	61	1.149
19	63	1.08367
19	84	1.13684
19	100	0.90154
19	108	1.09712
19	122	1.1825
19	129	1.13574
19	135	0.635315
19	167	1.20173
19	170	1.18293
19	173	0.829188
19	174	0.607719
19	177	0.655045
19	178	1.21505
20	72	0.485975
20	88	1.19462
20	114	0.632216
20	135	0.588492
20	136	1.19688
20	139	1.21472
20	141	1.24163
20	162	1.2492
20	163	1.23807
20	174	0.560895
20	176	1.27439
20	177	1.30008
20	179	1.28437
20	180	0.529743
21	17	1.12374
21	38	1.03966
21	55	1.10506
21	66	0.693341
21	120	1.11475
21	134	0.716425
21	168	1.12447
21	169	1.15522
21	172	1.07376
21	174	0.70079
21	175	0.674809
21	176	1.14239
21	177	1.16807
21	179	1.15236
22	17	0.669478
22	61	1.13955
22	98	1.17045
22	114	1.08487
22	115	1.18281
22	124	1.09558
22	133	0.844733
22	136	0.784762
22	138	1.12892
22	143	1.15078
22	146	0.634041
22	170	1.17348
22	177	0.720603
22	178	1.2056
23	61	1.22458
23	63	1.15925
23	115	1.26784
23	117	0.530781
23	119	1.23081
23	120	0.619784
23	122	1.25809
23	143	1.23581
23	146	0.491585
23	147	1.27819
23	170	1.25851
23	176	0.600303
23	177	0.578146
23	178	1.29063
24	61	0.717843
24	113	1.0829
24	120	1.11754
24	136	1.06767
24	140	1.09518
24	142	0.6252
24	155	0.74691
24	156	0.677424
24	163	1.10886
24	169	1.15801
24	172	1.07655
24	176	1.14518
24	177	1.17086
24	179	1.15515
25	73	0.709289
25	100	0.937825
25	113	1.00665
25	120	1.0413
25	146	0.906839
25	149	0.974746
25	153	1.08626
25	161	1.07151
25	163	1.03262
25	168	1.05102
25	169	1.08176
25	171	0.913254
25	176	1.06894
25	179	1.07891
26	75	0.961812
26	113	1.24696
26	115	0.481726
26	126	1.1849
26	129	0.57069
26	130	1.31637
26	144	0.57011
26	145	1.23369
26	155	0.623774
26	168	1.29132
26	169	1.32207
26	176	1.30924
26	178	0.525645
26	179	1.31921
27	7	0.763461
27	76	0.700589
27	96	1.1964
27	121	0.713781
27	125	1.10684
27	126	1.05565
27	148	1.1652
27	163	1.14367
27	165	0.843163
27	168	1.16208
27	172	1.11137
27	175	0.606216
27	177	1.20568
27	179	1.18997
28	12	0.659034
28	85	1.14412
28	87	1.18423
28	102	0.647516
28	118	0.866003
28	119	1.17183
28	143	1.17684
28	149	1.12704
28	152	0.86721
28	154	0.768497
28	157	1.18975
28	164	0.729843
28	167	1.21834
28	178	1.23165
29	5	0.855255
29	127	0.591101
29	139	0.828231
29	152	0.564099
29	155	0.862149
29	166	0.554663
29	168	0.869989
29	170	0.896423
29	171	0.890487
29	173	0.542681
29	174	0.928682
29	177	0.913593
29	178	0.928541
29	180	0.945259
30	87	0.533063
30	89	1.17281
30	101	1.22599
30	122	0.615574
30	131	1.20572
30	134	1.23046
30	138	0.564701
30	159	1.23428
30	160	1.24476
30	167	0.553334
30	171	1.26319
30	175	1.2949
30	178	0.526465
30	180	1.31796
31	17	0.666059
31	49	0.760158
31	65	0.715069
31	75	0.809655
31	110	1.15982
31	119	1.1379
31	122	1.16517
31	124	1.08769
31	138	1.12104
31	143	1.1429
31	157	1.15582
31	167	1.1844
31	178	1.19772
31	180	0.638705
32	80	0.560502
32	100	0.762678
32	134	1.21704
32	137	1.23916
32	146	1.24092
32	156	1.20601
32	157	0.442542
32	160	1.23135
32	161	0.509064
32	164	1.20251
32	169	0.523603
32	171	1.24977
32	175	1.28149
32	180	1.30454
33	54	0.562231
33	81	0.872846
33	107	0.580417
33	128	0.857732
33	129	0.852737
33	133	0.571179
33	148	0.87662
33	159	0.865082
33	162	0.866218
33	166	0.558165
33	175	0.925702
33	178	0.932043
33	179	0.901385
33	180	0.948761
34	58	0.58493
34	108	0.854294
34	111	0.619519
34	128	0.897911
34	133	0.611358
34	158	0.612484
34	163	0.895269
34	165	0.594757
34	166	0.598344
34	167	0.958905
34	172	0.862962
34	175	0.965881
34	177	0.957274
34	178	0.972222
34	180	0.98894
35	38	0.81993
35	84	1.11528
35	110	1.15559
35	124	1.08347
35	133	0.832623
35	137	0.709978
35	146	0.705214
35	147	1.18105
35	149	1.08888
35	157	1.15159
35	165	0.816022
35	167	1.18017
35	170	1.16137
35	177	0.791775
35	178	1.19349
36	37	1.06495
36	56	0.724933
36	57	1.17483
36	124	0.785289
36	125	1.09726
36	153	1.18774
36	157	0.727962
36	161	1.17298
36	165	0.83358
36	169	1.18324
36	172	1.10178
36	173	0.825184
36	176	1.17041
36	179	1.18039
36	180	0.723125
37	7	0.853249
37	11	1.09727
37	36	1.06495
37	64	0.711945
37	116	1.14129
37	123	1.07992
37	126	1.00313
37	141	1.09471
37	145	1.05192
37	168	1.10955
37	169	1.1403
37	170	0.725447
37	172	1.05885
37	175	0.696005
37	179	1.13745
38	21	1.03966
38	35	0.81993
38	50	1.12937
38	97	0.721714
38	135	0.710244
38	136	1.0527
38	140	1.08021
38	145	1.05466
38	154	1.08566
38	160	0.715925
38	163	1.09389
38	168	1.11229
38	169	1.14303
38	172	1.06158
38	176	1.13021
39	49	1.16125
39	112	1.29711
39	118	0.977519
39	148	0.582669
39	152	0.978726
39	163	0.59105
39	164	1.25785
39	165	0.965704
39	171	1.30511
39	172	0.722141
39	174	1.34331
39	175	1.33683
39	177	0.552222
39	179	0.573159
39	180	1.35989
40	116	1.17313
40	131	0.770181
40	136	1.0818
40	137	0.724978
40	151	1.15031
40	158	0.840208
40	162	1.13412
40	163	1.12299
40	168	1.14139
40	169	1.17214
40	173	0.814086
40	174	0.759448
40	176	1.15931
40	177	1.185
40	180	0.728296
41	69	1.09697
41	130	0.731156
41	132	1.10411
41	155	1.06206
41	156	1.04663
41	159	1.06149
41	160	1.07197
41	164	1.04313
41	168	0.771002
41	169	0.745982
41	171	1.09039
41	174	1.12859
41	175	1.12211
41	176	0.76072
41	180	1.14517
42	2	0.58195
42	13	0.745441
42	15	0.897704
42	86	0.572925
42	107	0.596184
42	115	0.925024
42	127	0.61037
42	154	0.862628
42	158	0.588072
42	168	0.889257
42	171	0.909755
42	175	0.941469
42	177	0.932861
42	178	0.94781
42	180	0.964528
43	121	1.04515
43	128	1.06131
43	137	1.08695
43	138	0.682482
43	142	1.09362
43	155	1.06923
43	159	1.06866
43	160	1.07914
43	164	1.05031
43	172	0.875919
43	174	1.13576
43	175	1.12928
43	176	0.728157
43	179	0.726937
43	180	1.15234
44	96	0.547653
44	105	1.19978
44	108	1.1271
44	115	1.22224
44	121	0.624773
44	136	0.654676
44	138	1.16835
44	141	0.555545
44	143	1.19021
44	147	1.23259
44	149	1.14042
44	167	1.23171
44	168	0.622956
44	170	1.21291
44	178	1.24503
45	11	0.600131
45	55	0.759787
45	78	0.514184
45	87	1.20155
45	90	1.13348
45	109	1.16594
45	110	1.21107
45	114	1.12824
45	129	1.16966
45	143	1.19416
45	161	0.578225
45	167	1.23565
45	170	1.21685
45	172	0.755264
45	173	0.86311
45	178	1.24897
46	9	0.923989
46	16	1.09206
46	104	1.11753
46	121	0.69015
46	125	1.1674
46	136	1.16304
46	141	1.20779
46	143	0.597578
46	154	1.19601
46	155	0.692269
46	159	0.591951
46	163	1.20423
46	168	1.22264
46	176	1.24056
46	178	0.59414
46	179	1.25053
47	15	0.61006
47	105	0.622425
47	113	1.14268
47	133	0.884737
47	153	1.2223
47	154	1.16042
47	157	0.637399
47	163	1.16865
47	167	0.676156
47	168	1.18705
47	169	1.21779
47	172	1.13634
47	176	1.20497
47	177	1.23065
47	178	0.649287
47	179	1.21494
48	53	1.15276
48	66	0.651316
48	74	1.15685
48	101	0.577809
48	116	1.23927
48	134	0.6744
48	140	1.17545
48	145	1.1499
48	148	1.21066
48	152	0.901643
48	163	1.18913
48	171	0.625945
48	172	1.15683
48	174	0.658765
48	176	1.22545
48	179	1.23543
49	31	0.760158
49	39	1.16125
49	79	1.05688
49	87	0.689637
49	100	0.991288
49	111	0.779574
49	131	1.03675
49	146	1.08537
49	150	1.08322
49	156	1.05046
49	160	1.0758
49	164	1.04696
49	174	1.13242
49	175	1.12594
49	179	0.76573
49	180	1.14899
50	38	1.12937
50	88	1.15232
50	104	1.10906
50	118	0.907075
50	125	1.15894
50	148	1.2173
50	150	0.62974
50	167	0.661347
50	168	1.21417
50	169	1.24492
50	172	1.16346
50	174	0.648906
50	175	0.622924
50	177	1.25778
50	178	0.634479
50	179	1.24207
51	10	0.988689
51	62	1.09266
51	112	0.702374
51	126	0.993949
51	136	1.04078
51	139	1.05861
51	158	0.799184
51	161	1.12086
51	162	1.0931
51	169	1.13112
51	172	1.04966
51	175	0.748814
51	176	1.11829
51	177	1.14397
51	178	0.760368
51	179	1.12826
52	73	0.53974
52	86	0.565136
52	102	0.897056
52	109	0.856993
52	118	0.574371
52	123	0.851838
52	150	0.89096
52	152	0.575578
52	157	0.898121
52	173	0.554161
52	175	0.93368
52	176	0.89939
52	177	0.925072
52	178	0.940021
52	179	0.909363
52	180	0.956739
53	48	1.15276
53	59	0.822128
53	93	1.14783
53	108	0.905903
53	112	0.724149
53	116	1.17406
53	120	1.1326
53	133	0.840012
53	140	1.11024
53	150	0.777405
53	151	1.15124
53	166	0.826998
53	172	1.09162
53	175	0.770589
53	176	1.16024
53	179	1.17022
54	33	0.562231
54	59	0.565639
54	72	0.931207
54	92	0.857992
54	123	0.856204
54	134	0.873602
54	139	0.844077
54	158	0.584648
54	161	0.906326
54	165	0.566922
54	166	0.570509
54	170	0.912269
54	171	0.906332
54	177	0.929438
54	178	0.944386
54	180	0.961105
55	21	1.10506
55	45	0.759787
55	64	0.818893
55	70	1.21037
55	91	0.849694
55	130	1.20273
55	154	1.15105
55	162	1.17041
55	163	1.15928
55	165	0.858769
55	166	0.862356
55	172	1.12697
55	173	0.850374
55	177	1.22128
55	178	0.814507
55	180	0.797782
56	7	1.10361
56	36	0.724933
56	81	1.20813
56	90	1.15184
56	93	0.676672
56	114	1.1466
56	124	1.15731
56	127	0.92989
56	132	0.54565
56	138	1.19066
56	149	1.16272
56	157	1.22543
56	170	1.23521
56	177	0.625149
56	178	1.26733
56	179	0.646086
57	15	0.602114
57	36	1.17483
57	74	1.16875
57	100	1.10624
57	113	1.17507
57	117	0.655731
57	126	1.11301
57	142	0.61776
57	144	0.685807
57	153	1.25468
57	168	1.21943
57	171	0.622949
57	172	1.16872
57	173	0.892124
57	177	1.26304
57	179	1.24733
58	14	0.564846
58	34	0.58493
58	67	0.772098
58	87	0.879482
58	98	0.891764
58	106	0.889086
58	125	0.81312
58	130	0.893401
58	133	0.566042
58	155	0.860514
58	160	0.870425
58	173	0.541046
58	175	0.920565
58	176	0.886275
58	179	0.896248
58	180	0.943624
59	53	0.822128
59	54	0.565639
59	68	0.902072
59	74	0.826215
59	75	0.54739
59	93	0.882406
59	119	0.875632
59	127	0.598011
59	142	0.89345
59	158	0.575712
59	162	0.869625
59	167	0.922133
59	173	0.54959
59	174	0.935591
59	175	0.929109
59	178	0.93545
59	180	0.952168
60	91	0.567679
60	105	0.90897
60	107	0.602592
60	111	0.601515
60	137	0.90555
60	158	0.59448
60	162	0.888393
60	163	0.877264
60	166	0.58034
60	168	0.895666
60	170	0.9221
60	171	0.916164
60	172	0.844958
60	173	0.568358
60	174	0.954359
60	178	0.954218
60	180	0.970936
61	4	0.607987
61	19	1.149
61	22	1.13955
61	23	1.22458
61	24	0.717843
61	72	1.23497
61	122	1.2156
61	127	0.910708
61	133	0.887284
61	147	1.23571
61	166	0.87427
61	167	1.23483
61	168	0.741566
61	170	1.21603
61	175	0.635819
61	177	0.709127
61	178	1.24815
62	51	1.09266
62	69	0.632097
62	81	0.657802
62	97	0.703245
62	119	0.711861
62	130	1.21443
62	138	0.687987
62	140	1.15731
62	152	0.883495
62	161	1.20988
62	162	1.18211
62	163	1.17098
62	165	0.870472
62	172	1.13868
62	176	1.20731
62	177	1.23299
62	179	1.21728
63	5	1.10953
63	19	1.08367
63	23	1.15925
63	64	1.07286
63	72	1.16964
63	84	1.10461
63	90	1.06733
63	122	1.15027
63	123	0.770713
63	147	1.17038
63	148	0.714444
63	153	0.640661
63	167	1.1695
63	170	1.1507
63	175	0.610689
63	177	0.683997
63	178	1.18282
64	37	0.711945
64	55	0.818893
64	63	1.07286
64	87	1.15682
64	96	0.601588
64	98	1.1691
64	108	1.08631
64	110	1.16634
64	122	1.1717
64	147	1.19181
64	153	0.601115
64	157	1.16234
64	166	0.830364
64	167	1.19092
64	168	0.67689
64	170	1.17212
64	178	1.20424
65	1	1.05259
65	11	1.12743
65	31	0.715069
65	103	1.12706
65	120	1.12999
65	123	1.11008
65	139	1.09796
65	141	1.12487
65	144	0.682416
65	161	1.16021
65	164	0.718283
65	168	1.13971
65	169	1.17046
65	174	0.652378
65	175	0.626397
65	176	1.15764
65	179	1.16761
66	21	0.693341
66	48	0.651316
66	70	0.577418
66	80	0.691362
66	91	0.903401
66	94	1.26814
66	95	1.24202
66	109	1.20691
66	129	1.21063
66	149	1.18533
66	157	1.24804
66	158	0.930202
66	165	0.912475
66	166	0.916062
66	170	1.25782
66	172	0.816963
66	178	1.28994
67	58	0.772098
67	76	0.90538
67	82	0.825745
67	136	1.04124
67	141	1.08599
67	145	1.04321
67	151	1.10975
67	153	1.13608
67	163	1.08244
67	168	1.10084
67	169	1.13158
67	170	0.840449
67	172	1.05013
67	173	0.77353
67	176	1.11876
67	179	1.12873
67	180	0.805836
68	59	0.902072
68	90	1.16533
68	93	0.624203
68	102	0.508932
68	105	1.23557
68	114	1.16009
68	119	1.221
68	121	0.606936
68	129	1.20151
68	145	0.649096
68	147	1.26839
68	149	1.17621
68	154	0.629913
68	157	1.23892
68	167	1.2675
68	170	1.2487
68	178	1.28082
68	179	0.593617
69	41	1.09697
69	62	0.632097
69	77	0.549646
69	117	1.1899
69	121	1.19225
69	129	0.605702
69	134	1.21193
69	142	1.24072
69	159	1.21576
69	160	1.22624
69	165	0.905255
69	167	0.587526
69	170	0.578545
69	171	1.24467
69	174	1.28286
69	175	1.27638
69	179	0.643348
69	180	1.29944
70	55	1.21037
70	66	0.577418
70	84	0.58307
70	90	0.674509
70	101	0.503911
70	119	0.63255
70	123	1.20015
70	140	1.1977
70	151	1.23869
70	154	1.20315
70	160	0.618145
70	162	1.22251
70	168	1.22978
70	169	1.26053
70	172	1.17907
70	173	0.902472
70	177	1.27338
70	179	1.25767
71	85	1.19459
71	90	1.16663
71	95	1.2342
71	98	1.24698
71	113	0.720993
71	116	0.614513
71	122	1.24958
71	124	1.1721
71	129	1.20282
71	142	0.540252
71	143	1.22731
71	157	1.24022
71	167	1.2688
71	171	0.545441
71	173	0.896262
71	178	1.28212
71	179	0.646525
71	180	0.547109
72	13	1.09865
72	20	0.485975
72	54	0.931207
72	61	1.23497
72	63	1.16964
72	124	1.191
72	129	1.22171
72	138	1.22435
72	139	0.693039
72	143	1.2462
72	146	0.493011
72	149	1.19641
72	155	0.615947
72	157	1.25912
72	167	1.2877
72	172	0.749492
72	177	0.579573
72	178	1.30102
73	25	0.709289
73	52	0.53974
73	98	0.878775
73	122	0.881374
73	130	0.880412
73	135	0.833063
73	138	0.837244
73	144	0.857382
73	158	0.554179
73	165	0.536453
73	166	0.54004
73	167	0.9006
73	169	0.886111
73	174	0.914058
73	175	0.907576
73	177	0.898969
73	179	0.883259
73	180	0.930636
74	5	0.838063
74	16	1.01583
74	48	1.15685
74	57	1.16875
74	59	0.826215
74	89	0.738526
74	120	1.13669
74	125	1.09118
74	136	1.08682
74	141	1.13157
74	151	1.15532
74	156	0.688788
74	157	0.648258
74	169	1.17716
74	172	1.0957
74	174	0.674573
74	176	1.16433
74	179	1.1743
75	5	0.852852
75	14	0.564078
75	26	0.961812
75	31	0.809655
75	59	0.54739
75	77	0.898029
75	111	0.573435
75	114	0.80541
75	121	0.835666
75	133	0.565274
75	143	0.871324
75	146	0.879234
75	165	0.548673
75	174	0.926279
75	175	0.919797
75	176	0.885506
75	177	0.911189
75	179	0.89548
75	180	0.942856
76	27	0.700589
76	67	0.90538
76	99	0.998287
76	112	1.09616
76	121	1.05175
76	128	1.06791
76	130	0.715477
76	131	1.0467
76	132	1.11789
76	135	1.06137
76	137	1.09355
76	142	1.10022
76	155	1.07583
76	159	1.07526
76	160	1.08574
76	174	1.14236
76	176	0.745041
76	179	0.743821
76	180	1.15894
77	13	0.83608
77	69	0.549646
77	75	0.898029
77	103	1.21489
77	116	1.25927
77	120	1.21781
77	123	1.19791
77	125	1.1723
77	139	1.18578
77	150	0.562562
77	154	1.20091
77	155	0.665429
77	162	1.22026
77	167	0.594169
77	172	1.17683
77	173	0.900229
77	174	0.581728
77	176	1.24546
77	177	1.27114
78	8	0.798616
78	15	1.17153
78	45	0.514184
78	89	1.09319
78	99	1.0777
78	119	0.631015
78	132	1.1973
78	137	1.17297
78	150	1.17257
78	151	0.62553
78	155	1.15524
78	156	1.13982
78	162	0.659465
78	164	1.13632
78	171	1.18358
78	174	1.22178
78	175	1.21529
78	178	0.568905
78	180	1.23835
79	11	0.673525
79	49	1.05688
79	83	1.13751
79	95	0.589744
79	97	1.15207
79	117	1.14598
79	128	1.16449
79	134	1.16802
79	147	0.583883
79	150	1.18974
79	151	0.653611
79	153	0.615403
79	156	1.15698
79	159	1.17184
79	164	1.15348
79	169	0.666158
79	171	1.20075
79	175	1.23246
79	180	1.25552
80	32	0.560502
80	66	0.691362
80	96	1.16579
80	116	1.1632
80	130	1.15651
80	137	0.664341
80	138	0.72262
80	140	1.09938
80	141	1.11662
80	148	1.13459
80	151	1.14037
80	153	1.16671
80	154	1.10483
80	169	1.16221
80	172	1.08076
80	176	1.14938
80	177	1.17507
80	178	0.684384
80	179	1.15936
80	180	0.667659
81	33	0.872846
81	56	1.20813
81	62	0.657802
81	92	0.661707
81	94	1.23321
81	95	1.20708
81	102	0.584368
81	105	1.20975
81	124	1.14498
81	136	0.712276
81	143	1.20019
81	147	1.24257
81	149	1.15039
81	155	0.684492
81	158	0.895263
81	163	0.686945
81	166	0.881123
81	167	1.24168
81	170	1.22288
81	178	1.255
82	5	0.759413
82	67	0.825745
82	83	1.13245
82	110	0.528407
82	132	1.2094
82	141	0.608278
82	144	1.1772
82	146	1.18683
82	155	1.16734
82	156	1.15192
82	158	0.873999
82	159	1.16678
82	164	1.14842
82	167	0.608364
82	168	0.675689
82	171	1.19568
82	173	0.847877
82	174	1.23388
82	175	1.2274
82	180	1.25046
83	79	1.13751
83	82	1.13245
83	92	1.12652
83	104	0.857118
83	105	0.537027
83	132	1.18858
83	135	1.13206
83	137	1.16424
83	142	1.17091
83	145	0.702059
83	159	1.14595
83	160	1.15643
83	163	0.664471
83	164	1.12759
83	166	0.839034
83	168	0.658082
83	170	0.581777
83	174	1.21305
83	175	1.20657
83	180	1.22963
84	19	1.13684
84	35	1.11528
84	63	1.10461
84	70	0.58307
84	106	1.19817
84	108	1.11807
84	119	1.17618
84	124	1.12597
84	129	1.15669
84	138	1.15932
84	148	0.683142
84	149	1.13138
84	152	0.871551
84	160	0.638647
84	163	0.691523
84	167	1.22268
84	170	1.20388
84	172	0.822615
84	178	1.23599
84	180	0.574217
85	7	1.06294
85	28	1.14412
85	71	1.19459
85	87	1.17924
85	90	1.11117
85	106	1.18884
85	108	1.10873
85	110	1.18876
85	117	0.61365
85	138	1.14999
85	143	1.17185
85	145	0.737431
85	157	1.18476
85	162	0.689822
85	167	1.21335
85	168	0.693454
85	173	0.840803
85	175	0.587707
85	176	0.683172
85	178	1.22666
86	10	0.764507
86	42	0.572925
86	52	0.565136
86	111	0.58661
86	118	0.573664
86	135	0.858459
86	147	0.926878
86	151	0.889673
86	153	0.916008
86	157	0.897413
86	165	0.561848
86	173	0.553453
86	174	0.939454
86	175	0.932972
86	176	0.898682
86	177	0.924365
86	178	0.939313
86	179	0.908655
86	180	0.956031
87	28	1.18423
87	30	0.533063
87	45	1.20155
87	49	0.689637
87	58	0.879482
87	64	1.15682
87	85	1.17924
87	88	0.815034
87	105	1.22153
87	107	0.915148
87	109	1.18375
87	110	1.22887
87	120	0.688301
87	138	1.1901
87	157	1.22487
87	160	0.632614
87	167	1.25346
87	173	0.880914
87	177	0.646664
87	178	1.26677
88	3	0.724443
88	4	1.19022
88	20	1.19462
88	50	1.15232
88	87	0.815034
88	100	1.02204
88	104	1.03013
88	124	0.853875
88	139	1.09348
88	142	0.784854
88	145	1.0776
88	152	0.829346
88	161	1.15573
88	163	1.11684
88	166	0.819911
88	169	1.16598
88	173	0.807929
88	176	1.15316
88	178	0.808436
88	179	1.16313
89	30	1.17281
89	74	0.738526
89	78	1.09319
89	102	1.14279
89	135	1.1049
89	143	0.660129
89	144	1.12922
89	146	1.13885
89	150	1.1367
89	151	0.713317
89	153	0.675109
89	156	1.10394
89	159	1.1188
89	164	1.10044
89	165	0.808292
89	168	0.750885
89	171	1.1477
89	174	1.1859
89	175	1.17942
89	178	0.656692
89	180	1.20248
90	3	0.598388
90	45	1.13348
90	56	1.15184
90	63	1.06733
90	68	1.16533
90	70	0.674509
90	71	1.16663
90	85	1.11117
90	108	1.08078
90	109	1.11568
90	124	1.08868
90	129	1.1194
90	145	0.820551
90	147	1.18627
90	152	0.834264
90	159	0.680191
90	167	1.18539
90	169	0.751553
90	170	1.16659
90	171	0.663988
90	178	1.19871
91	55	0.849694
91	60	0.567679
91	66	0.903401
91	93	0.874615
91	111	0.574956
91	118	0.56201
91	119	0.86784
91	122	0.895116
91	142	0.885658
91	152	0.563217
91	161	0.889599
91	164	0.842342
91	166	0.553781
91	170	0.895542
91	171	0.889605
91	173	0.541799
91	175	0.921318
91	177	0.912711
91	178	0.927659
91	179	0.897001
91	180	0.944377
92	54	0.857992
92	81	0.661707
92	83	1.12652
92	105	0.626793
92	107	0.876178
92	128	1.15349
92	132	1.20347
92	135	1.14695
92	141	0.680437
92	144	1.17127
92	146	1.1809
92	149	0.696755
92	156	1.14599
92	160	1.17132
92	171	1.18975
92	172	0.885328
92	173	0.841944
92	174	1.22794
92	175	1.22146
92	178	0.653655
92	180	1.24452
93	17	1.20187
93	53	1.14783
93	56	0.676672
93	59	0.882406
93	68	0.624203
93	91	0.874615
93	99	0.799396
93	107	0.909528
93	112	0.633594
93	114	0.777337
93	127	0.923714
93	141	1.18776
93	148	1.20573
93	151	1.21151
93	162	1.19533
93	163	1.1842
93	172	1.15189
93	176	1.22052
93	177	1.2462
93	178	0.691588
93	179	1.2305
94	66	1.26814
94	81	1.23321
94	96	0.548427
94	108	1.17448
94	116	0.580216
94	119	1.23258
94	124	1.18238
94	138	1.21573
94	143	1.23759
94	147	1.27997
94	157	1.2505
94	158	0.932665
94	160	0.577242
94	164	0.609869
94	165	0.914938
94	167	1.27909
94	168	0.623729
94	170	1.26029
94	172	0.76121
94	178	1.2924
94	180	0.512812
95	66	1.24202
95	71	1.2342
95	79	0.589744
95	81	1.20708
95	106	1.22846
95	114	1.14555
95	115	1.24349
95	122	1.23374
95	132	0.553325
95	138	1.18961
95	143	1.21147
95	149	1.16167
95	156	0.599712
95	158	0.906542
95	167	1.25296
95	168	0.665262
95	170	1.23416
95	174	0.585497
95	178	1.26628
95	179	0.653761
95	180	0.554345
96	27	1.1964
96	44	0.547653
96	64	0.601588
96	80	1.16579
96	94	0.548427
96	106	0.643197
96	113	1.18705
96	139	1.18966
96	144	0.641667
96	145	1.17379
96	151	1.24033
96	153	1.26667
96	154	1.20479
96	163	1.21302
96	168	1.23142
96	169	1.26216
96	170	0.61509
96	171	0.578809
96	173	0.904111
96	177	1.27502
96	179	1.25931
97	2	0.861606
97	12	0.641329
97	38	0.721714
97	62	0.703245
97	79	1.15207
97	123	0.780275
97	126	0.885128
97	128	1.15315
97	131	1.13194
97	133	0.866602
97	134	1.15668
97	150	1.17841
97	155	1.16107
97	158	0.867728
97	159	1.16051
97	164	1.14215
97	171	1.18941
97	173	0.841606
97	174	1.22761
97	175	1.22112
97	177	0.693559
97	180	1.24418
98	22	1.17045
98	58	0.891764
98	64	1.1691
98	71	1.24698
98	73	0.878775
98	105	1.23381
98	114	1.15833
98	115	1.25627
98	130	0.730614
98	133	0.918192
98	149	1.17445
98	157	1.23716
98	164	0.756599
98	165	0.901591
98	166	0.905178
98	169	0.745439
98	170	1.24694
98	171	0.657874
98	173	0.893196
98	176	0.760178
98	178	1.27906
98	179	0.758958
99	3	1.14206
99	76	0.998287
99	78	1.0777
99	93	0.799396
99	112	1.1242
99	118	0.804614
99	138	0.724355
99	142	1.12826
99	146	1.12336
99	150	1.1212
99	151	0.742744
99	155	1.10387
99	156	1.08845
99	157	0.674231
99	160	1.11378
99	164	1.08495
99	167	0.712987
99	171	1.13221
99	174	1.1704
99	175	1.16392
99	177	0.747873
99	180	1.18698
100	4	1.13888
100	19	0.90154
100	25	0.937825
100	32	0.762678
100	49	0.991288
100	57	1.10624
100	88	1.02204
100	113	1.03954
100	126	0.977481
100	130	1.10895
100	136	1.02431
100	152	0.778011
100	162	1.07663
100	163	1.0655
100	168	1.0839
100	169	1.11465
100	173	0.756594
100	175	0.875006
100	176	1.10182
100	177	1.12751
100	179	1.1118
100	180	0.869835
101	3	1.21075
101	16	0.821826
101	30	1.22599
101	48	0.577809
101	70	0.503911
101	108	0.635542
101	112	1.19288
101	113	0.668942
101	117	1.14613
101	122	0.600891
101	128	1.16464
101	131	1.14342
101	142	1.19695
101	159	1.17199
101	160	1.18246
101	164	1.15363
101	171	1.20089
101	173	0.853086
101	174	1.23909
101	175	1.2326
101	177	0.573537
101	180	1.25566
102	28	0.647516
102	52	0.897056
102	68	0.508932
102	81	0.584368
102	89	1.14279
102	117	1.17841
102	130	0.630664
102	131	1.17571
102	134	1.20045
102	144	1.2147
102	148	0.668517
102	150	1.22217
102	154	0.695304
102	155	1.20484
102	159	1.20427
102	162	0.666877
102	164	1.18592
102	171	1.23318
102	173	0.885373
102	174	1.27137
102	175	1.26489
102	180	1.28795
103	15	0.600163
103	65	1.12706
103	77	1.21489
103	104	1.07933
103	110	0.586302
103	112	0.581396
103	139	1.14268
103	140	1.15236
103	144	0.683855
103	145	1.12681
103	153	1.21969
103	156	0.668033
103	162	1.17717
103	163	1.16604
103	168	1.18444
103	169	1.21519
103	172	1.13373
103	175	0.627836
103	176	1.20236
103	177	1.22805
103	178	0.639391
103	179	1.21234
104	12	1.0748
104	46	1.11753
104	50	1.10906
104	83	0.857118
104	88	1.03013
104	103	1.07933
104	111	0.797835
104	120	1.08226
104	122	0.960648
104	132	0.853795
104	140	1.05991
104	146	0.846733
104	148	1.09511
104	153	1.12723
104	154	1.06536
104	166	0.77666
104	168	1.09199
104	172	1.04128
104	173	0.764678
104	176	1.10991
104	177	1.13559
104	178	0.87154
105	8	0.78116
105	13	1.06658
105	44	1.19978
105	47	0.622425
105	60	0.90897
105	68	1.23557
105	81	1.20975
105	83	0.537027
105	87	1.22153
105	92	0.626793
105	98	1.23381
105	109	1.18592
105	110	1.23105
105	114	1.14822
105	129	1.18964
105	154	0.670436
105	156	0.580092
105	165	0.891485
105	167	1.25563
105	170	1.23683
105	172	0.783122
105	173	0.88309
105	178	1.26895
106	4	0.58492
106	7	1.11266
106	13	1.07401
106	58	0.889086
106	84	1.19817
106	85	1.18884
106	95	1.22846
106	96	0.643197
106	110	1.23848
106	115	1.25359
106	120	0.727699
106	123	0.772777
106	129	1.19707
106	141	0.651089
106	149	1.17177
106	157	1.23448
106	159	0.622117
106	165	0.898914
106	167	1.26306
106	170	1.24426
106	173	0.890518
106	178	1.27638
106	180	0.607582
107	6	0.917096
107	14	0.600512
107	18	0.600793
107	33	0.580417
107	42	0.596184
107	60	0.602592
107	87	0.915148
107	92	0.876178
107	93	0.909528
107	116	0.935755
107	133	0.601709
107	147	0.950138
107	152	0.59813
107	165	0.585108
107	170	0.930455
107	172	0.853313
107	173	0.576713
107	174	0.962714
107	175	0.956231
107	177	0.947624
107	178	0.962572
107	179	0.931915
107	180	0.979291
108	5	1.12298
108	19	1.09712
108	34	0.854294
108	44	1.1271
108	53	0.905903
108	64	1.08631
108	84	1.11807
108	85	1.10873
108	90	1.08078
108	94	1.17448
108	101	0.635542
108	110	1.15837
108	114	1.07554
108	147	1.18384
108	151	0.758696
108	157	1.15437
108	165	0.818805
108	166	0.822392
108	167	1.18295
108	169	0.771244
108	177	0.763825
108	178	1.19627
108	179	0.784762
109	45	1.16594
109	52	0.856993
109	66	1.20691
109	87	1.18375
109	90	1.11568
109	105	1.18592
109	110	1.19327
109	116	0.692131
109	117	0.65584
109	118	0.865521
109	127	0.893731
109	129	1.15186
109	135	0.683475
109	138	1.1545
109	144	0.685916
109	147	1.21874
109	149	1.12656
109	153	0.659869
109	157	1.18927
109	161	0.696086
109	162	0.732012
109	167	1.21785
109	170	1.19905
109	178	1.23117
110	3	0.44123
110	13	1.07393
110	31	1.15982
110	35	1.15559
110	45	1.21107
110	64	1.16634
110	82	0.528407
110	85	1.18876
110	87	1.22887
110	103	0.586302
110	105	1.23105
110	106	1.23848
110	108	1.15837
110	109	1.19327
110	126	0.778546
110	143	1.22148
110	149	1.17169
110	154	0.64421
110	162	0.615783
110	167	1.26298
110	168	0.619416
110	170	1.24418
110	178	1.2763
110	179	0.607914
111	14	0.599435
111	34	0.619519
111	49	0.779574
111	60	0.601515
111	75	0.573435
111	86	0.58661
111	91	0.574956
111	104	0.797835
111	124	0.851473
111	127	0.624056
111	134	0.89071
111	137	0.912827
111	143	0.906681
111	145	0.845311
111	165	0.584031
111	167	0.948178
111	169	0.933689
111	171	0.923441
111	172	0.852236
111	174	0.961636
111	176	0.920864
111	178	0.961495
111	179	0.930837
111	180	0.978213
112	39	1.29711
112	51	0.702374
112	53	0.724149
112	76	1.09616
112	93	0.633594
112	99	1.1242
112	101	1.19288
112	103	0.581396
112	117	1.17531
112	125	0.655288
112	132	1.2438
112	137	1.21947
112	150	1.21907
112	153	0.538735
112	156	1.18632
112	159	1.20117
112	164	1.18282
112	166	0.894258
112	169	0.58949
112	171	1.23008
112	173	0.882275
112	174	1.26828
112	175	1.26179
112	177	0.582071
112	180	1.28485
113	24	1.0829
113	25	1.00665
113	26	1.24696
113	47	1.14268
113	57	1.17507
113	71	0.720993
113	96	1.18705
113	100	1.03954
113	101	0.668942
113	137	0.715429
113	140	1.12065
113	146	0.710664
113	151	1.16164
113	154	1.1261
113	158	0.851544
113	159	0.733281
113	161	1.17322
113	163	1.13433
113	168	1.15273
113	171	0.717079
113	173	0.825422
113	176	1.17065
113	177	1.19633
113	179	1.18062
113	180	0.718746
114	20	0.632216
114	22	1.08487
114	45	1.12824
114	56	1.1466
114	68	1.16009
114	75	0.80541
114	93	0.777337
114	95	1.14555
114	98	1.15833
114	105	1.14822
114	108	1.07554
114	115	1.17068
114	119	1.13365
114	125	0.799031
114	128	0.62144
114	141	0.690842
114	143	1.13866
114	147	1.18103
114	157	1.15157
114	160	0.711765
114	167	1.18015
114	168	0.758253
114	170	1.16135
114	173	0.80761
114	178	1.19347
115	10	0.762714
115	18	0.929633
115	22	1.18281
115	23	1.26784
115	26	0.481726
115	42	0.925024
115	44	1.22224
115	95	1.24349
115	98	1.25627
115	106	1.25359
115	114	1.17068
115	119	1.23159
115	124	1.18139
115	129	1.21211
115	131	0.559552
115	149	1.1868
115	157	1.24951
115	162	0.624953
115	163	0.634974
115	170	1.25929
115	172	0.766065
115	173	0.905552
115	174	0.54882
115	176	0.618303
115	178	1.29141
116	8	1.10027
116	37	1.14129
116	40	1.17313
116	48	1.23927
116	53	1.17406
116	71	0.614513
116	77	1.25927
116	80	1.1632
116	94	0.580216
116	107	0.935755
116	109	0.692131
116	123	1.1992
116	124	0.67443
116	127	0.94994
116	132	0.611246
116	145	1.1712
116	149	0.67209
116	160	0.676696
116	162	1.22156
116	163	1.21043
116	165	0.909915
116	168	1.22883
116	172	1.17812
116	174	0.643418
116	176	1.24675
116	177	1.27243
117	23	0.530781
117	57	0.655731
117	69	1.1899
117	79	1.14598
117	85	0.61365
117	101	1.14613
117	102	1.17841
117	109	0.65584
117	112	1.17531
117	128	1.14707
117	131	1.12586
117	136	0.718613
117	144	1.16484
117	150	1.17232
117	152	0.856935
117	156	1.13956
117	159	1.15442
117	160	1.1649
117	164	1.13606
117	168	0.686893
117	171	1.18332
117	174	1.22152
117	175	1.21504
117	176	0.676611
117	179	0.675391
117	180	1.2381
118	2	0.582689
118	28	0.866003
118	39	0.977519
118	50	0.907075
118	52	0.574371
118	86	0.573664
118	91	0.56201
118	99	0.804614
118	109	0.865521
118	120	0.880274
118	123	0.860366
118	127	0.611109
118	150	0.899488
118	152	0.584106
118	158	0.588811
118	160	0.892067
118	162	0.882724
118	165	0.571084
118	166	0.574671
118	167	0.935231
118	168	0.889996
118	170	0.916431
118	174	0.94869
118	175	0.942207
118	177	0.9336
118	178	0.948549
118	180	0.965267
119	23	1.23081
119	28	1.17183
119	31	1.1379
119	59	0.875632
119	62	0.711861
119	68	1.221
119	70	0.63255
119	78	0.631015
119	84	1.17618
119	91	0.86784
119	94	1.23258
119	114	1.13365
119	115	1.23159
119	128	0.597802
119	129	1.17507
119	138	1.17771
119	141	0.667204
119	143	1.19957
119	147	1.24194
119	152	0.889937
119	161	0.695056
119	162	0.730982
119	163	0.741003
119	166	0.880502
119	167	1.24106
119	170	1.22226
119	178	1.25438
120	21	1.11475
120	23	0.619784
120	24	1.11754
120	25	1.0413
120	53	1.1326
120	65	1.12999
120	74	1.13669
120	77	1.21781
120	87	0.688301
120	104	1.08226
120	106	0.727699
120	118	0.880274
120	129	0.726748
120	132	0.663959
120	144	0.726168
120	151	1.19628
120	152	0.881481
120	161	1.20786
120	163	1.16897
120	164	0.762036
120	166	0.872046
120	168	1.18737
120	169	1.21812
120	172	1.13666
120	176	1.20529
120	177	1.23097
120	179	1.21527
120	180	0.664979
121	27	0.713781
121	43	1.04515
121	44	0.624773
121	46	0.69015
121	68	0.606936
121	69	1.19225
121	75	0.835666
121	76	1.05175
121	127	0.886287
121	131	1.1282
121	132	1.19939
121	134	1.15294
121	135	1.14287
121	144	1.16719
121	146	1.17682
121	149	0.717421
121	150	1.17467
121	155	1.15733
121	159	1.15677
121	160	1.16725
121	161	0.728955
121	162	0.764882
121	166	0.849849
121	171	1.18567
121	174	1.22387
121	175	1.21739
121	176	0.758232
121	180	1.24044
122	12	0.676944
122	19	1.1825
122	23	1.25809
122	30	0.615574
122	31	1.16517
122	61	1.2156
122	63	1.15027
122	64	1.1717
122	71	1.24958
122	73	0.881374
122	91	0.895116
122	95	1.23374
122	101	0.600891
122	104	0.960648
122	124	1.17163
122	129	1.20235
122	137	0.647378
122	138	1.20498
122	147	1.26922
122	149	1.17704
122	152	0.917212
122	158	0.921917
122	161	0.722054
122	166	0.907777
122	173	0.895795
122	175	0.655866
122	177	0.729174
122	178	1.28165
123	3	0.642789
123	6	0.686932
123	17	1.16673
123	37	1.07992
123	52	0.851838
123	54	0.856204
123	63	0.770713
123	65	1.11008
123	70	1.20015
123	77	1.19791
123	97	0.780275
123	106	0.772777
123	116	1.1992
123	118	0.860366
123	126	1.06104
123	142	0.7032
123	148	1.17059
123	150	0.722043
123	151	1.17638
123	153	1.20271
123	162	1.16019
123	163	1.14906
123	168	1.16746
123	169	1.19821
123	172	1.11676
123	173	0.840155
123	175	0.715227
123	177	1.21107
123	179	1.19536
124	22	1.09558
124	31	1.08769
124	35	1.08347
124	36	0.785289
124	56	1.15731
124	71	1.1721
124	72	1.191
124	81	1.14498
124	84	1.12597
124	88	0.853875
124	90	1.08868
124	94	1.18238
124	111	0.851473
124	115	1.18139
124	116	0.67443
124	122	1.17163
124	127	0.866737
124	138	1.1275
124	149	1.09957
124	157	1.16228
124	162	0.714311
124	164	0.704083
124	167	1.19086
124	169	0.692923
124	170	1.17206
124	173	0.818316
124	177	0.685505
124	178	1.20418
124	179	0.706442
125	8	1.0133
125	27	1.10684
125	36	1.09726
125	46	1.1674
125	50	1.15894
125	58	0.81312
125	74	1.09118
125	77	1.1723
125	112	0.655288
125	114	0.799031
125	130	1.16691
125	135	0.755306
125	136	1.08227
125	145	1.08423
125	148	1.14499
125	149	0.756382
125	154	1.11523
125	161	1.16235
125	162	1.13459
125	165	0.822947
125	168	1.14186
125	169	1.17261
125	171	0.69489
125	174	0.72771
125	175	0.701728
125	176	1.15978
125	177	1.18546
125	179	1.16975
125	180	0.696558
126	12	1.07349
126	15	0.792406
126	26	1.1849
126	27	1.05565
126	37	1.00313
126	51	0.993949
126	57	1.11301
126	97	0.885128
126	100	0.977481
126	110	0.778546
126	123	1.06104
126	128	0.789014
126	131	0.856794
126	134	0.861697
126	136	1.03108
126	141	1.07583
126	151	1.09959
126	153	1.12592
126	154	1.06404
126	158	0.789487
126	161	1.11117
126	162	1.0834
126	163	1.07227
126	169	1.12142
126	173	0.763366
126	176	1.10859
126	177	1.13428
126	179	1.11857
126	180	0.814909
127	9	0.61956
127	16	0.787627
127	29	0.591101
127	42	0.61037
127	56	0.92989
127	59	0.598011
127	61	0.910708
127	93	0.923714
127	109	0.893731
127	111	0.624056
127	116	0.94994
127	118	0.611109
127	121	0.886287
127	124	0.866737
127	132	0.952423
127	146	0.929854
127	150	0.927697
127	152	0.612316
127	158	0.61702
127	162	0.910934
127	165	0.599294
127	166	0.602881
127	168	0.918206
127	169	0.948952
127	173	0.590899
127	174	0.9769
127	175	0.970417
127	180	0.993477
128	1	0.761904
128	33	0.857732
128	34	0.897911
128	43	1.06131
128	76	1.06791
128	79	1.16449
128	92	1.15349
128	97	1.15315
128	101	1.16464
128	114	0.62144
128	117	1.14707
128	119	0.597802
128	126	0.789014
128	130	0.590038
128	131	1.14437
128	140	0.646274
128	144	1.18335
128	146	1.19298
128	155	1.17349
128	156	1.15807
128	159	1.17293
128	160	1.18341
128	164	1.15457
128	171	1.20183
128	172	0.767364
128	174	1.24003
128	175	1.23355
128	176	0.619602
128	179	0.618382
128	180	1.25661
129	19	1.13574
129	26	0.57069
129	33	0.852737
129	45	1.16966
129	66	1.21063
129	68	1.20151
129	69	0.605702
129	71	1.20282
129	72	1.22171
129	84	1.15669
129	90	1.1194
129	105	1.18964
129	106	1.19707
129	109	1.15186
129	115	1.21211
129	119	1.17507
129	120	0.726748
129	122	1.20235
129	139	0.798576
129	150	0.618617
129	152	0.87045
129	157	1.19299
129	161	0.67799
129	165	0.857427
129	167	1.22157
129	170	1.20277
129	175	0.611802
129	176	0.707267
129	178	1.23489
129	179	0.706047
130	18	0.918913
130	26	1.31637
130	41	0.731156
130	55	1.20273
130	58	0.893401
130	62	1.21443
130	73	0.880412
130	76	0.715477
130	80	1.15651
130	98	0.730614
130	100	1.10895
130	102	0.630664
130	125	1.16691
130	128	0.590038
130	141	1.2073
130	151	1.23105
130	152	0.91625
130	153	1.25739
130	154	1.19551
130	156	0.661301
130	158	0.920955
130	161	1.24263
130	162	1.21487
130	163	1.20374
130	167	0.659527
130	168	1.22214
130	174	0.647086
130	176	1.24006
130	178	0.632658
130	179	1.25003
131	11	0.680011
131	17	0.614101
131	30	1.20572
131	40	0.770181
131	49	1.03675
131	76	1.0467
131	97	1.13194
131	101	1.14342
131	102	1.17571
131	115	0.559552
131	117	1.12586
131	121	1.1282
131	126	0.856794
131	128	1.14437
131	135	1.13782
131	137	1.17001
131	142	1.17668
131	148	0.695672
131	152	0.854234
131	155	1.15228
131	159	1.15172
131	160	1.16219
131	161	0.658106
131	164	1.13336
131	168	0.697664
131	171	1.18062
131	173	0.832816
131	174	1.21882
131	175	1.21234
131	176	0.687383
131	180	1.23539
132	41	1.10411
132	56	0.54565
132	76	1.11789
132	78	1.1973
132	82	1.2094
132	83	1.18858
132	92	1.20347
132	95	0.553325
132	104	0.853795
132	112	1.2438
132	116	0.611246
132	120	0.663959
132	121	1.19939
132	127	0.952423
132	133	0.928999
132	142	1.24786
132	150	1.2408
132	153	0.578984
132	155	1.22347
132	156	1.20805
132	157	0.548678
132	159	1.2229
132	160	1.23338
132	167	0.587435
132	171	1.25181
132	173	0.904002
132	174	1.29
132	175	1.28352
132	177	0.622321
132	179	0.643258
132	180	1.30658
133	9	0.596135
133	22	0.844733
133	33	0.571179
133	34	0.611358
133	35	0.832623
133	47	0.884737
133	53	0.840012
133	58	0.566042
133	61	0.887284
133	75	0.565274
133	97	0.866602
133	98	0.918192
133	107	0.601709
133	132	0.928999
133	134	0.882549
133	148	0.897911
133	152	0.588892
133	154	0.868152
133	155	0.886942
133	158	0.593596
133	159	0.886373
133	166	0.579457
133	168	0.894782
133	169	0.925528
133	170	0.921217
133	173	0.567474
133	174	0.953475
133	175	0.946993
133	176	0.912703
133	178	0.953334
133	180	0.970052
134	21	0.716425
134	30	1.23046
134	32	1.21704
134	48	0.6744
134	54	0.873602
134	69	1.21193
134	79	1.16802
134	97	1.15668
134	102	1.20045
134	111	0.89071
134	121	1.15294
134	126	0.861697
134	133	0.882549
134	137	1.19475
134	144	1.18688
134	152	0.878971
134	155	1.17702
134	156	1.1616
134	158	0.883675
134	160	1.18693
134	161	0.663008
134	163	0.708956
134	164	1.1581
134	167	0.635242
134	169	0.677546
134	171	1.20536
134	174	1.24355
134	175	1.23707
134	177	0.670128
134	178	0.608374
134	180	1.26013
135	19	0.635315
135	20	0.588492
135	38	0.710244
135	73	0.833063
135	76	1.06137
135	83	1.13206
135	86	0.858459
135	89	1.1049
135	92	1.14695
135	109	0.683475
135	121	1.14287
135	125	0.755306
135	131	1.13782
135	137	1.18468
135	142	1.19134
135	144	1.17681
135	145	0.758505
135	146	1.18644
135	150	1.18428
135	155	1.16695
135	159	1.16638
135	160	1.17686
135	161	0.67497
135	164	1.14803
135	168	0.714528
135	169	0.689508
135	171	1.19529
135	173	0.847484
135	174	1.23349
135	175	1.227
135	180	1.25006
136	12	1.12031
136	20	1.19688
136	22	0.784762
136	24	1.06767
136	38	1.0527
136	40	1.0818
136	44	0.654676
136	46	1.16304
136	51	1.04078
136	67	1.04124
136	74	1.08682
136	81	0.712276
136	100	1.02431
136	117	0.718613
136	125	1.08227
136	126	1.03108
136	137	0.684182
136	140	1.10542
136	141	1.12266
136	148	1.14063
136	153	1.17275
136	161	1.15799
136	162	1.13023
136	169	1.16825
136	170	0.722112
