1	49	0.938554
1	62	0.890095
1	68	0.963089
1	82	1.12954
1	122	0.890777
1	125	0.878785
1	126	0.867467
1	131	0.873617
1	135	0.897617
1	149	1.25221
1	169	1.21271
1	174	1.21457
2	35	0.906584
2	39	1.25996
2	40	0.849777
2	45	0.852045
2	50	0.908852
2	54	0.961603
2	85	0.878497
2	88	0.926119
2	100	1.18041
2	157	1.2045
2	162	0.916523
2	178	1.15944
3	8	1.51926
3	78	0.89766
3	110	0.886652
3	111	0.883996
3	117	0.900489
3	130	0.91058
3	140	0.896241
3	145	0.917561
3	153	1.05582
3	168	1.05894
3	174	1.17109
3	175	0.906822
4	95	1.63225
4	112	0.811614
4	139	0.798681
4	142	0.787861
4	156	0.798673
4	158	1.65742
4	160	0.807536
4	162	1.50383
4	168	0.811823
4	177	0.801543
4	179	0.786296
4	180	0.795973
5	66	0.788602
5	91	1.57883
5	111	0.78397
5	129	1.56197
5	140	0.796214
5	143	1.65303
5	145	0.817535
5	170	0.803381
5	173	0.796505
5	178	0.815555
5	179	0.79428
5	180	0.803957
6	31	1.35413
6	95	0.878893
6	97	1.13361
6	100	0.916683
6	144	0.879219
6	153	0.913728
6	164	0.897536
6	166	0.901449
6	172	0.906945
6	175	0.905548
6	177	1.12234
6	180	1.19564
7	46	0.841173
7	88	1.49603
7	139	0.800915
7	161	1.61439
7	165	1.68334
7	169	0.787606
7	170	0.797631
7	173	0.790756
7	174	0.791402
7	177	0.803778
7	179	0.78853
7	180	0.798208
8	3	1.51926
8	19	1.61648
8	145	1.65984
8	151	0.795986
8	153	0.811268
8	156	0.802948
8	158	0.787275
8	170	0.799672
8	172	0.804484
8	176	0.807548
8	179	0.790571
8	180	0.800249
9	34	0.878168
9	70	0.881184
9	75	1.16438
9	82	0.948135
9	127	0.88866
9	135	1.20991
9	144	0.881755
9	164	0.900072
9	172	0.909481
9	173	1.22764
9	176	0.912545
9	180	1.20104
10	57	0.887332
10	82	1.14712
10	92	0.938936
10	110	0.879217
10	117	0.893053
10	130	0.903144
10	140	0.888805
10	145	0.910125
10	149	1.26978
10	151	1.20843
10	171	1.18426
10	175	0.899387
11	57	0.789615
11	99	0.814269
11	101	0.799488
11	110	0.781499
11	130	0.805427
11	140	0.791088
11	143	1.62817
11	145	0.812408
11	150	0.804536
11	157	1.61815
11	175	0.801669
11	176	1.55277
12	91	1.16408
12	133	0.900143
12	140	1.23085
12	142	0.892496
12	143	1.23828
12	168	0.916458
12	170	0.900032
12	173	0.893156
12	176	1.16288
12	177	0.906178
12	179	0.890931
12	180	0.900608
13	99	1.2254
13	103	1.28088
13	144	1.37511
13	157	0.853744
13	160	0.881419
13	164	1.31105
13	170	0.86928
13	171	0.864641
13	173	0.862404
13	174	0.863051
13	177	0.875426
13	179	0.860179
13	180	0.869856
14	96	0.815582
14	98	1.61749
14	150	1.7622
14	152	0.784289
14	154	0.78369
14	156	1.82729
14	158	0.766286
14	164	0.774087
14	165	0.762139
14	167	0.775212
14	169	0.768659
14	172	0.783496
14	176	0.78656
15	82	0.904097
15	109	0.892442
15	119	1.29023
15	139	1.30557
15	156	1.33711
15	158	0.848233
15	161	0.855483
15	165	0.844086
15	166	0.859946
15	168	1.27681
15	174	0.854402
15	176	0.868506
15	178	0.872805
16	41	1.1832
16	84	1.37155
16	130	0.87109
16	140	0.85675
16	145	0.878071
16	154	1.31397
16	163	1.32078
16	168	0.880343
16	173	0.857041
16	175	0.867332
16	177	0.870063
16	179	0.854816
16	180	0.864493
17	26	0.780279
17	28	0.789531
17	32	0.751297
17	54	0.830937
17	69	0.812207
17	75	0.797136
17	85	0.747831
17	88	0.795453
17	115	1.78114
17	124	0.709472
17	162	0.785858
17	174	1.78086
17	177	1.64439
18	47	1.41708
18	68	0.934775
18	105	0.860128
18	122	0.862463
18	125	0.85047
18	126	0.839153
18	128	0.856703
18	129	0.881703
18	131	0.845303
18	135	0.869303
18	167	1.24319
18	169	1.27625
18	179	1.26642
19	8	1.61648
19	57	0.854387
19	86	0.885559
19	101	0.864259
19	102	0.864284
19	107	0.888417
19	111	0.843615
19	119	1.16957
19	140	0.85586
19	145	0.87718
19	157	1.24175
19	175	0.866441
19	176	1.17637
20	91	1.31769
20	114	1.31569
20	120	0.85409
20	150	0.87536
20	153	1.29316
20	157	0.853543
20	162	1.2663
20	168	0.885505
20	171	0.86444
20	173	0.862203
20	177	0.875225
20	179	0.859978
20	180	0.869655
21	38	1.14995
21	101	0.865883
21	104	1.29039
21	113	1.36796
21	145	0.878804
21	150	0.870931
21	155	0.864735
21	161	1.38448
21	171	0.860011
21	175	0.868065
21	177	0.870796
21	179	0.855549
21	180	0.865226
22	79	1.296
22	85	1.32495
22	117	1.24196
22	139	0.872653
22	151	0.865683
22	158	1.32746
22	169	0.859344
22	170	0.869369
22	171	0.86473
22	173	0.862493
22	177	0.875515
22	179	0.860268
22	180	0.869945
23	33	1.24694
23	52	1.23148
23	69	1.31132
23	72	1.4014
23	133	0.867449
23	151	0.863651
23	156	0.870613
23	157	0.851802
23	170	0.867338
23	177	0.873484
23	178	0.879512
23	179	0.858237
23	180	0.867914
24	52	1.59947
24	72	0.797845
24	96	0.807411
24	100	0.785063
24	113	0.789072
24	143	0.753216
24	148	0.777023
24	155	1.82635
24	159	1.77849
24	165	0.753969
24	172	0.775325
24	176	0.778389
24	178	0.782688
25	104	1.22476
25	138	0.852213
25	146	0.878139
25	148	1.31844
25	153	1.30268
25	155	0.866803
25	168	0.883145
25	171	0.862079
25	172	1.3458
25	173	0.859843
25	177	0.872865
25	179	0.857618
25	180	0.867295
26	17	0.780279
26	40	0.817729
26	41	0.916623
26	45	0.819997
26	54	0.929554
26	69	0.910824
26	85	0.846448
26	88	0.89407
26	147	1.30519
26	153	1.26077
26	162	0.884475
26	168	1.26389
26	169	1.37418
27	58	0.891807
27	91	0.895832
27	105	0.861499
27	120	1.32584
27	125	0.851842
27	126	0.840524
27	128	0.858075
27	129	0.883075
27	131	0.846674
27	135	0.870674
27	142	1.29256
27	157	1.2994
27	167	1.29104
28	17	0.789531
28	45	0.829248
28	50	0.886055
28	69	0.920075
28	75	0.905004
28	85	0.8557
28	88	0.903322
28	108	1.2218
28	124	0.81734
28	162	0.893726
28	164	1.33664
28	165	1.33939
28	178	1.29792
29	71	1.2751
29	124	1.65162
29	127	0.827757
29	139	1.35561
29	143	0.826468
29	154	0.848773
29	158	0.831368
29	164	0.839169
29	165	0.827221
29	166	0.843082
29	168	1.32685
29	172	0.848578
29	176	0.851642
29	178	0.85594
30	108	1.30535
30	133	0.838029
30	144	1.48424
30	146	0.849339
30	153	1.33783
30	158	1.46454
30	160	0.850057
30	168	0.854345
30	169	0.827893
30	170	0.837918
30	173	0.831043
30	177	0.844065
30	179	0.828817
30	180	0.838495
31	6	1.35413
31	78	0.827594
31	86	0.855874
31	98	1.30431
31	99	0.849355
31	111	0.81393
31	117	0.830423
31	123	0.871886
31	130	0.840514
31	140	0.826174
31	145	0.847495
31	154	1.51438
31	175	0.836756
31	177	1.42949
32	17	0.751297
32	35	0.845554
32	40	0.788747
32	41	0.887641
32	45	0.791015
32	50	0.847822
32	54	0.900572
32	61	1.32026
32	75	0.866771
32	88	0.865088
32	150	1.40603
32	161	1.42388
32	162	0.855493
32	178	1.45135
33	23	1.24694
33	133	1.11997
33	143	0.92058
33	150	1.04858
33	153	0.949473
33	156	1.11368
33	158	0.92548
33	161	0.932729
33	163	0.934179
33	164	0.933281
33	165	0.921332
33	166	0.937193
33	170	1.08039
33	176	0.945753
34	9	0.878168
34	64	0.882729
34	89	0.840178
34	135	1.42043
34	142	1.44134
34	154	0.833843
34	159	1.33318
34	165	0.812292
34	169	0.818811
34	172	0.833648
34	174	0.822607
34	176	0.836712
34	178	0.841011
34	180	1.41157
35	2	0.906584
35	32	0.845554
35	45	0.815636
35	54	0.925194
35	75	0.891392
35	85	0.842088
35	88	0.88971
35	124	0.803728
35	133	1.29445
35	149	1.37764
35	160	1.20885
35	162	0.880114
35	179	1.32831
36	70	0.807785
36	97	1.3737
36	108	0.86371
36	109	0.863081
36	127	0.815261
36	136	0.869962
36	152	0.836875
36	153	0.842865
36	154	0.836276
36	155	1.4052
36	160	1.36775
36	173	1.46233
36	174	0.825041
36	176	0.839145
37	89	0.849016
37	123	1.26003
37	131	1.49691
37	133	1.41331
37	137	0.822144
37	138	1.43181
37	148	0.844184
37	152	0.843279
37	161	0.832526
37	163	0.833976
37	166	0.83699
37	172	0.842486
37	176	0.84555
37	178	0.849848
38	21	1.14995
38	63	1.25085
38	103	0.946956
38	105	0.933605
38	122	0.93594
38	125	0.923948
38	126	0.91263
38	128	0.930181
38	129	0.955181
38	131	0.91878
38	135	0.94278
38	174	1.13702
38	177	1.00055
38	178	1.0654
39	2	1.25996
39	157	0.82343
39	159	0.851765
39	160	0.851104
39	163	1.45477
39	164	1.46664
39	166	1.41326
39	168	0.855392
39	170	0.838965
39	173	0.83209
39	174	0.832736
39	177	0.845112
39	179	0.829864
39	180	0.839542
40	2	0.849777
40	26	0.817729
40	32	0.788747
40	41	0.855456
40	50	0.815636
40	69	0.849657
40	75	0.834585
40	85	0.785281
40	88	0.832903
40	119	1.47823
40	124	0.746921
40	154	1.52538
40	162	0.823307
40	176	1.48503
40	180	1.51379
41	16	1.1832
41	26	0.916623
41	32	0.887641
41	40	0.855456
41	45	0.857724
41	50	0.914531
41	54	0.967281
41	69	0.948551
41	85	0.884175
41	119	1.18956
41	124	0.845816
41	151	1.26459
41	159	1.14674
41	162	0.922202
41	180	1.22512
42	118	1.50498
42	137	0.806159
42	144	0.798776
42	146	1.43763
42	148	0.828199
42	152	0.827295
42	157	1.55137
42	161	0.816542
42	163	0.817991
42	165	0.805145
42	166	0.821005
42	174	0.81546
42	176	0.829565
42	178	0.833864
42	180	1.51476
43	66	0.798497
43	73	1.44992
43	92	0.85624
43	101	0.814509
43	102	0.814533
43	107	0.838666
43	110	0.79652
43	117	0.810357
43	118	1.54692
43	130	0.820448
43	140	0.806109
43	145	0.827429
43	159	1.47832
43	170	1.53474
43	175	0.816691
44	66	0.800793
44	99	0.831586
44	101	0.816805
44	110	0.798817
44	111	0.796161
44	123	0.854117
44	130	0.822745
44	140	0.808406
44	145	0.829726
44	146	1.40566
44	149	1.5836
44	150	0.821854
44	169	1.5441
44	175	0.818987
44	178	1.47433
45	2	0.852045
45	26	0.819997
45	28	0.829248
45	32	0.791015
45	35	0.815636
45	41	0.857724
45	72	1.40901
45	75	0.836853
45	85	0.787548
45	88	0.835171
45	124	0.749189
45	162	0.825575
45	166	1.4734
45	169	1.55782
45	174	1.55968
46	7	0.841173
46	100	1.20128
46	114	1.1592
46	134	0.930791
46	156	0.902155
46	158	1.26339
46	160	0.911019
46	163	1.20716
46	168	0.915306
46	171	0.89424
46	176	1.16
46	177	0.905026
46	178	0.911054
46	179	0.889779
46	180	0.899456
47	18	1.41708
47	65	0.796353
47	93	1.54113
47	109	0.849612
47	119	1.51089
47	127	0.801792
47	136	0.856494
47	147	1.53878
47	149	0.809478
47	152	0.823406
47	163	0.814103
47	165	0.801256
47	166	0.817117
47	169	0.807776
47	172	0.822613
48	119	0.904983
48	132	0.896153
48	141	1.19657
48	144	1.25931
48	152	1.18919
48	154	1.17657
48	157	0.886338
48	160	0.914012
48	167	0.898402
48	170	0.901873
48	173	0.894998
48	175	1.17051
48	177	0.90802
48	179	0.892772
48	180	0.90245
49	1	0.938554
49	53	1.263
49	97	1.23841
49	103	0.875857
49	105	0.862506
49	122	0.864841
49	125	0.852849
49	126	0.841531
49	128	0.859082
49	129	0.884082
49	131	0.847681
49	135	0.871681
49	162	0.901336
49	168	1.25147
49	174	1.36362
49	178	1.29199
50	2	0.908852
50	28	0.886055
50	32	0.847822
50	40	0.815636
50	41	0.914531
50	69	0.908731
50	75	0.89366
50	80	1.30375
50	85	0.844356
50	88	0.891978
50	124	0.805996
50	151	1.29743
50	152	1.28217
50	162	0.882382
50	168	1.20898
50	179	1.30944
51	56	1.34265
51	120	0.859161
51	136	1.15138
51	147	0.879198
51	149	0.865827
51	155	0.874234
51	158	1.34491
51	163	1.28868
51	168	0.890576
51	170	0.87415
51	171	0.86951
51	172	1.26131
51	173	0.867274
51	177	0.880296
51	179	0.865049
51	180	0.874726
52	23	1.23148
52	24	1.59947
52	86	0.886238
52	99	0.87972
52	107	0.889096
52	111	0.844294
52	123	0.90225
52	126	1.24461
52	127	1.1737
52	130	0.870878
52	140	0.856539
52	141	0.856018
52	145	0.877859
52	150	0.869987
52	174	1.15007
52	175	0.86712
53	49	1.263
53	94	0.893423
53	108	0.898602
53	126	1.46458
53	127	0.850153
53	145	1.21104
53	148	0.872672
53	154	0.871169
53	159	1.22847
53	163	0.862464
53	166	0.865478
53	167	0.86269
53	172	0.870974
53	176	0.874038
53	177	1.23356
53	178	0.878336
54	2	0.961603
54	17	0.830937
54	26	0.929554
54	32	0.900572
54	35	0.925194
54	41	0.967281
54	69	0.961482
54	75	0.946411
54	85	0.897106
54	88	0.944728
54	118	1.12344
54	149	1.23404
54	150	1.07945
54	156	1.14455
54	162	0.935132
54	176	1.10446
54	178	1.12477
55	67	1.42624
55	89	1.31861
55	93	0.830918
55	112	0.862127
55	134	0.877821
55	142	0.838374
55	146	0.85733
55	150	0.852191
55	153	1.29875
55	154	1.36244
55	159	0.858709
55	165	1.38387
55	170	0.84591
55	171	0.84127
55	177	0.852056
55	179	0.836809
55	180	0.846486
56	51	1.34265
56	91	0.869614
56	108	0.889193
56	126	0.814307
56	128	0.831857
56	129	0.856857
56	131	0.820457
56	135	0.844457
56	144	0.83384
56	150	1.36289
56	159	1.33828
56	160	1.34869
56	163	0.853055
56	172	0.861565
56	175	0.860168
56	176	0.864629
56	180	1.41666
57	10	0.887332
57	11	0.789615
57	19	0.854387
57	92	0.889663
57	101	0.847931
57	110	0.829943
57	117	0.84378
57	130	0.853871
57	140	0.839532
57	145	0.860852
57	150	0.85298
57	163	1.35778
57	167	1.36764
57	169	1.4007
57	173	1.36598
57	175	0.850113
57	176	1.31062
58	27	0.891807
58	62	0.844355
58	98	1.21223
58	105	0.842702
58	122	0.845037
58	125	0.833045
58	126	0.821727
58	128	0.839278
58	129	0.864278
58	131	0.827877
58	135	0.851877
58	136	1.29181
58	141	0.856486
58	162	0.881531
58	171	1.42601
58	174	1.47389
58	178	1.40226
59	81	1.22042
59	116	0.85397
59	139	0.853501
59	141	1.40175
59	148	1.33383
59	155	0.850302
59	156	0.853493
59	157	0.834681
59	158	1.44479
59	163	1.38856
59	168	0.866643
59	170	0.850217
59	171	0.845578
59	173	0.843342
59	177	0.856364
59	179	0.841116
59	180	0.850793
60	73	1.31525
60	104	0.89604
60	123	1.28637
60	133	1.43965
60	137	0.832305
60	150	1.36826
60	152	0.853441
60	161	0.842688
60	163	0.844138
60	165	0.831291
60	166	0.847152
60	167	0.844364
60	170	1.40007
60	174	0.841607
60	175	0.851251
60	176	0.855712
60	178	0.86001
61	32	1.32026
61	104	0.944454
61	106	1.11037
61	136	0.934943
61	140	1.24396
61	144	0.873336
61	145	1.10894
61	156	1.21608
61	158	0.883853
61	163	0.892552
61	164	0.891654
61	165	0.879705
61	169	0.886225
61	172	0.901062
61	175	0.899665
61	176	0.904126
61	178	0.908424
61	180	1.20476
62	1	0.890095
62	58	0.844355
62	68	0.888694
62	103	0.827398
62	105	0.814047
62	122	0.816382
62	125	0.80439
62	126	0.793072
62	128	0.810623
62	129	0.835623
62	131	0.799222
62	135	0.823222
62	137	1.4653
62	162	0.852877
62	169	1.48274
62	170	1.39946
62	171	1.43671
62	180	1.42142
63	38	1.25085
63	89	0.837804
63	100	0.841012
63	106	1.42692
63	114	0.843354
63	132	1.52015
63	140	1.56051
63	143	0.809165
63	148	0.832972
63	149	0.81814
63	152	0.832068
63	153	0.838058
63	161	0.821314
63	164	0.821866
63	172	0.831274
63	176	0.834338
63	177	1.44801
63	178	0.838637
64	34	0.882729
64	107	1.10571
64	112	1.18734
64	113	0.927789
64	126	0.866783
64	128	0.884334
64	129	0.909334
64	131	0.872933
64	135	0.896933
64	151	1.26557
64	154	0.914237
64	155	1.19558
64	162	0.926588
64	165	0.892686
64	166	0.908546
64	170	1.20415
64	173	1.25271
64	176	0.917106
65	47	0.796353
65	66	1.51363
65	67	0.815919
65	105	1.47747
65	110	1.45934
65	122	1.42776
65	143	0.816592
65	145	1.31356
65	147	0.838938
65	154	0.838897
65	155	0.833975
65	168	0.850316
65	171	0.829251
65	172	0.838702
65	176	0.841766
65	177	0.840036
65	179	0.824789
65	180	0.834466
66	5	0.788602
66	43	0.798497
66	44	0.800793
66	65	1.51363
66	78	0.834812
66	86	0.863091
66	99	0.856573
66	110	0.823804
66	111	0.821148
66	112	1.40979
66	113	1.39613
66	130	0.847731
66	140	0.833392
66	141	0.832871
66	145	0.854713
66	169	1.50988
66	175	0.843974
66	177	1.37527
67	55	1.42624
67	65	0.815919
67	95	0.814127
67	103	1.41979
67	143	0.820069
67	144	0.814453
67	148	0.843876
67	152	0.842972
67	154	0.842373
67	156	1.43102
67	157	1.4563
67	158	0.824969
67	161	0.832219
67	165	0.820822
67	172	0.842178
67	175	0.840781
67	176	0.845242
67	179	1.47118
68	1	0.963089
68	18	0.934775
68	62	0.888694
68	90	0.919558
68	103	0.900392
68	108	1.10454
68	121	1.24855
68	122	0.889376
68	125	0.877384
68	126	0.866066
68	128	0.883617
68	129	0.908617
68	131	0.872216
68	135	0.896216
68	147	1.18144
68	174	1.25228
68	178	1.18065
68	179	1.24059
69	17	0.812207
69	23	1.31132
69	26	0.910824
69	28	0.920075
69	40	0.849657
69	41	0.948551
69	50	0.908731
69	54	0.961482
69	75	0.92768
69	85	0.878376
69	88	0.925998
69	116	1.1562
69	124	0.840016
69	146	1.08962
69	162	0.916402
69	167	1.195
69	169	1.22806
69	174	1.22992
70	9	0.881184
70	36	0.807785
70	87	0.802443
70	133	1.47167
70	141	1.48564
70	142	1.48383
70	148	0.838363
70	154	0.836859
70	160	1.38607
70	161	0.826705
70	163	0.828154
70	164	0.827256
70	165	0.815308
70	166	0.831168
70	167	0.828381
70	172	0.836665
70	176	0.839729
70	177	1.38075
71	29	1.2751
71	111	1.31843
71	132	0.868081
71	134	0.905714
71	151	0.870116
71	155	0.873887
71	156	0.877078
71	163	1.26198
71	164	1.27385
71	168	0.890228
71	170	0.873802
71	171	0.869163
71	173	0.866927
71	175	1.2491
71	176	1.21481
71	177	0.879949
71	178	0.885976
71	179	0.864701
71	180	0.874379
72	23	1.4014
72	24	0.797845
72	45	1.40901
72	94	0.90993
72	100	0.897219
72	107	1.13642
72	114	0.899561
72	137	0.867139
72	144	0.859755
72	147	1.24915
72	148	0.889179
72	150	1.20304
72	152	0.888274
72	158	0.870272
72	164	0.878073
72	165	0.866124
72	168	1.20784
72	175	0.886084
72	176	0.890545
73	43	1.44992
73	60	1.31525
73	93	0.864149
73	107	1.11712
73	109	1.18444
73	121	0.869772
73	151	0.875454
73	155	0.879225
73	157	0.863605
73	158	1.31214
73	160	0.891279
73	166	1.21441
73	168	0.895567
73	170	0.87914
73	171	0.874501
73	173	0.872265
73	177	0.885287
73	179	0.870039
73	180	0.879717
74	80	0.799525
74	100	0.826143
74	102	1.54036
74	134	1.43512
74	136	0.850286
74	152	0.817199
74	153	0.823189
74	158	0.799196
74	160	1.49763
74	163	0.807895
74	164	0.806997
74	165	0.795049
74	166	0.810909
74	168	1.51663
74	174	0.805365
74	175	0.815008
74	176	0.819469
74	178	0.823768
74	179	1.61709
75	9	1.16438
75	17	0.797136
75	28	0.905004
75	32	0.866771
75	35	0.891392
75	40	0.834585
75	45	0.836853
75	50	0.89366
75	54	0.946411
75	69	0.92768
75	85	0.863305
75	88	0.910927
75	111	1.38249
75	124	0.824945
75	136	1.18874
75	162	0.901331
75	173	1.33424
75	177	1.23435
75	178	1.29919
76	78	1.27784
76	89	1.23749
76	97	0.902514
76	109	1.21665
76	113	1.21729
76	138	0.861352
76	144	1.36405
76	151	0.872171
76	155	0.875942
76	159	0.888656
76	168	0.892283
76	169	0.865832
76	170	0.875857
76	171	0.871218
76	173	0.868982
76	175	1.27526
76	177	0.882004
76	179	0.866756
76	180	0.876433
77	114	1.22255
77	118	0.87381
77	120	0.861377
77	131	1.35333
77	147	0.881413
77	148	1.21578
77	159	0.889165
77	160	0.888504
77	163	1.27051
77	164	1.28238
77	167	0.872893
77	170	0.876365
77	171	0.871726
77	172	1.24313
77	173	0.86949
77	177	0.882512
77	178	0.888539
77	179	0.867264
77	180	0.876942
78	3	0.89766
78	31	0.827594
78	66	0.834812
78	76	1.27784
78	99	0.865605
78	101	0.850824
78	107	0.874982
78	117	0.846673
78	123	0.888136
78	130	0.856764
78	138	1.38854
78	140	0.842424
78	141	0.841903
78	145	0.863745
78	150	0.855872
78	166	1.32931
78	167	1.38067
78	168	1.30344
78	175	0.853006
78	176	1.32365
79	22	1.296
79	84	0.826967
79	86	0.877409
79	91	1.3599
79	107	0.880267
79	117	0.851958
79	130	0.862049
79	140	0.84771
79	145	0.86903
79	146	1.31034
79	148	0.861387
79	158	0.842479
79	161	0.849729
79	164	0.85028
79	168	1.33849
79	172	0.859689
79	175	0.858292
79	176	0.862753
79	177	1.31417
79	180	1.38747
80	50	1.30375
80	74	0.799525
80	87	0.813859
80	114	0.860161
80	116	1.37956
80	120	1.45315
80	133	1.40772
80	136	0.881962
80	138	1.42622
80	148	0.849779
80	149	0.834946
80	152	0.848874
80	158	0.830871
80	163	0.839571
80	164	0.838672
80	165	0.826724
80	166	0.842585
80	169	0.833244
80	172	0.848081
80	176	0.851145
80	179	1.44158
81	59	1.22042
81	95	0.879343
81	96	0.93948
81	106	1.10017
81	127	0.886573
81	137	0.887051
81	142	1.22433
81	148	0.909092
81	152	0.908187
81	156	1.20588
81	158	0.890184
81	161	0.897434
81	163	0.898884
81	164	0.897985
81	165	0.886037
81	166	0.901898
81	172	0.907394
81	173	1.22115
81	176	0.910458
81	179	1.24604
81	180	1.19456
82	1	1.12954
82	9	0.948135
82	10	1.14712
82	15	0.904097
82	83	1.17698
82	92	1.18224
82	93	0.883812
82	130	1.28462
82	143	0.881506
82	145	1.22664
82	162	1.24349
82	163	0.895105
82	166	0.898119
82	170	0.898804
82	171	0.894165
82	172	0.903616
82	173	0.891928
82	176	0.90668
82	177	0.90495
82	179	0.889703
82	180	0.89938
83	82	1.17698
83	90	0.919872
83	91	0.921688
83	103	0.900705
83	105	0.887355
83	115	1.26228
83	122	0.88969
83	123	0.947371
83	125	0.877697
83	126	0.86638
83	128	0.88393
83	129	0.90893
83	131	0.87253
83	135	0.89653
83	141	0.901139
83	159	1.12045
83	162	0.926184
83	169	1.26015
83	170	1.17687
83	173	1.22543
83	178	1.19038
84	16	1.37155
84	79	0.826967
84	94	0.85469
84	96	0.864327
84	97	1.35144
84	104	0.875633
84	108	0.859868
84	113	0.845987
84	115	1.47692
84	116	1.40293
84	127	0.81142
84	136	0.866121
84	150	1.35969
84	154	0.832435
84	157	1.45008
84	163	0.82373
84	164	0.822832
84	166	0.826744
84	169	0.817403
84	172	0.83224
84	178	0.839603
85	2	0.878497
85	17	0.747831
85	22	1.32495
85	26	0.846448
85	28	0.8557
85	35	0.842088
85	40	0.785281
85	41	0.884175
85	45	0.787548
85	50	0.844356
85	54	0.897106
85	69	0.878376
85	75	0.863305
85	88	0.861622
85	106	1.32203
85	124	0.775641
85	162	0.852027
85	171	1.43171
85	173	1.44302
85	174	1.4796
85	178	1.40797
86	19	0.885559
86	31	0.855874
86	52	0.886238
86	66	0.863091
86	79	0.877409
86	92	0.920835
86	104	1.1371
86	107	0.903261
86	109	1.21402
86	110	0.861115
86	111	0.858459
86	117	0.874952
86	130	0.885043
86	140	0.870704
86	145	0.892024
86	150	0.884152
86	156	1.27843
86	157	1.30372
86	171	1.2824
86	174	1.33028
86	175	0.881285
86	178	1.25865
87	70	0.802443
87	80	0.813859
87	98	1.33027
87	100	0.840477
87	107	1.40836
87	136	0.86462
87	142	1.55853
87	143	0.80863
87	146	1.45164
87	149	0.817605
87	152	0.831533
87	154	0.830934
87	158	0.81353
87	161	0.82078
87	163	0.822229
87	164	0.821331
87	165	0.809383
87	170	1.5068
87	172	0.830739
87	173	1.55536
87	176	0.833803
87	178	0.838102
88	2	0.926119
88	7	1.49603
88	17	0.795453
88	26	0.89407
88	28	0.903322
88	32	0.865088
88	35	0.88971
88	40	0.832903
88	45	0.835171
88	50	0.891978
88	54	0.944728
88	69	0.925998
88	75	0.910927
88	85	0.861622
88	124	0.823263
88	146	1.11289
88	149	1.29083
88	162	0.899649
88	167	1.21827
88	174	1.25319
88	175	1.19554
88	179	1.2415
89	34	0.840178
89	37	0.849016
89	55	1.31861
89	63	0.837804
89	76	1.23749
89	94	0.893941
89	115	1.37551
89	118	1.30228
89	135	1.32093
89	137	0.851149
89	139	1.29185
89	143	0.849382
89	152	0.872285
89	153	0.878275
89	163	0.862981
89	165	0.850135
89	167	0.863208
89	169	0.856654
89	172	0.871491
89	175	0.870094
89	176	0.874555
89	178	0.878854
89	179	1.36354
90	68	0.919558
90	83	0.919872
90	91	0.879244
90	102	0.867641
90	103	0.858262
90	105	0.844911
90	119	0.869493
90	122	0.847246
90	125	0.835254
90	126	0.823936
90	128	0.841487
90	129	0.866487
90	131	0.830086
90	135	0.854086
90	136	1.21059
90	141	0.858695
90	151	1.36896
90	157	1.3661
90	160	1.26152
90	162	0.883741
90	167	1.35775
90	170	1.30753
90	175	1.33502
91	5	1.57883
91	12	1.16408
91	20	1.31769
91	27	0.895832
91	56	0.869614
91	79	1.3599
91	83	0.921688
91	90	0.879244
91	102	0.869456
91	103	0.860078
91	105	0.846727
91	122	0.849062
91	125	0.83707
91	126	0.825752
91	128	0.843303
91	129	0.868303
91	131	0.831902
91	134	1.18625
91	135	0.855902
91	141	0.860511
91	162	0.885556
91	176	1.28797
91	178	1.30829
92	10	0.938936
92	43	0.85624
92	57	0.889663
92	82	1.18224
92	86	0.920835
92	99	0.914316
92	101	0.899535
92	102	0.89956
92	107	0.923693
92	110	0.881547
92	111	0.878891
92	117	0.895384
92	121	1.26353
92	130	0.905475
92	134	1.0736
92	140	0.891136
92	141	0.890614
92	145	0.912456
92	149	1.3049
92	154	1.21568
92	162	1.12512
92	164	1.23436
92	175	0.901717
92	180	1.20409
93	47	1.54113
93	55	0.830918
93	73	0.864149
93	82	0.883812
93	98	0.870221
93	108	1.25442
93	116	0.844099
93	119	0.843456
93	129	1.29456
93	131	1.44021
93	137	1.38287
93	139	0.84363
93	142	0.83281
93	149	0.832024
93	159	0.853146
93	160	0.852485
93	168	0.856773
93	170	0.840346
93	172	1.33001
93	173	0.833471
93	175	1.34451
93	177	0.846493
93	179	0.831245
93	180	0.840923
94	53	0.893423
94	72	0.90993
94	84	0.85469
94	89	0.893941
94	97	1.16404
94	113	0.901158
94	124	1.50187
94	132	1.22492
94	137	0.867069
94	144	0.859685
94	152	0.888204
94	153	0.894195
94	161	0.877451
94	163	0.878901
94	165	0.866054
94	166	0.881915
94	167	0.879127
94	168	1.1771
94	170	1.20411
94	171	1.24137
94	172	0.887411
94	174	0.87637
94	176	0.890475
94	179	1.27756
94	180	1.22608
95	4	1.63225
95	6	0.878893
95	67	0.814127
95	81	0.879343
95	113	0.850658
95	114	0.84899
95	116	1.38323
95	137	0.816568
95	138	1.42989
95	139	1.37355
95	141	1.42535
95	143	0.814801
95	144	0.809185
95	158	0.819701
95	161	0.826951
95	164	0.827502
95	165	0.815554
95	167	0.828627
95	169	0.822073
95	172	0.83691
95	174	0.825869
95	176	0.839974
95	177	1.32047
95	178	0.844273
95	179	1.44525
96	14	0.815582
96	24	0.807411
96	81	0.93948
96	84	0.864327
96	97	1.20385
96	112	1.22711
96	116	1.25534
96	118	1.2561
96	122	1.28427
96	132	1.26472
96	140	1.30508
96	143	0.874938
96	148	0.898746
96	153	0.903831
96	158	0.879838
96	161	0.887088
96	163	0.888538
96	164	0.887639
96	166	0.891552
96	168	1.2169
96	169	0.882211
96	172	0.897048
96	174	0.886007
96	175	0.895651
96	176	0.900112
97	6	1.13361
97	36	1.3737
97	49	1.23841
97	76	0.902514
97	84	1.35144
97	94	1.16404
97	96	1.20385
97	112	0.898212
97	127	1.36908
97	132	0.876275
97	136	1.16337
97	139	0.885279
97	142	0.874459
97	151	0.878309
97	155	0.88208
97	157	0.86646
97	168	0.898422
97	169	0.87197
97	171	0.877356
97	173	0.87512
97	174	0.875766
97	177	0.888142
97	178	0.89417
97	179	0.872894
97	180	0.882572
98	14	1.61749
98	31	1.30431
98	58	1.21223
98	87	1.33027
98	93	0.870221
98	113	1.09338
98	115	0.857512
98	118	0.882657
98	138	0.870707
98	142	0.877677
98	146	0.896633
98	147	0.890261
98	151	0.881526
98	155	0.885297
98	156	0.888488
98	164	1.17609
98	166	1.12271
98	168	0.901639
98	170	0.885213
98	171	0.880573
98	172	1.13684
98	173	0.878337
98	177	0.891359
98	179	0.876112
98	180	0.885789
99	11	0.814269
99	13	1.2254
99	31	0.849355
99	44	0.831586
99	52	0.87972
99	66	0.856573
99	78	0.865605
99	92	0.914316
99	100	1.30143
99	101	0.872585
99	107	0.896742
99	110	0.854597
99	111	0.851941
99	117	0.868433
99	130	0.878524
99	138	1.32504
99	140	0.864185
99	141	0.863664
99	145	0.885505
99	150	0.877633
99	151	1.32838
99	159	1.21053
99	167	1.31717
99	169	1.35023
99	174	1.35209
99	175	0.874767
100	2	1.18041
100	6	0.916683
100	24	0.785063
100	46	1.20128
100	63	0.841012
100	72	0.897219
100	74	0.826143
100	87	0.840477
100	99	1.30143
100	101	1.35429
100	113	0.888447
100	114	0.886779
100	136	0.90858
100	139	1.3366
100	147	1.34915
100	149	0.861565
100	153	0.881483
100	154	0.874894
100	159	1.27844
100	163	0.866189
100	164	0.865291
100	165	0.853343
100	166	0.869203
100	169	0.859862
100	176	0.877764
100	179	1.4083
101	11	0.799488
101	19	0.864259
101	21	0.865883
101	43	0.814509
101	44	0.816805
101	57	0.847931
101	78	0.850824
101	92	0.899535
101	99	0.872585
101	100	1.35429
101	107	0.881961
101	108	1.2572
101	110	0.839816
101	111	0.83716
101	117	0.853652
101	130	0.863743
101	140	0.849404
101	141	0.848883
101	143	1.38841
101	145	0.870724
101	150	0.862852
101	152	1.36598
101	154	1.35336
101	169	1.40309
101	175	0.859986
101	178	1.33332
101	180	1.34177
102	19	0.864284
102	43	0.814533
102	74	1.54036
102	90	0.867641
102	91	0.869456
102	92	0.89956
102	111	0.837184
102	117	0.853677
102	119	0.859705
102	126	0.814148
102	128	0.831699
102	129	0.856699
102	130	0.863768
102	131	0.820299
102	132	1.3179
102	134	1.18856
102	135	0.844299
102	140	0.849429
102	141	0.848907
102	144	1.41338
102	145	0.870749
102	147	1.31138
102	162	0.873953
102	167	1.34731
102	169	1.38037
102	175	0.86001
102	178	1.3106
103	13	1.28088
103	38	0.946956
103	49	0.875857
103	62	0.827398
103	67	1.41979
103	68	0.900392
103	83	0.900705
103	90	0.858262
103	91	0.860078
103	105	0.825745
103	106	1.25001
103	119	0.850326
103	122	0.82808
103	123	0.885761
103	125	0.816087
103	126	0.80477
103	127	1.4312
103	128	0.822321
103	129	0.847321
103	131	0.81092
103	135	0.83492
103	138	1.38052
103	141	0.839529
103	159	1.26601
103	162	0.864574
103	167	1.37266
103	174	1.40757
104	21	1.29039
104	25	1.22476
104	60	0.89604
104	61	0.944454
104	84	0.875633
104	86	1.1371
104	127	0.887533
104	133	1.23192
104	135	1.22317
104	137	0.888011
104	143	0.886244
104	144	0.880628
104	146	1.13717
104	150	1.16052
104	153	0.915137
104	154	0.908549
104	158	0.891144
104	161	0.898394
104	163	0.899844
104	164	0.898945
104	165	0.886997
104	168	1.16532
104	172	0.908354
104	173	1.24089
104	175	0.906957
104	176	0.911418
104	178	0.915716
105	18	0.860128
105	27	0.861499
105	38	0.933605
105	49	0.862506
105	58	0.842702
105	62	0.814047
105	65	1.47747
105	83	0.887355
105	90	0.844911
105	91	0.846727
105	103	0.825745
105	111	1.48724
105	122	0.814729
105	123	0.872411
105	125	0.802737
105	126	0.791419
105	128	0.80897
105	129	0.83397
105	131	0.797569
105	135	0.821569
105	139	1.39218
105	141	0.826178
105	146	1.33527
105	162	0.851224
105	170	1.39043
105	176	1.38363
105	177	1.3391
105	178	1.40394
106	61	1.11037
106	63	1.42692
106	81	1.10017
106	85	1.32203
106	103	1.25001
106	113	1.19748
106	119	0.890625
106	124	0.828486
106	138	0.87301
106	139	0.890799
106	146	0.898935
106	149	0.879192
106	156	0.890791
106	157	0.871979
106	158	1.32454
106	159	0.900314
106	160	0.899654
106	167	0.884043
106	170	0.887515
106	171	0.882876
106	172	1.24094
106	173	0.880639
106	174	0.881286
106	176	1.22115
106	177	0.893661
106	178	0.899689
106	179	0.878414
106	180	0.888091
107	19	0.888417
107	43	0.838666
107	52	0.889096
107	64	1.10571
107	72	1.13642
107	73	1.11712
107	78	0.874982
107	79	0.880267
107	86	0.903261
107	87	1.40836
107	92	0.923693
107	99	0.896742
107	101	0.881961
107	110	0.863973
107	111	0.861317
107	117	0.87781
107	123	0.919273
107	130	0.887901
107	140	0.873562
107	141	0.873041
107	144	1.31823
107	145	0.894882
107	149	1.32472
107	150	0.88701
107	164	1.25418
107	167	1.25216
107	169	1.28522
107	175	0.884143
108	28	1.2218
108	30	1.30535
108	36	0.86371
108	53	0.898602
108	56	0.889193
108	68	1.10454
108	84	0.859868
108	93	1.25442
108	101	1.2572
108	118	1.24995
108	136	0.92647
108	137	0.872247
108	143	0.87048
108	144	0.864864
108	148	0.894288
108	153	0.899373
108	154	0.892784
108	155	1.22921
108	161	0.88263
108	163	0.884079
108	165	0.871233
108	166	0.887093
108	169	0.877753
108	171	1.27503
108	172	0.89259
108	174	0.881549
108	175	0.891193
108	179	1.31122
109	15	0.892442
109	36	0.863081
109	47	0.849612
109	73	1.18444
109	76	1.21665
109	86	1.21402
109	114	0.904041
109	121	1.35066
109	133	1.30884
109	137	0.871618
109	146	1.2141
109	147	1.28355
109	148	0.893659
109	152	0.892754
109	153	0.898744
109	158	0.874751
109	160	1.22324
109	161	0.882001
109	164	0.882552
109	165	0.870604
109	166	0.886465
109	167	0.883677
109	169	0.877124
109	172	0.891961
109	175	0.890564
109	176	0.895025
109	177	1.21792
109	178	0.899323
110	3	0.886652
110	10	0.879217
110	11	0.781499
110	43	0.79652
110	44	0.798817
110	57	0.829943
110	65	1.45934
110	66	0.823804
110	86	0.861115
110	92	0.881547
110	99	0.854597
110	101	0.839816
110	107	0.863973
110	111	0.819172
110	113	1.34183
110	117	0.835664
110	130	0.845755
110	140	0.831416
110	141	0.830895
110	145	0.852736
110	150	0.844864
110	165	1.42729
110	166	1.37116
110	169	1.45558
110	170	1.3723
110	172	1.38529
110	175	0.841997
110	178	1.38581
111	3	0.883996
111	5	0.78397
111	19	0.843615
111	31	0.81393
111	44	0.796161
111	52	0.844294
111	66	0.821148
111	71	1.31843
111	75	1.38249
111	86	0.858459
111	92	0.878891
111	99	0.851941
111	101	0.83716
111	102	0.837184
111	105	1.48724
111	107	0.861317
111	110	0.819172
111	117	0.833008
111	123	0.874471
111	130	0.843099
111	136	1.30025
111	140	0.82876
111	145	0.85008
111	155	1.38862
111	166	1.39605
111	167	1.44741
111	174	1.48233
111	175	0.839342
112	4	0.811614
112	55	0.862127
112	64	1.18734
112	66	1.40979
112	96	1.22711
112	97	0.898212
112	113	1.2531
112	117	1.29466
112	120	0.856567
112	129	1.26111
112	132	0.865834
112	133	0.871666
112	134	0.903466
112	137	1.34941
112	146	0.882975
112	155	0.871639
112	156	0.874831
112	157	0.856019
112	159	0.884354
112	163	1.32393
112	166	1.28243
112	169	0.86153
112	170	0.871555
112	171	0.866916
112	173	0.864679
112	177	0.877701
112	178	0.883729
112	179	0.862454
112	180	0.872131
113	21	1.36796
113	24	0.789072
113	64	0.927789
113	66	1.39613
113	76	1.21729
113	84	0.845987
113	94	0.901158
113	95	0.850658
113	98	1.09338
113	100	0.888447
113	106	1.19748
113	110	1.34183
113	112	1.2531
113	126	1.44959
113	137	0.858366
113	143	0.856599
113	144	0.850983
113	147	1.2842
113	152	0.879502
113	153	0.885492
113	154	0.878904
113	163	0.870199
113	164	0.8693
113	165	0.857352
113	166	0.873213
113	167	0.870425
113	172	0.878709
113	176	0.881773
113	178	0.886071
114	20	1.31569
114	46	1.1592
114	63	0.843354
114	72	0.899561
114	77	1.22255
114	80	0.860161
114	95	0.84899
114	100	0.886779
114	109	0.904041
114	118	1.30496
114	125	1.41002
114	139	1.29452
114	144	0.849316
114	147	1.30707
114	149	0.863907
114	151	1.3542
114	153	0.883825
114	158	0.859832
114	161	0.867082
114	163	0.868531
114	164	0.867633
114	165	0.855685
114	166	0.871545
114	169	0.862204
114	172	0.877041
114	174	0.866001
114	176	0.880106
114	177	1.24144
114	178	0.884404
115	17	1.78114
115	83	1.26228
115	84	1.47692
115	89	1.37551
115	98	0.857512
115	116	0.83139
115	121	0.818269
115	127	1.49456
115	132	0.821916
115	133	0.827748
115	138	0.813132
115	142	0.820101
115	147	0.832685
115	152	1.43196
115	155	0.827722
115	157	0.812101
115	159	0.840436
115	160	0.839776
115	161	1.37183
115	168	0.844063
115	170	0.827637
115	171	0.822998
115	172	1.39878
115	173	0.820762
115	174	0.821408
115	177	0.833783
115	178	0.839811
115	179	0.818536
115	180	0.828213
116	59	0.85397
116	69	1.1562
116	80	1.37956
116	84	1.40293
116	93	0.844099
116	95	1.38323
116	96	1.25534
116	115	0.83139
116	121	0.849723
116	126	1.49149
116	132	0.85337
116	133	0.859202
116	134	0.891003
116	138	0.844586
116	139	0.862375
116	146	0.870511
116	148	1.29743
116	151	0.855405
116	153	1.28167
116	154	1.34535
116	156	0.862367
116	157	0.843555
116	159	0.87189
116	167	0.855619
116	168	0.875517
116	170	0.859091
116	171	0.854452
116	173	0.852216
116	179	0.84999
116	180	0.859667
117	3	0.900489
117	10	0.893053
117	22	1.24196
117	31	0.830423
117	43	0.810357
117	57	0.84378
117	78	0.846673
117	79	0.851958
117	86	0.874952
117	92	0.895384
117	99	0.868433
117	101	0.853652
117	102	0.853677
117	107	0.87781
117	110	0.835664
117	111	0.833008
117	112	1.29466
117	130	0.859592
117	140	0.845253
117	141	0.844732
117	145	0.866573
117	150	0.858701
117	151	1.37289
117	163	1.35183
117	170	1.31147
117	171	1.34872
117	174	1.3966
117	175	0.855834
117	176	1.30466
117	179	1.38491
118	42	1.50498
118	43	1.54692
118	54	1.12344
118	77	0.87381
118	89	1.30228
118	96	1.2561
118	98	0.882657
118	108	1.24995
118	114	1.30496
118	132	0.847062
118	134	0.884694
118	138	0.838278
118	146	0.864203
118	151	0.849096
118	155	0.852867
118	156	0.856058
118	157	0.837247
118	159	0.865582
118	160	0.864922
118	165	1.36755
118	168	0.869209
118	170	0.852783
118	171	0.848143
118	173	0.845907
118	174	0.846554
118	175	1.34005
118	177	0.858929
118	178	0.864957
118	179	0.843682
118	180	0.853359
119	15	1.29023
119	19	1.16957
119	40	1.47823
119	41	1.18956
119	47	1.51089
119	48	0.904983
119	90	0.869493
119	93	0.843456
119	102	0.859705
119	103	0.850326
119	106	0.890625
119	122	0.839311
119	125	0.827319
119	128	0.833552
119	129	0.858552
119	131	0.822151
119	135	0.846151
119	143	1.35538
119	149	0.850125
119	158	1.38337
119	160	0.870587
119	162	0.875805
119	168	0.874874
119	170	0.858448
119	172	1.29977
119	173	0.851572
119	175	1.31427
119	177	0.864594
119	179	0.849347
119	180	0.859024
120	20	0.85409
120	27	1.32584
120	51	0.859161
120	77	0.861377
120	80	1.45315
120	112	0.856567
120	127	1.49416
120	128	1.43218
120	133	0.840461
120	134	0.872261
120	136	1.28845
120	138	0.825845
120	145	1.31154
120	146	0.85177
120	147	0.845398
120	151	0.836663
120	153	1.35526
120	155	0.840434
120	156	0.843625
120	157	0.824814
120	159	0.853149
120	160	0.852489
120	162	1.32839
120	167	0.836878
120	170	0.84035
120	172	1.39838
120	173	0.833474
120	177	0.846496
120	178	0.852524
120	179	0.831249
120	180	0.840926
121	68	1.24855
121	73	0.869772
121	92	1.26353
121	109	1.35066
121	115	0.818269
121	116	0.849723
121	138	0.831464
121	139	0.849254
121	142	0.838434
121	144	1.49807
121	146	0.85739
121	147	0.851018
121	151	0.842283
121	155	0.846054
121	156	0.849245
121	157	0.830434
121	159	0.858769
121	160	0.858109
121	161	1.36782
121	164	1.43401
121	165	1.43677
121	166	1.38064
121	169	0.835944
121	171	0.84133
121	173	0.839094
121	174	0.83974
121	175	1.40927
121	177	0.852116
121	178	0.858144
121	179	0.836869
121	180	0.846546
122	1	0.890777
122	18	0.862463
122	38	0.93594
122	49	0.864841
122	58	0.845037
122	62	0.816382
122	65	1.42776
122	68	0.889376
122	83	0.88969
122	90	0.847246
122	91	0.849062
122	96	1.28427
122	103	0.82808
122	105	0.814729
122	119	0.839311
122	123	0.874746
122	125	0.805072
122	126	0.793754
122	128	0.811305
122	129	0.836305
122	131	0.799904
122	135	0.823904
122	141	0.828513
122	149	1.46351
122	153	1.3106
122	162	0.853559
122	167	1.39095
122	173	1.38929
122	174	1.42587
122	178	1.35424
122	180	1.36269
123	31	0.871886
123	37	1.26003
123	44	0.854117
123	52	0.90225
123	60	1.28637
123	78	0.888136
123	83	0.947371
123	103	0.885761
123	105	0.872411
123	107	0.919273
123	111	0.874471
123	122	0.874746
123	125	0.862753
123	126	0.851436
123	128	0.868987
123	129	0.893987
123	130	0.901055
123	131	0.857586
123	135	0.881586
123	140	0.886716
123	141	0.886195
123	142	1.23842
123	145	0.908036
123	158	1.28327
123	162	0.91124
123	163	1.22705
123	169	1.26997
123	171	1.22394
123	173	1.23525
123	176	1.17988
123	178	1.2002
124	17	0.709472
124	28	0.81734
124	29	1.65162
124	35	0.803728
124	40	0.746921
124	41	0.845816
124	45	0.749189
124	50	0.805996
124	69	0.840016
124	75	0.824945
124	85	0.775641
124	88	0.823263
124	94	1.50187
124	106	0.828486
124	133	0.79642
124	134	0.828221
124	135	1.62896
124	147	0.801358
124	148	1.58376
124	155	0.796394
124	156	0.799585
124	159	0.809109
124	160	0.808449
124	161	1.58417
124	162	0.813667
124	163	1.63849
124	172	1.61112
124	173	0.789434
124	176	1.59133
124	177	0.802456
124	179	0.787208
124	180	0.796886
125	1	0.878785
125	18	0.85047
125	27	0.851842
125	38	0.923948
125	49	0.852849
125	58	0.833045
125	62	0.80439
125	68	0.877384
125	83	0.877697
125	90	0.835254
125	91	0.83707
125	103	0.816087
125	105	0.802737
125	114	1.41002
125	119	0.827319
125	122	0.805072
125	123	0.862753
125	126	0.781762
125	128	0.799313
125	129	0.824313
125	131	0.787912
125	134	1.30909
125	135	0.811912
125	141	0.816521
125	146	1.36246
125	162	0.841566
125	167	1.46784
125	169	1.5009
125	170	1.41762
125	174	1.50276
125	176	1.41082
125	178	1.43113
126	1	0.867467
126	18	0.839153
126	27	0.840524
126	38	0.91263
126	49	0.841531
126	52	1.24461
126	53	1.46458
126	56	0.814307
126	58	0.821727
126	62	0.793072
126	64	0.866783
126	68	0.866066
126	83	0.86638
126	90	0.823936
126	91	0.825752
126	102	0.814148
126	103	0.80477
126	105	0.791419
126	113	1.44959
126	116	1.49149
126	122	0.793754
126	123	0.851436
126	125	0.781762
126	128	0.787995
126	129	0.812995
126	131	0.776594
126	135	0.800594
126	137	1.5459
126	141	0.805203
126	149	1.60284
126	150	1.44825
126	167	1.53028
126	177	1.42873
127	9	0.88866
127	29	0.827757
127	36	0.815261
127	47	0.801792
127	52	1.1737
127	53	0.850153
127	81	0.886573
127	84	0.81142
127	97	1.36908
127	103	1.4312
127	104	0.887533
127	115	1.49456
127	120	1.49416
127	130	1.39328
127	136	0.878022
127	137	0.823799
127	140	1.47031
127	143	0.822032
127	144	0.816415
127	148	0.845839
127	149	0.831007
127	152	0.844934
127	154	0.844336
127	158	0.826932
127	160	1.36313
127	161	0.834181
127	164	0.834733
127	165	0.822784
127	166	0.838645
127	172	0.844141
127	173	1.4577
127	174	0.8331
127	175	0.842744
127	176	0.847205
127	177	1.35781
128	18	0.856703
128	27	0.858075
128	38	0.930181
128	49	0.859082
128	56	0.831857
128	58	0.839278
128	62	0.810623
128	64	0.884334
128	68	0.883617
128	83	0.88393
128	90	0.841487
128	91	0.843303
128	102	0.831699
128	103	0.822321
128	105	0.80897
128	119	0.833552
128	120	1.43218
128	122	0.811305
128	123	0.868987
128	125	0.799313
128	126	0.787995
128	129	0.830546
128	131	0.794145
128	132	1.36797
128	135	0.818145
128	141	0.822754
128	144	1.46345
128	149	1.46994
128	160	1.30115
128	162	0.847799
128	167	1.39739
128	169	1.43045
128	170	1.34717
128	171	1.38442
128	179	1.42061
129	5	1.56197
129	18	0.881703
129	27	0.883075
129	38	0.955181
129	49	0.884082
129	56	0.856857
129	58	0.864278
129	62	0.835623
129	64	0.909334
129	68	0.908617
129	83	0.90893
129	90	0.866487
129	91	0.868303
129	93	1.29456
129	102	0.856699
129	103	0.847321
129	105	0.83397
129	112	1.26111
129	119	0.858552
129	122	0.836305
129	123	0.893987
129	125	0.824313
129	126	0.812995
129	128	0.830546
129	131	0.819145
129	135	0.843145
129	141	0.847754
129	150	1.2461
129	151	1.33934
129	155	1.26935
129	157	1.33649
129	159	1.2215
129	162	0.872799
129	172	1.2909
129	178	1.29143
129	180	1.29988
130	3	0.91058
130	10	0.903144
130	11	0.805427
130	16	0.87109
130	31	0.840514
130	43	0.820448
130	44	0.822745
130	52	0.870878
130	57	0.853871
130	66	0.847731
130	78	0.856764
130	79	0.862049
130	82	1.28462
