1	17	0.788583
1	37	1.81731
1	59	1.63073
1	94	0.852747
1	134	0.807914
1	145	0.87916
1	161	0.853022
1	163	0.81815
1	170	0.859354
1	178	0.874293
1	179	0.859071
1	180	0.808325
2	59	1.12511
2	70	0.991925
2	90	1.06786
2	99	1.0289
2	102	1.07555
2	109	0.803472
2	127	1.05184
2	139	1.05475
2	153	0.856668
2	155	1.36495
2	158	0.8373
2	165	1.00587
3	5	0.913425
3	22	1.1494
3	24	1.09667
3	54	1.03373
3	88	1.0249
3	127	1.07102
3	136	1.08184
3	149	1.06788
3	163	1.0177
3	170	0.677951
3	173	1.03159
3	175	0.984658
4	27	0.91767
4	30	0.744302
4	97	0.831733
4	168	0.84777
4	171	1.06825
4	172	1.05261
4	173	1.03857
4	174	1.05941
4	177	1.07176
4	178	1.06662
4	179	1.0514
4	180	1.00065
5	3	0.913425
5	22	0.903719
5	28	0.83141
5	30	0.958413
5	54	0.788048
5	67	0.771698
5	107	0.845154
5	127	0.825342
5	132	1.8501
5	149	0.822199
5	151	1.88726
5	175	0.738979
6	117	1.08531
6	140	0.943954
6	141	1.06187
6	144	1.05048
6	156	1.05209
6	157	1.05259
6	163	1.00694
6	164	1.04293
6	169	0.93213
6	170	1.04814
6	171	0.952917
6	179	1.02336
7	65	1.16011
7	111	1.01361
7	138	1.02236
7	141	1.01732
7	142	1.01904
7	146	0.936207
7	148	1.02775
7	150	0.977407
7	157	1.00804
7	159	1.03069
7	160	1.00686
7	168	1.01909
7	170	1.00358
8	39	1.08391
8	101	1.05609
8	144	0.996048
8	145	1.01352
8	154	1.01418
8	156	0.997662
8	160	0.996988
8	161	0.987381
8	166	1.00217
8	168	1.00922
8	173	1.11775
8	174	1.00133
8	177	0.974153
9	45	0.951063
9	68	1.02153
9	72	1.07946
9	87	0.990473
9	92	0.995686
9	97	1.02456
9	106	1.00018
9	115	1.02586
9	132	1.01042
9	147	0.868113
9	155	1.37509
9	165	1.10021
9	178	0.837461
10	145	1.03816
10	153	1.04242
10	156	1.0223
10	157	1.0228
10	160	1.02163
10	161	1.01202
10	162	1.00003
10	164	1.01314
10	166	1.0268
10	170	1.01835
10	175	0.926647
10	178	1.01308
10	179	1.10292
11	16	1.01103
11	18	1.02309
11	19	1.01238
11	35	0.988985
11	44	1.06688
11	69	1.01446
11	82	0.942879
11	83	1.02052
11	84	1.01998
11	103	0.757509
11	133	1.04471
11	147	0.928073
11	155	1.43505
12	14	0.946249
12	37	1.01043
12	53	1.11451
12	62	1.14927
12	66	0.969236
12	75	1.03282
12	80	1.01143
12	88	1.01867
12	132	0.703914
12	136	1.04068
12	147	1.03784
12	155	0.93588
12	175	1.32661
13	32	1.09935
13	50	1.16385
13	72	1.19963
13	87	1.11064
13	88	0.788403
13	92	1.11586
13	93	0.634894
13	97	1.14473
13	106	1.12035
13	115	1.14603
13	143	0.857209
13	175	1.09634
13	180	0.885879
14	12	0.946249
14	23	0.952224
14	53	0.983982
14	58	0.972133
14	66	0.838704
14	75	0.902283
14	80	0.880901
14	132	1.26224
14	136	0.910144
14	147	0.907312
14	155	0.805347
14	162	1.41479
14	178	1.42784
15	144	1.28436
15	148	1.20054
15	158	0.911979
15	167	0.90729
15	168	1.22852
15	169	0.935043
15	172	0.907075
15	174	0.913868
15	176	0.926516
15	177	0.926217
15	178	0.921083
15	179	0.905861
15	180	0.855115
16	11	1.01103
16	18	1.01078
16	42	1.08252
16	44	1.05457
16	69	1.00214
16	82	0.930564
16	83	1.00821
16	84	1.00767
16	124	1.06535
16	139	0.993735
16	143	1.16767
16	147	0.980357
16	177	0.961958
17	1	0.788583
17	112	1.30958
17	138	1.1747
17	160	1.23439
17	171	0.939415
17	172	0.92378
17	173	0.909734
17	174	0.930573
17	176	0.943221
17	177	0.942922
17	178	0.937788
17	179	0.922566
17	180	0.871821
18	11	1.02309
18	16	1.01078
18	20	1.0149
18	35	0.988734
18	44	1.06663
18	69	1.01421
18	82	0.942627
18	83	1.02027
18	84	1.01973
18	143	1.14736
18	162	0.916346
18	165	1.19214
18	176	0.918993
19	11	1.01238
19	20	1.00418
19	35	0.978014
19	36	1.08339
19	42	1.08386
19	69	1.00349
19	82	0.931908
19	84	1.00901
19	122	0.975486
19	124	1.08902
19	139	0.995079
19	147	1.00403
19	163	1.11534
20	18	1.0149
20	19	1.00418
20	35	0.980794
20	36	1.08617
20	44	1.05869
20	82	0.934688
20	83	1.01233
20	84	1.01179
20	124	1.1232
20	139	0.997858
20	162	0.994506
20	174	1.04699
20	176	0.997153
21	25	1.04335
21	64	1.0394
21	77	0.984644
21	78	0.984607
21	86	1.01983
21	94	1.00798
21	109	1.05769
21	122	1.03918
21	132	0.915945
21	149	1.0061
21	159	1.11636
21	163	0.973382
21	176	1.07114
22	3	1.1494
22	5	0.903719
22	24	1.08696
22	30	1.19439
22	54	1.02402
22	67	1.00767
22	119	0.87232
22	125	1.0488
22	132	0.822255
22	149	1.05817
22	163	1.12981
22	175	0.974952
23	14	0.952224
23	37	1.0164
23	58	1.10864
23	66	0.975212
23	75	1.03879
23	80	1.01741
23	120	1.00361
23	147	1.04382
23	155	0.941855
23	165	1.11329
23	174	0.889982
23	175	1.30765
23	177	0.862801
24	3	1.09667
24	22	1.08696
24	28	1.01465
24	54	0.971293
24	67	0.954943
24	81	0.999753
24	107	1.0284
24	136	1.0194
24	147	0.94482
24	149	1.00544
24	163	1.05613
24	165	1.17691
24	175	0.922224
25	21	1.04335
25	64	1.0472
25	77	0.992439
25	78	0.992402
25	86	1.02762
25	94	1.01577
25	143	0.985894
25	149	1.0139
25	158	0.988214
25	163	0.981177
25	169	0.976855
25	176	0.967834
25	180	1.22487
26	62	1.13074
26	140	0.861425
26	145	1.11556
26	151	0.722547
26	156	1.0997
26	160	1.09903
26	161	1.08942
26	163	1.05455
26	164	1.09054
26	165	1.04444
26	168	1.11126
26	170	1.09575
26	171	0.870388
26	179	0.940827
27	4	0.91767
27	104	0.930195
27	112	0.971113
27	133	1.18461
27	138	1.00149
27	150	0.956533
27	152	0.984869
27	154	1.00318
27	156	0.98666
27	160	0.985985
27	168	0.998214
27	170	0.98271
27	172	1.09449
27	173	1.19316
28	5	0.83141
28	24	1.01465
28	30	1.12208
28	54	0.951712
28	67	0.935362
28	103	1.04404
28	107	1.00882
28	119	1.0375
28	124	1.26868
28	132	0.987433
28	136	0.999822
28	147	1.18368
28	149	0.985863
28	175	0.902643
29	50	0.997182
29	68	0.975036
29	72	1.03297
29	92	0.949192
29	97	0.978068
29	103	1.00613
29	106	0.95369
29	115	0.979366
29	122	1.02882
29	129	0.938939
29	132	0.96393
29	137	0.95922
29	175	1.48381
29	178	1.02671
30	4	0.744302
30	5	0.958413
30	22	1.19439
30	28	1.12208
30	54	1.07872
30	67	1.06237
30	127	1.11601
30	136	1.12683
30	149	1.11287
30	171	0.883355
30	173	1.01979
30	175	1.02965
30	176	0.853546
30	179	0.953793
31	115	1.22822
31	152	1.36482
31	155	0.799978
31	164	1.42139
31	167	0.900445
31	171	0.915865
31	172	0.90023
31	173	0.886184
31	174	0.907023
31	176	0.919671
31	177	0.919372
31	178	0.914238
31	179	0.899016
31	180	0.84827
32	13	1.09935
32	45	0.917996
32	56	1.11708
32	87	0.957407
32	92	0.96262
32	97	0.991496
32	106	0.967117
32	110	0.967254
32	115	0.992794
32	123	1.0902
32	132	0.977357
32	139	0.967432
32	149	1.06734
32	172	1.16797
33	46	1.12935
33	112	1.00455
33	148	0.896991
33	167	0.979292
33	168	0.924967
33	169	1.00704
33	172	0.979076
33	173	0.96503
33	174	0.98587
33	176	0.998517
33	177	0.998219
33	178	0.993084
33	179	0.977863
33	180	0.927117
34	96	0.899999
34	121	0.844254
34	144	1.08843
34	148	1.11026
34	150	1.05992
34	152	1.08825
34	154	1.10657
34	159	0.951447
34	161	1.07976
34	162	0.903575
34	164	1.08088
34	168	1.1016
34	169	0.915244
34	170	1.08609
35	11	0.988985
35	18	0.988734
35	19	0.978014
35	20	0.980794
35	44	1.03252
35	69	0.980098
35	82	0.908518
35	83	0.986163
35	84	0.985619
35	120	1.23298
35	139	0.971689
35	167	1.07589
35	172	1.11104
35	176	1.04346
36	19	1.08339
36	20	1.08617
36	42	1.16585
36	69	1.08548
36	82	1.0139
36	83	1.09154
36	84	1.091
36	100	1.10616
36	107	0.892603
36	120	0.97059
36	122	0.793586
36	139	1.07707
36	165	1.05422
36	172	0.84865
37	1	1.81731
37	12	1.01043
37	23	1.0164
37	53	1.04816
37	58	1.03631
37	66	0.902882
37	75	0.966461
37	80	0.94508
37	93	1.03099
37	147	0.97149
37	153	0.827908
37	155	0.869526
37	163	0.940524
37	177	0.810816
38	40	1.08882
38	64	1.00679
38	77	0.952031
38	78	0.951994
38	86	0.987213
38	94	0.975365
38	127	0.97663
38	132	0.926477
38	143	0.945486
38	147	1.12273
38	149	0.973487
38	162	1.07902
38	163	0.940768
38	165	1.35482
39	8	1.08391
39	51	0.803629
39	119	0.824059
39	128	1.0696
39	130	1.08866
39	141	1.09755
39	145	1.10362
39	157	1.08827
39	158	0.949568
39	159	0.974412
39	160	1.08709
39	168	1.09932
39	170	1.08382
39	171	0.958996
40	38	1.08882
40	64	1.12528
40	77	1.07052
40	78	1.07049
40	86	1.10571
40	94	1.09386
40	127	1.09512
40	149	1.09198
40	155	1.25763
40	163	1.05926
40	165	0.982748
40	172	0.77718
40	176	0.7096
40	179	0.809848
41	51	1.01862
41	113	0.961267
41	117	1.01074
41	135	1.2117
41	146	1.09492
41	149	1.11112
41	154	0.994042
41	156	0.977519
41	157	0.978023
41	161	0.967238
41	164	0.968357
41	166	0.982023
41	168	0.989074
41	170	0.97357
42	16	1.08252
42	19	1.08386
42	36	1.16585
42	69	1.08594
42	82	1.01436
42	83	1.09201
42	84	1.09146
42	93	0.842443
42	100	1.10662
42	122	0.848902
42	125	0.907738
42	139	1.07753
42	165	1.10953
42	178	0.846789
43	44	0.90079
43	136	1.12105
43	148	0.971429
43	152	0.963823
43	159	0.980599
43	162	0.985308
43	167	0.980489
43	169	1.00824
43	173	0.966228
43	174	0.987067
43	177	0.999416
43	178	0.994282
43	179	0.97906
43	180	0.928314
44	11	1.06688
44	16	1.05457
44	18	1.06663
44	20	1.05869
44	35	1.03252
44	43	0.90079
44	69	1.05799
44	82	0.986413
44	83	1.06406
44	84	1.06351
44	135	0.925926
44	139	1.04958
44	172	0.925977
44	177	0.881054
44	180	1.11544
45	9	0.951063
45	32	0.917996
45	50	0.982495
45	68	0.960349
45	72	1.01828
45	87	0.929293
45	92	0.934505
45	97	0.963382
45	106	0.939003
45	107	1.15643
45	115	0.964679
45	120	1.23442
45	139	0.939318
45	165	1.31804
45	171	1.07471
46	33	1.12935
46	114	0.989409
46	126	1.05887
46	128	0.935042
46	129	1.08403
46	148	0.97342
46	152	0.951416
46	156	0.953206
46	157	0.953709
46	160	0.952532
46	161	0.942925
46	164	0.944044
46	166	0.95771
46	170	0.949257
46	180	1.41844
47	98	1.08663
47	113	1.04345
47	118	1.09696
47	144	1.05809
47	145	1.07556
47	150	1.02958
47	152	1.05792
47	160	1.05903
47	168	1.07126
47	169	0.915335
47	170	1.05576
47	174	0.95615
47	175	0.964053
47	177	0.928969
47	178	0.916716
48	59	1.03385
48	70	0.900668
48	85	0.931499
48	89	1.09967
48	90	0.976601
48	99	0.937646
48	102	0.984293
48	107	1.24598
48	124	0.92792
48	127	0.960586
48	137	0.968709
48	139	0.963494
48	163	1.28681
48	165	0.914616
48	169	1.14346
49	77	1.16407
49	151	0.979968
49	152	0.98592
49	156	1.09556
49	160	1.0259
49	167	0.952496
49	171	0.967915
49	172	0.95228
49	173	0.938234
49	174	0.959074
49	176	0.971721
49	177	0.971423
49	178	0.966288
49	179	0.951067
49	180	0.900321
50	13	1.16385
50	29	0.997182
50	45	0.982495
50	63	0.728612
50	68	1.05296
50	72	1.11089
50	81	0.94356
50	87	1.02191
50	89	0.812801
50	92	1.02712
50	97	1.05599
50	106	1.03162
50	115	1.05729
50	155	1.3956
50	179	0.947819
51	39	0.803629
51	41	1.01862
51	100	0.824181
51	153	1.04817
51	154	0.836882
51	167	1.05
51	168	0.831456
51	169	1.07775
51	172	1.04979
51	173	1.03574
51	176	1.06923
51	177	1.06893
51	178	1.06379
51	179	1.04857
51	180	0.997827
52	63	1.12278
52	76	0.948294
52	116	1.11862
52	132	0.959684
52	150	0.926015
52	152	0.954351
52	154	0.972664
52	156	0.956142
52	157	0.956645
52	161	0.94586
52	166	0.960645
52	168	0.967696
52	170	0.952192
52	176	1.24174
52	177	1.2644
53	12	1.11451
53	14	0.983982
53	37	1.04816
53	58	1.1404
53	66	1.00697
53	75	1.07055
53	80	1.04917
53	88	0.991822
53	120	1.03537
53	132	0.677064
53	143	1.06063
53	147	1.07558
53	155	0.973613
53	175	1.29976
53	176	0.832257
54	3	1.03373
54	5	0.788048
54	22	1.02402
54	24	0.971293
54	28	0.951712
54	30	1.07872
54	67	0.892
54	93	1.20596
54	95	0.994404
54	103	1.00068
54	136	0.956461
54	149	0.942501
54	158	1.22029
54	163	1.35227
54	175	0.859281
55	80	1.06867
55	98	1.07991
55	148	1.02948
55	154	1.06288
55	159	0.953997
55	167	0.953887
55	169	0.98164
55	172	0.953672
55	173	0.939626
55	174	0.960465
55	176	0.973113
55	177	0.972814
55	178	0.96768
55	179	0.952458
55	180	0.901712
56	32	1.11708
56	99	1.18452
56	142	1.00454
56	157	1.00646
56	158	0.956222
56	162	0.956352
56	169	0.979286
56	171	0.966953
56	173	0.937272
56	174	0.958111
56	176	0.970759
56	177	0.97046
56	178	0.965326
56	179	0.950104
56	180	0.899358
57	125	1.23765
57	129	1.08894
57	141	0.961899
57	142	0.963624
57	148	0.972329
57	150	0.921989
57	152	0.950325
57	154	0.968637
57	156	0.952115
57	164	0.942953
57	166	0.956619
57	168	0.96367
57	170	0.948166
57	171	1.19611
57	172	1.23388
58	14	0.972133
58	23	1.10864
58	37	1.03631
58	53	1.1404
58	66	0.99512
58	75	1.0587
58	80	1.03732
58	93	1.12323
58	136	1.06656
58	146	0.767495
58	155	0.961764
58	163	0.969116
58	169	0.825772
58	173	0.983
58	175	1.28426
59	1	1.63073
59	2	1.12511
59	48	1.03385
59	70	0.996285
59	85	1.02712
59	90	1.07222
59	93	0.607635
59	99	1.03326
59	102	1.07991
59	107	0.713111
59	137	1.06433
59	139	1.05911
59	165	1.01023
59	173	0.767827
59	175	1.06908
60	85	0.936685
60	86	0.976355
60	91	1.03695
60	94	0.964507
60	99	0.942832
60	102	0.98948
60	130	1.08934
60	163	0.92991
60	165	0.919802
60	166	1.07064
60	170	1.06232
60	172	0.972044
60	178	0.986052
60	179	0.97083
60	180	0.920084
61	130	1.04644
61	138	0.916521
61	154	0.977243
61	167	0.979292
61	169	1.00704
61	170	1.01942
61	172	0.979076
61	173	0.96503
61	174	0.98587
61	176	0.998517
61	177	0.998219
61	178	0.993084
61	179	0.977863
61	180	0.927117
62	12	1.14927
62	26	1.13074
62	94	1.30763
62	115	1.075
62	140	0.941725
62	151	0.955399
62	169	0.955679
62	171	0.943346
62	172	0.927711
62	173	0.913665
62	174	0.934504
62	176	0.947152
62	177	0.946853
62	178	0.941719
62	179	0.926497
62	180	0.875751
63	50	0.728612
63	52	1.12278
63	98	0.860512
63	128	1.00704
63	144	0.893895
63	167	1.0162
63	169	1.04395
63	171	1.03162
63	172	1.01598
63	173	1.00193
63	174	1.02277
63	176	1.03542
63	177	1.03512
63	178	1.02999
63	179	1.01477
63	180	0.964021
64	21	1.0394
64	25	1.0472
64	38	1.00679
64	40	1.12528
64	77	0.988498
64	78	0.988461
64	86	1.02368
64	94	1.01183
64	111	0.953574
64	121	0.863461
64	143	0.981953
64	147	0.966484
64	149	1.00995
64	163	0.977235
64	171	0.955237
64	175	1.39294
65	7	1.16011
65	148	1.10369
65	158	0.943479
65	161	1.17561
65	169	0.966543
65	170	1.17927
65	171	0.954209
65	172	0.938574
65	173	0.924528
65	174	0.945368
65	175	0.84594
65	176	0.958015
65	177	0.957717
65	178	0.952582
65	179	0.93736
65	180	0.886615
66	12	0.969236
66	14	0.838704
66	23	0.975212
66	37	0.902882
66	53	1.00697
66	58	0.99512
66	75	0.92527
66	80	0.903889
66	93	0.989801
66	136	0.933131
66	147	0.930299
66	155	0.828335
66	158	1.25265
66	176	1.23227
66	178	1.24267
66	179	1.33252
67	5	0.771698
67	22	1.00767
67	24	0.954943
67	28	0.935362
67	30	1.06237
67	54	0.892
67	103	0.984328
67	107	0.949106
67	127	0.929294
67	136	0.940111
67	149	0.926151
67	155	1.6255
67	163	1.22984
67	174	1.12731
67	175	0.842931
67	178	1.08788
68	9	1.02153
68	29	0.975036
68	45	0.960349
68	50	1.05296
68	72	1.08875
68	92	1.00497
68	97	1.03385
68	105	1.04021
68	106	1.00947
68	110	1.00961
68	115	1.03515
68	139	1.00978
68	143	1.03756
68	158	0.829575
68	163	0.961558
68	175	1.2767
69	11	1.01446
69	16	1.00214
69	18	1.01421
69	19	1.00349
69	35	0.980098
69	36	1.08548
69	42	1.08594
69	44	1.05799
69	73	1.12645
69	82	0.933992
69	83	1.01164
69	84	1.01109
69	147	0.891086
69	159	0.895256
69	174	0.899868
69	175	1.31754
70	2	0.991925
70	48	0.900668
70	59	0.996285
70	85	0.893934
70	88	0.939762
70	90	0.939036
70	99	0.90008
70	100	0.955018
70	102	0.946728
70	121	1.10968
70	122	1.18416
70	137	0.931143
70	139	0.925928
70	149	1.1386
70	165	0.87705
70	175	1.63916
71	104	1.04671
71	128	1.08501
71	150	1.07305
71	152	1.10138
71	153	0.85505
71	154	1.1197
71	158	0.835682
71	161	1.09289
71	163	1.05802
71	164	1.09401
71	166	1.10768
71	168	1.11473
71	169	0.824323
71	173	0.98155
71	175	1.00752
71	179	0.915549
71	180	1.07234
72	9	1.07946
72	13	1.19963
72	29	1.03297
72	45	1.01828
72	50	1.11089
72	68	1.08875
72	87	1.05769
72	92	1.0629
72	97	1.09178
72	105	0.869265
72	106	1.0674
72	115	1.09308
72	123	0.628061
72	155	1.18628
72	165	0.911399
72	173	0.8045
72	175	1.10576
73	69	1.12645
73	140	0.929127
73	141	1.2444
73	151	0.9428
73	157	1.2662
73	161	1.27738
73	162	0.920146
73	165	0.86287
73	167	0.915328
73	169	0.943081
73	171	0.930747
73	173	0.901066
73	174	0.921906
73	176	0.934553
73	178	0.92912
73	179	0.913898
73	180	0.863153
74	81	1.15466
74	108	1.05535
74	140	1.07952
74	142	1.00218
74	145	1.00652
74	150	0.96054
74	152	0.988876
74	154	1.00719
74	156	0.990667
74	157	0.99117
74	160	0.989992
74	164	0.981505
74	166	0.995171
74	168	1.00222
74	170	0.986718
74	176	1.05868
74	178	1.06908
75	12	1.03282
75	14	0.902283
75	23	1.03879
75	37	0.966461
75	53	1.07055
75	58	1.0587
75	66	0.92527
75	80	0.967467
75	93	1.05338
75	135	0.938928
75	136	0.99671
75	147	0.993878
75	155	0.891914
75	165	1.14455
75	173	1.03765
75	175	1.33891
75	179	0.971648
76	52	0.948294
76	130	0.994564
76	145	1.00953
76	151	0.959823
76	152	0.991881
76	153	1.1176
76	154	1.01019
76	157	0.994175
76	160	0.992997
76	161	0.98339
76	164	0.98451
76	166	0.998175
76	168	1.00523
76	170	0.989722
76	171	1.10766
76	172	1.14543
76	178	1.08826
77	21	0.984644
77	25	0.992439
77	38	0.952031
77	40	1.07052
77	49	1.16407
77	64	0.988498
77	78	0.933702
77	86	0.968921
77	94	0.957073
77	122	0.988275
77	124	1.22564
77	127	0.958338
77	143	0.927194
77	147	1.14064
77	149	0.955195
77	163	0.922476
77	164	0.885591
77	171	1.12939
78	21	0.984607
78	25	0.992402
78	38	0.951994
78	40	1.07049
78	64	0.988461
78	77	0.933702
78	86	0.968884
78	94	0.957036
78	122	0.988238
78	127	0.958301
78	132	0.854572
78	143	0.927157
78	149	0.955159
78	155	1.55779
78	163	0.922439
78	165	1.28291
78	177	1.03242
78	178	1.02017
79	91	1.04736
79	133	1.06502
79	138	1.06398
79	142	1.06067
79	150	1.01903
79	152	1.04737
79	154	1.06568
79	156	1.04916
79	160	1.04848
79	164	1.04
79	166	1.05366
79	168	1.06071
79	170	1.04521
79	174	0.957158
79	176	0.907321
79	177	0.929977
79	178	0.917724
79	179	1.00757
80	12	1.01143
80	14	0.880901
80	23	1.01741
80	37	0.94508
80	53	1.04917
80	55	1.06867
80	58	1.03732
80	66	0.903889
80	75	0.967467
80	93	1.032
80	120	0.932287
80	136	0.975329
80	143	1.1966
80	147	0.972497
80	153	1.00798
80	155	0.870532
80	162	0.965581
80	175	1.43574
81	24	0.999753
81	50	0.94356
81	74	1.15466
81	116	1.00212
81	159	0.96548
81	162	0.970188
81	164	1.074
81	166	1.10892
81	167	0.965369
81	169	0.993123
81	172	0.965154
81	173	0.951108
81	174	0.971948
81	176	0.984595
81	177	0.984297
81	178	0.979162
81	179	0.96394
81	180	0.913195
82	11	0.942879
82	16	0.930564
82	18	0.942627
82	19	0.931908
82	20	0.934688
82	35	0.908518
82	36	1.0139
82	42	1.01436
82	44	0.986413
82	69	0.933992
82	83	0.940057
82	84	0.939513
82	95	0.957196
82	100	0.954672
82	124	1.28875
82	139	0.925583
82	143	1.39107
82	158	1.18308
82	174	1.21254
83	11	1.02052
83	16	1.00821
83	18	1.02027
83	20	1.01233
83	35	0.986163
83	36	1.09154
83	42	1.09201
83	44	1.06406
83	69	1.01164
83	82	0.940057
83	84	1.01716
83	100	1.03232
83	126	0.79235
83	137	0.908549
83	139	1.00323
83	143	1.12325
83	163	1.04725
83	165	1.16803
83	173	1.06113
84	11	1.01998
84	16	1.00767
84	18	1.01973
84	19	1.00901
84	20	1.01179
84	35	0.985619
84	36	1.091
84	42	1.09146
84	44	1.06351
84	69	1.01109
84	82	0.939513
84	83	1.01716
84	100	1.03177
84	143	1.18778
84	146	0.910154
84	151	0.841379
84	163	1.11178
84	177	0.982067
84	179	1.05966
85	48	0.931499
85	59	1.02712
85	60	0.936685
85	70	0.893934
85	88	0.970593
85	90	0.969867
85	93	1.10124
85	99	0.930911
85	102	0.977559
85	110	0.956582
85	124	0.921185
85	125	1.16654
85	127	0.953851
85	129	1.01782
85	137	0.961974
85	139	0.956759
85	165	0.907881
85	175	1.56269
85	179	1.19543
86	21	1.01983
86	25	1.02762
86	38	0.987213
86	40	1.10571
86	60	0.976355
86	64	1.02368
86	77	0.968921
86	78	0.968884
86	94	0.992255
86	107	1.0731
86	111	0.989717
86	120	1.15109
86	122	1.02346
86	127	0.99352
86	140	0.982418
86	143	0.962376
86	149	0.990378
86	163	0.957658
86	177	0.984228
86	180	1.21861
87	9	0.990473
87	13	1.11064
87	32	0.957407
87	45	0.929293
87	50	1.02191
87	72	1.05769
87	88	1.09434
87	92	0.973916
87	97	1.00279
87	103	1.03085
87	106	0.978414
87	110	0.978551
87	115	1.00409
87	122	0.947286
87	137	0.983944
87	139	0.978728
87	147	0.975826
87	155	1.4828
87	158	0.955152
87	167	0.967206
88	3	1.0249
88	12	1.01867
88	13	0.788403
88	53	0.991822
88	70	0.939762
88	85	0.970593
88	87	1.09434
88	90	1.01569
88	92	1.00276
88	99	0.976739
88	102	1.02339
88	145	1.02483
88	157	1.00947
88	166	1.01347
88	168	1.02052
88	172	1.00595
88	176	1.02539
88	177	1.02509
88	179	1.00474
88	180	0.953992
89	48	1.09967
89	50	0.812801
89	94	0.982696
89	114	0.956758
89	127	0.945286
89	145	0.942497
89	153	0.996058
89	158	1.00258
89	162	1.0027
89	167	0.997886
89	169	1.02564
89	171	1.01331
89	172	0.99767
89	173	0.983624
89	174	1.00446
89	176	1.01711
89	177	1.01681
89	178	1.01168
89	179	0.996457
89	180	0.945711
90	2	1.06786
90	48	0.976601
90	59	1.07222
90	70	0.939036
90	85	0.969867
90	88	1.01569
90	99	0.976013
90	100	1.03095
90	102	1.02266
90	110	1.00168
90	119	0.897362
90	121	0.940522
90	124	0.966287
90	127	0.998953
90	137	1.00708
90	143	1.23086
90	163	1.15485
90	165	0.952983
90	172	1.07007
90	179	1.10274
91	60	1.03695
91	79	1.04736
91	114	1.03592
91	116	0.856122
91	130	1.00061
91	131	1.00436
91	148	1.01994
91	156	0.999722
91	157	1.00023
91	160	0.999047
91	161	0.98944
91	164	0.99056
91	166	1.00423
91	168	1.01128
91	170	0.995772
91	171	1.00905
91	173	1.14549
91	174	1.02908
91	175	0.904069
91	180	1.23628
92	9	0.995686
92	13	1.11586
92	29	0.949192
92	32	0.96262
92	45	0.934505
92	50	1.02712
92	68	1.00497
92	72	1.0629
92	87	0.973916
92	88	1.00276
92	93	0.849255
92	97	1.008
92	106	0.983626
92	107	0.954731
92	115	1.0093
92	137	0.989156
92	139	0.983941
92	155	1.39123
92	175	1.31071
92	178	0.853601
93	13	0.634894
93	37	1.03099
93	42	0.842443
93	54	1.20596
93	58	1.12323
93	59	0.607635
93	66	0.989801
93	75	1.05338
93	80	1.032
93	85	1.10124
93	92	0.849255
93	139	0.990799
93	150	1.02959
93	154	1.07624
93	166	1.06422
93	170	1.05577
93	171	1.07233
93	173	1.04265
93	176	1.07614
93	179	1.05548
93	180	1.00474
94	1	0.852747
94	21	1.00798
94	25	1.01577
94	38	0.975365
94	40	1.09386
94	60	0.964507
94	62	1.30763
94	64	1.01183
94	77	0.957073
94	78	0.957036
94	86	0.992255
94	89	0.982696
94	122	1.01161
94	127	0.981672
94	129	0.940103
94	143	0.950528
94	149	0.97853
94	163	0.94581
94	165	1.29061
94	169	1.02649
94	176	1.01747
95	54	0.994404
95	82	0.957196
95	129	1.05347
95	136	0.873154
95	144	0.807352
95	154	0.756937
95	159	1.04769
95	162	1.0524
95	166	0.807429
95	167	1.04758
95	169	1.07534
95	170	0.799113
95	171	1.063
95	172	1.04737
95	173	1.03332
95	174	1.05416
95	176	1.06681
95	177	1.06651
95	178	1.06137
95	179	1.04615
95	180	0.995407
96	34	0.899999
96	104	1.13101
96	127	0.973834
96	142	0.981636
96	145	0.971044
96	151	1.01076
96	153	0.981457
96	156	1.02485
96	158	0.987974
96	159	0.983394
96	162	0.988103
96	169	1.01104
96	172	0.983069
96	173	0.969023
96	174	0.989863
96	175	0.890435
96	176	1.00251
96	177	1.00221
96	178	0.997077
96	179	0.981855
96	180	0.93111
97	4	0.831733
97	9	1.02456
97	13	1.14473
97	29	0.978068
97	32	0.991496
97	45	0.963382
97	50	1.05599
97	68	1.03385
97	72	1.09178
97	87	1.00279
97	92	1.008
97	106	1.0125
97	109	0.927529
97	115	1.03818
97	132	1.02274
97	137	1.01803
97	139	1.01282
97	162	0.93833
97	163	1.09334
97	165	1.21412
97	169	0.949998
97	179	1.04122
98	47	1.08663
98	55	1.07991
98	63	0.860512
98	112	1.01289
98	113	1.01219
98	114	1.06464
98	138	1.04327
98	142	1.03995
98	150	0.998313
98	154	1.04496
98	155	0.925169
98	156	1.02844
98	158	0.999853
98	159	1.0247
98	160	1.02776
98	162	0.976825
98	164	1.01928
98	166	1.03294
98	168	1.03999
98	169	0.988493
98	170	1.02449
98	178	0.989874
99	2	1.0289
99	48	0.937646
99	56	1.18452
99	59	1.03326
99	60	0.942832
99	70	0.90008
99	85	0.930911
99	88	0.976739
99	90	0.976013
99	100	0.991995
99	102	0.983705
99	110	0.962728
99	124	0.927332
99	127	0.959997
99	137	0.968121
99	139	0.962905
99	147	1.2089
99	149	1.13479
99	151	1.04981
99	165	0.914028
99	176	1.16784
99	178	1.17824
100	36	1.10616
100	42	1.10662
100	51	0.824181
100	70	0.955018
100	82	0.954672
100	83	1.03232
100	84	1.03177
100	90	1.03095
100	99	0.991995
100	102	1.03864
100	114	1.06043
100	118	1.14038
100	126	0.847207
100	142	1.03573
100	148	1.04444
100	159	0.994963
100	164	1.01506
100	165	0.968965
100	166	1.02873
100	173	1.11599
100	174	0.999576
100	179	1.04999
101	8	1.05609
101	135	0.929937
101	140	0.964722
101	144	1.11745
101	150	1.15163
101	151	0.978396
101	152	1.02603
101	156	1.13567
101	158	0.955613
101	159	0.951033
101	161	1.10556
101	162	0.955742
101	167	0.950923
101	171	0.966343
101	172	0.950708
101	173	0.936662
101	174	0.957501
101	175	0.858073
101	176	0.970149
101	177	0.96985
101	178	0.964716
101	179	0.949494
101	180	0.898748
102	2	1.07555
102	48	0.984293
102	59	1.07991
102	60	0.98948
102	70	0.946728
102	85	0.977559
102	88	1.02339
102	90	1.02266
102	99	0.983705
102	100	1.03864
102	110	1.00938
102	120	1.13373
102	122	0.95673
102	124	0.973979
102	127	1.00665
102	137	1.01477
102	139	1.00955
102	147	0.98527
102	163	1.09658
102	165	0.960675
102	172	1.01179
102	174	0.994053
102	180	1.20126
103	11	0.757509
103	28	1.04404
103	29	1.00613
103	54	1.00068
103	67	0.984328
103	87	1.03085
103	106	1.04056
103	115	1.06624
103	128	0.996493
103	130	0.902126
103	136	1.04879
103	139	1.04088
103	150	0.91753
103	156	0.901566
103	161	0.871455
103	166	0.883423
103	172	1.04424
103	174	1.05104
103	175	0.951609
103	177	1.06339
103	179	1.04303
103	180	0.992284
104	27	0.930195
104	71	1.04671
104	96	1.13101
104	107	0.955575
104	128	0.92689
104	131	0.949689
104	144	0.94344
104	145	0.96091
104	148	0.965267
104	154	0.961576
104	155	0.841784
104	156	0.945054
104	157	0.945557
104	158	1.15761
104	160	0.944379
104	164	0.935892
104	166	0.949557
104	168	0.956608
104	169	1.14625
104	170	0.941104
104	172	1.20481
104	174	1.18707
104	180	1.39427
105	68	1.04021
105	72	0.869265
105	123	0.948029
105	126	0.976799
105	134	0.890782
105	145	1.20828
105	151	0.970841
105	152	1.15244
105	153	0.941541
105	158	0.948058
105	160	1.19242
105	162	0.948187
105	167	0.943368
105	168	1.18803
105	169	0.971121
105	171	0.958788
105	172	0.943153
105	174	0.949946
105	176	0.962594
105	177	0.962295
105	178	0.957161
105	179	0.941939
105	180	0.891193
106	9	1.00018
106	13	1.12035
106	29	0.95369
106	32	0.967117
106	45	0.939003
106	50	1.03162
106	68	1.00947
106	72	1.0674
106	87	0.978414
106	92	0.983626
106	97	1.0125
106	103	1.04056
106	108	0.909985
106	110	0.988261
106	115	1.0138
106	120	1.10283
106	124	1.03936
106	132	0.998364
106	137	0.993654
106	165	1.18646
106	171	0.94312
106	179	1.01356
106	180	1.17035
107	5	0.845154
107	24	1.0284
107	28	1.00882
107	36	0.892603
107	45	1.15643
107	48	1.24598
107	59	0.713111
107	67	0.949106
107	86	1.0731
107	92	0.954731
107	104	0.955575
107	139	1.09628
107	141	1.02182
107	150	0.981914
107	152	1.01025
107	158	1.01393
107	168	1.0236
107	170	1.00809
107	175	0.916387
107	176	1.02846
107	177	1.02816
107	178	1.02303
107	179	1.00781
107	180	0.957062
108	74	1.05535
108	106	0.909985
108	114	0.988203
108	131	1.00606
108	133	0.941043
108	141	0.964652
108	144	1.00953
108	146	1.01222
108	151	1.0174
108	153	0.988102
108	159	0.990039
108	160	0.95808
108	165	0.937472
108	167	0.989929
108	169	1.01768
108	171	1.00535
108	172	0.989714
108	173	0.975668
108	174	0.996507
108	176	1.00915
108	177	1.00886
108	178	1.00372
108	179	0.9885
108	180	0.937754
109	2	0.803472
109	21	1.05769
109	97	0.927529
109	128	1.11255
109	135	0.964455
109	136	1.06521
109	140	0.99924
109	144	0.999407
109	146	1.00773
109	153	0.983613
109	158	0.99013
109	161	0.987516
109	162	0.990259
109	167	0.985441
109	169	1.01319
109	171	1.00086
109	172	0.985225
109	173	0.971179
109	174	0.992019
109	176	1.00467
109	177	1.00437
109	178	0.999233
109	179	0.984012
109	180	0.933266
110	32	0.967254
110	68	1.00961
110	85	0.956582
110	87	0.978551
110	90	1.00168
110	99	0.962728
110	102	1.00938
110	106	0.988261
110	115	1.01394
110	137	0.993791
110	139	0.988576
110	141	1.00474
110	144	0.993345
110	151	0.955838
110	158	1.09425
110	160	0.994284
110	162	1.07122
110	165	0.939698
110	167	1.10631
110	168	1.00651
110	170	0.991009
110	173	1.24012
110	177	1.09653
110	178	1.08427
111	7	1.01361
111	64	0.953574
111	86	0.989717
111	118	0.923457
111	135	0.969792
111	139	1.01289
111	140	1.00458
111	146	1.01307
111	152	0.949576
111	158	0.995468
111	159	0.990888
111	162	0.995597
111	164	1.00615
111	167	0.990778
111	170	1.03276
111	171	1.0062
111	172	0.990563
111	173	0.976517
111	174	0.997356
111	176	1.01
111	177	1.00971
111	178	1.00457
111	179	0.989349
111	180	0.938603
112	17	1.30958
112	27	0.971113
112	33	1.00455
112	98	1.01289
112	121	0.974629
112	128	0.967808
112	130	0.986864
112	141	0.995755
112	142	0.99748
112	144	0.984358
112	145	1.00183
112	149	1.00355
112	152	0.984181
112	154	1.00249
112	156	0.985972
112	157	0.986475
112	159	1.08182
112	160	0.985297
112	161	0.975691
112	164	0.97681
112	166	0.990476
112	167	1.06903
112	168	0.997527
112	171	1.06641
113	41	0.961267
113	47	1.04345
113	98	1.01219
113	122	1.00591
113	130	0.986159
113	134	1.23797
113	136	0.986793
113	138	1.00009
113	140	1.07582
113	151	0.936942
113	152	0.983476
113	153	1.09472
113	154	1.00179
113	157	0.98577
113	158	1.07536
113	160	0.984592
113	161	0.974985
113	164	0.976105
113	165	0.930006
113	166	0.989771
113	168	0.996821
113	169	1.064
113	170	0.981318
113	179	1.15522
114	46	0.989409
114	89	0.956758
114	91	1.03592
114	98	1.06464
114	100	1.06043
114	108	0.988203
114	116	0.868409
114	126	0.888998
114	137	1.0052
114	138	1.05255
114	141	1.0475
114	144	1.03611
114	147	1.03642
114	148	1.05794
114	150	1.0076
114	152	1.03593
114	154	1.05424
114	155	0.934451
114	161	1.02744
114	165	0.982461
114	166	1.04223
114	170	1.03377
114	172	1.05911
114	177	1.01419
114	179	1.09178
115	9	1.02586
115	13	1.14603
115	29	0.979366
115	31	1.22822
115	32	0.992794
115	45	0.964679
115	50	1.05729
115	62	1.075
115	68	1.03515
115	72	1.09308
115	87	1.00409
115	92	1.0093
115	97	1.03818
115	103	1.06624
115	106	1.0138
115	110	1.01394
115	120	0.974357
115	132	1.02404
115	137	1.01933
115	139	1.01411
115	167	0.817272
115	171	0.814647
115	172	0.852417
115	175	1.25234
115	179	0.885085
116	52	1.11862
116	81	1.00212
116	91	0.856122
116	114	0.868409
116	117	0.799994
116	125	0.999447
116	131	0.886267
116	134	0.980076
116	150	0.923918
116	151	1.06013
116	153	1.03083
116	158	1.03735
116	162	1.03748
116	164	0.854888
116	166	0.889811
116	167	1.03266
116	169	1.06042
116	171	1.04808
116	173	1.0184
116	174	1.03924
116	176	1.05189
116	177	1.05159
116	178	1.04645
116	179	1.03123
116	180	0.980487
117	6	1.08531
117	41	1.01074
117	116	0.799994
117	131	1.03938
117	134	1.10611
117	137	0.936782
117	140	0.943959
117	141	1.04453
117	142	1.04625
117	148	1.05496
117	150	1.00462
117	154	1.05126
117	157	1.03525
117	160	1.03407
117	161	1.02446
117	163	0.989589
117	164	1.02558
117	166	1.03925
117	168	1.0463
117	169	0.932135
117	170	1.03079
117	173	1.08936
117	175	0.939088
117	177	0.94577
117	180	1.18016
118	47	1.09696
118	100	1.14038
118	111	0.923457
118	140	0.94239
118	142	1.17851
118	146	0.950885
118	150	1.23768
118	151	0.956064
118	152	1.11208
118	153	0.926764
118	158	0.933281
118	159	0.928701
118	167	0.928591
118	169	0.956344
118	170	1.19526
118	171	0.944011
118	172	0.928376
118	173	0.91433
118	174	0.935169
118	176	0.947817
118	177	0.947518
118	178	0.942384
118	179	0.927162
118	180	0.876417
119	22	0.87232
119	28	1.0375
119	39	0.824059
119	90	0.897362
119	129	1.03461
119	131	0.904259
119	133	0.979842
119	146	1.05102
119	153	1.0269
119	156	0.925947
119	158	1.03342
119	161	0.895836
119	162	1.03355
119	167	1.02873
119	169	1.05648
119	170	0.899488
119	171	1.04415
119	172	1.02851
119	173	1.01447
119	174	1.03531
119	176	1.04795
119	177	1.04765
119	178	1.04252
119	179	1.0273
119	180	0.976553
120	23	1.00361
120	35	1.23298
120	36	0.97059
120	45	1.23442
120	53	1.03537
120	80	0.932287
120	86	1.15109
120	102	1.13373
120	106	1.10283
120	115	0.974357
120	136	0.96153
120	141	0.969787
120	147	0.958698
120	155	0.856733
120	156	0.960004
120	157	0.960507
120	161	0.949722
120	166	0.964507
120	168	0.971558
120	172	0.956985
120	173	0.942939
120	176	0.976426
120	177	0.976127
120	178	0.970993
120	179	0.955771
120	180	0.905026
121	34	0.844254
121	64	0.863461
121	70	1.10968
121	90	0.940522
121	112	0.974629
121	126	1.04383
121	134	0.957818
121	135	0.989417
121	146	1.0327
121	150	0.985071
121	151	1.03788
121	153	1.00858
121	156	0.969107
121	157	0.927814
121	158	1.01509
121	159	1.01051
121	167	1.0104
121	171	1.02582
121	172	1.01019
121	173	0.996142
121	174	1.01698
121	176	1.02963
121	177	1.02933
121	178	1.0242
121	179	1.00897
121	180	0.958229
122	19	0.975486
122	21	1.03918
122	29	1.02882
122	36	0.793586
122	42	0.848902
122	70	1.18416
122	77	0.988275
122	78	0.988238
122	86	1.02346
122	87	0.947286
122	94	1.01161
122	102	0.95673
122	113	1.00591
122	139	0.997258
122	150	0.992038
122	159	1.01947
122	161	1.01188
122	163	0.977012
122	164	1.013
122	166	1.02667
122	170	1.01822
122	171	1.03478
122	177	1.03829
122	178	1.03315
122	179	1.01793
122	180	0.967187
123	32	1.0902
123	72	0.628061
123	105	0.948029
123	131	0.999197
123	136	1.06847
123	141	0.957789
123	146	1.02287
123	150	1.03685
123	151	1.02805
123	153	0.998745
123	159	1.00068
123	162	1.00539
123	163	0.958223
123	166	1.00274
123	167	1.00057
123	168	0.946824
123	169	1.02833
123	171	1.01599
123	172	1.00036
123	173	0.986312
123	174	1.00715
123	175	0.907723
123	176	1.0198
123	177	1.0195
123	178	1.01437
123	179	0.999144
123	180	0.948398
124	16	1.06535
124	19	1.08902
124	20	1.1232
124	28	1.26868
124	48	0.92792
124	77	1.22564
124	82	1.28875
124	85	0.921185
124	90	0.966287
124	99	0.927332
124	102	0.973979
124	106	1.03936
124	128	0.941398
124	141	0.969346
124	152	0.957772
124	153	0.954931
124	155	0.856292
124	156	0.959562
124	161	0.949281
124	165	0.904302
124	166	0.964066
124	169	0.984512
124	173	0.942498
124	177	0.975686
124	178	0.970552
124	179	0.95533
124	180	0.904584
125	22	1.0488
125	42	0.907738
125	57	1.23765
125	85	1.16654
125	116	0.999447
125	133	0.91381
125	134	0.910111
125	140	0.976495
125	146	0.98499
125	150	1.11839
125	156	1.10243
125	159	0.962806
125	160	1.03276
125	162	0.967515
125	167	0.962696
125	169	0.99045
125	171	0.978116
125	172	0.962481
125	173	0.948435
125	174	0.969275
125	175	0.869847
125	176	0.981922
125	177	0.981624
125	178	0.976489
125	179	0.961267
125	180	0.910522
126	46	1.05887
126	83	0.79235
126	100	0.847207
126	105	0.976799
126	114	0.888998
126	121	1.04383
126	127	0.877526
126	128	1.02347
126	146	1.05164
126	148	0.826506
126	151	1.05682
126	153	1.02752
126	154	0.859908
126	158	1.03403
126	159	1.02945
126	162	1.03416
126	166	0.910401
126	167	1.02934
126	169	1.0571
126	171	1.04476
126	172	1.02913
126	173	1.01508
126	174	1.03592
126	176	1.04857
126	177	1.04827
126	178	1.04314
126	179	1.02791
126	180	0.977168
127	2	1.05184
127	3	1.07102
127	5	0.825342
127	30	1.11601
127	38	0.97663
127	40	1.09512
127	48	0.960586
127	67	0.929294
127	77	0.958338
127	78	0.958301
127	85	0.953851
127	86	0.99352
127	89	0.945286
127	90	0.998953
127	94	0.981672
127	96	0.973834
127	99	0.959997
127	102	1.00665
127	126	0.877526
127	149	0.979795
127	155	1.52809
127	163	0.947075
127	165	0.936968
127	173	1.14631
127	174	1.02989
127	175	0.896575
127	178	0.99046
127	180	1.2371
128	39	1.0696
128	46	0.935042
128	63	1.00704
128	71	1.08501
128	103	0.996493
128	104	0.92689
128	109	1.11255
128	112	0.967808
128	124	0.941398
128	126	1.02347
128	130	0.984246
128	144	0.981741
128	145	0.999211
128	147	0.982049
128	149	1.09295
128	152	0.981564
128	156	0.983355
128	157	0.983858
128	160	0.98268
128	161	0.973073
128	164	0.974193
128	166	0.987858
128	167	1.15844
128	168	0.994909
128	170	0.979405
128	175	0.887701
128	176	1.126
128	178	1.1364
129	29	0.938939
129	46	1.08403
129	57	1.08894
129	85	1.01782
129	94	0.940103
129	95	1.05347
129	119	1.03461
129	134	0.949211
129	140	1.0156
129	144	0.93549
129	151	1.02927
129	156	0.95371
129	157	0.912417
129	158	1.00649
129	159	1.00191
129	162	1.00662
129	165	0.949339
129	167	1.0018
129	168	0.879649
129	169	1.02955
129	171	1.01722
129	172	1.00158
129	173	0.987535
129	174	1.00837
129	175	0.908947
129	176	1.02102
129	177	1.02072
129	178	1.01559
129	179	1.00037
129	180	0.949622
130	39	1.08866
130	60	1.08934
130	61	1.04644
130	76	0.994564
130	91	1.00061
130	103	0.902126
130	112	0.986864
130	113	0.986159
130	128	0.984246
130	131	1.00705
130	138	1.01724
130	141	1.01219
130	144	1.0008
130	146	0.982379
130	147	1.00111
130	148	1.02262
130	150	0.972284
130	154	1.01893
130	155	0.899141
130	157	1.00291
130	159	1.07686
130	161	0.992129
130	162	1.02899
130	164	0.993249
130	166	1.00691
130	167	1.06407
130	168	1.01397
130	170	0.998461
130	177	1.05429
130	179	1.13188
131	91	1.00436
131	104	0.949689
131	108	1.00606
131	116	0.886267
131	117	1.03938
131	119	0.904259
131	123	0.999197
131	130	1.00705
131	134	1.19239
131	138	1.02098
131	142	1.01766
131	144	1.00454
131	145	1.02201
131	148	1.02637
131	150	0.976028
131	152	1.00436
131	154	1.02268
131	156	1.00615
131	160	1.00548
131	161	0.995873
131	163	0.961002
131	164	0.996993
131	166	1.01066
131	168	1.01771
131	170	1.00221
131	175	0.910501
131	176	1.00939
131	177	1.03204
131	178	1.01979
131	180	1.26643
132	5	1.8501
132	9	1.01042
132	12	0.703914
132	14	1.26224
132	21	0.915945
132	22	0.822255
132	28	0.987433
132	29	0.96393
132	32	0.977357
132	38	0.926477
132	52	0.959684
132	53	0.677064
132	78	0.854572
132	97	1.02274
132	106	0.998364
132	115	1.02404
132	137	1.00389
132	138	1.01989
132	144	1.00345
132	161	0.99478
132	166	1.00956
132	167	1.00226
132	168	1.01662
132	170	1.00111
132	172	1.00204
132	174	1.00884
132	176	1.02148
132	178	1.01605
132	179	1.00083
132	180	0.950083
133	11	1.04471
133	27	1.18461
133	79	1.06502
133	108	0.941043
133	119	0.979842
133	125	0.91381
133	134	0.89444
133	135	0.92604
133	140	0.960825
133	145	1.13496
133	146	0.969319
133	151	0.974498
133	153	0.945198
133	154	1.12014
133	155	0.846559
133	157	1.14748
133	158	0.951715
133	159	0.947136
133	160	1.1191
133	162	0.951844
133	166	1.17063
133	169	0.974779
133	171	0.962445
133	172	0.94681
133	173	0.932764
133	174	0.953604
133	176	0.966251
133	177	0.965953
133	178	0.960818
133	179	0.945597
133	180	0.894851
134	1	0.807914
134	105	0.890782
134	113	1.23797
134	116	0.980076
134	117	1.10611
134	121	0.957818
134	125	0.910111
134	129	0.949211
134	131	1.19239
134	133	0.89444
134	138	1.08472
134	140	0.957125
134	150	1.23004
134	151	0.970799
134	152	1.10443
134	153	0.941499
134	155	0.84286
134	158	0.948016
134	159	0.943436
134	162	0.948145
134	164	1.16101
134	169	0.971079
134	170	1.18762
134	171	0.958746
134	172	0.943111
134	173	0.929065
134	174	0.949904
134	176	0.962552
134	177	0.962253
134	178	0.957119
134	179	0.941897
134	180	0.891152
135	41	1.2117
135	44	0.925926
135	75	0.938928
135	101	0.929937
135	109	0.964455
135	111	0.969792
135	121	0.989417
135	133	0.92604
135	138	0.969246
135	141	1.03551
135	142	1.05539
135	146	0.997219
135	149	0.965296
135	151	1.0024
135	152	0.988959
135	153	0.973099
135	158	0.979615
135	159	0.975036
135	162	0.979745
135	164	1.04554
135	167	0.974926
135	169	1.00268
135	170	1.07214
135	171	0.990346
135	172	0.974711
135	173	0.960665
135	174	0.981504
135	176	0.994152
135	177	0.993853
135	178	0.988719
135	179	0.973497
135	180	0.922751
136	3	1.08184
136	12	1.04068
136	14	0.910144
136	24	1.0194
136	28	0.999822
136	30	1.12683
136	43	1.12105
136	54	0.956461
136	58	1.06656
136	66	0.933131
136	67	0.940111
136	75	0.99671
136	80	0.975329
136	95	0.873154
136	103	1.04879
136	109	1.06521
136	113	0.986793
136	120	0.96153
136	123	1.06847
136	146	1.0294
136	150	0.972918
136	151	0.960625
136	153	1.11841
136	154	1.01957
136	155	0.899775
136	157	1.00355
136	160	1.00237
136	161	0.992763
136	163	0.957892
136	167	1.11109
136	170	0.999096
136	174	1.12849
136	175	0.907392
136	177	1.10131
137	29	0.95922
137	48	0.968709
137	59	1.06433
137	70	0.931143
137	83	0.908549
137	85	0.961974
137	87	0.983944
137	90	1.00708
137	92	0.989156
137	97	1.01803
137	99	0.968121
137	102	1.01477
137	106	0.993654
137	110	0.993791
137	114	1.0052
137	115	1.01933
137	117	0.936782
137	132	1.00389
137	138	0.915386
137	141	0.981647
137	142	1.00153
137	144	1.02652
137	157	1.00345
137	160	0.975074
137	161	1.01463
137	165	0.945091
137	171	1.01297
137	173	0.983287
137	174	1.00413
137	176	1.01677
137	177	1.01648
137	178	1.01134
137	179	0.996119
137	180	0.945373
138	7	1.02236
138	17	1.1747
138	27	1.00149
138	61	0.916521
138	79	1.06398
138	98	1.04327
138	113	1.00009
138	114	1.05255
138	130	1.01724
138	131	1.02098
138	132	1.01989
138	134	1.08472
138	135	0.969246
138	137	0.915386
138	140	0.922563
138	141	1.02613
138	142	1.02785
138	144	1.01473
138	145	1.0322
138	148	1.03656
138	150	0.986218
138	152	1.01455
138	156	1.01634
138	157	1.01685
138	160	1.01567
138	161	1.00606
138	164	1.00718
138	166	1.02085
138	167	0.934153
138	168	1.0279
138	170	1.0124
138	172	0.969297
138	177	0.924374
138	178	0.91212
138	180	1.15876
139	2	1.05475
139	16	0.993735
139	19	0.995079
139	20	0.997858
139	32	0.967432
139	35	0.971689
139	36	1.07707
139	42	1.07753
139	44	1.04958
139	45	0.939318
139	48	0.963494
139	59	1.05911
139	68	1.00978
