1	53	0.644437
1	91	0.674795
1	105	0.755331
1	152	0.743028
1	154	0.741062
1	157	0.753438
1	160	0.691474
1	172	0.646664
1	173	0.686731
1	176	0.664906
1	178	0.686427
1	179	0.71229
2	12	0.90694
2	26	0.994557
2	55	0.972476
2	64	0.999659
2	67	1.73417
2	72	1.02149
2	156	0.968829
2	159	0.970551
2	172	2.28603
2	178	0.992132
2	180	0.864002
3	41	0.779413
3	49	0.827672
3	50	0.843029
3	95	0.876744
3	113	0.86531
3	116	0.863382
3	121	0.806064
3	131	0.83636
3	132	0.838278
3	133	0.864176
3	153	2.32287
3	169	2.35515
4	49	0.920463
4	73	0.892733
4	95	0.969534
4	113	0.9581
4	118	0.943347
4	121	0.898854
4	128	1.13279
4	131	0.929151
4	132	0.931068
4	133	0.956966
4	174	1.26257
4	177	2.77322
5	13	0.921454
5	40	0.895087
5	44	0.990554
5	56	1.11593
5	57	0.94871
5	86	0.964937
5	107	0.963269
5	114	0.954988
5	136	0.884098
5	165	1.73829
5	170	2.31005
5	180	0.876689
6	8	0.919402
6	16	0.919543
6	17	0.8935
6	18	0.893481
6	21	0.919562
6	32	0.919572
6	46	1.00709
6	47	0.963461
6	67	1.89914
6	159	0.962671
6	172	2.451
6	173	0.979672
7	9	3.6
7	35	0.958467
7	40	0.876937
7	69	0.985969
7	86	0.946786
7	101	0.927832
7	107	0.945119
7	114	0.936837
7	135	0.602935
7	156	0.963366
7	160	1.1109
7	180	0.858538
8	6	0.919402
8	16	0.832151
8	17	0.806107
8	18	0.806089
8	21	0.832169
8	32	0.83218
8	46	0.9197
8	47	0.876069
8	137	1.56969
8	159	0.875279
8	176	2.80365
9	7	3.6
9	119	0.721872
9	130	0.796368
9	151	0.765354
9	153	0.76936
9	164	0.763932
9	169	0.780154
9	170	0.748863
9	174	0.759252
9	175	0.760483
9	178	0.754266
9	179	0.780129
10	51	0.948783
10	79	0.864291
10	92	0.94953
10	96	1.00946
10	102	0.935516
10	104	0.935508
10	105	0.973421
10	112	1.47046
10	119	2.78598
10	167	0.878538
10	172	0.864753
10	173	0.90482
11	113	1.17023
11	122	0.903996
11	148	0.837469
11	149	1.40803
11	158	0.868992
11	165	0.865919
11	168	0.854825
11	171	0.819858
11	176	0.798211
11	177	0.785591
11	178	0.819732
11	179	0.845595
12	2	0.90694
12	26	0.878944
12	55	0.856862
12	64	0.884046
12	72	0.905874
12	94	1.79311
12	127	0.809906
12	135	2.51521
12	156	0.853216
12	159	0.854937
12	180	0.748388
13	5	0.921454
13	35	0.850144
13	57	0.822237
13	69	0.877646
13	86	0.838463
13	93	1.95667
13	101	0.819509
13	107	0.836796
13	114	0.828514
13	156	0.855043
13	166	2.68314
13	180	0.750216
14	76	0.933228
14	92	0.958894
14	97	0.959607
14	102	0.94488
14	104	0.944871
14	105	0.982784
14	119	2.34703
14	137	1.06453
14	150	1.73705
14	167	0.887901
14	172	0.874117
14	173	0.914184
15	84	0.878224
15	92	0.851817
15	96	0.911748
15	97	0.85253
15	102	0.837802
15	104	0.837794
15	105	0.875707
15	158	2.32665
15	166	2.32089
15	167	0.780824
15	172	0.767039
15	173	0.807106
16	6	0.919543
16	8	0.832151
16	17	0.806248
16	18	0.80623
16	21	0.83231
16	32	0.832321
16	46	0.919841
16	47	0.87621
16	123	1.81833
16	145	2.40715
16	159	0.87542
17	6	0.8935
17	8	0.806107
17	16	0.806248
17	18	0.780186
17	21	0.806267
17	32	0.806278
17	46	0.893798
17	47	0.850167
17	58	0.827387
17	59	0.780876
17	159	0.849376
17	168	2.16391
17	171	2.7835
18	6	0.893481
18	8	0.806089
18	16	0.80623
18	17	0.780186
18	21	0.806248
18	32	0.806259
18	46	0.893779
18	47	0.850148
18	58	0.827368
18	59	0.780857
18	67	1.46669
18	147	5.88079
18	159	0.849357
19	35	0.935408
19	40	0.853877
19	57	0.9075
19	69	0.96291
19	86	0.923727
19	101	0.904772
19	107	0.922059
19	114	0.913778
19	137	1.7711
19	156	0.940306
19	165	1.81552
19	169	1.92355
19	180	0.835479
20	109	1.34607
20	110	1.50659
20	125	0.858133
20	145	0.856568
20	165	0.8611
20	168	0.850007
20	170	0.80951
20	171	0.815039
20	174	0.819899
20	176	0.793392
20	177	0.780772
20	178	0.814913
20	179	0.840776
21	6	0.919562
21	8	0.832169
21	16	0.83231
21	17	0.806267
21	18	0.806248
21	32	0.832339
21	46	0.91986
21	47	0.876228
21	81	2.24406
21	125	2.04007
21	159	0.875438
22	76	0.814667
22	84	0.86674
22	92	0.840333
22	96	0.900264
22	97	0.841046
22	102	0.826319
22	104	0.82631
22	105	0.864223
22	130	2.3587
22	167	0.76934
22	172	0.755556
22	173	0.795623
22	179	2.60633
23	118	0.884105
23	132	1.993
23	161	0.863415
23	163	0.813873
23	165	0.866295
23	169	0.845996
23	170	0.814705
23	171	0.820234
23	174	0.825093
23	176	0.798587
23	177	0.785967
23	178	0.820108
23	179	0.845971
24	54	0.699332
24	81	0.731183
24	85	0.71304
24	117	0.732934
24	155	0.692859
24	165	0.726971
24	168	0.715877
24	171	0.68091
24	174	0.685769
24	175	0.687001
24	177	0.646643
24	178	0.680784
24	179	0.706647
25	39	0.89373
25	57	0.913389
25	69	0.968799
25	86	0.929616
25	101	0.910662
25	107	0.927948
25	114	0.919667
25	127	1.23429
25	136	0.848777
25	156	0.946196
25	168	1.723
25	170	2.47745
25	180	0.841368
26	2	0.994557
26	12	0.878944
26	55	0.94448
26	64	0.971663
26	72	0.993492
26	80	0.694757
26	127	0.897523
26	150	2.41483
26	156	0.940833
26	159	0.942554
26	166	1.96054
26	180	0.836006
27	115	0.80101
27	132	0.788514
27	152	0.8717
27	158	0.946275
27	164	0.90668
27	168	0.932108
27	169	0.922903
27	170	0.891612
27	174	0.902001
27	175	0.903232
27	176	0.875494
27	178	0.897015
27	179	0.922878
28	83	1.75526
28	134	0.91644
28	138	0.897387
28	139	0.899106
28	141	0.92372
28	143	0.923536
28	145	1.46526
28	146	0.911252
28	149	0.89413
28	152	0.908992
28	154	0.907027
28	157	0.919402
28	166	2.20139
29	70	0.693049
29	100	3.38704
29	132	0.79354
29	133	0.819439
29	147	0.666371
29	156	0.808988
29	158	0.794737
29	159	0.810709
29	166	0.752211
29	170	0.740073
29	171	0.745602
29	179	0.771339
29	180	0.704161
30	115	1.8196
30	139	1.09002
30	151	0.832321
30	160	0.826279
30	165	0.867419
30	166	0.827967
30	170	0.815829
30	171	0.821358
30	174	0.826218
30	175	0.827449
30	177	0.787091
30	178	0.821232
30	179	0.847095
31	34	0.86446
31	68	0.823294
31	95	0.873655
31	98	0.815455
31	116	0.860293
31	121	0.802975
31	131	0.833272
31	132	0.835189
31	133	0.861087
31	137	0.822558
31	147	0.708019
31	176	2.18502
31	180	2.79948
32	6	0.919572
32	8	0.83218
32	16	0.832321
32	17	0.806278
32	18	0.806259
32	21	0.832339
32	46	0.91987
32	47	0.876239
32	159	0.875449
32	169	1.98725
32	175	2.39621
33	38	0.336586
33	99	1.20931
33	103	0.810021
33	112	0.932449
33	120	0.896835
33	150	0.903236
33	162	0.928212
33	171	0.910595
33	175	0.916686
33	176	0.888948
33	177	0.876328
33	178	0.910469
33	179	0.936332
34	31	0.86446
34	68	0.901586
34	75	0.930076
34	98	0.893747
34	116	0.938585
34	118	0.925759
34	121	0.881267
34	131	0.911563
34	132	0.91348
34	133	0.939379
34	153	1.05611
34	171	1.41727
34	172	3.0824
35	7	0.958467
35	13	0.850144
35	19	0.935408
35	44	0.919245
35	57	0.8774
35	86	0.893627
35	101	0.874672
35	107	0.891959
35	114	0.883678
35	156	0.910206
35	167	2.61279
35	169	1.61158
35	179	1.61245
35	180	0.805379
36	41	0.756661
36	73	0.777191
36	75	0.832122
36	95	0.853992
36	98	0.795793
36	113	0.842558
36	116	0.840631
36	117	2.1909
36	118	0.827805
36	131	0.813609
36	132	0.815526
36	133	0.841425
36	137	0.802895
36	153	3.06363
37	49	3.33091
37	91	0.737201
37	128	0.786026
37	130	0.790934
37	144	0.766039
37	162	0.766575
37	169	0.77472
37	171	0.748958
37	172	0.709069
37	175	0.755049
37	176	0.727311
37	177	0.714691
37	178	0.748832
37	179	0.774695
38	33	0.336586
38	124	0.887113
38	134	0.906805
38	138	0.887752
38	142	0.909715
38	143	0.913901
38	146	0.901617
38	149	0.884496
38	150	2.17267
38	152	0.899357
38	154	0.897392
38	157	0.909767
38	172	0.802993
38	176	2.73412
39	25	0.89373
39	107	0.844392
39	114	0.836111
39	121	0.814978
39	131	0.845274
39	133	0.87309
39	134	1.70883
39	157	1.42717
39	170	0.793724
39	171	0.799253
39	176	0.777607
39	177	0.764986
39	178	0.799127
39	180	0.757812
40	5	0.895087
40	7	0.876937
40	19	0.853877
40	44	0.837714
40	57	0.795869
40	69	0.851279
40	101	0.793142
40	107	0.810429
40	114	0.802147
40	123	1.18892
40	136	0.731257
40	147	6.71921
40	156	0.828676
40	180	0.723848
41	3	0.779413
41	36	0.756661
41	74	0.850977
41	77	0.843252
41	93	0.831332
41	113	0.852377
41	116	0.850449
41	117	1.79188
41	118	0.837623
41	131	0.823428
41	132	0.825345
41	133	0.851243
41	136	3.45238
41	147	0.698175
42	75	0.900339
42	78	1.36692
42	95	0.92221
42	98	0.86401
42	113	0.910776
42	116	0.908848
42	118	0.896022
42	121	0.85153
42	131	0.881827
42	132	0.883744
42	133	0.909642
42	137	0.871113
42	168	1.82031
42	173	2.6337
43	76	0.80144
43	84	0.853512
43	92	0.827105
43	96	0.887036
43	97	0.827819
43	102	0.813091
43	104	0.813083
43	105	0.850996
43	151	2.69557
43	156	0.845603
43	167	0.756113
43	172	0.742328
43	173	0.782395
43	179	2.57552
44	5	0.990554
44	35	0.919245
44	40	0.837714
44	86	0.907564
44	99	0.882601
44	101	0.88861
44	107	0.905896
44	114	0.897615
44	136	0.826725
44	140	0.763725
44	156	0.924143
44	160	2.44757
44	167	2.61262
44	180	0.819316
45	109	0.806729
45	115	0.786078
45	134	0.827119
45	138	0.808067
45	139	0.809786
45	140	2.54212
45	141	0.834399
45	143	0.834215
45	146	0.821931
45	149	0.80481
45	152	0.819671
45	154	0.817706
45	157	0.830082
45	161	2.69481
46	6	1.00709
46	8	0.9197
46	16	0.919841
46	17	0.893798
46	18	0.893779
46	21	0.91986
46	32	0.91987
46	47	0.96376
46	122	1.11772
46	151	1.75715
46	159	0.962969
46	178	2.33634
47	6	0.963461
47	8	0.876069
47	16	0.87621
47	17	0.850167
47	18	0.850148
47	21	0.876228
47	32	0.876239
47	46	0.96376
47	58	0.897348
47	59	0.850838
47	130	1.77827
47	145	1.35467
47	159	0.919338
47	163	2.61257
48	72	0.561464
48	134	0.86894
48	145	0.905853
48	149	1.50364
48	158	0.913458
48	164	0.873863
48	166	0.870932
48	168	0.899291
48	169	0.890086
48	174	0.869184
48	175	0.870415
48	177	0.830057
48	178	0.864198
48	179	0.890061
48	180	0.822882
49	3	0.827672
49	4	0.920463
49	37	3.33091
49	73	0.835269
49	77	0.891512
49	91	1.61791
49	98	0.853871
49	113	0.900636
49	116	0.898709
49	118	0.885883
49	121	0.841391
49	131	0.871687
49	132	0.873605
49	133	0.899503
49	169	0.816559
50	3	0.843029
50	62	0.927259
50	75	0.905557
50	98	0.869228
50	106	0.781232
50	113	0.915993
50	118	0.90124
50	119	0.808503
50	121	0.856748
50	131	0.887044
50	132	0.888961
50	133	0.91486
50	162	1.81097
50	167	2.41975
50	170	1.88227
51	10	0.948783
51	82	1.69301
51	84	0.903769
51	92	0.877362
51	96	0.937293
51	97	0.878075
51	102	0.863348
51	104	0.86334
51	105	0.901252
51	125	1.45696
51	150	2.82054
51	156	0.89586
51	167	0.806369
51	172	0.792585
51	173	0.832652
52	100	0.853322
52	138	0.872927
52	139	0.874647
52	141	0.89926
52	142	0.89489
52	143	0.899076
52	146	0.886792
52	149	0.869671
52	152	0.884532
52	154	0.882567
52	157	0.894942
52	172	0.788168
52	176	1.96577
52	177	2.56942
52	178	1.58438
53	1	0.644437
53	144	0.763299
53	151	0.75718
53	157	3.97502
53	158	0.795353
53	160	0.751139
53	164	0.755758
53	165	0.792279
53	166	0.752827
53	168	0.781186
53	175	0.752309
53	176	0.724571
53	177	0.711951
53	178	0.746092
53	179	0.771955
54	24	0.699332
54	143	1.71148
54	148	0.824367
54	157	1.72328
54	161	0.849937
54	165	0.852817
54	166	0.813364
54	169	0.832517
54	171	0.806756
54	174	0.811615
54	175	0.812847
54	176	0.785109
54	177	0.772489
54	178	0.80663
54	179	0.832493
55	2	0.972476
55	12	0.856862
55	26	0.94448
55	64	0.949582
55	72	0.971411
55	99	0.877209
55	127	0.875442
55	130	1.39716
55	156	0.918752
55	159	0.920473
55	160	2.48008
55	179	1.64479
55	180	0.813924
56	5	1.11593
56	111	1.25658
56	145	0.90549
56	146	1.10885
56	161	0.907142
56	166	0.87057
56	168	0.898929
56	169	0.889723
56	171	0.863961
56	174	0.868821
56	175	0.870053
56	176	0.842315
56	177	0.829694
56	178	0.863835
56	179	0.889698
57	5	0.94871
57	13	0.822237
57	19	0.9075
57	25	0.913389
57	35	0.8774
57	40	0.795869
57	69	0.904902
57	86	0.865719
57	107	0.864051
57	114	0.85577
57	136	0.78488
57	137	1.89952
57	156	0.882299
57	161	1.35698
57	176	3.13348
57	180	0.777471
58	17	0.827387
58	18	0.827368
58	47	0.897348
58	75	0.907612
58	131	0.990496
58	132	1.40644
58	141	0.902654
58	149	0.873065
58	154	0.885961
58	157	0.898336
58	159	0.896558
58	169	0.857213
58	171	0.831451
58	174	0.836311
58	176	0.809804
58	179	0.857188
59	17	0.780876
59	18	0.780857
59	47	0.850838
59	72	1.99443
59	74	1.67304
59	101	0.812792
59	107	0.830079
59	114	0.821798
59	148	0.802551
59	159	0.850048
59	174	0.7898
59	175	0.791032
59	177	0.750674
59	178	0.784814
59	179	0.810677
59	180	0.743499
60	100	0.774196
60	123	2.63677
60	126	0.796617
60	134	0.812854
60	138	0.793801
60	139	0.79552
60	141	0.820133
60	142	0.815763
60	143	0.819949
60	146	0.807666
60	148	3.07394
60	149	0.790544
60	152	0.805405
60	154	0.80344
60	157	0.815816
60	173	0.749109
61	70	5.1
61	90	0.854434
61	100	0.838539
61	103	0.873978
61	134	0.877196
61	139	0.859863
61	142	0.880106
61	143	0.884292
61	146	0.872008
61	149	0.854887
61	152	0.869748
61	154	0.867783
61	157	0.880158
61	164	0.847771
61	167	0.787168
61	179	0.602592
62	50	0.927259
62	74	0.94814
62	77	0.940415
62	89	0.579206
62	95	0.960974
62	113	0.94954
62	116	0.947612
62	118	0.934786
62	121	0.890294
62	131	0.920591
62	132	0.922508
62	133	0.948406
62	137	0.909877
62	158	0.967902
62	172	2.89038
62	180	2.59234
63	80	1.28879
63	115	0.910082
63	125	1.64528
63	134	0.951124
63	138	0.932071
63	139	0.93379
63	140	1.64112
63	142	0.954034
63	143	0.95822
63	146	0.945936
63	149	0.928814
63	152	0.943676
63	154	0.94171
63	157	0.954086
63	168	2.19809
63	172	0.847311
64	2	0.999659
64	12	0.884046
64	26	0.971663
64	55	0.949582
64	68	0.918593
64	72	0.998594
64	93	0.936475
64	99	0.904392
64	106	3.44328
64	127	0.902625
64	130	0.806695
64	156	0.945935
64	159	0.947656
64	165	0.945423
64	178	1.75357
64	180	0.841108
65	92	1.73863
65	111	1.06638
65	139	0.828585
65	140	0.931653
65	145	0.880375
65	153	0.853814
65	165	0.884907
65	169	0.864608
65	170	0.833317
65	171	0.838846
65	172	0.798957
65	174	0.843706
65	175	0.844937
65	176	0.817199
65	177	0.804579
65	178	0.83872
65	179	0.864583
66	97	0.844949
66	113	0.576348
66	126	0.68551
66	129	0.963415
66	144	0.927321
66	152	0.979032
66	155	0.92219
66	164	0.91978
66	170	0.904712
66	171	0.91024
66	173	0.910418
66	174	0.9151
66	175	0.916332
66	176	0.888594
66	177	0.875974
66	178	0.910114
66	179	0.935977
67	2	1.73417
67	6	1.89914
67	18	1.46669
67	122	0.921056
67	160	0.841839
67	161	0.880098
67	163	0.830556
67	164	0.846457
67	166	0.843526
67	168	0.871885
67	169	0.862679
67	174	0.841777
67	175	0.843009
67	176	0.815271
67	177	0.802651
67	178	0.836791
67	179	0.862654
68	31	0.823294
68	34	0.901586
68	64	0.918593
68	76	1.42816
68	121	0.840101
68	131	0.870398
68	132	0.872315
68	149	1.02162
68	152	1.18651
68	156	0.887763
68	159	0.889484
68	170	0.818848
68	175	0.830468
68	177	0.79011
68	178	0.824251
68	179	0.850114
68	180	0.782935
69	7	0.985969
69	13	0.877646
69	19	0.96291
69	25	0.968799
69	40	0.851279
69	57	0.904902
69	83	0.922419
69	86	0.921129
69	94	0.923965
69	101	0.902174
69	107	0.919461
69	114	0.91118
69	156	0.937708
69	169	1.30278
69	172	3.29679
69	173	1.82546
69	180	0.832881
70	29	0.693049
70	61	5.1
70	128	0.772848
70	140	0.828587
70	148	0.753391
70	153	0.750748
70	162	0.753397
70	163	0.729419
70	164	0.74532
70	166	0.742389
70	171	0.73578
70	174	0.74064
70	175	0.741871
70	176	0.714133
70	177	0.701513
70	178	0.735654
70	179	0.761517
71	84	2.32353
71	87	1.35616
71	125	0.836036
71	145	0.834471
71	160	0.797864
71	164	0.802482
71	168	0.82791
71	169	0.818704
71	171	0.792943
71	174	0.797802
71	175	0.799034
71	176	0.771296
71	177	0.758676
71	178	0.792817
71	179	0.81868
71	180	0.751501
72	2	1.02149
72	12	0.905874
72	26	0.993492
72	48	0.561464
72	55	0.971411
72	59	1.99443
72	64	0.998594
72	93	0.958304
72	99	0.926221
72	122	0.923882
72	127	0.924454
72	155	2.08309
72	156	0.967764
72	159	0.969485
72	180	0.862936
73	4	0.892733
73	36	0.777191
73	49	0.835269
73	75	0.86247
73	77	0.863781
73	81	2.0383
73	95	0.88434
73	98	0.826141
73	113	0.872906
73	118	0.858153
73	121	0.813661
73	129	2.07481
73	131	0.843957
73	132	0.845874
73	133	0.871773
73	137	0.833243
73	147	0.718705
73	174	2.85234
74	41	0.850977
74	59	1.67304
74	62	0.94814
74	75	0.926437
74	77	0.927749
74	94	0.617264
74	98	0.890108
74	106	0.802113
74	113	0.936874
74	116	0.934946
74	118	0.92212
74	119	0.829383
74	121	0.877628
74	131	0.907925
74	132	0.909842
74	133	0.93574
74	172	3.11501
74	173	1.64368
75	34	0.930076
75	36	0.832122
75	42	0.900339
75	50	0.905557
75	58	0.907612
75	73	0.86247
75	74	0.926437
75	98	0.881072
75	113	0.927837
75	116	0.92591
75	118	0.913084
75	121	0.868591
75	131	0.898888
75	132	0.900805
75	133	0.926703
75	153	1.93516
75	168	1.67673
75	173	2.49012
76	14	0.933228
76	22	0.814667
76	43	0.80144
76	68	1.42816
76	84	0.878851
76	92	0.852444
76	96	0.912375
76	97	0.853157
76	102	0.83843
76	104	0.838422
76	105	0.876334
76	127	2.01168
76	136	0.773523
76	156	0.870942
76	167	0.781451
76	172	0.767667
76	173	0.807734
76	174	2.96562
77	41	0.843252
77	49	0.891512
77	62	0.940415
77	73	0.863781
77	74	0.927749
77	95	0.940583
77	113	0.929149
77	116	0.927221
77	118	0.914395
77	119	0.821658
77	120	2.41175
77	121	0.869903
77	131	0.9002
77	132	0.902117
77	133	0.928015
77	155	1.2984
77	164	1.53163
77	177	2.34285
78	42	1.36692
78	116	0.719003
78	123	0.953128
78	148	0.900509
78	151	0.893861
78	156	0.866847
78	158	0.932033
78	159	0.852928
78	161	0.926079
78	163	0.876537
78	165	0.928959
78	166	0.889507
78	171	0.882898
78	174	0.887758
78	175	0.888989
78	177	0.848631
78	178	0.882772
78	179	0.908635
79	10	0.864291
79	104	1.92608
79	105	0.377353
79	150	0.884413
79	153	0.906739
79	157	0.676565
79	161	0.934952
79	162	0.909389
79	164	0.901311
79	166	0.89838
79	168	0.926739
79	169	0.917533
79	170	0.886242
79	175	0.897862
79	176	0.870125
79	177	0.857504
79	178	0.891645
79	179	0.917508
80	26	0.694757
80	63	1.28879
80	90	1.18197
80	132	1.26625
80	148	0.904623
80	150	0.879653
80	158	0.936146
80	165	0.933072
80	166	0.89362
80	168	0.921979
80	169	0.912773
80	170	0.881483
80	171	0.887012
80	174	0.891871
80	175	0.893103
80	176	0.865365
80	178	0.886886
80	179	0.912749
81	21	2.24406
81	24	0.731183
81	73	2.0383
81	96	0.577772
81	150	0.831249
81	155	0.850556
81	158	0.887741
81	160	0.843528
81	161	0.881788
81	162	0.856224
81	163	0.832246
81	168	0.873575
81	169	0.864369
81	174	0.843467
81	175	0.844698
81	176	0.81696
81	177	0.80434
81	178	0.838481
82	51	1.69301
82	102	1.73462
82	140	0.912335
82	146	1.23177
82	151	0.830491
82	153	0.834497
82	158	0.868663
82	161	0.86271
82	166	0.826137
82	168	0.854496
82	170	0.814
82	171	0.819528
82	172	0.779639
82	174	0.824388
82	175	0.82562
82	176	0.797882
82	177	0.785262
82	178	0.819403
82	179	0.845266
83	28	1.75526
83	69	0.922419
83	95	0.884486
83	117	0.924933
83	144	0.889989
83	157	1.08784
83	162	0.890526
83	163	0.866547
83	164	0.882448
83	165	0.918969
83	166	0.879517
83	168	0.907876
83	169	0.89867
83	170	0.86738
83	171	0.872908
83	174	0.877768
83	176	0.851262
83	178	0.872782
83	179	0.898645
84	15	0.878224
84	22	0.86674
84	43	0.853512
84	51	0.903769
84	71	2.32353
84	76	0.878851
84	92	0.904517
84	96	0.964448
84	97	0.90523
84	102	0.890503
84	104	0.890494
84	105	0.928407
84	137	1.63768
84	140	0.94245
84	156	0.923014
84	163	2.37768
84	167	0.833524
84	172	0.81974
84	173	0.859807
85	24	0.71304
85	99	0.842307
85	101	0.848316
85	114	0.857321
85	131	1.41518
85	132	1.83113
85	133	0.949224
85	136	0.786431
85	142	0.887297
85	143	0.891483
85	152	0.876939
85	154	0.874973
85	157	0.887349
85	160	0.825385
85	174	0.825323
85	176	0.798817
85	177	0.786197
85	178	0.820337
85	180	0.779022
86	5	0.964937
86	7	0.946786
86	13	0.838463
86	19	0.923727
86	25	0.929616
86	35	0.893627
86	44	0.907564
86	57	0.865719
86	69	0.921129
86	101	0.862992
86	107	0.880278
86	114	0.871997
86	136	0.801107
86	156	0.898526
86	160	2.02909
86	164	2.06687
86	167	2.19414
86	175	1.6019
86	180	0.793698
87	71	1.35616
87	109	0.880202
87	111	0.879995
87	120	2.57682
87	124	0.880901
87	126	0.884356
87	134	0.900593
87	138	0.88154
87	139	0.88326
87	141	0.907873
87	142	0.903503
87	146	0.895405
87	149	0.878284
87	152	0.893145
87	154	0.89118
87	157	0.903555
87	158	0.894294
87	173	0.836848
87	180	2.51873
88	131	1.01337
88	135	0.897653
88	144	0.883363
88	150	0.858924
88	151	0.877244
88	152	1.5125
88	153	0.88125
88	154	0.866123
88	156	0.573999
88	161	0.909463
88	163	0.859921
88	168	0.90125
88	169	0.892044
88	170	0.860753
88	171	0.866282
88	174	0.871142
88	175	0.872373
88	176	0.844635
88	177	0.832015
88	179	0.892019
89	62	0.579206
89	130	0.900852
89	133	1.2672
89	139	1.43202
89	140	0.951683
89	143	1.13924
89	145	0.900405
89	151	0.869839
89	153	0.873845
89	155	0.870826
89	163	0.852515
89	164	0.868416
89	165	0.904937
89	169	0.884638
89	170	0.853348
89	174	0.863736
89	176	0.83723
89	177	0.82461
89	178	0.85875
89	179	0.884613
90	61	0.854434
90	80	1.18197
90	109	0.873027
90	111	0.87282
90	115	0.852376
90	124	0.873725
90	134	0.893417
90	135	2.18304
90	138	0.874364
90	139	0.876084
90	141	0.900697
90	143	0.900513
90	145	1.71162
90	146	0.888229
90	149	0.871108
90	152	0.885969
90	154	0.884004
90	157	0.896379
90	166	2.44775
90	167	0.80339
91	1	0.674795
91	37	0.737201
91	49	1.61791
91	105	4.11745
91	129	0.829751
91	147	0.697345
91	153	0.791544
91	155	0.788525
91	160	0.781497
91	162	0.794193
91	164	0.786116
91	165	0.822637
91	166	0.783185
91	169	0.802338
91	170	0.771047
91	174	0.781436
91	175	0.782667
91	176	0.754929
91	177	0.742309
91	178	0.77645
91	179	0.802313
92	10	0.94953
92	14	0.958894
92	15	0.851817
92	22	0.840333
92	43	0.827105
92	51	0.877362
92	65	1.73863
92	76	0.852444
92	84	0.904517
92	97	0.878823
92	102	0.864096
92	104	0.864087
92	105	0.902
92	125	1.8157
92	127	1.8798
92	136	0.799189
92	144	2.31191
92	156	0.896607
92	167	0.807117
92	172	0.793333
92	173	0.8334
93	13	1.95667
93	41	0.831332
93	64	0.936475
93	72	0.958304
93	114	0.458388
93	121	0.857984
93	131	0.88828
93	132	0.890197
93	133	0.916096
93	138	1.07726
93	141	1.21612
93	147	0.763028
93	155	0.854208
93	156	0.905645
93	159	0.907366
93	164	0.851799
93	176	0.820613
93	177	0.807992
93	178	0.842133
93	179	0.867996
93	180	0.800818
94	12	1.79311
94	69	0.923965
94	74	0.617264
94	101	0.865827
94	104	1.79668
94	107	0.883114
94	108	0.882522
94	114	0.874833
94	126	0.885662
94	131	1.12928
94	148	0.855586
94	149	0.879589
94	152	0.894451
94	157	0.904861
94	163	0.831614
94	165	0.884036
94	170	0.832447
94	177	0.803709
94	178	0.837849
94	179	0.863712
94	180	0.796534
95	3	0.876744
95	4	0.969534
95	31	0.873655
95	36	0.853992
95	42	0.92221
95	62	0.960974
95	73	0.88434
95	77	0.940583
95	83	0.884486
95	98	0.902942
95	113	0.949708
95	116	0.94778
95	118	0.934954
95	121	0.890462
95	128	1.30957
95	131	0.920759
95	132	0.922676
95	133	0.948574
95	155	1.90555
95	166	1.33061
95	180	2.96081
96	10	1.00946
96	15	0.911748
96	22	0.900264
96	43	0.887036
96	51	0.937293
96	76	0.912375
96	81	0.577772
96	84	0.964448
96	97	0.938754
96	102	0.924027
96	104	0.924018
96	105	0.961931
96	136	0.85912
96	155	1.85801
96	156	0.956538
96	158	1.28884
96	163	1.80485
96	167	0.867048
96	172	0.853263
96	173	0.893331
96	180	2.91328
97	14	0.959607
97	15	0.85253
97	22	0.841046
97	43	0.827819
97	51	0.878075
97	66	0.844949
97	76	0.853157
97	84	0.90523
97	92	0.878823
97	96	0.938754
97	102	0.864809
97	104	0.8648
97	105	0.902713
97	127	1.63594
97	136	0.799902
97	137	2.26292
97	156	0.897321
97	167	0.80783
97	172	0.794046
97	173	0.834113
97	178	3.11549
98	31	0.815455
98	34	0.893747
98	36	0.795793
98	42	0.86401
98	49	0.853871
98	50	0.869228
98	73	0.826141
98	74	0.890108
98	75	0.881072
98	95	0.902942
98	113	0.891508
98	116	0.889581
98	118	0.876755
98	121	0.832262
98	129	1.4549
98	131	0.862559
98	132	0.864476
98	133	0.890374
98	151	2.17884
98	173	2.5806
98	174	2.23243
99	33	1.20931
99	44	0.882601
99	55	0.877209
99	64	0.904392
99	72	0.926221
99	85	0.842307
99	101	0.838028
99	107	0.855315
99	114	0.847034
99	143	0.881195
99	146	0.868912
99	148	1.70334
99	149	0.85179
99	152	0.866651
99	153	2.49306
99	154	0.864686
99	156	0.873562
99	157	0.877062
99	159	0.875283
99	165	2.41731
99	180	0.768735
100	29	3.38704
100	52	0.853322
100	60	0.774196
100	61	0.838539
100	103	0.874304
100	110	0.85137
100	115	0.83648
100	134	0.877522
100	138	0.858469
100	139	0.860189
100	140	1.07429
100	141	0.884802
100	142	0.880432
100	143	0.884618
100	149	0.855213
100	152	0.870074
100	154	0.868109
100	157	0.880484
100	159	0.878706
100	165	1.81395
100	169	1.92198
100	172	0.77371
101	7	0.927832
101	13	0.819509
101	19	0.904772
101	25	0.910662
101	35	0.874672
101	40	0.793142
101	44	0.88861
101	59	0.812792
101	69	0.902174
101	85	0.848316
101	86	0.862992
101	94	0.865827
101	99	0.838028
101	107	0.861324
101	114	0.853043
101	136	0.782153
101	137	1.49456
101	151	1.76793
101	156	0.879571
101	173	2.16969
101	177	3.33217
101	180	0.774744
102	10	0.935516
102	14	0.94488
102	15	0.837802
102	22	0.826319
102	43	0.813091
102	51	0.863348
102	76	0.83843
102	82	1.73462
102	84	0.890503
102	92	0.864096
102	96	0.924027
102	97	0.864809
102	104	0.850073
102	105	0.887986
102	136	0.785175
102	151	2.46302
102	156	0.882593
102	161	1.64711
102	167	0.793103
102	172	0.779318
102	173	0.819385
102	179	2.34297
103	33	0.810021
103	61	0.873978
103	100	0.874304
103	110	0.88681
103	115	0.87192
103	122	1.60754
103	124	0.89327
103	127	0.869114
103	134	0.912962
103	138	0.893909
103	139	0.895628
103	141	0.920241
103	142	0.915871
103	143	0.920058
103	146	0.907774
103	149	0.890652
103	152	0.905513
103	154	0.903548
103	157	0.915924
103	165	2.01802
103	171	2.45492
103	173	0.849217
103	179	2.12692
104	10	0.935508
104	14	0.944871
104	15	0.837794
104	22	0.82631
104	43	0.813083
104	51	0.86334
104	76	0.838422
104	79	1.92608
104	84	0.890494
104	92	0.864087
104	94	1.79668
104	96	0.924018
104	97	0.8648
104	102	0.850073
104	105	0.887977
104	127	1.93829
104	136	0.785166
104	148	1.89572
104	156	0.882585
104	167	0.793094
104	172	0.77931
104	173	0.819377
105	1	0.755331
105	10	0.973421
105	14	0.982784
105	15	0.875707
105	22	0.864223
105	43	0.850996
105	51	0.901252
105	76	0.876334
105	79	0.377353
105	84	0.928407
105	91	4.11745
105	92	0.902
105	96	0.961931
105	97	0.902713
105	102	0.887986
105	104	0.887977
105	136	0.823079
105	156	0.920498
105	162	1.56142
105	167	0.831007
105	172	0.817223
105	173	0.85729
105	175	1.57795
105	179	1.16986
106	50	0.781232
106	64	3.44328
106	74	0.802113
106	114	3.50893
106	117	0.780567
106	121	0.744267
106	131	0.774564
106	132	0.776481
106	133	0.802379
106	137	0.76385
106	139	0.775132
106	143	0.799562
106	146	0.787278
106	149	0.770156
106	153	0.743511
106	154	0.783052
106	155	0.740492
106	157	0.795428
106	171	0.728542
106	174	0.733402
106	175	0.734634
106	176	0.706896
106	177	0.694276
106	178	0.728416
106	179	0.754279
107	5	0.963269
107	7	0.945119
107	13	0.836796
107	19	0.922059
107	25	0.927948
107	35	0.891959
107	39	0.844392
107	40	0.810429
107	44	0.905896
107	57	0.864051
107	59	0.830079
107	69	0.919461
107	86	0.880278
107	94	0.883114
107	99	0.855315
107	101	0.861324
107	114	0.870329
107	136	0.79944
107	155	2.38628
107	156	0.896858
107	161	1.0506
107	163	2.33313
107	170	2.20932
107	175	2.15455
107	180	0.792031
108	94	0.882522
108	109	0.876412
108	110	0.870651
108	111	0.876205
108	124	0.877111
108	126	0.880566
108	134	0.896803
108	138	0.87775
108	139	0.879469
108	140	1.13331
108	141	0.904082
108	142	0.899712
108	143	0.903899
108	146	0.891615
108	149	0.874493
108	152	0.889354
108	154	0.887389
108	157	0.899765
108	162	2.37342
108	165	1.87296
108	167	0.806775
108	170	2.44472
108	171	2.30987
108	172	0.79299
108	173	0.833058
109	20	1.34607
109	45	0.806729
109	87	0.880202
109	90	0.873027
109	108	0.876412
109	110	0.869637
109	111	0.875191
109	115	0.854748
109	126	0.879552
109	134	0.895789
109	138	0.876736
109	139	0.878456
109	141	0.903069
109	142	0.898699
109	143	0.902885
109	146	0.890601
109	149	0.87348
109	152	0.888341
109	154	0.886376
109	157	0.898751
109	158	1.89358
109	171	2.15092
109	172	0.791977
109	174	1.99655
109	175	2.23101
110	20	1.50659
110	100	0.85137
110	103	0.88681
110	108	0.870651
110	109	0.869637
110	111	0.86943
110	115	0.848986
110	119	0.793585
110	124	0.870336
110	126	0.873791
110	128	2.02729
110	138	0.870975
110	139	0.872695
110	141	0.897308
110	142	0.892938
110	143	0.897124
110	145	1.3122
110	146	0.88484
110	149	0.867719
110	152	0.88258
110	154	0.880615
110	157	0.89299
110	167	0.8
110	169	1.98257
110	173	0.826283
110	176	3.06407
111	56	1.25658
111	65	1.06638
111	87	0.879995
111	90	0.87282
111	108	0.876205
111	109	0.875191
111	110	0.86943
111	115	0.85454
111	123	0.727799
111	126	0.879345
111	134	0.895582
111	138	0.876529
111	139	0.878249
111	141	0.902862
111	142	0.898492
111	146	0.890394
111	147	0.752427
111	152	0.888134
111	154	0.886169
111	157	0.898544
111	159	0.896766
111	163	2.57452
111	167	0.805554
111	172	0.79177
111	173	0.831837
111	180	3.68294
112	10	1.47046
112	33	0.932449
112	126	2.07046
112	129	0.863362
112	135	0.841559
112	143	1.27094
112	150	0.802829
112	151	0.82115
112	155	0.822137
112	158	0.859322
112	159	1.41156
112	160	0.815109
112	161	0.853369
112	163	0.803827
112	164	0.819727
112	165	0.856249
112	166	0.816796
112	169	0.83595
112	170	0.804659
112	171	0.810188
112	174	0.815047
112	175	0.816279
112	176	0.788541
112	177	0.775921
112	178	0.810062
112	179	0.835925
113	3	0.86531
113	4	0.9581
113	11	1.17023
113	36	0.842558
113	41	0.852377
113	42	0.910776
113	49	0.900636
113	50	0.915993
113	62	0.94954
113	66	0.576348
113	73	0.872906
113	74	0.936874
113	75	0.927837
113	77	0.929149
113	95	0.949708
113	98	0.891508
113	116	0.936346
113	118	0.92352
113	121	0.879028
113	131	0.909324
113	132	0.911242
113	133	0.93714
113	158	2.2183
113	161	1.45178
113	168	1.85606
113	173	2.66945
114	5	0.954988
114	7	0.936837
114	13	0.828514
114	19	0.913778
114	25	0.919667
114	35	0.883678
114	39	0.836111
114	40	0.802147
114	44	0.897615
114	57	0.85577
114	59	0.821798
114	69	0.91118
114	85	0.857321
114	86	0.871997
114	93	0.458388
114	94	0.874833
114	99	0.847034
114	101	0.853043
114	106	3.50893
114	107	0.870329
114	136	0.791158
114	156	0.888577
114	163	1.70664
114	167	2.1203
114	173	1.64178
114	180	0.783749
115	27	0.80101
115	30	1.8196
115	45	0.786078
115	63	0.910082
115	90	0.852376
115	100	0.83648
115	103	0.87192
115	109	0.854748
115	110	0.848986
115	111	0.85454
115	124	0.855446
115	126	0.858901
115	128	2.52349
115	134	0.875138
115	138	0.856085
115	139	0.857805
115	141	0.882418
115	142	0.878048
115	146	0.86995
115	148	1.65676
115	149	0.852829
115	152	0.86769
115	154	0.865725
115	157	0.8781
115	159	0.876322
115	171	2.80764
115	173	0.811393
116	3	0.863382
116	31	0.860293
116	34	0.938585
116	36	0.840631
116	41	0.850449
116	42	0.908848
116	49	0.898709
116	62	0.947612
116	74	0.934946
116	75	0.92591
116	77	0.927221
116	78	0.719003
116	95	0.94778
116	98	0.889581
116	113	0.936346
116	118	0.921593
116	121	0.8771
116	131	0.907397
116	132	0.909314
116	133	0.935213
116	136	2.21859
116	137	0.896683
116	147	0.782145
116	153	1.43083
116	173	1.98579
116	175	1.87207
116	176	2.54461
117	24	0.732934
117	36	2.1909
117	41	1.79188
117	83	0.924933
117	106	0.780567
117	121	1.4756
117	130	0.882333
117	135	0.871728
117	140	0.933164
117	142	0.631443
117	145	0.881886
117	148	0.857968
117	150	0.832999
117	153	0.855326
117	156	0.705939
117	160	0.845279
117	161	0.883539
117	162	0.857975
117	165	0.886418
117	168	0.875325
117	170	0.834829
117	171	0.840357
117	174	0.845217
117	175	0.846449
117	176	0.818711
117	177	0.806091
117	178	0.840232
117	179	0.866095
118	4	0.943347
118	23	0.884105
118	34	0.925759
118	36	0.827805
118	41	0.837623
118	42	0.896022
118	49	0.885883
118	50	0.90124
118	62	0.934786
118	73	0.858153
118	74	0.92212
118	75	0.913084
118	77	0.914395
118	95	0.934954
118	98	0.876755
118	113	0.92352
118	116	0.921593
118	119	0.81603
118	120	3.11143
118	131	0.894571
118	132	0.896488
118	133	0.922387
118	137	0.883857
118	147	0.769319
118	167	2.35858
118	168	1.06666
118	170	1.8211
118	173	1.88005
119	9	0.721872
119	10	2.78598
119	14	2.34703
119	50	0.808503
119	74	0.829383
119	77	0.821658
119	110	0.793585
119	118	0.81603
119	131	0.801834
119	132	0.803751
119	133	0.82965
119	141	0.827016
119	143	0.826832
119	147	0.676582
119	149	0.797427
119	150	0.748455
119	152	0.812288
119	154	0.810323
119	156	2.741
119	157	0.822698
119	160	0.760734
119	164	0.765353
119	170	0.750284
119	171	0.755813
119	175	0.761904
119	177	0.721546
119	178	0.755687
119	179	0.78155
120	33	0.896835
120	77	2.41175
120	87	2.57682
120	118	3.11143
120	122	0.858712
120	128	0.811641
120	147	0.695342
120	148	0.792184
120	150	0.767215
120	151	0.785535
120	158	0.823708
120	161	0.817754
120	162	0.79219
120	163	0.768212
120	164	0.784113
120	165	0.820634
120	166	0.781182
120	169	0.800335
120	170	0.769044
120	171	0.774573
120	174	0.779433
120	175	0.780664
120	176	0.752926
120	177	0.740306
120	178	0.774447
120	179	0.80031
120	180	0.733132
121	3	0.806064
121	4	0.898854
121	31	0.802975
121	34	0.881267
121	39	0.814978
121	42	0.85153
121	49	0.841391
121	50	0.856748
121	62	0.890294
121	68	0.840101
121	73	0.813661
121	74	0.877628
121	75	0.868591
121	77	0.869903
121	93	0.857984
121	95	0.890462
121	98	0.832262
121	106	0.744267
121	113	0.879028
121	116	0.8771
121	117	1.4756
121	131	0.850079
121	132	0.851996
121	133	0.877894
121	135	2.18168
121	147	0.724826
121	161	1.68563
121	167	3.38182
121	168	2.0899
122	11	0.903996
122	46	1.11772
122	67	0.921056
122	72	0.923882
122	103	1.60754
122	120	0.858712
122	141	1.35832
122	142	1.01795
122	145	0.914
122	148	0.890083
122	150	0.865113
122	151	0.883434
122	158	0.921606
122	159	1.07852
122	160	0.877393
122	161	0.915653
122	162	0.890089
122	163	0.866111
122	166	0.87908
122	168	0.907439
122	169	0.898233
122	170	0.866943
122	171	0.872472
122	175	0.878563
122	176	0.850825
122	177	0.838205
122	178	0.872346
122	179	0.898209
122	180	0.83103
123	16	1.81833
123	40	1.18892
123	60	2.63677
123	78	0.953128
123	111	0.727799
123	130	0.900539
123	133	0.325188
123	144	0.875644
123	145	0.900091
123	148	0.876174
123	151	0.869525
123	152	1.29028
123	153	0.873531
123	155	0.870512
123	158	0.907697
123	160	0.863484
123	161	0.901744
123	162	0.87618
123	163	0.852202
123	165	0.904624
123	168	0.89353
123	169	0.884325
123	170	0.853034
123	171	0.858563
123	172	0.818674
123	174	0.863423
123	176	0.836916
123	177	0.824296
123	178	0.858437
123	179	0.8843
124	38	0.887113
124	87	0.880901
124	90	0.873725
124	103	0.89327
124	108	0.877111
124	110	0.870336
124	115	0.855446
124	126	0.880251
124	127	0.852641
124	134	0.896488
124	138	0.877435
124	139	0.879154
124	141	0.903768
124	142	0.899397
124	143	0.903584
124	144	1.22247
124	146	0.8913
124	149	0.874178
124	152	0.88904
124	154	0.887074
124	157	0.89945
124	158	1.64132
124	159	0.897672
124	164	2.44372
124	167	0.80646
124	172	0.792675
124	173	0.832743
124	175	1.97875
124	176	2.6513
124	178	2.2699
125	20	0.858133
125	21	2.04007
125	51	1.45696
125	63	1.64528
125	71	0.836036
125	92	1.8157
125	135	0.862798
125	140	0.924234
125	145	0.872956
125	147	0.752196
125	149	1.54104
125	150	0.824068
125	153	0.846395
125	155	0.843376
125	158	0.880561
125	160	0.836348
125	161	0.874608
125	162	0.849044
125	163	0.825066
125	164	0.840966
125	169	0.857189
125	170	0.825898
125	171	0.831427
125	174	0.836287
125	175	0.837518
125	176	0.80978
125	177	0.79716
125	178	0.831301
125	179	0.857164
125	180	0.789985
126	60	0.796617
126	66	0.68551
126	87	0.884356
126	94	0.885662
126	108	0.880566
126	109	0.879552
126	110	0.873791
126	111	0.879345
126	112	2.07046
126	115	0.858901
126	124	0.880251
126	134	0.899943
126	136	3.01142
126	138	0.88089
126	139	0.882609
126	140	1.40825
126	141	0.907223
126	142	0.902852
126	143	0.907039
126	146	0.894755
126	149	0.877633
126	152	0.892495
126	154	0.890529
126	157	0.902905
126	159	0.901127
126	161	1.56095
126	166	2.3217
126	167	0.809915
126	172	0.79613
126	173	0.836198
127	12	0.809906
127	25	1.23429
127	26	0.897523
127	55	0.875442
127	64	0.902625
127	72	0.924454
127	76	2.01168
127	92	1.8798
127	97	1.63594
127	103	0.869114
127	104	1.93829
127	124	0.852641
127	139	0.854999
127	142	0.875242
127	149	0.850023
127	152	0.864884
127	154	0.862919
127	156	0.871795
127	157	0.875295
127	159	0.873516
127	169	0.834171
127	171	0.808409
127	174	0.813269
127	175	0.814501
127	176	0.786763
127	177	0.774143
127	178	0.808283
127	179	0.834146
127	180	0.766968
128	4	1.13279
128	37	0.786026
128	70	0.772848
128	95	1.30957
128	110	2.02729
128	115	2.52349
128	120	0.811641
128	130	0.867377
128	135	0.856772
128	137	0.860708
128	139	1.79391
128	145	0.86693
128	148	0.843012
128	153	0.840369
128	155	0.83735
128	158	0.874536
128	160	0.830322
128	161	0.868582
128	162	0.843018
128	163	0.81904
128	166	0.83201
128	168	0.860369
128	169	0.851163
128	170	0.819872
128	171	0.825401
128	174	0.830261
128	175	0.831492
128	176	0.803754
128	177	0.791134
128	178	0.825275
128	179	0.851138
129	66	0.963415
129	73	2.07481
129	91	0.829751
129	98	1.4549
129	112	0.863362
129	130	0.883484
129	135	0.872879
129	138	1.13495
129	141	1.2738
129	148	0.859119
129	151	0.85247
129	153	0.856476
129	155	0.853457
129	157	0.865183
129	158	0.890642
129	159	0.994009
129	160	0.846429
129	161	0.884689
129	162	0.859125
129	163	0.835147
129	164	0.851047
129	166	0.848116
129	168	0.876475
129	169	0.86727
129	170	0.835979
129	171	0.841508
129	174	0.846367
129	175	0.847599
129	176	0.819861
129	177	0.807241
129	178	0.841382
129	179	0.867245
129	180	0.800066
130	9	0.796368
130	22	2.3587
130	37	0.790934
130	47	1.77827
130	55	1.39716
130	64	0.806695
130	89	0.900852
130	117	0.882333
130	123	0.900539
130	128	0.867377
130	129	0.883484
130	135	0.86168
130	140	0.923116
130	146	1.59248
130	148	0.84792
130	150	0.822951
130	151	0.841271
130	155	0.842258
130	157	1.22144
130	158	0.879444
130	160	0.83523
130	161	0.87349
130	163	0.823948
130	164	0.839849
130	165	0.87637
130	166	0.836918
130	168	0.865277
130	170	0.82478
130	171	0.830309
130	174	0.835169
130	175	0.8364
130	177	0.796042
130	178	0.830183
130	179	0.856046
131	3	0.83636
131	4	0.929151
131	31	0.833272
131	34	0.911563
131	36	0.813609
131	39	0.845274
131	41	0.823428
131	42	0.881827
131	49	0.871687
131	50	0.887044
131	58	0.990496
131	62	0.920591
131	68	0.870398
131	73	0.843957
131	74	0.907925
131	75	0.898888
131	77	0.9002
131	85	1.41518
131	88	1.01337
131	93	0.88828
131	94	1.12928
131	95	0.920759
131	98	0.862559
131	106	0.774564
131	113	0.909324
131	116	0.907397
131	118	0.894571
131	119	0.801834
131	121	0.850079
131	132	0.882293
131	133	0.908191
131	137	0.869662
131	145	1.37996
131	147	0.755123
131	155	2.69103
131	177	3.73548
132	3	0.838278
132	4	0.931068
132	23	1.993
132	27	0.788514
132	29	0.79354
132	31	0.835189
132	34	0.91348
132	36	0.815526
132	41	0.825345
132	42	0.883744
132	49	0.873605
132	50	0.888961
132	58	1.40644
132	62	0.922508
132	68	0.872315
132	73	0.845874
132	74	0.909842
132	75	0.900805
132	77	0.902117
132	80	1.26625
132	85	1.83113
132	93	0.890197
132	95	0.922676
132	98	0.864476
132	106	0.776481
132	113	0.911242
132	116	0.909314
132	118	0.896488
132	119	0.803751
132	121	0.851996
132	131	0.882293
132	133	0.910108
132	137	0.871579
132	147	0.75704
132	148	1.64426
132	175	2.87523
133	3	0.864176
133	4	0.956966
133	29	0.819439
133	31	0.861087
133	34	0.939379
133	36	0.841425
133	39	0.87309
133	41	0.851243
133	42	0.909642
133	49	0.899503
133	50	0.91486
133	62	0.948406
133	73	0.871773
133	74	0.93574
133	75	0.926703
133	77	0.928015
133	85	0.949224
133	89	1.2672
133	93	0.916096
133	95	0.948574
133	98	0.890374
133	106	0.802379
133	113	0.93714
133	116	0.935213
133	118	0.922387
133	119	0.82965
133	121	0.877894
133	123	0.325188
133	131	0.908191
133	132	0.910108
133	137	0.897477
133	147	0.782938
133	160	2.42052
133	162	1.9768
133	172	3.57838
133	174	1.75887
133	179	1.58524
134	28	0.91644
134	38	0.906805
134	39	1.70883
134	45	0.827119
134	48	0.86894
134	60	0.812854
134	61	0.877196
134	63	0.951124
134	87	0.900593
134	90	0.893417
134	100	0.877522
134	103	0.912962
134	108	0.896803
134	109	0.895789
134	111	0.895582
134	115	0.875138
134	124	0.896488
134	126	0.899943
134	135	1.55092
134	138	0.897127
134	139	0.898846
134	141	0.923459
134	142	0.919089
134	143	0.923276
134	146	0.910992
134	147	0.773025
134	149	0.89387
134	152	0.908732
134	154	0.906766
134	157	0.919142
134	158	1.82139
134	164	2.6238
134	167	0.826152
134	170	2.2136
134	171	2.07874
134	172	0.812367
134	173	0.852435
134	179	1.75074
135	7	0.602935
135	12	2.51521
135	88	0.897653
135	90	2.18304
135	112	0.841559
135	117	0.871728
135	121	2.18168
135	125	0.862798
135	128	0.856772
135	129	0.872879
135	130	0.86168
135	134	1.55092
135	138	1.53903
135	144	0.836785
135	145	0.861233
135	147	0.740473
135	150	0.812346
135	151	0.830666
135	153	0.834672
135	155	0.831653
135	161	0.862885
135	162	0.837322
135	163	0.813343
135	164	0.829244
135	165	0.865765
135	166	0.826313
135	168	0.854672
135	169	0.845466
135	170	0.814175
135	171	0.819704
135	173	0.819882
135	174	0.824564
135	175	0.825795
135	176	0.798057
135	177	0.785437
135	178	0.819578
135	179	0.845441
136	5	0.884098
136	25	0.848777
136	40	0.731257
136	41	3.45238
136	44	0.826725
136	57	0.78488
