1	24	1.04167
1	31	1.0098
1	45	0.981885
1	58	0.97021
1	61	0.975023
1	63	0.953384
1	132	0.908699
1	139	0.950836
1	141	0.97404
1	171	1.46003
1	177	1.87381
1	179	0.875675
2	16	1.00393
2	26	1.01811
2	40	1.0606
2	48	1.06487
2	49	1.06026
2	51	1.06479
2	53	1.06478
2	62	1.11208
2	150	1.22465
2	167	1.13
2	172	1.34506
2	176	1.16459
3	125	1.04267
3	144	1.08276
3	146	1.07338
3	154	1.06931
3	155	1.07234
3	156	1.07401
3	160	1.15219
3	161	1.08076
3	163	1.07523
3	167	1.0018
3	170	1.32527
3	173	1.37872
4	16	1.00393
4	26	1.01811
4	40	1.0606
4	48	1.06487
4	49	1.06026
4	51	1.06479
4	53	1.06478
4	62	1.11208
4	110	0.54036
4	128	1.01527
4	176	1.16459
4	179	2.05355
5	8	1.05054
5	11	1.05277
5	19	1.03126
5	20	1.0306
5	23	1.13119
5	38	1.10447
5	52	1.08782
5	137	1.3014
5	158	1.13259
5	159	1.01512
5	164	1.1204
5	171	1.33511
6	11	1.15791
6	92	1.00885
6	105	0.635185
6	133	1.00719
6	142	0.968289
6	157	0.961006
6	165	0.947995
6	168	0.949253
6	171	0.962013
6	177	0.935666
6	178	0.933013
6	180	0.904954
7	24	1.04533
7	44	0.99716
7	45	0.985552
7	58	0.973878
7	61	0.97869
7	63	0.957051
7	78	1.26834
7	138	0.89422
7	139	0.954504
7	141	0.977708
7	157	1.87455
7	179	0.879342
8	5	1.05054
8	11	0.929494
8	19	0.90799
8	20	0.907327
8	23	1.00792
8	37	0.994069
8	52	0.964547
8	135	1.55992
8	140	0.963239
8	158	1.00931
8	159	0.891852
8	166	1.74808
9	21	1.00371
9	30	0.98855
9	35	0.975783
9	74	0.982933
9	111	0.95915
9	139	0.933176
9	158	0.999985
9	159	0.882523
9	167	0.895875
9	168	1.52864
9	169	1.75948
9	176	1.04575
10	43	0.978563
10	50	0.974362
10	57	0.953222
10	64	0.939802
10	67	0.921056
10	73	0.976792
10	75	0.983506
10	79	0.97856
10	97	0.942858
10	106	1.57839
10	167	1.76613
10	175	0.926965
11	5	1.05277
11	6	1.15791
11	8	0.929494
11	19	0.910215
11	20	0.909551
11	37	0.996293
11	38	0.98342
11	52	0.966772
11	59	1.55099
11	140	0.965463
11	158	1.01154
11	159	0.894076
12	33	0.91408
12	42	0.98585
12	54	0.972045
12	69	0.95526
12	71	0.970576
12	72	1.03714
12	83	0.992111
12	139	1.5033
12	158	1.01951
12	167	1.75856
12	174	0.86295
12	175	0.937369
13	87	0.965676
13	90	0.95922
13	101	0.92539
13	109	1.95931
13	122	0.952882
13	126	0.943603
13	151	1.37418
13	154	0.965566
13	155	0.968597
13	156	0.970267
13	161	0.977021
13	163	0.971491
14	46	1.04026
14	47	1.05567
14	55	1.03556
14	57	1.042
14	64	1.02858
14	67	1.00983
14	73	1.06557
14	79	1.06734
14	97	1.03164
14	136	1.11707
14	145	1.67053
14	148	1.14413
14	175	1.01574
15	83	0.851762
15	123	0.788979
15	132	0.770215
15	135	0.849902
15	136	0.829104
15	156	0.847263
15	161	0.854017
15	163	0.848487
15	174	0.722601
15	175	0.79702
15	177	0.75589
15	178	0.753237
15	180	0.725178
16	2	1.00393
16	4	1.00393
16	26	0.875746
16	40	0.918237
16	48	0.922509
16	49	0.917903
16	51	0.922433
16	53	0.922416
16	62	0.969717
16	93	1.20611
16	111	0.935631
16	162	2.36776
16	176	1.02223
17	40	1.02811
17	41	0.848055
17	49	1.02777
17	62	1.07959
17	83	1.05894
17	125	1.02311
17	155	1.05277
17	157	1.42994
17	163	1.05566
17	164	1.53303
17	174	0.929776
17	175	1.00419
17	176	1.1321
18	43	0.967508
18	47	0.955836
18	50	0.963307
18	55	0.935724
18	57	0.942167
18	64	0.928746
18	67	0.910001
18	75	0.972451
18	79	0.967505
18	97	0.931803
18	128	1.48077
18	145	2.02184
18	175	0.91591
19	5	1.03126
19	8	0.90799
19	11	0.910215
19	20	0.888047
19	23	0.988636
19	37	0.974789
19	38	0.961916
19	52	0.945268
19	118	0.880875
19	140	0.943959
19	158	0.990035
19	159	0.872572
19	179	2.47979
20	5	1.0306
20	8	0.907327
20	11	0.909551
20	19	0.888047
20	23	0.987973
20	37	0.974126
20	38	0.961253
20	52	0.944605
20	68	1.87816
20	94	1.31616
20	140	0.943296
20	158	0.989372
20	159	0.871909
21	9	1.00371
21	35	1.07088
21	74	1.07803
21	111	1.05425
21	118	0.637412
21	139	1.02828
21	145	0.978891
21	153	1.70776
21	158	1.09508
21	159	0.977622
21	164	1.39961
21	167	0.990975
21	176	1.14085
22	32	0.980261
22	115	0.905318
22	121	0.943721
22	122	0.941983
22	143	0.973034
22	154	0.954667
22	155	0.957698
22	156	0.959367
22	161	0.966122
22	162	1.33349
22	163	0.960592
22	174	0.834706
22	180	2.46267
23	5	1.13119
23	8	1.00792
23	19	0.988636
23	20	0.987973
23	37	1.07472
23	38	1.06184
23	52	1.04519
23	91	0.691646
23	140	1.04389
23	158	1.08996
23	159	0.972498
23	174	2.49295
23	177	1.03203
24	1	1.04167
24	7	1.04533
24	31	1.10753
24	45	1.07962
24	58	1.06794
24	63	1.05112
24	80	1.0584
24	114	1.0967
24	132	1.00643
24	138	0.988286
24	139	1.04857
24	178	1.84773
24	179	0.973408
25	39	1.01443
25	81	1.02895
25	125	1.01439
25	133	1.01281
25	141	0.896466
25	144	1.05448
25	146	1.0451
25	154	1.04103
25	155	1.04406
25	156	1.04573
25	161	1.05248
25	162	2.12218
25	163	1.04695
26	2	1.01811
26	4	1.01811
26	16	0.875746
26	40	0.932409
26	48	0.93668
26	49	0.932075
26	51	0.936605
26	53	0.936588
26	62	0.983889
26	149	1.43755
26	169	1.86299
26	176	1.0364
27	46	1.06118
27	55	1.05648
27	67	1.03076
27	73	1.0865
27	75	1.09321
27	79	1.08826
27	97	1.05256
27	100	1.27674
27	118	0.793696
27	140	1.07274
27	157	1.4528
27	175	1.03667
28	75	0.534148
28	97	0.551998
28	100	1.0998
28	142	1.05258
28	146	0.27795
28	147	1.05942
28	166	1.06227
28	168	1.03355
28	171	1.0463
28	173	1.00072
28	177	1.01996
28	178	1.01731
28	180	0.989246
29	87	0.932782
29	126	0.910708
29	135	1.10978
29	143	0.951039
29	144	0.946124
29	146	0.936748
29	154	0.932672
29	155	0.935703
29	156	0.937372
29	161	0.944127
29	163	0.938597
29	173	2.4412
29	176	1.01504
30	9	0.98855
30	35	1.05572
30	74	1.06287
30	114	0.989694
30	124	0.984209
30	138	1.64849
30	139	1.01311
30	145	0.96373
30	152	0.880728
30	158	1.07992
30	159	0.962461
30	167	0.975814
30	169	1.60931
30	176	1.12569
31	1	1.0098
31	24	1.10753
31	44	1.05936
31	45	1.04775
31	58	1.03608
31	61	1.04089
31	63	1.01925
31	123	0.886203
31	132	0.974564
31	138	0.956418
31	141	1.03991
31	145	0.849131
31	174	2.59904
31	179	0.94154
32	22	0.980261
32	89	1.02342
32	102	1.04818
32	108	1.02872
32	146	1.04783
32	149	1.06846
32	153	1.14558
32	155	1.04678
32	156	1.04845
32	161	1.05521
32	163	1.04968
32	173	1.91635
32	174	0.923791
32	179	0.938382
33	12	0.91408
33	42	0.952266
33	54	0.93846
33	69	0.921675
33	71	0.936992
33	72	1.00356
33	83	0.958527
33	140	0.939852
33	141	0.942322
33	142	1.67395
33	158	0.985928
33	171	1.96712
33	174	0.829366
33	175	0.903785
34	55	0.775108
34	93	1.04879
34	109	1.00003
34	129	1.05672
34	145	0.995963
34	152	1.03588
34	154	0.262857
34	156	0.536937
34	157	1.01422
34	160	0.991679
34	164	1.03805
34	166	1.0312
34	172	1.00642
34	180	0.958172
35	9	0.975783
35	21	1.07088
35	30	1.05572
35	60	0.784549
35	74	1.05011
35	80	0.988963
35	139	1.00035
35	145	0.950963
35	158	1.06716
35	159	0.949695
35	165	1.74168
35	167	0.963047
35	172	1.58294
35	176	1.11292
36	44	2.31717
36	117	0.906202
36	134	0.887137
36	148	0.915162
36	152	0.882858
36	157	0.861204
36	159	0.841674
36	164	0.885032
36	168	0.849451
36	170	0.819833
36	172	0.853405
36	177	0.835864
36	178	0.833211
36	180	0.805152
37	8	0.994069
37	11	0.996293
37	19	0.974789
37	20	0.974126
37	23	1.07472
37	38	1.048
37	52	1.03135
37	90	1.03317
37	140	1.03004
37	142	1.36591
37	148	1.25748
37	158	1.07611
37	159	0.958651
37	175	1.43798
38	5	1.10447
38	11	0.98342
38	19	0.961916
38	20	0.961253
38	23	1.06184
38	37	1.048
38	52	1.01847
38	90	1.02029
38	109	1.48044
38	124	1.18556
38	140	1.01717
38	158	1.06324
38	159	0.945778
38	177	1.60797
39	25	1.01443
39	41	1.12322
39	70	1.00947
39	85	1.41669
39	107	0.981353
39	126	0.969596
39	143	1.00993
39	144	1.00501
39	155	0.99459
39	156	0.99626
39	161	1.00301
39	163	0.997484
39	166	1.74386
39	167	0.92405
39	176	1.07392
40	2	1.0606
40	4	1.0606
40	16	0.918237
40	17	1.02811
40	26	0.932409
40	48	0.979171
40	49	0.974566
40	51	0.979096
40	53	0.979079
40	62	1.02638
40	111	0.992294
40	114	1.35501
40	124	1.61066
40	164	1.40458
40	176	1.07889
41	17	0.848055
41	39	1.12322
41	65	1.14054
41	68	1.05578
41	90	0.5623
41	147	1.00414
41	148	1.04398
41	149	0.999042
41	169	0.962903
41	171	0.991025
41	172	0.982219
41	173	0.945435
41	177	0.964678
41	178	0.962025
41	180	0.933966
42	12	0.98585
42	33	0.952266
42	54	1.01023
42	69	0.993445
42	71	1.00876
42	72	1.07533
42	80	1.25237
42	83	1.0303
42	124	1.54631
42	140	1.01162
42	141	1.01409
42	158	1.0577
42	172	1.61327
42	174	0.901136
42	175	0.975555
43	10	0.978563
43	18	0.967508
43	46	1.00319
43	57	1.00493
43	64	0.991509
43	66	1.00092
43	67	0.972764
43	75	1.03521
43	79	1.03027
43	97	0.994566
43	116	1.28755
43	140	1.01474
43	165	1.64258
43	171	1.42551
43	175	0.978672
44	7	0.99716
44	31	1.05936
44	36	2.31717
44	45	1.03145
44	58	1.01977
44	61	1.02458
44	63	1.00294
44	111	1.02637
44	132	0.958259
44	137	0.940472
44	138	0.940113
44	139	1.0004
44	141	1.0236
44	166	0.695137
44	179	0.925235
45	1	0.981885
45	7	0.985552
45	24	1.07962
45	31	1.04775
45	44	1.03145
45	58	1.00816
45	59	1.03222
45	61	1.01297
45	63	0.991336
45	111	1.01476
45	113	0.799145
45	132	0.946651
45	141	1.01199
45	169	2.31481
45	179	0.913627
46	14	1.04026
46	27	1.06118
46	43	1.00319
46	50	0.998985
46	55	0.971403
46	57	0.977846
46	73	1.00141
46	75	1.00813
46	79	1.00318
46	97	0.967482
46	134	1.12113
46	140	0.987656
46	159	1.64321
46	169	1.65634
46	175	0.951588
47	14	1.05567
47	18	0.955836
47	50	1.0144
47	55	0.986814
47	56	1.57235
47	60	1.04358
47	64	0.979836
47	67	0.961091
47	73	1.01683
47	75	1.02354
47	79	1.01859
47	97	0.982893
47	140	1.00307
47	167	1.6269
47	175	0.966999
48	2	1.06487
48	4	1.06487
48	16	0.922509
48	26	0.93668
48	40	0.979171
48	49	0.978838
48	51	0.983367
48	53	0.983351
48	62	1.03065
48	66	0.977502
48	95	0.554463
48	111	0.996566
48	160	2.09075
48	168	1.66398
48	176	1.08316
49	2	1.06026
49	4	1.06026
49	16	0.917903
49	17	1.02777
49	26	0.932075
49	40	0.974566
49	48	0.978838
49	51	0.978762
49	53	0.978745
49	62	1.02605
49	111	0.99196
49	112	1.5462
49	113	0.891357
49	167	1.80851
49	176	1.07856
50	10	0.974362
50	18	0.963307
50	46	0.998985
50	47	1.0144
50	64	0.987308
50	67	0.968562
50	73	1.0243
50	75	1.03101
50	79	1.02607
50	97	0.990364
50	140	1.01054
50	141	0.723587
50	175	0.974471
50	177	1.71429
50	179	1.92252
51	2	1.06479
51	4	1.06479
51	16	0.922433
51	26	0.936605
51	40	0.979096
51	48	0.983367
51	49	0.978762
51	53	0.983275
51	62	1.03058
51	66	0.977426
51	111	0.99649
51	116	1.60485
51	127	0.943954
51	145	1.86761
51	176	1.08309
52	5	1.08782
52	8	0.964547
52	11	0.966772
52	19	0.945268
52	20	0.944605
52	23	1.04519
52	37	1.03135
52	38	1.01847
52	90	1.00364
52	137	1.38361
52	140	1.00052
52	158	1.04659
52	159	0.92913
52	175	1.19623
52	177	1.8311
53	2	1.06478
53	4	1.06478
53	16	0.922416
53	26	0.936588
53	40	0.979079
53	48	0.983351
53	49	0.978745
53	51	0.983275
53	62	1.03056
53	66	0.97741
53	95	0.453713
53	104	0.717503
53	111	0.996473
53	174	3.22701
53	176	1.08307
54	12	0.972045
54	33	0.93846
54	42	1.01023
54	69	0.97964
54	71	0.994956
54	72	1.06152
54	83	1.01649
54	127	0.858183
54	132	0.934945
54	140	0.997816
54	141	1.00029
54	152	1.37022
54	158	1.04389
54	174	0.88733
54	175	0.961749
54	179	2.27905
55	14	1.03556
55	18	0.935724
55	27	1.05648
55	34	0.775108
55	46	0.971403
55	47	0.986814
55	64	0.959725
55	66	0.969132
55	67	0.94098
55	73	0.996715
55	75	1.00343
55	79	0.998483
55	97	0.962782
55	129	1.36468
55	149	1.84826
55	175	0.946888
56	47	1.57235
56	114	0.930432
56	134	0.948662
56	142	0.930012
56	148	0.976687
56	149	0.931753
56	162	0.902939
56	163	1.22878
56	168	0.910976
56	169	0.895614
56	170	0.881358
56	171	0.923735
56	173	0.878146
56	177	0.897389
56	178	0.894736
56	180	0.866677
57	10	0.953222
57	14	1.042
57	18	0.942167
57	43	1.00493
57	46	0.977846
57	64	0.966168
57	67	0.947423
57	73	1.00316
57	75	1.00987
57	79	1.00493
57	97	0.969225
57	138	1.94943
57	140	0.989399
57	148	1.06688
57	172	1.5268
57	175	0.953331
58	1	0.97021
58	7	0.973878
58	24	1.06794
58	31	1.03608
58	44	1.01977
58	45	1.00816
58	61	1.0013
58	63	0.979662
58	132	0.934977
58	138	0.916831
58	139	0.977114
58	141	1.00032
58	148	1.08468
58	151	1.18739
58	170	2.29705
58	179	0.901953
59	11	1.55099
59	45	1.03222
59	100	1.02541
59	106	1.03071
59	113	1.08368
59	134	0.99684
59	137	1.0121
59	157	0.970907
59	164	0.994735
59	165	0.957896
59	168	0.959154
59	170	0.929536
59	172	0.963108
59	176	0.217227
59	178	0.942914
59	180	0.914855
60	35	0.784549
60	47	1.04358
60	73	0.90529
60	153	0.989523
60	157	1.00031
60	164	1.02413
60	165	0.987295
60	167	0.994128
60	169	0.973191
60	170	0.958935
60	171	1.00131
60	172	0.992507
60	173	0.955723
60	177	0.974966
60	178	0.972313
60	180	0.944254
61	1	0.975023
61	7	0.97869
61	31	1.04089
61	44	1.02458
61	45	1.01297
61	58	1.0013
61	63	0.984474
61	111	1.0079
61	132	0.939789
61	134	1.67825
61	136	1.34303
61	138	0.921643
61	139	0.981926
61	141	1.00513
61	152	1.48488
61	179	0.906765
62	2	1.11208
62	4	1.11208
62	16	0.969717
62	17	1.07959
62	26	0.983889
62	40	1.02638
62	48	1.03065
62	49	1.02605
62	51	1.03058
62	53	1.03056
62	66	1.02471
62	76	1.17703
62	78	0.622313
62	111	1.04377
62	139	1.13434
62	176	1.13037
62	179	2.16834
63	1	0.953384
63	7	0.957051
63	24	1.05112
63	31	1.01925
63	44	1.00294
63	45	0.991336
63	58	0.979662
63	61	0.984474
63	111	0.986262
63	120	1.83272
63	132	0.91815
63	138	0.900004
63	139	0.960288
63	141	0.983492
63	167	0.97726
63	173	1.99822
63	179	0.885126
64	10	0.939802
64	14	1.02858
64	18	0.928746
64	43	0.991509
64	47	0.979836
64	50	0.987308
64	55	0.959725
64	57	0.966168
64	67	0.934002
64	73	0.989737
64	75	0.996451
64	97	0.955804
64	124	1.65747
64	140	0.975978
64	145	1.7909
64	166	1.38705
64	175	0.93991
65	41	1.14054
65	99	0.525578
65	105	0.604453
65	122	0.43776
65	131	1.0415
65	137	1.08721
65	144	0.132934
65	148	1.09998
65	157	1.04602
65	166	1.06299
65	168	1.03426
65	169	1.0189
65	170	1.00465
65	172	1.03822
65	173	1.00143
65	177	1.02068
65	180	0.989966
66	43	1.00092
66	48	0.977502
66	51	0.977426
66	53	0.97741
66	55	0.969132
66	62	1.02471
66	74	1.01441
66	97	0.965211
66	147	0.882278
66	158	1.03146
66	159	0.913998
66	167	0.92735
66	174	2.26249
66	175	0.949317
66	176	1.07722
66	180	2.16575
67	10	0.921056
67	14	1.00983
67	18	0.910001
67	27	1.03076
67	43	0.972764
67	47	0.961091
67	50	0.968562
67	55	0.94098
67	57	0.947423
67	64	0.934002
67	73	0.970992
67	75	0.977706
67	79	0.97276
67	97	0.937059
67	167	1.20346
67	175	0.921165
67	177	1.77398
67	179	1.98221
68	20	1.87816
68	41	1.05578
68	136	1.00913
68	149	0.970277
68	150	0.985709
68	152	0.982907
68	153	0.950471
68	155	0.353345
68	159	0.941723
68	163	0.508505
68	165	0.948242
68	168	0.9495
68	169	0.934138
68	172	0.953454
68	173	0.91667
68	177	0.935913
68	178	0.93326
68	180	0.905201
69	12	0.95526
69	33	0.921675
69	42	0.993445
69	54	0.97964
69	71	0.978171
69	72	1.04474
69	82	4
69	83	0.999706
69	90	0.98416
69	132	0.91816
69	140	0.981032
69	141	0.983502
69	150	1.15427
69	158	1.02711
69	174	0.870545
69	175	0.944964
69	180	1.23047
70	39	1.00947
70	84	1.03845
70	98	1.00779
70	104	0.479427
70	115	0.986719
70	126	1.0141
70	144	1.04952
70	146	1.04014
70	148	0.712632
70	154	1.03607
70	155	1.0391
70	156	1.04077
70	159	1.54287
70	161	1.04752
70	163	1.04199
70	174	0.916107
70	176	1.11843
70	180	2.89219
71	12	0.970576
71	33	0.936992
71	42	1.00876
71	54	0.994956
71	69	0.978171
71	72	1.06005
71	83	1.01502
71	106	0.828398
71	132	0.933476
71	140	0.996348
71	141	0.998818
71	158	1.04242
71	160	1.81057
71	173	2.0371
71	174	0.885861
71	175	0.96028
72	12	1.03714
72	33	1.00356
72	42	1.07533
72	54	1.06152
72	69	1.04474
72	71	1.06005
72	83	1.08159
72	85	1.0797
72	103	0.87394
72	132	1.00004
72	140	1.06291
72	141	1.06538
72	150	1.62384
72	158	1.10899
72	167	1.52918
72	174	0.952426
72	175	1.02685
73	10	0.976792
73	14	1.06557
73	27	1.0865
73	46	1.00141
73	47	1.01683
73	50	1.0243
73	55	0.996715
73	57	1.00316
73	60	0.90529
73	64	0.989737
73	67	0.970992
73	75	1.03344
73	79	1.0285
73	97	0.992794
73	116	1.50739
73	133	1.18478
73	137	1.61164
73	140	1.01297
73	175	0.9769
74	9	0.982933
74	21	1.07803
74	30	1.06287
74	35	1.05011
74	66	1.01441
74	82	0.888275
74	111	1.03347
74	114	0.984078
74	124	0.978593
74	131	1.50279
74	137	1.42284
74	139	1.0075
74	141	0.879631
74	145	0.958114
74	158	1.07431
74	159	0.956845
74	167	0.970197
74	176	1.12007
74	177	1.87033
75	10	0.983506
75	18	0.972451
75	27	1.09321
75	28	0.534148
75	43	1.03521
75	46	1.00813
75	47	1.02354
75	50	1.03101
75	55	1.00343
75	57	1.00987
75	64	0.996451
75	67	0.977706
75	73	1.03344
75	79	1.03521
75	80	1.48923
75	97	0.999508
75	152	1.50499
75	164	1.5771
75	175	0.983615
76	62	1.17703
76	117	0.99205
76	128	0.988487
76	130	0.920258
76	137	0.988244
76	143	0.682432
76	147	0.961178
76	149	0.956077
76	160	0.924508
76	164	0.970881
76	165	0.934041
76	166	0.964027
76	167	0.940875
76	168	0.9353
76	169	0.919938
76	171	0.948059
76	172	0.939254
76	177	0.921713
76	180	0.891001
77	98	1.00189
77	99	0.996765
77	102	1.03459
77	105	1.02255
77	114	0.976542
77	115	0.980822
77	122	1.01749
77	125	1.00354
77	126	1.00821
77	137	0.740036
77	145	0.950577
77	154	1.03017
77	155	1.0332
77	156	1.03487
77	161	1.04163
77	162	1.42254
77	163	1.0361
77	178	1.2605
77	180	2.55171
78	7	1.26834
78	62	0.622313
78	121	0.951164
78	131	1.01926
78	147	1.0379
78	150	1.04823
78	151	1.06039
78	153	1.01299
78	165	1.01076
78	166	1.04075
78	168	1.01202
78	169	0.996661
78	170	0.982405
78	172	1.01598
78	173	0.979193
78	176	0.134033
78	177	0.998436
78	178	0.995782
78	180	0.967724
79	10	0.97856
79	14	1.06734
79	18	0.967505
79	27	1.08826
79	43	1.03027
79	46	1.00318
79	47	1.01859
79	50	1.02607
79	55	0.998483
79	57	1.00493
79	67	0.97276
79	73	1.0285
79	75	1.03521
79	97	0.994562
79	103	0.554205
79	132	1.56467
79	138	1.84713
79	165	1.58325
79	175	0.978669
80	24	1.0584
80	35	0.988963
80	42	1.25237
80	75	1.48923
80	144	0.990016
80	153	0.90445
80	154	0.976565
80	156	0.981265
80	158	1.01316
80	159	0.895702
80	161	0.988019
80	163	0.982489
80	164	0.93906
80	167	0.909055
80	171	0.916239
80	173	0.87065
80	176	1.05893
80	177	0.889892
80	180	0.85918
81	25	1.02895
81	86	0.995989
81	108	0.991053
81	115	0.956732
81	121	0.995135
81	125	0.979449
81	130	1.01474
81	132	1.61123
81	139	1.00075
81	143	1.02445
81	144	1.01953
81	146	1.01016
81	154	1.00608
81	155	1.00911
81	156	1.01078
81	161	1.01754
81	163	1.01201
81	168	1.62367
81	172	1.47107
81	179	0.90071
82	69	4
82	74	0.888275
82	132	0.79638
82	133	0.853578
82	142	0.814678
82	146	0.872803
82	154	0.868727
82	156	0.873427
82	158	0.905327
82	159	0.787865
82	161	0.880181
82	162	0.787604
82	163	0.874651
82	164	0.831222
82	166	0.824368
82	167	0.801217
82	171	0.808401
82	176	0.95109
82	177	0.782055
82	180	0.751343
83	12	0.992111
83	15	0.851762
83	17	1.05894
83	33	0.958527
83	42	1.0303
83	54	1.01649
83	69	0.999706
83	71	1.01502
83	72	1.08159
83	90	1.02101
83	114	1.30277
83	131	1.61329
83	132	0.955012
83	140	1.01788
83	141	1.02035
83	147	1.54733
83	151	1.26817
83	158	1.06396
83	174	0.907397
83	175	0.981816
84	70	1.03845
84	92	1.24732
84	100	1.03643
84	101	0.980368
84	105	1.01292
84	107	1.01034
84	108	1.00552
84	115	0.971196
84	143	1.03891
84	144	1.034
84	153	1.62374
84	154	1.02054
84	155	1.02358
84	156	1.02525
84	161	1.032
84	163	1.02647
84	165	1.74736
84	167	0.953035
84	174	0.900583
84	179	0.915174
85	39	1.41669
85	72	1.0797
85	113	1.05917
85	116	0.979173
85	128	0.98783
85	133	0.992579
85	140	0.886309
85	152	0.96805
85	153	0.935613
85	160	0.923851
85	165	0.933384
85	166	0.96337
85	168	0.934643
85	169	0.919281
85	170	0.905025
85	171	0.947402
85	177	0.921056
85	178	0.918403
85	180	0.890344
86	81	0.995989
86	87	1.00818
86	105	1.00044
86	121	0.997121
86	122	0.995383
86	125	0.981435
86	126	0.986103
86	127	0.934538
86	143	1.02643
86	144	1.02152
86	146	1.01214
86	147	1.71367
86	154	1.00807
86	155	1.0111
86	156	1.01277
86	161	1.01952
86	163	1.01399
86	164	1.51868
86	174	0.888106
86	175	1.5123
87	13	0.965676
87	29	0.932782
87	86	1.00818
87	88	1.01571
87	98	0.98999
87	108	1.00324
87	115	0.96892
87	120	1.81096
87	122	1.00558
87	130	1.02693
87	143	1.03664
87	146	1.02234
87	147	1.09252
87	149	1.12857
87	154	1.01827
87	155	1.0213
87	160	1.74994
87	161	1.02972
87	163	1.02419
87	179	0.912898
88	87	1.01571
88	89	0.995261
88	102	1.02002
88	115	0.966248
88	126	0.993634
88	130	1.02426
88	144	1.02905
88	145	0.936004
88	146	1.01967
88	150	1.24951
88	154	1.0156
88	155	1.01863
88	156	1.0203
88	159	1.74023
88	161	1.02705
88	163	1.02152
88	166	1.03255
88	167	0.948088
88	178	1.79834
88	179	0.910226
89	32	1.02342
89	88	0.995261
89	105	0.990199
89	107	0.987616
89	119	1.01446
89	121	0.986877
89	122	0.985138
89	129	1.41104
89	130	1.00648
89	136	1.44963
89	143	1.01619
89	146	1.0019
89	154	0.997823
89	155	1.00085
89	156	1.00252
89	161	1.00928
89	163	1.00375
89	175	1.6572
89	176	1.08019
89	179	0.892452
90	13	0.95922
90	37	1.03317
90	38	1.02029
90	41	0.5623
90	52	1.00364
90	69	0.98416
90	83	1.02101
90	130	1.02047
90	131	1.50822
90	134	1.36854
90	140	1.00234
90	143	1.03018
90	156	1.01651
90	158	1.04841
90	159	0.93095
90	161	1.02327
90	163	1.01774
90	174	0.89185
90	175	0.966269
90	178	1.94874
91	23	0.691646
91	120	0.933873
91	130	1.36295
91	136	0.986903
91	141	0.993357
91	143	1.12513
91	153	0.928247
91	157	0.93903
91	160	0.916485
91	162	0.919239
91	164	0.962857
91	165	0.926018
91	166	0.956003
91	168	0.927276
91	169	0.911914
91	170	0.897659
91	171	0.940036
91	172	0.93123
91	178	0.911036
91	179	0.894991
91	180	0.882977
92	6	1.00885
92	84	1.24732
92	112	0.964949
92	144	1.11459
92	149	0.952364
92	150	0.967796
92	153	0.932557
92	158	0.756373
92	164	0.967168
92	165	0.930328
92	166	0.960314
92	168	0.931587
92	170	0.901969
92	171	0.944346
92	172	0.935541
92	173	0.898757
92	175	0.959129
92	177	0.918
92	178	0.915347
92	180	0.887288
93	16	1.20611
93	34	1.04879
93	100	0.984562
93	112	0.951669
93	123	0.937808
93	125	1.22597
93	133	0.976242
93	142	0.937343
93	144	0.884706
93	153	0.919277
93	160	0.907514
93	165	0.917048
93	166	0.947033
93	169	0.902944
93	170	0.888689
93	171	0.931066
93	172	0.92226
93	173	0.885477
93	175	0.945849
93	178	0.902066
93	180	0.874007
94	20	1.31616
94	100	1.10415
94	121	0.381613
94	126	0.575377
94	133	1.09583
94	134	1.07558
94	137	1.09084
94	148	1.10361
94	155	0.167271
94	156	0.100193
94	157	1.04965
94	167	1.04347
94	168	1.0379
94	169	1.02254
94	170	1.00828
94	171	1.05066
94	172	1.04185
94	173	1.00507
94	177	1.02431
94	178	1.02166
94	180	0.993599
95	48	0.554463
95	53	0.453713
95	107	0.989893
95	112	1.07547
95	118	1.16379
95	123	1.06161
95	125	0.840235
95	149	1.06289
95	157	1.05386
95	162	1.03407
95	164	1.07769
95	165	1.04085
95	166	1.07084
95	168	1.04211
95	169	1.02675
95	170	1.01249
95	173	1.00928
95	176	0.159456
95	177	1.02852
95	178	1.02587
95	180	0.997809
96	109	0.920486
96	136	0.982553
96	146	1.18696
96	148	0.988637
96	150	0.959135
96	151	0.971291
96	152	0.956333
96	160	0.912134
96	161	1.07382
96	162	0.914889
96	166	0.951653
96	168	0.922926
96	170	0.893309
96	171	0.935686
96	172	0.92688
96	173	0.890096
96	175	0.950469
96	176	0.709398
96	177	0.909339
96	178	0.906686
96	180	0.878627
97	10	0.942858
97	14	1.03164
97	18	0.931803
97	27	1.05256
97	28	0.551998
97	43	0.994566
97	46	0.967482
97	47	0.982893
97	50	0.990364
97	55	0.962782
97	57	0.969225
97	64	0.955804
97	66	0.965211
97	67	0.937059
97	73	0.992794
97	75	0.999508
97	79	0.994562
97	104	1.17485
97	128	1.39339
97	140	0.979034
97	170	2.62043
97	175	0.942967
98	70	1.00779
98	77	1.00189
98	87	0.98999
98	107	0.979673
98	108	0.974852
98	121	0.978934
98	130	0.998541
98	138	0.899387
98	143	1.00825
98	144	1.00333
98	146	0.993956
98	152	1.20498
98	154	0.98988
98	155	0.99291
98	156	0.99458
98	161	1.00133
98	163	0.995804
98	165	1.70886
98	174	0.869918
98	175	1.2707
98	178	1.97854
98	179	0.884509
99	65	0.525578
99	77	0.996765
99	102	0.989176
99	108	0.969725
99	115	0.935404
99	125	0.958121
99	126	0.962789
99	130	0.993415
99	142	1.49704
99	143	1.00312
99	144	0.998205
99	146	0.988829
99	151	1.49132
99	154	0.984753
99	155	0.987784
99	156	0.989453
99	159	2.21885
99	161	0.996208
99	163	0.990678
99	174	0.864792
99	176	1.06712
99	179	0.879382
100	27	1.27674
100	28	1.0998
100	59	1.02541
100	84	1.03643
100	93	0.984562
100	94	1.10415
100	104	1.06668
100	106	1.0098
100	108	0.844311
100	153	0.939214
100	160	0.927452
100	162	0.930206
100	165	0.936985
100	168	0.938243
100	170	0.908626
100	171	0.951003
100	172	0.942197
100	173	0.905414
100	175	0.965786
100	176	0.564183
100	177	0.924657
100	178	0.922003
100	180	0.893945
101	13	0.92539
101	84	0.980368
101	102	0.982405
101	103	1.25139
101	108	0.962954
101	118	1.08647
101	121	0.967036
101	122	0.965297
101	126	0.956018
101	130	0.986644
101	138	0.887489
101	143	0.996349
101	144	0.991434
101	145	0.898388
101	154	0.977982
101	155	0.981013
101	156	0.982682
101	161	0.989436
101	163	0.983906
101	171	2.06337
101	175	1.84228
101	176	1.06034
101	179	0.872611
102	32	1.04818
102	77	1.03459
102	88	1.02002
102	99	0.989176
102	101	0.982405
102	106	0.968184
102	112	0.893608
102	115	0.973233
102	121	1.01164
102	122	1.0099
102	123	1.47453
102	130	1.03124
102	143	1.04095
102	146	1.02666
102	154	1.02258
102	155	1.02561
102	156	1.02728
102	159	1.7413
102	161	1.03404
102	162	1.96145
102	163	1.02851
102	167	0.955072
102	176	1.10494
103	72	0.87394
103	79	0.554205
103	101	1.25139
103	110	1.08444
103	118	1.11215
103	125	0.926849
103	134	1.02815
103	135	1.07089
103	136	1.05009
103	142	1.0095
103	143	0.239748
103	153	0.991433
103	157	1.00222
103	164	1.02604
103	166	1.01919
103	168	0.990463
103	169	0.9751
103	170	0.960845
103	171	1.00322
103	172	0.994416
103	173	0.957633
103	177	0.976876
103	178	0.974222
103	180	0.946164
104	53	0.717503
104	70	0.479427
104	97	1.17485
104	100	1.06668
104	109	0.997981
104	113	1.12494
104	123	1.01992
104	131	1.00766
104	135	1.08085
104	153	1.00139
104	161	0.787668
104	162	0.992384
104	163	0.805268
104	164	1.036
104	165	0.999163
104	168	1.00042
104	169	0.985059
104	170	0.970803
104	171	1.01318
104	172	1.00437
104	173	0.967591
104	177	0.986834
104	178	0.984181
104	180	0.956122
105	6	0.635185
105	65	0.604453
105	77	1.02255
105	84	1.01292
105	86	1.00044
105	89	0.990199
105	107	1.00033
105	115	0.961186
105	125	0.983903
105	126	0.988571
105	128	1.45282
105	130	1.0192
105	139	1.45709
105	143	1.0289
105	144	1.02399
105	146	1.01461
105	154	1.01053
105	155	1.01357
105	156	1.01523
105	161	1.02199
105	163	1.01646
105	167	0.943025
105	172	1.92741
105	176	1.0929
106	10	1.57839
106	59	1.03071
106	71	0.828398
106	100	1.0098
106	102	0.968184
106	109	0.941102
106	110	1.03752
106	112	0.976905
106	138	0.926135
106	148	1.00925
106	149	0.964319
106	150	0.979751
106	152	0.976949
106	154	0.975203
106	166	0.972269
106	168	0.943542
106	169	0.92818
106	170	0.913925
106	171	0.956302
106	172	0.947496
106	173	0.910713
106	177	0.929955
106	178	0.927302
106	180	0.899243
107	39	0.981353
107	84	1.01034
107	89	0.987616
107	95	0.989893
107	98	0.979673
107	105	1.00033
107	110	0.99731
107	112	1.46943
107	115	0.958603
107	122	0.995268
107	125	0.98132
107	130	1.01661
107	138	0.917459
107	143	1.02632
107	144	1.0214
107	146	1.01203
107	151	1.5896
107	154	1.00795
107	155	1.01098
107	156	1.01265
107	157	1.57069
107	161	1.01941
107	163	1.01388
107	176	1.09032
107	179	0.902581
108	32	1.02872
108	81	0.991053
108	84	1.00552
108	87	1.00324
108	98	0.974852
108	99	0.969725
108	100	0.844311
108	101	0.962954
108	116	1.20021
108	121	0.992184
108	125	0.976499
108	126	0.981167
108	130	1.01179
108	143	1.0215
108	144	1.01658
108	146	1.00721
108	154	1.00313
108	155	1.00616
108	156	1.00783
108	161	1.01459
108	163	1.00906
108	166	1.05913
108	170	2.14895
108	174	0.883169
108	178	1.82493
108	179	0.89776
109	13	1.95931
109	34	1.00003
109	38	1.48044
109	96	0.920486
109	104	0.997981
109	106	0.941102
109	116	0.914078
109	118	0.991232
109	124	0.883519
109	127	1.0021
109	135	0.949973
109	148	0.935259
109	149	0.890325
109	157	0.881301
109	158	1.32559
109	164	0.905129
109	165	0.868289
109	168	0.869548
109	169	0.854186
109	170	0.83993
109	171	0.882307
109	172	0.873502
109	173	0.836718
109	177	0.855961
109	178	0.853308
109	180	0.825249
110	4	0.54036
110	103	1.08444
110	106	1.03752
110	107	0.99731
110	115	0.945068
110	123	0.985466
110	126	1.17777
110	133	1.0239
110	142	0.985001
110	147	0.991843
110	149	0.986742
110	150	1.00217
110	152	0.999372
110	160	0.955173
110	161	0.531295
110	162	0.957927
110	164	1.00155
110	166	0.994691
110	168	0.965964
110	169	0.950602
110	170	0.936347
110	171	0.978724
110	172	0.969918
110	173	0.933135
110	177	0.952378
110	178	0.949724
110	180	0.921666
111	9	0.95915
111	16	0.935631
111	21	1.05425
111	40	0.992294
111	44	1.02637
111	45	1.01476
111	48	0.996566
111	49	0.99196
111	51	0.99649
111	53	0.996473
111	61	1.0079
111	62	1.04377
111	63	0.986262
111	74	1.03347
111	134	1.05035
111	135	0.676591
111	138	0.923431
111	139	0.983714
111	145	0.93433
111	159	0.933061
111	162	1.79258
111	167	0.946414
111	171	1.14379
111	174	3.0185
111	176	1.09629
111	179	0.908553
112	49	1.5462
112	92	0.964949
112	93	0.951669
112	95	1.07547
112	102	0.893608
112	106	0.976905
112	107	1.46943
112	113	1.02987
112	124	0.919322
112	127	1.03791
112	129	0.959597
112	135	0.985775
112	140	1.07347
112	142	0.924387
112	149	0.926128
112	150	0.94156
112	162	0.897314
112	164	0.940932
112	166	0.934078
112	169	0.889989
112	170	0.875733
112	171	0.91811
112	172	0.909305
112	173	0.872521
112	177	0.891764
112	178	0.889111
112	180	0.861052
113	45	0.799145
113	49	0.891357
113	59	1.08368
113	85	1.05917
113	104	1.12494
113	112	1.02987
113	116	1.04104
113	126	0.995049
113	136	1.05614
113	137	1.04946
113	140	0.41863
113	149	1.01729
113	151	1.04488
113	152	1.02992
113	153	0.997482
113	156	0.519865
113	160	0.985719
113	161	0.348576
113	162	0.988474
113	166	1.02524
113	169	0.981149
113	170	0.966893
113	171	1.00927
113	172	1.00046
113	173	0.963681
113	177	0.982924
113	178	0.980271
113	180	0.952212
114	24	1.0967
114	30	0.989694
114	40	1.35501
114	56	0.930432
114	74	0.984078
114	77	0.976542
114	83	1.30277
114	130	0.973191
114	140	1.22824
114	145	0.884936
114	146	0.968606
114	148	0.957155
114	155	0.967561
114	156	0.96923
114	158	1.00113
114	159	0.883668
114	161	0.975984
114	163	0.970454
114	164	0.927025
114	165	0.890186
114	167	0.89702
114	172	0.895398
114	173	0.858615
114	176	1.04689
114	177	0.877858
114	178	0.875204
114	180	0.847145
115	22	0.905318
115	70	0.986719
115	77	0.980822
115	81	0.956732
115	84	0.971196
115	87	0.96892
115	88	0.966248
115	99	0.935404
115	102	0.973233
115	105	0.961186
115	107	0.958603
115	110	0.945068
115	119	0.972409
115	121	0.957864
115	125	0.942178
115	130	0.977472
115	141	1.25932
115	143	0.987177
115	144	0.982262
115	146	0.972886
115	154	0.96881
115	155	0.971841
115	156	0.97351
115	160	2.47394
115	161	0.980265
115	163	0.974734
115	172	1.89456
115	176	1.05117
115	179	0.863439
116	43	1.28755
116	51	1.60485
116	73	1.50739
116	85	0.979173
116	108	1.20021
116	109	0.914078
116	113	1.04104
116	123	0.93602
116	127	1.04907
116	148	0.982229
116	149	0.937296
116	150	0.952728
116	152	0.949926
116	153	0.917489
116	159	0.908742
116	160	0.905727
116	162	0.908481
116	164	0.952099
116	165	0.91526
116	168	0.916518
116	169	0.901156
116	170	0.886901
116	171	0.929278
116	172	0.920472
116	173	0.883689
116	177	0.902932
116	178	0.900278
116	180	0.87222
117	36	0.906202
117	76	0.99205
117	123	0.94824
117	128	0.981926
117	129	0.982985
117	136	0.988365
117	142	0.947775
117	144	0.901931
117	146	1.03997
117	148	0.994449
117	151	0.977104
117	154	0.824043
117	157	0.940492
117	160	0.917947
117	162	0.920701
117	163	0.944434
117	164	0.964319
117	168	0.928738
117	169	0.913376
117	170	0.899121
117	171	0.941498
117	172	0.932692
117	173	0.895909
117	174	0.881862
117	177	0.915152
117	178	0.912498
117	180	0.88444
118	19	0.880875
118	21	0.637412
118	27	0.793696
118	95	1.16379
118	101	1.08647
118	103	1.11215
118	109	0.991232
118	120	1.00027
118	126	1.09204
118	133	1.05161
118	134	1.03136
118	142	1.01271
118	146	0.558704
118	153	0.994643
118	157	1.00543
118	160	0.98288
118	162	0.985635
118	164	1.02925
118	165	0.992414
118	167	0.999248
118	168	0.993672
118	169	0.97831
118	170	0.964055
118	171	1.00643
118	172	0.997626
118	173	0.960842
118	177	0.980085
118	178	0.977432
118	180	0.949373
119	89	1.01446
119	115	0.972409
119	126	1.20511
119	128	1.03554
119	129	1.0366
119	131	0.989592
119	135	1.06278
119	136	1.04198
119	137	1.0353
119	147	1.00823
119	148	1.04806
119	149	1.00313
119	151	1.03072
119	152	1.01576
119	153	0.983324
119	155	0.421076
119	157	0.994107
119	160	0.971562
119	162	0.974317
119	163	0.576237
119	165	0.981095
119	168	0.982354
119	169	0.966991
119	170	0.952736
119	171	0.995113
119	172	0.986307
119	176	0.194215
119	177	0.968767
119	178	0.966113
119	180	0.938055
120	63	1.83272
120	87	1.81096
120	91	0.933873
120	118	1.00027
120	128	0.931772
120	129	0.932831
120	131	0.885823
120	149	0.899362
120	150	0.914794
120	151	0.92695
120	152	0.911992
120	153	0.879555
120	160	0.867793
120	162	0.870547
120	164	0.914165
120	165	0.877326
120	166	0.907311
120	167	0.88416
120	168	0.878584
120	169	0.863222
120	170	0.848967
120	172	0.882538
120	173	0.845755
120	174	0.831708
120	175	0.906127
120	176	1.75677
120	177	0.864998
120	178	0.862344
120	180	0.834286
121	22	0.943721
121	78	0.951164
121	81	0.995135
121	86	0.997121
121	89	0.986877
121	94	0.381613
121	98	0.978934
121	101	0.967036
121	102	1.01164
121	108	0.992184
121	115	0.957864
121	122	0.994528
121	124	0.948098
121	125	0.980581
121	126	0.985249
121	127	1.07632
121	130	1.01587
121	134	1.78174
121	143	1.02558
121	144	1.02066
121	146	1.01129
121	154	1.00721
121	155	1.01024
121	156	1.01191
121	161	1.01867
121	163	1.01314
121	166	1.59613
121	174	0.887251
121	176	1.08958
121	177	2.28896
121	179	0.901842
122	13	0.952882
122	22	0.941983
122	65	0.43776
122	77	1.01749
122	86	0.995383
122	87	1.00558
122	89	0.985138
122	101	0.965297
122	102	1.0099
122	107	0.995268
122	121	0.994528
122	125	0.978843
122	126	0.983511
122	130	1.01414
122	133	1.24182
122	141	1.12547
122	143	1.02384
122	144	1.01893
122	146	1.00955
122	150	1.64031
122	154	1.00547
122	155	1.0085
122	156	1.01017
122	161	1.01693
122	163	1.0114
122	166	1.42335
122	167	0.937965
122	173	2.56662
122	174	0.885513
122	176	1.08784
122	179	0.900103
123	15	0.788979
123	31	0.886203
123	93	0.937808
123	95	1.06161
123	102	1.47453
123	104	1.01992
123	110	0.985466
123	116	0.93602
123	117	0.94824
123	128	0.944677
123	129	0.945736
123	135	0.971914
123	137	0.944434
123	148	0.9572
123	151	0.939855
123	152	0.924897
123	154	1.48155
123	155	1.44678
123	157	0.903243
123	160	0.880698
123	162	0.883453
123	166	0.920217
123	168	0.89149
123	169	0.876127
123	170	0.861872
123	171	0.904249
123	172	0.895443
123	173	0.85866
123	178	0.875249
123	179	0.859204
123	180	0.847191
124	30	0.984209
124	38	1.18556
124	40	1.61066
124	42	1.54631
124	64	1.65747
124	74	0.978593
124	109	0.883519
124	112	0.919322
124	121	0.948098
124	139	0.928835
124	145	0.879451
124	146	0.963121
124	151	0.934324
124	154	0.959044
124	155	0.962075
124	158	0.995644
124	159	0.878182
124	161	0.970499
124	163	0.964969
124	165	0.884701
124	167	0.891535
124	168	0.885959
124	169	0.870597
124	171	0.898719
124	172	0.889913
124	174	0.839083
124	176	1.04141
124	177	0.872372
124	178	0.869719
124	180	0.84166
125	3	1.04267
125	17	1.02311
125	25	1.01439
125	77	1.00354
125	81	0.979449
125	86	0.981435
125	93	1.22597
125	95	0.840235
125	99	0.958121
125	103	0.926849
125	105	0.983903
125	107	0.98132
125	108	0.976499
125	115	0.942178
125	121	0.980581
125	122	0.978843
125	126	0.969564
125	133	1.27825
125	135	1.27163
125	143	1.00989
125	144	1.00498
125	146	0.995603
125	154	0.991527
125	155	0.994558
125	156	0.996228
125	161	1.00298
125	163	0.997452
125	167	0.924017
125	174	0.871566
125	176	1.07389
125	178	2.22558
125	179	0.886156
126	13	0.943603
126	29	0.910708
126	39	0.969596
126	70	1.0141
126	77	1.00821
126	86	0.986103
126	88	0.993634
126	94	0.575377
126	99	0.962789
126	101	0.956018
126	105	0.988571
126	108	0.981167
126	110	1.17777
126	113	0.995049
126	118	1.09204
126	119	1.20511
126	121	0.985249
126	122	0.983511
126	125	0.969564
126	130	1.00486
126	143	1.01456
126	144	1.00965
126	145	0.916602
126	146	1.00027
126	152	1.78213
126	154	0.996195
126	155	0.999226
126	156	1.0009
126	161	1.00765
126	163	1.00212
126	174	0.876234
126	176	1.07856
127	51	0.943954
127	54	0.858183
127	86	0.934538
127	109	1.0021
127	112	1.03791
127	116	1.04907
127	121	1.07632
127	132	1.00528
127	133	1.06248
127	138	0.987137
127	141	1.07062
127	143	0.252872
127	144	0.598713
127	147	1.03042
127	148	1.07026
127	151	1.05291
127	154	0.520825
127	157	1.0163
127	160	0.993753
127	162	0.996507
127	164	1.04013
127	165	1.00329
127	166	1.03327
127	168	1.00454
127	169	0.989182
127	170	0.974927
127	171	1.0173
127	172	1.0085
127	173	0.971715
127	177	0.990958
127	178	0.988304
127	179	0.972259
127	180	0.960245
128	4	1.01527
128	18	1.48077
128	76	0.988487
128	85	0.98783
128	97	1.39339
128	105	1.45282
128	117	0.981926
128	119	1.03554
128	120	0.931772
128	123	0.944677
128	133	0.983111
128	134	0.962861
128	136	0.984802
128	139	0.968051
128	142	0.944211
128	151	0.97354
128	152	0.958582
128	157	0.936928
128	158	0.623085
128	160	0.914383
128	162	0.917138
128	164	0.960756
128	166	0.953902
128	169	0.909813
128	170	0.895557
128	171	0.937935
128	172	0.929129
128	173	0.892345
128	175	0.952718
128	177	0.911588
128	178	0.908935
128	180	0.880876
129	34	1.05672
129	55	1.36468
129	89	1.41104
129	112	0.959597
129	117	0.982985
129	119	1.0366
129	120	0.932831
129	123	0.945736
129	133	0.98417
129	142	0.945271
129	146	1.06836
129	147	0.952113
129	150	0.962444
129	151	0.9746
129	153	0.927205
129	159	0.918458
129	160	0.915443
129	162	0.918197
129	163	0.972821
129	164	0.961815
129	165	0.924976
129	166	0.954961
129	168	0.926234
129	169	0.910872
129	170	0.896617
129	171	0.938994
129	172	0.930188
129	173	0.893405
129	176	0.590799
129	177	0.912648
129	178	0.909994
129	179	0.893949
129	180	0.881935
130	76	0.920258
130	81	1.01474
130	87	1.02693
130	88	1.02426
130	89	1.00648
130	90	1.02047
130	91	1.36295
130	98	0.998541
130	99	0.993415
130	101	0.986644
130	102	1.03124
130	105	1.0192
130	107	1.01661
130	108	1.01179
130	114	0.973191
130	115	0.977472
130	121	1.01587
130	122	1.01414
130	126	1.00486
130	139	0.87756
130	143	1.04519
130	144	1.04027
130	146	1.0309
130	148	0.887954
130	151	0.990664
130	155	1.02985
130	156	1.03152
130	161	1.03827
130	163	1.03274
130	167	0.959311
130	174	0.906859
130	175	1.06846
130	179	0.92145
130	180	3.06752
131	65	1.0415
131	74	1.50279
131	78	1.01926
131	83	1.61329
131	90	1.50822
131	104	1.00766
131	119	0.989592
131	120	0.885823
131	132	0.879965
131	133	0.937162
131	134	0.916912
131	135	0.959651
131	145	0.872718
131	146	1.58184
131	149	0.900003
131	150	0.915435
131	151	0.927591
131	152	0.912633
131	153	0.880197
131	157	0.890979
131	160	0.868434
131	162	0.871189
131	164	0.914807
131	165	0.877968
131	166	0.907953
131	169	0.863864
131	171	0.891986
131	172	0.88318
131	173	0.846397
131	175	0.906769
131	177	0.865639
131	178	0.862986
131	180	0.834927
132	1	0.908699
132	15	0.770215
132	24	1.00643
132	31	0.974564
132	44	0.958259
132	45	0.946651
132	54	0.934945
132	58	0.934977
132	61	0.939789
132	63	0.91815
132	69	0.91816
132	71	0.933476
132	72	1.00004
132	79	1.56467
132	81	1.61123
132	82	0.79638
132	83	0.955012
132	127	1.00528
132	131	0.879965
132	150	0.908936
132	151	0.921092
132	154	1.51817
132	158	0.982412
132	162	0.864689
132	166	0.901453
132	169	0.857364
132	170	0.843109
132	174	0.82585
132	175	0.900269
132	176	1.25654
132	177	0.85914
132	178	0.856486
132	179	0.840441
132	180	0.828428
133	6	1.00719
133	25	1.01281
133	73	1.18478
133	82	0.853578
133	85	0.992579
133	93	0.976242
133	94	1.09583
133	110	1.0239
133	118	1.05161
133	122	1.24182
133	125	1.27825
133	127	1.06248
133	128	0.983111
133	129	0.98417
133	131	0.937162
133	134	0.96761
133	136	0.989551
133	146	1.07504
133	148	0.995635
133	152	0.963331
133	153	0.930895
133	158	0.578776
133	159	0.922147
133	160	0.919132
133	164	0.965505
133	165	0.928666
133	166	0.958651
133	168	0.929924
133	169	0.914562
133	170	0.900306
133	172	0.933878
133	173	0.897094
133	175	0.957467
133	177	0.916337
133	178	0.913684
133	180	0.885625
134	36	0.887137
134	46	1.12113
134	56	0.948662
134	59	0.99684
134	61	1.67825
134	90	1.36854
134	94	1.07558
134	103	1.02815
134	111	1.05035
134	118	1.03136
134	121	1.78174
134	128	0.962861
134	131	0.916912
134	133	0.96761
134	142	0.92871
134	148	0.975385
134	149	0.930451
134	150	0.945883
134	151	0.958039
134	157	0.921427
134	160	0.898882
134	162	0.901637
134	164	0.945255
134	165	0.908416
134	166	0.938401
134	168	0.909674
134	169	0.894312
134	170	0.880056
134	171	0.922434
134	173	0.876844
134	174	0.862798
134	177	0.896087
134	178	0.893434
134	179	0.877389
134	180	0.865375
135	8	1.55992
135	15	0.849902
135	29	1.10978
135	103	1.07089
135	104	1.08085
135	109	0.949973
135	111	0.676591
