1	37	0.921145
1	47	0.969453
1	67	1.01356
1	70	1.18476
1	86	0.973309
1	88	0.982433
1	90	1.02341
1	93	0.957031
1	97	0.946884
1	153	1.72892
1	162	0.915786
1	168	0.905942
2	65	0.936694
2	100	0.924494
2	106	0.963766
2	107	1.02515
2	109	0.970994
2	115	0.998303
2	125	0.978263
2	128	0.971648
2	169	1.64799
2	173	1.54039
2	174	0.989218
2	178	0.869168
3	76	1.06727
3	112	1.08953
3	116	1.06
3	118	1.06367
3	122	1.02637
3	136	1.05891
3	149	1.07985
3	153	0.519808
3	157	1.07878
3	158	1.06626
3	164	1.32026
3	179	1.70613
4	92	1.14281
4	135	1.0574
4	156	0.524798
4	163	1.01729
4	170	0.923037
4	172	0.96893
4	175	0.944136
4	176	0.961754
4	177	0.925737
4	178	0.929111
4	179	0.938493
4	180	0.958408
5	123	1.04426
5	143	0.882488
5	145	0.856934
5	146	1.03488
5	160	1.00284
5	161	0.948303
5	167	0.978063
5	170	0.895821
5	173	0.942207
5	175	0.916921
5	179	0.911277
5	180	0.931192
6	69	0.923289
6	112	0.989289
6	132	0.935254
6	143	0.963688
6	145	0.979231
6	148	0.873564
6	149	0.979612
6	154	0.969829
6	157	0.978544
6	159	0.973742
6	160	1.30023
6	173	1.85492
7	44	2.07829
7	87	0.823195
7	153	0.95966
7	155	0.955173
7	164	0.872237
7	171	0.878576
7	172	0.868646
7	173	0.869139
7	176	0.86147
7	177	0.825453
7	179	0.838209
7	180	0.858124
8	78	1.08865
8	114	1.04474
8	116	1.07412
8	132	1.04961
8	138	1.09662
8	145	1.09359
8	158	1.08038
8	159	1.0881
8	160	0.719791
8	171	1.293
8	178	0.975609
8	180	1.49059
9	26	0.766848
9	31	0.853747
9	51	0.966728
9	163	1.01754
9	167	1.00553
9	170	0.923291
9	173	0.969678
9	175	0.944391
9	176	0.962009
9	177	0.925991
9	179	0.938748
9	180	0.958662
10	12	0.877015
10	59	1.05818
10	74	1.68048
10	100	1.04425
10	106	1.08352
10	115	1.11806
10	125	1.09802
10	128	1.0914
10	162	1.02292
10	167	0.845233
10	174	1.10897
10	178	0.98892
11	90	1.03505
11	97	0.958526
11	115	0.96801
11	126	1.01917
11	127	1.02398
11	128	0.725127
11	158	0.998203
11	162	0.927429
11	176	0.926074
11	178	0.893431
11	179	0.902813
11	180	0.922727
12	10	0.877015
12	111	1.18493
12	164	0.988178
12	165	0.933797
12	169	0.976033
12	170	0.938695
12	172	0.984588
12	175	0.959794
12	176	0.977412
12	177	0.941394
12	179	0.954151
12	180	0.974066
13	50	1.0465
13	84	1.05007
13	101	1.058
13	143	1.06435
13	149	1.08027
13	152	0.548419
13	154	1.07049
13	157	1.0792
13	158	1.06668
13	159	1.0744
13	162	1.34071
13	179	1.59785
14	36	0.972228
14	44	0.959519
14	46	0.967578
14	56	1.0112
14	71	0.99258
14	72	0.926208
14	79	0.982872
14	137	0.952218
14	148	0.881761
14	151	1.67563
14	156	0.985144
14	160	1.40888
15	147	0.879981
15	149	2.04941
15	161	0.887728
15	163	0.929498
15	164	0.88473
15	165	0.830348
15	171	0.891069
15	173	0.881632
15	176	0.873963
15	177	0.837946
15	179	0.850702
15	180	0.870617
16	53	1.0196
16	101	1.03738
16	111	1.02174
16	127	1.07185
16	136	1.03872
16	145	1.05928
16	154	1.04987
16	155	0.806663
16	157	1.05859
16	158	1.04607
16	159	1.05379
16	178	0.941293
16	179	1.93188
17	22	1.0227
17	42	1.07577
17	47	1.05199
17	62	0.626679
17	67	1.09609
17	86	1.05585
17	88	1.06497
17	93	1.03957
17	97	1.02942
17	148	1.69145
17	162	0.998324
17	168	0.98848
17	178	1.7715
18	61	0.914131
18	101	0.937268
18	110	0.914296
18	131	1.29945
18	136	0.938608
18	138	0.96219
18	143	0.943621
18	145	0.959164
18	154	0.949762
18	157	0.958476
18	158	0.945954
18	159	0.953675
18	166	1.932
19	118	0.626406
19	136	0.562778
19	139	1.05992
19	159	0.497503
19	161	1.04867
19	162	1.03626
19	163	1.09044
19	172	1.04208
19	173	1.04257
19	175	1.01728
19	176	1.0349
19	179	1.01164
19	180	1.03155
20	55	0.698221
20	110	0.700224
20	112	0.369009
20	139	1.07755
20	165	1.00892
20	169	1.05116
20	170	1.01382
20	171	1.06965
20	172	1.05972
20	176	1.05254
20	177	1.01652
20	179	1.02928
20	180	1.04919
21	56	0.290123
21	118	0.815913
21	158	0.508782
21	167	1.09198
21	169	1.04707
21	170	1.00973
21	171	1.06556
21	173	1.05612
21	175	1.03083
21	176	1.04845
21	177	1.01243
21	179	1.02519
21	180	1.04511
22	17	1.0227
22	37	0.902035
22	42	0.97412
22	60	0.939728
22	63	1.45525
22	67	0.994447
22	81	0.985878
22	88	0.963323
22	93	0.937921
22	97	0.927774
22	162	0.896677
22	168	0.886832
22	177	1.87485
23	24	1.07941
23	36	1.05563
23	56	1.0946
23	62	0.772638
23	71	1.07598
23	72	1.00961
23	79	1.06627
23	95	0.953244
23	137	1.03562
23	148	0.965161
23	156	1.06854
23	164	1.70329
23	167	1.21059
24	23	1.07941
24	27	1.17965
24	36	1.03366
24	44	1.02095
24	46	1.02901
24	56	1.07263
24	71	1.05401
24	72	0.987637
24	79	1.0443
24	133	1.99806
24	139	0.86626
24	148	0.94319
24	161	1.00906
25	53	1.15623
25	94	1.05341
25	99	1.04938
25	108	0.96105
25	111	1.01568
25	132	1.00924
25	136	1.03266
25	138	1.05624
25	143	1.03767
25	145	1.05322
25	154	1.04382
25	158	1.04001
25	164	1.68265
26	9	0.766848
26	31	1.06621
26	43	1.04967
26	55	1.02154
26	57	1.02869
26	64	1.09489
26	66	1.01999
26	77	1.07659
26	156	1.06181
26	168	0.970263
26	171	1.31713
26	173	1.29862
26	174	1.06616
27	24	1.17965
27	36	1.15586
27	44	1.14316
27	46	1.15121
27	56	1.19484
27	58	0.557562
27	71	1.17622
27	72	1.10984
27	79	1.16651
27	103	0.878193
27	156	1.16878
27	162	1.43586
27	173	1.14449
28	47	1.03411
28	67	1.07822
28	80	1.1869
28	81	1.06965
28	86	1.03797
28	88	1.04709
28	90	1.08807
28	93	1.02169
28	97	1.01154
28	137	1.19782
28	141	1.03792
28	142	1.28057
28	168	0.970602
29	31	0.970729
29	43	0.954189
29	55	0.926062
29	57	0.933208
29	64	0.999411
29	66	0.924512
29	77	0.981107
29	126	1.16391
29	141	0.9421
29	156	0.96633
29	162	2.14299
29	168	0.874784
29	174	0.970681
30	55	1.12668
30	114	1.17791
30	140	1.03277
30	142	0.961965
30	151	0.926473
30	160	0.991672
30	161	0.937137
30	164	0.934139
30	170	0.884655
30	175	0.905755
30	176	0.923372
30	177	0.887355
30	179	0.900111
30	180	0.920026
31	9	0.853747
31	26	1.06621
31	29	0.970729
31	55	0.999838
31	57	1.00698
31	64	1.07319
31	66	0.998288
31	77	1.05488
31	141	1.01588
31	153	0.747703
31	156	1.04011
31	168	0.948561
31	174	1.04446
31	179	1.93403
32	78	1.02625
32	108	0.542953
32	110	0.986326
32	116	1.01173
32	122	0.978095
32	127	1.04377
32	136	1.01064
32	145	1.03119
32	149	1.03158
32	154	1.02179
32	158	1.01798
32	159	1.02571
32	175	1.58821
32	177	1.8172
33	68	0.477421
33	91	0.910233
33	146	1.11343
33	163	1.06862
33	165	0.969467
33	169	1.0117
33	171	1.03019
33	172	1.02026
33	173	1.02075
33	174	0.379133
33	176	1.01308
33	177	0.977065
33	179	0.989822
33	180	1.00974
34	102	0.966843
34	127	0.731461
34	140	1.12031
34	147	1.01694
34	150	1.03428
34	156	0.0810497
34	164	1.02168
34	166	1.01084
34	169	1.00954
34	173	1.01859
34	176	1.01092
34	177	0.9749
34	179	0.987656
34	180	1.00757
35	37	0.979993
35	47	1.0283
35	51	1.25759
35	60	1.01769
35	67	1.0724
35	86	1.03216
35	90	1.08226
35	93	1.01588
35	97	1.00573
35	141	1.03211
35	162	0.974634
35	168	0.96479
35	169	1.2847
35	176	1.36856
36	14	0.972228
36	23	1.05563
36	24	1.03366
36	27	1.15586
36	44	0.997165
36	56	1.04885
36	71	1.03023
36	72	0.963854
36	79	1.02052
36	148	0.919407
36	156	1.02279
36	171	1.03671
36	172	1.147
36	178	1.74448
37	1	0.921145
37	22	0.902035
37	35	0.979993
37	67	0.975433
37	81	0.966864
37	88	0.94431
37	90	0.985288
37	93	0.918908
37	97	0.908761
37	123	1.41144
37	141	0.935134
37	151	2.02148
37	162	0.877663
37	168	0.867819
38	92	0.88274
38	107	0.28923
38	150	1.034
38	154	0.823421
38	160	1.07893
38	161	1.0244
38	163	1.06617
38	171	1.02774
38	172	1.01781
38	175	0.993015
38	176	1.01063
38	177	0.974615
38	179	0.987372
38	180	1.00729
39	69	0.898499
39	122	0.901341
39	124	0.934161
39	126	1.05208
39	132	0.910464
39	138	0.957468
39	143	0.938898
39	149	0.954822
39	151	0.872202
39	154	0.945039
39	157	0.953754
39	158	0.941231
39	159	0.948952
39	177	2.45508
40	43	0.735164
40	115	0.660151
40	136	0.386979
40	160	1.09194
40	165	0.980027
40	166	1.02357
40	169	1.02226
40	171	1.04075
40	173	1.03131
40	175	1.00602
40	176	1.02364
40	177	0.987625
40	179	1.00038
40	180	1.0203
41	61	0.982767
41	116	1.00833
41	119	1.13362
41	124	1.00752
41	129	1.67883
41	132	0.983823
41	145	1.0278
41	151	0.945561
41	152	1.20137
41	154	1.0184
41	157	1.02711
41	158	1.01459
41	159	1.02231
41	174	1.02987
41	178	0.909817
42	17	1.07577
42	22	0.97412
42	48	0.910654
42	60	0.9928
42	67	1.04752
42	81	1.03895
42	86	1.00727
42	88	1.01639
42	90	1.05737
42	93	0.990993
42	105	1.46251
42	133	2.08951
42	162	0.949748
42	168	0.939904
42	173	0.799565
43	26	1.04967
43	29	0.954189
43	40	0.735164
43	55	0.983298
43	57	0.990444
43	64	1.05665
43	66	0.981748
43	77	1.03834
43	117	0.97741
43	130	1.09687
43	141	0.999336
43	156	1.02357
43	168	0.93202
43	169	1.88435
43	174	1.02792
44	7	2.07829
44	14	0.959519
44	24	1.02095
44	27	1.14316
44	36	0.997165
44	46	0.992515
44	56	1.03614
44	71	1.01752
44	72	0.951145
44	79	1.00781
44	121	0.434989
44	137	0.977154
44	148	0.906698
44	156	1.01008
44	161	1.18224
45	54	1.01053
45	100	0.970329
45	106	1.0096
45	107	1.07098
45	109	1.01683
45	115	1.04414
45	125	1.0241
45	128	1.01748
45	140	0.527731
45	151	0.950747
45	162	0.949001
45	165	2.3384
45	174	1.03505
45	176	1.22828
45	178	0.915003
46	14	0.967578
46	24	1.02901
46	27	1.15121
46	44	0.992515
46	48	0.897345
46	56	1.0442
46	71	1.02558
46	72	0.959204
46	79	1.01587
46	134	0.63654
46	137	0.985214
46	148	0.914757
46	156	1.01814
46	177	1.96378
46	180	1.4646
47	1	0.969453
47	17	1.05199
47	28	1.03411
47	35	1.0283
47	60	0.969023
47	62	1.17302
47	67	1.02374
47	81	1.01517
47	86	0.983494
47	88	0.992618
47	90	1.0336
47	93	0.967216
47	97	0.957069
47	120	1.08697
47	151	1.65309
48	42	0.910654
48	46	0.897345
48	72	0.855975
48	79	0.912639
48	87	0.793579
48	88	0.899856
48	93	0.874455
48	97	0.864308
48	118	2.76086
48	156	0.914911
48	168	0.823366
48	170	0.793137
48	172	0.839031
48	179	0.808594
48	180	0.828508
49	66	0.797517
49	77	0.854112
49	83	0.83173
49	111	0.804085
49	119	0.877269
49	145	0.841619
49	149	0.842
49	159	0.83613
49	168	0.74779
49	170	0.717562
49	174	0.843686
49	177	0.720261
49	179	0.733018
49	180	0.752933
50	13	1.0465
50	116	0.987417
50	122	0.953783
50	123	1.00834
50	132	0.962906
50	143	0.99134
50	145	1.00688
50	149	1.00726
50	152	1.4054
50	154	0.997482
50	157	1.0062
50	158	0.993673
50	159	1.00139
50	167	1.57626
50	174	1.00895
51	9	0.966728
51	35	1.25759
51	60	1.58108
51	125	0.950766
51	128	0.944151
51	138	0.96268
51	143	0.94411
51	154	0.950252
51	159	0.954164
51	167	0.917839
51	174	0.961721
51	175	0.856696
51	177	0.838296
51	178	0.841671
51	179	0.851053
51	180	0.870967
52	78	1.07897
52	94	1.0841
52	98	0.759648
52	112	1.09396
52	120	0.843544
52	126	1.00989
52	127	1.09648
52	136	1.06335
52	138	1.08693
52	149	1.08429
52	151	1.00167
52	157	1.08322
52	158	1.0707
52	159	1.07842
52	172	1.82642
52	178	0.965923
53	16	1.0196
53	25	1.15623
53	135	1.07114
53	138	0.649235
53	153	1.07369
53	166	0.975422
53	167	1.01902
53	169	0.974119
53	170	0.936781
53	171	0.992604
53	173	0.983167
53	175	0.95788
53	176	0.975498
53	177	0.93948
53	179	0.952237
53	180	0.972152
54	45	1.01053
54	65	0.967357
54	100	0.955157
54	106	0.994429
54	107	1.05581
54	109	1.00166
54	115	1.02897
54	125	1.00893
54	128	1.00231
54	148	1.90214
54	151	0.935575
54	162	0.933829
54	163	0.979965
54	174	1.01988
54	178	0.899831
54	180	1.472
55	20	0.698221
55	26	1.02154
55	29	0.926062
55	30	1.12668
55	31	0.999838
55	43	0.983298
55	57	0.962317
55	64	1.02852
55	66	0.953621
55	77	1.01022
55	96	0.885346
55	117	0.949284
55	141	0.971209
55	156	0.995439
55	166	1.9028
55	168	0.903894
55	174	0.99979
56	14	1.0112
56	21	0.290123
56	23	1.0946
56	24	1.07263
56	27	1.19484
56	36	1.04885
56	44	1.03614
56	46	1.0442
56	71	1.0692
56	72	1.00283
56	79	1.05949
56	95	0.946467
56	148	0.958383
56	156	1.06177
56	175	1.45271
56	176	1.15787
56	178	1.6927
57	26	1.02869
57	29	0.933208
57	31	1.00698
57	43	0.990444
57	55	0.962317
57	64	1.03567
57	66	0.960767
57	77	1.01736
57	117	0.956429
57	141	0.978355
57	156	1.00258
57	163	1.0973
57	166	1.32991
57	168	0.911039
57	174	1.00694
57	175	1.85953
58	27	0.557562
58	91	1.10034
58	96	0.945337
58	117	1.09372
58	129	0.989516
58	142	1.01097
58	144	1.02926
58	161	0.986139
58	169	0.970995
58	170	0.933657
58	171	0.98948
58	173	0.980043
58	175	0.954756
58	176	0.972374
58	177	0.936357
58	179	0.949113
58	180	0.969028
59	10	1.05818
59	65	0.941094
59	75	0.994782
59	82	1.00303
59	100	0.928894
59	106	0.968166
59	107	1.02955
59	109	0.975394
59	115	1.0027
59	125	0.982663
59	128	0.976048
59	148	1.7594
59	151	0.909312
59	164	1.2758
59	174	0.993618
59	175	1.59946
59	178	0.873568
60	22	0.939728
60	35	1.01769
60	42	0.9928
60	47	0.969023
60	51	1.58108
60	81	1.00456
60	86	0.972879
60	88	0.982002
60	90	1.02298
60	93	0.956601
60	97	0.946454
60	102	0.991285
60	121	1.05429
60	141	0.972827
60	162	0.915356
60	168	0.905512
60	173	1.50059
61	18	0.914131
61	41	0.982767
61	111	0.957708
61	114	0.946386
61	116	0.975774
61	132	0.951264
61	136	0.974686
61	139	1.93378
61	140	1.26655
61	145	0.995241
61	149	0.995622
61	151	0.913002
61	152	1.27471
61	157	0.994554
61	158	0.982031
61	159	0.989752
61	174	0.997309
62	17	0.626679
62	23	0.772638
62	47	1.17302
62	99	0.675585
62	131	1.11093
62	133	0.990973
62	150	1.05622
62	165	0.989242
62	166	1.03278
62	167	1.07638
62	170	0.99414
62	171	1.04996
62	173	1.04053
62	175	1.01524
62	176	1.03286
62	177	0.996839
62	179	1.0096
62	180	1.02951
63	22	1.45525
63	82	1.80392
63	146	0.998667
63	147	0.904342
63	152	0.942978
63	163	0.953858
63	165	0.854708
63	166	0.898248
63	169	0.896944
63	170	0.859606
63	171	0.915429
63	172	0.905499
63	173	0.905992
63	175	0.880706
63	177	0.862306
63	178	0.86568
63	179	0.875062
63	180	0.894977
64	26	1.09489
64	29	0.999411
64	31	1.07319
64	43	1.05665
64	55	1.02852
64	57	1.03567
64	66	1.02697
64	77	1.08356
64	117	1.02263
64	139	1.1994
64	141	1.04456
64	156	1.06879
64	168	0.977243
64	173	1.04125
64	174	1.07314
64	175	1.52756
64	176	1.23272
65	2	0.936694
65	54	0.967357
65	59	0.941094
65	68	1.00499
65	75	0.993048
65	82	1.0013
65	100	0.927161
65	106	0.966433
65	109	0.973661
65	115	1.00097
65	125	0.98093
65	128	0.974315
65	155	1.29901
65	162	0.905833
65	167	1.54565
65	173	1.87572
65	174	0.991885
65	178	0.871835
66	26	1.01999
66	29	0.924512
66	31	0.998288
66	43	0.981748
66	49	0.797517
66	55	0.953621
66	57	0.960767
66	64	1.02697
66	77	1.00867
66	96	0.883795
66	117	0.947734
66	123	1.3025
66	131	1.52461
66	141	0.969659
66	152	1.69956
66	156	0.993889
66	168	0.902343
66	174	0.99824
67	1	1.01356
67	17	1.09609
67	22	0.994447
67	28	1.07822
67	35	1.0724
67	37	0.975433
67	42	1.04752
67	47	1.02374
67	81	1.05928
67	86	1.0276
67	90	1.0777
67	97	1.00117
67	146	0.798613
67	151	1.15864
67	160	0.891887
67	162	0.970075
67	168	0.960231
67	178	2.17287
68	33	0.477421
68	65	1.00499
68	75	1.05867
68	82	1.06693
68	100	0.992787
68	105	1.9174
68	106	1.03206
68	107	1.09344
68	109	1.03929
68	115	1.0666
68	125	1.04656
68	128	1.03994
68	130	0.574571
68	137	1.02023
68	162	0.971459
68	174	1.05751
68	178	0.937461
68	179	1.80297
69	6	0.923289
69	39	0.898499
69	84	0.95451
69	118	0.968534
69	132	0.940354
69	136	0.963776
69	138	0.987358
69	145	0.984332
69	149	0.984712
69	154	0.97493
69	156	0.982048
69	157	0.983644
69	158	0.971121
69	159	0.978842
69	162	1.67779
69	169	1.49402
69	176	1.57789
69	178	0.866349
70	1	1.18476
70	73	0.547944
70	76	0.810011
70	118	0.310222
70	129	1.04285
70	155	1.11941
70	161	1.03947
70	164	1.03647
70	165	0.982088
70	166	1.02563
70	169	1.02432
70	171	1.04281
70	172	1.03288
70	173	1.03337
70	176	1.0257
70	177	0.989685
70	179	1.00244
70	180	1.02236
71	14	0.99258
71	23	1.07598
71	24	1.05401
71	27	1.17622
71	36	1.03023
71	44	1.01752
71	46	1.02558
71	56	1.0692
71	72	0.984206
71	79	1.04087
71	95	0.927842
71	129	1.50551
71	130	0.849088
71	137	1.01022
71	144	1.07358
71	148	0.939759
71	150	1.46332
71	156	1.04314
72	14	0.926208
72	23	1.00961
72	24	0.987637
72	27	1.10984
72	36	0.963854
72	44	0.951145
72	46	0.959204
72	48	0.855975
72	56	1.00283
72	71	0.984206
72	79	0.974498
72	95	0.86147
72	108	0.9697
72	137	0.943844
72	148	0.873387
72	156	0.97677
72	166	1.48534
72	178	2.25495
73	70	0.547944
73	91	1.01333
73	92	1.00916
73	99	1.04549
73	114	1.00047
73	122	0.996225
73	124	1.02904
73	130	1.05003
73	132	1.00535
73	135	1.13176
73	136	1.02877
73	138	1.05235
73	154	1.03992
73	156	1.04704
73	157	1.04864
73	158	1.03611
73	159	1.04384
73	172	1.85873
74	10	1.68048
74	105	0.909287
74	134	0.996722
74	139	0.912931
74	143	1.79242
74	147	0.893935
74	160	0.956216
74	161	0.901681
74	164	0.898683
74	165	0.844301
74	166	0.887841
74	170	0.849199
74	171	0.905023
74	172	0.895092
74	175	0.870299
74	176	0.887917
74	177	0.851899
74	179	0.864656
74	180	0.88457
75	59	0.994782
75	65	0.993048
75	68	1.05867
75	100	0.980848
75	104	1.11255
75	106	1.02012
75	107	1.0815
75	109	1.02735
75	115	1.05466
75	117	0.995066
75	125	1.03462
75	128	1.028
75	137	1.00829
75	141	0.793401
75	144	0.869192
75	162	0.95952
75	170	2.33105
75	174	1.04557
75	178	0.925522
76	3	1.06727
76	70	0.810011
76	91	0.992075
76	94	1.02827
76	98	1.05403
76	110	0.983204
76	111	0.990538
76	112	1.03813
76	127	1.04064
76	134	1.38003
76	136	1.00752
76	138	1.0311
76	149	1.02845
76	152	1.49106
76	154	1.01867
76	157	1.02738
76	158	1.01486
76	159	1.02258
76	178	0.910089
77	26	1.07659
77	29	0.981107
77	31	1.05488
77	43	1.03834
77	49	0.854112
77	55	1.01022
77	57	1.01736
77	64	1.08356
77	66	1.00867
77	83	0.856038
77	96	0.94039
77	117	1.00433
77	119	0.907448
77	141	1.02625
77	151	1.18817
77	156	1.05048
77	168	0.958938
77	174	1.05483
77	178	2.2024
78	8	1.08865
78	32	1.02625
78	52	1.07897
78	92	0.995172
78	105	1.82009
78	110	0.990465
78	111	0.9978
78	114	0.986479
78	119	0.588489
78	122	0.982234
78	132	0.991356
78	136	1.01478
78	145	1.03533
78	154	1.02593
78	157	1.03465
78	159	1.02984
78	169	1.26475
78	178	0.917351
78	179	1.70566
79	14	0.982872
79	23	1.06627
79	24	1.0443
79	27	1.16651
79	36	1.02052
79	44	1.00781
79	46	1.01587
79	48	0.912639
79	56	1.05949
79	71	1.04087
79	72	0.974498
79	95	0.918135
79	137	1.00051
79	141	1.25975
79	148	0.930051
79	151	1.50299
79	153	1.15312
79	156	1.03343
79	160	1.23624
80	28	1.1869
80	85	0.948362
80	87	0.904027
80	104	1.00554
80	116	0.958487
80	153	1.04049
80	157	0.899647
80	160	1.0106
80	161	0.956067
80	169	0.940924
80	170	0.903585
80	171	0.959409
80	172	0.949479
80	173	0.949972
80	175	0.924685
80	176	0.942303
80	177	0.906285
80	179	0.919042
80	180	0.938956
81	22	0.985878
81	28	1.06965
81	37	0.966864
81	42	1.03895
81	47	1.01517
81	60	1.00456
81	67	1.05928
81	86	1.01903
81	88	1.02815
81	90	1.06913
81	93	1.00275
81	97	0.992603
81	98	1.03398
81	120	1.11788
81	131	1.29607
81	141	1.01898
81	144	1.51655
81	162	0.961506
81	168	0.951661
82	59	1.00303
82	63	1.80392
82	65	1.0013
82	68	1.06693
82	100	0.9891
82	106	1.02837
82	107	1.08976
82	109	1.0356
82	115	1.06291
82	125	1.04287
82	128	1.03625
82	133	0.924533
82	140	0.999142
82	151	0.969518
82	153	0.870414
82	162	0.967772
82	167	1.17816
82	174	1.05382
82	178	0.933774
83	49	0.83173
83	77	0.856038
83	110	1.32805
83	127	0.993733
83	135	1.04069
83	153	1.04323
83	163	1.00058
83	164	0.955811
83	165	0.901429
83	166	0.944969
83	167	0.98857
83	171	0.962151
83	172	0.952221
83	173	0.952714
83	175	0.927427
83	176	0.945045
83	177	0.909027
83	179	0.921784
83	180	0.941698
84	13	1.05007
84	69	0.95451
84	91	0.974455
84	94	1.01065
84	96	0.898075
84	112	1.02051
84	118	0.994655
84	127	1.02302
84	138	1.01348
84	140	0.474425
84	143	0.994909
84	145	1.01045
84	149	1.01083
84	154	1.00105
84	157	1.00977
84	158	0.997242
84	165	2.28509
84	171	1.00203
84	174	1.01252
84	177	1.6988
85	80	0.948362
85	105	0.897024
85	146	0.975997
85	150	0.899016
85	158	1.57537
85	159	1.7536
85	161	0.889417
85	163	0.931188
85	164	0.886419
85	166	0.875577
85	167	0.919178
85	170	0.836936
85	171	0.892759
85	172	0.882829
85	173	0.883322
85	175	0.858035
85	176	0.875653
85	177	0.839635
85	179	0.852392
85	180	0.872307
86	1	0.973309
86	17	1.05585
86	28	1.03797
86	35	1.03216
86	42	1.00727
86	47	0.983494
86	60	0.972879
86	67	1.0276
86	81	1.01903
86	88	0.996474
86	90	1.03745
86	93	0.971072
86	97	0.960925
86	102	1.00576
86	130	0.819727
86	141	0.987299
86	160	0.944918
86	168	0.919983
86	173	1.49961
86	178	2.2259
87	7	0.823195
87	48	0.793579
87	80	0.904027
87	147	0.837337
87	150	0.854682
87	153	0.929508
87	155	0.925021
87	156	3.4295
87	160	0.899619
87	165	0.787703
87	167	0.874844
87	169	0.82994
87	172	0.838495
87	173	0.838988
87	175	0.813701
87	176	0.831319
87	177	0.795301
87	179	0.808058
87	180	0.827972
88	1	0.982433
88	17	1.06497
88	22	0.963323
88	28	1.04709
88	37	0.94431
88	42	1.01639
88	47	0.992618
88	48	0.899856
88	60	0.982002
88	81	1.02815
88	86	0.996474
88	90	1.04658
88	93	0.980196
88	97	0.970049
88	141	0.996422
88	162	0.938951
88	163	1.04681
88	167	0.992679
88	168	0.929107
88	170	2.32921
88	173	1.32274
89	105	0.936759
89	135	1.01103
89	144	0.972274
89	145	0.938581
89	153	1.01358
89	154	1.19898
89	159	1.04018
89	161	0.929153
89	163	0.970924
89	164	0.926155
89	166	0.915313
89	167	0.958914
89	169	0.91401
89	171	0.932495
89	172	0.922565
89	173	0.923058
89	176	0.915389
89	177	0.879371
89	178	0.882746
89	179	0.892128
89	180	0.912042
90	1	1.02341
90	11	1.03505
90	28	1.08807
90	35	1.08226
90	37	0.985288
90	42	1.05737
90	47	1.0336
90	60	1.02298
90	67	1.0777
90	81	1.06913
90	86	1.03745
90	88	1.04658
90	93	1.02117
90	97	1.01103
90	104	1.10066
90	139	1.47085
90	141	1.0374
90	155	0.735986
90	162	0.97993
90	164	1.47534
90	168	0.970085
90	176	1.50416
91	33	0.910233
91	58	1.10034
91	73	1.01333
91	76	0.992075
91	84	0.974455
91	92	0.964115
91	103	1.42097
91	111	0.966743
91	118	0.988479
91	122	0.951177
91	124	0.983997
91	132	0.960299
91	138	1.0073
91	143	0.988733
91	145	1.00428
91	148	0.89861
91	149	1.00466
91	150	1.62162
91	154	0.994875
91	158	0.991066
91	159	0.998787
91	178	0.886294
92	4	1.14281
92	38	0.88274
92	73	1.00916
92	78	0.995172
92	91	0.964115
92	101	0.978217
92	102	0.992057
92	110	0.955244
92	111	0.962579
92	118	0.984315
92	124	0.979833
92	133	0.872888
92	137	1.28915
92	143	0.984569
92	145	1.00011
92	149	1.00049
92	151	0.917874
92	154	0.990711
92	158	0.986902
92	159	0.994623
92	174	1.00218
92	180	1.79751
93	1	0.957031
93	17	1.03957
93	22	0.937921
93	28	1.02169
93	35	1.01588
93	37	0.918908
93	42	0.990993
93	47	0.967216
93	48	0.874455
93	60	0.956601
93	81	1.00275
93	86	0.971072
93	88	0.980196
93	90	1.02117
93	97	0.944647
93	102	0.989478
93	141	0.971021
93	162	0.913549
93	163	0.984196
93	168	0.903705
93	169	1.36772
93	178	1.98642
93	179	1.80863
94	25	1.05341
94	52	1.0841
94	76	1.02827
94	84	1.01065
94	101	1.01857
94	110	0.995599
94	111	1.00293
94	116	1.021
94	118	1.02467
94	124	1.02019
94	132	0.99649
94	134	0.710586
94	143	1.02492
94	149	1.04085
94	156	1.03818
94	157	1.03978
94	158	1.02726
94	159	1.03498
94	160	0.767845
94	166	1.27922
94	168	1.72005
94	178	0.922485
94	179	1.87105
95	23	0.953244
95	56	0.946467
95	71	0.927842
95	72	0.86147
95	79	0.918135
95	107	0.960689
95	109	0.906534
95	115	0.933843
95	125	0.913803
95	128	0.907188
95	129	0.854492
95	143	2.02015
95	152	0.882005
95	156	0.920407
95	158	1.91797
95	165	0.793735
95	169	0.835971
95	170	0.798633
95	172	0.844526
95	175	0.819733
95	178	0.804707
95	179	0.814089
95	180	0.834004
96	55	0.885346
96	58	0.945337
96	66	0.883795
96	77	0.94039
96	84	0.898075
96	99	0.924057
96	107	1.53117
96	125	2.32349
96	143	0.912353
96	148	0.82223
96	154	0.918495
96	156	0.925613
96	158	0.914686
96	165	0.798941
96	168	0.834068
96	169	0.841178
96	170	0.803839
96	171	0.859663
96	172	0.849733
96	173	0.850226
96	174	0.929964
96	179	0.819296
96	180	0.83921
97	1	0.946884
97	11	0.958526
97	17	1.02942
97	22	0.927774
97	28	1.01154
97	35	1.00573
97	37	0.908761
97	47	0.957069
97	48	0.864308
97	60	0.946454
97	67	1.00117
97	81	0.992603
97	86	0.960925
97	88	0.970049
97	90	1.01103
97	93	0.944647
97	102	0.979331
97	133	2.31243
97	141	0.960874
97	162	0.903402
97	164	1.18512
97	168	0.893558
97	178	1.74877
97	180	1.23858
98	52	0.759648
98	76	1.05403
98	81	1.03398
98	109	0.633603
98	134	1.10857
98	144	1.05665
98	150	1.02313
98	152	1.04442
98	154	0.584128
98	161	1.01353
98	162	1.00112
98	163	1.0553
98	166	0.999689
98	167	1.04329
98	169	0.998386
98	170	0.961047
98	172	1.00694
98	173	1.00743
98	175	0.982147
98	176	0.999765
98	177	0.963747
98	178	0.967122
98	179	0.976504
98	180	0.996418
99	25	1.04938
99	62	0.675585
99	73	1.04549
99	96	0.924057
99	101	1.01454
99	114	0.987579
99	116	1.01697
99	117	0.987995
99	122	0.983334
99	127	1.04901
99	137	1.15134
99	143	1.02089
99	145	1.03643
99	148	0.930767
99	149	1.03681
99	154	1.02703
99	157	1.03575
99	158	1.02322
99	159	1.03094
99	160	0.888903
99	168	1.84111
99	174	1.0385
99	178	0.918451
99	180	1.65971
100	2	0.924494
100	10	1.04425
100	45	0.970329
100	54	0.955157
100	59	0.928894
100	65	0.927161
100	68	0.992787
100	75	0.980848
100	82	0.9891
100	102	0.969562
100	106	0.954233
100	107	1.01562
100	109	0.961461
100	115	0.98877
100	125	0.96873
100	128	0.962115
100	137	0.942407
100	148	2.33219
100	152	1.18503
100	153	1.04814
100	162	0.893633
100	171	1.70447
100	174	0.979685
100	178	0.859634
101	13	1.058
101	16	1.03738
101	18	0.937268
101	92	0.978217
101	94	1.01857
101	99	1.01454
101	112	1.02844
101	119	1.30547
101	122	0.965278
101	123	0.976142
101	130	1.19424
101	132	0.9744
101	136	0.997822
101	138	1.0214
101	141	1.34294
101	145	1.01838
101	148	0.912711
101	149	1.01876
101	150	1.80848
101	154	1.00898
101	157	1.01769
101	158	1.00517
101	159	1.01289
101	174	1.02045
101	178	0.900395
102	34	0.966843
102	60	0.991285
102	86	1.00576
102	92	0.992057
102	93	0.989478
102	97	0.979331
102	100	0.969562
102	106	1.00883
102	109	1.01606
102	116	1.01275
102	124	1.01194
102	125	1.02333
102	127	1.04479
102	128	1.01672
102	142	1.63968
102	149	1.0326
102	153	1.21137
102	155	1.27248
102	157	1.03153
102	159	1.02673
102	160	1.29449
102	162	0.948233
102	168	0.938389
102	174	1.03429
102	178	0.914235
103	27	0.878193
103	91	1.42097
103	134	1.0447
103	142	0.974484
103	152	0.980546
103	153	1.03408
103	155	1.02959
103	156	0.697101
103	159	1.097
103	160	1.00419
103	161	0.949656
103	163	0.991426
103	164	0.946658
103	165	0.892276
103	167	0.979416
103	169	0.934512
103	171	0.952997
103	172	0.943067
103	173	0.94356
103	175	0.918274
103	176	0.935891
103	177	0.899874
103	179	0.91263
103	180	0.932545
104	75	1.11255
104	80	1.00554
104	90	1.10066
104	112	1.40487
104	120	1.04936
104	147	0.938848
104	148	0.912503
104	150	0.956193
104	153	1.03102
104	155	1.02653
104	164	0.943596
104	165	0.889214
104	166	0.932754
104	167	0.976355
104	169	0.931451
104	170	0.894112
104	171	0.949936
104	172	0.940006
104	173	0.940499
104	174	0.944132
104	175	0.915212
104	176	0.93283
104	177	0.896812
104	178	0.900187
104	179	0.909569
104	180	0.929483
105	42	1.46251
105	68	1.9174
105	74	0.909287
105	78	1.82009
105	85	0.897024
105	89	0.936759
105	113	0.952786
105	139	0.915979
105	144	0.94785
105	152	0.935619
105	160	0.959264
105	162	0.89232
105	163	0.946499
105	164	0.901731
105	165	0.847349
105	166	0.890889
105	167	0.934489
105	169	0.889585
105	170	0.852247
105	171	0.908071
105	172	0.89814
105	173	0.898634
105	175	0.873347
105	177	0.854947
105	179	0.867704
105	180	0.887618
106	2	0.963766
106	10	1.08352
106	45	1.0096
106	54	0.994429
106	59	0.968166
106	65	0.966433
106	68	1.03206
106	75	1.02012
106	82	1.02837
106	100	0.954233
106	102	1.00883
106	107	1.05489
106	109	1.00073
106	115	1.02804
106	125	1.008
106	128	1.00139
106	133	0.889665
106	135	0.975201
106	151	0.93465
106	155	0.996645
106	162	0.932904
106	167	1.24329
106	172	1.70217
106	174	1.01896
106	175	2.05966
106	178	0.898906
107	2	1.02515
107	38	0.28923
107	45	1.07098
107	54	1.05581
107	59	1.02955
107	68	1.09344
107	75	1.0815
107	82	1.08976
107	95	0.960689
107	96	1.53117
107	100	1.01562
107	106	1.05489
107	109	1.06212
107	115	1.08942
107	125	1.06938
107	128	1.06277
107	133	0.951048
107	137	1.04306
107	147	1.09495
107	148	1.31482
107	151	0.996033
107	162	0.994288
107	170	1.67504
107	174	1.08034
107	175	1.15488
107	178	0.960289
108	25	0.96105
108	32	0.542953
108	72	0.9697
108	138	0.454059
108	140	1.123
108	146	1.11395
108	150	1.03697
108	153	1.11179
108	155	1.10731
108	158	0.626107
108	160	1.0819
108	161	1.02737
108	163	1.06914
108	164	1.02437
108	166	1.01353
108	167	1.05713
108	170	0.974886
108	171	1.03071
108	172	1.02078
108	173	1.02127
108	174	0.597213
108	175	0.995986
108	176	1.0136
108	177	0.977586
108	179	0.990343
108	180	1.01026
109	2	0.970994
109	45	1.01683
109	54	1.00166
109	59	0.975394
109	65	0.973661
109	68	1.03929
109	75	1.02735
109	82	1.0356
109	95	0.906534
109	98	0.633603
109	100	0.961461
109	102	1.01606
109	106	1.00073
109	107	1.06212
109	115	1.03527
109	117	0.975679
109	125	1.01523
109	128	1.00861
109	133	0.896893
109	139	1.72971
109	141	1.04037
109	162	0.940133
109	167	1.2415
109	174	1.02619
109	175	2.05787
109	178	0.906135
110	18	0.914296
110	20	0.700224
110	32	0.986326
110	76	0.983204
110	78	0.990465
110	83	1.32805
110	92	0.955244
110	94	0.995599
110	114	0.946551
110	118	0.979608
110	122	0.942305
110	127	1.00798
110	132	0.951428
110	136	0.97485
110	138	0.998432
110	141	1.41694
110	143	0.979862
110	145	0.995406
110	146	1.30016
110	149	0.995786
110	154	0.986004
110	156	0.993122
110	157	0.994718
110	158	0.982195
110	159	0.989916
110	163	1.6722
110	174	0.997473
111	12	1.18493
111	16	1.02174
111	25	1.01568
111	49	0.804085
111	61	0.957708
111	76	0.990538
111	78	0.9978
111	91	0.966743
111	92	0.962579
111	94	1.00293
111	114	0.953885
111	116	0.983274
111	118	0.986943
111	122	0.94964
111	123	0.585227
111	124	0.98246
111	127	1.01531
111	138	1.00577
111	143	0.987197
111	145	1.00274
111	147	1.90959
111	154	0.993338
111	157	1.00205
111	158	0.98953
111	159	0.997251
111	163	1.20729
111	168	1.88072
112	3	1.08953
112	6	0.989289
112	20	0.369009
112	52	1.09396
112	76	1.03813
112	84	1.02051
112	101	1.02844
112	104	1.40487
112	114	1.00148
112	117	1.00189
112	120	0.762847
112	122	0.997232
112	127	1.0629
112	132	1.00635
112	133	0.923108
112	138	1.05336
112	143	1.03479
112	146	0.96894
112	149	1.05071
112	154	1.04093
112	157	1.04964
112	158	1.03712
112	159	1.04484
112	166	1.57359
112	171	1.63543
112	174	1.0524
112	178	0.932349
113	105	0.952786
113	136	1.19571
113	144	0.988301
113	146	1.03176
113	147	0.937434
113	149	0.766262
113	152	0.97607
113	155	1.02512
113	158	0.952208
113	161	0.94518
113	163	0.98695
113	164	0.942182
113	165	0.8878
113	166	0.93134
113	167	0.97494
113	169	0.930036
113	170	0.892698
113	171	0.948522
113	172	0.938591
113	173	0.939085
113	174	0.923314
113	175	0.913798
113	176	0.931416
113	177	0.895398
113	179	0.908155
113	180	0.928069
114	8	1.04474
114	30	1.17791
114	61	0.946386
114	73	1.00047
114	78	0.986479
114	99	0.987579
114	110	0.946551
114	111	0.953885
114	112	1.00148
114	120	1.14329
114	122	0.938319
114	124	0.971139
114	127	1.00399
114	136	0.970863
114	138	0.994445
114	143	0.975876
114	144	1.54195
114	145	0.991419
114	146	1.34938
114	149	0.9918
114	151	0.90918
114	154	0.982017
114	157	0.990731
114	158	0.978208
114	159	0.98593
114	160	1.44265
114	174	0.993486
115	2	0.998303
115	10	1.11806
115	11	0.96801
115	40	0.660151
115	45	1.04414
115	54	1.02897
115	59	1.0027
115	65	1.00097
115	68	1.0666
115	75	1.05466
115	82	1.06291
115	95	0.933843
115	100	0.98877
115	106	1.02804
115	107	1.08942
115	109	1.03527
115	117	1.00299
115	125	1.04254
115	126	1.01403
115	128	1.03592
115	133	0.924202
115	146	1.05377
115	151	0.969187
115	162	0.967441
115	163	1.42581
115	174	1.05349
115	176	1.8932
115	178	0.933443
116	3	1.06
116	8	1.07412
116	32	1.01173
116	41	1.00833
116	50	0.987417
116	61	0.975774
116	80	0.958487
116	94	1.021
116	99	1.01697
116	102	1.01275
116	111	0.983274
116	117	0.972368
116	118	1.00501
116	124	1.00053
116	132	0.97683
116	136	1.00025
116	138	1.02383
116	143	1.00526
116	146	0.613696
116	151	0.938568
116	154	1.01141
116	156	1.01852
116	158	1.0076
116	159	1.01532
116	162	1.55303
116	171	1.28018
116	174	1.02287
116	176	1.45313
116	179	1.81017
117	43	0.97741
117	55	0.949284
117	57	0.956429
117	58	1.09372
117	64	1.02263
117	66	0.947734
117	75	0.995066
117	77	1.00433
117	99	0.987995
117	109	0.975679
117	112	1.00189
117	115	1.00299
117	116	0.972368
117	125	0.982947
117	128	0.976332
117	138	0.994861
117	146	1.03268
117	149	0.992216
117	151	0.909596
117	155	1.10393
117	156	0.989551
117	158	0.978624
117	159	0.986346
117	161	1.98159
117	164	1.84329
117	168	0.898006
117	174	0.993902
117	178	0.873852
118	3	1.06367
118	19	0.626406
118	21	0.815913
118	48	2.76086
118	69	0.968534
118	70	0.310222
118	84	0.994655
118	91	0.988479
118	92	0.984315
118	94	1.02467
118	110	0.979608
118	111	0.986943
118	116	1.00501
118	121	1.04589
118	124	1.0042
118	127	1.03705
118	135	0.894038
118	136	1.00392
118	138	1.0275
118	143	1.00893
118	145	1.02448
118	149	1.02486
118	154	1.01507
118	156	1.02219
118	157	1.02379
118	158	1.01127
118	159	1.01899
118	174	1.02654
118	178	0.906493
119	41	1.13362
119	49	0.877269
119	77	0.907448
119	78	0.588489
119	101	1.30547
119	130	1.11398
119	138	0.444352
119	140	1.09998
119	142	1.02918
119	143	0.71858
119	144	1.04747
119	146	1.09093
119	150	1.01395
119	152	1.03524
119	160	1.05888
119	163	1.04612
119	164	1.00135
119	165	0.946968
119	166	0.990508
119	167	1.03411
119	169	0.989205
119	170	0.951866
119	171	1.00769
119	173	0.998253
119	175	0.972966
119	176	0.990584
119	177	0.954566
119	179	0.967323
119	180	0.987237
120	47	1.08697
120	52	0.843544
120	81	1.11788
120	104	1.04936
120	112	0.762847
120	114	1.14329
120	126	1.07922
120	134	1.09493
120	139	1.01114
120	144	1.04301
120	150	1.00949
120	155	1.07982
120	159	0.50923
120	160	1.05442
120	161	0.999887
120	163	1.04166
120	164	0.996889
120	165	0.942507
120	167	1.02965
120	169	0.984743
120	170	0.947405
120	171	1.00323
120	172	0.993298
120	173	0.993791
120	175	0.968504
120	176	0.986122
120	177	0.950105
120	179	0.962861
120	180	0.982776
121	44	0.434989
121	60	1.05429
121	118	1.04589
121	122	0.941029
121	123	1.0915
121	126	1.07487
121	135	1.07742
121	146	1.08212
121	147	0.987799
121	148	0.961453
121	149	0.552817
121	152	1.02644
121	153	1.07997
121	155	1.07548
121	158	0.738763
121	161	0.995545
121	163	1.03732
121	165	0.938165
121	166	0.981705
121	167	1.02531
121	169	0.980401
121	170	0.943063
121	171	0.998886
121	172	0.988956
121	173	0.989449
121	175	0.964163
121	177	0.945763
121	179	0.958519
121	180	0.978434
122	3	1.02637
122	32	0.978095
122	39	0.901341
122	50	0.953783
122	73	0.996225
122	78	0.982234
122	91	0.951177
122	99	0.983334
122	101	0.965278
122	110	0.942305
122	111	0.94964
122	112	0.997232
122	114	0.938319
122	121	0.941029
122	124	0.966894
122	137	1.09507
122	142	1.17782
122	143	0.971631
122	145	0.987174
122	149	0.987554
122	151	0.904935
122	154	0.977772
122	157	0.986486
122	158	0.973963
122	159	0.981684
122	170	2.39379
122	174	0.989241
122	178	0.869191
122	180	1.60344
123	5	1.04426
123	37	1.41144
123	50	1.00834
123	66	1.3025
123	101	0.976142
123	111	0.585227
123	121	1.0915
123	135	1.07496
123	139	1.00433
123	142	1.01791
123	143	0.389256
123	144	1.0362
123	150	1.00268
123	152	1.02397
123	155	1.07302
123	160	1.04762
123	164	0.990082
123	165	0.9357
123	166	0.97924
123	168	0.970826
123	169	0.977936
123	170	0.940598
123	171	0.996422
123	172	0.986491
123	173	0.986985
123	175	0.961698
123	176	0.979316
123	177	0.943298
123	179	0.956055
123	180	0.975969
124	39	0.934161
124	41	1.00752
124	73	1.02904
124	91	0.983997
124	92	0.979833
124	94	1.02019
124	102	1.01194
124	111	0.98246
124	114	0.971139
124	116	1.00053
124	118	1.0042
124	122	0.966894
124	127	1.03257
124	132	0.976016
124	136	0.999438
124	137	1.05935
124	138	1.02302
124	143	1.00445
124	145	1.01999
124	148	0.914327
124	149	1.02037
124	157	1.01931
124	158	1.00678
124	159	1.0145
124	164	1.51425
124	167	1.02155
124	168	1.74912
124	171	1.37013
124	172	1.48042
124	174	1.02206
125	2	0.978263
125	10	1.09802
125	45	1.0241
125	51	0.950766
125	54	1.00893
125	59	0.982663
125	65	0.98093
125	68	1.04656
125	75	1.03462
125	82	1.04287
125	95	0.913803
125	96	2.32349
125	100	0.96873
125	102	1.02333
125	106	1.008
125	107	1.06938
125	109	1.01523
125	115	1.04254
125	117	0.982947
125	126	0.773179
125	128	1.01588
125	133	0.904162
125	137	0.996176
125	142	1.25138
125	151	0.949147
125	153	0.823078
125	155	0.884179
125	174	1.03345
125	178	0.913403
125	180	1.677
126	11	1.01917
126	29	1.16391
126	39	1.05208
126	52	1.00989
126	115	1.01403
126	120	1.07922
126	121	1.07487
126	125	0.773179
126	129	0.97983
126	140	1.07208
126	144	1.01957
126	146	1.06303
126	150	0.986051
126	152	1.00734
126	154	0.834374
126	155	1.05639
126	160	1.03099
126	161	0.976452
126	164	0.973454
126	165	0.919073
126	167	1.00621
126	169	0.961309
126	170	0.923971
126	171	0.979794
126	172	0.969864
126	173	0.970357
126	175	0.94507
126	176	0.962688
126	177	0.92667
126	179	0.939427
126	180	0.959342
127	11	1.02398
127	16	1.07185
127	32	1.04377
127	34	0.731461
127	52	1.09648
127	76	1.04064
127	83	0.993733
127	84	1.02302
127	99	1.04901
127	102	1.04479
127	110	1.00798
127	111	1.01531
127	112	1.0629
127	114	1.00399
127	118	1.03705
127	124	1.03257
127	135	1.01565
127	138	1.05587
127	141	1.08262
127	148	0.947178
127	149	1.05323
127	151	0.970606
127	153	0.975992
127	154	1.04344
127	155	1.03709
127	156	1.05056
127	157	1.05216
127	158	1.03963
127	174	1.05491
127	175	2.10011
127	178	0.934862
128	2	0.971648
128	10	1.0914
128	11	0.725127
128	45	1.01748
128	51	0.944151
128	54	1.00231
128	59	0.976048
128	65	0.974315
128	68	1.03994
128	75	1.028
128	82	1.03625
128	95	0.907188
128	100	0.962115
128	102	1.01672
128	106	1.00139
128	107	1.06277
128	109	1.00861
128	115	1.03592
128	117	0.976332
128	125	1.01588
128	133	0.897547
128	137	0.989561
128	146	0.810887
128	151	0.942532
128	160	0.904161
128	162	0.940787
128	170	2.46532
128	171	1.47737
128	172	1.58767
128	174	1.02684
128	178	0.906788
129	41	1.67883
129	58	0.989516
129	70	1.04285
129	71	1.50551
129	95	0.854492
129	126	0.97983
129	133	0.844852
129	138	0.989554
129	140	0.996132
129	142	0.925328
129	146	0.98708
129	147	0.892754
129	152	0.931391
129	153	0.984925
129	154	1.49863
129	155	0.980439
129	161	0.900501
129	163	0.942271
129	164	0.897503
129	165	0.843121
129	166	0.88666
129	167	0.930261
129	168	0.878247
129	170	0.848019
129	171	0.903842
129	172	0.893912
129	173	0.894405
129	175	0.869118
129	176	0.886736
129	177	0.850718
129	179	0.863475
129	180	0.88339
130	43	1.09687
130	68	0.574571
130	71	0.849088
130	73	1.05003
130	86	0.819727
130	101	1.19424
130	119	1.11398
130	134	1.10179
130	139	1.018
130	140	1.10238
130	142	1.03158
130	144	1.04987
130	146	1.09333
130	147	0.999005
130	150	1.01635
130	152	1.03764
130	153	1.09118
130	160	1.06129
130	164	1.00375
130	165	0.949372
130	166	0.992911
130	167	1.03651
130	168	0.984498
130	169	0.991608
130	171	1.01009
130	172	1.00016
130	173	1.00066
130	174	0.476283
130	175	0.975369
130	177	0.95697
130	179	0.969726
130	180	0.989641
131	18	1.29945
131	62	1.11093
131	66	1.52461
131	81	1.29607
131	133	0.905778
131	134	1.05647
131	135	1.04331
131	142	0.986255
131	143	0.611367
131	144	1.00455
131	146	1.04801
131	147	0.953681
131	150	0.971025
131	152	0.992317
131	155	1.04136
131	156	0.28752
131	157	0.526951
131	160	1.01596
131	161	0.961427
131	163	1.0032
131	164	0.958429
131	166	0.947587
131	167	0.991187
131	168	0.939173
131	170	0.908945
131	171	0.964768
131	172	0.954838
131	173	0.955331
131	175	0.930045
131	176	0.947663
131	177	0.911645
131	179	0.924401
131	180	0.944316
132	6	0.935254
132	8	1.04961
132	25	1.00924
132	39	0.910464
132	41	0.983823
132	50	0.962906
132	61	0.951264
132	69	0.940354
132	73	1.00535
132	78	0.991356
132	91	0.960299
132	94	0.99649
132	101	0.9744
132	110	0.951428
132	112	1.00635
132	116	0.97683
132	124	0.976016
132	135	0.884967
132	136	0.975741
132	143	0.980753
132	145	0.996296
132	149	0.996677
132	154	0.986894
132	156	0.994013
132	157	0.995609
132	158	0.983086
132	159	0.990807
132	167	1.15306
132	169	1.59072
132	171	1.50164
132	176	1.67459
132	178	0.878313
132	179	2.03163
133	24	1.99806
133	42	2.08951
133	62	0.990973
133	82	0.924533
133	92	0.872888
133	97	2.31243
133	106	0.889665
133	107	0.951048
133	109	0.896893
133	112	0.923108
133	115	0.924202
133	125	0.904162
133	128	0.897547
133	129	0.844852
133	131	0.905778
133	136	0.892494
133	147	0.833728
133	149	0.91343
133	150	0.851073
133	154	0.903648
133	157	0.912362
133	158	0.899839
133	159	0.90756
133	160	0.89601
133	161	0.841474
133	164	0.838476
133	165	0.784094
133	172	0.834886
133	174	0.915117
133	178	0.795067
133	179	0.804449
133	180	0.824363
134	46	0.63654
134	74	0.996722
134	76	1.38003
134	94	0.710586
134	98	1.10857
134	103	1.0447
134	120	1.09493
134	130	1.10179
134	131	1.05647
134	135	1.07404
134	136	0.816613
134	137	1.02853
134	147	0.984417
134	152	1.02305
134	157	0.590872
134	159	0.751338
134	160	1.0467
134	161	0.992164
134	163	1.03393
134	164	0.989166
134	165	0.934784
134	166	0.978323
134	167	1.02192
