1	51	0.463838
1	100	0.526178
1	109	0.466155
1	126	1.33198
1	139	1.35932
1	163	0.46763
1	173	1.37176
1	175	1.3929
1	177	1.38001
1	178	0.47247
1	179	1.38563
1	180	1.38175
2	97	0.494244
2	116	0.492884
2	138	0.470577
2	139	1.35178
2	147	1.38106
2	151	0.471722
2	155	0.470247
2	172	1.37883
2	173	1.36423
2	177	1.37247
2	179	1.37809
2	180	1.37422
3	22	1.10025
3	57	1.22834
3	69	1.25446
3	102	0.593312
3	117	0.605883
3	133	1.21303
3	142	1.22031
3	150	1.16322
3	162	1.21043
3	163	1.21598
3	165	0.60846
3	178	0.599305
4	74	1.29625
4	87	0.499256
4	117	1.36572
4	131	0.452129
4	140	1.42875
4	141	0.488925
4	148	1.34776
4	167	1.3915
4	174	1.39936
4	178	1.36965
4	179	0.483745
4	180	0.481467
5	24	1.40888
5	115	1.40415
5	116	0.487688
5	133	1.35686
5	144	1.33659
5	156	1.37371
5	162	1.35426
5	163	1.3598
5	164	0.487546
5	167	0.46757
5	176	0.481538
5	180	0.478134
6	116	0.488153
6	121	0.475261
6	145	0.476826
6	149	0.478161
6	152	1.35292
6	166	1.39286
6	169	0.478911
6	172	1.37349
6	175	1.38003
6	176	1.36669
6	177	1.36714
6	180	1.36888
7	68	0.496291
7	108	1.39481
7	117	0.477098
7	125	0.47179
7	130	1.36931
7	136	1.3534
7	148	0.494208
7	151	1.39057
7	157	1.37493
7	158	1.36067
7	160	1.3536
7	180	0.47326
8	28	0.540716
8	52	1.41445
8	107	1.34164
8	121	0.463756
8	134	1.37739
8	136	1.35288
8	151	1.39005
8	159	1.37056
8	160	1.35308
8	165	0.473509
8	168	0.458996
8	172	0.471143
9	25	1.29051
9	110	1.15254
9	130	1.19774
9	136	1.18183
9	138	0.598227
9	143	0.587866
9	157	1.20336
9	158	1.1891
9	159	1.19951
9	160	1.18202
9	168	0.602882
9	176	0.614384
10	62	0.493689
10	103	0.479615
10	139	0.489061
10	145	1.37275
10	161	1.34513
10	166	0.460637
10	167	1.38658
10	169	1.36294
10	170	1.37023
10	174	1.39444
10	176	0.481758
10	178	1.36473
11	45	1.29942
11	136	0.490644
11	142	1.39824
11	144	1.3707
11	150	1.34116
11	152	0.482348
11	156	1.40782
11	162	1.38837
11	163	1.39391
11	171	0.475272
11	177	0.477954
11	180	0.475113
12	34	1.3754
12	70	0.515452
12	91	0.452399
12	135	1.37357
12	136	0.482111
12	137	0.474416
12	152	1.36105
12	154	1.35501
12	158	0.465346
12	176	1.37482
12	179	1.38088
12	180	1.377
13	27	0.576146
13	83	1.25088
13	85	0.48526
13	122	1.30186
13	124	0.509081
13	156	1.33185
13	157	0.512165
13	162	1.3124
13	163	1.31794
13	165	0.523824
13	170	1.29457
13	171	1.29756
13	178	1.28907
14	79	1.30974
14	92	1.33539
14	101	0.501491
14	110	1.25252
14	130	1.29772
14	151	1.31898
14	155	0.517359
14	159	1.29949
14	160	1.282
14	168	0.522344
14	171	1.30486
14	176	0.533846
14	180	0.530442
15	32	0.396035
15	86	0.4134
15	103	0.437582
15	120	1.48878
15	132	0.423473
15	148	0.45727
15	150	0.468467
15	157	1.48928
15	158	1.47502
15	159	1.48543
15	173	1.48081
15	177	1.48905
15	180	1.4908
16	51	0.515784
16	119	1.26772
16	122	0.533144
16	138	0.514402
16	142	0.516054
16	146	1.30459
16	151	0.515547
16	165	1.29091
16	175	1.31693
16	176	1.3036
16	177	1.30404
16	179	1.30966
16	180	1.30578
17	92	0.512333
17	102	0.51552
17	111	1.31251
17	123	1.29012
17	132	1.32899
17	140	1.34079
17	147	0.521529
17	158	0.52302
17	161	1.26209
17	167	1.30354
17	169	1.2799
17	173	0.526879
17	178	1.28169
18	68	0.443644
18	79	1.5044
18	94	0.422951
18	100	0.471581
18	122	0.426601
18	127	0.420839
18	136	1.47646
18	137	1.45878
18	157	1.49799
18	158	1.48374
18	160	1.47666
18	171	1.49952
18	177	0.423454
19	36	1.31624
19	78	1.29933
19	124	1.30307
19	125	0.516145
19	134	0.513064
19	136	0.533147
19	170	0.516059
19	173	1.28492
19	175	1.30606
19	176	1.29272
19	178	0.514876
19	179	1.29879
19	180	1.29491
20	89	0.492404
20	100	0.562791
20	120	1.30587
20	139	1.28546
20	148	0.532771
20	151	0.500215
20	152	1.29193
20	165	1.29302
20	171	0.511983
20	173	1.2979
20	176	1.3057
20	179	1.31177
20	180	1.30789
21	51	1.26483
21	73	0.586244
21	94	1.27962
21	126	0.567681
21	148	1.20615
21	155	1.2651
21	164	1.21783
21	165	0.556777
21	168	1.25234
21	169	1.22626
21	173	0.552988
21	174	1.25775
21	175	0.544385
21	178	1.22804
22	3	1.10025
22	66	0.56718
22	67	1.3617
22	91	1.25942
22	103	1.24009
22	133	1.25246
22	142	1.25974
22	150	1.20265
22	156	1.26932
22	158	0.555808
22	161	0.573622
22	163	1.25541
22	174	0.542595
22	176	0.560445
23	32	1.32911
23	54	0.552099
23	87	0.579793
23	116	1.2329
23	119	0.580674
23	145	1.24138
23	146	0.549005
23	161	1.21376
23	164	1.22315
23	166	0.544286
23	168	1.25765
23	169	1.23157
23	170	1.23886
23	178	1.23336
24	5	1.40888
24	48	0.463766
24	50	0.45203
24	64	1.36139
24	87	1.34173
24	112	0.47017
24	125	1.39921
24	131	0.448936
24	142	1.42455
24	156	1.43412
24	162	1.41467
24	163	1.42022
24	172	0.482323
24	176	0.481677
25	9	1.29051
25	85	0.453049
25	88	0.43988
25	137	1.37525
25	142	0.474097
25	144	0.476813
25	155	1.44457
25	157	1.41447
25	159	1.41062
25	165	0.491614
25	166	0.467481
25	171	1.416
25	174	1.43722
25	178	1.40751
26	79	1.2595
26	106	0.569601
26	128	1.21335
26	149	1.22882
26	151	1.26873
26	157	1.25309
26	158	1.23884
26	159	1.24925
26	160	1.23176
26	164	0.569052
26	168	0.551543
26	169	0.559953
26	171	1.25462
26	175	0.553663
27	13	0.576146
27	38	0.548136
27	39	1.25384
27	65	1.23493
27	79	0.560948
27	103	0.56302
27	111	0.547618
27	147	1.24468
27	166	1.26182
27	175	1.24899
27	176	1.23565
27	177	1.23609
27	179	1.24171
27	180	1.23784
28	8	0.540716
28	32	0.536357
28	36	1.25945
28	102	1.24795
28	129	0.576271
28	144	0.568259
28	147	1.24497
28	165	1.22325
28	166	1.2621
28	171	0.576804
28	173	1.22814
28	175	1.24927
28	179	1.242
28	180	1.23813
29	59	0.448869
29	74	0.502624
29	90	0.45212
29	93	0.445204
29	118	1.42811
29	136	0.469696
29	148	0.475112
29	154	1.37574
29	166	1.42171
29	173	1.38775
29	176	1.39555
29	177	1.39599
29	179	1.40161
29	180	1.39774
30	47	0.49803
30	55	1.42098
30	71	1.42063
30	139	0.470287
30	140	1.43987
30	159	0.458644
30	161	1.36118
30	169	1.37899
30	170	1.38627
30	173	0.462206
30	174	1.41049
30	175	0.453603
30	178	1.38077
30	179	0.461858
31	47	0.500481
31	72	0.502087
31	112	1.43004
31	130	1.40514
31	137	1.37154
31	140	0.435913
31	149	1.38649
31	158	1.3965
31	159	1.40691
31	160	1.38942
31	167	0.451467
31	168	0.453933
31	171	1.41228
31	172	0.46608
32	15	0.396035
32	23	1.32911
32	28	0.536357
32	76	0.461986
32	80	0.472546
32	143	1.44005
32	148	1.38727
32	149	1.39184
32	152	0.46997
32	164	1.39894
32	168	1.43345
32	169	1.40737
32	178	1.40915
32	179	0.465013
33	37	1.32297
33	83	1.29368
33	87	1.28225
33	89	1.34772
33	95	1.31602
33	111	0.493641
33	123	0.504208
33	131	0.478444
33	133	1.35779
33	142	1.36507
33	162	1.3552
33	163	1.36074
33	169	0.508093
33	172	0.511831
33	177	0.510623
34	12	1.3754
34	46	0.463422
34	102	1.33857
34	132	0.501539
34	140	0.488269
34	149	0.51395
34	154	1.30675
34	156	0.501387
34	164	0.523799
34	165	1.31387
34	166	1.35273
34	173	1.31876
34	175	1.33989
34	176	1.32656
34	180	1.32875
35	61	0.511778
35	85	1.39395
35	98	0.480929
35	109	0.499582
35	123	0.505064
35	126	1.27933
35	166	1.35308
35	173	1.31911
35	174	0.494191
35	175	1.34025
35	176	1.32691
35	177	1.32735
35	178	0.505897
35	179	1.33298
35	180	1.3291
36	19	1.31624
36	28	1.25945
36	52	0.493835
36	91	0.495678
36	92	0.497939
36	98	0.482151
36	106	1.32056
36	129	0.509486
36	135	1.34825
36	164	0.519271
36	173	1.34169
36	175	1.36283
36	176	1.34949
36	177	1.34994
36	179	1.35556
37	33	1.32297
37	67	1.43966
37	81	0.492068
37	82	0.502406
37	103	1.31806
37	117	0.504983
37	133	1.33043
37	142	1.3377
37	144	1.31016
37	150	1.28062
37	155	0.488063
37	161	0.517727
37	162	1.32783
37	163	1.33337
37	173	0.503771
38	27	0.548136
38	56	1.26177
38	71	0.466853
38	92	1.37352
38	95	0.501943
38	99	1.39211
38	110	1.29065
38	148	0.510348
38	151	1.35711
38	157	1.34147
38	158	1.32721
38	159	1.33762
38	160	1.32014
38	164	0.498811
38	174	0.474953
39	27	1.25384
39	71	0.486898
39	104	0.505346
39	139	1.32392
39	143	0.486329
39	146	1.34516
39	151	0.497835
39	153	0.511753
39	170	0.507887
39	172	1.35096
39	173	1.33636
39	175	1.3575
39	176	1.34417
39	177	1.34461
39	180	1.34635
40	89	0.483588
40	110	0.544759
40	112	0.494904
40	115	0.470709
40	119	1.30466
40	129	1.32508
40	153	1.33143
40	162	0.498369
40	163	0.495427
40	164	1.32404
40	169	1.33246
40	170	1.33975
40	175	1.35387
40	179	1.3466
40	180	1.34272
41	66	0.516725
41	88	1.39688
41	99	0.484908
41	102	1.33355
41	121	0.503249
41	132	0.493738
41	165	1.30885
41	166	1.34771
41	169	0.506899
41	172	1.32834
41	173	1.31374
41	174	0.492141
41	177	1.32198
41	179	1.3276
41	180	1.32373
42	69	0.423883
42	82	0.460172
42	114	0.483446
42	137	1.3908
42	139	0.469619
42	156	0.445911
42	157	1.43002
42	159	1.42617
42	160	1.40868
42	164	1.41285
42	169	1.42127
42	170	1.42856
42	174	1.45277
42	177	0.461753
42	178	1.42306
42	179	0.46119
43	51	0.441805
43	55	0.441491
43	85	1.47849
43	96	0.468229
43	120	1.41162
43	130	0.468855
43	141	1.40405
43	148	0.474125
43	165	1.39876
43	166	1.43762
43	170	0.45162
43	171	0.453336
43	175	1.42479
43	177	1.41189
43	179	1.41751
43	180	1.41364
44	54	0.453896
44	70	1.33938
44	73	0.499682
44	84	1.48312
44	86	1.48524
44	91	0.449619
44	112	1.43949
44	129	1.40408
44	131	0.434462
44	157	1.42021
44	159	1.41636
44	160	1.39888
44	166	0.446082
44	175	0.457822
44	176	0.467204
44	178	1.41325
45	11	1.29942
45	53	1.29337
45	67	1.38294
45	84	0.492649
45	89	1.26362
45	97	0.549804
45	113	0.522671
45	119	0.55756
45	141	0.546348
45	144	1.25343
45	150	1.22389
45	153	1.24495
45	156	1.29055
45	162	1.2711
45	163	1.27665
45	180	0.53889
46	34	0.463422
46	51	1.44846
46	77	0.459872
46	113	1.43267
46	114	0.476591
46	123	1.4201
46	127	0.452283
46	140	1.47076
46	148	1.38978
46	164	1.40146
46	169	1.40988
46	170	1.41717
46	176	0.455461
46	177	0.454898
46	178	1.41166
46	180	0.452057
47	30	0.49803
47	31	0.500481
47	106	1.25307
47	110	0.583224
47	113	0.525254
47	124	1.29235
47	141	1.2746
47	146	1.28299
47	161	0.558053
47	165	1.26931
47	167	0.530908
47	175	1.29534
47	176	1.282
47	177	1.28244
47	179	1.28806
47	180	1.28419
48	24	0.463766
48	74	1.28883
48	82	0.489775
48	87	0.506304
48	120	0.483596
48	122	1.37501
48	127	0.488741
48	143	1.39313
48	147	0.48579
48	148	1.34034
48	149	1.34492
48	154	0.491916
48	164	1.35202
48	167	1.38408
48	170	1.36773
48	174	1.39194
48	178	1.36223
49	62	1.22255
49	69	0.546077
49	89	0.561688
49	91	0.566926
49	119	1.20432
49	120	1.24037
49	141	1.2328
49	143	0.557992
49	146	1.24119
49	149	0.58067
49	171	0.581266
49	173	1.2324
49	175	1.25353
49	176	1.2402
49	177	1.24064
49	179	1.24626
49	180	1.24239
50	24	0.45203
50	60	1.39071
50	63	0.501359
50	66	0.486918
50	119	1.32371
50	146	1.36057
50	147	1.36862
50	150	0.508924
50	154	1.33978
50	161	0.49336
50	164	0.486191
50	173	1.35178
50	175	1.37292
50	177	1.36003
50	178	0.474039
50	179	1.36565
50	180	1.36177
51	1	0.463838
51	16	0.515784
51	21	1.26483
51	43	0.441805
51	46	1.44846
51	122	1.36298
51	139	0.502358
51	148	1.32831
51	153	1.34737
51	155	1.38726
51	160	0.498413
51	167	1.37205
51	170	1.35569
51	173	0.494276
51	174	1.37991
51	175	0.485673
51	178	1.35019
52	8	1.41445
52	36	0.493835
52	97	0.497913
52	107	1.33459
52	110	1.31654
52	124	0.47867
52	134	1.37034
52	137	1.32814
52	142	0.475897
52	151	1.383
52	153	0.489308
52	157	1.36736
52	158	1.3531
52	159	1.36351
52	168	0.478901
52	171	1.36889
52	172	0.491048
53	45	1.29337
53	83	1.32081
53	87	1.30937
53	89	1.37484
53	91	1.39187
53	103	1.37255
53	130	0.50002
53	144	1.36465
53	155	0.471258
53	156	1.40177
53	162	1.38232
53	163	1.38786
53	171	0.484501
53	172	0.488391
53	173	0.486967
53	176	0.487745
53	180	0.484342
54	23	0.552099
54	44	0.453896
54	67	0.447368
54	98	0.46541
54	107	0.519228
54	113	0.4769
54	141	1.3521
54	146	1.36049
54	147	1.36853
54	152	1.34573
54	154	1.33969
54	166	1.38566
54	173	1.35169
54	174	0.478672
54	175	1.37283
54	176	1.3595
54	180	1.36168
55	30	1.42098
55	43	0.441491
55	62	0.506671
55	65	0.504446
55	66	1.33131
55	70	1.27973
55	81	0.482258
55	95	0.50388
55	104	1.36197
55	111	1.38443
55	138	1.37611
55	166	0.473619
55	169	1.35182
55	170	1.3591
55	173	0.493962
55	174	1.38332
55	178	1.3536
56	38	1.26177
56	61	0.583098
56	84	0.533717
56	106	0.589918
56	108	1.2675
56	110	1.19679
56	128	1.20787
56	131	0.55062
56	136	1.22609
56	137	1.2084
56	151	1.26326
56	157	1.24762
56	159	1.24377
56	160	1.22628
56	164	0.589369
56	166	0.56224
56	171	1.24914
57	3	1.22834
57	87	1.30502
57	91	1.38751
57	95	1.33879
57	100	0.525594
57	103	1.36819
57	115	1.42786
57	117	0.478464
57	142	1.38784
57	148	0.495575
57	152	0.481862
57	154	0.478027
57	156	1.39741
57	161	0.491207
57	162	1.37796
57	163	1.38351
57	174	0.46018
58	65	1.2285
58	77	1.24546
58	101	1.28836
58	126	1.18163
58	137	0.576345
58	147	1.23825
58	151	0.556901
58	152	1.21545
58	156	0.555508
58	161	0.58509
58	166	1.25538
58	174	0.554063
58	175	1.24255
58	177	1.22966
58	178	0.565769
58	179	1.23528
58	180	1.2314
59	29	0.448869
59	79	1.37176
59	96	0.51278
59	101	0.468776
59	108	1.38524
59	136	1.34383
59	137	1.32614
59	151	1.381
59	152	0.504962
59	155	0.484644
59	157	1.36536
59	158	1.35111
59	159	1.36151
59	160	1.34403
59	168	0.489629
59	170	0.49617
59	171	1.36689
60	50	1.39071
60	70	0.529267
60	81	1.36222
60	97	0.491309
60	108	0.473518
60	153	0.482704
60	154	1.3373
60	155	0.467312
60	157	0.47515
60	163	0.472814
60	165	1.34442
60	166	1.38327
60	173	1.3493
60	176	1.3571
60	177	1.35754
60	179	1.36317
60	180	1.35929
61	35	0.511778
61	56	0.583098
61	98	1.34047
61	105	1.35499
61	129	1.27824
61	132	1.33471
61	135	0.503117
61	138	1.30992
61	146	0.493164
61	155	1.32447
61	159	0.505226
61	161	1.26782
61	164	1.2772
61	167	1.30926
61	174	1.31712
61	175	0.500185
61	178	1.28741
61	180	0.506162
62	10	0.493689
62	49	1.22255
62	55	0.506671
62	93	0.509397
62	118	1.34089
62	136	0.533889
62	145	0.516584
62	157	0.513112
62	166	1.3345
62	168	1.32634
62	169	0.518669
62	172	1.31513
62	173	1.30053
62	175	1.32167
62	176	1.30833
62	177	1.30877
62	179	1.3144
62	180	1.31052
63	50	0.501359
63	66	1.29113
63	70	1.23955
63	87	0.545391
63	88	0.482283
63	94	1.36501
63	101	0.49865
63	116	1.31297
63	133	0.520664
63	134	0.52305
63	138	1.33594
63	148	1.29154
63	157	0.522357
63	161	1.29383
63	164	1.30322
63	169	1.31164
63	174	1.34314
63	178	1.31343
64	24	1.36139
64	67	1.4186
64	80	1.28948
64	83	1.24526
64	117	0.520747
64	124	0.508582
64	125	1.29131
64	133	1.30937
64	134	1.29338
64	135	0.513865
64	142	1.31664
64	149	0.516473
64	150	1.25956
64	154	0.520311
64	160	0.523672
64	162	1.30677
64	163	1.31231
64	174	0.502464
65	27	1.23493
65	55	0.504446
65	58	1.2285
65	98	0.488423
65	100	0.567099
65	121	0.512794
65	135	1.32401
65	141	1.31786
65	146	1.32625
65	151	0.504523
65	167	0.505567
65	171	0.516291
65	172	1.33206
65	173	1.31746
65	175	1.3386
65	176	1.32526
65	177	1.3257
65	179	1.33133
66	22	0.56718
66	41	0.516725
66	50	0.486918
66	55	1.33131
66	63	1.29113
66	109	0.504105
66	129	1.28194
66	132	1.3384
66	143	1.32201
66	147	0.510436
66	152	0.520396
66	155	1.32817
66	164	1.2809
66	166	0.495443
66	167	1.31296
66	171	1.29959
66	174	1.32082
66	178	1.2911
67	22	1.3617
67	37	1.43966
67	45	1.38294
67	54	0.447368
67	64	1.4186
67	89	1.46441
67	111	0.443131
67	133	1.47449
67	142	1.48176
67	143	0.434157
67	150	1.42468
67	154	0.460672
67	162	1.47189
67	163	1.47743
67	168	0.449174
67	172	0.461321
67	178	0.454532
67	180	0.457272
68	7	0.496291
68	18	0.443644
68	103	0.527313
68	110	0.567805
68	123	1.31775
68	126	1.26802
68	134	0.521501
68	148	1.28743
68	149	1.292
68	151	0.514444
68	163	0.518472
68	165	1.30292
68	170	1.31482
68	174	1.33903
68	175	1.32894
68	178	1.30932
68	179	1.32167
68	180	1.31779
69	3	1.25446
69	42	0.423883
69	49	0.546077
69	83	1.34257
69	89	1.3966
69	110	0.509744
69	115	1.45397
69	118	0.45355
69	134	1.39069
69	144	1.38641
69	150	1.35686
69	153	1.37793
69	156	1.42353
69	162	1.40408
69	163	1.40962
69	168	0.459895
69	171	0.468152
69	172	0.472042
69	176	0.471397
70	12	0.515452
70	44	1.33938
70	55	1.27973
70	60	0.529267
70	63	1.23955
70	94	1.29111
70	124	0.543566
70	127	0.55212
70	132	1.28682
70	143	1.27042
70	152	0.55913
70	154	0.555295
70	161	1.21993
70	168	1.26382
70	170	1.24502
70	172	1.25261
70	174	1.26924
70	177	0.554736
70	178	1.23952
71	30	1.42063
71	38	0.466853
71	39	0.486898
71	98	1.40632
71	113	1.37427
71	115	0.448178
71	121	1.35792
71	125	0.479006
71	127	0.480702
71	140	1.41236
71	143	1.38416
71	167	1.37511
71	168	1.37756
71	170	1.35876
71	174	1.38298
71	175	0.474499
71	176	0.48388
71	178	1.35326
71	179	0.482754
72	31	0.502087
72	81	0.534
72	100	1.20428
72	119	0.561749
72	122	1.26663
72	123	1.26228
72	136	0.55861
72	137	0.550915
72	140	1.31294
72	155	1.2909
72	164	1.24363
72	167	1.2757
72	168	1.27814
72	169	1.25206
72	170	1.25934
72	172	1.26693
72	174	1.28356
72	176	0.546482
72	179	0.545356
73	21	0.586244
73	44	0.499682
73	96	0.553957
73	116	0.548458
73	125	1.25981
73	131	1.32062
73	133	1.27786
73	141	1.25083
73	150	1.22805
73	153	1.24912
73	156	1.29472
73	157	0.53366
73	163	1.28081
73	169	0.539216
73	170	0.537348
73	176	1.25823
73	177	1.25867
73	179	1.26429
73	180	1.26042
74	4	1.29625
74	29	0.502624
74	48	1.28883
74	105	1.30759
74	111	1.27083
74	117	1.23608
74	140	1.2991
74	146	0.538483
74	154	0.554882
74	160	0.558244
74	164	1.22979
74	167	1.26186
74	170	1.2455
74	172	1.25309
74	174	1.26972
74	175	0.545504
74	177	0.554323
74	178	1.24
74	180	0.551482
75	86	0.48708
75	89	0.490583
75	99	0.488323
75	118	1.35688
75	120	1.32449
75	121	0.506664
75	131	1.38671
75	152	1.31055
75	155	0.496919
75	159	0.509066
75	162	0.505364
75	165	1.31163
75	166	1.35049
75	170	0.508445
75	173	1.31652
75	175	1.33766
75	176	1.32432
75	177	1.32476
75	179	1.33038
75	180	1.32651
76	32	0.461986
76	79	0.501463
76	104	0.498176
76	120	1.3265
76	127	1.34835
76	128	0.532676
76	131	1.38872
76	149	0.501836
76	151	0.490665
76	153	0.504583
76	154	1.30652
76	165	1.31364
76	168	1.34433
76	170	0.500717
76	173	1.31852
76	175	1.33966
76	176	1.32633
76	177	1.32677
76	179	1.33239
76	180	1.32851
77	46	0.459872
77	58	1.24546
77	93	0.501877
77	99	0.489159
77	133	0.503899
77	141	1.33482
77	145	0.509065
77	147	1.35126
77	152	1.32846
77	153	0.513147
77	154	1.32242
77	165	1.32954
77	166	1.36839
77	167	0.500273
77	171	0.510997
77	173	1.33442
77	175	1.35556
77	176	1.34222
77	177	1.34267
77	180	1.34441
78	19	1.29933
78	96	0.517538
78	135	1.33134
78	138	0.489732
78	144	0.4941
78	146	1.33358
78	151	0.490877
78	153	0.504795
78	163	0.494905
78	165	1.3199
78	166	1.35875
78	168	1.3506
78	169	0.502798
78	173	1.32479
78	175	1.34592
78	176	1.33259
78	177	1.33303
78	178	0.499746
78	179	1.33865
78	180	1.33478
79	14	1.30974
79	18	1.5044
79	26	1.2595
79	27	0.560948
79	59	1.37176
79	76	0.501463
79	86	0.47929
79	105	0.460077
79	107	1.30095
79	124	0.493883
79	128	1.29397
79	145	0.500438
79	149	1.30945
79	151	1.34936
79	157	1.33372
79	158	1.31946
79	160	1.31238
79	171	1.33525
79	179	0.504489
79	180	0.502211
80	32	0.472546
80	64	1.28948
80	83	1.28126
80	89	1.33529
80	98	0.485124
80	111	0.498692
80	115	1.39266
80	125	1.32731
80	129	0.51246
80	133	1.34537
80	142	1.35264
80	144	1.3251
80	150	1.29556
80	154	0.516234
80	156	1.36222
80	162	1.34277
80	163	1.34831
80	167	0.502269
80	168	0.504735
80	172	0.516882
81	37	0.492068
81	55	0.482258
81	60	1.36222
81	72	0.534
81	108	0.487068
81	116	0.503498
81	120	1.33127
81	126	1.28352
81	131	1.39349
81	136	0.509476
81	145	0.492171
81	152	1.31733
81	154	1.3113
81	165	1.31842
81	166	1.35727
81	169	0.494256
81	173	1.3233
81	176	1.3311
81	177	1.33154
81	179	1.33717
82	37	0.502406
82	42	0.460172
82	48	0.489775
82	83	0.529228
82	124	1.3465
82	126	1.28857
82	134	0.499731
82	135	1.33491
82	145	0.502509
82	154	1.31635
82	165	1.32347
82	166	1.36232
82	171	0.504442
82	173	1.32835
82	175	1.34949
82	176	1.33615
82	177	1.33659
82	178	0.501542
82	179	1.34222
82	180	1.33834
83	13	1.25088
83	33	1.29368
83	53	1.32081
83	64	1.24526
83	69	1.34257
83	80	1.28126
83	82	0.529228
83	121	0.52463
83	125	1.28308
83	126	0.545286
83	133	1.30114
83	135	0.524922
83	142	1.30842
83	143	0.504853
83	150	1.25133
83	156	1.31799
83	162	1.29854
83	163	1.30409
83	168	0.51987
83	172	0.532017
83	177	0.530809
84	44	1.48312
84	45	0.492649
84	56	0.533717
84	89	0.437362
84	95	0.469325
84	117	1.37934
84	133	0.449843
84	134	0.45223
84	143	1.41417
84	152	1.37579
84	156	0.44378
84	159	0.455845
84	162	0.452143
84	165	1.37687
84	166	1.41572
84	167	1.40512
84	170	1.38877
84	176	1.38956
84	178	1.38327
84	179	1.39562
84	180	1.39174
85	13	0.48526
85	25	0.453049
85	35	1.39395
85	43	1.47849
85	104	0.466775
85	123	0.467299
85	134	0.466321
85	135	1.39177
85	139	1.37277
85	142	0.459771
85	143	0.447758
85	146	1.394
85	160	0.477635
85	170	0.469316
85	172	1.39981
85	173	1.38521
85	175	1.40635
85	176	1.39301
85	177	1.39346
85	179	1.39908
85	180	1.3952
86	15	0.4134
86	44	1.48524
86	75	0.48708
86	79	0.47929
86	88	0.434782
86	97	1.36409
86	104	1.39375
86	105	1.45297
86	123	1.39382
86	138	1.4079
86	148	1.3635
86	154	0.483501
86	156	0.4671
86	161	1.36579
86	163	0.47252
86	169	1.3836
86	170	1.39089
86	174	1.4151
86	176	0.483505
86	178	1.38538
86	180	0.480101
87	4	0.499256
87	23	0.579793
87	24	1.34173
87	33	1.28225
87	48	0.506304
87	53	1.30937
87	57	1.30502
87	63	0.545391
87	89	1.27963
87	91	1.29666
87	95	1.24794
87	115	1.337
87	133	1.2897
87	144	1.26944
87	149	0.520374
87	150	1.23989
87	156	1.30656
87	163	1.29265
87	166	0.503094
87	172	0.524861
87	179	0.52309
88	25	0.43988
88	41	1.39688
88	63	0.482283
88	86	0.434782
88	100	0.508671
88	110	0.499456
88	124	1.41166
88	135	1.40007
88	139	1.38107
88	146	1.40231
88	152	1.38755
88	154	1.38151
88	156	0.444703
88	161	0.474285
88	162	0.453066
88	168	1.41932
88	171	0.457863
88	173	1.39351
88	175	1.41465
88	177	1.40176
88	179	1.40738
89	20	0.492404
89	33	1.34772
89	40	0.483588
89	45	1.26362
89	49	0.561688
89	53	1.37484
89	67	1.46441
89	69	1.3966
89	75	0.490583
89	80	1.33529
89	84	0.437362
89	87	1.27963
89	108	0.476727
89	122	0.489591
89	133	1.35517
89	135	0.480558
89	142	1.36245
89	144	1.3349
89	156	1.37202
89	162	1.35257
89	163	1.35812
89	172	0.487652
90	29	0.45212
90	92	1.38849
90	99	1.40707
90	109	1.3796
90	110	1.30561
90	127	0.501205
90	130	1.35082
90	136	1.3349
90	137	1.31722
90	140	0.47486
90	142	0.489877
90	151	1.37208
90	157	1.35644
90	158	1.34218
90	159	1.35259
90	160	1.3351
90	167	0.490414
90	170	0.499422
90	171	1.35796
90	173	0.503604
90	174	0.486532
90	176	0.504383
91	12	0.452399
91	22	1.25942
91	36	0.495678
91	44	0.449619
91	49	0.566926
91	53	1.39187
91	57	1.38751
91	87	1.29666
91	93	1.37001
91	118	0.474398
91	125	1.35415
91	132	0.475993
91	137	0.496677
91	142	1.37948
91	144	1.35193
91	145	1.3543
91	150	1.32239
91	156	1.38906
91	162	1.3696
91	163	1.37515
91	164	0.498253
91	169	0.489153
92	14	1.33539
92	17	0.512333
92	36	0.497939
92	38	1.37352
92	90	1.38849
92	108	1.37925
92	109	1.38253
92	110	1.30854
92	111	0.476961
92	117	0.494939
92	128	1.31962
92	132	0.478253
92	136	1.33784
92	151	1.37501
92	153	0.493411
92	158	1.34511
92	159	1.35552
92	160	1.33803
92	168	0.483004
92	171	1.36089
92	174	0.476655
92	179	0.49338
93	29	0.445204
93	62	0.509397
93	77	0.501877
93	91	1.37001
93	95	1.32128
93	101	0.46511
93	103	1.35068
93	115	1.41035
93	125	1.345
93	133	1.36305
93	144	1.34278
93	145	1.34516
93	150	1.31324
93	152	0.501297
93	153	1.33431
93	156	1.37991
93	162	1.36046
93	163	1.366
93	170	0.492505
93	171	0.494221
93	172	0.498111
93	179	0.49634
94	18	0.422951
94	21	1.27962
94	63	1.36501
94	70	1.29111
94	97	1.34369
94	100	1.31542
94	109	0.496305
94	121	1.36964
94	122	1.37777
94	124	0.497032
94	125	0.50389
94	131	0.476023
94	166	0.487643
94	167	1.38684
94	169	1.3632
94	170	1.37049
94	172	1.37807
94	174	1.3947
94	176	0.508765
94	177	0.508202
94	178	1.36498
94	180	0.505361
95	33	1.31602
95	38	0.501943
95	55	0.50388
95	57	1.33879
95	84	0.469325
95	87	1.24794
95	93	1.32128
95	103	1.31111
95	106	1.27491
95	115	1.37078
95	116	0.525119
95	133	1.32348
95	141	0.523024
95	142	1.33076
95	144	1.30321
95	148	0.536514
95	150	1.27367
95	154	0.518966
95	155	0.502482
95	156	1.34033
95	160	0.522328
95	162	1.32088
95	163	1.32643
96	43	0.468229
96	59	0.51278
96	73	0.553957
96	78	0.517538
96	98	1.35729
96	100	1.25468
96	101	0.489124
96	113	1.32524
96	129	1.29507
96	132	1.35154
96	134	0.513523
96	138	1.32675
96	144	0.509689
96	147	0.51535
96	148	1.28235
96	153	1.30142
96	167	1.32609
96	168	1.32854
96	169	1.30246
96	170	1.30974
96	174	1.33395
96	178	1.30424
96	180	0.518075
97	2	0.494244
97	45	0.549804
97	52	0.497913
97	60	0.491309
97	86	1.36409
97	94	1.34369
97	104	1.30047
97	106	0.523897
97	132	1.3394
97	138	1.31461
97	143	1.323
97	152	0.521172
97	155	1.32916
97	156	0.500935
97	158	0.512702
97	161	1.27251
97	164	1.28189
97	168	1.3164
97	170	1.2976
97	171	1.30059
97	174	1.32181
97	175	0.507959
97	178	1.2921
98	35	0.480929
98	36	0.482151
98	54	0.46541
98	61	1.34047
98	65	0.488423
98	71	1.40632
98	80	0.485124
98	96	1.35729
98	100	1.31689
98	113	1.38746
98	119	0.493984
98	123	1.37489
98	138	1.38896
98	148	1.34457
98	155	1.40352
98	164	1.35625
98	167	1.38831
98	169	1.36467
98	170	1.37195
98	173	0.477939
98	174	1.39617
98	177	0.478155
98	179	0.477592
98	180	0.475314
99	38	1.39211
99	41	0.484908
99	75	0.488323
99	77	0.489159
99	90	1.40707
99	107	1.34518
99	108	1.39784
99	109	1.40112
99	110	1.32713
99	130	1.37233
99	137	1.33874
99	138	0.46859
99	147	0.478618
99	149	1.35368
99	151	1.3936
99	157	1.37796
99	158	1.3637
99	159	1.37411
99	160	1.35662
99	167	0.470779
99	168	0.473245
99	172	0.485392
99	176	0.484747
99	177	0.484185
100	1	0.526178
100	18	0.471581
100	20	0.562791
100	57	0.525594
100	65	0.567099
100	72	1.20428
100	88	0.508671
100	94	1.31542
100	96	1.25468
100	98	1.31689
100	104	1.27221
100	133	0.547052
100	138	1.28635
100	140	1.32294
100	155	1.3009
100	166	0.536272
100	167	1.28569
100	169	1.26205
100	170	1.26934
100	171	1.27232
100	172	1.27692
100	174	1.29355
100	178	1.26384
100	180	0.55399
101	14	0.501491
101	58	1.28836
101	59	0.468776
101	63	0.49865
101	93	0.46511
101	96	0.489124
101	107	0.50018
101	126	1.33755
101	132	0.461222
101	139	1.36488
101	141	1.37773
101	152	1.37136
101	154	1.36532
101	163	0.46649
101	165	1.37244
101	168	1.40313
101	169	0.474383
101	172	1.39192
101	173	1.37732
101	176	1.38513
101	177	1.38557
101	178	0.471331
101	179	1.39119
101	180	1.38731
102	3	0.593312
102	17	0.51552
102	28	1.24795
102	34	1.33857
102	41	1.33355
102	124	1.34834
102	135	1.33674
102	138	0.481535
102	140	0.46817
102	143	0.471174
102	147	1.34702
102	152	1.32422
102	153	0.496598
102	158	0.493055
102	164	0.5037
102	165	1.32531
102	168	1.356
102	169	0.4946
102	173	1.33019
102	174	0.479842
102	175	1.35133
102	176	1.33799
102	177	1.33843
102	179	1.34406
102	180	1.34018
103	10	0.479615
103	15	0.437582
103	22	1.24009
103	27	0.56302
103	37	1.31806
103	53	1.37255
103	57	1.36819
103	68	0.527313
103	93	1.35068
103	95	1.31111
103	106	1.30431
103	118	0.48984
103	134	1.33689
103	142	1.36016
103	144	1.33261
103	150	1.30307
103	153	1.32413
103	156	1.36973
103	162	1.35028
103	163	1.35583
103	165	0.510698
103	167	0.493719
103	172	0.508332
103	174	0.489837
103	179	0.506561
104	39	0.505346
104	55	1.36197
104	76	0.498176
104	85	0.466775
104	86	1.39375
104	97	1.30047
104	100	1.27221
104	113	1.34277
104	116	1.32131
104	125	0.497454
104	132	1.36907
104	138	1.34428
104	141	0.506383
104	150	0.53107
104	155	1.35883
104	161	1.30217
104	164	1.31156
104	165	0.505339
104	169	1.31998
104	170	1.32727
104	173	0.50155
104	174	1.35148
104	175	0.492947
104	178	1.32177
104	180	0.498924
105	61	1.35499
105	74	1.30759
105	79	0.460077
105	86	1.45297
105	106	0.470848
105	107	0.486997
105	110	0.50264
105	111	1.41181
105	114	0.485422
105	130	0.476566
105	132	1.42828
105	149	1.36367
105	154	0.464289
105	161	1.36139
105	164	1.37077
105	165	0.467303
105	167	1.40283
105	169	1.3792
105	170	1.38648
105	171	1.38947
105	172	1.39407
105	173	0.463513
105	174	1.4107
105	176	0.464292
105	177	0.463729
105	178	1.38098
106	26	0.569601
106	36	1.32056
106	47	1.25307
106	56	0.589918
106	95	1.27491
106	97	0.523897
106	103	1.30431
106	105	0.470848
106	122	0.518971
106	125	1.29863
106	126	1.24947
106	127	1.31908
106	132	0.500134
106	142	1.32396
106	144	1.29641
106	145	1.29879
106	162	1.31408
106	163	1.31963
106	166	1.32322
106	167	0.502418
106	169	0.513295
106	174	0.498536
106	175	1.31038
106	176	1.29705
106	177	1.29749
106	178	0.510242
107	8	1.34164
107	52	1.33459
107	54	0.519228
107	79	1.30095
107	99	1.34518
107	101	0.50018
107	105	0.486997
107	109	1.31771
107	110	1.24372
107	112	1.31382
107	126	0.546451
107	130	1.28892
107	134	1.29752
107	145	0.527359
107	149	1.27027
107	151	1.31018
107	157	1.29454
107	158	1.28029
107	159	1.2907
107	160	1.27321
107	162	0.524494
107	163	0.521551
107	168	0.521034
107	170	0.527575
107	171	1.29607
107	178	0.526391
108	7	1.39481
108	56	1.2675
108	59	1.38524
108	60	0.473518
108	81	0.487068
108	89	0.476727
108	92	1.37925
108	99	1.39784
108	109	1.37037
108	112	1.36648
108	130	1.34158
108	136	1.32567
108	137	1.30798
108	138	0.483392
108	147	0.493421
108	151	1.36284
108	157	1.3472
108	158	1.33294
108	159	1.34335
108	160	1.32586
108	161	0.512727
108	164	0.505557
108	166	0.478428
108	171	1.34872
108	172	0.500195
108	173	0.498771
108	180	0.496146
109	1	0.466155
109	35	0.499582
109	66	0.504105
109	90	1.3796
109	92	1.38253
109	94	0.496305
109	99	1.40112
109	107	1.31771
109	108	1.37037
109	112	1.36977
109	118	0.479524
109	126	0.511286
109	128	1.31074
109	130	1.34486
109	136	1.32895
109	137	1.31127
109	151	1.36613
109	157	1.35049
109	158	1.33623
109	159	1.34664
109	160	1.32915
109	168	0.485869
109	169	0.494279
109	171	1.35201
109	174	0.479521
109	176	0.497371
109	177	0.496808
110	9	1.15254
110	14	1.25252
110	38	1.29065
110	40	0.544759
110	47	0.583224
110	52	1.31654
110	56	1.19679
110	68	0.567805
110	69	0.509744
110	88	0.499456
110	90	1.30561
110	92	1.30854
110	99	1.32713
110	105	0.50264
110	107	1.24372
110	112	1.29577
110	130	1.27087
110	136	1.25496
110	148	0.565722
110	151	1.29214
110	153	0.547084
110	157	1.27649
110	158	1.26224
110	159	1.27265
110	168	0.536676
110	171	1.27802
110	179	0.547052
111	17	1.31251
111	27	0.547618
111	33	0.493641
111	55	1.38443
111	67	0.443131
111	74	1.27083
111	80	0.498692
111	92	0.476961
111	105	1.41181
111	114	0.513416
111	122	1.35701
111	129	1.33506
111	130	0.504559
111	146	0.475883
111	148	1.32234
111	155	1.38128
111	156	0.47588
111	164	1.33401
111	167	1.36608
111	169	1.34244
111	170	1.34972
111	171	1.35271
111	172	1.35731
111	174	1.37394
111	175	0.482904
111	178	1.34422
111	179	0.491159
112	24	0.47017
112	31	1.43004
112	40	0.494904
112	44	1.43949
112	107	1.31382
112	108	1.36648
112	109	1.36977
112	110	1.29577
112	117	0.498756
112	121	0.491581
112	129	0.494546
112	130	1.34098
112	134	1.34958
112	136	1.32507
112	137	1.30738
112	151	1.36224
112	157	1.3466
112	158	1.33234
112	159	1.34275
112	160	1.32526
112	164	0.50433
112	165	0.501334
112	168	0.486821
112	171	1.34812
112	172	0.498968
112	174	0.480473
112	178	0.492179
113	45	0.522671
113	46	1.43267
113	47	0.525254
113	54	0.4769
113	71	1.37427
113	96	1.32524
113	98	1.38746
113	104	1.34277
113	114	0.511338
113	121	1.33906
113	123	1.34284
113	128	1.30161
113	131	0.457466
113	145	1.34243
113	147	0.484079
113	148	1.31252
113	155	1.37147
113	162	0.482166
113	165	0.493219
113	167	1.35626
113	169	1.33262
113	170	1.3399
113	174	1.36412
113	175	0.480826
113	177	0.489645
113	178	1.3344
113	180	0.486804
114	42	0.483446
114	46	0.476591
114	105	0.485422
114	111	0.513416
114	113	0.511338
114	118	1.34695
114	119	1.27851
114	120	1.31456
114	121	0.524219
114	124	1.32474
114	126	1.26681
114	131	1.37678
114	134	0.523005
114	139	1.29414
114	140	0.501438
114	141	1.30699
114	147	1.32342
114	149	0.527119
114	159	0.52662
114	163	0.519976
114	166	1.34056
114	172	1.32118
114	173	1.30659
114	175	1.32772
114	176	1.31439
114	177	1.31483
114	179	1.32045
114	180	1.31658
115	5	1.40415
115	40	0.470709
115	57	1.42786
115	69	1.45397
115	71	0.448178
115	80	1.39266
115	87	1.337
115	93	1.41035
115	95	1.37078
115	117	0.474561
115	118	0.456281
115	125	1.39449
115	141	0.478182
115	142	1.41982
115	144	1.39228
115	145	1.39465
115	150	1.36274
115	153	1.3838
115	156	1.4294
115	162	1.40995
115	163	1.41549
115	165	0.477139
115	168	0.462626
115	169	0.471036
115	171	0.470884
115	174	0.456278
115	177	0.473565
115	179	0.473002
116	2	0.492884
116	5	0.487688
116	6	0.488153
116	23	1.2329
116	63	1.31297
116	73	0.548458
116	81	0.503498
116	95	0.525119
116	104	1.32131
116	120	0.507657
116	121	1.3176
116	122	1.32573
116	123	1.32138
116	137	0.520412
116	138	1.33545
116	146	0.499578
116	155	1.35001
116	161	1.29335
116	164	1.30273
116	167	1.3348
116	168	1.33724
116	169	1.31116
116	170	1.31844
116	172	1.32603
116	174	1.34266
116	177	0.515418
116	178	1.31294
116	179	0.514854
117	3	0.605883
117	4	1.36572
117	7	0.477098
117	37	0.504983
117	57	0.478464
117	64	0.520747
117	74	1.23608
117	84	1.37934
117	92	0.494939
117	112	0.498756
117	115	0.474561
117	124	1.32611
117	139	1.29552
117	143	1.34038
117	150	0.539005
117	154	1.29596
117	156	0.493859
117	159	0.505923
117	161	1.28988
117	164	1.29927
117	167	1.33133
117	173	1.30796
117	174	1.33919
117	175	1.3291
117	177	1.31621
117	178	1.30948
117	179	1.32183
117	180	1.31795
118	29	1.42811
118	62	1.34089
118	69	0.45355
118	75	1.35688
118	91	0.474398
118	103	0.48984
118	109	0.479524
118	114	1.34695
118	115	0.456281
118	119	1.32267
118	127	1.38057
118	131	1.42093
118	147	1.36757
118	150	0.520724
118	154	1.33874
118	162	0.483941
118	164	0.497991
118	165	1.34586
118	166	1.38471
118	169	0.488891
118	170	0.487023
118	171	0.488739
118	173	1.35074
118	174	0.474133
118	175	1.37188
118	176	1.35854
118	177	1.35898
118	179	1.36461
118	180	1.36073
119	16	1.26772
119	23	0.580674
119	40	1.30466
119	45	0.55756
119	49	1.20432
119	50	1.32371
119	72	0.561749
119	98	0.493984
119	114	1.27851
119	118	1.32267
119	124	1.30045
119	127	1.31213
119	132	0.508844
119	135	1.28886
119	149	0.521256
119	154	1.2703
119	163	0.514113
119	165	1.27742
119	167	0.511129
119	170	0.520136
119	172	1.2969
119	173	1.2823
119	174	0.507247
119	175	1.30344
119	176	1.29011
119	177	1.29055
119	178	0.518953
119	179	1.29617
119	180	1.29229
120	15	1.48878
120	20	1.30587
120	43	1.41162
120	48	0.483596
120	49	1.24037
120	75	1.32449
120	76	1.3265
120	81	1.33127
120	114	1.31456
120	116	0.507657
120	122	0.504091
120	138	0.485349
120	145	0.49633
120	147	1.33518
120	150	0.530248
120	153	0.500412
120	154	1.30635
120	162	0.493465
120	164	0.507514
120	165	1.31347
120	167	0.487539
120	170	0.496546
120	171	0.498263
120	172	1.33295
120	173	1.31835
120	175	1.33949
120	176	1.32615
120	177	1.32659
120	179	1.33222
120	180	1.32834
121	6	0.475261
121	8	0.463756
121	41	0.503249
121	65	0.512794
121	71	1.35792
121	75	0.506664
121	83	0.52463
121	94	1.36964
121	112	0.491581
121	113	1.33906
121	114	0.524219
121	116	1.3176
121	123	1.32649
121	129	1.30889
121	132	1.36535
121	140	1.37716
121	144	0.491299
121	149	1.30074
121	155	1.35512
121	161	1.29846
121	164	1.30785
121	167	1.33991
121	169	1.31627
121	170	1.32356
121	171	1.32654
121	173	0.50231
121	174	1.34777
121	176	0.503089
121	177	0.502526
121	178	1.31806
122	13	1.30186
122	16	0.533144
122	18	0.426601
122	48	1.37501
122	51	1.36298
122	72	1.26663
122	89	0.489591
122	94	1.37777
122	106	0.518971
122	111	1.35701
122	116	1.32573
122	120	0.504091
122	123	1.33462
122	131	0.479672
122	143	1.35709
122	145	1.33421
122	147	0.506285
122	148	1.3043
122	154	0.512411
122	161	1.30659
122	164	1.31598
122	165	0.515425
122	169	1.3244
122	170	1.33169
122	172	1.33927
122	174	1.3559
122	175	0.503033
122	177	0.511852
122	178	1.32618
122	180	0.50901
123	17	1.29012
123	33	0.504208
123	35	0.505064
123	46	1.4201
123	68	1.31775
123	72	1.26228
123	85	0.467299
123	86	1.39382
123	98	1.37489
123	113	1.34284
123	116	1.32138
123	121	1.32649
123	122	1.33462
123	128	1.28905
123	130	0.515127
123	135	0.496404
123	143	1.35274
123	150	0.531594
123	156	0.486447
123	161	1.30224
123	163	0.491868
123	168	1.34613
123	169	1.32005
123	171	1.33032
123	174	1.35155
123	175	0.493471
123	176	0.502852
123	177	0.50229
123	178	1.32184
123	179	0.501727
124	13	0.509081
124	19	1.30307
124	47	1.29235
124	52	0.47867
124	64	0.508582
124	70	0.543566
124	79	0.493883
124	82	1.3465
124	88	1.41166
124	94	0.497032
124	102	1.34834
124	114	1.32474
124	117	1.32611
124	119	1.30045
124	139	1.31608
124	141	1.32893
124	146	1.33732
124	147	1.34536
124	150	0.526839
124	151	0.483085
124	152	1.32256
124	155	0.481611
124	157	0.489449
124	162	0.490056
124	173	1.32853
124	175	1.34966
124	176	1.33633
124	178	0.491954
124	179	1.34239
124	180	1.33852
125	7	0.47179
125	19	0.516145
125	24	1.39921
125	64	1.29131
125	71	0.479006
125	73	1.25981
125	80	1.32731
125	83	1.28308
125	91	1.35415
125	93	1.345
125	94	0.50389
125	104	0.497454
125	106	1.29863
125	115	1.39449
125	133	1.34719
125	134	1.33121
125	142	1.35447
125	144	1.32692
125	145	1.32929
125	150	1.29738
125	152	0.508787
125	156	1.36405
125	160	0.508314
125	161	0.518132
125	162	1.34459
125	163	1.35014
125	167	0.490987
125	169	0.501864
125	172	0.505601
125	180	0.501552
126	1	1.33198
126	21	0.567681
126	35	1.27933
126	58	1.18163
126	68	1.26802
126	81	1.28352
126	82	1.28857
126	83	0.545286
126	101	1.33755
126	106	1.24947
126	107	0.546451
126	109	0.511286
126	114	1.26681
126	127	1.30043
126	128	0.550744
126	130	0.536019
126	135	1.27715
126	136	0.535873
126	141	1.271
126	144	0.511956
126	149	0.519904
126	153	0.522651
126	159	0.519405
126	168	1.29641
126	171	0.520501
126	172	1.28519
126	173	1.2706
126	175	1.29173
126	176	1.2784
126	177	1.27884
126	179	1.28446
126	180	1.28059
127	18	0.420839
127	46	0.452283
127	48	0.488741
127	70	0.55212
127	71	0.480702
127	76	1.34835
127	90	0.501205
127	106	1.31908
127	118	1.38057
127	119	1.31213
127	126	1.30043
127	131	1.4104
127	132	0.4904
127	139	1.32776
127	141	1.34061
127	145	0.501475
127	146	1.349
127	152	1.33424
127	159	0.502312
127	160	0.510011
127	165	1.33532
127	166	1.37418
127	168	1.36602
127	169	0.50356
127	170	0.501692
127	173	1.34021
127	174	0.488802
127	175	1.36134
127	176	1.34801
127	177	1.34845
127	179	1.35407
127	180	1.3502
128	26	1.21335
128	56	1.20787
128	76	0.532676
128	79	1.29397
128	92	1.31962
128	109	1.31074
128	113	1.30161
128	123	1.28905
128	126	0.550744
128	136	1.26604
128	137	1.24835
128	138	1.30312
128	146	0.520427
128	147	0.5307
128	153	1.27779
128	154	0.536826
128	158	1.27331
128	159	1.28372
128	160	1.26623
128	161	1.26101
128	163	0.525845
128	165	0.53984
128	167	1.30246
128	168	1.30491
128	169	1.27883
128	173	0.53605
128	174	1.31032
128	175	0.527448
128	176	0.536829
128	177	0.536266
128	178	1.28061
128	179	0.535703
129	28	0.576271
129	36	0.509486
129	40	1.32508
129	44	1.40408
129	61	1.27824
129	66	1.28194
129	80	0.51246
129	96	1.29507
129	111	1.33506
129	112	0.494546
129	121	1.30889
129	132	1.35153
129	134	0.498097
129	137	0.510485
129	140	1.36333
129	142	0.491547
129	143	1.33513
129	144	0.494263
129	146	0.48965
129	148	1.28235
129	155	1.34129
129	157	0.497404
129	161	1.28464
129	165	0.509064
129	168	1.32853
129	169	1.30245
129	170	1.30973
129	171	1.31272
129	172	1.31732
129	173	0.505274
129	174	1.33395
129	177	0.50549
129	178	1.30423
130	7	1.36931
130	9	1.19774
130	14	1.29772
130	31	1.40514
130	43	0.468855
130	53	0.50002
130	90	1.35082
130	99	1.37233
130	105	0.476566
130	107	1.28892
130	108	1.34158
130	109	1.34486
130	110	1.27087
130	111	0.504559
130	112	1.34098
130	123	0.515127
130	126	0.536019
130	132	0.505852
130	134	1.32468
130	136	1.30017
130	137	1.28248
130	140	0.492582
130	141	0.526159
130	151	1.33734
130	157	1.3217
130	158	1.30744
130	159	1.31785
130	160	1.30036
130	169	0.519012
130	171	1.32322
130	172	0.52275
130	177	0.521542
130	178	0.51596
131	4	0.452129
131	24	0.448936
131	33	0.478444
131	44	0.434462
131	56	0.55062
131	73	1.32062
131	75	1.38671
131	76	1.38872
131	81	1.39349
131	94	0.476023
131	113	0.457466
131	114	1.37678
131	118	1.42093
131	122	0.479672
131	127	1.4104
131	135	1.38712
131	141	1.38097
131	145	0.471911
131	146	1.38936
131	147	1.3974
131	151	0.462076
131	157	0.46844
131	163	0.466104
131	165	1.37568
131	166	1.41454
131	168	1.40638
131	170	0.472128
131	171	0.473844
131	173	1.38057
131	175	1.40171
131	176	1.38837
131	177	1.38881
131	180	1.39056
132	15	0.423473
132	17	1.32899
132	34	0.501539
132	41	0.493738
132	61	1.33471
132	66	1.3384
132	70	1.28682
132	91	0.475993
132	92	0.478253
132	96	1.35154
132	97	1.3394
132	101	0.461222
132	104	1.36907
132	105	1.42828
132	106	0.500134
132	119	0.508844
132	121	1.36535
132	127	0.4904
132	129	1.35153
132	130	0.505852
132	133	0.483235
132	139	0.500881
132	140	1.4198
132	148	1.33881
132	154	0.493574
132	161	1.3411
132	167	1.38255
132	169	1.35891
132	170	1.3662
132	171	1.36918
132	172	1.37378
132	174	1.39041
132	175	0.484196
132	178	1.3607
133	3	1.21303
133	5	1.35686
133	22	1.25246
