1	80	0.795121
1	99	0.810472
1	111	0.837741
1	118	0.802585
1	132	0.838911
1	140	0.797129
1	141	0.797186
1	155	0.816139
1	156	2.02626
1	160	1.89991
1	171	1.78709
1	176	0.737033
2	12	0.801681
2	20	0.837519
2	30	0.855153
2	44	0.809793
2	51	0.78192
2	52	0.877998
2	68	1.86279
2	87	1.84763
2	148	1.9155
2	157	0.816544
2	168	0.703135
2	174	0.745732
3	15	0.664993
3	55	1.02006
3	110	0.862644
3	139	0.992825
3	141	1.08101
3	148	0.924874
3	154	0.902925
3	170	0.868689
3	171	0.940863
3	177	0.905508
3	179	0.829923
3	180	0.835246
4	27	1.94512
4	94	2.34581
4	109	0.795343
4	163	0.745517
4	165	0.749162
4	169	0.680004
4	171	0.771191
4	172	0.695952
4	175	0.695351
4	177	0.735836
4	179	0.660251
4	180	0.665574
5	14	0.823356
5	22	0.89769
5	36	0.866705
5	40	0.972651
5	41	0.868643
5	55	0.844317
5	60	1.0026
5	94	0.926953
5	138	1.22322
5	145	1.52129
5	149	1.31688
5	175	1.99621
6	27	1.0228
6	79	1.54043
6	120	1.35111
6	124	0.865563
6	142	0.816728
6	171	0.855352
6	172	0.780113
6	174	0.793562
6	175	0.779511
6	177	0.819997
6	179	0.744412
6	180	0.749735
7	46	0.875834
7	64	0.916611
7	67	0.911475
7	71	0.915896
7	73	0.91102
7	74	0.910981
7	76	0.970257
7	102	1.08634
7	158	1.28319
7	162	1.52961
7	168	0.804634
7	178	2.08848
8	48	0.855642
8	62	0.96282
8	63	0.871245
8	65	0.895755
8	66	0.870326
8	72	0.987182
8	85	0.924496
8	102	1.20659
8	127	1.28525
8	153	1.47245
8	156	0.852575
8	164	1.94051
9	26	0.905307
9	49	1.1842
9	53	0.948638
9	81	0.876442
9	94	0.927925
9	116	0.89912
9	121	0.92084
9	152	1.58132
9	155	0.918789
9	159	1.73962
9	171	1.39974
9	178	0.807815
10	14	0.817423
10	22	0.891758
10	36	0.860772
10	38	0.968817
10	40	0.966719
10	41	0.86271
10	55	0.838385
10	60	0.996663
10	89	1.1251
10	127	1.18247
10	159	1.75662
10	164	1.83773
11	33	0.739752
11	37	0.817306
11	45	0.906607
11	79	0.789637
11	86	0.920334
11	88	0.83918
11	142	1.74036
11	148	1.5197
11	160	0.809265
11	167	0.795059
11	175	2.05076
12	2	0.801681
12	30	0.885917
12	44	0.840557
12	51	0.812684
12	52	0.908762
12	102	1.21784
12	149	1.53514
12	157	0.847307
12	168	0.733898
12	174	0.776496
12	180	2.54318
13	17	0.985869
13	59	0.838422
13	70	0.893358
13	81	0.887424
13	116	0.910102
13	121	0.931822
13	154	1.4431
13	155	0.929771
13	159	1.50806
13	162	1.29853
13	173	1.74848
13	178	0.818797
14	5	0.823356
14	10	0.817423
14	22	0.772798
14	36	0.741813
14	38	0.849858
14	40	0.847759
14	41	0.743751
14	55	0.719425
14	60	0.877703
14	126	1.4026
14	152	1.65833
14	179	2.64902
15	3	0.664993
15	20	0.945548
15	44	0.917822
15	51	0.889949
15	52	0.986027
15	142	1.50686
15	147	0.87671
15	157	0.924572
15	166	1.74424
15	168	0.811163
15	174	0.853761
15	175	1.81725
16	32	0.819467
16	33	0.726154
16	37	0.803708
16	79	0.776039
16	86	0.906736
16	88	0.825582
16	137	0.787617
16	158	1.28489
16	160	0.795667
16	167	0.781461
16	168	2.50315
16	174	1.93858
17	13	0.985869
17	50	1.27759
17	59	0.852136
17	70	0.907072
17	81	0.901139
17	116	0.923816
17	117	1.19501
17	121	0.945536
17	143	0.837838
17	163	1.63187
17	174	1.87245
17	178	0.832511
18	25	0.790302
18	31	0.790302
18	84	0.827429
18	90	0.797447
18	101	0.754949
18	104	0.754135
18	106	0.816903
18	110	0.795471
18	157	0.776507
18	165	1.77935
18	167	0.747732
18	174	2.10348
18	175	2.24956
19	49	0.869758
19	77	1.4308
19	111	0.92929
19	118	0.894135
19	130	0.881986
19	140	0.888679
19	141	0.888736
19	156	1.68779
19	160	1.56145
19	163	1.74567
19	164	0.824469
19	173	0.816962
19	176	0.828583
20	2	0.837519
20	15	0.945548
20	30	0.921755
20	51	0.848522
20	52	0.9446
20	147	0.835283
20	157	0.883145
20	167	1.42909
20	168	0.769736
20	171	1.19632
20	172	2.04909
20	173	1.77662
20	174	0.812334
21	111	0.920316
21	130	0.873012
21	132	0.921487
21	134	0.857674
21	140	0.879705
21	141	0.879762
21	152	0.854819
21	156	1.19785
21	170	1.49518
21	173	0.807988
21	175	1.64239
21	176	0.819608
21	179	2.13096
22	5	0.89769
22	10	0.891758
22	14	0.772798
22	36	0.816147
22	38	0.924192
22	40	0.922093
22	41	0.818085
22	55	0.79376
22	60	0.952038
22	127	1.32874
22	144	1.71596
22	153	1.51595
22	165	1.7765
23	41	0.838242
23	55	0.813917
23	60	0.972195
23	63	0.850333
23	66	0.849414
23	79	0.840612
23	85	0.903584
23	88	0.890155
23	167	0.846033
23	169	1.82034
23	170	1.43258
23	172	1.74885
23	173	1.47638
24	26	0.885679
24	39	0.964703
24	54	0.934991
24	59	0.807811
24	61	1.17994
24	81	0.856814
24	116	0.879491
24	121	0.901211
24	124	1.53663
24	128	1.56945
24	143	0.793513
24	147	2.05546
24	178	0.788186
25	18	0.790302
25	84	0.926886
25	87	1.24982
25	90	0.896905
25	101	0.854406
25	104	0.853592
25	106	0.916361
25	110	0.894929
25	149	1.16942
25	157	0.875964
25	167	0.847189
25	168	2.26724
25	173	1.74534
26	9	0.905307
26	24	0.885679
26	34	0.884379
26	53	0.903755
26	81	0.831559
26	93	1.22828
26	94	0.883041
26	121	0.875957
26	128	1.22293
26	155	0.873905
26	163	1.55058
26	168	2.35573
26	178	0.762932
27	4	1.94512
27	6	1.0228
27	69	0.883789
27	78	0.875099
27	105	0.882457
27	108	0.871286
27	129	0.89248
27	135	0.867495
27	136	0.903219
27	144	1.03427
27	169	1.80558
27	173	0.818626
27	176	0.830246
28	67	1.26055
28	108	1.6722
28	115	1.42235
28	150	0.849588
28	154	0.784123
28	162	0.806787
28	164	0.76047
28	165	0.800031
28	171	0.822061
28	175	0.74622
28	177	0.786706
28	179	0.711121
28	180	0.716444
29	56	0.879243
29	69	0.860061
29	112	0.907315
29	113	0.886132
29	122	0.902442
29	129	0.868752
29	135	0.843767
29	136	0.879491
29	143	1.94824
29	150	1.10132
29	164	0.802405
29	177	1.34803
29	180	2.04288
30	2	0.855153
30	12	0.885917
30	20	0.921755
30	44	0.894029
30	51	0.866156
30	61	1.27648
30	123	1.6615
30	139	1.45562
30	147	0.852917
30	151	1.90486
30	157	0.900779
30	168	0.78737
30	174	0.829968
31	18	0.790302
31	84	0.926886
31	90	0.896905
31	101	0.854406
31	104	0.853592
31	106	0.916361
31	110	0.894929
31	123	1.39136
31	133	1.64345
31	142	1.79977
31	146	1.53386
31	157	0.875964
31	167	0.847189
32	16	0.819467
32	33	0.787318
32	37	0.864872
32	45	0.954173
32	79	0.837204
32	86	0.967901
32	88	0.886747
32	117	1.04745
32	143	2.10504
32	147	1.64268
32	160	0.856832
32	164	1.60827
32	167	0.842626
33	11	0.739752
33	16	0.726154
33	32	0.787318
33	37	0.771559
33	45	0.86086
33	79	0.743891
33	86	0.874588
33	88	0.793434
33	89	1.65856
33	124	1.88677
33	160	0.763519
33	167	0.749312
33	173	2.53049
34	26	0.884379
34	54	0.933692
34	70	0.861448
34	81	0.855514
34	116	0.878191
34	121	0.899912
34	125	1.24315
34	143	0.792213
34	155	0.89786
34	161	1.81933
34	175	1.86308
34	177	1.49693
34	178	0.786887
35	48	0.855642
35	62	0.96282
35	63	0.871245
35	65	0.895755
35	66	0.870326
35	72	0.987182
35	85	0.924496
35	128	1.06102
35	154	1.36654
35	156	0.852575
35	167	1.32439
35	179	2.26389
36	5	0.866705
36	10	0.860772
36	14	0.741813
36	22	0.816147
36	38	0.893207
36	40	0.891108
36	41	0.7871
36	55	0.762774
36	60	0.921052
36	94	0.84541
36	139	1.23274
36	158	1.35764
36	164	1.89471
36	172	2.32648
37	11	0.817306
37	16	0.803708
37	32	0.864872
37	33	0.771559
37	79	0.821445
37	86	0.952142
37	88	0.870988
37	93	1.45908
37	137	0.833022
37	149	1.48871
37	160	0.841073
37	167	0.826866
37	176	2.05105
37	177	1.80189
38	10	0.968817
38	14	0.849858
38	22	0.924192
38	36	0.893207
38	40	0.999153
38	41	0.895145
38	55	0.87082
38	60	1.0291
38	94	0.953455
38	150	1.35906
38	152	1.4698
38	156	1.52738
38	158	1.17214
38	163	1.58526
39	24	0.964703
39	53	0.982779
39	54	0.988761
39	59	0.86158
39	70	0.916517
39	89	1.02416
39	116	0.93326
39	121	0.954981
39	123	1.2807
39	138	1.22651
39	155	0.952929
39	163	1.61284
39	166	1.92649
39	178	0.841956
40	5	0.972651
40	10	0.966719
40	14	0.847759
40	22	0.922093
40	36	0.891108
40	38	0.999153
40	41	0.893046
40	55	0.868721
40	60	1.027
40	77	1.20172
40	123	1.18446
40	126	1.14541
40	173	1.79985
40	174	1.75717
41	5	0.868643
41	10	0.86271
41	14	0.743751
41	22	0.818085
41	23	0.838242
41	36	0.7871
41	38	0.895145
41	40	0.893046
41	55	0.764713
41	60	0.922991
41	152	1.43627
41	165	1.46818
41	172	2.10745
41	173	1.83498
42	43	0.847471
42	46	0.816206
42	64	0.856983
42	67	0.851847
42	71	0.856267
42	73	0.851392
42	74	0.851352
42	76	0.910628
42	137	0.835795
42	142	1.25835
42	168	0.745005
42	169	1.80929
42	172	1.7378
42	179	2.0573
43	42	0.847471
43	46	0.809018
43	64	0.849795
43	67	0.844659
43	71	0.849079
43	73	0.844204
43	74	0.844165
43	76	0.90344
43	131	0.889012
43	139	1.42254
43	152	1.8451
43	153	1.61645
43	156	1.90268
43	168	0.737818
44	2	0.809793
44	12	0.840557
44	15	0.917822
44	30	0.894029
44	51	0.820796
44	52	0.916874
44	82	1.24416
44	147	0.807557
44	157	0.855419
44	165	1.58488
44	168	0.74201
44	171	1.37139
44	174	0.784608
44	179	2.54366
45	11	0.906607
45	32	0.954173
45	33	0.86086
45	79	0.910746
45	86	1.04144
45	88	0.960289
45	137	0.922323
45	153	1.02613
45	160	0.930374
45	164	1.49419
45	165	1.28669
45	167	0.916167
45	172	1.92597
45	177	1.39075
46	7	0.875834
46	42	0.816206
46	43	0.809018
46	64	0.818529
46	67	0.813394
46	71	0.817814
46	73	0.812939
46	74	0.812899
46	76	0.872175
46	131	0.857746
46	153	1.58849
46	158	1.51948
46	166	2.24624
46	167	1.86832
46	168	0.706552
47	95	0.957662
47	96	0.957008
47	100	0.956529
47	103	0.956233
47	107	0.920854
47	114	0.978393
47	115	0.960912
47	145	1.39886
47	152	1.37165
47	160	1.30289
47	162	1.32042
47	174	0.881104
47	176	1.75678
47	178	0.85355
48	8	0.855642
48	35	0.855642
48	62	0.889191
48	63	0.797616
48	65	0.822126
48	66	0.796697
48	72	0.913553
48	85	0.850867
48	131	0.859876
48	149	1.46805
48	156	0.778946
48	160	1.5765
48	176	2.03039
48	177	1.78123
49	9	1.1842
49	19	0.869758
49	51	1.31175
49	52	1.27793
49	95	1.41693
49	112	0.871146
49	122	0.866273
49	134	0.808416
49	135	0.807598
49	136	0.843322
49	141	0.830503
49	145	0.826585
49	165	0.805797
49	170	0.755653
49	180	0.722209
50	17	1.27759
50	78	1.25889
50	99	1.39066
50	131	1.13743
50	149	0.916418
50	161	0.795876
50	163	0.845692
50	165	0.849337
50	166	0.80429
50	169	0.780179
50	170	0.799193
50	172	0.796127
50	175	0.795526
50	177	0.836012
50	180	0.76575
51	2	0.78192
51	12	0.812684
51	15	0.889949
51	20	0.848522
51	30	0.866156
51	44	0.820796
51	49	1.31175
51	52	0.889001
51	147	0.779684
51	148	1.67994
51	152	1.70887
51	157	0.827546
51	168	0.714137
51	174	0.756734
51	175	2.211
52	2	0.877998
52	12	0.908762
52	15	0.986027
52	20	0.9446
52	44	0.916874
52	49	1.27793
52	51	0.889001
52	117	1.35365
52	124	1.43005
52	146	1.60088
52	147	0.875762
52	157	0.923624
52	168	0.810215
52	171	1.49347
52	174	0.852813
53	9	0.948638
53	26	0.903755
53	39	0.982779
53	54	0.953068
53	59	0.825887
53	70	0.880824
53	81	0.87489
53	116	0.897567
53	121	0.919288
53	128	1.20511
53	144	1.38867
53	146	1.34313
53	170	1.77222
53	176	1.80243
53	178	0.806262
54	24	0.934991
54	34	0.933692
54	39	0.988761
54	53	0.953068
54	59	0.831869
54	70	0.886805
54	109	1.5027
54	116	0.903549
54	121	0.925269
54	127	1.19039
54	128	1.39405
54	143	0.817571
54	153	1.3776
54	174	1.96228
54	178	0.812244
55	3	1.02006
55	5	0.844317
55	10	0.838385
55	14	0.719425
55	22	0.79376
55	23	0.813917
55	36	0.762774
55	38	0.87082
55	40	0.868721
55	41	0.764713
55	60	0.898665
55	94	0.823023
55	163	1.78565
55	164	1.90961
55	178	2.17782
56	29	0.879243
56	102	0.930953
56	105	0.854109
56	108	0.842938
56	112	0.902695
56	113	0.881512
56	122	0.897822
56	135	0.839147
56	136	0.874871
56	143	1.93364
56	147	1.47128
56	152	0.837109
56	153	0.968812
56	157	0.868396
56	170	1.55237
56	180	2.02829
57	69	0.879278
57	78	0.870587
57	108	0.866775
57	113	0.905349
57	122	0.921659
57	129	0.887969
57	135	0.862984
57	136	0.898707
57	138	1.33975
57	160	0.877664
57	162	1.55939
57	165	1.64253
57	167	1.6618
57	173	0.814114
57	176	0.825735
57	177	1.74659
58	91	0.85048
58	95	0.819817
58	96	0.819164
58	100	0.818684
58	103	0.818389
58	107	0.78301
58	114	0.840549
58	115	0.823067
58	124	1.69815
58	133	1.97857
58	155	0.826679
58	158	1.6455
58	159	0.769768
58	170	2.29807
58	174	0.743259
58	178	0.715706
59	13	0.838422
59	17	0.852136
59	24	0.807811
59	39	0.86158
59	53	0.825887
59	54	0.831869
59	70	0.759625
59	75	1.7036
59	81	0.753691
59	102	1.51955
59	116	0.776369
59	121	0.798089
59	155	0.796038
59	164	2.25347
59	165	2.04597
59	178	0.685064
60	5	1.0026
60	10	0.996663
60	14	0.877703
60	22	0.952038
60	23	0.972195
60	36	0.921052
60	38	1.0291
60	40	1.027
60	41	0.922991
60	55	0.898665
60	102	0.799506
60	109	1.19046
60	143	2.0302
60	149	1.11681
60	156	1.3516
60	166	1.72312
61	24	1.17994
61	30	1.27648
61	91	0.894495
61	108	1.25908
61	142	0.89131
61	145	0.928693
61	146	0.929692
61	157	0.945162
61	161	0.854443
61	165	0.907905
61	169	0.838747
61	170	0.85776
61	172	0.854695
61	177	0.894579
61	179	0.818994
61	180	0.824317
62	8	0.96282
62	35	0.96282
62	48	0.889191
62	63	0.904794
62	65	0.929304
62	66	0.903875
62	72	1.02073
62	85	0.958045
62	128	1.22782
62	156	0.886125
62	160	1.37125
62	163	1.55547
62	165	1.47192
62	167	1.49119
63	8	0.871245
63	23	0.850333
63	35	0.871245
63	48	0.797616
63	62	0.904794
63	65	0.837729
63	66	0.8123
63	72	0.929157
63	85	0.866471
63	92	0.812461
63	131	0.87548
63	133	1.55898
63	147	1.79739
63	152	1.52356
63	156	0.79455
63	161	1.98194
63	162	1.47233
64	7	0.916611
64	42	0.856983
64	43	0.849795
64	46	0.818529
64	67	0.85417
64	71	0.858591
64	73	0.853715
64	74	0.853676
64	76	0.912952
64	83	0.848561
64	137	0.838119
64	156	1.38982
64	165	1.36415
64	168	0.747329
64	173	1.73095
64	176	1.71737
64	180	2.16307
65	8	0.895755
65	35	0.895755
65	48	0.822126
65	62	0.929304
65	63	0.837729
65	66	0.83681
65	72	0.953666
65	85	0.89098
65	92	0.83697
65	131	0.899989
65	142	1.60843
65	147	1.69051
65	156	0.81906
65	160	1.34793
65	162	1.36546
65	178	1.92433
66	8	0.870326
66	23	0.849414
66	35	0.870326
66	48	0.796697
66	62	0.903875
66	63	0.8123
66	65	0.83681
66	72	0.928237
66	85	0.865551
66	87	1.38167
66	92	0.811541
66	98	1.23619
66	131	0.87456
66	156	0.79363
66	163	1.59393
66	169	2.22115
66	173	1.87718
67	7	0.911475
67	28	1.26055
67	42	0.851847
67	43	0.844659
67	46	0.813394
67	64	0.85417
67	71	0.853455
67	73	0.84858
67	74	0.84854
67	76	0.907816
67	131	0.893387
67	137	0.832983
67	146	1.37495
67	159	1.60743
67	161	1.90749
67	168	0.742193
67	173	1.84784
68	2	1.86279
68	86	1.13898
68	119	1.48499
68	148	0.808211
68	153	0.859256
68	157	1.46522
68	158	0.858605
68	163	0.798525
68	164	0.76261
68	165	0.80217
68	170	0.752026
68	171	0.8242
68	172	0.74896
68	175	0.748359
68	177	0.788845
68	179	0.71326
68	180	0.718583
69	27	0.883789
69	29	0.860061
69	57	0.879278
69	102	0.911772
69	113	0.862331
69	122	0.878641
69	127	1.12517
69	135	0.819965
69	136	0.855689
69	152	0.817928
69	156	1.5986
69	157	0.849215
69	161	1.99939
69	164	0.778604
69	171	1.35944
69	172	2.2122
69	176	0.782717
70	13	0.893358
70	17	0.907072
70	34	0.861448
70	39	0.916517
70	53	0.880824
70	54	0.886805
70	59	0.759625
70	81	0.808628
70	116	0.831305
70	121	0.853025
70	146	1.63066
70	148	1.6759
70	155	0.850974
70	158	1.40718
70	167	1.75601
70	177	1.8408
70	178	0.74
71	7	0.915896
71	42	0.856267
71	43	0.849079
71	46	0.817814
71	64	0.858591
71	67	0.853455
71	73	0.853
71	74	0.85296
71	76	0.912236
71	83	0.847846
71	137	0.837403
71	138	1.2671
71	160	1.46921
71	168	0.746613
71	174	1.89401
71	177	1.67394
71	178	2.0456
72	8	0.987182
72	35	0.987182
72	48	0.913553
72	62	1.02073
72	63	0.929157
72	65	0.953666
72	66	0.928237
72	85	0.982408
72	124	0.834384
72	131	0.991417
72	156	0.910487
72	161	1.53776
72	167	1.13058
72	172	1.75058
72	175	1.58152
72	176	1.46452
73	7	0.91102
73	42	0.851392
73	43	0.844204
73	46	0.812939
73	64	0.853715
73	67	0.84858
73	71	0.853
73	74	0.848085
73	76	0.907361
73	128	1.51776
73	131	0.892932
73	137	0.832528
73	138	1.45908
73	145	1.75716
73	153	1.50131
73	168	0.741738
73	170	2.08486
74	7	0.910981
74	42	0.851352
74	43	0.844165
74	46	0.812899
74	64	0.853676
74	67	0.84854
74	71	0.85296
74	73	0.848085
74	76	0.907321
74	131	0.892893
74	137	0.832489
74	156	1.52794
74	159	1.62865
74	167	1.52154
74	168	0.741699
74	170	1.82527
74	176	1.85549
75	59	1.7036
75	80	1.44051
75	114	1.14416
75	119	1.25618
75	144	0.860812
75	150	0.883544
75	161	0.780526
75	162	0.840743
75	166	0.78894
75	168	0.751629
75	169	0.764829
75	171	0.856017
75	172	0.780777
75	175	0.780176
75	179	0.745077
75	180	0.7504
76	7	0.970257
76	42	0.910628
76	43	0.90344
76	46	0.872175
76	64	0.912952
76	67	0.907816
76	71	0.912236
76	73	0.907361
76	74	0.907321
76	83	0.902207
76	137	0.891764
76	145	1.58486
76	150	1.44692
76	152	1.55765
76	153	1.32901
76	156	1.61524
76	160	1.4889
76	168	0.800974
77	19	1.4308
77	40	1.20172
77	112	0.97665
77	136	1.32024
77	151	0.864184
77	154	0.846225
77	157	1.34745
77	160	0.878615
77	163	0.858488
77	166	0.817086
77	168	0.779774
77	169	0.792975
77	170	0.811989
77	171	0.884163
77	172	0.808923
77	175	0.808322
77	177	0.848808
77	180	0.778545
78	27	0.875099
78	50	1.25889
78	57	0.870587
78	83	0.828347
78	105	0.826237
78	108	0.815066
78	113	0.85364
78	122	0.86995
78	129	0.83626
78	135	0.811275
78	136	0.846999
78	139	1.07515
78	145	1.52492
78	157	0.840524
78	164	0.769913
78	169	2.24038
78	173	0.762406
78	180	2.32854
79	6	1.54043
79	11	0.789637
79	16	0.776039
79	23	0.840612
79	32	0.837204
79	33	0.743891
79	37	0.821445
79	45	0.910746
79	86	0.924473
79	88	0.843319
79	102	0.89053
79	137	0.805354
79	138	1.30966
79	154	1.67387
79	160	0.813404
79	164	1.81995
79	167	0.799198
79	175	2.08266
80	1	0.795121
80	75	1.44051
80	111	0.887969
80	118	0.852813
80	120	0.889691
80	124	1.50596
80	130	0.840665
80	132	0.88914
80	134	0.825328
80	140	0.847358
80	141	0.847415
80	159	0.809456
80	164	0.783148
80	165	1.78288
80	170	2.10588
80	171	1.56939
80	173	0.775641
80	176	0.787262
81	9	0.876442
81	13	0.887424
81	17	0.901139
81	24	0.856814
81	26	0.831559
81	34	0.855514
81	53	0.87489
81	59	0.753691
81	70	0.808628
81	116	0.825371
81	121	0.847092
81	138	1.10808
81	143	0.739393
81	168	2.29957
81	174	1.73499
81	175	1.88108
81	176	1.76409
81	178	0.734066
82	44	1.24416
82	94	1.15478
82	130	1.17671
82	133	0.857665
82	141	1.42233
82	144	0.876634
82	151	0.851861
82	155	1.08476
82	158	0.906244
82	161	0.796349
82	162	0.856566
82	165	0.84981
82	166	0.804763
82	169	0.780652
82	171	0.87184
82	174	0.810049
82	179	0.7609
82	180	0.766223
83	64	0.848561
83	71	0.847846
83	76	0.902207
83	78	0.828347
83	97	1.4073
83	101	0.828435
83	104	0.827621
83	110	0.868957
83	113	0.863109
83	129	0.845729
83	135	0.820744
83	148	1.81675
83	159	2.00398
83	162	1.79445
83	167	0.821218
83	168	0.736584
83	171	1.6641
83	176	0.783495
84	18	0.827429
84	25	0.926886
84	31	0.926886
84	90	0.934032
84	98	0.97433
84	101	0.891533
84	104	0.89072
84	106	0.953488
84	110	0.932056
84	133	1.25203
84	138	0.944909
84	143	0.820053
84	157	0.913092
84	164	1.45603
84	167	0.884317
84	168	2.13723
84	173	1.61533
84	176	1.60175
85	8	0.924496
85	23	0.903584
85	35	0.924496
85	48	0.850867
85	62	0.958045
85	63	0.866471
85	65	0.89098
85	66	0.865551
85	72	0.982408
85	92	0.865712
85	125	1.38168
85	131	0.928731
85	133	1.53491
85	150	1.38875
85	151	1.52618
85	156	0.847801
85	158	1.20183
85	161	1.95786
86	11	0.920334
86	16	0.906736
86	32	0.967901
86	33	0.874588
86	37	0.952142
86	45	1.04144
86	68	1.13898
86	79	0.924473
86	88	0.974016
86	102	1.02123
86	126	0.964894
86	137	0.936051
86	143	1.95681
86	145	1.24783
86	159	1.37892
86	160	0.944101
86	164	1.46004
86	165	1.25253
86	167	0.929895
87	2	1.84763
87	25	1.24982
87	66	1.38167
87	140	1.19623
87	147	0.81708
87	150	0.883449
87	151	0.835943
87	153	0.890978
87	154	0.817984
87	155	1.29677
87	161	0.78043
87	165	0.833892
87	166	0.788845
87	171	0.855922
87	172	0.780682
87	175	0.780081
87	177	0.820567
87	179	0.744982
87	180	0.750304
88	11	0.83918
88	16	0.825582
88	23	0.890155
88	32	0.886747
88	33	0.793434
88	37	0.870988
88	45	0.960289
88	79	0.843319
88	86	0.974016
88	89	1.06146
88	102	0.940073
88	137	0.854897
88	142	1.72642
88	152	1.53468
88	159	1.69298
88	160	0.862947
88	161	1.99305
88	167	0.848741
88	171	1.3531
89	10	1.1251
89	33	1.65856
89	39	1.02416
89	88	1.06146
89	105	1.12115
89	110	1.03956
89	162	0.921393
89	163	0.910992
89	165	0.914637
89	166	0.86959
89	168	0.832279
89	169	0.845479
89	170	0.864493
89	171	0.936667
89	172	0.861427
89	175	0.860826
89	177	0.901312
89	179	0.825727
89	180	0.83105
90	18	0.797447
90	25	0.896905
90	31	0.896905
90	84	0.934032
90	101	0.861552
90	104	0.860738
90	106	0.923506
90	109	1.06054
90	110	0.902074
90	128	0.914795
90	138	0.914928
90	143	0.790072
90	147	1.43791
90	157	0.88311
90	166	1.5932
90	167	0.854335
90	176	1.54922
90	178	1.67172
90	179	2.15478
91	58	0.85048
91	61	0.894495
91	95	0.904325
91	96	0.903672
91	100	0.903192
91	103	0.902897
91	107	0.867518
91	114	0.925056
91	115	0.907575
91	126	1.24046
91	146	1.42202
91	155	0.911187
91	156	0.855434
91	159	0.854276
91	162	1.44496
91	163	1.61165
91	174	0.827767
91	178	0.800214
91	179	2.48688
92	63	0.812461
92	65	0.83697
92	66	0.811541
92	85	0.865712
92	107	0.805874
92	108	0.811477
92	115	0.845932
92	122	0.866362
92	129	0.832672
92	136	0.84341
92	147	1.9431
92	156	0.793791
92	158	1.37163
92	162	1.61805
92	169	2.41196
92	173	0.758817
92	174	0.766124
92	177	1.80525
92	178	0.73857
93	26	1.22828
93	37	1.45908
93	110	1.30594
93	115	1.40408
93	146	0.85176
93	148	0.836013
93	149	0.897053
93	157	1.34002
93	160	0.846454
93	162	0.836728
93	163	0.826328
93	166	0.784925
93	169	0.760815
93	171	0.852002
93	172	0.776763
93	173	0.782904
93	175	0.776161
93	177	0.816647
93	180	0.746385
94	4	2.34581
94	5	0.926953
94	9	0.927925
94	26	0.883041
94	36	0.84541
94	38	0.953455
94	55	0.823023
94	82	1.15478
94	98	1.22131
94	102	0.969085
94	107	0.852853
94	114	0.910392
94	115	0.89291
94	116	0.876854
94	121	0.898574
94	145	1.4908
94	174	0.813103
94	177	1.59957
94	178	0.785549
95	47	0.957662
95	49	1.41693
95	58	0.819817
95	91	0.904325
95	96	0.873009
95	100	0.872529
95	103	0.872234
95	107	0.836855
95	114	0.894393
95	115	0.876912
95	128	1.60187
95	139	1.3915
95	154	1.90739
95	155	0.880524
95	156	0.824771
95	158	1.5164
95	159	0.823613
95	171	1.63247
95	174	0.797104
95	178	0.769551
96	47	0.957008
96	58	0.819164
96	91	0.903672
96	95	0.873009
96	100	0.871876
96	103	0.87158
96	107	0.836201
96	114	0.89374
96	115	0.876259
96	147	1.57083
96	155	0.879871
96	156	0.824118
96	159	0.82296
96	163	1.41247
96	171	1.11543
96	172	1.96819
96	174	0.796451
96	176	1.68214
96	178	0.768897
96	180	2.12784
97	83	1.4073
97	104	1.12242
97	121	0.878659
97	122	0.914686
97	129	1.01717
97	148	0.891112
97	154	0.869163
97	157	1.10848
97	158	0.941505
97	161	0.831609
97	162	0.891827
97	163	0.881426
97	165	0.885071
97	166	0.840024
97	169	0.815913
97	172	0.831861
97	175	0.83126
97	177	0.871746
97	179	0.796161
97	180	0.801484
98	66	1.23619
98	84	0.97433
98	94	1.22131
98	115	1.36864
98	116	1.18696
98	122	1.11078
98	139	0.956477
98	142	0.86589
98	144	0.909309
98	160	0.898967
98	161	0.829023
98	163	0.87884
98	165	0.882485
98	166	0.837438
98	169	0.813327
98	170	0.832341
98	175	0.828674
98	177	0.86916
98	179	0.793575
98	180	0.798898
99	1	0.810472
99	50	1.39066
99	111	0.903321
99	118	0.868165
99	119	0.902248
99	120	0.905043
99	126	1.37375
99	130	0.856017
99	132	0.904492
99	134	0.84068
99	140	0.86271
99	141	0.862767
99	144	1.60084
99	152	0.837824
99	155	0.88172
99	158	1.33182
99	164	0.7985
99	167	1.68066
99	176	0.802613
99	178	2.13711
100	47	0.956529
100	58	0.818684
100	91	0.903192
100	95	0.872529
100	96	0.871876
100	103	0.871101
100	107	0.835722
100	114	0.89326
100	115	0.875779
100	145	1.29169
100	155	0.879391
100	156	0.823638
100	159	0.82248
100	166	1.6936
100	168	2.1851
100	173	1.6632
100	174	0.795971
100	176	1.64962
100	177	1.40046
100	178	0.768417
101	18	0.754949
101	25	0.854406
101	31	0.854406
101	83	0.828435
101	84	0.891533
101	90	0.861552
101	104	0.818239
101	106	0.881008
101	110	0.859576
101	119	0.873748
101	126	1.34819
101	128	0.872296
101	138	0.872429
101	139	1.18136
101	143	0.747573
101	151	1.63061
101	157	0.840611
101	161	2.06229
101	164	1.84333
101	167	0.811836
101	178	2.11155
102	7	1.08634
102	8	1.20659
102	12	1.21784
102	56	0.930953
102	59	1.51955
102	60	0.799506
102	69	0.911772
102	79	0.89053
102	86	1.02123
102	88	0.940073
102	94	0.969085
102	105	0.910439
102	107	1.29046
102	122	0.954153
102	149	0.960757
102	167	0.895952
102	170	0.843532
102	173	0.846608
102	177	0.880351
102	179	0.804766
102	180	0.810089
103	47	0.956233
103	58	0.818389
103	91	0.902897
103	95	0.872234
103	96	0.87158
103	100	0.871101
103	107	0.835426
103	114	0.892965
103	115	0.875484
103	138	1.16875
103	155	0.879096
103	156	0.823343
103	159	0.822184
103	165	1.47154
103	166	1.86873
103	171	1.25804
103	174	0.795676
103	176	1.82475
103	178	0.768122
103	180	2.27045
104	18	0.754135
104	25	0.853592
104	31	0.853592
104	83	0.827621
104	84	0.89072
104	90	0.860738
104	97	1.12242
104	101	0.818239
104	106	0.880194
104	110	0.858762
104	119	0.872935
104	128	0.871483
104	138	0.871615
104	143	0.746759
104	144	1.53217
104	146	1.48662
104	157	0.839798
104	165	1.59271
104	167	0.811023
104	168	2.48141
104	177	1.69677
105	27	0.882457
105	56	0.854109
105	78	0.826237
105	89	1.12115
105	102	0.910439
105	108	0.822424
105	112	0.882181
105	119	0.88102
105	122	0.877308
105	129	0.843618
105	135	0.818633
105	136	0.854357
105	146	1.5202
105	148	1.56544
105	151	1.62106
105	152	0.816595
105	164	0.777271
105	173	0.769764
105	174	1.95041
105	176	0.781385
105	178	2.102
106	18	0.816903
106	25	0.916361
106	31	0.916361
106	84	0.953488
106	90	0.923506
106	101	0.881008
106	104	0.880194
106	110	0.92153
106	119	0.935703
106	128	0.934251
106	138	0.934384
106	143	0.809527
106	146	1.27454
106	157	0.902566
106	158	1.05106
106	160	1.27996
106	164	1.58813
106	166	1.77782
106	167	0.873791
106	175	1.85084
106	176	1.73385
107	47	0.920854
107	58	0.78301
107	91	0.867518
107	92	0.805874
107	94	0.852853
107	95	0.836855
107	96	0.836201
107	100	0.835722
107	102	1.29046
107	103	0.835426
107	114	0.857586
107	115	0.840105
107	133	1.82039
107	138	1.5141
107	150	1.67423
107	155	0.843717
107	156	0.787964
107	159	0.786805
107	163	1.90043
107	170	2.13988
107	174	0.760297
107	178	0.732743
108	27	0.871286
108	28	1.6722
108	56	0.842938
108	57	0.866775
108	61	1.25908
108	78	0.815066
108	92	0.811477
108	105	0.822424
108	113	0.849827
108	122	0.866137
108	129	0.832447
108	135	0.807462
108	136	0.843186
108	139	1.43823
108	151	1.88747
108	157	0.836711
108	159	2.01908
108	160	0.822143
108	164	0.7661
108	171	1.6792
108	173	0.758593
108	176	0.770213
109	4	0.795343
109	54	1.5027
109	60	1.19046
109	90	1.06054
109	118	1.54204
109	125	0.883247
109	130	1.38198
109	132	1.21911
109	147	0.829439
109	149	0.913331
109	153	0.903336
109	154	0.830342
109	156	0.834156
109	161	0.792789
109	167	0.848526
109	169	0.777092
109	170	0.796106
109	171	0.86828
109	172	0.793041
109	175	0.792439
109	179	0.75734
109	180	0.762663
110	3	0.862644
110	18	0.795471
110	25	0.894929
110	31	0.894929
110	83	0.868957
110	84	0.932056
110	89	1.03956
110	90	0.902074
110	93	1.30594
110	101	0.859576
110	104	0.858762
110	106	0.92153
110	119	0.914271
110	128	0.912819
110	138	0.912952
110	143	0.788096
110	148	1.48384
110	152	1.51277
110	153	1.28413
110	157	0.881134
110	167	0.852359
110	179	2.50346
111	1	0.837741
111	19	0.92929
111	21	0.920316
111	80	0.887969
111	99	0.903321
111	118	0.895433
111	130	0.883285
111	132	0.93176
111	134	0.867948
111	139	1.09885
111	140	0.889978
111	141	0.890035
111	144	1.49277
111	152	0.865092
111	154	1.61474
111	158	1.22375
111	159	0.852076
111	164	0.825768
111	166	1.95051
111	171	1.33982
111	172	2.19259
111	176	0.829882
112	29	0.907315
112	49	0.871146
112	56	0.902695
112	77	0.97665
112	105	0.882181
112	113	0.909584
112	122	0.925894
112	129	0.892204
112	135	0.867219
112	136	0.902943
112	148	1.14713
112	152	0.865181
112	157	0.896468
112	160	0.8819
112	163	1.29152
112	164	0.825857
112	167	1.22725
112	172	1.84725
112	173	0.81835
112	176	0.82997
112	179	2.16675
112	180	2.00689
113	29	0.886132
113	56	0.881512
113	57	0.905349
113	69	0.862331
113	78	0.85364
113	83	0.863109
113	108	0.849827
113	112	0.909584
113	119	0.908423
113	129	0.871022
113	135	0.846036
113	136	0.88176
113	143	1.83432
113	160	0.860717
113	163	1.2136
113	164	0.804674
113	165	1.13005
113	168	2.01875
113	169	1.84081
113	172	1.76932
113	173	0.797167
113	175	1.60026
113	176	0.808788
114	47	0.978393
114	58	0.840549
114	75	1.14416
114	91	0.925056
114	94	0.910392
114	95	0.894393
114	96	0.89374
114	100	0.89326
114	103	0.892965
114	107	0.857586
114	115	0.897643
114	125	1.33681
114	138	1.18375
114	155	0.901256
114	156	0.845502
114	159	0.844344
114	160	1.38586
114	164	1.69403
114	174	0.817836
114	177	1.59059
114	178	0.790282
114	180	2.28545
115	28	1.42235
115	47	0.960912
115	58	0.823067
115	91	0.907575
115	92	0.845932
115	93	1.40408
115	94	0.89291
115	95	0.876912
115	96	0.876259
115	98	1.36864
115	100	0.875779
115	103	0.875484
115	107	0.840105
115	114	0.897643
115	126	1.35519
115	139	1.18837
115	155	0.883774
115	156	0.828021
115	159	0.826863
115	167	1.66211
115	173	2.00964
115	174	0.800354
115	178	0.772801
116	9	0.89912
116	13	0.910102
116	17	0.923816
116	24	0.879491
116	34	0.878191
116	39	0.93326
116	53	0.897567
116	54	0.903549
116	59	0.776369
116	70	0.831305
116	81	0.825371
116	94	0.876854
116	98	1.18696
116	121	0.869769
116	143	0.762071
116	150	1.31851
116	153	1.2006
116	154	1.52258
116	155	0.867718
116	169	2.17192
116	173	1.82796
116	176	1.81438
116	178	0.756744
117	17	1.19501
117	32	1.04745
117	52	1.35365
117	126	0.955485
117	135	1.17511
117	137	1.15122
117	141	1.40974
117	145	0.887281
117	149	0.933574
117	150	0.91605
117	154	0.850585
117	155	1.07217
117	161	0.813031
117	163	0.862848
117	165	0.866493
117	166	0.821446
117	169	0.797335
117	170	0.816349
117	172	0.813283
117	173	0.819425
117	175	0.812682
117	177	0.853168
117	179	0.777583
117	180	0.782905
118	1	0.802585
118	19	0.894135
118	80	0.852813
118	99	0.868165
118	109	1.54204
118	111	0.895433
118	120	0.897155
118	125	1.52777
118	130	0.848129
118	132	0.896604
118	134	0.832792
118	137	0.838605
118	138	0.893041
118	140	0.854822
118	141	0.854879
118	149	1.46838
118	150	1.53485
118	154	1.73892
118	159	0.816921
118	162	1.59435
118	164	0.790612
118	170	2.0005
118	173	0.783105
118	176	0.794726
119	68	1.48499
119	75	1.25618
119	99	0.902248
119	101	0.873748
119	104	0.872935
119	105	0.88102
119	106	0.935703
119	110	0.914271
119	113	0.908423
119	123	1.34996
119	125	1.44882
119	129	0.891043
119	132	0.930687
119	134	0.866875
119	135	0.866057
119	140	0.888905
119	141	0.888962
119	144	1.538
119	150	1.4559
119	152	0.86402
119	156	1.62422
119	165	1.59855
119	167	0.866532
119	173	0.817188
119	176	0.828809
120	6	1.35111
120	80	0.889691
120	99	0.905043
120	118	0.897155
120	128	0.929786
120	130	0.885007
120	132	0.933482
120	134	0.86967
120	137	0.875482
120	138	0.929919
120	140	0.8917
120	141	0.891757
120	147	0.850239
120	149	1.214
120	151	1.4179
120	155	0.91071
120	159	0.853798
120	160	1.32245
120	162	1.33997
120	164	0.82749
120	173	0.819983
120	174	1.74725
120	176	0.831604
120	177	1.52718
120	180	2.22204
121	9	0.92084
121	13	0.931822
121	17	0.945536
121	24	0.901211
121	26	0.875957
121	34	0.899912
121	39	0.954981
121	53	0.919288
121	54	0.925269
121	59	0.798089
121	70	0.853025
121	81	0.847092
121	94	0.898574
121	97	0.878659
121	116	0.869769
121	143	0.783791
121	147	1.59086
121	150	1.2063
121	155	0.889438
121	159	1.47534
121	167	1.36822
121	168	2.23765
121	173	1.71575
121	176	1.70217
121	178	0.778464
122	29	0.902442
122	49	0.866273
122	56	0.897822
122	57	0.921659
122	69	0.878641
122	78	0.86995
122	92	0.866362
122	97	0.914686
122	98	1.11078
122	102	0.954153
122	105	0.877308
122	108	0.866137
122	112	0.925894
122	124	1.10806
122	129	0.887332
122	135	0.862346
122	136	0.89807
122	159	1.51137
122	160	0.877027
122	169	2.09574
122	171	1.17149
122	173	0.813477
122	174	1.7091
122	176	0.825098
122	180	2.1839
123	30	1.6615
123	31	1.39136
123	39	1.2807
123	40	1.18446
123	119	1.34996
123	126	0.942192
123	130	1.26885
123	133	0.861055
123	137	1.25595
123	142	0.836606
123	145	0.873989
123	153	0.910286
123	154	0.837292
123	158	0.909634
123	161	0.799738
123	166	0.808153
123	168	0.770842
123	169	0.784042
123	170	0.803056
123	171	0.87523
123	172	0.79999
123	175	0.799389
123	177	0.839875
123	179	0.76429
123	180	0.769613
124	6	0.865563
124	24	1.53663
124	33	1.88677
124	52	1.43005
124	58	1.69815
124	72	0.834384
124	80	1.50596
124	122	1.10806
124	139	0.9063
124	145	0.853097
124	149	0.899389
124	150	0.881866
124	153	0.889395
124	154	0.816401
124	156	0.820214
124	158	0.888743
124	162	0.839065
124	165	0.832309
124	166	0.787262
124	167	0.834584
124	172	0.779099
124	175	0.778498
124	177	0.818983
124	179	0.743398
124	180	0.748721
125	34	1.24315
125	85	1.38168
125	109	0.883247
125	114	1.33681
125	118	1.52777
125	119	1.44882
125	139	0.911057
125	141	1.61333
125	145	0.857854
125	146	0.858852
125	148	0.843106
125	155	1.27577
125	158	0.893499
125	162	0.843821
125	163	0.83342
125	164	0.797504
125	169	0.767907
125	170	0.786921
125	171	0.859095
125	172	0.783855
125	173	0.789997
125	175	0.783254
125	177	0.82374
125	178	0.76975
125	179	0.748155
125	180	0.753478
126	14	1.4026
126	40	1.14541
126	86	0.964894
126	91	1.24046
126	99	1.37375
126	101	1.34819
126	115	1.35519
126	117	0.955485
126	123	0.942192
126	136	1.26392
126	142	0.872466
126	154	0.873153
126	160	0.905543
126	161	0.835599
126	162	0.895816
126	165	0.889061
126	166	0.844014
126	169	0.819903
126	170	0.838917
126	171	0.91109
126	175	0.83525
126	176	0.853613
126	177	0.875735
126	178	0.821746
126	179	0.80015
126	180	0.805473
127	8	1.28525
127	10	1.18247
127	22	1.32874
127	54	1.19039
127	69	1.12517
127	141	1.31529
127	144	0.913546
127	146	0.908508
127	151	0.888772
127	154	0.870813
127	155	0.977723
127	157	1.13101
127	158	0.943156
127	161	0.83326
127	162	0.893477
127	163	0.883076
127	164	0.847161
127	165	0.886721
127	166	0.841674
127	169	0.817563
127	170	0.836577
127	171	0.908751
127	175	0.83291
127	177	0.873396
127	179	0.797811
127	180	0.803134
128	24	1.56945
128	26	1.22293
128	35	1.06102
128	53	1.20511
128	54	1.39405
128	62	1.22782
128	73	1.51776
128	90	0.914795
128	95	1.60187
128	101	0.872296
128	104	0.871483
128	106	0.934251
128	110	0.912819
128	120	0.929786
128	134	0.865423
128	140	0.887453
128	141	0.88751
128	161	0.809342
128	164	0.823243
128	167	0.86508
128	169	0.793646
128	170	0.81266
128	172	0.809594
128	173	0.815736
128	176	0.827357
128	179	0.773894
128	180	0.779217
129	27	0.89248
129	29	0.868752
129	57	0.887969
129	78	0.83626
129	83	0.845729
129	92	0.832672
129	97	1.01717
129	105	0.843618
129	108	0.832447
129	112	0.892204
129	113	0.871022
129	119	0.891043
129	122	0.887332
129	135	0.828656
129	136	0.86438
129	143	2.19174
129	145	1.48276
129	149	1.27834
129	151	1.48224
129	152	0.826619
129	154	1.54888
129	157	0.857906
129	160	0.843337
129	164	0.787294
129	167	1.50673
129	176	0.791408
129	179	2.44624
130	19	0.881986
130	21	0.873012
130	80	0.840665
130	82	1.17671
130	99	0.856017
130	109	1.38198
130	111	0.883285
130	118	0.848129
130	120	0.885007
130	123	1.26885
130	131	0.88686
130	132	0.884456
130	134	0.820643
130	137	0.826456
130	140	0.842674
130	141	0.84273
130	147	0.801213
130	150	1.37479
130	152	0.817788
130	154	1.57886
130	155	0.861683
130	159	0.804772
130	160	1.41677
130	164	0.778464
130	169	2.2282
130	173	0.770957
130	176	0.782577
130	180	2.31636
131	43	0.889012
131	46	0.857746
131	48	0.859876
131	50	1.13743
131	63	0.87548
131	65	0.899989
131	66	0.87456
131	67	0.893387
131	72	0.991417
131	73	0.892932
131	74	0.892893
131	85	0.928731
131	130	0.88686
131	132	0.935335
131	133	1.41166
131	134	0.871523
131	140	0.893553
131	141	0.89361
131	144	1.34761
131	149	1.19904
131	156	0.85681
131	160	1.30749
131	161	1.83461
131	167	1.42743
131	168	0.786546
131	169	2.11892
131	173	0.821836
131	178	1.88388
132	1	0.838911
132	21	0.921487
132	80	0.88914
132	99	0.904492
132	109	1.21911
132	111	0.93176
132	118	0.896604
132	119	0.930687
132	120	0.933482
132	130	0.884456
132	131	0.935335
132	134	0.869118
132	137	0.874931
132	140	0.891149
132	141	0.891206
132	148	1.29373
132	150	1.21192
132	151	1.34935
132	152	0.866263
132	159	0.853247
132	164	0.826939
132	166	1.75177
132	167	1.37384
132	170	1.67757
132	173	0.819432
132	176	0.831052
132	177	1.45863
132	179	2.31335
133	31	1.64345
133	58	1.97857
133	63	1.55898
133	82	0.857665
133	84	1.25203
133	85	1.53491
133	107	1.82039
133	123	0.861055
133	131	1.41166
133	149	0.875004
133	150	0.85748
133	151	0.809974
133	153	0.865009
133	158	0.864358
133	159	0.794671
133	161	0.754462
133	162	0.814679
133	165	0.807923
133	166	0.762876
133	169	0.738765
133	170	0.757779
133	171	0.829953
133	172	0.754713
133	175	0.754112
133	176	0.772476
133	177	0.794598
133	179	0.719013
133	180	0.724336
134	21	0.857674
134	49	0.808416
134	80	0.825328
134	99	0.84068
134	111	0.867948
134	118	0.832792
134	119	0.866875
134	120	0.86967
134	128	0.865423
134	130	0.820643
134	131	0.871523
134	132	0.869118
134	138	0.865556
134	139	1.31564
134	140	0.827337
134	141	0.827393
134	142	1.92993
134	147	0.785876
134	152	0.802451
134	153	1.50955
134	159	0.789435
134	160	1.66943
134	162	1.68696
134	164	0.763127
134	170	2.09311
134	171	1.55661
134	173	0.755619
134	176	0.76724
134	178	2.24583
135	27	0.867495
135	29	0.843767
135	49	0.807598
135	56	0.839147
135	57	0.862984
135	69	0.819965
135	78	0.811275
135	83	0.820744
135	105	0.818633
135	108	0.807462
135	112	0.867219
135	113	0.846036
135	117	1.17511
135	119	0.866057
135	122	0.862346
135	129	0.828656
135	136	0.839395
135	149	1.31931
135	151	1.5232
135	152	0.801633
135	157	0.83292
135	160	0.818352
135	161	1.95488
135	166	1.92562
135	173	0.754802
135	174	1.85255
135	175	1.99864
135	176	0.766422
135	178	2.00415
136	27	0.903219
136	29	0.879491
136	49	0.843322
136	56	0.874871
136	57	0.898707
136	69	0.855689
136	77	1.32024
136	78	0.846999
136	92	0.84341
136	105	0.854357
136	108	0.843186
136	112	0.902943
136	113	0.88176
136	122	0.89807
136	126	1.26392
136	129	0.86438
136	135	0.839395
136	144	1.49101
136	152	0.837357
136	157	0.868644
136	159	1.67795
136	160	0.854076
136	164	0.798033
136	165	1.55156
136	167	1.57083
136	170	1.87456
136	171	1.33806
136	173	0.790526
136	176	0.802146
136	178	2.02728
137	16	0.787617
137	37	0.833022
137	42	0.835795
137	45	0.922323
137	64	0.838119
137	67	0.832983
137	71	0.837403
137	73	0.832528
137	74	0.832489
137	76	0.891764
137	79	0.805354
137	86	0.936051
137	88	0.854897
137	117	1.15122
137	118	0.838605
137	120	0.875482
137	123	1.25595
137	130	0.826456
137	132	0.874931
137	140	0.833149
137	145	1.49983
137	148	1.44369
137	151	1.49931
137	160	0.824982
137	167	0.810776
137	168	0.726142
137	173	0.761432
137	174	1.82866
137	175	1.97475
137	176	0.773053
137	178	1.98026
137	180	2.30345
138	5	1.22322
138	39	1.22651
138	57	1.33975
138	71	1.2671
138	73	1.45908
138	79	1.30966
138	81	1.10808
138	84	0.944909
138	90	0.914928
138	101	0.872429
138	103	1.16875
138	104	0.871615
138	106	0.934384
138	107	1.5141
138	110	0.912952
138	114	1.18375
138	118	0.893041
138	120	0.929919
138	134	0.865556
138	140	0.887586
138	141	0.887643
138	147	0.846125
138	151	0.864988
138	155	0.906596
138	163	0.859292
138	167	0.865212
138	169	0.793779
138	170	0.812793
138	171	0.884967
138	175	0.809126
138	177	0.849612
138	180	0.779349
139	3	0.992825
139	30	1.45562
139	36	1.23274
139	43	1.42254
139	78	1.07515
139	95	1.3915
139	98	0.956477
139	101	1.18136
139	108	1.43823
139	111	1.09885
139	115	1.18837
139	124	0.9063
139	125	0.911057
139	134	1.31564
139	144	0.900884
139	145	0.894849
139	146	0.895847
139	154	0.858152
139	158	0.930494
139	159	0.860808
139	161	0.820599
139	162	0.880816
139	163	0.870415
139	165	0.87406
139	166	0.829013
139	170	0.823916
139	171	0.89609
139	172	0.82085
139	175	0.820249
139	177	0.860735
139	179	0.78515
139	180	0.790473
140	1	0.797129
140	19	0.888679
140	21	0.879705
140	80	0.847358
140	87	1.19623
140	99	0.86271
140	111	0.889978
140	118	0.854822
140	119	0.888905
140	120	0.8917
140	128	0.887453
140	130	0.842674
140	131	0.893553
140	132	0.891149
140	134	0.827337
140	137	0.833149
140	138	0.887586
140	141	0.849424
140	147	0.807906
140	149	1.11583
140	152	0.824481
140	155	0.868377
140	156	1.35062
140	159	0.811465
140	161	1.7514
140	164	0.785157
140	169	2.03571
140	170	1.64795
140	172	1.96422
140	173	0.77765
140	174	1.64907
140	176	0.78927
140	177	1.42901
140	179	2.28372
141	1	0.797186
141	3	1.08101
141	19	0.888736
141	21	0.879762
141	49	0.830503
141	80	0.847415
141	82	1.42233
141	99	0.862767
141	111	0.890035
141	117	1.40974
141	118	0.854879
141	119	0.888962
141	120	0.891757
141	125	1.61333
141	127	1.31529
141	128	0.88751
141	130	0.84273
141	131	0.89361
141	132	0.891206
141	134	0.827393
141	138	0.887643
141	140	0.849424
141	147	0.807963
141	151	1.75783
141	152	0.824538
141	154	1.82447
141	155	0.868433
141	158	1.43349
141	159	0.811522
141	162	1.67991
141	164	0.785214
141	171	1.54956
141	173	0.777707
141	176	0.789327
