1	4	0.808423
1	6	0.93414
1	10	0.822778
1	12	0.927083
1	19	0.799311
1	48	1.54464
1	96	0.874085
1	100	4.21301
1	106	0.872845
1	138	0.763465
1	150	0.847907
1	172	0.77888
2	15	0.899952
2	21	0.866152
2	22	0.864135
2	23	0.862178
2	25	0.979489
2	26	0.860109
2	124	1.39226
2	136	0.809301
2	138	0.804534
2	161	0.828637
2	163	4.256
3	7	0.682054
3	11	0.940587
3	16	0.841652
3	32	0.919617
3	37	0.890568
3	40	0.889836
3	46	0.889309
3	48	0.838427
3	138	4.84217
3	151	0.775912
3	162	0.729813
3	179	0.783698
4	1	0.808423
4	6	0.924392
4	10	0.813029
4	12	0.917334
4	19	0.789562
4	36	0.853093
4	106	0.863096
4	107	2.78883
4	141	0.85251
4	150	0.838158
4	151	3.06736
4	172	0.769131
5	29	0.802735
5	47	0.845821
5	53	0.911901
5	54	0.844408
5	55	0.84438
5	134	3.31824
5	141	0.866039
5	144	0.873579
5	150	0.851687
5	161	0.791348
5	172	0.78266
5	180	3.41104
6	1	0.93414
6	4	0.924392
6	10	0.938747
6	19	0.91528
6	36	0.97881
6	138	0.879434
6	141	0.978227
6	143	2.24845
6	150	0.963876
6	172	0.894848
6	175	3.91635
6	176	3.20001
7	3	0.682054
7	11	1.09638
7	16	0.671973
7	32	0.749938
7	37	0.720889
7	40	0.720157
7	46	0.71963
7	151	1.03346
7	161	2.68399
7	162	0.987366
7	169	8.64017
7	179	1.04125
8	17	0.923039
8	20	0.922347
8	30	0.985983
8	38	0.974732
8	39	0.976162
8	41	0.969198
8	50	0.964839
8	59	0.565728
8	62	0.778585
8	146	10.5
8	151	0.630225
8	157	2.16361
9	14	0.763571
9	18	1.17569
9	28	0.797407
9	35	0.787643
9	42	0.851535
9	45	0.849929
9	51	0.836149
9	57	0.894582
9	105	3.50019
9	123	0.775797
9	126	2.301
9	162	0.688325
10	1	0.822778
10	4	0.813029
10	6	0.938747
10	19	0.803917
10	36	0.867447
10	96	0.878691
10	133	2.86072
10	138	0.768071
10	141	0.866864
10	150	0.852513
10	157	3.55212
10	172	0.783486
11	3	0.940587
11	7	1.09638
11	16	0.930507
11	37	0.979423
11	40	0.978691
11	46	0.978164
11	115	2.5221
11	124	1.80272
11	151	0.864767
11	155	3.9001
11	162	0.818668
11	179	0.872552
12	1	0.927083
12	4	0.917334
12	19	0.908222
12	36	0.971753
12	96	0.982996
12	114	1.06048
12	138	0.872376
12	141	0.97117
12	149	2.28307
12	150	0.956818
12	168	3.98347
12	172	0.887791
13	16	0.947398
13	32	1.02536
13	37	0.996314
13	40	0.995582
13	46	0.995055
13	116	0.904879
13	121	2.1637
13	128	3.1056
13	151	0.881658
13	153	2.6571
13	162	0.83556
13	179	0.889444
14	9	0.763571
14	18	1.17051
14	27	0.788992
14	28	0.792223
14	35	0.782458
14	42	0.846351
14	45	0.844744
14	51	0.830965
14	57	0.889398
14	156	2.41861
14	162	0.68314
14	172	4.07954
15	2	0.899952
15	21	0.865794
15	22	0.863778
15	23	0.86182
15	25	0.979132
15	26	0.859752
15	118	2.64704
15	120	3.42959
15	136	0.808943
15	138	0.804176
15	161	0.828279
16	3	0.841652
16	7	0.671973
16	11	0.930507
16	13	0.947398
16	32	0.909537
16	37	0.880487
16	40	0.879756
16	46	0.879228
16	114	1.97316
16	154	3.54524
16	162	0.719733
16	179	0.773617
17	8	0.923039
17	20	0.765386
17	30	0.829023
17	33	0.843815
17	38	0.817771
17	39	0.819201
17	41	0.812238
17	50	0.807879
17	59	0.905391
17	62	0.881445
17	123	1.95073
17	177	4.44167
18	9	1.17569
18	14	1.17051
18	28	0.813412
18	35	0.803648
18	42	0.86754
18	51	0.852155
18	57	0.910588
18	113	1.59801
18	162	1.09526
18	169	9.35983
18	179	1.61005
19	1	0.799311
19	4	0.789562
19	6	0.91528
19	10	0.803917
19	12	0.908222
19	36	0.84398
19	48	2.41693
19	106	0.853984
19	138	0.744604
19	141	0.843398
19	150	0.829046
19	171	5.83718
19	172	0.760019
20	8	0.922347
20	17	0.765386
20	33	0.843123
20	38	0.817079
20	39	0.818509
20	41	0.811546
20	50	0.807187
20	59	0.904699
20	62	0.880753
20	112	2.22869
20	144	0.84306
20	151	0.732393
20	168	4.41617
21	2	0.866152
21	15	0.865794
21	22	0.829978
21	23	0.828021
21	25	0.945332
21	26	0.825952
21	71	0.847924
21	76	0.795186
21	106	1.39049
21	136	0.775144
21	138	0.770376
21	161	0.794479
21	179	4.37083
22	2	0.864135
22	15	0.863778
22	21	0.829978
22	23	0.826004
22	25	0.943315
22	26	0.823935
22	71	0.845907
22	76	0.79317
22	117	2.18311
22	136	0.773127
22	138	0.76836
22	161	0.792463
22	178	5.57846
23	2	0.862178
23	15	0.86182
23	21	0.828021
23	22	0.826004
23	25	0.941358
23	26	0.821978
23	71	0.84395
23	76	0.791212
23	136	0.771169
23	138	0.766402
23	161	0.790505
23	171	3.75616
23	175	3.77863
24	89	0.807183
24	90	0.809597
24	91	0.849067
24	92	0.799434
24	97	0.839692
24	98	0.83797
24	99	2.17606
24	102	0.830274
24	108	0.81479
24	109	0.859622
24	110	0.815136
24	111	0.815264
24	178	5.84365
25	2	0.979489
25	15	0.979132
25	21	0.945332
25	22	0.943315
25	23	0.941358
25	26	0.939289
25	99	1.03254
25	125	1.5701
25	136	0.888481
25	138	0.883714
25	161	0.907817
25	167	4.2512
26	2	0.860109
26	15	0.859752
26	21	0.825952
26	22	0.823935
26	23	0.821978
26	25	0.939289
26	71	0.841881
26	76	0.789143
26	136	0.769101
26	138	0.764333
26	142	1.65839
26	161	0.788437
26	180	4.81127
27	14	0.788992
27	28	0.822828
27	35	0.813064
27	42	0.876956
27	45	0.87535
27	51	0.86157
27	57	0.920003
27	112	0.82823
27	113	2.12975
27	116	0.783065
27	123	0.801218
27	162	0.713746
27	173	4.23051
28	9	0.797407
28	14	0.792223
28	18	0.813412
28	27	0.822828
28	35	0.816295
28	42	0.880187
28	45	0.878581
28	51	0.864801
28	57	0.923234
28	99	1.57945
28	116	0.786296
28	162	0.716977
28	179	4.32922
29	5	0.802735
29	34	0.880719
29	47	0.822824
29	52	0.898758
29	53	0.888904
29	54	0.82141
29	55	0.821382
29	104	1.33404
29	141	0.843041
29	146	0.69704
29	150	0.82869
29	161	0.768351
29	172	0.759662
29	177	5.45141
30	8	0.985983
30	17	0.829023
30	33	0.906759
30	38	0.880716
30	39	0.882145
30	41	0.875182
30	50	0.870823
30	59	0.968335
30	62	0.94439
30	100	1.43858
30	131	3.64974
30	144	0.906697
30	151	0.796029
30	163	3.48639
31	44	0.768923
31	49	0.826745
31	63	0.822789
31	65	0.876189
31	67	0.810776
31	68	0.810364
31	69	0.875113
31	70	0.875157
31	72	0.860206
31	73	0.86011
31	169	0.702324
31	171	4.2413
31	176	3.54743
31	179	0.748342
32	3	0.919617
32	7	0.749938
32	13	1.02536
32	16	0.909537
32	37	0.958453
32	40	0.957721
32	46	0.957193
32	101	1.3655
32	116	0.867017
32	119	2.99171
32	122	2.81857
32	151	0.843797
32	162	0.797698
32	179	0.851582
33	17	0.843815
33	20	0.843123
33	30	0.906759
33	38	0.895508
33	39	0.896937
33	41	0.889974
33	50	0.885615
33	59	0.983127
33	62	0.959182
33	76	3.44693
33	106	1.74421
33	144	0.921489
33	151	0.810821
33	159	3.80296
34	29	0.880719
34	47	0.923806
34	52	0.999741
34	53	0.989886
34	54	0.922392
34	55	0.922365
34	144	0.951564
34	146	0.798023
34	153	2.63791
34	156	1.92538
34	161	0.869333
34	172	0.860645
34	177	3.68874
35	9	0.787643
35	14	0.782458
35	18	0.803648
35	27	0.813064
35	28	0.816295
35	42	0.870423
35	45	0.868817
35	51	0.855037
35	57	0.91347
35	101	1.71551
35	116	0.776532
35	123	0.794685
35	154	4.28917
35	162	0.707213
36	4	0.853093
36	6	0.97881
36	10	0.867447
36	12	0.971753
36	19	0.84398
36	96	0.918754
36	106	0.917515
36	138	0.808134
36	141	0.906928
36	150	0.892577
36	156	1.79154
36	163	3.20315
36	172	0.823549
36	177	3.55846
37	3	0.890568
37	7	0.720889
37	11	0.979423
37	13	0.996314
37	16	0.880487
37	32	0.958453
37	40	0.928672
37	46	0.928144
37	115	2.73883
37	116	0.837968
37	122	1.34587
37	151	0.814747
37	162	0.768649
37	179	0.822533
37	180	4.39558
38	8	0.974732
38	17	0.817771
38	20	0.817079
38	30	0.880716
38	33	0.895508
38	39	0.870894
38	41	0.863931
38	50	0.859572
38	59	0.957084
38	62	0.933138
38	71	1.44912
38	144	0.895445
38	149	2.56606
38	151	0.784778
38	180	4.68231
39	8	0.976162
39	17	0.819201
39	20	0.818509
39	30	0.882145
39	33	0.896937
39	38	0.870894
39	41	0.86536
39	50	0.861001
39	59	0.958514
39	62	0.934568
39	121	2.85598
39	127	1.58544
39	144	0.896875
39	151	0.786208
39	152	4.42392
40	3	0.889836
40	7	0.720157
40	11	0.978691
40	13	0.995582
40	16	0.879756
40	32	0.957721
40	37	0.928672
40	46	0.927413
40	116	0.837236
40	147	2.02222
40	151	0.814016
40	162	0.767917
40	165	2.24391
40	167	3.9697
40	179	0.821801
41	8	0.969198
41	17	0.812238
41	20	0.811546
41	30	0.875182
41	33	0.889974
41	38	0.863931
41	39	0.86536
41	50	0.854038
41	59	0.95155
41	62	0.927605
41	82	0.847078
41	112	1.91933
41	144	0.889912
41	171	4.16535
41	176	3.47148
42	9	0.851535
42	14	0.846351
42	18	0.86754
42	27	0.876956
42	28	0.880187
42	35	0.870423
42	45	0.932709
42	51	0.918929
42	57	0.977362
42	101	1.89424
42	106	2.27927
42	114	2.89583
42	116	0.840424
42	123	0.858577
42	162	0.771105
43	44	0.827256
43	49	0.885078
43	63	0.881122
43	65	0.934522
43	67	0.869109
43	68	0.868697
43	69	0.933447
43	70	0.93349
43	72	0.918539
43	73	0.918443
43	136	3.11338
43	156	1.69269
43	169	0.760657
43	175	4.54744
43	179	0.806675
44	31	0.768923
44	43	0.827256
44	49	0.814648
44	63	0.810692
44	65	0.864092
44	67	0.798679
44	68	0.798267
44	69	0.863016
44	70	0.863059
44	71	2.91166
44	72	0.848108
44	73	0.848013
44	124	3.76648
44	169	0.690227
44	179	0.736244
45	9	0.849929
45	14	0.844744
45	27	0.87535
45	28	0.878581
45	35	0.868817
45	42	0.932709
45	51	0.917323
45	57	0.975756
45	112	0.883983
45	116	0.838818
45	123	0.856971
45	143	1.6894
45	151	2.51391
45	162	0.769499
45	173	4.46158
46	3	0.889309
46	7	0.71963
46	11	0.978164
46	13	0.995055
46	16	0.879228
46	32	0.957193
46	37	0.928144
46	40	0.927413
46	112	1.81675
46	116	0.836709
46	151	0.813488
46	162	0.76739
46	164	2.81687
46	177	4.26391
46	179	0.821274
47	5	0.845821
47	29	0.822824
47	34	0.923806
47	52	0.941845
47	53	0.93199
47	54	0.864497
47	55	0.864469
47	101	1.35784
47	122	2.81091
47	141	0.886128
47	142	3.76476
47	144	0.893668
47	146	0.740127
47	150	0.871777
47	161	0.811437
47	172	0.802749
48	1	1.54464
48	3	0.838427
48	19	2.41693
48	80	0.921435
48	107	0.928172
48	128	0.860731
48	139	0.830994
48	145	0.878561
48	165	0.899585
48	168	0.838818
48	171	0.837778
48	173	0.8525
48	176	0.841278
48	177	0.83986
48	178	0.830151
48	180	0.838715
49	31	0.826745
49	43	0.885078
49	44	0.814648
49	63	0.868514
49	65	0.921914
49	67	0.856501
49	68	0.856089
49	69	0.920838
49	70	0.920881
49	72	0.90593
49	73	0.905835
49	120	3.25478
49	127	2.00976
49	166	3.70812
49	169	0.748049
49	179	0.794066
50	8	0.964839
50	17	0.807879
50	20	0.807187
50	30	0.870823
50	33	0.885615
50	38	0.859572
50	39	0.861001
50	41	0.854038
50	59	0.947191
50	62	0.923246
50	82	0.842719
50	144	0.885553
50	148	3.02354
50	151	0.774885
50	161	3.23749
50	172	2.82402
51	9	0.836149
51	14	0.830965
51	18	0.852155
51	27	0.86157
51	28	0.864801
51	35	0.855037
51	42	0.918929
51	45	0.917323
51	57	0.961976
51	74	1.49365
51	112	0.870203
51	116	0.825038
51	123	0.843192
51	139	5.79964
51	162	0.755719
51	165	2.19334
52	29	0.898758
52	34	0.999741
52	47	0.941845
52	53	1.00792
52	54	0.940432
52	55	0.940404
52	103	1.09319
52	127	2.1206
52	132	2.56812
52	141	0.962063
52	144	0.969603
52	146	0.816062
52	150	0.947711
52	159	4.0353
52	161	0.887372
52	172	0.878684
53	5	0.911901
53	29	0.888904
53	34	0.989886
53	47	0.93199
53	52	1.00792
53	54	0.930577
53	55	0.930549
53	126	1.15036
53	141	0.952208
53	144	0.959748
53	150	0.937856
53	159	3.01801
53	161	0.877517
53	165	1.60751
53	172	0.868829
53	176	4.48795
54	5	0.844408
54	29	0.82141
54	34	0.922392
54	47	0.864497
54	52	0.940432
54	53	0.930577
54	55	0.863055
54	122	1.22757
54	123	1.62667
54	141	0.884714
54	144	0.892255
54	146	0.738714
54	150	0.870363
54	161	0.810024
54	170	5.98338
54	172	0.801335
55	5	0.84438
55	29	0.821382
55	34	0.922365
55	47	0.864469
55	52	0.940404
55	53	0.930549
55	54	0.863055
55	103	2.52269
55	106	1.34629
55	141	0.884687
55	144	0.892227
55	145	3.92541
55	146	0.738686
55	150	0.870335
55	161	0.809996
55	172	0.801308
56	64	0.830822
56	66	0.829238
56	84	0.860226
56	87	0.903619
56	89	0.850365
56	90	0.852779
56	91	0.892249
56	92	0.842616
56	97	0.882874
56	108	0.857972
56	109	0.902804
56	110	0.858319
56	111	0.858446
56	123	3.58897
56	142	3.08322
56	143	1.49122
57	9	0.894582
57	14	0.889398
57	18	0.910588
57	27	0.920003
57	28	0.923234
57	35	0.91347
57	42	0.977362
57	45	0.975756
57	51	0.961976
57	83	1.82804
57	112	0.928636
57	116	0.883471
57	123	0.901624
57	147	2.20108
57	155	4.61076
57	156	1.76845
57	162	0.814152
58	77	0.852499
58	84	0.84131
58	87	0.884704
58	89	0.831449
58	90	0.833863
58	92	0.823701
58	97	0.863958
58	98	0.862237
58	99	1.74376
58	102	0.854541
58	108	0.839057
58	109	0.883889
58	110	0.839403
58	111	0.839531
58	126	2.76765
58	150	0.850216
58	151	3.6364
59	8	0.565728
59	17	0.905391
59	20	0.904699
59	30	0.968335
59	33	0.983127
59	38	0.957084
59	39	0.958514
59	41	0.95155
59	50	0.947191
59	62	1.02076
59	76	2.55307
59	82	0.940232
59	104	2.00021
59	144	0.983065
59	151	0.872398
59	158	4.65952
59	166	2.69275
60	62	1.67395
60	110	0.167318
60	117	0.843543
60	131	0.80621
60	132	0.845845
60	157	0.821767
60	158	0.772474
60	160	0.786957
60	163	0.787557
60	166	0.795005
60	170	0.767107
60	173	0.787438
60	174	0.77997
60	175	0.773286
60	177	0.774797
60	178	0.765089
60	180	0.773653
61	75	0.92242
61	78	0.88542
61	79	0.989937
61	81	0.884255
61	85	0.871944
61	86	0.871243
61	88	0.956464
61	93	0.911522
61	94	0.911098
61	95	0.910761
61	104	1.30993
61	134	4.0536
61	169	0.767288
61	173	3.04251
62	8	0.778585
62	17	0.881445
62	20	0.880753
62	30	0.94439
62	33	0.959182
62	38	0.933138
62	39	0.934568
62	41	0.927605
62	50	0.923246
62	59	1.02076
62	60	1.67395
62	82	0.916286
62	99	0.968188
62	140	3.05672
62	144	0.959119
62	151	0.848452
62	161	3.07414
63	31	0.822789
63	43	0.881122
63	44	0.810692
63	49	0.868514
63	65	0.917957
63	67	0.852544
63	68	0.852132
63	69	0.916882
63	70	0.916925
63	72	0.901974
63	73	0.901878
63	116	2.25807
63	145	1.99624
63	146	0.739451
63	169	0.744093
63	174	4.72325
63	179	0.79011
64	56	0.830822
64	77	0.841615
64	84	0.830427
64	87	0.87382
64	89	0.820566
64	90	0.82298
64	91	0.862451
64	92	0.812817
64	97	0.853075
64	98	0.851354
64	102	0.843657
64	108	0.828174
64	109	0.873006
64	110	0.82852
64	111	0.828648
64	134	3.42815
64	148	2.26032
64	175	4.65098
65	31	0.876189
65	43	0.934522
65	44	0.864092
65	49	0.921914
65	63	0.917957
65	67	0.905944
65	68	0.905532
65	69	0.970282
65	70	0.970325
65	72	0.955374
65	73	0.955278
65	132	1.83574
65	135	1.52084
65	140	3.29508
65	146	0.792851
65	168	3.94331
65	169	0.797492
65	179	0.84351
66	56	0.829238
66	77	0.840031
66	84	0.828843
66	87	0.872236
66	90	0.821396
66	91	0.860867
66	92	0.811233
66	97	0.851491
66	98	0.84977
66	102	0.842073
66	108	0.82659
66	109	0.871422
66	110	0.826936
66	111	0.827064
66	121	3.68032
66	123	2.73362
66	149	3.26449
66	150	0.837749
67	31	0.810776
67	43	0.869109
67	44	0.798679
67	49	0.856501
67	63	0.852544
67	65	0.905944
67	68	0.840119
67	69	0.904869
67	70	0.904912
67	72	0.889961
67	73	0.889865
67	82	0.838146
67	104	1.89549
67	145	3.57339
67	146	0.727438
67	165	3.7023
67	169	0.73208
67	179	0.778097
68	31	0.810364
68	43	0.868697
68	44	0.798267
68	49	0.856089
68	63	0.852132
68	65	0.905532
68	67	0.840119
68	69	0.904457
68	70	0.9045
68	72	0.889549
68	73	0.889453
68	82	0.837734
68	129	3.20944
68	146	0.727026
68	159	3.24373
68	160	3.13921
68	169	0.731668
68	179	0.777685
69	31	0.875113
69	43	0.933447
69	44	0.863016
69	49	0.920838
69	63	0.916882
69	65	0.970282
69	67	0.904869
69	68	0.904457
69	70	0.96925
69	72	0.954299
69	73	0.954203
69	115	3.13907
69	116	2.46199
69	125	1.37376
69	146	0.791775
69	153	3.5888
69	169	0.796417
69	179	0.842434
70	31	0.875157
70	43	0.93349
70	44	0.863059
70	49	0.920881
70	63	0.916925
70	65	0.970325
70	67	0.904912
70	68	0.9045
70	69	0.96925
70	72	0.954342
70	73	0.954246
70	146	0.791818
70	149	1.80202
70	160	2.7575
70	169	0.79646
70	172	2.45813
70	174	4.04963
70	179	0.842478
71	21	0.847924
71	22	0.845907
71	23	0.84395
71	26	0.841881
71	38	1.44912
71	44	2.91166
71	102	0.875072
71	108	0.859589
71	109	0.904421
71	110	0.859935
71	111	0.860063
71	144	1.03139
71	161	0.810408
71	168	0.784126
71	173	0.797808
71	175	0.783656
71	176	0.786586
71	178	0.775459
71	180	0.784022
72	31	0.860206
72	43	0.918539
72	44	0.848108
72	49	0.90593
72	63	0.901974
72	65	0.955374
72	67	0.889961
72	68	0.889549
72	69	0.954299
72	70	0.954342
72	73	0.939295
72	82	0.887575
72	118	1.76501
72	129	3.18295
72	135	1.43516
72	146	0.776867
72	158	4.96767
72	169	0.781509
72	179	0.827527
73	31	0.86011
73	43	0.918443
73	44	0.848013
73	49	0.905835
73	63	0.901878
73	65	0.955278
73	67	0.889865
73	68	0.889453
73	69	0.954203
73	70	0.954246
73	72	0.939295
73	82	0.88748
73	105	2.09772
73	119	1.7842
73	126	1.79749
73	146	0.776772
73	169	0.781414
73	170	6.52842
73	179	0.827431
74	51	1.49365
74	85	1.09579
74	89	0.254936
74	90	0.690561
74	117	0.92975
74	128	0.881876
74	129	0.885588
74	139	0.852139
74	142	0.925571
74	154	0.901304
74	158	0.858681
74	160	0.873164
74	170	0.853314
74	173	0.873645
74	174	0.866177
74	175	0.859493
74	176	0.862423
74	177	0.861005
74	178	0.851296
74	180	0.85986
75	61	0.92242
75	78	0.896893
75	79	1.00141
75	81	0.895728
75	85	0.883417
75	86	0.882715
75	88	0.967937
75	93	0.922995
75	94	0.922571
75	95	0.922234
75	117	2.67706
75	125	2.51506
75	136	0.826093
75	141	0.920119
75	143	1.19226
75	144	0.92766
75	147	3.24868
75	169	0.77876
76	21	0.795186
76	22	0.79317
76	23	0.791212
76	26	0.789143
76	33	3.44693
76	59	2.55307
76	100	0.799406
76	102	0.822335
76	108	0.806851
76	109	0.851683
76	110	0.807197
76	111	0.807325
76	131	0.763842
76	136	0.738335
76	161	0.757671
76	174	0.737602
76	176	0.733848
76	177	0.73243
76	178	0.722721
76	180	0.731285
77	58	0.852499
77	64	0.841615
77	66	0.840031
77	84	0.871019
77	87	0.914412
77	89	0.861158
77	90	0.863572
77	91	0.903043
77	92	0.853409
77	97	0.893667
77	98	0.891946
77	102	0.884249
77	108	0.868766
77	109	0.913598
77	110	0.869112
77	111	0.86924
77	117	2.06131
77	118	2.81289
77	147	2.63293
77	179	3.12693
78	61	0.88542
78	75	0.896893
78	79	0.964409
78	81	0.858728
78	83	1.39933
78	85	0.846416
78	86	0.845715
78	88	0.930937
78	93	0.885995
78	94	0.885571
78	95	0.885233
78	106	0.893705
78	112	0.848378
78	123	0.821366
78	136	0.789092
78	139	5.60036
78	141	0.883119
78	142	1.30793
78	144	0.890659
78	148	3.20018
78	169	0.74176
79	61	0.989937
79	75	1.00141
79	78	0.964409
79	81	0.963245
79	85	0.950933
79	86	0.950232
79	88	1.03545
79	93	0.990512
79	94	0.990088
79	95	0.98975
79	118	1.77506
79	141	0.987636
79	144	0.995176
79	147	1.59509
79	157	2.51756
79	161	3.23686
79	169	0.846277
79	173	3.17964
80	48	0.921435
80	102	1.17835
80	108	1.14788
80	115	0.848145
80	120	0.829886
80	130	0.816848
80	132	0.859105
80	144	0.726317
80	152	0.80015
80	156	0.871185
80	158	0.785733
80	160	0.800217
80	161	0.813299
80	163	0.800817
80	166	0.808265
80	167	0.792983
80	171	0.785976
80	173	0.800698
80	177	0.788057
80	178	0.778349
80	180	0.786912
81	61	0.884255
81	75	0.895728
81	78	0.858728
81	79	0.963245
81	85	0.845252
81	86	0.84455
81	88	0.929772
81	93	0.88483
81	94	0.884406
81	95	0.884069
81	106	0.89254
81	112	0.847213
81	119	1.09461
81	123	0.820201
81	136	0.787928
81	141	0.881954
81	144	0.889495
81	152	3.60084
81	164	2.13009
81	169	0.740595
81	178	5.13027
82	41	0.847078
82	50	0.842719
82	59	0.940232
82	62	0.916286
82	67	0.838146
82	68	0.837734
82	72	0.887575
82	73	0.88748
82	92	0.430321
82	102	0.73834
82	111	0.753362
82	146	0.725052
82	151	0.767926
82	156	0.854248
82	169	0.729694
82	175	0.769609
82	176	0.772539
82	177	0.771121
82	178	0.761412
82	179	0.775711
82	180	0.769976
83	57	1.82804
83	78	1.39933
83	103	0.895425
83	108	1.53667
83	117	0.860486
83	132	0.862788
83	137	0.816236
83	152	0.803834
83	156	0.874869
83	157	0.83871
83	158	0.789417
83	160	0.8039
83	167	0.796667
83	168	0.790699
83	173	0.804382
83	174	0.796914
83	175	0.79023
83	176	0.79316
83	177	0.791741
83	178	0.782032
83	180	0.790596
84	56	0.860226
84	58	0.84131
84	64	0.830427
84	66	0.828843
84	77	0.871019
84	87	0.903224
84	89	0.84997
84	90	0.852384
84	91	0.891854
84	92	0.842221
84	97	0.882479
84	98	0.880758
84	102	0.873061
84	108	0.857577
84	109	0.902409
84	110	0.857924
84	111	0.858051
84	132	1.86755
84	136	4.08695
84	166	3.11839
84	172	2.93084
85	61	0.871944
85	74	1.09579
85	75	0.883417
85	78	0.846416
85	79	0.950933
85	81	0.845252
85	86	0.832239
85	88	0.917461
85	93	0.872519
85	94	0.872095
85	95	0.871757
85	96	0.881469
85	106	0.880229
85	112	0.834902
85	116	3.97994
85	123	0.80789
85	124	2.93854
85	136	0.775616
85	141	0.869643
85	143	1.5689
85	144	0.877183
85	169	0.728284
86	61	0.871243
86	75	0.882715
86	78	0.845715
86	79	0.950232
86	81	0.84455
86	85	0.832239
86	88	0.91676
86	93	0.871818
86	94	0.871393
86	95	0.871056
86	96	0.880768
86	106	0.879528
86	112	0.8342
86	123	0.807189
86	135	3.04758
86	136	0.774915
86	141	0.868942
86	143	1.14104
86	144	0.876482
86	154	2.89976
86	169	0.727583
86	179	3.69147
87	56	0.903619
87	58	0.884704
87	64	0.87382
87	66	0.872236
87	77	0.914412
87	84	0.903224
87	89	0.893363
87	90	0.895777
87	91	0.935248
87	92	0.885614
87	97	0.925872
87	98	0.924151
87	102	0.916455
87	108	0.900971
87	109	0.945803
87	110	0.901317
87	111	0.901445
87	114	0.942247
87	128	3.4452
87	136	3.89967
87	137	3.3945
87	165	1.73695
88	61	0.956464
88	75	0.967937
88	78	0.930937
88	79	1.03545
88	81	0.929772
88	85	0.917461
88	86	0.91676
88	93	0.957039
88	94	0.956615
88	95	0.956278
88	107	1.23586
88	123	0.89241
88	130	3.41108
88	136	0.860137
88	141	0.954163
88	143	1.76184
88	144	0.961704
88	163	4.05446
88	169	0.812804
88	179	2.37151
89	24	0.807183
89	56	0.850365
89	58	0.831449
89	64	0.820566
89	74	0.254936
89	77	0.861158
89	84	0.84997
89	87	0.893363
89	90	0.842523
89	91	0.881993
89	92	0.83236
89	97	0.872618
89	98	0.870897
89	102	0.8632
89	108	0.847716
89	109	0.892549
89	110	0.848063
89	111	0.84819
89	125	2.05085
89	150	0.858876
89	165	3.00615
89	168	5.05705
90	24	0.809597
90	56	0.852779
90	58	0.833863
90	64	0.82298
90	66	0.821396
90	74	0.690561
90	77	0.863572
90	84	0.852384
90	87	0.895777
90	89	0.842523
90	91	0.884407
90	92	0.834774
90	97	0.875032
90	98	0.87331
90	102	0.865614
90	108	0.85013
90	109	0.894962
90	110	0.850477
90	111	0.850604
90	164	3.16438
90	172	3.30747
90	176	5.1813
91	24	0.849067
91	56	0.892249
91	64	0.862451
91	66	0.860867
91	77	0.903043
91	84	0.891854
91	87	0.935248
91	89	0.881993
91	90	0.884407
91	92	0.874245
91	97	0.914502
91	98	0.912781
91	102	0.905085
91	105	1.90209
91	107	1.29312
91	108	0.889601
91	109	0.934433
91	110	0.889947
91	111	0.890075
91	133	2.16583
91	150	0.90076
91	153	3.41619
91	180	4.62321
92	24	0.799434
92	56	0.842616
92	58	0.823701
92	64	0.812817
92	66	0.811233
92	77	0.853409
92	82	0.430321
92	84	0.842221
92	87	0.885614
92	89	0.83236
92	90	0.834774
92	91	0.874245
92	96	0.877305
92	97	0.864869
92	98	0.863148
92	108	0.839968
92	109	0.8848
92	110	0.840314
92	111	0.840442
92	131	4.01977
92	150	0.851127
92	155	4.08914
92	164	2.76467
93	61	0.911522
93	75	0.922995
93	78	0.885995
93	79	0.990512
93	81	0.88483
93	85	0.872519
93	86	0.871818
93	88	0.957039
93	94	0.911673
93	95	0.911336
93	96	0.921047
93	100	1.54842
93	106	0.919808
93	112	0.87448
93	123	0.847468
93	128	3.3492
93	130	2.95285
93	136	0.815195
93	141	0.909221
93	144	0.916762
93	152	3.97524
93	157	2.34174
93	169	0.767862
94	61	0.911098
94	75	0.922571
94	78	0.885571
94	79	0.990088
94	81	0.884406
94	85	0.872095
94	86	0.871393
94	88	0.956615
94	93	0.911673
94	95	0.910912
94	96	0.920623
94	106	0.919383
94	112	0.874056
94	114	1.52828
94	119	1.25079
94	123	0.847044
94	133	2.72701
94	136	0.814771
94	137	4.37518
94	141	0.908797
94	144	0.916338
94	166	3.91178
94	169	0.767438
95	61	0.910761
95	75	0.922234
95	78	0.885233
95	79	0.98975
95	81	0.884069
95	85	0.871757
95	86	0.871056
95	88	0.956278
95	93	0.911336
95	94	0.910912
95	96	0.920286
95	106	0.919046
95	112	0.873719
95	120	2.31563
95	123	0.846707
95	132	1.51813
95	136	0.814433
95	141	0.90846
95	144	0.916
95	166	2.76896
95	169	0.767101
95	173	2.93767
95	174	4.17291
96	1	0.874085
96	10	0.878691
96	12	0.982996
96	36	0.918754
96	85	0.881469
96	86	0.880768
96	92	0.877305
96	93	0.921047
96	94	0.920623
96	95	0.920286
96	98	0.915841
96	102	0.908145
96	108	0.892661
96	110	0.893007
96	111	0.893135
96	131	2.53049
96	145	1.60496
96	149	2.08436
96	150	0.90382
96	158	3.5728
96	169	0.776813
96	170	4.5882
96	172	0.834793
97	24	0.839692
97	56	0.882874
97	58	0.863958
97	64	0.853075
97	66	0.851491
97	77	0.893667
97	84	0.882479
97	87	0.925872
97	89	0.872618
97	90	0.875032
97	91	0.914502
97	92	0.864869
97	98	0.903406
97	102	0.895709
97	104	1.26034
97	108	0.880225
97	109	0.925057
97	110	0.880572
97	111	0.880699
97	132	3.01046
97	150	0.891385
97	151	2.48233
97	156	2.41283
97	160	4.37312
98	24	0.83797
98	58	0.862237
98	64	0.851354
98	66	0.84977
98	77	0.891946
98	84	0.880758
98	87	0.924151
98	89	0.870897
98	90	0.87331
98	91	0.912781
98	92	0.863148
98	96	0.915841
98	97	0.903406
98	102	0.893988
98	103	2.07021
98	108	0.878504
98	109	0.923336
98	110	0.87885
98	111	0.878978
98	137	2.73032
98	150	0.889663
98	164	1.93629
98	174	3.67087
98	178	4.93648
99	24	2.17606
99	25	1.03254
99	28	1.57945
99	58	1.74376
99	62	0.968188
99	113	0.93212
99	125	0.949142
99	133	0.909599
99	137	0.883484
99	139	0.850122
99	151	0.855793
99	152	0.871081
99	153	0.884617
99	159	0.873307
99	164	0.901563
99	166	0.879196
99	168	0.857947
99	170	0.851298
99	171	0.856907
99	174	0.864161
99	175	0.857477
99	176	0.860407
99	177	0.858988
99	178	0.84928
99	180	0.857843
100	1	4.21301
100	30	1.43858
100	76	0.799406
100	93	1.54842
100	124	0.833195
100	127	0.858305
100	129	0.798041
100	132	0.844506
100	140	0.798847
100	147	0.83633
100	154	0.813758
100	157	0.820427
100	160	0.785618
100	163	0.786218
100	165	0.833183
100	166	0.793666
100	168	0.772416
100	171	0.771377
100	173	0.786099
100	175	0.771947
100	176	0.774877
100	177	0.773458
100	178	0.763749
100	180	0.772313
101	32	1.3655
101	35	1.71551
101	42	1.89424
101	47	1.35784
101	120	0.893369
101	124	0.911277
101	126	0.944847
101	127	0.936387
101	128	0.872411
101	143	0.991026
101	150	0.0770813
101	160	0.863699
101	162	0.802247
101	163	0.864299
101	164	0.894115
101	168	0.850498
101	171	0.849458
101	173	0.864181
101	174	0.856713
101	175	0.850029
101	176	0.852959
101	177	0.85154
101	178	0.841831
101	179	0.856131
101	180	0.850395
102	24	0.830274
102	58	0.854541
102	64	0.843657
102	66	0.842073
102	71	0.875072
102	76	0.822335
102	77	0.884249
102	80	1.17835
102	82	0.73834
102	84	0.873061
102	87	0.916455
102	89	0.8632
102	90	0.865614
102	91	0.905085
102	96	0.908145
102	97	0.895709
102	98	0.893988
102	108	0.870808
102	109	0.91564
102	110	0.871154
102	111	0.871282
102	138	2.14318
102	150	0.881967
102	156	1.4905
102	162	7.57646
103	52	1.09319
103	55	2.52269
103	83	0.895425
103	98	2.07021
103	127	0.895013
103	137	0.834661
103	145	0.848867
103	150	0.724078
103	152	0.822258
103	156	0.893293
103	159	0.824485
103	160	0.822325
103	162	0.760872
103	163	0.822925
103	164	0.852741
103	165	0.869891
103	166	0.830374
103	167	0.815092
103	171	0.808084
103	173	0.822806
103	175	0.808655
103	176	0.811584
103	177	0.810166
103	178	0.800457
103	180	0.809021
104	29	1.33404
104	59	2.00021
104	61	1.30993
104	67	1.89549
104	97	1.26034
104	128	0.867829
104	132	0.918005
104	133	0.897569
104	134	0.870982
104	147	0.909829
104	148	0.885303
104	151	0.843763
104	156	0.930085
104	158	0.844634
104	159	0.861277
104	164	0.889533
104	167	0.851884
104	170	0.839267
104	173	0.859598
104	174	0.852131
104	175	0.845447
104	176	0.848376
104	177	0.846958
104	178	0.837249
104	179	0.851548
104	180	0.845813
105	9	3.50019
105	73	2.09772
105	91	1.90209
105	124	0.821466
105	127	0.846576
105	128	0.782601
105	129	0.786312
105	132	0.832777
105	133	0.81234
105	135	0.830465
105	139	0.752864
105	143	0.901215
105	145	0.800431
105	156	0.844857
105	157	0.808699
105	159	0.776048
105	165	0.821454
105	168	0.760688
105	171	0.759648
105	174	0.766902
105	175	0.760218
105	176	0.763148
105	177	0.761729
105	178	0.752021
105	180	0.760585
106	1	0.872845
106	4	0.863096
106	19	0.853984
106	21	1.39049
106	33	1.74421
106	36	0.917515
106	42	2.27927
106	55	1.34629
106	78	0.893705
106	81	0.89254
106	85	0.880229
106	86	0.879528
106	93	0.919808
106	94	0.919383
106	95	0.919046
106	109	0.775321
106	121	0.857032
106	138	0.818138
106	141	0.916932
106	142	0.881566
106	172	0.833553
106	175	0.815488
106	176	0.818418
106	177	0.817
106	178	0.807291
106	180	0.815855
107	4	2.78883
107	48	0.928172
107	88	1.23586
107	91	1.29312
107	117	0.86354
107	120	0.836623
107	125	0.884948
107	131	0.826207
107	143	0.93428
107	149	0.858445
107	150	1.39236
107	153	0.820423
107	158	0.79247
107	160	0.806954
107	164	0.837369
107	165	0.854519
107	167	0.79972
107	170	0.787104
107	171	0.792713
107	173	0.807435
107	174	0.799967
107	175	0.793283
107	176	0.796213
107	177	0.794794
107	178	0.785086
107	180	0.793649
108	24	0.81479
108	56	0.857972
108	58	0.839057
108	64	0.828174
108	66	0.82659
108	71	0.859589
108	76	0.806851
108	77	0.868766
108	80	1.14788
108	83	1.53667
108	84	0.857577
108	87	0.900971
108	89	0.847716
108	90	0.85013
108	91	0.889601
108	92	0.839968
108	96	0.892661
108	97	0.880225
108	98	0.878504
108	102	0.870808
108	109	0.900156
108	110	0.85567
108	111	0.855798
108	129	3.50761
108	143	0.906896
108	150	0.866483
108	176	5.01184
109	24	0.859622
109	56	0.902804
109	58	0.883889
109	64	0.873006
109	66	0.871422
109	71	0.904421
109	76	0.851683
109	77	0.913598
109	84	0.902409
109	87	0.945803
109	89	0.892549
109	90	0.894962
109	91	0.934433
109	92	0.8848
109	97	0.925057
109	98	0.923336
109	102	0.91564
109	106	0.775321
109	108	0.900156
109	110	0.900502
109	111	0.90063
109	112	2.43523
109	117	1.77851
109	138	3.81465
109	142	1.8857
109	150	0.911315
109	167	4.29761
110	24	0.815136
110	56	0.858319
110	58	0.839403
110	60	0.167318
110	64	0.82852
110	66	0.826936
110	71	0.859935
110	76	0.807197
110	77	0.869112
110	84	0.857924
110	87	0.901317
110	89	0.848063
110	90	0.850477
110	91	0.889947
110	92	0.840314
110	96	0.893007
110	97	0.880572
110	98	0.87885
110	102	0.871154
110	108	0.85567
110	109	0.900502
110	111	0.856144
110	127	1.58588
110	150	0.86683
110	161	1.56751
110	162	6.82354
110	178	4.01114
111	24	0.815264
111	56	0.858446
111	58	0.839531
111	64	0.828648
111	66	0.827064
111	71	0.860063
111	76	0.807325
111	77	0.86924
111	82	0.753362
111	84	0.858051
111	87	0.901445
111	89	0.84819
111	90	0.850604
111	91	0.890075
111	92	0.840442
111	96	0.893135
111	97	0.880699
111	98	0.878978
111	102	0.871282
111	108	0.855798
111	109	0.90063
111	110	0.856144
111	130	3.53607
111	150	0.866957
111	157	2.92496
111	160	3.53016
111	164	3.08771
112	20	2.22869
112	27	0.82823
112	41	1.91933
112	45	0.883983
112	46	1.81675
112	51	0.870203
112	57	0.928636
112	78	0.848378
112	81	0.847213
112	85	0.834902
112	86	0.8342
112	93	0.87448
112	94	0.874056
112	95	0.873719
112	109	2.43523
112	123	0.809851
112	146	0.725603
112	147	0.834543
112	149	0.835322
112	162	0.722379
112	166	0.79188
112	168	0.77063
112	169	0.730245
112	174	0.776845
112	176	0.773091
112	177	0.771672
112	178	0.761963
112	180	0.770527
113	18	1.59801
113	27	2.12975
113	99	0.93212
113	132	0.850661
113	134	0.803637
113	142	0.844179
113	143	0.919099
113	144	0.971926
113	145	0.818315
113	147	0.842484
113	148	0.817958
113	150	1.51779
113	151	0.776418
113	152	0.791706
113	155	0.795248
113	156	0.862741
113	157	0.826582
113	158	0.777289
113	159	0.793932
113	163	0.792373
113	166	0.799821
113	167	0.784539
113	168	0.778571
113	173	0.792254
113	174	0.784786
113	176	0.781032
113	177	0.779613
113	178	0.769904
113	180	0.778468
114	12	1.06048
114	16	1.97316
114	42	2.89583
114	87	0.942247
114	94	1.52828
114	117	0.889681
114	118	0.903449
114	122	0.921068
114	127	0.905783
114	131	0.852348
114	147	0.883807
114	149	0.884586
114	151	0.817741
114	155	0.836571
114	156	0.904063
114	157	0.867905
114	159	0.835255
114	163	0.833695
114	165	0.880661
114	167	0.825862
114	168	0.819894
114	171	0.818854
114	173	0.833576
114	176	0.822354
114	177	0.820936
114	178	0.811227
114	179	0.825526
114	180	0.819791
115	11	2.5221
115	37	2.73883
115	69	3.13907
115	80	0.848145
115	137	0.791065
115	139	0.757704
115	140	0.791959
115	145	0.805271
115	152	0.778662
115	155	0.782204
115	156	0.849697
115	158	0.764246
115	159	0.780888
115	161	0.791811
115	164	0.809145
115	165	0.826294
115	166	0.786778
115	168	0.765528
115	169	0.725143
115	170	0.758879
115	171	0.764488
115	173	0.77921
115	174	0.771742
115	175	0.765058
115	176	0.767988
115	177	0.766569
115	178	0.756861
115	180	0.765425
116	13	0.904879
116	27	0.783065
116	28	0.786296
116	32	0.867017
116	35	0.776532
116	37	0.837968
116	40	0.837236
116	42	0.840424
116	45	0.838818
116	46	0.836709
116	51	0.825038
116	57	0.883471
116	63	2.25807
116	69	2.46199
116	85	3.97994
116	132	0.797555
116	136	0.732412
116	137	0.751002
116	151	0.723312
116	155	0.742142
116	157	0.773476
116	162	0.677214
116	174	0.73168
116	175	0.724996
116	176	0.727926
116	177	0.726507
116	178	0.716798
116	179	0.731098
116	180	0.725362
117	22	2.18311
117	60	0.843543
117	74	0.92975
117	75	2.67706
117	77	2.06131
117	83	0.860486
117	107	0.86354
117	109	1.77851
117	114	0.889681
117	120	0.817056
117	128	0.796098
117	129	0.79981
117	133	0.825838
117	135	0.843963
117	154	0.815527
117	157	0.822196
117	158	0.772903
117	159	0.789546
117	163	0.787986
117	164	0.817802
117	166	0.795435
117	168	0.774185
117	173	0.787867
117	174	0.7804
117	175	0.773716
117	176	0.776645
117	177	0.775227
117	178	0.765518
117	180	0.774082
118	15	2.64704
118	72	1.76501
118	77	2.81289
118	79	1.77506
118	114	0.903449
118	122	0.889126
118	128	0.809866
118	129	0.813577
118	135	0.85773
118	139	0.780128
118	153	0.814623
118	157	0.835964
118	158	0.78667
118	159	0.803313
118	160	0.801154
118	163	0.801754
118	164	0.831569
118	166	0.809202
118	167	0.79392
118	168	0.787953
118	169	0.747567
118	170	0.781304
118	171	0.786913
118	173	0.801635
118	174	0.794167
118	175	0.787483
118	176	0.790413
118	177	0.788994
118	178	0.779286
118	180	0.78785
119	32	2.99171
119	73	1.7842
119	81	1.09461
119	94	1.25079
119	126	0.91259
119	130	0.848073
119	133	0.869893
119	137	0.843778
119	139	0.810417
119	140	0.844672
119	145	0.857984
119	148	0.857627
119	150	0.788855
119	153	0.844912
119	155	0.834917
119	157	0.866252
119	158	0.816959
119	160	0.831442
119	163	0.832042
119	164	0.861858
119	165	0.879007
119	167	0.824209
119	168	0.818241
119	171	0.817201
119	175	0.817771
119	176	0.820701
119	177	0.819282
119	178	0.809574
119	179	0.823873
119	180	0.818138
120	15	3.42959
120	49	3.25478
120	80	0.829886
120	95	2.31563
120	101	0.893369
120	107	0.836623
120	117	0.817056
120	121	0.788342
120	125	0.838464
120	130	0.777101
120	137	0.772805
120	140	0.773699
120	142	0.812876
120	152	0.760403
120	157	0.795279
120	159	0.762629
120	163	0.76107
120	165	0.808035
120	166	0.768518
120	167	0.753236
120	169	0.706883
120	170	0.74062
120	171	0.746229
120	173	0.760951
120	174	0.753483
120	175	0.746799
120	176	0.749729
120	177	0.74831
120	178	0.738601
120	180	0.747165
121	13	2.1637
121	39	2.85598
121	66	3.68032
121	106	0.857032
121	120	0.788342
121	127	0.83136
121	128	0.767385
121	133	0.797124
121	135	0.815249
121	139	0.737648
121	143	0.885999
121	147	0.809385
121	148	0.784858
121	153	0.772143
121	155	0.762149
121	156	0.829641
121	159	0.760833
121	164	0.789089
121	165	0.806239
121	166	0.766722
121	170	0.738823
121	171	0.744432
121	173	0.759154
121	174	0.751686
121	175	0.745002
121	176	0.747932
121	177	0.746514
121	178	0.736805
121	180	0.745369
122	32	2.81857
122	37	1.34587
122	47	2.81091
122	54	1.22757
122	114	0.921068
122	118	0.889126
122	123	0.844793
122	131	0.838026
122	132	0.877661
122	134	0.830638
122	137	0.831109
122	138	0.807752
122	140	0.832003
122	141	0.145247
122	145	0.845315
122	148	0.844958
122	153	0.832243
122	158	0.80429
122	159	0.820933
122	160	0.818773
122	162	0.75732
122	163	0.819373
122	164	0.849189
122	165	0.866339
122	170	0.798923
122	171	0.804532
122	173	0.819254
122	175	0.805102
122	176	0.808032
122	177	0.806614
122	178	0.796905
122	180	0.805469
123	9	0.775797
123	17	1.95073
123	27	0.801218
123	35	0.794685
123	42	0.858577
123	45	0.856971
123	51	0.843192
123	54	1.62667
123	56	3.58897
123	57	0.901624
123	66	2.73362
123	78	0.821366
123	81	0.820201
123	85	0.80789
123	86	0.807189
123	88	0.89241
123	93	0.847468
123	94	0.847044
123	95	0.846707
123	112	0.809851
123	122	0.844793
123	128	0.765532
123	137	0.769156
123	162	0.695367
123	167	0.749587
123	169	0.703234
123	171	0.742579
123	173	0.757301
123	174	0.749833
123	176	0.746079
123	177	0.744661
123	178	0.734952
123	180	0.743516
124	2	1.39226
124	11	1.80272
124	44	3.76648
124	85	2.93854
124	100	0.833195
124	101	0.911277
124	105	0.821466
124	125	0.856372
124	126	0.859525
124	127	0.851065
124	129	0.790801
124	131	0.79763
124	134	0.790242
124	135	0.834954
124	138	0.767356
124	145	0.80492
124	153	0.791847
124	155	0.781853
124	156	0.849346
124	158	0.763894
124	165	0.825943
124	167	0.771144
124	168	0.765176
124	169	0.724791
124	171	0.764136
124	173	0.778859
124	174	0.771391
124	175	0.764707
124	176	0.767636
124	177	0.766218
124	178	0.756509
124	179	0.770809
124	180	0.765073
125	25	1.5701
125	69	1.37376
125	75	2.51506
125	89	2.05085
125	99	0.949142
125	107	0.884948
125	120	0.838464
125	124	0.856372
125	129	0.821218
125	130	0.825426
125	134	0.82066
125	135	0.865371
125	137	0.821131
125	139	0.78777
125	147	0.859507
125	148	0.83498
125	149	0.860286
125	150	1.30039
125	155	0.81227
125	159	0.810954
125	160	0.808795
125	165	0.85636
125	166	0.816843
125	167	0.801561
125	168	0.795594
125	170	0.788945
125	171	0.794554
125	174	0.801808
125	175	0.795124
125	176	0.798054
125	177	0.796635
125	178	0.786927
125	180	0.795491
126	9	2.301
126	53	1.15036
126	58	2.76765
126	73	1.79749
126	101	0.944847
126	119	0.91259
126	124	0.859525
126	130	0.828579
126	135	0.868525
126	139	0.790923
126	141	0.331669
126	142	0.864355
126	145	0.83849
126	147	0.86266
126	149	0.863439
126	152	0.811881
126	154	0.840089
126	157	0.846758
126	158	0.797465
126	160	0.811948
126	166	0.819997
126	168	0.798747
126	170	0.792098
126	171	0.797707
126	172	0.816342
126	173	0.812429
126	174	0.804962
126	175	0.798277
126	176	0.801207
126	177	0.799789
126	178	0.79008
126	180	0.798644
127	39	1.58544
127	49	2.00976
127	52	2.1206
127	100	0.858305
127	101	0.936387
127	103	0.895013
127	105	0.846576
127	110	1.58588
127	114	0.905783
127	121	0.83136
127	124	0.851065
127	128	0.8122
127	129	0.815911
127	130	0.820119
127	144	1.20563
127	148	0.829673
127	149	0.854979
127	153	0.816957
127	156	0.874456
127	159	0.805647
127	160	0.803488
127	166	0.811536
127	167	0.796254
127	168	0.790287
127	170	0.783638
127	171	0.789247
127	173	0.803969
127	174	0.796501
127	175	0.789817
127	176	0.792747
127	177	0.791328
127	178	0.78162
127	180	0.790183
128	13	3.1056
128	48	0.860731
128	74	0.881876
128	87	3.4452
128	93	3.3492
128	101	0.872411
128	104	0.867829
128	105	0.782601
128	117	0.796098
128	118	0.809866
128	121	0.767385
128	123	0.765532
128	127	0.8122
128	130	0.756143
128	134	0.751377
128	142	0.791919
128	148	0.765697
128	149	0.791003
128	152	0.739445
128	155	0.742988
128	157	0.774322
128	158	0.725029
128	160	0.739512
128	167	0.732279
128	168	0.726311
128	170	0.719662
128	171	0.725271
128	173	0.739993
128	174	0.732526
128	175	0.725841
128	176	0.728771
128	177	0.727353
128	180	0.726208
129	68	3.20944
129	72	3.18295
129	74	0.885588
129	100	0.798041
129	105	0.786312
129	108	3.50761
129	117	0.79981
129	118	0.813577
129	124	0.790801
129	125	0.821218
129	127	0.815911
129	133	0.781675
129	142	0.795631
129	149	0.794715
129	153	0.756694
129	154	0.771364
129	156	0.814192
129	157	0.778034
129	158	0.728741
129	161	0.756306
129	163	0.743824
129	164	0.77364
129	165	0.790789
129	167	0.735991
129	168	0.730023
129	169	0.689638
129	170	0.723374
129	174	0.736237
129	176	0.732483
129	177	0.731065
129	178	0.721356
129	179	0.735655
129	180	0.72992
130	80	0.816848
130	88	3.41108
130	93	2.95285
130	111	3.53607
130	119	0.848073
130	120	0.777101
130	125	0.825426
130	126	0.828579
130	127	0.820119
130	128	0.756143
130	135	0.804008
130	139	0.726406
130	140	0.760661
130	143	0.874758
130	147	0.798143
130	153	0.760901
130	154	0.775572
130	155	0.750907
130	157	0.782241
130	159	0.749591
130	163	0.748032
130	164	0.777847
130	168	0.73423
130	170	0.727581
130	171	0.73319
130	173	0.747913
130	174	0.740445
130	175	0.733761
130	176	0.736691
130	177	0.735272
130	178	0.725563
130	179	0.739863
130	180	0.734127
131	30	3.64974
131	60	0.80621
131	76	0.763842
131	92	4.01977
131	96	2.53049
131	107	0.826207
131	114	0.852348
131	122	0.838026
131	124	0.79763
131	134	0.761918
131	135	0.80663
131	139	0.729028
131	140	0.763283
131	147	0.800765
131	149	0.801544
131	152	0.749986
131	156	0.821021
131	157	0.784863
131	159	0.752213
131	160	0.750053
131	162	0.6886
131	164	0.780469
131	165	0.797619
131	166	0.758102
131	168	0.736852
131	169	0.696467
131	170	0.730203
131	173	0.750534
131	174	0.743067
131	175	0.736383
131	176	0.739312
131	177	0.737894
131	178	0.728185
131	180	0.736749
132	52	2.56812
132	60	0.845845
132	65	1.83574
132	80	0.859105
132	83	0.862788
132	84	1.86755
132	95	1.51813
132	97	3.01046
132	100	0.844506
132	104	0.918005
132	105	0.832777
132	113	0.850661
