1	14	1.03894
1	20	0.995992
1	23	1.00255
1	42	0.949532
1	44	0.94927
1	45	0.949208
1	48	0.949296
1	89	0.971635
1	130	2.44259
1	131	0.941755
1	152	0.891117
1	172	1.81875
2	78	0.968068
2	88	0.951738
2	96	0.940843
2	101	0.931141
2	102	0.997951
2	107	0.978139
2	110	0.973704
2	113	0.973882
2	115	0.974072
2	145	1.27332
2	157	2.57409
2	158	0.921204
3	18	0.906715
3	30	0.98969
3	32	0.977323
3	47	0.956599
3	63	0.932441
3	65	1.01574
3	70	0.932879
3	71	0.994801
3	72	0.995204
3	105	0.937368
3	116	1.43189
3	178	2.99965
4	5	1.04153
4	12	1.04029
4	16	0.821093
4	17	1.00586
4	21	0.899678
4	22	0.899098
4	29	0.978765
4	34	0.978608
4	91	0.969739
4	141	1.01801
4	160	1.27285
4	176	2.8061
5	4	1.04153
5	12	1.16071
5	16	0.941518
5	17	1.12628
5	21	1.0201
5	22	1.01952
5	29	1.09919
5	34	1.09903
5	119	1.31738
5	141	1.13843
5	144	1.20745
5	163	2.00071
6	8	1.1642
6	24	1.03918
6	26	1.02153
6	37	1.00852
6	51	1.07018
6	60	1.06989
6	67	1.13641
6	133	1.05522
6	147	1.11074
6	156	2.82866
6	161	1.32255
6	164	1.03371
7	20	1.10992
7	23	1.11648
7	42	1.06346
7	44	1.0632
7	45	1.06314
7	48	1.06323
7	53	0.970364
7	89	1.08557
7	106	1.13706
7	131	1.05569
7	142	3.26722
7	152	1.00505
8	6	1.1642
8	26	1.01004
8	33	1.09883
8	37	0.99703
8	51	1.0587
8	60	1.0584
8	67	1.12493
8	134	1.08291
8	147	1.09925
8	159	1.57253
8	164	1.02222
8	179	3.01395
9	102	0.897648
9	110	0.873402
9	113	0.873579
9	115	0.87377
9	130	0.781672
9	143	0.735654
9	158	0.820902
9	167	0.739151
9	175	0.748808
9	177	0.744008
9	178	0.745634
9	180	0.750354
10	80	1.0861
10	81	1.08033
10	82	1.0641
10	85	1.07051
10	95	1.05554
10	100	1.05214
10	104	1.10642
10	133	1.06565
10	157	1.30799
10	160	1.00632
10	167	2.96332
10	179	1.26979
11	83	1.1889
11	142	0.886656
11	161	0.963676
11	168	0.853169
11	170	0.890682
11	172	0.879745
11	173	0.842293
11	175	0.854844
11	177	0.850044
11	178	0.85167
11	179	0.860072
11	180	0.85639
12	4	1.04029
12	5	1.16071
12	16	0.940271
12	17	1.12504
12	21	1.01886
12	22	1.01828
12	29	1.09794
12	34	1.09779
12	132	1.50556
12	140	1.97349
12	141	1.13718
12	153	0.732001
13	46	0.524851
13	88	0.283859
13	140	1.03243
13	167	0.940867
13	169	0.948592
13	171	0.942351
13	172	0.975425
13	173	0.937973
13	176	0.956886
13	177	0.945724
13	179	0.955752
13	180	0.95207
14	1	1.03894
14	20	1.11807
14	42	1.07161
14	44	1.07135
14	45	1.07128
14	48	1.07137
14	91	1.08969
14	112	1.29781
14	131	1.06383
14	143	3.79667
14	152	1.01319
14	170	1.87442
15	39	1.07728
15	43	1.07578
15	46	1.07401
15	56	1.05912
15	57	1.0592
15	58	1.05943
15	69	1.12644
15	123	1.01512
15	124	1.06107
15	142	2.25822
15	156	1.4417
15	174	1.4112
16	4	0.821093
16	5	0.941518
16	12	0.940271
16	17	0.905845
16	21	0.799664
16	22	0.799084
16	29	0.87875
16	34	0.878594
16	38	0.858362
16	91	0.869725
16	141	0.917991
16	163	3.13207
17	4	1.00586
17	5	1.12628
17	12	1.12504
17	16	0.905845
17	21	0.984429
17	22	0.983849
17	29	1.06352
17	34	1.06336
17	91	1.05449
17	111	1.31922
17	117	1.92028
17	132	1.3768
17	141	1.10276
18	3	0.906715
18	25	0.88531
18	30	0.974467
18	47	0.941377
18	55	0.928451
18	63	0.917218
18	65	1.00052
18	68	0.995065
18	70	0.917656
18	71	0.979578
18	72	0.979981
18	149	1.80602
18	155	2.37092
19	35	1.0723
19	59	1.03393
19	64	1.09107
19	79	1.05333
19	80	1.05341
19	81	1.04764
19	82	1.03141
19	95	1.02284
19	104	1.07373
19	132	0.699625
19	138	1.15372
19	160	0.973632
19	171	3.64678
20	1	0.995992
20	7	1.10992
20	14	1.11807
20	23	1.08168
20	42	1.02866
20	44	1.0284
20	45	1.02834
20	48	1.02842
20	122	0.851874
20	131	1.02088
20	147	1.27582
20	152	0.970245
20	159	2.89596
21	4	0.899678
21	5	1.0201
21	12	1.01886
21	16	0.799664
21	17	0.984429
21	22	0.877668
21	29	0.957335
21	34	0.957178
21	38	0.936946
21	91	0.948309
21	103	1.80276
21	141	0.996576
21	160	2.31051
22	4	0.899098
22	5	1.01952
22	12	1.01828
22	16	0.799084
22	17	0.983849
22	21	0.877668
22	29	0.956755
22	34	0.956598
22	38	0.936366
22	91	0.947729
22	141	0.995996
22	153	1.3597
22	178	3.6138
23	1	1.00255
23	7	1.11648
23	20	1.08168
23	42	1.03522
23	44	1.03496
23	45	1.03489
23	48	1.03498
23	91	1.0533
23	100	0.953723
23	129	1.36536
23	131	1.02744
23	152	0.976804
23	180	2.98096
24	6	1.03918
24	26	0.885016
24	33	0.973805
24	37	0.872003
24	51	0.933668
24	60	0.933374
24	67	0.9999
24	93	0.950705
24	108	0.980209
24	147	0.974227
24	164	0.897194
24	166	1.60039
24	169	2.90125
25	18	0.88531
25	30	0.968285
25	32	0.955918
25	55	0.922268
25	63	0.911036
25	65	0.994339
25	68	0.988882
25	70	0.911474
25	71	0.973395
25	72	0.973799
25	121	0.933631
25	125	1.28212
25	179	3.39744
26	6	1.02153
26	8	1.01004
26	24	0.885016
26	51	0.91602
26	60	0.915725
26	67	0.982251
26	89	0.946887
26	93	0.933056
26	100	1.61112
26	108	0.96256
26	147	0.956578
26	148	2.62278
26	164	0.879545
27	59	0.934548
27	64	0.991693
27	79	0.953948
27	80	0.954025
27	81	0.94826
27	84	2.74499
27	85	0.938437
27	95	0.923463
27	100	0.920069
27	104	0.97435
27	123	0.873994
27	133	0.933581
27	134	1.5924
27	160	0.874251
28	31	1.05252
28	39	1.02519
28	43	1.02368
28	46	1.02191
28	56	1.00702
28	57	1.0071
28	58	1.00733
28	69	1.07434
28	93	1.02665
28	111	1.10709
28	123	0.963024
28	124	1.00897
28	150	2.08886
28	174	2.50425
29	4	0.978765
29	5	1.09919
29	12	1.09794
29	16	0.87875
29	17	1.06352
29	21	0.957335
29	22	0.956755
29	34	1.03626
29	38	1.01603
29	91	1.0274
29	114	1.82642
29	127	0.851794
29	141	1.07566
29	176	3.00288
30	3	0.98969
30	18	0.974467
30	25	0.968285
30	32	1.04507
30	47	1.02435
30	55	1.01143
30	63	1.00019
30	68	1.07804
30	70	1.00063
30	71	1.06255
30	72	1.06296
30	147	1.35813
30	158	1.53542
30	163	2.15052
31	28	1.05252
31	39	1.02315
31	43	1.02165
31	46	1.01988
31	56	1.00498
31	57	1.00506
31	58	1.0053
31	69	1.0723
31	77	1.04148
31	120	0.784748
31	123	0.960986
31	124	1.00693
31	155	1.25778
31	177	3.20065
32	3	0.977323
32	25	0.955918
32	30	1.04507
32	47	1.01198
32	55	0.999059
32	63	0.987826
32	65	1.07113
32	68	1.06567
32	70	0.988264
32	71	1.05019
32	72	1.05059
32	98	1.2363
32	134	2.20449
32	153	1.08171
33	8	1.09883
33	24	0.973805
33	37	0.943143
33	51	1.00481
33	60	1.00451
33	67	1.07104
33	89	1.03568
33	93	1.02185
33	108	1.05135
33	128	2.69727
33	133	0.947532
33	147	1.04537
33	164	0.968335
33	176	1.80306
34	4	0.978608
34	5	1.09903
34	12	1.09779
34	16	0.878594
34	17	1.06336
34	21	0.957178
34	22	0.956598
34	29	1.03626
34	38	1.01588
34	91	1.02724
34	118	0.834448
34	141	1.07551
34	161	0.941139
34	175	3.38464
35	19	1.0723
35	64	1.08811
35	79	1.05037
35	80	1.05044
35	81	1.04468
35	82	1.02845
35	85	1.03486
35	95	1.01988
35	104	1.07077
35	149	1.23506
35	154	2.50657
35	158	1.04679
35	160	0.970669
36	62	0.848261
36	85	0.798331
36	101	0.952647
36	107	0.999645
36	110	0.99521
36	113	0.995387
36	115	0.995578
36	152	0.909697
36	156	0.895581
36	158	0.94271
36	176	0.876978
36	177	0.865816
36	179	0.875844
36	180	0.872162
37	6	1.00852
37	8	0.99703
37	24	0.872003
37	33	0.943143
37	51	0.903006
37	60	0.902712
37	67	0.969238
37	89	0.933874
37	93	0.920043
37	108	0.949547
37	119	1.40663
37	147	0.943565
37	148	2.95061
37	164	0.866532
38	16	0.858362
38	21	0.936946
38	22	0.936366
38	29	1.01603
38	34	1.01588
38	70	0.172121
38	123	1.36385
38	141	1.05527
38	154	0.910911
38	168	0.889751
38	176	0.897788
38	177	0.886626
38	179	0.896654
38	180	0.892973
39	15	1.07728
39	28	1.02519
39	31	1.02315
39	43	0.994308
39	46	0.992537
39	56	0.977645
39	57	0.977726
39	58	0.977958
39	69	1.04496
39	93	0.997277
39	123	0.933648
39	124	0.979594
39	165	1.36672
39	168	3.09673
39	170	1.35838
40	49	0.999231
40	50	0.999489
40	54	0.998523
40	62	0.986315
40	75	1.03052
40	76	1.02908
40	83	1.01411
40	87	1.01403
40	90	1.01406
40	94	1.06751
40	122	0.715967
40	126	1.00649
40	143	0.889262
40	152	2.58355
40	155	2.07037
41	52	0.972397
41	78	1.0068
41	88	0.990467
41	96	0.979573
41	101	0.969871
41	102	1.03668
41	107	1.01687
41	110	1.01243
41	113	1.01261
41	115	1.0128
41	141	1.05169
41	158	0.959934
41	161	1.47342
41	162	1.31286
41	168	3.54606
42	1	0.949532
42	7	1.06346
42	14	1.07161
42	20	1.02866
42	23	1.03522
42	44	0.981937
42	45	0.981876
42	48	0.981964
42	89	1.0043
42	91	1.00028
42	125	1.73191
42	131	0.974423
42	136	1.49367
42	152	0.923785
42	154	2.42273
43	15	1.07578
43	28	1.02368
43	31	1.02165
43	39	0.994308
43	46	0.991036
43	56	0.976144
43	57	0.976224
43	58	0.976456
43	69	1.04346
43	77	1.01264
43	123	0.932147
43	124	0.978093
43	145	1.07569
43	161	1.35663
43	180	3.43784
44	1	0.94927
44	7	1.0632
44	14	1.07135
44	20	1.0284
44	23	1.03496
44	42	0.981937
44	45	0.981614
44	48	0.981702
44	89	1.00404
44	91	1.00002
44	131	0.974161
44	133	1.57017
44	149	2.18629
44	152	0.923523
44	153	1.12702
45	1	0.949208
45	7	1.06314
45	14	1.07128
45	20	1.02834
45	23	1.03489
45	42	0.981876
45	44	0.981614
45	48	0.98164
45	89	1.00398
45	91	0.999961
45	127	1.17636
45	131	0.974099
45	152	0.923461
45	166	1.88689
45	171	3.08515
46	13	0.524851
46	15	1.07401
46	28	1.02191
46	31	1.01988
46	39	0.992537
46	43	0.991036
46	56	0.974373
46	57	0.974453
46	58	0.974685
46	69	1.04169
46	77	1.01087
46	93	0.994005
46	123	0.930376
46	154	2.31387
46	164	1.76231
47	3	0.956599
47	18	0.941377
47	30	1.02435
47	32	1.01198
47	55	0.978335
47	63	0.967102
47	65	1.05041
47	68	1.04495
47	70	0.96754
47	71	1.02946
47	72	1.02987
47	121	0.989697
47	137	2.20468
47	139	2.80118
47	157	0.901539
48	1	0.949296
48	7	1.06323
48	14	1.07137
48	20	1.02842
48	23	1.03498
48	42	0.981964
48	44	0.981702
48	45	0.98164
48	89	1.00407
48	91	1.00005
48	131	0.974187
48	132	0.702315
48	149	0.988028
48	152	0.92355
48	178	3.69604
49	40	0.999231
49	50	0.981098
49	54	0.980132
49	62	0.967924
49	75	1.01213
49	76	1.01069
49	77	1.00665
49	83	0.995714
49	87	0.995636
49	90	0.995667
49	92	0.986553
49	94	1.04912
49	121	0.984487
49	134	1.9202
49	143	0.870871
49	157	2.46563
50	40	0.999489
50	49	0.981098
50	54	0.98039
50	62	0.968182
50	75	1.01238
50	76	1.01095
50	83	0.995972
50	87	0.995894
50	90	0.995925
50	94	1.04938
50	121	0.984744
50	126	0.988359
50	137	1.77744
50	143	0.871128
50	172	1.86834
50	175	2.53071
51	6	1.07018
51	8	1.0587
51	24	0.933668
51	26	0.91602
51	33	1.00481
51	37	0.903006
51	60	0.964378
51	67	1.0309
51	89	0.995539
51	93	0.981709
51	108	1.01121
51	147	1.00523
51	151	2.50954
51	153	0.912624
51	158	1.78363
51	164	0.928198
52	41	0.972397
52	78	0.990724
52	88	0.974393
52	96	0.963499
52	101	0.953797
52	102	1.02061
52	107	1.00079
52	110	0.99636
52	113	0.996537
52	115	0.996727
52	122	1.43415
52	131	0.961484
52	141	1.03561
52	144	1.85723
52	146	1.81843
52	158	0.94386
53	7	0.970364
53	73	0.962988
53	89	1.41496
53	103	0.990918
53	157	0.945696
53	159	0.925614
53	162	0.928844
53	165	0.924008
53	172	0.907458
53	174	0.894933
53	175	0.882558
53	176	0.888919
53	177	0.877758
53	178	0.879384
53	179	0.887785
53	180	0.884104
54	40	0.998523
54	49	0.980132
54	50	0.98039
54	62	0.967216
54	75	1.01142
54	76	1.00998
54	77	1.00595
54	83	0.995006
54	87	0.994928
54	90	0.994959
54	94	1.04841
54	122	1.44839
54	124	0.971401
54	143	0.870163
54	145	1.54607
54	149	2.23789
55	18	0.928451
55	25	0.922268
55	30	1.01143
55	32	0.999059
55	47	0.978335
55	63	0.954176
55	65	1.03748
55	68	1.03202
55	70	0.954614
55	71	1.01654
55	72	1.01694
55	105	0.959103
55	121	0.976771
55	135	1.61821
55	158	1.59765
55	161	2.00777
56	15	1.05912
56	28	1.00702
56	31	1.00498
56	39	0.977645
56	43	0.976144
56	46	0.974373
56	57	0.959562
56	58	0.959794
56	69	1.0268
56	77	0.995975
56	93	0.979113
56	97	1.72964
56	123	0.915484
56	124	0.96143
56	143	4.20333
56	147	1.01585
57	15	1.0592
57	28	1.0071
57	31	1.00506
57	39	0.977726
57	43	0.976224
57	46	0.974453
57	56	0.959562
57	58	0.959874
57	69	1.02688
57	77	0.996055
57	93	0.979193
57	122	0.749617
57	123	0.915564
57	124	0.96151
57	140	1.72134
57	148	2.82661
58	15	1.05943
58	28	1.00733
58	31	1.0053
58	39	0.977958
58	43	0.976456
58	46	0.974685
58	56	0.959794
58	57	0.959874
58	69	1.02711
58	77	0.996287
58	93	0.979426
58	123	0.915797
58	124	0.961742
58	129	1.68496
58	136	1.33993
58	172	3.00047
59	19	1.03393
59	27	0.934548
59	66	0.969592
59	79	1.01199
59	80	1.01207
59	81	1.00631
59	82	0.990078
59	85	0.996484
59	95	0.981509
59	104	1.0324
59	106	1.01501
59	123	0.932041
59	133	0.991627
59	146	1.09011
59	160	0.932298
59	174	3.19281
60	6	1.06989
60	8	1.0584
60	24	0.933374
60	26	0.915725
60	33	1.00451
60	37	0.902712
60	51	0.964378
60	67	1.03061
60	89	0.995245
60	92	1.67273
60	93	0.981414
60	108	1.01092
60	133	1.92674
60	147	1.00494
60	153	1.48359
60	164	0.927903
61	65	2.40345
61	130	0.866715
61	142	0.865663
61	148	0.855638
61	150	0.873702
61	154	0.853335
61	161	0.942682
61	166	0.861543
61	173	0.821299
61	174	0.846226
61	175	0.833851
61	176	0.840212
61	177	0.829051
61	178	0.830677
61	179	0.839078
61	180	0.835397
62	36	0.848261
62	40	0.986315
62	49	0.967924
62	50	0.968182
62	54	0.967216
62	75	0.99921
62	76	0.997771
62	83	0.982798
62	87	0.98272
62	90	0.982751
62	94	1.0362
62	105	0.953903
62	121	0.971571
62	124	0.959193
62	135	1.92514
62	143	0.857955
62	158	1.90458
63	3	0.932441
63	18	0.917218
63	25	0.911036
63	30	1.00019
63	32	0.987826
63	47	0.967102
63	55	0.954176
63	65	1.02625
63	68	1.02079
63	70	0.943381
63	71	1.0053
63	72	1.00571
63	74	1.722
63	105	0.947871
63	111	1.74532
63	121	0.965538
63	138	1.84165
64	19	1.09107
64	27	0.991693
64	35	1.08811
64	79	1.06914
64	81	1.06345
64	82	1.04722
64	85	1.05363
64	95	1.03865
64	100	1.03526
64	104	1.08954
64	123	0.989185
64	133	1.04877
64	151	0.923886
64	157	0.995188
64	160	0.989442
64	169	3.34506
64	170	1.67412
65	3	1.01574
65	18	1.00052
65	25	0.994339
65	32	1.07113
65	47	1.05041
65	55	1.03748
65	61	2.40345
65	63	1.02625
65	68	1.10409
65	70	1.02669
65	71	1.08861
65	72	1.08901
65	105	1.03117
65	121	1.04884
65	136	0.897369
65	152	1.48714
65	161	1.05485
66	59	0.969592
66	80	0.989069
66	82	0.967075
66	85	0.973481
66	95	0.958506
66	96	0.958632
66	101	0.94893
66	104	1.00939
66	107	0.995927
66	110	0.991493
66	113	0.99167
66	114	1.77329
66	115	0.99186
66	156	2.69588
66	158	0.938993
66	160	0.909294
66	163	1.39474
67	6	1.13641
67	8	1.12493
67	24	0.9999
67	26	0.982251
67	33	1.07104
67	37	0.969238
67	51	1.0309
67	60	1.03061
67	89	1.06177
67	93	1.04794
67	103	1.47814
67	106	1.05696
67	108	1.07744
67	147	1.07146
67	160	1.98588
67	161	1.75915
67	164	0.99443
68	18	0.995065
68	25	0.988882
68	30	1.07804
68	32	1.06567
68	47	1.04495
68	55	1.03202
68	63	1.02079
68	65	1.10409
68	70	1.02123
68	71	1.08315
68	72	1.08355
68	99	3.12409
68	105	1.02572
68	121	1.04339
68	133	0.700347
68	147	0.950917
68	151	1.85411
69	15	1.12644
69	28	1.07434
69	31	1.0723
69	39	1.04496
69	43	1.04346
69	46	1.04169
69	56	1.0268
69	57	1.02688
69	58	1.02711
69	77	1.06329
69	93	1.04643
69	99	1.07591
69	123	0.982803
69	124	1.02875
69	139	1.77689
69	173	2.88286
69	180	1.57137
70	3	0.932879
70	18	0.917656
70	25	0.911474
70	30	1.00063
70	32	0.988264
70	38	0.172121
70	47	0.96754
70	55	0.954614
70	63	0.943381
70	65	1.02669
70	68	1.02123
70	71	1.00574
70	72	1.00614
70	105	0.948309
70	120	0.8028
70	121	0.965976
70	130	3.95741
71	3	0.994801
71	18	0.979578
71	25	0.973395
71	30	1.06255
71	32	1.05019
71	47	1.02946
71	55	1.01654
71	63	1.0053
71	65	1.08861
71	68	1.08315
71	70	1.00574
71	72	1.06807
71	105	1.01023
71	121	1.0279
71	125	1.54813
71	150	2.24953
71	160	1.41604
71	162	1.76047
72	3	0.995204
72	18	0.979981
72	25	0.973799
72	30	1.06296
72	32	1.05059
72	47	1.02987
72	55	1.01694
72	63	1.00571
72	65	1.08901
72	68	1.08355
72	70	1.00614
72	71	1.06807
72	105	1.01063
72	121	1.0283
72	136	1.08112
72	165	0.985552
72	168	2.71557
72	169	2.64816
73	53	0.962988
73	76	1.62487
73	87	0.198175
73	145	0.991141
73	150	0.90749
73	157	0.930778
73	163	0.911154
73	165	0.90909
73	166	0.895332
73	169	0.865707
73	170	0.903477
73	172	0.89254
73	173	0.855088
73	174	0.880014
73	175	0.867639
73	178	0.864465
73	179	0.872867
73	180	0.869185
74	63	1.722
74	121	1.1995
74	157	0.936394
74	158	0.945349
74	159	0.916312
74	161	0.982087
74	162	0.919542
74	167	0.863598
74	169	0.871323
74	170	0.909093
74	172	0.898156
74	173	0.860704
74	174	0.885631
74	175	0.873255
74	176	0.879617
74	178	0.870082
74	179	0.878483
74	180	0.874802
75	40	1.03052
75	49	1.01213
75	50	1.01238
75	54	1.01142
75	62	0.99921
75	76	1.04197
75	83	1.027
75	87	1.02692
75	90	1.02695
75	94	1.08041
75	105	0.998105
75	121	1.01577
75	124	1.0034
75	126	1.01939
75	143	0.902157
75	145	1.04244
75	151	1.58841
75	166	2.70873
75	170	2.33865
76	40	1.02908
76	49	1.01069
76	50	1.01095
76	54	1.00998
76	62	0.997771
76	73	1.62487
76	75	1.04197
76	77	1.0365
76	83	1.02556
76	87	1.02548
76	90	1.02551
76	94	1.07897
76	105	0.996666
76	124	1.00196
76	126	1.01795
76	136	1.98791
76	143	0.900718
76	146	1.24025
76	147	1.27991
77	31	1.04148
77	43	1.01264
77	46	1.01087
77	49	1.00665
77	54	1.00595
77	56	0.995975
77	57	0.996055
77	58	0.996287
77	69	1.06329
77	76	1.0365
77	83	1.02153
77	87	1.02145
77	90	1.02148
77	94	1.07493
77	117	0.927499
77	135	1.19307
77	143	0.896685
77	166	2.3277
77	175	3.3351
78	2	0.968068
78	41	1.0068
78	52	0.990724
78	88	1.00879
78	96	0.9979
78	101	0.988197
78	102	1.05501
78	103	1.1191
78	107	1.03519
78	110	1.03076
78	113	1.03094
78	115	1.03113
78	118	1.22581
78	126	1.01024
78	131	0.995885
78	141	1.07001
78	152	2.25633
78	158	0.97826
78	174	2.87573
79	19	1.05333
79	27	0.953948
79	35	1.05037
79	59	1.01199
79	64	1.06914
79	80	1.03147
79	81	1.02571
79	82	1.00948
79	85	1.01588
79	95	1.00091
79	100	0.997516
79	104	1.0518
79	123	0.951441
79	125	1.03784
79	133	1.01103
79	142	1.87456
79	160	0.951697
79	173	2.94463
79	179	2.02607
80	10	1.0861
80	19	1.05341
80	27	0.954025
80	35	1.05044
80	59	1.01207
80	66	0.989069
80	79	1.03147
80	81	1.02578
80	82	1.00956
80	84	1.05501
80	85	1.01596
80	95	1.00099
80	104	1.05187
80	123	0.951518
80	133	1.0111
80	146	1.20716
80	160	0.951774
80	167	4.02838
80	180	1.94192
81	10	1.08033
81	19	1.04764
81	27	0.94826
81	35	1.04468
81	59	1.00631
81	64	1.06345
81	79	1.02571
81	80	1.02578
81	82	1.00379
81	85	1.0102
81	95	0.995221
81	104	1.04611
81	123	0.945752
81	133	1.00534
81	158	0.833795
81	160	0.946009
81	172	2.24641
81	174	1.9409
81	176	2.22527
82	10	1.0641
82	19	1.03141
82	35	1.02845
82	59	0.990078
82	64	1.04722
82	66	0.967075
82	79	1.00948
82	80	1.00956
82	81	1.00379
82	85	0.993967
82	95	0.978992
82	100	0.975599
82	104	1.02988
82	123	0.929524
82	133	0.989111
82	151	1.10109
82	155	1.12835
82	159	1.81803
82	160	0.929781
82	171	3.41967
83	11	1.1889
83	40	1.01411
83	49	0.995714
83	50	0.995972
83	54	0.995006
83	62	0.982798
83	75	1.027
83	76	1.02556
83	77	1.02153
83	87	1.01051
83	90	1.01054
83	94	1.06399
83	97	2.67036
83	105	0.981693
83	121	0.999361
83	124	0.986983
83	126	1.00298
83	143	0.885745
83	145	0.629329
83	178	2.51986
84	27	2.74499
84	80	1.05501
84	130	0.900355
84	138	0.980636
84	153	1.01999
84	154	0.886975
84	162	0.913778
84	163	0.911006
84	168	0.865816
84	170	0.903329
84	171	0.859318
84	173	0.85494
84	174	0.879866
84	175	0.867491
84	176	0.873853
84	177	0.862691
84	178	0.864317
84	179	0.872719
84	180	0.869037
85	10	1.07051
85	27	0.938437
85	35	1.03486
85	36	0.798331
85	59	0.996484
85	64	1.05363
85	66	0.973481
85	79	1.01588
85	80	1.01596
85	81	1.0102
85	82	0.993967
85	95	0.985398
85	100	0.982005
85	104	1.03629
85	123	0.93593
85	127	1.2498
85	133	0.995516
85	153	0.983646
85	160	0.936187
85	164	2.76286
86	105	0.953903
86	107	0.630702
86	109	0.899149
86	135	1.03331
86	141	0.0840627
86	145	1.04427
86	156	0.945736
86	165	0.962221
86	169	0.918839
86	170	0.956609
86	171	0.912597
86	172	0.945671
86	173	0.908219
86	174	0.933146
86	175	0.920771
86	176	0.927132
86	177	0.915971
86	178	0.917597
86	179	0.925998
86	180	0.922317
87	40	1.01403
87	49	0.995636
87	50	0.995894
87	54	0.994928
87	62	0.98272
87	73	0.198175
87	75	1.02692
87	76	1.02548
87	77	1.02145
87	83	1.01051
87	90	1.01046
87	94	1.06392
87	105	0.981615
87	116	1.35902
87	121	0.999283
87	124	0.986905
87	126	1.0029
87	143	0.885667
87	153	0.586695
87	167	4.6083
88	2	0.951738
88	13	0.283859
88	41	0.990467
88	52	0.974393
88	78	1.00879
88	96	0.981569
88	101	0.971867
88	102	1.03868
88	107	1.01886
88	108	1.02511
88	110	1.01443
88	111	0.62838
88	113	1.01461
88	115	1.0148
88	126	0.993913
88	131	0.979555
88	141	1.05368
88	150	2.08346
88	158	0.96193
88	177	3.30915
89	1	0.971635
89	7	1.08557
89	26	0.946887
89	33	1.03568
89	37	0.933874
89	42	1.0043
89	44	1.00404
89	45	1.00398
89	48	1.00407
89	51	0.995539
89	53	1.41496
89	60	0.995245
89	67	1.06177
89	92	0.777895
89	120	1.29456
89	131	0.996526
89	147	1.0361
89	152	0.945889
89	164	0.959065
89	180	3.47039
90	40	1.01406
90	49	0.995667
90	50	0.995925
90	54	0.994959
90	62	0.982751
90	75	1.02695
90	76	1.02551
90	77	1.02148
90	83	1.01054
90	87	1.01046
90	94	1.06395
90	100	1.63516
90	105	0.981646
90	121	0.999314
90	124	0.986936
90	126	1.00293
90	129	2.0468
90	143	0.885698
90	146	0.954107
90	170	2.64721
91	4	0.969739
91	14	1.08969
91	16	0.869725
91	17	1.05449
91	21	0.948309
91	22	0.947729
91	23	1.0533
91	29	1.0274
91	34	1.02724
91	42	1.00028
91	44	1.00002
91	45	0.999961
91	48	1.00005
91	112	3.50219
91	116	1.80908
91	131	0.992508
91	141	1.06664
91	152	0.941871
91	158	1.29814
91	170	1.95671
92	49	0.986553
92	60	1.67273
92	89	0.777895
92	113	0.575665
92	134	1.0429
92	142	1.00007
92	149	1.0422
92	154	0.987738
92	155	1.03795
92	165	1.0097
92	169	0.966321
92	171	0.96008
92	172	0.993154
92	173	0.955702
92	174	0.980629
92	175	0.968253
92	176	0.974615
92	177	0.963453
92	178	0.965079
92	179	0.973481
92	180	0.969799
93	24	0.950705
93	26	0.933056
93	28	1.02665
93	33	1.02185
93	37	0.920043
93	39	0.997277
93	46	0.994005
93	51	0.981709
93	56	0.979113
93	57	0.979193
93	58	0.979426
93	60	0.981414
93	67	1.04794
93	69	1.04643
93	119	1.03801
93	124	0.981062
93	147	1.02227
93	157	1.55556
93	164	0.945234
93	171	3.0484
93	175	2.85753
94	40	1.06751
94	49	1.04912
94	50	1.04938
94	54	1.04841
94	62	1.0362
94	75	1.08041
94	76	1.07897
94	77	1.07493
94	83	1.06399
94	87	1.06392
94	90	1.06395
94	105	1.0351
94	114	1.20029
94	118	1.36638
94	121	1.05277
94	124	1.04039
94	126	1.05638
94	138	0.949303
94	143	0.939151
94	152	1.47298
94	173	4.00946
95	10	1.05554
95	19	1.02284
95	27	0.923463
95	35	1.01988
95	59	0.981509
95	64	1.03865
95	66	0.958506
95	79	1.00091
95	80	1.00099
95	81	0.995221
95	82	0.978992
95	85	0.985398
95	100	0.96703
95	104	1.02131
95	123	0.920955
95	129	1.10289
95	133	0.980542
95	153	1.03907
95	160	0.921212
95	168	3.44165
95	179	3.11142
96	2	0.940843
96	41	0.979573
96	52	0.963499
96	66	0.958632
96	78	0.9979
96	88	0.981569
96	101	0.960973
96	102	1.02778
96	107	1.00797
96	108	1.01421
96	110	1.00354
96	113	1.00371
96	115	1.0039
96	126	0.983019
96	131	0.96866
96	135	0.736156
96	141	1.04279
96	158	0.951036
96	164	1.62381
96	165	2.20007
96	176	2.88571
97	56	1.72964
97	83	2.67036
97	112	0.897679
97	130	0.883101
97	144	0.957747
97	155	0.919931
97	156	0.875202
97	161	0.959068
97	163	0.893752
97	165	0.891687
97	166	0.877929
97	168	0.848561
97	170	0.886075
97	172	0.875137
97	173	0.837685
97	174	0.862612
97	175	0.850237
97	176	0.856598
97	177	0.845437
97	178	0.847063
97	179	0.855464
97	180	0.851783
98	32	1.2363
98	104	0.00110737
98	110	0.200347
98	124	0.315246
98	140	1.03729
98	144	1.0629
98	148	0.977178
98	157	1.01853
98	159	0.998447
98	163	0.998906
98	167	0.945734
98	169	0.953459
98	170	0.991229
98	171	0.947218
98	173	0.94284
98	174	0.967766
98	175	0.955391
98	176	0.961753
98	177	0.950591
98	178	0.952217
98	179	0.960619
98	180	0.956937
99	68	3.12409
99	69	1.07591
99	127	0.982099
99	136	0.950039
99	139	0.884975
99	146	0.970576
99	150	0.883395
99	153	0.996045
99	156	0.868509
99	162	0.889831
99	166	0.871236
99	169	0.841612
99	170	0.879382
99	172	0.868445
99	173	0.830993
99	174	0.855919
99	175	0.843544
99	177	0.838744
99	178	0.84037
99	179	0.848772
99	180	0.84509
100	10	1.05214
100	23	0.953723
100	26	1.61112
100	27	0.920069
100	64	1.03526
100	79	0.997516
100	82	0.975599
100	85	0.982005
100	90	1.63516
100	95	0.96703
100	104	1.01792
100	160	0.917818
100	168	0.873747
100	170	0.911261
100	171	0.86725
100	174	0.887798
100	175	0.875423
100	177	0.870623
100	178	0.872249
100	179	0.880651
100	180	0.876969
101	2	0.931141
101	36	0.952647
101	41	0.969871
101	52	0.953797
101	66	0.94893
101	78	0.988197
101	88	0.971867
101	96	0.960973
101	102	1.01808
101	107	0.998268
101	108	1.00451
101	110	0.993833
101	113	0.994011
101	115	0.994201
101	126	0.973316
101	131	0.958958
101	138	0.764815
101	139	2.62193
101	141	1.03309
101	158	0.941333
101	172	2.11633
101	177	2.62112
102	2	0.997951
102	9	0.897648
102	41	1.03668
102	52	1.02061
102	78	1.05501
102	88	1.03868
102	96	1.02778
102	101	1.01808
102	107	1.06508
102	108	1.07132
102	110	1.06064
102	113	1.06082
102	115	1.06101
102	118	0.843476
102	126	1.04013
102	131	1.02577
102	141	1.0999
102	158	1.00814
102	161	0.884491
102	164	1.38258
102	170	1.95051
102	178	3.37065
103	21	1.80276
103	53	0.990918
103	67	1.47814
103	78	1.1191
103	134	0.970214
103	135	1.00811
103	139	0.937
103	149	0.969512
103	150	0.93542
103	156	0.920534
103	159	0.938625
103	160	0.937965
103	166	0.923262
103	168	0.893894
103	173	0.883018
103	174	0.907944
103	175	0.895569
103	176	0.901931
103	177	0.890769
103	178	0.892395
103	179	0.900797
103	180	0.897115
104	10	1.10642
104	19	1.07373
104	27	0.97435
104	35	1.07077
104	59	1.0324
104	64	1.08954
104	66	1.00939
104	79	1.0518
104	80	1.05187
104	81	1.04611
104	82	1.02988
104	85	1.03629
104	95	1.02131
104	98	0.00110737
104	100	1.01792
104	123	0.971843
104	133	1.03143
104	137	2.81788
104	146	1.13916
104	156	2.63376
104	160	0.972099
104	162	1.69881
105	3	0.937368
105	55	0.959103
105	62	0.953903
105	63	0.947871
105	65	1.03117
105	68	1.02572
105	70	0.948309
105	71	1.01023
105	72	1.01063
105	75	0.998105
105	76	0.996666
105	83	0.981693
105	86	0.953903
105	87	0.981615
105	90	0.981646
105	94	1.0351
105	120	1.09054
105	121	0.970466
105	126	0.97408
105	138	1.37136
105	143	0.85685
105	166	3.27629
106	7	1.13706
106	59	1.01501
106	67	1.05696
106	108	0.615744
106	112	0.990835
106	129	1.03384
106	148	0.96518
106	151	1.01339
106	154	0.962877
106	157	1.00653
106	159	0.986449
106	164	0.99565
106	167	0.933735
106	169	0.941461
106	170	0.979231
106	172	0.968293
106	173	0.930841
106	175	0.943393
106	176	0.949754
106	177	0.938593
106	178	0.940219
106	179	0.94862
106	180	0.944939
107	2	0.978139
107	36	0.999645
107	41	1.01687
107	52	1.00079
107	66	0.995927
107	78	1.03519
107	86	0.630702
107	88	1.01886
107	96	1.00797
107	101	0.998268
107	102	1.06508
107	108	1.05151
107	110	1.04083
107	113	1.04101
107	115	1.0412
107	118	0.729889
107	126	1.02031
107	131	1.00596
107	135	1.12742
107	141	1.08008
107	158	0.988331
107	163	1.72196
107	176	3.27698
108	24	0.980209
108	26	0.96256
108	33	1.05135
108	37	0.949547
108	51	1.01121
108	60	1.01092
108	67	1.07744
108	88	1.02511
108	96	1.01421
108	101	1.00451
108	102	1.07132
108	106	0.615744
108	107	1.05151
108	110	1.04707
108	113	1.04725
108	115	1.04744
108	144	0.729643
108	147	1.05177
108	150	2.37815
108	155	1.66097
108	158	0.994575
108	164	0.974738
108	165	2.39228
109	86	0.899149
109	117	0.874883
109	136	0.872083
109	137	0.805374
109	152	0.804668
109	155	0.835281
109	157	0.828726
109	159	0.808643
109	162	0.811874
109	163	0.809102
109	165	0.807038
109	166	0.79328
109	167	0.75593
109	169	0.763655
109	171	0.757414
109	172	0.790488
109	173	0.753036
109	175	0.765587
109	176	0.771949
109	177	0.760787
109	178	0.762413
109	179	0.770815
109	180	0.767133
110	2	0.973704
110	9	0.873402
110	36	0.99521
110	41	1.01243
110	52	0.99636
110	66	0.991493
110	78	1.03076
110	88	1.01443
110	96	1.00354
110	98	0.200347
110	101	0.993833
110	102	1.06064
110	107	1.04083
110	108	1.04707
110	113	1.03657
110	115	1.03676
110	126	1.01588
110	131	1.00152
110	132	0.819314
110	140	1.28725
110	141	1.07565
110	158	0.983897
110	162	1.89805
110	177	3.61281
111	17	1.31922
111	28	1.10709
111	63	1.74532
111	88	0.62838
111	150	0.967587
111	151	0.997735
111	153	1.08024
111	158	0.999829
111	159	0.970792
111	161	1.03657
111	162	0.974022
111	166	0.955428
111	167	0.918078
111	168	0.92606
111	169	0.925803
111	170	0.963573
111	171	0.919562
111	172	0.952636
111	175	0.927735
111	176	0.934097
111	177	0.922936
111	178	0.924562
111	179	0.932963
111	180	0.929282
112	14	1.29781
112	91	3.50219
112	97	0.897679
112	106	0.990835
112	129	0.925102
112	134	0.909295
112	150	0.874502
112	153	0.987152
112	156	0.859616
112	159	0.877707
112	162	0.880937
112	165	0.876101
112	166	0.862343
112	170	0.870489
112	171	0.826477
112	172	0.859551
112	173	0.822099
112	174	0.847026
112	175	0.834651
112	176	0.841012
112	177	0.829851
112	178	0.831477
112	179	0.839878
112	180	0.836197
113	2	0.973882
113	9	0.873579
113	36	0.995387
113	41	1.01261
113	52	0.996537
113	66	0.99167
113	78	1.03094
113	88	1.01461
113	92	0.575665
113	96	1.00371
113	101	0.994011
113	102	1.06082
113	107	1.04101
113	108	1.04725
113	110	1.03657
113	115	1.03694
113	126	1.01606
113	131	1.0017
113	141	1.07583
113	149	0.74671
113	155	1.31161
113	158	0.984074
113	169	3.70553
113	172	2.7497
114	29	1.82642
114	66	1.77329
114	94	1.20029
114	118	1.06317
114	135	0.984381
114	138	0.984982
114	140	0.953738
114	145	0.995339
114	151	0.941836
114	157	0.934976
114	162	0.918124
114	163	0.915352
114	168	0.870162
114	169	0.869905
114	170	0.907675
114	171	0.863664
114	173	0.859286
114	174	0.884212
114	175	0.871837
114	176	0.878199
114	177	0.867037
114	178	0.868663
114	179	0.877065
114	180	0.873383
115	2	0.974072
115	9	0.87377
115	36	0.995578
115	41	1.0128
115	52	0.996727
115	66	0.99186
115	78	1.03113
115	88	1.0148
115	96	1.0039
115	101	0.994201
115	102	1.06101
115	107	1.0412
115	108	1.04744
115	110	1.03676
115	113	1.03694
115	117	1.75222
115	119	1.23798
115	126	1.01625
115	131	1.00189
115	141	1.07602
115	145	0.802645
115	147	1.12891
115	158	0.984264
115	180	3.79753
116	3	1.43189
116	87	1.35902
116	91	1.80908
116	125	1.00224
116	139	0.932902
116	142	0.923283
116	145	1.01497
116	149	0.965414
116	154	0.910955
116	157	0.95461
116	163	0.934986
116	166	0.919164
116	168	0.889796
116	169	0.889539
116	170	0.927309
116	171	0.883298
116	173	0.87892
116	174	0.903846
116	176	0.897833
116	177	0.886671
116	178	0.888297
116	179	0.896699
116	180	0.893017
117	17	1.92028
117	77	0.927499
117	109	0.874883
117	115	1.75222
117	120	1.06937
117	148	0.918291
117	149	0.970448
117	154	0.915989
117	155	0.966198
117	162	0.942791
117	165	0.937955
117	167	0.886847
117	168	0.894829
117	170	0.932342
117	171	0.888331
117	173	0.883953
117	174	0.90888
117	175	0.896504
117	176	0.902866
117	177	0.891704
117	178	0.893331
117	179	0.901732
117	180	0.898051
118	34	0.834448
118	78	1.22581
118	94	1.36638
118	102	0.843476
118	107	0.729889
118	114	1.06317
118	142	1.01035
118	149	1.05248
118	155	1.04824
118	159	1.0216
118	162	1.02483
118	165	1.01999
118	166	1.00623
118	167	0.968884
118	168	0.976865
118	169	0.976609
118	171	0.970368
118	173	0.96599
118	174	0.990916
118	175	0.978541
118	176	0.984903
118	177	0.973741
118	178	0.975367
118	179	0.983769
118	180	0.980087
119	5	1.31738
119	37	1.40663
119	93	1.03801
119	115	1.23798
119	136	1.02985
119	140	1.00526
119	146	1.05039
119	156	0.948321
119	157	0.986495
119	159	0.966412
119	162	0.969643
119	165	0.964807
119	167	0.913699
119	168	0.92168
119	170	0.959194
119	171	0.915183
119	172	0.948257
119	173	0.910805
119	174	0.935731
119	175	0.923356
119	176	0.929718
119	177	0.918556
119	178	0.920182
119	179	0.928584
119	180	0.924902
120	31	0.784748
120	70	0.8028
120	89	1.29456
120	105	1.09054
120	117	1.06937
120	126	0.357533
120	127	1.09863
120	138	1.07322
120	154	0.979556
120	155	1.02977
120	162	1.00636
120	165	1.00152
120	166	0.987764
120	167	0.950414
120	168	0.958396
120	169	0.958139
120	170	0.995909
120	171	0.951898
120	172	0.984972
120	173	0.94752
120	174	0.972447
120	176	0.966433
120	177	0.955271
120	178	0.956898
120	179	0.965299
120	180	0.961617
121	25	0.933631
121	47	0.989697
121	49	0.984487
121	50	0.984744
121	55	0.976771
121	62	0.971571
121	63	0.965538
121	65	1.04884
121	68	1.04339
121	70	0.965976
121	71	1.0279
121	72	1.0283
121	74	1.1995
121	75	1.01577
121	83	0.999361
121	87	0.999283
121	90	0.999314
121	94	1.05277
121	105	0.970466
121	124	0.975756
121	126	0.991748
121	138	1.31915
121	143	0.874517
121	144	1.1997
121	160	2.01472
121	162	2.35915
122	20	0.851874
122	40	0.715967
122	52	1.43415
122	54	1.44839
122	57	0.749617
122	148	0.980601
122	149	1.03276
122	150	0.998665
122	151	1.02881
122	153	1.11132
122	154	0.978298
122	155	1.02851
122	156	0.983779
122	158	1.03091
122	163	1.00233
122	166	0.986506
122	167	0.949156
122	170	0.994652
122	171	0.95064
122	173	0.946262
122	174	0.971189
122	175	0.958813
122	176	0.965175
122	177	0.954014
122	178	0.95564
122	180	0.96036
123	15	1.01512
123	27	0.873994
123	28	0.963024
123	31	0.960986
123	38	1.36385
123	39	0.933648
123	43	0.932147
123	46	0.930376
123	56	0.915484
123	57	0.915564
123	58	0.915797
123	59	0.932041
123	64	0.989185
123	69	0.982803
123	79	0.951441
123	80	0.951518
123	81	0.945752
123	82	0.929524
123	85	0.93593
123	95	0.920955
123	104	0.971843
123	124	0.917433
123	127	1.7292
123	133	0.931073
123	144	2.15589
123	145	1.8305
123	160	0.871744
124	15	1.06107
124	28	1.00897
124	31	1.00693
124	39	0.979594
124	43	0.978093
124	54	0.971401
124	56	0.96143
124	57	0.96151
124	58	0.961742
124	62	0.959193
124	69	1.02875
124	75	1.0034
124	76	1.00196
124	83	0.986983
124	87	0.986905
124	90	0.986936
124	93	0.981062
124	94	1.04039
124	98	0.315246
124	121	0.975756
124	123	0.917433
124	126	0.979371
124	128	3.30273
124	140	1.45807
124	143	0.86214
124	159	1.68126
124	175	3.09203
125	25	1.28212
125	42	1.73191
125	71	1.54813
125	79	1.03784
125	116	1.00224
125	127	1.03653
125	128	0.928309
125	139	0.939411
125	140	0.979881
125	148	0.919767
125	149	0.971923
125	152	0.937061
125	153	1.05048
125	156	0.922945
125	165	0.939431
125	166	0.925672
125	169	0.896048
125	170	0.933818
125	171	0.889807
125	172	0.922881
125	173	0.885429
125	174	0.910355
125	175	0.89798
125	176	0.904342
125	177	0.89318
125	178	0.894806
125	179	0.903208
125	180	0.899526
126	40	1.00649
126	50	0.988359
126	75	1.01939
126	76	1.01795
126	78	1.01024
126	83	1.00298
126	87	1.0029
126	88	0.993913
126	90	1.00293
126	94	1.05638
126	96	0.983019
126	101	0.973316
126	102	1.04013
126	105	0.97408
126	107	1.02031
126	110	1.01588
126	113	1.01606
126	115	1.01625
126	120	0.357533
126	121	0.991748
126	124	0.979371
126	131	0.981004
126	132	1.29639
126	141	1.05513
126	143	0.878132
126	151	1.42297
126	154	2.15683
126	158	0.96338
126	165	2.18154
126	179	3.58133
127	29	0.851794
127	45	1.17636
127	85	1.2498
127	99	0.982099
127	120	1.09863
127	123	1.7292
127	125	1.03653
127	131	0.184511
127	143	0.91261
127	146	1.0528
127	151	0.995763
127	154	0.945248
127	157	0.988902
127	159	0.96882
127	162	0.97205
127	163	0.969278
127	166	0.953456
127	167	0.916106
127	168	0.924088
127	169	0.923831
127	170	0.961601
127	171	0.91759
127	172	0.950664
127	173	0.913212
127	174	0.938139
127	175	0.925763
127	176	0.932125
127	177	0.920964
127	179	0.930991
127	180	0.92731
128	33	2.69727
128	124	3.30273
128	125	0.928309
128	129	0.90799
128	139	0.858969
128	140	0.899439
128	144	0.925048
128	148	0.839325
128	149	0.891481
128	151	0.887537
128	153	0.970039
128	155	0.887232
128	156	0.842503
128	161	0.92637
128	162	0.863825
128	163	0.861053
128	167	0.807881
128	168	0.815862
128	169	0.815606
128	170	0.853376
128	171	0.809365
128	172	0.842439
128	173	0.804987
128	174	0.829913
128	175	0.817538
128	176	0.8239
128	177	0.812738
128	178	0.814364
128	179	0.822766
128	180	0.819084
129	23	1.36536
129	58	1.68496
129	90	2.0468
129	95	1.10289
129	106	1.03384
129	112	0.925102
129	128	0.90799
129	134	0.952305
129	140	0.959562
129	144	0.985171
129	146	1.00469
129	150	0.917512
129	151	0.94766
129	154	0.897145
129	155	0.947355
129	160	0.920056
129	161	0.986492
129	162	0.923947
129	166	0.905353
129	167	0.868003
129	168	0.875985
129	169	0.875728
129	171	0.869487
129	172	0.902561
129	174	0.890036
129	175	0.87766
129	176	0.884022
129	177	0.87286
129	178	0.874487
129	179	0.882888
129	180	0.879207
130	1	2.44259
130	9	0.781672
130	61	0.866715
130	70	3.95741
130	84	0.900355
130	97	0.883101
130	144	0.927583
130	148	0.84186
130	149	0.894016
130	150	0.859924
130	153	0.972574
130	154	0.839557
130	156	0.845038
130	159	0.863129
130	161	0.928904
130	163	0.863588
130	164	0.87233
130	165	0.861524
130	166	0.847765
130	167	0.810416
130	168	0.818397
130	170	0.855911
130	171	0.8119
130	172	0.844974
130	173	0.807522
130	174	0.832448
130	175	0.820073
130	176	0.826435
130	177	0.815273
130	178	0.816899
130	179	0.825301
130	180	0.821619
131	1	0.941755
131	7	1.05569
131	14	1.06383
131	20	1.02088
131	23	1.02744
131	42	0.974423
131	44	0.974161
131	45	0.974099
131	48	0.974187
131	52	0.961484
131	78	0.995885
131	88	0.979555
131	89	0.996526
131	91	0.992508
131	96	0.96866
131	101	0.958958
131	102	1.02577
131	107	1.00596
131	110	1.00152
131	113	1.0017
131	115	1.00189
131	126	0.981004
131	127	0.184511
131	140	1.15985
131	141	1.04077
131	152	0.916008
131	158	0.949021
131	159	2.23221
131	162	1.77065
131	165	2.27384
131	174	2.67511
132	12	1.50556
132	17	1.3768
132	19	0.699625
132	48	0.702315
132	110	0.819314
132	126	1.29639
132	137	0.990878
132	138	1.06424
132	145	1.07459
132	148	0.972878
132	150	0.990943
132	151	1.02109
132	152	0.990172
132	153	1.10359
132	154	0.970576
132	156	0.976056
132	162	0.997378
132	163	0.994606
132	165	0.992542
132	166	0.978784
132	167	0.941434
132	168	0.949416
132	170	0.986929
132	171	0.942918
132	172	0.975992
132	173	0.93854
132	174	0.963467
132	175	0.951091
132	177	0.946291
132	178	0.947918
132	179	0.956319
132	180	0.952638
133	6	1.05522
133	10	1.06565
133	27	0.933581
133	33	0.947532
133	44	1.57017
133	59	0.991627
133	60	1.92674
133	64	1.04877
133	68	0.700347
133	79	1.01103
133	80	1.0111
133	81	1.00534
133	82	0.989111
133	85	0.995516
133	95	0.980542
133	104	1.03143
133	123	0.931073
133	153	1.04144
133	154	0.908419
133	155	0.958629
133	160	0.93133
133	165	0.930385
133	168	0.887259
133	169	0.887002
133	171	0.880761
133	174	0.90131
133	175	0.888934
133	176	0.895296
133	178	0.885761
133	179	0.894162
133	180	0.890481
134	8	1.08291
134	27	1.5924
134	32	2.20449
134	49	1.9202
134	92	1.0429
134	103	0.970214
134	112	0.909295
134	129	0.952305
134	135	0.974398
134	136	0.968349
134	137	0.90164
134	138	0.974998
134	143	0.8487
134	146	0.988885
134	150	0.901705
134	151	0.931853
134	154	0.881338
134	161	0.970685
134	164	0.914111
134	165	0.903304
134	166	0.889546
134	167	0.852196
134	168	0.860178
134	169	0.859921
134	170	0.897691
134	171	0.85368
134	172	0.886754
134	173	0.849302
134	174	0.874229
134	175	0.861853
134	176	0.868215
134	178	0.85868
134	179	0.867081
134	180	0.8634
135	55	1.61821
135	62	1.92514
135	77	1.19307
135	86	1.03331
135	96	0.736156
135	103	1.00811
135	107	1.12742
135	114	0.984381
135	134	0.974398
135	137	0.939539
135	138	1.0129
135	142	0.931565
135	146	1.02678
135	149	0.973696
135	151	0.969752
135	156	0.924718
135	157	0.962892
135	158	0.971847
135	162	0.94604
135	164	0.95201
135	165	0.941204
135	167	0.890096
135	168	0.898078
135	170	0.935591
135	171	0.89158
135	173	0.887202
135	174	0.912128
135	175	0.899753
135	176	0.906115
135	177	0.894953
135	178	0.896579
135	179	0.904981
135	180	0.901299
136	42	1.49367
136	58	1.33993
136	65	0.897369
136	72	1.08112
136	76	1.98791
136	99	0.950039
136	109	0.872083
136	119	1.02985
136	134	0.968349
136	137	0.933491
136	140	0.975606
136	145	1.01721
136	146	1.02074
136	147	1.02299
136	149	0.967648
136	150	0.933556
136	155	0.963398
136	156	0.918669
136	157	0.956843
136	161	1.00254
136	162	0.939991
136	165	0.935155
136	168	0.892029
136	169	0.891772
136	170	0.929542
136	171	0.885531
136	172	0.918605
136	173	0.881153
136	175	0.893704
136	176	0.900066
136	177	0.888904
136	178	0.89053
136	179	0.898932
136	180	0.89525
137	47	2.20468
137	50	1.77744
137	104	2.81788
137	109	0.805374
137	132	0.990878
137	134	0.90164
137	135	0.939539
137	136	0.933491
137	138	0.94014
137	139	0.868427
137	140	0.908897
137	144	0.934505
137	146	0.954027
137	149	0.900939
137	150	0.866846
137	151	0.896995
137	155	0.896689
137	159	0.870051
137	160	0.869391
137	161	0.935827
137	163	0.87051
137	164	0.879253
137	166	0.854688
137	167	0.817338
137	168	0.82532
137	170	0.862833
137	172	0.851896
137	173	0.814444
137	174	0.83937
137	176	0.833357
137	177	0.822195
137	178	0.823821
137	179	0.832223
137	180	0.828541
138	19	1.15372
138	63	1.84165
138	84	0.980636
138	94	0.949303
138	101	0.764815
138	105	1.37136
138	114	0.984982
138	120	1.07322
138	121	1.31915
138	132	1.06424
138	134	0.974998
138	135	1.0129
138	137	0.94014
138	145	1.02386
138	146	1.02739
138	150	0.940205
138	151	0.970353
138	153	1.05286
138	154	0.919838
138	155	0.970048
138	156	0.925319
138	161	1.00919
138	162	0.94664
138	164	0.952611
138	165	0.941804
138	167	0.890696
