1	16	0.887454
1	20	0.867658
1	46	1.00655
1	64	0.952962
1	65	0.950509
1	70	0.956228
1	87	0.934969
1	115	0.958452
1	135	1.70459
1	162	1.74912
1	172	1.41204
1	180	0.888197
2	5	1.07665
2	14	1.07625
2	29	1.03591
2	42	0.769715
2	53	1.03701
2	54	1.03705
2	61	1.03306
2	63	1.00478
2	96	1.10183
2	153	1.26142
2	160	1.9462
2	180	1.32021
3	21	0.84717
3	24	0.960472
3	36	0.913454
3	37	0.906097
3	41	0.91413
3	43	1.03625
3	62	0.927711
3	81	0.968132
3	126	0.946137
3	133	1.58935
3	141	1.81019
3	142	1.39111
4	22	1.02095
4	34	1.11594
4	39	1.01713
4	69	1.03395
4	85	1.02681
4	105	1.07389
4	108	1.04948
4	141	1.3398
4	148	1.21057
4	156	1.07929
4	164	1.32456
4	175	1.36747
5	2	1.07665
5	6	1.08527
5	8	0.97001
5	14	1.0944
5	29	1.05406
5	53	1.05516
5	61	1.05121
5	63	1.02293
5	158	0.893102
5	159	1.17288
5	173	1.98929
5	179	1.24254
6	5	1.08527
6	14	1.08488
6	25	1.04495
6	29	1.04453
6	53	1.04564
6	54	1.04568
6	61	1.04168
6	63	1.0134
6	102	1.05012
6	117	1.05347
6	161	1.35592
6	179	1.77923
7	92	1.0962
7	121	1.08271
7	123	1.11051
7	129	1.13341
7	137	1.10431
7	140	1.46454
7	145	0.930685
7	151	1.08053
7	161	1.00633
7	163	0.972874
7	164	1.21727
7	180	1.46251
8	5	0.97001
8	14	0.969616
8	25	0.92969
8	27	0.927829
8	29	0.929269
8	53	0.930375
8	54	0.930416
8	61	0.926419
8	63	0.898144
8	82	1.20668
8	132	1.76608
8	175	1.85101
9	11	1.08653
9	60	1.05982
9	71	1.02627
9	74	1.00874
9	77	1.10189
9	115	1.04491
9	130	1.08152
9	148	0.925726
9	154	1.44774
9	175	0.997387
9	179	1.64578
9	180	1.28495
10	40	1.04391
10	67	0.950114
10	80	0.966264
10	92	0.953196
10	124	0.98303
10	134	0.935788
10	136	0.969359
10	142	1.4926
10	145	0.787685
10	146	0.945382
10	151	0.937534
10	172	2.28727
11	9	1.08653
11	49	1.00334
11	60	1.07427
11	71	1.04071
11	74	1.02318
11	123	0.635169
11	126	1.0642
11	130	1.09596
11	150	1.23614
11	175	1.01183
11	177	2.0988
11	179	1.348
12	56	0.978685
12	72	1.0213
12	86	1.13621
12	89	1.03879
12	106	1.08555
12	110	1.07049
12	116	1.03515
12	125	1.49885
12	139	1.02303
12	142	0.973113
12	143	1.3358
12	175	1.41987
13	15	0.920106
13	20	0.863116
13	26	0.960954
13	35	0.946451
13	46	1.00201
13	52	1.23894
13	64	0.94842
13	65	0.945968
13	70	0.951686
13	84	1.86357
13	111	1.52665
13	180	0.883655
14	2	1.07625
14	5	1.0944
14	6	1.08488
14	8	0.969616
14	27	1.05222
14	54	1.05481
14	61	1.05081
14	63	1.02254
14	166	1.04233
14	169	0.970697
14	174	1.28049
14	177	2.02255
15	13	0.920106
15	16	0.91292
15	35	0.976459
15	45	1.03937
15	65	0.975976
15	70	0.981694
15	115	0.983918
15	145	2.22241
15	147	0.973431
15	169	1.35471
15	180	0.913663
16	1	0.887454
16	15	0.91292
16	35	0.939264
16	45	1.00218
16	64	0.941234
16	65	0.938781
16	70	0.9445
16	103	1.31112
16	115	0.946723
16	130	1.42672
16	169	2.08741
16	180	0.876469
17	21	0.985142
17	24	1.09844
17	36	1.05143
17	41	1.0521
17	62	1.06568
17	81	1.1061
17	107	0.985474
17	117	1.15462
17	126	1.08411
17	130	0.918644
17	154	1.68234
17	158	1.53094
18	49	0.911918
18	60	0.982849
18	71	0.949293
18	74	0.931762
18	77	1.02492
18	103	0.829425
18	126	0.972779
18	130	1.00454
18	170	2.35955
18	175	0.920411
18	176	1.33781
19	49	0.867465
19	56	0.83644
19	60	0.938396
19	71	0.90484
19	74	0.887309
19	77	0.980465
19	115	0.923476
19	126	0.928326
19	128	1.23779
19	130	0.960087
19	135	2.26297
19	175	0.875958
19	176	1.61673
20	1	0.867658
20	13	0.863116
20	26	0.933972
20	35	0.919469
20	45	0.982383
20	64	0.921438
20	70	0.924705
20	87	0.903445
20	115	0.926928
20	141	1.59797
20	153	1.76918
20	161	1.76548
20	180	0.856673
21	3	0.84717
21	17	0.985142
21	37	0.888415
21	41	0.896448
21	43	1.01857
21	81	0.95045
21	88	0.918502
21	107	0.82982
21	109	0.853754
21	126	0.928454
21	148	1.15374
21	168	1.93249
21	178	2.09725
22	4	1.02095
22	39	0.970838
22	66	1.06352
22	68	0.968832
22	76	1.0335
22	83	0.998317
22	104	1.14441
22	105	1.0276
22	108	1.00319
22	130	1.19392
22	156	1.033
22	157	1.5995
22	164	1.54958
23	48	0.970154
23	51	1.03468
23	57	1.04147
23	87	1.0031
23	89	0.99965
23	95	0.981667
23	106	1.04641
23	110	1.03135
23	116	0.99601
23	150	1.48089
23	155	1.28961
23	171	1.23521
23	174	1.6015
24	3	0.960472
24	17	1.09844
24	36	1.00907
24	41	1.00975
24	62	1.02333
24	81	1.06375
24	96	0.943794
24	107	0.943122
24	109	0.967056
24	123	1.28092
24	126	1.04176
24	152	1.77583
24	161	1.57044
25	6	1.04495
25	8	0.92969
25	27	1.0123
25	29	1.01373
25	53	1.01484
25	54	1.01488
25	61	1.01088
25	63	0.98261
25	96	1.07966
25	154	1.38661
25	165	1.18763
25	171	1.22711
25	178	1.80809
26	13	0.960954
26	20	0.933972
26	32	1.34169
26	45	1.08022
26	46	1.07286
26	64	1.01928
26	65	1.01682
26	70	1.02254
26	115	1.02477
26	131	0.867704
26	150	1.80922
26	171	1.56354
26	180	0.95451
27	8	0.927829
27	14	1.05222
27	25	1.0123
27	29	1.01187
27	53	1.01298
27	54	1.01302
27	61	1.00902
27	63	0.98075
27	96	1.0778
27	152	1.31207
27	154	1.33196
27	158	1.18056
27	160	1.79516
28	84	1.01727
28	93	0.978545
28	112	1.87777
28	118	1.01596
28	121	1.03196
28	127	1.05824
28	129	1.08265
28	137	1.05355
28	146	1.03762
28	150	0.925854
28	151	1.02978
28	173	0.861988
28	180	1.55646
29	2	1.03591
29	5	1.05406
29	6	1.04453
29	8	0.929269
29	25	1.01373
29	27	1.01187
29	53	1.01442
29	54	1.01446
29	63	0.98219
29	82	0.765157
29	103	0.895317
29	133	1.16098
29	173	2.7194
30	47	0.975193
30	51	1.05097
30	56	0.955838
30	72	0.998454
30	89	1.01594
30	106	1.0627
30	110	1.04764
30	116	1.0123
30	139	1.00018
30	140	1.16825
30	171	1.16951
30	173	2.27381
30	176	0.958108
31	39	0.882523
31	68	0.880516
31	76	0.945183
31	83	0.910002
31	84	1.56977
31	85	0.892203
31	98	0.915906
31	103	0.930736
31	105	0.939281
31	119	1.77801
31	139	0.865177
31	148	1.74974
31	156	0.944684
32	26	1.34169
32	39	1.12984
32	76	0.896968
32	107	0.885805
32	132	0.942713
32	143	0.969156
32	162	0.852807
32	164	0.924916
32	166	0.89446
32	170	0.82379
32	172	0.883321
32	176	0.921894
32	178	0.833828
32	179	0.861011
33	80	1.1534
33	84	0.615902
33	94	1.16044
33	107	1.05695
33	122	1.11405
33	134	1.12293
33	146	1.13252
33	150	1.02075
33	151	1.12467
33	159	1.44627
33	162	1.63776
33	163	1.01701
33	173	0.956885
33	179	1.51592
34	4	1.11594
34	38	1.04185
34	69	1.08265
34	83	1.09331
34	85	1.07551
34	98	1.09922
34	105	1.12259
34	133	0.888418
34	139	1.04849
34	148	0.980034
34	154	1.50205
34	156	1.12799
34	163	1.58009
34	171	1.34255
35	13	0.946451
35	15	0.976459
35	16	0.939264
35	20	0.919469
35	46	1.05836
35	64	1.00477
35	65	1.00232
35	70	1.00804
35	87	0.986779
35	117	1.0663
35	148	1.07201
35	169	1.49101
35	170	2.24485
35	180	0.940007
36	3	0.913454
36	17	1.05143
36	24	1.00907
36	37	0.954699
36	43	1.08486
36	62	0.976313
36	81	1.01673
36	107	0.896104
36	109	0.920038
36	117	1.5392
36	126	0.994739
36	131	1.21159
36	132	1.61687
36	133	1.45329
37	3	0.906097
37	21	0.888415
37	36	0.954699
37	40	1.0933
37	41	0.955376
37	43	1.0775
37	62	0.968956
37	81	1.00938
37	88	0.977429
37	126	0.987382
37	132	1.33304
37	143	1.33389
37	144	1.6168
37	161	1.55781
38	34	1.04185
38	39	0.943035
38	66	1.03572
38	69	0.959854
38	83	0.970514
38	85	0.952715
38	98	0.976418
38	105	0.999792
38	138	1.24303
38	139	0.925689
38	149	1.41238
38	156	1.0052
38	160	2.02329
38	175	1.19496
39	4	1.01713
39	22	0.970838
39	31	0.882523
39	32	1.12984
39	38	0.943035
39	66	1.05971
39	69	0.983841
39	85	0.976701
39	98	1.0004
39	113	0.677063
39	139	0.949675
39	140	1.35042
39	145	2.27588
39	156	1.02918
40	10	1.04391
40	37	1.0933
40	41	1.10133
40	43	1.22346
40	60	0.374904
40	64	0.182717
40	88	1.12339
40	95	0.417029
40	113	1.18943
40	134	0.487799
40	159	1.02131
40	169	1.0513
40	178	0.982727
40	179	1.00991
41	3	0.91413
41	17	1.0521
41	21	0.896448
41	24	1.00975
41	37	0.955376
41	40	1.10133
41	42	1.10993
41	62	0.976989
41	81	1.01741
41	107	0.89678
41	120	1.43978
41	125	1.53707
41	126	0.995415
41	167	1.79927
42	2	0.769715
42	41	1.10993
42	129	0.62535
42	137	0.83063
42	149	1.0084
42	166	1.00826
42	168	0.96377
42	170	0.937595
42	171	1.02717
42	172	0.997126
42	174	0.981415
42	177	0.925088
42	178	0.947633
42	179	0.974816
43	3	1.03625
43	21	1.01857
43	36	1.08486
43	37	1.0775
43	40	1.22346
43	62	1.09911
43	81	1.13954
43	107	1.0189
43	119	1.01742
43	126	1.11754
43	133	0.897533
43	155	1.40606
43	163	1.5892
43	180	1.34838
44	73	1.28495
44	79	1.09155
44	97	1.0871
44	101	1.13263
44	112	1.52692
44	124	1.16192
44	137	1.1402
44	146	1.12427
44	147	0.884107
44	150	1.01251
44	151	1.11643
44	169	1.26538
44	173	0.94864
44	180	1.2056
45	15	1.03937
45	16	1.00218
45	20	0.982383
45	26	1.08022
45	46	1.12127
45	64	1.06769
45	65	1.06523
45	70	1.07095
45	87	1.04969
45	123	1.09164
45	131	0.751101
45	150	1.69262
45	155	1.50133
45	166	1.57506
45	180	1.00292
46	1	1.00655
46	13	1.00201
46	26	1.07286
46	35	1.05836
46	45	1.12127
46	64	1.06033
46	65	1.05788
46	70	1.06359
46	87	1.04233
46	133	0.885633
46	141	1.10648
46	161	1.27399
46	170	2.15009
46	176	1.12836
46	180	0.995563
47	30	0.975193
47	50	0.990383
47	57	0.964922
47	72	0.905619
47	86	1.02053
47	89	0.923107
47	90	0.974114
47	95	0.905123
47	106	0.969869
47	110	0.954805
47	111	1.00733
47	116	0.919467
47	142	1.23436
47	163	2.12427
47	176	1.67532
48	23	0.970154
48	51	0.969388
48	57	0.976174
48	89	0.934359
48	90	0.985366
48	95	0.916375
48	106	0.981121
48	110	0.966057
48	113	1.21985
48	116	0.930719
48	122	0.934556
48	128	1.30413
48	139	0.918596
48	149	1.90627
48	164	1.64594
49	11	1.00334
49	18	0.911918
49	19	0.867465
49	60	0.976629
49	71	0.943074
49	74	0.925542
49	77	1.0187
49	115	0.96171
49	125	1.44243
49	126	0.96656
49	130	0.998321
49	148	1.20655
49	163	1.8066
49	172	1.71136
49	175	0.914191
50	47	0.990383
50	57	1.07295
50	72	1.01364
50	86	1.12855
50	95	1.01315
50	102	1.22776
50	106	1.07789
50	108	1.06506
50	110	1.06283
50	116	1.02749
50	119	1.26508
50	122	1.03133
50	132	1.30878
50	142	0.946951
50	167	1.73488
51	23	1.03468
51	30	1.05097
51	48	0.969388
51	72	0.981397
51	86	1.0963
51	90	1.04989
51	95	0.980901
51	102	1.09863
51	106	1.04565
51	107	1.36877
51	116	0.995245
51	122	0.999082
51	139	0.983122
51	161	1.40442
51	163	1.70773
51	175	1.26457
52	13	1.23894
52	62	0.7559
52	69	0.684339
52	86	0.257795
52	99	0.378843
52	157	1.07569
52	159	1.01197
52	162	0.992365
52	168	0.989523
52	169	1.04196
52	171	1.05292
52	174	1.00717
52	175	1.07163
52	177	0.950841
52	178	0.973386
52	179	1.00057
53	2	1.03701
53	5	1.05516
53	6	1.04564
53	8	0.930375
53	25	1.01484
53	27	1.01298
53	29	1.01442
53	54	1.01557
53	61	1.01157
53	63	0.983296
53	75	0.886129
53	90	0.619301
53	96	1.08034
53	149	1.23743
53	173	2.32993
53	178	1.80662
54	2	1.03705
54	6	1.04568
54	8	0.930416
54	14	1.05481
54	25	1.01488
54	27	1.01302
54	29	1.01446
54	53	1.01557
54	61	1.01161
54	63	0.983337
54	96	1.08038
54	103	0.568693
54	135	1.72333
54	152	1.4281
54	178	1.86948
54	180	1.2852
55	56	0.720004
55	71	0.693001
55	75	0.986389
55	82	1.12552
55	110	1.01084
55	120	0.985336
55	133	1.03564
55	156	0.679075
55	160	0.882674
55	168	0.887457
55	170	0.861282
55	172	0.920813
55	174	0.905102
55	177	0.848775
55	178	0.87132
55	179	0.898503
56	12	0.978685
56	19	0.83644
56	30	0.955838
56	55	0.720004
56	74	0.894517
56	77	0.987674
56	86	1.00117
56	89	0.903752
56	110	0.93545
56	116	0.900112
56	126	0.935535
56	130	0.967295
56	153	1.25143
56	173	2.4178
56	174	1.67979
56	175	0.883166
57	23	1.04147
57	47	0.964922
57	48	0.976174
57	50	1.07295
57	58	1.05955
57	89	1.00567
57	95	0.987687
57	106	1.05243
57	108	1.0396
57	110	1.03737
57	116	1.00203
57	130	1.00671
57	139	0.989907
57	163	1.84844
57	164	1.36238
57	165	1.57143
58	57	1.05955
58	61	0.878984
58	108	0.969092
58	128	1.03101
58	129	0.62777
58	135	0.914554
58	143	1.00701
58	149	0.932453
58	152	0.929322
58	154	0.94848
58	158	0.966193
58	166	0.932313
58	167	0.915785
58	170	0.861643
58	178	0.871682
58	179	0.898864
59	78	0.996675
59	91	0.996035
59	118	0.914103
59	124	0.973412
59	127	0.956384
59	136	0.959741
59	137	0.951693
59	138	1.30189
59	146	0.935765
59	151	0.927917
59	156	0.98084
59	160	2.08216
59	161	0.853715
59	168	1.87568
59	173	0.76013
59	176	1.24804
60	9	1.05982
60	11	1.07427
60	18	0.982849
60	19	0.938396
60	40	0.374904
60	49	0.976629
60	71	1.014
60	74	0.996473
60	77	1.08963
60	84	0.933489
60	115	1.03264
60	126	1.03749
60	157	1.27736
60	164	1.22744
60	173	2.58026
60	175	0.985122
61	2	1.03306
61	5	1.05121
61	6	1.04168
61	8	0.926419
61	14	1.05081
61	25	1.01088
61	27	1.00902
61	53	1.01157
61	54	1.01161
61	58	0.878984
61	63	0.97934
61	96	1.07639
61	128	0.839994
61	147	1.10556
61	168	1.84657
61	179	1.78788
62	3	0.927711
62	17	1.06568
62	24	1.02333
62	36	0.976313
62	37	0.968956
62	41	0.976989
62	43	1.09911
62	52	0.7559
62	81	1.03099
62	88	0.999043
62	107	0.910361
62	109	0.934295
62	126	1.009
62	128	1.33266
62	131	1.22717
62	164	1.67448
62	176	1.7116
63	2	1.00478
63	5	1.02293
63	6	1.0134
63	8	0.898144
63	14	1.02254
63	25	0.98261
63	27	0.98075
63	29	0.98219
63	53	0.983296
63	54	0.983337
63	61	0.97934
63	96	1.04811
63	142	0.784695
63	150	1.68275
63	176	1.22566
63	178	2.01806
63	180	1.43378
64	1	0.952962
64	13	0.94842
64	16	0.941234
64	20	0.921438
64	26	1.01928
64	35	1.00477
64	40	0.182717
64	45	1.06769
64	46	1.06033
64	65	1.00429
64	70	1.01001
64	115	1.01223
64	143	0.994092
64	160	1.90649
64	169	1.34027
64	177	2.39213
64	180	0.941977
65	1	0.950509
65	13	0.945968
65	15	0.975976
65	16	0.938781
65	26	1.01682
65	35	1.00232
65	45	1.06523
65	46	1.05788
65	64	1.00429
65	87	0.986296
65	93	0.860276
65	115	1.00978
65	159	1.72936
65	165	1.402
65	167	1.57704
65	172	1.58377
65	180	0.939524
66	22	1.06352
66	38	1.03572
66	39	1.05971
66	68	1.0577
66	76	1.12237
66	83	1.08719
66	98	1.09309
66	102	0.990274
66	103	1.10792
66	105	1.11646
66	139	1.04236
66	141	1.12856
66	156	1.12187
66	169	1.41833
66	172	1.50414
66	175	1.15622
66	180	1.35855
67	10	0.950114
67	91	1.06619
67	99	1.02446
67	112	1.92287
67	114	1.02182
67	118	0.984262
67	124	1.04357
67	127	1.02654
67	132	1.3143
67	134	0.99633
67	142	0.952473
67	147	1.28006
67	151	0.998076
67	156	1.051
67	161	0.923874
67	171	1.60485
67	173	0.830289
68	22	0.968832
68	31	0.880516
68	66	1.0577
68	69	0.981834
68	76	1.02768
68	85	0.974695
68	98	0.998398
68	103	1.01323
68	105	1.02177
68	108	0.997362
68	131	0.902448
68	139	0.947669
68	155	1.65268
68	156	1.02718
68	161	1.53251
68	164	1.34975
68	166	1.72641
69	4	1.03395
69	34	1.08265
69	38	0.959854
69	39	0.983841
69	52	0.684339
69	68	0.981834
69	76	1.0465
69	83	1.01132
69	85	0.993521
69	98	1.01722
69	102	1.47988
69	104	1.19775
69	105	1.0406
69	142	1.19907
69	153	1.78937
69	156	1.046
70	1	0.956228
70	13	0.951686
70	15	0.981694
70	16	0.9445
70	20	0.924705
70	26	1.02254
70	35	1.00804
70	45	1.07095
70	46	1.06359
70	64	1.01001
70	115	1.0155
70	125	1.20033
70	132	1.03642
70	154	1.48647
70	162	1.80634
70	179	1.6845
70	180	0.945243
71	9	1.02627
71	11	1.04071
71	18	0.949293
71	19	0.90484
71	49	0.943074
71	55	0.693001
71	60	1.014
71	74	0.962918
71	77	1.05607
71	96	0.594087
71	115	0.999085
71	126	1.00394
71	130	1.0357
71	145	2.2107
71	150	1.53219
71	162	1.76588
71	175	0.951567
72	12	1.0213
72	30	0.998454
72	47	0.905619
72	50	1.01364
72	51	0.981397
72	87	0.949818
72	95	0.928384
72	106	0.99313
72	108	0.980298
72	109	1.46426
72	110	0.978066
72	116	0.942727
72	122	0.946565
72	138	1.45317
72	139	0.930605
72	144	1.60394
72	161	1.54495
72	176	1.39932
73	44	1.28495
73	79	1.79037
73	93	0.948712
73	102	0.906438
73	119	0.900666
73	139	1.53241
73	158	0.861875
73	166	0.827995
73	167	0.811467
73	168	0.7835
73	169	0.83594
73	171	0.846895
73	172	0.816856
73	174	0.801145
73	176	0.855429
73	177	0.744818
73	179	0.794546
73	180	0.84287
74	9	1.00874
74	11	1.02318
74	18	0.931762
74	19	0.887309
74	49	0.925542
74	56	0.894517
74	60	0.996473
74	71	0.962918
74	77	1.03854
74	113	0.956479
74	115	0.981554
74	126	0.986404
74	130	1.01816
74	141	1.39781
74	161	1.56533
74	166	1.75923
74	167	1.76666
74	175	0.934035
75	53	0.886129
75	55	0.986389
75	115	1.1045
75	137	1.0449
75	139	1.11685
75	143	0.976595
75	144	0.907322
75	152	0.898908
75	154	0.918065
75	155	0.920473
75	160	0.852622
75	161	0.896715
75	165	0.920572
75	167	0.88537
75	172	0.89076
75	173	0.80313
75	177	0.818722
75	180	0.916774
76	22	1.0335
76	31	0.945183
76	32	0.896968
76	66	1.12237
76	68	1.02768
76	69	1.0465
76	83	1.05716
76	85	1.03936
76	98	1.06307
76	105	1.08644
76	108	1.06203
76	109	0.972357
76	133	0.664684
76	139	1.01234
76	156	1.09184
76	158	1.12692
76	162	1.59819
76	173	2.22311
77	9	1.10189
77	18	1.02492
77	19	0.980465
77	49	1.0187
77	56	0.987674
77	60	1.08963
77	71	1.05607
77	74	1.03854
77	93	1.25503
77	104	1.18253
77	109	1.68978
77	113	1.16161
77	115	1.07471
77	126	1.07956
77	128	1.24589
77	130	1.11132
77	142	1.18386
77	175	1.02719
78	59	0.996675
78	99	1.08064
78	100	1.08094
78	101	1.07046
78	120	0.940931
78	127	1.08272
78	136	1.08608
78	137	1.07803
78	145	0.904405
78	146	1.0621
78	151	1.05425
78	154	1.32436
78	161	0.980053
78	162	1.64424
78	163	0.946595
78	167	1.30042
78	173	0.886468
78	174	1.53115
78	179	1.5224
79	44	1.09155
79	73	1.79037
79	82	0.864356
79	99	0.987
79	101	0.976823
79	120	1.49038
79	129	1.01349
79	134	0.958869
79	136	0.992439
79	137	0.984391
79	140	1.71304
79	145	0.810766
79	146	0.968463
79	151	0.960615
79	156	1.01354
79	161	0.886413
79	163	0.852955
79	173	0.792828
79	175	1.50869
80	10	0.966264
80	33	1.1534
80	91	1.08234
80	94	1.04999
80	118	1.00041
80	127	1.04269
80	131	0.713639
80	134	1.01248
80	136	1.04605
80	143	1.11978
80	146	1.02207
80	151	1.01423
80	156	1.06715
80	159	1.69736
80	161	0.940025
80	163	0.906566
80	165	1.37
80	167	1.54503
80	179	1.76701
81	3	0.968132
81	17	1.1061
81	21	0.95045
81	24	1.06375
81	36	1.01673
81	37	1.00938
81	41	1.01741
81	43	1.13954
81	62	1.03099
81	88	1.03946
81	90	0.747178
81	107	0.950782
81	109	0.974716
81	126	1.04942
81	128	0.763162
81	150	1.59919
81	152	1.49312
81	159	1.64139
81	178	1.9345
82	8	1.20668
82	29	0.765157
82	55	1.12552
82	79	0.864356
82	121	0.233273
82	126	0.486298
82	127	0.856019
82	152	1.03803
82	155	1.0596
82	159	1.01897
82	160	0.991748
82	162	0.999372
82	167	1.0245
82	168	0.99653
82	171	1.05993
82	174	1.01417
82	177	0.957848
82	178	0.980393
82	179	1.00758
83	22	0.998317
83	31	0.910002
83	34	1.09331
83	38	0.970514
83	66	1.08719
83	69	1.01132
83	76	1.05716
83	85	1.00418
83	98	1.02788
83	103	1.04271
83	105	1.05126
83	119	0.859124
83	139	0.977155
83	141	0.960083
83	144	1.18658
83	145	2.11756
83	156	1.05666
83	174	1.55966
83	179	1.55091
84	13	1.86357
84	28	1.01727
84	31	1.56977
84	33	0.615902
84	60	0.933489
84	117	1.02163
84	144	0.938501
84	148	1.01782
84	153	0.949584
84	160	0.883801
84	164	0.963535
84	165	0.951751
84	167	0.916549
84	168	0.888583
84	171	0.951978
84	172	0.921939
84	176	0.960512
84	177	0.849901
84	178	0.872446
84	179	0.899629
85	4	1.02681
85	31	0.892203
85	34	1.07551
85	38	0.952715
85	39	0.976701
85	68	0.974695
85	69	0.993521
85	76	1.03936
85	83	1.00418
85	98	1.01008
85	105	1.03346
85	108	1.00905
85	139	0.959355
85	156	1.03886
85	159	1.28876
85	168	1.4171
85	171	1.00087
85	172	1.14317
85	173	2.10517
85	178	1.58186
86	12	1.13621
86	47	1.02053
86	50	1.12855
86	51	1.0963
86	52	0.257795
86	56	1.00117
86	87	1.06472
86	89	1.06127
86	90	1.11228
86	93	0.843702
86	102	1.05334
86	108	1.0952
86	110	1.09297
86	116	1.05763
86	122	1.06147
86	139	1.04551
86	144	1.41812
86	149	1.4367
86	158	1.43301
86	178	2.00589
87	1	0.934969
87	20	0.903445
87	23	1.0031
87	35	0.986779
87	45	1.04969
87	46	1.04233
87	65	0.986296
87	72	0.949818
87	86	1.06472
87	89	0.967305
87	95	0.949322
87	107	1.56908
87	110	0.999003
87	116	0.963665
87	117	1.30229
87	138	1.51296
87	139	0.951542
87	147	1.34573
87	153	1.60843
87	157	1.4719
87	180	0.923984
88	21	0.918502
88	37	0.977429
88	40	1.12339
88	62	0.999043
88	81	1.03946
88	109	0.942768
88	118	0.982692
88	126	1.01747
88	127	1.02497
88	137	1.02028
88	143	1.16364
88	146	1.00435
88	150	0.892585
88	151	0.996506
88	158	1.46143
88	161	0.922304
88	165	1.41385
88	169	1.50982
88	173	0.828719
88	176	1.24192
88	178	2.03432
89	12	1.03879
89	23	0.99965
89	30	1.01594
89	47	0.923107
89	48	0.934359
89	56	0.903752
89	57	1.00567
89	86	1.06127
89	87	0.967305
89	95	0.945872
89	96	0.796405
89	106	1.01062
89	110	0.995553
89	116	0.960215
89	122	0.964053
89	130	0.884628
89	139	0.948092
89	140	1.48756
89	145	2.41301
89	150	1.7345
89	180	1.48553
90	47	0.974114
90	48	0.985366
90	51	1.04989
90	53	0.619301
90	81	0.747178
90	86	1.11228
90	91	0.975656
90	95	0.996879
90	106	1.06162
90	114	0.837073
90	116	1.01122
90	126	0.729921
90	144	0.962088
90	146	0.732291
90	157	0.998338
90	170	0.885995
90	173	0.857896
90	175	0.994277
90	176	0.984099
90	177	0.873489
90	179	0.923216
91	59	0.996035
91	67	1.06619
91	80	1.08234
91	90	0.975656
91	94	1.08938
91	97	1.02429
91	111	0.702587
91	114	1.07736
91	121	1.0558
91	132	1.29144
91	133	1.12786
91	134	1.05187
91	136	1.08544
91	137	1.07739
91	146	1.06146
91	151	1.05361
91	156	1.10654
91	169	1.63848
91	171	1.58199
91	173	0.885828
91	175	1.37637
92	7	1.0962
92	10	0.953196
92	97	0.971836
92	99	1.02754
92	102	1.01058
92	111	0.654563
92	122	0.990535
92	124	1.04665
92	125	1.09405
92	129	1.05403
92	136	1.03298
92	145	0.851309
92	146	1.00901
92	151	1.00116
92	161	0.926957
92	163	0.893498
92	166	1.34881
92	168	1.63692
92	170	2.03101
92	173	0.833372
92	177	2.32903
93	28	0.978545
93	65	0.860276
93	73	0.948712
93	77	1.25503
93	86	0.843702
93	128	1.06688
93	132	1.01643
93	134	1.00766
93	137	0.803207
93	154	0.984345
93	162	0.926526
93	164	0.998635
93	166	0.968179
93	168	0.923683
93	169	0.976123
93	170	0.897508
93	171	0.987079
93	172	0.95704
93	176	0.995612
93	177	0.885002
93	178	0.907547
93	179	0.93473
94	33	1.16044
94	80	1.04999
94	91	1.08938
94	96	0.942135
94	97	0.991943
94	113	0.95993
94	114	1.04501
94	121	1.02345
94	122	1.01064
94	124	1.06676
94	129	1.07414
94	133	1.18042
94	134	1.01952
94	135	2.06939
94	136	1.05309
94	138	1.477
94	146	1.02911
94	151	1.02127
94	157	1.43595
94	163	0.913605
94	173	0.853478
94	176	1.42314
95	23	0.981667
95	40	0.417029
95	47	0.905123
95	48	0.916375
95	50	1.01315
95	51	0.980901
95	57	0.987687
95	72	0.928384
95	87	0.949322
95	89	0.945872
95	90	0.996879
95	106	0.992634
95	108	0.979802
95	109	1.37164
95	110	0.97757
95	116	0.942231
95	122	0.946069
95	139	0.930109
95	157	1.31949
95	162	1.99747
95	167	1.65365
95	168	1.93433
96	2	1.10183
96	24	0.943794
96	25	1.07966
96	27	1.0778
96	53	1.08034
96	54	1.08038
96	61	1.07639
96	63	1.04811
96	71	0.594087
96	89	0.796405
96	94	0.942135
96	108	0.828033
96	116	0.564522
96	151	0.661983
96	154	1.01248
96	160	0.947033
96	167	0.979781
96	169	1.00425
96	174	0.96946
96	176	1.02374
96	178	0.935678
96	179	0.962861
97	44	1.0871
97	91	1.02429
97	92	0.971836
97	94	0.991943
97	99	0.982559
97	100	0.982856
97	104	1.19758
97	111	0.971884
97	118	0.942361
97	122	0.945551
97	128	1.26094
97	129	1.00905
97	134	0.954428
97	136	0.987999
97	145	0.806325
97	146	0.964022
97	147	1.5265
97	151	0.956174
97	156	1.0091
97	167	1.98684
97	172	1.99358
97	173	0.788387
98	31	0.915906
98	34	1.09922
98	38	0.976418
98	39	1.0004
98	66	1.09309
98	68	0.998398
98	69	1.01722
98	76	1.06307
98	83	1.02788
98	85	1.01008
98	103	1.04862
98	105	1.05716
98	108	1.03275
98	131	0.690988
98	135	1.82166
98	138	1.22927
98	139	0.983059
98	150	1.6325
98	153	1.32475
98	156	1.06257
98	169	1.44331
98	180	1.38354
99	52	0.378843
99	67	1.02446
99	78	1.08064
99	79	0.987
99	92	1.02754
99	97	0.982559
99	100	1.03856
99	118	0.998068
99	121	1.01406
99	124	1.05738
99	131	0.850118
99	134	1.01014
99	137	1.03566
99	146	1.01973
99	147	1.22117
99	149	1.55775
99	151	1.01188
99	152	1.68557
99	156	1.0648
99	163	0.904221
99	164	1.29742
99	170	2.35628
99	173	0.844095
100	78	1.08094
100	97	0.982856
100	99	1.03856
100	117	1.04799
100	118	0.998364
100	121	1.01436
100	124	1.05767
100	127	1.04064
100	129	1.06505
100	134	1.01043
100	136	1.044
100	137	1.03595
100	138	1.25866
100	143	1.12652
100	144	1.40942
100	146	1.02003
100	151	1.01218
100	160	2.03892
100	161	0.937976
100	163	0.904518
100	171	1.41621
100	172	1.5585
100	173	0.844391
101	44	1.13263
101	78	1.07046
101	79	0.976823
101	114	1.02545
101	118	0.987891
101	121	1.00388
101	122	0.991081
101	129	1.05458
101	134	0.999958
101	136	1.03353
101	137	1.02548
101	140	1.36806
101	141	1.13604
101	146	1.00955
101	150	0.897783
101	151	1.0017
101	154	1.52882
101	155	1.42372
101	156	1.05463
101	158	1.37743
101	167	1.50488
101	172	1.51162
101	173	0.833917
102	6	1.05012
102	50	1.22776
102	51	1.09863
102	66	0.990274
102	69	1.47988
102	73	0.906438
102	86	1.05334
102	92	1.01058
102	121	0.997103
102	129	1.0478
102	134	0.993176
102	136	1.02675
102	146	1.00277
102	151	0.994922
102	158	0.959784
102	159	0.903852
102	163	0.887262
102	167	0.909376
102	170	0.855234
102	172	0.914765
102	174	0.899054
102	178	0.865273
102	179	0.892456
103	16	1.31112
103	18	0.829425
103	29	0.895317
103	31	0.930736
103	54	0.568693
103	66	1.10792
103	68	1.01323
103	83	1.04271
103	98	1.04862
103	105	1.07199
103	120	1.00884
103	122	0.801787
103	134	0.86907
103	137	0.664614
103	139	0.997889
103	156	1.0774
103	159	0.933403
103	165	0.974128
103	166	0.955455
103	167	0.938926
103	176	0.982888
103	177	0.872278
103	178	0.894823
103	179	0.922006
104	22	1.14441
104	69	1.19775
104	77	1.18253
104	97	1.19758
104	115	0.790298
104	122	0.867881
104	140	0.963471
104	143	1.01631
104	145	0.860781
104	158	0.975492
104	159	0.91956
104	160	0.892335
104	164	0.972069
104	165	0.960285
104	169	0.949557
104	170	0.870942
104	171	0.960513
104	173	0.842843
104	174	0.914762
104	175	0.979224
104	176	0.969046
104	177	0.858436
104	179	0.908164
104	180	0.956488
105	4	1.07389
105	22	1.0276
105	31	0.939281
105	34	1.12259
105	38	0.999792
105	66	1.11646
105	68	1.02177
105	69	1.0406
105	76	1.08644
105	83	1.05126
105	85	1.03346
105	98	1.05716
105	103	1.07199
105	108	1.05613
105	120	1.11155
105	139	1.00643
105	147	1.0107
105	148	0.972966
105	149	1.34728
105	156	1.08594
105	158	1.34359
105	168	1.75171
105	171	1.33548
105	174	1.70177
106	12	1.08555
106	23	1.04641
106	30	1.0627
106	47	0.969869
106	48	0.981121
106	50	1.07789
106	51	1.04565
106	57	1.05243
106	72	0.99313
106	89	1.01062
106	90	1.06162
106	95	0.992634
106	108	1.04455
106	110	1.04232
106	116	1.00698
106	119	1.24304
106	122	1.01081
106	123	1.22199
106	130	0.973088
106	139	0.994855
106	143	1.28759
106	155	1.63168
106	165	1.5378
106	176	1.36587
106	180	1.57399
107	17	0.985474
107	21	0.82982
107	24	0.943122
107	32	0.885805
107	33	1.05695
107	36	0.896104
107	41	0.89678
107	43	1.0189
107	51	1.36877
107	62	0.910361
107	81	0.950782
107	87	1.56908
107	109	0.854086
107	116	1.15551
107	119	0.911477
107	135	0.821048
107	136	1.1923
107	143	0.913502
107	155	0.857381
107	161	0.833623
107	167	0.822278
107	168	0.794311
107	175	0.876418
107	179	0.805358
108	4	1.04948
108	22	1.00319
108	50	1.06506
108	57	1.0396
108	58	0.969092
108	68	0.997362
108	72	0.980298
108	76	1.06203
108	85	1.00905
108	86	1.0952
108	95	0.979802
108	96	0.828033
108	98	1.03275
108	105	1.05613
108	106	1.04455
108	110	1.02948
108	116	0.994145
108	120	1.29652
108	123	1.16516
108	139	0.982022
108	143	1.23076
108	156	1.06153
108	164	1.27192
108	169	1.57694
108	172	1.66274
109	21	0.853754
109	24	0.967056
109	36	0.920038
109	62	0.934295
109	72	1.46426
109	76	0.972357
109	77	1.68978
109	81	0.974716
109	88	0.942768
109	95	1.37164
109	107	0.854086
109	118	1.27999
109	126	0.952721
109	154	0.878907
109	158	0.89662
109	159	0.840689
109	164	0.893197
109	166	0.862741
109	167	0.846212
109	172	0.851602
109	176	0.890174
109	177	0.779564
109	178	0.802109
109	179	0.829292
110	12	1.07049
110	23	1.03135
110	30	1.04764
110	47	0.954805
110	48	0.966057
110	50	1.06283
110	55	1.01084
110	56	0.93545
110	57	1.03737
110	72	0.978066
110	86	1.09297
110	87	0.999003
110	89	0.995553
110	95	0.97757
110	106	1.04232
110	108	1.02948
110	113	0.929726
110	116	0.991913
110	117	1.23613
110	122	0.995751
110	131	0.908514
110	139	0.97979
110	158	1.61245
110	159	1.89223
110	161	1.53857
110	165	1.56487
111	13	1.52665
111	47	1.00733
111	91	0.702587
111	92	0.654563
111	97	0.971884
111	127	0.826573
111	140	1.0468
111	148	1.10968
111	149	1.02508
111	151	0.475
111	152	1.02195
111	156	0.393178
111	157	1.06661
111	162	0.983285
111	163	0.986295
111	165	1.04361
111	168	0.980442
111	170	0.954267
111	171	1.04384
111	173	0.926168
111	174	0.998087
111	176	1.05237
111	177	0.941761
111	178	0.964306
111	179	0.991489
111	180	1.03981
112	28	1.87777
112	44	1.52692
112	67	1.92287
112	114	1.76143
112	132	0.877515
112	133	0.932955
112	135	0.811503
112	148	0.914008
112	149	0.829402
112	150	0.794358
112	153	0.845768
112	157	0.870935
112	165	0.847935
112	166	0.829262
112	167	0.812733
112	169	0.837206
112	170	0.758592
112	171	0.848162
112	174	0.802412
112	175	0.866873
112	176	0.856695
112	177	0.746085
112	178	0.76863
112	179	0.795813
112	180	0.844137
113	39	0.677063
113	40	1.18943
113	48	1.21985
113	74	0.956479
113	77	1.16161
113	94	0.95993
113	110	0.929726
113	114	0.768782
113	138	1.0222
113	144	0.998957
113	148	1.07828
113	150	0.958631
113	153	1.01004
113	156	0.597956
113	160	0.944257
113	162	0.951881
113	164	1.02399
113	166	0.993534
113	167	0.977005
113	168	0.949039
113	171	1.01243
113	172	0.982395
113	174	0.966684
113	176	1.02097
113	177	0.910357
113	178	0.932902
113	179	0.960085
114	67	1.02182
114	90	0.837073
114	91	1.07736
114	94	1.04501
114	101	1.02545
114	112	1.76143
114	113	0.768782
114	119	1.10916
114	121	1.01142
114	122	0.998617
114	124	1.05474
114	127	1.03771
114	129	1.06212
114	134	1.00749
114	136	1.04106
114	137	1.03302
114	145	0.859391
114	146	1.01709
114	150	0.905319
114	151	1.00924
114	152	1.58302
114	158	1.45151
114	161	0.935039
114	163	0.90158
114	171	1.4434
114	173	0.841453
114	176	1.232
115	1	0.958452
115	9	1.04491
115	15	0.983918
115	16	0.946723
115	19	0.923476
115	20	0.926928
115	26	1.02477
115	49	0.96171
115	60	1.03264
115	64	1.01223
115	65	1.00978
115	70	1.0155
115	71	0.999085
115	74	0.981554
115	75	1.1045
115	77	1.07471
115	104	0.790298
115	126	1.02257
115	130	1.05433
115	153	1.38192
115	157	1.24539
115	159	1.73188
115	163	1.68153
115	164	1.19547
115	171	1.444
115	175	0.970203
115	180	0.947466
116	12	1.03515
116	23	0.99601
116	30	1.0123
116	47	0.919467
116	48	0.930719
116	50	1.02749
116	51	0.995245
116	56	0.900112
116	57	1.00203
116	72	0.942727
116	86	1.05763
116	87	0.963665
116	89	0.960215
116	90	1.01122
116	95	0.942231
116	96	0.564522
116	106	1.00698
116	107	1.15551
116	108	0.994145
116	110	0.991913
116	122	0.960413
116	139	0.944452
116	140	1.25567
116	152	1.39655
116	157	1.05833
116	163	1.49447
116	173	2.36123
116	174	1.62323
117	6	1.05347
117	17	1.15462
117	35	1.0663
117	36	1.5392
117	84	1.02163
117	87	1.30229
117	100	1.04799
117	110	1.23613
117	125	0.972874
117	147	1.0271
117	148	1.02076
117	149	0.936156
117	157	0.977689
117	159	0.913964
117	160	0.886739
117	162	0.894363
117	164	0.966473
117	165	0.954689
117	166	0.936016
117	168	0.891521
117	170	0.865346
117	171	0.954916
117	172	0.924877
117	173	0.837247
117	176	0.96345
117	177	0.852839
117	178	0.875384
117	179	0.902567
118	28	1.01596
118	59	0.914103
118	67	0.984262
118	80	1.00041
118	88	0.982692
118	97	0.942361
118	99	0.998068
118	100	0.998364
118	101	0.987891
118	109	1.27999
118	120	1.20252
118	122	0.96106
118	124	1.01718
118	127	1.00015
118	129	1.02456
118	134	0.969937
118	136	1.00351
118	137	0.995459
118	146	0.979531
118	150	0.867762
118	151	0.971683
118	157	1.22785
118	163	0.864023
118	164	1.17792
118	166	1.55458
118	171	1.42645
118	173	0.803896
118	175	1.22083
118	177	2.53479
119	31	1.77801
119	43	1.01742
119	50	1.26508
119	73	0.900666
119	83	0.859124
119	106	1.24304
119	107	0.911477
119	114	1.10916
119	128	1.01883
119	138	0.948803
119	146	1.00438
119	148	1.00488
119	150	0.885228
119	152	0.917141
119	155	0.938706
119	157	0.961805
119	158	0.954011
119	160	0.870855
119	162	0.878479
119	166	0.920132
119	168	0.875637
119	169	0.928076
119	171	0.939032
119	172	0.908993
119	174	0.893282
119	176	0.947565
119	178	0.8595
119	179	0.886683
119	180	0.935007
120	41	1.43978
120	55	0.985336
120	78	0.940931
120	79	1.49038
120	103	1.00884
120	105	1.11155
120	108	1.29652
120	118	1.20252
120	124	1.09419
120	140	0.922704
120	142	1.01275
120	143	0.975541
120	147	0.991932
120	152	0.897855
120	155	0.91942
120	159	0.878794
120	162	0.859193
120	164	0.931302
120	165	0.919518
120	166	0.900846
120	167	0.884317
120	168	0.85635
120	169	0.90879
120	172	0.889707
120	174	0.873995
120	176	0.928279
120	177	0.817669
120	178	0.840214
120	179	0.867397
120	180	0.915721
121	7	1.08271
121	28	1.03196
121	82	0.233273
121	91	1.0558
121	94	1.02345
121	99	1.01406
121	100	1.01436
121	101	1.00388
121	102	0.997103
121	114	1.01142
121	124	1.03317
121	127	1.01614
121	129	1.04055
121	134	0.985931
121	135	1.51807
121	136	1.0195
121	137	1.01145
121	146	0.995525
121	150	0.883756
121	151	0.987677
121	155	1.13762
121	156	1.0406
121	160	1.70594
121	161	0.913476
121	165	1.04375
121	168	1.49946
121	173	0.81989
121	174	1.44951
121	177	2.19157
121	178	1.66422
122	33	1.11405
122	48	0.934556
122	50	1.03133
122	51	0.999082
122	72	0.946565
122	86	1.06147
122	89	0.964053
122	92	0.990535
122	94	1.01064
122	95	0.946069
122	97	0.945551
122	101	0.991081
122	103	0.801787
122	104	0.867881
122	106	1.01081
122	110	0.995751
122	114	0.998617
122	116	0.960413
122	118	0.96106
122	129	1.02775
122	136	1.0067
122	139	0.94829
122	144	1.5148
122	149	1.53338
122	151	0.974873
122	153	1.45951
122	155	1.57598
122	163	0.867213
122	165	1.48211
122	167	1.65714
122	176	1.31017
123	7	1.11051
123	11	0.635169
123	24	1.28092
123	45	1.09164
123	106	1.22199
123	108	1.16516
123	128	1.04725
123	132	0.996799
123	135	0.930787
123	136	0.938434
123	141	0.999908
123	144	0.953969
123	150	0.913642
123	151	0.999109
123	153	0.965051
123	158	0.982425
123	159	0.926494
123	160	0.899268
123	161	0.943362
123	164	0.979002
123	166	0.948546
123	167	0.932017
123	168	0.90405
123	170	0.877875
123	172	0.937407
123	174	0.921695
123	175	0.986157
123	176	0.975979
123	177	0.865369
123	178	0.887914
123	179	0.915097
124	10	0.98303
124	44	1.16192
124	59	0.973412
124	67	1.04357
124	92	1.04665
124	94	1.06676
124	99	1.05738
124	100	1.05767
124	114	1.05474
124	118	1.01718
124	120	1.09419
124	121	1.03317
124	125	1.19148
124	127	1.05946
124	129	1.08387
124	130	0.713926
124	134	1.02925
124	136	1.06282
124	137	1.05477
124	144	1.31133
124	145	0.881143
124	146	1.03884
124	151	1.03099
124	155	1.37252
124	156	1.08392
124	159	1.606
124	173	0.863205
124	174	1.68441
124	175	1.1125
124	179	1.67566
124	180	1.31483
125	12	1.49885
125	41	1.53707
125	49	1.44243
125	70	1.20033
125	92	1.09405
125	117	0.972874
125	124	1.19148
125	132	0.932573
125	133	0.988012
125	140	0.906178
125	144	0.889743
125	146	1.21199
125	147	0.975406
125	149	0.884459
125	152	0.881329
125	153	0.900825
125	154	0.900486
125	155	0.902894
125	157	0.925992
125	162	0.842667
125	164	0.914776
125	165	0.902992
125	166	0.88432
125	169	0.892264
125	171	0.90322
125	172	0.873181
125	173	0.78555
125	174	0.857469
125	176	0.911753
125	178	0.823688
125	179	0.850871
125	180	0.899195
126	3	0.946137
126	11	1.0642
126	17	1.08411
126	18	0.972779
126	19	0.928326
126	21	0.928454
126	24	1.04176
126	36	0.994739
126	37	0.987382
126	41	0.995415
126	43	1.11754
126	49	0.96656
126	56	0.935535
126	60	1.03749
126	62	1.009
126	71	1.00394
126	74	0.986404
126	77	1.07956
126	81	1.04942
126	82	0.486298
126	88	1.01747
126	90	0.729921
126	109	0.952721
126	115	1.02257
126	143	1.04656
126	145	2.26044
126	154	1.49575
126	157	1.13765
126	162	1.81563
126	163	1.57379
126	169	1.39274
126	171	1.33625
126	175	0.975053
127	28	1.05824
127	59	0.956384
127	67	1.02654
127	78	1.08272
127	80	1.04269
127	82	0.856019
127	88	1.02497
127	100	1.04064
127	111	0.826573
127	114	1.03771
127	118	1.00015
127	121	1.01614
127	124	1.05946
127	128	1.11563
127	129	1.06684
127	130	1.10178
127	131	1.01014
127	133	1.25184
127	134	1.01222
127	136	1.04579
127	137	1.03774
127	145	0.864114
127	146	1.02181
127	148	1.34346
127	150	0.910042
127	151	1.01396
127	156	1.06689
127	159	1.99386
127	161	0.939762
127	162	2.18535
127	163	0.906303
127	173	0.846177
127	176	1.49457
128	19	1.23779
128	48	1.30413
128	58	1.03101
128	61	0.839994
128	62	1.33266
128	77	1.24589
128	81	0.763162
128	93	1.06688
128	97	1.26094
128	119	1.01883
128	123	1.04725
128	127	1.11563
128	135	0.928403
128	138	0.974833
128	140	0.96802
128	145	0.86533
128	147	1.03725
128	149	0.946301
128	153	0.962667
128	156	0.682231
128	157	0.987834
128	159	0.92411
128	160	0.896884
128	165	0.964835
128	166	0.946162
128	168	0.901667
128	170	0.875492
128	172	0.935023
128	174	0.919312
128	176	0.973595
128	177	0.862985
128	178	0.88553
128	179	0.912713
128	180	0.961037
129	7	1.13341
129	28	1.08265
129	42	0.62535
129	58	0.62777
129	79	1.01349
129	92	1.05403
129	94	1.07414
129	97	1.00905
129	100	1.06505
129	101	1.05458
129	102	1.0478
129	114	1.06212
129	118	1.02456
129	121	1.04055
129	122	1.02775
129	124	1.08387
129	127	1.06684
129	130	0.574934
129	134	1.03663
129	136	1.0702
129	137	1.06215
129	145	0.888523
129	146	1.04622
129	147	0.854344
129	150	0.934451
129	151	1.03837
129	157	0.980522
129	158	1.18723
129	160	1.80184
129	166	1.30726
129	170	1.98945
129	173	0.870585
129	177	2.28747
129	178	1.76012
130	9	1.08152
130	11	1.09596
130	16	1.42672
130	17	0.918644
130	18	1.00454
130	19	0.960087
130	22	1.19392
130	49	0.998321
130	56	0.967295
130	57	1.00671
130	71	1.0357
130	74	1.01816
130	77	1.11132
130	89	0.884628
130	106	0.973088
130	115	1.05433
130	124	0.713926
130	127	1.10178
130	129	0.574934
130	134	0.984671
130	145	0.88837
130	149	0.969342
130	153	0.985708
130	158	1.00308
130	164	0.999658
130	169	0.977146
130	171	0.988102
130	172	0.958063
130	174	0.942352
130	175	1.00681
130	176	0.996635
130	177	0.886025
130	178	0.90857
130	179	0.935753
131	26	0.867704
131	36	1.21159
131	45	0.751101
131	62	1.22717
131	68	0.902448
131	80	0.713639
131	98	0.690988
131	99	0.850118
131	110	0.908514
131	127	1.01014
131	138	1.07014
131	140	1.06333
131	141	1.09284
131	143	1.11617
131	144	1.0469
131	145	0.960641
131	146	0.642789
131	149	1.04161
131	158	1.07535
131	162	0.99982
131	165	1.06015
131	166	1.04147
131	167	1.02494
131	168	0.996977
131	169	1.04942
131	170	0.970802
131	171	1.06037
131	172	1.03033
131	174	1.01462
131	176	1.06891
131	177	0.958296
131	178	0.980841
131	179	1.00802
131	180	1.05635
132	8	1.76608
132	32	0.942713
132	36	1.61687
132	37	1.33304
132	50	1.30878
132	67	1.3143
132	70	1.03642
132	91	1.29144
132	93	1.01643
132	112	0.877515
132	123	0.996799
132	125	0.932573
132	135	0.877956
132	136	1.00318
132	141	0.947077
132	142	1.00762
132	144	0.901138
132	145	0.814883
132	150	0.860811
132	155	0.914289
132	159	0.873662
132	162	0.854062
132	163	0.857072
132	165	0.914387
132	167	0.879186
132	168	0.851219
132	169	0.903659
132	170	0.825044
132	171	0.914615
132	172	0.884576
132	173	0.796945
132	174	0.868864
132	175	0.933326
132	176	0.923148
132	177	0.812538
132	178	0.835083
132	179	0.862266
133	3	1.58935
133	29	1.16098
133	34	0.888418
133	36	1.45329
133	43	0.897533
133	46	0.885633
133	55	1.03564
133	76	0.664684
133	91	1.12786
133	94	1.18042
133	112	0.932955
133	125	0.988012
133	127	1.25184
133	138	0.979825
133	141	1.00252
133	142	1.06306
133	147	1.04224
133	149	0.951294
133	152	0.948163
133	155	0.969728
133	157	0.992827
133	159	0.929102
133	162	0.909501
133	164	0.98161
133	165	0.969827
133	168	0.906659
133	169	0.959098
133	170	0.880484
133	171	0.970054
133	172	0.940015
133	174	0.924304
133	175	0.988765
133	176	0.978587
133	177	0.867977
133	178	0.890522
133	179	0.917705
133	180	0.966029
134	10	0.935788
134	33	1.12293
134	40	0.487799
134	67	0.99633
134	79	0.958869
134	80	1.01248
134	91	1.05187
134	93	1.00766
134	94	1.01952
134	97	0.954428
134	99	1.01014
134	100	1.01043
134	101	0.999958
134	102	0.993176
134	103	0.86907
134	114	1.00749
134	118	0.969937
134	121	0.985931
134	124	1.02925
134	127	1.01222
134	129	1.03663
134	130	0.984671
134	136	1.01557
134	137	1.00753
134	145	0.833901
134	146	0.991598
134	147	1.26408
134	148	1.22635
134	149	1.60066
134	150	0.879829
134	151	0.98375
134	156	1.03667
134	157	1.39026
134	161	0.909549
134	165	1.54939
134	168	2.0051
134	173	0.815963
134	174	1.95515
135	1	1.70459
135	19	2.26297
135	54	1.72333
135	58	0.914554
135	94	2.06939
135	98	1.82166
135	107	0.821048
135	112	0.811503
135	121	1.51807
135	123	0.930787
135	128	0.928403
135	132	0.877956
135	138	0.858373
135	143	0.904398
135	144	0.835125
135	145	0.748871
135	147	0.920789
135	149	0.829842
135	150	0.794799
135	152	0.826712
135	154	0.845869
135	155	0.848277
135	162	0.788049
135	164	0.860159
135	165	0.848375
135	166	0.829703
135	168	0.785207
135	169	0.837647
135	170	0.759032
135	171	0.848603
135	172	0.818563
135	174	0.802852
135	176	0.857136
135	177	0.746526
135	178	0.769071
135	179	0.796254
135	180	0.844578
136	10	0.969359
136	59	0.959741
