1	3	1.03964
1	18	1.01672
1	36	1.11187
1	55	1.20366
1	104	1.08736
1	109	1.11147
1	118	1.17409
1	141	0.854691
1	154	0.883255
1	157	1.06713
1	172	1.37299
2	56	1.23924
2	90	1.21777
2	93	1.19718
2	98	1.19569
2	100	1.17453
2	105	1.22821
2	125	0.546221
2	134	0.899684
2	141	1.12306
2	144	1.22195
2	159	0.873639
2	173	1.34224
3	1	1.03964
3	11	1.16977
3	18	0.968535
3	36	1.06368
3	43	1.0428
3	55	1.15547
3	104	1.03917
3	114	1.01835
3	118	1.1259
3	145	1.06685
3	157	1.01894
3	158	1.24445
4	10	1.17503
4	86	1.23738
4	96	1.21254
4	101	1.19712
4	108	1.25056
4	112	1.30394
4	152	1.16147
4	155	0.480638
4	172	1.03135
4	177	1.13091
4	179	1.06241
4	180	1.0069
5	46	1.09818
5	51	1.17821
5	71	1.22459
5	79	1.20097
5	82	1.17043
5	89	0.636624
5	94	1.30529
5	121	1.20274
5	144	1.24144
5	150	0.645898
5	165	1.36125
5	169	0.937196
6	11	1.16653
6	18	0.965293
6	36	1.06044
6	43	1.03956
6	55	1.15223
6	104	1.03593
6	109	1.06005
6	118	1.12266
6	135	0.825569
6	152	1.05485
6	157	1.0157
6	165	1.43064
7	9	1.26607
7	47	1.16053
7	99	1.16892
7	103	1.24549
7	106	1.15286
7	109	0.862585
7	111	1.20027
7	115	0.696559
7	116	1.20033
7	126	1.2193
7	131	1.06211
7	150	0.903467
8	22	1.2326
8	48	1.16384
8	53	1.17002
8	61	1.13883
8	65	1.21237
8	66	1.21102
8	76	1.18708
8	85	1.25399
8	114	0.740285
8	145	0.788782
8	157	0.829057
8	159	1.2851
9	7	1.26607
9	75	1.16325
9	92	1.26084
9	99	1.1518
9	103	1.22837
9	111	1.18315
9	116	1.18321
9	121	1.16212
9	122	0.314354
9	146	1.60439
9	159	0.726029
9	177	1.02573
10	4	1.17503
10	32	1.20769
10	70	1.07893
10	86	1.0583
10	101	1.01804
10	108	1.07149
10	112	1.12487
10	148	0.716309
10	152	0.982396
10	163	1.36799
10	171	1.23246
10	179	0.883342
11	3	1.16977
11	6	1.16653
11	18	1.14686
11	36	1.242
11	43	1.22112
11	104	1.21749
11	109	1.24161
11	149	0.520068
11	157	1.19726
11	164	0.808165
11	168	1.29657
11	176	1.01251
12	17	1.11571
12	28	1.07045
12	48	1.03056
12	53	1.03674
12	61	1.00555
12	65	1.07909
12	66	1.07774
12	76	1.05381
12	85	1.12071
12	120	1.20291
12	139	0.883961
12	166	1.2284
13	26	0.610274
13	30	1.25214
13	49	1.19374
13	50	1.19775
13	57	1.15705
13	67	1.11812
13	69	1.11844
13	107	1.0876
13	115	0.657292
13	124	1.18411
13	141	1.14467
13	149	1.11359
13	175	1.34672
14	23	1.18639
14	25	1.15221
14	31	1.14695
14	34	1.15053
14	40	1.14461
14	54	1.11434
14	63	1.19461
14	126	1.17191
14	127	1.18418
14	136	0.651301
14	154	0.884757
14	161	0.681852
14	168	1.60083
15	43	1.18562
15	49	1.25129
15	67	1.17568
15	69	1.176
15	109	1.2061
15	117	0.743422
15	118	1.26872
15	131	0.994249
15	137	0.99387
15	139	0.858656
15	149	1.17114
15	157	1.16176
16	90	1.16604
16	93	1.14545
16	98	1.14396
16	100	1.1228
16	105	1.17648
16	124	1.19701
16	132	1.18877
16	138	1.0002
16	141	1.07133
16	144	1.17022
16	149	0.975221
16	155	0.974667
16	157	0.869188
17	12	1.11571
17	28	1.16421
17	48	1.12432
17	61	1.09931
17	64	1.15272
17	65	1.17286
17	66	1.1715
17	76	1.14757
17	85	1.21447
17	142	0.55722
17	157	0.733297
17	170	0.973005
17	179	1.52663
18	1	1.01672
18	3	0.968535
18	6	0.965293
18	11	1.14686
18	36	1.04077
18	43	1.01989
18	55	1.13256
18	104	1.01626
18	110	0.741886
18	118	1.10299
18	150	1.12531
18	157	0.99603
18	175	1.60784
19	47	1.13623
19	59	1.11417
19	68	1.18555
19	75	1.15607
19	99	1.14462
19	103	1.22119
19	106	1.12856
19	111	1.17597
19	116	1.17603
19	130	0.858747
19	136	0.799034
19	148	0.710109
19	165	1.43881
20	22	1.18834
20	28	1.15947
20	48	1.11958
20	53	1.12576
20	61	1.09457
20	65	1.16812
20	66	1.16676
20	76	1.14283
20	85	1.20973
20	130	0.823851
20	137	0.846829
20	158	0.968456
20	175	1.17108
21	37	1.32995
21	86	1.3292
21	96	1.30437
21	101	1.28894
21	108	1.34238
21	112	1.39577
21	152	1.25329
21	155	0.53721
21	165	1.00451
21	171	0.791959
21	175	0.771681
21	176	1.03021
21	179	1.15424
22	8	1.2326
22	20	1.18834
22	48	1.10794
22	53	1.11412
22	61	1.08292
22	65	1.15647
22	66	1.15511
22	76	1.13118
22	85	1.19809
22	138	0.774291
22	145	0.603
22	165	1.21606
22	176	1.24175
23	14	1.18639
23	25	1.15018
23	31	1.14492
23	35	1.1477
23	40	1.14259
23	54	1.11231
23	63	1.19258
23	89	0.856278
23	109	0.824671
23	126	1.16988
23	127	1.18215
23	148	0.852204
23	166	1.23304
24	39	1.14892
24	60	1.19005
24	74	1.12617
24	88	1.16485
24	91	1.14104
24	95	1.14069
24	97	1.22718
24	113	0.658558
24	135	0.821936
24	138	1.0939
24	142	1.21261
24	164	1.24835
24	167	1.07471
25	14	1.15221
25	23	1.15018
25	31	1.11075
25	34	1.11433
25	35	1.11352
25	40	1.10841
25	54	1.07814
25	63	1.1584
25	102	1.09197
25	119	0.736511
25	127	1.14797
25	128	0.70813
25	152	1.22039
25	170	1.2631
26	13	0.610274
26	27	0.397625
26	36	0.254812
26	70	0.423402
26	160	1.14362
26	164	1.18875
26	165	1.17077
26	170	1.18503
26	173	1.12463
26	176	1.15073
26	177	1.13289
26	178	1.14272
26	180	1.13904
27	26	0.397625
27	30	1.34103
27	49	1.28263
27	50	1.28664
27	57	1.24594
27	67	1.20701
27	69	1.20733
27	107	1.17649
27	124	1.273
27	135	0.761837
27	137	0.80982
27	149	1.20248
27	162	0.835439
27	164	1.18825
28	12	1.07045
28	17	1.16421
28	20	1.15947
28	53	1.08525
28	61	1.05405
28	64	1.10747
28	65	1.1276
28	66	1.12624
28	76	1.10231
28	85	1.16921
28	89	0.763372
28	138	1.04623
28	155	1.0207
28	170	1.15492
29	97	0.329192
29	103	0.393598
29	104	0.386465
29	126	0.45632
29	135	1.23822
29	161	1.20622
29	165	1.10363
29	169	1.13813
29	171	1.11132
29	172	1.08821
29	174	1.04306
29	175	1.10375
29	178	1.07558
29	180	1.0719
30	13	1.25214
30	27	1.34103
30	50	1.28791
30	57	1.24721
30	67	1.20828
30	69	1.2086
30	107	1.17776
30	124	1.27427
30	139	0.575912
30	145	0.655154
30	147	0.861239
30	149	1.20375
30	163	1.19119
30	171	1.05566
31	14	1.14695
31	23	1.14492
31	25	1.11075
31	34	1.10907
31	35	1.10826
31	54	1.07288
31	63	1.15314
31	102	1.08671
31	126	1.13045
31	127	1.14271
31	147	0.838256
31	152	0.869444
31	175	1.0124
31	180	1.30419
32	10	1.20769
32	70	1.29067
32	86	1.27004
32	96	1.24521
32	101	1.22978
32	108	1.28323
32	112	1.33661
32	119	0.398287
32	131	1.23421
32	155	0.586516
32	163	0.9768
32	172	1.13723
32	173	1.40569
32	179	1.09508
33	38	1.134
33	52	1.10817
33	90	1.14355
33	93	1.12296
33	100	1.10031
33	105	1.15399
33	107	1.07801
33	124	1.17452
33	127	0.513497
33	141	1.04884
33	144	1.14773
33	153	1.17914
33	159	1.00671
33	179	1.34399
34	14	1.15053
34	25	1.11433
34	31	1.10907
34	35	1.11184
34	40	1.10673
34	54	1.07646
34	63	1.15672
34	102	1.09029
34	118	0.507548
34	126	1.13403
34	127	1.14629
34	159	1.15307
34	175	1.03697
34	180	1.32876
35	23	1.1477
35	25	1.11352
35	31	1.10826
35	34	1.11184
35	40	1.10593
35	54	1.07565
35	63	1.15592
35	64	0.866092
35	89	0.82003
35	102	1.08949
35	126	1.13322
35	127	1.14549
35	158	1.1092
35	167	1.19236
36	1	1.11187
36	3	1.06368
36	6	1.06044
36	11	1.242
36	18	1.04077
36	26	0.254812
36	43	1.11504
36	55	1.2277
36	104	1.1114
36	109	1.13552
36	157	1.09118
36	163	1.14707
36	164	1.04544
36	180	1.28305
37	21	1.32995
37	70	1.14203
37	73	1.14738
37	96	1.09657
37	101	1.08114
37	108	1.13459
37	110	0.643575
37	112	1.18797
37	130	1.16229
37	131	1.08557
37	135	1.13729
37	150	1.027
37	152	1.0455
37	179	0.946443
38	33	1.134
38	52	1.09939
38	90	1.13477
38	93	1.11417
38	98	1.11269
38	100	1.09152
38	105	1.14521
38	107	1.06922
38	132	1.1575
38	142	0.780349
38	144	1.13894
38	147	1.12224
38	158	1.09375
38	162	0.997742
39	24	1.14892
39	41	1.13702
39	74	1.10274
39	80	1.10507
39	88	1.14142
39	89	0.923696
39	91	1.11761
39	95	1.11726
39	97	1.20375
39	104	1.10619
39	118	0.886069
39	138	1.07047
39	143	0.838178
39	170	1.31525
40	14	1.14461
40	23	1.14259
40	25	1.10841
40	34	1.10673
40	35	1.10593
40	54	1.07054
40	63	1.15081
40	102	1.08437
40	126	1.12811
40	127	1.14037
40	145	0.899598
40	152	1.13687
40	155	1.04535
40	157	0.939873
41	39	1.13702
41	62	1.07722
41	74	1.11427
41	80	1.11661
41	88	1.15296
41	91	1.12915
41	95	1.1288
41	102	1.10825
41	113	0.850865
41	114	0.957756
41	138	1.08201
41	140	1.00813
41	142	1.20071
41	147	1.21234
42	71	1.11039
42	78	1.09409
42	79	1.08676
42	81	1.10069
42	82	1.05622
42	83	1.16468
42	94	1.19109
42	128	0.607888
42	129	1.12153
42	132	1.14579
42	140	0.884743
42	144	1.12723
42	166	1.14806
42	178	1.3406
43	3	1.0428
43	6	1.03956
43	11	1.22112
43	15	1.18562
43	18	1.01989
43	36	1.11504
43	55	1.20682
43	109	1.11464
43	118	1.17726
43	119	0.556305
43	141	0.98108
43	155	0.948662
43	157	1.0703
43	180	1.47493
44	70	1.16272
44	73	1.16808
44	86	1.1421
44	96	1.11727
44	101	1.10184
44	108	1.15528
44	112	1.20867
44	120	1.12723
44	128	0.612543
44	131	1.10626
44	152	1.06619
44	161	0.891359
44	178	1.34526
44	179	0.967139
45	73	1.20809
45	86	1.18211
45	96	1.15728
45	101	1.14185
45	108	1.19529
45	112	1.24868
45	131	1.14627
45	137	0.760442
45	148	0.588826
45	152	1.1062
45	153	1.37322
45	175	1.0847
45	179	1.00715
46	5	1.09818
46	51	0.946186
46	77	1.07906
46	78	0.976272
46	79	0.968942
46	81	0.982871
46	83	1.04686
46	94	1.07327
46	115	1.01434
46	128	1.04856
46	129	1.0037
46	132	1.02796
46	144	1.00941
46	167	1.58431
47	7	1.16053
47	19	1.13623
47	72	1.09801
47	75	1.05771
47	87	1.10514
47	99	1.04626
47	103	1.12283
47	106	1.0302
47	111	1.07761
47	116	1.07767
47	126	1.09664
47	143	0.762301
47	145	0.959389
47	162	1.04098
47	178	1.41712
48	8	1.16384
48	12	1.03056
48	17	1.12432
48	20	1.11958
48	22	1.10794
48	53	1.04536
48	61	1.01416
48	65	1.08771
48	66	1.08635
48	76	1.06242
48	85	1.12933
48	109	1.07751
48	119	0.97409
48	128	0.945709
48	148	1.10505
49	13	1.19374
49	15	1.25129
49	27	1.28263
49	50	1.22952
49	57	1.18881
49	58	1.21257
49	67	1.14989
49	69	1.15021
49	124	1.21587
49	137	0.578599
49	148	0.406983
49	149	1.14535
49	153	1.19137
49	165	1.13569
49	172	1.2191
50	13	1.19775
50	27	1.28664
50	30	1.28791
50	49	1.22952
50	57	1.19283
50	67	1.1539
50	69	1.15422
50	107	1.12338
50	110	0.457975
50	124	1.21989
50	133	0.958784
50	149	1.14936
50	150	0.589043
50	164	1.12574
50	180	1.36336
51	5	1.17821
51	46	0.946186
51	71	1.0726
51	77	1.1591
51	81	1.06291
51	82	1.01844
51	83	1.1269
51	94	1.1533
51	119	0.611137
51	129	1.08374
51	132	1.108
51	144	1.08945
51	155	1.00349
51	161	0.861572
51	179	1.69134
52	33	1.10817
52	38	1.09939
52	56	1.13041
52	90	1.10894
52	93	1.08835
52	98	1.08686
52	100	1.0657
52	105	1.11938
52	107	1.0434
52	114	0.592656
52	132	1.13167
52	141	1.01423
52	166	0.906347
52	177	1.43718
52	180	1.31317
53	8	1.17002
53	12	1.03674
53	20	1.12576
53	22	1.11412
53	28	1.08525
53	48	1.04536
53	61	1.02034
53	64	1.07376
53	65	1.09389
53	76	1.0686
53	85	1.1355
53	127	0.595003
53	139	0.512653
53	160	1.69717
53	179	1.4255
54	14	1.11434
54	23	1.11231
54	25	1.07814
54	31	1.07288
54	34	1.07646
54	35	1.07565
54	40	1.07054
54	63	1.12053
54	102	1.0541
54	113	0.812794
54	115	0.658979
54	126	1.09784
54	127	1.1101
54	143	0.771095
54	173	1.93311
55	1	1.20366
55	3	1.15547
55	6	1.15223
55	18	1.13256
55	36	1.2277
55	43	1.20682
55	104	1.20319
55	109	1.22731
55	113	0.749065
55	118	1.28992
55	123	0.604099
55	137	0.960426
55	138	1.07574
55	147	1.11054
55	157	1.18296
56	2	1.23924
56	52	1.13041
56	58	1.19344
56	90	1.16578
56	98	1.1437
56	100	1.12254
56	105	1.17622
56	117	0.462156
56	120	0.648451
56	124	1.19675
56	132	1.18851
56	141	1.07107
56	144	1.16996
56	160	1.51402
56	176	1.0475
56	180	1.08076
57	13	1.15705
57	27	1.24594
57	30	1.24721
57	49	1.18881
57	50	1.19283
57	58	1.17588
57	67	1.1132
57	69	1.11352
57	107	1.08268
57	124	1.17919
57	137	0.705683
57	143	0.452623
57	149	1.10866
57	152	0.886983
57	163	1.18575
57	179	1.48332
58	49	1.21257
58	56	1.19344
58	57	1.17588
58	64	0.693822
58	67	1.13695
58	69	1.13727
58	93	1.15138
58	98	1.14989
58	100	1.12873
58	105	1.18241
58	109	0.616153
58	138	0.930621
58	144	1.17615
58	149	1.13241
58	151	0.833091
58	179	1.59293
59	19	1.11417
59	68	1.06513
59	72	1.07595
59	75	1.03565
59	87	1.08308
59	92	1.13324
59	99	1.02421
59	103	1.10078
59	106	1.00814
59	111	1.05555
59	116	1.05561
59	123	0.735552
59	126	1.07458
59	162	1.1175
59	166	1.3011
59	169	1.22491
60	24	1.19005
60	62	1.10681
60	74	1.14387
60	80	1.1462
60	88	1.18255
60	91	1.15874
60	95	1.15839
60	97	1.24488
60	110	0.537993
60	128	1.18459
60	138	1.1116
60	142	1.23031
60	143	0.826628
60	151	1.09748
60	156	0.987473
60	169	1.21272
61	8	1.13883
61	12	1.00555
61	17	1.09931
61	20	1.09457
61	22	1.08292
61	28	1.05405
61	48	1.01416
61	53	1.02034
61	65	1.0627
61	66	1.06134
61	76	1.03741
61	85	1.10431
61	117	0.424513
61	134	1.14136
61	163	1.15503
61	174	1.73297
62	41	1.07722
62	60	1.10681
62	74	1.04293
62	80	1.04527
62	88	1.08162
62	91	1.0578
62	95	1.05746
62	97	1.14394
62	102	1.0369
62	104	1.04638
62	138	1.01067
62	140	1.17576
62	142	1.12937
62	143	0.976801
62	148	1.05824
62	161	1.17772
63	14	1.19461
63	23	1.19258
63	25	1.1584
63	31	1.15314
63	34	1.15672
63	35	1.15592
63	40	1.15081
63	54	1.12053
63	102	1.13436
63	126	1.1781
63	127	1.19037
63	134	0.912703
63	142	0.492547
63	146	1.76502
63	166	0.655529
63	177	1.18636
64	17	1.15272
64	28	1.10747
64	35	0.866092
64	53	1.07376
64	58	0.693822
64	66	1.11475
64	76	1.09082
64	85	1.15772
64	88	0.786642
64	108	0.445894
64	162	1.04424
64	164	1.00392
64	169	1.02044
64	172	0.970514
64	174	0.92537
64	177	0.948057
64	180	0.954207
65	8	1.21237
65	12	1.07909
65	17	1.17286
65	20	1.16812
65	22	1.15647
65	28	1.1276
65	48	1.08771
65	53	1.09389
65	61	1.0627
65	66	1.13489
65	76	1.11096
65	85	1.17786
65	147	0.83323
65	156	0.590902
65	163	1.16318
65	176	1.2659
65	178	1.08488
66	8	1.21102
66	12	1.07774
66	17	1.1715
66	20	1.16676
66	22	1.15511
66	28	1.12624
66	48	1.08635
66	61	1.06134
66	64	1.11475
66	65	1.13489
66	76	1.1096
66	85	1.1765
66	145	0.644067
66	161	0.647899
66	170	0.924049
66	176	1.28282
66	177	1.44009
67	13	1.11812
67	15	1.17568
67	27	1.20701
67	30	1.20828
67	49	1.14989
67	50	1.1539
67	57	1.1132
67	58	1.13695
67	69	1.07459
67	107	1.04375
67	123	0.638174
67	124	1.14026
67	139	0.859286
67	149	1.06973
67	151	1.01229
67	162	1.02012
67	171	1.33903
68	19	1.18555
68	59	1.06513
68	72	1.14732
68	87	1.15445
68	92	1.20461
68	99	1.09558
68	103	1.17215
68	106	1.07951
68	111	1.12693
68	116	1.12698
68	121	1.10589
68	129	1.13888
68	139	0.74096
68	142	0.6844
68	150	0.717906
68	167	1.08097
68	179	1.65381
69	13	1.11844
69	15	1.176
69	27	1.20733
69	30	1.2086
69	49	1.15021
69	50	1.15422
69	57	1.11352
69	58	1.13727
69	67	1.07459
69	107	1.04407
69	114	0.708522
69	124	1.14058
69	125	0.703813
69	149	1.07005
69	151	0.830779
69	169	0.946021
69	173	1.72195
70	10	1.07893
70	26	0.423402
70	32	1.29067
70	37	1.14203
70	44	1.16272
70	73	1.16725
70	86	1.14128
70	96	1.11645
70	101	1.10102
70	108	1.15446
70	112	1.20785
70	127	0.782733
70	130	0.812619
70	139	0.700382
70	152	1.06537
70	174	1.89361
70	179	0.966316
71	5	1.22459
71	42	1.11039
71	51	1.0726
71	77	1.20548
71	78	1.10269
71	79	1.09536
71	81	1.10928
71	82	1.06481
71	94	1.19968
71	129	1.13012
71	132	1.15438
71	133	1.01642
71	136	0.722251
71	144	1.13583
71	147	0.955056
71	167	1.00973
71	178	1.2067
72	47	1.09801
72	59	1.07595
72	68	1.14732
72	75	1.11785
72	92	1.21543
72	99	1.1064
72	103	1.18297
72	106	1.09034
72	109	0.683789
72	111	1.13775
72	118	0.677769
72	121	1.11671
72	126	1.15678
72	129	1.1497
72	149	0.973275
72	164	1.26137
72	178	1.2847
73	37	1.14738
73	44	1.16808
73	45	1.20809
73	70	1.16725
73	86	1.14663
73	96	1.1218
73	101	1.10637
73	108	1.15981
73	112	1.2132
73	131	1.11079
73	146	1.93345
73	152	1.07072
73	156	0.522531
73	158	0.736373
73	166	0.823968
73	175	0.939
73	179	0.971668
74	24	1.12617
74	39	1.10274
74	41	1.11427
74	60	1.14387
74	62	1.04293
74	80	1.08232
74	88	1.11867
74	91	1.09486
74	95	1.09451
74	97	1.181
74	115	0.781271
74	117	0.895999
74	128	1.1207
74	138	1.04772
74	139	1.01123
74	142	1.16643
74	143	0.893387
74	171	1.49098
75	9	1.16325
75	19	1.15607
75	47	1.05771
75	59	1.03565
75	72	1.11785
75	87	1.12497
75	92	1.17514
75	99	1.0661
75	103	1.14267
75	106	1.05004
75	110	0.407386
75	111	1.09745
75	116	1.09751
75	120	1.13282
75	126	1.11648
75	141	1.07128
75	150	0.790814
75	177	1.68914
76	8	1.18708
76	12	1.05381
76	17	1.14757
76	20	1.14283
76	22	1.13118
76	28	1.10231
76	48	1.06242
76	53	1.0686
76	61	1.03741
76	64	1.09082
76	65	1.11096
76	66	1.1096
76	85	1.15257
76	110	0.473376
76	125	0.905893
76	151	1.03286
76	170	1.23908
76	178	1.41683
77	46	1.07906
77	51	1.1591
77	71	1.20548
77	78	1.18919
77	79	1.18186
77	81	1.19579
77	82	1.15131
77	83	1.25978
77	94	1.28618
77	129	1.21662
77	132	1.24088
77	138	0.924673
77	139	0.674141
77	144	1.22233
77	145	0.753383
77	148	0.637739
77	170	1.03337
77	176	1.39214
78	42	1.09409
78	46	0.976272
78	71	1.10269
78	77	1.18919
78	79	1.07906
78	81	1.09299
78	82	1.04852
78	83	1.15698
78	94	1.18339
78	117	0.667729
78	118	0.713008
78	121	1.08084
78	129	1.11383
78	132	1.13809
78	142	0.726403
78	144	1.11953
78	159	1.35853
78	177	1.65823
79	5	1.20097
79	42	1.08676
79	46	0.968942
79	71	1.09536
79	77	1.18186
79	78	1.07906
79	81	1.08566
79	82	1.04119
79	83	1.14965
79	94	1.17606
79	121	1.07351
79	129	1.10649
79	132	1.13076
79	142	0.840787
79	150	0.874293
79	154	1.18333
79	157	1.01686
79	169	1.16559
80	39	1.10507
80	41	1.11661
80	60	1.1462
80	62	1.04527
80	74	1.08232
80	88	1.121
80	91	1.09719
80	95	1.09684
80	97	1.18333
80	104	1.08577
80	122	0.65133
80	128	1.12304
80	136	0.805797
80	138	1.05005
80	142	1.16876
80	155	0.978271
80	162	0.914108
80	168	1.75533
81	42	1.10069
81	46	0.982871
81	51	1.06291
81	71	1.10928
81	77	1.19579
81	78	1.09299
81	79	1.08566
81	82	1.05512
81	83	1.16358
81	94	1.18999
81	121	1.08744
81	129	1.12042
81	143	0.501445
81	144	1.12613
81	149	0.844842
81	156	0.66229
81	160	1.80381
81	165	1.31159
82	5	1.17043
82	42	1.05622
82	51	1.01844
82	71	1.06481
82	77	1.15131
82	78	1.04852
82	79	1.04119
82	81	1.05512
82	83	1.11911
82	94	1.14551
82	121	1.04296
82	129	1.07595
82	132	1.10021
82	135	0.774631
82	144	1.08166
82	149	0.91295
82	167	1.0274
82	171	1.16714
82	180	1.43866
83	42	1.16468
83	46	1.04686
83	51	1.1269
83	77	1.25978
83	78	1.15698
83	79	1.14965
83	81	1.16358
83	82	1.11911
83	94	1.25398
83	121	1.15143
83	123	0.582086
83	129	1.18442
83	132	1.20868
83	144	1.19012
83	148	0.766796
83	151	0.9562
83	156	0.846197
83	169	1.07144
83	178	1.34017
84	91	0.469776
84	92	0.392695
84	98	0.372881
84	115	1.37046
84	116	0.375727
84	129	0.0624761
84	132	0.351719
84	161	1.25248
84	162	1.20819
84	167	1.17045
84	168	1.105
84	169	1.18439
84	171	1.15758
84	174	1.08932
84	175	1.15001
84	176	1.12985
84	177	1.11201
84	178	1.12184
84	180	1.11816
85	8	1.25399
85	12	1.12071
85	17	1.21447
85	20	1.20973
85	22	1.19809
85	28	1.16921
85	48	1.12933
85	53	1.1355
85	61	1.10431
85	64	1.15772
85	65	1.17786
85	66	1.1765
85	76	1.15257
85	113	0.367075
85	125	0.691368
85	140	0.524335
85	146	1.89714
85	158	0.700062
85	173	1.48739
86	4	1.23738
86	10	1.0583
86	21	1.3292
86	32	1.27004
86	44	1.1421
86	45	1.18211
86	70	1.14128
86	73	1.14663
86	96	1.09582
86	101	1.08039
86	108	1.13384
86	112	1.18722
86	122	0.492725
86	140	0.675784
86	149	0.820221
86	152	1.04475
86	153	1.34266
86	157	0.714187
86	174	1.7879
86	179	0.945693
87	47	1.10514
87	59	1.08308
87	68	1.15445
87	75	1.12497
87	92	1.22256
87	99	1.11353
87	103	1.1901
87	106	1.09746
87	111	1.14487
87	114	1.15905
87	116	1.14493
87	121	1.12384
87	126	1.1639
87	129	1.15683
87	136	0.610204
87	149	0.783232
87	154	0.84366
87	158	0.814522
87	171	1.03743
87	174	1.75091
88	24	1.16485
88	39	1.14142
88	41	1.15296
88	60	1.18255
88	62	1.08162
88	64	0.786642
88	74	1.11867
88	80	1.121
88	91	1.13354
88	95	1.13319
88	97	1.21968
88	102	1.11264
88	110	0.366426
88	127	0.855258
88	128	1.15939
88	131	0.908501
88	138	1.0864
88	142	1.20511
88	159	1.34847
88	175	1.23238
89	5	0.636624
89	23	0.856278
89	28	0.763372
89	35	0.82003
89	39	0.923696
89	109	1.14751
89	119	1.23592
89	123	1.25752
89	130	1.14983
89	140	1.13456
89	153	1.0115
89	160	0.990755
89	169	1.0524
89	170	1.03216
89	172	1.00248
89	175	1.01802
89	176	0.997861
89	177	0.980019
89	178	0.98985
89	180	0.986169
90	2	1.21777
90	16	1.16604
90	33	1.14355
90	38	1.13477
90	52	1.10894
90	56	1.16578
90	93	1.12372
90	98	1.12224
90	100	1.10107
90	105	1.15476
90	114	0.58243
90	122	0.449741
90	124	1.17528
90	131	0.687279
90	132	1.16705
90	141	1.04961
90	144	1.14849
90	160	1.7362
90	164	1.06533
90	180	1.30295
91	24	1.14104
91	39	1.11761
91	41	1.12915
91	60	1.15874
91	62	1.0578
91	74	1.09486
91	80	1.09719
91	84	0.469776
91	88	1.13354
91	95	1.10938
91	97	1.19587
91	102	1.08883
91	104	1.09831
91	123	0.650479
91	128	1.13558
91	135	0.958822
91	138	1.06259
91	142	1.1813
91	157	0.991107
91	162	1.03242
91	176	1.58959
92	9	1.26084
92	59	1.13324
92	68	1.20461
92	72	1.21543
92	75	1.17514
92	84	0.392695
92	87	1.22256
92	99	1.16369
92	103	1.24026
92	106	1.14762
92	111	1.19504
92	114	1.20921
92	116	1.19509
92	126	1.21406
92	127	0.876859
92	129	1.20699
92	133	1.1412
92	145	0.873751
92	148	0.758107
92	157	0.914026
92	169	1.06275
93	2	1.19718
93	16	1.14545
93	33	1.12296
93	38	1.11417
93	52	1.08835
93	58	1.15138
93	90	1.12372
93	98	1.10164
93	100	1.08048
93	105	1.13416
93	107	1.05818
93	124	1.15469
93	132	1.14645
93	134	1.27449
93	141	1.02901
93	144	1.1279
93	157	0.792402
93	159	1.24845
93	161	0.755959
93	169	0.941129
93	170	1.03211
94	5	1.30529
94	42	1.19109
94	46	1.07327
94	51	1.1533
94	71	1.19968
94	77	1.28618
94	78	1.18339
94	79	1.17606
94	81	1.18999
94	82	1.14551
94	83	1.25398
94	120	0.888586
94	121	1.17783
94	132	1.23508
94	133	0.916324
94	142	0.513076
94	144	1.21653
94	154	0.855615
94	156	0.612634
94	171	1.04938
94	179	1.48248
95	24	1.14069
95	39	1.11726
95	41	1.1288
95	60	1.15839
95	62	1.05746
95	74	1.09451
95	80	1.09684
95	88	1.13319
95	91	1.10938
95	97	1.19552
95	102	1.08848
95	104	1.09796
95	128	1.13523
95	130	0.811987
95	138	1.06225
95	141	0.957166
95	142	1.18095
95	161	0.782825
95	166	1.04419
95	175	1.15922
95	178	1.23672
96	4	1.21254
96	21	1.30437
96	32	1.24521
96	37	1.09657
96	44	1.11727
96	45	1.15728
96	70	1.11645
96	73	1.1218
96	86	1.09582
96	101	1.05556
96	108	1.109
96	112	1.16239
96	127	0.726018
96	131	1.05998
96	134	1.24528
96	150	0.620614
96	152	1.01991
96	156	0.686666
96	172	1.41938
96	176	1.36166
96	179	0.92086
97	24	1.22718
97	29	0.329192
97	39	1.20375
97	60	1.24488
97	62	1.14394
97	74	1.181
97	80	1.18333
97	88	1.21968
97	91	1.19587
97	95	1.19552
97	102	1.17497
97	104	1.18445
97	128	1.22172
97	136	0.635339
97	138	1.14873
97	139	0.582817
97	142	1.26744
97	154	0.868796
97	164	1.09646
97	167	0.922822
97	168	1.58487
98	2	1.19569
98	16	1.14396
98	38	1.11269
98	52	1.08686
98	56	1.1437
98	58	1.14989
98	84	0.372881
98	90	1.12224
98	93	1.10164
98	100	1.079
98	105	1.13268
98	107	1.05669
98	115	0.544734
98	124	1.1532
98	131	0.910288
98	132	1.14497
98	141	1.02753
98	144	1.12642
98	154	1.06067
98	156	0.817694
98	174	1.96792
99	7	1.16892
99	9	1.1518
99	19	1.14462
99	47	1.04626
99	59	1.02421
99	68	1.09558
99	72	1.1064
99	75	1.0661
99	87	1.11353
99	92	1.16369
99	103	1.13123
99	106	1.03859
99	111	1.086
99	116	1.08606
99	121	1.06497
99	129	1.09796
99	140	0.874069
99	142	0.736395
99	156	0.835953
99	166	1.13739
99	169	1.0612
99	172	1.56867
100	2	1.17453
100	16	1.1228
100	33	1.10031
100	38	1.09152
100	52	1.0657
100	56	1.12254
100	58	1.12873
100	90	1.10107
100	93	1.08048
100	98	1.079
100	105	1.11151
100	107	1.03553
100	124	1.13204
100	127	0.891496
100	128	0.613404
100	132	1.12381
100	141	1.00637
100	144	1.10525
100	149	1.0347
100	161	0.89222
100	165	1.50145
100	175	1.26861
101	4	1.19712
101	10	1.01804
101	21	1.28894
101	32	1.22978
101	37	1.08114
101	44	1.10184
101	45	1.14185
101	70	1.10102
101	73	1.10637
101	86	1.08039
101	96	1.05556
101	108	1.09358
101	112	1.14696
101	117	0.884263
101	122	0.897552
101	131	1.04456
101	141	1.25691
101	143	0.88165
101	152	1.00449
101	155	1.22449
101	156	1.0425
101	179	0.905432
102	25	1.09197
102	31	1.08671
102	34	1.09029
102	35	1.08949
102	40	1.08437
102	41	1.10825
102	54	1.0541
102	62	1.0369
102	63	1.13436
102	88	1.11264
102	91	1.08883
102	95	1.08848
102	97	1.17497
102	104	1.07741
102	118	0.472267
102	125	0.568257
102	126	1.11167
102	142	1.1604
102	167	0.882227
102	172	1.31793
102	174	1.73545
102	176	1.26022
103	7	1.24549
103	9	1.22837
103	19	1.22119
103	29	0.393598
103	47	1.12283
103	59	1.10078
103	68	1.17215
103	72	1.18297
103	75	1.14267
103	87	1.1901
103	92	1.24026
103	99	1.13123
103	106	1.11516
103	111	1.16257
103	114	1.17675
103	116	1.16263
103	140	0.728337
103	142	0.590663
103	151	0.800226
103	164	1.16087
103	171	1.12697
103	180	1.39848
104	1	1.08736
104	3	1.03917
104	6	1.03593
104	11	1.21749
104	18	1.01626
104	29	0.386465
104	36	1.1114
104	39	1.10619
104	55	1.20319
104	62	1.04638
104	80	1.08577
104	91	1.09831
104	95	1.09796
104	97	1.18445
104	102	1.07741
104	128	1.12416
104	152	0.956604
104	153	1.38808
104	157	1.06666
104	158	0.896931
104	171	1.11984
104	178	1.17706
105	2	1.22821
105	16	1.17648
105	33	1.15399
105	38	1.14521
105	52	1.11938
105	56	1.17622
105	58	1.18241
105	90	1.15476
105	93	1.13416
105	98	1.13268
105	100	1.11151
105	107	1.08921
105	124	1.18572
105	125	0.735453
105	132	1.17749
105	135	0.796649
105	141	1.06005
105	144	1.15894
105	162	0.870251
105	167	1.04942
105	169	0.977662
105	170	1.06864
105	171	1.18916
106	7	1.15286
106	19	1.12856
106	47	1.0302
106	59	1.00814
106	68	1.07951
106	72	1.09034
106	75	1.05004
106	87	1.09746
106	92	1.14762
106	99	1.03859
106	103	1.11516
106	109	0.735288
106	111	1.06994
106	114	1.08411
106	116	1.07
106	121	1.0489
106	125	0.825259
106	126	1.08897
106	129	1.08189
106	136	0.851746
106	156	0.842222
106	168	1.80127
106	178	1.3362
107	13	1.0876
107	27	1.17649
107	30	1.17776
107	33	1.07801
107	38	1.06922
107	50	1.12338
107	52	1.0434
107	57	1.08268
107	67	1.04375
107	69	1.04407
107	93	1.05818
107	98	1.05669
107	100	1.03553
107	105	1.08921
107	123	0.576589
107	125	0.823737
107	132	1.1015
107	138	1.04823
107	144	1.08295
107	149	1.03921
107	158	1.05454
107	163	1.41298
107	176	1.5157
108	4	1.25056
108	10	1.07149
108	21	1.34238
108	32	1.28323
108	37	1.13459
108	44	1.15528
108	45	1.19529
108	64	0.445894
108	70	1.15446
108	73	1.15981
108	86	1.13384
108	96	1.109
108	101	1.09358
108	112	1.2004
108	131	1.098
108	133	0.778849
108	137	0.567375
108	147	0.717488
108	152	1.05793
108	168	1.43421
108	172	1.20787
108	177	1.30743
108	179	0.958875
109	1	1.11147
109	6	1.06005
109	7	0.862585
109	11	1.24161
109	15	1.2061
109	23	0.824671
109	36	1.13552
109	43	1.11464
109	48	1.07751
109	55	1.22731
109	58	0.616153
109	72	0.683789
109	89	1.14751
109	106	0.735288
109	157	1.09078
109	160	0.978368
109	165	1.00552
109	170	1.01977
109	173	0.959376
109	175	1.00563
109	177	0.967632
109	178	0.977463
109	179	0.952929
109	180	0.973782
110	18	0.741886
110	37	0.643575
110	50	0.457975
110	60	0.537993
110	75	0.407386
110	76	0.473376
110	88	0.366426
110	129	0.8601
110	148	1.3571
110	158	1.26181
110	161	1.28378
110	163	1.19766
110	164	1.19917
110	166	1.22105
110	168	1.1363
110	169	1.2157
110	170	1.19545
110	171	1.18888
110	172	1.16577
110	173	1.13506
110	176	1.16115
110	177	1.14331
110	178	1.15314
110	180	1.14946
111	7	1.20027
111	9	1.18315
111	19	1.17597
111	47	1.07761
111	59	1.05555
111	68	1.12693
111	72	1.13775
111	75	1.09745
111	87	1.14487
111	92	1.19504
111	99	1.086
111	103	1.16257
111	106	1.06994
111	114	1.13153
111	116	1.11741
111	121	1.09632
111	129	1.1293
111	135	0.723267
111	148	0.599634
111	161	0.71911
111	162	0.796869
111	167	0.976041
111	172	1.41175
111	173	1.68021
112	4	1.30394
112	10	1.12487
112	21	1.39577
112	32	1.33661
112	37	1.18797
112	44	1.20867
112	45	1.24868
112	70	1.20785
112	73	1.2132
112	86	1.18722
112	96	1.16239
112	101	1.14696
112	108	1.2004
112	113	0.600638
112	115	0.446823
112	127	0.759135
112	131	1.15138
112	141	0.934199
112	145	0.756026
112	152	1.11131
112	161	0.759858
112	173	1.72095
112	178	1.21376
112	179	1.01226
113	24	0.658558
113	41	0.850865
113	54	0.812794
113	55	0.749065
113	85	0.367075
113	112	0.600638
113	124	0.448729
113	149	1.20955
113	150	1.26091
113	151	1.20186
113	153	1.1085
113	162	1.1732
113	164	1.13288
113	167	1.13546
113	169	1.1494
113	170	1.12916
113	172	1.09948
113	174	1.05433
113	175	1.11502
113	176	1.09486
113	177	1.07702
113	178	1.08685
113	179	1.06232
113	180	1.08317
114	3	1.01835
114	8	0.740285
114	41	0.957756
114	52	0.592656
114	69	0.708522
114	87	1.15905
114	90	0.58243
114	92	1.20921
114	103	1.17675
114	106	1.08411
114	111	1.13153
114	116	1.13158
114	126	1.15055
114	129	1.14348
114	154	1.10784
114	155	1.10754
114	162	1.0691
114	168	0.96591
114	175	1.01092
114	176	0.990762
114	177	0.97292
114	178	0.982751
114	180	0.97907
115	7	0.696559
115	13	0.657292
115	46	1.01434
115	54	0.658979
115	74	0.781271
115	84	1.37046
115	98	0.544734
115	112	0.446823
115	140	1.21313
115	141	1.13597
115	155	1.19321
115	161	1.19906
115	162	1.15477
115	165	1.09648
115	166	1.13633
115	169	1.13098
115	171	1.10416
115	172	1.08105
115	173	1.05034
115	174	1.03591
115	176	1.07644
115	177	1.05859
115	178	1.06842
115	180	1.06474
116	7	1.20033
116	9	1.18321
116	19	1.17603
116	47	1.07767
116	59	1.05561
116	68	1.12698
116	75	1.09751
116	84	0.375727
116	87	1.14493
116	92	1.19509
116	99	1.08606
116	103	1.16263
116	106	1.07
116	111	1.11741
116	114	1.13158
116	121	1.09637
116	126	1.13644
116	129	1.12936
116	136	0.830064
116	142	0.720982
116	151	0.930544
116	152	1.09406
116	153	1.52553
116	166	1.12198
117	15	0.743422
117	56	0.462156
117	61	0.424513
117	74	0.895999
117	78	0.667729
117	101	0.884263
117	120	1.18398
117	124	0.409641
117	153	1.10054
117	155	1.20367
117	157	1.1922
117	158	1.18755
117	161	1.20952
117	166	1.1468
117	169	1.14144
117	170	1.12119
117	171	1.11462
117	172	1.09151
117	173	1.0608
117	175	1.10706
117	176	1.0869
117	177	1.06905
117	178	1.07889
117	180	1.0752
118	1	1.17409
118	3	1.1259
118	6	1.12266
118	15	1.26872
118	18	1.10299
118	34	0.507548
118	39	0.886069
118	43	1.17726
118	55	1.28992
118	72	0.677769
118	78	0.713008
118	102	0.472267
118	132	0.683579
118	141	1.10763
118	144	0.468061
118	147	1.17344
118	157	1.1534
118	163	1.08459
118	168	1.02324
118	174	1.00756
118	176	1.04809
118	177	1.03025
118	178	1.04008
118	179	1.01554
118	180	1.0364
119	25	0.736511
119	32	0.398287
119	43	0.556305
119	48	0.97409
119	51	0.611137
119	89	1.23592
119	126	0.542585
119	132	0.586173
119	150	1.23993
119	153	1.08752
119	156	1.24693
119	162	1.15222
119	164	1.1119
119	167	1.11448
119	169	1.12842
119	171	1.10161
119	172	1.0785
119	173	1.04778
119	174	1.03335
119	175	1.09404
119	176	1.07388
119	177	1.05604
119	178	1.06587
119	179	1.04134
119	180	1.06219
120	12	1.20291
120	44	1.12723
120	56	0.648451
120	75	1.13282
120	94	0.888586
120	117	1.18398
120	127	1.10496
120	128	1.09571
120	137	1.10542
120	139	1.13527
120	155	1.04968
120	156	1.10596
120	162	1.01124
120	165	0.952949
120	167	0.973501
120	168	0.908054
120	170	0.967203
120	172	0.93752
120	173	0.906807
120	174	0.892376
120	175	0.953063
120	176	0.932905
120	177	0.915063
120	178	0.924894
120	180	0.921213
121	5	1.20274
121	9	1.16212
121	68	1.10589
121	72	1.11671
121	78	1.08084
121	79	1.07351
121	81	1.08744
121	82	1.04296
121	83	1.15143
121	87	1.12384
121	94	1.17783
121	99	1.06497
121	106	1.0489
121	111	1.09632
121	116	1.09637
121	123	0.792626
121	128	0.817997
121	129	1.10827
121	132	1.13253
121	142	0.957178
121	143	0.895892
121	144	1.11398
121	150	0.990684
121	162	1.17457
121	170	1.37296
122	9	0.314354
122	80	0.65133
122	86	0.492725
122	90	0.449741
122	101	0.897552
122	126	0.608
122	132	0.651589
122	134	1.18942
122	144	0.436072
122	145	1.2698
122	153	1.12802
122	154	1.23147
122	160	1.10728
122	164	1.1524
122	167	1.15498
122	168	1.08953
122	169	1.16893
122	170	1.14868
122	171	1.14211
122	173	1.08829
122	174	1.07386
122	175	1.13454
122	176	1.11439
122	177	1.09654
122	178	1.10638
122	179	1.08184
122	180	1.10269
123	55	0.604099
123	59	0.735552
123	67	0.638174
123	83	0.582086
123	89	1.25752
123	91	0.650479
123	107	0.576589
123	121	0.792626
123	130	1.24745
123	132	0.532421
123	140	1.23218
123	148	1.29143
123	160	1.08838
123	163	1.13199
123	164	1.1335
123	165	1.11553
123	167	1.13608
123	168	1.07063
123	170	1.12978
123	171	1.12321
123	172	1.1001
123	174	1.05496
123	175	1.11564
123	176	1.09549
123	177	1.07764
123	178	1.08747
123	180	1.08379
124	13	1.18411
124	16	1.19701
124	27	1.273
124	30	1.27427
124	33	1.17452
124	49	1.21587
124	50	1.21989
124	56	1.19675
124	57	1.17919
124	67	1.14026
124	69	1.14058
124	90	1.17528
124	93	1.15469
124	98	1.1532
124	100	1.13204
124	105	1.18572
124	113	0.448729
124	117	0.409641
124	131	0.660468
124	134	1.12648
124	140	0.605989
124	141	1.08057
124	144	1.17946
124	149	1.13572
124	158	0.781716
124	168	1.52693
124	169	0.793119
124	177	1.40014
125	2	0.546221
125	69	0.703813
125	76	0.905893
125	85	0.691368
125	102	0.568257
125	105	0.735453
125	106	0.825259
125	107	0.823737
125	136	1.24429
125	150	1.22012
125	151	1.16107
125	154	1.17115
125	156	1.22712
125	161	1.1767
125	162	1.13241
125	163	1.09058
125	164	1.09209
125	166	1.11397
125	168	1.02922
125	169	1.10862
125	170	1.08837
125	172	1.05869
125	173	1.02798
125	174	1.01354
125	175	1.07423
125	177	1.03623
125	178	1.04606
125	179	1.02153
125	180	1.04238
126	7	1.2193
126	14	1.17191
126	23	1.16988
126	29	0.45632
126	31	1.13045
126	34	1.13403
126	35	1.13322
126	40	1.12811
126	47	1.09664
126	54	1.09784
126	59	1.07458
126	63	1.1781
126	72	1.15678
126	75	1.11648
126	87	1.1639
126	92	1.21406
126	102	1.11167
126	106	1.08897
126	114	1.15055
126	116	1.13644
126	119	0.542585
126	122	0.608
126	127	1.16767
126	129	1.14833
126	149	0.935496
126	154	0.995924
126	156	0.752943
126	161	0.793019
126	175	1.16941
126	177	1.58521
127	14	1.18418
127	23	1.18215
127	25	1.14797
127	31	1.14271
127	33	0.513497
127	34	1.14629
127	35	1.14549
127	40	1.14037
127	53	0.595003
127	54	1.1101
127	63	1.19037
127	70	0.782733
127	88	0.855258
127	92	0.876859
127	96	0.726018
127	100	0.891496
127	112	0.759135
127	120	1.10496
127	126	1.16767
127	140	1.14458
127	145	1.16329
127	167	1.04847
127	171	1.03561
127	173	0.981781
127	174	0.967349
127	175	1.02804
127	177	0.990037
127	178	0.999868
127	179	0.975333
127	180	0.996186
128	25	0.70813
128	42	0.607888
128	44	0.612543
128	46	1.04856
128	48	0.945709
128	60	1.18459
128	74	1.1207
128	80	1.12304
128	88	1.15939
128	91	1.13558
128	95	1.13523
128	97	1.22172
128	100	0.613404
128	104	1.12416
128	120	1.09571
128	121	0.817997
128	132	0.557792
128	137	1.17114
128	138	1.08844
128	142	1.20714
128	146	0.991722
128	159	1.06135
128	165	1.01867
128	167	1.03922
128	168	0.973771
128	172	1.00324
128	173	0.972524
128	176	0.998623
128	177	0.98078
128	178	0.990611
128	180	0.98693
129	42	1.12153
129	46	1.0037
129	51	1.08374
129	68	1.13888
129	71	1.13012
129	72	1.1497
129	77	1.21662
129	78	1.11383
129	79	1.10649
129	81	1.12042
129	82	1.07595
129	83	1.18442
129	84	0.0624761
129	87	1.15683
129	92	1.20699
129	99	1.09796
129	106	1.08189
129	110	0.8601
129	111	1.1293
129	114	1.14348
129	116	1.12936
129	121	1.10827
129	126	1.14833
129	130	0.576526
129	144	1.14697
129	147	0.749617
129	152	0.780805
129	160	1.64881
129	170	0.823515
129	173	1.50846
129	177	1.33956
130	19	0.858747
130	20	0.823851
130	37	1.16229
130	70	0.812619
130	89	1.14983
130	95	0.811987
130	123	1.24745
130	129	0.576526
130	133	1.08664
130	136	1.17801
130	137	1.16031
130	140	1.12449
130	144	0.650252
130	146	0.980888
130	147	1.11314
130	162	1.06613
130	164	1.0258
130	165	1.00783
130	167	1.02838
130	169	1.04233
130	171	1.01552
130	172	0.992404
130	173	0.961691
130	174	0.947259
130	175	1.00795
130	176	0.987789
130	177	0.969947
130	178	0.979778
130	179	0.955243
130	180	0.976097
131	7	1.06211
131	15	0.994249
131	32	1.23421
131	37	1.08557
131	44	1.10626
131	45	1.14627
131	73	1.11079
131	88	0.908501
131	90	0.687279
131	96	1.05998
131	98	0.910288
131	101	1.04456
131	108	1.098
131	112	1.15138
131	124	0.660468
131	132	0.889127
131	134	1.01744
131	143	1.11706
131	145	1.09781
131	146	0.935499
131	152	1.00891
131	166	1.0023
131	168	0.917548
131	170	0.976698
131	171	0.970127
131	173	0.916302
131	175	0.962558
131	176	0.9424
131	177	0.924558
131	178	0.934389
131	179	0.909854
131	180	0.930708
132	16	1.18877
132	38	1.1575
132	42	1.14579
132	46	1.02796
132	51	1.108
132	52	1.13167
132	56	1.18851
132	71	1.15438
132	77	1.24088
132	78	1.13809
132	79	1.13076
132	82	1.10021
132	83	1.20868
132	84	0.351719
132	90	1.16705
132	93	1.14645
132	94	1.23508
132	98	1.14497
132	100	1.12381
132	105	1.17749
132	107	1.1015
132	118	0.683579
132	119	0.586173
132	121	1.13253
132	122	0.651589
132	123	0.532421
132	128	0.557792
132	131	0.889127
132	141	1.07234
132	144	1.17123
132	151	0.906536
132	161	0.836607
132	180	1.50479
133	50	0.958784
133	71	1.01642
133	92	1.1412
133	94	0.916324
133	108	0.778849
133	130	1.08664
133	136	1.12489
133	137	1.10719
133	143	1.10933
133	144	0.884704
133	145	1.09008
133	146	0.92777
133	148	1.13061
133	151	1.04167
133	158	1.03532
133	159	0.997401
133	161	1.0573
133	162	1.01301
133	163	0.971174
133	166	0.994569
133	169	0.989214
133	170	0.968969
133	172	0.939286
133	173	0.908573
133	174	0.894141
133	175	0.954829
133	177	0.916829
133	178	0.92666
133	179	0.902125
133	180	0.922979
134	2	0.899684
134	61	1.14136
134	63	0.912703
134	93	1.27449
134	96	1.24528
134	122	1.18942
134	124	1.12648
134	131	1.01744
134	135	1.06549
134	139	1.11323
134	140	1.04756
134	145	1.06627
134	146	0.903958
134	148	1.1068
134	153	0.924497
134	156	1.08391
134	157	1.01617
134	162	0.989197
134	163	0.947361
134	164	0.948875
134	165	0.930902
134	166	0.970757
134	167	0.951454
134	168	0.886007
134	169	0.965401
134	170	0.945156
134	172	0.915474
134	174	0.870329
134	175	0.931017
134	176	0.910859
134	177	0.893017
134	178	0.902848
134	180	0.899167
135	6	0.825569
135	24	0.821936
135	27	0.761837
135	29	1.23822
135	37	1.13729
135	82	0.774631
135	91	0.958822
135	105	0.796649
135	111	0.723267
135	134	1.06549
135	137	1.16297
135	140	1.12715
135	143	1.16511
135	154	1.10753
135	155	1.10723
135	156	1.16351
135	160	0.983348
135	161	1.11308
135	163	1.02696
135	164	1.02847
135	165	1.0105
135	166	1.05035
135	168	0.965603
135	169	1.045
135	171	1.01818
135	172	0.99507
135	173	0.964356
135	174	0.949925
135	175	1.01061
135	176	0.990455
135	177	0.972612
135	178	0.982444
135	179	0.957909
135	180	0.978762
136	14	0.651301
136	19	0.799034
136	71	0.722251
136	80	0.805797
136	87	0.610204
136	97	0.635339
136	106	0.851746
136	116	0.830064
136	125	1.24429
136	130	1.17801
136	133	1.12489
136	139	1.22841
136	144	0.590539
136	146	1.01914
136	147	1.15139
136	151	1.13304
136	153	1.03968
136	154	1.14312
136	155	1.14282
136	156	1.19909
136	159	1.08877
136	161	1.14867
136	163	1.06254
136	165	1.04609
136	168	1.00119
136	170	1.06034
136	171	1.05377
136	172	1.03066
136	174	0.985513
136	175	1.0462
136	176	1.02604
136	177	1.0082
136	178	1.01803
136	180	1.01435
137	15	0.99387
137	20	0.846829
137	27	0.80982
137	45	0.760442
137	49	0.578599
137	55	0.960426
137	57	0.705683
137	108	0.567375
137	120	1.10542
137	128	1.17114
137	130	1.16031
137	133	1.10719
137	135	1.16297
137	143	1.183
137	144	0.67323
137	146	1.00144
137	147	1.13369
137	151	1.11534
137	152	1.07485
137	157	1.11365
137	158	1.10899
137	159	1.07107
137	163	1.04484
137	164	1.04636
137	167	1.04894
137	168	0.983489
137	169	1.06288
137	170	1.04264
137	171	1.03607
137	172	1.01296
137	174	0.967811
137	175	1.0285
137	176	1.00834
137	177	0.990498
137	178	1.00033
137	180	0.996648
138	16	1.0002
138	22	0.774291
138	24	1.0939
138	28	1.04623
138	39	1.07047
138	41	1.08201
138	55	1.07574
138	58	0.930621
138	60	1.1116
138	62	1.01067
138	74	1.04772
138	77	0.924673
138	80	1.05005
138	88	1.0864
138	91	1.06259
138	95	1.06225
138	97	1.14873
138	107	1.04823
138	128	1.08844
138	142	1.13416
138	145	1.08105
138	153	0.939278
138	163	0.962142
138	164	0.963656
138	168	0.900788
138	171	0.953366
138	172	0.930254
138	173	0.899541
138	174	0.88511
138	175	0.945798
138	176	0.92564
138	177	0.907797
138	178	0.917628
138	180	0.913947
139	12	0.883961
139	15	0.858656
139	30	0.575912
139	53	0.512653
139	67	0.859286
139	68	0.74096
139	70	0.700382
139	74	1.01123
139	77	0.674141
139	97	0.582817
139	120	1.13527
139	134	1.11323
139	136	1.22841
139	143	1.21285
139	147	1.16354
139	153	1.05183
139	155	1.15497
139	156	1.21124
139	158	1.13884
139	159	1.10092
139	161	1.16082
139	162	1.11653
139	163	1.07469
139	165	1.05824
139	166	1.09809
139	167	1.07879
139	168	1.01334
139	169	1.09273
139	170	1.07249
139	171	1.06592
139	172	1.04281
139	173	1.01209
139	175	1.05835
139	176	1.03819
139	177	1.02035
139	178	1.03018
139	180	1.0265
140	41	1.00813
140	42	0.884743
140	62	1.17576
140	85	0.524335
140	86	0.675784
140	89	1.13456
140	99	0.874069
140	103	0.728337
140	115	1.21313
140	123	1.23218
140	124	0.605989
140	127	1.14458
140	130	1.12449
140	134	1.04756
140	135	1.12715
140	141	1.03206
140	144	0.61913
140	145	1.12793
140	150	1.13857
140	151	1.07952
140	153	0.986158
140	155	1.0893
140	156	1.14557
140	159	1.03525
140	161	1.09515
140	162	1.05086
140	164	1.01054
140	166	1.03242
