1	30	0.754771
1	40	0.808947
1	47	0.808423
1	80	0.807394
1	102	0.813166
1	105	0.813348
1	108	1.72942
1	131	0.841728
1	146	0.788385
1	157	4.25104
1	159	3.45097
1	168	0.756824
2	21	0.776528
2	24	0.846261
2	55	0.781453
2	60	0.798731
2	66	1.87617
2	83	0.81551
2	85	0.815718
2	104	0.836597
2	122	0.816663
2	142	0.774411
2	155	3.04606
2	177	4.10011
3	99	0.77443
3	107	0.817345
3	109	0.80271
3	112	0.801744
3	114	0.824942
3	115	0.797744
3	116	0.82892
3	119	0.778124
3	133	2.22793
3	152	0.816895
3	164	3.44041
3	172	4.63617
4	9	0.703274
4	11	0.697393
4	15	0.76274
4	30	0.670029
4	40	0.724206
4	41	0.744784
4	44	0.744612
4	47	0.723682
4	118	0.703677
4	131	0.756987
4	153	3.80431
4	171	3.61453
5	36	0.713854
5	64	0.758962
5	88	0.701359
5	92	0.745263
5	95	0.737187
5	96	0.740178
5	97	0.736
5	118	3.49353
5	129	0.700638
5	146	0.69838
5	166	4.00947
5	173	0.673036
6	27	0.815397
6	37	0.792746
6	50	2.92561
6	62	0.852197
6	69	0.811511
6	78	0.79101
6	87	0.782909
6	94	0.820552
6	148	0.717499
6	152	0.817187
6	153	2.35424
6	173	3.67946
7	48	0.711782
7	107	0.58463
7	130	0.725998
7	134	1.7927
7	159	0.737922
7	160	0.709121
7	164	0.727974
7	166	0.736903
7	176	0.748337
7	178	0.687201
7	179	0.707895
7	180	0.698994
8	41	0.238938
8	121	0.76404
8	134	1.851
8	157	0.721958
8	165	0.739528
8	166	0.727566
8	174	0.724568
8	176	0.739
8	177	0.702459
8	178	0.677863
8	179	0.698557
8	180	0.689657
9	4	0.703274
9	11	0.702016
9	30	0.674652
9	40	0.728828
9	41	0.749406
9	44	0.749234
9	47	0.728304
9	90	0.713421
9	118	0.7083
9	131	0.761609
9	135	2.57174
9	148	6.54708
10	38	0.726603
10	65	0.706346
10	88	0.706459
10	92	0.750363
10	95	0.742287
10	96	0.745278
10	97	0.7411
10	124	4.13831
10	129	0.705737
10	143	2.91471
10	146	0.70348
10	173	0.678136
11	4	0.697393
11	9	0.702016
11	15	0.761481
11	30	0.668771
11	40	0.722947
11	41	0.743525
11	44	0.743353
11	47	0.722424
11	117	3.39625
11	118	0.702419
11	131	0.755728
11	140	3.58602
12	36	0.800086
12	52	0.788911
12	88	0.78759
12	92	0.831495
12	95	0.823418
12	97	0.822232
12	140	0.806026
12	146	0.784612
12	157	2.72011
12	173	0.759268
12	176	1.99309
12	179	4.4714
13	35	0.799979
13	69	0.817559
13	76	0.821028
13	78	0.797058
13	84	1.83821
13	87	0.788957
13	94	0.8266
13	134	0.799679
13	148	0.723547
13	152	0.823235
13	164	3.44001
13	180	4.9316
14	43	0.777234
14	59	0.755962
14	70	0.801551
14	76	0.797005
14	91	0.764028
14	107	0.799661
14	112	0.78406
14	114	0.807259
14	119	0.76044
14	126	2.35034
14	135	0.789885
14	143	2.66836
14	175	7.22528
15	4	0.76274
15	11	0.761481
15	30	0.734117
15	40	0.788294
15	41	0.808872
15	44	0.8087
15	47	0.78777
15	90	0.772886
15	118	0.767765
15	122	1.36578
15	131	0.821075
15	160	4.35876
15	179	3.98758
16	69	0.140795
16	89	0.458311
16	127	0.862559
16	134	0.853183
16	155	0.786333
16	161	0.7636
16	167	0.737923
16	170	0.767766
16	173	0.790269
16	174	0.789704
16	177	0.767595
16	179	0.763694
16	180	0.754794
17	20	1.27832
17	48	6.4
17	100	1.06706
17	107	0.644658
17	109	0.630024
17	112	0.629057
17	115	0.625058
17	116	0.656233
17	121	2.26929
17	134	0.620652
17	135	0.634882
17	152	0.989957
17	162	4.08188
18	50	0.764047
18	59	0.764458
18	91	0.772524
18	99	0.765243
18	109	0.793523
18	110	2.7952
18	111	0.782452
18	116	0.819733
18	117	1.83652
18	119	0.768936
18	134	0.784151
18	152	0.807707
18	166	4.25591
19	35	0.779565
19	37	0.77838
19	51	0.785443
19	69	0.797146
19	78	0.776644
19	87	0.768543
19	94	0.806187
19	132	1.34767
19	134	0.779265
19	135	1.22737
19	148	0.703134
19	150	6.99895
19	152	0.802822
20	17	1.27832
20	72	0.676327
20	99	0.623218
20	100	0.656845
20	107	0.666132
20	112	0.650532
20	114	0.67373
20	115	0.646532
20	116	0.677708
20	119	0.626912
20	134	0.642127
20	136	2.77247
20	155	4.87368
21	2	0.776528
21	31	0.718861
21	46	0.654592
21	57	0.688079
21	63	0.746579
21	68	0.713122
21	74	0.716536
21	85	0.688788
21	104	0.709666
21	106	0.712829
21	135	2.73535
21	138	5.05077
21	142	0.647481
22	51	0.776137
22	62	0.828526
22	69	0.78784
22	75	1.56518
22	76	0.791309
22	78	0.767338
22	87	0.759238
22	94	0.796881
22	134	0.769959
22	148	0.693828
22	152	0.793516
22	159	2.51595
22	161	5.55502
23	35	0.716589
23	37	0.715404
23	62	0.774855
23	76	0.737638
23	78	0.713668
23	87	0.705567
23	94	0.74321
23	127	3.43063
23	134	0.716289
23	140	3.50268
23	148	0.640157
23	152	0.739845
24	2	0.846261
24	31	0.788593
24	46	0.724325
24	60	0.741533
24	63	0.816312
24	75	2.90411
24	77	0.768081
24	81	2.07269
24	85	0.75852
24	106	0.782562
24	117	0.783391
24	122	0.759465
24	156	3.01368
25	49	0.701924
25	59	0.682224
25	76	0.723267
25	91	0.69029
25	100	0.716635
25	109	0.711288
25	112	0.710322
25	114	0.73352
25	115	0.706323
25	116	0.737498
25	119	0.686702
25	172	5.30024
25	176	2.7856
26	29	0.70606
26	53	0.807335
26	56	0.753127
26	61	0.793663
26	79	0.766292
26	89	0.791303
26	101	1.37501
26	102	0.768454
26	105	0.768635
26	131	0.797015
26	146	0.743672
26	149	4.74257
26	168	0.712112
26	176	3.44176
27	6	0.815397
27	35	0.758026
27	37	0.75684
27	51	0.763903
27	69	0.775606
27	78	0.755105
27	87	0.747004
27	94	0.784647
27	128	3.25437
27	129	3.16517
27	134	0.757726
27	148	0.681594
27	152	0.781282
27	153	3.22423
28	34	0.775082
28	54	0.670923
28	58	0.794506
28	73	0.78235
28	79	0.770055
28	89	0.795066
28	102	0.772217
28	105	0.772398
28	131	0.800778
28	140	1.37032
28	145	7.22745
28	146	0.747435
28	153	1.45103
28	168	0.715875
29	26	0.70606
29	61	0.721014
29	71	0.715885
29	73	0.705939
29	79	0.693644
29	80	0.690032
29	89	0.718654
29	102	0.695805
29	105	0.695986
29	131	0.724366
29	146	0.671024
29	158	3.04397
29	168	0.639463
29	177	5.20922
30	1	0.754771
30	4	0.670029
30	9	0.674652
30	11	0.668771
30	15	0.734117
30	40	0.695584
30	41	0.716162
30	44	0.715989
30	47	0.69506
30	90	0.680176
30	113	2.97244
30	118	0.675055
30	131	0.728364
30	148	6.01226
31	21	0.718861
31	24	0.788593
31	57	0.757342
31	60	0.741064
31	74	0.785799
31	77	0.767612
31	83	0.757843
31	85	0.758051
31	104	0.778929
31	106	0.782092
31	122	0.758996
31	143	1.59869
31	165	3.9111
31	173	4.04317
32	46	0.726371
32	55	0.726301
32	57	0.759857
32	60	0.743579
32	63	0.818358
32	74	0.788314
32	77	0.770127
32	83	0.760358
32	104	0.781445
32	106	0.784608
32	136	2.05307
32	139	2.29925
32	142	0.719259
32	151	4.97347
33	45	0.771956
33	52	0.750385
33	88	0.749065
33	90	0.751241
33	92	0.792969
33	95	0.784893
33	96	0.787884
33	97	0.783706
33	137	2.38042
33	140	0.7675
33	146	0.746087
33	149	4.01434
33	157	3.44056
33	173	0.720742
34	28	0.775082
34	58	0.783354
34	73	0.771198
34	79	0.758903
34	80	0.755292
34	89	0.783913
34	102	0.761064
34	105	0.761245
34	131	0.789626
34	146	0.736283
34	158	1.76299
34	168	0.704722
34	174	1.71828
34	175	6.66093
35	13	0.799979
35	19	0.779565
35	23	0.716589
35	27	0.758026
35	51	0.742438
35	62	0.794826
35	78	0.733639
35	87	0.725538
35	94	0.763181
35	134	0.73626
35	141	3.36107
35	147	2.90391
35	148	0.660129
35	152	0.759816
35	173	3.97662
36	5	0.713854
36	12	0.800086
36	45	0.74998
36	64	0.784692
36	92	0.770993
36	95	0.762917
36	96	0.765908
36	97	0.76173
36	122	2.70885
36	129	0.726367
36	138	4.48864
36	140	0.745524
36	146	0.72411
36	171	2.79493
36	173	0.698766
37	6	0.792746
37	19	0.77838
37	23	0.715404
37	27	0.75684
37	51	0.741252
37	62	0.793641
37	69	0.752955
37	87	0.724353
37	94	0.761996
37	134	0.735075
37	148	0.658943
37	152	0.758631
37	154	3.94691
37	171	1.82448
37	177	4.24315
38	10	0.726603
38	52	0.736058
38	64	0.79234
38	65	0.734624
38	86	4.00912
38	88	0.734738
38	92	0.778642
38	95	0.770566
38	96	0.773557
38	97	0.769379
38	126	2.66039
38	127	2.77036
38	140	0.753173
38	146	0.731759
38	173	0.706415
39	46	0.712079
39	50	3.07439
39	55	0.71201
39	68	0.770609
39	74	0.774023
39	77	0.755836
39	81	1.89046
39	83	0.746067
39	85	0.746275
39	104	0.767154
39	106	0.770316
39	117	0.771146
39	122	0.74722
39	130	5.8723
39	142	0.704968
40	1	0.808947
40	4	0.724206
40	9	0.728828
40	11	0.722947
40	15	0.788294
40	30	0.695584
40	41	0.770338
40	44	0.770166
40	47	0.749236
40	67	1.67023
40	90	0.734353
40	118	0.729232
40	131	0.782541
40	136	3.29124
40	158	4.28125
41	4	0.744784
41	8	0.238938
41	9	0.749406
41	11	0.743525
41	15	0.808872
41	30	0.716162
41	40	0.770338
41	44	0.790744
41	47	0.769814
41	90	0.75493
41	118	0.74981
41	131	0.803119
41	162	4.64597
41	172	3.93812
42	50	0.723261
42	72	0.777565
42	99	0.724457
42	100	0.758084
42	109	0.752737
42	111	0.741666
42	114	0.774969
42	115	0.747771
42	119	0.728151
42	134	0.743365
42	135	0.757595
42	150	7.13292
42	152	0.766922
42	165	1.74783
42	174	1.92122
43	14	0.777234
43	67	1.38699
43	70	0.763435
43	76	0.758888
43	91	0.725911
43	100	0.752257
43	107	0.761544
43	111	0.73584
43	112	0.745944
43	115	0.741944
43	119	0.722324
43	135	0.751768
43	143	2.81511
43	152	0.761095
43	159	4.98857
44	4	0.744612
44	9	0.749234
44	11	0.743353
44	15	0.8087
44	30	0.715989
44	40	0.770166
44	41	0.790744
44	47	0.769642
44	90	0.754758
44	118	0.749637
44	131	0.802947
44	133	3.25769
44	135	2.34702
44	141	3.86819
45	33	0.771956
45	36	0.74998
45	52	0.738805
45	65	0.737372
45	88	0.737485
45	92	0.781389
45	96	0.776304
45	97	0.772126
45	129	0.736763
45	139	2.4941
45	140	0.75592
45	146	0.734506
45	171	2.98451
45	173	0.709162
45	176	4.30154
46	21	0.654592
46	24	0.724325
46	32	0.726371
46	39	0.712079
46	55	1.08324
46	63	0.672668
46	68	1.0185
46	83	0.693575
46	85	0.693782
46	104	0.714661
46	106	0.717824
46	142	0.57357
46	167	9.06959
46	168	3.03909
46	176	2.96733
47	1	0.808423
47	4	0.723682
47	9	0.728304
47	11	0.722424
47	15	0.78777
47	30	0.69506
47	40	0.749236
47	41	0.769814
47	44	0.769642
47	90	0.733829
47	118	0.728708
47	120	1.88649
47	131	0.782017
47	133	3.11068
47	154	4.94416
48	7	0.711782
48	17	6.4
48	117	0.695146
48	123	0.642548
48	125	0.661363
48	156	0.683687
48	166	0.637693
48	167	0.582914
48	170	0.612757
48	171	0.666563
48	174	0.634695
48	176	0.649128
48	177	0.612586
48	178	0.587991
48	179	0.608685
48	180	0.599785
49	25	0.701924
49	59	0.716274
49	82	3.55832
49	91	0.72434
49	99	0.717059
49	100	0.750685
49	109	0.745339
49	111	0.734268
49	112	0.744372
49	114	0.76757
49	115	0.740373
49	116	0.771548
49	125	3.88793
49	134	0.735967
49	152	0.759523
49	171	2.75917
50	6	2.92561
50	18	0.764047
50	39	3.07439
50	42	0.723261
50	99	0.696947
50	111	0.714157
50	114	0.747459
50	115	0.720261
50	161	0.65018
50	171	0.708153
50	176	0.690717
50	177	0.654176
50	178	0.629581
50	179	0.650275
50	180	0.641374
51	19	0.785443
51	22	0.776137
51	27	0.763903
51	35	0.742438
51	37	0.741252
51	62	0.611677
51	69	0.760018
51	78	0.739517
51	87	0.731416
51	94	0.769059
51	134	0.742138
51	148	0.666006
51	152	0.765694
51	156	3.51284
51	167	13.7304
51	180	8.20876
52	12	0.788911
52	33	0.750385
52	38	0.736058
52	45	0.738805
52	65	0.7158
52	88	0.715913
52	92	0.759818
52	95	0.751742
52	96	0.754733
52	97	0.750555
52	121	3.23295
52	140	0.734349
52	146	0.712935
52	147	2.81714
52	164	5.01075
52	173	0.687591
53	26	0.807335
53	58	0.81937
53	61	0.822289
53	71	0.81716
53	73	0.807214
53	79	0.794918
53	80	0.791307
53	89	0.819929
53	102	0.79708
53	103	2.46388
53	105	0.797261
53	108	1.43361
53	121	3.67449
53	146	0.772299
53	168	0.740738
53	174	4.37271
54	28	0.670923
54	56	0.641578
54	71	0.676985
54	73	0.667039
54	79	0.654743
54	80	0.651132
54	89	0.679754
54	102	0.656905
54	105	0.657086
54	126	2.58824
54	131	0.685466
54	145	4.26631
54	146	1.61842
54	150	5.06813
54	168	1.32185
54	170	2.98867
55	2	0.781453
55	32	0.726301
55	39	0.71201
55	46	1.08324
55	57	0.693004
55	60	0.676726
55	68	0.718047
55	74	0.721461
55	77	0.703273
55	83	0.693505
55	104	0.714591
55	106	0.717754
55	129	1.973
55	142	0.652406
55	166	3.0064
55	172	5.67395
56	26	0.753127
56	54	0.641578
56	58	0.765162
56	71	0.762952
56	73	0.753006
56	79	0.740711
56	80	0.7371
56	89	0.765721
56	102	0.742872
56	105	0.743053
56	126	2.62764
56	129	4.00588
56	131	0.771434
56	146	0.718091
56	156	3.30672
56	168	0.68653
57	21	0.688079
57	31	0.757342
57	32	0.759857
57	55	0.693004
57	63	0.78506
57	68	0.751603
57	74	0.755017
57	83	0.727061
57	104	0.748147
57	106	0.75131
57	117	0.752139
57	122	0.728214
57	137	2.36262
57	142	0.685962
57	165	2.76163
57	170	6.06726
58	28	0.794506
58	34	0.783354
58	53	0.81937
58	56	0.765162
58	61	0.805698
58	71	0.800569
58	73	0.790622
58	79	0.778327
58	89	0.803338
58	102	0.780489
58	105	0.78067
58	130	3.6991
58	138	1.83373
58	145	6.10623
58	146	0.755707
58	165	1.52295
58	168	0.724147
59	14	0.755962
59	18	0.764458
59	25	0.682224
59	49	0.716274
59	70	0.742163
59	82	4.44168
59	91	0.704639
59	100	0.730985
59	107	0.740273
59	111	0.714568
59	114	0.74787
59	115	0.720672
59	119	0.701052
59	135	0.730496
59	143	2.71305
59	152	0.739823
59	156	3.07411
60	2	0.798731
60	24	0.741533
60	31	0.741064
60	32	0.743579
60	55	0.676726
60	68	0.735325
60	74	0.738739
60	77	0.720551
60	83	0.710783
60	85	0.71099
60	104	0.731869
60	106	0.735032
60	117	0.735861
60	142	0.669684
60	158	2.96509
60	159	3.95565
60	166	3.87581
61	26	0.793663
61	29	0.721014
61	53	0.822289
61	58	0.805698
61	67	1.81426
61	71	0.803488
61	79	0.781246
61	80	0.777635
61	89	0.806257
61	102	0.783408
61	105	0.783589
61	131	0.811969
61	142	5.34124
61	146	0.758627
61	156	1.58791
61	157	4.2004
61	168	0.727066
62	6	0.852197
62	22	0.828526
62	23	0.774855
62	35	0.794826
62	37	0.793641
62	51	0.611677
62	69	0.812407
62	78	0.791905
62	87	0.783804
62	94	0.821448
62	123	3.9819
62	129	1.86047
62	134	0.794526
62	135	2.31758
62	148	0.718395
62	152	0.818083
62	179	5.52509
63	21	0.746579
63	24	0.816312
63	32	0.818358
63	46	0.672668
63	57	0.78506
63	68	0.810103
63	74	0.813517
63	77	0.79533
63	83	0.785562
63	85	0.785769
63	104	0.806648
63	106	0.809811
63	120	1.86541
63	140	1.73516
63	142	0.744462
63	165	4.18357
63	168	4.18944
64	5	0.758962
64	36	0.784692
64	38	0.79234
64	65	0.772083
64	86	2.81086
64	88	0.772196
64	92	0.8161
64	95	0.808024
64	96	0.811015
64	97	0.806837
64	129	0.771475
64	139	2.21922
64	140	0.790631
64	146	0.769218
64	155	4.07425
64	158	2.96304
64	173	0.743873
65	10	0.706346
65	38	0.734624
65	45	0.737372
65	52	0.7158
65	64	0.772083
65	88	0.71448
65	90	0.716656
65	95	0.750308
65	96	0.753299
65	97	0.749121
65	101	3.05362
65	120	2.8681
65	129	0.713759
65	137	4.78726
65	140	0.732915
65	146	0.711502
65	173	0.686157
66	2	1.87617
66	74	1.20344
66	94	2.35207
66	150	0.695637
66	151	0.725428
66	154	0.722246
66	155	0.721909
66	156	0.774272
66	162	0.69821
66	164	0.71935
66	165	0.740241
66	166	0.728278
66	171	0.757148
66	174	0.72528
66	177	0.703171
66	178	0.678576
66	179	0.69927
66	180	0.69037
67	40	1.67023
67	43	1.38699
67	61	1.81426
67	80	1.32229
67	84	0.863176
67	144	0.748143
67	155	0.774401
67	157	0.775163
67	164	0.771842
67	171	0.80964
67	172	0.753627
67	174	0.777772
67	175	0.736667
67	176	0.792205
67	177	0.755663
67	178	0.731068
67	179	0.751762
67	180	0.742862
68	21	0.713122
68	39	0.770609
68	46	1.0185
68	55	0.718047
68	57	0.751603
68	60	0.735325
68	63	0.810103
68	77	0.761872
68	83	0.752104
68	85	0.752311
68	104	0.77319
68	106	0.776353
68	122	0.753257
68	136	2.17201
68	142	0.711005
68	166	2.91911
68	168	3.14377
68	179	5.55032
69	6	0.811511
69	13	0.817559
69	16	0.140795
69	19	0.797146
69	22	0.78784
69	27	0.775606
69	37	0.752955
69	51	0.760018
69	62	0.812407
69	78	0.751219
69	87	0.743118
69	94	0.780762
69	125	2.36406
69	134	0.75384
69	148	0.677709
69	152	0.777397
69	163	4.08036
69	179	5.03065
70	14	0.801551
70	43	0.763435
70	59	0.742163
70	99	0.742948
70	100	0.776574
70	107	0.785862
70	109	0.771228
70	111	0.760157
70	114	0.79346
70	116	0.797438
70	119	0.746642
70	133	2.30854
70	134	0.761856
70	135	0.776086
70	149	4.63743
70	152	0.785413
70	158	2.273
70	165	3.40252
71	29	0.715885
71	53	0.81716
71	54	0.676985
71	56	0.762952
71	58	0.800569
71	61	0.803488
71	73	0.788413
71	80	0.772506
71	89	0.801128
71	102	0.778279
71	103	2.73275
71	105	0.77846
71	110	2.78869
71	131	0.80684
71	141	3.98471
71	146	0.753498
71	168	0.721937
71	171	3.08526
72	20	0.676327
72	42	0.777565
72	91	0.758533
72	99	0.751252
72	100	0.784878
72	107	0.794166
72	109	0.779532
72	111	0.768461
72	114	0.801763
72	115	0.774566
72	116	0.805741
72	117	2.03166
72	119	0.754945
72	133	2.16842
72	135	0.78439
72	152	0.793716
72	164	3.00058
72	178	6.83251
73	28	0.78235
73	29	0.705939
73	34	0.771198
73	53	0.807214
73	54	0.667039
73	56	0.753006
73	58	0.790622
73	71	0.788413
73	79	0.766171
73	80	0.76256
73	89	0.791182
73	98	1.54161
73	102	0.768333
73	105	0.768514
73	146	0.743551
73	151	3.27204
73	168	0.711991
73	169	3.28068
73	180	5.21573
74	21	0.716536
74	31	0.785799
74	32	0.788314
74	39	0.774023
74	55	0.721461
74	57	0.755017
74	60	0.738739
74	63	0.813517
74	66	1.20344
74	77	0.765286
74	83	0.755518
74	85	0.755725
74	104	0.776604
74	106	0.779767
74	122	0.756671
74	142	0.714419
74	144	5.33668
74	170	4.29892
74	179	3.4057
75	22	1.56518
75	24	2.90411
75	112	2.50235
75	125	0.741797
75	138	0.714607
75	150	0.685486
75	159	0.719146
75	160	0.690345
75	163	0.70343
75	164	0.709199
75	165	0.73009
75	171	0.746997
75	172	0.690984
75	174	0.715129
75	175	0.674024
75	176	0.729561
75	177	0.69302
75	178	0.668425
75	179	0.689119
75	180	0.680219
76	13	0.821028
76	14	0.797005
76	22	0.791309
76	23	0.737638
76	25	0.723267
76	43	0.758888
76	78	0.754689
76	87	0.746588
76	94	0.784231
76	111	0.755611
76	112	0.765715
76	115	0.761715
76	119	0.742095
76	148	0.681178
76	152	0.780866
76	154	2.8296
76	160	4.8737
76	163	3.55223
76	171	2.01332
77	24	0.768081
77	31	0.767612
77	32	0.770127
77	39	0.755836
77	55	0.703273
77	60	0.720551
77	63	0.79533
77	68	0.761872
77	74	0.765286
77	81	1.73756
77	83	0.737331
77	85	0.737538
77	104	0.758417
77	106	0.76158
77	117	0.762409
77	122	0.738484
77	126	1.99947
77	128	3.4669
77	142	0.696232
77	169	5.43943
78	6	0.79101
78	13	0.797058
78	19	0.776644
78	22	0.767338
78	23	0.713668
78	27	0.755105
78	35	0.733639
78	51	0.739517
78	62	0.791905
78	69	0.751219
78	76	0.754689
78	87	0.722617
78	94	0.76026
78	117	2.22941
78	134	0.733339
78	135	2.86295
78	148	0.657208
78	152	0.756895
78	156	2.91624
78	176	4.8017
79	26	0.766292
79	28	0.770055
79	29	0.693644
79	34	0.758903
79	53	0.794918
79	54	0.654743
79	56	0.740711
79	58	0.778327
79	61	0.781246
79	73	0.766171
79	80	0.750265
79	102	0.756038
79	105	0.756219
79	113	2.63571
79	131	0.784599
79	142	4.08562
79	146	0.731256
79	168	0.699695
79	170	5.58928
79	176	2.21775
80	1	0.807394
80	29	0.690032
80	34	0.755292
80	53	0.791307
80	54	0.651132
80	56	0.7371
80	61	0.777635
80	67	1.32229
80	71	0.772506
80	73	0.76256
80	79	0.750265
80	84	2.53899
80	89	0.775276
80	102	0.752426
80	105	0.752608
80	131	0.780988
80	132	4.79664
80	143	2.75042
80	146	0.727645
80	168	0.696084
81	24	2.07269
81	39	1.89046
81	77	1.73756
81	112	1.67093
81	136	0.817244
81	144	0.716635
81	149	0.734494
81	153	0.792367
81	155	0.742893
81	157	0.743655
81	159	0.750282
81	160	0.721481
81	171	0.778132
81	172	0.72212
81	174	0.746265
81	175	0.705159
81	176	0.760697
81	177	0.724156
81	178	0.69956
81	179	0.720254
81	180	0.711354
82	49	3.55832
82	59	4.44168
82	101	0.750588
82	121	0.709965
82	136	0.741472
82	150	0.640849
82	151	0.67064
82	160	0.645708
82	163	0.658793
82	165	0.685453
82	167	0.618711
82	169	0.676228
82	170	0.648554
82	174	0.670492
82	175	0.629387
82	176	0.684925
82	177	0.648383
82	178	0.623788
82	179	0.644482
82	180	0.635582
83	2	0.81551
83	31	0.757843
83	32	0.760358
83	39	0.746067
83	46	0.693575
83	55	0.693505
83	57	0.727061
83	60	0.710783
83	63	0.785562
83	68	0.752104
83	74	0.755518
83	77	0.737331
83	85	0.72777
83	104	0.748649
83	106	0.751812
83	117	0.752641
83	121	2.42328
83	142	0.686463
83	162	6.1047
83	168	2.95397
83	173	3.08018
84	13	1.83821
84	67	0.863176
84	80	2.53899
84	96	1.24529
84	114	1.12496
84	128	0.782506
84	132	0.759176
84	144	0.712592
84	145	0.719504
84	157	0.739613
84	158	0.768985
84	161	0.716117
84	163	0.730523
84	166	0.74522
84	170	0.720283
84	174	0.742222
84	176	0.756654
84	177	0.720113
84	178	0.695518
84	179	0.716212
84	180	0.707311
85	2	0.815718
85	21	0.688788
85	24	0.75852
85	31	0.758051
85	39	0.746275
85	46	0.693782
85	60	0.71099
85	63	0.785769
85	68	0.752311
85	74	0.755725
85	77	0.737538
85	83	0.72777
85	104	0.748856
85	106	0.752019
85	110	1.92486
85	117	0.752848
85	122	0.728923
85	126	0.973925
85	142	0.686671
85	154	4.34386
85	160	6.38796
86	38	4.00912
86	64	2.81086
86	92	1.21356
86	120	0.777954
86	123	0.709633
86	132	0.718734
86	133	0.761592
86	149	0.690009
86	151	0.701927
86	162	0.674709
86	165	0.71674
86	166	0.704778
86	169	0.707516
86	170	0.679841
86	172	0.677635
86	174	0.70178
86	175	0.660674
86	176	0.716212
86	178	0.655076
86	179	0.67577
86	180	0.666869
87	6	0.782909
87	13	0.788957
87	19	0.768543
87	22	0.759238
87	23	0.705567
87	27	0.747004
87	35	0.725538
87	37	0.724353
87	51	0.731416
87	62	0.783804
87	69	0.743118
87	76	0.746588
87	78	0.722617
87	94	0.75216
87	101	1.31238
87	118	2.7103
87	127	1.95958
87	134	0.725238
87	148	0.649107
87	152	0.748794
87	178	8.52995
88	5	0.701359
88	10	0.706459
88	12	0.78759
88	33	0.749065
88	38	0.734738
88	45	0.737485
88	52	0.715913
88	64	0.772196
88	65	0.71448
88	90	0.716769
88	92	0.758498
88	95	0.750421
88	96	0.753412
88	97	0.749234
88	123	4.52131
88	129	0.713872
88	140	0.733029
88	143	1.33967
88	146	0.711615
88	159	3.51313
88	164	4.90506
88	173	0.68627
89	16	0.458311
89	26	0.791303
89	28	0.795066
89	29	0.718654
89	34	0.783913
89	53	0.819929
89	54	0.679754
89	56	0.765721
89	58	0.803338
89	61	0.806257
89	71	0.801128
89	73	0.791182
89	80	0.775276
89	102	0.781048
89	105	0.781229
89	124	2.92717
89	131	0.80961
89	146	0.756267
89	147	3.07534
89	156	2.06462
89	163	5.4781
89	168	0.724706
90	9	0.713421
90	15	0.772886
90	30	0.680176
90	33	0.751241
90	40	0.734353
90	41	0.75493
90	44	0.754758
90	47	0.733829
90	65	0.716656
90	88	0.716769
90	95	0.752597
90	96	0.755588
90	97	0.75141
90	118	0.713824
90	129	0.716048
90	131	0.767133
90	146	0.713791
90	151	3.0338
90	159	2.09398
90	168	2.23879
90	173	0.688447
90	175	7.34897
91	14	0.764028
91	18	0.772524
91	25	0.69029
91	43	0.725911
91	49	0.72434
91	59	0.704639
91	72	0.758533
91	98	1.99853
91	99	0.705424
91	100	0.739051
91	107	0.748339
91	109	0.733704
91	111	0.722634
91	112	0.732738
91	113	4.39185
91	115	0.728738
91	116	0.759914
91	134	0.724333
91	135	0.738562
91	152	0.747889
91	155	4.02148
91	165	4.03979
92	5	0.745263
92	10	0.750363
92	12	0.831495
92	33	0.792969
92	36	0.770993
92	38	0.778642
92	45	0.781389
92	52	0.759818
92	64	0.8161
92	86	1.21356
92	88	0.758498
92	95	0.794326
92	96	0.797317
92	97	0.793139
92	98	2.34739
92	129	0.757776
92	140	0.776933
92	142	3.05075
92	146	0.755519
92	148	4.64066
92	173	0.730175
92	175	6.36482
93	107	1.81179
93	124	0.714663
93	128	0.727828
93	135	0.741345
93	136	0.758524
93	146	2.23964
93	152	0.674441
93	153	0.733646
93	155	0.684173
93	158	0.714307
93	161	0.661439
93	165	0.702505
93	166	0.690542
93	169	0.69328
93	170	0.665606
93	171	0.719412
93	172	0.663399
93	176	0.701977
93	177	0.665435
93	178	0.64084
93	179	0.661534
93	180	0.652634
94	6	0.820552
94	13	0.8266
94	19	0.806187
94	22	0.796881
94	23	0.74321
94	27	0.784647
94	35	0.763181
94	37	0.761996
94	51	0.769059
94	62	0.821448
94	66	2.35207
94	69	0.780762
94	76	0.784231
94	78	0.76026
94	87	0.75216
94	125	3.2861
94	134	0.762881
94	136	1.42074
94	148	0.68675
94	152	0.786438
94	166	3.32147
94	174	3.71366
95	5	0.737187
95	10	0.742287
95	12	0.823418
95	33	0.784893
95	36	0.762917
95	38	0.770566
95	52	0.751742
95	64	0.808024
95	65	0.750308
95	88	0.750421
95	90	0.752597
95	92	0.794326
95	96	0.789241
95	97	0.785062
95	103	2.00161
95	129	0.7497
95	140	0.768857
95	141	2.06675
95	146	0.747443
95	164	3.80321
95	169	3.35975
95	170	5.85586
95	173	0.722099
96	5	0.740178
96	10	0.745278
96	33	0.787884
96	36	0.765908
96	38	0.773557
96	45	0.776304
96	52	0.754733
96	64	0.811015
96	65	0.753299
96	84	1.24529
96	88	0.753412
96	90	0.755588
96	92	0.797317
96	95	0.789241
96	97	0.788054
96	129	0.752691
96	139	1.84336
96	140	0.771848
96	142	4.32239
96	146	0.750434
96	161	5.42054
96	169	3.32994
96	173	0.72509
97	5	0.736
97	10	0.7411
97	12	0.822232
97	33	0.783706
97	36	0.76173
97	38	0.769379
97	45	0.772126
97	52	0.750555
97	64	0.806837
97	65	0.749121
97	88	0.749234
97	90	0.75141
97	92	0.793139
97	95	0.785062
97	96	0.788054
97	127	1.03829
97	136	1.43924
97	139	1.68542
97	140	0.76767
97	146	0.746256
97	161	6.45889
97	173	0.720912
97	177	4.5945
98	73	1.54161
98	91	1.99853
98	92	2.34739
98	114	1.60754
98	137	0.785768
98	139	0.806062
98	154	0.734983
98	158	0.76478
98	159	0.742035
98	162	0.710947
98	164	0.732087
98	165	0.752978
98	166	0.741015
98	167	0.686236
98	168	0.732366
98	170	0.716079
98	172	0.713872
98	175	0.696912
98	176	0.75245
98	178	0.691313
98	179	0.712007
98	180	0.703107
99	3	0.77443
99	18	0.765243
99	20	0.623218
99	42	0.724457
99	49	0.717059
99	50	0.696947
99	70	0.742948
99	72	0.751252
99	91	0.705424
99	100	0.73177
99	107	0.741057
99	109	0.726423
99	111	0.715353
99	112	0.725457
99	114	0.748655
99	115	0.721457
99	116	0.752633
99	119	0.701837
99	152	0.740608
99	153	2.40283
99	154	4.33548
99	156	1.64462
99	160	6.37958
100	17	1.06706
100	20	0.656845
100	25	0.716635
100	42	0.758084
100	43	0.752257
100	49	0.750685
100	59	0.730985
100	70	0.776574
100	72	0.784878
100	91	0.739051
100	99	0.73177
100	107	0.774684
100	111	0.748979
100	112	0.759083
100	114	0.782281
100	116	0.78626
100	119	0.735463
100	130	4.4286
100	144	6.59584
100	152	0.774234
100	168	2.25832
100	171	2.16075
100	173	2.38452
101	26	1.37501
101	65	3.05362
101	82	0.750588
101	87	1.31238
101	112	2.43063
101	139	0.804959
101	144	0.707284
101	155	0.733543
101	157	0.734304
101	159	0.740931
101	160	0.71213
101	161	0.710809
101	162	0.709843
101	165	0.751874
101	167	0.685133
101	170	0.714975
101	171	0.768782
101	174	0.736914
101	175	0.695808
101	177	0.714805
101	178	0.69021
101	179	0.710904
101	180	0.702003
102	1	0.813166
102	26	0.768454
102	28	0.772217
102	29	0.695805
102	34	0.761064
102	53	0.79708
102	54	0.656905
102	56	0.742872
102	58	0.780489
102	61	0.783408
102	71	0.778279
102	73	0.768333
102	79	0.756038
102	80	0.752426
102	89	0.781048
102	105	0.75838
102	131	0.78676
102	135	1.53799
102	144	6.06747
102	146	0.733418
102	147	2.41243
102	168	0.701857
102	169	2.5336
102	180	4.46865
103	53	2.46388
103	71	2.73275
103	95	2.00161
103	119	0.892119
103	125	0.751443
103	136	0.795755
103	144	0.695145
103	145	0.702057
103	150	0.695132
103	154	0.72174
103	157	0.722166
103	158	0.751538
103	160	0.699991
103	162	0.697705
103	164	0.718845
103	165	0.739736
103	166	0.727773
103	171	0.756643
103	172	0.70063
103	175	0.68367
103	176	0.739208
103	177	0.702666
103	179	0.698765
103	180	0.689865
104	2	0.836597
104	21	0.709666
104	31	0.778929
104	32	0.781445
104	39	0.767154
104	46	0.714661
104	55	0.714591
104	57	0.748147
104	60	0.731869
104	63	0.806648
104	68	0.77319
104	74	0.776604
104	77	0.758417
104	83	0.748649
104	85	0.748856
104	106	0.772898
104	110	2.49125
104	117	0.773727
104	122	0.749801
104	136	2.05123
104	140	1.72234
104	142	0.70755
104	149	5.40566
104	168	4.17662
105	1	0.813348
105	26	0.768635
105	28	0.772398
105	29	0.695986
105	34	0.761245
105	53	0.797261
105	54	0.657086
105	56	0.743053
105	58	0.78067
105	61	0.783589
105	71	0.77846
105	73	0.768514
105	79	0.756219
105	80	0.752608
105	89	0.781229
105	102	0.75838
105	108	1.32535
105	124	1.95134
105	131	0.786941
105	137	2.64114
105	146	0.733599
105	147	2.09951
105	168	0.702038
105	178	8.12507
106	21	0.712829
106	24	0.782562
106	31	0.782092
106	32	0.784608
106	39	0.770316
106	46	0.717824
106	55	0.717754
106	57	0.75131
106	60	0.735032
106	63	0.809811
106	68	0.776353
106	74	0.779767
106	77	0.76158
106	83	0.751812
106	85	0.752019
106	104	0.772898
106	117	0.77689
106	122	0.752964
106	142	0.710712
106	153	2.56568
106	158	2.62932
106	171	2.3759
106	174	3.93222
106	177	4.79458
107	3	0.817345
107	7	0.58463
107	14	0.799661
107	17	0.644658
107	20	0.666132
107	43	0.761544
107	59	0.740273
107	70	0.785862
107	72	0.794166
107	91	0.748339
107	93	1.81179
107	99	0.741057
107	100	0.774684
107	109	0.769337
107	111	0.758267
107	112	0.768371
107	114	0.791569
107	115	0.764372
107	116	0.795547
107	119	0.744751
107	134	0.759966
107	141	2.71929
107	172	5.65152
107	176	3.13688
108	1	1.72942
108	53	1.43361
108	105	1.32535
108	112	1.79757
108	113	0.766225
108	121	0.784904
108	127	0.818286
108	134	1.64514
108	136	0.816412
108	143	0.808689
108	153	0.791534
108	159	0.74945
108	160	0.720648
108	161	0.719327
108	165	0.760393
108	166	0.74843
108	167	0.693651
108	171	0.7773
108	172	0.721287
108	175	0.704327
108	176	0.759865
108	177	0.723323
108	178	0.698728
108	179	0.719422
108	180	0.710522
109	3	0.80271
109	17	0.630024
109	18	0.793523
109	25	0.711288
109	42	0.752737
109	49	0.745339
109	70	0.771228
109	72	0.779532
109	91	0.733704
109	99	0.726423
109	107	0.769337
109	111	0.743633
109	112	0.753737
109	114	0.776935
109	115	0.749737
109	116	0.780913
109	119	0.730117
109	128	2.43985
109	134	0.745332
109	135	0.759561
109	147	2.66222
109	151	4.40373
109	152	0.768888
109	155	3.58454
109	174	3.77625
110	18	2.7952
110	71	2.78869
110	85	1.92486
110	104	2.49125
110	124	0.750038
110	130	0.715012
110	144	0.693289
110	145	0.700201
110	147	0.758005
110	151	0.723066
110	156	0.771911
110	158	0.749682
110	160	0.698135
110	161	0.696814
110	164	0.716988
110	167	0.671138
110	169	0.728655
110	170	0.70098
110	171	0.754787
110	174	0.722919
110	175	0.681813
110	177	0.70081
110	178	0.676215
110	179	0.696909
110	180	0.688008
111	18	0.782452
111	42	0.741666
111	43	0.73584
111	49	0.734268
111	50	0.714157
111	59	0.714568
111	70	0.760157
111	72	0.768461
111	76	0.755611
111	91	0.722634
111	99	0.715353
111	100	0.748979
111	107	0.758267
111	109	0.743633
111	112	0.742666
111	114	0.765864
111	115	0.738667
111	116	0.769842
111	117	1.70617
111	119	0.719046
111	120	2.02619
111	122	2.87534
111	134	0.734261
111	152	0.757817
111	163	5.80648
111	173	4.47643
112	3	0.801744
112	14	0.78406
112	17	0.629057
112	20	0.650532
112	25	0.710322
112	43	0.745944
112	49	0.744372
112	75	2.50235
112	76	0.765715
112	81	1.67093
112	91	0.732738
112	99	0.725457
112	100	0.759083
112	101	2.43063
112	107	0.768371
112	108	1.79757
112	109	0.753737
112	111	0.742666
112	114	0.775968
112	115	0.748771
112	116	0.779947
112	119	0.72915
112	134	0.744365
112	135	0.758595
112	152	0.767921
112	153	3.37013
113	30	2.97244
113	79	2.63571
113	91	4.39185
113	108	0.766225
113	127	0.750465
113	139	0.745655
113	141	0.703647
113	150	0.647967
113	153	0.723713
113	154	0.674576
113	156	0.726602
113	157	0.675001
113	160	0.652826
113	162	0.65054
113	165	0.692571
113	167	0.625829
113	171	0.709478
113	172	0.653466
113	174	0.67761
113	175	0.636505
113	176	0.692043
113	177	0.655501
113	178	0.630906
113	179	0.6516
113	180	0.6427
114	3	0.824942
114	14	0.807259
114	20	0.67373
114	25	0.73352
114	42	0.774969
114	49	0.76757
114	50	0.747459
114	59	0.74787
114	70	0.79346
114	72	0.801763
114	84	1.12496
114	98	1.60754
114	99	0.748655
114	100	0.782281
114	107	0.791569
114	109	0.776935
114	111	0.765864
114	112	0.775968
114	115	0.771969
114	116	0.803145
114	118	2.91406
114	119	0.752349
114	128	2.48579
114	135	0.781793
114	152	0.79112
114	157	4.30992
114	174	3.82219
115	3	0.797744
115	17	0.625058
115	20	0.646532
115	25	0.706323
115	42	0.747771
115	43	0.741944
115	49	0.740373
115	50	0.720261
115	59	0.720672
115	72	0.774566
115	76	0.761715
115	91	0.728738
115	99	0.721457
115	107	0.764372
115	109	0.749737
115	111	0.738667
115	112	0.748771
115	114	0.771969
115	116	0.775947
115	119	0.725151
115	127	1.64963
115	134	0.740366
115	147	3.22946
115	152	0.763922
115	171	2.78716
115	174	4.34348
115	177	5.20584
116	3	0.82892
116	17	0.656233
116	18	0.819733
116	20	0.677708
116	25	0.737498
116	49	0.771548
116	70	0.797438
116	72	0.805741
116	91	0.759914
116	99	0.752633
116	100	0.78626
116	107	0.795547
116	109	0.780913
116	111	0.769842
116	112	0.779947
116	114	0.803145
116	115	0.775947
116	118	2.08211
116	119	0.756327
116	134	0.771541
116	135	0.785771
116	139	2.06001
116	152	0.795098
116	157	3.47797
116	169	3.62637
116	177	3.85259
116	179	5.22926
117	11	3.39625
117	18	1.83652
117	24	0.783391
117	39	0.771146
117	48	0.695146
117	57	0.752139
117	60	0.735861
117	72	2.03166
117	77	0.762409
117	78	2.22941
117	83	0.752641
117	85	0.752848
117	104	0.773727
117	106	0.77689
117	111	1.70617
117	122	0.753793
117	142	0.711542
117	147	0.752355
117	154	0.714234
117	163	0.705569
117	165	0.732229
117	169	0.723004
117	174	0.717268
117	175	0.676163
117	177	0.695159
117	178	0.670564
117	179	0.691258
117	180	0.682358
118	4	0.703677
118	5	3.49353
118	9	0.7083
118	11	0.702419
118	15	0.767765
118	30	0.675055
118	40	0.729232
118	41	0.74981
118	44	0.749637
118	47	0.728708
118	87	2.7103
118	90	0.713824
118	114	2.91406
118	116	2.08211
118	121	0.722233
118	131	0.762012
118	147	0.717847
118	159	0.686778
118	163	0.671061
118	164	0.67683
118	169	0.688497
118	172	0.658616
118	173	0.683326
118	174	0.682761
118	177	0.660652
118	178	0.636056
118	179	0.65675
118	180	0.64785
119	3	0.778124
119	14	0.76044
119	18	0.768936
119	20	0.626912
119	25	0.686702
119	42	0.728151
119	43	0.722324
119	59	0.701052
119	70	0.746642
119	72	0.754945
119	76	0.742095
119	99	0.701837
119	100	0.735463
119	103	0.892119
119	107	0.744751
119	109	0.730117
119	111	0.719046
119	112	0.72915
119	114	0.752349
119	115	0.725151
119	116	0.756327
119	123	3.49679
119	134	0.720745
119	135	0.734975
119	137	2.22855
119	152	0.744302
119	173	2.75963
119	178	7.71247
120	47	1.88649
120	63	1.86541
120	65	2.8681
120	86	0.777954
120	111	2.02619
120	138	0.73247
120	139	0.801037
120	145	0.710274
120	146	1.31246
120	147	0.768078
120	149	0.721221
120	151	0.733139
120	154	0.729957
120	155	0.729621
120	158	0.759755
120	159	0.737009
120	160	0.708208
120	162	0.705922
120	164	0.727062
120	169	0.738728
120	170	0.711053
120	172	0.708847
120	174	0.732992
120	175	0.691887
120	176	0.747425
120	177	0.710883
120	179	0.706982
120	180	0.698082
121	8	0.76404
121	17	2.26929
121	52	3.23295
121	53	3.67449
121	82	0.709965
121	83	2.42328
121	108	0.784904
121	118	0.722233
121	140	0.743613
121	148	0.65973
121	151	0.696438
121	153	0.742392
121	155	0.692919
121	157	0.693681
121	159	0.700307
121	162	0.66922
121	163	0.684591
121	164	0.69036
121	167	0.644509
121	169	0.702026
121	170	0.674351
121	172	0.672145
121	174	0.69629
121	175	0.655185
121	176	0.710723
121	177	0.674181
121	178	0.649586
121	179	0.67028
121	180	0.66138
122	2	0.816663
122	15	1.36578
122	24	0.759465
122	31	0.758996
122	36	2.70885
122	39	0.74722
122	57	0.728214
122	68	0.753257
122	74	0.756671
122	77	0.738484
122	85	0.728923
122	104	0.749801
122	106	0.752964
122	111	2.87534
122	117	0.753793
122	124	0.720462
122	146	2.16162
122	150	0.6637
122	152	0.596412
122	160	0.668559
122	162	0.666273
122	165	0.708304
122	166	0.696341
122	169	0.699079
122	171	0.725211
122	172	0.669198
122	174	0.693343
122	175	0.652238
122	178	0.646639
122	179	0.667333
122	180	0.658433
123	48	0.642548
123	62	3.9819
123	86	0.709633
123	88	4.52131
123	119	3.49679
123	129	0.692837
123	138	0.664149
123	139	0.732716
123	141	0.690707
123	149	0.6529
123	150	0.635027
123	153	0.710773
123	156	0.713663
123	158	0.691434
123	160	0.639887
123	162	0.6376
123	163	0.652972
123	165	0.679631
123	166	0.667669
123	168	0.659019
123	169	0.670407
123	170	0.642732
123	171	0.696539
123	174	0.664671
123	175	0.623565
123	176	0.679103
123	177	0.642562
123	178	0.617967
123	179	0.638661
123	180	0.62976
124	10	4.13831
124	89	2.92717
124	93	0.714663
124	105	1.95134
124	110	0.750038
124	122	0.720462
124	126	0.766677
124	130	0.67603
124	132	0.700891
124	145	0.661219
124	146	2.54182
124	149	0.672166
124	150	0.654293
124	151	0.684084
124	153	0.730039
124	154	0.680902
124	156	0.732929
124	158	0.7107
124	159	0.687954
124	161	0.657832
124	163	0.672237
124	165	0.698897
124	166	0.686935
124	167	0.632156
124	169	0.689673
124	170	0.661998
124	172	0.659792
124	174	0.683937
124	177	0.661828
124	178	0.637233
124	179	0.657927
124	180	0.649026
125	48	0.661363
125	49	3.88793
125	69	2.36406
125	75	0.741797
125	94	3.2861
125	103	0.751443
125	143	0.746742
125	144	0.653856
125	149	0.671715
125	150	0.653842
125	152	1.81126
125	153	0.729588
125	154	0.680451
125	155	0.680115
125	156	0.732478
125	157	0.680876
125	158	0.710249
125	159	0.687503
125	162	0.656415
125	163	0.671786
125	166	0.686484
125	169	0.689222
125	170	0.661547
125	171	0.715354
125	173	0.684051
125	174	0.683486
125	175	0.64238
125	176	0.697918
125	177	0.661377
125	178	0.636782
125	179	0.657476
125	180	0.648575
126	14	2.35034
126	38	2.66039
126	54	2.58824
126	56	2.62764
126	77	1.99947
126	85	0.973925
126	124	0.766677
126	128	0.779842
126	132	0.756513
126	143	0.802815
126	144	0.709929
126	145	0.71684
126	150	0.709915
126	154	0.736523
126	157	0.736949
126	158	0.766321
126	159	0.743575
126	162	0.712488
126	163	0.727859
126	164	0.733628
126	165	0.754519
126	166	0.742556
126	167	0.687777
126	169	0.745294
126	170	0.71762
126	172	0.715413
126	174	0.739558
126	175	0.698453
126	176	0.753991
126	177	0.717449
126	178	0.692854
126	179	0.713548
126	180	0.704648
127	16	0.862559
127	23	3.43063
127	38	2.77036
127	87	1.95958
127	97	1.03829
127	108	0.818286
127	113	0.750465
127	115	1.64963
127	130	0.721765
127	138	0.72915
127	146	1.11016
127	147	0.764759
127	151	0.72982
127	154	0.726637
127	156	0.778664
127	157	0.727063
127	159	0.73369
127	163	0.717973
127	164	0.723742
127	166	0.73267
127	167	0.677891
127	168	0.724021
127	170	0.707734
127	171	0.76154
127	172	0.705527
127	173	0.730237
127	174	0.729672
127	175	0.688567
127	176	0.744105
127	177	0.707563
127	178	0.682968
127	179	0.703662
127	180	0.694762
128	27	3.25437
128	77	3.4669
128	84	0.782506
128	93	0.727828
128	109	2.43985
128	114	2.48579
128	126	0.779842
128	130	0.689195
128	133	0.756914
128	139	0.765147
128	140	0.744425
128	142	0.691375
128	149	0.685331
128	150	0.667459
128	151	0.697249
128	152	0.902424
128	153	0.743204
128	154	0.694067
128	157	0.694493
128	158	0.723865
128	160	0.672318
128	161	0.670997
128	162	0.670032
128	163	0.685403
128	167	0.645321
128	170	0.675163
128	171	0.72897
128	172	0.672957
128	174	0.697102
128	175	0.655997
128	176	0.711534
128	177	0.674993
128	178	0.650398
128	179	0.671092
128	180	0.662192
129	5	0.700638
129	10	0.705737
129	27	3.16517
129	36	0.726367
129	45	0.736763
129	55	1.973
129	56	4.00588
129	62	1.86047
129	64	0.771475
129	65	0.713759
129	88	0.713872
129	90	0.716048
129	92	0.757776
129	95	0.7497
129	96	0.752691
129	123	0.692837
129	131	1.5685
129	137	0.732735
129	138	0.684462
129	140	0.732307
129	146	0.710894
129	154	0.68195
129	159	0.689002
129	161	0.658879
129	163	0.673285
129	167	0.633203
129	169	0.69072
129	171	0.716852
129	173	0.685549
129	175	0.643879
129	176	0.699417
129	177	0.662875
129	178	0.63828
129	179	0.658974
129	180	0.650074
130	7	0.725998
130	39	5.8723
130	58	3.6991
130	100	4.4286
130	110	0.715012
130	124	0.67603
130	127	0.721765
130	128	0.689195
130	132	0.665866
130	137	0.696662
130	143	0.712168
130	144	0.619282
130	147	0.683997
130	149	0.637141
130	151	0.649059
130	154	0.645876
130	155	0.64554
130	156	0.697903
130	157	0.646302
130	158	0.675674
130	159	0.652929
130	160	0.624127
130	163	0.637212
130	164	0.642981
130	165	0.663872
130	166	0.651909
130	167	0.59713
130	169	0.654647
130	170	0.626973
130	175	0.607806
130	176	0.663344
130	177	0.626802
130	178	0.602207
130	179	0.622901
130	180	0.614001
131	1	0.841728
131	4	0.756987
131	9	0.761609
131	11	0.755728
131	15	0.821075
131	26	0.797015
131	28	0.800778
131	29	0.724366
131	30	0.728364
131	34	0.789626
131	40	0.782541
131	41	0.803119
131	44	0.802947
131	47	0.782017
131	54	0.685466
131	56	0.771434
131	61	0.811969
131	71	0.80684
131	79	0.784599
131	80	0.780988
131	89	0.80961
131	90	0.767133
131	102	0.78676
131	105	0.786941
131	118	0.762012
131	129	1.5685
131	133	1.72673
131	146	0.761979
131	153	1.62756
131	159	2.68176
131	163	4.28283
131	168	0.730418
131	169	3.63023
131	176	2.75481
131	180	5.56527
132	19	1.34767
132	80	4.79664
132	84	0.759176
132	86	0.718734
132	124	0.700891
132	126	0.756513
132	130	0.665866
132	133	0.733584
132	139	0.741817
132	144	0.644143
132	145	0.651055
132	146	3.36444
132	147	0.708859
132	150	0.644129
132	152	1.79924
132	153	0.719875
132	157	0.671163
132	158	0.700535
132	159	0.67779
132	160	0.648988
132	162	0.646702
132	163	0.662073
132	165	0.688733
132	166	0.67677
132	167	0.621991
132	169	0.679508
132	170	0.651834
132	172	0.649628
132	174	0.673772
132	175	0.632667
132	176	0.688205
132	177	0.651663
132	178	0.627068
132	179	0.647762
132	180	0.638862
133	3	2.22793
133	44	3.25769
133	47	3.11068
133	70	2.30854
133	72	2.16842
133	86	0.761592
133	128	0.756914
133	131	1.72673
133	132	0.733584
133	143	0.779886
133	144	0.687
133	145	0.693912
133	147	0.751716
133	151	0.716777
133	156	0.765622
133	158	0.743393
133	159	0.720647
