1	42	1.05376
1	53	1.0488
1	63	1.12048
1	68	1.1049
1	76	1.07971
1	81	1.06665
1	85	1.05433
1	86	1.045
1	101	1.04561
1	121	0.72358
1	150	1.16074
1	180	2.50117
2	20	1.03422
2	34	1.00603
2	38	0.979183
2	47	0.958365
2	50	0.958099
2	138	1.00524
2	139	1.55229
2	149	2.04349
2	154	0.95731
2	155	0.991111
2	179	0.869667
2	180	0.860625
3	26	1.05752
3	28	1.05489
3	37	1.13809
3	52	1.10479
3	55	1.10449
3	59	1.08674
3	90	0.541493
3	136	1.02383
3	153	3.36035
3	158	1.0352
3	163	1.00317
3	167	1.0487
4	8	0.967669
4	11	1.12383
4	31	1.02162
4	36	1.02274
4	41	1.00343
4	101	0.970677
4	147	1.88791
4	148	1.63329
4	158	0.918117
4	164	0.913746
4	179	0.896086
5	26	0.940652
5	28	0.938021
5	29	1.04427
5	52	0.987913
5	55	0.98762
5	59	0.969866
5	110	1.65979
5	138	1.03187
5	145	1.89775
5	158	0.918328
5	163	0.886297
5	167	0.931826
6	7	1.20164
6	9	1.06781
6	25	1.16582
6	40	1.11313
6	110	1.13482
6	121	1.30064
6	126	0.994009
6	140	1.07712
6	142	1.03714
6	164	1.03734
6	167	1.75903
7	6	1.20164
7	9	1.0348
7	10	1.05471
7	25	1.13281
7	32	1.113
7	40	1.08012
7	79	1.38111
7	140	1.04411
7	142	1.00413
7	144	0.839277
7	164	1.00433
7	177	2.8877
8	4	0.967669
8	11	1.10404
8	31	1.00183
8	36	1.00295
8	41	0.983637
8	92	0.933159
8	112	0.969925
8	129	0.947396
8	153	3.08833
8	158	0.898326
8	164	0.893955
8	179	0.876296
9	6	1.06781
9	7	1.0348
9	10	0.920876
9	25	0.998982
9	32	0.979169
9	40	0.946292
9	74	0.987644
9	112	0.94647
9	133	1.8596
9	138	1.67875
9	140	0.910275
9	164	0.8705
10	7	1.05471
10	9	0.920876
10	25	1.01889
10	32	0.999077
10	40	0.966201
10	74	1.00755
10	101	1.42801
10	112	0.966378
10	123	2.16447
10	140	0.930183
10	142	0.890202
10	164	0.890408
11	4	1.12383
11	8	1.10404
11	31	1.15799
11	36	1.15911
11	41	1.1398
11	62	1.88529
11	124	5.8
11	158	1.05449
11	164	1.05012
11	174	1.72493
11	179	1.03246
12	23	1.09261
12	27	1.07915
12	39	1.06137
12	43	1.05376
12	69	1.08909
12	73	1.07155
12	84	1.05174
12	88	1.10144
12	91	0.931992
12	127	1.30652
12	154	1.04646
12	165	2.3863
13	33	1.68936
13	93	0.905758
13	95	0.949219
13	150	0.922445
13	155	0.950497
13	162	0.922512
13	163	0.819053
13	171	0.829866
13	172	0.828576
13	175	0.829855
13	177	0.808449
13	180	0.820011
14	15	0.932352
14	19	0.913226
14	27	0.982945
14	39	0.965165
14	43	0.95756
14	69	0.992887
14	73	0.975343
14	75	0.989447
14	84	0.955538
14	88	1.00524
14	101	1.47286
14	136	1.9988
15	14	0.932352
15	19	0.925061
15	23	1.00824
15	43	0.969395
15	73	0.987178
15	75	1.00128
15	84	0.967373
15	88	1.01707
15	108	1.20089
15	140	0.931884
15	157	0.899141
15	173	2.35438
16	89	0.834688
16	118	0.209107
16	132	1.00115
16	135	1.03916
16	151	0.978073
16	153	0.927176
16	165	0.95556
16	166	0.95768
16	168	0.90891
16	171	0.941166
16	172	0.939876
16	178	0.93491
17	56	1.03798
17	72	1.08379
17	82	1.12203
17	93	1.03689
17	94	1.08959
17	95	1.08035
17	132	1.08883
17	150	0.891261
17	157	0.984879
17	162	1.05365
17	167	0.995717
17	175	2.71018
17	180	0.951146
18	76	0.999462
18	103	1.02767
18	137	0.979839
18	143	1.00604
18	148	1.00361
18	155	0.33224
18	168	0.88505
18	171	0.917306
18	174	0.9451
18	176	0.908397
18	177	0.89589
18	178	0.91105
18	179	0.916494
19	14	0.913226
19	15	0.925061
19	27	0.975654
19	69	0.985596
19	73	0.968052
19	75	0.982156
19	84	0.948247
19	88	0.997949
19	92	0.912188
19	154	0.942967
19	157	0.880015
19	164	0.968986
19	168	4.72631
20	2	1.03422
20	21	1.01665
20	35	1.09715
20	38	1.07878
20	47	1.05797
20	50	1.0577
20	134	1.47427
20	135	1.61745
20	146	1.41763
20	154	1.05691
20	155	1.09071
20	179	0.969268
20	180	0.960226
21	20	1.01665
21	34	0.988461
21	35	0.979983
21	38	0.961613
21	47	0.940795
21	50	0.940529
21	128	2.133
21	138	0.987672
21	139	1.65658
21	154	0.93974
21	155	0.973541
21	179	0.852097
21	180	0.843055
22	53	0.919645
22	57	0.997607
22	63	0.991328
22	67	0.965197
22	68	0.975751
22	70	0.890835
22	76	0.950552
22	81	0.937501
22	85	0.925176
22	86	0.915842
22	125	0.939704
22	150	1.33738
22	172	2.70981
23	12	1.09261
23	15	1.00824
23	43	1.03345
23	69	1.06877
23	73	1.05123
23	75	1.06533
23	79	2.61889
23	84	1.03142
23	88	1.08112
23	144	1.13681
23	154	1.02614
23	157	0.963192
23	174	1.248
24	42	1.0326
24	53	1.02763
24	54	1.02394
24	63	1.09932
24	67	1.07318
24	70	0.998823
24	76	1.05854
24	81	1.04549
24	85	1.03316
24	86	1.02383
24	122	1.4922
24	131	0.820719
24	151	2.2657
25	6	1.16582
25	7	1.13281
25	9	0.998982
25	10	1.01889
25	32	1.07718
25	40	1.04431
25	66	0.672137
25	112	1.04448
25	121	1.58052
25	140	1.00829
25	142	0.968309
25	144	2.31554
25	164	0.968514
26	3	1.05752
26	5	0.940652
26	28	0.890792
26	29	0.997039
26	33	0.991774
26	37	0.973987
26	52	0.940685
26	55	0.940391
26	59	0.922637
26	148	1.62193
26	156	2.50621
26	158	0.871099
26	163	0.839068
26	167	0.884597
27	12	1.07915
27	14	0.982945
27	19	0.975654
27	39	1.02759
27	43	1.01999
27	69	1.05531
27	73	1.03777
27	84	1.01797
27	88	1.06767
27	116	0.96995
27	154	1.01269
27	157	0.949734
27	178	2.46505
27	179	1.7242
28	3	1.05489
28	5	0.938021
28	26	0.890792
28	29	0.994407
28	33	0.989143
28	52	0.938053
28	55	0.937759
28	59	0.920005
28	90	0.7704
28	138	0.982012
28	158	0.868467
28	163	0.836437
28	167	0.881966
28	179	3.37279
29	5	1.04427
29	26	0.997039
29	28	0.994407
29	33	1.09539
29	37	1.0776
29	52	1.0443
29	55	1.04401
29	59	1.02625
29	105	1.02085
29	144	1.17467
29	158	0.974715
29	163	0.942684
29	167	0.988213
29	175	2.69573
30	56	2.19591
30	58	0.881098
30	97	0.87109
30	115	0.859726
30	119	0.894737
30	120	0.894847
30	133	0.896101
30	141	0.851868
30	155	0.915471
30	162	0.887486
30	163	0.784027
30	170	0.842895
30	174	0.822633
30	178	0.788583
31	4	1.02162
31	8	1.00183
31	11	1.15799
31	36	1.0569
31	41	1.03759
31	91	1.08352
31	101	1.00484
31	112	1.02388
31	131	1.18269
31	134	1.52871
31	158	0.952278
31	164	0.947907
31	167	2.04404
31	179	0.930248
32	7	1.113
32	9	0.979169
32	10	0.999077
32	25	1.07718
32	40	1.02449
32	74	1.06585
32	98	1.37331
32	110	1.04618
32	112	1.02467
32	116	1.23234
32	140	0.988476
32	142	0.948496
32	164	0.948701
32	178	3.12703
33	13	1.68936
33	26	0.991774
33	28	0.989143
33	29	1.09539
33	37	1.07234
33	52	1.03904
33	55	1.03874
33	59	1.02099
33	138	1.08299
33	141	1.76412
33	154	0.674158
33	158	0.96945
33	163	0.937419
33	167	0.982948
34	2	1.00603
34	21	0.988461
34	35	1.06896
34	38	1.05059
34	47	1.02978
34	50	1.02951
34	138	1.07665
34	147	1.33763
34	152	1.69965
34	154	1.02872
34	155	1.06252
34	170	1.89664
34	179	0.941077
34	180	0.932036
35	20	1.09715
35	21	0.979983
35	34	1.06896
35	38	1.04212
35	47	1.0213
35	50	1.02103
35	98	1.20192
35	131	1.04045
35	154	1.02024
35	155	1.05404
35	170	1.11437
35	175	2.64971
35	179	0.932599
35	180	0.923557
36	4	1.02274
36	8	1.00295
36	11	1.15911
36	31	1.0569
36	41	1.0387
36	91	1.08463
36	92	0.988226
36	104	2.02306
36	112	1.02499
36	145	0.766663
36	158	0.953394
36	164	0.949022
36	169	1.84962
36	179	0.931363
37	3	1.13809
37	26	0.973987
37	29	1.0776
37	33	1.07234
37	52	1.02125
37	55	1.02095
37	59	1.0032
37	74	1.06444
37	130	0.950902
37	150	1.44719
37	158	0.951662
37	160	2.50013
37	163	0.919632
37	167	0.965161
38	2	0.979183
38	20	1.07878
38	21	0.961613
38	34	1.05059
38	35	1.04212
38	47	1.00293
38	50	1.00266
38	98	1.28024
38	131	1.02208
38	154	1.00187
38	155	1.03567
38	157	1.37945
38	176	2.57638
38	179	0.914229
38	180	0.905187
39	12	1.06137
39	14	0.965165
39	27	1.02759
39	69	1.03753
39	73	1.01999
39	75	1.03409
39	77	1.36099
39	84	1.00019
39	88	1.04989
39	105	0.933408
39	140	0.964697
39	154	0.994906
39	157	0.931954
39	169	1.29691
39	172	2.41628
40	6	1.11313
40	7	1.08012
40	9	0.946292
40	10	0.966201
40	25	1.04431
40	32	1.02449
40	74	1.03297
40	90	1.3129
40	108	1.5161
40	110	1.0133
40	112	0.991794
40	140	0.955599
40	142	0.915619
40	164	0.915824
40	168	6.47369
41	4	1.00343
41	8	0.983637
41	11	1.1398
41	31	1.03759
41	36	1.0387
41	91	1.06533
41	92	0.968918
41	101	0.986646
41	112	1.00568
41	147	1.07076
41	157	1.81654
41	158	0.934086
41	164	0.929714
41	166	2.26666
41	179	0.912055
42	1	1.05376
42	24	1.0326
42	54	0.961547
42	57	1.0432
42	63	1.03692
42	67	1.01079
42	68	1.02134
42	70	0.936428
42	76	0.996145
42	81	0.983094
42	85	0.970769
42	86	0.961435
42	133	1.52317
42	135	1.89253
42	154	1.39803
43	12	1.05376
43	14	0.95756
43	15	0.969395
43	23	1.03345
43	27	1.01999
43	62	1.51471
43	69	1.02993
43	73	1.01239
43	75	1.02649
43	84	0.992581
43	88	1.04228
43	140	0.957092
43	157	0.924349
43	170	1.22888
43	180	2.28573
44	45	1.02476
44	46	1.1836
44	49	1.0227
44	51	1.02214
44	58	1.00242
44	60	1.00945
44	64	1.00929
44	65	1.00928
44	122	1.30982
44	138	0.577345
44	155	1.03679
44	162	1.00881
44	163	0.905347
44	172	2.85089
45	44	1.02476
45	46	1.18239
45	49	1.02148
45	51	1.02093
45	58	1.0012
45	60	1.00823
45	64	1.00808
45	65	1.00806
45	77	2.23901
45	131	1.08175
45	146	1.37114
45	155	1.03557
45	162	1.00759
45	163	0.904128
46	44	1.1836
46	45	1.18239
46	49	1.18033
46	51	1.17977
46	58	1.16004
46	60	1.16708
46	64	1.16692
46	65	1.16691
46	98	1.14454
46	142	1.41859
46	155	1.19442
46	156	1.12764
46	159	1.29314
46	160	1.82635
46	162	1.16643
46	163	1.06297
47	2	0.958365
47	20	1.05797
47	21	0.940795
47	34	1.02978
47	35	1.0213
47	38	1.00293
47	50	0.981843
47	101	0.81266
47	131	1.00126
47	138	1.02899
47	154	0.981054
47	155	1.01486
47	156	2.20627
47	169	2.1051
47	179	0.893411
47	180	0.884369
48	68	0.922382
48	78	2.65221
48	81	0.884132
48	85	0.871807
48	86	0.862472
48	98	0.875539
48	115	0.854195
48	117	0.893324
48	119	0.889206
48	120	0.889316
48	159	0.824522
48	169	0.828009
48	170	0.837364
48	175	0.789298
48	177	0.767892
48	178	0.783052
49	44	1.0227
49	45	1.02148
49	46	1.18033
49	51	1.01887
49	58	0.99914
49	60	1.00617
49	64	1.00602
49	65	1.006
49	108	1.09321
49	126	1.36461
49	155	1.03351
49	162	1.00553
49	163	0.90207
49	167	2.12963
50	2	0.958099
50	20	1.0577
50	21	0.940529
50	34	1.02951
50	35	1.02103
50	38	1.00266
50	47	0.981843
50	97	1.24289
50	131	1.001
50	138	1.02872
50	148	0.996995
50	154	0.980788
50	155	1.01459
50	163	2.94269
50	179	0.893145
50	180	0.884103
51	44	1.02214
51	45	1.02093
51	46	1.17977
51	49	1.01887
51	58	0.998581
51	60	1.00561
51	64	1.00546
51	65	1.00545
51	140	1.46003
51	145	0.957164
51	155	1.03295
51	162	1.00497
51	163	0.90151
51	174	2.19612
52	3	1.10479
52	5	0.987913
52	26	0.940685
52	28	0.938053
52	29	1.0443
52	33	1.03904
52	37	1.02125
52	55	0.987652
52	59	0.969898
52	137	2.27859
52	138	1.0319
52	139	1.22322
52	143	1.58878
52	158	0.91836
52	163	0.88633
52	167	0.931858
53	1	1.0488
53	22	0.919645
53	24	1.02763
53	54	0.956582
53	57	1.03823
53	63	1.03196
53	67	1.00582
53	70	0.931463
53	76	0.99118
53	81	0.978129
53	85	0.965804
53	86	0.95647
53	101	0.957084
53	154	0.809885
53	165	2.63726
53	167	1.67654
54	24	1.02394
54	42	0.961547
54	53	0.956582
54	57	1.03454
54	63	1.02826
54	67	1.00213
54	68	1.01269
54	70	0.927772
54	76	0.987489
54	81	0.974438
54	85	0.962113
54	86	0.952779
54	125	0.976641
54	130	1.81444
54	131	1.4706
54	146	1.75999
55	3	1.10449
55	5	0.98762
55	26	0.940391
55	28	0.937759
55	29	1.04401
55	33	1.03874
55	37	1.02095
55	52	0.987652
55	59	0.969604
55	66	0.835611
55	138	1.03161
55	140	1.85412
55	158	0.918066
55	163	0.886036
55	167	0.931565
55	173	2.31946
56	17	1.03798
56	30	2.19591
56	61	0.996699
56	71	0.953886
56	72	1.0061
56	78	1.0059
56	82	1.04434
56	93	0.959206
56	94	1.01191
56	95	1.00267
56	98	0.969544
56	133	0.584345
56	151	1.90948
56	157	0.907192
56	162	0.97596
56	167	0.91803
56	180	0.873459
57	22	0.997607
57	42	1.0432
57	53	1.03823
57	54	1.03454
57	67	1.08379
57	68	1.09434
57	70	1.00943
57	76	1.06914
57	81	1.05609
57	85	1.04377
57	86	1.03443
57	100	1.26817
57	101	1.03505
57	125	1.05829
57	138	0.889376
57	147	1.51507
57	174	2.19955
58	30	0.881098
58	44	1.00242
58	45	1.0012
58	46	1.16004
58	49	0.99914
58	51	0.998581
58	60	0.985888
58	64	0.985732
58	65	0.985719
58	105	0.917929
58	122	1.22655
58	150	1.3952
58	155	1.01323
58	162	0.985243
58	163	0.881784
58	179	2.77919
59	3	1.08674
59	5	0.969866
59	26	0.922637
59	28	0.920005
59	29	1.02625
59	33	1.02099
59	37	1.0032
59	52	0.969898
59	55	0.969604
59	74	1.01309
59	134	0.892963
59	138	1.01386
59	158	0.900312
59	163	0.868282
59	166	1.27652
59	167	0.91381
59	177	3.64258
60	44	1.00945
60	45	1.00823
60	46	1.16708
60	49	1.00617
60	51	1.00561
60	58	0.985888
60	64	0.992765
60	65	0.992752
60	105	0.924963
60	130	1.42664
60	154	1.07752
60	155	1.02026
60	159	2.44266
60	162	0.992277
60	163	0.888817
61	56	0.996699
61	71	0.990297
61	72	1.04251
61	78	1.04231
61	82	1.08075
61	93	0.995616
61	94	1.04832
61	95	1.03908
61	104	1.51329
61	135	0.735872
61	157	0.943603
61	162	1.01237
61	167	0.954441
61	176	2.75406
61	180	0.90987
62	11	1.88529
62	43	1.51471
62	90	1.04811
62	137	0.934729
62	144	0.936897
62	149	0.951664
62	154	0.959026
62	160	0.895195
62	165	0.886589
62	168	0.83994
62	172	0.870906
62	173	0.903103
62	174	0.89999
62	176	0.863287
62	177	0.850779
62	178	0.86594
62	179	0.871383
63	1	1.12048
63	22	0.991328
63	24	1.09932
63	42	1.03692
63	53	1.03196
63	54	1.02826
63	67	1.07751
63	70	1.00315
63	76	1.06286
63	81	1.04981
63	85	1.03749
63	86	1.02815
63	101	1.02877
63	110	0.809983
63	130	1.38155
63	131	1.03772
63	166	2.79831
64	44	1.00929
64	45	1.00808
64	46	1.16692
64	49	1.00602
64	51	1.00546
64	58	0.985732
64	60	0.992765
64	65	0.992596
64	103	0.63611
64	105	0.924807
64	155	1.0201
64	162	0.992121
64	163	0.888661
64	166	1.91326
64	171	2.58327
65	44	1.00928
65	45	1.00806
65	46	1.16691
65	49	1.006
65	51	1.00545
65	58	0.985719
65	60	0.992752
65	64	0.992596
65	105	0.924793
65	134	1.3307
65	138	0.923669
65	155	1.02009
65	162	0.992107
65	163	0.888648
65	166	2.74526
66	25	0.672137
66	55	0.835611
66	112	0.342104
66	114	0.266002
66	148	1.11011
66	153	1.00982
66	159	1.05902
66	161	1.0442
66	166	1.04033
66	169	1.06251
66	170	1.07187
66	172	1.02252
66	173	1.05472
66	174	1.05161
66	176	1.0149
66	177	1.00239
66	178	1.01756
67	22	0.965197
67	24	1.07318
67	42	1.01079
67	53	1.00582
67	54	1.00213
67	57	1.08379
67	63	1.07751
67	68	1.06193
67	70	0.977015
67	81	1.02368
67	85	1.01136
67	86	1.00202
67	91	1.08131
67	125	1.02588
67	141	1.47605
67	146	0.863743
67	165	1.79738
67	172	2.18785
68	1	1.1049
68	22	0.975751
68	42	1.02134
68	48	0.922382
68	54	1.01269
68	57	1.09434
68	67	1.06193
68	70	0.987569
68	76	1.04729
68	81	1.03423
68	85	1.02191
68	86	1.01258
68	91	1.09187
68	101	1.01319
68	127	1.56963
68	134	1.17336
68	140	1.34041
68	157	2.13779
69	12	1.08909
69	14	0.992887
69	19	0.985596
69	23	1.06877
69	27	1.05531
69	39	1.03753
69	43	1.02993
69	73	1.04771
69	75	1.06182
69	84	1.02791
69	88	1.07761
69	91	1.07077
69	105	0.961131
69	151	1.33564
69	154	1.02263
69	157	0.959676
69	160	1.78372
69	178	2.85564
70	22	0.890835
70	24	0.998823
70	42	0.936428
70	53	0.931463
70	54	0.927772
70	57	1.00943
70	63	1.00315
70	67	0.977015
70	68	0.987569
70	76	0.96237
70	81	0.949319
70	85	0.936994
70	86	0.92766
70	91	1.00695
70	113	1.70077
70	125	0.951522
70	145	1.29359
70	156	2.47771
71	56	0.953886
71	61	0.990297
71	72	0.999702
71	78	0.999498
71	82	1.03794
71	93	0.952803
71	94	1.0055
71	95	0.996264
71	110	0.991232
71	125	0.973937
71	126	1.81919
71	133	1.8427
71	142	0.893552
71	154	1.71756
71	157	0.900789
71	162	0.969558
71	167	0.911627
71	180	0.867056
72	17	1.08379
72	56	1.0061
72	61	1.04251
72	71	0.999702
72	78	1.05172
72	82	1.09016
72	93	1.00502
72	94	1.05772
72	95	1.04848
72	110	1.04345
72	123	1.01403
72	137	1.54464
72	140	0.989913
72	142	0.94577
72	157	0.953008
72	162	1.02178
72	167	0.963845
72	171	2.90743
72	180	0.919275
73	12	1.07155
73	14	0.975343
73	15	0.987178
73	19	0.968052
73	23	1.05123
73	27	1.03777
73	39	1.01999
73	43	1.01239
73	69	1.04771
73	75	1.04427
73	84	1.01036
73	88	1.06007
73	91	0.547786
73	140	0.974875
73	154	1.00508
73	157	0.942132
73	163	2.32246
73	167	0.928046
73	176	2.57409
74	9	0.987644
74	10	1.00755
74	32	1.06585
74	37	1.06444
74	40	1.03297
74	59	1.01309
74	115	1.00522
74	117	1.04434
74	118	1.04887
74	119	1.04023
74	120	1.04034
74	152	1.14916
74	153	2.75132
74	158	0.961548
74	161	1.48679
74	163	0.929517
74	164	0.957176
74	167	0.975046
74	179	1.69373
75	14	0.989447
75	15	1.00128
75	19	0.982156
75	23	1.06533
75	39	1.03409
75	43	1.02649
75	69	1.06182
75	73	1.04427
75	84	1.02447
75	88	1.07417
75	92	0.988408
75	105	0.95769
75	137	1.57447
75	140	0.988979
75	142	1.99196
75	154	1.01919
75	157	0.956236
75	167	1.36802
75	173	1.48509
76	1	1.07971
76	18	0.999462
76	22	0.950552
76	24	1.05854
76	42	0.996145
76	53	0.99118
76	54	0.987489
76	57	1.06914
76	63	1.06286
76	68	1.04729
76	70	0.96237
76	81	1.00904
76	85	0.996711
76	86	0.987376
76	101	0.987991
76	125	1.01124
76	148	1.273
76	149	1.46656
76	173	1.94136
77	39	1.36099
77	45	2.23901
77	97	0.943588
77	104	0.932253
77	129	0.927243
77	144	0.932039
77	145	0.982772
77	146	0.967111
77	166	0.883852
77	168	0.835082
77	169	0.906039
77	171	0.867338
77	172	0.866048
77	173	0.898245
77	175	0.867328
77	176	0.858429
77	178	0.861082
77	179	0.866526
78	48	2.65221
78	56	1.0059
78	61	1.04231
78	71	0.999498
78	72	1.05172
78	82	1.08995
78	90	0.84666
78	93	1.00482
78	94	1.05752
78	95	1.04828
78	98	1.01516
78	104	1.66365
78	112	1.02174
78	125	1.02595
78	136	0.723714
78	157	0.952804
78	162	1.02157
78	167	0.963642
78	180	0.919071
79	7	1.38111
79	23	2.61889
79	122	0.927014
79	123	0.948224
79	133	0.965554
79	144	0.928993
79	151	0.901199
79	153	0.850302
79	157	0.888171
79	160	0.887292
79	161	0.884683
79	166	0.880806
79	168	0.832036
79	171	0.864292
79	172	0.863002
79	173	0.895199
79	174	0.892086
79	175	0.864282
79	176	0.855383
79	178	0.858036
80	83	0.986099
80	87	0.985366
80	89	0.984562
80	96	1.01841
80	99	1.0178
80	102	1.01729
80	106	1.0169
80	107	1.04838
80	109	0.983732
80	111	0.992716
80	114	1.03476
80	115	0.967622
80	117	1.00675
80	118	1.01127
80	119	1.00263
80	120	1.00274
80	145	1.02452
80	157	1.74362
80	170	1.55686
80	176	2.94055
81	1	1.06665
81	22	0.937501
81	24	1.04549
81	42	0.983094
81	48	0.884132
81	53	0.978129
81	54	0.974438
81	57	1.05609
81	63	1.04981
81	67	1.02368
81	68	1.03423
81	70	0.949319
81	76	1.00904
81	85	0.98366
81	86	0.974326
81	91	1.05362
81	143	1.22199
81	149	1.34762
81	169	1.93717
81	174	2.09317
82	17	1.12203
82	56	1.04434
82	61	1.08075
82	71	1.03794
82	72	1.09016
82	78	1.08995
82	93	1.04326
82	94	1.09596
82	95	1.08672
82	112	1.06018
82	125	1.06439
82	126	0.816915
82	137	1.2023
82	142	0.984008
82	146	1.03971
82	157	0.991246
82	161	2.15167
82	162	1.06001
82	167	1.00208
82	178	3.09947
82	180	0.957513
83	80	0.986099
83	87	0.972333
83	89	0.971529
83	96	1.00538
83	99	1.00476
83	102	1.00426
83	103	1.0915
83	106	1.00387
83	107	1.03534
83	109	0.970699
83	111	0.979683
83	114	1.02173
83	115	0.954588
83	117	0.993717
83	118	0.99824
83	119	0.989599
83	120	0.98971
83	126	1.20528
83	138	1.04795
83	162	0.982349
83	180	3.2895
84	12	1.05174
84	14	0.955538
84	15	0.967373
84	19	0.948247
84	23	1.03142
84	27	1.01797
84	39	1.00019
84	43	0.992581
84	69	1.02791
84	73	1.01036
84	75	1.02447
84	88	1.04026
84	92	0.954499
84	105	0.923781
84	113	1.10004
84	130	1.02647
84	140	0.95507
84	154	0.985279
84	157	0.922327
84	163	2.9384
84	169	1.77581
85	1	1.05433
85	22	0.925176
85	24	1.03316
85	42	0.970769
85	48	0.871807
85	53	0.965804
85	54	0.962113
85	57	1.04377
85	63	1.03749
85	67	1.01136
85	68	1.02191
85	70	0.936994
85	76	0.996711
85	81	0.98366
85	86	0.962001
85	91	1.04129
85	113	1.42393
85	125	0.985863
85	131	1.00652
85	170	2.13022
85	174	2.2557
86	1	1.045
86	22	0.915842
86	24	1.02383
86	42	0.961435
86	48	0.862472
86	53	0.95647
86	54	0.952779
86	57	1.03443
86	63	1.02815
86	67	1.00202
86	68	1.01258
86	70	0.92766
86	76	0.987376
86	81	0.974326
86	85	0.962001
86	91	1.03196
86	97	1.72725
86	101	0.953281
86	121	1.57425
86	125	0.976528
86	143	1.54929
86	164	2.41118
87	80	0.985366
87	83	0.972333
87	89	0.970796
87	96	1.00465
87	99	1.00403
87	102	1.00352
87	106	1.00314
87	107	1.03461
87	109	0.969966
87	111	0.97895
87	114	1.021
87	115	0.953856
87	117	0.992984
87	118	0.997508
87	119	0.988867
87	120	0.988977
87	152	1.33267
87	157	1.71642
87	162	0.981616
87	169	1.49914
87	179	2.63008
88	12	1.10144
88	14	1.00524
88	15	1.01707
88	19	0.997949
88	23	1.08112
88	27	1.06767
88	39	1.04989
88	43	1.04228
88	69	1.07761
88	73	1.06007
88	75	1.07417
88	84	1.04026
88	92	1.0042
88	105	0.973483
88	110	0.68915
88	140	1.00477
88	154	1.03498
88	157	0.972029
88	159	1.7932
88	160	2.32641
88	167	1.2947
88	174	1.68253
89	16	0.834688
89	80	0.984562
89	83	0.971529
89	87	0.970796
89	96	1.00384
89	99	1.00323
89	102	1.00272
89	106	1.00233
89	107	1.03381
89	109	0.969162
89	111	0.978146
89	114	1.02019
89	115	0.953052
89	117	0.99218
89	118	0.996704
89	119	0.988063
89	120	0.988173
89	148	1.07634
89	149	1.26991
89	162	0.980812
89	180	2.94682
90	3	0.541493
90	28	0.7704
90	40	1.3129
90	62	1.04811
90	78	0.84666
90	112	0.469255
90	126	1.08371
90	130	1.07688
90	146	1.08203
90	147	1.06995
90	150	1.07483
90	151	1.01916
90	153	0.968264
90	160	1.00525
90	161	1.00265
90	169	1.02095
90	170	1.03031
90	171	0.982255
90	172	0.980965
90	174	1.01005
90	175	0.982244
90	177	0.960838
90	178	0.975998
91	12	0.931992
91	31	1.08352
91	36	1.08463
91	41	1.06533
91	67	1.08131
91	68	1.09187
91	69	1.07077
91	70	1.00695
91	73	0.547786
91	81	1.05362
91	85	1.04129
91	86	1.03196
91	94	0.500796
91	127	1.02046
91	151	0.995703
91	158	0.980014
91	159	0.994009
91	162	0.242123
91	164	0.975643
91	166	0.97531
91	170	1.00685
91	177	0.937379
91	179	0.957983
92	8	0.933159
92	19	0.912188
92	36	0.988226
92	41	0.968918
92	75	0.988408
92	84	0.954499
92	88	1.0042
92	118	0.744933
92	126	0.963848
92	140	0.919011
92	149	0.941857
92	150	0.954969
92	155	0.89995
92	157	0.886268
92	158	0.883607
92	162	0.93483
92	164	0.879236
92	166	0.878903
92	169	0.901089
92	175	0.862379
92	177	0.840973
92	178	0.856133
92	179	0.861576
93	13	0.905758
93	17	1.03689
93	56	0.959206
93	61	0.995616
93	71	0.952803
93	72	1.00502
93	78	1.00482
93	82	1.04326
93	94	1.01082
93	95	1.00158
93	98	0.968462
93	100	1.81775
93	110	0.996552
93	112	0.975047
93	122	2.17143
93	125	0.979256
93	139	1.5124
93	142	0.898872
93	154	1.49466
93	157	0.906109
93	162	0.974878
93	167	0.916947
93	180	0.872376
94	17	1.08959
94	56	1.01191
94	61	1.04832
94	71	1.0055
94	72	1.05772
94	78	1.05752
94	82	1.09596
94	91	0.500796
94	93	1.01082
94	95	1.05428
94	98	1.02116
94	110	1.04925
94	112	1.02775
94	123	1.12646
94	125	1.03196
94	142	0.951572
94	151	2.03424
94	157	0.958809
94	159	1.94911
94	162	1.02758
94	167	0.969647
94	170	1.71296
94	180	0.925076
95	13	0.949219
95	17	1.08035
95	56	1.00267
95	61	1.03908
95	71	0.996264
95	72	1.04848
95	78	1.04828
95	82	1.08672
95	93	1.00158
95	94	1.05428
95	98	1.01192
95	108	0.807025
95	110	1.04001
95	112	1.01851
95	125	1.02272
95	128	1.47095
95	142	0.942333
95	148	1.29216
95	157	0.949571
95	158	2.32392
95	162	1.01834
95	167	0.960408
95	170	2.10579
95	180	0.915838
96	80	1.01841
96	83	1.00538
96	87	1.00465
96	89	1.00384
96	99	1.03708
96	102	1.03657
96	105	1.78097
96	106	1.03618
96	107	1.06766
96	109	1.00301
96	111	1.012
96	114	1.05404
96	115	0.986902
96	117	1.02603
96	118	1.03055
96	119	1.02191
96	120	1.02202
96	127	1.5391
96	145	0.807023
96	155	1.04265
96	162	1.01466
96	164	2.03669
96	173	1.77523
97	30	0.87109
97	50	1.24289
97	77	0.943588
97	86	1.72725
97	100	0.960232
97	109	1.16028
97	137	0.945121
97	147	0.970288
97	149	0.962057
97	150	0.975168
97	151	0.919495
97	156	0.914809
97	157	0.906467
97	165	0.896982
97	166	0.899103
97	168	0.850333
97	169	0.921289
97	171	0.882589
97	172	0.881299
97	173	0.913495
97	174	0.910382
97	175	0.882578
97	176	0.873679
97	178	0.876332
98	32	1.37331
98	35	1.20192
98	38	1.28024
98	46	1.14454
98	48	0.875539
98	56	0.969544
98	78	1.01516
98	93	0.968462
98	94	1.02116
98	95	1.01192
98	109	0.973566
98	115	0.957456
98	117	0.996584
98	118	1.00111
98	119	0.992467
98	120	0.992577
98	152	0.96312
98	161	0.91296
98	162	0.985216
98	165	0.906963
98	171	0.892569
98	175	0.892559
98	176	0.88366
98	177	0.871153
98	180	0.882715
99	80	1.0178
99	83	1.00476
99	87	1.00403
99	89	1.00323
99	96	1.03708
99	102	1.03595
99	106	1.03557
99	107	1.06704
99	109	1.0024
99	111	1.01138
99	114	1.05343
99	115	0.986287
99	116	0.915949
99	117	1.02542
99	118	1.02994
99	119	1.0213
99	120	1.02141
99	133	0.590192
99	150	1.31047
99	155	1.04203
99	160	2.3634
99	162	1.01405
99	171	2.90095
100	57	1.26817
100	93	1.81775
100	97	0.960232
100	105	0.909314
100	114	1.08922
100	132	0.943961
100	137	0.946514
100	138	1.01874
100	148	0.97028
100	151	0.920888
100	161	0.904373
100	165	0.898375
100	166	0.900496
100	168	0.851726
100	169	0.922682
100	170	0.932037
100	171	0.883981
100	173	0.914888
100	174	0.911775
100	175	0.883971
100	176	0.875072
100	177	0.862565
100	178	0.877725
100	179	0.883169
101	1	1.04561
101	4	0.970677
101	10	1.42801
101	14	1.47286
101	31	1.00484
101	41	0.986646
101	47	0.81266
101	53	0.957084
101	57	1.03505
101	63	1.02877
101	68	1.01319
101	76	0.987991
101	86	0.953281
101	120	0.618368
101	127	0.941783
101	146	0.97989
101	152	0.950668
101	158	0.901335
101	159	0.91533
101	164	0.896963
101	171	0.880117
101	174	0.907911
101	176	0.871208
101	178	0.873861
101	179	0.879304
102	80	1.01729
102	83	1.00426
102	87	1.00352
102	89	1.00272
102	96	1.03657
102	99	1.03595
102	106	1.03506
102	107	1.06653
102	109	1.00189
102	111	1.01087
102	114	1.05292
102	115	0.985778
102	117	1.02491
102	118	1.02943
102	119	1.02079
102	120	1.0209
102	139	1.05551
102	145	1.05329
102	154	1.03777
102	155	1.04152
102	158	2.3849
102	162	1.01354
102	169	2.13625
103	18	1.02767
103	64	0.63611
103	83	1.0915
103	113	1.01414
103	115	1.225
103	119	0.605179
103	122	0.979419
103	129	0.976602
103	130	1.01132
103	133	1.01796
103	135	1.01469
103	147	1.0044
103	149	0.996165
103	151	0.953604
103	156	0.948918
103	159	0.951911
103	168	0.884441
103	170	0.964753
103	171	0.916697
103	172	0.915407
103	175	0.916687
103	176	0.907788
103	177	0.895281
103	178	0.910441
104	36	2.02306
104	61	1.51329
104	77	0.932253
104	78	1.66365
104	123	0.955185
104	124	0.848277
104	128	0.945033
104	135	0.969249
104	146	0.971026
104	150	0.963832
104	152	0.941804
104	159	0.906466
104	164	0.8881
104	165	0.885646
104	166	0.887767
104	169	0.909953
104	170	0.919308
104	171	0.871253
104	172	0.869963
104	173	0.90216
104	174	0.899047
104	175	0.871243
104	176	0.862344
104	177	0.849836
104	178	0.864997
104	180	0.861398
105	29	1.02085
105	39	0.933408
105	58	0.917929
105	60	0.924963
105	64	0.924807
105	65	0.924793
105	69	0.961131
105	75	0.95769
105	84	0.923781
105	88	0.973483
105	96	1.78097
105	100	0.909314
105	111	1.75694
105	140	0.888293
105	141	0.8887
105	144	0.896372
105	152	0.902222
105	154	0.918502
105	155	0.952302
105	160	0.854671
105	162	0.924318
105	163	0.820859
105	170	0.879727
105	175	0.831661
105	178	0.825415
105	179	0.830859
106	80	1.0169
106	83	1.00387
106	87	1.00314
106	89	1.00233
106	96	1.03618
106	99	1.03557
106	102	1.03506
106	107	1.06615
106	109	1.0015
106	111	1.01049
106	114	1.05254
106	115	0.985394
106	117	1.02452
106	118	1.02905
106	119	1.0204
106	120	1.02051
106	143	0.683658
106	155	1.04114
106	158	0.94828
106	159	0.966308
106	162	1.01315
106	171	2.03706
106	177	3.7331
107	80	1.04838
107	83	1.03534
107	87	1.03461
107	89	1.03381
107	96	1.06766
107	99	1.06704
107	102	1.06653
107	106	1.06615
107	109	1.03298
107	111	1.04196
107	114	1.08401
107	115	1.01687
107	117	1.056
107	118	1.06052
107	119	1.05188
107	120	1.05199
107	131	1.05902
107	138	0.795271
107	147	0.852525
107	152	1.21455
107	155	1.07261
107	156	1.48218
107	158	1.62966
107	162	1.04463
107	178	3.25281
108	15	1.20089
108	40	1.5161
108	49	1.09321
108	95	0.807025
108	127	1.01711
108	129	1.01535
108	146	1.05522
108	148	1.04174
108	152	1.026
108	153	0.941454
108	155	0.120639
108	156	0.987665
108	159	0.990658
108	160	0.978444
108	161	0.975835
108	165	0.969838
108	166	0.971958
108	168	0.923188
108	170	1.0035
108	171	0.955444
108	172	0.954154
108	173	0.986351
108	174	0.983238
108	175	0.955434
108	176	0.946535
108	177	0.934028
108	178	0.949188
109	80	0.983732
109	83	0.970699
109	87	0.969966
109	89	0.969162
109	96	1.00301
109	97	1.16028
109	98	0.973566
109	99	1.0024
109	102	1.00189
109	106	1.0015
109	107	1.03298
109	111	0.977316
109	114	1.01936
109	115	0.952222
109	117	0.99135
109	118	0.995874
109	119	0.987233
109	120	0.987343
109	125	0.984361
109	131	0.994375
109	135	1.09352
109	138	1.08764
109	155	1.00797
109	161	2.6215
109	162	0.979982
109	165	2.4264
110	5	1.65979
110	6	1.13482
110	32	1.04618
110	40	1.0133
110	63	0.809983
110	71	0.991232
110	72	1.04345
110	88	0.68915
110	93	0.996552
110	94	1.04925
110	95	1.04001
110	111	0.545036
110	112	1.01348
110	119	0.394886
110	140	0.977282
110	142	0.937301
110	152	0.991211
110	164	0.937507
110	167	0.955376
110	170	0.968715
110	171	0.92066
110	172	0.91937
110	173	0.951567
110	174	0.948454
110	176	0.911751
110	177	0.899243
110	180	0.910805
111	80	0.992716
111	83	0.979683
111	87	0.97895
111	89	0.978146
111	96	1.012
111	99	1.01138
111	102	1.01087
111	105	1.75694
111	106	1.01049
111	107	1.04196
111	109	0.977316
111	110	0.545036
111	114	1.02835
111	115	0.961206
111	117	1.00033
111	118	1.00486
111	119	0.996217
111	120	0.996327
111	125	0.993345
111	129	1.91355
111	131	1.00336
111	146	1.06217
111	155	1.01695
111	162	0.988966
111	164	2.01266
112	8	0.969925
112	9	0.94647
112	10	0.966378
112	25	1.04448
112	31	1.02388
112	32	1.02467
112	36	1.02499
112	40	0.991794
112	41	1.00568
112	66	0.342104
112	78	1.02174
112	82	1.06018
112	90	0.469255
112	93	0.975047
112	94	1.02775
112	95	1.01851
112	110	1.01348
112	129	1.9883
112	142	0.915796
112	149	1.35116
112	158	0.920373
112	162	0.991802
112	164	0.916002
112	167	0.933871
112	176	3.35492
112	179	0.898342
112	180	0.8893
113	70	1.70077
113	84	1.10004
113	85	1.42393
113	103	1.01414
113	122	0.966501
113	124	0.880804
113	139	0.986552
113	143	0.992512
113	147	0.991479
113	149	0.983247
113	152	0.97433
113	153	0.889789
113	155	0.713116
113	156	0.936
113	159	0.938993
113	160	0.926779
113	161	0.924171
113	165	0.918173
113	168	0.871523
113	169	0.94248
113	171	0.903779
113	172	0.902489
113	173	0.934686
113	174	0.931573
113	176	0.89487
113	177	0.882363
113	178	0.897523
113	180	0.893925
114	66	0.266002
114	80	1.03476
114	83	1.02173
114	87	1.021
114	89	1.02019
114	96	1.05404
114	99	1.05343
114	100	1.08922
114	102	1.05292
114	106	1.05254
114	107	1.08401
114	109	1.01936
114	111	1.02835
114	115	1.00325
114	117	1.04238
114	118	1.04691
114	119	1.03826
114	120	1.03838
114	125	1.03539
114	131	1.04541
114	135	1.26063
114	147	1.33611
114	155	1.059
114	158	2.11325
114	162	1.03101
114	173	1.74985
115	30	0.859726
115	48	0.854195
115	74	1.00522
115	80	0.967622
115	83	0.954588
115	87	0.953856
115	89	0.953052
115	96	0.986902
115	98	0.957456
115	99	0.986287
115	102	0.985778
115	103	1.225
115	106	0.985394
115	107	1.01687
115	109	0.952222
115	111	0.961206
115	114	1.00325
115	117	0.97524
115	118	0.979763
115	119	0.971123
115	120	0.971233
115	125	0.968251
115	127	1.98475
115	131	0.978265
115	136	1.56912
115	140	1.75553
115	143	1.62044
115	155	0.991856
115	162	0.963872
116	27	0.96995
116	32	1.23234
116	99	0.915949
116	124	0.910174
116	125	0.45557
116	129	0.993054
116	133	1.03441
116	139	1.01592
116	142	0.94979
116	144	0.99785
116	145	1.04858
116	150	1.02573
116	151	0.970056
116	154	1.01998
116	159	0.968363
116	161	0.953541
116	162	0.776189
116	166	0.949664
116	168	0.900894
116	169	0.97185
116	170	0.981205
116	171	0.93315
116	172	0.93186
116	173	0.964056
116	174	0.960943
116	175	0.933139
116	176	0.92424
116	177	0.911733
116	178	0.926893
117	48	0.893324
117	74	1.04434
117	80	1.00675
117	83	0.993717
117	87	0.992984
117	89	0.99218
117	96	1.02603
117	98	0.996584
117	99	1.02542
117	102	1.02491
117	106	1.02452
117	107	1.056
117	109	0.99135
117	111	1.00033
117	114	1.04238
117	115	0.97524
117	118	1.01889
117	119	1.01025
117	120	1.01036
117	125	1.00738
117	131	1.01739
117	142	2.08152
117	146	0.885616
117	148	0.906292
117	152	1.52294
117	155	1.03098
117	162	1.003
117	173	1.57465
117	180	2.77678
118	16	0.209107
118	74	1.04887
118	80	1.01127
118	83	0.99824
118	87	0.997508
118	89	0.996704
118	92	0.744933
118	96	1.03055
118	98	1.00111
118	99	1.02994
118	102	1.02943
118	106	1.02905
118	107	1.06052
118	109	0.995874
118	111	1.00486
118	114	1.04691
118	115	0.979763
118	117	1.01889
118	119	1.01477
118	120	1.01488
118	121	0.821017
118	125	1.0119
118	131	1.02192
118	141	1.64145
118	155	1.03551
118	162	1.00752
118	163	2.39645
118	171	2.57129
119	30	0.894737
119	48	0.889206
119	74	1.04023
119	80	1.00263
119	83	0.989599
119	87	0.988867
119	89	0.988063
119	96	1.02191
119	98	0.992467
119	99	1.0213
119	102	1.02079
119	103	0.605179
119	106	1.0204
119	107	1.05188
119	109	0.987233
119	110	0.394886
119	111	0.996217
119	114	1.03826
119	115	0.971123
119	117	1.01025
119	118	1.01477
119	120	1.00624
119	125	1.00326
119	128	1.11148
119	131	1.01328
119	132	1.66032
119	142	2.10792
119	155	1.02687
119	162	0.998883
119	172	2.83517
120	30	0.894847
120	48	0.889316
120	74	1.04034
120	80	1.00274
120	83	0.98971
120	87	0.988977
120	89	0.988173
120	96	1.02202
120	98	0.992577
120	99	1.02141
120	101	0.618368
120	102	1.0209
120	106	1.02051
120	107	1.05199
120	109	0.987343
120	111	0.996327
120	114	1.03838
120	115	0.971233
120	117	1.01036
120	118	1.01488
120	119	1.00624
120	125	1.00337
120	131	1.01339
120	132	1.85532
120	141	2.31838
120	149	1.32126
120	150	1.65775
120	152	1.74434
120	155	1.02698
120	162	0.998993
121	1	0.72358
121	6	1.30064
121	25	1.58052
121	86	1.57425
121	118	0.821017
121	127	0.985559
121	135	1.02189
121	136	1.02309
121	137	0.986425
121	141	0.980921
121	143	1.01262
121	144	0.988593
121	145	1.03933
121	148	1.01019
121	152	0.994444
121	153	0.909902
121	156	0.956114
121	160	0.946892
121	163	0.91308
121	165	0.938286
121	168	0.891637
121	170	0.971948
121	171	0.923893
121	172	0.922603
121	173	0.954799
121	174	0.951686
121	175	0.923882
121	176	0.914983
121	177	0.902476
121	178	0.917636
122	24	1.4922
122	44	1.30982
122	58	1.22655
122	79	0.927014
122	93	2.17143
122	103	0.979419
122	113	0.966501
122	126	0.97052
122	133	0.970322
122	141	0.926089
122	143	0.957793
122	144	0.933761
122	146	0.968833
122	147	0.95676
122	148	0.955359
122	149	0.948528
122	150	0.96164
122	151	0.905967
122	156	0.901281
122	159	0.904274
122	160	0.89206
122	163	0.858248
122	165	0.883454
122	168	0.836805
122	169	0.907761
122	170	0.917116
122	173	0.899967
122	175	0.86905
122	176	0.860151
122	177	0.847644
122	178	0.862804
123	10	2.16447
123	72	1.01403
123	79	0.948224
123	94	1.12646
123	104	0.955185
123	132	0.95025
123	137	0.952803
123	139	0.973042
123	145	1.0057
123	146	0.990043
123	147	0.977969
123	150	0.98285
123	151	0.927177
123	153	0.876279
123	155	0.832908
123	159	0.925483
123	160	0.913269
123	161	0.910661
123	164	0.907117
123	166	0.906784
123	168	0.858014
123	169	0.92897
123	170	0.938326
123	171	0.89027
123	172	0.88898
123	174	0.918064
123	176	0.881361
123	177	0.868854
123	179	0.889457
124	11	5.8
124	104	0.848277
124	113	0.880804
124	116	0.910174
124	126	0.884822
124	127	0.845029
124	128	0.857143
124	134	0.880861
124	135	0.881359
124	137	0.845896
124	143	0.872095
124	149	0.862831
124	150	0.875942
124	151	0.82027
124	156	0.815584
124	159	0.818576
124	160	0.806362
124	166	0.799877
124	168	0.751107
124	169	0.822063
124	170	0.831418
124	171	0.783363
124	172	0.782073
124	173	0.81427
124	174	0.811157
124	175	0.783353
124	177	0.761946
124	178	0.777107
124	180	0.773508
125	22	0.939704
125	54	0.976641
125	57	1.05829
125	67	1.02588
125	70	0.951522
125	71	0.973937
125	76	1.01124
125	78	1.02595
125	82	1.06439
125	85	0.985863
125	86	0.976528
125	93	0.979256
125	94	1.03196
125	95	1.02272
125	109	0.984361
125	111	0.993345
125	114	1.03539
125	115	0.968251
125	116	0.45557
125	117	1.00738
125	118	1.0119
125	119	1.00326
125	120	1.00337
125	129	1.15075
125	151	1.45495
125	152	0.936684
125	157	0.927243
125	161	2.02715
125	167	0.93808
125	177	4.13662
125	180	0.89351
126	6	0.994009
126	49	1.36461
126	71	1.81919
126	82	0.816915
126	83	1.20528
126	90	1.08371
126	92	0.963848
126	122	0.97052
126	124	0.884822
126	134	1.0053
126	137	0.97033
126	144	0.972498
126	145	1.02323
126	146	1.00757
126	147	0.995497
126	148	0.994097
126	150	1.00038
126	153	0.893807
126	156	0.940019
126	159	0.943011
126	160	0.930797
126	161	0.928189
126	164	0.924644
126	169	0.946498
126	170	0.955853
126	171	0.907798
126	174	0.935591
126	175	0.907787
126	176	0.898888
126	177	0.886381
126	178	0.901542
127	12	1.30652
127	68	1.56963
127	91	1.02046
127	96	1.5391
127	101	0.941783
127	108	1.01711
127	115	1.98475
127	121	0.985559
127	124	0.845029
127	130	0.962626
127	141	0.925033
127	143	0.956737
127	145	0.983439
127	146	0.967778
127	147	0.955704
127	148	0.954304
127	153	0.854014
127	156	0.900226
127	159	0.903218
127	160	0.891004
127	163	0.857192
127	164	0.884851
127	165	0.882398
127	166	0.884519
127	168	0.835749
127	169	0.906705
127	171	0.868005
127	173	0.898911
127	174	0.895798
127	175	0.867995
127	177	0.846588
127	178	0.861749
128	21	2.133
128	95	1.47095
128	104	0.945033
128	119	1.11148
128	124	0.857143
128	129	0.940024
128	130	0.974741
128	143	0.968851
128	144	0.94482
128	145	0.995553
128	148	0.966418
128	149	0.959587
128	150	0.972698
128	151	0.917026
128	152	0.95067
128	156	0.91234
128	160	0.903118
128	161	0.90051
128	162	0.819443
128	163	0.869306
128	165	0.894512
128	166	0.896633
128	168	0.847863
128	169	0.918819
128	170	0.928174
128	172	0.878829
128	173	0.911026
128	174	0.907913
128	176	0.87121
128	177	0.858702
128	178	0.873863
129	8	0.947396
129	77	0.927243
129	103	0.976602
129	108	1.01535
129	111	1.91355
129	112	1.9883
129	116	0.993054
129	125	1.15075
129	128	0.940024
129	130	0.960865
129	133	0.967505
129	139	0.949016
129	141	0.923272
129	143	0.954976
129	145	0.981678
129	146	0.966016
129	147	0.953943
129	152	0.936794
129	156	0.898464
129	161	0.886634
129	165	0.880637
129	166	0.882757
129	167	0.90096
129	168	0.833987
129	170	0.914299
129	171	0.866243
129	172	0.864953
129	173	0.89715
129	177	0.844827
129	178	0.859987
130	37	0.950902
130	54	1.81444
130	60	1.42664
130	63	1.38155
130	84	1.02647
130	90	1.07688
130	103	1.01132
130	127	0.962626
130	128	0.974741
130	129	0.960865
130	133	1.00222
130	139	0.983732
130	142	0.917601
130	146	1.00073
130	147	0.988659
130	150	0.99354
130	152	0.971511
130	153	0.88697
130	159	0.936174
130	160	0.92396
130	165	0.915354
130	166	0.917474
130	168	0.868704
130	169	0.939661
130	171	0.90096
130	172	0.89967
130	173	0.931867
130	174	0.928754
130	175	0.90095
130	176	0.892051
130	177	0.879544
130	178	0.894704
130	180	0.891106
131	24	0.820719
131	31	1.18269
131	35	1.04045
131	38	1.02208
131	45	1.08175
131	47	1.00126
131	50	1.001
131	54	1.4706
131	63	1.03772
131	85	1.00652
131	107	1.05902
131	109	0.994375
131	111	1.00336
131	114	1.04541
131	115	0.978265
131	117	1.01739
131	118	1.02192
131	119	1.01328
131	120	1.01339
131	151	0.950285
131	152	0.983929
131	154	1.00021
131	155	1.03401
131	159	0.948592
131	160	0.936378
131	172	0.912088
131	173	0.944285
131	175	0.913368
131	176	0.904469
131	177	0.891962
131	178	0.907122
131	179	0.912566
131	180	0.903524
132	16	1.00115
132	17	1.08883
132	100	0.943961
132	119	1.66032
132	120	1.85532
132	123	0.95025
132	134	0.963817
132	136	0.965518
132	141	0.923346
132	143	0.95505
132	147	0.954017
132	149	0.945786
132	150	0.958897
132	151	0.903225
132	153	0.852327
132	154	0.953148
132	155	1.3334
132	159	0.901531
132	160	0.889317
132	161	0.886709
132	165	0.880711
132	167	0.901034
132	169	0.905018
132	170	0.914373
132	171	0.866318
132	172	0.865028
132	173	0.897225
132	174	0.894112
132	175	0.866308
132	176	0.857409
132	177	0.844901
132	178	0.860062
132	180	0.856463
133	9	1.8596
133	30	0.896101
133	42	1.52317
133	56	0.584345
133	71	1.8427
133	79	0.965554
133	99	0.590192
133	103	1.01796
133	116	1.03441
133	122	0.970322
133	129	0.967505
133	130	1.00222
133	135	1.0056
133	141	0.964628
133	144	0.972301
133	146	1.00737
133	147	0.995299
133	153	0.893609
133	157	0.931478
133	161	0.927991
133	165	0.921993
133	166	0.924114
133	168	0.875344
133	169	0.9463
133	170	0.955655
133	172	0.90631
133	173	0.938506
133	174	0.935394
133	175	0.90759
133	176	0.898691
133	177	0.886183
133	178	0.901344
134	20	1.47427
134	31	1.52871
134	59	0.892963
134	65	1.3307
134	68	1.17336
134	124	0.880861
134	126	1.0053
134	132	0.963817
134	135	1.00183
134	141	0.960866
134	144	0.968538
134	145	1.01927
134	146	1.00361
134	147	0.991536
134	148	0.990136
134	152	0.974388
134	154	0.990667
134	156	0.936058
134	159	0.93905
134	160	0.926836
134	161	0.924228
134	165	0.91823
134	169	0.942537
134	170	0.951893
134	171	0.903837
134	172	0.902547
134	173	0.934744
134	174	0.931631
134	175	0.903827
134	176	0.894928
134	177	0.882421
134	179	0.903024
135	16	1.03916
135	20	1.61745
135	42	1.89253
135	61	0.735872
135	103	1.01469
135	104	0.969249
135	109	1.09352
