1	65	1.16504
1	80	1.26479
1	92	1.11536
1	94	1.1769
1	99	1.23844
1	101	1.23844
1	127	0.61217
1	148	1.20267
1	158	1.19835
1	174	0.644206
1	176	0.602525
1	177	0.675862
2	41	1.36931
2	44	1.36931
2	60	1.26847
2	61	1.34847
2	72	1.42847
2	136	0.568408
2	148	1.38744
2	164	0.518151
2	169	1.42853
2	170	0.533961
2	171	0.463521
2	174	0.48702
3	19	1.3656
3	24	1.38231
3	45	1.3978
3	56	1.29816
3	77	1.47059
3	83	1.33609
3	130	0.507088
3	143	0.487638
3	149	1.34944
3	170	0.552482
3	171	0.482042
3	180	0.541842
4	19	1.3572
4	23	1.36995
4	42	1.40382
4	45	1.3894
4	56	1.28976
4	77	1.46219
4	83	1.32769
4	130	0.527849
4	163	0.502796
4	167	0.541098
4	168	0.495946
4	171	0.502803
5	19	1.3745
5	23	1.38726
5	42	1.42113
5	45	1.40671
5	56	1.30707
5	83	1.345
5	145	0.508432
5	149	1.35834
5	158	0.496192
5	163	0.503367
5	168	0.496517
5	175	0.566332
6	39	1.41104
6	47	1.4441
6	63	1.32589
6	78	1.39361
6	90	1.36395
6	97	1.31607
6	119	0.00036845
6	127	0.587438
6	130	0.621021
6	133	0.62366
6	136	0.700861
6	158	1.34534
7	21	1.28593
7	43	1.3667
7	71	1.46591
7	73	1.29336
7	75	1.41522
7	79	1.4068
7	84	1.36609
7	137	0.497918
7	151	0.510653
7	164	0.553918
7	166	0.517246
7	168	0.492431
8	36	1.41692
8	37	1.37099
8	38	1.61442
8	54	1.27592
8	64	1.28058
8	66	1.28058
8	82	1.36058
8	142	0.542952
8	151	0.489503
8	162	0.522081
8	163	0.478131
8	180	0.537938
9	41	1.36931
9	44	1.36931
9	60	1.26847
9	61	1.34847
9	72	1.42847
9	127	0.466466
9	129	0.509899
9	136	0.579889
9	148	1.38744
9	169	1.42853
9	171	0.475002
9	175	0.537961
10	13	1.19866
10	28	1.32448
10	43	1.16049
10	71	1.25971
10	73	1.08716
10	75	1.20902
10	79	1.20059
10	84	1.15988
10	120	0.612475
10	127	0.620913
10	176	0.611267
10	180	0.68925
11	41	1.36931
11	44	1.36931
11	60	1.26847
11	61	1.34847
11	68	0.466926
11	72	1.42847
11	81	0.595971
11	148	1.38744
11	158	0.464318
11	169	1.42853
11	177	0.526655
11	178	0.518028
12	102	1.3908
12	108	1.36825
12	109	1.39198
12	132	1.34573
12	144	1.40252
12	153	1.39941
12	166	0.482648
12	167	0.502984
12	170	0.53513
12	172	0.480672
12	173	0.568633
12	180	1.3013
13	10	1.19866
13	43	1.38124
13	71	1.48046
13	73	1.3079
13	75	1.42976
13	79	1.42134
13	84	1.38063
13	120	0.604275
13	127	0.612713
13	153	0.00263587
13	174	0.644748
13	180	0.68105
14	16	0.661882
14	73	1.13438
14	75	1.25624
14	84	1.2071
14	119	1.23012
14	130	0.630934
14	144	1.22046
14	152	1.20989
14	155	1.22258
14	158	0.598706
14	167	0.644183
14	180	1.11924
15	32	1.31743
15	36	1.46801
15	54	1.32701
15	64	1.33167
15	66	1.33167
15	82	1.41167
15	117	0.456577
15	128	1.41253
15	133	0.523111
15	169	0.486313
15	177	0.550581
15	180	0.555226
16	14	0.661882
16	72	0.518199
16	109	1.26039
16	153	0.567717
16	161	0.550523
16	162	1.21352
16	165	1.17918
16	170	1.17517
16	171	1.26564
16	176	1.25127
16	178	1.18851
16	179	1.06631
17	55	0.434643
17	119	0.485608
17	121	0.425222
17	147	0.439844
17	153	0.448344
17	166	1.40308
17	170	1.36395
17	174	1.3854
17	176	1.44004
17	177	1.37515
17	178	1.37729
17	179	1.25509
18	139	1.48016
18	140	0.466549
18	146	1.45981
18	147	1.46987
18	150	1.49442
18	152	1.4943
18	154	1.49442
18	155	1.507
18	158	0.418982
18	165	0.483818
18	169	0.417051
18	173	0.530107
18	175	0.489122
19	3	1.3656
19	4	1.3572
19	5	1.3745
19	23	1.27237
19	56	1.19218
19	77	1.36461
19	83	1.23011
19	112	0.47237
19	149	1.24345
19	165	0.587257
19	168	0.522746
19	170	0.600043
19	180	0.589403
20	39	1.37626
20	50	1.24509
20	62	1.27855
20	70	1.27821
20	78	1.35883
20	90	1.32917
20	140	0.578727
20	142	1.22334
20	145	0.543399
20	158	1.31056
20	163	0.538334
20	166	0.556299
20	172	0.554324
21	7	1.28593
21	28	1.4263
21	43	1.26231
21	71	1.36153
21	73	1.18897
21	75	1.31083
21	79	1.30241
21	84	1.2617
21	128	0.504784
21	151	0.540267
21	174	0.552401
21	177	0.584057
21	180	0.588702
22	57	1.34259
22	76	0.481198
22	86	1.27213
22	89	1.27275
22	96	1.29955
22	137	1.29009
22	142	0.605331
22	149	1.25528
22	153	1.32281
22	159	1.34479
22	166	0.558475
22	175	0.603475
22	176	0.522334
23	4	1.36995
23	5	1.38726
23	19	1.27237
23	24	1.28907
23	56	1.20493
23	77	1.37736
23	83	1.24286
23	115	0.573285
23	137	0.545141
23	140	0.586897
23	149	1.2562
23	168	0.539654
23	176	0.528328
24	3	1.38231
24	23	1.28907
24	42	1.32294
24	45	1.30852
24	56	1.20888
24	77	1.38131
24	81	0.606082
24	83	1.24681
24	130	0.506657
24	145	0.48667
24	149	1.26015
24	174	0.50511
24	179	0.666988
25	63	0.522703
25	96	0.531064
25	113	0.523904
25	116	0.302811
25	132	0.545155
25	167	1.31077
25	170	1.28798
25	172	1.34814
25	174	1.30943
25	176	1.36407
25	177	1.29917
25	178	1.30132
25	179	1.17912
26	67	1.28711
26	86	1.26657
26	89	1.26719
26	96	1.294
26	109	1.30983
26	128	1.32907
26	151	0.546229
26	159	1.33924
26	161	1.307
26	162	0.578806
26	163	0.534857
26	176	0.516681
26	180	0.594664
27	34	1.28896
27	98	1.30184
27	104	1.36793
27	113	1.31627
27	119	1.32799
27	129	0.562954
27	132	1.26155
27	144	1.31834
27	145	0.533115
27	175	0.591016
27	176	0.509875
27	178	0.574585
27	180	1.21712
28	10	1.32448
28	21	1.4263
28	71	1.60628
28	73	1.43373
28	75	1.55559
28	79	1.54716
28	84	1.50645
28	87	0.00123126
28	142	0.607491
28	158	0.535495
28	163	0.54267
28	172	0.55866
28	176	0.524494
29	57	0.50405
29	58	0.490795
29	64	0.523872
29	71	0.437535
29	99	0.468702
29	165	1.29215
29	171	1.3786
29	174	1.30958
29	175	1.27536
29	176	1.36423
29	177	1.29933
29	178	1.30148
29	179	1.17927
30	91	1.19226
30	93	0.715383
30	116	0.435022
30	147	0.663862
30	152	0.646692
30	163	1.22662
30	165	1.15242
30	173	1.10765
30	175	1.13564
30	176	1.2245
30	177	1.15961
30	178	1.16175
30	179	1.03955
31	55	1.30828
31	80	1.35843
31	92	1.209
31	94	1.27054
31	99	1.33208
31	101	1.33208
31	129	0.551746
31	142	0.581664
31	145	1.26472
31	151	0.528214
31	159	1.32489
31	172	0.532832
31	180	0.576649
32	15	1.31743
32	36	1.34636
32	38	1.54386
32	54	1.20536
32	64	1.21001
32	66	1.21001
32	82	1.29001
32	103	1.27696
32	106	0.490643
32	158	0.49534
32	160	0.536361
32	179	0.687898
32	180	0.562322
33	50	0.434397
33	66	0.403352
33	101	0.371081
33	125	0.373479
33	154	0.440343
33	161	0.373645
33	165	1.48187
33	168	1.54981
33	175	1.46509
33	176	1.55396
33	177	1.48906
33	178	1.49121
33	179	1.369
34	27	1.28896
34	88	1.30865
34	102	1.32747
34	108	1.30492
34	119	1.34884
34	132	1.2824
34	136	1.19957
34	137	0.518471
34	144	1.33919
34	159	0.497206
34	166	0.537799
34	168	0.512983
34	179	0.705217
35	57	0.415415
35	88	0.474864
35	92	0.474904
35	104	0.399494
35	125	0.405976
35	139	0.420083
35	170	1.39513
35	171	1.4856
35	173	1.35437
35	174	1.41658
35	175	1.38235
35	176	1.47122
35	178	1.40847
35	179	1.28627
36	8	1.41692
36	15	1.46801
36	32	1.34636
36	37	1.451
36	54	1.35593
36	64	1.36059
36	66	1.36059
36	82	1.44059
36	115	0.522113
36	126	0.526132
36	145	0.500397
36	163	0.495332
36	169	0.486226
36	176	0.477156
37	8	1.37099
37	36	1.451
37	38	1.6485
37	54	1.31
37	64	1.31466
37	66	1.31466
37	82	1.39466
37	115	0.488271
37	117	0.422648
37	128	1.39552
37	163	0.46149
37	166	0.479456
37	178	0.508025
37	179	0.646873
38	8	1.61442
38	32	1.54386
38	37	1.6485
38	64	1.55809
38	66	1.55809
38	82	1.63809
38	105	0.358515
38	126	0.43308
38	128	1.63895
38	162	0.44623
38	167	0.440582
38	169	0.393174
38	173	0.506231
38	180	0.462087
39	6	1.41104
39	20	1.37626
39	47	1.50495
39	50	1.34072
39	59	1.41006
39	70	1.37384
39	97	1.37693
39	100	0.550403
39	136	0.571528
39	151	0.478006
39	158	1.4062
39	160	0.500481
39	169	0.457528
39	176	0.448458
40	57	1.37566
40	86	1.30519
40	89	1.30581
40	91	0.530487
40	96	1.33262
40	128	1.36769
40	137	1.32316
40	149	1.28835
40	153	1.35588
40	161	1.34563
40	163	0.489521
40	168	0.482671
40	169	0.480415
40	179	0.674904
40	180	0.549328
41	2	1.36931
41	9	1.36931
41	11	1.36931
41	44	1.31287
41	60	1.21204
41	61	1.29204
41	72	1.37204
41	128	0.502505
41	133	0.554309
41	145	0.531682
41	148	1.33101
41	159	0.503989
41	165	0.584278
41	169	1.37209
41	171	0.526623
42	4	1.40382
42	5	1.42113
42	24	1.32294
42	45	1.33844
42	46	1.29683
42	56	1.2388
42	77	1.41123
42	83	1.27673
42	100	0.590863
42	149	1.29007
42	151	0.518467
42	166	0.52506
42	169	0.497989
42	171	0.507101
42	180	0.566902
43	7	1.3667
43	10	1.16049
43	13	1.38124
43	21	1.26231
43	71	1.44229
43	73	1.26974
43	75	1.3916
43	76	0.459467
43	79	1.38317
43	84	1.34246
43	91	0.559745
43	109	0.510825
43	145	0.523844
43	177	0.57394
43	180	0.578586
44	2	1.36931
44	9	1.36931
44	11	1.36931
44	41	1.31287
44	60	1.21204
44	61	1.29204
44	72	1.37204
44	111	0.489415
44	123	0.543347
44	142	0.577669
44	148	1.33101
44	168	0.505997
44	169	1.37209
44	171	0.512854
44	175	0.575813
45	3	1.3978
45	4	1.3894
45	5	1.40671
45	24	1.30852
45	42	1.33844
45	56	1.22438
45	77	1.39681
45	83	1.26231
45	107	0.524195
45	120	0.509508
45	136	0.631369
45	149	1.27565
45	159	0.503848
45	163	0.526476
45	176	0.5083
46	42	1.29683
46	53	0.622322
46	67	1.27142
46	73	1.2186
46	77	1.3552
46	79	1.33203
46	83	1.2207
46	84	1.29132
46	96	1.27831
46	110	0.517699
46	136	0.638564
46	149	1.23404
46	153	1.30157
46	169	0.524564
46	176	0.515494
46	177	0.588832
47	6	1.4441
47	39	1.50495
47	50	1.37379
47	59	1.44312
47	62	1.40725
47	70	1.4069
47	76	0.421018
47	90	1.45787
47	97	1.40999
47	106	0.468457
47	114	0.46331
47	133	0.508021
47	142	1.35204
47	174	0.503835
47	177	0.535491
47	180	0.540136
48	68	0.470244
48	137	0.473449
48	138	1.38214
48	139	1.42321
48	141	1.41654
48	146	1.40286
48	147	1.41292
48	150	1.43747
48	152	1.43735
48	154	1.43747
48	155	1.45005
48	165	0.532473
48	166	0.492777
48	167	0.513113
48	169	0.465706
48	172	0.490801
49	88	1.27328
49	93	1.20443
49	100	0.627121
49	104	1.35341
49	113	1.30175
49	123	0.573852
49	124	1.28439
49	127	0.534822
49	132	1.24703
49	144	1.30382
49	148	1.29411
49	158	0.536177
49	162	0.587302
49	169	1.33519
49	171	0.543359
49	180	1.2026
50	20	1.24509
50	33	0.434397
50	39	1.34072
50	47	1.37379
50	59	1.27889
50	63	1.25557
50	70	1.24267
50	74	1.33606
50	90	1.29364
50	97	1.24576
50	107	0.552993
50	136	0.660167
50	142	1.18781
50	145	0.560338
50	170	0.625721
50	176	0.537098
51	55	1.44135
51	65	1.39174
51	85	1.40792
51	92	1.34207
51	94	1.40361
51	99	1.46515
51	101	1.46515
51	151	0.476322
51	158	1.42506
51	159	1.45796
51	162	0.5089
51	169	0.455845
51	171	0.464957
51	172	0.48094
51	175	0.527916
51	180	0.524757
52	135	1.28092
52	138	1.23982
52	139	1.28088
52	141	1.27422
52	143	0.508053
52	146	1.26053
52	147	1.2706
52	150	1.29514
52	152	1.29503
52	154	1.29514
52	155	1.30772
52	160	0.536297
52	171	0.502457
52	173	0.606401
52	175	0.565416
52	179	0.687833
53	46	0.622322
53	62	0.618131
53	67	0.576493
53	92	0.651936
53	96	0.591279
53	124	1.19751
53	144	1.21694
53	150	1.20648
53	154	1.20648
53	155	1.21906
53	160	1.1678
53	167	1.14397
53	172	1.18134
53	177	1.13238
53	179	1.01232
53	180	1.11572
54	8	1.27592
54	15	1.32701
54	32	1.20536
54	36	1.35593
54	37	1.31
54	64	1.21959
54	66	1.21959
54	82	1.29959
54	103	1.28654
54	105	0.521418
54	115	0.591963
54	128	1.30045
54	157	0.591395
54	160	0.599029
54	169	0.556077
54	176	0.547007
55	17	0.434643
55	31	1.30828
55	51	1.44135
55	65	1.32348
55	80	1.42323
55	85	1.33965
55	91	0.538981
55	92	1.2738
55	94	1.33534
55	99	1.39688
55	101	1.39688
55	143	0.503617
55	148	1.36111
55	160	0.531861
55	162	0.541964
55	171	0.498021
55	180	0.557821
56	3	1.29816
56	4	1.28976
56	5	1.30707
56	19	1.19218
56	23	1.20493
56	24	1.20888
56	42	1.2388
56	45	1.22438
56	77	1.29717
56	83	1.16267
56	106	0.584499
56	115	0.623152
56	129	0.631275
56	149	1.17601
56	156	0.605782
56	159	0.573744
56	168	0.589521
57	22	1.34259
57	29	0.50405
57	35	0.415415
57	40	1.37566
57	67	1.35196
57	86	1.33143
57	89	1.33205
57	91	0.544761
57	96	1.35885
57	137	1.34939
57	153	1.38211
57	159	1.4041
57	161	1.37186
57	164	0.558431
57	166	0.52176
57	167	0.542096
57	176	0.485619
58	29	0.490795
58	88	1.35133
58	104	1.43146
58	108	1.34759
58	109	1.37132
58	113	1.37979
58	124	1.36243
58	132	1.32507
58	142	0.555361
58	144	1.38186
58	151	0.501911
58	161	1.3685
58	168	0.483689
58	172	0.506529
58	173	0.59449
58	176	0.472364
58	180	1.28064
59	39	1.41006
59	47	1.44312
59	50	1.27889
59	63	1.32491
59	74	1.40539
59	78	1.39263
59	90	1.36297
59	97	1.31509
59	120	0.502225
59	127	0.510663
59	133	0.546885
59	137	1.32256
59	158	1.34437
59	159	0.496565
59	172	0.535182
59	174	0.542698
59	176	0.501017
60	2	1.26847
60	9	1.26847
60	11	1.26847
60	41	1.21204
60	44	1.21204
60	61	1.1912
60	72	1.2712
60	91	1.18797
60	106	1.21872
60	120	0.554347
60	148	1.23017
60	160	0.605161
60	164	0.625951
60	165	0.628976
60	168	0.564464
60	169	1.27126
60	177	0.626476
61	2	1.34847
61	9	1.34847
61	11	1.34847
61	41	1.29204
61	44	1.29204
61	60	1.1912
61	72	1.3512
61	91	1.26797
61	106	1.29872
61	114	0.510143
61	123	0.557662
61	126	0.557962
61	129	0.562066
61	148	1.31017
61	159	0.504535
61	167	0.565464
61	169	1.35126
61	177	0.582324
62	20	1.27855
62	47	1.40725
62	53	0.618131
62	63	1.28903
62	70	1.27613
62	74	1.36952
62	78	1.35676
62	90	1.3271
62	97	1.27922
62	105	0.485715
62	106	0.517608
62	128	0.505368
62	137	1.28669
62	140	0.569872
62	142	1.22127
62	158	1.30849
62	169	0.520374
62	180	0.589287
63	6	1.32589
63	25	0.522703
63	50	1.25557
63	59	1.32491
63	62	1.28903
63	70	1.28869
63	74	1.38208
63	78	1.36932
63	90	1.33965
63	97	1.29178
63	137	1.29925
63	142	1.23383
63	165	0.551928
63	169	0.485161
63	171	0.494273
63	174	0.517773
63	179	0.67965
63	180	0.554074
64	8	1.28058
64	15	1.33167
64	29	0.523872
64	32	1.21001
64	36	1.36059
64	37	1.31466
64	38	1.55809
64	54	1.21959
64	66	1.22425
64	82	1.30425
64	103	1.29119
64	109	0.515663
64	128	1.30511
64	133	0.551308
64	140	0.564009
64	157	0.549828
64	164	0.578253
64	171	0.523623
65	1	1.16504
65	51	1.39174
65	55	1.32348
65	80	1.37363
65	85	1.29005
65	92	1.2242
65	94	1.28573
65	99	1.34727
65	101	1.34727
65	107	0.523324
65	143	0.531207
65	148	1.31151
65	159	1.34009
65	166	0.54357
65	168	0.518754
65	170	0.596052
65	172	0.541594
65	180	0.585411
66	8	1.28058
66	15	1.33167
66	32	1.21001
66	33	0.403352
66	36	1.36059
66	37	1.31466
66	38	1.55809
66	54	1.21959
66	64	1.22425
66	81	0.648706
66	82	1.30425
66	103	1.29119
66	110	0.508257
66	128	1.30511
66	158	0.517054
66	168	0.517378
66	173	0.628179
66	180	0.584036
67	26	1.28711
67	46	1.27142
67	53	0.576493
67	57	1.35196
67	86	1.2815
67	89	1.28212
67	96	1.30893
67	128	1.344
67	129	0.522744
67	136	0.592734
67	142	0.552662
67	149	1.26466
67	153	1.33219
67	159	1.35417
67	161	1.32194
67	169	0.478735
67	178	0.534375
67	180	0.547648
68	11	0.466926
68	48	0.470244
68	86	0.511109
68	101	0.48739
68	122	0.515914
68	134	0.496215
68	148	0.479905
68	167	1.31519
68	168	1.36434
68	170	1.2924
68	171	1.38287
68	172	1.35256
68	173	1.25164
68	175	1.27962
68	176	1.36849
68	177	1.3036
68	178	1.30574
68	179	1.18354
69	105	0.481198
69	126	0.555762
69	129	0.559866
69	134	1.33385
69	135	1.30753
69	138	1.26643
69	139	1.3075
69	141	1.30083
69	146	1.28715
69	147	1.29721
69	150	1.32176
69	152	1.32164
69	154	1.32176
69	155	1.33434
69	166	0.542928
69	168	0.518112
69	170	0.59541
69	175	0.587928
70	20	1.27821
70	39	1.37384
70	47	1.4069
70	50	1.24267
70	62	1.27613
70	63	1.28869
70	74	1.36918
70	78	1.35642
70	97	1.27888
70	109	0.52278
70	127	0.522203
70	142	1.22093
70	158	1.30815
70	165	0.588394
70	168	0.523883
70	176	0.512557
70	178	0.577267
70	180	0.59054
71	7	1.46591
71	10	1.25971
71	13	1.48046
71	21	1.36153
71	28	1.60628
71	29	0.437535
71	43	1.44229
71	73	1.36895
71	75	1.49081
71	79	1.48239
71	84	1.44168
71	145	0.442344
71	164	0.491916
71	169	0.428173
71	171	0.437285
71	178	0.483813
71	179	0.622662
71	180	0.497086
72	2	1.42847
72	9	1.42847
72	11	1.42847
72	16	0.518199
72	41	1.37204
72	44	1.37204
72	60	1.2712
72	61	1.3512
72	91	1.34797
72	100	0.545967
72	106	1.37872
72	107	0.459918
72	114	0.445179
72	148	1.39017
72	169	1.43126
72	172	0.478188
72	173	0.566149
72	177	0.51736
72	178	0.508733
73	7	1.29336
73	10	1.08716
73	13	1.3079
73	14	1.13438
73	21	1.18897
73	28	1.43373
73	43	1.26974
73	46	1.2186
73	71	1.36895
73	75	1.31826
73	79	1.30984
73	84	1.26913
73	105	0.506676
73	145	0.555506
73	164	0.605078
73	169	0.541335
73	172	0.566431
73	173	0.654392
73	180	0.610248
74	50	1.33606
74	59	1.40539
74	62	1.36952
74	63	1.38208
74	70	1.36918
74	78	1.4498
74	90	1.42014
74	97	1.37226
74	109	0.553419
74	122	0.00175633
74	137	1.37973
74	142	1.31431
74	143	0.566975
74	145	0.566437
74	158	1.40153
74	163	0.561373
74	165	0.619034
74	166	0.579338
74	180	0.621179
75	7	1.41522
75	10	1.20902
75	13	1.42976
75	14	1.25624
75	21	1.31083
75	28	1.55559
75	43	1.3916
75	71	1.49081
75	73	1.31826
75	79	1.4317
75	84	1.39099
75	128	0.441923
75	157	0.492246
75	159	0.443407
75	170	0.536481
75	173	0.569985
75	174	0.48954
75	176	0.447858
75	179	0.651417
76	22	0.481198
76	43	0.459467
76	47	0.421018
76	79	0.448452
76	84	0.449668
76	152	0.426733
76	154	0.501909
76	155	0.442322
76	157	1.38877
76	163	1.42833
76	165	1.35413
76	166	1.38925
76	167	1.37292
76	168	1.42206
76	172	1.41029
76	173	1.30937
76	175	1.33735
76	176	1.42622
76	177	1.36132
77	3	1.47059
77	4	1.46219
77	19	1.36461
77	23	1.37736
77	24	1.38131
77	42	1.41123
77	45	1.39681
77	46	1.3552
77	56	1.29717
77	83	1.3351
77	106	0.469833
77	107	0.479425
77	129	0.516608
77	136	0.586599
77	137	0.480342
77	149	1.34844
77	157	0.507918
77	164	0.536342
77	172	0.497695
78	6	1.39361
78	20	1.35883
78	59	1.39263
78	62	1.35676
78	63	1.36932
78	70	1.35642
78	74	1.4498
78	90	1.40738
78	91	0.517696
78	97	1.3595
78	109	0.468777
78	126	0.50753
78	128	0.452618
78	136	0.581623
78	137	1.36697
78	158	1.38877
78	169	0.467624
78	170	0.547177
78	177	0.531891
79	7	1.4068
79	10	1.20059
79	13	1.42134
79	21	1.30241
79	28	1.54716
79	43	1.38317
79	46	1.33203
79	71	1.48239
79	73	1.30984
79	75	1.4317
79	76	0.448452
79	84	1.38256
79	91	0.54873
79	128	0.483652
79	145	0.512829
79	159	0.485136
79	169	0.498658
79	171	0.50777
79	178	0.554298
80	1	1.26479
80	31	1.35843
80	55	1.42323
80	65	1.37363
80	85	1.3898
80	92	1.32395
80	94	1.38549
80	99	1.44703
80	101	1.44703
80	114	0.472061
80	126	0.51988
80	137	0.487717
80	140	0.529473
80	143	0.494683
80	145	1.37967
80	158	1.40694
80	160	0.522927
80	172	0.50507
80	177	0.544242
81	11	0.595971
81	24	0.606082
81	66	0.648706
81	99	0.592924
81	116	0.398853
81	149	0.652833
81	156	1.25268
81	165	1.18156
81	166	1.21669
81	170	1.17756
81	171	1.26802
81	172	1.23772
81	174	1.199
81	175	1.16478
81	176	1.25365
81	177	1.18875
81	178	1.1909
81	179	1.06869
82	8	1.36058
82	15	1.41167
82	32	1.29001
82	36	1.44059
82	37	1.39466
82	38	1.63809
82	54	1.29959
82	64	1.30425
82	66	1.30425
82	103	1.37119
82	107	0.47107
82	123	0.50385
82	128	1.38511
82	142	0.538172
82	143	0.478953
82	157	0.499563
82	162	0.517301
82	170	0.543798
82	178	0.519886
83	3	1.33609
83	4	1.32769
83	5	1.345
83	19	1.23011
83	23	1.24286
83	24	1.24681
83	42	1.27673
83	45	1.26231
83	46	1.2207
83	56	1.16267
83	77	1.3351
83	100	0.63269
83	106	0.537049
83	120	0.531954
83	136	0.653815
83	149	1.21394
83	167	0.587223
83	172	0.564911
83	176	0.530746
84	7	1.36609
84	10	1.15988
84	13	1.38063
84	14	1.2071
84	21	1.2617
84	28	1.50645
84	43	1.34246
84	46	1.29132
84	71	1.44168
84	73	1.26913
84	75	1.39099
84	76	0.449668
84	79	1.38256
84	110	0.493008
84	136	0.613873
84	157	0.535191
84	159	0.486351
84	160	0.542826
84	164	0.563616
84	178	0.555513
85	51	1.40792
85	55	1.33965
85	65	1.29005
85	80	1.3898
85	92	1.24037
85	94	1.30191
85	99	1.36345
85	101	1.36345
85	140	0.537568
85	145	1.29609
85	148	1.32768
85	158	1.32336
85	159	1.35626
85	162	0.541125
85	163	0.497175
85	164	0.551812
85	170	0.567622
85	176	0.479
85	178	0.54371
85	180	0.556982
86	22	1.27213
86	26	1.26657
86	40	1.30519
86	57	1.33143
86	67	1.2815
86	68	0.511109
86	89	1.26158
86	96	1.28839
86	128	1.32346
86	130	0.540729
86	133	0.543369
86	136	0.62057
86	137	1.27893
86	149	1.24412
86	153	1.31165
86	159	1.33363
86	161	1.3014
86	162	0.559626
86	168	0.508826
86	175	0.578642
86	180	0.575484
87	28	0.00123126
87	88	1.2676
87	98	1.28164
87	102	1.28642
87	103	1.29292
87	104	1.34773
87	119	1.30779
87	123	0.636959
87	124	1.2787
87	128	0.582348
87	132	1.24134
87	144	1.29813
87	145	0.611525
87	148	1.28842
87	153	1.29502
87	161	1.28477
87	165	0.664121
87	167	0.644762
87	169	1.32951
87	175	0.669425
87	178	0.652994
88	34	1.30865
88	35	0.474864
88	49	1.27328
88	58	1.35133
88	87	1.2676
88	93	1.23864
88	108	1.30376
88	110	0.547273
88	113	1.33596
88	115	0.590025
88	119	1.34769
88	124	1.3186
88	132	1.28124
88	136	1.19841
88	144	1.33803
88	158	0.556069
88	159	0.540616
88	163	0.563244
88	166	0.581209
88	174	0.58675
88	180	1.23681
89	22	1.27275
89	26	1.26719
89	40	1.30581
89	57	1.33205
89	67	1.28212
89	86	1.26158
89	96	1.28901
89	109	1.30485
89	112	0.493575
89	128	1.32408
89	137	1.27955
89	145	0.555867
89	149	1.24474
89	157	0.577014
89	159	1.33425
89	161	1.30202
89	169	0.541696
89	171	0.550808
89	172	0.566791
89	174	0.574307
89	175	0.613767
90	6	1.36395
90	20	1.32917
90	47	1.45787
90	50	1.29364
90	59	1.36297
90	62	1.3271
90	63	1.33965
90	74	1.42014
90	78	1.40738
90	97	1.32984
90	107	0.51764
90	110	0.50395
90	117	0.481079
90	133	0.547613
90	137	1.33731
90	142	1.27189
90	158	1.35911
90	169	0.510815
90	171	0.519927
90	174	0.543426
90	175	0.582886
90	176	0.501745
91	30	1.19226
91	40	0.530487
91	43	0.559745
91	55	0.538981
91	57	0.544761
91	60	1.18797
91	61	1.26797
91	72	1.34797
91	78	0.517696
91	79	0.54873
91	132	0.557685
91	144	0.532563
91	150	1.3062
91	152	1.30608
91	154	1.3062
91	155	1.31878
91	166	1.26003
91	169	1.34803
91	173	1.18014
91	177	1.23209
91	178	1.23424
91	179	1.11204
92	1	1.11536
92	31	1.209
92	35	0.474904
92	51	1.34207
92	53	0.651936
92	55	1.2738
92	65	1.2242
92	80	1.32395
92	85	1.24037
92	94	1.23606
92	99	1.2976
92	101	1.2976
92	111	0.539852
92	145	1.23024
92	148	1.26183
92	158	1.25751
92	159	1.29041
92	169	0.554178
92	171	0.56329
92	173	0.667235
92	176	0.545108
92	178	0.609819
93	30	0.715383
93	49	1.20443
93	88	1.23864
93	98	1.25269
93	102	1.25746
93	104	1.31878
93	108	1.23491
93	112	0.49751
93	113	1.26711
93	115	0.581517
93	119	1.27883
93	124	1.24975
93	132	1.21239
93	144	1.26918
93	145	0.559801
93	148	1.25947
93	151	0.566108
93	156	0.564147
93	158	0.547561
93	161	1.25581
93	164	0.609373
93	169	1.30055
94	1	1.1769
94	31	1.27054
94	51	1.40361
94	55	1.33534
94	65	1.28573
94	80	1.38549
94	85	1.30191
94	92	1.23606
94	99	1.35914
94	101	1.35914
94	114	0.465624
94	142	0.547465
94	145	1.29178
94	148	1.32337
94	158	1.31905
94	159	1.35195
94	165	0.540304
94	167	0.520945
94	173	0.586594
94	174	0.506149
94	178	0.529178
94	179	0.668026
94	180	0.54245
95	110	0.475915
95	111	0.468454
95	131	1.50739
95	134	1.43899
95	135	1.41267
95	138	1.37157
95	139	1.41263
95	141	1.40596
95	146	1.39228
95	147	1.40235
95	150	1.42689
95	151	0.503258
95	152	1.42678
95	154	1.42689
95	155	1.43947
95	156	0.501297
95	159	0.469259
95	164	0.546523
95	168	0.485036
95	169	0.482781
95	176	0.473711
95	178	0.538421
95	180	1.33613
96	22	1.29955
96	25	0.531064
96	26	1.294
96	40	1.33262
96	46	1.27831
96	53	0.591279
96	57	1.35885
96	67	1.30893
96	86	1.28839
96	89	1.28901
96	109	1.33165
96	128	1.35089
96	137	1.30636
96	149	1.27155
96	157	0.52884
96	158	0.495452
96	159	1.36106
96	161	1.32883
96	162	0.546577
96	167	0.540929
96	176	0.484452
96	177	0.557789
96	180	0.562434
97	6	1.31607
97	39	1.37693
97	47	1.40999
97	50	1.24576
97	59	1.31509
97	62	1.27922
97	63	1.29178
97	70	1.27888
97	74	1.37226
97	78	1.3595
97	90	1.32984
97	109	0.490464
97	110	0.482446
97	130	0.52347
97	137	1.28943
97	142	1.22401
97	156	0.507827
97	158	1.31123
97	164	0.553054
97	165	0.556078
97	177	0.553579
97	179	0.6838
97	180	0.558224
98	27	1.30184
98	87	1.28164
98	93	1.25269
98	102	1.34036
98	104	1.40167
98	108	1.3178
98	113	1.35001
98	119	1.36173
98	124	1.33264
98	132	1.29528
98	136	1.21245
98	144	1.35207
98	145	0.511154
98	151	0.517461
98	153	1.34896
98	160	0.539935
98	163	0.506089
98	167	0.54439
98	171	0.506095
98	172	0.522078
98	175	0.569054
98	179	0.691472
98	180	1.25085
99	1	1.23844
99	29	0.468702
99	31	1.33208
99	51	1.46515
99	55	1.39688
99	65	1.34727
99	80	1.44703
99	81	0.592924
99	85	1.36345
99	92	1.2976
99	94	1.35914
99	101	1.42067
99	107	0.466165
99	117	0.429603
99	133	0.496138
99	142	0.533267
99	145	1.35332
99	148	1.38491
99	158	1.38059
99	159	1.41349
99	162	0.512396
99	164	0.523083
99	177	0.523607
99	180	0.528253
100	39	0.550403
100	42	0.590863
100	49	0.627121
100	72	0.545967
100	83	0.63269
100	126	1.23894
100	146	0.587526
100	148	0.568241
100	153	0.595484
100	160	1.21816
100	163	1.24975
100	164	1.1905
100	166	1.21067
100	167	1.19433
100	168	1.24348
100	171	1.26201
100	172	1.2317
100	173	1.13078
100	174	1.19299
100	175	1.15876
100	176	1.24763
100	177	1.18274
100	178	1.18488
100	179	1.06268
101	1	1.23844
101	31	1.33208
101	33	0.371081
101	51	1.46515
101	55	1.39688
101	65	1.34727
101	68	0.48739
101	80	1.44703
101	85	1.36345
101	92	1.2976
101	94	1.35914
101	99	1.42067
101	109	0.484004
101	143	0.49756
101	145	1.35332
101	148	1.38491
101	157	0.51817
101	158	1.38059
101	159	1.41349
101	163	0.491958
101	165	0.549619
101	167	0.530259
101	173	0.595908
101	177	0.547119
102	12	1.3908
102	34	1.32747
102	87	1.28642
102	93	1.25746
102	98	1.34036
102	104	1.40645
102	108	1.32258
102	113	1.35478
102	119	1.36651
102	124	1.33742
102	132	1.30006
102	144	1.35685
102	153	1.35373
102	154	0.00538271
102	157	0.586443
102	159	0.537603
102	161	1.34348
102	167	0.598533
102	171	0.560237
102	172	0.576221
102	173	0.664182
102	174	0.583737
102	177	0.615393
102	178	0.606766
102	180	1.25563
103	32	1.27696
103	54	1.28654
103	64	1.29119
103	66	1.29119
103	82	1.37119
103	87	1.29292
103	105	0.468039
103	112	0.454577
103	114	0.494784
103	119	1.37301
103	132	1.30656
103	137	0.510441
103	144	1.36335
103	147	1.32834
103	150	1.35289
103	152	1.35277
103	154	1.35289
103	155	1.36547
103	158	0.504629
103	160	0.54565
103	164	0.56644
103	169	1.39472
103	174	0.535309
103	177	0.566965
103	179	0.697187
104	27	1.36793
104	35	0.399494
104	49	1.35341
104	58	1.43146
104	87	1.34773
104	93	1.31878
104	98	1.40167
104	102	1.40645
104	108	1.38389
104	113	1.4161
104	115	0.514654
104	119	1.42782
104	123	0.518373
104	124	1.39873
104	130	0.512926
104	132	1.36137
104	144	1.41816
104	159	0.465246
104	160	0.52172
104	169	1.44954
104	174	0.511379
104	175	0.550839
104	176	0.469698
104	177	0.543035
104	178	0.534408
104	180	1.31694
105	38	0.358515
105	54	0.521418
105	62	0.485715
105	69	0.481198
105	73	0.506676
105	103	0.468039
105	108	0.479243
105	124	0.522514
105	143	1.4115
105	148	0.440707
105	150	0.454754
105	154	0.517455
105	156	1.39766
105	162	1.36089
105	165	1.32655
105	166	1.36167
105	167	1.34533
105	168	1.39448
105	170	1.32254
105	171	1.413
105	172	1.3827
105	173	1.28178
105	174	1.34398
105	175	1.30976
105	176	1.39863
105	178	1.33588
105	179	1.21367
106	32	0.490643
106	47	0.468457
106	56	0.584499
106	60	1.21872
106	61	1.29872
106	62	0.517608
106	72	1.37872
106	77	0.469833
106	83	0.537049
106	108	1.31313
106	113	1.34533
106	124	1.32797
106	125	0.482484
106	132	1.29061
106	141	0.503142
106	144	1.3474
106	147	0.491343
106	148	1.33769
106	149	0.516483
106	163	1.32985
106	168	1.32359
106	169	1.37878
106	175	1.23887
106	177	1.26284
106	178	1.26499
106	179	1.14278
107	45	0.524195
107	50	0.552993
107	65	0.523324
107	72	0.459918
107	77	0.479425
107	82	0.47107
107	90	0.51764
107	99	0.466165
107	131	0.454448
107	154	0.558939
107	157	1.3337
107	161	0.492242
107	163	1.37327
107	164	1.31402
107	165	1.29907
107	166	1.33419
107	167	1.31785
107	168	1.367
107	170	1.29506
107	171	1.38553
107	172	1.35522
107	173	1.2543
107	174	1.31651
107	175	1.28228
107	176	1.37115
107	177	1.30626
107	178	1.3084
107	179	1.1862
108	12	1.36825
108	34	1.30492
108	58	1.34759
108	88	1.30376
108	93	1.23491
108	98	1.3178
108	102	1.32258
108	104	1.38389
108	105	0.479243
108	106	1.31313
108	111	0.499576
108	113	1.33223
108	124	1.31487
108	126	0.553808
108	132	1.27751
108	142	0.58783
108	144	1.3343
108	148	1.32459
108	156	0.532419
108	157	0.549221
108	158	0.515833
108	161	1.32093
108	162	0.566958
108	166	0.540974
108	169	1.36567
108	174	0.546514
108	178	0.569543
108	180	1.23308
109	12	1.39198
109	16	1.26039
109	26	1.30983
109	43	0.510825
109	58	1.37132
109	64	0.515663
109	70	0.52278
109	74	0.553419
109	78	0.468777
109	89	1.30485
109	96	1.33165
109	97	0.490464
109	101	0.484004
109	113	1.35596
109	131	0.448775
109	135	0.47813
109	144	1.35803
109	147	0.495262
109	153	1.35491
109	155	0.493681
109	161	1.34466
109	166	1.3014
109	169	1.3894
109	170	1.26227
109	171	1.35274
109	174	1.28372
109	177	1.27347
109	179	1.15341
110	46	0.517699
110	66	0.508257
110	84	0.493008
110	88	0.547273
110	90	0.50395
110	95	0.475915
110	97	0.482446
110	132	0.500747
110	135	0.470112
110	148	0.468501
110	153	0.495744
110	156	1.36682
110	160	1.33831
110	162	1.33004
110	163	1.3699
110	164	1.31065
110	166	1.33082
110	167	1.31448
110	168	1.36363
110	170	1.29169
110	171	1.38216
110	173	1.25093
110	174	1.31314
110	175	1.27891
110	176	1.36778
110	177	1.30289
110	178	1.30503
110	179	1.18283
111	44	0.489415
111	92	0.539852
111	95	0.468454
111	108	0.499576
111	119	0.525547
111	134	0.47735
111	139	0.48503
111	148	0.46104
111	150	0.475087
111	152	0.462612
111	155	0.478201
111	157	1.33605
111	162	1.33576
111	164	1.31636
111	165	1.30141
111	166	1.33653
111	167	1.3202
111	168	1.36934
111	170	1.29741
111	171	1.38787
111	172	1.35757
111	173	1.25665
111	174	1.31885
111	175	1.28463
111	176	1.3735
111	177	1.3086
111	178	1.31075
111	179	1.18854
112	19	0.47237
112	89	0.493575
112	93	0.49751
112	103	0.454577
112	125	0.43713
112	132	0.459492
112	139	0.451236
112	141	0.457788
112	146	0.446531
112	149	0.471129
112	151	1.42604
112	152	0.428818
112	153	0.454489
112	162	1.3809
112	163	1.42075
112	164	1.36151
112	165	1.34655
112	166	1.38168
112	167	1.36534
112	168	1.41449
112	170	1.34255
112	172	1.40271
112	173	1.30179
112	174	1.36399
112	175	1.32977
112	176	1.41864
112	177	1.35374
112	178	1.35589
112	179	1.23368
113	25	0.523904
113	27	1.31627
113	49	1.30175
113	58	1.37979
113	88	1.33596
113	93	1.26711
113	98	1.35001
113	102	1.35478
113	104	1.4161
113	106	1.34533
113	108	1.33223
113	109	1.35596
113	117	0.456625
113	119	1.37615
113	124	1.34707
113	126	0.526268
113	132	1.30971
113	136	1.22688
113	143	0.50107
113	144	1.3665
113	158	0.488293
113	161	1.35313
113	163	0.495468
113	165	0.553129
113	170	0.565915
113	175	0.558433
113	176	0.477292
113	177	0.550629
113	179	0.68085
113	180	1.26528
114	47	0.46331
114	61	0.510143
114	72	0.445179
114	80	0.472061
114	94	0.465624
114	103	0.494784
114	121	0.471574
114	124	0.549259
114	133	1.35873
114	134	0.483763
114	146	0.486739
114	147	0.486196
114	152	0.469025
114	157	1.34586
114	160	1.35383
114	162	1.34557
114	163	1.38542
114	164	1.32617
114	165	1.31122
114	167	1.33001
114	168	1.37915
114	170	1.30722
114	171	1.39768
114	172	1.36738
114	173	1.26646
114	174	1.32866
114	175	1.29444
114	176	1.38331
114	178	1.32056
114	179	1.19835
115	23	0.573285
115	36	0.522113
115	37	0.488271
115	54	0.591963
115	56	0.623152
115	88	0.590025
115	93	0.581517
115	104	0.514654
115	134	0.527564
115	136	1.1728
115	140	1.25487
115	149	0.555136
115	151	1.30016
115	155	0.528415
115	156	1.29179
115	160	1.26328
115	164	1.23562
115	165	1.22067
115	166	1.25579
115	167	1.23946
115	168	1.2886
115	170	1.21667
115	171	1.30713
115	172	1.27683
115	173	1.17591
115	174	1.23811
115	175	1.20389
115	176	1.29276
115	177	1.22786
115	178	1.23001
115	179	1.1078
116	25	0.302811
116	30	0.435022
116	81	0.398853
116	118	1.42523
116	121	1.37523
116	122	1.42523
116	125	1.42523
116	129	0.309278
116	131	1.44194
116	134	1.37353
116	135	1.34721
116	138	1.30611
116	139	1.34718
116	141	1.34051
116	146	1.32683
116	147	1.33689
116	150	1.36144
116	152	1.36132
116	154	1.36144
116	155	1.37402
116	163	0.727954
116	165	0.332036
116	166	0.74592
116	168	0.721104
116	170	0.344822
116	174	0.75146
116	176	0.709779
116	177	0.329537
116	180	1.27068
117	15	0.456577
117	37	0.422648
117	90	0.481079
117	99	0.429603
117	113	0.456625
117	118	0.436235
117	124	0.527436
117	135	0.447241
117	148	0.44563
117	150	0.459677
117	152	0.447202
117	155	0.462791
117	157	1.3925
117	160	1.40047
117	161	0.45568
117	163	1.43206
117	164	1.37282
117	165	1.35786
117	166	1.39299
117	167	1.37665
117	168	1.4258
117	170	1.35386
117	171	1.44432
117	172	1.41402
117	173	1.3131
117	174	1.3753
117	175	1.34108
117	176	1.42995
117	177	1.36505
117	178	1.3672
117	179	1.24499
118	116	1.42523
118	117	0.436235
118	120	0.458109
118	121	1.42523
118	122	1.47523
118	125	1.47523
118	128	0.450966
118	131	1.49194
118	133	0.502769
118	134	1.42353
118	135	1.39721
118	138	1.35611
118	139	1.39718
118	141	1.39051
118	146	1.37683
118	147	1.38689
118	150	1.41144
118	152	1.41132
118	154	1.41144
118	155	1.42402
118	156	0.484487
118	160	0.508924
118	163	0.475077
118	164	0.529714
118	167	0.513379
118	168	0.468227
118	170	0.545524
118	173	0.579028
118	176	0.456901
118	180	1.32068
119	6	0.00036845
119	14	1.23012
119	17	0.485608
119	27	1.32799
119	34	1.34884
119	87	1.30779
119	88	1.34769
119	93	1.27883
119	98	1.36173
119	102	1.36651
119	103	1.37301
119	104	1.42782
119	111	0.525547
119	113	1.37615
119	124	1.35879
119	128	0.524868
119	132	1.32143
119	142	0.613801
119	144	1.37822
119	148	1.36851
119	153	1.37511
119	156	0.55839
119	159	0.526352
119	161	1.36486
119	162	0.592929
119	166	0.566945
119	169	1.4096
119	170	0.619426
119	171	0.548986
119	175	0.611945
119	178	0.595514
119	180	1.277
120	10	0.612475
120	13	0.604275
120	45	0.509508
120	59	0.502225
120	60	0.554347
120	83	0.531954
120	118	0.458109
120	124	0.549311
120	143	1.33938
120	144	0.474629
120	150	0.481551
120	151	1.33391
120	152	0.469077
120	155	0.484666
120	156	1.32554
120	157	1.28906
120	162	1.28877
120	164	1.26937
120	165	1.25442
120	166	1.28954
120	167	1.27321
120	168	1.32235
120	170	1.25042
120	171	1.34088
120	172	1.31058
120	173	1.20966
120	174	1.27186
120	175	1.23764
120	176	1.32651
120	177	1.26161
120	178	1.26376
120	179	1.14155
121	17	0.425222
121	114	0.471574
121	116	1.37523
121	118	1.42523
121	122	1.42523
121	125	1.42523
121	128	0.464482
121	131	1.44194
121	134	1.37353
121	135	1.34721
121	138	1.30611
121	139	1.34718
121	141	1.34051
121	146	1.32683
121	147	1.33689
121	150	1.36144
121	152	1.36132
121	154	1.36144
121	155	1.37402
121	158	0.481418
121	160	0.52244
121	165	0.546254
121	166	0.506559
121	171	0.4886
121	172	0.504583
121	174	0.512099
121	177	0.543755
121	179	0.673976
121	180	1.27068
122	68	0.515914
122	74	0.00175633
122	116	1.42523
122	118	1.47523
122	121	1.42523
122	123	0.55098
122	125	1.47523
122	128	0.496369
122	131	1.49194
122	134	1.42353
122	135	1.39721
122	137	0.519118
122	138	1.35611
122	139	1.39718
122	141	1.39051
122	143	0.526083
122	146	1.37683
122	147	1.38689
122	150	1.41144
122	152	1.41132
122	154	1.41144
122	155	1.42402
122	156	0.529891
122	160	0.554328
122	166	0.538446
122	168	0.513631
122	172	0.53647
122	173	0.624432
122	176	0.502305
122	180	1.32068
123	44	0.543347
123	49	0.573852
123	61	0.557662
123	82	0.50385
123	87	0.636959
123	104	0.518373
123	122	0.55098
123	132	0.547217
123	135	0.516582
123	143	1.29959
123	151	1.29412
123	154	0.591719
123	156	1.28575
123	160	1.25725
123	161	0.525021
123	162	1.24898
123	163	1.28884
123	164	1.22959
123	165	1.21464
123	166	1.24976
123	167	1.23342
123	168	1.28257
123	170	1.21063
123	172	1.27079
123	173	1.16987
123	174	1.23207
123	175	1.19785
123	176	1.28672
123	177	1.22182
123	178	1.22397
123	179	1.10176
124	49	1.28439
124	53	1.19751
124	58	1.36243
124	87	1.2787
124	88	1.3186
124	93	1.24975
124	98	1.33264
124	102	1.33742
124	104	1.39873
124	105	0.522514
124	106	1.32797
124	108	1.31487
124	113	1.34707
124	114	0.549259
124	117	0.527436
124	119	1.35879
124	120	0.549311
124	132	1.29235
124	137	0.564916
124	144	1.34914
124	148	1.33943
124	151	0.57765
124	153	1.34602
124	154	0.0010926
124	157	0.592491
124	161	1.33577
124	162	0.610228
124	165	0.62394
124	166	0.584244
124	167	0.60458
124	169	1.38051
124	172	0.582268
124	180	1.24792
125	33	0.373479
125	35	0.405976
125	106	0.482484
125	112	0.43713
125	116	1.42523
125	118	1.47523
125	121	1.42523
125	122	1.47523
125	131	1.49194
125	134	1.42353
125	135	1.39721
125	137	0.492993
125	138	1.35611
125	139	1.39718
125	141	1.39051
125	146	1.37683
125	147	1.38689
125	150	1.41144
125	152	1.41132
125	154	1.41144
125	155	1.42402
125	158	0.487181
125	159	0.471728
125	166	0.512321
125	170	0.564803
125	171	0.494362
125	172	0.510346
125	173	0.598307
125	176	0.47618
125	180	1.32068
126	36	0.526132
126	38	0.43308
126	61	0.557962
126	69	0.555762
126	78	0.50753
126	80	0.51988
126	100	1.23894
126	108	0.553808
126	113	0.526268
126	139	0.539262
126	141	0.545814
126	148	0.515272
126	150	0.529319
126	151	1.32795
126	152	0.516845
126	156	1.31958
126	157	1.28309
126	160	1.29107
126	162	1.2828
126	163	1.32266
126	164	1.26341
126	165	1.24846
126	166	1.28358
126	167	1.26724
126	168	1.31639
126	170	1.24445
126	171	1.33492
126	172	1.30461
126	173	1.20369
126	174	1.2659
126	175	1.23168
126	176	1.32054
126	177	1.25565
126	178	1.25779
126	179	1.13559
127	1	0.61217
127	6	0.587438
127	9	0.466466
127	10	0.620913
127	13	0.612713
127	49	0.534822
127	59	0.510663
127	70	0.522203
127	134	0.492253
127	141	0.506484
127	143	1.31383
127	147	0.494685
127	151	1.30836
127	153	0.503186
127	156	1.29999
127	160	1.27148
127	162	1.26321
127	163	1.30307
127	164	1.24382
127	165	1.22887
127	166	1.26399
127	167	1.24765
127	168	1.2968
127	170	1.22486
127	171	1.31533
127	172	1.28502
127	173	1.1841
127	174	1.24631
127	175	1.21209
127	176	1.30095
127	177	1.23606
127	178	1.2382
127	179	1.116
128	15	1.41253
128	21	0.504784
128	26	1.32907
128	37	1.39552
128	38	1.63895
128	40	1.36769
128	41	0.502505
128	54	1.30045
128	62	0.505368
128	64	1.30511
128	66	1.30511
128	67	1.344
128	75	0.441923
128	78	0.452618
128	79	0.483652
128	82	1.38511
128	86	1.32346
128	87	0.582348
128	89	1.32408
128	96	1.35089
128	118	0.450966
128	119	0.524868
128	121	0.464482
128	122	0.496369
128	147	0.479103
128	149	1.30662
128	150	0.474407
128	154	0.537108
128	165	1.28552
128	166	1.32064
128	167	1.3043
128	173	1.24075
128	177	1.2927
128	178	1.29485
128	179	1.17264
129	9	0.509899
129	27	0.562954
129	31	0.551746
129	56	0.631275
129	61	0.562066
129	67	0.522744
129	69	0.559866
129	77	0.516608
129	116	0.309278
129	133	1.2963
129	140	1.283
129	141	0.549917
129	142	1.23929
129	148	0.519375
129	151	1.32828
129	155	0.536537
129	156	1.31992
129	157	1.28343
129	160	1.29141
129	161	0.529425
129	162	1.28314
129	165	1.2488
129	166	1.28392
129	167	1.26758
129	168	1.31673
129	170	1.24479
129	171	1.33526
129	172	1.30495
129	173	1.20403
129	174	1.26624
129	175	1.23201
129	176	1.32088
129	177	1.25599
129	178	1.25813
129	179	1.13593
130	3	0.507088
130	4	0.527849
130	6	0.621021
130	14	0.630934
130	24	0.506657
130	86	0.540729
130	97	0.52347
130	104	0.512926
130	135	0.511136
130	138	0.542285
130	147	0.528268
130	148	0.509525
130	151	1.31075
130	156	1.30238
130	157	1.2659
130	160	1.27388
130	162	1.26561
130	163	1.30547
130	164	1.24622
130	165	1.23127
130	166	1.26639
130	167	1.25005
130	168	1.2992
130	170	1.22726
130	171	1.31773
130	172	1.28742
130	173	1.1865
130	174	1.2487
130	175	1.21448
130	176	1.30335
130	177	1.23845
130	178	1.2406
130	179	1.11839
131	95	1.50739
131	107	0.454448
131	109	0.448775
131	116	1.44194
131	118	1.49194
131	121	1.44194
131	122	1.49194
131	125	1.49194
131	133	0.484421
131	134	1.44024
131	135	1.41392
131	138	1.37282
131	139	1.41389
131	141	1.40722
131	146	1.39354
131	147	1.4036
131	150	1.42815
131	152	1.42803
131	154	1.42815
131	155	1.44073
131	156	0.466139
131	161	1.42524
131	162	0.500678
131	166	0.474694
131	167	0.49503
131	169	0.447623
131	170	0.527175
131	171	0.456735
131	172	0.472718
131	174	0.480234
131	175	0.519694
131	177	0.51189
131	178	0.503263
131	180	1.33739
132	12	1.34573
132	25	0.545155
132	27	1.26155
132	34	1.2824
132	49	1.24703
132	58	1.32507
132	87	1.24134
132	88	1.28124
132	91	0.557685
132	93	1.21239
132	98	1.29528
132	102	1.30006
132	103	1.30656
132	104	1.36137
132	106	1.29061
132	108	1.27751
132	110	0.500747
132	112	0.459492
132	113	1.30971
132	119	1.32143
132	123	0.547217
132	124	1.29235
132	136	1.17216
132	140	0.557111
132	142	0.58154
132	143	0.522321
132	144	1.31178
132	148	1.30207
132	153	1.30866
132	160	0.550565
132	162	0.560668
132	165	0.574379
132	168	0.509868
132	169	1.34315
132	174	0.540224
132	179	0.702101
132	180	1.21056
133	6	0.62366
133	15	0.523111
133	41	0.554309
133	47	0.508021
133	59	0.546885
133	64	0.551308
133	86	0.543369
133	90	0.547613
133	99	0.496138
133	114	1.35873
133	118	0.502769
133	129	1.2963
133	131	0.484421
133	139	0.536154
133	143	1.31753
133	149	0.556047
133	151	1.31206
133	156	1.30369
133	157	1.26721
133	160	1.27518
133	161	0.522214
133	162	1.26692
133	163	1.30677
133	164	1.24753
133	165	1.23257
