1	38	1.05858
1	89	0.965976
1	111	0.840816
1	120	0.632715
1	122	1.07664
1	125	1.03793
1	127	1.0761
1	140	1.06123
1	149	1.06619
1	156	1.08678
1	170	1.07246
1	176	1.0641
2	61	1.04333
2	108	1.07654
2	119	1.01767
2	125	1.04997
2	130	1.07962
2	133	1.10137
2	134	0.373391
2	135	1.09821
2	140	1.07327
2	154	0.175324
2	169	1.06002
2	180	1.89848
3	22	0.986878
3	31	1.0619
3	69	1.02969
3	73	1.08673
3	121	1.11743
3	122	1.08505
3	128	1.07953
3	143	0.834787
3	166	1.07191
3	170	1.08087
3	171	0.868321
3	178	0.728531
4	37	0.953194
4	49	0.947831
4	96	0.944617
4	120	1.1451
4	121	1.00227
4	129	0.963318
4	147	1.28216
4	155	0.962434
4	159	0.946535
4	166	0.956748
4	170	0.965707
4	176	0.957351
5	81	0.768745
5	85	0.874526
5	86	0.874116
5	88	0.886222
5	100	0.895136
5	126	2.36419
5	153	0.864489
5	174	0.890189
5	175	0.889582
5	177	0.878584
5	178	0.88955
5	179	0.888861
6	27	1.14659
6	52	1.01382
6	73	1.04644
6	109	0.772328
6	121	1.07714
6	122	1.04475
6	129	1.03819
6	131	1.02987
6	162	1.04536
6	166	1.03162
6	170	1.04058
6	171	0.730852
6	176	1.03222
7	22	0.97637
7	29	0.812133
7	81	0.945876
7	87	1.04447
7	137	1.0817
7	138	1.08259
7	146	1.08012
7	150	1.00052
7	159	1.05119
7	162	1.07515
7	173	0.868512
7	174	0.951765
7	176	1.06201
8	50	0.684974
8	79	0.901617
8	99	0.838777
8	101	0.891307
8	103	0.890825
8	129	0.880676
8	133	2.55446
8	161	0.893902
8	164	0.893625
8	167	0.87267
8	168	0.903834
8	177	0.868413
8	178	0.879379
9	48	0.927597
9	97	0.919189
9	112	0.960218
9	142	1.17678
9	145	0.87598
9	149	0.952102
9	154	0.939438
9	155	1.41702
9	156	0.972689
9	157	0.957876
9	164	0.968932
9	168	0.97914
9	171	0.946839
10	108	0.951499
10	119	0.892631
10	125	0.924926
10	126	0.932628
10	127	0.963104
10	130	0.954579
10	133	0.976333
10	135	0.973165
10	140	0.948226
10	145	1.44102
10	158	1.2384
10	169	0.93498
10	171	0.947928
11	76	0.774942
11	94	1.07306
11	100	1.03798
11	120	1.05391
11	148	1.03868
11	165	1.02644
11	169	0.971502
11	173	1.04035
11	174	1.03303
11	175	1.03243
11	176	0.816283
11	178	1.0324
11	179	1.03171
12	43	0.936023
12	44	1.02831
12	60	1.07405
12	87	1.01779
12	99	0.999406
12	104	1.03593
12	114	0.924369
12	137	1.05503
12	138	1.05592
12	161	1.05453
12	167	0.77922
12	170	1.04369
12	176	1.03534
13	38	0.934265
13	97	0.908964
13	101	0.956388
13	112	0.949993
13	115	0.940271
13	123	0.920702
13	134	1.64944
13	136	0.95168
13	146	0.975918
13	156	0.962464
13	157	0.947651
13	164	0.958707
13	168	0.968915
14	17	0.880557
14	19	0.868861
14	41	1.0441
14	89	1.03948
14	122	0.809786
14	134	1.03204
14	165	1.0502
14	171	1.0483
14	174	1.05679
14	175	1.05618
14	177	1.04518
14	178	1.05615
14	180	0.971572
15	73	0.913672
15	105	1.05764
15	139	1.03875
15	151	1.03379
15	153	1.02044
15	156	0.780292
15	160	0.8735
15	165	1.03955
15	167	1.0388
15	174	1.04614
15	175	1.04554
15	177	1.03454
15	179	1.04482
16	67	0.927301
16	112	0.87276
16	115	0.863037
16	123	0.843469
16	132	0.865359
16	146	2.61092
16	149	0.864643
16	154	0.85198
16	156	0.885231
16	157	0.870418
16	164	0.881473
16	168	0.891682
16	180	0.782648
17	14	0.880557
17	22	0.958273
17	36	0.922088
17	44	1.03689
17	99	1.00798
17	110	1.05505
17	121	1.08883
17	122	1.05644
17	162	1.05705
17	166	1.04331
17	170	1.05227
17	174	0.820349
17	176	1.04391
18	71	1.07302
18	108	1.04429
18	119	0.985423
18	125	1.01772
18	126	1.02542
18	127	1.0559
18	130	1.04737
18	133	1.06913
18	140	1.04102
18	153	0.380037
18	171	1.04072
18	175	0.37248
18	180	1.91642
19	14	0.868861
19	23	0.97404
19	45	0.844812
19	68	1.03238
19	129	1.06008
19	145	0.980073
19	155	1.05919
19	159	1.04329
19	160	1.07609
19	162	1.06725
19	166	1.05351
19	176	1.05411
19	179	0.90988
20	33	1.02258
20	84	0.822637
20	93	1.07341
20	108	0.488468
20	148	1.04452
20	149	1.24152
20	163	1.03971
20	165	1.03228
20	173	1.04619
20	175	1.03827
20	177	1.02727
20	178	1.03823
20	179	1.03755
21	52	1.00648
21	76	1.04161
21	103	1.041
21	107	0.981993
21	109	1.02243
21	143	0.947422
21	145	0.950847
21	155	1.02997
21	159	1.01407
21	160	1.04686
21	162	1.03802
21	166	1.02428
21	167	0.868531
21	176	1.02488
22	3	0.986878
22	7	0.97637
22	17	0.958273
22	68	0.894782
22	76	0.933236
22	129	0.92248
22	131	0.914159
22	138	0.937093
22	142	1.26125
22	159	0.905697
22	162	0.92965
22	170	0.924869
22	172	1.55867
22	176	0.916513
23	19	0.97404
23	35	0.943473
23	55	1.36541
23	96	0.90935
23	110	0.933217
23	138	0.942664
23	151	1.45705
23	155	0.927168
23	160	0.944065
23	161	0.941277
23	162	0.935222
23	166	0.921481
23	169	0.90596
23	176	0.922084
24	71	0.967352
24	72	0.896342
24	86	0.612435
24	108	0.938627
24	119	0.87976
24	124	2.26534
24	125	0.912054
24	126	0.919757
24	127	0.950233
24	130	0.941708
24	133	0.963462
24	135	0.960294
24	140	0.935355
24	171	0.935057
25	56	0.994127
25	78	1.03109
25	132	1.05083
25	136	0.854096
25	148	1.0286
25	163	1.02378
25	167	1.0156
25	171	1.01447
25	172	1.01471
25	175	1.02234
25	176	0.866731
25	177	1.01135
25	178	1.02231
25	179	1.02162
26	42	1.01953
26	44	0.570224
26	61	0.985414
26	77	1.03128
26	108	1.01862
26	124	1.34773
26	125	0.992047
26	127	1.03023
26	130	1.0217
26	133	1.04345
26	135	1.04029
26	140	1.01535
26	169	1.0021
26	180	1.01301
27	6	1.14659
27	33	1.02619
27	81	0.921037
27	90	1.01956
27	113	1.03641
27	135	0.214294
27	160	1.39092
27	171	1.034
27	173	1.0498
27	175	1.04187
27	177	1.03088
27	178	1.04184
27	179	1.04115
27	180	0.957263
28	58	0.998045
28	66	0.981424
28	80	0.580646
28	81	1.79115
28	117	1.06177
28	123	1.00422
28	141	1.01392
28	149	1.0254
28	156	1.04598
28	157	1.03117
28	164	1.04223
28	168	1.05244
28	177	0.462711
28	180	0.943402
29	7	0.812133
29	36	1.02893
29	90	1.00751
29	98	1.03662
29	142	1.05489
29	152	1.02067
29	153	1.00473
29	154	1.12345
29	166	0.847051
29	167	1.02308
29	174	1.03043
29	177	1.01883
29	179	1.0291
29	180	0.945214
30	38	0.913908
30	80	1.02254
30	91	0.98549
30	98	1.01979
30	132	0.923496
30	151	1.00125
30	153	0.987903
30	157	1.14969
30	163	1.01443
30	167	1.00625
30	172	1.00536
30	174	1.0136
30	175	1.013
30	177	1.002
30	180	0.928385
31	3	1.0619
31	65	0.966914
31	73	1.00575
31	86	1.18965
31	110	1.00267
31	121	1.03645
31	124	0.893839
31	138	1.01212
31	152	0.89846
31	153	0.971455
31	160	1.01352
31	161	1.01073
31	162	1.00467
31	170	0.999893
31	176	0.991537
32	46	0.986462
32	58	0.977781
32	83	0.996803
32	94	0.849077
32	112	1.01325
32	116	1.04582
32	136	1.01494
32	141	0.993652
32	147	1.01329
32	156	1.02572
32	158	0.976976
32	168	1.03217
32	173	0.937111
32	175	1.2512
32	180	0.923138
33	20	1.02258
33	27	1.02619
33	89	0.979166
33	105	1.00797
33	113	0.990412
33	121	0.857021
33	129	1.1211
33	142	1.02093
33	151	0.984127
33	159	0.986427
33	172	0.988237
33	173	1.00379
33	175	0.995872
33	177	0.984875
33	178	0.99584
34	36	1.00159
34	78	1.01124
34	128	0.983352
34	151	0.990746
34	152	0.993332
34	160	0.904506
34	165	0.996507
34	166	1.07609
34	172	0.994856
34	173	1.01041
34	174	1.0031
34	175	1.00249
34	177	0.991493
34	178	1.00246
34	179	1.00177
35	23	0.943473
35	37	1.01938
35	50	0.833807
35	76	1.04026
35	98	0.98765
35	120	1.01412
35	137	1.04324
35	155	1.02862
35	159	1.01273
35	161	1.04273
35	162	1.03668
35	170	1.0319
35	173	1.03579
35	176	1.02354
35	180	0.943633
36	17	0.922088
36	29	1.02893
36	34	1.00159
36	86	0.995194
36	102	0.962205
36	111	0.999662
36	137	0.92719
36	141	1.12817
36	151	0.998915
36	153	0.985568
36	165	1.00468
36	172	1.00303
36	177	0.999663
36	178	1.01063
36	179	1.00994
37	4	0.953194
37	35	1.01938
37	73	1.01221
37	96	0.985262
37	103	1.01411
37	104	0.99859
37	159	0.98718
37	161	1.01719
37	162	1.01113
37	166	0.997393
37	168	0.864049
37	170	1.00635
37	176	0.997996
37	178	1.03365
37	179	1.11458
38	1	1.05858
38	13	0.934265
38	30	0.913908
38	39	0.973764
38	101	1.01322
38	104	1.12807
38	106	1.01188
38	115	0.997108
38	123	0.977539
38	136	1.00852
38	141	0.987233
38	144	0.984307
38	154	0.98605
38	164	1.01554
38	168	1.02575
39	38	0.973764
39	89	0.989326
39	98	1.01282
39	105	1.01813
39	113	1.00057
39	132	0.983352
39	143	0.989291
39	151	0.994287
39	155	1.02371
39	158	0.975259
39	167	0.999291
39	173	1.01395
39	175	1.00603
39	177	0.995034
39	178	1.006
40	80	1.00895
40	88	0.996043
40	120	1.02089
40	129	1.01873
40	148	1.00566
40	152	0.990244
40	167	0.992662
40	168	1.0111
40	170	0.942435
40	172	0.991767
40	173	1.00733
40	174	1.00001
40	177	0.988405
40	178	0.999371
40	179	0.998682
41	14	1.0441
41	62	0.840124
41	67	0.899564
41	82	1.22792
41	89	0.982773
41	90	0.977164
41	94	1.04011
41	100	1.00503
41	114	0.997515
41	151	0.987734
41	153	0.974386
41	165	0.993495
41	175	0.999479
41	178	0.999447
41	179	0.998758
42	26	1.01953
42	61	0.970645
42	108	1.00385
42	118	0.944531
42	119	0.944983
42	125	0.977277
42	126	0.98498
42	127	1.01546
42	130	1.00693
42	133	1.02868
42	135	1.02552
42	140	1.00058
42	144	0.749553
42	146	1.02157
42	180	1.42595
43	12	0.936023
43	75	1.02733
43	100	1.00598
43	114	0.998462
43	121	1.01016
43	134	0.976285
43	142	1.02549
43	148	1.00668
43	153	0.975333
43	163	1.00187
43	173	1.00835
43	174	1.00103
43	175	1.00043
43	178	1.00039
43	179	0.999705
44	12	1.02831
44	17	1.03689
44	26	0.570224
44	82	0.986341
44	130	0.963868
44	140	1.38588
44	157	1.00299
44	159	0.984312
44	162	1.00827
44	164	1.01404
44	168	1.02425
44	174	1.00044
44	175	0.99983
44	179	0.999109
44	180	0.915219
45	19	0.844812
45	53	1.17137
45	56	0.985324
45	136	0.962623
45	152	1.00438
45	153	0.988447
45	163	1.01498
45	165	1.00756
45	172	1.0059
45	173	1.02146
45	174	1.01415
45	177	1.00254
45	178	1.01351
45	179	1.01282
45	180	0.92893
46	32	0.986462
46	62	0.89959
46	115	0.986048
46	116	1.02834
46	118	0.962694
46	132	0.98837
46	136	0.997458
46	141	0.976173
46	146	0.934476
46	149	0.987654
46	154	0.974991
46	156	1.00824
46	157	0.993429
46	164	1.00448
46	178	1.3786
46	180	0.905659
47	82	0.936323
47	85	1.06278
47	88	1.07448
47	111	1.06684
47	129	0.865562
47	137	0.621236
47	143	1.06109
47	145	0.999098
47	159	0.730885
47	163	1.07927
47	167	1.07109
47	173	1.08576
47	175	1.07784
47	177	1.06684
47	178	1.0778
47	179	1.07711
48	9	0.927597
48	97	0.948908
48	106	0.994989
48	115	0.980214
48	117	1.0182
48	136	0.991624
48	142	0.967791
48	147	0.989981
48	149	0.98182
48	154	0.969157
48	156	1.00241
48	157	0.987595
48	164	0.99865
48	168	1.00886
48	174	1.25592
48	176	0.983565
49	4	0.947831
49	54	0.913267
49	75	1.00362
49	76	1.00936
49	100	0.861771
49	107	0.949743
49	114	1.23028
49	159	0.981817
49	160	1.01461
49	161	1.01183
49	162	1.00577
49	166	0.992029
49	169	0.976508
49	170	1.00099
49	176	0.992633
49	179	1.1387
50	8	0.684974
50	35	0.833807
50	94	0.857755
50	109	0.81389
50	121	0.857332
50	124	0.71472
50	137	0.832113
50	141	0.803024
50	145	0.738383
50	146	0.830532
50	152	0.807961
50	156	0.835092
50	164	0.831334
50	172	0.809485
50	178	0.817088
50	180	0.73251
51	66	1.02256
51	82	1.05566
51	91	0.936335
51	101	1.08104
51	114	0.877131
51	117	1.10291
51	132	1.06725
51	136	1.07633
51	141	1.05505
51	149	1.06653
51	154	1.05387
51	156	1.08712
51	163	0.728922
51	164	1.08336
51	169	1.04832
51	178	0.704615
52	6	1.01382
52	21	1.00648
52	84	1.02845
52	99	0.947817
52	102	1.47532
52	103	0.999865
52	118	0.960875
52	120	0.808705
52	131	0.981395
52	159	0.972933
52	160	1.00573
52	161	1.00294
52	167	0.96129
52	170	0.992105
52	176	0.983749
52	180	0.90384
53	45	1.17137
53	71	1.01111
53	99	0.946059
53	100	0.959511
53	110	0.993124
53	113	1.0841
53	122	0.994522
53	131	0.979637
53	137	1.00169
53	155	0.987074
53	158	0.955921
53	159	0.971175
53	161	1.00118
53	162	0.995129
53	166	0.981388
53	176	0.981991
54	49	0.913267
54	57	0.914407
54	69	0.879959
54	84	0.96749
54	119	0.864314
54	123	1.77132
54	127	0.934787
54	133	0.948016
54	140	0.919909
54	151	0.915744
54	155	0.927871
54	156	1.40736
54	174	0.928096
54	177	0.916492
54	179	0.926769
54	180	0.842879
55	23	1.36541
55	57	0.977375
55	68	1.05378
55	111	0.979459
55	114	0.988493
55	143	0.973717
55	152	0.981299
55	162	0.757464
55	163	0.991897
55	167	0.983717
55	171	0.982579
55	172	0.982822
55	173	0.99838
55	174	0.991065
55	177	0.97946
55	179	0.989737
56	25	0.994127
56	45	0.985324
56	63	1.28972
56	85	0.968285
56	92	1.0056
56	94	1.02397
56	135	0.328348
56	137	1.51533
56	142	1.0084
56	143	0.966599
56	153	0.958247
56	171	0.975462
56	172	0.975705
56	177	0.972343
56	178	0.983308
56	179	0.982619
57	54	0.914407
57	55	0.977375
57	69	1.26242
57	70	0.961242
57	73	0.964139
57	90	0.976159
57	134	0.974333
57	137	0.934324
57	142	1.02353
57	152	0.989315
57	167	0.991733
57	172	0.990838
57	173	1.0064
57	175	0.998474
57	178	0.998442
57	179	0.997753
58	28	0.998045
58	32	0.977781
58	67	1.04163
58	77	1.00119
58	106	0.992141
58	116	1.01966
58	132	0.979689
58	141	0.967493
58	148	1.04111
58	154	0.96631
58	157	0.984748
58	164	0.995803
58	168	1.00601
58	171	0.973711
58	172	1.19043
58	180	0.896979
59	63	1.02445
59	75	1.04444
59	125	0.949521
59	126	0.957223
59	135	0.99776
59	140	0.972821
59	152	0.971243
59	154	0.965123
59	157	0.983561
59	159	1.15668
59	163	0.981841
59	169	0.959575
59	174	0.981009
59	175	0.980402
59	176	1.16068
59	179	0.979681
59	180	0.895791
60	12	1.07405
60	62	1.06988
60	76	1.05758
60	78	0.79831
60	95	1.06499
60	103	1.05698
60	107	0.997971
60	138	1.06144
60	143	0.972958
60	147	0.878542
60	151	0.796345
60	159	1.03005
60	160	1.06284
60	161	1.06005
60	162	1.054
60	170	1.04922
60	180	0.960953
61	2	1.04333
61	26	0.985414
61	42	0.970645
61	108	0.969736
61	119	0.910868
61	125	0.943163
61	126	0.950865
61	127	0.981341
61	130	0.972816
61	133	0.99457
61	135	0.991402
61	140	0.966463
61	150	1.07615
61	158	0.983665
61	169	0.953217
61	171	0.966165
61	180	1.45751
62	41	0.840124
62	46	0.89959
62	60	1.06988
62	73	1.04539
62	92	1.05814
62	95	1.0553
62	104	1.03176
62	113	0.701635
62	122	1.0437
62	128	1.03818
62	137	1.05086
62	138	1.05175
62	159	1.02035
62	160	1.05315
62	161	1.05036
62	175	0.98358
62	176	1.03117
63	56	1.28972
63	59	1.02445
63	80	0.86718
63	83	1.04466
63	94	0.428552
63	97	1.02008
63	112	1.0611
63	116	1.09367
63	123	1.03181
63	134	0.84953
63	136	1.06279
63	141	1.04151
63	154	1.04032
63	157	1.05876
63	164	1.06982
63	168	1.08003
63	180	0.970994
64	81	0.875093
64	94	1.19006
64	107	0.948338
64	110	1.00236
64	116	1.02219
64	124	0.893529
64	128	0.998238
64	131	0.988874
64	137	1.01092
64	141	1.17633
64	161	1.01042
64	162	1.00437
64	166	0.990624
64	169	0.975103
64	170	0.999583
64	176	0.991228
64	180	0.911319
65	31	0.966914
65	103	0.993646
65	104	0.978124
65	107	0.93464
65	110	0.988662
65	128	0.98454
65	148	0.976104
65	159	0.966714
65	161	0.996723
65	162	0.990667
65	165	1.19497
65	166	0.976926
65	169	0.961405
65	170	0.985885
65	176	0.97753
65	177	1.26555
65	180	0.897621
66	28	0.981424
66	51	1.02256
66	67	1.02501
66	88	1.04426
66	101	0.976863
66	106	0.97552
66	112	0.970469
66	115	0.960746
66	123	0.941178
66	132	0.963068
66	149	0.962352
66	153	1.24278
66	156	0.98294
66	157	0.968126
66	168	0.98939
66	177	1.15379
66	180	0.880357
67	16	0.927301
67	41	0.899564
67	58	1.04163
67	66	1.02501
67	71	0.752398
67	83	1.06065
67	97	1.03607
67	115	1.06738
67	123	1.04781
67	141	1.0575
67	149	1.06898
67	154	1.05632
67	157	1.07476
67	164	1.08581
67	169	1.05077
67	172	0.821466
67	177	0.961587
68	19	1.03238
68	22	0.894782
68	55	1.05378
68	73	0.994639
68	99	0.94449
68	100	1.01979
68	103	0.996538
68	107	0.937532
68	128	0.987432
68	138	1.001
68	144	0.968101
68	159	0.969605
68	161	0.999614
68	162	0.993559
68	166	0.979818
68	177	1.34489
68	180	0.900513
69	3	1.02969
69	54	0.879959
69	57	1.26242
69	95	0.983457
69	110	0.970457
69	122	0.971856
69	129	0.965291
69	131	0.956971
69	137	0.979019
69	155	0.964408
69	158	0.933254
69	160	0.981305
69	161	0.978517
69	163	1.19815
69	166	0.958721
69	170	0.96768
69	172	1.16283
69	180	0.879416
70	57	0.961242
70	78	0.983074
70	85	0.95927
70	114	0.972361
70	131	1.12203
70	145	0.895588
70	148	0.980578
70	151	0.96258
70	163	0.975765
70	167	0.967585
70	168	1.20571
70	169	1.23788
70	172	0.96669
70	175	0.974326
70	177	0.963328
70	178	0.974294
70	179	0.973605
70	180	0.889715
71	18	1.07302
71	24	0.967352
71	53	1.01111
71	67	0.752398
71	102	0.987518
71	112	0.903738
71	116	0.812518
71	128	1.03828
71	133	1.0565
71	135	1.05333
71	140	1.02839
71	149	1.10161
71	151	1.02423
71	163	1.03741
71	166	1.03067
71	176	1.03127
71	177	1.02498
71	178	1.03594
72	24	0.896342
72	87	1.28711
72	107	1.37004
72	113	0.959503
72	114	0.962999
72	119	0.901788
72	122	1.10698
72	125	0.934082
72	135	0.982322
72	140	0.957382
72	149	0.962347
72	151	0.953218
72	154	0.949684
72	156	0.982935
72	157	0.968122
72	168	0.989386
72	174	0.96557
72	177	0.953966
72	180	0.880353
73	3	1.08673
73	6	1.04644
73	15	0.913672
73	31	1.00575
73	37	1.01221
73	57	0.964139
73	62	1.04539
73	68	0.994639
73	95	1.0405
73	104	1.01696
73	124	0.918672
73	131	1.01402
73	159	1.00555
73	161	1.03556
73	170	1.02473
73	172	0.864551
73	175	1.0861
73	176	1.01637
73	180	0.936462
74	94	1.05921
74	112	0.825302
74	119	0.955401
74	122	1.02641
74	126	0.995398
74	130	1.01735
74	131	1.01152
74	135	1.03594
74	141	0.888214
74	154	1.12486
74	155	1.01896
74	166	1.01327
74	168	0.92393
74	169	0.99775
74	172	1.01094
74	176	1.01387
74	177	1.00758
74	178	1.01855
74	179	1.01786
75	43	1.02733
75	49	1.00362
75	59	1.04444
75	84	1.05784
75	99	0.977207
75	121	1.05805
75	122	1.02567
75	129	1.01911
75	131	1.01079
75	139	0.885285
75	144	1.00082
75	155	1.01822
75	159	1.00232
75	160	1.03512
75	161	1.03233
75	163	0.867466
75	166	1.01254
75	176	1.01314
75	180	0.93323
76	11	0.774942
76	21	1.04161
76	22	0.933236
76	35	1.04026
76	49	1.00936
76	60	1.05758
76	85	0.938445
76	99	0.982944
76	128	1.02589
76	129	1.02484
76	159	1.00806
76	160	1.04086
76	162	1.03201
76	166	1.01827
76	170	1.02723
76	175	1.1286
76	176	1.01888
76	179	0.998985
76	180	0.938968
77	26	1.03128
77	58	1.00119
77	84	1.05991
77	119	0.956731
77	123	0.905886
77	128	1.02222
77	130	1.01868
77	133	1.04043
77	140	1.01233
77	149	0.981431
77	151	1.00816
77	155	1.02029
77	168	0.882189
77	174	1.02051
77	175	1.01991
77	176	1.0152
77	178	1.01987
77	179	1.01919
77	180	0.935296
78	25	1.03109
78	34	1.01124
78	60	0.79831
78	70	0.983074
78	80	1.02985
78	86	1.00484
78	134	0.996164
78	141	0.978336
78	146	1.03372
78	151	1.00856
78	152	1.01115
78	153	0.995212
78	165	1.01432
78	169	1.04622
78	170	0.945388
78	172	1.01267
78	173	1.02823
78	175	1.02031
78	179	1.01958
79	8	0.901617
79	97	1.19121
79	111	1.02276
79	136	0.920331
79	143	1.01702
79	151	1.02202
79	152	1.0246
79	153	1.00867
79	156	0.715754
79	165	1.02778
79	167	1.02702
79	173	1.04168
79	174	1.03437
79	175	1.03376
79	176	0.932966
79	177	1.02277
79	178	1.03373
79	179	1.03304
79	180	0.949152
80	28	0.580646
80	30	1.02254
80	40	1.00895
80	63	0.86718
80	78	1.02985
80	85	1.00604
80	101	1.25347
80	102	0.972644
80	142	1.04616
80	143	1.00436
80	144	1.00408
80	152	1.01194
80	158	0.990328
80	160	1.08243
80	163	1.02254
80	173	1.02902
80	177	1.0101
80	178	1.02107
80	179	1.02038
81	5	0.768745
81	7	0.945876
81	27	0.921037
81	28	1.79115
81	64	0.875093
81	121	0.930932
81	126	0.867542
81	130	0.889492
81	131	0.883664
81	135	0.908079
81	140	0.883139
81	148	0.896973
81	156	2.19974
81	160	0.907998
81	163	0.892159
81	171	0.882842
81	176	0.886018
81	177	0.879723
81	178	0.890688
81	179	0.889999
82	41	1.22792
82	44	0.986341
82	47	0.936323
82	51	1.05566
82	106	1.00862
82	116	1.03614
82	123	0.974278
82	132	0.996168
82	136	1.00526
82	146	0.716708
82	147	1.00361
82	149	0.995452
82	154	0.982789
82	156	1.01604
82	157	1.00123
82	164	1.01228
82	168	1.02249
82	171	0.99019
82	174	1.14054
82	180	0.913458
83	32	0.996803
83	63	1.04466
83	67	1.06065
83	92	0.821318
83	106	1.01116
83	111	1.08768
83	112	1.00611
83	116	1.03868
83	123	0.976821
83	124	0.898211
83	141	0.986515
83	144	0.983588
83	149	0.997995
83	152	1.14991
83	154	0.985332
83	157	1.00377
83	158	0.969839
83	164	1.01483
83	168	1.02503
83	174	0.984507
84	20	0.822637
84	52	1.02845
84	54	0.96749
84	75	1.05784
84	77	1.05991
84	92	1.07382
84	95	1.07099
84	96	1.03412
84	104	1.04745
84	131	1.0445
84	134	0.992199
84	137	1.06655
84	147	0.774642
84	155	1.05194
84	160	1.06884
84	161	1.06605
84	162	1.05999
84	165	0.821334
84	170	1.05521
84	176	1.04686
84	179	0.843734
85	5	0.874526
85	47	1.06278
85	56	0.968285
85	70	0.95927
85	76	0.938445
85	80	1.00604
85	91	0.968996
85	106	1.04901
85	120	1.01799
85	134	0.97236
85	142	1.02156
85	146	1.00991
85	149	1.20208
85	151	0.984756
85	159	0.975787
85	167	0.98976
85	172	0.988866
85	174	0.997108
85	175	0.996501
85	177	0.985504
85	179	0.99578
86	5	0.874116
86	24	0.612435
86	31	1.18965
86	36	0.995194
86	78	1.00484
86	100	1.00164
86	105	1.00819
86	111	0.985092
86	119	0.722649
86	139	0.989306
86	147	1.00164
86	148	1.00234
86	151	0.984346
86	155	1.62015
86	171	0.988212
86	172	0.988455
86	173	1.00401
86	175	0.996091
86	177	0.985093
86	178	0.996059
86	179	0.99537
87	7	1.04447
87	12	1.01779
87	72	1.28711
87	96	0.971874
87	99	0.948677
87	103	1.00072
87	110	0.995741
87	129	0.990575
87	137	1.0043
87	144	0.972287
87	146	1.00272
87	151	0.87965
87	155	0.989692
87	160	1.00659
87	161	1.0038
87	167	0.977373
87	169	0.968484
87	170	0.992964
87	171	1.0898
87	176	0.984608
87	180	0.9047
88	5	0.886222
88	40	0.996043
88	47	1.07448
88	66	1.04426
88	120	1.02968
88	124	0.905797
88	128	0.933811
88	134	0.984056
88	142	1.03326
88	145	0.92946
88	150	0.942003
88	152	0.999039
88	153	0.983105
88	155	1.20343
88	163	1.00964
88	165	1.00221
88	172	1.00056
88	174	1.0088
88	176	0.978971
88	178	1.00817
88	179	1.00748
89	1	0.965976
89	14	1.03948
89	33	0.979166
89	39	0.989326
89	41	0.982773
89	90	0.972536
89	95	0.86073
89	98	1.00164
89	111	0.983852
89	152	0.985692
89	159	1.16344
89	161	1.17225
89	163	0.99629
89	165	0.988866
89	167	0.98811
89	173	1.00277
89	174	0.995458
89	175	0.994851
89	178	0.994819
89	179	0.99413
89	180	0.91024
90	27	1.01956
90	29	1.00751
90	41	0.977164
90	57	0.976159
90	89	0.972536
90	110	1.06895
90	117	0.89972
90	120	1.01073
90	122	0.881111
90	148	0.995495
90	151	0.977497
90	152	0.980083
90	155	1.29509
90	163	0.990681
90	165	0.983258
90	167	0.982501
90	172	0.981607
90	175	0.989242
90	177	0.978245
90	178	0.98921
90	179	0.988521
91	30	0.98549
91	51	0.936335
91	85	0.968996
91	93	1.0192
91	98	0.990844
91	102	0.935595
91	105	0.99615
91	112	1.21553
91	114	0.982087
91	117	1.0202
91	148	0.990303
91	152	0.974892
91	163	0.98549
91	165	0.978067
91	172	0.976416
91	173	0.991973
91	174	0.984658
91	176	1.19111
91	177	0.973053
91	178	0.984019
91	179	0.98333
91	180	0.899441
92	56	1.0056
92	62	1.05814
92	83	0.821318
92	84	1.07382
92	116	0.709113
92	126	1.01064
92	127	1.04112
92	130	1.03259
92	133	1.05435
92	134	1.00968
92	135	1.05118
92	140	1.02624
92	154	1.09989
92	155	1.0342
92	156	0.558698
92	157	1.18621
92	161	1.04831
92	163	1.03526
92	175	1.03382
92	176	1.02912
92	177	1.02282
92	179	1.0331
93	20	1.07341
93	91	1.0192
93	98	1.0535
93	102	0.998246
93	120	1.06819
93	121	0.709582
93	124	0.944302
93	134	1.02256
93	143	1.02996
93	148	1.05295
93	151	1.03496
93	161	0.847806
93	165	1.04072
93	166	0.89057
93	167	1.03996
93	169	0.998207
93	170	0.897374
93	172	1.03907
93	173	1.05462
93	177	1.0357
93	178	1.04667
93	179	1.04598
94	11	1.07306
94	32	0.849077
94	41	1.04011
94	50	0.857755
94	56	1.02397
94	63	0.428552
94	64	1.19006
94	74	1.05921
94	98	1.05898
94	100	1.05775
94	102	1.00374
94	120	1.07368
94	134	1.02805
94	149	0.990105
94	153	1.0271
94	165	1.04621
94	167	1.04545
94	169	0.923031
94	173	1.06011
94	177	1.04119
94	178	1.05216
94	179	1.05147
95	60	1.06499
95	62	1.0553
95	69	0.983457
95	73	1.0405
95	84	1.07099
95	89	0.86073
95	102	1.19409
95	114	0.825203
95	122	1.03882
95	129	1.03225
95	138	1.04687
95	155	1.03137
95	158	1.00021
95	159	1.01547
95	160	1.04827
95	161	1.04548
95	162	1.03942
95	166	1.02568
95	170	1.03464
95	171	0.792478
95	176	1.02629
95	177	0.7818
96	4	0.944617
96	23	0.90935
96	37	0.985262
96	84	1.03412
96	87	0.971874
96	104	0.990013
96	107	0.946529
96	110	1.00055
96	131	0.987065
96	139	1.13705
96	155	0.994502
96	158	0.963348
96	160	1.0114
96	162	1.00256
96	166	0.988815
96	169	0.973294
96	170	0.997774
96	173	0.991376
96	176	0.989419
96	177	1.22403
96	178	1.09492
96	180	0.90951
97	9	0.919189
97	13	0.908964
97	48	0.948908
97	63	1.02008
97	67	1.03607
97	79	1.19121
97	116	1.0141
97	117	1.00979
97	132	0.974129
97	136	0.983216
97	145	0.897291
97	147	0.981573
97	149	0.973413
97	150	0.909834
97	156	0.994
97	157	0.979187
97	160	0.80098
97	164	0.990243
97	168	1.00045
97	171	0.96815
97	174	1.19734
97	175	1.42818
97	180	0.891418
98	29	1.03662
98	30	1.01979
98	35	0.98765
98	39	1.01282
98	89	1.00164
98	91	0.990844
98	93	1.0535
98	94	1.05898
98	99	1.16694
98	105	1.03045
98	114	1.01639
98	116	0.740911
98	131	0.847085
98	142	1.04341
98	147	1.02389
98	148	1.0246
98	161	0.812528
98	163	1.01979
98	165	1.01237
98	167	1.01161
98	177	1.00735
98	178	1.01832
98	179	1.01763
99	8	0.838777
99	12	0.999406
99	17	1.00798
99	52	0.947817
99	53	0.946059
99	68	0.94449
99	75	0.977207
99	76	0.982944
99	87	0.948677
99	98	1.16694
99	104	0.966815
99	105	1.16308
99	107	0.923331
99	122	0.978752
99	131	0.963867
99	146	0.984335
99	148	1.15829
99	150	0.904728
99	160	0.988201
99	161	0.985414
99	162	0.979358
99	166	0.965617
99	167	1.34599
99	176	0.966221
100	5	0.895136
100	11	1.03798
100	41	1.00503
100	43	1.00598
100	49	0.861771
100	53	0.959511
100	68	1.01979
100	86	1.00164
100	94	1.05775
100	104	1.05023
100	105	1.02921
100	109	1.01388
100	142	1.04217
100	143	1.00037
100	146	1.03052
100	153	0.992018
100	164	0.906611
100	165	1.01113
100	167	1.01037
100	172	1.00948
100	174	1.01772
100	175	1.01711
100	177	1.00611
100	179	1.01639
101	8	0.891307
101	13	0.956388
101	38	1.01322
101	51	1.08104
101	66	0.976863
101	80	1.25347
101	105	0.850882
101	106	1.034
101	115	1.01923
101	116	1.06152
101	123	0.999662
101	132	1.02155
101	136	1.03064
101	137	0.600123
101	141	1.00936
101	145	0.944715
101	149	1.02084
101	154	1.00817
101	156	1.04142
101	157	1.02661
101	163	1.03073
101	168	1.04787
101	171	1.01557
101	179	1.08736
102	36	0.962205
102	52	1.47532
102	71	0.987518
102	80	0.972644
102	91	0.935595
102	93	0.998246
102	94	1.00374
102	95	1.19409
102	105	0.9752
102	126	0.454561
102	129	1.63147
102	134	0.93896
102	146	0.976513
102	151	0.951356
102	158	0.932328
102	167	0.95636
102	172	0.955466
102	173	0.971023
102	174	0.963708
102	175	0.963101
102	177	0.952103
102	178	0.963069
102	179	0.96238
102	180	0.87849
103	8	0.890825
103	21	1.041
103	37	1.01411
103	52	0.999865
103	60	1.05698
103	65	0.993646
103	68	0.996538
103	87	1.00072
103	104	1.01886
103	107	0.97538
103	122	1.0308
103	137	1.03796
103	138	1.03885
103	139	0.9256
103	152	1.02858
103	158	0.992199
103	159	1.00745
103	161	1.03746
103	162	1.03141
103	163	0.90778
103	166	1.01767
103	167	0.91084
103	175	1.09402
103	176	1.01827
104	12	1.03593
104	37	0.99859
104	38	1.12807
104	62	1.03176
104	65	0.978124
104	73	1.01696
104	84	1.04745
104	96	0.990013
104	99	0.966815
104	100	1.05023
104	103	1.01886
104	128	1.00976
104	132	1.13766
104	137	1.02244
104	140	0.0683577
104	146	1.02086
104	155	1.00783
104	159	0.991931
104	160	1.02473
104	161	1.02194
104	166	1.00214
104	170	1.0111
104	171	1.38601
104	176	1.00275
105	15	1.05764
105	33	1.00797
105	39	1.01813
105	86	1.00819
105	91	0.99615
105	98	1.03045
105	99	1.16308
105	100	1.02921
105	101	0.850882
105	102	0.9752
105	106	0.873072
105	118	0.99608
105	123	0.950599
105	143	1.00692
105	144	1.00663
105	150	0.957461
105	151	1.01191
105	153	0.998563
105	168	0.926902
105	172	1.01602
105	174	1.02426
105	177	1.01266
105	178	1.02362
105	179	1.02293
106	38	1.01188
106	48	0.994989
106	58	0.992141
106	66	0.97552
106	82	1.00862
106	83	1.01116
106	85	1.04901
106	101	1.034
106	105	0.873072
106	112	1.02761
106	132	1.02021
106	141	1.00801
106	144	1.00509
106	146	0.584491
106	149	1.01949
106	153	1.24672
106	156	1.04008
106	157	1.02527
106	158	0.991336
106	164	1.03632
106	165	1.08715
106	168	1.04653
106	171	1.01423
106	180	0.937499
107	21	0.981993
107	49	0.949743
107	60	0.997971
107	64	0.948338
107	65	0.93464
107	68	0.937532
107	72	1.37004
107	96	0.946529
107	99	0.923331
107	103	0.97538
107	121	1.00418
107	122	0.971794
107	137	0.978958
107	138	0.979843
107	143	1.13919
107	155	0.964346
107	157	1.15058
107	159	0.948447
107	160	0.981243
107	161	0.978456
107	166	0.95866
107	176	0.959263
107	177	1.16204
107	180	0.879355
108	2	1.07654
108	10	0.951499
108	18	1.04429
108	20	0.488468
108	24	0.938627
108	26	1.01862
108	42	1.00385
108	61	0.969736
108	119	0.944073
108	125	0.976368
108	126	0.98407
108	127	1.01455
108	130	1.00602
108	133	1.02777
108	135	1.02461
108	139	1.00046
108	140	0.999668
108	144	1.50672
108	145	1.9119
108	146	1.02066
108	147	1.01279
108	157	0.546275
108	169	0.986422
108	171	0.99937
108	175	0.639177
109	6	0.772328
109	21	1.02243
109	50	0.81389
109	100	1.01388
109	117	1.04209
109	122	0.951136
109	125	0.977446
109	126	0.985148
109	127	1.01562
109	130	1.0071
109	132	1.00643
109	133	1.02885
109	135	1.02569
109	137	1.02701
109	140	1.00075
109	148	1.01458
109	156	1.0263
109	158	0.977554
109	163	1.00977
109	166	1.18824
109	168	1.03275
109	174	1.00893
109	177	0.997329
109	178	1.00829
109	179	1.00761
110	17	1.05505
110	23	0.933217
110	31	1.00267
110	53	0.993124
110	64	1.00236
110	65	0.988662
110	69	0.970457
110	87	0.995741
110	90	1.06895
110	96	1.00055
110	120	0.832488
110	128	1.0203
110	137	1.03298
110	138	1.03387
110	145	0.93925
110	152	1.10281
110	155	1.01837
110	160	1.03527
110	166	1.01268
110	169	0.997161
110	170	1.02164
110	176	1.01329
110	177	1.08682
110	178	0.957706
110	180	0.933377
111	1	0.840816
111	36	0.999662
111	47	1.06684
111	55	0.979459
111	79	1.02276
111	83	1.08768
111	86	0.985092
111	89	0.983852
111	113	0.995098
111	120	1.02204
111	134	0.976417
111	136	1.02964
111	139	0.993774
111	152	0.991399
111	160	0.91827
111	163	1.002
111	165	0.994574
111	166	1.08986
111	167	0.993817
111	172	0.992923
111	173	1.00848
111	174	1.00116
111	175	1.00056
111	177	0.989561
111	178	1.00053
112	9	0.960218
112	13	0.949993
112	16	0.87276
112	32	1.01325
112	63	1.0611
112	66	0.970469
112	71	0.903738
112	74	0.825302
112	83	1.00611
112	91	1.21553
112	106	1.02761
112	115	1.01284
112	116	1.05513
112	117	1.05082
112	136	1.02425
112	141	1.00296
112	149	1.01444
112	150	0.950863
112	153	1.20192
112	154	1.00178
112	157	1.02022
112	164	1.03127
112	168	1.04148
112	173	0.880269
112	180	0.932447
113	27	1.03641
113	33	0.990412
113	39	1.00057
113	53	1.0841
113	62	0.701635
113	72	0.959503
113	111	0.995098
113	115	1.00386
113	120	1.02758
113	143	0.989356
113	144	0.989074
113	148	1.01235
113	151	0.994351
113	152	0.996938
113	153	0.981004
113	157	1.29829
113	163	1.00754
113	165	1.00011
113	167	0.999355
113	172	0.998461
113	173	1.01402
113	174	1.0067
113	176	0.887992
113	177	0.995099
113	178	1.00606
114	12	0.924369
114	41	0.997515
114	43	0.998462
114	49	1.23028
114	51	0.877131
114	55	0.988493
114	70	0.972361
114	72	0.962999
114	91	0.982087
114	95	0.825203
114	98	1.01639
114	142	1.03465
114	143	0.992852
114	148	1.01584
114	152	1.00043
114	153	0.9845
114	163	1.01103
114	165	1.00361
114	172	1.00196
114	174	1.0102
114	175	1.00959
114	176	1.13191
114	177	0.998595
114	178	1.00956
114	179	1.00887
115	13	0.940271
115	16	0.863037
115	38	0.997108
115	46	0.986048
115	48	0.980214
115	66	0.960746
115	67	1.06738
115	101	1.01923
115	112	1.01284
115	113	1.00386
115	117	1.0411
115	123	0.983545
115	132	1.00543
115	136	1.01452
115	145	0.928597
115	147	1.01288
115	149	1.00472
115	154	0.992056
115	156	1.02531
115	157	1.01049
115	165	1.13379
115	168	1.03176
115	172	1.06425
115	173	0.971713
115	178	1.07526
115	180	0.922724
116	32	1.04582
116	46	1.02834
116	58	1.01966
116	63	1.09367
116	64	1.02219
116	71	0.812518
116	82	1.03614
116	83	1.03868
116	92	0.709113
116	97	1.0141
116	98	0.740911
116	101	1.06152
116	112	1.05513
116	117	1.08339
116	123	1.02583
116	141	1.03553
116	149	1.04701
116	150	0.98343
116	154	1.03435
116	157	1.05278
116	163	0.916901
116	164	1.06384
116	168	1.07405
116	171	1.04175
116	177	1.02171
116	180	0.965014
117	28	1.06177
117	48	1.0182
117	51	1.10291
117	90	0.89972
117	91	1.0202
117	97	1.00979
117	109	1.04209
117	112	1.05082
117	115	1.0411
117	116	1.08339
117	123	1.02153
117	124	0.942917
117	136	1.05251
117	141	1.03122
117	149	1.0427
117	153	1.00658
117	154	1.03004
117	156	1.06329
117	158	1.01454
117	164	1.05953
117	168	1.06974
117	169	1.02449
117	171	1.03744
117	173	0.684934
117	174	0.768187
117	179	0.869413
118	42	0.944531
118	46	0.962694
118	52	0.960875
118	105	0.99608
118	121	1.02419
118	122	0.99181
118	125	1.24143
118	126	1.18622
118	128	0.986289
118	131	0.976925
118	132	0.982081
118	133	0.936542
118	135	0.931826
118	149	0.981365
118	156	1.00195
118	164	0.998195
118	165	0.977996
118	168	1.0084
118	170	0.987634
118	171	0.976102
118	174	0.984587
118	175	0.983981
118	176	0.979279
118	177	0.972983
118	178	0.983949
118	179	0.98326
118	180	0.89937
119	2	1.01767
119	10	0.892631
119	18	0.985423
119	24	0.87976
119	42	0.944983
119	54	0.864314
119	61	0.910868
119	72	0.901788
119	74	0.955401
119	77	0.956731
119	86	0.722649
119	108	0.944073
119	125	0.9175
119	126	0.925203
119	127	0.955679
119	130	0.947153
119	133	0.968907
119	135	0.96574
119	139	0.941597
119	140	0.9408
119	144	1.36443
119	145	1.76961
119	146	0.961793
119	147	0.953926
119	150	1.65948
119	169	0.927555
119	171	0.940503
120	1	0.632715
120	4	1.1451
120	11	1.05391
120	35	1.01412
120	40	1.02089
120	52	0.808705
120	85	1.01799
120	88	1.02968
120	90	1.01073
120	93	1.06819
120	94	1.07368
120	110	0.832488
120	111	1.02204
120	113	1.02758
120	134	1.0089
120	142	1.0581
120	143	1.0163
120	148	1.0393
120	152	1.02388
120	167	1.0263
120	168	0.957225
120	174	1.03365
120	175	1.03304
120	177	1.02205
120	178	1.03301
120	179	1.03232
120	180	0.948433
121	3	1.11743
121	4	1.00227
121	6	1.07714
121	17	1.08883
121	31	1.03645
121	33	0.857021
121	43	1.01016
121	50	0.857332
121	75	1.05805
121	81	0.930932
121	93	0.709582
121	107	1.00418
121	118	1.02419
121	128	1.05408
121	129	1.05303
121	131	1.04471
121	145	0.973032
121	153	1.04409
121	155	1.05215
121	159	1.03625
121	160	1.06905
121	162	1.0602
121	163	0.850294
121	166	1.04646
121	171	0.965778
121	176	1.04707
121	180	0.967159
122	1	1.07664
122	3	1.08505
122	6	1.04475
122	14	0.809786
122	17	1.05644
122	53	0.994522
122	62	1.0437
122	69	0.971856
122	72	1.10698
122	74	1.02641
122	75	1.02567
122	90	0.881111
122	95	1.03882
122	99	0.978752
122	103	1.0308
122	107	0.971794
122	109	0.951136
122	118	0.99181
122	129	1.02065
122	131	1.01233
122	155	1.01977
122	159	1.00387
122	161	1.03388
122	170	1.02304
122	175	0.980415
122	176	1.01468
122	177	0.898983
122	180	0.934775
123	13	0.920702
123	16	0.843469
123	28	1.00422
123	38	0.977539
123	54	1.77132
123	63	1.03181
123	66	0.941178
123	67	1.04781
123	77	0.905886
123	82	0.974278
123	83	0.976821
123	101	0.999662
123	105	0.950599
123	115	0.983545
123	116	1.02583
123	117	1.02153
123	124	0.885366
123	132	0.985867
123	134	1.33554
123	139	0.980983
123	146	0.662017
123	147	0.993312
123	150	0.921572
123	154	0.972488
123	156	1.00574
123	157	0.990926
123	168	1.01219
123	180	0.903156
124	24	2.26534
124	26	1.34773
124	31	0.893839
124	50	0.71472
124	64	0.893529
124	73	0.918672
124	83	0.898211
124	88	0.905797
124	93	0.944302
124	117	0.942917
124	123	0.885366
124	129	0.910421
124	132	0.907256
124	135	1.74797
124	142	0.934216
124	146	0.922568
124	154	0.893877
124	157	0.912315
124	160	0.926435
124	166	0.903851
124	167	0.902415
124	168	0.933579
124	175	0.909156
124	176	0.904454
124	178	0.909124
124	179	0.908435
124	180	0.824546
125	1	1.03793
125	2	1.04997
125	10	0.924926
125	18	1.01772
125	24	0.912054
125	26	0.992047
125	42	0.977277
125	59	0.949521
125	61	0.943163
125	72	0.934082
125	108	0.976368
125	109	0.977446
125	118	1.24143
125	119	0.9175
125	126	0.957497
125	127	0.987973
125	130	0.979448
125	133	1.0012
125	135	0.998034
125	139	0.973891
125	140	0.973095
125	147	0.986221
125	150	1.3415
125	158	1.24901
125	169	0.959849
125	171	0.972797
125	175	0.178912
125	180	1.72285
126	5	2.36419
126	10	0.932628
126	18	1.02542
126	24	0.919757
126	42	0.98498
126	59	0.957223
126	61	0.950865
126	74	0.995398
126	81	0.867542
126	92	1.01064
126	102	0.454561
126	108	0.98407
126	109	0.985148
126	118	1.18622
126	119	0.925203
126	125	0.957497
126	127	0.995676
126	130	0.987151
126	133	1.0089
126	135	1.00574
126	139	0.981594
126	140	0.980797
126	146	1.00179
126	147	0.993923
126	155	0.000886875
126	169	0.967552
126	171	0.9805
126	180	1.66765
127	1	1.0761
127	10	0.963104
127	18	1.0559
127	24	0.950233
127	26	1.03023
127	42	1.01546
127	54	0.934787
127	61	0.981341
127	92	1.04112
127	108	1.01455
127	109	1.01562
127	119	0.955679
127	125	0.987973
127	126	0.995676
127	130	1.01763
127	133	1.03938
127	135	1.03621
127	139	1.01207
127	140	1.01127
127	144	1.15521
127	146	1.03227
127	147	1.0244
127	149	0.00676338
127	150	1.45025
127	158	1.35776
127	169	0.998028
127	171	1.01098
127	179	0.158056
127	180	1.83161
128	3	1.07953
128	34	0.983352
128	62	1.03818
128	64	0.998238
128	65	0.98454
128	68	0.987432
128	71	1.03828
128	76	1.02589
128	77	1.02222
128	88	0.933811
128	104	1.00976
128	110	1.0203
128	118	0.986289
128	121	1.05408
128	137	1.02886
128	138	1.02974
128	145	0.935128
128	147	0.926074
128	150	0.94767
128	155	1.01425
128	161	1.02836
128	162	1.0223
128	165	0.972766
128	169	0.993039
128	170	1.01752
128	175	1.12478
128	176	1.00916
128	178	0.914233
128	180	0.929255
129	4	0.963318
129	6	1.03819
129	8	0.880676
129	19	1.06008
129	22	0.92248
129	33	1.1211
129	40	1.01873
129	47	0.865562
129	69	0.965291
129	75	1.01911
129	76	1.02484
129	87	0.990575
129	95	1.03225
129	102	1.63147
129	121	1.05303
129	122	1.02065
129	124	0.910421
129	131	1.00577
129	138	1.0287
129	142	0.781644
129	144	0.995799
129	146	1.02623
129	155	1.0132
129	156	0.580205
129	158	0.982049
129	160	1.0301
129	162	1.02126
129	166	1.00752
129	169	0.991995
129	170	1.01647
130	2	1.07962
130	10	0.954579
130	18	1.04737
130	24	0.941708
130	26	1.0217
130	42	1.00693
130	44	0.963868
130	61	0.972816
130	74	1.01735
130	77	1.01868
130	81	0.889492
130	92	1.03259
130	108	1.00602
130	109	1.0071
130	119	0.947153
130	125	0.979448
130	126	0.987151
130	127	1.01763
130	133	1.03086
130	135	1.02769
130	139	1.00354
130	140	1.00275
130	144	0.730257
130	145	1.13544
130	147	1.01587
130	150	1.0253
130	158	0.932814
130	169	0.989503
130	171	1.00245
130	180	1.40666
131	6	1.02987
131	22	0.914159
131	52	0.981395
131	53	0.979637
131	64	0.988874
131	69	0.956971
131	70	1.12203
131	73	1.01402
131	74	1.01152
131	75	1.01079
131	81	0.883664
131	84	1.0445
131	96	0.987065
131	98	0.847085
131	99	0.963867
131	118	0.976925
131	121	1.04471
131	122	1.01233
131	129	1.00577
131	143	1.10503
131	155	1.00488
131	158	0.973728
131	159	0.988983
131	160	1.02178
131	162	1.01294
131	169	0.983675
131	170	1.00815
131	172	0.98776
131	174	0.978477
131	175	1.20931
131	176	0.999799
132	16	0.865359
132	25	1.05083
132	30	0.923496
132	39	0.983352
132	46	0.98837
132	51	1.06725
132	58	0.979689
132	66	0.963068
132	82	0.996168
132	97	0.974129
132	101	1.02155
132	104	1.13766
132	106	1.02021
132	109	1.00643
132	115	1.00543
132	118	0.982081
132	123	0.985867
132	124	0.907256
132	136	1.01684
132	141	0.99556
132	143	1.24975
132	144	0.992634
132	149	1.00704
132	150	0.943462
132	154	0.994378
132	156	1.02763
132	157	1.01282
132	161	0.855657
132	164	1.02387
132	168	1.03408
132	169	0.98883
133	2	1.10137
133	8	2.55446
133	10	0.976333
133	18	1.06913
133	24	0.963462
133	26	1.04345
133	42	1.02868
133	54	0.948016
133	61	0.99457
133	71	1.0565
133	77	1.04043
133	92	1.05435
133	108	1.02777
133	109	1.02885
133	118	0.936542
133	119	0.968907
133	125	1.0012
133	126	1.0089
133	127	1.03938
133	130	1.03086
133	135	1.04944
133	139	1.0253
133	140	1.0245
133	144	0.741564
133	146	1.04549
133	147	1.03763
133	155	0.00103478
133	157	0.000821265
133	158	0.944121
133	169	1.01126
133	171	1.0242
133	180	1.41796
134	2	0.373391
134	13	1.64944
134	14	1.03204
134	43	0.976285
134	57	0.974333
134	63	0.84953
134	78	0.996164
134	84	0.992199
134	85	0.97236
134	88	0.984056
134	92	1.00968
134	93	1.02256
134	94	1.02805
134	102	0.93896
134	111	0.976417
134	120	1.0089
134	123	1.33554
134	139	0.980631
134	142	1.01248
134	143	0.970675
134	148	0.993668
134	152	0.978257
134	153	0.962323
134	158	0.956643
134	163	0.988855
134	173	0.995338
134	174	0.988023
134	176	1.18879
134	177	0.976418
134	178	0.987384
134	179	0.986695
134	180	0.902805
135	2	1.09821
135	10	0.973165
135	24	0.960294
135	26	1.04029
135	27	0.214294
135	42	1.02552
135	56	0.328348
135	59	0.99776
135	61	0.991402
135	71	1.05333
135	72	0.982322
135	74	1.03594
135	81	0.908079
135	92	1.05118
135	108	1.02461
135	109	1.02569
135	118	0.931826
135	119	0.96574
135	124	1.74797
135	125	0.998034
135	126	1.00574
135	127	1.03621
135	130	1.02769
135	133	1.04944
135	139	1.02213
135	140	1.02133
135	145	1.14203
