1	42	0.771785
1	75	0.790509
1	80	0.825671
1	82	0.776951
1	93	0.823005
1	98	0.810063
1	144	0.815896
1	153	0.77006
1	154	0.81339
1	166	4.27412
1	170	2.86246
1	173	1.75254
2	25	0.781808
2	48	0.823177
2	55	0.802122
2	69	0.780184
2	73	0.78019
2	81	0.823073
2	127	0.814396
2	132	0.82838
2	142	1.30394
2	169	1.42152
2	176	0.775492
2	177	6.14421
3	19	0.751329
3	23	0.732415
3	27	0.726226
3	28	0.73147
3	35	0.731155
3	85	0.732501
3	109	0.724099
3	138	0.712306
3	161	0.724693
3	170	0.673368
3	171	3.13396
3	179	4.25232
4	58	0.545309
4	81	2.13288
4	134	0.786294
4	152	0.728394
4	169	0.730487
4	171	0.719879
4	173	0.736288
4	175	0.726783
4	177	0.685439
4	178	0.705138
4	179	0.697237
4	180	0.681437
5	44	0.769561
5	50	0.822542
5	53	0.805932
5	60	0.804859
5	64	0.794157
5	79	0.824457
5	130	0.814181
5	132	0.829881
5	136	0.745195
5	155	2.79277
5	166	3.3953
5	178	2.52612
6	74	0.829271
6	80	0.813325
6	82	0.764605
6	89	0.811102
6	92	0.811282
6	95	3.42004
6	98	0.797717
6	137	1.79618
6	144	0.80355
6	153	0.757714
6	154	0.801044
6	162	3.0565
7	69	0.727378
7	73	0.727384
7	74	1.26888
7	81	0.770267
7	109	1.26772
7	114	0.745413
7	171	0.712897
7	173	0.729306
7	176	0.722686
7	178	0.698156
7	179	0.690255
7	180	0.674455
8	94	3.84727
8	118	0.736743
8	164	0.646115
8	166	0.639322
8	171	0.653267
8	172	0.682361
8	173	0.669676
8	175	0.660171
8	177	0.618827
8	178	0.638526
8	179	0.630625
8	180	0.614825
9	24	0.837353
9	33	1.99406
9	53	0.790346
9	60	0.789272
9	61	0.793613
9	63	0.842434
9	79	0.808871
9	99	3.30991
9	130	0.798595
9	132	0.814294
9	136	0.729609
9	165	2.9412
10	71	0.757232
10	75	0.694979
10	80	0.730141
10	89	0.727918
10	92	0.728098
10	93	0.727475
10	98	0.714533
10	116	2.53554
10	144	0.720366
10	153	0.67453
10	154	0.71786
10	175	4.37737
11	29	0.773755
11	55	0.794577
11	58	0.861938
11	69	0.772639
11	73	0.772644
11	81	0.815527
11	114	1.78112
11	116	0.827679
11	127	0.806851
11	163	3.22377
11	176	0.767946
11	178	3.62388
12	29	0.772238
12	55	0.79306
12	58	0.86042
12	69	0.771122
12	73	0.771127
12	81	0.81401
12	116	0.826162
12	132	0.819317
12	139	1.69069
12	161	1.55838
12	176	0.766429
12	178	4.96385
13	24	0.826719
13	38	0.822848
13	50	0.796322
13	60	0.778638
13	63	0.8318
13	64	0.767936
13	79	0.798237
13	130	0.787961
13	132	0.80366
13	145	2.23157
13	162	2.44797
13	164	4.04285
14	26	0.853728
14	31	0.783409
14	32	0.84638
14	40	0.712729
14	56	0.808033
14	66	0.860171
14	68	0.78801
14	91	4.18464
14	127	0.816085
14	155	0.75908
14	159	2.14847
14	170	2.87625
15	39	0.805804
15	105	0.873833
15	133	0.253948
15	138	0.180635
15	166	0.787257
15	167	0.794298
15	172	0.830296
15	174	0.811356
15	177	0.766761
15	178	0.78646
15	179	0.778559
15	180	0.762759
16	47	0.715063
16	65	0.753706
16	72	0.679466
16	77	0.726645
16	83	0.723834
16	87	0.713946
16	104	0.743576
16	106	0.729315
16	110	0.723332
16	113	0.715034
16	136	4.28368
16	169	2.90137
17	31	0.69999
17	32	0.762961
17	38	0.765837
17	40	0.62931
17	56	0.724615
17	66	0.776753
17	68	0.704591
17	109	0.754341
17	127	0.732666
17	155	0.675661
17	169	4.3279
17	172	2.87805
18	84	0.738509
18	96	0.728028
18	101	0.72116
18	103	0.715147
18	124	0.713153
18	125	3.87053
18	126	0.730604
18	131	0.742058
18	133	0.740309
18	138	0.736686
18	159	3.42491
18	168	0.639786
19	3	0.751329
19	22	1.11983
19	23	0.820403
19	27	0.814214
19	28	0.819458
19	85	0.820489
19	109	0.812087
19	138	0.800295
19	146	3.43485
19	161	0.812681
19	170	0.761357
19	174	3.83238
20	94	0.813064
20	112	0.808629
20	116	1.85199
20	124	0.790953
20	126	0.808404
20	131	0.819858
20	133	0.81811
20	138	0.814487
20	154	0.802799
20	168	0.717586
20	170	3.83775
20	171	3.95281
21	95	0.731646
21	124	1.98478
21	132	0.403213
21	140	0.739328
21	150	0.736019
21	160	0.722144
21	169	0.734461
21	172	0.752946
21	177	0.689412
21	178	0.709111
21	179	0.70121
21	180	0.68541
22	19	1.11983
22	72	1.86367
22	144	0.365521
22	149	0.743818
22	158	0.831993
22	160	0.783257
22	172	0.81406
22	173	0.801374
22	175	0.791869
22	177	0.750525
22	178	0.770224
22	179	0.762323
22	180	0.746523
23	3	0.732415
23	19	0.820403
23	28	0.800544
23	35	0.800229
23	57	0.751718
23	100	0.796036
23	109	0.793173
23	117	2.43748
23	138	0.781381
23	159	3.59493
23	161	0.793767
23	165	2.83773
23	170	0.742442
24	9	0.837353
24	13	0.826719
24	44	0.732215
24	53	0.768586
24	61	0.771852
24	63	0.820674
24	64	0.75681
24	79	0.787111
24	132	0.792534
24	136	0.707849
24	163	2.17443
24	168	5.58144
24	170	2.03207
25	2	0.781808
25	29	0.675823
25	48	0.7177
25	55	0.696645
25	58	0.764006
25	69	0.674707
25	73	0.674713
25	81	0.717596
25	127	0.708919
25	132	0.722903
25	148	2.81625
25	169	4.74016
25	176	0.670015
26	14	0.853728
26	32	0.809447
26	40	0.675796
26	56	0.7711
26	66	0.823239
26	67	0.825364
26	68	0.751077
26	109	0.800826
26	118	2.57172
26	127	0.779152
26	129	3.98048
26	155	0.722147
26	161	2.03974
27	3	0.726226
27	19	0.814214
27	28	0.794355
27	35	0.79404
27	85	0.795386
27	100	0.789847
27	109	0.786984
27	138	0.775192
27	147	2.34478
27	153	3.1619
27	161	0.787578
27	170	0.736253
27	175	3.26046
28	3	0.73147
28	19	0.819458
28	23	0.800544
28	27	0.794355
28	35	0.799284
28	57	0.750772
28	100	0.795091
28	138	0.780435
28	161	0.792822
28	167	3.62821
28	170	0.741497
28	175	1.46101
28	179	3.84978
29	11	0.773755
29	12	0.772238
29	25	0.675823
29	48	0.717193
29	55	0.696138
29	69	0.6742
29	73	0.674205
29	81	0.717088
29	127	0.708412
29	132	0.722396
29	171	4.35866
29	174	3.32526
29	176	0.669507
30	41	0.803115
30	84	0.792847
30	101	0.775498
30	112	0.785167
30	122	0.798014
30	126	0.784942
30	131	0.796396
30	133	0.794647
30	140	4.07435
30	148	1.90799
30	154	0.779337
30	158	2.57619
30	168	0.694124
31	14	0.783409
31	17	0.69999
31	32	0.739128
31	38	0.742003
31	40	0.605477
31	56	0.700781
31	66	0.752919
31	67	0.755045
31	68	0.680758
31	127	0.708833
31	155	0.651828
31	160	4.91875
31	172	2.55423
32	14	0.84638
32	17	0.762961
32	26	0.809447
32	31	0.739128
32	33	0.778335
32	56	0.763752
32	66	0.81589
32	67	0.818015
32	68	0.743729
32	123	2.33738
32	134	3.10071
32	141	2.83291
32	155	0.714799
33	9	1.99406
33	32	0.778335
33	35	2.07478
33	40	0.644684
33	67	0.794252
33	68	0.719965
33	125	0.715353
33	155	0.691035
33	172	0.728441
33	173	0.715756
33	178	0.684605
33	179	0.676704
33	180	0.660904
34	45	0.800779
34	97	0.824333
34	102	1.88922
34	112	0.781156
34	122	0.794003
34	126	0.780931
34	130	0.775415
34	131	0.792384
34	133	0.790636
34	142	2.64273
34	154	0.775326
34	155	4.36532
34	168	0.690112
35	3	0.731155
35	23	0.800229
35	27	0.79404
35	28	0.799284
35	33	2.07478
35	57	0.750458
35	85	0.800316
35	100	0.794776
35	138	0.780121
35	139	1.77622
35	161	0.792507
35	169	3.71101
35	170	0.741183
36	56	0.222779
36	69	2.02581
36	122	0.710456
36	149	0.744669
36	159	0.81188
36	172	0.81491
36	173	0.802225
36	174	0.795971
36	175	0.79272
36	177	0.751375
36	178	0.771075
36	179	0.763173
36	180	0.747373
37	91	0.64398
37	104	4.3504
37	111	0.696622
37	147	0.699893
37	157	0.67306
37	162	0.654059
37	167	0.63133
37	171	0.638233
37	173	0.654642
37	174	0.648388
37	177	0.603793
37	178	0.623492
37	179	0.615591
37	180	0.599791
38	13	0.822848
38	17	0.765837
38	31	0.742003
38	56	0.766628
38	61	0.767981
38	64	0.752938
38	67	0.820891
38	68	0.746604
38	79	0.783239
38	136	0.703977
38	142	2.97649
38	155	0.717674
38	161	2.01869
38	179	5.12339
39	15	0.805804
39	46	0.748526
39	65	0.788568
39	77	0.761507
39	83	0.758696
39	87	0.748808
39	100	0.772526
39	104	0.778438
39	106	0.764177
39	107	0.767247
39	110	0.758194
39	113	0.749897
39	137	3.15976
39	159	4.08933
40	14	0.712729
40	17	0.62931
40	26	0.675796
40	31	0.605477
40	33	0.644684
40	51	0.645819
40	56	0.630101
40	66	0.682239
40	67	0.684364
40	68	0.610077
40	109	0.659827
40	127	0.638152
40	153	6.91684
40	155	0.581148
41	30	0.803115
41	86	0.773787
41	94	0.77194
41	103	0.751824
41	112	0.767505
41	114	3.76961
41	120	1.95812
41	122	0.780352
41	130	0.761765
41	131	0.778734
41	133	0.776986
41	154	0.761675
41	158	3.01828
41	168	0.676462
42	1	0.771785
42	59	0.69916
42	71	0.735664
42	75	0.673411
42	82	0.659854
42	89	0.706351
42	92	0.706531
42	93	0.705907
42	98	0.692966
42	105	2.73798
42	144	0.698799
42	153	0.652963
42	154	0.696292
42	175	4.81154
43	46	0.750008
43	65	0.79005
43	76	0.759578
43	77	0.762989
43	83	0.760178
43	104	0.77992
43	106	0.765659
43	107	0.768729
43	110	0.759676
43	113	0.751378
43	144	0.750171
43	157	1.45641
43	164	2.85978
43	180	5.43765
44	5	0.769561
44	24	0.732215
44	50	0.701817
44	53	0.685207
44	60	0.684134
44	61	0.688474
44	63	0.737295
44	64	0.673432
44	79	0.703732
44	130	0.693456
44	132	0.709156
44	136	0.62447
44	171	3.8825
44	178	4.30992
45	34	0.800779
45	103	0.753499
45	112	0.769181
45	122	0.782028
45	124	0.751505
45	126	0.768956
45	131	0.78041
45	133	0.778661
45	135	0.752811
45	138	0.775038
45	150	3.26777
45	168	0.678138
45	169	2.83312
45	170	3.62902
46	39	0.748526
46	43	0.750008
46	65	0.782626
46	72	0.708386
46	76	0.752154
46	87	0.742866
46	88	0.747082
46	104	0.772496
46	107	0.761305
46	110	0.752252
46	113	0.743954
46	139	1.19233
46	144	0.742747
46	171	4.03807
46	178	4.46549
47	16	0.715063
47	57	0.723664
47	76	0.753553
47	77	0.756964
47	83	0.754153
47	87	0.744265
47	100	0.767983
47	106	0.759634
47	107	0.762705
47	110	0.753652
47	111	0.753141
47	113	0.745354
47	117	2.70168
47	163	4.72927
47	172	2.34116
48	2	0.823177
48	25	0.7177
48	29	0.717193
48	55	0.738015
48	58	0.805375
48	69	0.716076
48	73	0.716082
48	81	0.758965
48	116	0.771117
48	127	0.750289
48	132	0.764272
48	157	2.90677
48	165	3.02883
48	174	3.59547
48	176	0.711384
49	59	0.755248
49	74	0.780607
49	75	0.729499
49	80	0.764661
49	82	0.715942
49	89	0.762438
49	92	0.762619
49	93	0.761995
49	98	0.749053
49	144	0.754886
49	153	0.70905
49	154	0.75238
49	159	2.06356
49	165	1.30636
49	180	6.56704
50	5	0.822542
50	13	0.796322
50	44	0.701817
50	53	0.738188
50	60	0.737115
50	61	0.741455
50	63	0.790276
50	64	0.726413
50	79	0.756713
50	102	3.62108
50	121	2.43314
50	130	0.746437
50	132	0.762137
50	136	0.677451
50	158	3.23644
51	40	0.645819
51	66	0.793262
51	67	0.795387
51	68	0.7211
51	104	0.779625
51	106	0.765364
51	107	0.768434
51	110	0.759381
51	113	0.751084
51	117	2.82152
51	123	1.50523
51	127	0.749175
51	144	0.749876
51	155	0.69217
51	178	5.24923
52	84	0.750174
52	96	0.739694
52	97	0.785672
52	103	0.726813
52	112	0.742495
52	122	0.755342
52	124	0.724818
52	126	0.74227
52	131	0.753723
52	133	0.751975
52	138	0.748352
52	141	0.732633
52	164	4.36334
52	168	0.651451
52	174	2.24716
52	178	3.70799
53	5	0.805932
53	9	0.790346
53	24	0.768586
53	44	0.685207
53	50	0.738188
53	60	0.720505
53	61	0.724845
53	63	0.773666
53	64	0.709803
53	79	0.740103
53	118	2.45842
53	119	3.17911
53	130	0.729827
53	132	0.745527
53	136	0.660841
53	140	4.23597
54	124	2.81789
54	128	0.657646
54	131	1.38009
54	147	0.738313
54	152	0.685169
54	158	0.723681
54	162	0.69248
54	165	0.714722
54	169	0.687262
54	171	0.676653
54	174	0.686808
54	175	0.683558
54	176	0.686442
54	178	0.661913
54	179	0.654011
54	180	0.638211
55	2	0.802122
55	11	0.794577
55	12	0.79306
55	25	0.696645
55	29	0.696138
55	48	0.738015
55	58	0.784321
55	69	0.695022
55	73	0.695028
55	81	0.73791
55	118	1.0394
55	127	0.729234
55	129	2.44816
55	132	0.743218
55	168	6.91978
55	176	0.69033
56	14	0.808033
56	17	0.724615
56	26	0.7711
56	31	0.700781
56	32	0.763752
56	36	0.222779
56	38	0.766628
56	40	0.630101
56	66	0.777544
56	67	0.779669
56	68	0.705382
56	109	0.755131
56	127	0.733457
56	155	0.676452
56	173	3.50114
56	178	5.15353
57	23	0.751718
57	28	0.750772
57	35	0.750458
57	47	0.723664
57	76	0.731835
57	100	0.746265
57	104	0.752177
57	105	2.32252
57	107	0.740986
57	110	0.731933
57	113	0.723635
57	120	2.43965
57	138	0.731609
57	161	0.743995
57	170	0.692671
57	174	4.63308
58	4	0.545309
58	11	0.861938
58	12	0.86042
58	25	0.764006
58	48	0.805375
58	55	0.784321
58	69	0.762382
58	73	0.762388
58	81	0.805271
58	108	4.88961
58	111	2.29059
58	116	0.817423
58	127	0.796595
58	132	0.810578
58	159	2.52095
58	176	0.75769
59	42	0.69916
59	49	0.755248
59	71	0.780137
59	74	0.768991
59	75	0.717884
59	82	0.704326
59	89	0.750823
59	92	0.751003
59	93	0.75038
59	98	0.737438
59	144	0.743271
59	145	2.84994
59	153	0.697435
59	154	0.740765
59	174	2.54504
59	179	4.69681
60	5	0.804859
60	9	0.789272
60	13	0.778638
60	44	0.684134
60	50	0.737115
60	53	0.720505
60	61	0.723771
60	63	0.772593
60	64	0.708729
60	79	0.73903
60	99	4.09939
60	130	0.728754
60	132	0.744453
60	136	0.659768
60	148	2.49584
60	158	3.16404
61	9	0.793613
61	24	0.771852
61	38	0.767981
61	44	0.688474
61	50	0.741455
61	53	0.724845
61	60	0.723771
61	63	0.776933
61	64	0.713069
61	79	0.74337
61	116	2.95955
61	130	0.733094
61	132	0.748793
61	136	0.664108
61	141	3.25072
61	148	3.2369
62	121	0.707296
62	143	0.675376
62	148	0.697413
62	154	5.63732
62	156	0.644669
62	159	0.651794
62	162	0.641556
62	163	0.642828
62	168	0.587404
62	171	0.625729
62	172	0.654824
62	174	0.635884
62	175	0.632634
62	177	0.591289
62	178	0.610989
62	179	0.603087
62	180	0.587287
63	9	0.842434
63	13	0.8318
63	24	0.820674
63	44	0.737295
63	50	0.790276
63	53	0.773666
63	60	0.772593
63	61	0.776933
63	64	0.761891
63	79	0.792191
63	91	3.81536
63	99	1.3907
63	105	1.6529
63	130	0.781915
63	132	0.797615
63	136	0.712929
63	177	6.43376
64	5	0.794157
64	13	0.767936
64	24	0.75681
64	38	0.752938
64	44	0.673432
64	50	0.726413
64	53	0.709803
64	60	0.708729
64	61	0.713069
64	63	0.761891
64	79	0.728328
64	120	2.95551
64	130	0.718052
64	132	0.733751
64	136	0.649066
64	161	3.2043
64	172	3.82154
65	16	0.753706
65	39	0.788568
65	43	0.79005
65	46	0.782626
65	72	0.748428
65	76	0.792196
65	83	0.792796
65	87	0.782908
65	90	2.7846
65	104	0.812538
65	106	0.798277
65	110	0.792294
65	113	0.783996
65	141	1.85811
65	144	0.782789
65	145	3.95066
65	158	2.51249
66	14	0.860171
66	17	0.776753
66	26	0.823239
66	31	0.752919
66	32	0.81589
66	40	0.682239
66	51	0.793262
66	56	0.777544
66	67	0.831807
66	68	0.75752
66	109	0.80727
66	127	0.785595
66	135	3.41819
66	143	2.58136
66	147	3.01724
66	155	0.72859
66	161	2.22527
67	26	0.825364
67	31	0.755045
67	32	0.818015
67	33	0.794252
67	38	0.820891
67	40	0.684364
67	51	0.795387
67	56	0.779669
67	66	0.831807
67	68	0.759645
67	109	0.809395
67	127	0.78772
67	135	1.26272
67	147	2.52115
67	155	0.730716
67	168	4.81788
67	177	5.1953
68	14	0.78801
68	17	0.704591
68	26	0.751077
68	31	0.680758
68	32	0.743729
68	33	0.719965
68	38	0.746604
68	40	0.610077
68	51	0.7211
68	56	0.705382
68	66	0.75752
68	67	0.759645
68	109	0.735108
68	127	0.713434
68	153	1.87763
68	155	0.656429
68	168	6.68089
68	170	3.13152
69	2	0.780184
69	7	0.727378
69	11	0.772639
69	12	0.771122
69	25	0.674707
69	29	0.6742
69	36	2.02581
69	48	0.716076
69	55	0.695022
69	58	0.762382
69	73	0.673089
69	81	0.715972
69	85	2.65863
69	116	0.728124
69	127	0.707296
69	132	0.721279
69	135	4.74402
69	176	0.668391
70	81	2.82523
70	115	0.676558
70	120	0.75149
70	130	2.36309
70	156	0.689964
70	159	0.697089
70	164	0.663873
70	166	0.65708
70	167	0.664121
70	171	0.671024
70	172	0.700119
70	174	0.681179
70	175	0.677929
70	176	0.680813
70	177	0.636584
70	178	0.656284
70	179	0.648382
70	180	0.632582
71	10	0.757232
71	42	0.735664
71	59	0.780137
71	74	0.805495
71	75	0.754388
71	80	0.78955
71	82	0.74083
71	89	0.787327
71	92	0.787507
71	93	0.786884
71	98	0.773942
71	111	1.40944
71	144	0.779775
71	147	1.50757
71	153	0.733939
71	154	0.777269
71	167	3.37944
71	177	6.29437
72	16	0.679466
72	22	1.86367
72	46	0.708386
72	65	0.748428
72	76	0.717956
72	77	0.721367
72	83	0.718556
72	87	0.708668
72	100	0.732386
72	104	0.738298
72	106	0.724037
72	107	0.727107
72	110	0.718054
72	111	0.717543
72	113	0.709756
72	141	3.49122
72	144	0.708549
72	172	3.95146
73	2	0.78019
73	7	0.727384
73	11	0.772644
73	12	0.771127
73	25	0.674713
73	29	0.674205
73	48	0.716082
73	55	0.695028
73	58	0.762388
73	69	0.673089
73	81	0.715978
73	116	0.72813
73	127	0.707302
73	132	0.721285
73	139	3.0684
73	143	3.29218
73	157	4.19204
73	176	0.668397
74	6	0.829271
74	7	1.26888
74	49	0.780607
74	59	0.768991
74	71	0.805495
74	75	0.743242
74	80	0.778405
74	82	0.729685
74	85	1.07408
74	89	0.776182
74	92	0.776362
74	93	0.775738
74	98	0.762797
74	144	0.76863
74	153	0.722794
74	154	0.766124
74	156	3.10056
74	167	5.19473
75	1	0.790509
75	10	0.694979
75	42	0.673411
75	49	0.729499
75	59	0.717884
75	71	0.754388
75	74	0.743242
75	80	0.727297
75	82	0.678577
75	89	0.725074
75	92	0.725254
75	93	0.724631
75	98	0.711689
75	139	2.74023
75	147	3.3999
75	153	0.671686
75	154	0.715016
75	156	4.3886
76	43	0.759578
76	46	0.752154
76	47	0.753553
76	57	0.731835
76	65	0.792196
76	72	0.717956
76	77	0.765135
76	87	0.752436
76	90	2.78856
76	104	0.782066
76	106	0.767805
76	107	0.770875
76	110	0.761822
76	111	0.761312
76	113	0.753525
76	142	3.65459
76	143	2.06116
76	144	0.752317
76	152	3.60468
77	16	0.726645
77	39	0.761507
77	43	0.762989
77	47	0.756964
77	72	0.721367
77	76	0.765135
77	83	0.765735
77	87	0.755847
77	88	0.760063
77	104	0.785477
77	106	0.771216
77	107	0.774286
77	110	0.765233
77	113	0.756935
77	137	1.38769
77	144	0.755728
77	158	1.99193
77	160	3.16383
77	180	6.82075
78	97	1.05263
78	130	2.22401
78	149	0.672071
78	151	0.731791
78	152	0.721733
78	154	0.743685
78	162	0.729044
78	164	0.706066
78	167	0.706315
78	169	0.723827
78	170	0.732855
78	172	0.742312
78	173	0.729627
78	174	0.723373
78	175	0.720122
78	177	0.678778
78	178	0.698477
78	179	0.690576
78	180	0.674776
79	5	0.824457
79	9	0.808871
79	13	0.798237
79	24	0.787111
79	38	0.783239
79	44	0.703732
79	50	0.756713
79	53	0.740103
79	60	0.73903
79	61	0.74337
79	63	0.792191
79	64	0.728328
79	128	4.90298
79	130	0.748352
79	132	0.764052
79	136	0.679366
79	140	2.73219
79	159	2.55786
79	174	2.3673
80	1	0.825671
80	6	0.813325
80	10	0.730141
80	49	0.764661
80	71	0.78955
80	74	0.778405
80	75	0.727297
80	82	0.713739
80	89	0.760236
80	90	2.42685
80	92	0.760416
80	93	0.759793
80	98	0.746851
80	115	4.01222
80	119	2.59604
80	144	0.752684
80	153	0.706848
80	154	0.750178
80	175	3.05101
81	2	0.823073
81	4	2.13288
81	7	0.770267
81	11	0.815527
81	12	0.81401
81	25	0.717596
81	29	0.717088
81	48	0.758965
81	55	0.73791
81	58	0.805271
81	69	0.715972
81	70	2.82523
81	73	0.715978
81	116	0.771013
81	118	2.50529
81	127	0.750184
81	132	0.764168
81	141	2.13031
81	176	0.71128
82	1	0.776951
82	6	0.764605
82	42	0.659854
82	49	0.715942
82	59	0.704326
82	71	0.74083
82	74	0.729685
82	75	0.678577
82	80	0.713739
82	89	0.711517
82	92	0.711697
82	93	0.711073
82	98	0.698132
82	144	0.703965
82	149	8.03447
82	150	2.13861
82	153	0.658129
82	154	0.701458
82	172	1.648
83	16	0.723834
83	39	0.758696
83	43	0.760178
83	47	0.754153
83	65	0.792796
83	72	0.718556
83	77	0.765735
83	87	0.753036
83	100	0.776754
83	106	0.768405
83	107	0.771475
83	110	0.762422
83	111	0.761911
83	113	0.754124
83	129	2.26843
83	135	1.52061
83	144	0.752917
83	173	2.08076
83	180	6.96637
84	18	0.738509
84	30	0.792847
84	52	0.750174
84	96	0.754436
84	101	0.747568
84	103	0.741555
84	122	0.770084
84	124	0.739561
84	126	0.757012
84	131	0.768466
84	133	0.766717
84	135	0.740867
84	138	0.763094
84	141	0.747376
84	154	0.751407
84	156	3.41217
84	161	1.63149
84	162	4.09744
84	168	0.666193
84	173	3.38457
85	3	0.732501
85	19	0.820489
85	27	0.795386
85	35	0.800316
85	69	2.65863
85	74	1.07408
85	89	0.885862
85	92	1.28443
85	109	0.793259
85	138	0.781467
85	161	0.793853
85	163	0.73999
85	170	0.742529
85	173	0.7393
85	174	0.733046
85	175	0.729795
85	177	0.688451
85	178	0.70815
85	179	0.700249
85	180	0.684449
86	41	0.773787
86	88	0.75685
86	91	0.708867
86	94	0.760274
86	96	0.753038
86	97	0.799016
86	103	0.740157
86	112	0.755839
86	120	2.07298
86	122	0.768686
86	124	0.738163
86	126	0.755614
86	130	0.750098
86	131	0.767068
86	133	0.765319
86	134	2.74657
86	137	3.5274
86	146	3.86889
86	154	0.750009
86	168	0.664795
87	16	0.713946
87	39	0.748808
87	46	0.742866
87	47	0.744265
87	65	0.782908
87	72	0.708668
87	76	0.752436
87	77	0.755847
87	83	0.753036
87	88	0.747364
87	104	0.772778
87	107	0.761587
87	110	0.752534
87	111	0.752023
87	113	0.744237
87	119	1.59527
87	144	0.743029
87	169	2.40968
87	173	2.09566
87	177	7.13237
88	46	0.747082
88	77	0.760063
88	86	0.75685
88	87	0.747364
88	96	0.747768
88	104	0.776994
88	106	0.762733
88	107	0.765804
88	111	0.75624
88	124	0.732892
88	126	0.750344
88	131	0.761798
88	133	0.760049
88	144	0.747245
88	147	1.88845
88	152	2.99609
88	153	2.70558
88	154	0.744739
88	166	5.37112
88	168	0.659525
89	6	0.811102
89	10	0.727918
89	42	0.706351
89	49	0.762438
89	59	0.750823
89	71	0.787327
89	74	0.776182
89	75	0.725074
89	80	0.760236
89	82	0.711517
89	85	0.885862
89	92	0.758193
89	93	0.75757
89	98	0.744628
89	134	2.20314
89	136	5.22773
89	144	0.750461
89	153	0.704625
89	154	0.747955
89	157	3.03428
90	65	2.7846
90	76	2.78856
90	80	2.42685
90	145	0.721541
90	148	0.762667
90	153	0.694542
90	156	0.709923
90	158	0.738011
90	161	0.761946
90	163	0.708083
90	165	0.729053
90	166	0.677039
90	169	0.701593
90	170	0.710621
90	173	0.707393
90	174	0.701139
90	177	0.656544
90	178	0.676243
90	179	0.668342
90	180	0.652542
91	14	4.18464
91	37	0.64398
91	63	3.81536
91	86	0.708867
91	94	0.707021
91	101	0.692917
91	105	0.722499
91	112	0.702586
91	124	0.684909
91	126	0.702361
91	131	0.713814
91	167	0.642964
91	168	0.611542
91	169	0.660476
91	171	0.649868
91	176	0.659657
91	177	0.615427
91	178	0.635127
91	179	0.627225
91	180	0.611425
92	6	0.811282
92	10	0.728098
92	42	0.706531
92	49	0.762619
92	59	0.751003
92	71	0.787507
92	74	0.776362
92	75	0.725254
92	80	0.760416
92	82	0.711697
92	85	1.28443
92	89	0.758193
92	93	0.75775
92	98	0.744809
92	119	3.42958
92	144	0.750642
92	153	0.704806
92	154	0.748135
92	172	2.79415
92	176	3.96674
93	1	0.823005
93	10	0.727475
93	42	0.705907
93	49	0.761995
93	59	0.75038
93	71	0.786884
93	74	0.775738
93	75	0.724631
93	80	0.759793
93	82	0.711073
93	89	0.75757
93	92	0.75775
93	98	0.744185
93	117	2.43931
93	135	2.65446
93	144	0.750018
93	150	3.96328
93	153	0.704182
93	154	0.747512
93	162	3.92749
94	8	3.84727
94	20	0.813064
94	41	0.77194
94	86	0.760274
94	91	0.707021
94	96	0.751191
94	101	0.744323
94	103	0.73831
94	112	0.753992
94	122	0.766839
94	124	0.736316
94	126	0.753767
94	131	0.765221
94	133	0.763472
94	134	2.10418
94	138	0.759849
94	139	1.81168
94	154	0.748162
94	156	3.46005
94	168	0.662949
95	6	3.42004
95	21	0.731646
95	131	3.46868
95	140	0.667392
95	141	0.694772
95	151	0.670488
95	156	0.670854
95	158	0.698943
95	159	0.67798
95	160	0.650208
95	162	0.667742
95	165	0.689984
95	172	0.68101
95	173	0.668324
95	174	0.66207
95	175	0.658819
95	177	0.617475
95	178	0.637174
95	179	0.629273
95	180	0.613473
96	18	0.728028
96	52	0.739694
96	84	0.754436
96	86	0.753038
96	88	0.747768
96	94	0.751191
96	97	0.789934
96	101	0.737087
96	103	0.731074
96	112	0.746756
96	122	0.759603
96	124	0.72908
96	130	0.741016
96	133	0.756236
96	141	0.736895
96	146	3.45167
96	154	0.740926
96	165	3.28256
96	168	0.655713
96	172	2.5218
96	175	3.6122
97	34	0.824333
97	52	0.785672
97	78	1.05263
97	86	0.799016
97	96	0.789934
97	103	0.777053
97	111	2.24465
97	122	0.805582
97	124	0.775058
97	126	0.79251
97	130	0.786994
97	131	0.803963
97	133	0.802215
97	135	0.776365
97	138	0.798592
97	141	0.782873
97	145	2.58934
97	154	0.786905
97	163	3.34515
97	168	0.701691
97	179	4.43621
98	1	0.810063
98	6	0.797717
98	10	0.714533
98	42	0.692966
98	49	0.749053
98	59	0.737438
98	71	0.773942
98	74	0.762797
98	75	0.711689
98	80	0.746851
98	82	0.698132
98	89	0.744628
98	92	0.744809
98	93	0.744185
98	121	1.85096
98	144	0.737076
98	153	0.69124
98	154	0.73457
98	161	1.84289
98	164	5.90371
98	173	3.59597
99	9	3.30991
99	60	4.09939
99	63	1.3907
99	137	0.745101
99	139	0.767443
99	145	0.71277
99	150	0.69438
99	151	0.700786
99	157	0.71704
99	159	0.708277
99	164	0.675061
99	165	0.720282
99	167	0.67531
99	169	0.692821
99	171	0.682213
99	173	0.698622
99	174	0.692368
99	175	0.689117
99	177	0.647773
99	178	0.667472
99	179	0.659571
99	180	0.643771
100	23	0.796036
100	27	0.789847
100	28	0.795091
100	35	0.794776
100	39	0.772526
100	47	0.767983
100	57	0.746265
100	72	0.732386
100	83	0.776754
100	106	0.782235
100	107	0.785305
100	109	0.78772
100	110	0.776252
100	113	0.767954
100	120	1.77375
100	121	2.03061
100	123	1.68401
100	138	0.775928
100	160	5.00431
100	161	0.788314
100	170	0.73699
100	175	3.73019
101	18	0.72116
101	30	0.775498
101	84	0.747568
101	91	0.692917
101	94	0.744323
101	96	0.737087
101	112	0.739888
101	116	1.43662
101	118	2.22517
101	122	0.752735
101	124	0.722212
101	126	0.739663
101	130	0.734148
101	131	0.751117
101	133	0.749368
101	135	0.723518
101	138	0.745745
101	141	0.730027
101	154	0.734058
101	164	4.43032
101	168	0.648845
101	180	7.00819
102	34	1.88922
102	50	3.62108
102	110	1.84398
102	117	0.73422
102	137	0.746662
102	157	0.718601
102	158	0.730801
102	164	0.676622
102	165	0.721843
102	166	0.669829
102	167	0.676871
102	169	0.694382
102	170	0.703411
102	171	0.683774
102	172	0.712868
102	173	0.700183
102	174	0.693929
102	175	0.690678
102	177	0.649334
102	178	0.669033
102	179	0.661132
102	180	0.645332
103	18	0.715147
103	41	0.751824
103	45	0.753499
103	52	0.726813
103	84	0.741555
103	86	0.740157
103	94	0.73831
103	96	0.731074
103	97	0.777053
103	112	0.733875
103	122	0.746722
103	124	0.716199
103	126	0.73365
103	130	0.728135
103	131	0.745104
103	133	0.743356
103	149	7.56553
103	154	0.728045
103	163	2.17329
103	167	3.04278
103	168	0.642832
103	170	2.03092
104	16	0.743576
104	37	4.3504
104	39	0.778438
104	43	0.77992
104	46	0.772496
104	51	0.779625
104	57	0.752177
104	65	0.812538
104	72	0.738298
104	76	0.782066
104	77	0.785477
104	87	0.772778
104	88	0.776994
104	106	0.788147
104	107	0.791218
104	108	4.71039
104	110	0.782164
104	113	0.773867
104	137	1.41216
104	141	1.23672
104	144	0.772659
104	165	1.58454
105	15	0.873833
105	42	2.73798
105	57	2.32252
105	63	1.6529
105	91	0.722499
105	107	1.47738
105	146	0.744176
105	149	0.675606
105	157	0.75158
105	159	0.742817
105	165	0.754822
105	167	0.70985
105	168	0.678427
105	169	0.727361
105	171	0.716753
105	172	0.745847
105	173	0.733162
105	174	0.726908
105	175	0.723657
105	177	0.682313
105	178	0.702012
105	179	0.694111
105	180	0.678311
106	16	0.729315
106	39	0.764177
106	43	0.765659
106	47	0.759634
106	51	0.765364
106	65	0.798277
106	72	0.724037
106	76	0.767805
106	77	0.771216
106	83	0.768405
106	88	0.762733
106	100	0.782235
106	104	0.788147
106	107	0.776956
106	110	0.767903
106	111	0.767392
106	113	0.759606
106	125	3.55512
106	144	0.758398
106	148	1.11748
106	151	2.80441
106	167	4.84915
106	176	2.76414
107	39	0.767247
107	43	0.768729
107	46	0.761305
107	47	0.762705
107	51	0.768434
107	57	0.740986
107	72	0.727107
107	76	0.770875
107	77	0.774286
107	83	0.771475
107	87	0.761587
107	88	0.765804
107	100	0.785305
107	104	0.791218
107	105	1.47738
107	106	0.776956
107	110	0.770974
107	113	0.762676
107	143	2.19938
107	144	0.761468
107	148	1.98647
107	151	3.6734
107	162	4.30924
108	58	4.88961
108	104	4.71039
108	137	0.71047
108	140	0.663058
108	143	0.697228
108	145	0.678139
108	149	0.606435
108	150	0.659749
108	159	0.673646
108	160	0.645874
108	162	0.663408
108	163	0.664681
108	166	0.633637
108	169	0.658191
108	171	0.647582
108	172	0.676676
108	173	0.663991
108	174	0.657737
108	175	0.654486
108	176	0.657371
108	177	0.613142
108	178	0.632841
108	179	0.62494
108	180	0.60914
109	3	0.724099
109	7	1.26772
109	17	0.754341
109	19	0.812087
109	23	0.793173
109	26	0.800826
109	27	0.786984
109	40	0.659827
109	56	0.755131
109	66	0.80727
109	67	0.809395
109	68	0.735108
109	85	0.793259
109	100	0.78772
109	127	0.763183
109	138	0.773065
109	152	3.21833
109	155	0.706178
109	160	4.30049
109	161	0.785451
109	170	0.734127
109	172	1.93597
109	175	3.02637
110	16	0.723332
110	39	0.758194
110	43	0.759676
110	46	0.752252
110	47	0.753652
110	51	0.759381
110	57	0.731933
110	65	0.792294
110	72	0.718054
110	76	0.761822
110	77	0.765233
110	83	0.762422
110	87	0.752534
110	100	0.776252
110	102	1.84398
110	104	0.782164
110	106	0.767903
110	107	0.770974
110	113	0.753623
110	123	1.34369
110	140	2.9575
110	144	0.752415
110	163	3.65332
110	166	4.92261
111	37	0.696622
111	47	0.753141
111	58	2.29059
111	71	1.40944
111	72	0.717543
111	76	0.761312
111	83	0.761911
111	87	0.752023
111	88	0.75624
111	97	2.24465
111	106	0.767392
111	113	0.753112
111	131	2.54404
111	144	0.751904
111	164	0.695358
111	166	0.688565
111	168	0.664185
111	169	0.713119
111	172	0.731604
111	173	0.718919
111	177	0.66807
111	178	0.687769
111	179	0.679868
111	180	0.664068
112	20	0.808629
112	30	0.785167
112	34	0.781156
112	41	0.767505
112	45	0.769181
112	52	0.742495
112	86	0.755839
112	91	0.702586
112	94	0.753992
112	96	0.746756
112	101	0.739888
112	103	0.733875
112	121	1.99621
112	122	0.762404
112	124	0.731881
112	126	0.749332
112	131	0.760786
112	133	0.759038
112	139	2.12045
112	141	0.739696
112	152	3.88775
112	154	0.743727
112	168	0.658514
112	169	4.05523
112	173	3.74122
113	16	0.715034
113	39	0.749897
113	43	0.751378
113	46	0.743954
113	47	0.745354
113	51	0.751084
113	57	0.723635
113	65	0.783996
113	72	0.709756
113	76	0.753525
113	77	0.756935
113	83	0.754124
113	87	0.744237
113	100	0.767954
113	104	0.773867
113	106	0.759606
113	107	0.762676
113	110	0.753623
113	111	0.753112
113	123	1.30789
113	144	0.744117
113	156	3.42709
113	165	3.02442
113	172	2.26366
113	179	5.74282
114	7	0.745413
114	11	1.78112
114	41	3.76961
114	122	2.8784
114	147	0.738297
114	148	0.74832
114	149	0.63549
114	152	0.685152
114	156	0.695576
114	157	0.711464
114	162	0.692463
114	165	0.714706
114	166	0.662692
114	167	0.669734
114	168	0.638312
114	171	0.676637
114	172	0.705731
114	173	0.693046
114	174	0.686792
114	175	0.683541
114	177	0.642197
114	178	0.661896
114	179	0.653995
114	180	0.638195
115	70	0.676558
115	80	4.01222
115	123	0.757047
115	138	3.99781
115	140	0.665131
115	143	0.699301
115	149	0.608508
115	155	0.641344
115	157	0.684482
115	160	0.647947
115	163	0.666753
115	164	0.642503
115	167	0.642752
115	169	0.660263
115	171	0.649655
115	172	0.678749
115	173	0.666064
115	174	0.65981
115	175	0.656559
115	177	0.615215
115	178	0.634914
115	179	0.627013
115	180	0.611213
116	10	2.53554
116	11	0.827679
116	12	0.826162
116	20	1.85199
116	48	0.771117
116	58	0.817423
116	61	2.95955
116	69	0.728124
116	73	0.72813
116	81	0.771013
116	101	1.43662
116	127	0.762337
116	131	0.505012
116	132	0.77632
116	150	0.72581
116	160	0.711935
116	163	0.730742
116	165	0.751712
116	169	0.724252
116	172	0.742737
116	175	0.720547
116	176	0.723432
116	177	0.679203
116	178	0.698902
116	179	0.691001
116	180	0.675201
117	23	2.43748
117	47	2.70168
117	51	2.82152
117	93	2.43931
117	102	0.73422
117	121	0.776134
117	128	0.675559
117	139	0.779798
117	147	0.756227
117	150	0.706735
117	156	0.713506
117	158	0.741594
117	159	0.720631
117	160	0.692859
117	162	0.710393
117	164	0.687415
117	167	0.687664
117	169	0.705176
117	171	0.694567
117	172	0.723662
117	173	0.710976
117	175	0.701471
117	177	0.660127
117	178	0.679826
117	179	0.671925
117	180	0.656125
118	8	0.736743
118	26	2.57172
118	53	2.45842
118	55	1.0394
118	81	2.50529
118	101	2.22517
118	128	0.708589
118	134	0.794012
118	137	0.790485
118	159	0.753661
118	160	0.725889
118	162	0.743423
118	163	0.744696
118	164	0.720445
118	165	0.765666
118	167	0.720694
118	169	0.738206
118	171	0.727597
118	172	0.756691
118	173	0.744006
118	174	0.737752
118	175	0.734501
118	176	0.737386
118	177	0.693157
118	178	0.712856
118	179	0.704955
118	180	0.689155
119	53	3.17911
119	80	2.59604
119	87	1.59527
119	92	3.42958
119	123	0.796968
119	135	0.725924
119	140	0.705052
119	150	0.701743
119	152	0.698091
119	156	0.708515
119	158	0.736603
119	160	0.687868
119	161	0.760537
119	162	0.705402
119	163	0.706674
119	165	0.727644
119	166	0.675631
119	167	0.682672
119	171	0.689575
119	172	0.71867
119	173	0.705985
119	174	0.699731
119	175	0.69648
119	177	0.655135
119	178	0.674835
119	179	0.666933
119	180	0.651133
120	41	1.95812
120	57	2.43965
120	64	2.95551
120	70	0.75149
120	86	2.07298
120	100	1.77375
120	128	0.705579
120	142	0.757883
120	143	0.774233
120	149	0.683439
120	155	0.716276
120	157	0.759414
120	159	0.750651
120	160	0.722879
120	161	0.795548
120	163	0.741685
120	164	0.717435
120	166	0.710642
120	167	0.717683
120	171	0.724586
120	172	0.753681
120	173	0.740996
120	174	0.734742
120	175	0.731491
120	177	0.690146
120	178	0.709846
120	179	0.701944
120	180	0.686144
121	50	2.43314
121	62	0.707296
121	98	1.85096
121	100	2.03061
121	112	1.99621
121	117	0.776134
121	144	1.84413
121	150	0.737855
121	151	0.744261
121	156	0.744627
121	157	0.760515
121	159	0.751752
121	162	0.741514
121	163	0.742787
121	164	0.718536
121	166	0.711743
121	167	0.718785
121	168	0.687363
121	169	0.736297
121	170	0.745325
121	171	0.725688
121	172	0.754782
121	174	0.735843
121	175	0.732592
121	177	0.691248
121	178	0.710947
121	179	0.703046
121	180	0.687246
122	30	0.798014
122	34	0.794003
122	36	0.710456
122	41	0.780352
122	45	0.782028
122	52	0.755342
122	84	0.770084
122	86	0.768686
122	94	0.766839
122	96	0.759603
122	97	0.805582
122	101	0.752735
122	103	0.746722
122	112	0.762404
122	114	2.8784
122	124	0.744728
122	126	0.762179
122	131	0.773633
122	133	0.771885
122	135	0.746035
122	138	0.768262
122	141	0.752543
122	150	3.81743
122	154	0.756574
122	158	2.12707
122	168	0.671361
122	171	4.29374
122	176	3.10554
123	32	2.33738
123	51	1.50523
123	100	1.68401
123	110	1.34369
123	113	1.30789
123	115	0.757047
123	119	0.796968
123	127	1.9342
123	137	0.814401
123	145	0.78207
123	148	0.823196
123	149	0.710366
123	151	0.770086
123	152	0.760028
123	156	0.770452
123	158	0.79854
123	163	0.768612
123	164	0.744361
123	166	0.737568
123	167	0.74461
123	169	0.762122
123	172	0.780607
123	173	0.767922
123	174	0.761668
123	175	0.758417
123	178	0.736772
123	179	0.728871
123	180	0.713071
124	18	0.713153
124	20	0.790953
124	21	1.98478
124	45	0.751505
124	52	0.724818
124	54	2.81789
124	84	0.739561
124	86	0.738163
124	88	0.732892
124	91	0.684909
124	94	0.736316
124	96	0.72908
124	97	0.775058
124	101	0.722212
124	103	0.716199
124	112	0.731881
124	122	0.744728
124	126	0.731656
124	131	0.74311
124	133	0.741361
124	135	0.715511
124	138	0.737738
124	141	0.72202
124	154	0.726051
124	161	2.07699
124	168	0.640837
124	173	3.83006
124	176	3.86683
125	18	3.87053
125	33	0.715353
125	106	3.55512
125	134	0.726542
125	136	0.638119
125	137	0.723016
125	142	0.693424
125	145	0.690684
125	150	0.672295
125	154	2.61167
125	155	0.651816
125	156	0.679067
125	157	0.694955
125	159	0.686192
125	160	0.65842
125	163	0.677226
125	166	0.646183
125	167	0.653224
125	170	0.679765
125	171	0.660127
125	172	0.689222
125	173	0.676537
125	174	0.670282
125	175	0.667032
125	177	0.625687
125	178	0.645387
125	179	0.637485
125	180	0.621685
126	18	0.730604
126	20	0.808404
126	30	0.784942
126	34	0.780931
126	45	0.768956
126	52	0.74227
126	84	0.757012
126	86	0.755614
126	88	0.750344
126	91	0.702361
126	94	0.753767
126	97	0.79251
126	101	0.739663
126	103	0.73365
126	112	0.749332
126	122	0.762179
126	124	0.731656
126	129	2.90293
126	130	0.743592
126	131	0.760561
126	133	0.758813
126	135	0.732963
126	138	0.75519
126	141	0.739471
126	158	1.77357
126	166	5.23684
126	168	0.658289
126	171	3.94024
126	175	2.66984
126	176	2.75204
127	2	0.814396
127	11	0.806851
127	14	0.816085
127	17	0.732666
127	25	0.708919
127	26	0.779152
127	29	0.708412
127	31	0.708833
127	40	0.638152
127	48	0.750289
127	51	0.749175
127	55	0.729234
127	56	0.733457
127	58	0.796595
127	66	0.785595
127	67	0.78772
127	68	0.713434
127	69	0.707296
127	73	0.707302
127	81	0.750184
127	109	0.763183
127	116	0.762337
127	123	1.9342
127	132	0.755492
127	142	4.22225
127	143	2.62882
127	148	2.4159
127	155	0.684504
127	172	2.88998
127	173	4.02581
127	176	0.702604
128	54	0.657646
128	79	4.90298
128	117	0.675559
128	118	0.708589
128	120	0.705579
128	129	0.664182
128	132	4.97575
128	137	0.688001
128	146	0.652536
128	148	0.696796
128	158	0.67214
128	159	0.651177
128	160	0.623405
128	162	0.640939
128	163	0.642212
128	164	0.617961
128	165	0.663182
128	166	0.611168
128	171	0.625113
128	172	0.654208
128	173	0.641522
128	174	0.635268
128	175	0.632017
128	176	0.634902
128	177	0.590673
128	178	0.610372
128	179	0.602471
128	180	0.586671
129	26	3.98048
129	55	2.44816
129	83	2.26843
129	126	2.90293
129	128	0.664182
129	137	0.746079
129	142	0.716487
129	145	0.713747
129	147	0.74485
129	152	0.691705
129	156	0.702129
129	159	0.709255
129	161	0.754152
129	162	0.699016
129	163	0.700289
129	164	0.676038
129	165	0.721259
129	166	0.669246
129	167	0.676287
129	169	0.693799
129	170	0.702828
129	171	0.68319
129	173	0.699599
129	174	0.693345
129	175	0.690094
129	177	0.64875
129	178	0.668449
129	179	0.660548
129	180	0.644748
130	5	0.814181
130	9	0.798595
130	13	0.787961
130	34	0.775415
130	41	0.761765
130	44	0.693456
130	50	0.746437
130	53	0.729827
130	60	0.728754
130	61	0.733094
130	63	0.781915
130	64	0.718052
130	70	2.36309
130	78	2.22401
130	79	0.748352
130	86	0.750098
130	96	0.741016
130	97	0.786994
130	101	0.734148
130	103	0.728135
130	126	0.743592
130	131	0.755045
130	133	0.753297
130	135	0.727447
130	136	0.66909
130	137	2.7168
130	141	0.733955
130	146	3.05829
130	150	4.01291
130	157	2.76712
130	168	0.652773
131	18	0.742058
131	20	0.819858
131	30	0.796396
131	34	0.792384
131	41	0.778734
131	45	0.78041
131	52	0.753723
131	54	1.38009
131	84	0.768466
131	86	0.767068
131	88	0.761798
131	91	0.713814
131	94	0.765221
131	95	3.46868
131	97	0.803963
131	101	0.751117
131	103	0.745104
131	111	2.54404
131	112	0.760786
131	116	0.505012
131	122	0.773633
131	124	0.74311
131	126	0.760561
131	130	0.755045
131	133	0.770266
131	135	0.744416
131	136	4.08859
131	138	0.766643
131	141	0.750925
131	146	2.18631
131	154	0.754956
131	168	0.669742
131	173	2.39227
132	2	0.82838
132	5	0.829881
132	9	0.814294
132	12	0.819317
132	13	0.80366
132	21	0.403213
132	24	0.792534
132	25	0.722903
132	29	0.722396
132	44	0.709156
132	48	0.764272
132	50	0.762137
132	53	0.745527
132	55	0.743218
132	58	0.810578
132	60	0.744453
132	61	0.748793
132	63	0.797615
132	64	0.733751
132	69	0.721279
132	73	0.721285
132	79	0.764052
132	81	0.764168
132	116	0.77632
132	127	0.755492
132	128	4.97575
132	136	0.68479
132	148	1.62318
132	155	4.16753
132	157	1.75137
132	162	2.96137
132	163	3.50078
132	176	0.716587
133	15	0.253948
133	18	0.740309
133	20	0.81811
133	30	0.794647
133	34	0.790636
133	41	0.776986
133	45	0.778661
133	52	0.751975
133	84	0.766717
133	86	0.765319
133	88	0.760049
133	94	0.763472
133	96	0.756236
133	97	0.802215
133	101	0.749368
133	103	0.743356
133	112	0.759038
133	122	0.771885
133	124	0.741361
133	126	0.758813
133	130	0.753297
133	131	0.770266
133	134	1.82707
133	135	0.742668
133	138	0.764895
133	141	0.749176
133	151	3.23238
133	154	0.753207
133	155	5.07438
133	161	1.40227
133	165	2.78028
133	168	0.667994
133	179	5.49868
134	4	0.786294
134	32	3.10071
134	86	2.74657
134	89	2.20314
134	94	2.10418
134	118	0.794012
134	125	0.726542
134	133	1.82707
134	140	0.726012
134	142	0.743832
134	146	0.737959
134	150	0.722703
134	152	0.719051
134	154	0.455651
134	156	0.729475
134	157	0.745363
134	158	0.757563
134	159	0.7366
134	160	0.708828
134	161	0.781498
134	162	0.726362
134	165	0.748605
134	166	0.696591
134	169	0.721145
134	171	0.710536
134	172	0.73963
134	173	0.726945
134	174	0.720691
134	175	0.71744
134	176	0.720325
134	177	0.676096
134	178	0.695795
134	179	0.687894
134	180	0.672094
135	45	0.752811
135	66	3.41819
135	67	1.26272
135	69	4.74402
135	83	1.52061
135	84	0.740867
135	93	2.65446
135	97	0.776365
135	101	0.723518
135	119	0.725924
135	122	0.746035
135	124	0.715511
135	126	0.732963
135	130	0.727447
135	131	0.744416
135	133	0.742668
135	141	0.723326
135	146	0.707893
135	149	0.639322
135	154	0.727357
135	157	0.715297
135	160	0.678762
135	164	0.673318
135	165	0.718538
135	166	0.666525
135	168	0.642144
135	169	0.691078
135	171	0.680469
135	174	0.690624
135	175	0.687374
135	177	0.646029
135	178	0.665729
135	179	0.657827
135	180	0.642027
136	5	0.745195
136	9	0.729609
136	16	4.28368
136	24	0.707849
136	38	0.703977
136	44	0.62447
136	50	0.677451
136	53	0.660841
136	60	0.659768
136	61	0.664108
136	63	0.712929
136	64	0.649066
136	79	0.679366
136	89	5.22773
136	125	0.638119
136	130	0.66909
136	131	4.08859
136	132	0.68479
136	139	0.707343
136	143	0.671759
136	147	0.683772
136	150	0.63428
136	160	0.620405
136	162	0.637939
136	163	0.639211
136	165	0.660181
136	169	0.632721
136	172	0.651207
136	173	0.638522
136	174	0.632267
136	177	0.587672
136	178	0.607372
136	179	0.59947
136	180	0.58367
137	6	1.79618
137	39	3.15976
137	77	1.38769
137	86	3.5274
137	99	0.745101
137	102	0.746662
137	104	1.41216
137	108	0.71047
137	118	0.790485
137	123	0.814401
137	125	0.723016
137	128	0.688001
137	129	0.746079
