1	5	1.84492
1	91	2.01848
1	112	0.806616
1	131	0.784962
1	141	0.813078
1	142	1.7925
1	148	0.793438
1	149	0.788912
1	167	0.800407
1	171	0.801791
1	175	0.805353
1	178	0.805809
2	114	0.786668
2	143	0.803444
2	157	0.805992
2	166	0.815067
2	168	0.805213
2	171	1.42812
2	172	1.26776
2	173	0.815926
2	175	1.26803
2	177	0.812216
2	179	0.779286
2	180	0.776052
3	89	0.741162
3	124	0.691779
3	129	0.717205
3	153	0.717112
3	161	0.707703
3	169	2.4441
3	170	0.731928
3	171	0.719492
3	172	0.727306
3	175	0.723054
3	176	2.91256
3	178	0.72351
4	110	1.74453
4	125	0.727123
4	130	0.728256
4	137	0.728862
4	146	0.738699
4	155	0.714153
4	163	0.718539
4	174	0.730234
4	176	0.707757
4	177	0.719826
4	178	2.5054
4	179	0.686896
5	1	1.84492
5	49	0.211468
5	70	2.15324
5	101	0.805372
5	102	0.807824
5	168	0.803385
5	169	0.80186
5	174	0.820796
5	176	0.798319
5	177	0.810389
5	179	0.777458
5	180	0.774224
6	19	0.630669
6	31	0.670225
6	32	0.723135
6	34	0.723171
6	44	0.705766
6	63	5.11873
6	73	0.814899
6	74	0.751553
6	102	0.982888
6	117	0.702043
6	133	0.718092
6	162	0.759755
7	15	0.77721
7	16	0.696658
7	24	1.54415
7	77	0.735846
7	97	0.731287
7	134	0.70072
7	149	2.70124
7	168	0.713037
7	174	0.730448
7	176	0.707971
7	177	0.72004
7	179	0.68711
8	58	1.69541
8	96	1.12186
8	143	0.79893
8	154	0.812298
8	157	0.801478
8	159	0.808617
8	163	0.806415
8	174	0.81811
8	177	0.807702
8	178	1.14238
8	179	0.774772
8	180	0.771538
9	69	2.84986
9	105	0.708061
9	125	2.50936
9	127	0.721305
9	141	0.732531
9	148	0.712891
9	156	0.711176
9	161	0.709455
9	170	0.73368
9	171	0.721244
9	175	0.724806
9	178	0.725262
10	13	0.601553
10	39	0.690478
10	69	0.662276
10	128	0.669419
10	140	0.586732
10	147	0.676893
10	155	0.667037
10	161	4.51103
10	173	0.676421
10	176	0.660641
10	177	0.672711
10	180	0.636546
11	18	0.678979
11	23	0.668143
11	25	0.745675
11	27	0.744049
11	29	0.7457
11	38	0.729663
11	41	0.709243
11	53	0.709245
11	54	0.709244
11	111	0.759336
11	146	2.44644
11	176	2.90721
12	46	0.527316
12	49	4.49165
12	50	0.675039
12	95	0.678971
12	106	0.712898
12	130	0.677613
12	166	0.672034
12	169	0.660655
12	176	0.657114
12	177	0.669183
12	179	0.636253
12	180	0.633019
13	10	0.601553
13	47	0.59619
13	68	0.581431
13	127	4.50878
13	142	0.711276
13	169	0.674996
13	173	0.687235
13	174	0.693932
13	176	0.671455
13	177	0.683524
13	179	0.650594
13	180	0.64736
14	51	0.512916
14	129	0.612985
14	133	0.610261
14	141	0.626558
14	154	0.616797
14	166	0.615051
14	169	0.603673
14	170	0.627707
14	175	0.618833
14	176	0.600131
14	179	0.579271
14	180	0.576036
15	7	0.77721
15	23	0.763171
15	27	0.839077
15	41	0.804271
15	43	1.42465
15	53	0.804274
15	54	0.804272
15	117	1.47784
15	155	0.806178
15	167	1.03136
15	174	0.822259
15	179	0.778921
16	7	0.696658
16	127	1.79696
16	142	0.759051
16	155	0.725626
16	164	0.716057
16	165	2.42739
16	166	0.73415
16	168	0.724296
16	176	0.71923
16	177	0.7313
16	179	0.698369
16	180	0.695135
17	23	0.682909
17	38	0.744429
17	41	0.724009
17	53	0.724011
17	54	0.72401
17	144	1.99881
17	146	0.750462
17	154	0.736185
17	167	2.24023
17	176	0.71952
17	179	0.698659
17	180	0.695425
18	11	0.678979
18	23	0.668157
18	25	0.745689
18	27	0.744063
18	29	0.745714
18	38	0.729678
18	41	0.709257
18	53	0.70926
18	54	0.709258
18	111	0.75935
18	159	2.66687
18	168	2.71663
19	6	0.630669
19	31	0.615514
19	74	0.696842
19	110	4.12222
19	133	0.663381
19	159	0.666235
19	162	0.705044
19	163	0.664032
19	174	0.675728
19	176	0.653251
19	180	0.629156
20	56	2.93893
20	84	2.75896
20	89	0.728506
20	109	0.688551
20	136	0.710069
20	144	0.712023
20	156	0.696767
20	165	0.703717
20	167	0.705452
20	170	0.719271
20	172	0.71465
20	175	0.710397
20	178	0.710854
21	31	0.721601
21	32	0.774512
21	34	0.774548
21	36	0.767695
21	44	0.757143
21	73	0.866275
21	74	0.80293
21	107	4.15954
21	117	0.753419
21	122	0.879489
21	133	0.769468
21	159	1.06524
21	162	0.811132
22	31	4.93037
22	59	0.611369
22	81	0.682998
22	140	0.574432
22	157	0.654186
22	161	0.651692
22	165	0.660363
22	166	0.663261
22	170	0.675917
22	173	0.664121
22	175	0.667043
22	178	0.667499
22	179	0.62748
23	11	0.668143
23	15	0.763171
23	17	0.682909
23	18	0.668157
23	25	0.734853
23	27	0.733227
23	29	0.734878
23	38	0.718841
23	41	0.698421
23	53	0.698424
23	54	0.698422
23	84	2.88895
23	142	2.81421
24	7	1.54415
24	55	0.779598
24	68	0.686024
24	118	0.771248
24	119	0.806396
24	145	3.13537
24	161	0.779399
24	165	0.78807
24	170	0.803624
24	171	0.791188
24	172	0.799002
24	173	1.08462
24	178	0.795206
25	11	0.745675
25	18	0.745689
25	23	0.734853
25	27	0.810759
25	29	0.81241
25	38	0.796373
25	41	0.775953
25	51	6
25	53	0.775956
25	54	0.775954
25	59	2.5764
25	111	0.826046
25	140	1.28017
26	84	0.747995
26	116	1.87788
26	130	0.797782
26	147	0.793535
26	148	1.16176
26	158	1.28128
26	160	0.803761
26	169	0.780825
26	174	0.79976
26	176	0.777283
26	177	0.789353
26	179	0.756422
26	180	0.753188
27	11	0.744049
27	15	0.839077
27	18	0.744063
27	23	0.733227
27	25	0.810759
27	29	0.810784
27	38	0.794747
27	41	0.774327
27	53	0.774329
27	54	0.774328
27	88	1.04462
27	138	3.72665
27	157	1.3292
28	61	0.687465
28	66	0.665153
28	67	0.66206
28	97	0.737973
28	118	2.32539
28	146	0.745599
28	164	0.711484
28	169	0.718198
28	174	0.737134
28	175	2.30756
28	176	0.714657
28	177	0.726727
28	179	0.693796
29	11	0.7457
29	18	0.745714
29	23	0.734878
29	25	0.81241
29	27	0.810784
29	38	0.796398
29	41	0.775977
29	53	0.77598
29	54	0.775979
29	59	3.8236
29	111	0.826071
29	139	5.70247
29	168	0.298817
30	42	0.764123
30	88	1.93049
30	90	0.786168
30	111	0.817313
30	127	0.777932
30	154	1.86403
30	156	0.767802
30	158	0.772516
30	161	0.766082
30	167	0.776487
30	170	0.790306
30	174	2.30034
30	178	0.781889
31	6	0.670225
31	19	0.615514
31	21	0.721601
31	22	4.93037
31	32	0.707979
31	34	0.708016
31	36	0.701163
31	44	0.690611
31	73	0.799743
31	74	0.736398
31	133	0.702936
31	146	0.544701
31	162	0.7446
32	6	0.723135
32	21	0.774512
32	31	0.707979
32	34	0.760926
32	36	0.754073
32	44	0.743521
32	73	0.852653
32	74	0.789308
32	79	0.764237
32	117	0.739797
32	133	0.755846
32	140	6.38565
32	152	0.845858
32	162	0.79751
33	75	3.58292
33	105	0.698073
33	124	0.683543
33	139	0.598515
33	141	0.722543
33	156	0.701188
33	158	0.705901
33	164	2.53699
33	165	0.708138
33	167	0.709873
33	170	0.723692
33	172	0.71907
33	175	0.714818
33	178	0.715275
34	6	0.723171
34	21	0.774548
34	31	0.708016
34	32	0.760926
34	36	0.75411
34	44	0.743558
34	73	0.85269
34	74	0.789344
34	107	4.24046
34	117	0.739834
34	133	0.755883
34	155	1.02308
34	162	0.797546
34	174	1.26588
35	100	0.766797
35	123	0.744073
35	130	0.774307
35	131	1.83539
35	141	1.32284
35	152	0.788329
35	159	0.766792
35	160	0.780285
35	169	0.757349
35	173	0.769587
35	176	0.753808
35	177	0.765877
35	178	1.60731
35	179	0.732947
36	21	0.767695
36	31	0.701163
36	32	0.754073
36	34	0.75411
36	44	0.736705
36	57	0.784863
36	73	0.845837
36	74	0.782492
36	97	1.85198
36	117	0.732981
36	133	0.74903
36	152	2.31038
36	162	0.790694
36	177	2.25995
37	57	1.40637
37	109	2.03007
37	126	0.748867
37	142	0.799493
37	143	0.762969
37	151	0.768802
37	163	0.770453
37	168	0.764738
37	169	0.763213
37	170	1.3367
37	173	0.775451
37	177	0.771741
37	179	0.738811
37	180	0.735577
38	11	0.729663
38	17	0.744429
38	18	0.729678
38	23	0.718841
38	25	0.796373
38	27	0.794747
38	29	0.796398
38	41	0.759941
38	53	0.759944
38	54	0.759942
38	111	0.810034
38	138	1.24406
38	139	7.49753
38	163	1.24074
39	10	0.690478
39	84	0.731092
39	107	0.689923
39	132	0.79043
39	148	1.40182
39	151	0.76951
39	159	0.773364
39	169	0.763921
39	171	1.95382
39	174	0.782857
39	175	1.79373
39	176	0.76038
39	177	0.77245
39	179	0.739519
39	180	0.736285
40	65	0.780273
40	116	0.735184
40	119	0.761265
40	120	0.764782
40	129	0.74377
40	130	2.00066
40	141	0.757344
40	148	0.737703
40	152	2.24891
40	153	0.743677
40	156	0.735988
40	167	0.744673
40	171	0.746057
40	176	2.5778
40	178	0.750075
41	11	0.709243
41	15	0.804271
41	17	0.724009
41	18	0.709257
41	23	0.698421
41	25	0.775953
41	27	0.774327
41	29	0.775977
41	38	0.759941
41	53	0.739523
41	54	0.739522
41	111	0.789614
41	154	1.58898
41	179	2.59289
41	180	2.70896
42	30	0.764123
42	95	1.70774
42	110	0.75596
42	127	0.747136
42	143	2.01707
42	144	0.752263
42	156	0.737007
42	158	0.74172
42	165	0.743957
42	167	0.745692
42	170	0.759511
42	171	0.747075
42	172	0.754889
42	178	0.751094
42	180	3.11373
43	15	1.42465
43	70	0.732236
43	131	0.738313
43	134	2.58739
43	136	0.758375
43	148	0.746788
43	149	0.742263
43	150	0.761117
43	155	2.57852
43	156	0.745073
43	161	0.743353
43	165	0.752023
43	172	0.762956
43	175	0.758703
43	178	0.75916
44	6	0.705766
44	21	0.757143
44	31	0.690611
44	32	0.743521
44	34	0.743558
44	36	0.736705
44	57	0.774311
44	73	0.835285
44	74	0.771939
44	117	0.722429
44	133	0.738478
44	138	3.59193
44	162	0.780141
44	163	1.34917
44	180	1.96342
45	96	0.736678
45	120	0.766322
45	135	0.7563
45	144	0.752784
45	149	0.734718
45	150	0.753572
45	154	2.04352
45	156	0.737528
45	159	2.36011
45	165	0.744478
45	170	0.760032
45	172	0.755411
45	174	2.47984
45	175	0.751158
45	178	0.751615
46	12	0.527316
46	47	0.52548
46	89	0.637556
46	114	0.587267
46	142	0.640567
46	144	0.621073
46	148	0.607532
46	149	0.603007
46	164	0.597572
46	174	0.623223
46	175	0.619447
46	176	0.600746
46	177	0.612815
46	178	0.619904
46	180	0.576651
47	13	0.59619
47	46	0.52548
47	71	0.652346
47	137	0.676383
47	143	0.658575
47	145	0.59597
47	146	0.68622
47	148	5.70681
47	151	0.664408
47	160	0.681755
47	163	0.66606
47	168	0.660344
47	173	0.671058
47	179	0.634417
47	180	0.631183
48	56	0.750296
48	118	1.85042
48	130	0.765996
48	154	0.762162
48	155	0.751893
48	162	1.48109
48	163	0.756278
48	164	0.742323
48	166	0.760417
48	170	1.80264
48	173	0.761277
48	176	0.745497
48	177	0.757566
48	179	0.724636
48	180	0.721402
49	5	0.211468
49	12	4.49165
49	58	0.732988
49	92	0.75016
49	110	0.759631
49	116	0.739874
49	129	0.74846
49	135	0.759449
49	156	0.740678
49	165	0.747628
49	167	0.749363
49	170	0.763182
49	175	0.754308
49	178	0.754765
49	179	1.60229
50	12	0.675039
50	118	1.58877
50	125	0.767835
50	130	0.768968
50	142	0.78829
50	149	1.87839
50	155	0.754865
50	160	0.774946
50	168	0.753535
50	169	0.75201
50	173	0.764249
50	176	0.748469
50	178	1.69257
50	179	0.727608
50	180	0.724374
51	14	0.512916
51	25	6
51	57	0.68929
51	59	0.606355
51	70	0.635562
51	151	0.652457
51	152	0.677849
51	154	0.659992
51	157	0.649172
51	161	0.646678
51	170	0.670902
51	171	0.658467
51	177	0.655397
51	178	0.662485
51	179	0.622466
52	65	0.775993
52	76	0.815634
52	78	0.760975
52	80	0.756767
52	138	0.699548
52	147	1.90664
52	148	0.733423
52	158	0.736421
52	165	0.738658
52	168	2.45959
52	171	0.741776
52	172	0.74959
52	174	2.52955
52	175	0.745338
52	178	0.745795
53	11	0.709245
53	15	0.804274
53	17	0.724011
53	18	0.70926
53	23	0.698424
53	25	0.775956
53	27	0.774329
53	29	0.77598
53	38	0.759944
53	41	0.739523
53	54	0.739525
53	63	1.28127
53	68	6.8
53	111	0.789616
53	138	1.14349
54	11	0.709244
54	15	0.804272
54	17	0.72401
54	18	0.709258
54	23	0.698422
54	25	0.775954
54	27	0.774328
54	29	0.775979
54	38	0.759942
54	41	0.739522
54	53	0.739525
54	111	0.789615
54	134	2.09189
54	173	1.90098
54	179	2.8934
55	24	0.779598
55	87	0.75648
55	90	0.75753
55	93	2.86448
55	96	0.738314
55	133	0.744223
55	135	0.757935
55	139	0.636492
55	140	0.660184
55	144	0.75442
55	160	2.03591
55	167	0.747849
55	170	0.761668
55	173	2.34294
55	175	0.752794
55	178	0.753251
56	20	2.93893
56	48	0.750296
56	69	0.736977
56	79	0.772773
56	101	0.742395
56	102	0.744847
56	125	0.754708
56	145	0.676034
56	152	0.769863
56	161	1.49204
56	162	1.38665
56	168	0.740408
56	169	0.738883
56	177	0.747411
56	179	0.714481
56	180	0.711247
57	36	0.784863
57	37	1.40637
57	44	0.774311
57	51	0.68929
57	73	0.883443
57	74	0.820098
57	76	0.865503
57	115	0.774883
57	128	1.7643
57	133	0.786636
57	147	1.7759
57	150	0.797621
57	157	2.31353
57	162	0.8283
57	172	0.79946
57	178	0.795664
58	8	1.69541
58	49	0.732988
58	86	0.737324
58	105	0.729882
58	112	0.74789
58	124	0.715352
58	128	2.39925
58	129	0.740778
58	148	0.734711
58	156	0.732996
58	158	0.73771
58	164	2.85189
58	167	0.741681
58	170	0.7555
58	175	0.746626
58	178	0.747083
59	22	0.611369
59	25	2.5764
59	29	3.8236
59	51	0.606355
59	140	0.619661
59	162	0.745364
59	164	0.690397
59	165	0.705592
59	168	0.698636
59	171	0.70871
59	172	0.716524
59	173	0.70935
59	175	0.712272
59	176	0.69357
59	178	0.712729
59	180	0.669475
60	61	0.665614
60	93	0.662521
60	113	0.709817
60	123	0.683071
60	136	2.79509
60	137	0.713911
60	143	0.696104
60	145	0.633498
60	147	0.709057
60	155	0.699202
60	156	3.03245
60	164	0.689632
60	176	0.692806
60	177	0.704876
60	179	0.671945
60	180	0.668711
61	28	0.687465
61	60	0.665614
61	62	2.84789
61	64	0.571526
61	81	0.738008
61	87	2.52393
61	137	0.724457
61	145	0.644044
61	146	0.734294
61	152	0.737873
61	157	0.709196
61	169	0.706893
61	173	0.719131
61	179	0.68249
61	180	0.679256
62	61	2.84789
62	79	2.00548
62	83	0.693827
62	119	0.757196
62	120	0.760713
62	121	0.74873
62	133	0.736978
62	134	2.1227
62	138	0.699759
62	149	0.729109
62	158	0.736633
62	170	0.754423
62	171	0.741988
62	172	0.749802
62	175	0.745549
62	178	0.746006
63	6	5.11873
63	53	1.28127
63	75	0.622657
63	108	0.677754
63	112	0.700032
63	116	0.684334
63	136	0.69844
63	155	0.686462
63	158	0.689851
63	170	0.707642
63	172	0.70302
63	174	0.702543
63	176	0.680066
63	177	0.692136
63	178	0.699225
63	180	0.655971
64	61	0.571526
64	99	0.541328
64	114	0.585239
64	131	0.597028
64	152	0.633239
64	167	0.612474
64	170	0.626293
64	171	0.613857
64	172	0.621671
64	175	0.617419
64	176	0.598717
64	177	0.610787
64	178	0.617876
64	179	0.577857
64	180	0.574622
65	40	0.780273
65	52	0.775993
65	119	0.810247
65	121	0.801782
65	131	0.77821
65	137	1.76644
65	139	0.682298
65	141	0.806326
65	148	0.786686
65	157	2.08585
65	161	0.78325
65	171	0.795039
65	172	0.802853
65	175	0.798601
65	176	2.23049
65	177	1.85118
65	178	0.799058
66	28	0.665153
66	80	2.84878
66	107	0.610582
66	130	0.701538
66	138	0.65395
66	146	0.711981
66	152	0.71556
66	155	0.687435
66	157	0.686884
66	159	0.694023
66	161	3.35718
66	166	0.695959
66	168	0.686105
66	176	0.681039
66	177	0.693108
66	179	0.660178
66	180	0.656944
67	28	0.66206
67	141	3.16111
67	145	0.618638
67	146	0.708888
67	151	0.687076
67	152	0.712467
67	155	0.684342
67	158	3.05155
67	159	0.69093
67	163	0.688728
67	164	0.674772
67	166	0.692866
67	174	0.700423
67	176	0.677946
67	177	0.690015
67	179	0.657085
67	180	0.653851
68	13	0.581431
68	24	0.686024
68	53	6.8
68	90	0.663956
68	104	0.65386
68	109	0.637374
68	112	0.660484
68	139	0.542918
68	145	0.581211
68	146	0.671461
68	156	0.64559
68	157	0.646364
68	158	0.650304
68	173	0.656299
68	174	0.662996
68	176	0.640519
68	179	0.619658
69	9	2.84986
69	10	0.662276
69	56	0.736977
69	119	1.41577
69	121	1.97677
69	143	0.735476
69	145	0.67287
69	154	0.748843
69	157	0.738023
69	163	0.74296
69	166	0.747098
69	168	0.737244
69	169	0.735719
69	174	0.754655
69	176	0.732178
69	177	0.744248
69	179	0.711317
70	5	2.15324
70	43	0.732236
70	51	0.635562
70	80	0.752908
70	83	0.689756
70	87	0.745164
70	92	0.737331
70	118	0.717977
70	120	0.756643
70	124	0.710204
70	144	0.743105
70	170	0.750353
70	172	0.745731
70	173	2.55163
70	175	0.741479
70	177	2.65652
70	178	0.741936
71	47	0.652346
71	97	0.750927
71	108	0.725299
71	126	0.716806
71	128	0.73639
71	132	0.757662
71	133	1.93087
71	142	0.767432
71	147	0.743863
71	153	2.1042
71	155	0.734007
71	163	0.738393
71	167	1.90678
71	176	0.727611
71	177	0.739681
71	179	0.70675
71	180	0.703516
72	79	0.75076
72	82	0.749787
72	100	0.726318
72	105	2.35189
72	120	1.90055
72	147	0.72958
72	152	0.74785
72	154	0.729994
72	160	0.739806
72	161	1.70224
72	163	0.72411
72	166	0.728248
72	168	0.718394
72	169	0.71687
72	174	0.735805
72	176	0.713328
72	180	0.689233
73	6	0.814899
73	21	0.866275
73	31	0.799743
73	32	0.852653
73	34	0.85269
73	36	0.845837
73	44	0.835285
73	57	0.883443
73	74	0.881072
73	104	0.457446
73	117	0.831561
73	133	0.84761
73	140	6.73418
73	159	0.514871
73	162	0.889274
73	174	0.31518
73	179	0.882767
74	6	0.751553
74	19	0.696842
74	21	0.80293
74	31	0.736398
74	32	0.789308
74	34	0.789344
74	36	0.782492
74	44	0.771939
74	57	0.820098
74	73	0.881072
74	117	0.768215
74	125	0.947937
74	133	0.784265
74	138	3.89387
74	157	1.49642
74	162	0.825928
74	163	1.65111
75	33	3.58292
75	63	0.622657
75	97	0.696449
75	99	0.615744
75	125	0.692499
75	130	0.693632
75	138	0.646045
75	142	0.712954
75	146	0.704076
75	160	0.699611
75	164	0.66996
75	166	0.688053
75	169	0.676675
75	174	0.69561
75	177	0.685203
75	178	3.34479
75	179	0.652272
75	180	0.649038
76	52	0.815634
76	57	0.865503
76	81	1.18783
76	86	0.828939
76	91	1.23003
76	96	0.823761
76	124	0.806967
76	129	0.832393
76	131	0.817851
76	149	0.821801
76	163	1.94913
76	167	0.833296
76	171	0.83468
76	172	0.842494
76	174	1.87971
76	175	0.838241
76	178	0.838698
76	179	2.4473
77	7	0.735846
77	78	1.52103
77	122	0.79146
77	132	0.788469
77	136	1.37072
77	142	0.798239
77	152	0.79294
77	155	0.764814
77	156	1.60807
77	159	0.771402
77	166	0.773338
77	169	0.761959
77	172	1.55714
77	173	0.774198
77	174	0.780895
77	176	0.758418
77	177	0.770488
77	179	0.737557
78	52	0.760975
78	77	1.52103
78	83	0.73186
78	86	0.77428
78	93	2.41941
78	98	0.770682
78	124	0.752308
78	130	1.80493
78	135	0.788724
78	148	0.771668
78	149	0.767142
78	153	0.777641
78	158	0.774666
78	167	0.778638
78	171	0.780021
78	172	0.787835
78	174	2.3227
78	178	0.78404
79	32	0.764237
79	56	0.772773
79	62	2.00548
79	72	0.75076
79	81	0.802631
79	113	0.784986
79	128	0.776753
79	133	2.10098
79	134	0.760723
79	150	1.73462
79	154	0.78464
79	155	0.77437
79	164	0.764801
79	168	0.77304
79	173	0.783754
79	177	0.780044
79	179	0.747113
79	180	0.743879
80	52	0.756767
80	66	2.84878
80	70	0.752908
80	89	0.797483
80	103	0.756591
80	121	0.782556
80	127	0.775875
80	148	0.76746
80	152	1.33507
80	153	0.773433
80	158	0.770459
80	161	0.764025
80	165	0.772695
80	167	0.77443
80	171	0.775813
80	174	1.60459
80	178	0.779832
80	180	2.28825
81	22	0.682998
81	61	0.738008
81	76	1.18783
81	79	0.802631
81	85	0.742687
81	93	0.734914
81	97	0.788516
81	106	0.820984
81	115	1.81578
81	128	0.773978
81	129	1.67106
81	146	0.796142
81	147	0.781451
81	159	0.778184
81	160	0.791677
81	172	1.66694
81	173	0.780979
81	174	0.787677
82	72	0.749787
82	121	1.57033
82	125	0.786368
82	128	0.77578
82	132	0.797053
82	134	0.759751
82	137	0.788107
82	139	0.669401
82	144	1.48692
82	145	0.707694
82	163	0.777784
82	166	0.781922
82	168	0.772068
82	172	1.65911
82	176	0.767002
82	177	0.779072
82	178	1.78102
82	179	0.746141
82	180	0.742907
83	62	0.693827
83	70	0.689756
83	78	0.73186
83	87	0.719909
83	90	0.720959
83	126	2.80264
83	135	0.721364
83	136	0.715895
83	148	0.704308
83	153	0.710282
83	161	0.700873
83	165	0.709543
83	167	0.711278
83	169	2.82424
83	170	0.725097
83	171	0.712661
83	173	2.80851
83	175	0.716223
83	178	0.71668
84	20	2.75896
84	23	2.88895
84	26	0.747995
84	39	0.731092
84	102	0.71076
84	122	0.734297
84	147	0.717506
84	151	0.710385
84	160	0.727732
84	163	0.712037
84	164	0.698081
84	166	0.716175
84	169	0.704796
84	173	0.717035
84	176	0.701255
84	177	0.713325
84	178	1.6798
84	179	0.680394
84	180	0.67716
85	81	0.742687
85	102	0.717536
85	122	0.741073
85	132	0.738081
85	137	0.729136
85	160	0.734508
85	162	1.78682
85	163	0.718813
85	165	2.25656
85	168	0.713097
85	169	0.711572
85	171	2.2984
85	173	0.723811
85	174	0.730508
85	176	0.708031
85	177	0.7201
85	179	0.68717
85	180	0.683936
86	58	0.737324
86	76	0.828939
86	78	0.77428
86	100	2.19723
86	105	0.741899
86	110	0.763966
86	116	0.744209
86	132	2.0411
86	141	0.766369
86	144	0.760269
86	149	0.742203
86	160	1.8959
86	161	0.743293
86	167	0.753698
86	170	0.767517
86	171	0.755081
86	172	0.762896
86	174	2.62776
86	175	0.758643
87	55	0.75648
87	61	2.52393
87	70	0.745164
87	83	0.719909
87	103	0.748847
87	129	0.765783
87	131	0.751241
87	132	1.446
87	135	0.776773
87	144	0.773258
87	153	0.76569
87	158	0.762715
87	159	1.91294
87	161	0.756281
87	167	0.766686
87	171	0.76807
87	175	0.771631
87	178	0.772088
87	179	2.60025
88	27	1.04462
88	30	1.93049
88	114	0.744264
88	122	0.790785
88	130	0.778242
88	145	0.698435
88	147	0.773994
88	154	0.774408
88	157	0.763587
88	159	0.770726
88	164	0.754569
88	166	0.772663
88	170	1.95929
88	174	0.780219
88	176	0.757742
88	177	0.769812
88	178	2.11087
88	179	0.736882
88	180	0.733648
89	3	0.741162
89	20	0.728506
89	46	0.637556
89	80	0.797483
89	105	0.76931
89	114	2.52788
89	116	0.77162
89	122	2.14555
89	127	0.782554
89	140	0.693444
89	144	0.78768
89	150	0.788468
89	158	0.777138
89	161	0.770704
89	166	2.02613
89	171	0.782492
89	173	2.02619
89	175	0.786054
89	178	0.786511
90	30	0.786168
90	55	0.75753
90	68	0.663956
90	83	0.720959
90	92	0.768534
90	118	0.74918
90	141	0.780407
90	142	1.69807
90	144	0.774308
90	147	1.95082
90	149	0.756241
90	153	0.76674
90	156	0.759052
90	159	2.454
90	162	0.805774
90	163	2.64314
90	165	0.766002
90	175	0.772682
90	178	0.773138
91	1	2.01848
91	76	1.23003
91	104	0.767024
91	125	0.773048
91	132	0.783733
91	133	1.80244
91	143	0.75698
91	145	0.694375
91	147	0.769934
91	153	1.97577
91	160	0.78016
91	163	0.764464
91	168	0.758748
91	169	0.757224
91	173	0.769462
91	174	0.776159
91	176	0.753682
91	177	0.765752
91	180	0.729587
92	49	0.75016
92	70	0.737331
92	90	0.768534
92	103	0.741013
92	112	0.765062
92	119	0.775444
92	127	0.760297
92	150	0.766211
92	151	2.32347
92	155	2.21654
92	161	0.748447
92	167	0.758853
92	169	2.05024
92	170	0.772672
92	171	0.760236
92	172	0.76805
92	175	0.763798
92	177	2.13939
92	178	0.764255
93	55	2.86448
93	60	0.662521
93	78	2.41941
93	81	0.734914
93	126	0.689453
93	135	2.4415
93	142	0.740079
93	143	0.703555
93	151	0.709388
93	157	0.706103
93	159	0.713242
93	160	0.726735
93	163	0.711039
93	166	0.715178
93	169	0.703799
93	173	0.716038
93	176	0.700258
93	177	0.712327
93	179	0.679397
93	180	0.676163
94	101	1.93443
94	107	0.67852
94	116	0.753244
94	117	0.743058
94	118	0.744177
94	119	0.779325
94	121	0.770859
94	127	0.764178
94	134	2.20176
94	136	0.76735
94	137	2.031
94	139	0.651376
94	148	0.755763
94	150	0.770092
94	158	0.758762
94	161	0.752328
94	170	0.776552
94	175	0.767678
94	178	0.768135
94	179	3.00327
95	12	0.678971
95	42	1.70774
95	101	0.759454
95	105	2.04031
95	114	0.738922
95	135	1.62246
95	145	0.693093
95	146	0.783343
95	151	0.76153
95	154	0.769066
95	157	0.758245
95	160	0.778878
95	163	0.763182
95	166	0.76732
95	168	0.757466
95	169	0.755942
95	171	1.79685
95	174	0.774877
95	179	0.731539
95	180	0.728305
96	8	1.12186
96	45	0.736678
96	55	0.738314
96	76	0.823761
96	104	2.60247
96	112	0.754729
96	115	0.733141
96	121	0.756646
96	124	0.72219
96	141	0.761191
96	148	0.74155
96	153	0.747524
96	156	0.739835
96	161	0.738115
96	165	0.746785
96	167	0.74852
96	169	2.0511
96	172	0.757718
96	178	0.753922
96	180	3.14386
97	7	0.731287
97	28	0.737973
97	36	1.85198
97	71	0.750927
97	75	0.696449
97	81	0.788516
97	116	1.95538
97	126	0.743054
97	138	0.72677
97	143	0.757157
97	147	0.77011
97	152	0.788381
97	164	0.750685
97	170	1.60121
97	174	0.776336
97	176	0.753859
97	177	0.765929
97	178	1.7528
97	179	0.732998
97	180	0.729764
98	78	0.770682
98	100	1.98956
98	103	0.73226
98	109	0.733198
98	110	0.760368
98	118	0.731543
98	120	0.770209
98	141	0.76277
98	149	0.738604
98	150	0.757458
98	156	0.741415
98	158	0.746128
98	160	1.68823
98	161	0.739694
98	167	0.750099
98	171	0.751483
98	172	0.759297
98	176	2.47945
98	178	0.755501
98	179	2.98767
99	64	0.541328
99	75	0.615744
99	100	0.686143
99	113	0.690165
99	119	3.39546
99	134	0.665902
99	137	0.694259
99	140	0.599245
99	147	0.689405
99	151	0.682284
99	152	0.707675
99	157	0.678999
99	160	0.699631
99	163	0.683935
99	164	0.66998
99	173	0.688933
99	175	4.04551
99	176	0.673154
99	177	0.685223
99	180	0.649059
100	35	0.766797
100	72	0.726318
100	86	2.19723
100	98	1.98956
100	99	0.686143
100	114	0.730054
100	126	0.732727
100	132	0.773583
100	144	1.75609
100	145	0.684225
100	146	0.774475
100	147	0.759784
100	160	0.77001
100	164	0.740359
100	168	0.748598
100	170	1.89861
100	174	0.766009
100	176	0.743532
100	177	0.755602
100	179	0.722671
100	180	0.719437
101	5	0.805372
101	56	0.742395
101	94	1.93443
101	95	0.759454
101	106	0.79338
101	114	0.724117
101	126	0.726791
101	128	0.746374
101	134	0.730345
101	140	0.663687
101	143	0.740894
101	149	2.16529
101	151	0.746726
101	155	0.743992
101	158	1.58544
101	164	0.734423
101	166	0.752516
101	174	0.760073
101	175	1.85783
101	179	0.716735
101	180	0.713501
102	5	0.807824
102	6	0.982888
102	56	0.744847
102	84	0.71076
102	85	0.717536
102	108	0.737736
102	114	0.726569
102	145	0.68074
102	146	0.77099
102	150	2.19656
102	157	0.745893
102	158	2.1975
102	159	0.753032
102	162	2.1184
102	166	0.754968
102	169	0.743589
102	173	0.755828
102	174	0.762525
102	177	0.752118
102	179	0.719187
102	180	0.715953
103	80	0.756591
103	87	0.748847
103	92	0.741013
103	98	0.73226
103	115	0.724837
103	128	2.12088
103	131	0.724771
103	135	0.750303
103	138	0.699371
103	159	2.63567
103	161	0.729811
103	162	0.778254
103	165	0.738482
103	166	2.33049
103	167	0.740216
103	170	0.754035
103	171	0.7416
103	172	0.749414
103	175	0.745162
103	177	2.43544
103	178	0.745618
104	68	0.65386
104	73	0.457446
104	91	0.767024
104	96	2.60247
104	106	0.799669
104	126	0.733079
104	129	2.5052
104	137	0.76499
104	138	0.716796
104	145	0.684577
104	150	2.22802
104	155	0.75028
104	159	0.756868
104	164	0.740711
104	166	0.758804
104	168	0.74895
104	173	0.759664
104	174	0.766361
104	177	0.755954
104	179	0.723023
104	180	0.719789
105	9	0.708061
105	33	0.698073
105	58	0.729882
105	72	2.35189
105	86	0.741899
105	89	0.76931
105	95	2.04031
105	107	0.662043
105	113	2.05723
105	127	0.747701
105	135	0.756343
105	144	0.752828
105	150	0.753615
105	155	2.51984
105	162	0.784294
105	165	0.744521
105	167	0.746256
105	171	0.74764
105	172	0.755454
105	175	0.751201
105	178	0.751658
106	12	0.712898
106	81	0.820984
106	101	0.79338
106	104	0.799669
106	116	1.53816
106	128	0.795105
106	131	1.56365
106	132	0.816378
106	134	0.779076
106	143	0.789625
106	155	0.792723
106	157	0.792172
106	160	0.812805
106	164	0.783154
106	165	1.33219
106	170	1.184
106	171	1.37404
106	176	0.786327
106	177	0.798397
106	179	0.765466
106	180	0.762232
107	21	4.15954
107	34	4.24046
107	39	0.689923
107	66	0.610582
107	94	0.67852
107	105	0.662043
107	144	0.680413
107	145	0.600778
107	149	0.662347
107	153	0.672846
107	157	0.665931
107	159	0.67307
107	163	0.670868
107	164	0.656912
107	169	0.663627
107	171	0.675225
107	172	0.68304
107	175	0.678787
107	176	0.660086
107	178	0.679244
107	180	0.635991
108	63	0.677754
108	71	0.725299
108	102	0.737736
108	117	2.379
108	120	1.81579
108	122	0.761273
108	150	1.59025
108	152	0.762752
108	154	0.744896
108	155	0.734627
108	157	0.734076
108	159	0.741215
108	160	0.754708
108	164	0.725057
108	166	0.743151
108	168	0.733297
108	173	0.74401
108	175	1.86358
108	176	0.728231
108	177	0.7403
108	179	0.70737
108	180	0.704136
109	20	0.688551
109	37	2.03007
109	68	0.637374
109	98	0.733198
109	118	0.722598
109	120	0.761264
109	127	0.742599
109	135	0.751241
109	141	0.753825
109	143	2.60951
109	148	0.734185
109	150	0.748513
109	153	0.740158
109	156	0.73247
109	158	0.737183
109	160	2.29065
109	161	0.730749
109	165	0.73942
109	170	0.754974
109	175	0.7461
109	177	2.70255
109	178	0.746556
110	4	1.74453
110	19	4.12222
110	42	0.75596
110	49	0.759631
110	86	0.763966
110	98	0.760368
110	112	0.774533
110	118	0.749767
110	122	1.41438
110	131	0.752878
110	136	0.772941
110	141	0.780995
110	148	0.761354
110	149	0.756829
110	160	0.987997
110	165	0.766589
110	167	0.768324
110	170	0.782143
110	171	0.769707
110	172	0.777521
110	175	0.773269
110	176	1.77922
110	178	0.773726
111	11	0.759336
111	18	0.75935
111	25	0.826046
111	29	0.826071
111	30	0.817313
111	38	0.810034
111	41	0.789614
111	53	0.789616
111	54	0.789615
111	121	0.807007
111	130	1.75133
111	132	1.68244
111	134	2.03518
111	136	0.803498
111	143	1.8561
111	149	0.787386
111	150	0.80624
111	151	2.13324
111	166	1.8442
111	170	0.8127
111	171	0.800265
111	172	0.808079
111	175	0.803826
111	178	0.804283
112	1	0.806616
112	58	0.74789
112	63	0.700032
112	68	0.660484
112	92	0.765062
112	96	0.754729
112	110	0.774533
112	115	0.748885
112	119	0.780856
112	126	2.18119
112	135	0.774351
112	149	0.752769
112	153	0.763268
112	160	1.88003
112	161	0.753859
112	164	2.43003
112	165	0.76253
112	167	0.764265
112	169	2.20279
112	170	0.778084
112	172	0.773462
112	175	0.76921
112	177	2.29193
112	178	0.769667
113	60	0.709817
113	79	0.784986
113	99	0.690165
113	105	2.05723
113	132	0.777605
113	142	0.787375
113	145	0.688247
113	147	0.763806
113	153	1.92005
113	154	0.76422
113	156	1.70434
113	157	0.753399
113	159	0.760538
113	160	0.774032
113	161	1.40758
113	163	0.758336
113	164	0.744381
113	168	0.75262
113	173	0.763334
113	174	0.770031
113	176	0.747554
113	177	0.759624
113	178	1.77532
113	179	0.726693
113	180	0.723459
114	2	0.786668
114	46	0.587267
114	64	0.585239
114	88	0.744264
114	89	2.52788
114	95	0.738922
114	100	0.730054
114	101	0.724117
114	102	0.726569
114	121	2.34688
114	130	0.737563
114	134	0.709813
114	136	2.24924
114	140	0.643155
114	143	0.720362
114	145	0.657756
114	151	0.726194
114	152	0.751586
114	154	0.73373
114	168	0.72213
114	172	2.43567
114	174	0.739541
114	176	0.717064
114	177	0.729134
114	179	0.696203
114	180	0.692969
115	57	0.774883
115	81	1.81578
115	96	0.733141
115	103	0.724837
115	112	0.748885
115	120	0.762785
115	123	2.1686
115	124	0.716346
115	131	0.727231
115	135	0.752762
115	141	0.755347
115	146	2.10625
115	148	0.735706
115	149	0.731181
115	150	0.750034
115	152	2.23814
115	153	0.74168
115	158	0.738705
115	161	0.732271
115	165	0.740941
115	167	0.742676
115	171	0.744059
115	172	0.751874
115	175	0.747621
115	178	0.748078
115	180	3.19132
116	26	1.87788
116	40	0.735184
116	49	0.739874
116	63	0.684334
116	86	0.744209
116	89	0.77162
116	94	0.753244
116	97	1.95538
116	106	1.53816
116	129	0.747664
116	140	0.660901
116	141	0.761238
116	144	0.755138
116	148	0.741597
116	149	0.737071
116	150	0.755925
116	156	0.739882
116	165	0.746832
116	167	0.748567
116	170	0.762386
116	171	0.74995
116	172	0.757764
116	175	0.753512
116	177	2.36335
116	178	0.753969
116	179	3.25089
117	6	0.702043
117	15	1.47784
117	21	0.753419
117	32	0.739797
117	34	0.739834
117	36	0.732981
117	44	0.722429
117	73	0.831561
117	74	0.768215
117	94	0.743058
117	108	2.379
117	133	0.734754
117	138	0.697535
117	144	0.744952
117	149	0.726885
117	153	0.737384
117	157	2.78924
117	160	2.14266
117	162	0.776417
117	165	0.736645
117	167	0.73838
117	169	2.46541
117	171	0.739764
117	172	0.747578
117	175	0.743325
117	178	0.743782
118	24	0.771248
118	28	2.32539
118	48	1.85042
118	50	1.58877
118	70	0.717977
118	90	0.74918
118	94	0.744177
118	98	0.731543
118	109	0.722598
118	110	0.749767
118	120	0.759608
118	121	0.747625
118	127	0.740944
118	129	0.738596
118	141	0.75217
118	148	0.732529
118	153	0.738503
118	157	2.29165
118	158	0.735528
118	165	0.737764
118	167	0.739499
118	170	0.753318
118	172	0.748697
118	175	0.744444
118	178	0.744901
118	179	2.94451
119	24	0.806396
119	40	0.761265
119	62	0.757196
119	65	0.810247
119	69	1.41577
119	92	0.775444
119	94	0.779325
119	99	3.39546
119	112	0.780856
119	120	0.794756
119	121	0.782773
119	135	0.784734
119	137	1.30435
119	141	0.787318
119	151	1.57317
119	153	0.773651
119	155	1.46624
119	158	0.770676
119	161	0.764242
119	165	0.772912
119	167	0.774647
119	170	0.788466
119	171	0.776031
119	175	0.779592
119	178	0.780049
119	180	2.3927
120	40	0.764782
120	45	0.766322
120	62	0.760713
120	70	0.756643
120	72	1.90055
120	98	0.770209
120	108	1.81579
120	109	0.761264
120	115	0.762785
120	118	0.759608
120	119	0.794756
120	133	0.774538
120	136	0.782782
120	140	0.690499
120	146	1.90989
120	152	2.04178
120	153	0.777168
120	154	1.87499
120	158	0.774193
120	162	0.816202
120	165	0.77643
120	167	0.778165
120	171	0.779548
120	172	0.787362
120	175	0.78311
120	176	2.37066
120	178	0.783567
121	62	0.74873
121	65	0.801782
121	69	1.97677
121	80	0.782556
121	82	1.57033
121	94	0.770859
121	96	0.756646
121	111	0.807007
121	114	2.34688
121	118	0.747625
121	119	0.782773
121	127	0.767627
121	128	1.63553
121	131	0.750736
121	136	0.770799
121	143	1.85704
121	144	0.772753
121	148	0.759212
121	150	0.77354
121	156	0.757497
121	158	0.76221
121	162	0.804219
121	167	0.766182
121	172	0.775379
121	174	2.27004
121	175	0.771127
121	178	0.771584
122	21	0.879489
122	77	0.79146
122	84	0.734297
122	85	0.741073
122	88	0.790785
122	89	2.14555
122	108	0.761273
122	110	1.41438
122	123	0.75385
122	125	0.782951
122	132	0.793636
122	134	0.756334
122	137	0.78469
122	139	0.665984
122	144	1.88115
122	145	0.704277
122	151	0.772715
122	152	0.798107
122	153	2.31998
122	154	0.78025
122	157	0.76943
122	160	0.790062
122	162	1.70212
122	168	0.768651
122	173	0.779365
122	176	0.763585
122	177	0.775655
122	179	0.742724
123	35	0.744073
123	60	0.683071
123	115	2.1686
123	122	0.75385
123	126	0.710003
123	130	0.741307
123	138	0.693719
123	142	0.760629
123	143	0.724106
123	146	0.75175
123	151	0.729938
123	152	0.75533
123	154	0.737473
123	156	2.07069
123	157	0.726653
123	159	0.733792
123	160	0.747285
123	162	1.66854
123	163	0.73159
123	164	0.717634
123	166	0.735728
123	168	0.725874
123	172	2.01976
123	174	0.743285
123	176	0.720808
123	177	0.732878
123	178	2.14166
123	179	0.699947
124	3	0.691779
124	33	0.683543
124	58	0.715352
124	70	0.710204
124	76	0.806967
124	78	0.752308
124	96	0.72219
124	115	0.716346
124	125	2.19779
124	127	0.733171
124	132	2.24488
124	136	0.736343
124	144	0.738297
124	149	0.720231
124	150	0.739084
124	153	0.73073
124	155	2.58875
124	158	0.727755
124	160	2.09969
124	161	0.721321
124	165	0.729991
124	167	0.731726
124	170	0.745545
124	171	0.733109
124	172	0.740923
124	175	0.736671
124	178	0.737128
124	180	3.51521
125	4	0.727123
125	9	2.50936
125	50	0.767835
125	56	0.754708
125	74	0.947937
125	75	0.692499
125	82	0.786368
125	91	0.773048
125	122	0.782951
125	124	2.19779
125	126	0.739104
125	141	1.56249
125	146	0.780851
125	147	0.76616
125	155	0.756305
125	157	0.755754
125	159	0.762893
125	160	0.776386
125	166	0.764829
125	168	0.754975
125	169	0.75345
125	170	1.69538
125	173	0.765689
125	174	0.772386
125	176	0.749909
125	177	0.761979
125	178	1.84696
125	179	0.729048
125	180	0.725814
126	37	0.748867
126	71	0.716806
126	83	2.80264
126	93	0.689453
126	97	0.743054
126	100	0.732727
126	101	0.726791
126	104	0.733079
126	112	2.18119
126	123	0.710003
126	125	0.739104
126	129	1.93224
126	134	0.712487
126	143	0.723036
126	154	0.736403
126	155	0.726134
126	157	0.725583
126	159	0.732722
126	160	0.746215
126	164	0.716565
126	166	0.734658
126	168	0.724804
126	170	1.89844
126	173	0.735518
126	175	1.92839
126	176	0.719738
126	177	0.731808
126	179	0.698877
126	180	0.695643
127	9	0.721305
127	13	4.50878
127	16	1.79696
127	30	0.777932
127	42	0.747136
127	80	0.775875
127	89	0.782554
127	92	0.760297
127	94	0.764178
127	105	0.747701
127	109	0.742599
127	118	0.740944
127	121	0.767627
127	124	0.733171
127	129	0.758597
127	139	0.648143
127	140	0.671835
127	141	0.772171
127	144	0.766072
127	151	1.71104
127	156	0.750815
127	158	0.755529
127	165	0.757765
127	167	0.7595
127	168	1.77694
127	170	0.773319
127	171	0.760884
127	174	1.84691
127	177	1.52696
127	178	0.764902
128	10	0.669419
128	57	1.7643
128	58	2.39925
128	71	0.73639
128	79	0.776753
128	81	0.773978
128	82	0.77578
128	101	0.746374
128	103	2.12088
128	106	0.795105
128	121	1.63553
128	130	0.75982
128	137	0.760426
128	151	0.748451
128	152	0.773843
128	154	0.755987
128	155	0.745717
128	157	0.745166
128	159	0.752305
128	160	0.765799
128	163	0.750103
128	164	0.736148
128	167	1.79353
128	169	0.742862
128	173	0.755101
128	174	0.761798
128	175	1.72458
128	176	0.739321
128	179	0.71846
128	180	0.715226
129	3	0.717205
129	14	0.612985
129	40	0.74377
129	49	0.74846
129	58	0.740778
129	76	0.832393
129	81	1.67106
129	87	0.765783
129	104	2.5052
129	116	0.747664
129	118	0.738596
129	126	1.93224
129	127	0.758597
129	131	0.741707
129	132	1.77628
129	136	0.76177
129	144	0.763724
129	148	0.750183
129	150	0.764511
129	153	0.756156
129	156	0.748468
129	158	0.753181
129	161	0.746747
129	165	0.755418
129	166	1.93804
129	167	0.757152
129	170	0.770971
129	175	0.762098
129	178	0.762554
129	180	3.0466
130	4	0.728256
130	12	0.677613
130	26	0.797782
130	35	0.774307
130	40	2.00066
130	48	0.765996
130	50	0.768968
130	66	0.701538
130	75	0.693632
130	78	1.80493
130	88	0.778242
130	111	1.75133
130	114	0.737563
130	123	0.741307
130	128	0.75982
130	137	0.772147
130	141	1.67848
130	143	0.75434
130	147	0.767294
130	151	0.760172
130	154	0.767707
130	159	0.764026
130	164	0.747869
130	165	1.95957
130	169	0.754583
130	173	0.766822
130	177	0.763112
130	178	1.96295
130	179	0.730181
130	180	0.726947
131	1	0.784962
131	35	1.83539
131	43	0.738313
131	64	0.597028
131	65	0.77821
131	76	0.817851
131	87	0.751241
131	103	0.724771
131	106	1.56365
131	110	0.752878
131	115	0.727231
131	121	0.750736
131	129	0.741707
131	135	0.752697
131	136	0.747227
131	143	2.2958
131	144	0.749182
131	148	0.73564
131	150	0.749969
131	153	0.741614
131	158	0.738639
131	161	0.732205
131	165	0.740875
131	166	2.28389
131	170	0.756429
131	171	0.743994
131	172	0.751808
131	173	2.28396
131	175	0.747555
131	178	0.748012
131	179	3.27638
132	39	0.79043
132	71	0.757662
132	77	0.788469
132	82	0.797053
132	85	0.738081
132	86	2.0411
132	87	1.446
132	91	0.783733
132	100	0.773583
132	106	0.816378
132	111	1.68244
132	113	0.777605
132	122	0.793636
132	124	2.24488
132	129	1.77628
132	134	0.753342
132	140	0.686684
132	141	1.60959
132	143	0.763891
132	155	0.766989
132	159	0.773577
132	162	1.42093
132	163	0.771375
132	164	0.75742
132	166	0.775514
132	168	0.765659
132	173	0.776373
132	174	0.78307
132	176	0.760593
132	177	0.772663
132	179	0.739733
132	180	0.736499
133	6	0.718092
133	14	0.610261
133	19	0.663381
133	21	0.769468
133	31	0.702936
133	32	0.755846
133	34	0.755883
133	36	0.74903
133	44	0.738478
133	55	0.744223
133	57	0.786636
133	62	0.736978
133	71	1.93087
133	73	0.84761
133	74	0.784265
133	79	2.10098
133	91	1.80244
133	117	0.734754
133	120	0.774538
133	140	0.666764
133	149	0.742934
133	153	0.753433
133	154	2.01581
133	156	0.745744
133	161	0.744024
133	162	0.792466
133	164	2.27027
133	172	0.763627
133	175	0.759374
133	178	0.759831
133	180	3.13578
134	7	0.70072
134	43	2.58739
134	54	2.09189
134	62	2.1227
134	79	0.760723
134	82	0.759751
134	94	2.20176
134	99	0.665902
134	101	0.730345
134	106	0.779076
134	111	2.03518
134	114	0.709813
134	122	0.756334
134	126	0.712487
134	132	0.753342
134	142	0.763113
134	146	0.754234
134	150	1.85183
134	151	0.732422
134	152	0.757813
134	154	0.739957
134	157	0.729137
134	159	0.736276
134	164	0.720118
134	166	0.738212
134	168	0.728358
134	169	0.726833
134	173	0.739072
134	174	0.745769
134	176	0.723292
134	177	0.735361
134	179	0.702431
134	180	0.699197
135	45	0.7563
135	49	0.759449
135	55	0.757935
135	78	0.788724
135	83	0.721364
135	87	0.776773
135	93	2.4415
135	95	1.62246
135	103	0.750303
135	105	0.756343
135	109	0.751241
135	112	0.774351
135	115	0.752762
135	119	0.784734
135	131	0.752697
135	136	0.772759
135	140	0.680477
135	146	1.94337
135	150	0.7755
135	153	0.767146
135	155	2.10199
135	156	0.759457
135	158	0.764171
135	161	0.757737
135	164	2.16293
135	165	0.766407
135	167	0.768142
135	170	0.781961
135	172	0.77734
135	173	1.91995
135	175	0.773087
135	176	2.40415
135	178	0.773544
136	20	0.710069
136	43	0.758375
136	60	2.79509
136	63	0.69844
136	77	1.37072
136	83	0.715895
136	94	0.76735
136	110	0.772941
136	111	0.803498
136	114	2.24924
136	120	0.782782
136	121	0.770799
136	124	0.736343
136	129	0.76177
136	131	0.747227
136	135	0.772759
136	139	0.651315
136	144	0.769244
136	149	0.751177
136	150	0.770031
136	156	0.753988
136	158	0.758701
136	161	0.752267
136	162	0.80071
136	163	2.24181
136	165	0.760938
136	167	0.762673
136	168	2.10243
136	169	1.76329
136	171	0.764056
136	172	0.77187
136	175	0.767618
136	176	2.23176
136	178	0.768075
137	4	0.728862
137	47	0.676383
137	60	0.713911
137	61	0.724457
137	65	1.76644
137	82	0.788107
137	85	0.729136
137	94	2.031
137	99	0.694259
137	104	0.76499
137	119	1.30435
137	122	0.78469
137	128	0.760426
137	130	0.772147
137	141	1.79156
137	145	0.69234
137	146	0.782591
137	151	0.760778
137	152	0.78617
137	155	0.758044
137	160	0.778126
137	163	0.76243
137	164	0.748475
137	165	2.07264
137	166	0.766568
137	168	0.756714
137	169	0.755189
137	172	1.95413
137	173	0.767428
137	174	0.774125
137	175	1.9544
137	176	0.751648
137	177	0.763718
137	179	0.730787
137	180	0.727553
138	27	3.72665
138	38	1.24406
138	44	3.59193
138	52	0.699548
138	53	1.14349
