1	22	1.31317
1	77	1.32994
1	78	1.32527
1	82	1.39179
1	91	1.35261
1	109	0.492262
1	110	1.48582
1	138	0.50812
1	145	1.40786
1	150	0.520482
1	170	0.485229
1	178	0.482175
2	78	1.31302
2	81	1.31845
2	82	1.37954
2	85	1.39077
2	91	1.34036
2	110	1.47357
2	138	0.521152
2	145	1.3956
2	161	0.494493
2	163	0.483748
2	168	0.528355
2	180	0.459996
3	87	1.39212
3	104	1.31706
3	106	1.37781
3	126	1.38337
3	127	1.38327
3	138	0.49713
3	144	0.530851
3	155	1.37507
3	156	0.493519
3	158	0.45122
3	159	1.37884
3	177	0.515998
4	83	1.3556
4	96	1.30028
4	116	1.39442
4	119	1.35186
4	131	0.4849
4	152	1.35435
4	153	1.39993
4	164	0.48694
4	171	0.491158
4	173	0.507725
4	176	0.51823
4	180	1.44197
5	37	0.685394
5	97	0.554713
5	112	1.20405
5	117	1.2093
5	123	1.22608
5	124	0.534724
5	127	0.558332
5	151	1.20414
5	173	1.20465
5	175	1.23542
5	176	1.18885
5	179	1.12029
6	31	1.46172
6	37	1.23322
6	56	1.46193
6	60	1.41001
6	69	0.497248
6	71	1.34572
6	73	1.34581
6	76	1.34594
6	133	0.522359
6	144	0.523113
6	162	0.489292
6	165	0.456144
7	26	1.45096
7	32	1.42335
7	35	1.2751
7	54	1.2928
7	57	1.3728
7	64	1.3873
7	79	1.40725
7	131	0.499039
7	165	0.479705
7	170	0.490063
7	171	0.505297
7	172	0.514797
8	95	1.31166
8	96	1.30757
8	116	1.40171
8	119	1.35915
8	142	0.491036
8	152	1.36164
8	153	1.40722
8	156	0.515357
8	160	0.482501
8	164	0.507093
8	178	0.493023
8	180	1.44926
9	15	1.19885
9	105	1.14904
9	107	1.2107
9	112	1.17961
9	117	1.18485
9	123	1.20164
9	150	0.630831
9	152	1.21303
9	153	1.25861
9	163	0.581064
9	172	0.620312
9	177	0.637336
10	40	1.327
10	45	1.33894
10	48	1.43729
10	66	1.45164
10	125	0.536022
10	128	0.506463
10	130	0.518709
10	134	1.31648
10	141	1.3623
10	142	0.451707
10	145	1.36976
10	156	0.476028
11	88	1.39511
11	105	1.31387
11	107	1.37553
11	112	1.34444
11	123	1.36647
11	130	0.533346
11	151	0.505201
11	152	1.37786
11	153	1.42344
11	155	0.480308
11	161	0.467617
11	168	0.501479
12	100	0.463076
12	102	1.29261
12	108	1.46172
12	114	1.31929
12	121	1.37649
12	124	1.4337
12	139	0.491567
12	148	0.557465
12	159	1.36186
12	163	1.35369
12	169	0.437387
12	177	0.535337
13	39	1.32295
13	99	1.49579
13	118	1.51819
13	128	0.48088
13	136	1.48513
13	148	0.495053
13	151	1.44202
13	156	0.450446
13	158	0.408146
13	162	0.453957
13	167	1.53861
14	92	1.3058
14	99	1.37118
14	103	1.39475
14	113	1.40806
14	118	1.39358
14	146	0.513733
14	151	1.31741
14	157	0.519174
14	158	0.482651
14	166	0.504967
14	167	1.414
14	180	0.467406
15	9	1.19885
15	88	1.32295
15	101	1.34349
15	107	1.30337
15	117	1.27753
15	123	1.29432
15	140	0.536323
15	147	0.552837
15	152	1.3057
15	153	1.35129
15	157	0.539558
15	158	0.503036
15	168	0.556149
16	98	1.32969
16	106	1.28139
16	122	1.36339
16	126	1.28695
16	127	1.28685
16	141	1.30007
16	144	0.553066
16	155	1.27865
16	156	0.515735
16	159	1.28242
16	161	0.492687
16	172	0.521189
16	179	0.605868
17	29	1.20776
17	74	1.28537
17	111	1.40034
17	114	1.25238
17	121	1.30957
17	124	1.36679
17	150	0.565513
17	154	0.5272
17	159	1.29494
17	163	1.28677
17	167	0.502133
17	170	0.53026
17	173	0.562061
18	68	1.30369
18	101	1.34462
18	105	1.24284
18	112	1.27342
18	117	1.27866
18	123	1.29545
18	131	0.526343
18	147	0.544149
18	152	1.30683
18	153	1.35242
18	155	0.52629
18	171	0.532601
18	176	0.559673
19	25	1.37165
19	80	1.23412
19	115	1.23262
19	120	1.28968
19	129	1.24551
19	161	0.513203
19	166	1.29187
19	167	0.488844
19	169	1.43709
19	170	0.516971
19	172	0.541705
19	178	1.30284
19	179	0.626384
20	83	1.35746
20	95	1.30624
20	97	1.37962
20	119	1.35373
20	152	1.35622
20	153	1.4018
20	154	0.453876
20	165	0.446578
20	174	0.521956
20	176	0.499241
20	179	0.566349
20	180	1.44384
21	32	1.53364
21	42	1.47467
21	54	1.4031
21	57	1.4831
21	64	1.49759
21	65	1.49602
21	79	1.51755
21	137	0.523979
21	157	0.44953
21	168	0.466121
21	169	0.379836
21	171	0.451262
21	178	0.432974
22	1	1.31317
22	77	1.19235
22	78	1.18768
22	81	1.19311
22	82	1.2542
22	85	1.26543
22	91	1.21502
22	110	1.34822
22	135	1.24343
22	147	0.593564
22	151	0.600599
22	155	0.575706
22	163	0.552269
22	166	0.566079
23	31	1.31964
23	37	1.09114
23	43	1.24535
23	56	1.31985
23	60	1.26793
23	67	1.35316
23	71	1.20364
23	73	1.20373
23	76	1.20386
23	155	0.556648
23	158	0.524706
23	162	0.570516
23	173	0.579526
23	179	0.657139
24	39	1.09362
24	52	1.19304
24	59	1.29322
24	70	1.25313
24	86	1.25733
24	90	1.22809
24	103	1.29003
24	118	1.28886
24	128	0.376624
24	131	0.335885
24	156	0.346189
24	161	0.918967
24	165	0.912377
24	167	1.30928
25	19	1.37165
25	28	1.3193
25	115	1.35425
25	120	1.4113
25	130	0.523401
25	147	1.35205
25	161	0.457673
25	165	0.451083
25	166	1.4135
25	169	1.55871
25	171	0.476674
25	173	0.493241
25	177	0.503199
25	178	1.42446
26	7	1.45096
26	35	1.3176
26	54	1.33531
26	57	1.41531
26	64	1.4298
26	65	1.42822
26	79	1.44976
26	134	1.37593
26	166	0.484681
26	169	0.429193
26	172	0.510119
26	174	0.550405
26	178	0.482331
26	180	0.44712
27	58	0.315081
27	62	1.41354
27	84	1.39147
27	91	0.607842
27	115	1.33552
27	120	1.39258
27	137	0.420068
27	147	1.33332
27	162	0.354907
27	163	0.815602
27	166	1.39477
27	168	0.36221
27	169	1.53999
27	178	1.40574
28	25	1.3193
28	80	1.18178
28	84	1.23622
28	115	1.18028
28	120	1.23733
28	140	0.589116
28	143	0.565485
28	147	1.17808
28	157	0.592351
28	164	0.589864
28	166	1.23953
28	167	0.550721
28	169	1.38474
28	178	1.25049
29	17	1.20776
29	102	1.15829
29	108	1.3274
29	111	1.33294
29	114	1.18497
29	121	1.24217
29	124	1.29938
29	128	0.581012
29	133	0.587156
29	156	0.550578
29	159	1.22753
29	163	1.21936
29	174	0.596318
29	176	0.573604
30	83	1.23078
30	94	1.30585
30	95	1.17956
30	97	1.25294
30	116	1.26961
30	119	1.22705
30	129	1.1901
30	152	1.22954
30	158	0.543295
30	160	0.552739
30	163	0.551801
30	174	0.631335
30	176	0.608621
30	180	1.31716
31	6	1.46172
31	23	1.31964
31	37	1.26499
31	47	1.497
31	67	1.52701
31	71	1.37749
31	73	1.37758
31	76	1.37771
31	133	0.51708
31	138	0.484112
31	151	0.495037
31	158	0.438202
31	168	0.491315
31	175	0.480616
32	7	1.42335
32	21	1.53364
32	42	1.37926
32	54	1.30769
32	57	1.38769
32	65	1.40061
32	79	1.42214
32	134	1.34831
32	150	0.526605
32	154	0.488292
32	164	0.502368
32	167	0.463225
32	169	0.43516
32	178	0.488298
33	101	1.44409
33	105	1.34232
33	107	1.40398
33	112	1.37289
33	117	1.37813
33	123	1.39492
33	139	0.444144
33	148	0.510042
33	152	1.40631
33	153	1.45189
33	165	0.435798
33	172	0.47089
33	176	0.488461
33	179	0.555569
34	61	1.41285
34	62	1.40202
34	84	1.37994
34	115	1.324
34	120	1.38105
34	151	0.49122
34	165	0.447047
34	166	1.38325
34	168	0.487498
34	169	1.52846
34	170	0.457404
34	174	0.522424
34	177	0.499163
34	178	1.39421
35	7	1.2751
35	26	1.3176
35	42	1.23101
35	54	1.15944
35	57	1.23944
35	64	1.25393
35	65	1.25236
35	79	1.27389
35	125	0.652338
35	134	1.20006
35	143	0.559702
35	150	0.608317
35	158	0.550045
35	169	0.516873
36	77	1.2821
36	78	1.27743
36	81	1.28287
36	82	1.34395
36	85	1.35518
36	91	1.30477
36	110	1.43798
36	131	1.3695
36	133	0.554457
36	145	1.36001
36	149	0.52364
36	157	0.512102
36	164	0.509615
36	165	0.488241
36	175	0.517994
37	5	0.685394
37	6	1.23322
37	23	1.09114
37	31	1.26499
37	43	1.1907
37	47	1.2685
37	60	1.21328
37	67	1.29851
37	71	1.14899
37	73	1.14908
37	76	1.14921
37	142	0.612476
37	157	0.631019
37	169	0.561325
37	180	0.579251
38	74	0.487659
38	76	0.501175
38	105	0.519083
38	116	0.443828
38	121	0.473708
38	136	0.467126
38	162	1.36391
38	164	1.37748
38	172	1.3463
38	173	1.33898
38	174	1.2962
38	175	1.36975
38	176	1.32317
38	177	1.32542
38	179	1.25462
39	13	1.32295
39	24	1.09362
39	59	1.21466
39	70	1.17456
39	99	1.1879
39	103	1.21147
39	113	1.22478
39	118	1.2103
39	138	0.646164
39	151	1.13413
39	154	0.620213
39	158	0.600253
39	160	0.609697
39	165	0.612915
39	167	1.23072
40	10	1.327
40	41	1.36717
40	44	1.29944
40	48	1.38972
40	66	1.40407
40	89	0.514143
40	134	1.26891
40	136	1.30943
40	141	1.31473
40	145	1.32219
40	148	0.547138
40	156	0.502531
40	175	0.502646
40	179	0.592665
40	180	0.444986
41	40	1.36717
41	44	1.38718
41	45	1.37911
41	46	1.37126
41	66	1.49181
41	136	1.39717
41	140	0.47078
41	141	1.40247
41	145	1.40993
41	149	0.485553
41	164	0.471528
41	172	0.485246
41	179	0.569926
41	180	0.422247
42	21	1.47467
42	32	1.37926
42	35	1.23101
42	54	1.24872
42	57	1.32872
42	64	1.34321
42	65	1.34164
42	79	1.36317
42	100	0.470718
42	134	1.28934
42	144	0.557832
42	147	0.528002
42	170	0.50122
42	172	0.525955
42	175	0.520615
43	23	1.24535
43	37	1.1907
43	47	1.4227
43	56	1.41941
43	60	1.36749
43	67	1.45272
43	71	1.3032
43	73	1.30329
43	76	1.30342
43	89	0.527484
43	132	0.501279
43	148	0.560478
43	149	0.521632
43	166	0.495887
43	170	0.496591
44	40	1.29944
44	41	1.38718
44	45	1.31138
44	46	1.30353
44	48	1.40973
44	132	0.509712
44	134	1.28892
44	136	1.32944
44	141	1.33474
44	144	0.561637
44	145	1.3422
44	150	0.540278
44	162	0.527816
44	164	0.516041
44	169	0.448833
45	10	1.33894
45	41	1.37911
45	44	1.31138
45	46	1.29546
45	66	1.416
45	100	0.481238
45	134	1.28085
45	136	1.32136
45	141	1.32666
45	145	1.33412
45	156	0.531021
45	157	0.525244
45	163	0.497227
45	171	0.526975
45	173	0.543542
46	41	1.37126
46	44	1.30353
46	45	1.29546
46	48	1.39381
46	66	1.40816
46	134	1.273
46	136	1.31352
46	141	1.31882
46	145	1.32628
46	147	0.531467
46	151	0.538502
46	155	0.513609
46	161	0.500918
46	162	0.527477
46	165	0.494329
47	31	1.497
47	37	1.2685
47	43	1.4227
47	56	1.49721
47	60	1.44528
47	67	1.53051
47	71	1.381
47	73	1.38108
47	76	1.38121
47	109	0.462605
47	144	0.512183
47	155	0.464495
47	164	0.466588
47	165	0.445214
47	175	0.474967
47	177	0.497331
48	10	1.43729
48	40	1.38972
48	44	1.40973
48	46	1.39381
48	66	1.51436
48	134	1.3792
48	136	1.41971
48	138	0.482922
48	141	1.42502
48	145	1.43248
48	157	0.473535
48	160	0.446456
48	166	0.459328
48	168	0.490125
48	173	0.491833
48	175	0.479427
49	51	1.34989
49	74	1.24527
49	102	1.1856
49	108	1.3547
49	111	1.36024
49	114	1.21228
49	121	1.26948
49	124	1.32669
49	142	0.536603
49	159	1.25484
49	161	0.537876
49	163	1.24667
49	167	0.513517
49	168	0.571738
49	175	0.561039
49	176	0.58395
50	68	1.28099
50	88	1.30138
50	101	1.32192
50	105	1.22015
50	107	1.28181
50	112	1.25072
50	117	1.25596
50	123	1.27275
50	131	0.55383
50	146	0.552916
50	147	0.571635
50	152	1.28413
50	153	1.32972
50	155	0.553776
50	163	0.53034
50	166	0.54415
51	49	1.34989
51	102	1.34052
51	108	1.50963
51	111	1.51517
51	114	1.3672
51	121	1.4244
51	124	1.48162
51	132	0.468052
51	150	0.498618
51	157	0.476868
51	159	1.40977
51	162	0.486156
51	163	1.4016
51	164	0.474381
51	167	0.435238
51	175	0.48276
52	24	1.19304
52	70	1.27398
52	86	1.27818
52	92	1.22194
52	99	1.28732
52	103	1.31089
52	109	0.549531
52	113	1.3242
52	118	1.30972
52	136	1.27666
52	158	0.519478
52	167	1.33014
52	174	0.607518
52	176	0.584804
52	178	0.539444
52	180	0.504233
53	74	1.25622
53	90	1.25043
53	100	0.501414
53	102	1.19655
53	108	1.36565
53	109	0.53895
53	111	1.37119
53	114	1.22322
53	121	1.28042
53	124	1.33764
53	139	0.529905
53	159	1.26579
53	163	1.25762
53	168	0.56201
53	174	0.596937
53	177	0.573675
54	7	1.2928
54	21	1.4031
54	26	1.33531
54	32	1.30769
54	35	1.15944
54	42	1.24872
54	64	1.27164
54	65	1.27007
54	79	1.2916
54	109	0.552379
54	134	1.21777
54	146	0.553408
54	147	0.572127
54	154	0.542286
54	155	0.554269
54	160	0.53177
55	69	0.462754
55	94	1.48009
55	95	1.3538
55	96	1.34971
55	97	1.42717
55	116	1.44385
55	119	1.40129
55	144	0.488619
55	149	0.457048
55	152	1.40377
55	153	1.44936
55	171	0.447241
55	175	0.451402
55	177	0.473766
55	179	0.541421
55	180	1.4914
56	6	1.46193
56	23	1.31985
56	43	1.41941
56	47	1.49721
56	60	1.44199
56	67	1.52722
56	71	1.3777
56	73	1.37779
56	76	1.37792
56	125	0.531779
56	146	0.460567
56	149	0.477546
56	154	0.449445
56	167	0.424378
56	173	0.484306
56	176	0.494811
57	7	1.3728
57	21	1.4831
57	26	1.41531
57	32	1.38769
57	35	1.23944
57	42	1.32872
57	64	1.35164
57	65	1.35007
57	79	1.3716
57	134	1.29777
57	138	0.504814
57	154	0.478864
57	160	0.468348
57	168	0.512017
57	176	0.524229
57	179	0.591337
57	180	0.443658
58	27	0.315081
58	70	0.501994
58	80	0.539848
58	101	0.470918
58	117	0.521936
58	141	0.471978
58	152	0.473956
58	161	1.39141
58	164	1.39333
58	165	1.39697
58	171	1.38887
58	172	1.36214
58	173	1.35482
58	174	1.31205
58	175	1.38559
58	177	1.34126
58	179	1.27046
59	24	1.29322
59	39	1.21466
59	86	1.37836
59	92	1.32212
59	99	1.3875
59	103	1.41107
59	113	1.42438
59	118	1.4099
59	128	0.537021
59	132	0.491994
59	142	0.482266
59	150	0.52256
59	151	1.33373
59	161	0.483539
59	165	0.476949
59	167	1.43032
59	177	0.529066
60	6	1.41001
60	23	1.26793
60	37	1.21328
60	43	1.36749
60	47	1.44528
60	56	1.44199
60	67	1.4753
60	71	1.32578
60	73	1.32587
60	76	1.326
60	139	0.487624
60	143	0.476273
60	149	0.514676
60	162	0.512426
60	168	0.519729
60	170	0.489635
60	173	0.521436
61	34	1.41285
61	80	1.30558
61	84	1.36002
61	115	1.30408
61	120	1.36113
61	129	1.31696
61	132	0.504083
61	139	0.497385
61	147	1.30188
61	151	0.533212
61	163	0.484883
61	164	0.510412
61	166	1.36333
61	169	1.50854
61	173	0.531197
61	178	1.37429
61	180	0.461131
62	27	1.41354
62	34	1.40202
62	80	1.29474
62	84	1.34919
62	115	1.29325
62	120	1.3503
62	131	0.478747
62	140	0.480039
62	147	1.29105
62	155	0.478694
62	166	1.3525
62	169	1.49771
62	172	0.494505
62	173	0.501572
62	177	0.511529
62	178	1.36346
62	179	0.579184
63	72	1.22868
63	87	1.24304
63	98	1.27703
63	104	1.16798
63	106	1.22873
63	122	1.31073
63	126	1.23429
63	127	1.2342
63	135	1.22804
63	137	0.661411
63	147	0.60024
63	155	1.22599
63	158	0.550439
63	159	1.22976
63	160	0.559883
63	165	0.563101
63	178	0.570405
64	7	1.3873
64	21	1.49759
64	26	1.4298
64	35	1.25393
64	42	1.34321
64	54	1.27164
64	57	1.35164
64	65	1.36456
64	79	1.38609
64	134	1.31226
64	147	0.517111
64	157	0.503832
64	161	0.486561
64	169	0.434138
64	172	0.515063
64	174	0.555349
64	175	0.509724
65	21	1.49602
65	26	1.42822
65	32	1.40061
65	35	1.25236
65	42	1.34164
65	54	1.27007
65	57	1.35007
65	64	1.36456
65	79	1.38452
65	89	0.517483
65	100	0.456088
65	134	1.31069
65	168	0.516684
65	169	0.430399
65	173	0.518392
65	174	0.551611
65	177	0.528349
66	10	1.45164
66	40	1.40407
66	41	1.49181
66	45	1.416
66	46	1.40816
66	48	1.51436
66	69	0.465173
66	132	0.439114
66	133	0.490285
66	134	1.39355
66	136	1.43406
66	141	1.43937
66	142	0.429385
66	145	1.44683
66	174	0.499447
66	176	0.476732
66	179	0.54384
66	180	0.396161
67	23	1.35316
67	31	1.52701
67	37	1.29851
67	43	1.45272
67	47	1.53051
67	56	1.52722
67	60	1.4753
67	71	1.41101
67	73	1.4111
67	76	1.41123
67	109	0.472701
67	131	0.474644
67	146	0.47373
67	150	0.500921
67	160	0.452092
67	165	0.45531
67	175	0.485063
67	180	0.427403
68	18	1.30369
68	50	1.28099
68	88	1.33398
68	101	1.35451
68	105	1.25274
68	107	1.3144
68	112	1.28331
68	117	1.28855
68	123	1.30534
68	140	0.518199
68	143	0.494569
68	152	1.31673
68	153	1.36231
68	163	0.493418
68	172	0.532665
68	173	0.539732
68	175	0.527326
68	179	0.617345
69	6	0.497248
69	55	0.462754
69	66	0.465173
69	73	0.551468
69	85	0.523114
69	112	0.53129
69	118	0.501481
69	149	1.34132
69	156	1.34197
69	161	1.34115
69	164	1.34307
69	170	1.35401
69	172	1.31189
69	173	1.30457
69	174	1.26179
69	176	1.28877
69	177	1.29101
69	179	1.22021
70	24	1.25313
70	39	1.17456
70	52	1.27398
70	58	0.501994
70	86	1.33827
70	90	1.30903
70	92	1.28202
70	113	1.38428
70	118	1.3698
70	136	1.33674
70	137	0.606981
70	150	0.554282
70	151	1.29364
70	154	0.515969
70	155	0.527952
70	167	1.39022
70	169	0.462838
70	171	0.534263
71	6	1.34572
71	23	1.20364
71	31	1.37749
71	37	1.14899
71	43	1.3032
71	47	1.381
71	56	1.3777
71	60	1.32578
71	67	1.41101
71	73	1.26158
71	75	0.587729
71	76	1.26171
71	130	0.54265
71	151	0.514505
71	157	0.494192
71	165	0.470332
71	176	0.522995
71	179	0.590103
72	63	1.22868
72	93	1.27101
72	98	1.36091
72	104	1.25186
72	122	1.39461
72	126	1.31817
72	127	1.31807
72	135	1.31192
72	141	1.33129
72	148	0.59727
72	155	1.30987
72	159	1.31364
72	160	0.519808
72	163	0.51887
72	166	0.532679
72	167	0.505256
72	175	0.552778
72	180	0.495118
73	6	1.34581
73	23	1.20373
73	31	1.37758
73	37	1.14908
73	43	1.30329
73	47	1.38108
73	56	1.37779
73	60	1.32587
73	67	1.4111
73	69	0.551468
73	71	1.26158
73	76	1.2618
73	162	0.543512
73	166	0.520017
73	167	0.492594
73	170	0.520721
73	171	0.535955
73	175	0.540116
74	17	1.28537
74	38	0.487659
74	49	1.24527
74	53	1.25622
74	102	1.2359
74	108	1.40501
74	111	1.41055
74	114	1.26258
74	121	1.31978
74	124	1.37699
74	138	0.538727
74	142	0.510795
74	147	0.542617
74	157	0.529339
74	159	1.30515
74	163	1.29698
74	170	0.515836
74	174	0.580856
75	71	0.587729
75	101	0.594992
75	116	0.579045
75	122	0.573833
75	124	0.573886
75	133	1.18867
75	136	0.602342
75	148	1.16734
75	156	1.23294
75	160	1.25247
75	162	1.22047
75	165	1.23769
75	171	1.22958
75	172	1.20285
75	174	1.15276
75	175	1.2263
75	176	1.17973
75	179	1.11118
76	6	1.34594
76	23	1.20386
76	31	1.37771
76	37	1.14921
76	38	0.501175
76	43	1.30342
76	47	1.38121
76	56	1.37792
76	60	1.326
76	67	1.41123
76	71	1.26171
76	73	1.2618
76	156	0.548631
76	160	0.515776
76	166	0.528648
76	175	0.548747
76	176	0.571657
76	180	0.491086
77	1	1.32994
77	22	1.19235
77	36	1.2821
77	78	1.20445
77	81	1.20989
77	82	1.27097
77	85	1.2822
77	91	1.23179
77	110	1.365
77	130	0.586318
77	131	1.29652
77	132	0.529045
77	135	1.2602
77	145	1.28704
77	150	0.559611
77	157	0.537861
77	168	0.554451
77	178	0.521304
77	179	0.633771
78	1	1.32527
78	2	1.31302
78	22	1.18768
78	36	1.27743
78	77	1.20445
78	81	1.20522
78	85	1.27754
78	91	1.22712
78	110	1.36033
78	131	1.29186
78	135	1.25553
78	145	1.28237
78	151	0.587382
78	160	0.53999
78	162	0.576357
78	165	0.543208
78	169	0.497374
78	179	0.662979
78	180	0.515301
79	7	1.40725
79	21	1.51755
79	26	1.44976
79	32	1.42214
79	35	1.27389
79	42	1.36317
79	54	1.2916
79	57	1.3716
79	64	1.38609
79	65	1.38452
79	134	1.33222
79	140	0.495002
79	148	0.548621
79	155	0.493657
79	164	0.49575
79	166	0.48403
79	169	0.428543
79	170	0.484734
79	172	0.509468
80	19	1.23412
80	28	1.18178
80	58	0.539848
80	61	1.30558
80	62	1.29474
80	84	1.27267
80	115	1.21672
80	120	1.27377
80	129	1.22961
80	147	1.21452
80	160	0.543308
80	162	0.579674
80	164	0.567899
80	165	0.546526
80	166	1.27597
80	167	0.528756
80	169	1.42119
80	176	0.599189
80	178	1.28694
81	2	1.31845
81	22	1.19311
81	36	1.28287
81	77	1.20989
81	78	1.20522
81	82	1.27174
81	85	1.28297
81	91	1.23256
81	110	1.36576
81	131	1.29729
81	132	0.540396
81	133	0.591567
81	135	1.26097
81	145	1.2878
81	151	0.569525
81	171	0.550943
81	172	0.560443
81	177	0.577467
81	178	0.532655
82	1	1.39179
82	2	1.37954
82	22	1.2542
82	36	1.34395
82	77	1.27097
82	81	1.27174
82	85	1.34405
82	91	1.29364
82	110	1.42685
82	125	0.578802
82	131	1.35837
82	135	1.32205
82	145	1.34888
82	154	0.496469
82	170	0.499528
82	172	0.524263
82	176	0.541834
82	177	0.541287
82	178	0.496475
82	180	0.461263
83	4	1.3556
83	20	1.35746
83	30	1.23078
83	94	1.39744
83	95	1.27115
83	96	1.26706
83	97	1.34452
83	110	0.688255
83	116	1.3612
83	119	1.31864
83	130	0.514999
83	147	0.47982
83	152	1.32112
83	153	1.36671
83	163	0.438526
83	168	0.483133
83	171	0.468273
83	175	0.472434
83	179	0.562453
83	180	1.40875
84	27	1.39147
84	28	1.23622
84	34	1.37994
84	61	1.36002
84	62	1.34919
84	80	1.27267
84	115	1.27117
84	120	1.32822
84	132	0.512532
84	147	1.26897
84	157	0.521348
84	158	0.484826
84	165	0.497488
84	166	1.33042
84	169	1.47563
84	170	0.507845
84	173	0.539646
84	175	0.52724
84	177	0.549604
84	178	1.34139
85	2	1.39077
85	22	1.26543
85	36	1.35518
85	69	0.523114
85	77	1.2822
85	78	1.27754
85	81	1.28297
85	82	1.34405
85	91	1.30488
85	110	1.43808
85	130	0.554327
85	131	1.36961
85	135	1.33328
85	142	0.487326
85	145	1.36012
85	151	0.526183
85	154	0.489307
85	155	0.50129
85	171	0.507601
85	177	0.534126
86	24	1.25733
86	52	1.27818
86	59	1.37836
86	70	1.33827
86	92	1.28622
86	93	1.28597
86	99	1.35161
86	103	1.37517
86	113	1.38848
86	118	1.37401
86	130	0.559625
86	148	0.561551
86	151	1.29784
86	155	0.506587
86	162	0.520455
86	167	1.39442
86	170	0.497664
86	176	0.53997
86	178	0.494611
86	180	0.459399
87	3	1.39212
87	63	1.24304
87	89	0.530395
87	98	1.37527
87	104	1.26622
87	106	1.32697
87	109	1.33876
87	122	1.40897
87	125	0.578777
87	126	1.33253
87	127	1.33243
87	139	0.497492
87	141	1.34565
87	144	0.556114
87	155	1.32423
87	159	1.328
87	165	0.489145
87	169	0.443311
87	172	0.524237
87	175	0.518898
88	11	1.39511
88	15	1.32295
88	50	1.30138
88	68	1.33398
88	101	1.37491
88	105	1.27314
88	107	1.3348
88	112	1.30371
88	117	1.30895
88	123	1.32574
88	138	0.522941
88	140	0.510319
88	152	1.33713
88	153	1.38271
88	161	0.496283
88	166	0.499347
88	170	0.50005
88	171	0.515285
88	173	0.531852
88	174	0.565071
89	40	0.514143
89	43	0.527484
89	65	0.517483
89	87	0.530395
89	108	0.502264
89	110	0.476774
89	123	0.545115
89	141	0.519905
89	148	1.2593
89	149	1.32424
89	150	1.27655
89	154	1.33764
89	162	1.31242
89	165	1.32964
89	168	1.31519
89	170	1.33694
89	174	1.24471
89	175	1.31826
89	176	1.27169
89	177	1.27393
89	179	1.20313
90	24	1.22809
90	53	1.25043
90	70	1.30903
90	92	1.25699
90	102	1.23012
90	113	1.35925
90	114	1.25679
90	121	1.31399
90	124	1.37121
90	139	0.528569
90	142	0.525539
90	151	1.2686
90	159	1.29936
90	163	1.29119
90	165	0.520222
90	167	1.36519
90	170	0.53058
90	173	0.562381
90	174	0.5956
90	175	0.549975
90	178	0.527526
91	1	1.35261
91	2	1.34036
91	22	1.21502
91	27	0.607842
91	36	1.30477
91	77	1.23179
91	78	1.22712
91	81	1.23256
91	82	1.29364
91	85	1.30488
91	110	1.38767
91	112	0.776269
91	131	1.3192
91	135	1.28287
91	145	1.30971
91	167	0.458265
91	169	0.430201
91	172	0.511126
91	176	0.528698
91	177	0.528151
91	180	0.448127
92	14	1.3058
92	52	1.22194
92	59	1.32212
92	70	1.28202
92	86	1.28622
92	90	1.25699
92	99	1.29536
92	103	1.31893
92	113	1.33224
92	118	1.31776
92	125	0.579912
92	136	1.2847
92	137	0.58859
92	146	0.5087
92	151	1.24159
92	156	0.519918
92	167	1.33818
92	172	0.525372
92	173	0.532439
92	174	0.565658
92	175	0.520033
93	72	1.27101
93	86	1.28597
93	98	1.31936
93	103	1.31867
93	113	1.33198
93	122	1.35306
93	125	0.589082
93	126	1.27662
93	127	1.27653
93	130	1.24011
93	136	1.28444
93	151	1.24134
93	158	0.486788
93	159	1.27209
93	164	0.520824
93	166	0.509104
93	167	1.33792
93	172	0.534542
93	175	0.529203
93	176	0.552114
93	179	0.619221
94	30	1.30585
94	55	1.48009
94	83	1.39744
94	95	1.34622
94	96	1.34213
94	97	1.41959
94	116	1.43627
94	119	1.3937
94	129	1.35675
94	143	0.461324
94	149	0.499727
94	150	0.50994
94	151	0.508503
94	152	1.39619
94	153	1.44177
94	156	0.493966
94	166	0.473983
94	169	0.418495
94	170	0.474686
94	177	0.516445
94	180	1.48382
95	8	1.31166
95	20	1.30624
95	30	1.17956
95	55	1.3538
95	83	1.27115
95	94	1.34622
95	96	1.21584
95	97	1.2933
95	116	1.30998
95	119	1.26742
95	143	0.527934
95	152	1.2699
95	153	1.31549
95	156	0.560577
95	158	0.518277
95	162	0.564088
95	163	0.526784
95	167	0.51317
95	171	0.556531
95	173	0.573098
95	180	1.35753
96	4	1.30028
96	8	1.30757
96	55	1.34971
96	83	1.26706
96	94	1.34213
96	95	1.21584
96	97	1.28921
96	116	1.30589
96	119	1.26333
96	129	1.22637
96	131	0.552296
96	152	1.26581
96	153	1.3114
96	155	0.552243
96	156	0.5626
96	157	0.556823
96	163	0.528806
96	167	0.515193
96	169	0.487128
96	176	0.585626
96	180	1.35344
97	5	0.554713
97	20	1.37962
97	30	1.25294
97	55	1.42717
97	83	1.34452
97	94	1.41959
97	95	1.2933
97	96	1.28921
97	116	1.38335
97	119	1.34079
97	129	1.30384
97	142	0.481795
97	152	1.34328
97	153	1.38886
97	156	0.506115
97	161	0.483068
97	167	0.458708
97	171	0.50207
97	173	0.518636
97	174	0.551856
97	178	0.483782
97	180	1.4309
98	16	1.32969
98	63	1.27703
98	72	1.36091
98	87	1.37527
98	93	1.31936
98	106	1.36096
98	122	1.44296
98	126	1.36652
98	127	1.36642
98	130	1.33
98	135	1.36027
98	144	0.542185
98	146	0.493636
98	155	1.35822
98	159	1.36199
98	162	0.508364
98	163	0.47106
98	171	0.500808
98	173	0.517375
98	178	0.48252
98	179	0.594987
98	180	0.447308
99	13	1.49579
99	14	1.37118
99	39	1.1879
99	52	1.28732
99	59	1.3875
99	86	1.35161
99	92	1.29536
99	103	1.38431
99	113	1.39762
99	118	1.38315
99	131	0.506368
99	132	0.502079
99	136	1.35008
99	138	0.520283
99	142	0.492351
99	151	1.30698
99	156	0.516672
99	160	0.483816
99	167	1.40356
99	174	0.562412
99	175	0.516787
99	180	0.459126
100	12	0.463076
100	42	0.470718
100	45	0.481238
100	53	0.501414
100	65	0.456088
100	104	0.518795
100	108	0.440869
100	114	0.502504
100	135	0.495233
100	138	1.36327
100	158	1.4024
100	160	1.39912
100	165	1.38434
100	166	1.38194
100	170	1.39163
100	172	1.34951
100	173	1.34219
100	174	1.29941
100	175	1.37296
100	176	1.32639
100	177	1.32863
100	179	1.25783
101	15	1.34349
101	18	1.34462
101	33	1.44409
101	50	1.32192
101	58	0.470918
101	68	1.35451
101	75	0.594992
101	88	1.37491
101	105	1.29367
101	107	1.35533
101	112	1.32424
101	117	1.32948
101	123	1.34627
101	128	0.537667
101	146	0.496015
101	152	1.35766
101	153	1.40325
101	160	0.474378
101	169	0.431761
101	172	0.512687
101	173	0.519754
101	178	0.484899
102	12	1.29261
102	29	1.15829
102	49	1.1856
102	51	1.34052
102	53	1.19655
102	74	1.2359
102	90	1.23012
102	108	1.34534
102	111	1.35088
102	114	1.20291
102	121	1.26011
102	124	1.31732
102	158	0.526525
102	159	1.24548
102	163	1.23731
102	166	0.54884
102	171	0.564778
102	176	0.59185
102	177	0.591303
102	178	0.546491
102	179	0.658958
102	180	0.511279
103	14	1.39475
103	24	1.29003
103	39	1.21147
103	52	1.31089
103	59	1.41107
103	86	1.37517
103	92	1.31893
103	93	1.31867
103	99	1.38431
103	113	1.42119
103	118	1.40671
103	133	0.559293
103	146	0.511497
103	150	0.538687
103	151	1.33054
103	155	0.512357
103	158	0.480415
103	161	0.499667
103	163	0.488921
103	166	0.50273
103	167	1.42713
103	180	0.465169
104	3	1.31706
104	63	1.16798
104	72	1.25186
104	87	1.26622
104	100	0.518795
104	106	1.25191
104	109	1.2637
104	122	1.33391
104	126	1.25747
104	127	1.25737
104	130	1.22095
104	135	1.25122
104	141	1.27059
104	147	0.576079
104	148	0.613185
104	154	0.546238
104	155	1.24917
104	159	1.25294
104	167	0.521171
104	172	0.574032
104	173	0.581099
104	177	0.591056
105	9	1.14904
105	11	1.31387
105	18	1.24284
105	33	1.34232
105	38	0.519083
105	50	1.22015
105	68	1.25274
105	88	1.27314
105	101	1.29367
105	107	1.25356
105	112	1.22247
105	117	1.22771
105	123	1.2445
105	131	0.556236
105	152	1.25589
105	153	1.30147
105	164	0.558276
105	165	0.536903
105	168	0.577354
105	170	0.54726
105	172	0.571994
105	179	0.656674
106	3	1.37781
106	16	1.28139
106	63	1.22873
106	87	1.32697
106	98	1.36096
106	104	1.25191
106	122	1.39466
106	126	1.31822
106	127	1.31812
106	130	1.2817
106	135	1.31197
106	141	1.33134
106	152	0.778205
106	154	0.494821
106	155	1.30992
106	159	1.31369
106	161	0.494113
106	164	0.508896
106	166	0.497176
106	167	0.469753
106	169	0.441689
106	170	0.49788
106	176	0.540186
107	9	1.2107
107	11	1.37553
107	15	1.30337
107	33	1.40398
107	50	1.28181
107	68	1.3144
107	88	1.3348
107	101	1.35533
107	105	1.25356
107	112	1.28413
107	117	1.28937
107	123	1.30616
107	144	0.570174
107	152	1.31755
107	153	1.36313
107	154	0.510503
107	160	0.499987
107	164	0.524579
107	166	0.512858
107	167	0.485435
107	177	0.555321
107	179	0.622976
107	180	0.475297
108	12	1.46172
108	29	1.3274
108	49	1.3547
108	51	1.50963
108	53	1.36565
108	74	1.40501
108	89	0.502264
108	100	0.440869
108	102	1.34534
108	109	0.478405
108	111	1.51998
108	114	1.37201
108	121	1.42921
108	124	1.48643
108	142	0.466331
108	156	0.490652
108	159	1.41458
108	162	0.494163
108	163	1.40641
108	164	0.482388
108	169	0.41518
108	174	0.536392
108	180	0.433107
109	1	0.492262
109	47	0.462605
109	52	0.549531
109	53	0.53895
109	54	0.552379
109	67	0.472701
109	87	1.33876
109	104	1.2637
109	108	0.478405
109	120	0.477766
109	122	1.40646
109	126	1.33001
109	127	1.32992
109	129	0.539733
109	141	1.34314
109	155	1.32171
109	170	1.34469
109	171	1.32929
109	173	1.29524
109	175	1.32601
109	176	1.27944
109	177	1.28168
109	179	1.21088
110	1	1.48582
110	2	1.47357
110	22	1.34822
110	36	1.43798
110	77	1.365
110	78	1.36033
110	81	1.36576
110	82	1.42685
110	83	0.688255
110	85	1.43808
110	89	0.476774
110	91	1.38767
110	131	1.4524
110	135	1.41608
110	137	0.533834
110	145	1.44291
110	150	0.481135
110	158	0.422862
110	160	0.432307
110	167	0.417755
110	169	0.38969
110	177	0.487641
110	180	0.407617
111	17	1.40034
111	29	1.33294
111	49	1.36024
111	51	1.51517
111	53	1.37119
111	74	1.41055
111	102	1.35088
111	108	1.51998
111	114	1.37755
111	121	1.43475
111	124	1.49197
111	133	0.524775
111	139	0.466906
111	142	0.463876
111	159	1.42012
111	161	0.465149
111	163	1.41195
111	166	0.468213
111	167	0.44079
111	168	0.499011
111	170	0.468917
111	177	0.510676
111	178	0.465863
112	5	1.20405
112	9	1.17961
112	11	1.34444
112	18	1.27342
112	33	1.37289
112	50	1.25072
112	68	1.28331
112	69	0.53129
112	88	1.30371
112	91	0.776269
112	101	1.32424
112	105	1.22247
112	107	1.28413
112	117	1.25828
112	123	1.27507
112	130	0.562504
112	149	0.525584
112	152	1.28646
112	153	1.33204
112	166	0.499839
112	167	0.472416
112	169	0.444352
112	174	0.565563
112	177	0.542302
113	14	1.40806
113	39	1.22478
113	52	1.3242
113	59	1.42438
113	70	1.38428
113	86	1.38848
113	90	1.35925
113	92	1.33224
113	93	1.33198
113	99	1.39762
113	103	1.42119
113	118	1.42002
113	139	0.490666
113	151	1.34385
113	154	0.489618
113	157	0.50618
113	160	0.479102
113	163	0.478164
113	167	1.44044
113	172	0.517412
113	176	0.534983
113	177	0.534436
113	178	0.489624
113	180	0.454412
114	12	1.31929
114	17	1.25238
114	29	1.18497
114	49	1.21228
114	51	1.3672
114	53	1.22322
114	74	1.26258
114	90	1.25679
114	100	0.502504
114	102	1.20291
114	108	1.37201
114	111	1.37755
114	121	1.28679
114	124	1.344
114	133	0.588866
114	147	0.559789
114	159	1.27215
114	162	0.555798
114	163	1.26398
114	169	0.476816
114	174	0.598027
114	175	0.552402
114	176	0.575313
114	178	0.529954
115	19	1.23262
115	25	1.35425
115	27	1.33552
115	28	1.18028
115	34	1.324
115	61	1.30408
115	62	1.29325
115	80	1.21672
115	84	1.27117
115	120	1.27228
115	129	1.22811
115	147	1.21303
115	151	0.579681
115	156	0.565145
115	158	0.522845
115	160	0.532289
115	163	0.531351
115	166	1.27448
115	169	1.41969
115	171	0.561099
115	172	0.570599
115	176	0.588171
115	178	1.28544
115	180	0.5076
116	4	1.39442
116	8	1.40171
116	30	1.26961
116	38	0.443828
116	55	1.44385
116	75	0.579045
116	83	1.3612
116	94	1.43627
116	95	1.30998
116	96	1.30589
116	97	1.38335
116	119	1.35746
116	128	0.52172
116	129	1.32051
116	142	0.466964
116	143	0.458643
116	149	0.497046
116	152	1.35995
116	153	1.40554
116	155	0.480928
116	168	0.502099
116	171	0.487239
116	173	0.503806
116	180	1.44758
117	5	1.2093
117	9	1.18485
117	15	1.27753
117	18	1.27866
117	33	1.37813
117	50	1.25596
117	58	0.521936
117	68	1.28855
117	88	1.30895
117	101	1.32948
117	105	1.22771
117	107	1.28937
117	112	1.25828
117	123	1.28031
117	139	0.53696
117	149	0.564012
117	152	1.2917
117	153	1.33728
117	161	0.535204
117	162	0.561763
117	170	0.538972
117	172	0.563706
117	177	0.58073
117	178	0.535918
118	13	1.51819
118	14	1.39358
118	24	1.28886
118	39	1.2103
118	52	1.30972
118	59	1.4099
118	69	0.501481
118	70	1.3698
118	86	1.37401
118	92	1.31776
118	99	1.38315
118	103	1.40671
118	113	1.42002
118	125	0.550009
118	136	1.37248
118	137	0.558687
118	143	0.457372
118	158	0.447715
118	161	0.466967
118	167	1.42596
118	168	0.500828
118	170	0.470735
118	174	0.535755
118	178	0.467681
119	4	1.35186
119	8	1.35915
119	20	1.35373
119	30	1.22705
119	55	1.40129
119	83	1.31864
119	94	1.3937
119	95	1.26742
119	96	1.26333
119	97	1.34079
119	116	1.35746
119	129	1.27795
119	131	0.515567
119	140	0.516859
119	142	0.50155
119	146	0.514653
119	151	0.540407
119	152	1.31739
119	153	1.36297
119	157	0.520094
119	163	0.492077
119	164	0.517607
119	168	0.536684
119	171	0.521825
119	180	1.40501
120	19	1.28968
120	25	1.4113
120	27	1.39258
120	28	1.23733
120	34	1.38105
120	61	1.36113
120	62	1.3503
120	80	1.27377
120	84	1.32822
120	109	0.477766
120	115	1.27228
120	129	1.28516
120	130	0.532693
120	137	0.558685
120	144	0.527344
120	147	1.27008
120	151	0.504549
120	155	0.479656
120	164	0.481749
120	166	1.33153
120	169	1.47674
120	173	0.502534
120	176	0.513039
120	178	1.34249
120	179	0.580146
121	12	1.37649
121	17	1.30957
121	29	1.24217
121	38	0.473708
121	49	1.26948
121	51	1.4244
121	53	1.28042
121	74	1.31978
121	90	1.31399
121	102	1.26011
121	108	1.42921
121	111	1.43475
121	114	1.28679
121	124	1.4012
121	132	0.506572
121	148	0.565771
121	149	0.526925
121	150	0.537138
121	159	1.32935
121	161	0.498117
121	162	0.524675
121	163	1.32118
121	166	0.50118
121	170	0.501884
121	175	0.52128
122	16	1.36339
122	63	1.31073
122	72	1.39461
122	75	0.573833
122	87	1.40897
122	93	1.35306
122	98	1.44296
122	104	1.33391
122	106	1.39466
122	109	1.40646
122	126	1.40022
122	127	1.40013
122	133	0.522652
122	135	1.39397
122	141	1.41334
122	143	0.453431
122	149	0.491834
122	155	1.39192
122	159	1.39569
122	163	0.45228
122	166	0.466089
122	167	0.438666
122	171	0.482027
122	173	0.498594
122	174	0.531814
122	178	0.46374
123	5	1.22608
123	9	1.20164
123	11	1.36647
123	15	1.29432
123	18	1.29545
123	33	1.39492
123	50	1.27275
123	68	1.30534
123	88	1.32574
123	89	0.545115
123	101	1.34627
123	105	1.2445
123	107	1.30616
123	112	1.27507
123	117	1.28031
123	143	0.50086
123	144	0.570834
123	146	0.522285
123	148	0.57811
123	152	1.30849
123	153	1.35407
123	168	0.544317
123	171	0.529457
123	174	0.579243
123	178	0.511169
123	180	0.475958
124	5	0.534724
124	12	1.4337
124	17	1.36679
124	29	1.29938
124	49	1.32669
124	51	1.48162
124	53	1.33764
124	74	1.37699
124	75	0.573886
124	90	1.37121
124	102	1.31732
124	108	1.48643
124	111	1.49197
124	114	1.344
124	121	1.4012
124	140	0.477115
124	159	1.38657
124	160	0.453271
124	161	0.463079
124	162	0.489637
124	163	1.3784
124	164	0.477863
124	169	0.410655
124	171	0.482081
124	175	0.486242
124	176	0.509153
125	10	0.536022
125	35	0.652338
125	56	0.531779
125	82	0.578802
125	87	0.578777
125	92	0.579912
125	93	0.589082
125	118	0.550009
125	149	1.24141
125	154	1.2548
125	156	1.24206
125	159	0.585554
125	161	1.24124
125	162	1.22959
125	163	1.22673
125	164	1.24316
125	165	1.24681
125	168	1.23236
125	170	1.2541
125	171	1.2387
125	172	1.21198
125	173	1.20466
125	175	1.23543
125	176	1.18885
125	177	1.19109
125	179	1.1203
126	3	1.38337
126	16	1.28695
126	63	1.23429
126	72	1.31817
126	87	1.33253
126	93	1.27662
126	98	1.36652
126	104	1.25747
126	106	1.31822
126	109	1.33001
126	122	1.40022
126	127	1.32368
126	130	1.28726
126	135	1.31753
126	140	0.51382
126	141	1.3369
126	143	0.490189
126	148	0.567439
126	149	0.528593
126	154	0.500492
126	155	1.31548
126	159	1.31925
126	165	0.493195
126	172	0.528286
126	173	0.535353
126	175	0.522947
126	178	0.500498
126	179	0.612966
127	3	1.38327
127	5	0.558332
127	16	1.28685
127	63	1.2342
127	72	1.31807
127	87	1.33243
127	93	1.27653
127	98	1.36642
127	104	1.25737
127	106	1.31812
127	109	1.32992
127	122	1.40013
127	126	1.32368
127	130	1.28717
127	132	0.495142
127	135	1.31743
127	139	0.488444
127	141	1.33681
127	145	0.749618
127	146	0.498517
127	148	0.554342
127	155	1.31538
127	159	1.31915
127	167	0.462328
127	169	0.434263
127	170	0.490455
127	174	0.555475
127	180	0.45219
128	10	0.506463
128	13	0.48088
128	24	0.376624
128	29	0.581012
128	59	0.537021
128	101	0.537667
128	116	0.52172
128	135	0.57545
128	138	1.28148
128	141	0.538727
128	142	1.33424
128	143	1.33248
128	145	0.519544
128	158	1.3206
128	159	0.555995
128	160	1.31732
128	161	1.29698
128	164	1.2989
128	168	1.28809
128	170	1.30984
128	171	1.29444
128	173	1.26039
128	174	1.21762
128	175	1.29116
128	176	1.24459
128	177	1.24683
128	178	1.3111
128	179	1.17604
128	180	1.38084
129	19	1.24551
129	30	1.1901
129	61	1.31696
129	80	1.22961
129	94	1.35675
129	96	1.22637
129	97	1.30384
129	109	0.539733
129	115	1.22811
129	116	1.32051
129	119	1.27795
129	120	1.28516
129	139	0.530688
129	140	0.542968
129	146	0.540762
129	147	1.22591
129	152	1.28044
129	153	1.32602
129	155	0.541622
129	157	0.546202
129	163	0.518186
129	164	0.543716
129	166	1.28736
129	169	1.43257
129	170	0.532699
129	173	0.564501
129	177	0.574458
129	178	1.29832
129	180	1.36806
130	10	0.518709
130	11	0.533346
130	25	0.523401
130	71	0.54265
130	77	0.586318
130	83	0.514999
130	85	0.554327
130	86	0.559625
130	93	1.24011
130	98	1.33
130	104	1.22095
130	106	1.2817
130	112	0.562504
130	120	0.532693
130	126	1.28726
130	127	1.28717
130	134	0.553715
130	135	1.28101
130	148	1.2243
130	155	1.27896
130	159	1.28273
130	164	1.29099
130	168	1.28019
130	170	1.30194
130	172	1.25981
130	173	1.25249
130	174	1.20971
130	175	1.28326
130	176	1.23669
130	179	1.16813
131	4	0.4849
131	7	0.499039
131	18	0.526343
131	24	0.335885
131	36	1.3695
131	50	0.55383
131	62	0.478747
131	67	0.474644
131	77	1.29652
131	78	1.29186
131	81	1.29729
131	82	1.35837
131	85	1.36961
131	91	1.3192
131	96	0.552296
131	99	0.506368
131	105	0.556236
131	110	1.4524
131	119	0.515567
131	145	1.37444
131	152	0.499967
131	158	1.37929
131	170	1.36853
131	171	1.35313
131	172	1.3264
131	173	1.31908
131	174	1.2763
131	176	1.30328
131	177	1.30552
131	179	1.23472
132	43	0.501279
132	44	0.509712
132	51	0.468052
132	59	0.491994
132	61	0.504083
132	66	0.439114
132	77	0.529045
132	81	0.540396
132	84	0.512532
132	99	0.502079
132	121	0.506572
132	127	0.495142
132	148	1.29142
132	151	1.3191
132	156	1.35701
132	157	1.33829
132	162	1.34454
132	164	1.35811
132	165	1.36176
132	168	1.34731
132	170	1.36906
132	171	1.35366
132	172	1.32693
132	173	1.31961
132	174	1.27683
132	175	1.35038
132	176	1.30381
132	177	1.30605
132	179	1.23525
132	180	1.44006
133	6	0.522359
133	29	0.587156
133	31	0.51708
133	36	0.554457
133	66	0.490285
133	75	1.18867
133	81	0.591567
133	103	0.559293
133	111	0.524775
133	114	0.588866
133	122	0.522652
133	146	1.27706
133	150	1.23642
133	153	0.523771
133	156	1.28476
133	158	1.30757
133	160	1.30429
133	161	1.28395
133	164	1.28586
133	168	1.27506
133	170	1.29681
133	171	1.28141
133	172	1.25468
133	173	1.24736
133	174	1.20458
133	175	1.27813
133	176	1.23156
133	177	1.2338
133	179	1.163
133	180	1.36781
134	10	1.31648
134	26	1.37593
134	32	1.34831
134	35	1.20006
134	40	1.26891
134	42	1.28934
134	44	1.28892
134	45	1.28085
134	46	1.273
134	48	1.3792
134	54	1.21777
134	57	1.29777
134	64	1.31226
134	65	1.31069
134	66	1.39355
134	79	1.33222
134	130	0.553715
134	136	1.2989
134	137	0.579707
134	141	1.30421
134	145	1.31167
134	148	0.555642
134	149	0.516795
134	156	0.511035
134	164	0.502771
134	170	0.491755
134	173	0.523556
134	176	0.534061
134	177	0.533513
134	178	0.488701
134	179	0.601168
135	22	1.24343
135	63	1.22804
135	72	1.31192
135	77	1.2602
135	78	1.25553
135	81	1.26097
135	82	1.32205
135	85	1.33328
135	91	1.28287
135	98	1.36027
135	100	0.495233
135	104	1.25122
135	106	1.31197
135	110	1.41608
135	122	1.39397
135	126	1.31753
135	127	1.31743
135	128	0.57545
135	130	1.28101
135	140	0.536004
135	143	0.512373
135	145	1.33812
135	146	0.533798
135	151	0.559552
135	154	0.522676
135	159	1.313
135	163	0.511223
135	168	0.55583
135	171	0.54097
135	175	0.545131
135	180	0.487471
136	13	1.48513
136	38	0.467126
136	40	1.30943
136	41	1.39717
136	44	1.32944
136	45	1.32136
136	46	1.31352
136	48	1.41971
136	52	1.27666
136	66	1.43406
136	70	1.33674
136	75	0.602342
136	92	1.2847
136	93	1.28444
136	99	1.35008
136	118	1.37248
136	134	1.2989
136	138	0.518194
136	141	1.34472
136	145	1.35218
136	149	0.520343
136	151	1.29631
136	158	0.472283
136	161	0.491535
136	162	0.518093
136	166	0.494599
136	167	1.3929
136	168	0.525396
136	169	0.439111
136	170	0.495303
136	171	0.510537
136	177	0.537061
137	21	0.523979
137	27	0.420068
137	63	0.661411
137	70	0.606981
137	92	0.58859
137	110	0.533834
137	118	0.558687
137	120	0.558685
137	134	0.579707
137	138	1.23616
137	141	0.576965
137	144	1.19944
137	153	0.555865
137	154	1.26522
137	156	1.25248
137	157	1.23375
137	158	1.27528
137	162	1.24
137	164	1.25358
137	165	1.25722
137	168	1.24277
137	169	1.40003
137	170	1.26452
137	171	1.24912
137	172	1.22239
137	174	1.1723
137	175	1.24584
137	176	1.19927
137	177	1.20151
137	178	1.26578
137	179	1.13071
138	1	0.50812
138	2	0.521152
138	3	0.49713
138	31	0.484112
138	39	0.646164
138	48	0.482922
138	57	0.504814
138	74	0.538727
138	88	0.522941
138	99	0.520283
138	100	1.36327
138	128	1.28148
138	136	0.518194
138	137	1.23616
138	148	1.24712
138	149	1.31206
138	153	0.490804
138	157	1.294
138	158	1.33552
138	159	0.529171
138	162	1.30025
138	165	1.31746
138	167	1.37139
138	168	1.30301
138	170	1.32476
138	171	1.30936
138	172	1.28263
138	173	1.27532
138	174	1.23254
138	175	1.30608
138	176	1.25951
138	177	1.26175
138	179	1.19096
138	180	1.39576
139	12	0.491567
139	33	0.444144
139	53	0.529905
139	60	0.487624
139	61	0.497385
139	87	0.497492
139	90	0.528569
139	111	0.466906
139	113	0.490666
139	117	0.53696
139	127	0.488444
139	129	0.530688
