1	26	1.22511
1	34	1.22381
1	62	1.26168
1	72	1.22206
1	77	1.22186
1	89	0.506303
1	97	0.713931
1	156	1.20091
1	172	1.13885
1	174	1.12883
1	179	1.0182
1	180	0.949173
2	26	0.35513
2	32	0.567802
2	112	0.399347
2	125	0.365013
2	166	1.2639
2	168	1.2256
2	171	1.21793
2	173	1.18627
2	175	1.19012
2	176	1.18554
2	177	1.17026
2	180	1.14554
3	83	1.04268
3	101	1.11693
3	108	1.08131
3	112	1.13816
3	118	1.09683
3	125	1.09688
3	145	0.962662
3	151	1.07364
3	152	0.853369
3	156	1.05281
3	172	1.16152
3	179	0.927805
4	100	1.2102
4	107	1.15743
4	122	1.21078
4	126	1.19054
4	129	1.21816
4	140	1.204
4	141	1.18095
4	144	1.20624
4	148	0.663555
4	153	0.585739
4	174	0.899224
4	177	1.02843
5	7	1.09714
5	16	0.874592
5	25	1.31068
5	31	1.1579
5	42	0.6919
5	59	1.03898
5	75	1.06986
5	104	1.03298
5	146	1.02986
5	151	1.01874
5	152	0.905397
5	173	1.35401
6	61	1.22417
6	70	1.18881
6	85	0.599463
6	86	1.19884
6	111	1.23952
6	115	1.16573
6	117	1.19291
6	120	1.19013
6	143	1.17779
6	153	0.762294
6	161	0.730474
6	174	1.07578
7	5	1.09714
7	15	1.20027
7	28	0.608459
7	31	1.323
7	38	1.24365
7	55	1.17779
7	92	0.889824
7	104	1.19808
7	124	1.19867
7	151	1.18384
7	160	0.893094
7	161	0.741519
8	87	0.501073
8	110	1.22126
8	134	1.21639
8	135	1.26799
8	137	1.27143
8	139	1.23403
8	146	1.21368
8	159	0.710285
8	167	0.939753
8	174	1.10965
8	177	1.02081
8	179	1.05673
9	33	0.663103
9	67	0.617195
9	96	1.03588
9	117	0.53892
9	152	1.2087
9	158	1.09521
9	171	1.07798
9	173	1.04633
9	175	1.05018
9	176	1.04559
9	177	1.03031
9	180	1.0056
10	41	1.0215
10	61	1.07807
10	70	1.04271
10	79	1.08686
10	86	1.05274
10	106	1.10237
10	111	1.09342
10	115	1.01963
10	117	1.04681
10	120	1.04403
10	152	0.855784
10	157	1.06681
11	19	1.21823
11	27	1.18125
11	29	1.17839
11	33	1.17448
11	79	1.25205
11	115	1.18482
11	117	1.212
11	120	1.20922
11	124	0.60771
11	136	0.611684
11	156	0.695053
11	179	1.26613
12	14	1.27297
12	63	1.25163
12	83	1.18932
12	87	0.665624
12	108	1.22795
12	118	1.24347
12	124	0.726415
12	125	1.24352
12	149	1.00739
12	150	1.13252
12	166	0.782197
12	179	1.07445
13	47	1.1011
13	64	1.023
13	69	1.02381
13	74	0.747456
13	76	1.00625
13	91	1.02216
13	93	1.06744
13	98	0.990446
13	102	1.0437
13	103	1.04423
13	109	1.09697
13	167	1.22269
13	170	1.1919
14	12	1.27297
14	53	0.427957
14	83	1.12717
14	101	1.20143
14	108	1.16581
14	112	1.22265
14	118	1.18132
14	125	1.18137
14	150	1.07037
14	158	0.912034
14	173	1.03522
14	175	0.983548
14	179	1.0123
15	7	1.20027
15	18	1.15489
15	31	1.26104
15	59	1.14212
15	74	1.14156
15	104	1.13612
15	124	1.13671
15	146	1.13299
15	151	1.12188
15	156	0.688947
15	165	0.773474
15	173	0.979268
15	175	0.9276
16	5	0.874592
16	31	1.10046
16	102	1.02181
16	104	0.975538
16	113	0.969034
16	115	1.20532
16	129	1.00273
16	140	0.988567
16	141	0.96551
16	164	0.973307
16	171	0.887528
16	176	0.855137
16	180	0.815143
17	27	1.20407
17	140	1.05033
17	160	1.0037
17	162	0.965665
17	163	0.946323
17	168	0.969459
17	170	0.934356
17	171	0.961782
17	173	0.930123
17	175	0.933978
17	176	0.929391
17	177	0.914111
17	180	0.889397
18	15	1.15489
18	22	1.14058
18	38	1.19827
18	55	1.1324
18	59	1.1587
18	75	1.18958
18	84	0.559904
18	94	1.14545
18	146	1.14958
18	151	1.13846
18	157	0.859049
18	158	0.973461
18	172	0.956174
19	11	1.21823
19	33	1.10494
19	70	1.13836
19	79	1.1825
19	86	1.14839
19	99	0.443011
19	111	1.18907
19	115	1.11528
19	117	1.14246
19	120	1.13967
19	148	0.716194
19	163	1.00999
19	180	1.21151
20	33	1.11369
20	61	1.18246
20	66	1.15258
20	70	1.14711
20	86	1.15714
20	111	1.19782
20	115	1.12402
20	117	1.15121
20	120	1.14842
20	131	0.660538
20	154	0.885856
20	156	0.795497
20	174	1.0379
21	28	0.681839
21	65	1.18098
21	101	1.19977
21	108	1.16415
21	112	1.22099
21	125	1.17972
21	146	1.1676
21	148	0.924535
21	151	1.15648
21	153	0.846719
21	156	1.13565
21	166	0.886244
21	179	1.01064
22	18	1.14058
22	25	1.39951
22	38	1.16738
22	55	1.10151
22	59	1.12781
22	104	1.12181
22	124	1.1224
22	143	0.660855
22	146	1.11869
22	149	0.856184
22	150	0.913926
22	151	1.10757
22	173	0.952877
23	58	1.17021
23	90	1.09903
23	95	1.27115
23	114	0.633302
23	121	1.19295
23	122	1.16278
23	140	1.15601
23	141	1.13295
23	144	1.15825
23	148	0.778614
23	168	0.939635
23	172	1.04585
23	175	1.01054
24	40	1.28599
24	48	1.29087
24	62	1.23928
24	72	1.19967
24	77	1.19946
24	142	0.792872
24	147	0.530919
24	156	1.17851
24	162	0.870237
24	172	1.11645
24	174	1.10643
24	176	0.972929
25	5	1.31068
25	22	1.39951
25	55	1.39133
25	59	1.41763
25	74	1.41707
25	75	1.44851
25	87	0.455212
25	104	1.41163
25	106	0.480179
25	151	1.39739
25	154	0.693704
25	157	0.656072
25	164	0.553038
25	178	1.11968
26	1	1.22511
26	2	0.35513
26	34	1.11088
26	40	1.19545
26	48	1.20034
26	62	1.14875
26	72	1.10913
26	77	1.10893
26	142	0.919536
26	156	1.08798
26	166	0.779754
26	172	1.02592
26	174	1.0159
26	180	1.31336
27	11	1.18125
27	17	1.20407
27	30	1.0736
27	42	0.462094
27	66	1.10686
27	74	1.10977
27	86	1.11141
27	106	1.16103
27	111	1.15209
27	115	1.0783
27	117	1.10548
27	120	1.10269
27	142	0.942107
27	161	0.73098
28	7	0.608459
28	21	0.681839
28	62	0.562216
28	139	0.587704
28	142	1.17724
28	155	1.15122
28	160	1.16931
28	162	1.13128
28	167	1.08319
28	169	1.16912
28	173	1.09574
28	175	1.09959
28	178	1.05775
28	180	1.05501
29	11	1.17839
29	66	1.104
29	70	1.09852
29	74	1.10691
29	79	1.14266
29	85	0.531111
29	86	1.10855
29	111	1.14923
29	115	1.07544
29	117	1.10262
29	120	1.09983
29	133	0.720809
29	171	0.994557
29	179	1.3361
30	27	1.0736
30	61	1.1356
30	66	1.10573
30	74	1.10864
30	79	1.14439
30	106	1.1599
30	111	1.15096
30	115	1.07717
30	117	1.10435
30	120	1.10156
30	133	0.78346
30	152	0.669383
30	171	1.05721
30	175	1.06633
31	5	1.1579
31	7	1.323
31	15	1.26104
31	16	1.10046
31	38	1.30442
31	55	1.23855
31	75	1.29573
31	84	0.537188
31	94	1.2516
31	99	0.517153
31	104	1.25885
31	136	0.700238
31	168	0.951357
31	170	1.04336
32	2	0.567802
32	78	1.09601
32	84	0.777568
32	105	1.13169
32	128	1.16409
32	130	1.16605
32	134	1.12743
32	135	1.17903
32	137	1.18247
32	139	1.14507
32	150	1.02584
32	164	0.973678
32	169	1.04155
32	179	0.967767
33	9	0.663103
33	11	1.17448
33	19	1.10494
33	20	1.11369
33	57	0.925759
33	61	1.12996
33	66	1.10008
33	79	1.13875
33	111	1.14531
33	115	1.07152
33	117	1.09871
33	120	1.09592
33	133	0.748847
33	150	1.04444
34	1	1.22381
34	26	1.11088
34	40	1.19415
34	48	1.19903
34	62	1.14745
34	72	1.10783
34	77	1.10763
34	133	0.740482
34	153	0.713614
34	156	1.08668
34	160	0.83337
34	172	1.02462
34	174	1.01459
34	180	1.28675
35	102	0.507236
35	109	0.548265
35	135	1.25878
35	139	1.22481
35	140	0.51586
35	144	0.456661
35	156	1.17252
35	167	1.07537
35	172	1.11046
35	173	1.08792
35	174	1.10043
35	178	1.04993
35	179	1.04751
35	180	1.04719
36	76	1.08586
36	85	0.681911
36	91	1.10177
36	102	1.12331
36	103	1.12385
36	126	1.10984
36	128	1.14652
36	130	1.14848
36	139	1.1275
36	141	1.10024
36	144	1.12554
36	145	0.866825
36	161	0.812922
36	167	1.20637
37	90	1.13915
37	95	1.31126
37	107	1.14955
37	119	1.16955
37	121	1.23307
37	122	1.2029
37	129	1.21029
37	136	0.566816
37	140	1.19613
37	141	1.17307
37	144	1.19837
37	148	0.656915
37	156	0.650185
37	171	0.879714
37	179	1.22126
38	7	1.24365
38	18	1.19827
38	22	1.16738
38	31	1.30442
38	55	1.1592
38	59	1.1855
38	75	1.21638
38	104	1.1795
38	106	0.572202
38	146	1.17638
38	149	0.888997
38	151	1.16526
38	159	0.756447
38	162	0.880954
38	168	0.86312
39	49	1.15615
39	78	1.06116
39	105	1.09684
39	128	1.12924
39	130	1.1312
39	134	1.09258
39	135	1.14418
39	137	1.14762
39	139	1.11022
39	148	0.941179
39	155	1.04308
39	164	0.88414
39	166	0.902887
39	174	0.985837
39	179	0.932915
40	24	1.28599
40	26	1.19545
40	34	1.19415
40	48	1.28361
40	50	0.581556
40	72	1.19241
40	77	1.1922
40	85	0.496692
40	127	1.26956
40	153	0.659522
40	156	1.17126
40	168	0.898359
40	172	1.10919
40	174	1.09917
40	179	1.30168
41	10	1.0215
41	49	0.816794
41	105	0.808374
41	118	1.06477
41	121	1.1058
41	125	1.06482
41	141	1.04579
41	142	1.01766
41	144	1.07109
41	146	1.0527
41	171	0.967811
41	177	0.92014
41	178	0.89816
41	179	0.895743
41	180	0.895426
42	5	0.6919
42	27	0.462094
42	115	0.483239
42	122	0.415009
42	135	0.383611
42	155	1.23934
42	162	1.2194
42	168	1.22319
42	169	1.25724
42	170	1.18809
42	171	1.21552
42	173	1.18386
42	177	1.16785
42	178	1.14587
42	180	1.14313
43	47	1.26089
43	64	1.18279
43	69	1.1836
43	76	1.16604
43	93	1.22724
43	98	1.15024
43	102	1.20349
43	103	1.20402
43	109	1.25676
43	138	0.551628
43	150	0.936551
43	151	1.17621
43	157	0.737907
43	159	0.746259
43	163	0.985707
44	68	1.1986
44	94	1.20126
44	107	1.17496
44	119	1.19496
44	126	1.20807
44	129	1.2357
44	140	1.22153
44	141	1.19848
44	144	1.22377
44	171	0.641627
44	172	1.11137
44	173	0.702419
44	177	0.783705
44	178	0.928431
44	180	0.914143
45	51	1.14449
45	64	1.19548
45	69	1.19629
45	76	1.17872
45	93	1.23992
45	98	1.16292
45	102	1.21618
45	103	1.21671
45	109	1.26945
45	132	0.777951
45	138	0.753376
45	151	1.1889
45	152	0.728634
45	164	0.836621
45	166	0.855368
46	67	1.20166
46	78	1.16002
46	124	1.19244
46	128	1.2281
46	130	1.23005
46	134	1.19144
46	135	1.24304
46	137	1.24647
46	139	1.20907
46	145	0.704117
46	148	0.759849
46	160	0.801789
46	168	0.92087
46	169	0.770686
46	174	1.0847
47	13	1.1011
47	43	1.26089
47	51	1.14572
47	64	1.19671
47	91	1.19587
47	93	1.24115
47	98	1.16416
47	102	1.21741
47	103	1.21794
47	109	1.27068
47	143	0.646759
47	148	0.65519
47	166	0.616899
47	174	0.890859
47	178	1.16479
48	24	1.29087
48	26	1.20034
48	34	1.19903
48	40	1.28361
48	62	1.23691
48	72	1.19729
48	77	1.19709
48	124	0.661336
48	145	0.699678
48	156	1.17614
48	165	0.833206
48	169	0.766247
48	170	1.00843
48	172	1.11408
48	174	1.10406
49	39	1.15615
49	41	0.816794
49	54	1.21963
49	74	0.62469
49	105	1.20093
49	128	1.23334
49	130	1.23529
49	131	0.674417
49	134	1.19667
49	135	1.24828
49	137	1.25171
49	139	1.21431
49	159	0.870455
49	164	0.759069
49	179	1.03701
50	40	0.581556
50	67	0.598104
50	91	1.10943
50	98	1.07772
50	102	1.13097
50	108	0.554988
50	109	1.18424
50	112	0.70648
50	121	1.1679
50	140	1.13096
50	144	1.1332
50	158	1.04714
50	169	1.07164
50	177	0.982246
50	180	0.957532
51	45	1.14449
51	47	1.14572
51	64	1.06762
51	76	1.05087
51	91	1.06678
51	93	1.11207
51	94	0.750455
51	98	1.03507
51	102	1.08832
51	103	1.08885
51	109	1.1416
51	124	0.871876
51	138	0.825666
51	151	1.06104
51	177	1.33083
52	74	0.526661
52	80	0.616101
52	82	1.2438
52	89	0.545396
52	90	1.15697
52	100	1.22015
52	119	1.18738
52	121	1.2509
52	126	1.20049
52	140	1.21395
52	141	1.19089
52	144	1.21619
52	172	1.10379
52	173	1.00167
52	178	1.22768
53	14	0.427957
53	69	0.572218
53	101	0.553381
53	129	0.431543
53	141	0.434371
53	154	1.21786
53	158	1.17942
53	161	1.29216
53	166	1.20817
53	167	1.11799
53	169	1.20392
53	170	1.13477
53	176	1.12981
53	177	1.11453
53	178	1.09255
53	180	1.08981
54	49	1.21963
54	81	1.12398
54	85	0.72088
54	94	0.746032
54	105	1.16031
54	110	1.16092
54	116	0.814232
54	128	1.19271
54	130	1.19467
54	134	1.15605
54	135	1.20765
54	137	1.21109
54	139	1.17369
54	156	0.954796
54	166	0.923235
54	179	0.996387
55	7	1.17779
55	18	1.1324
55	22	1.10151
55	25	1.39133
55	31	1.23855
55	38	1.1592
55	75	1.15051
55	80	0.76883
55	94	1.10638
55	104	1.11363
55	142	0.972297
55	146	1.11051
55	147	0.710343
55	151	1.09939
55	153	0.79299
55	169	0.881643
56	67	1.08332
56	81	1.04102
56	105	1.07735
56	110	1.07796
56	116	0.741491
56	128	1.10975
56	130	1.11171
56	134	1.07309
56	135	1.12469
56	137	1.12813
56	139	1.09073
56	156	0.882056
56	163	1.18258
56	174	0.966351
56	176	1.17033
56	179	0.913429
57	33	0.925759
57	100	0.882174
57	103	0.79824
57	131	1.12081
57	132	1.10638
57	157	1.04634
57	160	1.03248
57	163	0.975108
57	165	1.02766
57	171	0.990566
57	173	0.958908
57	176	0.958176
57	177	0.942896
57	178	0.920916
57	180	0.918182
58	23	1.17021
58	84	0.380418
58	100	1.18038
58	107	1.12761
58	119	1.14761
58	121	1.21113
58	122	1.18096
58	129	1.18835
58	140	1.17419
58	141	1.15113
58	144	1.17642
58	154	0.717195
58	172	1.06402
58	174	0.869236
58	177	0.998444
58	179	1.19791
59	5	1.03898
59	15	1.14212
59	18	1.1587
59	22	1.12781
59	25	1.41763
59	38	1.1855
59	75	1.17681
59	104	1.13993
59	124	1.14052
59	131	0.636617
59	133	0.727358
59	145	0.722575
59	146	1.13681
59	150	1.02295
59	151	1.12569
59	173	1.0619
60	68	1.04985
60	82	1.10264
60	100	1.07899
60	119	1.04622
60	121	1.10974
60	122	1.07957
60	124	0.725491
60	126	1.05933
60	129	1.08695
60	140	1.07279
60	141	1.04973
60	144	1.07503
60	167	1.10338
60	172	0.962629
60	175	1.05149
60	176	1.10111
61	6	1.22417
61	10	1.07807
61	20	1.18246
61	30	1.1356
61	33	1.12996
61	66	1.16886
61	86	1.17341
61	111	1.21409
61	115	1.1403
61	117	1.16748
61	120	1.1647
61	149	0.883657
61	152	0.531734
61	155	0.798661
61	167	0.980576
61	173	0.98035
62	1	1.26168
62	24	1.23928
62	26	1.14875
62	28	0.562216
62	34	1.14745
62	48	1.23691
62	72	1.1457
62	77	1.1455
62	96	1.39871
62	114	0.6596
62	127	1.22286
62	132	0.689204
62	147	0.644449
62	156	1.12455
62	172	1.06249
62	174	1.05247
63	12	1.25163
63	65	1.1613
63	83	1.10583
63	112	1.20131
63	118	1.15998
63	125	1.16003
63	143	1.13706
63	146	1.14791
63	150	1.04903
63	151	1.1368
63	156	1.11597
63	162	0.926737
63	166	0.709591
63	169	0.758719
63	170	1.00091
63	171	0.970681
63	179	0.990959
64	13	1.023
64	43	1.18279
64	45	1.19548
64	47	1.19671
64	51	1.06762
64	76	1.10186
64	91	1.11777
64	93	1.16306
64	98	1.08606
64	102	1.13931
64	103	1.13984
64	109	1.19258
64	138	0.601257
64	145	0.685808
64	171	0.96434
64	172	0.884661
64	180	1.23686
65	21	1.18098
65	63	1.1613
65	83	1.09898
65	101	1.17324
65	108	1.13762
65	112	1.19447
65	118	1.15314
65	125	1.15319
65	127	1.20743
65	146	1.14107
65	147	0.659161
65	150	1.04218
65	157	0.86562
65	164	0.762586
65	167	1.10344
65	172	0.962745
65	179	0.984114
66	20	1.15258
66	27	1.10686
66	29	1.104
66	30	1.10573
66	33	1.10008
66	61	1.16886
66	70	1.1335
66	86	1.14354
66	88	0.60876
66	111	1.18421
66	115	1.11042
66	117	1.1376
66	120	1.13482
66	161	0.741563
66	169	0.862036
66	171	1.074
66	175	1.08312
67	9	0.617195
67	46	1.20166
67	50	0.598104
67	56	1.08332
67	78	1.11191
67	81	1.11126
67	128	1.17999
67	130	1.18194
67	134	1.14333
67	135	1.19493
67	137	1.19836
67	139	1.16096
67	154	0.837515
67	172	0.897007
67	174	1.03659
67	176	1.03543
67	179	0.983663
68	44	1.1986
68	60	1.04985
68	95	1.25219
68	100	1.14324
68	107	1.09047
68	122	1.14382
68	126	1.12359
68	129	1.15121
68	131	0.677319
68	132	0.703301
68	140	1.13705
68	141	1.11399
68	144	1.13929
68	154	0.902637
68	165	0.896806
68	172	1.02689
68	177	1.18389
69	13	1.02381
69	43	1.1836
69	45	1.19629
69	53	0.572218
69	76	1.10267
69	91	1.11858
69	93	1.16386
69	98	1.08687
69	102	1.14012
69	103	1.14065
69	109	1.19339
69	123	1.1357
69	145	0.840154
69	151	1.11284
69	155	0.997788
69	166	0.857595
69	169	0.906723
70	6	1.18881
70	10	1.04271
70	19	1.13836
70	20	1.14711
70	29	1.09852
70	66	1.1335
70	79	1.17217
70	111	1.17873
70	115	1.10494
70	117	1.13213
70	120	1.12934
70	127	0.616749
70	143	1.117
70	147	0.668209
70	150	1.07331
70	152	0.663647
70	178	1.33827
71	82	1.15877
71	89	0.534518
71	95	1.24406
71	100	1.13512
71	107	1.08235
71	121	1.16587
71	122	1.1357
71	126	1.11546
71	129	1.14308
71	140	1.12892
71	141	1.10586
71	144	1.13116
71	149	0.894097
71	150	0.95184
71	163	1.001
71	172	1.01876
71	176	0.988747
72	1	1.22206
72	24	1.19967
72	26	1.10913
72	34	1.10783
72	40	1.19241
72	48	1.19729
72	62	1.1457
72	77	1.10588
72	89	0.596188
72	127	1.18324
72	156	1.08494
72	159	0.823218
72	164	0.711831
72	168	0.92989
72	172	1.02288
72	174	1.01285
72	178	1.27847
73	83	0.726662
73	90	0.453645
73	119	0.430343
73	128	0.479987
73	131	1.2059
73	133	1.18846
73	135	0.509591
73	152	1.20638
73	155	1.09949
73	158	1.09289
73	161	1.20562
73	164	1.16144
73	165	1.11275
73	175	1.04786
73	176	1.04327
73	177	1.02799
73	178	1.00601
73	180	1.00328
74	13	0.747456
74	15	1.14156
74	25	1.41707
74	27	1.10977
74	29	1.10691
74	30	1.10864
74	49	0.62469
74	52	0.526661
74	75	1.17625
74	97	1.06794
74	104	1.13937
74	117	1.14052
74	126	0.680047
74	134	0.644487
74	170	1.02393
74	177	1.00369
74	178	0.981708
74	180	0.978974
75	5	1.06986
75	18	1.18958
75	25	1.44851
75	31	1.29573
75	38	1.21638
75	55	1.15051
75	59	1.17681
75	74	1.17625
75	80	0.665132
75	92	0.805777
75	104	1.17081
75	124	1.1714
75	146	1.16769
75	147	0.606645
75	151	1.15657
75	156	0.760378
75	159	0.821456
75	163	1.0609
76	13	1.00625
76	36	1.08586
76	43	1.16604
76	45	1.17872
76	51	1.05087
76	64	1.10186
76	69	1.10267
76	91	1.10102
76	93	1.1463
76	98	1.06931
76	103	1.12309
76	109	1.17583
76	124	0.741988
76	151	1.09528
76	166	0.79777
76	169	0.846898
76	174	1.07173
76	176	1.11761
77	1	1.22186
77	24	1.19946
77	26	1.10893
77	34	1.10763
77	40	1.1922
77	48	1.19709
77	62	1.1455
77	72	1.10588
77	106	0.684135
77	127	1.18304
77	136	0.723933
77	156	1.08473
77	159	0.868379
77	162	0.992887
77	167	1.09785
77	172	1.02267
77	174	1.01265
78	32	1.09601
78	39	1.06116
78	46	1.16002
78	67	1.11191
78	88	0.656578
78	105	1.10594
78	110	1.10654
78	127	0.687094
78	128	1.13834
78	130	1.1403
78	134	1.10168
78	135	1.15328
78	137	1.15671
78	139	1.11932
78	160	0.940956
78	170	1.15204
78	175	1.13094
78	179	0.942015
79	10	1.08686
79	11	1.25205
79	19	1.1825
79	29	1.14266
79	30	1.14439
79	33	1.13875
79	70	1.17217
79	86	1.1822
79	96	1.26054
79	111	1.22288
79	115	1.14909
79	116	0.519447
79	117	1.17627
79	120	1.17349
79	143	1.16115
79	150	0.911382
79	156	0.660012
79	157	0.712738
79	171	0.889541
80	52	0.616101
80	55	0.76883
80	75	0.665132
80	100	0.654234
80	104	0.717097
80	157	1.15771
80	162	1.10582
80	163	1.08648
80	166	1.14791
80	167	1.05773
80	168	1.10962
80	170	1.07451
80	171	1.10194
80	173	1.07028
80	175	1.07414
80	176	1.06955
80	177	1.05427
80	178	1.03229
80	180	1.02955
81	54	1.12398
81	56	1.04102
81	67	1.11126
81	92	0.835452
81	105	1.10529
81	110	1.1059
81	128	1.13769
81	134	1.10103
81	135	1.15263
81	137	1.15607
81	139	1.11867
81	142	0.898273
81	146	1.09832
81	150	0.999436
81	155	0.898685
81	170	1.04981
81	174	0.99429
81	176	1.07833
81	179	0.941368
82	52	1.2438
82	60	1.10264
82	71	1.15877
82	90	1.13286
82	107	1.14326
82	119	1.16326
82	121	1.22678
82	126	1.17638
82	129	1.204
82	136	0.690615
82	140	1.18984
82	141	1.16678
82	143	0.772283
82	144	1.19208
82	150	1.02535
82	161	0.671078
82	163	1.07451
82	164	0.723676
82	172	1.07968
83	3	1.04268
83	12	1.18932
83	14	1.12717
83	63	1.10583
83	65	1.09898
83	73	0.726662
83	101	1.11777
83	106	1.14542
83	108	1.08215
83	112	1.139
83	118	1.09767
83	125	1.09772
83	147	0.818741
83	150	0.986711
83	156	1.05365
83	160	1.02114
83	165	1.057
83	166	0.940913
83	179	0.928643
84	18	0.559904
84	31	0.537188
84	32	0.777568
84	58	0.380418
84	115	0.608612
84	118	0.557255
84	148	1.23855
84	149	1.17826
84	153	1.27983
84	161	1.28309
84	164	1.23891
84	167	1.10892
84	169	1.19485
84	171	1.15313
84	175	1.12533
84	176	1.12074
84	177	1.10546
84	178	1.08348
84	180	1.08074
85	6	0.599463
85	29	0.531111
85	36	0.681911
85	40	0.496692
85	54	0.72088
85	118	0.569757
85	159	1.22288
85	160	1.21201
85	162	1.17398
85	164	1.25587
85	166	1.21607
85	169	1.21182
85	170	1.14267
85	173	1.13844
85	175	1.14229
85	176	1.1377
85	177	1.12242
85	178	1.10044
85	180	1.09771
86	6	1.19884
86	10	1.05274
86	19	1.14839
86	20	1.15714
86	27	1.11141
86	29	1.10855
86	61	1.17341
86	66	1.14354
86	79	1.1822
86	111	1.18877
86	115	1.11498
86	117	1.14216
86	120	1.13937
86	124	0.734258
86	143	1.12703
86	156	0.821601
86	157	0.874327
86	160	0.870271
86	166	0.79004
86	175	1.06025
87	8	0.501073
87	12	0.665624
87	25	0.455212
87	107	0.655761
87	123	0.579715
87	137	0.557372
87	153	1.25989
87	157	1.18896
87	160	1.1751
87	163	1.11773
87	164	1.21897
87	166	1.17916
87	167	1.08898
87	169	1.17491
87	170	1.10576
87	171	1.13319
87	175	1.10539
87	176	1.1008
87	178	1.06354
87	180	1.0608
88	66	0.60876
88	78	0.656578
88	89	1.3022
88	95	0.305907
88	122	0.551092
88	139	0.587961
88	145	1.22682
88	146	0.512837
88	158	1.1591
88	162	1.14576
88	166	1.18785
88	167	1.09767
88	168	1.14956
88	171	1.14188
88	173	1.11022
88	175	1.11408
88	176	1.10949
88	177	1.09421
88	178	1.07223
88	180	1.0695
89	1	0.506303
89	52	0.545396
89	71	0.534518
89	72	0.596188
89	88	1.3022
89	104	0.646392
89	108	1.19967
89	112	1.25651
89	125	1.21523
89	128	1.24249
89	134	1.20582
89	139	1.22346
89	141	0.585357
89	152	1.24895
89	174	1.09908
89	177	1.07056
89	178	1.04858
89	179	1.04616
89	180	1.04584
90	23	1.09903
90	37	1.13915
90	52	1.15697
90	73	0.453645
90	82	1.13286
90	94	1.08273
90	95	1.21815
90	100	1.1092
90	119	1.07643
90	121	1.13995
90	122	1.10978
90	126	1.08955
90	129	1.11717
90	140	1.10301
90	141	1.07995
90	144	1.10525
90	157	0.752183
90	165	0.783984
90	173	0.989778
90	176	0.987734
90	180	1.2015
91	13	1.02216
91	36	1.10177
91	47	1.19587
91	50	1.10943
91	51	1.06678
91	64	1.11777
91	69	1.11858
91	76	1.10102
91	93	1.16222
91	98	1.08522
91	102	1.13847
91	103	1.139
91	109	1.19174
91	123	1.13405
91	132	0.765389
91	143	0.872666
91	147	0.720634
91	151	1.11119
91	156	0.874367
91	165	0.958894
91	167	1.16491
92	7	0.889824
92	75	0.805777
92	81	0.835452
92	96	0.998294
92	111	0.735154
92	137	0.750906
92	149	1.06553
92	154	1.09606
92	157	1.09617
92	159	1.09318
92	160	1.08231
92	165	1.07749
92	167	0.996191
92	168	1.04807
92	171	1.0404
92	173	1.00874
92	174	1.02125
92	175	1.01259
92	176	1.00801
92	177	0.992726
92	178	0.970746
92	180	0.968012
93	13	1.06744
93	43	1.22724
93	45	1.23992
93	47	1.24115
93	51	1.11207
93	64	1.16306
93	69	1.16386
93	76	1.1463
93	91	1.16222
93	98	1.1305
93	102	1.18376
93	103	1.18429
93	109	1.23703
93	116	0.584946
93	123	1.17933
93	147	0.571778
93	151	1.15648
93	160	0.77418
93	169	0.743078
93	172	0.875361
93	175	0.964163
93	180	1.22756
94	18	1.14545
94	31	1.2516
94	44	1.20126
94	51	0.750455
94	54	0.746032
94	55	1.10638
94	90	1.08273
94	104	1.12668
94	108	0.495275
94	120	0.56659
94	126	1.12625
94	128	0.517034
94	135	0.546638
94	141	1.11665
94	144	1.14195
94	147	1.18636
94	151	1.11244
94	162	1.04255
94	175	1.01087
94	176	1.00628
94	178	0.969018
94	180	0.966284
95	23	1.27115
95	37	1.31126
95	68	1.25219
95	71	1.24406
95	88	0.305907
95	90	1.21815
95	107	1.22855
95	119	1.24855
95	122	1.2819
95	126	1.26166
95	129	1.28929
95	140	1.27512
95	141	1.25207
95	144	1.27736
95	154	0.631974
95	158	0.708754
95	161	0.43871
95	162	0.727201
95	171	0.771145
95	172	1.16496
95	178	1.05795
95	179	1.11269
96	9	1.03588
96	62	1.39871
96	79	1.26054
96	92	0.998294
96	146	1.34907
96	153	1.0425
96	154	0.971469
96	159	0.968592
96	160	0.957719
96	163	0.900346
96	165	0.952894
96	166	0.96178
96	168	0.923483
96	169	0.957526
96	170	0.888379
96	173	0.884147
96	175	0.888002
96	176	0.883414
96	177	0.868134
96	178	0.846154
96	180	0.84342
97	1	0.713931
97	74	1.06794
97	141	1.01811
97	144	0.887753
97	149	0.999622
97	151	0.984312
97	152	1.1052
97	155	0.998313
97	157	1.03026
97	163	0.959029
97	164	1.06027
97	166	1.02046
97	168	0.982165
97	169	1.01621
97	171	0.974488
97	173	0.942829
97	175	0.946684
97	176	0.942097
97	177	0.926817
97	178	0.904837
97	180	0.902103
98	13	0.990446
98	43	1.15024
98	45	1.16292
98	47	1.16416
98	50	1.07772
98	51	1.03507
98	64	1.08606
98	69	1.08687
98	76	1.06931
98	91	1.08522
98	93	1.1305
98	102	1.10676
98	103	1.10729
98	109	1.16003
98	114	0.580106
98	123	1.10234
98	149	0.912316
98	151	1.07948
98	155	0.827321
98	167	1.00924
98	174	0.961088
98	179	1.28976
99	19	0.443011
99	31	0.517153
99	100	0.483027
99	110	0.570238
99	117	0.402428
99	125	0.554745
99	148	1.24288
99	151	0.451055
99	158	1.17469
99	159	1.21025
99	161	1.28743
99	164	1.24324
99	165	1.19455
99	166	1.20344
99	169	1.19919
99	171	1.15746
99	173	1.12581
99	175	1.12966
99	176	1.12507
99	177	1.10979
99	178	1.08781
99	180	1.08508
100	4	1.2102
100	52	1.22015
100	57	0.882174
100	58	1.18038
100	60	1.07899
100	68	1.14324
100	71	1.13512
100	80	0.654234
100	90	1.1092
100	99	0.483027
100	106	0.626314
100	107	1.11961
100	119	1.13961
100	122	1.17296
100	126	1.15272
100	129	1.18035
100	140	1.16618
100	141	1.14313
100	144	1.16842
100	148	0.756211
100	155	0.858113
100	172	1.05602
100	177	1.12109
101	3	1.11693
101	14	1.20143
101	21	1.19977
101	53	0.553381
101	65	1.17324
101	83	1.11777
101	108	1.15641
101	112	1.21325
101	114	0.731737
101	116	0.729755
101	118	1.17193
101	125	1.17197
101	127	1.22621
101	136	0.78695
101	143	1.149
101	146	1.15986
101	150	1.06097
101	151	1.14874
101	156	1.12791
101	168	1.03807
101	169	0.887886
101	172	1.02017
101	179	1.0029
102	13	1.0437
102	16	1.02181
102	35	0.507236
102	36	1.12331
102	43	1.20349
102	45	1.21618
102	47	1.21741
102	50	1.13097
102	51	1.08832
102	64	1.13931
102	69	1.14012
102	91	1.13847
102	93	1.18376
102	98	1.10676
102	103	1.16054
102	109	1.21328
102	123	1.15559
102	151	1.13273
102	153	0.600438
102	158	0.838662
102	159	0.732602
102	171	0.901054
102	176	0.959801
103	13	1.04423
103	36	1.12385
103	43	1.20402
103	45	1.21671
103	47	1.21794
103	51	1.08885
103	57	0.79824
103	64	1.13984
103	69	1.14065
103	76	1.12309
103	91	1.139
103	93	1.18429
103	98	1.10729
103	102	1.16054
103	109	1.21382
103	123	1.15612
103	142	0.773767
103	143	0.663845
103	149	0.859174
103	151	1.13326
103	165	0.750073
103	169	0.683113
103	179	1.23662
104	5	1.03298
104	7	1.19808
104	15	1.13612
104	16	0.975538
104	22	1.12181
104	25	1.41163
104	31	1.25885
104	38	1.1795
104	55	1.11363
104	59	1.13993
104	74	1.13937
104	75	1.17081
104	80	0.717097
104	89	0.646392
104	94	1.12668
104	124	1.13452
104	131	0.677384
104	145	0.763341
104	146	1.13081
104	151	1.11969
104	161	0.709438
104	162	0.997929
104	175	1.051
105	32	1.13169
105	39	1.09684
105	41	0.808374
105	49	1.20093
105	54	1.16031
105	56	1.07735
105	78	1.10594
105	81	1.10529
105	110	1.14223
105	128	1.17402
105	130	1.17598
105	134	1.13736
105	135	1.18896
105	137	1.1924
105	139	1.155
105	146	1.13465
105	147	0.647223
105	161	0.698051
105	166	0.769395
105	168	0.968707
105	172	0.950807
105	173	1.09128
105	174	1.03062
105	179	0.977696
106	10	1.10237
106	25	0.480179
106	27	1.16103
106	30	1.1599
106	38	0.572202
106	77	0.684135
106	83	1.14542
106	100	0.626314
106	112	1.24091
106	118	1.19958
106	120	1.189
106	125	1.19963
106	126	0.741567
106	130	0.624329
106	143	1.17665
106	144	0.497783
106	151	1.17639
106	168	1.1103
106	170	1.0752
106	172	1.0935
106	173	1.07096
106	178	1.03297
106	179	1.03055
106	180	1.03024
107	4	1.15743
107	37	1.14955
107	44	1.17496
107	58	1.12761
107	68	1.09047
107	71	1.08235
107	82	1.14326
107	87	0.655761
107	95	1.22855
107	100	1.11961
107	119	1.08684
107	121	1.15036
107	122	1.12019
107	126	1.09995
107	129	1.12757
107	140	1.11341
107	141	1.09035
107	144	1.11565
107	147	0.650162
107	155	0.912527
107	156	0.803895
107	164	0.753586
107	167	1.09444
107	176	1.09217
108	3	1.08131
108	12	1.22795
108	14	1.16581
108	21	1.16415
108	50	0.554988
108	65	1.13762
108	83	1.08215
108	89	1.19967
108	94	0.495275
108	101	1.15641
108	112	1.17763
108	118	1.1363
108	125	1.13635
108	127	1.19059
108	143	1.11338
108	146	1.12423
108	150	1.02535
108	151	1.11312
108	158	0.871178
108	162	0.889625
108	164	0.653731
108	177	1.07565
108	178	1.22037
108	179	0.967278
109	13	1.09697
109	35	0.548265
109	43	1.25676
109	45	1.26945
109	47	1.27068
109	50	1.18424
109	51	1.1416
109	64	1.19258
109	69	1.19339
109	76	1.17583
109	91	1.19174
109	93	1.23703
109	98	1.16003
109	102	1.21328
109	103	1.21382
109	113	0.665732
109	123	1.20886
109	151	1.186
109	153	0.641467
109	158	0.879692
109	161	0.609648
109	166	0.680993
109	168	0.880304
109	180	1.2146
110	8	1.22126
110	54	1.16092
110	56	1.07796
110	78	1.10654
110	81	1.1059
110	99	0.570238
110	105	1.14223
110	123	1.147
110	124	1.13897
110	128	1.17463
110	130	1.17658
110	133	0.792473
110	134	1.13796
110	135	1.18957
110	137	1.193
110	139	1.1556
110	150	1.03637
110	152	0.678396
110	153	0.765605
110	154	0.927049
110	162	1.02228
110	174	1.03122
110	177	1.2083
110	179	0.978303
111	6	1.23952
111	10	1.09342
111	19	1.18907
111	20	1.19782
111	27	1.15209
111	29	1.14923
111	30	1.15096
111	33	1.14531
111	61	1.21409
111	66	1.18421
111	70	1.17873
111	79	1.22288
111	86	1.18877
111	92	0.735154
111	115	1.15565
111	117	1.18284
111	120	1.18005
111	127	0.484562
111	133	0.645536
111	143	1.16771
111	159	0.750833
111	163	0.99028
111	164	0.639446
111	172	0.839606
111	179	1.26083
112	2	0.399347
112	3	1.13816
112	14	1.22265
112	21	1.22099
112	50	0.70648
112	63	1.20131
112	65	1.19447
112	83	1.139
112	89	1.25651
112	101	1.21325
112	106	1.24091
112	108	1.17763
112	113	0.808711
112	118	1.19315
112	125	1.1932
112	131	0.720573
112	142	0.963753
112	143	1.17023
112	146	1.18108
112	147	0.701799
112	150	1.08219
112	156	1.14913
112	157	0.908258
112	159	0.91661
112	179	1.02413
113	16	0.969034
113	109	0.665732
113	112	0.808711
113	121	0.712803
113	123	0.681027
113	135	0.708581
113	137	0.658685
113	147	1.18711
113	152	1.17013
113	155	1.06324
113	157	1.09519
113	160	1.08133
113	162	1.0433
113	164	1.12519
113	165	1.0765
113	166	1.08539
113	167	0.995208
113	168	1.04709
113	169	1.08114
113	170	1.01199
113	173	1.00776
113	176	1.00702
113	177	0.991744
113	178	0.969764
113	180	0.96703
114	23	0.633302
114	62	0.6596
114	98	0.580106
114	101	0.731737
114	119	0.537573
114	121	0.621042
114	122	0.648219
114	149	1.11486
114	152	1.22044
114	154	1.14539
114	157	1.14549
114	159	1.14251
114	160	1.13164
114	161	1.21969
114	164	1.1755
114	165	1.12681
114	166	1.1357
114	168	1.0974
114	170	1.0623
114	173	1.05807
114	175	1.06192
114	176	1.05733
114	177	1.04205
114	178	1.02007
114	180	1.01734
115	6	1.16573
115	10	1.01963
115	11	1.18482
115	16	1.20532
115	19	1.11528
115	20	1.12402
115	27	1.0783
115	29	1.07544
115	30	1.07717
115	33	1.07152
115	42	0.483239
115	61	1.1403
115	66	1.11042
115	70	1.10494
115	79	1.14909
115	84	0.608612
115	86	1.11498
115	111	1.15565
115	117	1.10904
115	120	1.10626
115	132	0.746053
115	143	1.09392
115	158	1.02217
115	161	0.752125
115	165	0.939558
116	54	0.814232
116	56	0.741491
116	79	0.519447
116	93	0.584946
116	101	0.729755
116	141	0.610744
116	143	1.17095
116	146	0.607981
116	147	1.24461
116	149	1.12205
116	159	1.1497
116	161	1.22688
116	163	1.08146
116	164	1.1827
116	165	1.13401
116	166	1.14289
116	167	1.05271
116	170	1.06949
116	171	1.09692
116	173	1.06526
116	175	1.06911
116	176	1.06453
116	177	1.04925
116	178	1.02727
116	180	1.02453
117	6	1.19291
117	9	0.53892
117	10	1.04681
117	11	1.212
117	19	1.14246
117	20	1.15121
117	27	1.10548
117	29	1.10262
117	30	1.10435
117	33	1.09871
117	61	1.16748
117	66	1.1376
117	70	1.13213
117	74	1.14052
117	79	1.17627
117	86	1.14216
117	99	0.402428
117	111	1.18284
117	115	1.10904
117	120	1.13344
117	143	1.1211
117	150	0.920252
117	157	0.721608
117	170	0.928636
117	174	0.911281
117	176	0.957159
117	178	1.18521
118	3	1.09683
118	12	1.24347
118	14	1.18132
118	41	1.06477
118	63	1.15998
118	65	1.15314
118	83	1.09767
118	84	0.557255
118	85	0.569757
118	101	1.17193
118	106	1.19958
118	108	1.1363
118	112	1.19315
118	125	1.15187
118	127	1.20611
118	133	0.759455
118	143	1.1289
118	146	1.13975
118	150	1.04087
118	151	1.12864
118	152	0.645378
118	155	0.912306
118	156	1.1078
118	162	0.989259
118	173	1.09399
118	174	1.04607
118	179	0.982797
119	37	1.16955
119	44	1.19496
119	52	1.18738
119	58	1.14761
119	60	1.04622
119	73	0.430343
119	82	1.16326
119	90	1.07643
119	95	1.24855
119	100	1.13961
119	107	1.08684
119	114	0.537573
119	121	1.17036
119	122	1.14019
119	123	1.129
119	126	1.11995
119	129	1.14758
119	140	1.13341
119	141	1.11036
119	144	1.13565
119	152	0.51786
119	155	0.784787
119	172	1.02325
119	174	0.918554
119	176	0.964432
119	179	1.24723
119	180	1.1782
120	6	1.19013
120	10	1.04403
120	11	1.20922
120	19	1.13967
120	20	1.14842
120	27	1.10269
120	29	1.09983
120	30	1.10156
120	33	1.09592
120	61	1.1647
120	66	1.13482
120	70	1.12934
120	79	1.17349
120	86	1.13937
120	94	0.56659
120	106	1.189
120	111	1.18005
120	115	1.10626
120	117	1.13344
120	138	0.641801
120	143	1.11832
120	152	0.617059
120	154	0.865713
120	159	0.836432
120	172	0.925205
120	175	1.01401
120	180	1.2774
121	23	1.19295
121	37	1.23307
121	41	1.1058
121	50	1.1679
121	52	1.2509
121	58	1.21113
121	60	1.10974
121	71	1.16587
121	82	1.22678
121	90	1.13995
121	107	1.15036
121	113	0.712803
121	114	0.621042
121	119	1.17036
121	122	1.20371
121	126	1.18347
121	127	0.554432
121	129	1.2111
121	136	0.676256
121	140	1.19693
121	141	1.17388
121	144	1.19917
121	149	0.953252
121	154	0.849983
121	158	0.926763
121	161	0.656719
121	172	1.08677
121	174	1.00202
122	4	1.21078
122	23	1.16278
122	37	1.2029
122	42	0.415009
122	58	1.18096
122	60	1.07957
122	68	1.14382
122	71	1.1357
122	88	0.551092
122	90	1.10978
122	95	1.2819
122	100	1.17296
122	107	1.12019
122	114	0.648219
122	119	1.14019
122	121	1.20371
122	123	1.16235
122	126	1.1533
122	129	1.18092
122	140	1.16676
122	141	1.1437
122	143	0.7851
122	144	1.169
122	148	0.793531
122	158	0.953939
122	161	0.683895
122	167	1.07735
122	170	1.04656
122	172	1.0566
123	69	1.1357
123	87	0.579715
123	91	1.13405
123	93	1.17933
123	98	1.10234
123	102	1.15559
123	103	1.15612
123	109	1.20886
123	110	1.147
123	113	0.681027
123	119	1.129
123	122	1.16235
123	128	1.17879
123	129	1.16974
123	130	1.18075
123	132	0.618871
123	134	1.14213
123	135	1.19373
123	136	0.64448
123	137	1.19717
123	138	0.594295
123	139	1.15977
123	140	1.15558
123	141	1.13252
123	144	1.15782
123	165	0.812375
123	169	0.745416
123	178	1.24418
123	180	1.22989
124	7	1.19867
124	11	0.60771
124	12	0.726415
124	15	1.13671
124	22	1.1224
124	46	1.19244
124	48	0.661336
124	51	0.871876
124	59	1.14052
124	60	0.725491
124	75	1.1714
124	76	0.741988
124	86	0.734258
124	104	1.13452
124	110	1.13897
124	130	1.17272
124	134	1.1341
124	137	1.18914
124	144	0.533607
124	146	1.1314
124	158	1.06373
124	162	1.05039
124	164	1.13229
124	167	1.0023
124	169	1.08823
124	171	1.04651
124	178	0.976858
124	179	0.974441
124	180	0.974124
125	2	0.365013
125	3	1.09688
125	12	1.24352
125	14	1.18137
125	21	1.17972
125	41	1.06482
125	63	1.16003
125	65	1.15319
125	83	1.09772
125	89	1.21523
125	99	0.554745
125	101	1.17197
125	106	1.19963
125	108	1.13635
125	112	1.1932
125	118	1.15187
125	127	1.20616
125	132	0.71222
125	143	1.12895
125	146	1.1398
125	150	1.04091
125	151	1.12868
125	156	1.10785
125	157	0.873924
125	159	0.882276
125	160	0.869868
125	163	1.12172
125	169	0.838765
125	173	1.11152
125	179	0.982846
126	4	1.19054
126	36	1.10984
126	44	1.20807
126	52	1.20049
126	60	1.05933
126	68	1.12359
126	71	1.11546
126	74	0.680047
126	82	1.17638
126	90	1.08955
126	94	1.12625
126	95	1.26166
126	100	1.15272
126	106	0.741567
126	107	1.09995
126	119	1.11995
126	121	1.18347
126	122	1.1533
126	127	0.659541
126	129	1.16069
126	132	0.755756
126	140	1.14653
126	141	1.12347
126	144	1.14877
126	156	0.864734
126	164	0.814425
126	165	0.94926
126	166	0.833173
126	168	1.03248
126	172	1.03636
127	40	1.26956
127	62	1.22286
127	65	1.20743
127	70	0.616749
127	72	1.18324
127	77	1.18304
127	78	0.687094
127	101	1.22621
127	108	1.19059
127	111	0.484562
127	118	1.20611
127	121	0.554432
127	125	1.20616
127	126	0.659541
127	129	0.543289
127	134	0.623981
127	135	0.55021
127	137	0.500314
127	154	1.16482
127	156	1.16209
127	162	1.11303
127	168	1.11683
127	170	1.08173
127	172	1.10003
127	174	1.09001
127	176	1.07676
127	177	1.06148
127	178	1.0395
127	179	1.03708
127	180	1.03677
128	32	1.16409
128	36	1.14652
128	39	1.12924
128	46	1.2281
128	49	1.23334
128	54	1.19271
128	56	1.10975
128	67	1.17999
128	73	0.479987
128	78	1.13834
128	81	1.13769
128	89	1.24249
128	94	0.517034
128	105	1.17402
128	110	1.17463
128	123	1.17879
128	130	1.20838
128	133	0.68158
128	134	1.16976
128	135	1.22136
128	137	1.2248
128	138	0.592245
128	139	1.1874
128	150	1.06817
128	155	0.834431
128	165	0.810325
128	170	0.985553
128	171	0.955328
128	172	0.875649
128	174	1.06302
128	179	1.0101
128	180	1.22784
129	4	1.21816
129	16	1.00273
129	37	1.21029
129	44	1.2357
129	53	0.431543
129	58	1.18835
129	60	1.08695
129	68	1.15121
129	71	1.14308
129	82	1.204
129	90	1.11717
129	95	1.28929
129	100	1.18035
129	107	1.12757
129	119	1.14758
129	121	1.2111
129	122	1.18092
129	123	1.16974
129	126	1.16069
129	127	0.543289
129	140	1.17415
129	141	1.15109
129	143	0.74678
129	144	1.17639
129	154	0.83884
129	156	0.748481
129	160	0.797151
129	162	0.934067
129	165	0.833008
129	169	0.766048
129	172	1.06399
129	179	1.31956
130	32	1.16605
130	36	1.14848
130	39	1.1312
130	46	1.23005
130	49	1.23529
130	54	1.19467
130	56	1.11171
130	67	1.18194
130	78	1.1403
130	105	1.17598
130	106	0.624329
130	110	1.17658
130	123	1.18075
130	124	1.17272
130	128	1.20838
130	134	1.17172
130	135	1.22332
130	136	0.664127
130	137	1.22675
130	138	0.613942
130	139	1.18935
130	143	0.745794
130	146	1.16901
130	148	0.754226
130	150	1.07012
130	161	0.64459
130	168	0.915246
130	170	1.00725
130	172	0.897346
130	174	1.06498
130	178	1.26383
130	179	1.01205
131	20	0.660538
131	49	0.674417
131	57	1.12081
131	59	0.636617
131	68	0.677319
131	73	1.2059
131	104	0.677384
131	112	0.720573
131	134	0.694214
131	144	0.48599
131	147	1.23584
131	148	1.17357
131	149	1.11328
131	151	0.582549
131	154	1.14381
131	155	1.11197
131	159	1.14094
131	160	1.13006
131	161	1.21811
131	163	1.07269
131	164	1.17393
131	165	1.12524
131	167	1.04394
131	168	1.09583
131	169	1.12987
131	170	1.06072
131	171	1.08815
131	173	1.05649
131	175	1.06035
131	177	1.04048
131	178	1.0185
131	180	1.01576
132	45	0.777951
132	57	1.10638
132	62	0.689204
132	68	0.703301
132	91	0.765389
132	115	0.746053
132	123	0.618871
132	125	0.71222
132	126	0.755756
132	133	1.18652
132	138	1.23168
132	146	0.639568
132	147	1.22142
132	149	1.09886
132	153	1.20042
132	154	1.12939
132	155	1.09755
132	156	1.12666
132	157	1.12949
132	158	1.09095
132	163	1.05826
132	164	1.1595
132	165	1.11081
132	166	1.1197
132	167	1.02952
132	168	1.0814
132	170	1.0463
132	173	1.04206
132	175	1.04592
132	176	1.04133
132	177	1.02605
132	178	1.00407
132	180	1.00134
133	29	0.720809
133	30	0.78346
133	33	0.748847
133	34	0.740482
133	59	0.727358
133	73	1.18846
133	110	0.792473
133	111	0.645536
133	118	0.759455
133	128	0.68158
133	132	1.18652
133	136	1.22357
133	138	1.22866
133	145	1.15564
133	149	1.09584
133	152	1.20142
133	154	1.12637
133	155	1.09453
133	159	1.12349
133	160	1.11262
133	162	1.07458
133	165	1.10779
133	166	1.11668
133	167	1.0265
133	169	1.11242
133	170	1.04328
133	171	1.0707
133	175	1.0429
133	176	1.03831
133	177	1.02303
133	178	1.00105
133	179	0.998634
133	180	0.998317
134	8	1.21639
134	32	1.12743
134	39	1.09258
134	46	1.19144
134	49	1.19667
134	54	1.15605
134	56	1.07309
134	67	1.14333
134	74	0.644487
134	78	1.10168
134	81	1.10103
134	89	1.20582
134	105	1.13736
134	110	1.13796
134	123	1.14213
134	124	1.1341
134	127	0.623981
134	128	1.16976
134	130	1.17172
134	131	0.694214
134	135	1.1847
134	137	1.18813
134	139	1.15074
134	142	0.937394
134	143	0.827472
134	145	0.780171
134	146	1.13039
134	150	1.0315
134	152	0.670878
134	153	0.758087
134	160	0.877843
134	174	1.02636
134	179	0.973435
134	180	1.33122
135	8	1.26799
135	32	1.17903
135	35	1.25878
135	39	1.14418
135	42	0.383611
135	46	1.24304
135	49	1.24828
135	54	1.20765
135	56	1.12469
135	67	1.19493
135	73	0.509591
135	78	1.15328
135	81	1.15263
135	94	0.546638
135	105	1.18896
135	110	1.18957
135	113	0.708581
135	123	1.19373
135	127	0.55021
135	128	1.22136
135	130	1.22332
135	134	1.1847
135	137	1.23974
135	139	1.20234
135	146	1.18199
135	150	1.08311
135	152	0.597107
135	158	0.922541
135	164	0.705094
135	171	0.984932
135	173	1.04572
135	174	1.07796
135	175	0.994055
135	179	1.02504
136	11	0.611684
136	31	0.700238
136	37	0.566816
136	77	0.723933
136	82	0.690615
136	101	0.78695
136	121	0.676256
136	123	0.64448
136	130	0.664127
136	133	1.22357
136	144	0.537581
136	145	1.19571
136	153	1.23747
136	154	1.16644
136	155	1.1346
136	157	1.16654
136	158	1.128
136	159	1.16356
136	160	1.15269
136	161	1.24074
136	162	1.11466
136	163	1.09532
136	164	1.19655
136	166	1.15675
136	167	1.06657
136	169	1.1525
136	170	1.08335
136	171	1.11077
136	173	1.07912
136	175	1.08297
136	176	1.07838
136	177	1.0631
136	178	1.04112
136	180	1.03839
137	8	1.27143
137	32	1.18247
137	39	1.14762
137	46	1.24647
137	49	1.25171
137	54	1.21109
137	56	1.12813
137	67	1.19836
137	78	1.15671
137	81	1.15607
137	87	0.557372
137	92	0.750906
137	105	1.1924
137	110	1.193
137	113	0.658685
137	123	1.19717
137	124	1.18914
137	127	0.500314
137	128	1.2248
137	130	1.22675
137	134	1.18813
137	135	1.23974
137	139	1.20577
137	146	1.18543
137	150	1.08654
137	153	0.63442
137	160	0.754176
137	166	0.673945
137	168	0.873257
137	171	0.935036
137	172	0.855357
137	174	1.08139
137	175	0.944159
137	179	1.02847
138	43	0.551628
138	45	0.753376
138	51	0.825666
138	64	0.601257
138	120	0.641801
138	123	0.594295
138	128	0.592245
138	130	0.613942
138	132	1.23168
138	133	1.22866
138	139	0.690117
138	140	0.546595
138	142	1.16572
