1	9	1.02285
1	19	1.11448
1	50	1.03795
1	61	1.12764
1	96	1.05341
1	106	1.07331
1	123	1.0936
1	129	1.11042
1	149	0.752204
1	162	1.11913
1	165	0.986475
1	174	1.01948
2	41	0.785079
2	50	1.15993
2	79	1.26964
2	106	1.19529
2	119	1.22243
2	123	1.21558
2	129	1.2324
2	147	0.596276
2	150	1.20181
2	165	1.10845
2	172	0.901597
2	179	0.777104
3	43	1.16623
3	53	1.13362
3	89	1.26812
3	92	0.761587
3	100	1.20805
3	121	1.21782
3	122	1.19741
3	131	0.740847
3	137	1.22881
3	150	1.18854
3	155	0.776688
3	158	0.72992
4	15	1.12424
4	51	1.00595
4	54	1.00185
4	56	1.1269
4	72	1.04324
4	75	1.01734
4	77	1.12256
4	80	0.81132
4	84	1.05656
4	134	1.0734
4	137	1.08339
4	157	0.968705
5	21	1.08934
5	24	1.05101
5	29	1.03827
5	32	1.04903
5	40	1.00363
5	100	1.06597
5	127	1.07678
5	128	1.08624
5	133	0.81816
5	138	0.997683
5	142	1.09245
5	158	1.16612
6	42	1.38616
6	47	1.36403
6	59	1.45992
6	63	1.30205
6	73	1.37679
6	82	1.32891
6	126	0.477209
6	132	0.575183
6	136	1.41394
6	147	0.715636
6	158	0.470873
6	165	0.963344
7	85	0.672312
7	102	0.56901
7	105	0.691581
7	148	1.17699
7	156	1.13882
7	172	1.05953
7	174	1.10648
7	175	1.06228
7	177	0.983993
7	178	1.01055
7	179	1.05931
7	180	1.00811
8	15	1.12168
8	35	1.03118
8	54	0.999288
8	56	1.12435
8	75	1.01478
8	77	1.12
8	84	1.054
8	107	1.0458
8	126	0.898819
8	137	1.08083
8	146	1.01753
8	157	0.967607
9	1	1.02285
9	96	1.03709
9	106	1.05699
9	109	1.11478
9	119	1.08412
9	123	1.07728
9	129	1.0941
9	142	1.10949
9	148	0.814483
9	153	1.07482
9	164	0.991822
9	165	0.970154
10	46	1.1904
10	76	1.17555
10	101	1.21808
10	110	1.22696
10	114	1.2166
10	118	1.19069
10	133	0.434072
10	151	1.21803
10	156	0.636739
10	160	0.574386
10	163	1.14829
10	177	1.40919
11	62	1.10002
11	90	1.04257
11	95	1.02302
11	117	1.10676
11	122	1.06063
11	124	0.611044
11	136	1.07573
11	147	1.04654
11	151	1.06479
11	154	1.06396
11	170	1.11107
11	178	1.1913
12	23	0.463054
12	56	0.308976
12	109	0.48325
12	150	0.454887
12	157	1.31218
12	160	1.26003
12	171	1.31265
12	176	1.21203
12	177	1.09443
12	178	1.12098
12	179	1.16975
12	180	1.11854
13	61	0.517961
13	115	0.467058
13	119	0.318314
13	123	0.457149
13	124	1.36558
13	156	1.24696
13	169	1.22123
13	172	1.16767
13	174	1.21463
13	175	1.17042
13	177	1.09214
13	180	1.11625
14	93	0.988766
14	134	1.0525
14	143	1.09187
14	159	1.01637
14	163	0.985033
14	169	0.975635
14	171	1.06476
14	173	0.985655
14	177	0.84654
14	178	0.873092
14	179	0.921861
14	180	0.870655
15	4	1.12424
15	8	1.12168
15	56	1.28538
15	72	1.20172
15	75	1.17582
15	84	1.21504
15	107	1.20684
15	137	1.24187
15	153	0.672645
15	166	0.879688
15	171	0.42502
15	180	1.10048
16	21	1.19379
16	29	1.14271
16	40	1.10808
16	48	1.3374
16	100	1.17041
16	127	1.18122
16	142	1.1969
16	158	1.27056
16	171	0.433068
16	172	0.881777
16	174	0.650764
16	180	1.10852
17	18	1.16661
17	27	1.10042
17	42	1.05299
17	49	1.03112
17	59	1.12675
17	60	1.00333
17	82	0.995732
17	99	1.09502
17	128	0.989733
17	136	1.08076
17	138	0.901174
17	169	1.02837
18	17	1.16661
18	27	1.27391
18	42	1.22648
18	60	1.17682
18	63	1.14236
18	73	1.2171
18	82	1.16922
18	99	1.2685
18	112	0.558104
18	146	0.667587
18	165	1.03501
18	173	0.807421
19	1	1.11448
19	74	0.615055
19	85	1.15356
19	106	1.14862
19	109	1.20642
19	119	1.17576
19	123	1.16891
19	129	1.18573
19	147	0.867658
19	150	1.15514
19	159	0.865555
19	165	1.06179
19	173	0.887776
20	93	0.400775
20	107	0.647516
20	142	0.45516
20	154	0.450396
20	164	1.21576
20	169	1.21363
20	170	1.14057
20	175	1.16282
20	176	1.20214
20	177	1.08454
20	178	1.11109
20	179	1.15986
20	180	1.10865
21	5	1.08934
21	16	1.19379
21	29	1.15516
21	40	1.12052
21	48	1.34985
21	124	0.661181
21	127	1.19367
21	142	1.20934
21	145	0.580023
21	149	0.55206
21	158	1.28301
21	180	1.27709
22	47	0.526827
22	130	0.471008
22	143	0.479234
22	148	1.25431
22	151	0.477097
22	166	1.13953
22	167	1.18593
22	168	1.14662
22	173	1.20043
22	174	1.1838
22	177	1.06131
22	179	1.13663
22	180	1.08543
23	12	0.463054
23	69	1.25671
23	101	1.15024
23	110	1.15912
23	114	1.14876
23	118	1.12285
23	127	1.16747
23	141	1.14955
23	144	0.831186
23	151	1.15019
23	152	0.629019
23	163	1.08044
23	170	1.1842
24	5	1.05101
24	29	1.11682
24	32	1.12758
24	40	1.08219
24	48	1.31151
24	100	1.14452
24	127	1.15533
24	128	0.606008
24	142	1.171
24	158	1.24467
24	165	0.780289
24	172	0.8379
24	180	1.06465
25	33	1.12673
25	108	1.19896
25	111	0.789871
25	115	1.14915
25	120	1.17028
25	125	1.13943
25	130	1.16358
25	131	0.651128
25	139	0.858218
25	143	1.17148
25	153	1.10206
25	154	1.15954
25	164	0.906199
26	37	0.473039
26	121	0.566668
26	130	0.458386
26	143	0.466612
26	156	1.21911
26	168	1.14959
26	173	1.2034
26	174	1.18677
26	175	1.14257
26	176	1.18188
26	178	1.09084
26	179	1.1396
26	180	1.0884
27	17	1.10042
27	18	1.27391
27	47	1.13816
27	49	1.13842
27	59	1.23404
27	60	1.11063
27	73	1.15092
27	82	1.10303
27	136	1.18806
27	146	0.538524
27	165	0.905949
27	169	0.7703
27	170	1.07442
28	90	1.14515
28	96	1.12792
28	106	1.14783
28	119	1.17496
28	123	1.16811
28	129	1.18494
28	142	1.20033
28	150	1.15434
28	158	0.543305
28	164	0.809303
28	165	1.06099
28	168	1.00129
28	169	0.900127
29	5	1.03827
29	16	1.14271
29	21	1.15516
29	24	1.11682
29	32	1.11484
29	48	1.29877
29	127	1.14259
29	131	0.614753
29	142	1.15827
29	155	0.650594
29	158	1.23193
29	164	0.869824
29	175	1.08653
30	34	1.15707
30	46	1.15115
30	57	1.1215
30	101	1.17884
30	103	0.71466
30	104	1.1647
30	110	1.18772
30	114	1.17736
30	118	1.15145
30	156	0.914862
30	160	0.852509
30	163	1.10904
30	171	0.76346
31	62	0.574812
31	70	0.297814
31	125	0.558407
31	136	0.469876
31	138	1.23843
31	149	1.30174
31	168	1.13995
31	170	1.11068
31	171	1.27286
31	177	1.05464
31	178	1.0812
31	179	1.12997
31	180	1.07876
32	5	1.04903
32	24	1.12758
32	29	1.11484
32	40	1.08021
32	41	0.912198
32	48	1.30953
32	100	1.14254
32	127	1.15335
32	133	0.528741
32	142	1.16903
32	158	1.24269
32	167	0.788655
32	172	1.02872
33	25	1.12673
33	71	1.10561
33	74	0.719789
33	94	1.15012
33	102	1.12614
33	105	1.09164
33	108	1.15148
33	113	0.903277
33	120	1.1228
33	125	1.09196
33	130	1.11611
33	147	0.972392
33	154	1.11207
33	171	0.829003
34	30	1.15707
34	86	1.12691
34	101	1.12486
34	104	1.11073
34	110	1.13374
34	114	1.12338
34	116	0.800527
34	118	1.09747
34	126	0.844955
34	133	0.888728
34	141	1.12417
34	149	0.890416
34	151	1.12481
34	163	1.05507
35	8	1.03118
35	36	1.22869
35	44	1.09409
35	51	1.07393
35	72	1.11122
35	75	1.08531
35	77	1.19054
35	80	0.709813
35	84	1.12454
35	98	0.963691
35	107	1.11634
35	137	1.15136
35	148	0.880732
35	155	0.838842
36	35	1.22869
36	44	1.22107
36	54	1.1968
36	72	1.2382
36	75	1.21229
36	77	1.31751
36	84	1.25151
36	103	0.501323
36	107	1.24331
36	137	1.27834
36	161	0.611978
36	171	0.550123
36	174	0.76782
36	178	1.18992
37	26	0.473039
37	70	1.23233
37	78	0.651391
37	85	1.23578
37	106	1.23084
37	109	1.28864
37	119	1.25798
37	129	1.26795
37	142	1.28335
37	150	1.23736
37	159	0.80014
37	165	1.14401
37	167	0.867504
37	171	0.658855
38	79	0.810709
38	97	1.04778
38	108	1.13238
38	115	1.08257
38	119	0.745218
38	127	0.737495
38	130	1.09701
38	139	1.06732
38	143	1.1049
38	174	1.00805
38	177	0.885556
38	178	0.912108
38	179	0.960877
38	180	0.909671
39	46	1.10812
39	76	1.09328
39	86	1.13786
39	101	1.13581
39	103	0.695223
39	104	1.12167
39	110	1.14469
39	114	1.13433
39	118	1.10842
39	148	0.731308
39	151	1.13576
39	160	0.833072
39	163	1.06602
39	166	1.19869
40	5	1.00363
40	16	1.10808
40	21	1.12052
40	24	1.08219
40	32	1.08021
40	48	1.26414
40	88	0.711256
40	100	1.09715
40	127	1.10796
40	138	0.869433
40	142	1.12363
40	158	1.1973
40	159	0.882461
40	169	0.996624
41	2	0.785079
41	32	0.912198
41	107	1.08659
41	114	1.09295
41	118	1.06704
41	127	1.11166
41	136	0.929316
41	153	1.03607
41	161	1.08367
41	163	1.02463
41	166	0.964358
41	177	0.886138
41	178	0.91269
41	180	0.910253
42	6	1.38616
42	17	1.05299
42	18	1.22648
42	47	1.09073
42	49	1.09098
42	60	1.0632
42	63	1.02874
42	73	1.10348
42	82	1.0556
42	132	0.910743
42	133	0.856541
42	136	1.14063
42	155	0.853201
42	158	0.806433
43	3	1.16623
43	62	1.14642
43	64	1.13564
43	65	1.02333
43	117	1.15317
43	121	1.12744
43	122	1.10704
43	135	0.870841
43	136	1.12213
43	137	1.13843
43	140	0.734015
43	150	1.09817
43	171	0.816158
43	174	1.03385
44	35	1.09409
44	36	1.22107
44	51	1.06631
44	54	1.0622
44	56	1.18726
44	72	1.1036
44	75	1.07769
44	84	1.11692
44	107	1.10871
44	137	1.14374
44	161	0.588966
44	169	0.782559
44	175	0.908445
44	180	1.20257
45	93	1.07947
45	94	1.15801
45	102	1.13403
45	108	1.15938
45	120	1.1307
45	125	1.09986
45	130	1.124
45	141	1.12015
45	153	1.06249
45	154	1.11996
45	163	0.793162
45	165	0.90898
45	168	0.874496
45	175	0.899218
46	10	1.1904
46	30	1.15115
46	39	1.10812
46	86	1.121
46	98	0.909406
46	104	1.10481
46	110	1.12783
46	114	1.11747
46	116	0.699697
46	118	1.09156
46	133	0.787897
46	151	1.1189
46	163	1.04916
46	164	1.00379
47	6	1.36403
47	22	0.526827
47	27	1.13816
47	42	1.09073
47	59	1.16448
47	60	1.04107
47	63	1.00661
47	73	1.08136
47	82	1.03347
47	89	1.17412
47	135	0.754704
47	136	1.1185
47	172	1.14873
47	173	0.863529
48	16	1.3374
48	21	1.34985
48	24	1.31151
48	29	1.29877
48	32	1.30953
48	40	1.26414
48	88	0.46231
48	127	1.33728
48	132	0.495166
48	142	1.35296
48	144	0.698788
48	147	0.635618
48	153	0.739855
48	158	1.42662
48	172	0.940939
49	17	1.03112
49	27	1.13842
49	42	1.09098
49	59	1.16474
49	60	1.04133
49	63	1.00687
49	73	1.08161
49	82	1.03373
49	89	1.17437
49	99	1.13301
49	136	1.11876
49	152	0.847749
49	155	0.788753
49	160	0.932407
49	176	1.0817
50	1	1.03795
50	2	1.15993
50	70	1.07358
50	78	0.768617
50	88	1.12457
50	96	1.05219
50	109	1.12989
50	123	1.09238
50	129	1.1092
50	142	1.12459
50	144	0.98264
50	150	1.07861
50	152	0.780473
50	165	0.985255
50	168	1.13269
51	4	1.00595
51	35	1.07393
51	44	1.06631
51	54	1.04204
51	56	1.1671
51	72	1.08344
51	75	1.05753
51	77	1.16275
51	83	0.797402
51	84	1.09675
51	107	1.08855
51	137	1.12358
51	161	0.915614
51	171	0.853759
51	174	1.07145
52	55	1.25061
52	67	1.20036
52	97	1.1644
52	105	1.18916
52	115	1.19919
52	120	1.22032
52	125	1.18948
52	130	1.21363
52	134	0.497551
52	153	1.15211
52	154	1.20958
52	170	0.978669
52	174	0.636797
52	176	0.657439
52	178	1.0589
53	3	1.13362
53	62	1.11381
53	74	0.709292
53	81	1.09869
53	87	1.05561
53	100	1.08506
53	117	1.12056
53	121	1.09483
53	137	1.10582
53	147	1.06033
53	150	1.06556
53	151	1.07858
53	153	1.06613
53	159	0.959791
53	160	0.907554
54	4	1.00185
54	8	0.999288
54	36	1.1968
54	44	1.0622
54	51	1.04204
54	56	1.16299
54	72	1.07933
54	75	1.05342
54	77	1.15865
54	84	1.09265
54	103	0.574978
54	137	1.11947
54	170	1.18335
54	172	1.07249
54	174	0.841475
55	52	1.25061
55	94	1.22395
55	105	1.16548
55	108	1.22532
55	115	1.17551
55	120	1.19664
55	124	0.749795
55	125	1.16579
55	130	1.18994
55	132	0.693186
55	143	1.19784
55	146	0.713923
55	147	0.833639
55	154	1.1859
55	159	0.831535
56	4	1.1269
56	8	1.12435
56	12	0.308976
56	15	1.28538
56	44	1.18726
56	51	1.1671
56	54	1.16299
56	75	1.17848
56	77	1.28371
56	84	1.21771
56	137	1.24453
56	145	0.448936
56	153	0.718175
56	177	1.3944
56	179	0.794766
57	30	1.1215
57	69	1.19576
57	76	1.04677
57	86	1.09134
57	104	1.07516
57	110	1.09817
57	114	1.08781
57	118	1.06191
57	127	1.10653
57	135	0.666911
57	151	1.08924
57	163	1.0195
57	166	1.0669
57	175	0.993564
57	179	0.936445
58	91	1.16639
58	117	1.23668
58	121	1.21096
58	122	1.19055
58	137	1.22195
58	140	0.534065
58	143	1.20582
58	147	1.17646
58	150	1.18168
58	151	1.1947
58	153	0.863834
58	154	1.19388
58	155	0.561603
58	165	1.00731
58	176	0.854547
59	6	1.45992
59	17	1.12675
59	27	1.23404
59	47	1.16448
59	49	1.16474
59	60	1.13696
59	63	1.1025
59	78	0.583616
59	82	1.12936
59	88	0.561161
59	89	1.27
59	136	1.21439
59	167	0.799729
59	168	0.947693
59	179	0.915297
60	17	1.00333
60	18	1.17682
60	27	1.11063
60	42	1.0632
60	47	1.04107
60	49	1.04133
60	59	1.13696
60	63	0.979086
60	73	1.05383
60	82	1.00594
60	99	1.10523
60	112	0.678377
60	136	1.09098
60	157	0.737938
60	169	1.01963
60	180	1.43964
61	1	1.12764
61	13	0.517961
61	70	1.16327
61	85	1.16672
61	91	1.153
61	96	1.14187
61	106	1.16178
61	109	1.21957
61	119	1.18891
61	123	1.18206
61	126	0.668469
61	129	1.19889
61	133	0.712241
61	160	0.852555
61	165	1.07494
61	179	1.08772
62	11	1.10002
62	31	0.574812
62	43	1.14642
62	53	1.11381
62	65	1.0939
62	117	1.22373
62	121	1.19801
62	122	1.1776
62	126	1.20964
62	132	0.704997
62	143	1.19287
62	146	0.725733
62	150	1.16873
62	151	1.18176
62	152	0.706451
62	172	1.15077
63	6	1.30205
63	18	1.14236
63	42	1.02874
63	47	1.00661
63	49	1.00687
63	59	1.1025
63	60	0.979086
63	73	1.01937
63	82	0.971486
63	89	1.11213
63	99	1.07077
63	136	1.05652
63	148	0.902423
63	158	0.813764
63	160	1.00419
63	167	1.12379
64	43	1.13564
64	67	1.16093
64	105	1.14973
64	115	1.15976
64	120	1.18089
64	122	1.16682
64	125	1.15004
64	130	1.17419
64	135	0.746046
64	139	0.808007
64	147	1.15273
64	149	0.641787
64	151	1.17098
64	154	1.17015
64	156	0.842766
64	163	0.966643
65	43	1.02333
65	62	1.0939
65	78	0.814571
65	87	1.0357
65	89	1.12522
65	90	1.03646
65	95	1.0169
65	116	0.68257
65	117	1.10065
65	121	1.07492
65	122	1.05452
65	126	1.08655
65	137	1.08591
65	143	1.06978
65	162	1.13939
65	165	1.21313
66	93	1.12832
66	105	1.14839
66	108	1.20823
66	115	1.15843
66	120	1.17955
66	125	1.14871
66	130	1.17286
66	141	1.169
66	143	1.18075
66	147	0.855918
66	152	0.71692
66	153	1.11134
66	154	1.16882
66	157	0.68628
66	171	0.712529
66	179	1.03675
67	52	1.20036
67	64	1.16093
67	68	0.665287
67	83	0.804586
67	93	1.09516
67	97	1.09047
67	102	1.14973
67	115	1.12527
67	120	1.14639
67	125	1.11555
67	130	1.1397
67	143	1.14759
67	149	0.811366
67	153	1.07818
67	154	1.13566
67	156	1.01234
67	171	0.860943
68	67	0.665287
68	71	0.647356
68	115	0.516947
68	123	0.507039
68	151	0.454636
68	155	1.24511
68	156	1.18277
68	160	1.19355
68	164	1.15917
68	166	1.10616
68	169	1.15704
68	173	1.16706
68	176	1.14554
68	177	1.02794
68	178	1.05449
68	179	1.10326
68	180	1.05206
69	23	1.25671
69	57	1.19576
69	76	1.21058
69	86	1.25515
69	101	1.2531
69	104	1.23897
69	110	1.26198
69	118	1.22572
69	124	0.502784
69	138	0.571496
69	141	1.25241
69	151	1.25305
69	157	0.41699
69	163	1.18331
69	166	0.897907
69	167	0.651887
69	177	1.36709
70	31	0.297814
70	37	1.23233
70	50	1.07358
70	61	1.16327
70	79	1.18329
70	85	1.11388
70	106	1.10894
70	109	1.16673
70	119	1.13607
70	123	1.12923
70	129	1.14605
70	150	1.11546
70	165	1.0221
70	169	0.68051
70	176	0.663401
70	177	1.34891
70	180	1.10052
71	33	1.10561
71	68	0.647356
71	93	1.09792
71	94	1.17647
71	102	1.15249
71	105	1.11799
71	108	1.17784
71	113	0.917286
71	115	1.12803
71	125	1.11831
71	130	1.14246
71	135	0.897694
71	140	0.760868
71	143	1.15036
71	153	1.08094
71	154	1.13842
71	157	0.816762
72	4	1.04324
72	15	1.20172
72	35	1.11122
72	36	1.2382
72	44	1.1036
72	51	1.08344
72	54	1.07933
72	75	1.09482
72	77	1.20005
72	84	1.13405
72	107	1.12584
72	132	0.736803
72	137	1.16087
72	148	0.721152
72	158	0.632493
72	163	1.00915
72	175	1.1152
73	6	1.37679
73	18	1.2171
73	27	1.15092
73	42	1.10348
73	47	1.08136
73	49	1.08161
73	60	1.05383
73	63	1.01937
73	82	1.04623
73	89	1.18687
73	99	1.14551
73	124	0.824135
73	136	1.13126
73	140	0.682447
73	145	0.742977
73	166	1.21926
73	171	0.764591
74	19	0.615055
74	33	0.719789
74	53	0.709292
74	96	0.574984
74	99	0.665416
74	152	1.22845
74	155	1.2101
74	161	1.19047
74	168	1.07824
74	171	1.21115
74	172	1.06847
74	173	1.13205
74	175	1.07122
74	176	1.11053
74	177	0.992933
74	178	1.01948
74	179	1.06825
74	180	1.01705
75	4	1.01734
75	8	1.01478
75	15	1.17582
75	35	1.08531
75	36	1.21229
75	44	1.07769
75	51	1.05753
75	54	1.05342
75	56	1.17848
75	72	1.09482
75	77	1.17414
75	84	1.10814
75	98	0.832659
75	131	0.671969
75	135	0.817097
75	137	1.13496
75	157	0.736166
75	170	1.32198
76	10	1.17555
76	39	1.09328
76	57	1.04677
76	69	1.21058
76	80	0.663334
76	86	1.10616
76	101	1.10411
76	103	0.798167
76	104	1.08997
76	107	1.09627
76	110	1.11299
76	114	1.10263
76	141	1.10342
76	151	1.10406
76	157	0.820719
76	160	0.936016
76	163	1.03432
76	179	1.17118
77	4	1.12256
77	8	1.12
77	35	1.19054
77	36	1.31751
77	51	1.16275
77	54	1.15865
77	56	1.28371
77	72	1.20005
77	75	1.17414
77	84	1.21336
77	107	1.20516
77	133	0.585925
77	137	1.24019
77	146	0.660863
77	152	0.641581
77	163	0.912469
77	168	0.993803
77	173	0.800697
78	37	0.651391
78	50	0.768617
78	59	0.583616
78	65	0.814571
78	120	0.615107
78	128	1.16772
78	160	1.18234
78	164	1.14796
78	168	1.10204
78	170	1.07277
78	172	1.09227
78	173	1.15585
78	174	1.13922
78	175	1.09502
78	176	1.13433
78	177	1.01673
78	178	1.04329
78	180	1.04085
79	2	1.26964
79	38	0.810709
79	70	1.18329
79	83	0.572994
79	85	1.18674
79	88	1.23428
79	90	1.17913
79	96	1.1619
79	119	1.20894
79	123	1.20209
79	124	0.688895
79	129	1.21891
79	142	1.2343
79	145	0.607737
79	150	1.18832
79	159	0.770636
79	165	1.09497
79	179	0.953567
80	4	0.81132
80	35	0.709813
80	76	0.663334
80	104	0.476318
80	107	0.612431
80	128	1.14969
80	155	1.21587
80	156	1.15353
80	167	1.12332
80	169	1.1278
80	170	1.05474
80	172	1.07424
80	173	1.13782
80	174	1.1212
80	176	1.1163
80	178	1.02526
80	179	1.07403
80	180	1.02282
81	53	1.09869
81	87	1.14367
81	89	1.23319
81	90	1.14443
81	91	1.13832
81	92	0.544328
81	117	1.20862
81	121	1.18289
81	126	1.19452
81	128	0.830851
81	136	1.17758
81	143	1.17775
81	150	1.15362
81	151	1.16664
81	153	0.86166
81	154	1.16582
81	162	0.931385
81	164	0.778659
81	174	0.831731
82	6	1.32891
82	17	0.995732
82	18	1.16922
82	27	1.10303
82	42	1.0556
82	47	1.03347
82	49	1.03373
82	59	1.12936
82	60	1.00594
82	63	0.971486
82	73	1.04623
82	89	1.13899
82	99	1.09763
82	103	0.699357
82	136	1.08338
82	148	0.735442
82	161	0.810012
82	176	0.986496
82	178	1.38795
83	51	0.797402
83	67	0.804586
83	79	0.572994
83	101	0.773061
83	154	0.542589
83	161	1.18725
83	166	1.06793
83	167	1.11432
83	170	1.04575
83	171	1.20793
83	172	1.06525
83	173	1.12883
83	174	1.1122
83	175	1.068
83	176	1.10731
83	177	0.98971
83	178	1.01626
83	179	1.06503
83	180	1.01383
84	4	1.05656
84	8	1.054
84	15	1.21504
84	35	1.12454
84	36	1.25151
84	44	1.11692
84	51	1.09675
84	54	1.09265
84	56	1.21771
84	72	1.13405
84	75	1.10814
84	77	1.21336
84	107	1.13916
84	137	1.17419
84	138	0.763365
84	159	0.776393
84	162	0.952458
84	168	0.991721
84	171	0.635108
84	176	0.873446
85	7	0.672312
85	19	1.15356
85	37	1.23578
85	61	1.16672
85	70	1.11388
85	79	1.18674
85	96	1.09249
85	106	1.11239
85	109	1.17018
85	116	0.625712
85	119	1.13953
85	123	1.13268
85	129	1.1495
85	142	1.16489
85	149	0.715601
85	150	1.11891
85	161	0.827033
85	163	1.04046
85	165	1.02555
85	173	0.928685
86	34	1.12691
86	39	1.13786
86	46	1.121
86	57	1.09134
86	69	1.25515
86	76	1.10616
86	99	1.17382
86	101	1.14868
86	110	1.15756
86	112	0.641627
86	118	1.1213
86	126	0.632399
86	127	1.16592
86	135	0.782119
86	141	1.14799
86	151	1.14863
86	155	0.672831
86	159	0.868722
86	163	1.07889
86	178	1.36723
87	53	1.05561
87	65	1.0357
87	81	1.14367
87	95	1.08179
87	98	0.818508
87	100	1.13004
87	112	0.662454
87	117	1.16553
87	121	1.13981
87	122	1.1194
87	126	1.15144
87	136	1.1345
87	137	1.1508
87	144	0.954823
87	147	1.10531
87	150	1.11053
87	151	1.12356
87	154	1.12273
87	156	0.899666
87	160	0.837313
87	176	0.986603
88	40	0.711256
88	48	0.46231
88	50	1.12457
88	59	0.561161
88	79	1.23428
88	99	0.744711
88	105	0.754528
88	119	1.18706
88	123	1.18021
88	129	1.19704
88	141	0.496473
88	150	1.16644
88	157	1.18898
88	161	1.16877
88	165	1.07309
88	167	1.09584
88	170	1.02727
88	176	1.08883
88	178	0.997784
88	179	1.04655
88	180	0.995347
89	3	1.26812
89	47	1.17412
89	49	1.17437
89	59	1.27
89	63	1.11213
89	65	1.12522
89	73	1.18687
89	81	1.23319
89	82	1.13899
89	133	0.504477
89	136	1.22402
89	137	1.24032
89	143	1.22419
89	147	1.19483
89	148	0.543027
89	149	0.506165
89	153	0.803367
89	154	1.21226
89	162	0.873092
89	166	1.01041
89	170	1.11531
90	11	1.04257
90	28	1.14515
90	65	1.03646
90	79	1.17913
90	81	1.14443
90	96	1.08487
90	109	1.16257
90	117	1.16629
90	119	1.13191
90	121	1.14057
90	123	1.12506
90	129	1.14189
90	144	0.692196
90	151	1.12432
90	154	1.12349
90	160	0.574686
90	163	0.760917
90	165	1.01794
90	169	0.741086
90	170	1.04521
90	177	1.40949
91	58	1.16639
91	61	1.153
91	81	1.13832
91	95	1.07644
91	106	1.09867
91	109	1.15647
91	119	1.12581
91	121	1.13447
91	122	1.11406
91	123	1.11896
91	129	1.13578
91	138	0.732451
91	140	0.522051
91	150	1.10519
91	151	1.11821
91	154	1.11739
91	159	0.745479
91	163	0.879473
91	165	1.01184
91	166	1.05886
91	180	1.27965
92	3	0.761587
92	81	0.544328
92	118	0.709738
92	128	1.12574
92	137	0.608785
92	145	1.23863
92	150	0.546754
92	151	0.580586
92	157	1.19251
92	158	1.28962
92	159	1.14459
92	164	1.10598
92	166	1.05298
92	172	1.05029
92	173	1.11387
92	174	1.09725
92	175	1.05304
92	176	1.09236
92	177	0.974756
92	178	1.00131
92	179	1.05008
92	180	0.998871
93	14	0.988766
93	20	0.400775
93	45	1.07947
93	66	1.12832
93	67	1.09516
93	71	1.09792
93	94	1.14243
93	97	1.0592
93	102	1.11845
93	105	1.08396
93	115	1.09399
93	120	1.11512
93	125	1.08427
93	130	1.10842
93	139	0.665967
93	141	1.10457
93	143	1.11632
93	153	1.0469
93	154	1.10438
93	166	1.00399
93	176	0.787662
93	180	1.22478
94	33	1.15012
94	45	1.15801
94	55	1.22395
94	71	1.17647
94	93	1.14243
94	97	1.13774
94	102	1.197
94	105	1.1625
94	120	1.19366
94	125	1.16282
94	130	1.18697
94	141	1.18312
94	143	1.19487
94	147	0.733789
94	153	1.12545
94	154	1.18293
94	156	0.741803
94	158	0.489027
94	162	0.907751
94	163	0.865679
94	165	0.981498
94	176	0.828739
95	11	1.02302
95	65	1.0169
95	87	1.08179
95	91	1.07644
95	100	1.11124
95	112	0.779294
95	117	1.14674
95	121	1.12102
95	122	1.10061
95	126	1.13264
95	131	0.774657
95	132	0.86804
95	136	1.1157
95	137	1.132
95	143	1.11587
95	147	1.08651
95	150	1.09174
95	151	1.10476
95	154	1.10394
95	155	0.810498
95	161	0.926959
95	179	1.18932
96	1	1.05341
96	9	1.03709
96	28	1.12792
96	50	1.05219
96	61	1.14187
96	74	0.574984
96	79	1.1619
96	85	1.09249
96	90	1.08487
96	106	1.08755
96	109	1.14534
96	119	1.11468
96	123	1.10783
96	129	1.12466
96	142	1.14005
96	144	0.890756
96	150	1.09406
96	153	0.931823
96	165	1.00071
96	166	1.13887
96	171	0.684198
96	179	1.00841
97	38	1.04778
97	52	1.1644
97	67	1.09047
97	93	1.0592
97	94	1.13774
97	102	1.11376
97	105	1.07927
97	108	1.13911
97	115	1.0893
97	120	1.11043
97	125	1.07959
97	130	1.10374
97	141	1.09988
97	143	1.11163
97	149	0.6901
97	153	1.04222
97	154	1.09969
97	161	0.801532
97	164	0.904301
97	173	0.903183
97	174	0.957373
97	175	1.12101
98	35	0.963691
98	46	0.909406
98	75	0.832659
98	87	0.818508
98	111	1.12598
98	135	1.12293
98	143	0.722673
98	156	1.07452
98	159	1.08953
98	162	1.02874
98	167	1.0443
98	169	1.04879
98	170	0.975729
98	171	1.13791
98	173	1.05881
98	174	1.04218
98	175	0.997977
98	176	1.03729
98	177	0.919692
98	178	0.946243
98	179	0.995013
98	180	0.943807
99	17	1.09502
99	18	1.2685
99	49	1.13301
99	60	1.10523
99	63	1.07077
99	73	1.14551
99	74	0.665416
99	82	1.09763
99	86	1.17382
99	88	0.744711
99	104	1.15763
99	110	1.18065
99	113	0.848904
99	114	1.17029
99	118	1.14438
99	136	1.18266
99	140	0.692486
99	141	1.17108
99	145	0.753017
99	151	1.17172
99	152	0.779021
99	156	0.926032
99	163	1.10198
100	3	1.20805
100	5	1.06597
100	16	1.17041
100	24	1.14452
100	32	1.14254
100	40	1.09715
100	53	1.08506
100	87	1.13004
100	95	1.11124
100	121	1.16926
100	122	1.14885
100	127	1.17029
100	142	1.18597
100	150	1.13998
100	153	0.804866
100	154	1.15218
100	158	1.25963
100	161	0.619096
100	163	0.832519
100	167	0.765889
100	173	0.720747
100	176	0.795579
100	180	1.2327
101	10	1.21808
101	23	1.15024
101	30	1.17884
101	34	1.12486
101	39	1.13581
101	69	1.2531
101	76	1.10411
101	83	0.773061
101	86	1.14868
101	104	1.1325
101	107	1.1388
101	110	1.15551
101	114	1.14516
101	116	0.689952
101	118	1.11925
101	126	0.73438
101	131	0.738972
101	141	1.14594
101	149	0.779841
101	151	1.14658
101	155	0.774812
101	163	1.07684
101	167	1.03807
102	7	0.56901
102	33	1.12614
102	45	1.13403
102	67	1.14973
102	71	1.15249
102	93	1.11845
102	94	1.197
102	97	1.11376
102	105	1.13852
102	108	1.19836
102	112	0.576066
102	115	1.14856
102	120	1.16968
102	125	1.13884
102	130	1.16299
102	141	1.15913
102	153	1.10147
102	154	1.15895
102	156	0.813278
102	157	0.635627
102	164	0.8265
102	172	1.11058
102	175	1.04321
103	30	0.71466
103	36	0.501323
103	39	0.695223
103	54	0.574978
103	76	0.798167
103	82	0.699357
103	115	0.663803
103	152	1.24965
103	155	1.2313
103	160	1.17974
103	166	1.09235
103	167	1.13875
103	168	1.09944
103	169	1.14323
103	170	1.07017
103	171	1.23235
103	172	1.08967
103	173	1.15325
103	174	1.13662
103	175	1.09242
103	176	1.13173
103	177	1.01413
103	179	1.08945
103	180	1.03825
104	30	1.1647
104	34	1.11073
104	39	1.12167
104	46	1.10481
104	57	1.07516
104	69	1.23897
104	76	1.08997
104	80	0.476318
104	99	1.15763
104	101	1.1325
104	107	1.12466
104	110	1.14138
104	114	1.13102
104	118	1.10511
104	127	1.14973
104	135	0.714634
104	141	1.13181
104	151	1.13244
104	152	0.664342
104	163	1.0627
104	165	1.05105
104	166	1.11462
104	169	0.9154
104	174	0.877648
105	7	0.691581
105	33	1.09164
105	52	1.18916
105	55	1.16548
105	64	1.14973
105	66	1.14839
105	71	1.11799
105	88	0.754528
105	93	1.08396
105	94	1.1625
105	97	1.07927
105	102	1.13852
105	108	1.16387
105	120	1.13519
105	125	1.10435
105	130	1.12849
105	134	0.862898
105	141	1.12464
105	153	1.06698
105	154	1.12445
105	155	0.729842
105	158	0.683074
105	161	0.846303
105	176	1.02279
106	1	1.07331
106	2	1.19529
106	9	1.05699
106	19	1.14862
106	28	1.14783
106	37	1.23084
106	61	1.16178
106	70	1.10894
106	85	1.11239
106	91	1.09867
106	96	1.08755
106	109	1.16524
106	119	1.13458
106	123	1.12774
106	129	1.14456
106	133	0.683217
106	134	0.812933
106	142	1.15995
106	146	0.758155
106	164	0.899107
106	165	1.02061
106	167	0.943131
106	168	1.0911
106	171	0.734483
107	8	1.0458
107	15	1.20684
107	20	0.647516
107	35	1.11634
107	36	1.24331
107	41	1.08659
107	44	1.10871
107	51	1.08855
107	72	1.12584
107	76	1.09627
107	77	1.20516
107	80	0.612431
107	84	1.13916
107	101	1.1388
107	104	1.12466
107	114	1.13732
107	118	1.11141
107	126	0.701027
107	139	0.912708
107	151	1.13874
107	152	0.800455
107	163	1.069
107	164	0.960689
107	173	0.959571
108	25	1.19896
108	33	1.15148
108	38	1.13238
108	45	1.15938
108	55	1.22532
108	66	1.20823
108	71	1.17784
108	97	1.13911
108	102	1.19836
108	105	1.16387
108	115	1.1739
108	120	1.19503
108	125	1.16419
108	126	0.652123
108	130	1.18834
108	140	0.665017
108	141	1.18448
108	152	0.751552
108	153	1.12682
108	154	1.18429
108	155	0.692555
108	157	0.720912
108	167	0.955809
108	168	1.10377
108	171	0.747161
109	9	1.11478
109	12	0.48325
109	19	1.20642
109	37	1.28864
109	50	1.12989
109	61	1.21957
109	70	1.16673
109	85	1.17018
109	90	1.16257
109	91	1.15647
109	96	1.14534
109	106	1.16524
109	119	1.19238
109	123	1.18553
109	129	1.20235
109	138	0.773081
109	142	1.21775
109	146	0.668496
109	150	1.17176
109	155	0.590218
109	159	0.786109
109	161	0.706679
109	165	1.07841
109	174	0.86252
109	178	1.28462
110	10	1.22696
110	23	1.15912
110	30	1.18772
110	34	1.13374
110	39	1.14469
110	46	1.12783
110	57	1.09817
110	69	1.26198
110	76	1.11299
110	86	1.15756
110	99	1.18065
110	101	1.15551
110	104	1.14138
110	112	0.581376
110	114	1.15404
110	118	1.12813
110	124	0.726731
110	127	1.17275
110	141	1.15482
110	145	0.645573
110	152	0.671577
110	155	0.612581
110	163	1.08572
110	172	1.1159
110	173	0.830693
110	180	1.34264
111	25	0.789871
111	98	1.12598
111	114	0.663792
111	137	0.726788
111	142	0.652006
111	143	0.700725
111	145	1.20022
111	150	0.664757
111	153	1.08628
111	155	1.15352
111	160	1.10196
111	162	1.0454
111	166	1.01457
111	167	1.06096
111	168	1.02166
111	169	1.06545
111	170	0.992389
111	171	1.15457
111	172	1.01189
111	175	1.01464
111	176	1.05395
111	177	0.936352
111	178	0.962903
111	179	1.01167
111	180	0.960467
112	18	0.558104
112	60	0.678377
112	86	0.641627
112	87	0.662454
112	95	0.779294
112	102	0.576066
112	110	0.581376
112	130	0.558393
112	146	1.26451
112	148	1.21987
112	149	1.27396
112	155	1.24404
112	156	1.18169
112	157	1.24462
112	159	1.1967
112	164	1.15809
112	166	1.10509
112	167	1.15148
112	172	1.1024
112	173	1.16598
112	175	1.10515
112	176	1.14447
112	177	1.02687
112	178	1.05342
112	179	1.10219
112	180	1.05098
113	33	0.903277
113	71	0.917286
113	99	0.848904
113	127	0.630411
113	134	1.12946
113	142	0.677984
113	144	1.08547
113	149	1.1706
113	151	0.724566
113	159	1.09334
113	163	1.062
113	164	1.05473
113	165	1.02536
113	168	1.00881
113	169	1.0526
113	170	0.979541
113	171	1.14172
113	172	0.999041
113	173	1.06262
113	174	1.04599
113	175	1.00179
113	176	1.0411
113	177	0.923503
113	178	0.950055
113	179	0.998824
113	180	0.947618
114	10	1.2166
114	23	1.14876
114	30	1.17736
114	34	1.12338
114	39	1.13433
114	41	1.09295
114	46	1.11747
114	57	1.08781
114	76	1.10263
114	99	1.17029
114	101	1.14516
114	104	1.13102
114	107	1.13732
114	110	1.15404
114	111	0.663792
114	118	1.11777
114	127	1.16239
114	139	0.732139
114	141	1.14447
114	151	1.1451
114	152	0.619886
114	158	0.514121
114	162	0.932845
114	163	1.07536
114	167	0.824144
114	175	0.99683
114	178	1.25529
115	13	0.467058
115	25	1.14915
115	38	1.08257
115	52	1.19919
115	55	1.17551
115	64	1.15976
115	66	1.15843
115	67	1.12527
115	68	0.516947
115	71	1.12803
115	93	1.09399
115	97	1.0893
115	102	1.14856
115	103	0.663803
115	108	1.1739
115	116	0.573137
115	120	1.14522
115	125	1.11438
115	130	1.13853
115	131	0.622157
115	140	0.63046
115	141	1.13468
115	143	1.14642
115	153	1.07701
115	154	1.13449
115	175	1.09394
115	177	1.63645
116	34	0.800527
116	46	0.699697
116	65	0.68257
116	85	0.625712
116	101	0.689952
116	115	0.573137
116	137	0.539026
116	144	1.17964
116	145	1.28154
116	149	1.26477
116	154	0.45948
116	159	1.1875
116	164	1.14889
116	167	1.14228
116	168	1.10298
116	169	1.14676
116	170	1.07371
116	171	1.23589
116	172	1.09321
116	173	1.15678
116	174	1.14016
116	175	1.09595
116	176	1.13527
116	177	1.01767
116	178	1.04422
116	179	1.09299
116	180	1.04178
117	11	1.10676
117	43	1.15317
117	53	1.12056
117	58	1.23668
117	62	1.22373
117	65	1.10065
117	81	1.20862
117	87	1.16553
117	90	1.16629
117	95	1.14674
117	121	1.20476
117	122	1.18435
117	126	1.21638
117	135	0.749955
117	137	1.21575
117	139	0.811916
117	143	1.19962
117	144	0.901831
117	145	0.67366
117	147	1.17026
117	150	1.17548
117	151	1.18851
117	152	0.699664
117	154	1.18768
117	161	0.757128
117	164	0.859897
117	167	0.903921
117	171	0.695273
118	10	1.19069
118	23	1.12285
118	30	1.15145
118	34	1.09747
118	39	1.10842
118	41	1.06704
118	46	1.09156
118	57	1.06191
118	69	1.22572
118	86	1.1213
118	92	0.709738
118	99	1.14438
118	101	1.11925
118	104	1.10511
118	107	1.11141
118	110	1.12813
118	114	1.11777
118	127	1.13648
118	140	0.697301
118	141	1.11856
118	145	0.757831
118	148	0.766729
118	151	1.11919
118	156	0.930846
118	157	0.753195
118	163	1.04945
118	176	1.01778
118	179	1.10366
119	2	1.22243
119	9	1.08412
119	13	0.318314
119	19	1.17576
119	28	1.17496
119	37	1.25798
119	38	0.745218
119	61	1.18891
119	70	1.13607
119	79	1.20894
119	85	1.13953
119	88	1.18706
119	90	1.13191
119	91	1.12581
119	96	1.11468
119	106	1.13458
119	109	1.19238
119	123	1.15487
119	124	0.623405
119	129	1.1717
119	142	1.18709
119	147	0.707249
119	150	1.1411
119	153	0.811485
119	163	0.839138
119	165	1.04775
119	168	0.920473
119	176	0.802198
119	178	1.20366
120	25	1.17028
120	33	1.1228
120	45	1.1307
120	52	1.22032
120	55	1.19664
120	64	1.18089
120	66	1.17955
120	67	1.14639
120	78	0.615107
120	93	1.11512
120	94	1.19366
120	97	1.11043
120	102	1.16968
120	105	1.13519
120	108	1.19503
120	115	1.14522
120	125	1.13551
120	130	1.15966
120	141	1.1558
120	143	1.16755
120	144	0.82913
120	145	0.600958
120	146	0.646244
120	147	0.76596
120	154	1.15561
120	156	0.773974
120	159	0.763857
120	176	0.86091
120	178	1.26237
121	3	1.21782
121	26	0.566668
121	43	1.12744
121	53	1.09483
121	58	1.21096
121	62	1.19801
121	65	1.07492
121	81	1.18289
121	87	1.13981
121	90	1.14057
121	91	1.13447
121	95	1.12102
121	100	1.16926
121	117	1.20476
121	122	1.15863
121	124	0.812029
121	126	1.19066
121	136	1.17372
121	140	0.670341
121	143	1.17389
121	145	0.730871
121	147	1.14453
121	148	0.73977
121	150	1.14976
121	154	1.16196
121	155	0.697879
121	160	0.841533
121	174	0.970181
121	179	1.0767
122	3	1.19741
122	11	1.06063
122	43	1.10704
122	58	1.19055
122	62	1.1776
122	64	1.16682
122	65	1.05452
122	87	1.1194
122	91	1.11406
122	95	1.10061
122	100	1.14885
122	117	1.18435
122	121	1.15863
122	126	1.17025
122	131	0.58646
122	136	1.15331
122	137	1.16962
122	140	0.594763
122	143	1.15349
122	145	0.655293
122	147	1.12413
122	149	0.62733
122	150	1.12935
122	151	1.14238
122	154	1.14155
122	161	0.738762
122	162	0.994256
122	167	0.885555
122	168	1.03352
122	180	1.35236
123	1	1.0936
123	2	1.21558
123	9	1.07728
123	13	0.457149
123	19	1.16891
123	28	1.16811
123	50	1.09238
123	61	1.18206
123	68	0.507039
123	70	1.12923
123	79	1.20209
123	85	1.13268
123	88	1.18021
123	90	1.12506
123	91	1.11896
123	96	1.10783
123	106	1.12774
123	109	1.18553
123	119	1.15487
123	129	1.16485
123	134	0.781145
123	142	1.18024
123	147	0.846083
123	150	1.13425
123	158	0.601321
123	162	1.02004
123	165	1.0409
123	171	0.702695
123	173	0.866201
123	178	1.34249
124	11	0.611044
124	13	1.36558
124	21	0.661181
124	55	0.749795
124	69	0.502784
124	73	0.824135
124	79	0.688895
124	110	0.726731
124	119	0.623405
124	121	0.812029
124	135	1.20675
124	156	1.15833
124	157	1.22126
124	159	1.17334
124	162	1.11256
124	164	1.13473
124	166	1.08173
124	167	1.12812
124	168	1.08882
124	169	1.1326
124	170	1.05954
124	171	1.22173
124	172	1.07905
124	173	1.14262
124	174	1.126
124	175	1.08179
124	176	1.12111
124	177	1.00351
124	178	1.03006
124	179	1.07883
124	180	1.02762
125	25	1.13943
125	31	0.558407
125	33	1.09196
125	45	1.09986
125	52	1.18948
125	55	1.16579
125	64	1.15004
125	66	1.14871
125	67	1.11555
125	71	1.11831
125	93	1.08427
125	94	1.16282
125	97	1.07959
125	102	1.13884
125	105	1.10435
125	108	1.16419
125	115	1.11438
125	120	1.13551
125	126	0.590619
125	130	1.12881
125	139	0.8023
125	141	1.12496
125	143	1.13671
125	153	1.06729
125	154	1.12477
125	157	0.659407
125	165	1.07675
125	169	0.941104
125	172	1.13437
125	173	0.849163
125	174	0.903353
126	6	0.477209
126	8	0.898819
126	34	0.844955
126	61	0.668469
126	62	1.20964
126	65	1.08655
126	81	1.19452
126	86	0.632399
126	87	1.15144
126	95	1.13264
126	101	0.73438
126	107	0.701027
126	108	0.652123
126	117	1.21638
126	121	1.19066
126	122	1.17025
126	125	0.590619
126	143	1.18552
126	148	1.15917
126	151	1.17441
126	154	1.17358
126	155	1.18334
126	162	1.07522
126	164	1.0974
126	166	1.04439
126	171	1.18439
126	172	1.04171
126	174	1.08866
126	178	0.992725
126	179	1.04149
126	180	0.990288
127	5	1.07678
127	16	1.18122
127	21	1.19367
127	23	1.16747
127	24	1.15533
127	29	1.14259
127	32	1.15335
127	38	0.737495
127	40	1.10796
127	41	1.11166
127	48	1.33728
127	57	1.10653
127	86	1.16592
127	100	1.17029
127	104	1.14973
127	110	1.17275
127	113	0.630411
127	114	1.16239
127	118	1.13648
127	141	1.16318
127	142	1.19678
127	151	1.16382
127	152	0.560527
127	157	0.529888
127	158	1.27044
127	160	0.645185
127	163	1.09408
127	166	1.01081
127	167	0.764785
127	169	0.811585
127	170	1.11571
127	175	0.937471
128	5	1.08624
128	17	0.989733
128	24	0.606008
128	78	1.16772
128	80	1.14969
128	81	0.830851
128	92	1.12574
128	136	0.813941
128	141	0.743209
128	146	1.11869
128	149	1.12814
128	153	1.03098
128	154	0.815761
128	159	1.05088
128	160	1.04665
128	161	1.07858
128	163	1.01954
128	165	0.982905
128	166	0.959266
128	167	1.00566
128	168	0.966355
128	169	1.01014
128	170	0.937084
128	171	1.09927
128	172	0.956584
128	173	1.02016
128	174	1.00354
128	175	0.959331
128	176	0.998646
128	177	0.881046
128	179	0.956367
128	180	0.905161
129	1	1.11042
129	2	1.2324
129	9	1.0941
129	19	1.18573
129	28	1.18494
129	37	1.26795
129	50	1.1092
129	61	1.19889
129	70	1.14605
129	79	1.21891
129	85	1.1495
129	88	1.19704
129	90	1.14189
129	91	1.13578
129	96	1.12466
129	106	1.14456
129	109	1.20235
129	119	1.1717
129	123	1.16485
129	138	0.680268
129	142	1.19706
129	146	0.575684
129	149	0.502434
129	150	1.15108
129	157	0.525762
129	160	0.641059
129	165	1.05772
129	168	0.908624
129	170	1.11158
129	173	0.715518
129	175	0.933346
129	177	1.47586
130	22	0.471008
130	25	1.16358
130	26	0.458386
130	33	1.11611
130	38	1.09701
130	45	1.124
130	52	1.21363
130	55	1.18994
130	64	1.17419
130	66	1.17286
130	67	1.1397
130	71	1.14246
130	93	1.10842
130	94	1.18697
130	97	1.10374
130	102	1.16299
130	105	1.12849
130	108	1.18834
130	112	0.558393
130	115	1.13853
130	120	1.15966
130	125	1.12881
130	141	1.14911
130	143	1.16086
130	149	0.594626
130	153	1.09144
130	154	1.14892
130	158	0.542829
130	161	0.706058
130	164	0.808827
130	165	1.0353
130	168	1.00082
130	177	1.56805
131	3	0.740847
131	25	0.651128
131	29	0.614753
131	75	0.671969
131	95	0.774657
131	101	0.738972
131	115	0.622157
131	122	0.58646
131	132	1.22826
131	140	1.2734
131	145	1.25883
131	148	1.18795
131	151	0.559846
131	152	1.23047
131	154	0.508499
131	155	1.21212
131	160	1.16056
131	161	1.19249
131	162	1.104
131	164	1.12618
131	166	1.07317
131	167	1.11957
131	168	1.08026
131	169	1.12405
131	170	1.05099
131	171	1.21317
131	173	1.13407
131	174	1.11745
131	175	1.07324
131	176	1.11256
131	177	0.994955
131	178	1.02151
131	179	1.07028
131	180	1.01907
132	6	0.575183
132	42	0.910743
132	48	0.495166
132	55	0.693186
132	62	0.704997
132	72	0.736803
132	95	0.86804
132	131	1.22826
132	136	0.600061
132	137	0.681428
132	139	1.14513
132	140	1.24181
132	145	1.22723
132	148	1.15636
132	153	1.1133
132	155	1.18053
132	157	1.18112
132	160	1.12897
132	161	1.1609
132	162	1.07241
132	166	1.04158
132	167	1.08798
132	168	1.04867
132	169	1.09246
132	170	1.0194
132	172	1.0389
132	173	1.10248
132	174	1.08586
132	175	1.04165
132	177	0.963365
132	178	0.989917
132	179	1.03869
132	180	0.98748
133	5	0.81816
133	10	0.434072
133	32	0.528741
133	34	0.888728
133	42	0.856541
133	46	0.787897
133	61	0.712241
133	77	0.585925
133	89	0.504477
133	106	0.683217
133	139	1.1741
133	140	1.27078
133	145	1.2562
133	148	1.18533
133	149	1.23943
133	152	1.22785
133	156	1.14716
133	157	1.21009
133	160	1.15794
133	162	1.10138
133	164	1.12356
133	167	1.11695
133	169	1.12143
133	170	1.04837
133	171	1.21055
133	172	1.06787
133	173	1.13145
133	174	1.11483
133	175	1.07062
133	176	1.10993
133	177	0.992335
133	178	1.01889
133	179	1.06766
133	180	1.01645
134	4	1.0734
134	14	1.0525
134	52	0.497551
134	105	0.862898
134	106	0.812933
134	113	1.12946
134	123	0.781145
134	142	0.68216
134	143	0.730879
134	144	1.09799
134	146	1.17366
134	153	1.08595
134	154	0.677396
134	156	1.09084
134	159	1.10585
134	161	1.13355
134	162	1.04507
134	164	1.06724
134	166	1.01424
134	167	1.06063
134	168	1.02133
134	169	1.06511
134	170	0.992055
134	171	1.15424
134	172	1.01156
134	173	1.07513
134	174	1.05851
134	175	1.0143
134	176	1.05362
134	177	0.936017
134	178	0.962569
134	179	1.01134
134	180	0.960132
135	43	0.870841
135	47	0.754704
135	57	0.666911
135	64	0.746046
135	71	0.897694
135	75	0.817097
135	86	0.782119
135	98	1.12293
135	104	0.714634
135	117	0.749955
135	124	1.20675
135	146	1.17095
135	149	1.1804
135	152	1.16881
135	155	1.15047
135	156	1.08813
135	158	1.24816
135	160	1.09891
135	161	1.13084
135	162	1.04235
135	164	1.06453
135	166	1.01152
135	167	1.05791
135	168	1.01861
135	169	1.0624
135	170	0.989338
135	171	1.15152
135	172	1.00884
135	173	1.07242
135	175	1.01159
135	176	1.0509
135	177	0.9333
135	178	0.959852
135	179	1.00862
135	180	0.957415
136	6	1.41394
136	11	1.07573
136	17	1.08076
136	27	1.18806
136	31	0.469876
136	41	0.929316
136	42	1.14063
136	43	1.12213
136	47	1.1185
136	49	1.11876
136	59	1.21439
136	60	1.09098
136	63	1.05652
136	73	1.13126
136	81	1.17758
136	82	1.08338
136	87	1.1345
136	89	1.22402
136	95	1.1157
136	99	1.18266
136	121	1.17372
136	122	1.15331
136	128	0.813941
136	132	0.600061
136	137	1.18471
136	146	0.620797
136	147	1.13922
136	150	1.14445
136	151	1.15747
136	154	1.15664
136	158	0.495751
136	163	0.872403
136	169	0.852573
136	174	0.814821
136	175	0.978459
136	179	0.921341
137	3	1.22881
137	4	1.08339
137	8	1.08083
137	15	1.24187
137	35	1.15136
137	36	1.27834
137	43	1.13843
137	44	1.14374
137	51	1.12358
137	53	1.10582
137	54	1.11947
137	56	1.24453
137	58	1.22195
137	65	1.08591
137	72	1.16087
137	75	1.13496
137	77	1.24019
137	84	1.17419
137	87	1.1508
137	89	1.24032
137	92	0.608785
137	95	1.132
137	111	0.726788
137	116	0.539026
137	117	1.21575
137	122	1.16962
137	132	0.681428
137	136	1.18471
137	143	1.18488
137	145	0.656878
137	147	1.15552
137	156	0.829894
137	158	0.577118
137	160	0.76754
137	162	0.995842
137	163	0.95377
137	167	0.88714
137	171	0.678492
138	5	0.997683
138	17	0.901174
