1	78	1.01011
1	115	0.981749
1	137	0.943678
1	143	1.01905
1	147	1.01316
1	162	0.917167
1	163	1.03887
1	165	1.02232
1	170	1.02227
1	173	0.945347
1	174	1.03201
1	176	1.05257
2	79	1.03021
2	93	0.836224
2	128	0.976845
2	129	0.971376
2	145	1.03043
2	148	1.05041
2	156	1.01428
2	158	0.995421
2	159	1.0533
2	168	0.98735
2	178	1.02921
2	179	1.02705
3	60	0.92457
3	119	0.920568
3	141	0.910031
3	153	0.885381
3	155	0.880542
3	157	1.23497
3	168	0.890134
3	169	0.889567
3	170	1.19978
3	176	1.1647
3	177	0.899186
3	179	1.19845
4	20	1.00349
4	107	1.05823
4	139	0.926297
4	140	0.998268
4	156	1.01218
4	158	0.993318
4	159	1.0512
4	164	1.03313
4	166	0.939897
4	175	0.937921
4	178	1.02711
4	179	1.02495
5	23	0.983585
5	123	0.958262
5	145	1.03697
5	154	1.03458
5	155	0.991235
5	157	1.01552
5	158	1.00196
5	160	0.953475
5	164	1.04177
5	176	0.913244
5	178	1.03575
5	179	1.03358
6	23	1.20243
6	133	0.907799
6	146	0.901352
6	163	0.91313
6	165	0.896575
6	167	0.909461
6	169	1.20284
6	171	1.20108
6	174	0.906267
6	176	0.926825
6	177	1.19785
6	180	0.838797
7	48	0.993689
7	126	1.01713
7	137	0.942469
7	146	1.02409
7	152	1.02119
7	160	0.926843
7	161	1.01798
7	163	1.03587
7	165	1.01931
7	167	1.0322
7	176	1.04956
7	179	0.92036
8	105	1.16043
8	111	1.20292
8	133	0.904565
8	143	0.890072
8	147	0.88418
8	152	0.895221
8	155	1.23954
8	160	1.20178
8	167	0.906226
8	170	0.893292
8	174	0.903033
8	176	0.923591
9	63	0.994147
9	91	1.08116
9	103	1.05651
9	110	0.863067
9	113	1.00696
9	114	1.01409
9	117	1.01216
9	121	1.02974
9	124	0.999384
9	134	0.896341
9	172	0.9938
9	180	1.0708
10	80	1.04819
10	100	0.982521
10	101	0.979916
10	136	1.0443
10	140	0.994912
10	143	0.966081
10	152	0.942871
10	164	1.0315
10	174	0.926369
10	177	1.03245
10	178	1.02548
10	179	1.02332
11	51	1.01167
11	63	0.957258
11	66	1.04925
11	87	1.06845
11	120	1.0373
11	127	0.997522
11	132	0.939406
11	136	1.03051
11	142	1.00532
11	168	0.93033
11	172	0.95691
11	180	1.03391
12	81	1.17588
12	118	1.15229
12	134	0.940217
12	137	1.24527
12	151	0.881272
12	153	0.887806
12	160	0.909686
12	168	0.89256
12	169	0.891993
12	170	1.2245
12	171	0.895462
12	175	0.901063
13	97	0.998416
13	116	0.988142
13	120	0.89368
13	128	0.972296
13	148	1.05409
13	154	1.03173
13	157	1.01266
13	158	0.999103
13	164	1.03891
13	173	0.948016
13	178	1.03289
13	179	1.03073
14	63	1.03131
14	70	1.00061
14	72	1.09034
14	106	1.04366
14	148	1.03351
14	151	0.979197
14	153	0.968508
14	158	0.97852
14	163	0.905017
14	171	0.951047
14	178	1.01231
14	179	1.01015
15	67	0.906788
15	76	0.85032
15	81	1.15589
15	150	1.19914
15	156	1.20197
15	157	1.2397
15	160	0.914065
15	162	0.924649
15	168	0.896939
15	173	0.895854
15	175	0.905442
15	177	0.90599
16	57	1.17039
16	81	0.921554
16	122	0.906452
16	145	0.90721
16	158	0.872199
16	159	0.930079
16	168	1.22625
16	175	1.20539
16	177	1.1997
16	178	0.905989
16	179	0.903827
16	180	0.852753
17	35	0.884526
17	114	1.00625
17	136	1.04466
17	143	1.00558
17	144	1.0373
17	150	0.962487
17	158	0.992048
17	159	1.04993
17	166	1.02978
17	173	1.02267
17	176	0.932783
17	179	1.02368
18	48	0.886477
18	58	0.939256
18	111	0.820781
18	130	0.89757
18	152	1.10859
18	161	1.10538
18	164	0.815703
18	165	1.10671
18	167	1.11959
18	170	1.10666
18	174	1.1164
18	176	1.13696
18	178	0.843632
19	77	1.12888
19	95	0.91264
19	133	1.00857
19	148	1.00116
19	152	1.02179
19	154	0.978794
19	157	0.959733
19	159	1.00405
19	163	0.995166
19	164	0.985982
19	166	1.04563
19	178	0.979961
19	179	0.977799
20	4	1.00349
20	42	0.910081
20	43	1.00086
20	129	0.971727
20	133	1.06402
20	144	1.03729
20	162	1.00634
20	169	0.978059
20	171	0.981529
20	173	0.977541
20	175	0.987129
20	177	0.987677
20	178	1.09189
21	40	1.05407
21	71	0.759884
21	109	0.904334
21	140	0.933566
21	145	1.13118
21	148	1.15116
21	151	0.898906
21	157	1.10973
21	158	1.09617
21	161	0.869796
21	170	0.83684
21	178	1.12996
21	179	1.1278
22	94	0.987361
22	102	1.03984
22	103	0.993699
22	114	0.951285
22	117	0.949352
22	121	0.966931
22	124	0.936575
22	137	0.974986
22	138	1.02373
22	162	0.975084
22	172	1.06463
22	173	1.00326
22	180	1.14163
23	5	0.983585
23	6	1.20243
23	134	1.00577
23	143	1.03377
23	149	0.995394
23	162	0.985828
23	163	0.98394
23	166	0.964143
23	168	0.958118
23	173	0.957033
23	174	0.994058
23	175	0.966621
23	177	0.967169
24	61	1.00178
24	85	1.06997
24	87	1.01087
24	102	0.968778
24	124	1.13008
24	145	0.967887
24	160	0.981711
24	169	0.964018
24	174	0.9809
24	175	0.973088
24	176	1.00146
24	178	0.966666
24	179	0.964503
25	31	0.958335
25	56	0.946402
25	78	1.09294
25	99	1.04485
25	116	0.976901
25	138	1.04865
25	151	0.971265
25	166	0.988578
25	169	0.981986
25	171	0.985455
25	174	1.00373
25	175	0.991056
25	179	1.0044
26	66	1.00422
26	89	1.07616
26	91	0.95371
26	123	1.05687
26	124	1.09328
26	129	0.959588
26	164	0.974589
26	171	0.96939
26	174	0.982801
26	176	1.00336
26	177	0.975538
26	178	0.968567
26	179	0.966405
27	127	1.02186
27	143	0.96481
27	147	0.958917
27	148	1.02967
27	161	0.966748
27	162	1.02273
27	163	0.984633
27	165	0.968079
27	167	0.980964
27	169	1.06413
27	171	1.06238
27	174	0.977771
27	176	0.998329
28	122	1.02151
28	127	1.02073
28	131	0.96925
28	142	1.06754
28	143	0.963114
28	150	0.9808
28	161	0.965052
28	163	0.982937
28	169	1.063
28	170	0.966334
28	174	0.976074
28	176	0.996632
28	179	1.026
29	92	0.987793
29	140	1.09713
29	148	0.995352
29	154	0.972987
29	156	0.959226
29	158	0.940364
29	159	0.998244
29	167	0.996102
29	168	1.05764
29	173	1.02285
29	177	1.03109
29	178	0.974154
29	179	0.971992
30	46	0.937049
30	55	1.15507
30	63	0.853928
30	80	1.12173
30	120	1.12464
30	123	1.10008
30	127	1.08485
30	132	0.836076
30	137	1.10314
30	144	1.11048
30	172	0.85358
30	175	0.806147
30	180	0.93058
31	25	0.958335
31	96	1.04523
31	102	0.945796
31	122	1.05495
31	149	1.00459
31	153	0.962558
31	162	0.995021
31	168	0.967311
31	171	0.970214
31	173	0.966226
31	174	1.05877
31	175	0.975814
31	178	1.08991
32	95	0.93092
32	105	0.990159
32	126	0.958569
32	135	1.07204
32	144	1.0097
32	154	0.997074
32	158	0.964451
32	163	1.01424
32	166	1.06471
32	175	1.06273
32	178	0.998241
32	179	0.996079
32	180	0.945005
33	59	1.20515
33	62	1.06478
33	112	0.965217
33	143	1.13725
33	145	0.937758
33	157	0.916308
33	159	0.960627
33	163	1.08742
33	164	0.942558
33	170	1.09953
33	172	0.923421
33	178	0.936537
33	179	0.934374
33	180	0.883301
34	68	0.859276
34	72	0.842696
34	89	1.01582
34	94	1.07433
34	102	1.1268
34	104	0.931402
34	113	1.03112
34	114	1.03825
34	117	1.03632
34	121	1.0539
34	124	1.02354
34	141	0.918009
34	158	0.984516
34	180	1.08015
35	17	0.884526
35	62	1.07663
35	91	1.0995
35	103	1.07485
35	113	1.0253
35	114	1.03243
35	115	1.04304
35	117	1.0305
35	124	1.01772
35	132	0.943764
35	162	0.871723
35	172	0.961268
35	175	0.913834
35	180	1.03827
36	40	1.08008
36	65	1.0579
36	74	0.875424
36	119	1.07298
36	125	1.05923
36	133	0.912321
36	140	1.01406
36	157	0.94622
36	160	1.05967
36	167	0.906728
36	168	1.04255
36	169	1.04198
36	176	0.875952
36	177	1.0516
37	69	0.927958
37	126	0.906863
37	139	1.13405
37	141	1.10796
37	152	1.1238
37	156	0.931607
37	157	0.926307
37	159	0.970625
37	164	0.952556
37	167	1.10499
37	173	1.13174
37	178	0.946535
37	179	0.944373
37	180	0.893299
38	141	1.10258
38	146	0.928456
38	150	0.938096
38	155	1.14682
38	160	1.10906
38	161	0.922348
38	163	0.940233
38	164	1.10513
38	165	0.923679
38	167	0.936564
38	170	0.92363
38	174	0.933371
38	175	1.14029
38	176	0.953929
39	44	1.05524
39	99	1.15963
39	106	1.10124
39	134	0.968289
39	147	1.16435
39	156	1.11797
39	160	0.937758
39	162	0.948342
39	166	0.926657
39	168	0.920632
39	169	0.920065
39	173	0.919547
39	175	0.929135
39	177	0.929683
40	21	1.05407
40	36	1.08008
40	83	0.924463
40	106	0.95115
40	148	0.940993
40	157	0.899567
40	162	1.12411
40	164	0.925817
40	165	1.13597
40	175	1.16622
40	176	1.09476
40	178	0.919796
40	179	0.917633
40	180	0.86656
41	113	0.920255
41	116	0.962507
41	124	0.946274
41	148	1.07685
41	154	1.05448
41	156	1.04072
41	157	1.03542
41	158	1.02186
41	164	1.06167
41	166	0.938288
41	174	0.897938
41	177	0.930619
41	178	1.05565
41	179	1.05349
42	20	0.910081
42	57	1.12899
42	75	0.983262
42	127	1.12101
42	141	0.94288
42	144	1.10217
42	156	1.12507
42	163	1.1155
42	166	0.929009
42	168	0.922984
42	169	0.922417
42	171	0.925886
42	175	0.931487
42	177	0.932035
43	20	1.00086
43	95	1.00607
43	99	0.93804
43	126	1.03372
43	152	0.913428
43	156	1.05846
43	158	1.0396
43	159	1.09748
43	168	0.956153
43	176	0.863843
43	177	0.929606
43	178	1.07339
43	179	1.07123
43	180	1.02016
44	39	1.05524
44	52	0.921617
44	118	0.823308
44	138	1.02672
44	139	0.920273
44	146	1.04916
44	147	1.03522
44	150	1.0588
44	151	0.957584
44	167	1.05727
44	170	1.04433
44	174	1.05407
44	176	1.07463
44	177	0.926204
45	51	0.93035
45	62	0.888977
45	103	0.906895
45	108	0.981099
45	121	0.935473
45	123	0.933662
45	156	1.03021
45	166	1.04908
45	173	1.04197
45	174	1.05937
45	175	1.05156
45	176	1.07993
45	178	1.04514
45	179	1.04298
46	30	0.937049
46	76	1.20485
46	109	0.900071
46	147	0.920604
46	151	1.19014
46	152	0.931646
46	162	1.12234
46	163	0.94632
46	165	0.929766
46	167	0.942651
46	170	0.929717
46	173	1.15052
46	174	0.939457
46	176	0.960015
47	56	1.1573
47	60	1.06258
47	76	1.1652
47	129	1.12968
47	138	0.908511
47	150	0.940588
47	161	0.92484
47	163	0.942725
47	164	1.08965
47	165	0.92617
47	167	0.939056
47	170	0.926122
47	174	0.935862
47	176	0.95642
48	7	0.993689
48	18	0.886477
48	54	0.96564
48	57	1.03416
48	129	0.993165
48	153	0.99531
48	155	0.990472
48	160	1.01719
48	162	1.02777
48	163	1.02068
48	167	1.02849
48	170	1.03279
48	171	1.00297
48	173	0.998978
48	175	1.00857
49	118	0.917499
49	134	0.976062
49	137	1.01049
49	142	1.02993
49	146	0.996517
49	152	0.99362
49	153	1.04109
49	161	0.990409
49	163	1.00829
49	165	0.99174
49	166	1.02806
49	167	1.00462
49	170	0.991691
49	174	1.00143
49	176	1.02199
50	109	0.96641
50	112	0.979924
50	139	1.01891
50	141	0.992822
50	142	1.03437
50	146	1.00088
50	149	0.984184
50	152	0.997985
50	154	0.992117
50	161	0.994774
50	163	1.01266
50	165	0.996104
50	167	1.00899
50	170	0.996055
50	176	1.02635
51	11	1.01167
51	45	0.93035
51	55	1.05172
51	57	0.960569
51	66	1.03324
51	68	0.907355
51	78	0.947203
51	85	1.00665
51	108	0.970964
51	120	1.02129
51	123	0.996738
51	140	1.06415
51	172	1.05123
51	176	0.932341
51	180	1.12823
52	44	0.921617
52	88	1.07971
52	134	1.04106
52	137	1.00767
52	139	1.00069
52	148	0.988104
52	150	0.981515
52	151	0.982113
52	155	0.983809
52	161	1.01985
52	166	0.999426
52	171	0.996304
52	173	0.992316
52	175	1.0019
52	177	1.00245
53	57	0.930403
53	66	1.00308
53	71	0.955929
53	78	0.917037
53	85	0.97648
53	90	0.931104
53	108	0.940798
53	120	0.991127
53	123	0.966572
53	132	1.09919
53	136	0.984332
53	142	0.959149
53	151	1.09495
53	157	1.06807
53	176	0.997806
53	180	1.1937
54	48	0.96564
54	70	0.956589
54	89	1.08752
54	107	1.01815
54	127	1.0517
54	128	0.95768
54	140	0.928619
54	141	0.977002
54	155	0.947513
54	158	1.12347
54	162	0.984815
54	167	1.05399
54	169	0.956538
54	171	0.960008
54	175	0.965608
54	179	1.05697
55	30	1.15507
55	51	1.05172
55	80	1.07445
55	90	1.01733
55	110	0.821981
55	111	0.875202
55	120	1.07735
55	123	1.0528
55	127	1.03757
55	136	1.07056
55	144	1.0632
55	148	0.870115
55	151	0.930967
55	158	0.934077
55	172	0.952713
55	180	1.02971
56	25	0.946402
56	47	1.1573
56	69	1.07233
56	125	0.972058
56	131	1.03888
56	142	0.951096
56	147	1.07351
56	153	0.950625
56	162	0.983088
56	168	0.955378
56	169	0.954811
56	171	0.958281
56	174	1.02767
56	175	0.963881
56	177	0.964429
56	179	1.02834
57	16	1.17039
57	42	1.12899
57	48	1.03416
57	51	0.960569
57	53	0.930403
57	66	0.998149
57	78	0.912108
57	85	0.971551
57	120	0.986199
57	123	0.961644
57	127	0.946417
57	135	0.953622
57	136	0.979403
57	162	0.956433
57	177	0.992851
57	180	1.12298
58	18	0.939256
58	134	0.995204
58	146	1.09271
58	149	0.984823
58	151	0.936259
58	153	0.942793
58	159	1.07976
58	160	0.964673
58	161	1.11852
58	162	0.975256
58	168	0.947547
58	171	0.950449
58	173	0.946461
58	174	1.08357
58	177	0.956598
58	179	1.08424
59	33	1.20515
59	74	1.0308
59	75	1.01053
59	98	0.999584
59	104	0.988522
59	120	1.03452
59	122	1.0606
59	125	0.966935
59	140	0.921769
59	153	0.945502
59	154	1.06437
59	166	0.956281
59	171	0.953158
59	172	0.93922
59	175	0.958758
59	177	0.959307
60	3	0.92457
60	47	1.06258
60	124	0.981292
60	138	0.97787
60	139	1.03325
60	141	1.04586
60	148	0.936165
60	153	1.02121
60	155	1.01637
60	156	0.932412
60	157	0.970141
60	162	1.05367
60	168	1.02596
60	169	1.0254
60	171	1.02887
60	173	1.02488
60	179	0.933621
61	24	1.00178
61	62	1.04773
61	63	0.962989
61	89	0.981096
61	91	1.07059
61	95	1.01531
61	103	1.04594
61	111	1.04509
61	113	0.996394
61	114	1.00353
61	117	1.0016
61	121	1.01917
61	124	0.988818
61	166	0.917184
61	172	0.962641
61	175	0.915208
61	180	1.03964
62	33	1.06478
62	35	1.07663
62	45	0.888977
62	61	1.04773
62	103	1.04314
62	110	0.879126
62	113	0.993591
62	114	1.00073
62	116	1.01257
62	117	0.998793
62	121	1.01637
62	124	0.986016
62	137	1.02443
62	148	0.92726
62	172	1.00986
62	177	0.956731
62	180	1.08686
63	9	0.994147
63	11	0.957258
63	14	1.03131
63	30	0.853928
63	61	0.962989
63	102	0.929986
63	123	1.05489
63	127	1.03835
63	154	1.01353
63	155	1.00302
63	159	1.03878
63	165	1.01924
63	169	1.01205
63	170	1.01919
63	174	1.02893
63	177	1.02166
63	179	1.01253
64	67	1.02332
64	97	1.02748
64	107	0.914492
64	125	0.958313
64	134	0.940991
64	147	1.00336
64	150	1.02694
64	152	1.0144
64	154	0.952602
64	161	1.01119
64	163	1.02907
64	165	1.01252
64	167	1.0254
64	170	1.01247
64	174	1.02221
64	176	1.04277
64	177	0.985323
65	36	1.0579
65	83	0.970885
65	125	1.02356
65	128	1.00746
65	141	1.02678
65	156	0.946812
65	158	1.01453
65	160	1.02401
65	161	0.982307
65	165	0.955486
65	166	1.01291
65	169	1.00632
65	171	1.00979
65	174	0.947355
65	175	1.01539
65	177	1.01594
65	178	0.978504
66	11	1.04925
66	26	1.00422
66	51	1.03324
66	53	1.00308
66	57	0.998149
66	69	0.960731
66	78	0.984782
66	108	1.00854
66	111	0.924373
66	116	1.02552
66	127	1.01909
66	135	1.0263
66	136	1.05208
66	166	0.956426
66	172	1.00188
66	176	0.882993
66	180	1.07888
67	15	0.906788
67	64	1.02332
67	76	0.954758
67	122	1.02366
67	139	1.00867
67	140	0.97289
67	147	1.07332
67	151	0.990089
67	156	1.02694
67	164	1.0307
67	167	1.02517
67	168	1.00138
67	169	1.00081
67	171	1.00428
67	173	1.00029
67	175	1.00988
67	176	0.994399
67	180	0.950222
68	34	0.859276
68	51	0.907355
68	87	0.827856
68	96	1.08504
68	103	0.8839
68	113	0.921049
68	114	0.939112
68	117	0.949319
68	127	0.894127
68	139	1.08141
68	154	1.07504
68	158	1.04241
68	170	1.0807
68	171	1.07703
68	174	1.09044
68	176	1.111
68	177	1.08318
68	179	1.07404
69	37	0.927958
69	56	1.07233
69	66	0.960731
69	86	1.04954
69	98	1.04029
69	112	1.00579
69	126	0.93744
69	147	1.04729
69	148	0.99831
69	150	0.998076
69	153	1.05483
69	156	0.962184
69	158	0.943322
69	160	1.0086
69	164	0.983133
69	168	1.06068
69	178	0.977112
69	179	0.97495
70	14	1.00061
70	54	0.956589
70	76	0.944393
70	83	1.0658
70	91	0.951043
70	124	1.09061
70	128	0.991587
70	155	0.981421
70	160	1.00814
70	163	1.03215
70	166	0.997038
70	168	0.991013
70	169	0.990446
70	174	1.04227
70	175	0.999516
70	176	1.00919
70	177	1.00006
70	180	0.939857
71	21	0.759884
71	53	0.955929
71	85	0.870057
71	89	1.04302
71	97	1.05565
71	113	1.05832
71	124	1.05075
71	126	0.979277
71	145	0.914051
71	156	0.881296
71	157	0.919024
71	160	1.10008
71	166	1.08898
71	167	1.10246
71	173	1.08187
71	174	1.09927
71	176	1.11983
71	178	0.912988
72	14	1.09034
72	34	0.842696
72	80	0.841674
72	90	0.955222
72	94	0.870744
72	108	0.941523
72	117	0.932738
72	124	0.930487
72	136	0.862577
72	158	1.03993
72	162	1.09935
72	170	1.07822
72	173	1.07056
72	174	1.08796
72	175	1.08015
72	176	1.10851
72	178	1.07372
72	179	1.07156
73	84	1.02987
73	104	1.03206
73	106	1.00072
73	133	0.984416
73	141	1.01867
73	143	0.969923
73	146	0.977969
73	150	0.98761
73	161	0.971862
73	163	0.989746
73	165	0.973192
73	167	0.986077
73	170	0.973143
73	174	0.982884
73	175	1.05638
73	176	1.00344
73	177	1.05069
73	179	1.01867
74	36	0.875424
74	59	1.0308
74	128	0.971912
74	138	1.01471
74	143	1.0291
74	146	1.03714
74	147	1.0232
74	150	1.04678
74	157	0.960374
74	159	0.919377
74	160	0.930337
74	161	1.03103
74	163	1.04892
74	165	1.03237
74	170	1.03232
74	171	0.959101
74	174	1.04206
74	176	1.06262
74	177	0.95587
75	42	0.983262
75	59	1.01053
75	79	1.0237
75	96	0.908071
75	97	1.0245
75	121	0.935352
75	129	1.04491
75	137	0.944379
75	158	0.988776
75	159	0.917793
75	166	1.05783
75	168	1.05181
75	171	1.05471
75	173	1.05072
75	174	0.921605
75	175	1.06031
75	177	1.06086
75	178	0.952753
75	180	1.00065
76	15	0.85032
76	46	1.20485
76	47	1.1652
76	67	0.954758
76	70	0.944393
76	78	1.12479
76	112	1.02334
76	134	0.992566
76	139	0.952199
76	149	0.982186
76	154	1.03554
76	162	0.972619
76	166	0.950934
76	168	0.944909
76	170	1.03757
76	171	0.947812
76	175	0.953412
76	176	1.00249
76	177	0.953961
77	19	1.12888
77	104	0.975448
77	125	0.95386
77	128	0.937755
77	129	0.930282
77	141	0.957078
77	144	1.05695
77	149	0.974457
77	150	1.07702
77	153	0.932428
77	160	0.954307
77	162	0.964891
77	164	1.08362
77	165	1.08853
77	168	0.937181
77	173	0.936096
77	174	1.0804
77	177	0.946232
77	179	1.08106
78	1	1.01011
78	25	1.09294
78	51	0.947203
78	53	0.917037
78	57	0.912108
78	66	0.984782
78	76	1.12479
78	87	1.00398
78	110	1.00108
78	116	0.939484
78	120	0.972832
78	123	0.948277
78	127	0.933051
78	130	0.923858
78	136	0.966037
78	137	0.951336
78	159	1.0422
78	172	1.13182
78	180	1.20882
79	2	1.03021
79	75	1.0237
79	131	0.949329
79	138	0.928802
79	140	1.15761
79	142	1.1011
79	147	0.9373
79	150	0.960879
79	152	0.948342
79	161	0.945131
79	163	0.963016
79	166	1.09924
79	167	0.959347
79	169	1.09656
79	170	0.946412
79	172	0.928803
79	174	0.956153
79	175	1.09727
79	176	0.976711
80	10	1.04819
80	30	1.12173
80	55	1.07445
80	72	0.841674
80	87	1.07517
80	90	0.983992
80	101	0.96987
80	108	0.993685
80	110	0.871398
80	123	1.01946
80	127	1.00423
80	132	0.984626
80	136	1.03722
80	142	1.01204
80	144	1.02986
80	148	0.919532
80	172	1.00213
80	177	0.949004
80	180	1.07913
81	12	1.17588
81	15	1.15589
81	16	0.921554
81	82	0.931548
81	95	0.943934
81	101	0.963725
81	118	1.06627
81	126	0.971582
81	135	0.957854
81	138	0.955091
81	142	1.00489
81	145	1.01248
81	154	1.01009
81	156	0.996327
81	159	1.03534
81	160	0.917325
81	161	0.945129
81	164	1.01728
81	178	1.01125
81	179	1.00909
82	81	0.931548
82	103	0.963339
82	108	0.968334
82	123	0.994109
82	126	1.07561
82	127	0.978882
82	136	1.01187
82	145	1.01038
82	156	0.977627
82	158	1.04534
82	161	0.996259
82	162	1.01868
82	163	1.01414
82	167	1.01047
82	169	0.9904
82	173	0.989881
82	175	0.99947
82	176	1.02784
82	178	1.00932
82	179	0.978836
83	40	0.924463
83	65	0.970885
83	70	1.0658
83	92	1.014
83	106	1.03171
83	107	1.03148
83	112	1.02904
83	126	0.960684
83	129	1.02358
83	143	1.02004
83	149	0.972357
83	154	0.99919
83	157	0.980128
83	159	1.02445
83	164	1.00638
83	166	1.02068
83	174	0.98033
83	176	0.947247
83	178	1.00036
83	179	0.998194
84	73	1.02987
84	87	0.897792
84	93	1.09743
84	124	1.017
84	126	1.06611
84	145	1.00088
84	151	0.978509
84	153	0.985044
84	158	1.03584
84	160	1.00692
84	165	0.976798
84	166	0.995822
84	167	0.96636
84	168	0.989797
84	169	0.98923
84	171	0.9927
84	172	0.978762
84	173	0.988712
84	175	0.9983
84	177	0.998848
85	24	1.06997
85	51	1.00665
85	53	0.97648
85	57	0.971551
85	71	0.870057
85	87	1.06343
85	90	0.972252
85	108	0.981945
85	109	1.01451
85	116	0.998927
85	127	0.992494
85	132	1.01332
85	135	0.999698
85	136	1.02548
85	137	1.01078
85	142	1.0003
85	149	0.937044
85	172	1.03083
85	173	0.96946
85	180	1.10782
86	69	1.04954
86	95	1.0008
86	105	0.892054
86	124	0.974592
86	134	0.914605
86	145	1.06934
86	149	0.918283
86	154	1.06695
86	156	1.05319
86	157	1.04789
86	158	1.03433
86	163	0.916138
86	164	1.07414
86	166	0.966607
86	171	0.962167
86	172	1.055
86	175	0.96463
86	176	0.893173
86	178	1.06812
86	179	1.06596
86	180	1.01488
87	11	1.06845
87	24	1.01087
87	68	0.827856
87	78	1.00398
87	80	1.07517
87	84	0.897792
87	85	1.06343
87	90	1.01805
87	108	1.02774
87	110	0.841
87	117	0.936511
87	120	1.07807
87	123	1.05352
87	127	1.03829
87	135	1.0455
87	136	1.07128
87	137	1.05658
87	147	0.931761
87	168	0.945152
87	172	0.971732
87	180	1.04873
88	52	1.07971
88	102	0.938641
88	125	1.05728
88	133	0.974823
88	138	0.94594
88	141	1.05228
88	146	0.968376
88	147	0.954438
88	150	0.978017
88	152	0.965479
88	154	1.05157
88	161	0.962269
88	162	1.04787
88	163	0.980153
88	165	0.963599
88	167	0.976484
88	169	1.08928
88	170	0.96355
88	174	0.973291
88	176	0.993849
88	177	1.08429
89	26	1.07616
89	34	1.01582
89	54	1.08752
89	61	0.981096
89	71	1.04302
89	91	1.00116
89	92	0.975375
89	94	0.970171
89	102	1.02265
89	113	0.92696
89	114	0.934096
89	116	0.945944
89	117	0.932163
89	121	0.949742
89	124	0.919385
89	132	1.05632
89	137	0.957796
89	149	0.980043
89	172	1.07382
89	173	1.01246
89	180	1.15082
90	53	0.931104
90	55	1.01733
90	72	0.955222
90	80	0.983992
90	85	0.972252
90	87	1.01805
90	108	0.93657
90	110	0.984946
90	111	1.03817
90	116	0.953551
90	120	0.9869
90	123	0.962345
90	127	0.947118
90	130	0.937925
90	136	0.980105
90	144	0.972744
90	159	1.02606
90	160	1.03702
90	171	1.06578
90	172	1.11568
90	180	1.19268
91	9	1.08116
91	26	0.95371
91	35	1.0995
91	61	1.07059
91	70	0.951043
91	89	1.00116
91	94	1.05967
91	102	1.11215
91	103	1.06601
91	113	1.01646
91	114	1.02359
91	117	1.02166
91	121	1.03924
91	124	1.00888
91	132	0.933875
91	146	0.874713
91	147	0.911407
91	155	0.910479
91	172	0.951379
91	178	0.896719
91	180	1.02838
92	29	0.987793
92	83	1.014
92	89	0.975375
92	98	1.0725
92	107	1.04045
92	115	1.005
92	122	1.00979
92	129	0.987412
92	148	1.03053
92	150	0.940779
92	156	0.9944
92	157	0.9891
92	159	1.03342
92	164	1.01535
92	166	0.984509
92	169	0.981826
92	171	0.98007
92	172	0.996213
92	173	0.968601
92	175	0.982533
92	178	1.00933
92	179	1.00717
93	2	0.836224
93	84	1.09743
93	97	1.07185
93	99	0.906017
93	134	1.14682
93	137	0.887676
93	140	1.07068
93	142	1.09488
93	143	0.904615
93	153	1.09441
93	155	1.08957
93	157	0.902087
93	162	1.12687
93	164	0.868122
93	167	0.862595
93	168	1.09916
93	170	0.866897
93	171	1.10207
93	173	1.09808
93	177	1.10821
93	178	0.896051
93	179	0.865567
94	22	0.987361
94	34	1.07433
94	72	0.870744
94	89	0.970171
94	91	1.05967
94	102	1.08116
94	103	1.03502
94	110	0.900468
94	111	1.03416
94	113	0.985469
94	114	0.992604
94	115	1.00321
94	117	0.990671
94	121	1.00825
94	122	0.941574
94	124	0.977894
94	132	1.0137
94	135	0.993069
94	139	0.972143
94	142	0.987606
94	172	1.0312
94	180	1.1082
95	19	0.91264
95	32	0.93092
95	43	1.00607
95	61	1.01531
95	81	0.943934
95	86	1.0008
95	107	0.959489
95	128	1.144
95	134	1.08363
95	139	1.12203
95	144	0.939829
95	145	0.92959
95	146	1.10442
95	149	1.08731
95	154	0.927202
95	157	0.90814
95	159	0.952459
95	164	0.93439
95	167	1.09297
95	168	1.15451
95	178	0.928369
95	179	0.926206
96	31	1.04523
96	68	1.08504
96	75	0.908071
96	106	1.03588
96	107	1.03564
96	108	1.00264
96	110	1.08059
96	131	0.95447
96	139	0.970016
96	145	1.00574
96	148	1.02572
96	155	0.988174
96	156	0.989592
96	157	0.984292
96	158	0.970731
96	159	1.02861
96	166	0.983616
96	173	0.967708
96	175	0.98164
96	178	1.00452
96	179	1.00236
96	180	0.951285
97	13	0.998416
97	64	1.02748
97	71	1.05565
97	75	1.0245
97	93	1.07185
97	118	0.961428
97	130	0.942941
97	131	1.04285
97	133	1.03493
97	149	1.00149
97	150	1.02826
97	151	0.952931
97	155	0.954627
97	156	1.0311
97	162	0.991929
97	165	1.03977
97	168	0.964219
97	169	0.963652
97	171	0.967121
97	173	0.963134
97	174	1.03164
97	175	0.972722
97	177	0.97327
98	59	0.999584
98	69	1.04029
98	92	1.0725
98	104	0.906026
98	106	1.09022
98	112	1.08755
98	115	0.952814
98	122	1.05933
98	125	0.89764
98	139	0.91872
98	145	1.06009
98	152	0.908471
98	154	1.0577
98	156	1.04394
98	158	1.02508
98	159	1.08296
98	162	0.888232
98	164	1.06489
98	167	0.889662
98	171	0.927881
98	173	0.916412
98	178	1.05887
98	179	1.0567
99	25	1.04485
99	39	1.15963
99	43	0.93804
99	93	0.906017
99	109	0.957839
99	113	1.02023
99	138	0.969875
99	145	1.03013
99	146	0.992311
99	147	0.978373
99	150	1.00195
99	151	1.06198
99	152	0.989414
99	161	0.986204
99	163	1.00409
99	164	1.00113
99	165	0.987534
99	167	1.00042
99	170	0.987485
99	174	0.997226
99	175	1.03629
99	176	1.01778
99	180	0.929756
100	10	0.982521
100	128	1.06168
100	131	0.990499
100	135	0.976129
100	136	0.993379
100	138	0.969972
100	143	0.984363
100	145	1.04516
100	147	0.97847
100	149	1.00498
100	152	0.989512
100	161	0.986301
100	162	1.00922
100	163	1.00419
100	164	1.01617
100	165	0.987632
100	167	1.00052
100	169	1.05062
100	170	0.987583
100	173	1.0374
100	174	0.997323
100	176	1.01788
100	180	0.929854
101	10	0.979916
101	80	0.96987
101	81	0.963725
101	125	1.01602
101	130	1.09543
101	138	0.96799
101	141	1.01101
101	143	0.982381
101	146	0.990426
101	147	0.976488
101	150	1.00007
101	152	0.987529
101	157	1.04753
101	161	0.984319
101	163	1.0022
101	165	0.985649
101	166	1.0507
101	167	0.998534
101	168	1.06958
101	170	0.9856
101	174	0.995341
101	176	1.0159
101	180	0.927871
102	22	1.03984
102	24	0.968778
102	31	0.945796
102	34	1.1268
102	63	0.929986
102	88	0.938641
102	89	1.02265
102	91	1.11215
102	94	1.08116
102	103	1.0875
102	106	0.826549
102	113	1.03795
102	114	1.04508
102	115	1.05569
102	116	1.05693
102	117	1.04315
102	121	1.06073
102	124	1.03037
102	142	0.886044
102	168	0.903058
102	172	0.929638
102	177	0.876511
102	180	1.00664
103	9	1.05651
103	22	0.993699
103	35	1.07485
103	45	0.906895
103	61	1.04594
103	62	1.04314
103	68	0.8839
103	82	0.963339
103	91	1.06601
103	94	1.03502
103	102	1.0875
103	110	0.897044
103	113	0.991807
103	114	0.998942
103	116	1.01079
103	117	0.997009
103	118	0.871754
103	121	1.01459
103	124	0.984232
103	132	1.01027
103	171	0.97788
103	172	1.02778
103	177	0.974649
103	180	1.10478
104	34	0.931402
104	59	0.988522
104	73	1.03206
104	77	0.975448
104	98	0.906026
104	105	1.0613
104	106	0.953576
104	122	0.967039
104	129	1.0229
104	139	1.03708
104	141	1.04969
104	144	0.947411
104	146	0.979999
104	151	1.01851
104	154	0.970817
104	155	1.0202
104	162	1.05751
104	168	1.0298
104	169	1.02923
104	171	1.0327
104	175	1.0383
104	176	0.937774
104	177	1.03885
104	179	0.971522
105	8	1.16043
105	32	0.990159
105	86	0.892054
105	104	1.0613
105	114	0.962979
105	125	1.03972
105	145	0.95481
105	149	1.06031
105	150	0.919219
105	151	1.01175
105	153	1.01828
105	159	0.918787
105	162	1.05075
105	166	1.02906
105	167	0.920291
105	168	1.02304
105	169	1.02247
105	171	1.02594
105	173	1.02195
105	174	0.922599
105	175	1.03154
105	177	1.03209
105	178	0.953747
105	180	0.971882
106	14	1.04366
106	39	1.10124
106	40	0.95115
106	73	1.00072
106	83	1.03171
106	96	1.03588
106	98	1.09022
106	102	0.826549
106	104	0.953576
106	116	1.00409
106	118	1.08206
106	123	0.951454
106	126	0.987372
106	134	0.927867
106	148	1.04824
106	149	0.931545
106	152	0.956021
106	154	1.02588
106	156	1.01212
106	157	1.00682
106	160	0.946666
106	164	1.03307
106	178	1.02704
106	179	1.02488
107	4	1.05823
107	54	1.01815
107	64	0.914492
107	83	1.03148
107	92	1.04045
107	95	0.959489
107	96	1.03564
107	118	1.08182
107	135	0.966326
107	138	0.963563
107	140	1.01737
107	154	1.02564
107	156	1.01188
107	157	1.00658
107	159	1.0509
107	164	1.03283
107	168	0.977877
107	171	0.954561
107	172	1.01369
107	175	0.957024
107	176	0.885566
107	177	0.95133
107	178	1.02681
107	179	1.02465
108	45	0.981099
108	51	0.970964
108	53	0.940798
108	66	1.00854
108	72	0.941523
108	80	0.993685
108	82	0.968334
108	85	0.981945
108	87	1.02774
108	90	0.93657
108	96	1.00264
108	115	0.962005
108	120	0.996593
108	122	1.01235
108	123	0.972038
108	127	0.956812
108	130	0.947619
108	135	0.964016
108	136	0.989798
108	144	0.982437
108	151	1.08023
108	160	1.02332
108	172	1.10198
108	173	1.04061
108	178	1.04732
108	180	1.17898
109	21	0.904334
109	46	0.900071
109	50	0.96641
109	85	1.01451
109	99	0.957839
109	126	1.12373
109	130	1.11138
109	131	0.977946
109	133	0.986303
109	142	1.0685
109	143	0.97181
109	146	0.979856
109	149	1.01832
109	150	0.989497
109	152	0.976959
109	154	1.02625
109	161	0.973749
109	162	1.02255
109	163	0.991633
109	165	0.975079
109	167	0.987964
109	169	1.06396
109	170	0.97503
109	173	1.05073
109	174	0.984771
109	176	1.00533
110	9	0.863067
110	55	0.821981
110	62	0.879126
110	78	1.00108
110	80	0.871398
110	87	0.841
110	90	0.984946
110	94	0.900468
110	96	1.08059
110	103	0.897044
110	120	0.881983
110	121	0.925622
110	122	1.07223
110	123	0.923811
110	129	1.06278
110	134	1.11734
110	138	1.05865
110	139	1.07697
110	152	1.07819
110	160	1.08681
110	164	1.07779
110	170	1.07626
110	174	1.086
110	176	1.10656
110	177	1.07873
110	178	1.07176
110	179	1.0696
111	8	1.20292
111	18	0.820781
111	55	0.875202
111	61	1.04509
111	66	0.924373
111	90	1.03817
111	94	1.03416
111	117	0.996153
111	121	1.01373
111	124	0.983376
111	138	1.01001
111	146	0.974239
111	147	1.01093
111	153	1.01083
111	154	1.0165
111	157	0.997438
111	158	0.983877
111	161	1.00005
111	164	1.02369
111	165	0.973227
111	170	0.967092
111	171	1.01849
111	172	1.00455
111	173	1.0145
111	177	1.02464
111	178	1.01767
111	179	1.0155
112	33	0.965217
112	50	0.979924
112	69	1.00579
112	76	1.02334
112	83	1.02904
112	98	1.08755
112	122	1.02483
112	126	0.984698
112	130	1.00101
112	134	0.932915
112	135	0.992243
112	140	1.04329
112	148	1.04557
112	151	1.00863
112	154	1.0232
112	156	1.00944
112	157	1.00414
112	158	0.99058
112	162	0.940829
112	166	0.984917
112	171	0.980478
112	172	1.01125
112	174	0.944567
112	177	0.977247
112	178	1.02437
112	179	1.02221
112	180	0.971134
113	9	1.00696
113	34	1.03112
113	35	1.0253
113	41	0.920255
113	61	0.996394
113	62	0.993591
113	68	0.921049
113	71	1.05832
113	89	0.92696
113	91	1.01646
113	94	0.985469
113	99	1.02023
113	102	1.03795
113	103	0.991807
113	114	0.949394
113	115	0.960003
113	117	0.947461
113	121	0.96504
113	124	0.934683
113	129	1.02237
113	132	1.04742
113	137	0.973094
113	166	1.01947
113	168	1.03835
113	169	1.01678
113	172	1.06492
113	173	1.00356
113	180	1.14192
114	9	1.01409
114	17	1.00625
114	22	0.951285
114	34	1.03825
114	35	1.03243
114	61	1.00353
114	62	1.00073
114	68	0.939112
114	89	0.934096
114	91	1.02359
114	94	0.992604
114	102	1.04508
114	103	0.998942
114	105	0.962979
114	113	0.949394
114	115	0.967138
114	117	0.954596
114	121	0.972175
114	124	0.941819
114	137	0.980229
114	144	0.973733
114	160	1.00433
114	167	0.994873
114	169	1.03485
114	172	1.08299
114	173	1.02162
114	177	1.02986
114	180	1.15999
115	1	0.981749
115	35	1.04304
115	92	1.005
115	94	1.00321
115	98	0.952814
115	102	1.05569
115	108	0.962005
115	113	0.960003
115	114	0.967138
115	118	0.94743
115	120	1.01233
115	121	0.982784
115	123	0.98778
115	126	1.11508
115	127	0.972553
115	131	1.02885
115	132	0.990449
115	136	1.00554
115	140	0.956151
115	147	1.06348
115	148	1.02085
115	163	1.00753
115	165	1.02577
115	166	0.990663
115	173	0.983552
115	177	0.993689
115	178	1.04879
115	180	0.933482
116	13	0.988142
116	25	0.976901
116	41	0.962507
116	62	1.01257
116	66	1.02552
116	78	0.939484
116	85	0.998927
116	89	0.945944
116	90	0.953551
116	102	1.05693
116	103	1.01079
116	106	1.00409
116	121	0.984023
116	124	0.953667
116	125	1.00256
116	136	1.00678
116	146	1.03051
116	148	1.02458
116	151	0.97459
116	153	0.981124
116	157	1.05855
116	159	1.01756
116	161	1.05632
116	163	1.01125
116	164	1.02459
116	166	0.991902
116	167	1.01906
116	173	0.984792
117	9	1.01216
117	22	0.949352
117	34	1.03632
117	35	1.0305
117	61	1.0016
117	62	0.998793
117	68	0.949319
117	72	0.932738
117	87	0.936511
117	89	0.932163
117	91	1.02166
117	94	0.990671
117	102	1.04315
117	103	0.997009
117	111	0.996153
117	113	0.947461
117	114	0.954596
117	121	0.970242
117	124	0.939885
117	131	1.01859
117	132	1.07569
117	137	0.978296
117	155	1.05229
117	165	1.01552
117	167	1.00508
117	171	1.0433
117	179	1.00805
117	180	1.17019
118	12	1.15229
118	44	0.823308
118	49	0.917499
118	81	1.06627
118	97	0.961428
118	103	0.871754
118	106	1.08206
118	107	1.08182
118	115	0.94743
118	122	1.05116
118	126	1.01103
118	134	0.874934
118	135	0.934262
118	137	1.05482
118	143	0.926298
118	145	1.05192
118	153	0.939958
118	154	1.04953
118	155	0.931493
118	156	1.03577
118	157	1.03047
118	158	1.01691
118	159	1.07479
118	161	0.921537
118	164	1.05672
118	172	1.03759
118	178	1.0507
118	179	1.04854
119	3	0.920568
119	36	1.07298
119	126	1.03398
119	129	1.01506
119	138	0.98146
119	140	0.993476
119	141	1.04186
119	144	0.9131
119	145	0.968758
119	147	0.982383
119	149	1.05924
119	150	0.933167
119	153	1.01721
119	155	1.01237
119	157	0.973731
119	158	1.00372
119	160	1.03909
119	161	0.971498
119	162	1.04967
119	163	0.926428
119	166	1.02799
119	168	1.02196
119	169	1.0214
119	171	1.02487
119	173	1.02088
119	175	1.03047
119	177	1.03101
119	178	0.967695
119	179	0.937212
120	11	1.0373
120	13	0.89368
120	30	1.12464
120	51	1.02129
120	53	0.991127
120	55	1.07735
120	57	0.986199
120	59	1.03452
120	78	0.972832
120	87	1.07807
120	90	0.9869
120	108	0.996593
120	110	0.881983
120	115	1.01233
120	123	1.02237
120	127	1.00714
120	130	0.997948
120	136	1.04013
120	142	1.01494
120	144	1.03277
120	164	0.930127
120	166	0.967258
120	169	0.964575
120	171	0.962819
120	172	1.01271
120	173	0.951349
120	175	0.965281
120	178	0.958055
120	180	1.08971
121	9	1.02974
121	22	0.966931
121	34	1.0539
121	45	0.935473
121	61	1.01917
121	62	1.01637
121	75	0.935352
121	89	0.949742
121	91	1.03924
121	94	1.00825
121	102	1.06073
121	103	1.01459
121	110	0.925622
121	111	1.01373
121	113	0.96504
121	114	0.972175
121	115	0.982784
121	116	0.984023
121	117	0.970242
121	124	0.957464
121	132	1.03885
121	135	1.01822
121	137	0.995875
121	142	1.01276
121	160	0.977695
121	172	1.05635
121	175	1.00892
121	177	1.00323
121	179	0.971212
121	180	1.13335
122	16	0.906452
122	28	1.02151
122	31	1.05495
122	59	1.0606
122	67	1.02366
122	92	1.00979
122	94	0.941574
122	98	1.05933
122	104	0.967039
122	108	1.01235
122	110	1.07223
122	112	1.02483
122	118	1.05116
122	142	0.989791
122	145	0.997374
122	148	1.01735
122	154	0.994986
122	155	0.99789
122	157	0.975924
122	158	0.962363
122	159	1.02024
122	160	0.96013
122	164	1.00217
122	171	0.988893
122	172	0.983037
122	175	0.991356
122	177	0.985663
122	178	0.996153
122	179	0.993991
122	180	0.942917
123	5	0.958262
123	26	1.05687
123	30	1.10008
123	45	0.933662
123	51	0.996738
123	53	0.966572
123	55	1.0528
123	57	0.961644
123	63	1.05489
123	78	0.948277
123	80	1.01946
123	82	0.994109
123	87	1.05352
123	90	0.962345
123	106	0.951454
123	108	0.972038
123	110	0.923811
123	115	0.98778
123	120	1.02237
123	127	0.982586
123	130	0.973393
123	135	0.989791
123	136	1.01557
123	137	1.00087
123	161	1.00369
123	167	0.966428
123	170	0.97073
123	172	1.05454
123	178	0.999883
123	180	1.13154
124	9	0.999384
124	22	0.936575
124	24	1.13008
124	26	1.09328
124	34	1.02354
124	35	1.01772
124	41	0.946274
124	60	0.981292
124	61	0.988818
124	62	0.986016
124	70	1.09061
124	71	1.05075
124	72	0.930487
124	84	1.017
124	86	0.974592
124	89	0.919385
124	91	1.00888
124	94	0.977894
124	102	1.03037
124	103	0.984232
124	111	0.983376
124	113	0.934683
124	114	0.941819
124	116	0.953667
124	117	0.939885
124	121	0.957464
124	137	0.965519
124	144	0.981689
124	150	1.00176
124	172	1.09094
124	180	1.16794
125	36	1.05923
125	56	0.972058
125	59	0.966935
125	64	0.958313
125	65	1.02356
125	77	0.95386
125	88	1.05728
125	98	0.89764
125	101	1.01602
125	105	1.03972
125	116	1.00256
125	128	1.00878
125	137	0.985245
125	141	1.0281
125	145	0.994682
125	146	0.971612
125	149	1.04548
125	151	0.99692
125	153	1.00346
125	157	0.999655
125	158	1.02964
125	159	0.958659
125	160	1.02533
125	165	0.970601
125	166	1.01423
125	169	1.00764
125	171	1.01111
125	173	1.00712
125	174	0.962471
125	175	1.01671
125	177	1.01726
125	178	0.993619
126	7	1.01713
126	32	0.958569
126	37	0.906863
126	43	1.03372
126	69	0.93744
126	71	0.979277
126	81	0.971582
126	82	1.07561
126	83	0.960684
126	84	1.06611
126	106	0.987372
126	109	1.12373
126	112	0.984698
126	115	1.11508
126	118	1.01103
126	119	1.03398
126	132	0.959748
126	133	1.05752
126	135	1.10191
126	145	0.957238
126	148	0.977215
126	156	0.941089
126	157	0.935788
126	158	0.922227
126	159	0.980107
126	161	1.08919
126	164	0.962038
126	165	1.06237
126	173	1.07868
126	178	0.956017
126	179	0.953855
126	180	0.902781
127	11	0.997522
127	27	1.02186
127	28	1.02073
127	30	1.08485
127	42	1.12101
127	54	1.0517
127	55	1.03757
127	57	0.946417
127	63	1.03835
127	66	1.01909
127	68	0.894127
127	78	0.933051
127	80	1.00423
127	82	0.978882
127	85	0.992494
127	87	1.03829
127	90	0.947118
127	108	0.956812
127	115	0.972553
127	120	1.00714
127	123	0.982586
127	130	0.958167
127	135	0.974564
127	136	1.00035
127	142	0.975162
127	143	0.991908
127	144	0.992985
127	146	0.961337
127	168	1.01142
127	172	1.038
127	174	0.952195
127	175	0.99057
127	180	1.115
128	2	0.976845
128	13	0.972296
128	54	0.95768
128	65	1.00746
128	70	0.991587
128	74	0.971912
128	77	0.937755
128	95	1.144
128	100	1.06168
128	125	1.00878
128	130	0.970826
128	134	1.03976
128	137	1.0283
128	139	0.999392
128	140	0.963617
128	145	1.03773
128	150	1.00214
128	151	0.980815
128	155	0.982511
128	156	1.00498
128	160	1.00923
128	165	1.01365
128	166	0.998128
128	167	1.00322
128	168	0.992103
128	169	0.991536
128	171	0.995006
128	172	0.981068
128	173	0.991018
128	175	1.00061
128	176	0.97244
128	177	1.00115
128	179	1.00619
129	2	0.971376
129	20	0.971727
129	26	0.959588
129	47	1.12968
129	48	0.993165
129	75	1.04491
129	77	0.930282
129	83	1.02358
129	92	0.987412
129	104	1.0229
129	110	1.06278
129	113	1.02237
129	119	1.01506
129	133	1.00334
129	140	0.956143
129	143	1.03977
129	149	1.02191
129	151	0.973342
129	152	1.01656
129	153	0.979877
129	160	1.00176
129	164	1.00327
129	166	0.990655
129	168	0.98463
129	171	0.987533
129	173	0.983545
129	174	1.00005
129	175	0.993133
129	176	0.966971
129	177	0.993681
129	178	1.0312
129	179	1.00072
129	180	0.933475
130	18	0.89757
130	78	0.923858
130	90	0.937925
130	97	0.942941
130	101	1.09543
130	108	0.947619
130	109	1.11138
130	112	1.00101
130	120	0.997948
130	123	0.973393
130	127	0.958167
130	128	0.970826
130	133	1.04517
130	136	0.991153
130	138	1.0868
130	146	1.05103
130	152	1.05839
130	154	0.971165
130	156	0.957404
130	159	0.996422
130	160	0.987377
130	161	1.07684
130	162	0.997961
130	163	1.03177
130	164	0.978353
130	165	1.05002
130	166	0.976276
130	167	1.03958
130	173	0.969166
130	174	1.04189
130	175	0.978754
130	176	1.0088
130	178	0.972332
130	179	0.970169
131	28	0.96925
131	56	1.03888
131	79	0.949329
131	96	0.95447
131	97	1.04285
131	100	0.990499
131	109	0.977946
131	115	1.02885
131	117	1.01859
131	133	1.01886
131	134	0.956353
131	135	0.996139
131	138	0.989982
131	143	1.00437
131	146	1.01242
131	147	0.99848
131	150	1.02206
131	151	1.03207
131	152	1.00952
131	159	0.964192
131	161	1.00631
131	162	0.964267
131	163	1.0242
131	165	1.00764
131	167	1.02053
131	168	1.02723
131	170	1.00759
131	171	1.00392
131	172	0.989983
131	174	1.01733
131	175	1.00638
131	176	1.03789
131	177	1.00068
131	179	0.968669
131	180	0.949863
132	11	0.939406
132	30	0.836076
132	35	0.943764
132	53	1.09919
132	80	0.984626
132	85	1.01332
132	89	1.05632
132	91	0.933875
132	94	1.0137
132	103	1.01027
132	113	1.04742
132	115	0.990449
132	117	1.07569
132	121	1.03885
132	126	0.959748
132	136	1.00553
132	141	1.01724
132	143	1.00069
132	145	1.00064
132	153	0.992586
132	155	0.987748
132	156	0.984492
132	158	0.96563
132	163	1.02052
132	164	1.00544
132	165	1.00396
132	166	1.00336
132	167	1.01685
132	169	0.996773
132	170	1.00391
132	174	1.01365
132	175	1.00584
132	176	1.03421
132	178	0.99942
132	179	0.997258
133	6	0.907799
133	8	0.904565
133	19	1.00857
133	20	1.06402
133	36	0.912321
133	73	0.984416
133	88	0.974823
133	97	1.03493
133	109	0.986303
133	126	1.05752
133	129	1.00334
133	130	1.04517
133	131	1.01886
133	137	0.98286
133	138	0.998338
133	142	1.0023
133	143	1.01273
133	146	1.02077
133	147	1.00684
133	150	1.03041
133	152	1.01788
133	153	1.01346
133	154	0.960046
133	161	1.01467
133	162	0.956349
133	163	1.03255
133	165	1.016
133	166	1.00044
133	167	1.02888
133	170	1.01595
133	172	0.99834
133	174	1.02569
133	176	1.04625
133	179	0.960751
133	180	0.95822
134	9	0.896341
134	12	0.940217
134	23	1.00577
134	39	0.968289
134	49	0.976062
134	52	1.04106
134	58	0.995204
134	64	0.940991
134	76	0.992566
134	86	0.914605
134	93	1.14682
134	95	1.08363
134	106	0.927867
134	110	1.11734
134	112	0.932915
134	118	0.874934
134	128	1.03976
134	131	0.956353
134	139	1.04647
134	141	1.05908
134	143	0.984861
134	144	0.921702
134	145	0.97736
134	151	1.0279
134	153	1.03443
134	155	1.02959
134	159	0.941337
134	162	1.0669
134	164	0.948368
134	166	1.04521
134	167	0.942841
134	168	1.03919
