1	76	1.09273
1	105	1.078
1	110	1.0546
1	123	1.07516
1	125	1.05996
1	127	1.06334
1	132	1.05385
1	140	1.06598
1	146	0.714478
1	161	1.23089
1	162	1.0355
1	167	1.7712
2	70	1.98527
2	73	0.918467
2	86	0.979721
2	93	0.960498
2	120	1.32646
2	122	0.979455
2	136	0.945248
2	138	0.966743
2	141	0.995294
2	143	0.997931
2	145	0.975328
2	149	0.899197
3	48	1.0572
3	55	1.03826
3	61	1.10765
3	85	1.07106
3	91	1.0552
3	95	1.0543
3	99	1.10429
3	107	1.25736
3	156	0.971291
3	159	1.09175
3	164	1.0503
3	168	1.35101
4	9	0.936405
4	14	0.957639
4	18	0.837717
4	29	1.03003
4	34	1.00612
4	52	0.985939
4	71	1.01548
4	103	1.20208
4	129	1.9637
4	157	0.945486
4	159	1.00921
4	161	0.922586
5	8	1.09493
5	22	0.988227
5	24	0.998132
5	55	0.922354
5	61	0.991744
5	85	0.955151
5	91	0.939287
5	95	0.938388
5	99	0.98838
5	144	1.95289
5	159	0.97584
5	164	0.934393
6	93	0.956436
6	96	1.01813
6	112	0.945306
6	136	0.941185
6	138	0.96268
6	141	0.991232
6	143	0.993868
6	145	0.971266
6	147	0.894626
6	149	0.895134
6	169	0.918435
6	170	2.41844
7	10	0.945028
7	39	0.918096
7	46	0.979358
7	63	1.77002
7	74	0.940172
7	81	0.993573
7	102	1.0068
7	106	0.993155
7	109	1.03963
7	165	1.39866
7	166	0.897735
7	171	0.914209
8	5	1.09493
8	41	1.17779
8	63	1.09547
8	96	0.178374
8	110	0.450852
8	160	1.13136
8	172	1.05433
8	173	1.00983
8	177	1.06265
8	178	1.01588
8	179	1.03367
8	180	1.00741
9	4	0.936405
9	11	1.04028
9	14	0.933831
9	34	0.982317
9	52	0.962132
9	71	0.99167
9	133	0.970726
9	157	0.921679
9	158	1.02572
9	159	0.985403
9	161	0.898779
9	170	2.25974
10	7	0.945028
10	39	0.916499
10	68	0.953249
10	81	0.991976
10	102	1.00521
10	104	0.947397
10	106	0.991558
10	109	1.03803
10	114	1.27769
10	166	0.896138
10	170	2.12173
10	171	0.912612
11	9	1.04028
11	18	0.941596
11	29	1.1339
11	34	1.11
11	52	1.08982
11	71	1.11936
11	144	0.976522
11	149	1.47277
11	157	1.04937
11	159	1.11309
11	161	1.02647
11	162	1.12034
12	19	0.910398
12	23	1.00778
12	33	0.986887
12	38	0.986338
12	60	1.03954
12	120	0.649186
12	149	0.905177
12	157	0.930931
12	159	0.994655
12	162	0.934065
12	169	0.928477
12	175	2.63165
13	21	0.922825
13	43	0.985219
13	49	1.0092
13	54	1.06355
13	67	1.06306
13	69	1.03053
13	115	1.37833
13	149	1.82829
13	165	0.919582
13	166	0.886498
13	170	0.850424
13	171	0.902972
14	4	0.957639
14	9	0.933831
14	18	0.835143
14	29	1.02745
14	52	0.983366
14	71	1.0129
14	133	0.991959
14	142	0.901269
14	157	0.942912
14	159	1.00664
14	161	0.920012
14	178	2.44394
15	33	0.45013
15	47	1.08729
15	71	1.03152
15	97	0.987259
15	138	1.00332
15	145	1.0119
15	159	1.02525
15	161	0.938624
15	177	0.932931
15	178	0.886167
15	179	0.903949
15	180	0.877696
16	17	2.4
16	41	0.751181
16	83	0.999242
16	112	1.0547
16	122	1.08479
16	136	1.05058
16	138	1.07207
16	141	1.10063
16	143	1.10326
16	145	1.08066
16	164	1.05256
16	176	1.04325
17	16	2.4
17	70	0.931141
17	87	0.944299
17	105	0.920666
17	125	0.902624
17	126	0.914597
17	165	0.867165
17	170	0.798007
17	171	0.850555
17	177	0.846445
17	178	0.799681
17	180	0.79121
18	4	0.837717
18	11	0.941596
18	14	0.835143
18	29	0.90753
18	34	0.883628
18	52	0.863444
18	71	0.892982
18	101	0.858957
18	133	0.872038
18	157	0.82299
18	159	0.886715
18	161	0.80009
18	165	2.97387
19	12	0.910398
19	23	0.987079
19	31	0.987954
19	33	0.966184
19	38	0.965635
19	60	1.01884
19	149	0.884473
19	150	1.84389
19	157	0.910227
19	159	0.973951
19	162	0.913361
19	165	1.53316
19	169	0.907774
20	86	0.851475
20	96	1.04561
20	124	1.06262
20	147	1.01576
20	151	0.927325
20	156	0.997399
20	174	0.904865
20	175	0.909502
20	176	0.929307
20	177	0.945194
20	178	0.89843
20	179	0.916213
20	180	0.889959
21	13	0.922825
21	43	0.983893
21	49	1.00788
21	54	1.06222
21	67	1.06173
21	69	1.0292
21	156	1.57683
21	162	1.62245
21	165	0.918257
21	166	0.885172
21	170	0.849098
21	171	0.901646
22	5	0.988227
22	24	1.09289
22	53	1.03072
22	55	1.01711
22	61	1.0865
22	85	1.04991
22	91	1.03404
22	95	1.03314
22	99	1.08313
22	124	1.0458
22	128	1.27371
22	163	1.40486
22	164	1.02915
23	12	1.00778
23	19	0.987079
23	31	1.08534
23	33	1.06357
23	38	1.06302
23	60	1.11622
23	134	1.57565
23	154	0.478175
23	157	1.00761
23	159	1.07134
23	162	1.01075
23	169	1.00516
23	174	2.02005
24	5	0.998132
24	22	1.09289
24	48	1.04595
24	53	1.04063
24	85	1.05981
24	87	0.842491
24	91	1.04395
24	95	1.04305
24	99	1.09304
24	135	0.972114
24	139	1.82448
24	158	1.15342
24	164	1.03905
25	90	1.02156
25	96	1.08883
25	97	1.01733
25	100	1.01383
25	122	1.0461
25	129	1.28203
25	136	1.01189
25	138	1.03338
25	141	1.06194
25	143	1.06457
25	145	1.04197
25	165	0.981775
25	177	1.50691
26	36	1.11839
26	80	0.87428
26	100	0.998071
26	134	0.93997
26	154	0.965074
26	156	0.999447
26	158	1.00157
26	167	0.960915
26	174	0.906913
26	175	0.911549
26	178	0.900478
26	179	0.91826
26	180	0.892007
27	63	1.42998
27	82	1.05391
27	88	1.04871
27	94	1.05054
27	105	1.0566
27	110	1.0332
27	120	0.774599
27	125	1.03856
27	127	1.04194
27	140	1.04459
27	164	1.03325
27	165	1.0031
27	177	1.58376
28	45	1.04737
28	76	1.07716
28	82	1.05973
28	89	1.04288
28	105	1.06242
28	108	1.05623
28	118	1.02399
28	125	1.04438
28	132	1.03827
28	140	1.0504
28	148	2.07099
28	156	0.782624
28	170	0.939761
29	4	1.03003
29	11	1.1339
29	14	1.02745
29	18	0.90753
29	34	1.07594
29	52	1.05575
29	71	1.08529
29	142	1.50209
29	157	1.0153
29	159	1.07902
29	161	0.992399
29	165	0.902147
29	168	1.41582
30	95	0.808523
30	99	0.858515
30	122	0.836756
30	128	0.87428
30	131	0.816912
30	142	0.777025
30	143	0.855232
30	145	0.832629
30	164	0.804528
30	178	0.706894
30	179	0.724677
30	180	0.698423
31	19	0.987954
31	23	1.08534
31	33	1.06444
31	38	1.06389
31	41	0.896505
31	60	1.1171
31	135	1.36548
31	139	1.58213
31	149	0.982733
31	157	1.00849
31	159	1.07221
31	162	1.01162
31	169	1.00603
32	50	0.955231
32	66	0.933619
32	68	0.929225
32	74	0.91455
32	80	0.970025
32	81	0.967952
32	87	1.06326
32	102	0.981181
32	104	0.923373
32	106	0.967534
32	109	1.01401
32	166	0.872114
32	179	2.32524
33	12	0.986887
33	15	0.45013
33	19	0.966184
33	23	1.06357
33	31	1.06444
33	38	1.04212
33	60	1.09533
33	139	1.52117
33	149	0.960962
33	157	0.986716
33	159	1.05044
33	162	0.98985
33	166	1.7381
33	169	0.984263
34	4	1.00612
34	9	0.982317
34	11	1.11
34	18	0.883628
34	29	1.07594
34	52	1.03185
34	71	1.06139
34	101	1.02736
34	157	0.991398
34	159	1.05512
34	160	1.06991
34	161	0.968498
34	163	1.01752
34	172	1.93208
35	42	1.02824
35	73	0.984239
35	83	0.959681
35	90	1.02069
35	93	1.02627
35	112	1.01514
35	113	1.23348
35	136	1.01102
35	141	1.06107
35	143	1.0637
35	145	1.0411
35	154	1.62513
35	163	1.19158
35	164	1.013
36	26	1.11839
36	58	1.00782
36	83	0.955295
36	93	1.02188
36	112	1.01075
36	116	1.16807
36	122	1.04084
36	136	1.00663
36	138	1.02813
36	141	1.05668
36	143	1.05932
36	145	1.03671
36	163	1.2846
36	169	0.983882
37	113	0.854806
37	147	0.867612
37	150	0.827576
37	154	0.814874
37	158	0.851369
37	166	0.784678
37	167	0.810716
37	174	0.756713
37	175	0.76135
37	177	0.797042
37	178	0.750278
37	179	0.768061
37	180	0.741807
38	12	0.986338
38	19	0.965635
38	23	1.06302
38	31	1.06389
38	33	1.04212
38	60	1.09478
38	121	0.794791
38	137	1.21621
38	149	0.960414
38	157	0.986167
38	159	1.04989
38	162	0.989301
38	169	0.983714
38	176	2.05137
39	7	0.918096
39	10	0.916499
39	56	0.934347
39	66	0.930711
39	80	0.967117
39	102	0.978273
39	104	0.920465
39	106	0.964626
39	109	1.0111
39	142	0.904937
39	157	1.71937
39	166	0.869206
39	169	1.95201
39	171	0.88568
40	79	0.144274
40	109	0.487384
40	123	0.803811
40	151	1.02157
40	153	1.09754
40	172	1.03113
40	173	0.986624
40	174	0.999115
40	175	1.00375
40	176	1.02356
40	177	1.03944
40	178	0.99268
40	179	1.01046
40	180	0.984209
41	8	1.17779
41	16	0.751181
41	31	0.896505
41	135	0.972644
41	139	0.991384
41	144	1.06334
41	159	0.924498
41	163	1.03795
41	166	0.976347
41	168	1.00656
41	173	0.935892
41	177	0.988712
41	178	0.941948
41	179	0.95973
41	180	0.933477
42	35	1.02824
42	58	0.989769
42	78	1.09961
42	83	0.937242
42	90	0.998253
42	97	0.994018
42	120	1.52015
42	124	1.4413
42	136	0.98858
42	138	1.01007
42	141	1.03863
42	143	1.04126
42	145	1.01866
42	164	0.99056
42	169	0.965829
43	13	0.985219
43	21	0.983893
43	49	1.07027
43	54	1.12461
43	67	1.12412
43	69	1.0916
43	103	1.02698
43	121	1.27931
43	131	1.02318
43	162	1.66792
43	165	0.98065
43	166	0.947565
43	170	0.911492
43	171	0.964039
44	79	1.01747
44	82	1.00797
44	94	1.00459
44	105	1.01066
44	123	1.00782
44	125	0.992617
44	127	0.995999
44	132	0.986507
44	133	1.01408
44	135	1.6648
44	140	0.998641
44	150	1.17161
44	161	1.42045
44	162	0.968164
44	164	0.987307
45	28	1.04737
45	76	1.0217
45	77	1.04289
45	79	1.01378
45	94	1.00089
45	113	1.48582
45	123	1.00412
45	125	0.98892
45	126	1.00089
45	130	1.28374
45	132	0.982811
45	133	1.01038
45	140	0.994945
45	147	1.50744
45	170	0.884303
46	7	0.979358
46	50	1.01358
46	56	0.995609
46	68	0.987579
46	80	1.02838
46	101	1.00739
46	102	1.03954
46	104	0.981727
46	106	1.02589
46	109	1.07236
46	166	0.930468
46	167	0.592916
46	171	0.946942
46	173	1.8288
46	180	2.08924
47	15	1.08729
47	77	1.04749
47	89	0.992025
47	94	1.0055
47	98	1.05927
47	108	1.00537
47	115	1.21982
47	123	1.00873
47	125	0.993522
47	126	1.00549
47	127	0.996904
47	132	0.987413
47	140	0.999546
47	155	1.53337
47	170	0.888904
48	3	1.0572
48	24	1.04595
48	53	0.983785
48	55	0.970174
48	59	1.22082
48	61	1.03956
48	85	1.00297
48	91	0.987107
48	95	0.986208
48	99	1.0362
48	133	0.806313
48	135	0.915274
48	148	2.14671
48	159	1.02366
48	164	0.982213
49	13	1.0092
49	21	1.00788
49	43	1.07027
49	54	1.1486
49	67	1.14811
49	69	1.11558
49	117	0.662076
49	152	1.15391
49	165	1.00463
49	166	0.97155
49	170	0.935476
49	171	0.988024
49	179	2.03369
50	32	0.955231
50	46	1.01358
50	56	0.997103
50	74	0.974398
50	80	1.02987
50	81	1.0278
50	100	1.32519
50	102	1.04103
50	104	0.983221
50	106	1.02738
50	109	1.07386
50	117	1.38693
50	147	1.5177
50	166	0.931962
50	171	0.948436
51	92	0.156025
51	122	1.09927
51	154	1.02278
51	159	0.426029
51	160	1.07366
51	165	1.02567
51	166	0.992582
51	167	1.01862
51	172	0.996633
51	175	0.969254
51	176	0.989059
51	177	1.00495
51	178	0.958182
51	179	0.975965
51	180	0.949711
52	4	0.985939
52	9	0.962132
52	11	1.08982
52	14	0.983366
52	18	0.863444
52	29	1.05575
52	34	1.03185
52	71	1.0412
52	115	0.948799
52	133	1.02026
52	157	0.971213
52	159	1.03494
52	161	0.948313
52	171	1.58646
52	172	1.77749
53	22	1.03072
53	24	1.04063
53	48	0.983785
53	55	0.964847
53	85	0.997644
53	91	0.981781
53	92	1.01637
53	95	0.980881
53	99	1.03087
53	121	1.14377
53	131	0.989271
53	158	1.7023
53	159	1.01833
53	164	0.976887
53	165	1.3528
54	13	1.06355
54	21	1.06222
54	43	1.12461
54	49	1.1486
54	57	0.572168
54	67	1.20245
54	69	1.16993
54	131	1.10151
54	148	1.82216
54	158	0.749348
54	165	1.05898
54	166	1.02589
54	170	0.989819
54	171	1.04237
54	179	1.7004
55	3	1.03826
55	5	0.922354
55	22	1.01711
55	48	0.970174
55	53	0.964847
55	61	1.02063
55	85	0.984032
55	91	0.968169
55	95	0.96727
55	99	1.01726
55	129	1.15191
55	131	0.975659
55	139	1.87222
55	142	1.4516
55	159	1.00472
55	164	0.963275
56	39	0.934347
56	46	0.995609
56	50	0.997103
56	66	0.975491
56	68	0.971097
56	74	0.956423
56	80	1.0119
56	81	1.00982
56	102	1.02305
56	104	0.965245
56	106	1.00941
56	109	1.05588
56	116	1.18482
56	133	1.38708
56	149	1.83717
56	166	0.913986
57	54	0.572168
57	80	0.918362
57	99	1.01519
57	150	1.02658
57	155	1.01501
57	158	1.05037
57	167	1.00972
57	172	0.98773
57	173	0.943224
57	174	0.955714
57	175	0.960351
57	176	0.980156
57	177	0.996043
57	178	0.949279
57	179	0.967062
57	180	0.940808
58	36	1.00782
58	42	0.989769
58	64	1.54451
58	86	1.00702
58	90	0.982216
58	112	0.976664
58	122	1.00675
58	133	1.37299
58	136	0.972543
58	138	0.994038
58	143	1.02523
58	145	1.00262
58	149	0.926492
58	161	0.929346
58	162	1.47065
58	164	0.974523
59	48	1.22082
59	63	0.946033
59	132	1.62419
59	147	0.983777
59	150	0.943741
59	153	0.971307
59	167	0.926881
59	168	0.931059
59	172	0.904894
59	174	0.872878
59	175	0.877515
59	176	0.89732
59	177	0.913207
59	178	0.866443
59	179	0.884226
59	180	0.857972
60	12	1.03954
60	19	1.01884
60	23	1.11622
60	31	1.1171
60	33	1.09533
60	38	1.09478
60	100	1.06161
60	115	1.01447
60	135	1.73634
60	137	1.14481
60	149	1.01362
60	157	1.03937
60	159	1.1031
60	162	1.04251
60	165	0.932423
60	169	1.03692
61	3	1.10765
61	5	0.991744
61	22	1.0865
61	48	1.03956
61	55	1.02063
61	85	1.05342
61	91	1.03756
61	92	1.07215
61	95	1.03666
61	99	1.08665
61	130	0.737629
61	133	0.6043
61	135	0.965727
61	159	1.07411
61	164	1.03267
61	166	1.75988
61	174	2.494
62	77	0.790821
62	104	0.623387
62	117	1.06333
62	135	0.955115
62	140	0.584407
62	152	1.03079
62	153	1.02928
62	154	0.989016
62	156	1.02339
62	160	1.03989
62	174	0.930855
62	175	0.935491
62	176	0.955297
62	177	0.971184
62	179	0.942202
62	180	0.915949
63	7	1.77002
63	8	1.09547
63	27	1.42998
63	59	0.946033
63	114	0.96439
63	150	0.936933
63	154	0.924231
63	167	0.920073
63	172	0.898086
63	173	0.853579
63	174	0.86607
63	176	0.890512
63	177	0.906399
63	178	0.859635
63	179	0.877418
63	180	0.851164
64	58	1.54451
64	104	1.23926
64	120	1.03646
64	130	1.00078
64	137	0.958555
64	148	0.886766
64	151	0.888973
64	160	0.975554
64	166	0.894478
64	172	0.898529
64	174	0.866514
64	176	0.890956
64	177	0.906843
64	178	0.860079
64	179	0.877861
64	180	0.851608
65	96	1.32394
65	115	0.989967
65	120	1.02478
65	126	1.38386
65	129	0.927798
65	148	0.875091
65	151	0.877298
65	153	0.953267
65	158	0.949494
65	168	0.913019
65	171	0.899277
65	172	0.886854
65	175	0.859475
65	176	0.87928
65	178	0.848403
65	179	0.866186
65	180	0.839932
66	32	0.933619
66	39	0.930711
66	56	0.975491
66	68	0.96746
66	74	0.952786
66	75	3.6
66	80	1.00826
66	81	1.00619
66	102	1.01942
66	104	0.961608
66	106	1.00577
66	109	1.05225
66	142	0.94608
66	166	0.910349
66	169	0.513613
66	171	0.926823
66	174	1.23944
67	13	1.06306
67	21	1.06173
67	43	1.12412
67	49	1.14811
67	54	1.20245
67	69	1.16944
67	128	0.676965
67	131	1.10102
67	149	1.34393
67	155	1.20753
67	161	1.37149
67	165	1.05849
67	166	1.0254
67	170	0.98933
67	171	1.04188
68	10	0.953249
68	32	0.929225
68	46	0.987579
68	56	0.971097
68	66	0.96746
68	74	0.948392
68	80	1.00387
68	101	0.982879
68	102	1.01502
68	104	0.957215
68	106	1.00138
68	109	1.04785
68	154	1.57642
68	157	1.40379
68	166	0.905955
68	168	1.66035
68	171	0.922429
69	13	1.03053
69	21	1.0292
69	43	1.0916
69	49	1.11558
69	54	1.16993
69	67	1.16944
69	70	0.534491
69	78	1.11985
69	114	0.899177
69	131	1.0685
69	165	1.02596
69	166	0.992877
69	170	0.956803
69	171	1.00935
69	178	2.30232
69	179	1.46025
70	2	1.98527
70	17	0.931141
70	69	0.534491
70	105	0.575728
70	117	1.05041
70	118	1.00958
70	146	1.05641
70	154	0.976101
70	163	1.00751
70	168	0.976121
70	172	0.949956
70	173	0.905449
70	174	0.91794
70	175	0.922577
70	176	0.942382
70	178	0.911505
70	179	0.929288
70	180	0.903034
71	4	1.01548
71	9	0.99167
71	11	1.11936
71	14	1.0129
71	15	1.03152
71	18	0.892982
71	29	1.08529
71	34	1.06139
71	52	1.0412
71	101	1.03672
71	133	1.0498
71	153	0.537548
71	157	1.00075
71	159	1.06448
71	161	0.977851
71	169	0.705924
71	175	1.91462
71	178	2.3588
72	76	0.986659
72	94	0.965855
72	105	0.971923
72	108	0.965728
72	110	0.948524
72	123	0.969086
72	125	0.953881
72	126	0.965854
72	127	0.957264
72	132	0.947772
72	133	0.975342
72	140	0.959906
72	146	1.1713
72	156	1.26209
72	162	0.929429
72	164	0.948572
72	165	0.918422
72	179	2.42869
73	2	0.918467
73	35	0.984239
73	90	0.954247
73	96	1.02151
73	97	0.950012
73	112	0.948694
73	122	0.978781
73	130	1.14202
73	131	0.958938
73	136	0.944574
73	138	0.966069
73	141	0.99462
73	143	0.997257
73	145	0.974654
73	149	0.898523
73	161	0.901377
73	163	1.3022
73	176	2.35357
74	7	0.940172
74	32	0.91455
74	50	0.974398
74	56	0.956423
74	66	0.952786
74	68	0.948392
74	78	1.01826
74	80	0.989192
74	81	0.98712
74	100	1.5591
74	102	1.00035
74	104	0.94254
74	109	1.03318
74	113	1.72999
74	130	1.52791
74	142	0.927012
74	166	0.891281
74	171	0.907755
75	66	3.6
75	77	0.930124
75	123	0.891356
75	132	0.870043
75	136	0.868863
75	140	0.882176
75	142	0.843339
75	143	0.921546
75	145	0.898943
75	148	0.799896
75	150	0.850506
75	162	0.8517
75	169	0.846113
75	173	0.767153
75	175	0.78428
75	176	0.804086
75	179	0.790991
75	180	0.764738
76	1	1.09273
76	28	1.07716
76	45	1.0217
76	72	0.986659
76	89	1.01721
76	108	1.03056
76	111	1.54311
76	118	1.31483
76	123	1.03391
76	125	1.01871
76	126	1.03068
76	127	1.02209
76	132	1.0126
76	140	1.02473
76	144	0.975265
76	162	0.994257
76	164	1.0134
76	168	1.45318
77	45	1.04289
77	47	1.04749
77	62	0.790821
77	75	0.930124
77	82	1.05526
77	103	0.691889
77	105	1.05795
77	110	1.03455
77	123	1.05511
77	125	1.0399
77	126	1.05188
77	127	1.04329
77	132	1.0338
77	140	1.04593
77	146	1.19641
77	151	2.12901
77	165	1.00445
77	170	0.935287
78	42	1.09961
78	69	1.11985
78	74	1.01826
78	81	1.07166
78	104	1.02708
78	106	1.07124
78	108	0.587843
78	109	1.11772
78	112	0.588707
78	132	0.423212
78	137	1.0399
78	165	1.0089
78	166	0.97582
78	170	0.939746
78	171	0.992294
78	173	0.935365
78	174	0.947855
78	176	0.972297
78	180	0.932949
79	40	0.144274
79	44	1.01747
79	45	1.01378
79	82	1.02614
79	89	1.00929
79	94	1.02276
79	98	1.07654
79	108	1.02264
79	110	1.00543
79	123	1.02599
79	125	1.01079
79	126	1.02276
79	127	1.01417
79	132	1.00468
79	140	1.01681
79	152	0.834176
79	170	0.906171
79	173	2.74917
79	176	1.46095
80	26	0.87428
80	32	0.970025
80	39	0.967117
80	46	1.02838
80	50	1.02987
80	56	1.0119
80	57	0.918362
80	66	1.00826
80	68	1.00387
80	74	0.989192
80	81	1.04259
80	102	1.05582
80	104	0.998015
80	106	1.04218
80	109	1.08865
80	142	0.982486
80	150	1.35504
80	169	1.53406
80	171	0.963229
81	7	0.993573
81	10	0.991976
81	32	0.967952
81	50	1.0278
81	56	1.00982
81	66	1.00619
81	74	0.98712
81	78	1.07166
81	80	1.04259
81	102	1.05375
81	104	0.995942
81	106	1.0401
81	109	1.08658
81	165	0.725164
81	166	0.944683
81	167	1.41903
81	171	0.961157
81	172	1.2299
81	173	2.65492
82	27	1.05391
82	28	1.05973
82	44	1.00797
82	77	1.05526
82	79	1.02614
82	88	1.01143
82	89	0.999786
82	98	1.06703
82	108	1.01313
82	110	0.995926
82	117	1.05985
82	125	1.00128
82	126	1.01326
82	132	0.995174
82	140	1.00731
82	147	1.19062
82	169	1.62066
82	170	0.896666
82	177	1.65605
83	16	0.999242
83	35	0.959681
83	36	0.955295
83	42	0.937242
83	86	0.954489
83	93	0.935267
83	96	0.996956
83	114	1.96411
83	118	1.59996
83	122	0.954223
83	131	0.93438
83	136	0.920016
83	138	0.941511
83	141	0.970063
83	143	0.972699
83	145	0.950097
83	154	1.65438
83	164	0.921996
83	169	0.897266
84	89	0.729494
84	108	0.917803
84	141	0.268887
84	143	0.201424
84	147	1.07999
84	152	1.06902
84	155	1.02839
84	158	1.06375
84	160	1.07813
84	166	0.997055
84	171	1.01353
84	172	1.00111
84	173	0.956599
84	174	0.96909
84	175	0.973727
84	176	0.993532
84	177	1.00942
84	179	0.980438
84	180	0.954184
85	3	1.07106
85	5	0.955151
85	22	1.04991
85	24	1.05981
85	48	1.00297
85	53	0.997644
85	55	0.984032
85	61	1.05342
85	91	1.00097
85	95	1.00007
85	99	1.05006
85	119	1.19652
85	131	1.00846
85	135	0.929133
85	137	1.33402
85	155	1.51723
85	157	1.37874
85	159	1.03752
85	164	0.996072
86	2	0.979721
86	20	0.851475
86	58	1.00702
86	83	0.954489
86	90	1.0155
86	97	1.01126
86	112	1.00995
86	119	0.881323
86	122	1.04003
86	131	1.02019
86	136	1.00583
86	138	1.02732
86	141	1.05587
86	143	1.05851
86	145	1.03591
86	149	0.959776
86	152	1.22721
86	164	1.00781
86	179	2.10699
87	17	0.944299
87	24	0.842491
87	32	1.06326
87	108	1.33098
87	148	0.951351
87	155	0.990398
87	156	1.02363
87	163	1.02067
87	168	0.989279
87	172	0.963114
87	173	0.918607
87	174	0.931098
87	175	0.935734
87	176	0.95554
87	177	0.971427
87	178	0.924663
87	179	0.942445
87	180	0.916192
88	27	1.04871
88	82	1.01143
88	94	1.00805
88	98	1.06183
88	100	0.707382
88	105	1.01412
88	108	1.00792
88	110	0.990719
88	123	1.01128
88	126	1.00805
88	127	0.999459
88	132	0.989967
88	140	1.0021
88	151	1.81594
88	152	1.26096
88	162	0.971624
88	164	0.990767
88	165	0.960617
88	170	0.891459
88	176	1.88773
89	28	1.04288
89	47	0.992025
89	76	1.01721
89	79	1.00929
89	82	0.999786
89	84	0.729494
89	98	1.05018
89	108	0.996282
89	110	0.979077
89	123	0.999639
89	126	0.996407
89	127	0.987817
89	132	0.978326
89	133	1.0059
89	140	0.990459
89	146	1.14726
89	153	1.42546
89	164	0.979126
89	165	0.948976
89	172	2.01484
90	25	1.02156
90	35	1.02069
90	42	0.998253
90	58	0.982216
90	73	0.954247
90	86	1.0155
90	93	0.996278
90	112	0.985148
90	122	1.01523
90	130	0.696058
90	133	0.941968
90	136	0.981027
90	138	1.00252
90	141	1.03107
90	143	1.03371
90	145	1.01111
90	151	1.83581
90	164	0.983007
90	169	0.958277
90	179	2.1606
91	3	1.0552
91	5	0.939287
91	22	1.03404
91	24	1.04395
91	48	0.987107
91	53	0.981781
91	55	0.968169
91	61	1.03756
91	85	1.00097
91	92	1.01969
91	95	0.984203
91	99	1.03419
91	101	0.6038
91	131	0.992592
91	135	0.913269
91	159	1.02166
91	164	0.980208
91	166	1.48614
91	171	0.968369
91	180	2.84485
92	51	0.156025
92	53	1.01637
92	61	1.07215
92	91	1.01969
92	95	1.01879
92	99	1.06878
92	114	1.05902
92	123	1.03531
92	126	1.03208
92	127	1.02349
92	140	1.02613
92	157	0.992521
92	159	1.05625
92	162	0.995655
92	164	1.0148
92	169	0.990068
92	172	1.23029
92	173	2.65532
93	2	0.960498
93	6	0.956436
93	35	1.02627
93	36	1.02188
93	83	0.935267
93	90	0.996278
93	96	1.06354
93	97	0.992043
93	112	0.990726
93	122	1.02081
93	138	1.0081
93	141	1.03665
93	143	1.03929
93	145	1.01669
93	160	0.972876
93	161	0.943408
93	162	1.10388
93	164	0.988585
93	171	1.64402
93	176	1.97185
94	27	1.05054
94	44	1.00459
94	45	1.00089
94	47	1.0055
94	72	0.965855
94	79	1.02276
94	88	1.00805
94	108	1.00975
94	110	0.992548
94	117	1.03103
94	123	1.01311
94	125	0.997906
94	126	1.00988
94	127	1.00129
94	129	1.40236
94	132	0.991796
94	140	1.00393
94	161	1.66167
94	169	1.59185
94	170	0.893288
95	3	1.0543
95	5	0.938388
95	22	1.03314
95	24	1.04305
95	30	0.808523
95	48	0.986208
95	53	0.980881
95	55	0.96727
95	61	1.03666
95	85	1.00007
95	91	0.984203
95	92	1.01879
95	99	1.0333
95	124	0.970604
95	131	0.991693
95	135	0.91237
95	154	1.76321
95	155	1.72908
95	159	1.02076
95	160	1.38205
95	164	0.979309
96	6	1.01813
96	8	0.178374
96	20	1.04561
96	25	1.08883
96	65	1.32394
96	73	1.02151
96	83	0.996956
96	93	1.06354
96	112	1.05241
96	122	1.0825
96	135	0.983335
96	136	1.04829
96	138	1.06979
96	141	1.09834
96	142	1.02277
96	143	1.10098
96	145	1.07837
96	152	1.42135
96	160	1.04915
96	161	1.0051
96	164	1.05027
97	15	0.987259
97	25	1.01733
97	42	0.994018
97	73	0.950012
97	86	1.01126
97	93	0.992043
97	101	1.56059
97	112	0.980913
97	122	1.011
97	124	0.842564
97	133	1.28735
97	136	0.976792
97	138	0.998287
97	141	1.02684
97	143	1.02948
97	145	1.00687
97	149	0.930741
97	161	0.933595
97	164	0.978772
97	169	0.954042
97	176	2.25298
98	47	1.05927
98	79	1.07654
98	82	1.06703
98	88	1.06183
98	89	1.05018
98	105	1.06972
98	110	1.04632
98	123	1.06689
98	125	1.05168
98	126	1.06365
98	127	1.05506
98	132	1.04557
98	135	1.63338
98	140	1.05771
98	144	0.865221
98	153	1.15083
98	161	1.38903
98	162	1.02723
98	165	1.01622
98	169	1.31921
98	170	0.947064
99	3	1.10429
99	5	0.98838
99	22	1.08313
99	24	1.09304
99	30	0.858515
99	48	1.0362
99	53	1.03087
99	55	1.01726
99	57	1.01519
99	61	1.08665
99	85	1.05006
99	91	1.03419
99	92	1.06878
99	95	1.0333
99	100	1.00833
99	120	0.857113
99	131	1.04168
99	135	0.962362
99	156	1.27508
99	159	1.07075
99	164	1.0293
99	171	1.86085
100	25	1.01383
100	26	0.998071
100	50	1.32519
100	60	1.06161
100	74	1.5591
100	88	0.707382
100	99	1.00833
100	136	0.973293
100	141	1.02334
100	142	0.947769
100	143	1.02598
100	145	1.00337
100	148	0.904327
100	149	0.927242
100	156	0.976608
100	157	0.952996
100	159	1.01672
100	162	0.95613
100	168	0.942255
100	169	0.950543
100	175	0.888711
100	177	0.924403
100	180	0.869168
101	18	0.858957
101	34	1.02736
101	46	1.00739
101	68	0.982879
101	71	1.03672
101	91	0.6038
101	97	1.56059
101	102	1.03484
101	104	0.977028
101	105	0.556094
101	106	1.02119
101	119	1.02374
101	143	0.931176
101	147	1.0087
101	157	0.966726
101	159	1.03045
101	161	0.943826
101	171	0.942242
101	172	0.92982
101	175	0.90244
101	178	0.891369
101	179	0.909151
101	180	0.882898
102	7	1.0068
102	10	1.00521
102	32	0.981181
102	39	0.978273
102	46	1.03954
102	50	1.04103
102	56	1.02305
102	66	1.01942
102	68	1.01502
102	74	1.00035
102	80	1.05582
102	81	1.05375
102	101	1.03484
102	104	1.00917
102	106	1.05333
102	109	1.09981
102	142	0.993643
102	147	1.13708
102	156	1.21132
102	160	1.12594
102	168	1.59104
102	171	0.974386
102	177	1.60251
103	4	1.20208
103	43	1.02698
103	77	0.691889
103	111	1.0365
103	113	1.07905
103	114	1.07928
103	122	0.801437
103	139	1.02396
103	151	1.00342
103	155	1.04026
103	158	1.07561
103	163	1.07052
103	164	0.0430776
103	168	1.03914
103	169	1.04743
103	173	0.968466
103	174	0.980957
103	175	0.985593
103	176	1.0054
103	177	1.02129
103	178	0.974522
103	179	0.992304
103	180	0.966051
104	10	0.947397
104	32	0.923373
104	39	0.920465
104	46	0.981727
104	50	0.983221
104	56	0.965245
104	62	0.623387
104	64	1.23926
104	66	0.961608
104	68	0.957215
104	74	0.94254
104	78	1.02708
104	80	0.998015
104	81	0.995942
104	101	0.977028
104	102	1.00917
104	106	0.995524
104	109	1.042
104	142	0.935834
104	149	1.51783
104	166	0.900104
104	167	2.0857
104	171	0.916577
105	1	1.078
105	17	0.920666
105	27	1.0566
105	28	1.06242
105	44	1.01066
105	70	0.575728
105	72	0.971923
105	77	1.05795
105	88	1.01412
105	98	1.06972
105	101	0.556094
105	108	1.01582
105	126	1.01595
105	127	1.00736
105	132	0.997865
105	133	1.02543
105	134	1.72815
105	140	1.01
105	158	0.550442
105	162	0.979522
105	164	0.998665
105	165	0.968515
105	170	0.899356
105	180	2.79715
106	7	0.993155
106	10	0.991558
106	32	0.967534
106	39	0.964626
106	46	1.02589
106	50	1.02738
106	56	1.00941
106	66	1.00577
106	68	1.00138
106	78	1.07124
106	80	1.04218
106	81	1.0401
106	101	1.02119
106	102	1.05333
106	104	0.995524
106	109	1.08616
106	142	0.979996
106	150	0.994322
106	153	1.00496
106	166	0.944265
106	167	1.78347
106	168	1.19726
106	171	0.960739
106	179	1.98414
107	3	1.25736
107	111	0.91546
107	116	0.989741
107	130	0.994179
107	132	1.54779
107	143	0.996038
107	144	0.97487
107	146	0.998385
107	150	0.93078
107	151	0.882376
107	156	0.952451
107	158	0.954572
107	160	0.968957
107	163	0.949484
107	168	0.918098
107	172	0.891932
107	173	0.847426
107	174	0.859917
107	175	0.864553
107	176	0.884359
107	177	0.900246
107	179	0.871264
107	180	0.845011
108	28	1.05623
108	47	1.00537
108	72	0.965728
108	76	1.03056
108	78	0.587843
108	79	1.02264
108	82	1.01313
108	84	0.917803
108	87	1.33098
108	88	1.00792
108	89	0.996282
108	94	1.00975
108	105	1.01582
108	110	0.992422
108	123	1.01298
108	125	0.997779
108	126	1.00975
108	127	1.00116
108	140	1.0038
108	158	1.6419
108	160	1.34098
108	162	0.973327
108	164	0.99247
108	165	0.96232
108	170	0.893162
109	7	1.03963
109	10	1.03803
109	32	1.01401
109	39	1.0111
109	40	0.487384
109	46	1.07236
109	50	1.07386
109	56	1.05588
109	66	1.05225
109	68	1.04785
109	74	1.03318
109	78	1.11772
109	80	1.08865
109	81	1.08658
109	102	1.09981
109	104	1.042
109	106	1.08616
109	115	0.83857
109	119	0.831404
109	120	0.472494
109	142	1.02647
109	166	0.990741
109	171	1.00721
109	172	1.66726
109	178	2.89913
110	1	1.0546
110	8	0.450852
110	27	1.0332
110	72	0.948524
110	77	1.03455
110	79	1.00543
110	82	0.995926
110	88	0.990719
110	89	0.979077
110	94	0.992548
110	98	1.04632
110	108	0.992422
110	111	1.87665
110	123	0.995779
110	125	0.980575
110	126	0.992547
110	132	0.974465
110	133	1.00204
110	140	0.986599
110	156	1.407
110	162	0.956122
110	163	1.26924
110	164	0.975265
110	165	0.945115
110	170	0.875957
110	177	1.79819
111	76	1.54311
111	103	1.0365
111	107	0.91546
111	110	1.87665
111	114	0.946779
111	133	0.966428
111	134	0.881516
111	146	0.986927
111	147	0.959358
111	152	0.948392
111	156	0.940993
111	158	0.943114
111	163	0.938026
111	164	1.10804
111	167	0.902461
111	171	0.892897
111	172	0.880474
111	173	0.835968
111	174	0.848459
111	175	0.853095
111	176	0.872901
111	177	0.888788
111	178	0.842024
111	179	0.859806
111	180	0.833553
112	6	0.945306
112	16	1.0547
112	35	1.01514
112	36	1.01075
112	58	0.976664
112	73	0.948694
112	78	0.588707
112	86	1.00995
112	90	0.985148
112	93	0.990726
112	96	1.05241
112	97	0.980913
112	122	1.00968
112	136	0.975475
112	138	0.99697
112	141	1.02552
112	142	0.949951
112	143	1.02816
112	145	1.00556
112	149	0.929424
112	153	1.61464
112	160	1.34184
112	161	0.932278
112	162	1.47284
112	169	0.952724
112	177	1.81841
113	35	1.23348
113	37	0.854806
113	45	1.48582
113	74	1.72999
113	103	1.07905
113	114	0.989328
113	117	1.02348
113	121	1.05456
113	145	0.168833
113	148	0.91126
113	150	0.961871
113	152	0.990942
113	154	0.949169
113	155	0.950308
113	158	0.985663
113	166	0.918972
113	167	0.94501
113	168	0.949189
113	170	0.882899
113	172	0.923023
113	175	0.895644
113	176	0.91545
113	177	0.931337
113	178	0.884573
113	179	0.902355
113	180	0.876102
114	10	1.27769
114	63	0.96439
114	69	0.899177
114	83	1.96411
114	92	1.05902
114	103	1.07928
114	111	0.946779
114	113	0.989328
114	115	1.02636
114	135	0.915496
114	144	1.00619
114	148	0.911488
114	150	0.962099
114	151	0.913695
114	154	0.949397
114	156	0.98377
114	160	1.00028
114	168	0.949417
114	172	0.923251
114	173	0.878745
114	174	0.891236
114	175	0.895872
114	177	0.931565
114	178	0.884801
114	179	0.902583
114	180	0.87633
115	13	1.37833
115	47	1.21982
115	52	0.948799
115	60	1.01447
115	65	0.989967
115	109	0.83857
115	114	1.02636
115	119	1.05398
115	139	0.971046
115	144	1.043
115	146	1.06651
115	150	0.998907
115	152	1.02798
115	153	1.02647
115	155	0.987344
115	158	1.0227
115	163	1.01761
115	170	0.919935
115	172	0.96006
115	173	0.915554
115	174	0.928045
115	175	0.932681
115	176	0.952487
115	177	0.968374
115	178	0.92161
115	179	0.939392
115	180	0.913139
116	36	1.16807
116	56	1.18482
116	107	0.989741
116	117	1.05521
116	125	0.459475
116	127	0.776123
116	128	1.08369
116	129	0.995699
116	133	1.04071
116	139	0.965741
116	143	0.455676
116	147	1.03364
116	151	0.945199
116	152	1.02267
116	154	0.9809
116	156	1.01527
116	160	1.03178
116	163	1.01231
116	167	0.976742
116	172	0.954755
116	173	0.910249
116	174	0.922739
116	175	0.927376
116	177	0.963068
116	178	0.916304
116	179	0.934087
116	180	0.907833
117	49	0.662076
117	50	1.38693
117	62	1.06333
117	70	1.05041
117	82	1.05985
117	94	1.03103
117	113	1.02348
117	116	1.05521
117	120	1.09533
117	127	0.825405
117	130	1.05965
117	134	0.958444
117	148	0.94564
117	150	0.99625
117	151	0.947846
117	155	0.984687
117	156	1.01792
117	168	0.983568
117	172	0.957402
117	173	0.912896
117	174	0.925387
117	175	0.930023
117	176	0.949829
117	177	0.965716
117	178	0.918952
117	179	0.936734
117	180	0.910481
118	28	1.02399
118	70	1.00958
118	76	1.31483
118	83	1.59996
118	120	1.0545
118	137	0.976597
118	141	1.01881
118	147	0.995455
118	148	0.904808
118	153	0.982985
118	154	0.942717
118	155	0.943856
118	156	0.97709
118	158	0.979211
118	160	0.993596
118	165	0.945605
118	168	0.942737
118	170	0.876446
118	172	0.916571
118	173	0.872065
118	174	0.884556
118	175	0.889192
118	176	0.908998
118	177	0.924885
118	178	0.878121
118	179	0.895903
118	180	0.86965
119	85	1.19652
119	86	0.881323
119	101	1.02374
119	109	0.831404
119	115	1.05398
119	124	1.07661
119	134	0.951909
119	136	1.02576
119	138	0.812706
119	139	0.961853
119	144	1.0338
119	146	1.05732
119	147	1.02975
119	148	0.939104
119	149	0.96202
119	150	0.989715
119	163	1.00842
119	167	0.972854
119	168	0.977033
119	172	0.950867
119	173	0.906361
119	174	0.918852
119	175	0.923488
119	176	0.943294
119	177	0.959181
119	178	0.912417
119	179	0.930199
119	180	0.903946
120	2	1.32646
120	12	0.649186
120	27	0.774599
120	42	1.52015
120	64	1.03646
120	65	1.02478
120	99	0.857113
120	109	0.472494
120	117	1.09533
120	118	1.0545
120	129	1.03582
120	144	1.07781
120	150	1.03372
120	152	1.06279
120	153	1.06129
120	154	1.02102
120	156	1.05539
120	158	1.05751
120	168	1.02104
120	172	0.994873
120	173	0.950367
120	174	0.962858
120	175	0.967494
120	176	0.9873
120	177	1.00319
120	178	0.956423
120	179	0.974205
120	180	0.947952
121	38	0.794791
121	43	1.27931
121	53	1.14377
121	113	1.05456
121	130	1.09073
121	138	0.528787
121	139	0.999465
121	143	0.366993
121	144	1.07142
121	146	1.09493
121	148	0.976716
121	150	1.02733
121	151	0.978923
121	154	1.01462
121	156	1.049
121	159	0.380524
121	160	1.0655
121	163	1.04603
121	167	1.01047
121	168	1.01464
121	172	0.988479
121	173	0.943973
121	174	0.956464
121	175	0.9611
121	176	0.980906
121	177	0.996793
121	178	0.950029
121	179	0.967811
121	180	0.941558
122	2	0.979455
122	16	1.08479
122	25	1.0461
122	30	0.836756
122	36	1.04084
122	51	1.09927
122	58	1.00675
122	73	0.978781
122	83	0.954223
122	86	1.04003
122	90	1.01523
122	93	1.02081
122	96	1.0825
122	97	1.011
122	103	0.801437
122	112	1.00968
122	128	1.12784
122	135	0.940603
122	136	1.00556
122	137	1.47519
122	138	1.02706
122	141	1.05561
122	142	0.980037
122	143	1.05824
122	145	1.03564
122	150	1.57353
122	161	0.962364
122	163	1.25899
122	164	1.00754
123	1	1.07516
123	40	0.803811
123	44	1.00782
123	45	1.00412
123	47	1.00873
123	72	0.969086
123	75	0.891356
123	76	1.03391
123	77	1.05511
123	79	1.02599
123	88	1.01128
123	89	0.999639
123	92	1.03531
123	94	1.01311
123	98	1.06689
123	108	1.01298
123	110	0.995779
123	125	1.00114
123	126	1.01311
123	127	1.00452
123	132	0.995027
123	140	1.00716
123	146	1.1161
123	153	1.39431
123	154	1.50268
123	162	0.976684
123	165	0.965677
123	169	1.56269
123	177	1.59808
124	20	1.06262
124	22	1.0458
124	42	1.4413
124	95	0.970604
124	97	0.842564
124	119	1.07661
124	127	0.533599
124	130	1.08493
124	131	0.282093
124	137	1.04271
124	148	0.970924
124	150	1.02153
124	151	0.973131
124	152	1.0506
124	154	1.00883
124	155	1.00997
124	156	1.04321
124	163	1.04024
124	167	1.00467
124	168	1.00885
124	170	0.942562
124	172	0.982687
124	173	0.93818
124	174	0.950671
124	175	0.955307
124	176	0.975113
124	177	0.991
124	178	0.944236
124	179	0.962019
124	180	0.935765
125	1	1.05996
125	17	0.902624
125	27	1.03856
125	28	1.04438
125	44	0.992617
125	45	0.98892
125	47	0.993522
125	72	0.953881
125	76	1.01871
125	77	1.0399
125	79	1.01079
125	82	1.00128
125	94	0.997906
125	98	1.05168
125	108	0.997779
125	110	0.980575
125	116	0.459475
125	123	1.00114
125	126	0.997905
125	127	0.989315
125	132	0.979823
125	133	1.00739
125	140	0.991956
125	146	0.622984
125	156	0.713771
125	164	0.980623
125	165	0.950473
125	172	1.49057
125	175	2.27826
125	178	2.72244
126	17	0.914597
126	45	1.00089
126	47	1.00549
126	65	1.38386
126	72	0.965854
126	76	1.03068
126	77	1.05188
126	79	1.02276
126	82	1.01326
126	88	1.00805
126	89	0.996407
126	92	1.03208
126	94	1.00988
126	98	1.06365
126	105	1.01595
126	108	1.00975
126	110	0.992547
126	123	1.01311
126	125	0.997905
126	127	1.00129
126	128	0.925537
126	132	0.991796
126	140	1.00393
126	144	1.09625
126	158	1.41
126	161	1.62007
126	162	0.973452
126	165	0.962445
126	168	1.57417
126	170	0.893287
127	1	1.06334
127	27	1.04194
127	44	0.995999
127	47	0.996904
127	72	0.957264
127	76	1.02209
127	77	1.04329
127	79	1.01417
127	88	0.999459
127	89	0.987817
127	92	1.02349
127	94	1.00129
127	98	1.05506
127	105	1.00736
127	108	1.00116
127	116	0.776123
127	117	0.825405
127	123	1.00452
127	124	0.533599
127	125	0.989315
127	126	1.00129
127	128	0.76151
127	132	0.983206
127	140	0.995339
127	162	0.964862
127	164	0.984005
127	165	0.953855
127	170	0.884697
127	171	1.61619
127	174	2.86809
128	22	1.27371
128	30	0.87428
128	67	0.676965
128	116	1.08369
128	122	1.12784
128	126	0.925537
128	127	0.76151
128	139	0.996868
128	140	0.811878
128	147	1.06477
128	148	0.974119
128	150	1.02473
128	153	1.0523
128	154	1.01203
128	155	1.01317
128	156	1.0464
128	157	1.02279
128	161	0.999888
128	162	1.02592
128	163	1.04343
128	167	1.00787
128	168	1.01205
128	172	0.985882
128	173	0.941376
128	174	0.953866
128	176	0.978308
128	177	0.994195
128	178	0.947431
128	179	0.965214
128	180	0.93896
129	4	1.9637
129	25	1.28203
129	55	1.15191
129	65	0.927798
129	94	1.40236
129	116	0.995699
129	120	1.03582
129	130	1.00014
129	134	0.898933
129	144	0.980828
129	146	1.00434
129	147	0.976774
129	148	0.886128
129	150	0.936738
129	153	0.964304
129	154	0.924037
129	160	0.974916
129	163	0.955442
129	165	0.926925
129	167	0.919878
129	172	0.897891
129	173	0.853385
129	174	0.865876
129	175	0.870512
129	176	0.890318
129	177	0.906205
129	178	0.859441
129	179	0.877223
129	180	0.85097
130	45	1.28374
130	61	0.737629
130	64	1.00078
130	73	1.14202
130	74	1.52791
130	90	0.696058
130	107	0.994179
130	117	1.05965
130	121	1.09073
130	124	1.08493
130	129	1.00014
130	134	0.960235
130	144	1.04213
130	148	0.94743
130	151	0.949637
130	153	1.02561
130	156	1.01971
130	157	0.996099
130	158	1.02183
130	160	1.03622
130	163	1.01674
130	164	0.340447
130	168	0.985358
130	169	0.993646
130	173	0.914687
130	174	0.927177
130	175	0.931814
130	176	0.951619
130	177	0.967506
130	179	0.938525
130	180	0.912271
131	30	0.816912
131	43	1.02318
131	53	0.989271
131	54	1.10151
131	55	0.975659
131	67	1.10102
131	69	1.0685
131	73	0.958938
131	83	0.93438
131	85	1.00846
131	86	1.02019
131	91	0.992592
131	95	0.991693
131	99	1.04168
131	124	0.282093
131	136	0.985718
131	138	1.00721
131	141	1.03576
131	144	0.680721
131	145	1.0158
131	155	1.04056
131	159	1.02915
131	162	0.824538
131	164	0.987698
131	165	0.957548
131	166	0.924463
131	169	0.962968
131	170	0.888389
131	171	0.940937
131	175	2.3434
131	180	3.24117
132	1	1.05385
132	28	1.03827
132	44	0.986507
132	45	0.982811
132	47	0.987413
132	59	1.62419
132	72	0.947772
132	75	0.870043
132	76	1.0126
132	77	1.0338
132	78	0.423212
132	79	1.00468
132	82	0.995174
132	88	0.989967
132	89	0.978326
132	94	0.991796
132	98	1.04557
132	105	0.997865
132	107	1.54779
132	110	0.974465
132	123	0.995027
132	125	0.979823
132	126	0.991796
132	127	0.983206
132	140	0.985847
132	142	1.72772
132	146	1.17093
132	162	0.955371
132	163	1.12396
132	164	0.974514
132	165	0.944364
132	170	0.875205
133	9	0.970726
133	14	0.991959
133	18	0.872038
133	44	1.01408
133	45	1.01038
133	48	0.806313
133	52	1.02026
133	56	1.38708
133	58	1.37299
133	61	0.6043
133	71	1.0498
133	72	0.975342
133	89	1.0059
133	90	0.941968
133	97	1.28735
133	105	1.02543
133	110	1.00204
133	111	0.966428
133	116	1.04071
133	125	1.00739
133	157	0.979807
133	158	1.00554
133	159	1.04353
133	161	0.956907
133	163	1.00045
133	164	1.00208
133	167	0.964887
133	168	0.969066
133	172	0.9429
133	177	0.951214
133	178	0.90445
133	180	0.895979
134	23	1.57565
134	26	0.93997
134	105	1.72815
134	111	0.881516
134	117	0.958444
134	119	0.951909
134	129	0.898933
134	130	0.960235
134	136	2.47809
134	139	0.868975
134	144	0.940926
134	147	0.936872
134	148	0.846226
134	152	0.925907
134	155	0.885273
134	160	0.935013
134	163	0.91554
134	165	0.887022
134	166	0.853938
134	167	0.879976
134	168	0.884154
134	169	0.892442
134	170	0.817864
134	172	0.857989
134	173	0.813482
134	174	0.825973
134	175	0.830609
134	176	0.850415
134	177	0.866302
134	179	0.837321
134	180	0.811067
135	24	0.972114
135	31	1.36548
135	41	0.972644
135	44	1.6648
135	48	0.915274
135	60	1.73634
135	61	0.965727
135	62	0.955115
135	85	0.929133
135	91	0.913269
135	95	0.91237
135	96	0.983335
135	98	1.63338
135	99	0.962362
135	114	0.915496
135	122	0.940603
135	136	0.906395
135	137	0.909218
135	138	0.92789
135	141	0.956442
135	143	0.959079
135	145	0.936476
135	153	0.915605
135	159	0.949823
135	161	0.863198
135	163	0.906743
135	164	0.908375
135	173	0.804685
135	177	0.857505
135	178	0.810741
135	179	0.828524
135	180	0.80227
136	2	0.945248
136	6	0.941185
136	16	1.05058
136	25	1.01189
136	35	1.01102
136	36	1.00663
136	42	0.98858
136	58	0.972543
136	73	0.944574
136	75	0.868863
136	83	0.920016
136	86	1.00583
136	90	0.981027
136	96	1.04829
136	97	0.976792
136	100	0.973293
136	112	0.975475
136	119	1.02576
136	122	1.00556
136	131	0.985718
136	134	2.47809
136	135	0.906395
136	138	0.992849
136	141	1.0214
136	142	0.94583
136	143	1.02404
136	145	1.00143
136	150	1.26161
136	153	1.27224
136	157	1.20799
136	161	0.928157
136	163	0.94706
136	169	0.948603
137	38	1.21621
137	60	1.14481
137	64	0.958555
137	78	1.0399
137	85	1.33402
137	118	0.976597
137	122	1.47519
137	124	1.04271
137	135	0.909218
137	142	0.948652
137	146	1.02343
137	147	0.995856
137	148	0.90521
137	153	0.983386
137	154	0.943118
137	155	0.944257
137	156	0.977491
137	158	0.979613
137	159	0.801946
137	160	0.993997
137	165	0.946006
137	167	0.93896
137	168	0.943138
137	169	0.951426
137	172	0.916973
137	173	0.872467
137	174	0.884957
137	176	0.909399
137	177	0.925286
137	178	0.878522
137	179	0.896305
137	180	0.870051
138	2	0.966743
138	6	0.96268
138	15	1.00332
138	16	1.07207
138	25	1.03338
138	36	1.02813
138	42	1.01007
138	58	0.994038
138	73	0.966069
138	83	0.941511
138	86	1.02732
138	90	1.00252
138	93	1.0081
138	96	1.06979
