1	5	1.37698
1	23	0.931516
1	36	0.988656
1	42	0.973208
1	43	0.994239
1	46	0.958997
1	51	0.953724
1	54	1.03291
1	64	0.932233
1	66	0.931744
1	92	1.55652
1	151	0.943601
2	34	0.982649
2	38	0.964993
2	50	0.947049
2	52	1.01002
2	53	0.923414
2	56	0.919137
2	57	0.998499
2	58	0.978645
2	78	1.02035
2	82	0.946332
2	107	1.38099
2	133	1.53538
3	96	1.15792
3	109	0.940444
3	128	0.973491
3	130	0.93739
3	139	0.983305
3	141	0.940414
3	144	0.968976
3	149	0.967374
3	150	0.952611
3	154	0.963197
3	158	0.964991
3	180	1.92361
4	103	0.955743
4	117	1.53912
4	121	1.46636
4	130	0.933213
4	134	0.985088
4	139	0.979127
4	141	0.936237
4	149	0.963197
4	150	0.948433
4	154	0.959019
4	155	0.977087
4	158	0.960813
5	1	1.37698
5	10	0.739365
5	117	1.02441
5	149	1.01653
5	155	1.03042
5	158	1.01415
5	163	0.931873
5	166	0.95822
5	173	0.899993
5	177	0.919
5	179	0.893686
5	180	0.902724
6	16	1.02237
6	20	1.0204
6	32	0.992706
6	33	0.985316
6	40	0.967547
6	60	0.992043
6	104	1.41077
6	160	0.994304
6	163	0.892722
6	166	0.919069
6	173	0.860842
6	176	1.73179
7	33	0.758831
7	52	0.328266
7	131	0.274069
7	157	1.11784
7	162	1.08029
7	173	1.05453
7	175	1.04446
7	176	1.05301
7	177	1.07354
7	178	1.09671
7	179	1.04822
7	180	1.05726
8	9	1.49965
8	53	0.949954
8	57	1.02504
8	82	0.972872
8	106	0.970617
8	122	1.02076
8	135	0.981165
8	136	1.01122
8	155	0.735994
8	172	0.906823
8	175	0.865192
8	179	0.868958
8	180	0.877996
9	8	1.49965
9	12	0.900251
9	37	0.947433
9	39	0.951776
9	55	0.924699
9	65	0.986085
9	75	0.951524
9	77	0.941791
9	83	0.982672
9	85	1.29486
9	88	0.917677
9	101	0.986774
9	138	0.923086
10	5	0.739365
10	81	0.94092
10	102	0.93127
10	106	0.924299
10	108	0.971438
10	120	0.940667
10	124	0.96727
10	127	0.925595
10	131	0.959274
10	135	0.934847
10	136	0.964905
10	160	0.962409
10	174	2.15577
11	23	1.01125
11	36	1.06839
11	42	1.05294
11	46	1.03873
11	51	1.03346
11	54	1.11264
11	64	1.01197
11	66	1.01148
11	93	1.06736
11	123	1.04772
11	151	1.02333
11	161	1.10112
11	178	1.42791
12	9	0.900251
12	39	0.956872
12	47	0.939032
12	55	0.929795
12	61	0.975674
12	62	0.910475
12	65	0.991181
12	75	0.956621
12	77	0.946888
12	83	0.987768
12	88	0.922773
12	147	1.17693
12	163	2.12401
13	50	1.03239
13	52	1.09536
13	53	1.00876
13	56	1.00448
13	57	1.08384
13	58	1.06399
13	78	1.10569
13	82	1.03168
13	132	1.01517
13	145	0.993586
13	173	1.37431
13	175	1.50063
13	177	0.953862
14	32	0.0760374
14	134	0.648211
14	139	0.751465
14	157	1.08031
14	164	1.1374
14	172	1.04855
14	174	1.02293
14	175	1.00692
14	176	1.01547
14	177	1.036
14	178	1.05918
14	179	1.01069
14	180	1.01973
15	91	0.900905
15	106	0.925957
15	107	0.899266
15	108	0.973096
15	119	0.947387
15	120	0.942325
15	122	0.976098
15	124	0.968929
15	125	0.929348
15	127	0.927254
15	136	0.966564
15	160	0.964067
15	174	2.23642
16	6	1.02237
16	17	1.1033
16	32	1.07922
16	33	1.07183
16	40	1.05406
16	60	1.07856
16	148	0.972089
16	160	1.08082
16	163	0.979238
16	166	1.00558
16	169	1.22079
16	173	0.947358
16	178	1.41646
17	16	1.1033
17	27	1.07235
17	32	1.07364
17	33	1.06625
17	40	1.04848
17	60	1.07297
17	148	1.11787
17	160	1.07523
17	163	0.973652
17	166	0.999999
17	167	1.09343
17	169	1.36658
17	173	0.941772
18	89	1.07704
18	150	0.918616
18	168	0.99195
18	170	0.963006
18	171	0.978295
18	172	0.960135
18	174	0.934512
18	175	0.918505
18	176	0.927057
18	177	0.947585
18	178	0.970759
18	179	0.922271
18	180	0.931309
19	80	0.928337
19	81	0.944765
19	117	1.02936
19	119	0.949573
19	122	0.978284
19	124	0.971115
19	125	0.931535
19	127	0.92944
19	131	0.963118
19	135	0.938691
19	136	0.96875
19	151	0.906002
19	174	2.15568
20	6	1.0204
20	27	1.07597
20	33	1.06986
20	60	1.07659
20	92	1.09792
20	123	1.03426
20	151	1.18521
20	160	1.07885
20	163	0.97727
20	165	0.976274
20	166	1.00362
20	172	1.55788
20	173	0.94539
21	37	1.04242
21	39	1.04676
21	55	1.01969
21	61	1.06557
21	62	1.00037
21	74	1.03754
21	77	1.03678
21	83	1.07766
21	88	1.01266
21	100	0.90067
21	101	1.08176
21	145	1.62465
21	168	1.14487
22	28	0.598424
22	109	1.01472
22	134	1.06354
22	139	1.05758
22	140	1.04136
22	141	1.01469
22	149	1.04165
22	150	1.02689
22	154	1.03748
22	155	1.05554
22	156	1.3685
22	158	1.03927
22	162	1.75108
23	1	0.931516
23	11	1.01125
23	36	0.965218
23	42	0.949769
23	43	0.9708
23	46	0.935559
23	51	0.930286
23	54	1.00947
23	64	0.908794
23	66	0.908306
23	84	1.40364
23	151	0.920163
23	166	1.95292
24	50	0.742965
24	66	0.844946
24	150	0.361615
24	156	1.069
24	157	1.0565
24	165	1.07517
24	170	1.02762
24	174	0.999129
24	175	0.983121
24	176	0.991674
24	177	1.0122
24	178	1.03538
24	179	0.986887
24	180	0.995925
25	43	0.99633
25	50	1.30129
25	51	0.955816
25	64	0.934324
25	66	0.933836
25	120	0.984202
25	124	1.01081
25	125	0.971225
25	134	0.979162
25	135	0.978382
25	174	0.878417
25	176	0.870961
25	179	0.866175
25	180	0.875213
26	48	1.00142
26	63	0.976101
26	102	1.01342
26	108	1.05359
26	120	1.02282
26	124	1.04942
26	125	1.00984
26	127	1.00775
26	131	1.04143
26	135	1.017
26	136	1.04706
26	163	1.26723
26	170	1.3592
26	172	1.34893
27	17	1.07235
27	20	1.07597
27	32	1.04827
27	33	1.04088
27	40	1.02311
27	60	1.04761
27	76	1.22994
27	87	1.08289
27	123	1.00528
27	138	1.30596
27	160	1.04987
27	163	0.94829
27	166	0.974636
27	173	0.916409
28	22	0.598424
28	47	0.903232
28	105	0.518073
28	159	1.10939
28	162	1.01372
28	167	1.09248
28	168	1.05133
28	174	0.993894
28	175	0.977886
28	176	0.986438
28	177	1.00697
28	178	1.03014
28	179	0.981652
28	180	0.99069
29	39	1.02189
29	47	1.00405
29	61	1.0407
29	62	0.975497
29	65	1.0562
29	74	1.01267
29	75	1.02164
29	76	0.68312
29	77	1.01191
29	83	1.05279
29	88	0.987794
29	93	1.02784
29	145	1.48464
29	170	1.74186
30	60	0.282623
30	78	0.196871
30	105	0.850308
30	167	1.09929
30	168	1.05814
30	171	1.04448
30	172	1.02633
30	174	1.0007
30	175	0.984695
30	176	0.993247
30	177	1.01377
30	178	1.03695
30	179	0.98846
30	180	0.997498
31	73	1.02771
31	80	1.00494
31	84	1.12897
31	102	1.01171
31	119	1.02617
31	120	1.02111
31	124	1.04771
31	127	1.00604
31	131	1.03972
31	132	1.60837
31	135	1.01529
31	136	1.04535
31	146	1.16854
31	169	0.98097
32	6	0.992706
32	14	0.0760374
32	16	1.07922
32	17	1.07364
32	27	1.04827
32	33	1.04216
32	40	1.0244
32	41	3
32	60	1.04889
32	151	0.600416
32	160	1.05115
32	163	0.949572
32	166	0.975918
32	173	0.917691
33	6	0.985316
33	7	0.758831
33	16	1.07183
33	17	1.06625
33	20	1.06986
33	27	1.04088
33	32	1.04216
33	60	1.0415
33	142	1.27156
33	160	1.04376
33	163	0.942181
33	166	0.968527
33	169	1.44899
33	173	0.910301
34	2	0.982649
34	38	1.03602
34	50	1.01807
34	52	1.08104
34	53	0.994438
34	56	0.990162
34	58	1.04967
34	78	1.09138
34	82	1.01736
34	118	1.28241
34	132	1.00085
34	138	1.00235
34	148	1.13513
34	168	1.26402
35	108	0.605263
35	115	0.869024
35	128	0.531222
35	165	1.07516
35	168	1.05655
35	170	1.02761
35	171	1.0429
35	172	1.02474
35	174	0.999116
35	175	0.983109
35	177	1.01219
35	178	1.03536
35	179	0.986874
35	180	0.995913
36	1	0.988656
36	11	1.06839
36	23	0.965218
36	42	1.00691
36	43	1.02794
36	46	0.9927
36	51	0.987427
36	54	1.06661
36	64	0.965935
36	66	0.965447
36	93	1.02132
36	111	1.04853
36	151	0.977304
36	153	1.4456
36	169	1.53266
37	9	0.947433
37	21	1.04242
37	39	1.00405
37	47	0.986215
37	55	0.976977
37	61	1.02286
37	65	1.03836
37	74	0.994827
37	75	1.0038
37	77	0.99407
37	83	1.03495
37	88	0.969955
37	117	0.718859
37	169	1.26338
37	180	1.97884
38	2	0.964993
38	34	1.03602
38	52	1.06339
38	53	0.976782
38	57	1.05187
38	58	1.03201
38	70	0.876029
38	78	1.07372
38	82	0.9997
38	100	1.04774
38	111	0.927637
38	132	0.983193
38	138	0.984689
38	145	0.96161
38	177	2.17433
39	9	0.951776
39	12	0.956872
39	21	1.04676
39	29	1.02189
39	37	1.00405
39	44	1.13947
39	62	0.962001
39	65	1.04271
39	67	1.14354
39	74	0.99917
39	75	1.00815
39	77	0.998413
39	83	1.03929
39	88	0.974298
39	160	1.60117
40	6	0.967547
40	16	1.05406
40	17	1.04848
40	27	1.02311
40	32	1.0244
40	60	1.02373
40	92	1.04506
40	99	1.15704
40	123	0.981399
40	160	1.02599
40	163	0.924413
40	166	0.950759
40	169	1.16237
40	172	1.76928
40	173	0.892532
41	32	3
41	81	0.893616
41	119	0.898425
41	127	0.878291
41	131	0.911969
41	134	0.920074
41	141	0.871222
41	144	0.899784
41	145	0.841159
41	157	0.844953
41	158	0.895799
41	175	0.771569
41	178	0.823823
41	179	0.775335
41	180	0.784373
42	1	0.973208
42	11	1.05294
42	23	0.949769
42	36	1.00691
42	43	1.01249
42	45	1.1082
42	46	0.977251
42	51	0.971978
42	54	1.05116
42	64	0.950486
42	66	0.949998
42	105	1.0234
42	153	1.46282
42	164	1.08021
42	168	1.43006
43	1	0.994239
43	23	0.9708
43	25	0.99633
43	36	1.02794
43	42	1.01249
43	46	0.998282
43	51	0.993009
43	54	1.07219
43	64	0.971517
43	66	0.971029
43	68	1.42928
43	93	1.02691
43	100	1.35633
43	151	0.982886
43	164	1.25069
44	39	1.13947
44	57	0.633249
44	62	0.743717
44	152	0.984034
44	156	1.02299
44	159	1.06861
44	162	0.972943
44	167	1.0517
44	168	1.01055
44	171	0.996898
44	174	0.953115
44	175	0.937108
44	176	0.94566
44	178	0.989362
44	179	0.940874
44	180	0.949912
45	42	1.1082
45	46	1.09399
45	61	1.13547
45	64	1.06723
45	66	1.06674
45	77	1.10669
45	82	0.725724
45	83	1.14757
45	88	1.08257
45	108	0.39748
45	115	0.661241
45	155	0.346296
45	176	1.00387
45	177	1.02439
45	179	0.99908
45	180	1.00812
46	1	0.958997
46	11	1.03873
46	23	0.935559
46	36	0.9927
46	42	0.977251
46	43	0.998282
46	45	1.09399
46	51	0.957768
46	54	1.03695
46	59	1.02752
46	64	0.936276
46	66	0.935787
46	105	1.00919
46	151	0.947645
46	159	0.752802
46	173	2.42901
47	12	0.939032
47	28	0.903232
47	29	1.00405
47	37	0.986215
47	55	0.96348
47	61	1.00936
47	62	0.94416
47	65	1.02487
47	74	0.98133
47	75	0.990306
47	83	1.02145
47	88	0.956458
47	101	1.02556
47	138	0.961868
47	164	0.966094
47	172	2.04267
48	26	1.00142
48	67	0.608184
48	80	0.971691
48	91	0.946446
48	102	0.978468
48	106	0.971497
48	119	0.992928
48	122	1.02164
48	124	1.01447
48	125	0.974889
48	127	0.972794
48	131	1.00647
48	135	0.982045
48	136	1.0121
48	161	1.26643
48	176	2.25011
49	72	1.08731
49	99	0.68586
49	114	2.74701
49	123	1.06191
49	130	1.0596
49	140	1.08929
49	141	1.06262
49	144	1.09119
49	147	0.571756
49	150	1.07482
49	154	1.08541
49	155	1.10347
49	158	1.0872
49	163	1.00493
49	166	0.938179
49	173	0.973045
50	2	0.947049
50	13	1.03239
50	24	0.742965
50	25	1.30129
50	34	1.01807
50	52	1.04544
50	53	0.958838
50	56	0.954561
50	57	1.03392
50	58	1.01407
50	70	0.858086
50	78	1.05578
50	82	0.981757
50	123	1.46485
50	132	0.96525
50	138	0.966746
51	1	0.953724
51	11	1.03346
51	23	0.930286
51	25	0.955816
51	36	0.987427
51	42	0.971978
51	43	0.993009
51	46	0.957768
51	54	1.03168
51	64	0.931003
51	66	0.930515
51	93	0.986392
51	105	1.00391
51	129	1.52959
51	138	1.43709
51	151	0.942372
51	164	1.33296
52	2	1.01002
52	7	0.328266
52	13	1.09536
52	34	1.08104
52	38	1.06339
52	50	1.04544
52	56	1.01753
52	57	1.09689
52	58	1.07704
52	70	0.921055
52	78	1.11875
52	82	1.04473
52	133	0.417465
52	138	1.02972
52	145	1.00664
52	174	1.60023
52	179	1.96674
53	2	0.923414
53	8	0.949954
53	13	1.00876
53	34	0.994438
53	38	0.976782
53	50	0.958838
53	56	0.930926
53	57	1.01029
53	58	0.990434
53	78	1.03214
53	82	0.958121
53	101	1.0068
53	107	1.21751
53	121	1.35558
53	132	0.941614
53	145	0.920032
53	146	1.71015
54	1	1.03291
54	11	1.11264
54	23	1.00947
54	36	1.06661
54	42	1.05116
54	43	1.07219
54	46	1.03695
54	51	1.03168
54	64	1.01019
54	66	1.0097
54	92	0.697004
54	93	1.06558
54	105	1.0831
54	138	0.986535
54	147	0.930207
54	151	1.02156
54	174	1.93387
55	9	0.924699
55	12	0.929795
55	21	1.01969
55	37	0.976977
55	47	0.96348
55	61	1.00012
55	62	0.934923
55	65	1.01563
55	74	0.972093
55	75	0.981068
55	77	0.971336
55	83	1.01222
55	88	0.947221
55	132	1.12677
55	138	0.95263
55	162	1.56978
55	176	1.80222
56	2	0.919137
56	13	1.00448
56	34	0.990162
56	50	0.954561
56	52	1.01753
56	53	0.930926
56	57	1.00601
56	58	0.986157
56	78	1.02786
56	82	0.953845
56	101	1.00252
56	132	0.937338
56	138	0.938834
56	145	0.915755
56	161	0.967776
56	172	1.7058
56	177	1.86145
57	2	0.998499
57	8	1.02504
57	13	1.08384
57	38	1.05187
57	44	0.633249
57	50	1.03392
57	52	1.09689
57	53	1.01029
57	56	1.00601
57	58	1.06552
57	78	1.10723
57	82	1.03321
57	101	1.08188
57	123	1.24216
57	138	1.0182
57	160	1.09495
57	169	1.42668
58	2	0.978645
58	13	1.06399
58	34	1.04967
58	38	1.03201
58	50	1.01407
58	52	1.07704
58	53	0.990434
58	56	0.986157
58	57	1.06552
58	78	1.08737
58	82	1.01335
58	101	1.06203
58	138	0.998342
58	145	0.975263
58	156	1.05343
58	169	0.815886
58	172	1.4228
58	179	1.7642
59	46	1.02752
59	135	0.866616
59	150	1.04954
59	153	0.998003
59	156	1.00488
59	157	0.992385
59	161	1.00572
59	162	0.954836
59	168	0.992446
59	170	0.963502
59	172	0.960632
59	174	0.935009
59	175	0.919001
59	176	0.927553
59	177	0.948081
59	178	0.971255
59	179	0.922767
59	180	0.931805
60	6	0.992043
60	16	1.07856
60	17	1.07297
60	20	1.07659
60	27	1.04761
60	30	0.282623
60	32	1.04889
60	33	1.0415
60	40	1.02373
60	70	3.8
60	92	1.06956
60	123	1.0059
60	157	0.693109
60	160	1.05049
60	163	0.948909
60	166	0.975255
60	173	0.917028
60	177	0.70441
61	12	0.975674
61	21	1.06557
61	29	1.0407
61	37	1.02286
61	45	1.13547
61	47	1.00936
61	55	1.00012
61	62	0.980802
61	65	1.06151
61	74	1.01797
61	75	1.02695
61	77	1.01721
61	83	1.0581
61	88	0.9931
61	92	0.374647
61	145	1.38967
61	157	1.28107
61	176	1.88228
62	12	0.910475
62	21	1.00037
62	29	0.975497
62	39	0.962001
62	44	0.743717
62	47	0.94416
62	55	0.934923
62	61	0.980802
62	65	0.996309
62	74	0.952773
62	75	0.961749
62	77	0.952016
62	83	0.992896
62	88	0.927901
62	93	0.967947
62	104	2.06869
62	138	0.933311
62	169	1.53715
63	26	0.976101
63	73	0.969142
63	80	0.946373
63	85	1.24873
63	102	0.95315
63	106	0.946179
63	108	0.993318
63	112	1.51657
63	119	0.967609
63	120	0.962547
63	124	0.989151
63	125	0.94957
63	127	0.947475
63	131	0.981154
63	135	0.956727
63	136	0.986785
63	159	1.62515
63	166	0.909054
64	1	0.932233
64	11	1.01197
64	23	0.908794
64	25	0.934324
64	36	0.965935
64	42	0.950486
64	43	0.971517
64	45	1.06723
64	46	0.936276
64	51	0.931003
64	54	1.01019
64	66	0.909023
64	93	0.964901
64	105	0.982422
64	132	1.51233
64	137	1.33745
64	151	0.92088
64	163	1.86042
65	9	0.986085
65	12	0.991181
65	29	1.0562
65	37	1.03836
65	39	1.04271
65	47	1.02487
65	55	1.01563
65	61	1.06151
65	62	0.996309
65	74	1.03348
65	75	1.04245
65	77	1.03272
65	83	1.0736
65	88	1.00861
65	113	0.786542
65	157	1.16418
65	171	0.948947
65	173	2.09584
66	1	0.931744
66	11	1.01148
66	23	0.908306
66	24	0.844946
66	25	0.933836
66	36	0.965447
66	42	0.949998
66	43	0.971029
66	45	1.06674
66	46	0.935787
66	51	0.930515
66	54	1.0097
66	64	0.909023
66	93	0.964412
66	105	0.981934
66	151	0.920391
66	168	1.63153
66	171	1.78747
67	39	1.14354
67	48	0.608184
67	89	0.637078
67	111	1.10696
67	141	0.816125
67	161	1.05068
67	162	0.999798
67	165	1.05601
67	167	1.07855
67	168	1.03741
67	171	1.02375
67	172	1.00559
67	174	0.979971
67	175	0.963963
67	176	0.972515
67	177	0.993043
67	178	1.01622
67	179	0.967729
67	180	0.976767
68	43	1.42928
68	70	0.889872
68	129	1.01035
68	135	0.794024
68	142	1.01337
68	144	0.896664
68	165	0.997915
68	167	1.02045
68	168	0.979308
68	170	0.950365
68	171	0.965653
68	172	0.947494
68	174	0.921871
68	175	0.905863
68	176	0.914416
68	177	0.934943
68	178	0.958117
68	179	0.909629
68	180	0.918667
69	116	0.77564
69	124	0.564324
69	128	0.757196
69	131	0.343467
69	143	1.02964
69	146	1.08038
69	161	1.04471
69	164	1.08847
69	165	1.05004
69	167	1.07258
69	168	1.03143
69	170	1.00249
69	174	0.973995
69	175	0.957987
69	176	0.96654
69	177	0.987067
69	178	1.01024
69	179	0.961753
69	180	0.970791
70	38	0.876029
70	50	0.858086
70	52	0.921055
70	60	3.8
70	68	0.889872
70	82	0.857369
70	103	0.868849
70	123	0.84863
70	132	0.840862
70	143	0.821342
70	146	0.872084
70	149	0.876302
70	150	0.861539
70	154	0.872124
70	158	0.873919
70	174	0.765697
70	176	0.758242
70	177	0.778769
70	180	0.762493
71	102	0.652753
71	108	0.719522
71	128	0.645481
71	147	1.11059
71	153	1.03742
71	155	0.668337
71	159	1.08992
71	164	1.0889
71	165	1.05047
71	170	1.00292
71	171	1.01821
71	172	1.00005
71	174	0.974426
71	175	0.958419
71	176	0.966971
71	177	0.987499
71	178	1.01067
71	179	0.962185
71	180	0.971223
72	49	1.08731
72	109	0.989701
72	116	1.01818
72	126	0.991173
72	128	1.02275
72	134	1.03852
72	139	1.03256
72	140	1.01634
72	141	0.989671
72	149	1.01663
72	150	1.00187
72	154	1.01245
72	155	1.03052
72	158	1.01425
72	160	0.771407
72	163	0.931972
72	166	1.35014
72	177	1.8657
72	178	1.29881
73	31	1.02771
73	63	0.969142
73	80	0.999688
73	90	1.20575
73	119	1.02092
73	120	1.01586
73	122	1.04964
73	124	1.04247
73	125	1.00289
73	127	1.00079
73	131	1.03447
73	133	1.03287
73	135	1.01004
73	136	1.0401
73	159	1.14063
73	160	1.0376
73	166	0.962369
73	169	0.975721
73	171	1.66995
74	21	1.03754
74	29	1.01267
74	37	0.994827
74	39	0.99917
74	47	0.98133
74	55	0.972093
74	61	1.01797
74	62	0.952773
74	65	1.03348
74	75	0.998919
74	77	0.989186
74	83	1.03007
74	88	0.965071
74	93	1.00512
74	98	1.81604
74	101	1.03417
74	121	0.719394
74	138	0.97048
74	153	1.24962
74	157	1.58804
75	9	0.951524
75	12	0.956621
75	29	1.02164
75	37	1.0038
75	39	1.00815
75	47	0.990306
75	55	0.981068
75	61	1.02695
75	62	0.961749
75	65	1.04245
75	74	0.998919
75	83	1.03904
75	88	0.974046
75	93	1.01409
75	101	1.04314
75	104	1.52054
75	138	0.979456
75	143	1.50868
75	147	0.567127
75	176	1.84156
76	27	1.22994
76	29	0.68312
76	81	0.66282
76	121	1.10217
76	133	1.09581
76	140	0.685555
76	142	1.05193
76	152	0.991346
76	157	1.0178
76	162	0.980255
76	167	1.05901
76	170	0.988921
76	171	1.00421
76	174	0.960428
76	175	0.94442
76	176	0.952973
76	177	0.9735
76	178	0.996674
76	179	0.948186
76	180	0.957224
77	9	0.941791
77	12	0.946888
77	21	1.03678
77	29	1.01191
77	37	0.99407
77	39	0.998413
77	45	1.10669
77	55	0.971336
77	61	1.01721
77	62	0.952016
77	65	1.03272
77	74	0.989186
77	83	1.02931
77	88	0.964313
77	101	1.03341
77	138	0.969723
77	160	0.693768
77	163	1.55071
77	169	1.0255
77	173	2.20851
78	2	1.02035
78	13	1.10569
78	30	0.196871
78	34	1.09138
78	38	1.07372
78	50	1.05578
78	52	1.11875
78	53	1.03214
78	56	1.02786
78	57	1.10723
78	58	1.08737
78	82	1.05506
78	101	1.10374
78	114	2.45299
78	132	1.03855
78	138	1.04005
78	143	0.916854
78	145	1.01697
78	170	1.01434
78	172	1.00408
79	89	1.06503
79	90	0.442131
79	94	1.051
79	113	0.743923
79	116	1.05426
79	123	1.02504
79	128	1.05883
79	130	1.02273
79	132	1.01727
79	134	1.0746
79	139	1.06864
79	140	1.05241
79	141	1.02575
79	144	1.05431
79	149	1.05271
79	152	1.46089
79	154	1.04853
79	155	1.0666
79	158	1.05033
79	162	1.49034
79	179	1.81852
80	19	0.928337
80	31	1.00494
80	48	0.971691
80	63	0.946373
80	73	0.999688
80	102	0.983696
80	106	0.976724
80	108	1.02386
80	119	0.998155
80	120	0.993093
80	121	0.536102
80	122	1.02687
80	124	1.0197
80	125	0.980116
80	131	1.0117
80	135	0.987272
80	136	1.01733
80	142	0.975959
80	163	1.6786
80	169	0.952951
80	175	2.46272
81	10	0.94092
81	19	0.944765
81	41	0.893616
81	76	0.66282
81	91	0.9681
81	96	1.05415
81	102	1.00012
81	106	0.993152
81	108	1.04029
81	119	1.01458
81	120	1.00952
81	122	1.04329
81	125	0.996543
81	127	0.994448
81	131	1.02813
81	135	1.0037
81	136	1.03376
81	163	1.62959
81	166	0.956027
81	169	0.969379
81	176	1.95695
82	2	0.946332
82	8	0.972872
82	13	1.03168
82	34	1.01736
82	38	0.9997
82	45	0.725724
82	50	0.981757
82	52	1.04473
82	53	0.958121
82	56	0.953845
82	57	1.03321
82	58	1.01335
82	70	0.857369
82	78	1.05506
82	101	1.02972
82	123	1.59573
82	132	0.964533
82	138	0.966029
82	145	0.94295
82	159	1.28705
82	167	1.5071
83	9	0.982672
83	12	0.987768
83	21	1.07766
83	29	1.05279
83	37	1.03495
83	39	1.03929
83	45	1.14757
83	47	1.02145
83	55	1.01222
83	61	1.0581
83	62	0.992896
83	65	1.0736
83	74	1.03007
83	75	1.03904
83	77	1.02931
83	84	0.716993
83	88	1.00519
83	138	1.0106
83	146	0.756561
83	177	1.78183
83	178	1.21494
83	180	1.73473
84	23	1.40364
84	31	1.12897
84	83	0.716993
84	105	0.748323
84	111	1.06144
84	112	1.05074
84	152	0.965373
84	157	0.99183
84	159	1.04995
84	161	1.00517
84	164	1.04893
84	168	0.991891
84	170	0.962948
84	171	0.978236
84	172	0.960077
84	174	0.934454
84	175	0.918446
84	176	0.926999
84	177	0.947526
84	178	0.9707
84	179	0.922212
84	180	0.93125
85	9	1.29486
85	63	1.24873
85	110	1.0604
85	114	0.944456
85	122	0.530059
85	125	0.767009
85	133	1.06461
85	143	0.984874
85	156	0.999105
85	159	1.04473
85	164	1.0437
85	165	1.00527
85	167	1.02781
85	171	0.973011
85	172	0.954852
85	174	0.929229
85	175	0.913221
85	176	0.921774
85	177	0.942301
85	178	0.965475
85	179	0.916987
85	180	0.926025
86	94	1.04006
86	109	1.01483
86	115	1.04875
86	126	1.0163
86	128	1.04788
86	130	1.01178
86	134	1.06365
86	139	1.05769
86	140	1.04147
86	141	1.0148
86	144	1.04336
86	149	1.04176
86	150	1.027
86	154	1.03759
86	155	1.05565
86	158	1.03938
86	159	0.724202
86	167	0.944256
86	168	1.09758
86	169	0.996802
86	174	1.7992
86	178	1.41307
87	27	1.08289
87	122	0.811073
87	128	0.789356
87	130	0.891252
87	143	0.99399
87	147	1.07451
87	157	0.995721
87	159	1.05384
87	161	1.00906
87	162	0.958172
87	164	1.05282
87	168	0.995782
87	170	0.966838
87	171	0.982127
87	172	0.963967
87	174	0.938345
87	175	0.922337
87	176	0.930889
87	177	0.951417
87	178	0.974591
87	179	0.926103
87	180	0.935141
88	9	0.917677
88	12	0.922773
88	21	1.01266
88	29	0.987794
88	37	0.969955
88	39	0.974298
88	45	1.08257
88	47	0.956458
88	55	0.947221
88	61	0.9931
88	62	0.927901
88	65	1.00861
88	74	0.965071
88	75	0.974046
88	77	0.964313
88	83	1.00519
88	93	0.980244
88	100	0.732006
88	101	1.0093
88	145	1.45599
88	156	1.33358
88	175	2.40536
89	18	1.07704
89	67	0.637078
89	79	1.06503
89	94	1.02952
89	103	1.02378
89	105	1.04944
89	107	0.671085
89	126	1.00577
89	128	1.03735
89	130	1.00124
89	134	1.05312
89	139	1.04716
89	140	1.03093
89	141	1.00427
89	144	1.03283
89	145	0.974206
89	150	1.01647
89	154	1.02705
89	155	1.04512
89	158	1.02885
89	164	0.956774
89	173	0.914689
89	180	2.1419
90	73	1.20575
90	79	0.442131
90	98	1.0329
90	119	0.912773
90	136	0.411007
90	137	1.03407
90	142	1.05159
90	144	0.759661
90	147	1.09626
90	148	1.06848
90	153	1.02309
90	156	1.02997
90	159	1.07559
90	167	1.05868
90	168	1.01753
90	171	1.00388
90	172	0.985716
90	174	0.960093
90	175	0.944085
90	176	0.952638
90	177	0.973165
90	178	0.996339
90	179	0.947851
90	180	0.956889
91	15	0.900905
91	48	0.946446
91	81	0.9681
91	102	0.95845
91	104	0.907994
91	106	0.951479
91	108	0.998618
91	119	0.972909
91	120	0.967847
91	121	0.869935
91	122	1.00162
91	124	0.994451
91	125	0.95487
91	127	0.952775
91	131	0.986454
91	135	0.962027
91	136	0.992085
91	148	1.23852
91	151	0.929338
91	160	0.989589
91	166	0.914354
91	168	1.3674
91	169	0.927705
91	173	2.67023
92	1	1.55652
92	20	1.09792
92	40	1.04506
92	54	0.697004
92	60	1.06956
92	61	0.374647
92	102	0.730166
92	106	0.792903
92	140	1.0546
92	144	1.05649
92	150	1.04013
92	154	1.05072
92	155	1.06878
92	158	1.05251
92	161	1.015
92	163	0.970235
92	166	0.996581
92	168	1.00173
92	173	0.938354
92	175	0.928281
92	176	0.936833
92	177	0.957361
92	178	0.980535
92	180	0.941085
93	11	1.06736
93	29	1.02784
93	36	1.02132
93	43	1.02691
93	51	0.986392
93	54	1.06558
93	62	0.967947
93	64	0.964901
93	66	0.964412
93	74	1.00512
93	75	1.01409
93	88	0.980244
93	100	0.96325
93	113	1.20099
93	138	0.985654
93	140	1.0193
93	144	1.0212
93	150	1.00483
93	154	1.01542
93	155	1.03349
93	158	1.01721
93	160	0.995539
93	171	1.36339
93	177	2.08984
94	79	1.051
94	86	1.04006
94	89	1.02952
94	98	1.27055
94	109	0.990269
94	115	1.02418
94	116	1.01875
94	126	0.991741
94	134	1.03909
94	139	1.03313
94	140	1.0169
94	141	0.990239
94	144	1.0188
94	149	1.0172
94	150	1.00244
94	154	1.01302
94	155	1.03109
94	158	1.01482
94	165	0.816499
94	166	1.0382
94	169	0.972238
94	173	0.90066
94	175	2.10053
94	177	1.55376
95	103	0.961265
95	105	0.986933
95	109	0.941789
95	115	0.975704
95	116	0.970266
95	126	0.94326
95	128	0.974835
95	130	0.938735
95	132	0.933279
95	134	0.99061
95	139	0.984649
95	141	0.941759
95	144	0.97032
95	145	0.911696
95	147	1.3442
95	149	0.968719
95	150	0.953955
95	154	0.964541
95	155	0.982609
95	158	0.966335
95	164	1.29639
95	168	1.64624
95	169	0.923758
95	171	1.80218
96	3	1.15792
96	81	1.05415
96	98	0.981034
96	142	0.999726
96	143	0.963873
96	146	1.01461
96	154	0.97114
96	156	0.978104
96	158	1.09063
96	161	0.978939
96	162	0.928055
96	164	1.0227
96	165	0.984272
96	167	1.00681
96	168	0.965665
96	170	0.936721
96	171	0.95201
96	172	0.933851
96	174	0.908228
96	175	0.89222
96	176	0.900773
96	177	0.9213
96	178	0.944474
96	179	0.895986
96	180	0.905024
97	106	0.783404
97	119	0.676284
97	128	0.713394
97	133	1.0872
97	139	0.765924
97	146	1.05821
97	147	1.08798
97	153	1.01482
97	158	0.47629
97	161	1.02253
97	162	0.971649
97	164	1.06629
97	165	1.02787
97	167	1.0504
97	168	1.00926
97	170	0.980315
97	171	0.995604
97	172	0.977444
97	174	0.951821
97	175	0.935814
97	176	0.944366
97	177	0.964894
97	178	0.988068
97	179	0.939579
97	180	0.948618
98	74	1.81604
98	90	1.0329
98	94	1.27055
98	96	0.981034
98	136	1.31844
98	137	0.944481
98	143	0.926148
98	146	0.976889
98	152	0.901421
98	153	0.933496
98	162	0.89033
98	164	0.984976
98	167	0.969085
98	170	0.898996
98	171	0.914284
98	172	0.896125
98	173	0.864568
98	174	0.870502
98	175	0.854494
98	176	0.863047
98	177	0.883574
98	178	0.906748
98	179	0.85826
98	180	0.867298
99	40	1.15704
99	49	0.68586
99	111	1.02702
99	113	1.02525
99	130	1.47454
99	142	0.991526
99	143	0.955674
99	147	1.03619
99	154	1.01605
99	156	0.969904
99	157	0.957404
99	159	1.01553
99	163	0.925974
99	164	1.0145
99	165	0.976072
99	170	0.928522
99	171	0.94381
99	172	0.925651
99	174	0.900028
99	175	0.88402
99	176	0.892573
99	177	0.9131
99	178	0.936274
99	179	0.887786
99	180	0.896824
100	21	0.90067
100	38	1.04774
100	43	1.35633
100	88	0.732006
100	93	0.96325
100	111	1.07259
100	118	1.02075
100	146	1.05199
100	148	1.05399
100	152	0.976519
100	159	1.0611
100	161	1.01631
100	162	0.965428
100	164	1.06007
100	167	1.04418
100	168	1.00304
100	169	1.01124
100	171	0.989383
100	172	0.971223
100	174	0.9456
100	176	0.938145
100	177	0.958673
100	178	0.981847
100	179	0.933358
100	180	0.942397
101	9	0.986774
101	21	1.08176
101	47	1.02556
101	53	1.0068
101	56	1.00252
101	57	1.08188
101	58	1.06203
101	74	1.03417
101	75	1.04314
101	77	1.03341
101	78	1.10374
101	82	1.02972
101	88	1.0093
101	110	0.740439
101	126	1.02319
101	128	1.05477
101	134	1.07054
101	137	1.1961
101	145	0.991627
101	148	0.945166
101	150	1.03389
101	152	1.78455
101	155	1.06254
101	158	1.04627
101	159	0.700672
101	172	1.80078
102	10	0.93127
102	26	1.01342
102	31	1.01171
102	48	0.978468
102	63	0.95315
102	71	0.652753
102	80	0.983696
102	81	1.00012
102	91	0.95845
102	92	0.730166
102	104	0.940017
102	106	0.983501
102	108	1.03064
102	119	1.00493
102	122	1.03364
102	124	1.02647
102	125	0.986893
102	127	0.984798
102	135	0.994049
102	136	1.02411
102	151	0.961361
102	160	1.02161
102	164	0.915565
102	166	0.946377
102	178	1.5809
102	179	2.33355
103	4	0.955743
103	70	0.868849
103	89	1.02378
103	95	0.961265
103	109	0.984523
103	115	1.01844
103	116	1.013
103	126	0.985994
103	128	1.01757
103	129	1.36601
103	130	0.981469
103	133	1.03808
103	134	1.03334
103	137	1.64127
103	138	1.2735
103	139	1.02738
103	140	1.01116
103	141	0.984493
103	144	1.01305
103	149	1.01145
103	154	1.00727
103	155	1.02534
103	158	1.00907
103	167	1.36589
103	169	0.966491
103	173	0.894913
104	6	1.41077
104	62	2.06869
104	75	1.52054
104	91	0.907994
104	102	0.940017
104	115	0.961219
104	125	0.936437
104	127	0.934342
104	135	0.943593
104	136	0.973652
104	144	0.955835
104	149	0.954233
104	150	0.93947
104	154	0.950056
104	155	0.968123
104	158	0.95185
104	166	0.895921
104	170	0.872122
104	172	0.869251
104	174	0.843628
104	175	0.82762
104	177	0.8567
104	178	0.879874
104	179	0.831386
104	180	0.840424
105	28	0.518073
105	30	0.850308
105	42	1.0234
105	46	1.00919
105	51	1.00391
105	54	1.0831
105	64	0.982422
105	66	0.981934
105	84	0.748323
105	89	1.04944
105	95	0.986933
105	108	1.06307
105	119	1.03736
105	122	1.06607
105	126	1.01166
105	127	1.01723
105	128	1.04324
105	131	1.05091
105	135	1.02648
105	136	1.05654
105	143	1.57029
105	149	1.03712
105	151	0.993791
105	154	1.03294
105	158	1.03474
105	165	1.07591
105	177	1.81317
106	8	0.970617
106	10	0.924299
106	15	0.925957
106	48	0.971497
106	63	0.946179
106	80	0.976724
106	81	0.993152
106	91	0.951479
106	92	0.792903
106	97	0.783404
106	102	0.983501
106	108	1.02367
106	119	0.997961
106	120	0.992898
106	122	1.02667
106	124	1.0195
106	125	0.979922
106	127	0.977827
106	131	1.01151
106	135	0.987078
106	136	1.01714
106	160	1.01464
106	161	1.31685
106	166	0.939405
106	169	0.952757
106	170	2.06515
106	171	1.48409
107	2	1.38099
107	15	0.899266
107	53	1.21751
107	89	0.671085
107	112	1.05372
107	114	0.952656
107	115	0.960406
107	129	1.0259
107	143	0.993074
107	146	1.04382
107	152	0.968347
107	157	0.994805
107	161	1.00814
107	164	1.0519
107	165	1.01347
107	167	1.03601
107	168	0.994866
107	170	0.965922
107	171	0.981211
107	172	0.963052
107	174	0.937429
107	175	0.921421
107	176	0.929974
107	177	0.950501
107	178	0.973675
107	179	0.925187
107	180	0.934225
108	10	0.971438
108	15	0.973096
108	26	1.05359
108	35	0.605263
108	45	0.39748
108	63	0.993318
108	71	0.719522
108	80	1.02386
108	81	1.04029
108	91	0.998618
108	102	1.03064
108	105	1.06307
108	106	1.02367
108	119	1.0451
108	120	1.04004
108	122	1.07381
108	124	1.06664
108	125	1.02706
108	127	1.02497
108	131	1.05864
108	135	1.03422
108	136	1.06428
108	138	1.08647
108	148	1.2033
108	166	0.986545
108	169	0.999896
108	176	2.30457
109	3	0.940444
109	22	1.01472
109	72	0.989701
109	86	1.01483
109	94	0.990269
109	95	0.941789
109	103	0.984523
109	115	0.998961
109	116	0.993523
109	126	0.966518
109	130	0.961992
109	134	1.01387
109	139	1.00791
109	140	0.99168
109	141	0.965016
109	142	1.04196
109	144	0.993577
109	149	0.991976
109	150	0.977213
109	151	1.45363
109	152	1.81007
109	154	0.987798
109	155	1.00587
109	158	0.989592
109	166	1.46638
109	173	0.875436
109	178	1.41506
110	85	1.0604
110	101	0.740439
110	117	1.04735
110	119	0.887418
110	135	0.631665
110	141	1.15206
110	143	0.984512
110	152	0.959785
110	155	0.947385
110	156	0.998742
110	157	0.986242
110	159	1.04436
110	162	0.948694
110	164	1.04334
110	165	1.00491
110	167	1.02745
110	168	0.986303
110	170	0.95736
110	171	0.972649
110	172	0.954489
110	173	0.922932
110	174	0.928866
110	175	0.912859
110	176	0.921411
110	177	0.941939
110	178	0.965113
110	179	0.916624
110	180	0.925663
111	36	1.04853
111	38	0.927637
111	67	1.10696
111	84	1.06144
111	99	1.02702
111	100	1.07259
111	126	0.871454
111	148	1.03308
111	149	0.853913
111	152	0.955603
111	153	0.987678
111	157	0.98206
111	158	0.656726
111	164	1.03916
111	165	1.00073
111	167	1.02327
111	168	0.982121
111	170	0.953178
111	171	0.968467
111	172	0.950307
111	174	0.924684
111	175	0.908677
111	176	0.917229
111	177	0.937757
111	178	0.960931
111	179	0.912442
111	180	0.92148
112	63	1.51657
112	84	1.05074
112	107	1.05372
112	120	0.868348
112	124	0.58331
112	130	0.878077
112	142	1.00548
112	146	1.02037
112	147	1.05015
112	148	1.02238
112	152	0.944905
112	154	0.419589
112	157	0.971362
112	159	1.02948
112	161	0.984698
112	164	1.02846
112	165	0.99003
112	167	1.01257
112	170	0.94248
112	171	0.957769
112	172	0.939609
112	174	0.913986
112	175	0.897979
112	176	0.906531
112	177	0.927059
112	178	0.950233
112	179	0.901744
112	180	0.910783
113	65	0.786542
113	79	0.743923
113	93	1.20099
113	99	1.02525
113	121	1.06466
113	129	1.01139
113	133	1.0583
113	134	1.20095
113	137	0.996896
113	148	1.03131
113	152	0.953835
113	153	0.985911
113	156	0.992793
113	158	1.01457
113	159	1.03841
113	161	0.993628
113	162	0.942744
113	168	0.980354
113	170	0.95141
113	171	0.966699
113	172	0.94854
113	174	0.922917
113	175	0.906909
113	176	0.915462
113	177	0.935989
113	178	0.959163
113	179	0.910675
113	180	0.919713
114	49	2.74701
114	78	2.45299
114	85	0.944456
114	107	0.952656
114	132	0.888088
114	137	0.886902
114	142	0.904421
114	146	0.91931
114	148	0.921315
114	152	0.843842
114	153	0.875917
114	162	0.832751
114	164	0.927397
114	165	0.888967
114	167	0.911506
114	168	0.87036
114	170	0.841417
114	171	0.856705
114	172	0.838546
114	174	0.812923
114	175	0.796915
114	176	0.805468
114	177	0.825995
114	178	0.849169
114	179	0.800681
114	180	0.809719
115	35	0.869024
115	45	0.661241
115	86	1.04875
115	94	1.02418
115	95	0.975704
115	103	1.01844
115	104	0.961219
115	107	0.960406
115	109	0.998961
115	116	1.02744
115	126	1.00043
115	128	1.03201
115	130	0.995907
115	134	1.04778
115	139	1.04182
115	140	1.0256
115	141	0.998932
115	144	1.02749
115	145	0.968868
115	147	1.2939
115	149	1.02589
115	150	1.01113
115	154	1.02171
115	155	1.03978
115	158	1.02351
115	159	1.22256
115	163	0.941232
115	165	1.74106
115	173	0.909352
116	69	0.77564
116	72	1.01818
116	79	1.05426
116	94	1.01875
116	95	0.970266
116	103	1.013
116	109	0.993523
116	115	1.02744
116	126	0.994995
116	128	1.02657
116	129	1.12337
116	130	0.990469
116	134	1.04234
116	139	1.03638
116	140	1.02016
116	141	0.993493
116	144	1.02205
116	145	0.96343
116	149	1.02045
116	150	1.00569
116	153	1.30934
116	154	1.01628
116	155	1.03434
116	157	1.64776
116	158	1.01807
116	167	1.12326
116	169	0.975492
116	171	1.43253
116	173	0.903913
117	4	1.53912
117	5	1.02441
117	19	1.02936
117	37	0.718859
117	110	1.04735
117	125	1.0921
117	142	1.00768
117	146	1.02256
117	149	0.793519
117	152	0.947096
117	156	0.986053
117	159	1.03168
117	161	0.986889
117	162	0.936005
117	163	0.942123
117	164	1.03065
117	165	0.992221
117	167	1.01476
117	168	0.973615
117	170	0.944671
117	171	0.95996
117	172	0.9418
117	174	0.916178
117	175	0.90017
117	176	0.908722
117	177	0.92925
117	178	0.952424
117	179	0.903936
117	180	0.912974
118	34	1.28241
118	100	1.02075
118	121	1.01459
118	128	1.27653
118	130	1.37843
118	135	0.98367
118	137	0.946826
118	143	0.928492
118	147	1.00901
118	151	0.940123
118	152	0.903765
118	159	0.988344
118	161	0.943558
118	162	0.892674
118	164	0.98732
118	165	0.948891
118	167	0.97143
118	168	0.930284
118	169	0.938491
118	170	0.90134
118	171	0.916629
118	172	0.89847
118	174	0.872847
118	175	0.856839
118	176	0.865392
118	177	0.885919
118	178	0.909093
118	179	0.860605
118	180	0.869643
119	15	0.947387
119	19	0.949573
119	31	1.02617
119	41	0.898425
119	48	0.992928
119	63	0.967609
119	73	1.02092
119	80	0.998155
119	81	1.01458
119	90	0.912773
119	91	0.972909
119	97	0.676284
119	102	1.00493
119	105	1.03736
119	106	0.997961
119	108	1.0451
119	110	0.887418
119	120	1.01433
119	122	1.0481
119	124	1.04093
119	125	1.00135
119	127	0.999257
119	131	1.03294
119	135	1.00851
119	136	1.03857
119	137	1.34308
119	164	0.871182
119	166	0.960836
119	169	0.974187
119	179	2.28917
120	10	0.940667
120	15	0.942325
120	25	0.984202
120	26	1.02282
120	31	1.02111
120	63	0.962547
120	73	1.01586
120	80	0.993093
120	81	1.00952
120	91	0.967847
120	106	0.992898
120	108	1.04004
120	112	0.868348
120	119	1.01433
120	122	1.04304
120	124	1.03587
120	125	0.99629
120	127	0.994195
120	131	1.02787
120	135	1.00345
120	136	1.03351
120	146	1.20742
120	147	1.04826
120	151	0.970758
120	153	1.38306
120	159	0.976928
120	160	1.03101
120	166	0.955774
120	169	0.969125
120	174	2.05193
121	4	1.46636
121	53	1.35558
121	74	0.719394
121	76	1.10217
121	80	0.536102
121	91	0.869935
121	113	1.06466
121	118	1.01459
121	122	0.78239
121	133	1.07482
121	137	1.01342
121	143	0.995086
121	153	1.00243
121	156	1.00932
121	159	1.05494
121	161	1.01015
121	162	0.959268
121	164	1.05391
121	165	1.01548
121	167	1.03802
121	168	0.996877
121	169	1.00508
121	171	0.983223
121	172	0.965063
121	175	0.923433
121	176	0.931985
121	177	0.952513
121	178	0.975687
121	179	0.927198
121	180	0.936237
122	8	1.02076
122	15	0.976098
122	19	0.978284
122	48	1.02164
122	73	1.04964
122	80	1.02687
122	81	1.04329
122	85	0.530059
122	87	0.811073
122	91	1.00162
122	102	1.03364
122	105	1.06607
122	106	1.02667
122	108	1.07381
122	119	1.0481
122	120	1.04304
122	121	0.78239
122	124	1.06964
122	125	1.03006
122	127	1.02797
122	131	1.06165
122	133	0.798715
122	135	1.03722
122	136	1.06728
122	151	1.00453
122	160	1.06478
122	161	1.26856
122	166	0.989547
122	167	1.12653
122	169	1.0029
122	180	2.11514
123	11	1.04772
123	20	1.03426
123	27	1.00528
123	40	0.981399
123	49	1.06191
123	50	1.46485
123	57	1.24216
123	60	1.0059
123	70	0.84863
123	79	1.02504
123	82	1.59573
123	130	0.96125
123	136	0.654565
123	140	0.990938
123	144	0.992835
123	152	0.911547
123	154	0.987056
123	155	1.00512
123	158	0.98885
123	160	1.00816
123	161	0.95134
123	163	0.906574
123	166	0.932921
123	171	0.924411
123	172	0.906251
123	173	0.874694
123	175	0.864621
123	176	0.873173
123	177	0.893701
123	178	0.916875
123	179	0.868387
123	180	0.877425
124	10	0.96727
124	15	0.968929
124	19	0.971115
124	25	1.01081
124	26	1.04942
124	31	1.04771
124	48	1.01447
124	63	0.989151
124	69	0.564324
124	73	1.04247
124	80	1.0197
124	91	0.994451
124	102	1.02647
124	106	1.0195
124	108	1.06664
124	112	0.58331
124	119	1.04093
124	120	1.03587
124	122	1.06964
124	125	1.02289
124	127	1.0208
124	131	1.05448
124	135	1.03005
124	136	1.06011
124	151	0.997361
124	157	1.43644
124	160	1.05761
124	162	1.80522
124	164	0.715422
124	169	0.995729
124	170	1.80227
124	171	1.22121
125	15	0.929348
125	19	0.931535
125	25	0.971225
125	26	1.00984
125	48	0.974889
125	63	0.94957
125	73	1.00289
125	80	0.980116
125	81	0.996543
125	85	0.767009
125	91	0.95487
125	102	0.986893
125	104	0.936437
125	106	0.979922
125	108	1.02706
125	117	1.0921
125	119	1.00135
125	120	0.99629
125	122	1.03006
125	124	1.02289
125	127	0.981218
125	129	1.3636
125	131	1.0149
125	135	0.99047
125	136	1.02053
125	148	1.38792
125	151	0.957781
125	153	1.54956
125	160	1.01803
125	161	1.50551
125	166	0.942797
125	169	0.956148
126	72	0.991173
126	86	1.0163
126	89	1.00577
126	94	0.991741
126	95	0.94326
126	101	1.02319
126	103	0.985994
126	105	1.01166
126	109	0.966518
126	111	0.871454
126	115	1.00043
126	116	0.994995
126	128	0.999564
126	130	0.963464
126	134	1.01534
126	139	1.00938
126	140	0.993152
126	141	0.966488
126	144	0.995049
126	149	0.993448
126	150	0.978684
126	154	0.98927
126	155	1.00734
126	158	0.991064
126	159	0.862385
126	162	1.97571
126	163	0.908789
126	166	1.60258
126	168	1.23576
126	169	0.948487
126	173	0.876908
126	178	1.55125
127	10	0.925595
127	15	0.927254
127	19	0.92944
127	26	1.00775
127	31	1.00604
127	41	0.878291
127	48	0.972794
127	63	0.947475
127	73	1.00079
127	81	0.994448
127	91	0.952775
127	102	0.984798
127	104	0.934342
127	105	1.01723
127	106	0.977827
127	108	1.02497
127	119	0.999257
127	120	0.994195
127	122	1.02797
127	124	1.0208
127	125	0.981218
127	131	1.0128
127	135	0.988375
127	136	1.01843
127	151	0.955686
127	156	1.25472
127	166	0.940702
127	167	0.744024
127	169	0.954054
127	170	1.63435
127	171	1.05329
127	175	2.3265
127	180	1.73263
128	3	0.973491
128	35	0.531222
128	69	0.757196
128	71	0.645481
128	72	1.02275
128	79	1.05883
128	86	1.04788
128	87	0.789356
128	89	1.03735
128	95	0.974835
128	97	0.713394
128	101	1.05477
128	103	1.01757
128	105	1.04324
128	115	1.03201
128	116	1.02657
128	118	1.27653
128	126	0.999564
128	130	0.995039
128	134	1.04691
128	139	1.04095
128	140	1.02473
128	141	0.998063
128	144	1.02662
128	149	1.02502
128	150	1.01026
128	154	1.02085
128	155	1.03891
128	158	1.02264
128	163	0.940363
128	169	0.980062
128	173	0.908483
128	176	2.23053
129	51	1.52959
129	68	1.01035
129	103	1.36601
129	107	1.0259
129	113	1.01139
129	116	1.12337
129	125	1.3636
129	133	1.02155
129	140	0.854083
129	143	0.941816
129	146	0.992558
129	148	0.994562
129	152	0.917089
129	153	0.949164
129	156	0.956046
129	157	0.943546
129	159	1.00167
129	162	0.905998
129	163	0.912116
129	164	1.00064
129	165	0.962214
129	167	0.984754
129	168	0.943608
129	170	0.914664
129	172	0.911793
129	173	0.880236
129	174	0.886171
129	175	0.870163
129	176	0.878715
129	177	0.899243
129	178	0.922417
129	179	0.873929
129	180	0.882967
130	3	0.93739
130	4	0.933213
130	49	1.0596
130	79	1.02273
130	86	1.01178
130	87	0.891252
130	89	1.00124
130	95	0.938735
130	99	1.47454
130	103	0.981469
130	109	0.961992
130	112	0.878077
130	115	0.995907
130	116	0.990469
130	118	1.37843
130	123	0.96125
130	126	0.963464
130	128	0.995039
130	134	1.01081
130	137	1.48209
130	139	1.00485
130	140	0.988626
130	141	0.961962
130	144	0.990523
130	149	0.988922
130	150	0.974159
130	154	0.984744
130	155	1.00281
130	158	0.986538
130	160	1.14812
130	163	0.904263
130	169	0.943961
130	173	0.872382
131	7	0.274069
131	10	0.959274
131	19	0.963118
131	26	1.04143
131	31	1.03972
131	41	0.911969
131	48	1.00647
131	63	0.981154
131	69	0.343467
131	73	1.03447
131	80	1.0117
131	81	1.02813
131	91	0.986454
131	105	1.05091
131	106	1.01151
131	108	1.05864
131	119	1.03294
131	120	1.02787
131	122	1.06165
131	124	1.05448
131	125	1.0149
131	127	1.0128
