1	12	0.975942
1	30	0.915555
1	53	0.992711
1	58	0.991651
1	63	1.13356
1	64	0.925312
1	72	0.915105
1	84	0.958633
1	115	0.85477
1	140	1.45267
1	155	0.882401
1	171	1.61915
2	53	0.79306
2	137	0.717154
2	141	0.662925
2	142	0.601859
2	156	1.0804
2	166	1.13235
2	173	1.07092
2	174	1.00806
2	176	1.05312
2	177	1.03404
2	179	0.983461
2	180	1.03491
3	18	0.927984
3	28	0.946335
3	35	0.891331
3	40	0.868416
3	43	0.905572
3	45	1.02229
3	68	0.9516
3	76	0.913583
3	116	0.929822
3	146	1.57582
3	160	0.930685
3	169	1.72045
4	48	0.842327
4	77	1.09609
4	116	1.03094
4	154	1.02862
4	167	0.924519
4	171	0.946735
4	172	0.9918
4	174	0.885347
4	176	0.930402
4	177	0.911323
4	179	0.860747
4	180	0.912194
5	25	1.07731
5	38	1.04429
5	75	1.05251
5	82	1.01244
5	89	1.07666
5	97	1.04885
5	118	1.12752
5	125	0.92015
5	154	0.944596
5	155	1.22768
5	159	1.30116
5	169	0.975579
6	8	0.742985
6	22	0.939215
6	29	0.93906
6	48	1.02696
6	51	0.864773
6	59	0.975203
6	63	1.31255
6	150	0.962597
6	151	1.45549
6	152	0.980301
6	157	0.987796
6	162	1.42803
7	19	0.974309
7	21	0.972256
7	75	0.932076
7	82	0.892008
7	89	0.956227
7	97	0.928416
7	111	1.07756
7	118	1.00708
7	127	1.12121
7	128	0.894512
7	169	0.855146
7	179	2.01746
8	6	0.742985
8	22	0.828027
8	29	0.827872
8	48	0.915776
8	51	0.753585
8	59	0.864015
8	85	0.875437
8	148	2.04733
8	149	1.97579
8	150	0.851408
8	152	0.869112
8	157	0.876607
9	87	0.957292
9	92	0.928761
9	100	0.905098
9	101	0.979663
9	102	0.910032
9	109	0.934402
9	116	0.927782
9	146	1.35249
9	153	1.19382
9	163	0.965385
9	164	0.917151
9	167	1.68627
10	56	0.920868
10	80	1.01338
10	118	0.981314
10	121	1.06366
10	124	1.0258
10	126	1.05991
10	139	1.23937
10	150	1.08413
10	152	1.10183
10	163	1.08938
10	164	1.20583
10	168	0.945863
11	18	1.04428
11	35	1.00762
11	43	1.02186
11	45	1.13858
11	68	1.06789
11	76	1.02987
11	113	0.762939
11	116	1.04611
11	160	1.04698
11	161	1.21561
11	169	1.21208
11	173	1.18448
12	1	0.975942
12	53	1.1145
12	58	1.11344
12	60	1.05918
12	64	1.0471
12	72	1.03689
12	79	1.0634
12	84	1.08042
12	125	1.02364
12	155	1.00419
12	158	1.25483
12	170	1.03515
13	36	1.09132
13	41	0.966729
13	52	1.062
13	67	0.915328
13	77	0.990943
13	81	1.0529
13	86	1.0154
13	96	0.99507
13	151	1.10137
13	162	1.07391
13	164	1.12437
13	170	1.02602
13	173	1.3975
14	67	0.934352
14	104	0.640158
14	108	0.704725
14	128	0.8755
14	151	1.10625
14	156	1.02508
14	159	1.03004
14	166	1.07702
14	173	1.0156
14	175	0.956153
14	177	0.978713
14	179	0.928137
14	180	0.979584
15	57	1.08165
15	93	1.0174
15	106	0.974042
15	112	0.998929
15	117	0.887006
15	121	1.0315
15	124	0.993641
15	126	1.02775
15	136	1.20823
15	163	1.05722
15	168	0.913702
15	173	1.30083
15	176	1.35429
16	51	0.995707
16	92	0.702251
16	95	0.968841
16	99	0.698041
16	150	1.09353
16	152	1.11123
16	157	1.11873
16	163	0.733073
16	166	1.04624
16	175	0.925371
16	178	0.962389
16	179	0.897355
16	180	0.948801
17	37	0.974425
17	87	1.0344
17	99	1.053
17	100	0.982208
17	101	1.05677
17	102	0.987142
17	109	1.01151
17	136	1.15572
17	147	0.905216
17	148	1.24778
17	163	1.0425
17	164	0.994261
17	167	1.46506
18	3	0.927984
18	11	1.04428
18	35	0.965988
18	42	1.51107
18	43	0.980229
18	45	1.09695
18	46	0.689189
18	50	1.05798
18	56	0.927881
18	68	1.02626
18	76	0.98824
18	160	1.00534
18	173	1.48597
19	7	0.974309
19	21	1.07745
19	38	1.02905
19	54	0.992681
19	82	0.997201
19	89	1.06142
19	97	1.03361
19	128	0.999705
19	167	1.16711
19	169	0.960339
19	171	0.996886
19	174	1.4279
19	177	1.1741
20	88	0.955828
20	92	1.01308
20	99	1.06021
20	100	0.98942
20	101	1.06398
20	102	0.994354
20	109	1.01872
20	114	1.0504
20	119	1.04406
20	136	1.22157
20	163	1.04971
20	164	1.00147
20	178	1.4389
21	7	0.972256
21	19	1.07745
21	25	1.06001
21	54	0.990628
21	75	1.03522
21	82	0.995147
21	97	1.03156
21	114	0.830584
21	128	0.997652
21	169	0.958286
21	173	1.09434
21	174	1.57188
21	180	1.23584
22	6	0.939215
22	8	0.828027
22	29	1.0241
22	31	0.952375
22	48	1.11201
22	51	0.949815
22	59	1.06025
22	129	1.2465
22	150	1.04764
22	152	1.06534
22	154	1.25125
22	157	1.07284
22	170	1.23831
23	61	0.92558
23	133	0.892681
23	134	0.889541
23	135	0.879875
23	137	0.928075
23	138	0.913167
23	141	0.898771
23	142	0.928912
23	144	0.913846
23	145	0.916191
23	158	1.25966
23	159	1.40949
23	175	1.86882
24	44	0.96952
24	67	0.922282
24	70	1.0269
24	77	0.997896
24	78	1.05767
24	81	1.05986
24	86	1.02235
24	96	1.00202
24	118	0.628955
24	170	1.03297
24	175	1.56778
24	178	1.25133
24	180	1.26809
25	5	1.07731
25	21	1.06001
25	38	1.01162
25	54	0.975246
25	75	1.01983
25	82	0.979766
25	89	1.04398
25	97	1.01617
25	165	1.30448
25	166	1.06373
25	169	0.942904
25	170	0.91075
25	180	1.4399
26	130	1.00244
26	134	0.990145
26	135	0.98048
26	137	1.02868
26	138	1.01377
26	141	0.999376
26	142	1.02952
26	143	1.31894
26	144	1.01445
26	145	1.0168
26	159	1.11386
26	165	1.13808
26	176	1.18546
27	73	1.2073
27	110	1.00452
27	130	1.00666
27	133	0.99751
27	134	0.994369
27	135	0.984704
27	136	1.19975
27	138	1.018
27	142	1.03374
27	144	1.01867
27	145	1.02102
27	153	1.01665
27	176	1.34581
28	3	0.946335
28	33	0.949346
28	35	0.984339
28	43	0.99858
28	45	1.1153
28	68	1.04461
28	71	0.923008
28	76	1.00659
28	113	1.03967
28	115	1.49523
28	116	1.02283
28	160	1.02369
28	164	1.18809
29	6	0.93906
29	8	0.827872
29	22	1.0241
29	48	1.11185
29	51	0.94966
29	59	1.06009
29	65	0.827964
29	150	1.04748
29	152	1.06519
29	153	1.14893
29	157	1.07268
29	164	1.1515
29	180	1.56613
30	1	0.915555
30	60	0.998795
30	63	1.15571
30	64	0.986715
30	72	0.976508
30	135	0.964858
30	138	0.99815
30	142	1.01389
30	144	0.998829
30	145	1.00117
30	155	0.943804
30	162	1.27119
30	170	1.20712
30	172	1.35143
31	22	0.952375
31	32	1.18178
31	50	0.605704
31	61	0.497255
31	134	0.851725
31	146	1.10579
31	157	0.45897
31	162	1.16651
31	165	1.09637
31	173	1.09119
31	174	1.02832
31	176	1.07338
31	179	1.00372
31	180	1.05517
32	31	1.18178
32	64	0.782222
32	73	0.999948
32	84	0.792271
32	111	1.07391
32	134	1.04789
32	146	0.958797
32	148	0.95392
32	150	0.743247
32	154	1.0246
32	176	0.926383
32	178	0.921762
32	179	0.856728
32	180	0.908174
33	28	0.949346
33	43	0.908583
33	54	1.3286
33	68	0.954611
33	76	0.916594
33	94	1.28183
33	112	1.01123
33	136	0.916881
33	153	0.933189
33	160	0.933696
33	161	0.891276
33	174	0.793608
33	179	0.769009
33	180	0.820455
34	60	1.11737
34	72	1.09508
34	82	1.0645
34	84	1.13861
34	89	1.12872
34	97	1.10091
34	111	0.975014
34	128	1.067
34	131	0.858732
34	154	0.975742
34	155	1.06237
34	162	1.02687
34	165	1.35653
34	169	1.02764
35	3	0.891331
35	11	1.00762
35	18	0.965988
35	28	0.984339
35	43	0.943576
35	45	1.06029
35	47	1.1226
35	50	1.02133
35	68	0.989605
35	76	0.951587
35	114	1.29019
35	122	0.987508
35	160	0.968689
35	176	1.6074
36	13	1.09132
36	41	1.04547
36	55	1.13083
36	67	0.994067
36	78	1.12945
36	81	1.13164
36	86	1.09414
36	96	1.07381
36	119	1.02714
36	140	1.17728
36	147	0.95414
36	153	1.02153
36	166	1.06256
36	170	1.10476
37	17	0.974425
37	87	1.00536
37	88	0.919573
37	92	0.976828
37	99	1.02395
37	101	1.02773
37	102	0.958099
37	109	0.982469
37	118	1.05654
37	125	1.15502
37	149	1.48211
37	160	1.2608
37	163	1.01345
37	164	0.965218
38	5	1.04429
38	19	1.02905
38	25	1.01162
38	54	0.942233
38	75	0.986821
38	82	0.946753
38	89	1.01097
38	97	0.983161
38	123	0.967683
38	128	0.949257
38	143	1.48305
38	159	1.27798
38	169	0.909891
38	171	1.34265
39	46	0.699499
39	80	0.952575
39	94	0.995851
39	106	0.945401
39	112	0.970288
39	121	1.00286
39	124	0.965
39	126	0.999105
39	152	1.04103
39	160	1.20289
39	163	1.02858
39	168	0.885061
39	169	1.52388
39	173	1.49628
40	3	0.868416
40	75	0.695062
40	105	0.453482
40	109	0.534523
40	113	1.21225
40	128	0.858184
40	149	1.10983
40	172	1.14735
40	174	1.0409
40	175	1.04432
40	176	1.08595
40	178	1.08133
40	179	1.0163
40	180	1.06775
41	13	0.966729
41	36	1.04547
41	52	1.01614
41	55	1.00623
41	67	0.869471
41	77	0.945085
41	78	1.00486
41	81	1.00705
41	96	0.949213
41	129	0.765016
41	167	1.36123
41	168	1.33945
41	170	0.980161
41	175	1.58566
42	18	1.51107
42	78	1.10584
42	136	0.958243
42	152	1.1715
42	155	0.926362
42	158	0.945521
42	171	0.896359
42	172	0.941424
42	173	0.897835
42	174	0.834971
42	175	0.838387
42	178	0.875405
42	179	0.810371
42	180	0.861818
43	3	0.905572
43	11	1.02186
43	18	0.980229
43	28	0.99858
43	33	0.908583
43	35	0.943576
43	45	1.07454
43	68	1.00385
43	76	0.965828
43	123	1.00343
43	153	1.05617
43	160	0.98293
43	168	1.52684
43	180	1.47337
44	24	0.96952
44	52	1.01198
44	55	1.00207
44	70	0.969932
44	77	0.940923
44	78	1.00069
44	81	1.00288
44	86	0.965377
44	96	0.945051
44	122	0.881142
44	156	1.34065
44	158	1.27961
44	169	1.47519
44	170	0.975998
45	3	1.02229
45	11	1.13858
45	18	1.09695
45	28	1.1153
45	35	1.06029
45	43	1.07454
45	76	1.08255
45	116	1.09879
45	117	0.630466
45	160	1.09965
45	161	1.07542
45	166	0.809614
45	175	1.48548
45	177	1.26803
46	18	0.689189
46	39	0.699499
46	64	1.20499
46	84	1.23831
46	94	0.614359
46	128	0.88584
46	155	1.16208
46	163	0.45708
46	168	1.104
46	173	1.13356
46	178	1.11113
46	179	1.04609
46	180	1.09754
47	35	1.1226
47	52	0.853773
47	85	0.601369
47	124	0.999456
47	153	1.05972
47	158	1.03069
47	161	1.01781
47	171	0.98153
47	172	1.0266
47	175	0.923558
47	176	0.965197
47	177	0.946118
47	179	0.895542
47	180	0.946989
48	4	0.842327
48	6	1.02696
48	8	0.915776
48	22	1.11201
48	29	1.11185
48	51	1.03756
48	59	1.14799
48	140	0.927874
48	150	1.13539
48	152	1.15309
48	157	1.16059
48	170	0.660176
48	173	1.04783
48	174	1.52537
49	73	1.47759
49	91	0.947203
49	107	1.06589
49	108	0.957234
49	113	1.1411
49	130	0.948775
49	133	0.939621
49	134	0.93648
49	135	0.926815
49	137	0.975014
49	138	0.960106
49	141	0.945711
49	142	0.975852
49	145	0.96313
49	169	1.59025
50	18	1.05798
50	31	0.605704
50	35	1.02133
50	68	1.0816
50	76	1.04358
50	93	1.0576
50	112	1.03913
50	126	1.06795
50	153	1.00359
50	160	1.06068
50	163	1.09742
50	164	1.00617
50	165	1.28537
50	168	0.953904
50	180	1.42079
51	6	0.864773
51	8	0.753585
51	16	0.995707
51	22	0.949815
51	29	0.94966
51	48	1.03756
51	59	0.985803
51	85	0.997226
51	113	1.14613
51	114	1.30391
51	117	1.15385
51	150	0.973197
51	152	0.990901
51	157	0.998396
51	178	1.69241
52	13	1.062
52	41	1.01614
52	44	1.01198
52	47	0.853773
52	55	1.1015
52	67	0.964743
52	77	1.04036
52	78	1.10013
52	86	1.06481
52	96	1.04449
52	129	0.905656
52	139	1.04554
52	140	1.16516
52	170	1.07543
52	171	1.33164
53	1	0.992711
53	2	0.79306
53	12	1.1145
53	58	1.13021
53	60	1.07595
53	64	1.06387
53	66	0.977593
53	72	1.05366
53	84	1.09719
53	107	0.90658
53	115	0.993328
53	131	0.911609
53	155	1.02096
53	172	1.15999
53	178	1.52807
54	19	0.992681
54	21	0.990628
54	25	0.975246
54	33	1.3286
54	38	0.942233
54	75	0.950448
54	82	0.91038
54	89	0.974599
54	97	0.946788
54	118	1.02545
54	127	1.12612
54	128	0.912884
54	160	1.16452
54	161	1.48903
54	169	0.873518
55	36	1.13083
55	41	1.00623
55	44	1.00207
55	52	1.1015
55	67	0.954831
55	77	1.03045
55	81	1.09241
55	86	1.0549
55	96	1.03457
55	148	1.03804
55	165	1.04465
55	168	1.23354
55	170	1.06552
55	171	1.0851
55	178	1.16331
56	10	0.920868
56	18	0.927881
56	89	0.653859
56	105	0.719831
56	132	1.20021
56	142	0.654045
56	143	1.04599
56	149	1.05591
56	159	1.06428
56	172	1.09343
56	176	1.03204
56	177	1.01296
56	178	1.02741
56	179	0.96238
56	180	1.01383
57	15	1.08165
57	66	0.977152
57	93	1.06613
57	105	1.09203
57	106	1.02278
57	112	1.04766
57	113	0.87244
57	124	1.04238
57	126	1.07648
57	140	1.17403
57	146	1.17695
57	152	1.11841
57	155	1.20235
57	168	0.962438
57	172	1.05064
58	1	0.991651
58	12	1.11344
58	53	1.13021
58	60	1.07489
58	64	1.06281
58	66	0.976533
58	72	1.0526
58	84	1.09613
58	115	0.992269
58	125	0.969097
58	139	1.12867
58	147	1.02516
58	155	1.0199
58	170	0.980601
58	173	1.36826
59	6	0.975203
59	8	0.864015
59	22	1.06025
59	29	1.06009
59	48	1.14799
59	51	0.985803
59	85	1.10766
59	107	0.805817
59	123	0.974127
59	150	1.08363
59	152	1.10133
59	157	1.10883
59	159	1.28442
59	164	1.02944
59	180	1.44407
60	12	1.05918
60	30	0.998795
60	34	1.11737
60	53	1.07595
60	58	1.07489
60	64	1.00855
60	66	0.922274
60	72	0.998345
60	84	1.04187
60	115	0.938009
60	153	0.86651
60	155	0.965641
60	156	1.03528
60	168	1.33718
60	172	0.898876
60	179	1.70668
61	23	0.92558
61	31	0.497255
61	69	1.03303
61	103	0.995028
61	108	1.02888
61	133	1.01127
61	134	1.00813
61	137	1.04666
61	141	1.01736
61	142	1.0475
61	144	1.03243
61	145	1.03478
61	149	1.09878
61	168	1.36581
61	177	1.39458
61	178	1.29559
62	73	1.03396
62	79	0.759608
62	95	1.00604
62	110	1.01412
62	130	1.01627
62	133	1.00712
62	134	1.00398
62	135	0.994311
62	138	1.0276
62	141	1.01321
62	142	1.04335
62	144	1.02828
62	145	1.03063
62	173	1.11902
62	178	1.24375
62	179	1.68347
63	1	1.13356
63	6	1.31255
63	30	1.15571
63	102	1.00641
63	129	1.07317
63	136	0.991929
63	140	0.97841
63	166	0.992944
63	168	0.901967
63	172	0.97511
63	174	0.868657
63	175	0.872073
63	176	0.913712
63	177	0.894633
63	179	0.844057
63	180	0.895504
64	1	0.925312
64	12	1.0471
64	30	0.986715
64	32	0.782222
64	46	1.20499
64	53	1.06387
64	58	1.06281
64	60	1.00855
64	72	0.986266
64	84	1.02979
64	115	0.92593
64	143	1.44658
64	155	0.953562
64	164	0.98652
64	166	1.02497
64	180	1.40115
65	29	0.827964
65	68	0.745114
65	97	0.578247
65	106	0.975487
65	108	0.915174
65	158	1.08281
65	162	1.11045
65	165	1.04032
65	173	1.03513
65	174	0.972264
65	175	0.97568
65	176	1.01732
65	177	0.998241
65	178	1.0127
65	179	0.947664
65	180	0.999111
66	53	0.977593
66	57	0.977152
66	58	0.976533
66	60	0.922274
66	72	0.899988
66	84	0.943516
66	94	0.919992
66	121	0.927004
66	124	0.889141
66	126	0.923247
66	136	1.56339
66	152	0.965173
66	153	1.38029
66	154	1.28128
66	155	0.867284
66	166	1.42131
67	13	0.915328
67	14	0.934352
67	24	0.922282
67	36	0.994067
67	41	0.869471
67	52	0.964743
67	55	0.954831
67	77	0.893685
67	78	0.953456
67	81	0.955646
67	86	0.918138
67	96	0.897812
67	123	1.41303
67	155	1.64984
67	162	1.41789
67	170	0.92876
68	3	0.9516
68	11	1.06789
68	18	1.02626
68	28	1.04461
68	33	0.954611
68	35	0.989605
68	43	1.00385
68	50	1.0816
68	65	0.745114
68	76	1.01186
68	116	1.0281
68	125	0.942623
68	127	1.01
68	147	0.998686
68	160	1.02896
68	179	1.90624
69	61	1.03303
69	123	0.912575
69	130	1.00929
69	131	0.749295
69	133	1.00013
69	134	0.996992
69	135	0.987327
69	137	1.03553
69	138	1.02062
69	141	1.00622
69	142	1.03636
69	144	1.0213
69	145	1.02364
69	166	1.00634
69	174	1.71855
69	177	1.46475
70	24	1.0269
70	44	0.969932
70	78	1.05808
70	86	1.02276
70	93	1.0146
70	96	1.00244
70	111	0.926751
70	117	0.888365
70	121	1.0287
70	146	1.18516
70	150	1.04917
70	163	1.05442
70	165	1.30826
70	168	0.910902
70	170	1.03338
70	177	1.52593
71	28	0.923008
71	124	0.892593
71	135	0.890639
71	137	0.789216
71	145	0.787372
71	153	1.0802
71	166	1.0649
71	168	0.973925
71	171	1.002
71	172	1.04707
71	173	1.00348
71	174	0.940615
71	175	0.944032
71	177	0.966592
71	178	0.98105
71	179	0.916016
71	180	0.967462
72	1	0.915105
72	12	1.03689
72	30	0.976508
72	34	1.09508
72	53	1.05366
72	58	1.0526
72	60	0.998345
72	64	0.986266
72	66	0.899988
72	84	1.01959
72	115	0.915723
72	122	0.996935
72	154	1.18866
72	155	0.943354
72	160	1.26999
72	164	1.29025
72	172	1.32004
73	27	1.2073
73	32	0.999948
73	49	1.47759
73	62	1.03396
73	125	0.995602
73	130	1.15717
73	153	0.98607
73	154	0.989761
73	167	0.885661
73	168	0.879799
73	172	0.952942
73	174	0.846489
73	176	0.891545
73	177	0.872466
73	178	0.886923
73	179	0.82189
73	180	0.873336
74	83	0.958002
74	93	0.99076
74	94	0.997854
74	98	1.16869
74	105	1.01666
74	112	0.972292
74	114	1.24607
74	118	1.01219
74	121	1.00487
74	124	0.967003
74	126	1.00111
74	139	1.27024
74	146	1.39279
74	150	1.02533
74	152	1.04304
74	163	1.03058
74	168	0.887065
75	5	1.05251
75	7	0.932076
75	21	1.03522
75	25	1.01983
75	38	0.986821
75	40	0.695062
75	54	0.950448
75	82	0.954968
75	89	1.01919
75	97	0.991376
75	107	1.02274
75	118	1.07004
75	122	0.953055
75	128	0.957472
75	165	1.52557
75	168	1.71446
75	169	0.918106
76	3	0.913583
76	11	1.02987
76	18	0.98824
76	28	1.00659
76	33	0.916594
76	35	0.951587
76	43	0.965828
76	45	1.08255
76	50	1.04358
76	68	1.01186
76	111	0.940646
76	116	0.990078
76	156	1.20915
76	159	1.29794
76	160	0.990941
76	173	1.31609
76	176	1.36954
77	4	1.09609
77	13	0.990943
77	24	0.997896
77	41	0.945085
77	44	0.940923
77	52	1.04036
77	55	1.03045
77	67	0.893685
77	78	1.02907
77	81	1.03126
77	86	0.993753
77	96	0.973427
77	131	0.809871
77	167	1.51834
77	170	1.00437
77	172	1.05825
77	180	1.44309
78	24	1.05767
78	36	1.12945
78	41	1.00486
78	42	1.10584
78	44	1.00069
78	52	1.10013
78	67	0.953456
78	70	1.05808
78	77	1.02907
78	81	1.09103
78	86	1.05352
78	96	1.0332
78	131	0.589016
78	139	0.841157
78	143	1.26767
78	148	1.0802
78	170	1.06415
78	174	1.55827
79	12	1.0634
79	62	0.759608
79	98	1.08207
79	106	1.21275
79	144	0.768851
79	145	0.966173
79	147	1.10323
79	165	0.974819
79	167	0.945938
79	171	0.968153
79	172	1.01322
79	173	0.96963
79	174	0.906765
79	175	0.910182
79	176	0.951821
79	178	0.9472
79	179	0.882166
79	180	0.933612
80	10	1.01338
80	39	0.952575
80	93	0.965697
80	105	0.991598
80	106	0.922342
80	112	0.947229
80	117	0.992011
80	121	0.979804
80	124	0.941941
80	126	0.976046
80	143	1.59277
80	147	1.06274
80	148	1.4053
80	150	1.00027
80	152	1.01797
80	163	1.00552
80	168	0.862002
80	173	1.40584
81	13	1.0529
81	24	1.05986
81	36	1.13164
81	41	1.00705
81	44	1.00288
81	55	1.09241
81	67	0.955646
81	77	1.03126
81	78	1.09103
81	86	1.05571
81	96	1.03539
81	147	0.875817
81	151	0.922792
81	160	0.925532
81	170	1.06634
81	172	0.975574
81	173	1.21892
81	174	1.69645
82	5	1.01244
82	7	0.892008
82	19	0.997201
82	21	0.995147
82	25	0.979766
82	34	1.0645
82	38	0.946753
82	54	0.91038
82	75	0.954968
82	89	0.979119
82	97	0.951308
82	118	1.02997
82	146	1.29229
82	156	1.30238
82	166	1.17464
82	169	0.878038
82	170	1.02167
82	177	1.63306
83	74	0.958002
83	93	0.96912
83	94	0.976215
83	105	0.995021
83	106	0.925765
83	112	0.950652
83	121	0.983227
83	122	1.10312
83	124	0.945364
83	125	1.2704
83	126	0.97947
83	150	1.00369
83	152	1.0214
83	154	1.29485
83	163	1.00894
83	164	1.39643
83	168	0.865425
83	170	1.28191
84	1	0.958633
84	12	1.08042
84	32	0.792271
84	34	1.13861
84	46	1.23831
84	53	1.09719
84	58	1.09613
84	60	1.04187
84	64	1.02979
84	66	0.943516
84	72	1.01959
84	107	0.772946
84	115	0.959251
84	129	0.890234
84	148	1.26916
84	155	0.986882
84	171	1.31622
84	178	1.39444
85	8	0.875437
85	47	0.601369
85	51	0.997226
85	59	1.10766
85	94	1.06757
85	112	1.04201
85	124	1.03672
85	126	1.07083
85	136	0.940118
85	150	1.09505
85	152	1.11275
85	155	0.941082
85	157	1.12025
85	159	1.01457
85	163	1.1003
85	168	0.956783
85	174	1.51025
85	175	1.4739
86	13	1.0154
86	24	1.02235
86	36	1.09414
86	44	0.965377
86	52	1.06481
86	55	1.0549
86	67	0.918138
86	70	1.02276
86	77	0.993753
86	78	1.05352
86	81	1.05571
86	90	1.43897
86	96	0.997881
86	120	1.14445
86	127	0.957522
86	132	0.875807
86	151	0.993185
86	167	1.50605
86	170	1.02883
87	9	0.957292
87	17	1.0344
87	37	1.00536
87	88	0.97955
87	92	1.03681
87	99	1.08393
87	100	1.01314
87	101	1.08771
87	102	1.01808
87	109	1.04245
87	120	0.983334
87	146	0.961542
87	161	1.1097
87	163	1.07343
87	164	1.0252
87	167	1.29532
87	168	1.27354
87	171	1.1251
87	180	1.22007
88	20	0.955828
88	37	0.919573
88	87	0.97955
88	92	0.951019
88	99	0.998144
88	100	0.927356
88	101	1.00192
88	102	0.93229
88	104	0.921228
88	109	0.95666
88	115	1.39909
88	116	0.950041
88	120	0.897547
88	151	1.06896
88	163	0.987644
88	164	0.939409
88	167	1.58183
88	168	1.56005
88	172	1.12174
89	5	1.07666
89	7	0.956227
89	19	1.06142
89	25	1.04398
89	34	1.12872
89	38	1.01097
89	54	0.974599
89	56	0.653859
89	75	1.01919
89	82	0.979119
89	97	1.01553
89	118	1.09419
89	119	0.941844
89	123	0.883502
89	128	0.981623
89	154	0.837232
89	169	0.942257
89	175	1.65313
89	179	1.7764
90	86	1.43897
90	99	1.36849
90	129	1.00011
90	140	0.905359
90	146	0.873075
90	147	0.992075
90	149	0.864539
90	152	1.29606
90	157	1.28222
90	159	0.872905
90	162	0.933794
90	170	0.951396
90	171	0.856993
90	173	0.85847
90	175	0.799022
90	176	0.840661
90	177	0.821582
90	178	0.83604
90	179	0.771006
90	180	0.822452
91	49	0.947203
91	103	0.969711
91	108	1.00357
91	127	0.973738
91	130	0.995108
91	132	0.892023
91	133	0.985953
91	134	0.982813
91	135	0.973147
91	137	1.02135
91	138	1.00644
91	141	0.992043
91	142	1.02218
91	144	1.00712
91	145	1.00946
91	153	1.02982
91	155	1.21389
91	157	1.05748
91	169	1.33313
91	174	1.78306
92	9	0.928761
92	16	0.702251
92	20	1.01308
92	37	0.976828
92	87	1.03681
92	88	0.951019
92	99	1.0554
92	100	0.984611
92	101	1.05918
92	102	0.989545
92	109	1.01392
92	116	1.0073
92	119	0.952934
92	120	0.954802
92	127	0.89125
92	163	1.0449
92	164	0.996664
92	176	1.27649
92	177	1.44677
92	179	1.78749
93	15	1.0174
93	50	1.0576
93	57	1.06613
93	70	1.0146
93	74	0.99076
93	80	0.965697
93	83	0.96912
93	98	1.11013
93	105	1.02778
93	106	0.958523
93	107	0.954508
93	112	0.98341
93	120	1.3064
93	121	1.01598
93	124	0.978122
93	140	1.3313
93	150	1.03645
93	158	1.28328
93	168	0.898183
93	172	1.20792
94	33	1.28183
94	39	0.995851
94	46	0.614359
94	66	0.919992
94	74	0.997854
94	83	0.976215
94	85	1.06757
94	105	1.03487
94	106	0.965617
94	111	1.0357
94	112	0.990505
94	120	1.26628
94	121	1.02308
94	124	0.985216
94	126	1.01932
94	147	1.06804
94	150	1.04354
94	163	1.0488
94	168	0.905278
94	178	1.53588
95	16	0.968841
95	62	1.00604
95	108	0.994906
95	110	0.984299
95	118	0.991986
95	119	1.21953
95	125	1.00115
95	129	1.11016
95	130	0.986447
95	133	0.977293
95	135	0.964487
95	137	1.01269
95	138	0.997778
95	141	0.983383
95	142	1.01352
95	144	0.998458
95	145	1.0008
95	157	1.04882
95	160	1.19624
95	165	1.4957
96	13	0.99507
96	24	1.00202
96	36	1.07381
96	41	0.949213
96	44	0.945051
96	52	1.04449
96	55	1.03457
96	67	0.897812
96	70	1.00244
96	77	0.973427
96	78	1.0332
96	81	1.03539
96	86	0.997881
96	98	0.909278
96	147	0.907315
96	161	1.28154
96	166	1.01573
96	170	1.0085
96	175	1.6916
96	177	1.47415
97	5	1.04885
97	7	0.928416
97	19	1.03361
97	21	1.03156
97	25	1.01617
97	34	1.10091
97	38	0.983161
97	54	0.946788
97	65	0.578247
97	75	0.991376
97	82	0.951308
97	89	1.01553
97	118	1.06638
97	122	0.608473
97	128	0.953812
97	143	1.36184
97	149	1.10285
97	169	0.914446
97	174	1.65245
97	179	1.73937
98	74	1.16869
98	79	1.08207
98	93	1.11013
98	96	0.909278
98	100	0.803973
98	142	0.870997
98	143	0.962184
98	147	1.09964
98	156	0.975514
98	157	0.791428
98	162	1.04136
98	167	0.942343
98	170	1.05896
98	171	0.964558
98	172	1.00962
98	173	0.966034
98	175	0.906587
98	177	0.929147
98	178	0.943604
98	179	0.878571
98	180	0.930017
99	16	0.698041
99	17	1.053
99	20	1.06021
99	37	1.02395
99	87	1.08393
99	88	0.998144
99	90	1.36849
99	92	1.0554
99	100	1.03174
99	101	1.1063
99	104	1.02561
99	109	1.06104
99	116	1.05442
99	120	1.00193
99	147	0.875729
99	160	0.925443
99	161	1.24995
99	163	1.09202
99	164	1.04379
99	165	1.2249
99	166	0.984148
100	9	0.905098
100	17	0.982208
100	20	0.98942
100	87	1.01314
100	88	0.927356
100	92	0.984611
100	98	0.803973
100	99	1.03174
100	101	1.03551
100	102	0.965882
100	104	0.954821
100	109	0.990253
100	116	0.983633
100	120	0.931139
100	136	1.05251
100	161	1.17624
100	163	1.02124
100	164	0.973001
100	177	1.36884
100	178	1.26985
100	179	1.70957
101	9	0.979663
101	17	1.05677
101	20	1.06398
101	37	1.02773
101	87	1.08771
101	88	1.00192
101	92	1.05918
101	99	1.1063
101	100	1.03551
101	102	1.04045
101	104	1.02939
101	109	1.06482
101	117	0.898778
101	148	1.31207
101	154	0.937892
101	155	1.22097
101	162	0.989022
101	163	1.0958
101	164	1.04757
101	170	0.92495
101	178	1.43734
102	9	0.910032
102	17	0.987142
102	20	0.994354
102	37	0.958099
102	63	1.00641
102	87	1.01808
102	88	0.93229
102	92	0.989545
102	100	0.965882
102	101	1.04045
102	104	0.959754
102	109	0.995186
102	115	1.47948
102	116	0.988567
102	120	0.936073
102	151	1.14935
102	156	1.33854
102	162	1.12189
102	163	1.02617
102	164	0.977935
102	166	1.2108
103	61	0.995028
103	91	0.969711
103	108	0.979742
103	128	0.932897
103	130	0.971283
103	133	0.962128
103	134	0.958988
103	135	0.949322
103	137	0.997522
103	138	0.982614
103	141	0.968219
103	142	0.998359
103	144	0.983294
103	145	0.985638
103	157	1.03365
103	159	1.13108
103	172	0.905886
103	173	1.14923
103	177	1.37296
103	179	1.71369
103	180	1.29072
104	14	0.640158
104	88	0.921228
104	99	1.02561
104	100	0.954821
104	101	1.02939
104	102	0.959754
104	109	0.984125
104	123	1.11883
104	133	0.963532
104	134	0.960391
104	135	0.950726
104	137	0.998925
104	141	0.969622
104	144	0.984697
104	145	0.987041
104	162	1.12369
104	163	1.01511
104	164	0.966874
104	172	1.20394
104	177	1.67101
104	180	1.58877
105	40	0.453482
105	56	0.719831
105	57	1.09203
105	74	1.01666
105	80	0.991598
105	83	0.995021
105	93	1.02778
105	94	1.03487
105	106	0.984424
105	112	1.00931
105	121	1.04189
105	124	1.00402
105	126	1.03813
105	150	1.06235
105	152	1.08005
105	154	0.903204
105	161	1.30905
105	163	1.0676
105	168	0.924084
105	172	1.03458
105	175	1.7191
105	177	1.50165
106	15	0.974042
106	39	0.945401
106	57	1.02278
106	65	0.975487
106	79	1.21275
106	80	0.922342
106	83	0.925765
106	93	0.958523
106	94	0.965617
106	105	0.984424
106	112	0.940055
106	121	0.97263
106	124	0.934766
106	126	0.968872
106	131	1.08043
106	150	0.993094
106	152	1.0108
106	163	0.998345
106	168	0.854828
106	170	1.1845
106	171	1.61868
106	172	1.32882
107	49	1.06589
107	53	0.90658
107	59	0.805817
107	75	1.02274
107	84	0.772946
107	93	0.954508
107	121	0.873735
107	140	1.06575
107	146	1.03346
107	154	1.09927
107	159	1.03329
107	162	1.09418
107	167	0.995167
107	170	1.11179
107	171	1.01738
107	172	1.06245
107	173	1.01886
107	174	0.955994
107	177	0.981971
107	178	0.996428
107	179	0.931395
107	180	0.982841
108	14	0.704725
108	49	0.957234
108	61	1.02888
108	65	0.915174
108	91	1.00357
108	95	0.994906
108	103	0.979742
108	110	1.00299
108	122	0.945401
108	128	0.966752
108	131	1.02012
108	133	0.995984
108	134	0.992843
108	135	0.983178
108	137	1.03138
108	138	1.01647
108	141	1.00207
108	142	1.03221
108	144	1.01715
108	157	1.06751
108	160	1.21846
108	165	1.51791
108	169	1.53945
109	9	0.934402
109	17	1.01151
109	20	1.01872
109	37	0.982469
109	40	0.534523
109	87	1.04245
109	88	0.95666
109	92	1.01392
109	99	1.06104
109	100	0.990253
109	101	1.06482
109	102	0.995186
109	104	0.984125
109	111	0.983517
109	116	1.01294
109	119	1.08886
109	120	0.960444
109	147	1.01586
109	148	1.35842
109	161	1.39009
109	163	1.05054
109	164	1.00231
109	175	1.80014
110	27	1.00452
110	62	1.01412
110	95	0.984299
110	108	1.00299
110	125	1.00924
110	129	0.890066
110	130	0.994531
110	133	0.985377
110	134	0.982236
110	135	0.972571
110	137	1.02077
110	138	1.00586
110	141	0.991467
110	142	1.02161
110	144	1.00654
110	145	1.00889
110	156	1.16259
110	157	1.0569
110	159	1.25138
110	164	0.996402
110	169	1.29713
110	171	1.31605
110	180	1.41103
111	7	1.07756
111	32	1.07391
111	34	0.975014
111	70	0.926751
111	76	0.940646
111	94	1.0357
111	109	0.983517
111	122	1.14174
111	151	1.07396
111	153	1.06003
111	157	0.757121
111	158	1.031
111	160	1.06054
111	161	1.01812
111	166	1.04474
111	167	0.959622
111	173	0.983314
111	174	0.920449
111	176	0.965505
111	177	0.946426
111	178	0.960884
111	179	0.89585
111	180	0.947296
112	15	0.998929
112	33	1.01123
112	39	0.970288
112	50	1.03913
112	57	1.04766
112	74	0.972292
112	80	0.947229
112	83	0.950652
112	85	1.04201
112	93	0.98341
112	94	0.990505
112	105	1.00931
112	106	0.940055
112	124	0.959654
112	126	0.993759
112	132	0.727034
112	152	1.03569
112	158	0.972558
112	163	1.02323
112	168	0.879715
112	175	1.58172
112	176	1.19399
112	178	1.26527
112	179	1.70499
113	11	0.762939
113	28	1.03967
113	40	1.21225
113	49	1.1411
113	51	1.14613
113	57	0.87244
113	124	1.00926
113	127	1.07465
113	132	1.11245
113	147	1.09569
113	156	0.971561
113	158	1.00977
113	159	0.976517
113	163	0.832315
113	165	0.967271
113	167	0.93839
113	172	1.00567
113	173	0.962082
113	174	0.899217
113	175	0.902634
113	177	0.925194
113	178	0.939652
113	179	0.874618
113	180	0.926064
114	20	1.0504
114	21	0.830584
114	35	1.29019
114	51	1.30391
114	74	1.24607
114	123	1.04187
114	138	0.963667
114	147	1.06957
114	148	0.94569
114	151	1.02661
114	159	0.950398
114	160	1.01319
114	161	0.970765
114	165	0.941151
114	169	0.929752
114	171	0.934486
114	173	0.935962
114	174	0.873098
114	175	0.876514
114	176	0.918153
114	178	0.913532
114	179	0.848498
114	180	0.899945
115	1	0.85477
115	28	1.49523
115	53	0.993328
115	58	0.992269
115	60	0.938009
115	64	0.92593
115	72	0.915723
115	84	0.959251
115	88	1.39909
115	102	1.47948
115	142	1.24614
115	149	0.860562
115	155	0.883019
115	156	0.863971
115	157	1.16657
115	159	0.868927
115	166	0.915915
115	170	0.947419
115	175	0.795044
115	176	0.836683
115	177	0.817604
115	178	0.832062
115	179	0.767028
115	180	0.818474
116	3	0.929822
116	4	1.03094
116	9	0.927782
116	11	1.04611
116	28	1.02283
116	45	1.09879
116	68	1.0281
116	76	0.990078
116	88	0.950041
116	92	1.0073
116	99	1.05442
116	100	0.983633
116	102	0.988567
116	109	1.01294
116	129	0.856977
116	132	0.82294
116	155	1.14481
116	160	1.00718
116	163	1.04392
116	164	0.995686
116	173	1.23644
116	175	1.67762
116	178	1.36118
117	15	0.887006
117	45	0.630466
117	51	1.15385
117	70	0.888365
117	80	0.992011
117	101	0.898778
117	122	1.16644
117	131	1.17501
117	136	1.06842
117	139	1.09069
117	142	0.798304
117	146	1.02262
117	149	1.01408
117	162	1.08334
117	163	0.840031
117	166	1.06943
117	169	1.0018
117	171	1.00654
117	173	1.00801
117	174	0.945148
117	176	0.990203
117	177	0.971124
117	178	0.985582
117	179	0.920548
117	180	0.971995
118	5	1.12752
118	7	1.00708
118	10	0.981314
118	24	0.628955
118	37	1.05654
118	54	1.02545
118	74	1.01219
118	75	1.07004
118	82	1.02997
118	89	1.09419
118	95	0.991986
118	97	1.06638
118	124	0.933162
118	128	1.03248
118	145	0.827941
118	156	1.0088
118	163	0.756218
118	166	1.06075
118	169	0.993112
118	174	0.936458
118	175	0.939874
118	176	0.981514
118	177	0.962435
118	178	0.976892
118	179	0.911858
118	180	0.963305
119	20	1.04406
119	36	1.02714
119	89	0.941844
119	92	0.952934
119	95	1.21953
119	109	1.08886
119	122	1.12507
119	136	1.02705
119	141	1.0031
119	143	0.962791
119	148	0.976369
119	151	1.05729
119	161	1.00144
119	165	0.97183
119	167	0.942949
119	169	0.960431
119	171	0.965165
119	172	1.01023
119	173	0.966641
119	174	0.903777
119	175	0.907193
119	176	0.948833
119	178	0.944211
119	179	0.879177
119	180	0.930624
120	86	1.14445
120	87	0.983334
120	88	0.897547
120	92	0.954802
120	93	1.3064
120	94	1.26628
120	99	1.00193
120	100	0.931139
120	102	0.936073
120	109	0.960444
120	126	1.12268
120	135	1.28399
120	142	1.06727
120	151	0.968111
120	161	0.912267
120	163	0.991427
120	164	0.943192
120	165	0.882653
120	166	0.938887
120	173	0.877464
120	175	0.818016
120	176	0.859655
120	177	0.840576
120	178	0.855034
120	179	0.79
120	180	0.841446
121	10	1.06366
121	15	1.0315
121	39	1.00286
121	66	0.927004
121	70	1.0287
121	74	1.00487
121	80	0.979804
121	83	0.983227
121	93	1.01598
121	94	1.02308
121	105	1.04189
121	106	0.97263
121	107	0.873735
121	124	0.992228
121	126	1.02633
121	129	0.991024
121	150	1.05056
121	151	1.07436
121	152	1.06826
121	155	1.27885
121	156	1.26355
121	158	1.20251
121	163	1.05581
121	164	1.09736
121	168	0.91229
121	176	1.42394
122	35	0.987508
122	44	0.881142
122	72	0.996935
122	75	0.953055
122	83	1.10312
122	97	0.608473
122	108	0.945401
122	111	1.14174
122	117	1.16644
122	119	1.12507
122	127	1.12459
122	135	0.862405
122	149	1.01809
122	150	0.654231
122	162	1.08735
122	165	1.01721
122	166	1.07344
122	167	0.988329
122	171	1.01054
122	172	1.05561
122	173	1.01202
122	174	0.949157
122	175	0.952573
122	176	0.994212
122	177	0.975133
122	178	0.989591
122	179	0.924557
122	180	0.976004
123	38	0.967683
123	43	1.00343
123	59	0.974127
123	67	1.41303
123	69	0.912575
123	89	0.883502
123	104	1.11883
123	114	1.04187
123	132	1.10987
123	139	1.04218
123	143	0.955652
123	146	0.974107
123	149	0.965571
123	153	1.03622
123	154	1.03991
123	158	1.00719
123	163	0.925416
123	164	1.02523
123	165	0.964691
123	167	0.93581
123	171	0.958025
123	172	1.00309
123	173	0.959502
123	175	0.900054
123	176	0.941693
123	178	0.937072
123	179	0.872038
123	180	0.923484
124	10	1.0258
124	15	0.993641
124	39	0.965
124	47	0.999456
124	57	1.04238
124	66	0.889141
124	71	0.892593
124	74	0.967003
124	80	0.941941
124	83	0.945364
124	85	1.03672
124	93	0.978122
124	94	0.985216
124	105	1.00402
124	106	0.934766
124	112	0.959654
124	113	1.00926
124	118	0.933162
124	121	0.992228
124	126	0.988471
124	149	1.35873
124	150	1.01269
124	152	1.0304
124	156	1.32386
124	163	1.01794
124	168	0.874427
124	170	1.04315
124	177	1.65454
125	5	0.92015
125	12	1.02364
125	37	1.15502
125	58	0.969097
125	68	0.942623
125	73	0.995602
125	83	1.2704
125	95	1.00115
125	110	1.00924
125	126	0.868378
125	130	1.01139
125	134	0.999092
125	137	1.03763
125	138	1.02272
125	141	1.00832
125	144	1.0234
125	145	1.02574
125	157	1.07376
125	163	0.854698
125	164	1.00557
125	166	1.00127
125	172	0.983435
125	174	0.876982
125	176	0.922037
125	177	0.902958
125	178	0.917416
125	179	0.852382
125	180	0.903829
126	10	1.05991
126	15	1.02775
126	39	0.999105
126	50	1.06795
126	57	1.07648
126	66	0.923247
126	74	1.00111
126	80	0.976046
126	83	0.97947
126	85	1.07083
126	94	1.01932
126	105	1.03813
126	106	0.968872
126	112	0.993759
126	120	1.12268
126	121	1.02633
126	124	0.988471
126	125	0.868378
126	132	0.854037
126	149	1.19547
126	150	1.0468
126	151	0.971415
126	152	1.0645
126	155	1.1759
126	163	1.05205
126	168	0.908532
126	170	0.879882
126	174	1.74507
126	176	1.32099
127	7	1.12121
127	54	1.12612
127	68	1.01
127	86	0.957522
127	91	0.973738
127	92	0.89125
127	113	1.07465
127	122	1.12459
127	138	0.895641
127	145	0.993796
127	148	0.975895
127	151	1.05681
127	153	1.04288
127	156	0.975646
127	159	0.980602
127	165	0.971356
127	168	0.936612
127	170	1.05909
127	171	0.96469
127	172	1.00976
127	173	0.966167
127	174	0.903302
127	175	0.906719
127	176	0.948358
127	177	0.929279
127	178	0.943737
127	179	0.878703
127	180	0.930149
128	7	0.894512
128	14	0.8755
128	19	0.999705
128	21	0.997652
128	34	1.067
128	38	0.949257
128	40	0.858184
128	46	0.88584
128	54	0.912884
128	75	0.957472
128	89	0.981623
128	97	0.953812
128	103	0.932897
128	108	0.966752
128	118	1.03248
128	130	0.958294
128	131	1.1909
128	133	0.949139
128	137	0.984533
128	138	0.969625
128	140	1.56266
128	141	0.95523
128	142	0.98537
128	144	0.970304
128	145	0.972649
128	156	1.57568
128	169	0.880542
128	170	1.29496
128	172	1.43928
129	22	1.2465
129	41	0.765016
129	52	0.905656
129	63	1.07317
129	84	0.890234
129	90	1.00011
129	95	1.11016
129	110	0.890066
129	116	0.856977
129	121	0.991024
129	134	1.14585
129	139	1.07791
129	140	1.04213
129	146	1.00985
129	148	1.00497
129	154	1.07565
129	156	1.00472
129	159	1.00968
129	161	1.03004
129	165	1.00043
129	166	1.05666
129	167	0.971549
129	168	0.965687
129	171	0.993765
129	174	0.932377
129	175	0.935793
129	176	0.977432
129	177	0.958353
129	179	0.907777
129	180	0.959224
130	26	1.00244
130	27	1.00666
130	49	0.948775
130	62	1.01627
130	69	1.00929
130	73	1.15717
130	91	0.995108
130	95	0.986447
130	103	0.971283
130	110	0.994531
130	125	1.01139
130	128	0.958294
130	133	0.987525
130	134	0.984385
130	135	0.974719
130	137	1.02292
130	138	1.00801
130	141	0.993615
130	142	1.02376
130	143	1.42915
130	144	1.00869
130	145	1.01103
130	147	0.899129
130	148	1.24169
130	151	0.946103
130	157	1.05905
130	162	0.918643
130	168	1.43719
130	176	1.29568
130	178	1.36696
131	34	0.858732
131	53	0.911609
131	69	0.749295
131	77	0.809871
131	78	0.589016
131	106	1.08043
131	108	1.02012
131	117	1.17501
131	128	1.1909
131	134	1.03359
131	146	1.0352
131	148	1.03033
131	149	1.02667
131	151	1.11125
131	152	0.654675
131	153	1.09731
131	158	1.06828
131	159	1.03503
131	162	1.09592
131	165	1.02579
131	166	1.08202
131	167	0.996906
131	171	1.01912
131	172	1.06419
131	174	0.957734
131	175	0.96115
131	176	1.00279
131	177	0.98371
131	178	0.998168
131	179	0.933134
131	180	0.984581
132	56	1.20021
132	86	0.875807
132	91	0.892023
132	112	0.727034
132	113	1.11245
132	116	0.82294
132	123	1.10987
132	126	0.854037
132	136	1.06437
132	137	0.913924
132	143	1.00011
132	144	0.714759
132	145	0.91208
132	150	0.807173
132	152	0.732897
132	154	1.08437
132	156	1.01344
132	159	1.0184
132	162	1.07929
132	164	1.06969
132	165	1.00915
132	166	1.06538
132	167	0.98027
132	171	1.00249
132	172	1.04755
132	173	1.00396
132	176	0.986153
132	177	0.967074
132	178	0.981532
132	179	0.916498
132	180	0.967945
133	23	0.892681
133	27	0.99751
133	49	0.939621
133	61	1.01127
133	62	1.00712
133	69	1.00013
133	91	0.985953
133	95	0.977293
133	103	0.962128
133	104	0.963532
133	108	0.995984
133	110	0.985377
133	128	0.949139
133	130	0.987525
133	135	0.965564
133	137	1.01376
133	138	0.998856
133	140	1.10903
133	141	0.984461
133	142	1.0146
133	144	0.999536
133	145	1.00188
133	149	1.15691
133	153	0.953276
133	157	1.04989
133	158	1.06101
133	160	0.9356
133	161	1.26011
133	167	1.44573
133	177	1.45272
133	179	1.79344
134	23	0.889541
134	26	0.990145
134	27	0.994369
134	31	0.851725
134	32	1.04789
134	49	0.93648
134	61	1.00813
134	62	1.00398
134	69	0.996992
134	91	0.982813
134	103	0.958988
134	104	0.960391
134	108	0.992843
134	110	0.982236
134	125	0.999092
134	129	1.14585
134	130	0.984385
134	131	1.03359
134	135	0.962424
134	137	1.01062
134	138	0.995716
134	141	0.981321
134	142	1.01146
134	144	0.996395
134	145	0.99874
134	154	1.1506
134	157	1.04675
134	158	1.35734
134	166	1.29064
134	170	1.13766
134	172	1.28198
135	23	0.879875
135	26	0.98048
135	27	0.984704
135	30	0.964858
135	49	0.926815
135	62	0.994311
135	69	0.987327
135	71	0.890639
135	91	0.973147
135	95	0.964487
135	103	0.949322
135	104	0.950726
135	108	0.983178
135	110	0.972571
135	120	1.28399
135	122	0.862405
135	130	0.974719
135	133	0.965564
135	134	0.962424
135	137	1.00096
135	138	0.98605
135	139	1.18927
135	141	0.971655
135	142	1.0018
135	144	0.98673
135	145	0.989074
135	154	1.05413
135	157	1.03709
135	159	1.4107
135	166	1.19417
135	171	1.47537
135	176	1.4823
136	15	1.20823
136	17	1.15572
136	20	1.22157
136	27	1.19975
136	33	0.916881
136	42	0.958243
136	63	0.991929
136	66	1.56339
136	85	0.940118
136	100	1.05251
136	117	1.06842
136	119	1.02705
136	132	1.06437
136	140	0.960894
136	144	1.03566
136	148	0.923733
136	151	1.00465
136	156	0.923484
136	159	0.92844
136	161	0.948808
136	165	0.919194
136	167	0.890313
136	171	0.912529
136	172	0.957594
136	173	0.914005
136	174	0.851141
136	175	0.854557
136	176	0.896196
136	177	0.877117
136	178	0.891575
136	179	0.826541
136	180	0.877988
137	2	0.717154
137	23	0.928075
137	26	1.02868
137	49	0.975014
137	61	1.04666
137	69	1.03553
137	71	0.789216
137	91	1.02135
137	95	1.01269
137	103	0.997522
137	104	0.998925
137	108	1.03138
137	110	1.02077
137	125	1.03763
137	128	0.984533
137	130	1.02292
137	132	0.913924
137	133	1.01376
137	134	1.01062
137	135	1.00096
137	139	1.08784
137	141	1.01985
137	142	1.04999
137	144	1.03493
137	145	1.03727
137	151	1.0313
137	157	1.08529
137	158	1.15945
137	160	1.03404
137	162	1.00384
137	176	1.38088
137	179	1.89188
138	23	0.913167
138	26	1.01377
138	27	1.018
138	30	0.99815
138	49	0.960106
138	62	1.0276
138	69	1.02062
138	91	1.00644
138	95	0.997778
138	103	0.982614
138	108	1.01647
138	110	1.00586
138	114	0.963667
138	125	1.02272
138	127	0.895641
138	128	0.969625
138	130	1.00801
138	133	0.998856
138	134	0.995716
138	135	0.98605
138	139	0.987844
138	141	1.00495
138	142	1.03509
138	144	1.02002
138	145	1.02237
138	157	1.07038
138	158	1.05945
138	164	0.954298
138	166	0.992748
138	167	1.44417
138	171	1.27395
138	174	1.70496
138	176	1.28088
139	10	1.23937
139	52	1.04554
139	58	1.12867
139	74	1.27024
139	78	0.841157
139	117	1.09069
139	123	1.04218
139	129	1.07791
139	135	1.18927
139	137	1.08784
139	138	0.987844
139	140	0.98316
139	146	0.950876
139	151	1.02692
139	152	0.906816
139	153	1.01299
139	159	0.950706
139	162	1.0116
139	164	1.002
139	165	0.94146
139	166	0.997694
139	167	0.912579
139	169	0.93006
139	170	1.0292
139	171	0.934794
139	173	0.936271
139	174	0.873406
139	175	0.876823
139	176	0.918462
139	177	0.899383
139	178	0.913841
139	179	0.848807
139	180	0.900253
140	1	1.45267
140	36	1.17728
140	48	0.927874
140	52	1.16516
140	57	1.17403
140	63	0.97841
140	90	0.905359
140	93	1.3313
140	107	1.06575
140	128	1.56266
140	129	1.04213
140	133	1.10903
140	136	0.960894
140	139	0.98316
140	143	0.896636
140	148	0.910214
140	153	0.977203
140	154	0.980894
140	155	0.929013
140	158	0.948172
140	161	0.93529
140	167	0.876794
140	168	0.870932
140	170	0.993413
140	172	0.944075
140	173	0.900486
140	174	0.837622
140	175	0.841038
140	176	0.882678
140	177	0.863599
140	178	0.878056
140	179	0.813022
140	180	0.864469
141	2	0.662925
141	23	0.898771
141	26	0.999376
141	49	0.945711
