1	5	1.36555
1	25	0.458322
1	36	1.50417
1	71	1.28215
1	74	1.43399
1	85	1.32616
1	105	1.36325
1	147	0.485519
1	159	0.481743
1	173	1.33502
1	178	0.490738
1	179	0.485374
2	28	0.45096
2	37	0.501694
2	107	0.465448
2	134	0.494256
2	135	1.37858
2	163	1.37535
2	167	1.37109
2	170	0.485878
2	171	1.38108
2	176	1.37425
2	177	1.36296
2	180	1.36476
3	88	0.487581
3	98	0.472326
3	132	1.33887
3	147	0.473373
3	159	1.36957
3	160	0.480336
3	162	0.489007
3	168	1.39248
3	171	1.39233
3	172	1.35267
3	176	1.3855
3	180	1.37601
4	5	1.36555
4	36	1.50417
4	71	1.28215
4	74	1.43399
4	85	1.32616
4	98	0.477773
4	105	1.36325
4	158	0.489263
4	172	0.477497
4	173	1.33502
4	174	0.474194
4	178	0.484038
5	1	1.36555
5	4	1.36555
5	43	0.515605
5	61	0.448301
5	71	1.31153
5	74	1.46338
5	85	1.35555
5	105	1.39263
5	121	0.500309
5	159	0.46789
5	173	1.3644
5	178	0.476886
6	46	0.5005
6	101	0.471505
6	110	0.504055
6	140	1.37004
6	151	1.38424
6	156	1.3609
6	158	1.36021
6	162	1.35646
6	164	1.37176
6	167	0.472623
6	168	1.39823
6	172	0.457584
7	11	0.395809
7	104	1.66214
7	113	0.405766
7	136	0.403279
7	139	0.397014
7	152	1.60596
7	160	0.397027
7	166	1.5781
7	170	1.58896
7	174	1.5835
7	176	0.405949
7	179	1.5807
8	13	1.2512
8	30	0.56222
8	56	0.575598
8	78	0.655035
8	92	1.16605
8	120	1.22577
8	124	1.23264
8	131	1.16262
8	138	0.60487
8	145	1.22451
8	151	1.18375
8	156	1.16041
9	86	0.478172
9	92	0.495183
9	143	1.40307
9	149	1.37999
9	160	0.479101
9	161	1.33847
9	167	1.36223
9	171	1.37222
9	172	0.470816
9	175	1.39065
9	179	0.471992
9	180	1.35591
10	34	0.489495
10	65	0.465895
10	87	1.40074
10	94	0.485685
10	108	1.32545
10	130	1.3892
10	155	0.464859
10	157	1.35703
10	164	0.488942
10	166	1.37722
10	172	1.36397
10	178	1.38648
11	7	0.395809
11	80	1.42542
11	129	0.503068
11	140	1.35096
11	154	1.36618
11	155	1.38599
11	160	1.37308
11	162	1.33738
11	168	0.487689
11	170	1.36346
11	174	0.496098
11	176	0.516609
12	73	0.427827
12	93	0.516327
12	109	0.465982
12	111	0.475073
12	150	1.37244
12	155	1.39994
12	156	0.502209
12	169	1.34562
12	172	1.35329
12	176	1.38613
12	177	1.37483
12	180	1.37664
13	8	1.2512
13	63	1.29058
13	111	1.39777
13	124	1.44789
13	145	1.43976
13	149	0.484223
13	151	1.399
13	152	0.465202
13	156	1.37566
13	170	0.480964
13	174	0.480637
13	178	0.490482
14	91	1.37507
14	115	0.521597
14	132	1.27006
14	134	1.32221
14	135	0.505996
14	157	1.27691
14	161	0.528769
14	165	1.26967
14	166	1.2971
14	167	0.529029
14	172	1.28385
14	173	0.522468
14	174	1.3025
15	23	0.573688
15	43	0.553118
15	84	1.31697
15	98	1.32413
15	125	0.488614
15	133	0.480667
15	140	1.28056
15	141	1.27809
15	147	1.32257
15	154	1.29578
15	160	1.30268
15	175	0.510571
15	179	1.2848
16	76	1.329
16	96	0.56245
16	101	1.28413
16	125	1.33051
16	129	0.503883
16	130	1.2903
16	134	1.30343
16	148	1.30132
16	160	0.508502
16	166	1.27832
16	173	0.508696
16	174	1.28372
16	177	0.518755
17	42	0.560804
17	102	1.30469
17	104	0.475667
17	121	1.25025
17	137	1.33579
17	143	0.506693
17	158	1.28643
17	159	1.30154
17	164	1.29798
17	168	1.32446
17	176	0.53788
17	178	0.527214
17	179	1.3005
18	62	0.503313
18	95	0.422349
18	99	0.387659
18	100	0.439411
18	107	1.51347
18	134	0.423133
18	141	1.47259
18	154	1.49028
18	155	1.5101
18	160	1.49718
18	162	1.46148
18	164	0.422735
18	169	1.45578
19	30	1.5313
19	60	0.424339
19	72	0.441315
19	76	1.51879
19	114	0.444465
19	124	0.423701
19	134	1.49322
19	138	0.418297
19	148	1.49111
19	165	1.44068
19	172	1.45486
19	174	1.4735
19	177	0.445574
20	28	0.503384
20	61	0.519236
20	83	1.29962
20	89	0.510757
20	92	1.28464
20	118	1.27315
20	120	1.34436
20	131	1.28121
20	133	0.514088
20	145	1.3431
20	151	1.30234
20	156	1.279
20	169	0.559383
21	28	1.48475
21	60	0.465168
21	68	0.494525
21	77	0.434465
21	108	1.34331
21	143	0.453885
21	152	1.42294
21	164	0.472868
21	166	1.39508
21	169	1.37416
21	172	1.38183
21	173	0.476344
21	174	1.40048
21	179	1.39768
22	34	1.38071
22	73	1.49445
22	79	1.43339
22	117	1.35427
22	133	1.42627
22	135	0.447249
22	140	0.473854
22	158	1.35617
22	160	0.463527
22	164	1.36771
22	168	1.39419
22	176	0.472449
22	177	0.47378
22	180	0.474929
23	15	0.573688
23	77	0.524764
23	87	1.25482
23	101	1.23712
23	125	1.28349
23	139	0.566437
23	142	1.28612
23	159	0.55571
23	166	1.2313
23	169	1.21038
23	172	1.21805
23	174	1.2367
23	178	1.24057
23	180	0.577851
24	87	0.474358
24	132	0.488889
24	136	1.40525
24	142	0.441982
24	149	1.41625
24	160	0.471582
24	161	1.37474
24	166	0.460679
24	167	1.3985
24	170	0.460321
24	175	1.42691
24	176	1.40166
24	177	1.39037
24	180	1.39217
25	1	0.458322
25	49	1.3451
25	74	0.419582
25	98	0.466735
25	100	1.39866
25	131	0.498806
25	132	1.3819
25	140	0.485071
25	151	0.470077
25	159	1.41259
25	165	1.38152
25	175	1.45378
25	177	1.41724
25	180	1.41904
26	55	0.555217
26	56	0.535973
26	128	1.24211
26	138	1.25486
26	146	0.565453
26	154	0.566163
26	163	1.24411
26	167	1.23984
26	171	1.24984
26	172	0.573984
26	175	1.26826
26	176	1.24301
26	177	1.23172
26	180	1.23352
27	39	1.47411
27	40	0.4334
27	81	0.431672
27	105	1.51764
27	127	0.436416
27	136	0.437144
27	163	0.430325
27	164	1.47577
27	167	0.437646
27	168	1.50225
27	172	1.46244
27	173	1.48941
27	174	1.48108
28	2	0.45096
28	20	0.503384
28	21	1.48475
28	120	0.439184
28	122	0.472841
28	132	1.36905
28	152	1.42395
28	157	1.37591
28	165	1.36867
28	166	1.3961
28	172	1.38285
28	173	0.462918
28	174	1.40149
28	176	0.471647
29	49	1.33957
29	90	1.36469
29	95	1.43168
29	114	0.476606
29	115	0.466785
29	120	0.443921
29	129	1.41817
29	146	1.42817
29	147	0.460498
29	162	0.476132
29	164	1.40351
29	168	1.42998
29	169	1.3825
29	176	0.476384
30	8	0.56222
30	19	1.5313
30	55	1.42378
30	98	0.44122
30	104	1.45366
30	139	0.449217
30	147	0.442267
30	165	1.34218
30	166	1.36961
30	169	1.34869
30	172	1.35637
30	173	0.449423
30	174	1.37501
30	180	0.460632
31	48	0.493718
31	88	1.40173
31	124	0.444926
31	131	0.480607
31	132	0.473853
31	141	1.39004
31	147	1.43452
31	150	1.40004
31	154	1.40773
31	160	1.41464
31	162	1.37894
31	169	1.37323
31	173	0.456739
31	175	0.450974
32	41	1.28112
32	86	1.33253
32	93	0.531426
32	98	1.36156
32	105	0.481413
32	128	0.493887
32	140	1.318
32	147	1.36001
32	150	1.32553
32	151	0.499544
32	155	1.35303
32	160	1.34012
32	166	0.493308
32	171	0.500832
32	178	1.3289
33	62	1.23011
33	70	0.45526
33	82	0.514318
33	107	0.492478
33	112	0.516126
33	120	0.500629
33	143	1.37892
33	163	1.34235
33	167	1.33808
33	170	0.512908
33	171	1.34807
33	175	1.3665
33	176	1.34125
33	177	1.32995
33	180	1.33176
34	10	0.489495
34	22	1.38071
34	55	0.479123
34	108	0.527955
34	121	1.27187
34	126	1.29348
34	133	1.37816
34	137	1.35741
34	139	0.506163
34	146	1.34425
34	151	0.501508
34	158	1.30805
34	164	1.31959
34	168	1.34607
34	172	0.49789
35	57	1.37023
35	62	0.57097
35	63	1.24426
35	75	1.3014
35	118	1.3235
35	131	1.33155
35	145	1.39345
35	148	0.463449
35	151	1.35269
35	156	1.32935
35	169	0.503493
35	170	0.482413
35	173	1.35384
35	178	0.491931
35	179	0.486566
36	1	1.50417
36	4	1.50417
36	42	1.42331
36	71	1.45015
36	74	1.60199
36	81	0.427146
36	85	1.49417
36	95	0.422698
36	105	1.53125
36	169	0.436184
36	173	1.50302
36	175	0.420793
36	177	0.436618
36	179	0.419257
36	180	0.437768
37	2	0.501694
37	123	0.496661
37	130	1.34406
37	132	1.30502
37	134	1.35718
37	137	0.506093
37	143	0.491194
37	152	1.35993
37	165	1.30464
37	166	1.33207
37	168	0.493461
37	170	1.34294
37	172	1.31882
37	173	0.513653
37	174	1.33747
38	52	0.541591
38	80	0.489383
38	125	0.481171
38	131	1.31358
38	145	1.37548
38	154	0.492595
38	155	0.481335
38	156	1.31138
38	159	1.3258
38	160	0.5087
38	164	1.32224
38	168	1.34871
38	171	1.34856
38	177	1.33044
38	180	1.33225
39	27	1.47411
39	68	1.31173
39	89	0.467803
39	97	1.35549
39	106	0.481586
39	117	1.29149
39	129	1.3196
39	138	0.489587
39	153	0.554578
39	159	1.3085
39	164	1.30494
39	168	1.33142
39	175	0.501038
39	177	0.516863
39	179	1.30746
40	27	0.4334
40	87	0.514189
40	97	0.494523
40	136	1.335
40	138	1.34327
40	140	0.521739
40	158	0.514894
40	163	1.33252
40	167	1.32825
40	169	0.521231
40	171	1.33825
40	175	1.35667
40	176	1.33142
40	177	1.32013
40	180	1.32193
41	32	1.28112
41	60	1.31039
41	72	1.25696
41	134	0.529601
41	141	1.26381
41	147	1.30829
41	150	1.27381
41	155	1.30132
41	160	1.28841
41	161	0.53898
41	162	1.25271
41	166	0.521582
41	167	0.539239
41	173	0.532679
41	177	0.542738
41	179	1.27052
42	17	0.560804
42	36	1.42331
42	53	0.484037
42	79	0.499348
42	84	1.27522
42	90	0.559211
42	105	1.28239
42	132	0.558057
42	155	1.27384
42	160	1.26093
42	173	1.25417
42	174	0.529161
42	175	1.28527
42	176	1.26003
42	177	1.24873
42	180	1.25054
43	5	0.515605
43	15	0.553118
43	47	0.487947
43	60	0.534897
43	118	0.563168
43	147	0.538916
43	159	1.28041
43	165	1.24933
43	166	1.27676
43	167	1.29318
43	168	1.30332
43	169	1.25584
43	174	1.28216
43	176	1.29634
43	177	1.28505
43	180	1.28685
44	121	0.559159
44	123	1.3006
44	128	1.27252
44	142	0.50788
44	143	1.31109
44	163	1.27452
44	164	0.534197
44	166	0.526576
44	167	1.27025
44	168	0.517482
44	169	0.547298
44	171	1.28024
44	175	1.29867
44	176	1.27342
44	177	1.26212
44	180	1.26393
45	77	0.515184
45	83	0.542226
45	94	1.28306
45	99	0.51851
45	136	1.27718
45	139	1.28226
45	143	1.31127
45	154	0.540763
45	155	0.529504
45	167	1.27044
45	170	0.545607
45	171	1.28043
45	175	1.29885
45	176	1.2736
45	177	1.26231
45	180	1.26411
46	6	0.5005
46	92	0.559618
46	114	1.28762
46	120	0.519995
46	127	1.27928
46	139	1.28762
46	150	0.544052
46	159	0.532796
46	167	1.2758
46	171	1.28579
46	172	0.535251
46	175	1.30421
46	176	1.27896
46	177	1.26767
46	178	1.26864
46	180	1.26947
47	43	0.487947
47	109	1.44515
47	110	0.489159
47	111	1.40758
47	120	1.45082
47	124	1.45769
47	131	1.38767
47	136	0.457225
47	145	1.44957
47	151	1.40881
47	156	1.38547
47	168	0.430975
47	171	0.447593
47	173	1.40996
47	178	0.449229
47	179	0.443864
48	31	0.493718
48	65	0.519746
48	128	1.27925
48	135	1.28448
48	141	0.550701
48	149	1.29474
48	159	0.535337
48	161	1.25322
48	163	1.28125
48	169	0.555895
48	171	1.28698
48	172	0.537791
48	175	1.3054
48	176	1.28015
48	177	1.26886
48	180	1.27066
49	25	1.3451
49	29	1.33957
49	68	1.24945
49	82	0.527694
49	97	1.29322
49	98	0.529536
49	102	1.24937
49	133	1.30122
49	143	0.515281
49	146	1.26732
49	152	0.510522
49	153	0.585513
49	159	1.24622
49	160	0.537546
49	164	1.24266
49	168	1.26914
50	87	0.542653
50	108	0.561657
50	110	1.22141
50	123	1.31132
50	148	0.509652
50	149	1.29874
50	161	1.25722
50	163	1.28525
50	166	0.528974
50	170	0.528616
50	171	1.29097
50	174	0.528289
50	175	1.30939
50	176	1.28415
50	177	1.27285
50	180	1.27466
51	57	0.519441
51	85	0.521748
51	111	0.523053
51	120	0.513552
51	121	0.558772
51	141	1.26804
51	155	1.30555
51	156	0.550189
51	157	1.25196
51	162	1.25694
51	166	1.27215
51	171	1.29856
51	174	1.27755
51	175	1.31698
51	177	1.28044
51	180	1.28224
52	38	0.541591
52	86	0.540866
52	89	1.35044
52	101	1.25952
52	102	0.54365
52	104	1.33776
52	107	0.510103
52	136	0.548047
52	142	1.30853
52	143	0.51953
52	148	1.27671
52	152	1.28157
52	165	1.22628
52	166	1.25371
52	172	1.24046
52	174	1.25911
53	42	0.484037
53	123	0.435393
53	136	0.458444
53	142	1.4714
53	148	1.43959
53	152	1.44445
53	157	1.3964
53	161	0.458686
53	165	1.38916
53	166	1.41659
53	171	0.448812
53	172	1.40334
53	174	1.42199
53	176	0.461113
53	177	0.462444
53	179	1.41919
54	75	1.10618
54	85	1.14978
54	105	1.18686
54	120	1.19949
54	124	1.20636
54	127	1.16481
54	142	0.623457
54	148	0.622831
54	156	1.13414
54	157	0.654835
54	164	0.649774
54	173	1.15863
54	175	1.18974
54	176	1.16449
54	179	0.645948
54	180	1.15501
55	26	0.555217
55	30	1.42378
55	34	0.479123
55	80	0.462536
55	90	0.500314
55	101	1.3664
55	108	1.30882
55	109	0.458723
55	112	1.36944
55	114	0.490996
55	133	0.446376
55	134	1.3857
55	157	1.3404
55	165	1.33316
55	166	1.36059
55	172	1.34734
55	174	1.36598
56	8	0.575598
56	26	0.535973
56	65	1.39714
56	75	0.490016
56	78	1.28437
56	89	0.423801
56	129	1.36583
56	137	1.38899
56	146	1.37583
56	149	0.454606
56	158	1.33963
56	159	1.35474
56	161	0.469102
56	164	1.35117
56	168	1.37765
56	170	1.36195
56	178	0.460864
57	35	1.37023
57	51	0.519441
57	73	0.429968
57	82	0.481402
57	83	1.34637
57	92	1.3314
57	93	0.518468
57	109	1.38544
57	118	1.3199
57	120	1.39111
57	124	1.39798
57	134	0.48837
57	138	0.47423
57	145	1.38986
57	149	0.483251
57	151	1.3491
57	156	1.32575
58	61	0.474595
58	67	0.507092
58	82	1.36028
58	88	1.35914
58	89	0.466116
58	99	0.466566
58	102	0.506779
58	107	1.38833
58	130	0.493533
58	141	1.34745
58	150	1.35745
58	154	1.36514
58	160	1.37204
58	162	1.33634
58	174	0.493335
58	178	1.36082
58	179	1.35416
59	72	1.3427
59	82	1.36238
59	88	1.36124
59	89	0.464885
59	91	0.465093
59	107	1.39043
59	115	1.36858
59	127	0.509217
59	140	1.35202
59	141	1.34955
59	142	0.474093
59	150	1.35955
59	152	0.476669
59	158	0.507174
59	160	1.37414
59	162	1.33845
59	165	0.5056
60	19	0.424339
60	21	0.465168
60	41	1.31039
60	43	0.534897
60	62	0.575218
60	82	1.35761
60	86	1.36179
60	89	0.459115
60	143	0.475657
60	144	1.40923
60	150	1.35479
60	152	0.470899
60	155	1.38229
60	160	1.36938
60	162	1.33368
60	170	1.35976
60	178	1.35816
61	5	0.448301
61	20	0.519236
61	58	0.474595
61	71	0.488551
61	77	1.41941
61	93	1.32457
61	118	0.495864
61	151	0.473909
61	156	0.491673
61	163	1.37139
61	164	1.35079
61	167	1.36712
61	172	1.33745
61	174	1.3561
61	176	1.37029
61	179	1.35331
61	180	1.3608
62	18	0.503313
62	33	1.23011
62	35	0.57097
62	60	0.575218
62	75	0.613608
62	114	1.24311
62	119	1.24494
62	143	1.27212
62	155	0.558835
62	161	1.20753
62	171	1.24128
62	175	1.2597
62	176	1.23445
62	177	1.22316
62	178	1.22413
62	179	0.579092
62	180	1.22497
63	13	1.29058
63	35	1.24426
63	70	0.518848
63	111	1.2219
63	118	1.19394
63	120	1.26514
63	124	1.27202
63	131	1.202
63	135	0.571478
63	145	1.26389
63	151	1.22313
63	156	1.19979
63	159	0.577017
63	168	0.567759
63	172	0.579472
63	173	1.22429
63	178	0.586013
64	73	1.4765
64	79	1.41544
64	90	1.31094
64	92	0.499848
64	121	1.30203
64	124	0.472145
64	132	0.501073
64	149	0.475763
64	158	1.33821
64	159	1.35332
64	162	0.492436
64	164	1.34976
64	168	1.37624
64	169	1.32875
64	172	0.47548
64	175	0.478193
64	179	1.35228
65	10	0.465895
65	48	0.519746
65	56	1.39714
65	90	1.31375
65	102	1.35927
65	126	1.32645
65	137	1.39038
65	144	0.459282
65	146	1.37722
65	153	0.530542
65	158	1.34102
65	163	0.482007
65	164	1.35256
65	168	1.37904
65	170	1.36334
65	172	0.47429
65	175	0.477002
66	75	0.517271
66	112	1.36674
66	120	0.466322
66	134	1.383
66	139	0.48985
66	148	1.38089
66	157	1.3377
66	163	0.489296
66	165	1.33046
66	166	1.35789
66	168	0.469865
66	170	1.36876
66	171	0.486484
66	172	1.34464
66	174	1.36329
66	175	0.48429
66	178	1.36716
67	58	0.507092
67	77	1.35983
67	91	0.472472
67	97	1.34176
67	108	0.532852
67	122	0.521188
67	126	1.26509
67	129	1.30587
67	133	1.34977
67	135	0.494794
67	137	1.32902
67	153	0.559039
67	158	1.27966
67	159	1.29477
67	164	1.2912
67	168	1.31768
67	169	1.2702
67	180	0.522474
68	21	0.494525
68	39	1.31173
68	49	1.24945
68	93	1.28716
68	100	1.30301
68	102	1.32009
68	117	1.29994
68	124	0.515659
68	129	1.32805
68	138	0.510256
68	145	0.500874
68	146	1.33804
68	164	1.31338
68	165	0.529187
68	168	1.33986
68	171	0.5239
68	178	0.525536
68	179	1.3159
69	97	0.498757
69	107	1.34305
69	111	1.31762
69	126	0.539631
69	147	1.34665
69	149	0.507644
69	151	1.31884
69	154	1.31986
69	156	1.2955
69	157	1.28609
69	161	0.522141
69	162	1.29106
69	165	1.27885
69	168	0.495649
69	171	0.512267
69	172	1.29303
69	174	1.31168
69	177	0.525899
70	33	0.45526
70	63	0.518848
70	81	0.440776
70	99	1.5267
70	112	1.44049
70	119	0.438943
70	122	0.450112
70	125	1.48383
70	132	1.40459
70	139	0.439983
70	141	0.44462
70	143	0.41773
70	157	1.41145
70	165	1.40421
70	166	1.43164
70	170	1.4425
70	172	1.41839
70	174	1.43704
71	1	1.28215
71	4	1.28215
71	5	1.31153
71	36	1.45015
71	61	0.488551
71	74	1.37998
71	85	1.27215
71	89	1.36401
71	96	1.19783
71	105	1.30923
71	116	1.27109
71	153	0.566847
71	155	0.491515
71	163	0.518312
71	172	0.510595
71	173	1.281
71	178	0.517136
71	179	0.511771
72	19	0.441315
72	41	1.25696
72	59	1.3427
72	100	0.528293
72	108	0.536678
72	114	0.524043
72	131	0.53896
72	140	1.29383
72	141	1.29136
72	144	1.3558
72	147	1.33584
72	154	1.30905
72	155	1.32887
72	162	1.28025
72	166	0.503996
72	170	1.30633
72	179	1.29807
72	180	0.526301
73	12	0.427827
73	22	1.49445
73	57	0.429968
73	64	1.4765
73	78	1.36653
73	88	0.454864
73	119	0.446566
73	146	1.45799
73	153	0.495586
73	157	0.449398
73	158	1.42179
73	159	1.4369
73	164	1.43333
73	168	1.45981
73	169	1.41233
73	171	0.44424
73	179	1.43585
73	180	0.459021
74	1	1.43399
74	4	1.43399
74	5	1.46338
74	25	0.419582
74	36	1.60199
74	71	1.37998
74	85	1.42399
74	94	0.447202
74	96	1.34967
74	105	1.46107
74	116	1.42294
74	163	0.453174
74	167	0.460496
74	169	0.46356
74	173	1.43285
74	177	0.463995
74	178	0.451998
74	179	0.446634
75	35	1.3014
75	54	1.10618
75	56	0.490016
75	62	0.613608
75	66	0.517271
75	83	1.27754
75	92	1.26257
75	111	1.27904
75	118	1.25108
75	121	0.557992
75	124	1.32915
75	131	1.25913
75	141	0.540937
75	145	1.32103
75	151	1.28027
75	156	1.25692
75	169	0.546131
75	173	1.28142
75	179	0.529204
76	16	1.329
76	19	1.51879
76	78	0.507528
76	97	0.457497
76	101	1.36292
76	104	1.44115
76	124	0.462766
76	130	1.36909
76	148	1.38011
76	152	1.38496
76	157	1.33692
76	159	0.463647
76	160	0.474387
76	167	0.481141
76	170	1.36797
76	171	0.471007
76	172	1.34386
76	174	1.3625
76	180	0.485789
77	21	0.434465
77	23	0.524764
77	45	0.515184
77	61	1.41941
77	67	1.35983
77	87	0.469995
77	93	1.349
77	116	1.37895
77	117	1.36177
77	133	1.43378
77	134	0.464336
77	146	1.39988
77	157	0.468999
77	158	1.36367
77	159	1.37878
77	168	1.4017
77	169	1.35421
77	175	0.461647
77	178	0.465476
78	8	0.655035
78	56	1.28437
78	73	1.36653
78	76	0.507528
78	83	0.527403
78	84	1.27448
78	88	1.24729
78	117	1.22634
78	120	0.518505
78	140	1.23807
78	147	1.28008
78	148	0.51182
78	151	0.537378
78	163	1.26039
78	164	1.23979
78	172	0.533761
78	175	1.28454
78	176	1.25929
78	180	1.2498
79	22	1.43339
79	42	0.499348
79	64	1.41544
79	84	0.463868
79	86	0.466574
79	96	0.521451
79	100	1.3619
79	121	1.32454
79	126	1.34616
79	133	1.43083
79	144	0.44421
79	157	0.469282
79	158	1.36073
79	159	1.37583
79	164	1.37227
79	167	0.474257
79	168	1.39875
79	170	1.38305
79	173	0.467696
80	11	1.42542
80	38	0.489383
80	55	0.462536
80	89	0.45078
80	91	0.450987
80	130	0.478197
80	141	1.37515
80	150	1.38515
80	153	1.31431
80	154	1.39284
80	155	1.41265
80	160	1.39974
80	162	1.36404
80	167	0.496341
80	169	1.35833
80	172	0.481303
80	176	0.498509
80	178	1.38852
80	179	1.38186
81	27	0.431672
81	36	0.427146
81	70	0.440776
81	118	1.36349
81	129	0.505066
81	134	0.506801
81	149	1.41429
81	153	1.31517
81	154	1.3937
81	156	1.36934
81	160	1.4006
81	162	1.3649
81	166	0.498782
81	168	0.489687
81	171	1.40653
81	173	1.39384
81	174	0.498096
81	177	1.38841
81	180	1.39021
82	33	0.514318
82	49	0.527694
82	57	0.481402
82	58	1.36028
82	59	1.36238
82	60	1.35761
82	86	1.32805
82	116	1.31896
82	130	0.487662
82	140	1.31351
82	147	1.35552
82	150	1.32104
82	154	1.32873
82	160	1.33563
82	162	1.29993
82	163	0.498486
82	166	0.48815
82	171	0.495674
82	179	1.31775
82	180	0.510455
83	20	1.29962
83	45	0.542226
83	57	1.34637
83	75	1.27754
83	78	0.527403
83	92	1.31113
83	109	1.36518
83	111	1.32761
83	118	1.29964
83	120	1.37085
83	124	1.37772
83	128	0.483938
83	144	0.470969
83	145	1.3696
83	151	1.32883
83	169	0.50408
83	170	0.483
83	173	1.32999
83	176	0.503184
83	178	0.492518
84	15	1.31697
84	42	1.27522
84	78	1.27448
84	79	0.463868
84	86	1.3541
84	127	0.510795
84	140	1.33957
84	147	1.38158
84	154	1.35479
84	157	0.507049
84	160	1.36169
84	162	1.32599
84	166	0.494367
84	169	1.32028
84	172	0.496985
84	175	0.499698
84	176	0.514192
84	178	1.35047
84	179	1.34381
84	180	0.516672
85	1	1.32616
85	4	1.32616
85	5	1.35555
85	36	1.49417
85	51	0.521748
85	54	1.14978
85	71	1.27215
85	74	1.42399
85	89	1.40803
85	96	1.24184
85	98	0.485551
85	105	1.35324
85	115	0.492883
85	116	1.31511
85	131	0.517621
85	161	0.500055
85	167	0.500314
85	173	1.32502
85	176	0.502482
85	179	0.486452
86	9	0.478172
86	32	1.33253
86	52	0.540866
86	60	1.36179
86	79	0.466574
86	82	1.32805
86	84	1.3541
86	95	0.504308
86	105	0.485178
86	141	1.31522
86	147	1.3597
86	149	0.499973
86	154	1.33291
86	155	1.35273
86	160	1.33981
86	162	1.30411
86	169	1.2984
86	173	0.508169
86	179	1.32193
86	180	0.519378
87	10	1.40074
87	23	1.25482
87	24	0.474358
87	40	0.514189
87	50	0.542653
87	77	0.469995
87	116	0.499857
87	132	1.3029
87	134	1.35506
87	142	1.38476
87	148	1.35295
87	152	1.3578
87	155	0.484315
87	157	1.30976
87	165	1.30252
87	166	1.32994
87	168	0.491682
87	172	1.3167
87	174	1.33534
87	177	0.521933
88	3	0.487581
88	31	1.40173
88	58	1.35914
88	59	1.36124
88	73	0.454864
88	78	1.24729
88	90	0.53461
88	91	0.477549
88	128	0.505825
88	147	1.35438
88	150	1.3199
88	154	1.32759
88	155	1.34741
88	159	0.50541
88	160	1.33449
88	161	0.522644
88	162	1.29879
88	164	0.512867
88	170	1.32487
88	178	1.32327
89	20	0.510757
89	39	0.467803
89	52	1.35044
89	56	0.423801
89	58	0.466116
89	59	0.464885
89	60	0.459115
89	71	1.36401
89	80	0.45078
89	85	1.40803
89	105	1.44511
89	150	0.470613
89	156	0.483194
89	161	1.39582
89	163	1.42385
89	165	1.37573
89	166	1.40316
89	172	1.38991
89	173	1.41688
89	176	1.42274
89	180	1.41326
90	29	1.36469
90	42	0.559211
90	55	0.500314
90	64	1.31094
90	65	1.31375
90	88	0.53461
90	97	1.31833
90	102	1.27448
90	117	1.25433
90	123	0.510567
90	137	1.30559
90	146	1.29243
90	150	0.527882
90	158	1.25623
90	159	1.27134
90	163	0.526798
90	164	1.26777
90	168	1.29425
90	170	1.27856
90	175	0.521793
90	178	0.525622
91	14	1.37507
91	59	0.465093
91	67	0.472472
91	80	0.450987
91	88	0.477549
91	99	1.47945
91	131	1.37583
91	137	0.462938
91	145	1.43772
91	147	0.463341
91	150	0.470821
91	151	1.39696
91	156	1.37362
91	157	1.3642
91	158	0.473785
91	159	0.459565
91	167	1.40081
91	174	1.38979
91	175	1.42923
91	177	1.39269
91	180	1.39449
92	8	1.16605
92	9	0.495183
92	20	1.28464
92	46	0.559618
92	57	1.3314
92	64	0.499848
92	75	1.26257
92	83	1.31113
92	96	1.23184
92	109	1.3502
92	111	1.31263
92	118	1.28467
92	124	1.36274
92	131	1.29272
92	135	0.508709
92	151	1.31386
92	153	0.572955
92	156	1.29052
92	170	0.513726
92	176	0.533909
92	178	0.523244
93	12	0.516327
93	32	0.531426
93	57	0.518468
93	61	1.32457
93	68	1.28716
93	77	1.349
93	100	1.27
93	121	1.23265
93	130	0.524729
93	136	0.542372
93	137	1.31819
93	144	0.512826
93	146	1.30503
93	158	1.26883
93	159	1.28394
93	163	0.535552
93	164	1.28037
93	166	0.525216
93	168	1.30685
93	170	1.29115
93	179	1.28289
94	10	0.485685
94	45	1.28306
94	74	0.447202
94	106	1.37875
94	137	0.494999
94	139	1.36371
94	142	0.472765
94	143	1.39273
94	149	1.36965
94	152	0.475341
94	161	1.32813
94	162	0.511035
94	165	0.504272
94	167	1.35189
94	169	0.512184
94	171	1.36188
94	173	1.3492
94	174	0.490776
94	175	1.3803
94	176	1.35506
94	177	1.34376
94	180	1.34557
95	18	0.422349
95	29	1.43168
95	36	0.422698
95	86	0.504308
95	113	0.513975
95	116	1.3385
95	126	1.30866
95	131	1.32612
95	133	1.39333
95	139	0.505224
95	142	1.3895
95	145	1.38801
95	151	1.34725
95	156	1.32391
95	160	0.505237
95	161	0.511731
95	163	0.504669
95	166	1.33468
95	168	1.36125
95	172	1.32143
95	174	1.34008
95	180	0.516638
96	16	0.56245
96	71	1.19783
96	74	1.34967
96	79	0.521451
96	85	1.24184
96	92	1.23184
96	104	0.509561
96	105	1.27892
96	109	1.28589
96	120	1.29155
96	156	1.2262
96	157	0.564632
96	158	0.566333
96	163	1.25766
96	165	0.56476
96	166	0.551949
96	167	1.25339
96	173	1.2507
96	176	1.25656
96	177	1.24526
96	179	0.555744
96	180	1.24707
97	39	1.35549
97	40	0.494523
97	49	1.29322
97	67	1.34176
97	69	0.498757
97	76	0.457497
97	90	1.31833
97	100	1.34678
97	112	0.483971
97	121	1.30942
97	129	1.37181
97	133	1.41571
97	137	1.39496
97	148	0.461789
97	149	0.484012
97	153	0.539982
97	158	1.3456
97	164	1.35715
97	168	1.38363
97	170	1.36793
97	173	0.492208
97	178	0.490271
98	3	0.472326
98	4	0.477773
98	15	1.32413
98	25	0.466735
98	30	0.44122
98	32	1.36156
98	49	0.529536
98	85	0.485551
98	100	0.514288
98	107	1.38513
98	113	0.509633
98	141	1.34425
98	147	1.38873
98	150	1.35425
98	153	1.28341
98	154	1.36194
98	155	1.38176
98	160	1.36885
98	162	1.33315
98	165	0.502802
98	170	1.35922
98	179	1.35096
99	18	0.387659
99	45	0.51851
99	58	0.466566
99	70	1.5267
99	91	1.47945
99	107	0.438855
99	108	1.34971
99	119	0.469493
99	123	0.453748
99	134	1.42659
99	148	1.42448
99	152	1.42934
99	155	0.443181
99	161	0.477041
99	164	0.467264
99	165	1.37405
99	166	1.40148
99	169	1.38056
99	172	1.38823
99	174	1.40688
99	178	1.41075
99	179	1.40409
99	180	0.481948
100	18	0.439411
100	25	1.39866
100	68	1.30301
100	72	0.528293
100	79	1.3619
100	93	1.27
100	97	1.34678
100	98	0.514288
100	114	0.531442
100	121	1.24849
100	126	1.27011
100	129	1.31089
100	133	1.35478
100	136	0.528551
100	137	1.33404
100	155	0.494933
100	158	1.28468
100	161	0.528792
100	164	1.29622
100	168	1.3227
100	172	0.514013
100	173	0.522491
100	179	1.29874
101	6	0.471505
101	16	1.28413
101	23	1.23712
101	52	1.25952
101	55	1.3664
101	76	1.36292
101	117	0.533581
101	119	0.513488
101	125	1.36443
101	128	0.504217
101	134	1.33735
101	147	0.507578
101	152	1.34009
101	161	0.521036
101	165	1.28481
101	166	1.31224
101	172	1.29899
101	174	1.31764
101	175	0.508969
101	176	0.523463
101	177	0.524794
101	178	1.3215
101	179	1.31484
102	17	1.30469
102	49	1.24937
102	52	0.54365
102	58	0.506779
102	65	1.35927
102	68	1.32009
102	90	1.27448
102	104	0.457469
102	112	0.502716
102	113	0.519499
102	117	1.29986
102	118	0.528048
102	126	1.28719
102	133	1.37186
102	146	1.33796
102	158	1.30176
102	159	1.31686
102	164	1.3133
102	168	1.33978
102	170	1.32408
102	173	0.510953
102	178	0.509016
102	180	0.522162
103	111	0.509879
103	113	1.2999
103	119	1.32389
103	130	0.512527
103	131	0.547979
103	133	0.488442
103	136	1.31699
103	138	1.32525
103	139	1.32206
103	145	0.497513
103	149	1.328
103	154	0.507813
103	155	0.496553
103	161	1.28648
103	163	1.31451
103	165	0.525825
103	168	0.503921
103	171	1.32023
103	175	1.33865
103	176	1.3134
103	177	1.30211
103	178	1.30308
103	180	1.30392
104	7	1.66214
104	17	0.475667
104	30	1.45366
104	52	1.33776
104	76	1.44115
104	96	0.509561
104	102	0.457469
104	130	1.40245
104	135	0.439335
104	145	0.429208
104	148	1.41347
104	151	0.450946
104	157	1.37028
104	160	0.455613
104	165	1.36304
104	166	1.39047
104	167	0.462367
104	172	1.37722
104	173	0.455807
104	174	1.39587
104	178	1.39973
104	179	1.39307
104	180	0.467015
105	1	1.36325
105	4	1.36325
105	5	1.39263
105	27	1.51764
105	32	0.481413
105	36	1.53125
105	42	1.28239
105	54	1.18686
105	71	1.30923
105	74	1.46107
105	85	1.35324
105	86	0.485178
105	89	1.44511
105	96	1.27892
105	112	0.478063
105	116	1.35219
105	125	0.458577
105	134	0.483223
105	136	0.492359
105	149	0.478104
105	168	0.466109
105	169	0.495925
105	173	1.3621
105	179	0.478998
106	39	0.481586
106	94	1.37875
106	113	1.35578
106	114	1.37794
106	126	0.507865
106	128	1.36838
106	135	1.37362
106	136	1.37287
106	138	1.38114
106	140	0.494206
106	148	0.453654
106	154	0.467774
106	163	1.37039
106	165	0.485787
106	167	1.36612
106	168	0.463882
106	169	0.493698
106	170	0.472618
106	171	1.37611
106	174	0.472291
106	175	1.39453
106	176	1.36928
106	177	1.35799
106	180	1.3598
107	2	0.465448
107	18	1.51347
107	33	0.492478
107	52	0.510103
107	58	1.38833
107	59	1.39043
107	69	1.34305
107	98	1.38513
107	99	0.438855
107	114	0.486356
107	116	1.34701
107	131	0.501274
107	140	1.34156
107	147	1.38357
107	150	1.34909
107	154	1.35678
107	155	1.3766
107	162	1.32799
107	166	0.466309
107	171	0.473833
107	173	0.477406
107	178	1.35246
107	179	1.3458
107	180	0.488615
108	10	1.32545
108	21	1.34331
108	34	0.527955
108	50	0.561657
108	55	1.30882
108	67	0.532852
108	72	0.536678
108	99	1.34971
108	121	0.552363
108	122	0.5408
108	130	1.26664
108	132	1.22761
108	142	1.30947
108	143	0.508419
108	144	1.31499
108	146	0.513868
108	148	1.27766
108	157	1.23446
108	165	1.22722
108	166	1.25465
108	171	0.527305
108	172	1.24141
108	174	1.26005
108	179	1.25726
109	12	0.465982
109	47	1.44515
109	55	0.458723
109	57	1.38544
109	83	1.36518
109	92	1.3502
109	96	1.28589
109	111	1.36668
109	113	0.494514
109	116	0.473951
109	118	1.33871
109	120	1.40992
109	122	0.495891
109	124	1.41679
109	131	1.34677
109	145	1.40867
109	150	0.486291
109	151	1.36791
109	156	1.34456
109	169	0.495593
109	170	0.474513
109	171	0.482395
109	173	1.36906
109	174	0.474186
110	6	0.504055
110	47	0.489159
110	50	1.22141
110	111	0.533052
110	114	1.29151
110	122	1.25537
110	132	0.564398
110	138	1.29471
110	140	0.557418
110	144	1.32361
110	149	1.29745
110	155	0.519726
110	161	1.25593
110	163	1.28396
110	165	0.548998
110	167	1.27969
110	170	0.53583
110	171	1.28968
110	175	1.3081
110	176	1.28286
110	177	1.27156
110	178	1.27254
110	179	0.539983
110	180	1.27337
111	12	0.475073
111	13	1.39777
111	47	1.40758
111	51	0.523053
111	63	1.2219
111	69	1.31762
111	75	1.27904
111	83	1.32761
111	92	1.31263
111	103	0.509879
111	109	1.36668
111	110	0.533052
111	118	1.30114
111	120	1.37234
111	122	0.504982
111	124	1.37921
111	131	1.3092
111	145	1.37109
111	147	0.487902
111	151	1.33033
111	156	1.30699
111	170	0.483604
111	177	0.505118
111	178	0.493122
111	179	0.487757
112	33	0.516126
112	55	1.36944
112	66	1.36674
112	70	1.44049
112	97	0.483971
112	102	0.502716
112	105	0.478063
112	115	0.500184
112	125	1.36747
112	130	1.32726
112	132	1.28823
112	142	1.3701
112	148	1.33828
112	157	1.29509
112	165	1.28785
112	166	1.31528
112	169	1.29436
112	171	0.497481
112	172	1.30203
112	174	1.32068
112	175	0.495288
112	176	0.509783
112	177	0.511113
112	179	1.31788
112	180	0.512263
113	7	0.405766
113	95	0.513975
113	98	0.509633
113	102	0.519499
113	103	1.2999
113	106	1.35578
113	109	0.494514
113	121	0.539323
113	123	1.35927
113	128	1.33119
113	135	1.33643
113	136	1.33568
113	142	0.488044
113	149	1.34669
113	159	0.506904
113	161	1.30517
113	163	1.3332
113	167	1.32893
113	170	0.506382
113	171	1.33892
113	175	1.35734
113	176	1.33209
113	177	1.3208
113	179	0.510535
113	180	1.32261
114	19	0.444465
114	29	0.476606
114	46	1.28762
114	55	0.490996
114	62	1.24311
114	72	0.524043
114	100	0.531442
114	106	1.37794
114	107	0.486356
114	110	1.29151
114	128	1.35335
114	134	0.515164
114	139	1.3629
114	152	0.491025
114	153	1.26972
114	161	1.32732
114	163	1.35535
114	167	1.35108
114	169	0.527867
114	171	1.36107
114	175	1.37949
114	176	1.35425
114	177	1.34295
114	179	0.51094
114	180	1.34476
115	14	0.521597
115	29	0.466785
115	59	1.36858
115	85	0.492883
115	112	0.500184
115	117	0.527267
115	131	1.31278
115	133	0.472751
115	140	1.31971
115	141	1.31724
115	145	1.37467
115	151	1.33391
115	155	1.35474
115	156	1.31057
115	157	0.510006
115	159	0.497488
115	161	1.314
115	162	1.30613
115	165	0.510134
115	167	1.33776
115	173	1.33507
115	174	0.496639
115	175	1.36618
115	177	1.32963
115	180	1.33144
116	71	1.27109
116	74	1.42294
116	77	1.37895
116	82	1.31896
116	85	1.31511
116	87	0.499857
116	95	1.3385
116	105	1.35219
116	107	1.34701
116	109	0.473951
116	117	1.29688
116	129	1.32499
116	131	0.521142
116	132	0.514388
116	136	0.503333
116	152	0.470057
116	154	1.32382
116	160	1.33073
116	161	0.503575
116	165	0.498988
116	168	1.3368
116	173	1.32396
116	177	0.507334
116	178	1.31951
116	180	0.508483
117	22	1.35427
117	39	1.29149
117	68	1.29994
117	77	1.36177
117	78	1.22634
117	90	1.25433
117	101	0.533581
117	102	1.29986
117	115	0.527267
117	116	1.29688
117	123	0.511145
117	126	1.26704
117	129	1.30781
117	135	0.511665
117	137	1.33096
117	144	0.504651
117	146	1.31781
117	148	0.497718
117	156	0.541041
117	158	1.2816
117	159	1.29671
117	164	1.29315
117	167	0.534698
117	168	1.31963
117	172	0.519659
117	178	0.5262
118	20	1.27315
118	35	1.3235
118	43	0.563168
118	57	1.3199
118	61	0.495864
118	63	1.19394
118	75	1.25108
118	81	1.36349
118	83	1.29964
118	92	1.28467
118	102	0.528048
118	109	1.33871
118	111	1.30114
118	120	1.34438
118	128	0.515869
118	131	1.28123
118	133	0.490716
118	145	1.34313
118	151	1.30237
118	156	1.27903
118	166	0.51529
118	173	1.30352
118	174	0.514604
118	177	0.536446
118	178	0.524449
118	179	0.519085
119	62	1.24494
119	70	0.438943
119	73	0.446566
119	99	0.469493
119	101	0.513488
119	103	1.32389
119	123	1.38326
119	128	1.35518
119	135	1.36041
119	139	1.36474
119	143	1.39375
119	150	0.508368
119	157	0.509631
119	161	1.32916
119	163	1.35718
119	164	0.504569
119	165	0.509759
119	166	0.496948
119	167	1.35292
119	170	0.49659
119	171	1.36291
119	175	1.38133
119	176	1.35608
119	177	1.34479
119	178	1.34576
119	179	0.500743
119	180	1.34659
120	8	1.22577
120	20	1.34436
120	28	0.439184
120	29	0.443921
120	33	0.500629
120	46	0.519995
120	47	1.45082
120	51	0.513552
120	54	1.19949
120	57	1.39111
120	63	1.26514
120	66	0.466322
120	78	0.518505
120	83	1.37085
120	96	1.29155
120	109	1.40992
120	111	1.37234
120	118	1.34438
120	124	1.42245
120	140	0.49569
120	145	1.41433
120	151	1.37357
120	153	0.533331
120	156	1.35023
120	167	0.492118
120	173	1.37473
120	178	0.48362
121	5	0.500309
121	17	1.25025
121	34	1.27187
121	44	0.559159
121	51	0.558772
121	64	1.30203
121	75	0.557992
121	79	1.32454
121	93	1.23265
121	97	1.30942
121	100	1.24849
121	108	0.552363
121	113	0.539323
121	126	1.23275
121	129	1.27353
121	133	1.31743
121	146	1.28352
121	150	0.5311
121	158	1.24732
121	159	1.26243
121	161	0.537078
121	164	1.25886
121	168	1.28534
121	169	1.23786
121	176	0.539506
121	178	0.52884
121	179	1.26138
122	28	0.472841
122	67	0.521188
122	70	0.450112
122	108	0.5408
122	109	0.495891
122	110	1.25537
122	111	0.504982
122	123	1.34529
122	126	0.543006
122	127	1.31843
122	128	1.31721
122	129	0.514402
122	135	1.32244
122	136	1.32169
122	138	1.32996
122	143	1.35578
122	158	0.522502
122	161	1.29118
122	163	1.31921
122	165	0.520928
122	166	0.508117
122	167	1.31494
122	171	1.32493
122	175	1.34335
122	176	1.31811
122	177	1.30681
122	178	1.30779
122	180	1.30862
123	37	0.496661
123	44	1.3006
123	50	1.31132
123	53	0.435393
123	90	0.510567
123	99	0.453748
123	113	1.35927
123	117	0.511145
123	119	1.38326
123	122	1.34529
123	124	0.480486
123	127	1.37309
123	128	1.37187
123	138	1.38462
123	143	1.41044
123	147	0.485143
123	148	0.46188
123	150	0.492622
123	151	0.487439
123	161	1.34585
123	163	1.37388
123	165	0.494013
123	167	1.36961
123	171	1.3796
123	175	1.39802
123	176	1.37277
123	177	1.36148
123	179	0.484998
123	180	1.36329
124	8	1.23264
124	13	1.44789
124	19	0.423701
124	31	0.444926
124	47	1.45769
124	54	1.20636
124	57	1.39798
124	63	1.27202
124	64	0.472145
124	68	0.515659
124	75	1.32915
124	76	0.462766
124	83	1.37772
124	92	1.36274
124	109	1.41679
124	111	1.37921
124	120	1.42245
124	123	0.480486
124	131	1.35931
124	135	0.481006
124	140	0.507611
124	145	1.4212
124	151	1.38044
124	156	1.3571
124	160	0.497284
124	167	0.504038
124	173	1.3816
124	177	0.507537
124	180	0.508686
125	15	0.488614
125	16	1.33051
125	23	1.28349
125	38	0.481171
125	70	1.48383
125	101	1.36443
125	105	0.458577
125	112	1.36747
125	130	1.3706
125	132	1.33156
125	134	1.38372
125	140	0.491701
125	142	1.41343
125	146	0.464558
125	147	0.474411
125	148	1.38161
125	152	1.38647
125	156	0.494472
125	157	1.33842
125	158	0.484855
125	165	1.33118
125	166	1.35861
125	167	0.488129
125	172	1.34536
125	174	1.36401
125	176	0.490297
125	177	0.491627
125	178	1.36788
125	180	0.492777
126	34	1.29348
126	65	1.32645
126	67	1.26509
126	69	0.539631
126	79	1.34616
126	95	1.30866
126	100	1.27011
126	102	1.28719
126	106	0.507865
126	117	1.26704
126	121	1.23275
126	122	0.543006
126	129	1.29514
126	137	1.3183
126	138	0.515865
126	146	1.30514
126	147	0.525926
126	152	0.505866
126	158	1.26894
126	159	1.28404
126	163	0.532322
126	164	1.28048
126	167	0.539643
126	168	1.30696
126	169	1.25948
126	174	0.521301
126	178	0.531146
126	179	1.283
126	180	0.544291
127	27	0.436416
127	46	1.27928
127	54	1.16481
127	59	0.509217
127	84	0.510795
127	122	1.31843
127	123	1.37309
127	129	0.50981
127	135	1.35025
127	136	1.3495
127	143	1.38358
127	148	0.484203
127	149	1.36051
127	158	0.51791
127	159	0.50369
127	160	0.514429
127	161	1.31899
127	163	1.34701
127	167	1.34275
127	168	0.494431
127	170	0.503168
127	171	1.35274
127	173	1.34005
127	174	0.50284
127	175	1.37116
127	176	1.34591
127	177	1.33462
127	178	1.33559
127	179	0.507321
127	180	1.33642
128	26	1.24211
128	32	0.493887
128	44	1.27252
128	48	1.27925
128	83	0.483938
128	88	0.505825
128	101	0.504217
128	106	1.36838
128	113	1.33119
128	114	1.35335
128	118	0.515869
128	119	1.35518
128	122	1.31721
128	123	1.37187
128	134	0.495697
128	138	1.35654
128	141	0.503205
128	149	1.35929
128	156	0.511678
128	161	1.31777
128	163	1.34579
128	164	0.495298
128	166	0.487677
128	169	0.508399
128	170	0.487319
128	171	1.35152
128	175	1.36994
128	176	1.34469
128	177	1.3334
128	180	1.33521
129	11	0.503068
129	16	0.503883
129	29	1.41817
129	39	1.3196
129	56	1.36583
129	67	1.30587
129	68	1.32805
129	81	0.505066
129	97	1.37181
129	100	1.31089
129	116	1.32499
129	117	1.30781
129	121	1.27353
129	122	0.514402
129	126	1.29514
129	127	0.50981
129	130	0.492895
129	133	1.37982
129	137	1.35907
129	144	0.480992
129	152	0.477262
129	154	0.48818
129	158	1.30971
129	159	1.32482
129	162	0.512956
129	168	1.34773
129	170	1.33204
129	177	0.514538
129	178	0.502542
129	179	1.32378
130	10	1.3892
130	16	1.2903
130	37	1.34406
130	58	0.493533
130	76	1.36909
130	80	0.478197
130	82	0.487662
130	93	0.524729
130	103	0.512527
130	104	1.40245
130	108	1.26664
130	112	1.32726
130	125	1.3706
130	129	0.492895
130	132	1.29136
130	134	1.34352
130	141	0.502138
130	142	1.37322
130	148	1.34141
130	149	0.489511
130	152	1.34627
130	162	0.506184
130	165	1.29098
130	169	1.29749
130	170	1.32927
130	172	1.30516
130	173	0.497707
130	174	1.32381
130	177	0.507766
130	180	0.508916
131	8	1.16262
131	20	1.28121
131	25	0.498806
131	31	0.480607
131	35	1.33155
131	38	1.31358
131	47	1.38767
131	63	1.202
131	72	0.53896
131	75	1.25913
131	85	0.517621
131	91	1.37583
131	92	1.29272
131	95	1.32612
131	103	0.547979
131	107	0.501274
131	109	1.34677
131	111	1.3092
131	115	1.31278
131	116	0.521142
131	118	1.28123
131	124	1.35931
131	144	0.509672
131	145	1.35118
131	151	1.31042
131	155	0.5056
131	156	1.28708
131	166	0.522062
131	171	0.529586
131	173	1.31158
131	178	0.531222
132	3	1.33887
132	14	1.27006
132	24	0.488889
132	25	1.3819
132	28	1.36905
132	31	0.473853
132	37	1.30502
132	42	0.558057
132	64	0.501073
132	70	1.40459
132	87	1.3029
132	108	1.22761
132	110	0.564398
132	112	1.28823
132	116	0.514388
132	125	1.33156
132	130	1.29136
132	134	1.30449
132	142	1.33419
132	145	0.499807
132	152	1.30723
132	157	1.25919
132	159	0.515472
132	165	1.25195
132	166	1.27938
132	168	0.506214
132	171	0.522833
132	172	1.26613
132	175	0.520639
132	176	0.535134
132	178	1.28864
133	15	0.480667
133	20	0.514088
133	22	1.42627
133	34	1.37816
133	49	1.30122
133	55	0.446376
133	67	1.34977
133	77	1.43378
133	79	1.43083
133	95	1.39333
133	97	1.41571
133	100	1.35478
133	102	1.37186
133	103	0.488442
133	115	0.472751
133	118	0.490716
133	121	1.31743
133	129	1.37982
133	143	0.451163
133	146	1.38981
133	147	0.466465
133	153	0.521395
133	158	1.35361
133	159	1.36872
133	164	1.36515
133	167	0.480182
133	168	1.39163
133	170	1.37594
133	172	0.465143
133	174	0.461839
133	175	0.467856
134	2	0.494256
134	14	1.32221
134	16	1.30343
134	18	0.423133
134	19	1.49322
134	37	1.35718
134	41	0.529601
134	55	1.3857
134	57	0.48837
134	66	1.383
134	77	0.464336
134	81	0.506801
134	87	1.35506
134	99	1.42659
134	101	1.33735
134	105	0.483223
134	114	0.515164
134	125	1.38372
134	128	0.495697
134	130	1.34352
134	132	1.30449
134	137	0.498654
134	153	1.26659
134	155	0.478656
134	164	0.502738
134	165	1.3041
134	166	1.33153
134	169	1.31061
134	172	1.31829
134	174	1.33693
134	177	0.516273
134	179	1.33414
135	2	1.37858
135	14	0.505996
135	22	0.447249
135	48	1.28448
135	63	0.571478
135	67	0.494794
135	92	0.508709
135	104	0.439335
135	106	1.37362
135	113	1.33643
135	117	0.511665
135	119	1.36041
135	122	1.32244
135	124	0.481006
135	127	1.35025
135	136	1.35351
135	137	0.48526
135	139	1.35858
135	149	1.36452
135	161	1.323
135	163	1.35103
135	166	0.481723
135	167	1.34676
135	169	0.502445
135	171	1.35675
135	174	0.481037
135	175	1.37517
135	176	1.34993
135	177	1.33863
135	178	1.33961
135	179	0.485518
135	180	1.34044
136	7	0.403279
136	24	1.40525
136	27	0.437144
136	40	1.335
136	45	1.27718
136	47	0.457225
136	52	0.548047
136	53	0.458444
136	93	0.542372
136	100	0.528551
136	103	1.31699
136	105	0.492359
136	106	1.37287
136	113	1.33568
136	116	0.503333
136	122	1.32169
136	127	1.3495
136	135	1.35351
136	138	1.36103
136	143	1.38685
136	149	1.36377
136	152	0.488133
136	161	1.32225
136	162	0.523827
