1	15	1.16012
1	39	0.97943
1	55	0.904756
1	57	0.904743
1	78	1.16465
1	104	0.96753
1	105	1.08992
1	175	1.00965
1	178	0.932027
1	179	0.943959
1	180	0.937338
2	3	1.07742
2	5	0.916828
2	28	1.10493
2	35	0.981102
2	57	0.997296
2	65	0.960297
2	98	0.977421
2	104	1.06008
2	117	1.06233
2	140	0.959625
2	161	0.935606
2	166	0.973963
3	2	1.07742
3	5	0.926942
3	28	1.11505
3	35	0.991217
3	55	1.00742
3	99	1.08776
3	104	1.0702
3	122	0.885377
3	135	1.01175
3	148	0.956454
3	177	0.93515
3	178	0.939464
4	5	0.936907
4	14	0.97311
4	55	1.01739
4	57	1.01737
4	104	1.08016
4	106	0.997357
4	117	1.08241
4	120	1.09265
4	148	0.987628
4	154	0.954436
4	156	0.92957
4	169	0.937831
5	2	0.916828
5	3	0.926942
5	4	0.936907
5	14	0.802552
5	28	0.954455
5	35	0.830623
5	104	0.909605
5	120	0.922088
5	159	1.16278
5	166	1.22266
5	173	1.19966
5	178	1.22015
6	31	0.966858
6	67	0.946751
6	72	1.11584
6	73	1.00167
6	97	0.967663
6	99	1.03406
6	103	0.906421
6	114	1.09016
6	116	1.03727
6	163	0.938243
6	169	0.901715
6	175	1.09755
7	11	0.916874
7	66	1.10823
7	131	0.90837
7	149	0.968406
7	152	0.891302
7	165	1.01651
7	174	1.02524
7	176	1.03769
7	177	1.03897
7	178	1.02145
7	179	1.03338
7	180	1.02676
8	45	1.05643
8	63	1.04988
8	90	0.983671
8	92	1.03165
8	93	1.03369
8	112	0.966128
8	132	0.971845
8	135	1.00917
8	137	1.03551
8	161	0.929983
8	179	0.985339
8	180	0.953475
9	124	1.15416
9	145	1.00933
9	147	1.02075
9	151	1.05356
9	153	1.04015
9	155	1.01907
9	157	1.02576
9	169	0.902333
9	171	1.03138
9	172	0.963402
9	174	0.946064
9	175	0.838123
10	21	1.03566
10	56	0.998135
10	87	0.992378
10	95	1.05362
10	108	1.00875
10	113	1.05025
10	118	0.905062
10	129	1.06835
10	159	0.911792
10	163	0.972881
10	171	1.06121
10	173	0.948673
11	7	0.916874
11	96	0.999636
11	107	0.946454
11	119	1.03631
11	121	0.98218
11	138	1.03423
11	141	1.03374
11	143	1.01823
11	149	1.00701
11	160	1.02435
11	162	1.04615
11	169	0.960558
12	36	1.0233
12	44	1.0233
12	58	1.0233
12	71	0.994897
12	79	1.11487
12	106	0.98439
12	130	0.974937
12	161	0.921829
12	163	0.961392
12	169	1.04541
12	172	0.985933
12	177	0.953357
13	40	0.899416
13	58	0.937057
13	67	1.06014
13	93	0.909423
13	102	0.986925
13	149	1.01184
13	155	1.03019
13	157	1.03688
13	160	1.02918
13	178	1.02489
13	179	1.03682
13	180	1.0302
14	4	0.97311
14	5	0.802552
14	35	0.866826
14	55	0.883034
14	57	0.88302
14	104	0.945808
14	120	0.958292
14	125	1.22918
14	135	0.887358
14	154	1.20993
14	174	1.23706
14	175	1.12912
15	1	1.16012
15	53	0.883963
15	76	0.906145
15	88	1.14383
15	101	0.925223
15	158	0.9705
15	164	1.02165
15	166	1.0246
15	167	0.955601
15	168	1.0015
15	169	0.989275
15	175	1.01324
15	180	1.00973
16	22	0.940349
16	30	0.909989
16	31	0.925966
16	42	0.975897
16	67	0.905859
16	82	1.03609
16	99	0.993165
16	116	0.996383
16	159	1.06521
16	167	1.07142
16	168	1.02859
16	175	1.05665
16	176	1.10127
17	22	0.930917
17	52	0.990241
17	87	0.933254
17	95	0.994497
17	102	0.935498
17	107	1.06623
17	108	0.949622
17	113	0.991128
17	121	1.10196
17	169	1.00368
17	171	1.00208
17	175	1.01612
17	176	1.09183
18	45	1.01798
18	100	1.06035
18	121	0.962632
18	131	1.03173
18	143	1.04626
18	170	0.965736
18	171	1.03749
18	172	0.97217
18	176	0.985934
18	177	0.987214
18	178	0.96969
18	179	0.981622
18	180	0.975001
19	49	1.21961
19	100	0.966957
19	105	0.978558
19	143	0.954403
19	146	0.979357
19	150	0.996537
19	152	0.981338
19	154	0.986154
19	156	0.961288
19	160	0.960523
19	162	0.982326
19	165	1.03493
19	166	1.00487
20	68	1.09344
20	80	1.06027
20	85	1.12027
20	86	1.12027
20	91	1.12027
20	129	0.948373
20	137	0.870552
20	158	1.12724
20	167	0.798026
20	168	1.15824
20	172	0.877442
20	177	0.844866
20	179	0.868694
21	10	1.03566
21	56	0.928458
21	95	0.983944
21	97	1.08555
21	102	0.924945
21	108	0.939069
21	113	0.980575
21	140	1.04058
21	150	1.01422
21	167	1.00125
21	169	0.993125
21	176	1.0311
21	177	1.04809
22	16	0.940349
22	17	0.930917
22	68	0.824046
22	71	1.07977
22	146	0.796842
22	149	0.862673
22	155	1.11638
22	157	1.12307
22	160	0.839732
22	169	1.13029
22	178	1.11108
22	179	1.12301
22	180	1.11639
23	36	1.1012
23	44	1.1012
23	58	1.1012
23	71	1.0728
23	79	1.19278
23	137	1.1075
23	159	0.823634
23	163	0.884723
23	167	0.829848
23	169	1.12332
23	172	0.909264
23	174	0.891926
23	180	0.868652
24	83	1.1341
24	87	0.910608
24	102	0.912853
24	108	0.926976
24	113	0.968482
24	134	0.986512
24	159	1.02067
24	163	1.08175
24	169	0.981032
24	171	0.979439
24	173	1.05755
24	175	0.981016
24	180	1.06568
25	105	0.982824
25	111	0.999398
25	138	0.974673
25	140	1.01258
25	143	0.95867
25	148	1.04139
25	149	0.947448
25	152	0.985605
25	158	1.1044
25	160	0.964789
25	162	0.986593
25	170	1.02133
25	178	1.0244
26	50	1.03867
26	62	0.91139
26	118	0.899182
26	128	1.04895
26	145	1.03699
26	147	1.0484
26	153	1.06781
26	154	0.947079
26	155	1.04673
26	157	1.05341
26	166	0.965796
26	171	1.05904
26	173	0.942793
26	176	0.941974
27	49	0.973216
27	54	1.03142
27	59	1.10583
27	63	1.08618
27	90	1.01996
27	92	1.06794
27	93	1.06998
27	135	1.04546
27	144	0.932382
27	165	0.967972
27	170	0.932325
27	173	0.914906
27	174	0.946317
27	176	0.914087
28	2	1.10493
28	3	1.11505
28	5	0.954455
28	35	1.01873
28	55	1.03494
28	57	1.03492
28	104	1.09771
28	135	1.03926
28	144	0.957394
28	156	0.919338
28	169	0.927599
28	175	0.863388
28	178	0.960405
28	179	0.979919
29	66	0.870636
29	81	0.93143
29	122	1.11488
29	128	0.936727
29	144	1.16596
29	145	0.924762
29	147	0.936177
29	151	0.968993
29	153	0.955585
29	155	0.934502
29	157	0.941187
29	167	1.11781
29	169	1.13616
29	175	1.07195
30	16	0.909989
30	31	0.859741
30	33	0.848207
30	60	0.955948
30	64	1.11048
30	72	1.00873
30	82	0.969861
30	99	0.92694
30	116	0.930158
30	118	1.0817
30	139	1.11511
30	170	1.14273
30	174	1.15673
30	175	0.990429
31	6	0.966858
31	16	0.925966
31	30	0.859741
31	67	0.85561
31	73	0.91053
31	75	1.15726
31	82	0.985837
31	99	0.942917
31	116	0.946135
31	163	1.15224
31	167	1.09737
31	168	1.05454
31	170	1.14545
31	175	1.00641
32	54	1.01761
32	59	1.09202
32	63	1.07236
32	75	0.952537
32	90	1.00615
32	92	1.05413
32	93	1.05617
32	98	0.949771
32	131	1.06991
32	135	1.03165
32	164	0.943365
32	168	0.849818
32	170	0.94073
32	172	0.97206
33	30	0.848207
33	60	0.960391
33	67	0.844077
33	72	1.01317
33	73	0.898996
33	82	0.974304
33	99	0.931383
33	116	0.934601
33	122	1.08541
33	136	1.18771
33	167	1.08834
33	175	0.994872
33	176	1.11819
33	180	1.12714
34	61	1.06036
34	110	1.07657
34	124	1.01206
34	140	0.948547
34	143	1.04065
34	146	1.0656
34	148	0.97736
34	149	1.02943
34	156	0.919302
34	160	1.04677
34	162	1.06857
34	175	0.863352
34	176	0.939063
34	178	0.96037
35	2	0.981102
35	3	0.991217
35	5	0.830623
35	14	0.866826
35	28	1.01873
35	55	0.911105
35	57	0.911091
35	104	0.973879
35	135	0.915429
35	139	1.11956
35	169	1.11744
35	172	1.17851
35	175	1.05323
35	180	1.1379
36	12	1.0233
36	23	1.1012
36	44	0.976039
36	58	0.976039
36	71	0.947641
36	79	1.06762
36	130	0.92768
36	137	0.982337
36	169	0.998153
36	170	1.00851
36	173	0.991088
36	176	0.990269
36	177	1.00726
36	178	1.01158
36	180	0.999225
37	38	0.991924
37	43	0.993044
37	89	0.988578
37	123	1.10253
37	145	0.982907
37	147	0.994322
37	151	1.02714
37	153	1.01373
37	155	0.992647
37	156	0.993723
37	157	0.999332
37	167	0.983636
37	169	1.00198
37	171	1.00496
37	175	0.937773
38	37	0.991924
38	62	0.975055
38	114	0.999393
38	118	0.962847
38	142	1.00277
38	145	0.982
38	147	0.993415
38	151	1.02623
38	153	1.01282
38	155	0.99174
38	157	0.998425
38	171	1.00405
38	173	1.00646
38	179	1.04646
38	180	1.01459
39	1	0.97943
39	49	1.05865
39	53	0.958963
39	76	0.981145
39	88	1.21883
39	101	1.00022
39	123	0.909131
39	129	0.940585
39	158	1.0455
39	163	0.845113
39	165	0.873971
39	167	1.0306
39	168	1.0765
39	175	1.08824
40	13	0.899416
40	68	0.980198
40	69	1.06484
40	80	0.94703
40	85	1.00703
40	86	1.00703
40	91	1.00703
40	123	1.07445
40	130	0.927847
40	156	0.965641
40	158	1.014
40	163	1.01043
40	165	1.03929
40	168	1.045
40	174	1.01763
41	50	0.999298
41	55	1.0652
41	76	1.02326
41	83	0.818751
41	102	1.07888
41	145	1.00619
41	164	0.996391
41	166	1.0006
41	170	0.987789
41	173	1.00549
41	176	1.00799
41	177	1.00927
41	178	0.991743
41	179	1.00368
41	180	0.997054
42	16	0.975897
42	70	1.03208
42	71	0.94741
42	79	1.06739
42	104	0.957711
42	113	0.987952
42	116	0.996065
42	143	0.982271
42	145	1.0044
42	149	1.02777
42	169	0.997923
42	175	1.05634
42	177	0.99624
42	178	0.978716
42	180	0.984027
43	37	0.993044
43	114	1.00051
43	128	0.995086
43	137	1.04036
43	142	0.994812
43	145	0.983121
43	147	0.994536
43	151	1.02735
43	153	1.01394
43	155	0.99286
43	157	0.999546
43	175	0.921969
43	176	0.99768
43	177	1.01467
43	179	1.0385
44	12	1.0233
44	23	1.1012
44	36	0.976039
44	46	1.01687
44	58	0.976039
44	71	0.947641
44	79	1.06762
44	122	0.964085
44	130	0.92768
44	136	1.06638
44	137	0.982337
44	163	1.02189
44	164	1.01774
44	169	0.998153
44	175	0.921155
45	8	1.05643
45	18	1.01798
45	47	0.928306
45	54	0.969175
45	90	0.957716
45	92	1.00569
45	93	1.00773
45	117	1.04392
45	129	1.07031
45	131	1.02148
45	137	1.00955
45	139	0.940427
45	141	1.10773
45	168	0.877136
45	179	0.99063
46	44	1.01687
46	99	0.988768
46	124	1.05949
46	143	0.998088
46	150	0.964736
46	152	0.966487
46	166	0.999986
46	172	0.993603
46	173	1.00487
46	174	0.994913
46	176	1.00737
46	177	1.00865
46	178	0.991124
46	179	1.00306
46	180	0.996435
47	45	0.928306
47	54	0.867007
47	59	0.941418
47	60	0.947135
47	97	1.14277
47	116	0.921345
47	131	0.919309
47	165	1.14221
47	167	0.923982
47	168	0.969881
47	170	1.10656
47	175	0.981616
47	177	1.10532
47	178	1.10963
48	109	1.01971
48	110	1.01872
48	119	1.00088
48	122	0.960408
48	124	0.954208
48	126	1.01817
48	138	0.998803
48	141	0.998308
48	142	0.990321
48	148	1.03149
48	152	1.00973
48	160	0.988919
48	162	1.01072
48	176	0.993189
48	178	1.0145
49	19	1.21961
49	27	0.973216
49	39	1.05865
49	90	0.838212
49	102	1.31147
49	135	0.863712
49	143	1.21665
49	151	0.926455
49	153	0.913047
49	155	0.891964
49	157	0.898649
49	162	1.18971
49	177	0.904183
49	179	0.898591
49	180	0.89197
50	26	1.03867
50	41	0.999298
50	81	0.981329
50	136	1.06285
50	145	0.974661
50	147	0.986077
50	150	1.0194
50	151	1.01889
50	153	1.00548
50	155	0.984401
50	157	0.991086
50	161	0.978795
50	168	0.920657
50	172	1.0429
50	180	1.00229
51	60	1.00011
51	119	0.997305
51	140	1.00481
51	141	0.986258
51	145	1.02939
51	162	0.980321
51	165	0.986676
51	171	0.998487
51	172	0.99409
51	173	1.00536
51	176	1.00785
51	177	1.00913
51	178	0.991611
51	179	1.00354
51	180	0.996922
52	17	0.990241
52	83	1.1599
52	87	0.936407
52	95	0.99765
52	102	0.938651
52	108	0.952775
52	114	1.10777
52	125	0.955173
52	134	1.01231
52	149	1.15525
52	167	0.900972
52	169	1.00683
52	171	1.00524
52	173	0.931639
52	178	0.952126
53	15	0.883963
53	39	0.958963
53	76	0.90073
53	88	1.13842
53	101	0.919809
53	130	0.878936
53	144	1.08459
53	154	1.0714
53	156	1.04653
53	158	0.965086
53	161	1.05176
53	167	0.950187
53	168	0.996087
53	175	1.00782
53	176	1.06629
53	178	1.0876
54	27	1.03142
54	32	1.01761
54	45	0.969175
54	47	0.867007
54	59	0.982288
54	63	0.962632
54	90	0.896418
54	92	0.944395
54	93	0.946435
54	117	0.982618
54	125	1.08793
54	154	1.06869
54	159	1.02752
54	173	1.0644
54	174	1.09581
54	176	1.06358
55	1	0.904756
55	3	1.00742
55	4	1.01739
55	14	0.883034
55	28	1.03494
55	35	0.911105
55	41	1.0652
55	57	0.927299
55	104	0.990086
55	117	0.992335
55	135	0.931636
55	140	1.06872
55	169	1.04774
55	177	1.07623
55	178	1.08054
55	180	1.06819
56	10	0.998135
56	21	0.928458
56	62	1.03607
56	83	1.10867
56	95	0.94642
56	102	0.887421
56	108	0.901545
56	113	0.94305
56	150	0.9767
56	156	1.04689
56	163	1.09168
56	166	1.09048
56	169	0.9556
56	171	0.954007
56	173	1.06747
56	180	1.07561
57	1	0.904743
57	2	0.997296
57	4	1.01737
57	14	0.88302
57	28	1.03492
57	35	0.911091
57	55	0.927299
57	104	0.990073
57	118	1.03116
57	120	1.00256
57	135	0.931623
57	167	1.0441
57	169	1.06245
57	170	1.09219
57	178	1.09526
57	180	1.08291
58	12	1.0233
58	13	0.937057
58	23	1.1012
58	36	0.976039
58	44	0.976039
58	71	0.947641
58	79	1.06762
58	130	0.92768
58	137	0.982337
58	161	1.00851
58	163	1.04807
58	167	0.993195
58	169	0.998153
58	172	1.07261
58	175	0.947332
59	27	1.10583
59	32	1.09202
59	47	0.941418
59	54	0.982288
59	63	1.03704
59	90	0.970829
59	92	1.01881
59	93	1.02085
59	97	1.00936
59	131	1.03459
59	132	0.982242
59	134	1.10256
59	135	0.996329
59	168	0.882242
59	174	0.987146
59	175	0.879205
59	180	0.963872
60	30	0.955948
60	33	0.960391
60	47	0.947135
60	51	1.00011
60	67	0.951818
60	72	1.12091
60	73	1.00674
60	99	1.03912
60	107	0.945329
60	116	1.04234
60	120	1.07298
60	132	0.99826
60	154	0.976039
60	167	0.941086
60	169	0.959433
60	175	1.10261
60	177	0.987926
61	34	1.06036
61	94	1.01426
61	110	1.03382
61	125	0.974067
61	132	0.97704
61	138	1.01391
61	141	1.01341
61	144	0.968009
61	146	1.02286
61	149	0.986684
61	152	1.02484
61	160	1.00403
61	162	1.02583
61	164	0.970587
61	174	0.981944
61	177	0.966706
61	178	0.97102
62	26	0.91139
62	38	0.975055
62	56	1.03607
62	70	0.997316
62	149	0.993007
62	157	0.943135
62	165	1.00885
62	170	1.00983
62	171	0.938729
62	172	1.01627
62	173	1.02753
62	174	1.01758
62	176	1.03003
62	177	1.03131
62	178	1.01379
62	179	1.02572
62	180	1.0191
63	8	1.04988
63	27	1.08618
63	32	1.07236
63	54	0.962632
63	59	1.03704
63	90	0.951173
63	91	1.04547
63	92	0.99915
63	93	1.00119
63	117	1.03737
63	133	1.02849
63	137	1.00301
63	163	0.952555
63	169	0.916027
63	172	0.977096
63	174	0.959758
63	176	0.927527
64	30	1.11048
64	73	0.981252
64	108	0.979338
64	109	0.948392
64	113	1.02084
64	117	0.908355
64	141	0.943068
64	143	0.964071
64	145	1.00975
64	153	1.04057
64	157	1.02618
64	162	0.93713
64	171	1.0318
64	177	1.03171
64	178	1.01419
64	179	1.02612
64	180	1.0195
65	2	0.960297
65	86	0.942923
65	90	1.08021
65	91	0.927262
65	117	0.932527
65	128	0.991933
65	134	0.956957
65	161	1.03682
65	170	1.00672
65	172	1.01316
65	173	1.02442
65	174	1.01447
65	176	1.02692
65	177	1.0282
65	178	1.01068
65	179	1.02261
65	180	1.01599
66	7	1.10823
66	29	0.870636
66	78	0.910988
66	81	0.925525
66	114	0.93625
66	121	1.17353
66	128	0.930822
66	145	0.918857
66	147	0.930273
66	151	0.963088
66	153	0.94968
66	155	0.928597
66	157	0.935282
66	161	1.14888
66	167	1.13356
66	168	1.09074
66	169	1.15191
67	6	0.946751
67	13	1.06014
67	16	0.905859
67	31	0.85561
67	33	0.844077
67	60	0.951818
67	72	1.0046
67	73	0.890423
67	82	0.96573
67	99	0.922809
67	112	1.16774
67	116	0.926028
67	122	1.11335
67	142	1.14326
67	154	1.15123
67	163	1.17115
67	175	0.986299
68	20	1.09344
68	22	0.824046
68	40	0.980198
68	69	1.06866
68	80	0.950857
68	85	1.01086
68	86	1.01086
68	91	1.01086
68	98	1.01224
68	122	0.952183
68	123	1.07401
68	134	1.00763
68	158	1.01782
68	168	1.04882
68	172	1.03453
68	175	0.909253
68	177	1.00196
69	40	1.06484
69	68	1.06866
69	74	0.959163
69	80	1.0355
69	85	1.0955
69	86	1.0955
69	91	1.0955
69	130	1.01631
69	132	0.905447
69	134	1.09227
69	137	0.920798
69	158	1.10246
69	163	0.903148
69	164	0.898994
69	166	0.901942
69	168	1.13346
69	175	0.802409
69	179	0.91894
70	42	1.03208
70	62	0.997316
70	109	1.00207
70	111	1.00589
70	115	0.978467
70	124	0.936569
70	141	0.980669
70	143	0.965161
70	146	0.990115
70	152	0.992096
70	160	0.97128
70	162	0.993084
70	165	1.08178
70	168	0.955225
70	170	1.04614
70	171	0.984602
70	177	1.04489
70	178	1.04921
71	12	0.994897
71	22	1.07977
71	23	1.0728
71	36	0.947641
71	42	0.94741
71	44	0.947641
71	58	0.947641
71	79	1.03922
71	127	1.0478
71	130	0.899282
71	137	0.953939
71	144	1.04015
71	154	1.02696
71	159	0.985792
71	163	1.04688
71	169	0.969754
71	170	1.04009
71	176	1.02185
72	6	1.11584
72	30	1.00873
72	33	1.01317
72	60	1.12091
72	67	1.0046
72	73	1.05952
72	82	1.13482
72	89	0.860331
72	99	1.0919
72	112	0.906846
72	116	1.09512
72	126	0.910216
72	161	0.870701
72	163	0.910264
72	166	0.909059
72	174	0.917467
72	175	1.15539
72	179	0.926057
73	6	1.00167
73	31	0.91053
73	33	0.898996
73	60	1.00674
73	64	0.981252
73	67	0.890423
73	72	1.05952
73	82	1.02065
73	94	1.14345
73	99	0.977729
73	116	0.980947
73	120	1.01158
73	137	1.03795
73	142	0.992401
73	166	1.01909
73	174	1.0275
73	175	1.04122
73	180	1.00423
74	69	0.959163
74	101	1.03954
74	128	1.06282
74	132	0.995351
74	134	1.02784
74	136	0.956025
74	143	1.05913
74	147	1.06226
74	158	0.981504
74	165	0.972306
74	166	0.986102
74	170	0.973286
74	172	0.979719
74	176	0.993484
74	177	0.994764
74	178	0.97724
74	179	0.989172
74	180	0.982551
75	31	1.15726
75	32	0.952537
75	90	1.1001
75	131	0.993601
75	138	0.984765
75	145	1.03027
75	150	0.974782
75	154	0.982323
75	165	0.969982
75	166	0.983778
75	170	0.970961
75	173	0.988661
75	174	0.978705
75	176	0.991159
75	177	0.99244
75	178	0.974916
75	179	0.986848
75	180	0.980227
76	15	0.906145
76	39	0.981145
76	41	1.02326
76	53	0.90073
76	88	1.1606
76	96	1.04487
76	101	0.94199
76	120	1.00037
76	130	0.901117
76	139	1.00791
76	142	1.01442
76	158	0.987267
76	163	1.04232
76	167	0.972368
76	168	1.01827
76	175	1.03
76	176	1.01729
76	179	1.05811
77	78	1.05432
77	96	0.923097
77	118	0.852727
77	125	0.919872
77	128	1.07416
77	139	0.886136
77	145	1.06219
77	147	1.07361
77	151	1.10642
77	153	1.09301
77	155	1.07193
77	157	1.07862
77	158	1.10151
77	171	1.08424
77	172	0.945088
77	174	0.927749
77	175	0.819808
77	179	0.936339
78	1	1.16465
78	66	0.910988
78	77	1.05432
78	81	0.971782
78	114	0.982507
78	128	0.97708
78	132	1.03263
78	145	0.965115
78	147	0.97653
78	151	1.00935
78	153	0.995938
78	155	0.974854
78	157	0.98154
78	166	1.02913
78	168	0.932629
78	173	1.00612
78	174	1.03753
78	176	1.0053
79	12	1.11487
79	23	1.19278
79	36	1.06762
79	42	1.06739
79	44	1.06762
79	58	1.06762
79	71	1.03922
79	130	1.01926
79	137	1.07391
79	148	0.92628
79	156	0.868223
79	168	0.81531
79	169	1.08973
79	172	0.937552
79	174	0.920214
79	177	0.904977
79	178	0.90929
79	179	0.928804
80	20	1.06027
80	40	0.94703
80	68	0.950857
80	69	1.0355
80	85	0.977689
80	86	0.977689
80	91	0.977689
80	127	1.02559
80	130	0.898506
80	134	0.974459
80	144	1.01793
80	151	1.14704
80	158	0.984656
80	167	0.969791
80	168	1.01566
80	169	0.988138
80	170	1.01788
80	179	1.04046
81	29	0.93143
81	50	0.981329
81	66	0.925525
81	78	0.971782
81	103	1.02898
81	144	1.05407
81	145	0.979651
81	147	0.991066
81	151	1.02388
81	153	1.01047
81	155	0.989391
81	156	1.01602
81	157	0.996076
81	163	0.999393
81	164	1.05665
81	168	0.963103
81	170	1.05402
81	173	1.0366
82	16	1.03609
82	30	0.969861
82	31	0.985837
82	33	0.974304
82	67	0.96573
82	72	1.13482
82	73	1.02065
82	99	1.05304
82	116	1.05625
82	120	1.08689
82	122	0.909477
82	139	0.932875
82	154	0.947363
82	163	0.967285
82	170	0.960496
82	172	0.991826
82	175	1.11653
82	176	0.942258
82	177	0.95925
83	24	1.1341
83	41	0.818751
83	52	1.1599
83	56	1.10867
83	87	1.10291
83	95	1.16415
83	102	1.10515
83	108	1.11928
83	113	1.16078
83	125	0.837136
83	148	0.85108
83	153	0.98089
83	154	0.817888
83	165	0.866669
83	169	1.17333
83	171	1.17174
83	174	0.845014
83	175	0.737073
83	179	0.853604
84	94	0.948602
84	100	0.944803
84	110	0.968166
84	111	0.972977
84	115	0.945555
84	133	1.17714
84	143	0.932249
84	146	0.957203
84	149	0.921028
84	152	0.959184
84	156	1.05643
84	160	0.938369
84	162	0.960172
84	164	1.09706
84	166	1.10001
84	171	0.951691
84	175	1.00048
84	177	1.09318
84	180	1.08514
85	20	1.12027
85	40	1.00703
85	68	1.01086
85	69	1.0955
85	80	0.977689
85	86	1.03769
85	89	0.911912
85	91	1.03769
85	106	0.984843
85	130	0.958506
85	134	1.03446
85	154	0.941923
85	158	1.04466
85	168	1.07566
85	176	0.936818
85	177	0.953811
85	178	0.958125
85	179	0.977638
85	180	0.945774
86	20	1.12027
86	40	1.00703
86	65	0.942923
86	68	1.01086
86	69	1.0955
86	80	0.977689
86	85	1.03769
86	91	1.03769
86	97	0.987215
86	122	0.899986
86	130	0.958506
86	133	1.03373
86	134	1.03446
86	144	0.951062
86	158	1.04466
86	167	0.902919
86	168	1.07566
86	177	0.949759
86	180	0.941723
87	10	0.992378
87	17	0.933254
87	24	0.910608
87	52	0.936407
87	83	1.10291
87	95	0.940663
87	102	0.881664
87	108	0.895788
87	113	0.937294
87	137	1.11024
87	139	1.05818
87	148	1.10586
87	150	0.970943
87	161	1.05302
87	164	1.08843
87	169	0.949843
87	171	0.94825
87	172	1.11713
87	180	1.07652
88	15	1.14383
88	39	1.21883
88	53	1.13842
88	76	1.1606
88	97	0.772946
88	101	1.17968
88	129	0.838997
88	133	0.819456
88	143	0.897425
88	158	1.22495
88	163	0.743526
88	167	1.21005
88	168	1.25595
88	171	0.888649
88	172	0.768067
88	175	1.26769
88	176	0.718498
88	179	0.759318
89	37	0.988578
89	72	0.860331
89	85	0.911912
89	130	1.04188
89	134	0.921895
89	157	0.948813
89	160	0.975744
89	161	1.05069
89	167	1.04454
89	169	1.04376
89	170	1.0206
89	171	0.944407
89	173	1.0383
89	174	1.02834
89	176	1.0408
89	177	1.04208
89	178	1.02455
89	179	1.03648
89	180	1.02986
90	8	0.983671
90	27	1.01996
90	32	1.00615
90	45	0.957716
90	49	0.838212
90	54	0.896418
90	59	0.970829
90	63	0.951173
90	65	1.08021
90	75	1.1001
90	92	0.932936
90	93	0.934976
90	117	0.971159
90	121	1.08018
90	123	1.1591
90	137	0.936797
90	168	0.997384
90	179	1.11088
90	180	1.07901
91	20	1.12027
91	40	1.00703
91	63	1.04547
91	65	0.927262
91	68	1.01086
91	69	1.0955
91	80	0.977689
91	85	1.03769
91	86	1.03769
91	130	0.958506
91	133	1.01806
91	134	1.03446
91	137	0.959783
91	158	1.04466
91	167	0.887258
91	168	1.07566
91	169	0.905605
91	178	0.938412
91	180	0.926062
92	8	1.03165
92	27	1.06794
92	32	1.05413
92	45	1.00569
92	54	0.944395
92	59	1.01881
92	63	0.99915
92	90	0.932936
92	93	0.982954
92	98	1.04025
92	117	1.01914
92	126	1.03795
92	135	0.958437
92	137	0.984775
92	159	0.976913
92	168	0.940301
92	173	1.01379
92	175	0.937263
92	177	1.02997
92	178	1.03428
93	8	1.03369
93	13	0.909423
93	27	1.06998
93	32	1.05617
93	45	1.00773
93	54	0.946435
93	59	1.02085
93	63	1.00119
93	90	0.934976
93	92	0.982954
93	131	0.998736
93	135	0.960477
93	137	0.986815
93	140	1.00489
93	141	1.15333
93	167	0.965561
93	170	1.01365
93	172	1.04498
93	175	0.919698
93	176	0.995409
94	61	1.01426
94	73	1.14345
94	84	0.948602
94	124	0.965959
94	131	1.01169
94	137	0.99002
94	138	1.01055
94	141	1.01006
94	143	0.994551
94	149	0.98333
94	152	1.02149
94	155	1.13317
94	159	0.911281
94	160	1.00067
94	161	0.932806
94	162	1.02247
94	166	0.971164
94	167	1.01636
94	178	0.968648
94	180	0.956298
95	10	1.05362
95	17	0.994497
95	21	0.983944
95	52	0.99765
95	56	0.94642
95	83	1.16415
95	87	0.940663
95	102	0.942907
95	106	1.04415
95	108	0.957031
95	113	0.998537
95	118	0.953328
95	154	1.00123
95	161	0.981585
95	167	0.966273
95	169	1.01109
95	170	1.01436
95	171	1.00949
95	177	1.01311
95	179	1.03694
96	11	0.999636
96	76	1.04487
96	77	0.923097
96	105	0.958154
96	135	1.05383
96	141	0.984662
96	142	1.00365
96	145	1.0278
96	157	1.0013
96	161	1.01588
96	164	0.994392
96	166	0.998605
96	167	1.00973
96	170	0.985789
96	172	0.992223
96	176	1.00599
96	177	1.00727
96	178	0.989744
96	179	1.00168
96	180	0.995055
97	6	0.967663
97	21	1.08555
97	47	1.14277
97	59	1.00936
97	86	0.987215
97	88	0.772946
97	116	1.00828
97	159	1.03106
97	164	0.996198
97	165	0.986615
97	166	1.00041
97	170	0.987595
97	171	1.02376
97	172	0.994029
97	174	0.995339
97	176	1.00779
97	177	1.00907
97	178	0.99155
97	179	1.00348
97	180	0.99686
98	2	0.977421
98	32	0.949771
98	68	1.01224
98	92	1.04025
98	99	0.996047
98	115	1.00599
98	133	0.970076
98	155	1.01227
98	157	1.001
98	161	1.01958
98	166	1.0023
98	170	0.989487
98	172	0.995921
98	173	1.00719
98	174	0.997231
98	176	1.00968
98	177	1.01097
98	178	0.993442
98	179	1.00537
98	180	0.998752
99	3	1.08776
99	6	1.03406
99	16	0.993165
99	30	0.92694
99	31	0.942917
99	33	0.931383
99	46	0.988768
99	60	1.03912
99	67	0.922809
99	72	1.0919
99	73	0.977729
99	82	1.05304
99	98	0.996047
99	116	1.01333
99	144	0.987063
99	173	0.969587
99	175	1.07361
99	178	0.990074
99	179	1.00959
99	180	0.977724
100	18	1.06035
100	19	0.966957
100	84	0.944803
100	109	1.02766
100	110	1.02667
100	112	1.01379
100	115	1.00406
100	127	1.01812
100	138	1.00676
100	141	1.00626
100	143	0.990752
100	149	0.979531
100	152	1.01769
100	162	1.01868
100	168	0.919503
100	169	0.980677
100	170	1.01042
100	171	1.01019
100	173	0.992996
100	178	1.01348
101	15	0.925223
101	39	1.00022
101	53	0.919809
101	74	1.03954
101	76	0.94199
101	88	1.17968
101	117	1.00921
101	120	1.01945
101	130	0.920196
101	136	1.02802
101	140	0.967982
101	148	0.996795
101	158	1.00635
101	165	1.01238
101	167	0.991447
101	168	1.03735
101	170	0.976737
101	172	1.00807
101	175	1.04908
101	178	0.979805
102	13	0.986925
102	17	0.935498
102	21	0.924945
102	24	0.912853
102	41	1.07888
102	49	1.31147
102	52	0.938651
102	56	0.887421
102	83	1.10515
102	87	0.881664
102	95	0.942907
102	108	0.898032
102	113	0.939538
102	133	1.17387
102	134	0.957568
102	150	0.973187
102	159	1.03685
102	164	1.09378
102	167	1.04306
102	169	0.952087
102	171	0.950495
102	180	1.08187
103	6	0.906421
103	81	1.02898
103	130	1.05999
103	135	1.01946
103	140	1.0208
103	143	0.971294
103	150	0.937941
103	153	0.960473
103	154	1.01501
103	162	0.944352
103	164	1.01225
103	166	1.01646
103	170	1.00365
103	171	0.962518
103	172	1.01008
103	173	1.02135
103	174	1.01139
103	176	1.02384
103	177	1.02512
103	178	1.0076
103	179	1.01953
103	180	1.01291
104	1	0.96753
104	2	1.06008
104	3	1.0702
104	4	1.08016
104	5	0.909605
104	14	0.945808
104	28	1.09771
104	35	0.973879
104	42	0.957711
104	55	0.990086
104	57	0.990073
104	117	1.05511
104	120	1.06534
104	129	1.07403
104	132	0.980855
104	135	0.99441
104	136	1.02305
104	163	0.978556
104	166	0.97735
104	167	0.923681
104	169	0.942028
104	176	0.953528
105	1	1.08992
105	19	0.978558
105	25	0.982824
105	96	0.958154
105	109	1.03926
105	133	1.03153
105	138	1.01836
105	141	1.01786
105	143	1.00235
105	146	1.02731
105	148	0.968873
105	152	1.02929
105	159	0.894515
105	160	1.00847
105	162	1.03028
105	163	1.01949
105	167	1.02417
105	171	1.02179
105	172	0.980145
105	174	0.962806
105	178	0.951883
105	179	0.971396
106	4	0.997357
106	12	0.98439
106	85	0.984843
106	95	1.04415
106	108	1.09889
106	114	1.02414
106	119	1.01616
106	127	0.98479
106	134	0.994826
106	159	1.01478
106	160	1.04867
106	161	1.00141
106	165	0.97034
106	166	0.984136
106	170	0.97132
106	172	0.977754
106	173	0.989019
106	174	0.979064
106	176	0.991518
106	177	0.992799
106	178	0.975275
106	179	0.987207
106	180	0.980586
107	11	0.946454
107	17	1.06623
107	60	0.945329
107	108	1.02526
107	109	0.936804
107	120	0.886293
107	144	1.0225
107	147	0.955609
107	148	1.02555
107	155	0.959389
107	156	1.05033
107	162	0.925542
107	164	1.026
107	165	1.01642
107	170	1.01739
107	171	0.943708
107	172	1.02383
107	173	1.03509
107	174	1.02514
107	176	1.03759
107	177	1.03887
107	178	1.02135
107	179	1.03328
107	180	1.02666
108	10	1.00875
108	17	0.949622
108	21	0.939069
108	24	0.926976
108	52	0.952775
108	56	0.901545
108	64	0.979338
108	83	1.11928
108	87	0.895788
108	95	0.957031
108	102	0.898032
108	106	1.09889
108	107	1.02526
108	113	0.953662
108	150	0.987311
108	161	1.03633
108	163	1.07589
108	165	1.10475
108	166	1.07468
108	167	1.02101
108	169	0.966211
108	171	0.964618
108	172	1.10043
108	178	1.07217
109	48	1.01971
109	64	0.948392
109	70	1.00207
109	100	1.02766
109	105	1.03926
109	107	0.936804
109	111	1.05583
109	115	1.02841
109	121	0.97253
109	127	0.988356
109	138	1.03111
109	140	0.971892
109	141	1.03061
109	142	0.95954
109	143	1.01511
109	146	1.04006
109	149	1.00388
109	152	1.04204
109	160	1.02122
109	162	1.04303
109	169	0.950908
109	172	1.01198
109	175	0.886698
109	178	0.983715
110	34	1.07657
110	48	1.01872
110	61	1.03382
110	84	0.968166
110	100	1.02667
110	111	1.05484
110	118	0.90478
110	119	1.03219
110	129	1.06807
110	133	1.04853
110	141	1.02962
110	143	1.01412
110	146	1.03907
110	149	1.00289
110	152	1.04105
110	156	0.927811
110	159	0.91151
110	160	1.02023
110	162	1.04204
110	164	0.968445
110	168	0.874898
110	177	0.964564
110	179	0.988392
110	180	0.956528
111	25	0.999398
111	70	1.00589
111	84	0.972977
111	109	1.05583
111	110	1.05484
111	124	0.990334
111	127	0.955324
111	133	1.03033
111	136	0.998893
111	137	0.972054
111	143	1.01893
111	146	1.04388
111	150	1.06106
111	152	1.04586
111	160	1.02505
111	162	1.04685
111	165	0.983262
111	166	0.953198
111	167	1.04074
111	168	0.856702
111	171	1.03837
111	172	0.978945
111	177	0.946369
111	180	0.938332
112	8	0.966128
112	67	1.16774
112	72	0.906846
112	100	1.01379
112	124	1.0611
112	133	0.962271
112	134	0.96841
112	143	0.999698
112	148	0.989838
112	151	0.968167
112	152	0.968096
112	156	1.01461
112	162	0.972756
112	165	0.980702
112	168	1.05152
112	170	0.981682
112	172	0.988116
112	173	0.999381
112	174	0.989426
112	175	1.06326
112	176	1.00188
112	177	1.00316
112	178	0.985636
112	179	0.997568
112	180	0.990947
113	10	1.05025
113	17	0.991128
113	21	0.980575
113	24	0.968482
113	42	0.987952
113	56	0.94305
113	64	1.02084
113	83	1.16078
113	87	0.937294
113	95	0.998537
113	102	0.939538
113	108	0.953662
113	118	0.940977
113	132	1.0111
113	134	1.0132
113	150	1.02882
113	152	1.13109
113	161	0.969234
113	167	0.953922
113	169	1.00772
113	170	1.00201
113	171	1.00612
113	176	0.983769
113	178	1.00508
113	179	1.02459
114	6	1.09016
114	38	0.999393
114	43	1.00051
114	52	1.10777
114	66	0.93625
114	78	0.982507
114	106	1.02414
114	128	1.00234
114	135	0.971865
114	145	0.990376
114	147	1.00179
114	151	1.03461
114	153	1.0212
114	154	0.981215
114	155	1.00012
114	157	1.0068
114	158	1.0297
114	159	0.940049
114	163	1.01012
114	167	0.946263
114	169	0.96461
114	171	1.01242
114	173	0.976929
114	177	0.993103
114	180	0.985066
115	70	0.978467
115	84	0.945555
115	98	1.00599
115	100	1.00406
115	109	1.02841
115	119	1.00958
115	121	0.988834
115	124	0.962912
115	136	1.04823
115	138	1.00751
115	141	1.00701
115	144	0.997008
115	146	1.01646
115	149	0.980283
115	152	1.01844
115	160	0.997624
115	162	1.01943
115	167	1.01332
115	171	1.01095
115	173	0.979532
115	174	1.01094
115	176	0.978713
115	177	0.995705
115	179	1.01953
115	180	0.987669
116	6	1.03727
116	16	0.996383
116	30	0.930158
116	31	0.946135
116	33	0.934601
116	42	0.996065
116	47	0.921345
116	60	1.04234
116	67	0.926028
116	72	1.09512
116	73	0.980947
116	82	1.05625
116	97	1.00828
116	99	1.01333
116	120	1.04719
116	123	1.04288
116	125	0.978184
116	136	1.02335
116	142	0.950963
116	157	1.12839
116	166	0.977653
116	175	1.07682
116	176	0.953831
116	177	0.970824
116	178	0.975137
117	2	1.06233
117	4	1.08241
117	45	1.04392
117	54	0.982618
117	55	0.992335
117	63	1.03737
117	64	0.908355
117	65	0.932527
117	90	0.971159
117	92	1.01914
117	101	1.00921
117	104	1.05511
117	120	1.06759
117	142	0.919503
117	150	1.06795
117	158	1.05449
117	164	0.943245
117	166	0.946193
117	167	1.03959
117	168	1.08549
117	173	0.92319
117	175	1.09723
117	176	0.922371
117	177	0.939364
117	178	0.943678
117	179	0.963191
118	10	0.905062
118	26	0.899182
118	30	1.0817
118	38	0.962847
118	57	1.03116
118	77	0.852727
118	95	0.953328
118	110	0.90478
118	113	0.940977
118	121	1.02938
118	128	0.938985
118	133	1.01307
118	136	1.01522
118	142	1.05035
118	148	1.04064
118	156	1.06542
118	164	1.04109
118	170	1.03248
118	171	0.926521
118	172	1.03892
118	174	1.04023
118	176	1.05268
118	177	1.05396
118	178	1.03644
118	179	1.04837
118	180	1.04175
119	11	1.03631
119	48	1.00088
119	51	0.997305
119	106	1.01616
119	110	1.03219
119	115	1.00958
119	124	0.967685
119	129	1.08863
119	134	1.02279
119	137	1.01081
119	138	1.01228
119	141	1.01178
119	143	0.996277
119	146	1.02123
119	148	1.00643
119	149	0.985055
119	150	1.03841
119	152	1.02321
119	160	1.0024
119	161	0.953595
119	162	1.0242
119	164	0.989004
119	168	0.895457
119	171	1.01572
119	175	0.89242
119	177	0.985123
119	180	0.977087
120	4	1.09265
120	5	0.922088
120	14	0.958292
120	57	1.00256
120	60	1.07298
120	73	1.01158
120	76	1.00037
120	82	1.08689
120	101	1.01945
120	104	1.06534
120	107	0.886293
120	116	1.04719
120	117	1.06759
120	121	0.922019
120	129	1.0324
120	150	1.05747
120	166	0.93572
120	167	1.04983
120	168	1.09573
120	169	0.900397
120	172	0.961466
120	173	0.912717
120	175	1.10746
120	177	0.92889
120	179	0.952718
120	180	0.920854
121	11	0.98218
121	17	1.10196
121	18	0.962632
121	66	1.17353
121	90	1.08018
121	109	0.97253
121	115	0.988834
121	118	1.02938
121	120	0.922019
121	129	0.96075
121	135	1.03638
121	138	0.96484
121	139	0.995741
121	156	1.00377
121	159	1.0143
121	160	1.01077
121	161	1.00093
121	162	0.961268
121	164	0.979444
121	166	0.983657
121	172	0.977275
121	173	0.98854
121	174	0.978585
121	176	0.991039
121	177	0.99232
121	178	0.974796
121	179	0.986728
121	180	0.980107
122	3	0.885377
122	29	1.11488
122	33	1.08541
122	44	0.964085
122	48	0.960408
122	67	1.11335
122	68	0.952183
122	82	0.909477
122	86	0.899986
122	125	1.02645
122	132	1.03239
122	139	1.03523
122	146	0.924979
122	148	1.01848
122	158	0.86768
122	161	1.04042
122	162	0.918365
122	164	1.01893
122	165	1.00935
122	166	1.02314
122	170	1.01033
122	172	1.01676
122	173	1.02803
122	174	1.01807
122	176	1.03053
122	177	1.03181
122	178	1.01428
122	179	1.02621
122	180	1.01959
123	37	1.10253
123	39	0.909131
123	40	1.07445
123	68	1.07401
123	90	1.1591
123	116	1.04288
123	129	0.943828
123	131	1.0526
123	132	0.975985
123	135	1.1153
123	139	0.97882
123	142	0.971781
123	148	0.962076
123	150	1.03378
123	158	0.989506
123	159	0.99738
123	162	1.04019
123	164	0.962522
123	165	0.95294
123	166	0.966736
123	170	0.953919
123	172	0.960353
123	173	0.971619
123	174	0.961663
123	176	0.974117
123	177	0.975398
123	178	0.957874
123	179	0.969806
123	180	0.963185
124	9	1.15416
124	34	1.01206
124	46	1.05949
124	48	0.954208
124	70	0.936569
124	94	0.965959
124	111	0.990334
124	112	1.0611
124	115	0.962912
124	119	0.967685
124	138	0.965609
124	141	0.965114
124	143	0.949606
124	144	1.05779
124	146	0.97456
124	149	0.938385
124	152	0.976541
124	154	1.0446
124	156	1.01973
124	160	0.955725
124	162	0.977529
124	163	0.966741
124	167	0.97142
124	170	1.05773
124	171	0.969047
124	173	1.04031
124	174	1.07172
124	175	0.963781
124	179	1.08031
125	14	1.22918
125	52	0.955173
125	54	1.08793
125	61	0.974067
125	77	0.919872
125	83	0.837136
125	116	0.978184
125	122	1.02645
125	128	1.00613
125	129	0.979974
125	132	1.01213
125	136	0.972805
125	141	0.981437
125	144	0.995168
125	147	1.00557
125	148	0.998222
125	149	1.04794
125	151	0.970911
125	154	1.00143
125	164	0.998668
125	165	0.989086
125	166	1.00288
125	172	0.9965
125	173	1.00777
125	174	0.99781
125	176	1.01026
125	177	1.01154
125	178	0.994021
125	179	1.00595
125	180	0.999331
126	48	1.01817
126	72	0.910216
126	92	1.03795
126	133	0.967998
126	141	0.982063
126	144	0.992511
126	146	0.982739
126	147	1.00619
126	149	1.04857
126	153	0.992247
126	154	0.99877
126	155	1.00997
126	156	1.02034
126	157	0.998698
126	159	1.03087
126	160	1.02563
126	161	1.0175
126	162	0.976126
126	164	0.996012
126	165	0.986429
126	166	1.00023
126	170	0.987409
126	172	0.993843
126	173	1.00511
126	174	0.995153
126	176	1.00761
126	177	1.00889
126	178	0.991364
126	179	1.0033
126	180	0.996675
127	71	1.0478
127	80	1.02559
127	100	1.01812
127	106	0.98479
127	109	0.988356
127	111	0.955324
127	135	1.0522
127	140	1.00457
127	142	1.00528
127	144	0.992516
127	145	1.02617
127	146	0.983708
127	152	0.972434
127	154	0.998776
127	157	0.999666
127	158	0.926409
127	159	1.03087
127	164	0.996017
127	165	0.986435
127	167	1.01135
127	170	0.987414
127	171	0.99526
127	172	0.993848
127	173	1.00511
127	174	0.995158
127	176	1.00761
127	177	1.00889
127	178	0.991369
127	179	1.0033
127	180	0.99668
128	26	1.04895
128	29	0.936727
128	43	0.995086
128	65	0.991933
128	66	0.930822
128	74	1.06282
128	77	1.07416
128	78	0.97708
128	114	1.00234
128	118	0.938985
128	125	1.00613
128	131	1.0047
128	135	0.966437
128	145	0.984949
128	147	0.996364
128	150	1.02969
128	151	1.02918
128	153	1.01577
128	155	0.994688
128	157	1.00137
128	161	0.967241
128	163	1.00469
128	170	1.00002
128	171	1.007
128	172	1.03135
128	174	1.01401
128	176	0.981777
128	178	1.00308
128	179	1.0226
128	180	0.990733
129	10	1.06835
129	20	0.948373
129	39	0.940585
129	45	1.07031
129	88	0.838997
129	104	1.07403
129	110	1.06807
129	119	1.08863
129	120	1.0324
129	121	0.96075
129	123	0.943828
129	125	0.979974
129	139	0.988753
129	140	0.981011
129	142	0.981714
129	143	1.09859
129	144	0.968955
129	146	1.07826
129	159	1.00731
129	166	0.976669
129	168	1.03369
129	170	0.963853
129	171	1.08981
129	172	0.970287
129	173	0.981552
129	174	0.971597
129	176	0.984051
129	177	0.985332
129	178	0.967808
129	179	0.97974
129	180	0.973119
130	12	0.974937
130	36	0.92768
130	40	0.927847
130	44	0.92768
130	53	0.878936
130	58	0.92768
130	69	1.01631
130	71	0.899282
130	76	0.901117
130	79	1.01926
130	80	0.898506
130	85	0.958506
130	86	0.958506
130	89	1.04188
130	91	0.958506
130	101	0.920196
130	103	1.05999
130	138	1.22234
130	139	1.0574
130	148	1.10508
130	156	1.04702
130	165	1.12067
130	167	0.950574
130	168	0.996474
130	169	0.949794
130	172	1.11635
130	175	1.00821
130	176	1.06678
130	177	1.08378
130	178	1.08809
131	7	0.90837
131	18	1.03173
131	32	1.06991
131	45	1.02148
131	47	0.919309
131	59	1.03459
131	75	0.993601
131	93	0.998736
131	94	1.01169
131	123	1.0526
131	128	1.0047
131	137	1.00056
131	138	1.01134
131	139	0.954172
131	146	1.02029
131	147	1.00415
131	149	0.984117
131	151	1.03696
131	152	1.02227
131	153	1.02355
131	155	1.00247
131	157	1.00916
131	160	1.00146
131	162	1.02326
131	164	0.984428
131	165	1.01744
131	166	0.987377
131	169	0.952054
131	170	0.981793
131	176	0.963555
131	177	0.980547
131	179	1.00437
132	8	0.971845
132	59	0.982242
132	60	0.99826
132	61	0.97704
132	69	0.905447
132	74	0.995351
132	78	1.03263
132	104	0.980855
132	113	1.0111
132	122	1.03239
132	123	0.975985
132	125	1.01213
132	133	0.976599
132	139	1.02091
132	146	0.985086
132	149	1.05092
132	151	0.973884
132	154	1.00737
132	158	0.927787
132	161	1.0261
132	166	1.00883
132	170	0.99601
132	171	0.996639
132	172	1.00244
132	173	1.01371
132	174	1.00375
132	175	1.07758
132	176	1.01621
132	177	1.01749
132	178	0.999964
132	179	1.0119
132	180	1.00528
133	63	1.02849
133	84	1.17714
133	86	1.03373
133	88	0.819456
133	91	1.01806
133	98	0.970076
133	102	1.17387
133	105	1.03153
133	110	1.04853
133	111	1.03033
133	112	0.962271
133	118	1.01307
133	126	0.967998
133	132	0.976599
133	138	1.05568
133	144	0.959636
133	149	1.12455
133	154	0.965895
133	156	0.987465
133	158	1.00142
133	159	0.997994
133	161	0.984625
133	162	1.0521
133	165	0.953554
133	166	0.96735
133	170	0.954534
133	172	0.960967
133	173	0.972233
133	174	0.962277
133	176	0.974732
133	177	0.976012
133	178	0.958488
133	179	0.97042
133	180	0.963799
134	24	0.986512
134	52	1.01231
134	59	1.10256
134	65	0.956957
134	68	1.00763
134	69	1.09227
134	74	1.02784
134	80	0.974459
134	85	1.03446
134	86	1.03446
134	89	0.921895
134	91	1.03446
134	102	0.957568
134	106	0.994826
134	112	0.96841
134	113	1.0132
134	119	1.02279
134	138	1.02072
134	141	1.02022
134	142	0.943933
134	146	1.02967
134	149	0.993492
134	160	1.01083
134	162	1.03264
134	164	0.967674
134	165	1.00069
134	168	1.07243
134	169	1.02575
134	171	1.02415
134	173	0.94762
134	175	0.87109
134	177	0.963793
134	179	0.987621
134	180	0.955757
135	3	1.01175
135	8	1.00917
135	14	0.887358
135	27	1.04546
135	28	1.03926
135	32	1.03165
135	35	0.915429
135	49	0.863712
135	55	0.931636
135	57	0.931623
135	59	0.996329
135	92	0.958437
135	93	0.960477
135	96	1.05383
135	103	1.01946
135	104	0.99441
135	114	0.971865
135	121	1.03638
135	123	1.1153
135	127	1.0522
135	128	0.966437
135	147	0.965887
135	151	0.998703
135	153	0.985295
135	155	0.964211
135	157	0.970897
135	164	1.04713
135	167	0.996409
135	172	1.07583
135	173	1.02708
135	174	1.05849
135	176	1.02626
135	179	1.06708
135	180	1.03521
136	33	1.18771
136	44	1.06638
136	50	1.06285
136	74	0.956025
136	101	1.02802
136	104	1.02305
136	111	0.998893
136	115	1.04823
136	116	1.02335
136	118	1.01522
136	125	0.972805
136	139	0.981584
136	144	0.961785
136	148	0.96484
136	150	1.01425
136	151	1.01608
136	152	1.016
136	154	0.968045
136	156	0.989615
136	160	1.07017
136	161	0.986775
136	164	0.965286
136	165	0.955704
136	166	0.9695
136	170	0.956684
136	171	1.03883
136	172	0.963117
136	173	0.974383
136	174	0.964427
136	176	0.976882
136	177	0.978162
136	178	0.960638
136	179	0.97257
136	180	0.965949
137	8	1.03551
137	20	0.870552
137	23	1.1075
137	36	0.982337
137	43	1.04036
137	44	0.982337
137	45	1.00955
137	58	0.982337
137	63	1.00301
137	69	0.920798
137	71	0.953939
137	73	1.03795
137	79	1.07391
137	87	1.11024
137	90	0.936797
137	91	0.959783
137	92	0.984775
137	93	0.986815
137	94	0.99002
137	111	0.972054
137	119	1.01081
137	131	1.00056
137	138	0.997396
137	149	1.06627
137	152	0.989164
137	157	1.0164
137	164	0.989893
137	169	1.00445
137	171	1.01199
137	174	0.989034
137	176	1.00149
137	177	1.00277
137	178	0.985245
137	179	0.997177
137	180	0.990556
138	11	1.03423
138	25	0.974673
138	48	0.998803
138	61	1.01391
138	75	0.984765
138	94	1.01055
138	100	1.00676
