1	39	0.853955
1	49	0.908943
1	62	0.804708
1	76	0.84998
1	79	0.849916
1	84	0.85094
1	85	0.851789
1	88	0.837914
1	93	0.837856
1	122	1.91321
1	139	0.75684
1	166	3.20278
2	8	0.999606
2	26	3.9
2	123	0.956181
2	126	1.58374
2	136	0.942106
2	137	0.944436
2	140	0.935466
2	141	0.929392
2	147	1.22049
2	153	0.916632
2	154	0.953967
2	179	0.821618
3	29	0.239761
3	72	0.841853
3	83	0.579542
3	146	0.95794
3	163	0.942399
3	172	0.942259
3	174	0.896272
3	175	0.926696
3	176	0.909032
3	177	0.945997
3	178	0.96755
3	180	0.938354
4	12	0.825862
4	28	0.88914
4	41	0.808271
4	58	0.850045
4	91	0.856078
4	103	0.81848
4	117	0.890611
4	134	0.868953
4	144	0.767171
4	162	2.61462
4	164	2.48594
4	165	0.855074
5	52	0.844249
5	60	0.833643
5	66	0.826777
5	96	0.842892
5	98	0.845069
5	128	0.891446
5	146	2.46229
5	149	2.80202
5	152	0.831759
5	159	0.792201
5	161	0.834601
5	165	0.86744
6	55	1.93018
6	73	0.921054
6	94	3.30934
6	114	0.956677
6	136	0.961703
6	142	0.972898
6	143	0.969175
6	153	0.936229
6	154	0.973563
6	157	0.868892
6	178	1.18218
6	179	0.841214
7	23	1.0036
7	25	1.13652
7	63	0.936155
7	64	0.988686
7	65	0.918669
7	74	0.921102
7	78	0.965995
7	101	0.93004
7	152	0.930071
7	162	2.42182
7	164	2.29314
7	179	0.841408
8	2	0.999606
8	61	1.58759
8	106	1.98122
8	136	0.949325
8	139	0.855118
8	140	0.942685
8	141	0.93661
8	142	0.96052
8	143	0.956797
8	154	0.961185
8	167	2.40833
8	179	0.828836
9	24	1.99247
9	63	0.836218
9	64	0.88875
9	74	0.821165
9	89	0.876616
9	101	0.830104
9	119	2.90417
9	121	0.868876
9	152	0.830135
9	161	0.832977
9	165	0.865817
9	179	0.741471
10	56	0.810922
10	141	2.82333
10	162	0.792339
10	167	0.802506
10	168	0.756824
10	170	0.768878
10	173	0.716785
10	174	0.721509
10	175	0.751933
10	176	0.734269
10	178	0.792787
10	180	0.763591
11	50	0.836669
11	52	0.829732
11	67	0.880006
11	83	0.855767
11	96	0.828375
11	98	0.830552
11	105	0.81372
11	122	0.854148
11	128	0.876929
11	132	3.55321
11	152	0.817242
11	157	2.27322
12	4	0.825862
12	48	0.872218
12	57	0.859095
12	68	0.822044
12	91	0.871332
12	117	0.905865
12	129	2.25654
12	132	0.758972
12	134	0.884207
12	138	3.00404
12	156	0.737891
12	165	0.870327
13	28	0.765482
13	77	0.743324
13	89	0.742214
13	105	0.692212
13	134	0.745295
13	145	0.609496
13	152	0.695733
13	165	0.731415
13	169	0.665393
13	177	0.663056
13	178	0.68461
13	180	0.655414
14	73	0.820436
14	86	0.857293
14	124	0.836453
14	137	0.863413
14	141	0.84837
14	142	0.87228
14	143	0.868556
14	153	0.83561
14	154	0.872944
14	160	2.53004
14	162	2.60061
14	179	0.740596
15	97	0.93467
15	114	0.947371
15	123	0.966472
15	135	1.51327
15	136	0.952397
15	140	0.945757
15	141	0.939682
15	150	2.0892
15	153	0.926923
15	154	0.964257
15	156	0.823818
15	178	2.42201
16	38	1.4646
16	76	0.617592
16	167	0.880084
16	168	0.834401
16	169	0.851149
16	171	0.870469
16	172	0.845074
16	173	0.794363
16	175	0.829511
16	176	0.811847
16	178	0.870365
16	180	0.841169
17	40	0.872757
17	111	0.849875
17	114	0.842022
17	123	0.861123
17	136	0.847048
17	137	0.849377
17	141	0.834333
17	153	0.821573
17	154	0.858908
17	157	0.754237
17	161	2.12952
17	180	3.20609
18	66	0.918081
18	90	0.953832
18	96	0.934196
18	105	0.919541
18	128	0.98275
18	152	0.923063
18	159	0.883505
18	160	1.05906
18	161	0.925905
18	165	0.958745
18	169	1.22078
18	179	3.86467
19	41	0.821637
19	71	0.827117
19	92	0.865665
19	106	0.840725
19	108	0.866296
19	117	0.903977
19	134	0.882319
19	156	0.736003
19	157	0.771772
19	165	0.868439
19	175	1.86931
19	176	3.41244
20	53	0.834809
20	111	0.849884
20	124	0.822425
20	131	0.84226
20	136	0.847057
20	140	0.840417
20	141	0.834342
20	143	0.854529
20	150	2.92719
20	153	0.821583
20	154	0.858917
20	158	2.25111
21	27	0.952299
21	39	0.92114
21	47	0.896485
21	56	2.41636
21	62	0.871893
21	76	0.917164
21	79	0.917101
21	84	0.918124
21	85	0.918973
21	88	0.905098
21	93	0.905041
21	151	2.78314
21	158	1.17977
22	96	0.993473
22	134	1.40117
22	156	0.771061
22	158	0.928936
22	166	0.848758
22	169	0.837475
22	172	0.831401
22	173	0.78069
22	174	0.785414
22	175	0.815837
22	177	0.835138
22	178	0.856692
22	180	0.827496
23	7	1.0036
23	59	1.62837
23	65	0.890306
23	72	0.960111
23	74	0.892738
23	78	0.937632
23	87	0.875076
23	101	0.901677
23	126	2.82006
23	159	1.96497
23	161	0.90455
23	165	0.937389
23	179	0.813044
24	9	1.99247
24	69	0.325826
24	134	0.219967
24	155	0.933443
24	166	0.932765
24	169	0.921483
24	170	0.91679
24	174	0.869421
24	175	0.899845
24	176	0.882181
24	177	0.919146
24	178	0.940699
24	180	0.911504
25	7	1.13652
25	69	1.11003
25	81	0.127881
25	164	0.951899
25	168	0.912737
25	170	0.924791
25	173	0.872698
25	174	0.877422
25	175	0.907846
25	176	0.890182
25	177	0.927147
25	178	0.9487
25	180	0.919504
26	2	3.9
26	133	0.805236
26	151	0.766468
26	162	0.784183
26	164	0.78783
26	171	0.784734
26	172	0.759339
26	173	0.708628
26	174	0.713352
26	175	0.743776
26	176	0.726113
26	178	0.78463
26	180	0.755435
27	21	0.952299
27	47	0.904145
27	62	0.879553
27	76	0.924824
27	79	0.92476
27	84	0.925784
27	85	0.926633
27	88	0.912758
27	93	0.912701
27	100	2.06426
27	118	2.18572
27	139	0.831685
27	178	2.09421
28	4	0.88914
28	13	0.765482
28	43	0.871299
28	48	0.935496
28	61	0.917065
28	69	0.943847
28	108	0.931461
28	117	0.969143
28	134	0.947485
28	161	1.72918
28	165	0.933605
28	171	1.96432
28	180	2.80575
29	3	0.239761
29	50	0.909099
29	52	0.902162
29	67	0.952436
29	83	0.928197
29	96	0.900805
29	98	0.902982
29	105	0.88615
29	106	0.897639
29	128	0.949359
29	133	2.07424
29	139	3.45947
29	161	0.892514
30	31	0.906832
30	63	0.826034
30	65	0.808548
30	72	0.878353
30	78	0.855874
30	87	0.793319
30	101	0.819919
30	125	2.1147
30	127	3.13739
30	152	0.81995
30	161	0.822793
30	165	0.855632
30	179	0.731287
31	30	0.906832
31	63	0.92114
31	65	0.903655
31	78	0.950981
31	87	0.888426
31	101	0.915026
31	115	1.50173
31	152	0.915057
31	157	4.12148
31	161	0.917899
31	165	0.950739
31	177	1.8551
31	179	0.826393
32	39	0.918291
32	47	0.893636
32	49	0.973279
32	62	0.869044
32	76	0.914316
32	79	0.914252
32	84	0.915276
32	85	0.916125
32	88	0.90225
32	93	0.902192
32	94	2.99066
32	144	3.02221
32	147	0.932846
33	46	0.926664
33	53	0.910906
33	80	2.60383
33	124	0.898522
33	131	0.918356
33	136	0.923154
33	141	0.910439
33	142	0.934349
33	153	0.89768
33	154	0.935014
33	158	1.27525
33	159	0.851771
33	164	2.11565
34	42	0.796055
34	48	0.779417
34	62	3.45725
34	131	0.768871
34	134	0.791406
34	142	0.784864
34	148	0.752426
34	153	0.748194
34	154	0.785529
34	165	0.777526
34	171	0.730824
34	172	0.705429
34	177	0.709167
34	180	0.701525
35	95	2.484
35	111	0.908737
35	131	0.901113
35	133	2.38998
35	137	0.908239
35	140	0.89927
35	141	0.893195
35	142	0.917105
35	143	0.913382
35	153	0.880436
35	154	0.91777
35	157	0.813099
35	159	0.834527
35	162	1.66828
36	82	0.872326
36	143	1.39548
36	155	0.832119
36	160	0.860738
36	162	0.838928
36	165	1.10874
36	166	0.831441
36	173	0.763373
36	174	0.768097
36	175	0.798521
36	176	0.780858
36	177	0.817822
36	178	0.839375
36	180	0.81018
37	132	0.71796
37	138	0.770895
37	141	3.42333
37	155	0.775254
37	164	0.785709
37	170	0.7586
37	171	0.782613
37	172	0.757218
37	173	0.706507
37	175	0.741655
37	176	0.723992
37	177	0.760956
37	178	0.782509
37	180	0.753314
38	16	1.4646
38	50	0.897407
38	52	0.89047
38	60	0.879864
38	96	0.889113
38	98	0.89129
38	105	0.874458
38	120	1.70586
38	121	0.91672
38	128	0.937667
38	159	0.838422
38	160	2.58269
38	161	0.880822
38	165	0.913661
39	1	0.853955
39	21	0.92114
39	32	0.918291
39	47	0.872985
39	49	0.952628
39	62	0.848394
39	76	0.893665
39	79	0.893601
39	85	0.895474
39	88	0.881599
39	93	0.881541
39	133	1.57455
39	148	1.40682
39	174	4.67348
40	17	0.872757
40	106	1.51193
40	109	4.13324
40	116	0.967898
40	124	0.892902
40	136	0.917534
40	140	0.910894
40	141	0.904819
40	142	0.928729
40	143	0.925006
40	153	0.89206
40	154	0.929394
40	157	0.824723
40	179	0.797045
41	4	0.808271
41	19	0.821637
41	43	0.790429
41	91	0.85374
41	92	0.849961
41	103	0.816142
41	108	0.850592
41	117	0.888274
41	134	0.866616
41	144	0.764834
41	147	2.5924
41	148	3.16132
41	156	0.7203
41	157	0.756068
42	34	0.796055
42	48	0.919959
42	68	0.869785
42	71	0.876746
42	81	0.928599
42	91	0.919072
42	103	0.881474
42	108	0.915925
42	117	0.953606
42	121	0.921127
42	133	1.87761
42	139	3.26284
42	151	1.79021
42	157	0.821401
43	28	0.871299
43	41	0.790429
43	69	0.847475
43	81	0.847762
43	91	0.838236
43	103	0.800638
43	107	0.843141
43	113	0.83366
43	127	2.83509
43	134	0.851112
43	156	0.704796
43	157	0.740564
43	165	0.837232
43	167	2.88947
44	111	0.89785
44	124	0.870391
44	129	0.978883
44	131	0.890225
44	137	0.897352
44	140	0.888382
44	141	0.882308
44	142	0.906218
44	143	0.902495
44	144	0.810977
44	153	0.869548
44	154	0.906883
44	156	0.766443
44	169	2.15886
44	176	3.9164
45	65	0.833475
45	67	1.68137
45	87	0.818246
45	97	0.858975
45	134	1.22136
45	142	0.887898
45	145	0.75864
45	153	0.851228
45	165	0.880559
45	175	0.792899
45	176	0.775236
45	177	0.8122
45	179	0.756214
45	180	0.804558
46	33	0.926664
46	73	0.854686
46	102	2.04973
46	106	2.05634
46	123	0.90941
46	131	0.890538
46	137	0.897664
46	139	0.801128
46	141	0.88262
46	143	0.902807
46	144	0.81129
46	152	2.69319
46	153	0.869861
46	154	0.907195
46	159	0.823952
47	21	0.896485
47	27	0.904145
47	32	0.893636
47	39	0.872985
47	49	0.927973
47	62	0.823739
47	76	0.86901
47	79	0.868946
47	84	0.86997
47	85	0.870819
47	88	0.856944
47	93	0.856886
47	156	6.20743
47	160	1.59254
47	172	1.28158
48	12	0.872218
48	28	0.935496
48	34	0.779417
48	42	0.919959
48	103	0.864836
48	107	0.907338
48	113	0.897857
48	121	0.904488
48	134	0.915309
48	144	0.813527
48	147	1.72185
48	156	0.768993
48	158	1.53414
48	165	0.90143
48	168	3.74559
49	1	0.908943
49	32	0.973279
49	39	0.952628
49	47	0.927973
49	62	0.903381
49	76	0.948653
49	79	0.948589
49	84	0.949613
49	85	0.950462
49	88	0.936587
49	93	0.936529
49	110	1.18337
49	139	0.855513
49	144	2.06759
49	157	3.07394
49	176	2.5199
50	11	0.836669
50	29	0.909099
50	38	0.897407
50	52	0.860092
50	60	0.849486
50	83	0.886127
50	90	0.878371
50	98	0.860912
50	105	0.844081
50	118	1.34348
50	128	0.907289
50	145	0.761365
50	161	0.850444
50	165	0.883284
50	167	1.17192
50	174	5.03277
51	114	0.891068
51	131	0.891296
51	132	0.788595
51	137	0.898423
51	140	0.889454
51	141	0.883379
51	142	0.907289
51	143	0.903566
51	153	0.870619
51	154	0.907954
51	156	0.767514
51	157	0.803283
51	160	1.96102
51	178	2.07141
51	179	0.775605
51	180	3.19276
52	5	0.844249
52	11	0.829732
52	29	0.902162
52	38	0.89047
52	50	0.860092
52	55	2.86982
52	66	0.835684
52	83	0.87919
52	105	0.837144
52	106	0.848632
52	128	0.900352
52	152	0.840665
52	161	0.843507
52	162	2.08201
52	165	0.876347
52	171	2.40174
53	20	0.834809
53	33	0.910906
53	75	2.48825
53	100	1.81841
53	123	0.893652
53	131	0.87478
53	136	0.879577
53	137	0.881906
53	140	0.872937
53	142	0.890772
53	143	0.887049
53	145	0.761515
53	153	0.854103
53	154	0.891437
53	179	0.759088
53	180	2.9697
54	107	1.18638
54	121	0.923179
54	128	0.438641
54	151	0.872859
54	166	0.883088
54	168	0.855059
54	169	0.871806
54	170	0.867113
54	171	0.891126
54	172	0.865731
54	174	0.819744
54	175	0.850168
54	176	0.832504
54	177	0.869469
54	178	0.891022
54	180	0.861827
55	6	1.93018
55	52	2.86982
55	110	0.81039
55	146	0.817336
55	149	0.826624
55	164	0.830146
55	166	0.819013
55	168	0.790983
55	169	0.80773
55	170	0.803037
55	173	0.750945
55	174	0.755669
55	176	0.768429
55	177	0.805393
55	178	0.826947
55	180	0.797751
56	10	0.810922
56	21	2.41636
56	154	1.50704
56	155	0.816807
56	158	0.896307
56	164	0.827262
56	166	0.816129
56	168	0.788099
56	172	0.798772
56	173	0.748061
56	174	0.752785
56	175	0.783209
56	176	0.765545
56	177	0.802509
56	178	0.824063
56	180	0.794867
57	12	0.859095
57	58	0.883278
57	68	0.840023
57	71	0.846984
57	91	0.889311
57	92	0.885532
57	103	0.851713
57	106	0.860592
57	108	0.886163
57	117	0.923844
57	132	0.776951
57	134	0.902187
57	147	1.72078
57	152	2.67167
57	155	2.85276
57	157	0.791639
58	4	0.850045
58	57	0.883278
58	68	0.846227
58	69	0.904753
58	71	0.853188
58	92	0.891736
58	103	0.857916
58	107	0.900419
58	108	0.892367
58	113	0.890938
58	119	2.05169
58	120	2.2621
58	129	2.92281
58	132	0.783155
58	156	0.762074
58	165	0.89451
59	23	1.62837
59	67	0.864648
59	113	2.34015
59	128	0.861571
59	137	0.836038
59	138	0.779146
59	143	0.84118
59	145	0.715646
59	153	0.808234
59	154	0.845569
59	159	0.762326
59	167	0.800479
59	169	0.771544
59	172	0.765469
59	178	0.79076
59	180	0.761564
60	5	0.833643
60	38	0.879864
60	50	0.849486
60	70	1.89155
60	83	0.868584
60	90	0.860828
60	96	0.841192
60	98	0.843369
60	121	0.8688
60	122	0.866966
60	128	0.889746
60	145	0.743822
60	152	0.830059
60	161	0.832901
60	165	0.865741
60	167	2.27203
60	175	3.41996
61	8	1.58759
61	28	0.917065
61	84	0.879033
61	85	0.879882
61	88	0.866007
61	93	0.86595
61	108	0.880854
61	117	0.918536
61	131	1.0548
61	134	0.896878
61	143	0.813973
61	155	0.828937
61	163	0.811041
61	173	0.76019
61	174	0.764914
61	178	0.836192
61	180	0.806997
62	1	0.804708
62	21	0.871893
62	27	0.879553
62	32	0.869044
62	34	3.45725
62	39	0.848394
62	47	0.823739
62	49	0.903381
62	76	0.844418
62	79	0.844354
62	84	0.845378
62	85	0.846227
62	88	0.832352
62	89	0.860142
62	93	0.832295
62	160	1.5392
62	178	1.64959
63	7	0.936155
63	9	0.836218
63	30	0.826034
63	31	0.92114
63	64	0.892873
63	65	0.822856
63	72	0.892661
63	74	0.825289
63	87	0.807627
63	89	0.880739
63	101	0.834227
63	146	2.82994
63	158	1.51776
63	159	3.10107
63	161	0.837101
63	165	0.86994
63	179	0.745595
64	7	0.988686
64	9	0.88875
64	63	0.892873
64	65	0.875388
64	72	0.945193
64	74	0.877821
64	78	0.922714
64	87	0.860159
64	89	0.933271
64	101	0.886759
64	112	1.38455
64	122	0.923697
64	147	1.37766
64	156	7.59257
64	161	0.889632
64	165	0.922472
64	168	1.05722
64	179	0.798126
65	7	0.918669
65	23	0.890306
65	30	0.808548
65	31	0.903655
65	45	0.833475
65	63	0.822856
65	64	0.875388
65	74	0.807804
65	78	0.852697
65	87	0.790142
65	99	2.09455
65	115	2.45643
65	122	0.85368
65	130	2.9812
65	152	0.816773
65	161	0.819615
65	165	0.852455
65	179	0.728109
66	5	0.826777
66	18	0.918081
66	52	0.835684
66	67	0.885958
66	90	0.853963
66	96	0.834327
66	98	0.836504
66	105	0.819672
66	121	0.861934
66	128	0.882881
66	145	0.736956
66	151	2.93998
66	152	0.823194
66	159	0.783636
66	161	0.826036
66	164	2.17702
66	165	0.858875
66	166	2.66417
67	11	0.880006
67	29	0.952436
67	45	1.68137
67	59	0.864648
67	66	0.885958
67	83	0.929464
67	90	0.921708
67	96	0.902072
67	105	0.887418
67	106	0.898906
67	116	1.73812
67	119	1.59168
67	121	0.92968
67	128	0.950626
67	145	0.804702
67	159	0.851381
67	160	2.67891
67	165	0.926621
68	12	0.822044
68	42	0.869785
68	57	0.840023
68	58	0.846227
68	71	0.809933
68	77	1.28871
68	91	0.852259
68	92	0.848481
68	103	0.814661
68	106	0.82354
68	107	0.857164
68	113	0.847683
68	117	0.886793
68	134	0.865135
68	157	0.754587
68	161	1.69095
68	165	0.851255
68	179	5.14352
69	24	0.325826
69	25	1.11003
69	28	0.943847
69	43	0.847475
69	58	0.904753
69	71	0.868458
69	81	0.920311
69	91	0.910785
69	103	0.873187
69	107	0.91569
69	108	0.907637
69	113	0.906209
69	117	0.945319
69	121	0.91284
69	134	0.923661
69	138	2.85613
69	144	0.821879
69	155	2.74593
70	60	1.89155
70	138	0.85739
70	142	0.821615
70	151	0.850842
70	163	0.843853
70	165	0.967493
70	166	0.86107
70	167	0.878723
70	168	0.833041
70	170	0.845095
70	171	0.869108
70	173	0.793002
70	174	0.797726
70	175	0.82815
70	176	0.810486
70	177	0.847451
70	178	0.869004
70	180	0.839809
71	19	0.827117
71	42	0.876746
71	57	0.846984
71	58	0.853188
71	68	0.809933
71	69	0.868458
71	91	0.85922
71	92	0.855442
71	103	0.821622
71	107	0.864125
71	108	0.856073
71	117	0.893754
71	129	2.01528
71	134	0.872096
71	151	2.93626
71	156	0.72578
71	157	0.761548
71	170	2.95494
72	3	0.841853
72	23	0.960111
72	30	0.878353
72	63	0.892661
72	64	0.945193
72	74	0.877608
72	78	0.922502
72	87	0.859947
72	101	0.886547
72	102	2.26297
72	121	0.925319
72	122	0.923485
72	152	0.886578
72	158	1.76784
72	161	0.88942
72	162	2.73692
72	165	0.92226
72	179	0.797914
73	6	0.921054
73	14	0.820436
73	46	0.854686
73	86	0.847385
73	97	0.833449
73	114	0.846151
73	124	0.826545
73	127	2.72752
73	136	0.851176
73	137	0.853505
73	142	0.862372
73	143	0.858648
73	153	0.825702
73	154	0.863036
73	157	0.758365
73	158	1.85305
73	159	0.779794
73	171	3.14186
74	7	0.921102
74	9	0.821165
74	23	0.892738
74	63	0.825289
74	64	0.877821
74	65	0.807804
74	72	0.877608
74	78	0.855129
74	87	0.792574
74	101	0.819174
74	112	2.21001
74	121	0.857946
74	125	1.81328
74	152	0.819205
74	159	3.54481
74	161	0.822048
74	165	0.854887
74	179	0.730542
75	53	2.48825
75	152	0.822655
75	160	0.832894
75	162	0.811083
75	163	0.786379
75	165	2.06791
75	166	0.803597
75	167	0.82125
75	168	0.775568
75	169	0.792315
75	170	0.787622
75	173	0.735529
75	174	0.740253
75	175	0.770677
75	176	0.753013
75	177	0.789978
75	178	0.811531
75	180	0.782335
76	1	0.84998
76	16	0.617592
76	21	0.917164
76	27	0.924824
76	32	0.914316
76	39	0.893665
76	47	0.86901
76	49	0.948653
76	62	0.844418
76	79	0.889626
76	84	0.890649
76	85	0.891498
76	88	0.877623
76	89	0.905413
76	93	0.877566
76	110	3.12056
76	118	1.93758
76	139	0.79655
76	169	2.69954
77	13	0.743324
77	68	1.28871
77	91	1.40686
77	111	1.20487
77	148	0.886348
77	160	0.886005
77	163	0.839491
77	168	0.828679
77	169	0.845426
77	170	0.840733
77	171	0.864746
77	172	0.839351
77	173	0.78864
77	174	0.793364
77	175	0.823788
77	176	0.806124
77	177	0.843089
77	178	0.864642
77	180	0.835447
78	7	0.965995
78	23	0.937632
78	30	0.855874
78	31	0.950981
78	64	0.922714
78	65	0.852697
78	72	0.922502
78	74	0.855129
78	87	0.837468
78	101	0.864068
78	109	3.06676
78	121	0.90284
78	144	3.11129
78	152	0.864099
78	161	0.866941
78	165	0.899781
78	171	1.23251
78	172	2.14319
78	179	0.775435
79	1	0.849916
79	21	0.917101
79	27	0.92476
79	32	0.914252
79	39	0.893601
79	47	0.868946
79	49	0.948589
79	62	0.844354
79	76	0.889626
79	84	0.890586
79	85	0.891435
79	88	0.877559
79	89	0.905349
79	93	0.877502
79	139	0.796486
79	163	2.50747
79	167	1.49116
79	177	2.46988
79	180	2.69255
80	33	2.60383
80	112	0.888787
80	121	2.40596
80	126	0.789506
80	144	0.756678
80	160	0.819138
80	162	0.797327
80	167	0.807494
80	168	0.761811
80	169	0.778558
80	170	0.773865
80	171	0.797878
80	172	0.772483
80	174	0.726497
80	175	0.75692
80	176	0.739257
80	177	0.776221
80	178	0.797774
80	180	0.768579
81	25	0.127881
81	42	0.928599
81	43	0.847762
81	69	0.920311
81	89	0.920868
81	91	0.911073
81	92	0.907294
81	103	0.873475
81	107	0.915978
81	108	0.907925
81	113	0.906497
81	129	1.12649
81	134	0.923949
81	144	0.822167
81	156	0.777633
81	157	0.813401
81	159	2.02741
81	165	0.910069
81	179	4.95035
82	36	0.872326
82	98	0.717521
82	114	1.07271
82	116	0.954588
82	124	1.44381
82	148	0.860584
82	162	0.838431
82	164	0.842078
82	167	0.848598
82	169	0.819662
82	170	0.81497
82	171	0.838982
82	172	0.813588
82	174	0.767601
82	175	0.798024
82	176	0.780361
82	177	0.817325
82	178	0.838879
82	180	0.809683
83	3	0.579542
83	11	0.855767
83	29	0.928197
83	50	0.886127
83	52	0.87919
83	60	0.868584
83	67	0.929464
83	90	0.897469
83	98	0.88001
83	105	0.863179
83	121	0.905441
83	122	0.903607
83	128	0.926387
83	145	0.780463
83	146	2.06958
83	148	1.51403
83	157	4.93136
83	161	0.869542
83	165	0.902382
84	1	0.85094
84	21	0.918124
84	27	0.925784
84	32	0.915276
84	47	0.86997
84	49	0.949613
84	61	0.879033
84	62	0.845378
84	76	0.890649
84	79	0.890586
84	85	0.892458
84	88	0.878583
84	89	0.906373
84	93	0.878526
84	139	0.79751
84	150	1.73021
84	152	2.19272
84	155	2.37381
84	170	2.67618
85	1	0.851789
85	21	0.918973
85	27	0.926633
85	32	0.916125
85	39	0.895474
85	47	0.870819
85	49	0.950462
85	61	0.879882
85	62	0.846227
85	76	0.891498
85	79	0.891435
85	84	0.892458
85	88	0.879432
85	93	0.879375
85	139	0.798359
85	149	1.26958
85	152	1.54268
85	173	5.59406
85	180	1.74792
86	14	0.857293
86	73	0.847385
86	97	0.870306
86	111	0.890861
86	114	0.883008
86	123	0.902108
86	124	0.863402
86	131	0.883236
86	137	0.890362
86	139	0.793826
86	140	0.881393
86	141	0.875319
86	142	0.899229
86	143	0.895505
86	153	0.862559
86	154	0.899893
86	158	1.41143
86	167	2.34028
86	170	3.03348
86	178	2.42032
87	23	0.875076
87	30	0.793319
87	31	0.888426
87	45	0.818246
87	63	0.807627
87	64	0.860159
87	65	0.790142
87	72	0.859947
87	74	0.792574
87	78	0.837468
87	101	0.801513
87	104	2.01991
87	115	1.19232
87	121	0.840284
87	122	0.838451
87	152	0.801544
87	161	0.804386
87	165	0.837226
87	176	4.94564
87	179	0.71288
88	1	0.837914
88	21	0.905098
88	27	0.912758
88	32	0.90225
88	39	0.881599
88	47	0.856944
88	49	0.936587
88	61	0.866007
88	62	0.832352
88	76	0.877623
88	79	0.877559
88	84	0.878583
88	85	0.879432
88	89	0.893347
88	93	0.8655
88	120	1.02908
88	139	0.784484
88	168	3.21885
88	172	3.2069
88	178	2.0163
89	9	0.876616
89	13	0.742214
89	62	0.860142
89	63	0.880739
89	64	0.933271
89	76	0.905413
89	79	0.905349
89	81	0.920868
89	84	0.906373
89	88	0.893347
89	93	0.893289
89	101	0.874625
89	113	0.906765
89	119	0.896889
89	132	0.798982
89	145	5.45238
89	146	1.93257
89	165	0.910338
89	173	3.3621
89	179	0.785992
90	18	0.953832
90	50	0.878371
90	60	0.860828
90	66	0.853963
90	67	0.921708
90	83	0.897469
90	96	0.870077
90	98	0.872254
90	99	1.29687
90	102	2.2873
90	105	0.855423
90	106	0.866911
90	128	0.918631
90	145	0.772707
90	148	2.54879
90	152	0.858944
90	159	0.819386
90	161	0.861786
90	165	0.894626
90	178	2.80106
91	4	0.856078
91	12	0.871332
91	41	0.85374
91	42	0.919072
91	43	0.838236
91	57	0.889311
91	68	0.852259
91	69	0.910785
91	71	0.85922
91	77	1.40686
91	81	0.911073
91	103	0.863949
91	110	0.837181
91	113	0.89697
91	134	0.914423
91	157	0.803875
91	165	0.900543
91	167	1.68428
91	172	2.95492
91	177	2.663
92	19	0.865665
92	41	0.849961
92	57	0.885532
92	58	0.891736
92	68	0.848481
92	71	0.855442
92	81	0.907294
92	107	0.902673
92	108	0.894621
92	110	0.833402
92	113	0.893192
92	117	0.932302
92	119	0.955575
92	134	0.910644
92	144	0.808862
92	157	0.800096
92	161	1.41984
92	165	0.896764
92	169	2.22853
92	179	4.87241
93	1	0.837856
93	21	0.905041
93	27	0.912701
93	32	0.902192
93	39	0.881541
93	47	0.856886
93	49	0.936529
93	61	0.86595
93	62	0.832295
93	76	0.877566
93	79	0.877502
93	84	0.878526
93	85	0.879375
93	88	0.8655
93	89	0.893289
93	122	1.53307
93	125	1.34686
93	139	0.784427
93	175	3.57187
93	178	2.50398
94	6	3.30934
94	32	2.99066
94	116	0.903761
94	119	0.843383
94	150	0.813945
94	155	0.780796
94	160	0.809414
94	162	0.787604
94	163	0.7629
94	166	0.780118
94	169	0.768835
94	170	0.764142
94	172	0.76276
94	173	0.712049
94	174	0.716773
94	175	0.747197
94	176	0.729534
94	177	0.766498
94	178	0.788051
94	179	0.710511
94	180	0.758856
95	35	2.484
95	107	3.12538
95	118	0.831799
95	120	0.85009
95	132	0.729233
95	139	0.742524
95	150	0.819676
95	160	0.815146
95	163	0.768631
95	166	0.785849
95	168	0.757819
95	169	0.774566
95	170	0.769873
95	171	0.793886
95	173	0.717781
95	174	0.722505
95	175	0.752928
95	176	0.735265
95	177	0.772229
95	178	0.793782
95	180	0.764587
96	5	0.842892
96	11	0.828375
96	18	0.934196
96	22	0.993473
96	29	0.900805
96	38	0.889113
96	60	0.841192
96	66	0.834327
96	67	0.902072
96	90	0.870077
96	98	0.852618
96	105	0.835787
96	110	3.19608
96	122	0.876215
96	128	0.898995
96	152	0.839308
96	159	0.79975
96	161	0.84215
96	165	0.87499
96	177	2.82027
96	178	1.92159
97	15	0.93467
97	45	0.858975
97	73	0.833449
97	86	0.870306
97	104	2.20267
97	111	0.876925
97	114	0.869072
97	123	0.888173
97	124	0.849466
97	130	1.89984
97	131	0.8693
97	136	0.874098
97	137	0.876427
97	140	0.867457
97	143	0.88157
97	144	0.790052
97	145	0.756035
97	149	3.1604
97	153	0.848623
97	154	0.885958
97	164	2.34889
97	179	0.753609
98	5	0.845069
98	11	0.830552
98	29	0.902982
98	38	0.89129
98	50	0.860912
98	60	0.843369
98	66	0.836504
98	82	0.717521
98	83	0.88001
98	90	0.872254
98	96	0.852618
98	105	0.837964
98	112	0.911305
98	121	0.880226
98	128	0.901172
98	145	0.755248
98	152	0.841485
98	159	0.801927
98	161	0.844327
98	165	0.877167
98	170	2.28485
98	179	5.16905
99	65	2.09455
99	90	1.29687
99	116	1.03028
99	121	0.582084
99	128	0.0975449
99	140	0.0766529
99	150	0.940461
99	158	0.986812
99	160	0.93593
99	162	0.91412
99	167	0.924286
99	168	0.878604
99	169	0.895351
99	171	0.914671
99	172	0.889276
99	173	0.838565
99	174	0.843289
99	175	0.873713
99	176	0.85605
99	177	0.893014
99	178	0.914567
99	180	0.885372
100	27	2.06426
100	53	1.81841
100	131	1.92564
100	133	0.852573
100	144	0.790871
100	151	0.813805
100	155	0.824712
100	160	0.853331
100	162	0.83152
100	164	0.835167
100	167	0.841687
100	168	0.796004
100	170	0.808058
100	171	0.832071
100	172	0.806676
100	173	0.755966
100	174	0.76069
100	175	0.791113
100	176	0.77345
100	177	0.810414
100	178	0.831967
100	180	0.802772
101	7	0.93004
101	9	0.830104
101	23	0.901677
101	30	0.819919
101	31	0.915026
101	63	0.834227
101	64	0.886759
101	72	0.886547
101	74	0.819174
101	78	0.864068
101	87	0.801513
101	89	0.874625
101	121	0.866885
101	122	0.865051
101	138	2.0612
101	144	3.79891
101	152	0.828144
101	161	0.830986
101	165	0.863826
101	171	1.92013
101	177	2.53889
101	179	0.73948
102	46	2.04973
102	72	2.26297
102	90	2.2873
102	135	0.899802
102	148	0.845148
102	149	0.823119
102	157	0.77358
102	158	0.895687
102	160	0.844805
102	163	0.79829
102	166	0.815508
102	167	0.833161
102	168	0.787479
102	169	0.804226
102	170	0.799533
102	172	0.798151
102	173	0.74744
102	174	0.752164
102	176	0.764924
102	177	0.801889
102	178	0.823442
102	180	0.794246
103	4	0.81848
103	41	0.816142
103	42	0.881474
103	43	0.800638
103	48	0.864836
103	57	0.851713
103	58	0.857916
103	68	0.814661
103	69	0.873187
103	71	0.821622
103	81	0.873475
103	91	0.863949
103	107	0.868853
103	108	0.860801
103	113	0.859372
103	116	1.47752
103	117	0.898482
103	134	0.876825
103	145	6.54762
103	152	1.08346
103	156	0.730509
103	165	0.862945
103	174	3.27065
104	87	2.01991
104	97	2.20267
104	132	0.771735
104	134	2.01457
104	138	0.82467
104	146	0.826674
104	151	0.818122
104	156	0.750654
104	160	0.857648
104	163	0.811133
104	166	0.828351
104	168	0.800321
104	169	0.817068
104	170	0.812375
104	171	0.836388
104	172	0.810993
104	173	0.760283
104	174	0.765007
104	175	0.79543
104	177	0.814731
104	178	0.836284
104	179	0.758745
104	180	0.807089
105	11	0.81372
105	13	0.692212
105	18	0.919541
105	29	0.88615
105	38	0.874458
105	50	0.844081
105	52	0.837144
105	66	0.819672
105	67	0.887418
105	83	0.863179
105	90	0.855423
105	96	0.835787
105	98	0.837964
105	116	1.22456
105	122	0.86156
105	128	0.884341
105	145	0.738416
105	152	0.824654
105	159	0.785096
105	161	0.827496
105	163	3.212
105	165	0.860335
105	169	3.1292
105	170	2.88889
106	8	1.98122
106	19	0.840725
106	29	0.897639
106	40	1.51193
106	46	2.05634
106	52	0.848632
106	57	0.860592
106	67	0.898906
106	68	0.82354
106	90	0.866911
106	107	0.877733
106	113	0.868251
106	128	0.895829
106	134	0.885704
106	142	0.774992
106	146	0.815408
106	165	0.871824
106	167	0.834737
106	170	0.801109
106	173	0.749016
106	176	0.766501
106	177	0.803465
106	178	0.825018
106	180	0.795823
107	43	0.843141
107	48	0.907338
107	54	1.18638
107	58	0.900419
107	68	0.857164
107	69	0.91569
107	71	0.864125
107	81	0.915978
107	92	0.902673
107	95	3.12538
107	103	0.868853
107	106	0.877733
107	108	0.903304
107	110	0.842085
107	113	0.901875
107	117	0.940985
107	121	0.908506
107	122	1.37857
107	134	0.919327
107	144	0.817545
107	147	1.52828
107	156	0.773011
107	161	2.39425
107	165	0.905447
108	19	0.866296
108	28	0.931461
108	41	0.850592
108	42	0.915925
108	57	0.886163
108	58	0.892367
108	61	0.880854
108	69	0.907637
108	71	0.856073
108	81	0.907925
108	92	0.894621
108	103	0.860801
108	107	0.903304
108	113	0.893823
108	116	1.1486
108	117	0.932933
108	121	0.900454
108	132	0.78604
108	134	0.911275
108	135	1.29104
108	157	0.800727
108	171	2.4797
108	175	3.26767
108	177	3.09846
109	40	4.13324
109	78	3.06676
109	118	0.814931
109	148	0.79862
109	149	0.776592
109	155	0.769659
109	158	0.849159
109	160	0.798277
109	162	0.776467
109	163	0.751763
109	164	0.780114
109	166	0.768981
109	168	0.740951
109	169	0.757698
109	170	0.753005
109	171	0.777018
109	172	0.751623
109	173	0.700912
109	174	0.705637
109	175	0.73606
109	176	0.718397
109	177	0.755361
109	178	0.776914
109	180	0.747719
110	49	1.18337
110	55	0.81039
110	76	3.12056
110	91	0.837181
110	92	0.833402
110	96	3.19608
110	107	0.842085
110	113	0.832604
110	117	0.871714
110	134	0.850057
110	140	0.82568
110	142	0.843515
110	143	0.839792
110	145	0.714257
110	153	0.806845
110	154	0.84418
110	156	0.703741
110	171	0.789475
110	172	0.76408
110	175	0.748517
110	176	0.730854
110	177	0.767818
110	178	0.789371
110	179	0.711831
110	180	0.760176
111	17	0.849875
111	20	0.849884
111	35	0.908737
111	44	0.89785
111	77	1.20487
111	86	0.890861
111	97	0.876925
111	114	0.889626
111	123	0.908727
111	124	0.87002
111	131	0.889855
111	137	0.896981
111	140	0.888012
111	141	0.881937
111	142	0.905847
111	143	0.902124
111	153	0.869178
111	154	0.906512
111	157	0.801841
111	159	0.823269
111	166	1.881
111	168	2.76488
111	177	2.46101
111	179	0.774163
111	180	2.68368
112	64	1.38455
112	74	2.21001
112	80	0.888787
112	98	0.911305
112	117	0.650185
112	126	0.888671
112	133	0.917545
112	148	0.918645
112	160	0.918303
112	164	0.900139
112	165	0.667623
112	167	0.906659
112	168	0.860976
112	169	0.877723
112	170	0.87303
112	171	0.897043
112	172	0.871649
112	173	0.820938
112	174	0.825662
112	175	0.856085
112	176	0.838422
112	177	0.875386
112	178	0.89694
112	179	0.8194
112	180	0.867744
113	43	0.83366
113	48	0.897857
113	58	0.890938
113	59	2.34015
113	68	0.847683
113	69	0.906209
113	81	0.906497
113	89	0.906765
113	91	0.89697
113	92	0.893192
113	103	0.859372
113	106	0.868251
113	107	0.901875
113	108	0.893823
113	110	0.832604
113	117	0.931504
113	121	0.899025
113	132	0.784611
113	134	0.909846
113	135	1.19359
113	144	0.808064
113	146	2.40562
113	157	0.799299
113	159	2.67675
113	161	2.14711
114	6	0.956677
114	15	0.947371
114	17	0.842022
114	51	0.891068
114	73	0.846151
114	82	1.07271
114	86	0.883008
114	97	0.869072
114	111	0.889626
114	123	0.900874
114	124	0.862167
114	136	0.886799
114	137	0.889128
114	140	0.880159
114	141	0.874084
114	142	0.897995
114	143	0.894271
114	147	1.2057
114	153	0.861325
114	154	0.898659
114	156	0.75822
114	168	3.22944
114	171	2.30681
114	175	3.09478
114	179	0.766311
115	31	1.50173
115	65	2.45643
115	87	1.19232
115	121	0.943965
115	138	0.875561
115	142	0.139827
115	150	0.913069
115	151	0.869013
115	155	0.87992
115	160	0.908538
115	162	0.886728
115	163	0.862024
115	166	0.879241
115	167	0.896895
115	168	0.851212
115	169	0.867959
115	170	0.863266
115	171	0.887279
115	172	0.861884
115	173	0.811173
115	174	0.815897
115	175	0.846321
115	176	0.828658
115	177	0.865622
115	178	0.887175
115	180	0.85798
116	40	0.967898
116	67	1.73812
116	82	0.954588
116	94	0.903761
116	99	1.03028
116	103	1.47752
116	105	1.22456
116	108	1.1486
116	141	0.466633
116	146	0.912027
116	147	0.990194
116	162	0.921189
116	164	0.924836
116	167	0.931356
116	168	0.885674
116	169	0.902421
116	170	0.897728
116	171	0.921741
116	172	0.896346
116	173	0.845635
116	174	0.850359
116	175	0.880783
116	176	0.863119
116	177	0.900084
116	178	0.921637
116	180	0.892442
117	4	0.890611
117	12	0.905865
117	19	0.903977
117	28	0.969143
117	41	0.888274
117	42	0.953606
117	57	0.923844
117	61	0.918536
117	68	0.886793
117	69	0.945319
117	71	0.893754
117	92	0.932302
117	103	0.898482
117	107	0.940985
117	108	0.932933
117	110	0.871714
117	112	0.650185
117	113	0.931504
117	134	0.948956
117	139	3.47769
117	144	0.847174
117	156	0.80264
117	159	1.98499
117	166	1.72924
117	171	1.69049
117	175	2.47846
118	27	2.18572
118	50	1.34348
118	76	1.93758
118	95	0.831799
118	109	0.814931
118	127	0.822254
118	136	1.75567
118	149	0.843621
118	150	0.869837
118	151	0.825782
118	161	0.85791
118	162	0.843496
118	163	0.818793
118	164	0.847143
118	166	0.83601
118	167	0.853663
118	168	0.807981
118	171	0.844048
118	172	0.818653
118	173	0.767942
118	174	0.772666
118	175	0.80309
118	176	0.785426
118	177	0.822391
118	178	0.843944
118	179	0.766404
118	180	0.814749
119	9	2.90417
119	58	2.05169
119	67	1.59168
119	89	0.896889
119	92	0.955575
119	94	0.843383
119	133	0.881865
119	138	0.849645
119	147	0.929816
119	150	0.887153
119	155	0.854003
119	158	0.933504
119	160	0.882622
119	162	0.860812
119	163	0.836108
119	164	0.864459
119	166	0.853325
119	167	0.870978
119	168	0.825296
119	171	0.861363
119	172	0.835968
119	173	0.785257
119	174	0.789981
119	175	0.820405
119	176	0.802741
119	177	0.839706
119	178	0.861259
119	180	0.832064
120	38	1.70586
120	58	2.2621
120	88	1.02908
120	95	0.85009
120	133	0.882841
120	137	1.08869
120	140	0.593626
120	146	0.852625
120	148	0.883941
120	149	0.861913
120	150	0.888129
120	158	0.93448
120	159	0.833801
120	160	0.883598
120	162	0.861788
120	164	0.865435
120	166	0.854302
120	168	0.826272
120	169	0.843019
120	170	0.838326
120	171	0.862339
120	172	0.836944
120	173	0.786234
120	174	0.790958
120	175	0.821381
120	177	0.840682
120	178	0.862235
120	180	0.83304
121	9	0.868876
121	38	0.91672
121	42	0.921127
121	48	0.904488
121	54	0.923179
121	60	0.8688
121	66	0.861934
121	67	0.92968
121	69	0.91284
121	72	0.925319
121	74	0.857946
121	78	0.90284
121	80	2.40596
121	83	0.905441
121	87	0.840284
121	98	0.880226
121	99	0.582084
121	101	0.866885
121	107	0.908506
121	108	0.900454
121	113	0.899025
121	115	0.943965
121	128	0.926603
121	134	0.916477
121	164	1.91778
121	165	0.902597
121	175	3.15416
121	179	0.778252
122	1	1.91321
122	11	0.854148
122	60	0.866966
122	64	0.923697
122	65	0.85368
122	72	0.923485
122	83	0.903607
122	87	0.838451
122	93	1.53307
122	96	0.876215
122	101	0.865051
122	105	0.86156
122	107	1.37857
122	128	0.924769
122	141	0.546905
122	153	1.45579
122	159	0.825524
122	161	0.867924
122	165	0.900763
122	168	0.817995
122	169	0.834742
122	171	0.854062
122	173	0.777956
122	174	0.78268
122	176	0.79544
122	178	0.853958
122	179	0.776418
122	180	0.824762
123	2	0.956181
123	15	0.966472
123	17	0.861123
123	46	0.90941
123	53	0.893652
123	86	0.902108
123	97	0.888173
123	111	0.908727
123	114	0.900874
123	124	0.881268
123	131	0.901102
123	135	1.16729
123	136	0.9059
123	137	0.908229
123	140	0.89926
123	141	0.893185
123	142	0.917095
123	143	0.913372
123	144	0.821855
123	150	1.74321
123	152	2.20573
123	153	0.880425
123	154	0.91776
123	156	0.777321
123	162	2.03621
123	163	3.01229
123	179	0.785411
123	180	3.19738
124	14	0.836453
124	20	0.822425
124	33	0.898522
124	40	0.892902
124	44	0.870391
124	73	0.826545
124	82	1.44381
124	86	0.863402
124	97	0.849466
124	111	0.87002
124	114	0.862167
124	123	0.881268
124	130	1.78045
124	131	0.862396
124	136	0.867193
124	137	0.869522
124	140	0.860553
124	141	0.854478
124	142	0.878389
124	143	0.874665
124	144	0.783148
124	153	0.841719
124	154	0.879053
124	155	2.70877
124	159	0.795811
124	160	2.2876
124	163	3.33425
124	179	0.746705
125	30	2.1147
125	74	1.81328
125	93	1.34686
125	126	0.847331
125	129	0.893388
125	131	0.798462
125	133	0.876205
125	134	1.17217
125	135	0.93196
125	147	0.924156
125	148	0.877305
125	151	0.837437
125	155	0.848344
125	162	0.855152
125	163	0.830448
125	166	0.847666
125	167	0.865319
125	168	0.819636
125	169	0.836384
125	170	0.831691
125	171	0.855704
125	172	0.830309
125	173	0.779598
125	174	0.784322
125	175	0.814746
125	176	0.797082
125	177	0.834047
125	178	0.8556
125	180	0.826404
126	2	1.58374
126	23	2.82006
126	80	0.789506
126	112	0.888671
126	125	0.847331
126	132	0.73311
126	133	0.818265
126	143	3.14426
126	150	0.823553
126	151	0.779497
126	155	0.790403
126	162	0.797212
126	163	0.772508
126	164	0.800859
126	166	0.789725
126	167	0.807378
126	168	0.761696
126	169	0.778443
126	170	0.77375
126	171	0.797763
126	172	0.772368
126	173	0.721657
126	174	0.726381
126	175	0.756805
126	176	0.739142
126	177	0.776106
126	178	0.797659
126	180	0.768464
127	30	3.13739
127	43	2.83509
127	73	2.72752
127	118	0.822254
127	129	0.822026
127	135	0.860598
127	138	0.772624
127	145	0.709124
127	146	0.774628
127	147	0.852795
127	149	0.783915
127	150	0.810131
127	151	0.766076
127	155	0.776982
127	158	0.856483
127	162	0.783791
127	163	0.759087
127	164	0.787438
127	166	0.776304
127	167	0.793957
127	170	0.760329
127	171	0.784342
127	172	0.758947
127	173	0.708236
127	174	0.71296
127	175	0.743384
127	177	0.762685
127	178	0.784238
127	180	0.755043
128	5	0.891446
128	11	0.876929
128	18	0.98275
128	29	0.949359
128	38	0.937667
128	50	0.907289
128	52	0.900352
128	54	0.438641
128	59	0.861571
128	60	0.889746
128	66	0.882881
128	67	0.950626
128	83	0.926387
128	90	0.918631
128	96	0.898995
128	98	0.901172
128	99	0.0975449
128	105	0.884341
128	106	0.895829
128	121	0.926603
128	122	0.924769
128	130	0.984196
128	132	6.04679
128	133	2.28362
128	145	0.801624
128	148	1.34947
128	152	0.887862
128	159	0.848304
128	161	0.890704
128	165	0.923544
128	177	2.50042
129	12	2.25654
129	44	0.978883
129	58	2.92281
129	71	2.01528
129	81	1.12649
129	125	0.893388
129	127	0.822026
129	146	0.834106
129	147	0.912272
129	149	0.843393
129	150	0.869609
129	151	0.825553
129	155	0.83646
129	158	0.915961
129	160	0.865079
129	162	0.843268
129	163	0.818564
129	164	0.846915
129	167	0.853435
129	168	0.807753
129	169	0.8245
129	170	0.819807
129	171	0.84382
129	172	0.818425
129	173	0.767714
129	174	0.772438
129	175	0.802862
129	176	0.785198
129	177	0.822163
129	178	0.843716
129	180	0.81452
130	65	2.9812
130	97	1.89984
130	124	1.78045
130	128	0.984196
130	138	0.838731
130	146	0.840735
130	147	0.918901
130	148	0.872051
130	150	0.876238
130	155	0.843089
130	156	0.764714
130	158	0.92259
130	160	0.871708
130	162	0.849897
130	163	0.825193
130	164	0.853544
130	165	0.810475
130	166	0.842411
130	168	0.814382
130	169	0.831129
130	170	0.826436
130	171	0.850449
130	172	0.825054
130	173	0.774343
130	174	0.779067
130	175	0.809491
130	176	0.791827
130	177	0.828792
130	178	0.850345
130	179	0.772805
130	180	0.821149
131	20	0.84226
131	33	0.918356
131	34	0.768871
131	35	0.901113
131	44	0.890225
131	46	0.890538
131	51	0.891296
131	53	0.87478
131	61	1.0548
131	86	0.883236
131	97	0.8693
131	100	1.92564
131	111	0.889855
131	123	0.901102
131	124	0.862396
131	125	0.798462
131	136	0.887027
131	137	0.889356
131	140	0.880387
131	141	0.874313
131	142	0.898223
131	143	0.894499
131	145	0.768965
131	153	0.861553
131	154	0.898887
131	156	0.758448
131	157	0.794216
131	158	0.946689
131	159	0.815645
131	169	2.80905
131	176	4.56659
131	179	0.766539
132	11	3.55321
132	12	0.758972
132	37	0.71796
132	51	0.788595
132	57	0.776951
132	58	0.783155
132	89	0.798982
132	95	0.729233
132	104	0.771735
132	108	0.78604
132	113	0.784611
132	126	0.73311
132	128	6.04679
132	140	0.777686
132	141	0.771612
132	142	0.795522
132	153	0.758852
132	154	0.796187
132	156	0.655747
132	157	0.691516
132	160	0.762741
132	163	0.716227
132	164	0.744577
132	165	0.788183
132	166	0.733444
132	171	0.741482
132	172	0.716087
132	176	0.68286
132	177	0.719825
132	178	0.741378
132	179	0.663838
132	180	0.712182
133	26	0.805236
133	29	2.07424
133	35	2.38998
133	39	1.57455
133	42	1.87761
133	100	0.852573
133	112	0.917545
133	119	0.881865
133	120	0.882841
133	125	0.876205
133	126	0.818265
133	128	2.28362
133	135	0.902893
133	149	0.82621
133	150	0.852427
133	151	0.808371
133	160	0.847896
133	162	0.826086
133	163	0.801382
133	164	0.829733
133	166	0.818599
133	168	0.79057
133	169	0.807317
133	170	0.802624
133	171	0.826637
133	172	0.801242
133	173	0.750531
133	174	0.755255
133	175	0.785679
133	176	0.768016
133	177	0.80498
133	178	0.826533
133	179	0.748993
133	180	0.797338
134	4	0.868953
134	12	0.884207
134	13	0.745295
134	19	0.882319
134	22	1.40117
134	24	0.219967
134	28	0.947485
134	34	0.791406
134	41	0.866616
134	43	0.851112
134	45	1.22136
134	48	0.915309
134	57	0.902187
134	61	0.896878
134	68	0.865135
134	69	0.923661
134	71	0.872096
134	81	0.923949
134	91	0.914423
134	92	0.910644
134	103	0.876825
134	104	2.01457
134	106	0.885704
134	107	0.919327
134	108	0.911275
134	110	0.850057
134	113	0.909846
134	117	0.948956
134	121	0.916477
134	125	1.17217
134	144	0.825516
134	156	0.780982
134	166	2.64795
134	169	3.18275
135	15	1.51327
135	102	0.899802
135	108	1.29104
135	113	1.19359
135	123	1.16729
135	125	0.93196
135	127	0.860598
135	133	0.902893
135	143	0.806009
135	146	0.872677
135	147	0.950844
135	149	0.881965
135	150	0.908181
135	153	1.51796
135	155	0.875032
135	158	0.954532
135	160	0.903651
135	162	0.88184
135	163	0.857136
135	164	0.885487
135	165	0.519273
135	166	0.874354
135	167	0.892007
135	168	0.846324
135	169	0.863071
135	170	0.858378
135	171	0.882391
135	172	0.856996
135	173	0.806286
135	174	0.81101
135	175	0.841433
135	177	0.860734
135	178	0.882287
135	179	0.804748
135	180	0.853092
136	2	0.942106
136	6	0.961703
136	8	0.949325
136	15	0.952397
