1	68	1.11342
1	70	1.26487
1	94	0.594489
1	95	1.24432
1	96	1.24017
1	98	1.24022
1	118	0.680537
1	148	0.606736
1	153	1.20511
1	158	1.21105
1	169	0.682622
1	180	1.08045
2	74	1.34985
2	82	1.49835
2	108	0.465311
2	109	1.49306
2	115	1.61627
2	141	1.45288
2	166	0.476335
2	169	0.450285
2	171	0.454093
2	178	0.559788
2	179	1.38919
3	38	1.47615
3	55	1.40737
3	69	1.29981
3	72	1.29969
3	79	1.37961
3	121	1.35092
3	122	1.38926
3	147	0.531691
3	161	0.488459
3	163	0.510613
3	174	0.656445
3	175	0.419862
4	34	1.46148
4	71	1.25618
4	73	1.38518
4	90	1.44152
4	103	1.34394
4	113	1.3604
4	143	1.35323
4	149	0.484819
4	165	0.530312
4	173	0.469012
4	174	0.656197
4	176	0.466458
5	37	1.28752
5	75	1.27439
5	78	1.37033
5	88	1.46345
5	91	1.34582
5	101	1.47926
5	139	0.491563
5	142	0.4965
5	151	0.515477
5	153	1.38072
5	157	0.550135
5	160	0.552816
6	22	1.37489
6	45	1.28426
6	54	1.40422
6	61	0.461768
6	63	1.50012
6	121	1.34344
6	150	1.3878
6	165	0.525891
6	166	0.514173
6	169	0.488123
6	170	0.617228
6	177	1.30934
7	35	1.26658
7	92	1.33623
7	110	1.40721
7	111	1.41174
7	112	1.36993
7	127	1.40799
7	130	0.548127
7	135	0.4771
7	159	0.493069
7	172	0.549615
7	173	1.40846
7	179	0.538732
8	35	1.25993
8	67	1.3808
8	110	1.40056
8	116	0.49183
8	120	1.38861
8	127	1.40134
8	128	0.524523
8	130	0.516027
8	144	1.37438
8	154	0.483242
8	173	1.40181
8	178	0.591059
9	95	1.41322
9	96	1.40907
9	98	1.40912
9	108	0.532996
9	134	1.36045
9	135	0.481414
9	153	1.37401
9	158	1.37995
9	172	0.553929
9	173	0.494438
9	179	0.543046
9	180	1.24935
10	41	1.41396
10	60	1.44698
10	62	0.324447
10	74	1.23717
10	108	0.330047
10	109	1.38038
10	115	1.5036
10	138	1.34218
10	146	0.825266
10	165	0.352789
10	175	0.772283
10	179	1.27651
11	24	1.1953
11	34	1.29686
11	71	1.09156
11	76	1.1944
11	90	1.27689
11	103	1.17931
11	119	0.604017
11	125	1.14153
11	129	1.22518
11	146	0.619365
11	152	0.614324
11	180	0.727576
12	87	1.40244
12	89	1.35327
12	97	1.31197
12	105	1.37351
12	107	1.4351
12	133	0.50318
12	142	0.49947
12	149	0.513239
12	151	0.518447
12	158	1.40464
12	162	0.572504
12	165	1.32066
13	95	1.41322
13	96	1.40907
13	98	1.40912
13	128	0.570217
13	133	0.509465
13	134	1.36045
13	153	1.37401
13	158	1.37995
13	163	0.545071
13	169	0.52725
13	175	0.454319
13	180	1.24935
14	22	1.27547
14	54	1.3048
14	56	1.31973
14	58	1.40014
14	80	1.36102
14	116	0.5835
14	121	1.24402
14	129	0.52693
14	150	1.28838
14	161	0.568892
14	171	0.577033
14	173	0.549694
14	177	1.20993
15	87	1.32482
15	89	1.27565
15	97	1.23435
15	99	1.34366
15	105	1.29589
15	107	1.35748
15	118	0.555375
15	158	1.32702
15	159	0.536874
15	160	0.592282
15	164	0.560995
15	165	1.24304
15	171	0.561269
16	27	1.68314
16	59	1.32119
16	81	1.43022
16	86	1.50301
16	93	1.45556
16	100	1.5223
16	124	1.48256
16	131	0.422967
16	157	0.510675
16	159	0.457948
16	163	0.496356
16	166	0.504584
16	173	0.455003
17	40	1.40013
17	59	1.1416
17	81	1.25062
17	86	1.32341
17	93	1.27596
17	100	1.3427
17	114	1.35919
17	124	1.30297
17	138	0.499593
17	147	0.547067
17	151	0.505652
17	170	0.637274
17	178	0.617672
18	25	1.30192
18	75	1.19826
18	78	1.2942
18	88	1.38732
18	91	1.26969
18	101	1.40313
18	125	1.24159
18	153	1.30459
18	155	0.546127
18	161	0.538629
18	171	0.546769
18	172	0.578921
18	177	0.595826
19	30	1.25591
19	37	1.21054
19	44	1.38339
19	75	1.19741
19	88	1.38647
19	91	1.26884
19	101	1.40228
19	144	0.50742
19	146	0.516126
19	152	0.511085
19	153	1.30374
19	156	0.606787
19	170	0.665179
20	54	1.28922
20	56	1.30415
20	58	1.38456
20	63	1.38513
20	80	1.34544
20	121	1.22845
20	131	0.499338
20	139	0.528474
20	145	0.606209
20	150	1.2728
20	168	0.507262
20	177	1.19435
20	178	0.664409
21	38	1.39083
21	48	1.398
21	55	1.32205
21	69	1.2145
21	72	1.21437
21	79	1.2943
21	121	1.2656
21	122	1.30394
21	129	0.514721
21	138	0.552441
21	167	0.590864
21	176	0.534931
21	177	0.613882
22	6	1.37489
22	14	1.27547
22	45	1.1954
22	63	1.41126
22	80	1.37157
22	121	1.25458
22	126	0.522411
22	129	0.546988
22	131	0.537717
22	146	0.573337
22	150	1.29894
22	157	0.625425
22	177	1.22048
23	71	1.38784
23	73	1.51684
23	90	1.57318
23	103	1.4756
23	125	1.43781
23	129	1.52146
23	137	0.419968
23	138	0.436536
23	143	1.48489
23	161	0.440778
23	170	0.574217
23	173	0.42158
23	178	0.554615
24	11	1.1953
24	71	1.2101
24	73	1.3391
24	76	1.31295
24	90	1.39544
24	103	1.29786
24	118	0.501233
24	129	1.34372
24	143	1.30715
24	155	0.506483
24	165	0.541086
24	174	0.666971
24	180	0.591581
25	18	1.30192
25	37	1.23643
25	75	1.2233
25	78	1.31924
25	91	1.29473
25	101	1.42817
25	125	1.26663
25	128	0.595911
25	132	0.534713
25	148	0.477058
25	153	1.32963
25	171	0.556752
25	180	0.641207
26	32	0.46554
26	46	1.23575
26	68	1.23583
26	70	1.38728
26	95	1.36672
26	134	1.31396
26	152	0.573997
26	153	1.32752
26	158	1.33346
26	165	0.636754
26	171	0.602794
26	175	0.526056
26	180	1.20285
27	16	1.68314
27	40	1.56319
27	59	1.30466
27	81	1.41369
27	86	1.48647
27	93	1.43902
27	100	1.50576
27	126	0.412039
27	147	0.521811
27	152	0.457924
27	167	0.51276
27	168	0.43527
27	179	0.507989
28	84	1.43488
28	97	1.29517
28	99	1.40448
28	105	1.35671
28	107	1.4183
28	119	0.49234
28	140	0.491195
28	142	0.506142
28	158	1.38784
28	165	1.30386
28	168	0.479993
28	178	0.637139
29	31	1.35596
29	66	1.3144
29	77	1.25922
29	94	0.482191
29	104	1.26
29	106	1.26114
29	117	1.29174
29	137	0.54518
29	142	0.54883
29	172	0.606283
29	175	1.34945
29	176	1.31356
29	177	0.623188
30	19	1.25591
30	44	1.36411
30	78	1.27408
30	88	1.36719
30	91	1.24956
30	101	1.38301
30	125	1.22147
30	138	0.537038
30	153	1.28446
30	169	0.545614
30	176	0.519528
30	179	0.570689
30	180	0.633876
31	29	1.35596
31	102	1.37175
31	104	1.37996
31	106	1.3811
31	117	1.4117
31	119	0.488948
31	135	0.487688
31	142	0.50275
31	144	0.49559
31	149	0.516519
31	150	1.39389
31	157	0.556384
31	175	1.4694
31	176	1.43352
32	26	0.46554
32	69	0.458847
32	70	0.402762
32	92	0.435822
32	121	0.437279
32	149	1.40406
32	150	0.393988
32	151	1.42034
32	159	1.45021
32	160	1.36793
32	163	1.40586
32	168	1.49346
32	172	1.35948
32	178	1.3058
33	47	1.48894
33	65	0.638087
33	93	1.32274
33	100	1.38948
33	108	0.481489
33	117	1.39076
33	118	1.37096
33	146	0.446516
33	150	1.37295
33	161	0.46213
33	173	0.442932
33	175	1.44846
33	176	1.41258
33	178	0.575967
34	4	1.46148
34	11	1.29686
34	71	1.31166
34	76	1.41451
34	85	1.46066
34	90	1.497
34	103	1.39942
34	125	1.36163
34	147	0.537274
34	160	0.533197
34	169	0.498376
34	171	0.502183
34	175	0.425445
34	177	0.55124
35	7	1.26658
35	8	1.25993
35	92	1.19165
35	110	1.26263
35	120	1.25069
35	127	1.26341
35	143	1.21123
35	144	1.23645
35	151	0.569829
35	155	0.575511
35	170	0.701451
35	173	1.26388
35	175	0.499416
35	180	0.660609
36	51	1.24631
36	92	1.19926
36	111	1.27477
36	112	1.23296
36	120	1.2583
36	127	1.27102
36	132	0.578955
36	141	1.21192
36	144	1.24406
36	146	0.577238
36	152	0.572197
36	157	0.629326
36	162	0.648726
36	173	1.27149
37	5	1.28752
37	19	1.21054
37	25	1.23643
37	75	1.13277
37	78	1.22871
37	88	1.32182
37	91	1.20419
37	101	1.33764
37	132	0.581439
37	153	1.23909
37	154	0.601357
37	166	0.62572
37	176	0.573585
37	179	0.624746
38	3	1.47615
38	21	1.39083
38	43	1.48154
38	48	1.48077
38	55	1.40482
38	69	1.29726
38	72	1.29714
38	79	1.37706
38	128	0.508523
38	133	0.447771
38	162	0.517096
38	165	0.503324
38	173	0.442024
38	174	0.629209
39	57	1.39408
39	83	1.42649
39	102	1.3584
39	106	1.36775
39	117	1.39835
39	130	0.503643
39	147	0.50807
39	150	1.38053
39	160	0.503994
39	162	0.520712
39	165	0.50694
39	172	0.505131
39	175	1.45605
39	176	1.42017
40	17	1.40013
40	27	1.56319
40	81	1.31028
40	86	1.38306
40	93	1.33561
40	100	1.40235
40	114	1.41885
40	118	1.38383
40	131	0.484985
40	135	0.503996
40	144	0.511898
40	146	0.520604
40	163	0.558373
40	175	0.467622
41	10	1.41396
41	53	1.36388
41	82	1.40585
41	85	1.41925
41	109	1.40055
41	113	1.37446
41	115	1.52377
41	132	0.447115
41	144	0.436693
41	156	0.536059
41	160	0.500168
41	178	0.57485
41	179	1.29668
41	180	0.553609
42	77	1.38001
42	83	1.44067
42	102	1.37259
42	104	1.38079
42	117	1.41253
42	123	0.597669
42	126	0.44904
42	128	1.30864
42	144	0.49126
42	151	0.517396
42	168	0.472271
42	169	0.519914
42	175	1.47024
42	176	1.43435
43	38	1.48154
43	48	1.48871
43	55	1.41276
43	69	1.30521
43	72	1.30508
43	79	1.38501
43	114	1.4337
43	122	1.39465
43	138	0.488008
43	168	0.448941
43	169	0.496584
43	175	0.423653
43	178	0.606087
43	180	0.584847
44	19	1.38339
44	30	1.36411
44	75	1.30562
44	88	1.49467
44	91	1.37704
44	101	1.51049
44	119	0.45995
44	125	1.34895
44	146	0.475299
44	153	1.41194
44	157	0.527387
44	165	0.533015
44	168	0.447604
44	178	0.60475
45	6	1.28426
45	22	1.1954
45	54	1.22473
45	56	1.23966
45	58	1.32007
45	63	1.32063
45	80	1.28095
45	123	0.669132
45	146	0.571429
45	148	0.515491
45	150	1.20831
45	157	0.623517
45	160	0.626198
45	177	1.12986
46	26	1.23575
46	70	1.30028
46	95	1.27972
46	96	1.27557
46	98	1.27563
46	128	0.646789
46	134	1.22696
46	137	0.578678
46	145	0.655126
46	148	0.527936
46	149	0.596096
46	153	1.24052
46	158	1.24646
46	180	1.11585
47	33	1.48894
47	59	1.24328
47	81	1.35231
47	86	1.4251
47	93	1.37764
47	100	1.44438
47	114	1.46088
47	124	1.40465
47	131	0.454761
47	137	0.485185
47	162	0.561868
47	165	0.548096
47	169	0.510328
47	173	0.486796
48	21	1.398
48	38	1.48077
48	43	1.48871
48	55	1.41199
48	69	1.30443
48	72	1.30431
48	79	1.38423
48	114	1.43292
48	126	0.45307
48	136	0.539467
48	148	0.448058
48	159	0.503357
48	162	0.575484
48	164	0.527478
49	53	1.39258
49	74	1.28604
49	82	1.43455
49	109	1.42926
49	115	1.55247
49	130	0.516685
49	138	1.39105
49	140	0.445773
49	141	1.38907
49	155	0.485379
49	156	0.552927
49	176	0.456128
49	178	0.591717
49	179	1.32539
50	53	1.35819
50	68	1.28583
50	74	1.25165
50	96	1.41257
50	98	1.41263
50	138	1.35666
50	152	0.448302
50	153	1.37752
50	162	0.524831
50	170	0.602396
50	172	0.50925
50	174	0.636943
50	177	0.526156
50	179	1.29099
50	180	1.25285
51	36	1.24631
51	92	1.30835
51	112	1.34205
51	120	1.36739
51	127	1.38011
51	134	1.33029
51	141	1.32101
51	143	1.32793
51	147	0.567964
51	149	0.521341
51	151	0.526549
51	167	0.558912
51	173	1.38059
51	175	0.456135
51	180	0.617328
52	84	1.39936
52	87	1.35013
52	89	1.30096
52	97	1.25966
52	99	1.36896
52	105	1.32119
52	107	1.38279
52	118	0.54229
52	158	1.35232
52	164	0.54791
52	165	1.26834
52	166	0.570426
52	171	0.548184
52	173	0.520844
52	176	0.51829
53	41	1.36388
53	49	1.39258
53	50	1.35819
53	60	1.3969
53	74	1.18709
53	109	1.33031
53	115	1.45352
53	129	0.499234
53	141	1.29012
53	159	0.524943
53	165	0.583297
53	166	0.571579
53	171	0.549337
53	176	0.519444
53	179	1.22643
54	6	1.40422
54	14	1.3048
54	20	1.28922
54	45	1.22473
54	56	1.35961
54	58	1.44003
54	65	0.643844
54	80	1.4009
54	136	0.487743
54	137	0.447077
54	145	0.523524
54	150	1.32827
54	172	0.508179
54	174	0.635873
54	177	1.24981
55	3	1.40737
55	21	1.32205
55	38	1.40482
55	43	1.41276
55	48	1.41199
55	69	1.22848
55	72	1.22836
55	79	1.30829
55	121	1.27959
55	123	0.58392
55	144	0.47751
55	152	0.481175
55	157	0.538304
55	170	0.635269
55	179	0.53124
56	14	1.31973
56	20	1.30415
56	45	1.23966
56	54	1.35961
56	58	1.45496
56	80	1.41583
56	121	1.29884
56	132	0.518061
56	150	1.3432
56	155	0.539457
56	166	0.562342
56	171	0.5401
56	175	0.463362
56	177	1.26474
56	180	0.624555
57	39	1.39408
57	102	1.30326
57	104	1.31146
57	106	1.31261
57	117	1.34321
57	128	1.23932
57	138	0.509127
57	150	1.32539
57	155	0.520867
57	156	0.588415
57	161	0.513369
57	168	0.470059
57	170	0.646807
57	175	1.40091
57	176	1.36503
58	14	1.40014
58	20	1.38456
58	45	1.32007
58	54	1.44003
58	56	1.45496
58	63	1.53593
58	80	1.49625
58	108	0.498054
58	118	0.480942
58	145	0.534332
58	147	0.521926
58	150	1.42361
58	152	0.458039
58	171	0.486835
58	177	1.34515
58	179	0.508103
59	16	1.32119
59	17	1.1416
59	27	1.30466
59	47	1.24328
59	81	1.05174
59	86	1.12453
59	93	1.07708
59	100	1.14382
59	114	1.16031
59	118	1.1253
59	124	1.10409
59	135	0.638182
59	161	0.670405
59	165	0.712506
59	169	0.674738
59	172	0.710697
60	10	1.44698
60	53	1.3969
60	82	1.43886
60	109	1.43357
60	113	1.40748
60	115	1.55678
60	119	0.46627
60	136	0.517089
60	138	1.39537
60	140	0.465125
60	141	1.39339
60	170	0.630671
60	171	0.505374
60	175	0.428636
60	176	0.47548
60	179	1.3297
61	6	0.461768
61	103	0.514718
61	123	1.22907
61	124	0.540214
61	131	1.44147
61	143	0.490674
61	148	1.39653
61	153	0.502212
61	156	1.25001
61	157	1.26942
61	158	0.483431
61	164	1.30072
61	167	1.27545
61	170	1.19319
61	177	1.24568
61	178	1.20788
62	10	0.324447
62	88	0.520434
62	89	0.596888
62	116	1.26523
62	120	0.478258
62	125	0.547991
62	127	0.527174
62	128	1.2207
62	131	1.42411
62	135	1.35517
62	157	1.25206
62	160	1.25265
62	164	1.28336
62	166	1.26903
62	171	1.2919
62	178	1.19052
63	6	1.50012
63	20	1.38513
63	22	1.41126
63	45	1.32063
63	58	1.53593
63	65	0.638999
63	80	1.49681
63	121	1.37982
63	129	0.42108
63	133	0.449591
63	145	0.518679
63	150	1.42417
63	162	0.518916
63	167	0.497222
63	173	0.443844
63	177	1.34572
64	84	1.48825
64	87	1.43902
64	89	1.38984
64	97	1.34854
64	99	1.45785
64	105	1.41008
64	107	1.47168
64	119	0.448363
64	123	0.561415
64	133	0.465875
64	152	0.458671
64	158	1.44121
64	159	0.463073
64	161	0.479326
64	165	1.35723
64	170	0.612764
65	33	0.638087
65	54	0.643844
65	63	0.638999
65	82	0.654078
65	121	0.742349
65	128	1.08257
65	135	1.21703
65	140	1.21495
65	146	1.12935
65	159	1.19679
65	161	1.1552
65	163	1.15244
65	170	1.03769
65	172	1.10606
65	176	1.20828
65	178	1.05238
65	180	1.0542
66	29	1.3144
66	77	1.33762
66	83	1.39828
66	102	1.33019
66	104	1.3384
66	106	1.33954
66	117	1.37014
66	119	0.487206
66	150	1.35233
66	154	0.524189
66	161	0.51817
66	168	0.47486
66	173	0.498971
66	175	1.42784
66	176	1.39196
66	177	0.575367
66	180	0.610766
67	8	1.3808
67	92	1.31252
67	110	1.38351
67	111	1.38803
67	112	1.34622
67	118	0.501073
67	120	1.37156
67	122	1.33178
67	127	1.38429
67	133	0.485374
67	141	1.32518
67	148	0.427273
67	156	0.573871
67	164	0.506693
67	173	1.38476
67	174	0.666811
67	179	0.528234
68	1	1.11342
68	26	1.23583
68	50	1.28583
68	70	1.30036
68	95	1.2798
68	96	1.27566
68	98	1.27571
68	134	1.22704
68	147	0.627201
68	151	0.585786
68	153	1.2406
68	156	0.659016
68	158	1.24654
68	165	0.626071
68	169	0.588303
68	176	0.562217
68	180	1.11593
69	3	1.29981
69	21	1.2145
69	32	0.458847
69	38	1.29726
69	43	1.30521
69	48	1.30443
69	55	1.22848
69	72	1.1208
69	79	1.20073
69	114	1.24942
69	121	1.17203
69	122	1.21037
69	140	0.555853
69	145	0.643597
69	172	0.628252
69	178	0.701797
69	179	0.617369
70	1	1.26487
70	26	1.38728
70	32	0.402762
70	46	1.30028
70	68	1.30036
70	95	1.43125
70	96	1.4271
70	98	1.42716
70	140	0.499768
70	149	0.528483
70	153	1.39205
70	158	1.39799
70	159	0.515622
70	162	0.587749
70	164	0.539743
70	165	0.573976
70	180	1.26738
71	4	1.25618
71	11	1.09156
71	23	1.38784
71	24	1.2101
71	34	1.31166
71	73	1.23536
71	76	1.20921
71	90	1.2917
71	103	1.19412
71	113	1.21058
71	126	0.55315
71	143	1.20341
71	144	0.59537
71	161	0.619691
71	167	0.65387
71	168	0.576381
71	179	0.649099
72	3	1.29969
72	21	1.21437
72	38	1.29714
72	43	1.30508
72	48	1.30431
72	55	1.22836
72	69	1.1208
72	79	1.20061
72	114	1.2493
72	121	1.17191
72	122	1.21025
72	131	0.569873
72	144	0.596787
72	148	0.549555
72	155	0.628605
72	166	0.65149
72	179	0.650516
73	4	1.38518
73	23	1.51684
73	24	1.3391
73	71	1.23536
73	76	1.33821
73	90	1.4207
73	103	1.32312
73	113	1.33958
73	129	1.36898
73	138	0.470501
73	143	1.33241
73	151	0.476559
73	156	0.549789
73	167	0.508923
73	174	0.642729
73	176	0.452991
73	178	0.58858
74	2	1.34985
74	10	1.23717
74	49	1.28604
74	50	1.25165
74	53	1.18709
74	82	1.22906
74	109	1.22377
74	115	1.34698
74	130	0.660015
74	137	0.6004
74	138	1.18556
74	141	1.18358
74	142	0.60405
74	159	0.604957
74	169	0.625544
74	175	0.552613
74	179	1.11989
75	5	1.27439
75	18	1.19826
75	19	1.19741
75	25	1.2233
75	37	1.13277
75	44	1.30562
75	78	1.21558
75	88	1.3087
75	91	1.19107
75	101	1.32451
75	130	0.614604
75	147	0.619032
75	153	1.22597
75	164	0.583668
75	169	0.580134
75	174	0.743786
75	175	0.507203
76	11	1.1944
76	24	1.31295
76	34	1.41451
76	71	1.20921
76	73	1.33821
76	85	1.35821
76	90	1.39455
76	103	1.29697
76	113	1.31343
76	125	1.25918
76	136	0.543338
76	139	0.501383
76	143	1.30626
76	152	0.502826
76	166	0.553864
76	171	0.531622
76	172	0.563774
76	174	0.691467
77	29	1.25922
77	42	1.38001
77	66	1.33762
77	83	1.34309
77	102	1.27501
77	104	1.28321
77	106	1.28436
77	108	0.526757
77	117	1.31495
77	128	1.21106
77	142	0.490237
77	160	0.546553
77	166	0.537781
77	172	0.54769
77	174	0.675384
77	175	1.37266
77	176	1.33677
77	177	0.564596
78	5	1.37033
78	18	1.2942
78	25	1.31924
78	30	1.27408
78	37	1.22871
78	75	1.21558
78	88	1.40464
78	91	1.28701
78	101	1.42045
78	125	1.25891
78	139	0.491964
78	145	0.569699
78	153	1.32191
78	154	0.520082
78	157	0.550535
78	164	0.521929
78	178	0.627899
78	180	0.606658
79	3	1.37961
79	21	1.2943
79	38	1.37706
79	43	1.38501
79	48	1.38423
79	55	1.30829
79	69	1.20073
79	72	1.20061
79	114	1.32922
79	116	0.582716
79	121	1.25183
79	122	1.29017
79	129	0.526146
79	138	0.563866
79	139	0.54601
79	148	0.496556
79	155	0.575607
79	179	0.597517
80	14	1.36102
80	20	1.34544
80	22	1.37157
80	45	1.28095
80	54	1.4009
80	56	1.41583
80	58	1.49625
80	63	1.49681
80	121	1.34013
80	133	0.488863
80	148	0.430762
80	150	1.38449
80	156	0.57736
80	160	0.541469
80	164	0.510182
80	168	0.459004
80	169	0.506648
80	177	1.30603
80	178	0.616151
81	16	1.43022
81	17	1.25062
81	27	1.41369
81	40	1.31028
81	47	1.35231
81	59	1.05174
81	86	1.23356
81	93	1.18611
81	100	1.25285
81	114	1.26934
81	118	1.23432
81	124	1.21311
81	126	0.52858
81	164	0.602988
81	167	0.629301
81	173	0.575922
81	175	0.526523
81	176	0.573368
81	177	0.652319
82	2	1.49835
82	41	1.40585
82	49	1.43455
82	60	1.43886
82	65	0.654078
82	74	1.22906
82	85	1.39096
82	109	1.37227
82	115	1.49549
82	131	0.426887
82	138	1.33407
82	141	1.33209
82	142	0.46096
82	162	0.533994
82	163	0.500275
82	172	0.518413
82	173	0.458922
82	177	0.535319
82	179	1.2684
83	39	1.42649
83	42	1.44067
83	66	1.39828
83	77	1.34309
83	102	1.33567
83	104	1.34388
83	106	1.34502
83	117	1.37562
83	139	0.49327
83	144	0.491048
83	150	1.3578
83	151	0.517184
83	152	0.494713
83	161	0.515368
83	163	0.537523
83	165	0.557469
83	171	0.523509
83	175	1.43332
83	176	1.39744
84	28	1.43488
84	52	1.39936
84	64	1.48825
84	89	1.33984
84	97	1.29855
84	99	1.40785
84	105	1.36008
84	107	1.42168
84	116	0.52572
84	124	1.35186
84	131	0.459878
84	138	0.50687
84	142	0.493951
84	144	0.486792
84	151	0.512928
84	158	1.39121
84	165	1.30723
84	179	0.540521
84	180	0.603708
85	34	1.46066
85	41	1.41925
85	76	1.35821
85	82	1.39096
85	103	1.34312
85	109	1.38567
85	115	1.50888
85	119	0.472206
85	125	1.30533
85	129	1.38898
85	136	0.523025
85	143	1.35241
85	156	0.578215
85	159	0.486916
85	167	0.537349
85	175	0.434572
85	176	0.481417
85	178	0.617006
85	179	1.2818
86	16	1.50301
86	17	1.32341
86	27	1.48647
86	40	1.38306
86	47	1.4251
86	59	1.12453
86	81	1.23356
86	93	1.25889
86	100	1.32563
86	114	1.34213
86	118	1.30711
86	123	0.608552
86	124	1.2859
86	136	0.546319
86	146	0.510848
86	148	0.45491
86	163	0.548617
86	165	0.568564
86	166	0.556846
86	171	0.534604
87	12	1.40244
87	15	1.32482
87	52	1.35013
87	64	1.43902
87	89	1.29061
87	97	1.24931
87	99	1.35861
87	105	1.31085
87	107	1.37244
87	124	1.30262
87	145	0.574935
87	152	0.498642
87	158	1.34197
87	165	1.25799
87	167	0.553477
87	168	0.475988
87	170	0.652736
87	173	0.500099
87	176	0.497545
87	177	0.576495
88	5	1.46345
88	18	1.38732
88	19	1.38647
88	30	1.36719
88	37	1.32182
88	44	1.49467
88	62	0.520434
88	75	1.3087
88	78	1.40464
88	91	1.38012
88	101	1.51357
88	125	1.35203
88	128	0.553976
88	131	0.455441
88	139	0.484577
88	144	0.482354
88	145	0.562312
88	153	1.41502
88	172	0.546967
88	175	0.438078
88	176	0.484923
89	12	1.35327
89	15	1.27565
89	52	1.30096
89	62	0.596888
89	64	1.38984
89	84	1.33984
89	87	1.29061
89	94	0.49933
89	97	1.20014
89	99	1.30944
89	105	1.26168
89	107	1.32327
89	124	1.25345
89	136	0.602986
89	140	0.551022
89	148	0.511577
89	157	0.619603
89	158	1.2928
89	165	1.20882
89	171	0.59127
89	175	0.514532
90	4	1.44152
90	11	1.27689
90	23	1.57318
90	24	1.39544
90	34	1.497
90	71	1.2917
90	73	1.4207
90	76	1.39455
90	103	1.37946
90	113	1.39592
90	125	1.34167
90	132	0.470673
90	142	0.46741
90	143	1.38875
90	155	0.492069
90	159	0.468318
90	166	0.514954
90	167	0.518751
90	172	0.524863
90	174	0.652557
90	176	0.462819
91	5	1.34582
91	18	1.26969
91	19	1.26884
91	25	1.29473
91	30	1.24956
91	37	1.20419
91	44	1.37704
91	75	1.19107
91	78	1.28701
91	88	1.38012
91	101	1.39594
91	125	1.2344
91	128	0.609465
91	144	0.537844
91	153	1.29739
91	154	0.568184
91	159	0.545911
91	161	0.562165
91	167	0.596344
91	168	0.518855
91	179	0.591573
92	7	1.33623
92	32	0.435822
92	35	1.19165
92	36	1.19926
92	51	1.30835
92	67	1.31252
92	111	1.3368
92	112	1.29499
92	118	0.567183
92	120	1.32033
92	127	1.33306
92	128	0.612235
92	134	1.28323
92	135	0.532712
92	141	1.27395
92	143	1.28087
92	152	0.544279
92	154	0.570955
92	160	0.60409
92	173	1.33353
92	177	0.622133
93	16	1.45556
93	17	1.27596
93	27	1.43902
93	33	1.32274
93	40	1.33561
93	47	1.37764
93	59	1.07708
93	81	1.18611
93	86	1.25889
93	100	1.27818
93	114	1.29468
93	118	1.25966
93	124	1.23845
93	140	0.52739
93	148	0.487944
93	151	0.561313
93	155	0.566995
93	162	0.61537
93	163	0.581651
93	168	0.516187
93	178	0.673334
94	1	0.594489
94	29	0.482191
94	89	0.49933
94	95	0.455294
94	101	0.391209
94	114	0.449236
94	127	0.429616
94	136	1.34355
94	139	1.40668
94	140	1.42718
94	141	0.421851
94	143	0.428896
94	145	1.28677
94	148	1.45327
94	160	1.32675
94	165	1.31306
94	168	1.45228
94	171	1.366
94	172	1.3183
94	173	1.42784
94	174	1.22204
94	178	1.26462
95	1	1.24432
95	9	1.41322
95	13	1.41322
95	26	1.36672
95	46	1.27972
95	68	1.2798
95	70	1.43125
95	94	0.455294
95	96	1.40655
95	98	1.4066
95	131	0.487859
95	132	0.525195
95	134	1.35793
95	136	0.558949
95	145	0.59473
95	153	1.37149
95	158	1.37743
95	167	0.573273
95	169	0.543427
95	173	0.519894
95	175	0.470496
95	180	1.24682
96	1	1.24017
96	9	1.40907
96	13	1.40907
96	46	1.27557
96	50	1.41257
96	68	1.27566
96	70	1.4271
96	95	1.40655
96	98	1.40246
96	123	0.600231
96	133	0.50469
96	134	1.35378
96	138	0.513899
96	140	0.486034
96	147	0.561373
96	153	1.36735
96	155	0.52564
96	158	1.37328
96	173	0.498943
96	175	0.449544
96	178	0.631978
96	180	1.24268
97	12	1.31197
97	15	1.23435
97	28	1.29517
97	52	1.25966
97	64	1.34854
97	84	1.29855
97	87	1.24931
97	89	1.20014
97	99	1.26814
97	105	1.22038
97	107	1.28197
97	124	1.21215
97	130	0.615432
97	140	0.54452
97	149	0.573236
97	157	0.613101
97	158	1.2515
97	161	0.576628
97	164	0.584495
97	165	1.16752
97	172	0.61692
97	179	0.606037
98	1	1.24022
98	9	1.40912
98	13	1.40912
98	46	1.27563
98	50	1.41263
98	68	1.27571
98	70	1.42716
98	95	1.4066
98	96	1.40246
98	116	0.55238
98	134	1.35384
98	146	0.522158
98	148	0.46622
98	152	0.517117
98	153	1.3674
98	155	0.545271
98	156	0.612819
98	158	1.37334
98	173	0.518574
98	175	0.469175
98	179	0.567181
98	180	1.24273
99	15	1.34366
99	28	1.40448
99	52	1.36896
99	64	1.45785
99	84	1.40785
99	87	1.35861
99	89	1.30944
99	97	1.26814
99	105	1.32968
99	107	1.39127
99	124	1.32145
99	132	0.495421
99	138	0.505076
99	142	0.492158
99	154	0.515339
99	158	1.3608
99	162	0.565192
99	165	1.27683
99	167	0.543499
99	176	0.487566
99	177	0.566517
99	180	0.601915
100	16	1.5223
100	17	1.3427
100	27	1.50576
100	33	1.38948
100	40	1.40235
100	47	1.44438
100	59	1.14382
100	81	1.25285
100	86	1.32563
100	93	1.27818
100	114	1.36142
100	118	1.3264
100	124	1.30519
100	130	0.546549
100	131	0.456511
100	137	0.486935
100	163	0.529899
100	164	0.515612
100	169	0.512078
100	177	0.564943
100	178	0.621581
100	179	0.537154
101	5	1.47926
101	18	1.40313
101	19	1.40228
101	25	1.42817
101	30	1.38301
101	37	1.33764
101	44	1.51049
101	75	1.32451
101	78	1.42045
101	88	1.51357
101	91	1.39594
101	94	0.391209
101	125	1.36784
101	129	0.433046
101	137	0.454198
101	153	1.43084
101	156	0.550055
101	159	0.458755
101	160	0.514163
101	174	0.642994
101	175	0.406411
101	177	0.532206
101	178	0.588845
102	31	1.37175
102	39	1.3584
102	42	1.37259
102	57	1.30326
102	66	1.33019
102	77	1.27501
102	83	1.33567
102	104	1.27579
102	106	1.27693
102	108	0.56499
102	117	1.30753
102	119	0.514668
102	126	0.47909
102	128	1.20364
102	136	0.565487
102	140	0.513523
102	149	0.542239
102	150	1.28972
102	168	0.502321
102	174	0.713616
102	175	1.36524
102	176	1.32935
102	179	0.57504
103	4	1.34394
103	11	1.17931
103	23	1.4756
103	24	1.29786
103	34	1.39942
103	61	0.514718
103	71	1.19412
103	73	1.32312
103	76	1.29697
103	85	1.34312
103	90	1.37946
103	113	1.29834
103	125	1.24409
103	126	0.4702
103	128	0.58404
103	129	1.32774
103	143	1.29117
103	149	0.533348
103	163	0.558894
103	170	0.670178
103	173	0.517541
103	176	0.514987
103	179	0.566149
104	29	1.26
104	31	1.37996
104	42	1.38079
104	57	1.31146
104	66	1.3384
104	77	1.28321
104	83	1.34388
104	102	1.27579
104	106	1.28514
104	116	0.561746
104	117	1.31574
104	119	0.516175
104	128	1.21185
104	131	0.495904
104	139	0.52504
104	150	1.29792
104	159	0.530885
104	163	0.569293
104	167	0.581318
104	169	0.551472
104	175	1.37344
104	176	1.33756
104	180	0.639734
105	12	1.37351
105	15	1.29589
105	28	1.35671
105	52	1.32119
105	64	1.41008
105	84	1.36008
105	87	1.31085
105	89	1.26168
105	97	1.22038
105	99	1.32968
105	107	1.34351
105	124	1.27369
105	129	0.496855
105	139	0.51672
105	145	0.594455
105	147	0.582049
105	154	0.544837
105	158	1.31304
105	165	1.22906
105	166	0.569201
105	172	0.57911
105	173	0.519619
105	179	0.568227
106	29	1.26114
106	31	1.3811
106	39	1.36775
106	57	1.31261
106	66	1.33954
106	77	1.28436
106	83	1.34502
106	102	1.27693
106	104	1.28514
106	117	1.31688
106	126	0.493246
106	128	1.21299
106	135	0.527563
106	137	0.538976
106	140	0.527679
106	150	1.29907
106	151	0.561602
106	169	0.564119
106	172	0.600078
106	173	0.540587
106	175	1.37458
106	176	1.3387
106	177	0.616984
107	12	1.4351
107	15	1.35748
107	28	1.4183
107	52	1.38279
107	64	1.47168
107	84	1.42168
107	87	1.37244
107	89	1.32327
107	97	1.28197
107	99	1.39127
107	105	1.34351
107	124	1.33528
107	131	0.44788
107	135	0.466891
107	140	0.467007
107	147	0.542346
107	158	1.37463
107	162	0.554987
107	163	0.521268
107	165	1.29065
107	167	0.533294
107	170	0.632552
107	171	0.507255
107	172	0.539406
108	2	0.465311
108	9	0.532996
108	10	0.330047
108	33	0.481489
108	58	0.498054
108	77	0.526757
108	102	0.56499
108	117	0.536581
108	123	1.26781
108	124	0.581594
108	133	1.4156
108	135	1.41126
108	147	1.33247
108	166	1.32512
108	167	1.31419
108	168	1.43427
108	169	1.32413
108	170	1.23192
108	171	1.34799
108	172	1.30029
108	174	1.20403
108	178	1.24661
108	180	1.24842
109	2	1.49306
109	10	1.38038
109	41	1.40055
109	49	1.42926
109	53	1.33031
109	60	1.43357
109	74	1.22377
109	82	1.37227
109	85	1.38567
109	113	1.34089
109	115	1.49019
109	133	0.499294
109	138	1.32878
109	141	1.3268
109	149	0.509354
109	154	0.518765
109	155	0.520244
109	157	0.549219
109	159	0.496492
109	160	0.5519
109	168	0.469436
109	173	0.493547
109	179	1.26311
109	180	0.605342
110	7	1.40721
110	8	1.40056
110	35	1.26263
110	67	1.38351
110	111	1.40779
110	112	1.36598
110	116	0.55142
110	120	1.39132
110	122	1.35154
110	126	0.470272
110	127	1.40404
110	130	0.575616
110	134	1.35421
110	137	0.516002
110	139	0.514714
110	141	1.34494
110	143	1.35186
110	144	1.37708
110	148	0.46526
110	151	0.538628
110	171	0.544953
110	173	1.40451
110	175	0.468215
110	179	0.566221
111	7	1.41174
111	36	1.27477
111	67	1.38803
111	92	1.3368
111	110	1.40779
111	112	1.3705
111	118	0.506207
111	120	1.39585
111	122	1.35607
111	123	0.586049
111	127	1.40857
111	132	0.490062
111	134	1.35874
111	135	0.471737
111	141	1.34946
111	142	0.486799
111	143	1.35639
111	144	1.38161
111	160	0.543114
111	168	0.46065
111	170	0.637398
111	173	1.40904
111	175	0.435362
111	180	0.596555
112	7	1.36993
112	36	1.23296
112	51	1.34205
112	67	1.34622
112	92	1.29499
112	110	1.36598
112	111	1.3705
112	120	1.35403
112	122	1.31425
112	127	1.36676
112	134	1.31693
112	139	0.51754
112	141	1.30765
112	143	1.31457
112	144	1.3398
112	149	0.536246
112	157	0.576111
112	159	0.523385
112	164	0.547505
112	166	0.570021
112	168	0.496328
112	171	0.547779
112	172	0.57993
112	173	1.36723
112	176	0.517885
113	4	1.3604
113	41	1.37446
113	60	1.40748
113	71	1.21058
113	73	1.33958
113	76	1.31343
113	90	1.39592
113	103	1.29834
113	109	1.34089
113	115	1.4641
113	116	0.556849
113	129	1.3442
113	138	1.30269
113	139	0.520144
113	140	0.510134
113	141	1.30071
113	143	1.30763
113	146	0.526627
113	151	0.544058
113	152	0.521586
113	165	0.584343
113	168	0.498932
113	171	0.550383
113	177	0.59944
113	179	1.23702
114	17	1.35919
114	40	1.41885
114	43	1.4337
114	47	1.46088
114	48	1.43292
114	59	1.16031
114	69	1.24942
114	72	1.2493
114	79	1.32922
114	81	1.26934
114	86	1.34213
114	93	1.29468
114	94	0.449236
114	100	1.36142
114	121	1.30052
114	122	1.33886
114	135	0.500813
114	147	0.576267
114	154	0.539055
114	163	0.55519
114	164	0.540903
114	166	0.563418
114	168	0.489725
114	176	0.511283
114	178	0.646872
115	2	1.61627
115	10	1.5036
115	41	1.52377
115	49	1.55247
115	53	1.45352
115	60	1.55678
115	74	1.34698
115	82	1.49549
115	85	1.50888
115	109	1.49019
115	113	1.4641
115	119	0.449858
115	132	0.466924
115	133	0.46737
115	137	0.460011
115	138	1.45199
115	141	1.45001
115	144	0.456501
115	155	0.48832
115	164	0.488689
115	166	0.511205
115	168	0.437512
115	171	0.488963
115	172	0.521114
115	176	0.459069
115	179	1.38632
116	8	0.49183
116	14	0.5835
116	62	1.26523
116	79	0.582716
116	84	0.52572
116	98	0.55238
116	104	0.561746
116	110	0.55142
116	113	0.556849
116	119	1.33762
116	122	0.552236
116	140	1.31661
116	142	1.31377
116	144	1.28983
116	145	1.1762
116	152	1.30906
116	162	1.22505
116	163	1.2541
116	167	1.22162
116	168	1.3417
116	169	1.23157
116	171	1.25542
116	172	1.20772
116	174	1.11147
116	178	1.15404
117	29	1.29174
117	31	1.4117
117	33	1.39076
117	39	1.39835
117	42	1.41253
117	57	1.34321
117	66	1.37014
117	77	1.31495
117	83	1.37562
117	102	1.30753
117	104	1.31574
117	106	1.31688
117	108	0.536581
117	128	1.24359
117	129	0.475259
117	138	0.512979
117	144	0.492901
117	149	0.51383
117	150	1.32966
117	154	0.523241
117	160	0.556376
117	167	0.551402
117	169	0.521555
117	173	0.498023
117	175	1.40518
117	176	1.3693
117	178	0.631058
118	1	0.680537
118	15	0.555375
118	24	0.501233
118	33	1.37096
118	40	1.38383
118	52	0.54229
118	58	0.480942
118	59	1.1253
118	67	0.501073
118	81	1.23432
118	86	1.30711
118	92	0.567183
118	93	1.25966
118	100	1.3264
118	111	0.506207
118	120	0.466747
118	124	1.28667
118	130	1.27261
118	135	1.35825
118	139	1.33566
118	143	0.514943
118	162	1.26461
118	167	1.26118
118	170	1.17891
118	171	1.29498
118	174	1.15103
118	178	1.1936
119	11	0.604017
119	28	0.49234
119	31	0.488948
119	44	0.45995
119	60	0.46627
119	64	0.448363
119	66	0.487206
119	85	0.472206
119	102	0.514668
119	104	0.516175
119	115	0.449858
119	116	1.33762
119	126	1.46751
119	130	1.34192
119	136	1.34184
119	139	1.40497
119	145	1.28507
119	156	1.30504
119	159	1.40732
119	160	1.32504
119	165	1.31135
119	167	1.33049
119	169	1.34043
119	171	1.36429
119	172	1.31659
119	173	1.42613
119	179	1.30286
120	8	1.38861
120	35	1.25069
120	36	1.2583
120	51	1.36739
120	62	0.478258
120	67	1.37156
120	92	1.32033
120	110	1.39132
120	111	1.39585
120	112	1.35403
120	118	0.466747
120	122	1.3396
120	123	0.546589
120	127	1.3921
120	130	0.503304
120	134	1.34227
120	141	1.33299
120	143	1.33991
120	144	1.36514
120	160	0.503654
120	163	0.486654
120	166	0.494883
120	170	0.597938
120	172	0.504792
120	173	1.39257
120	174	0.632485
120	180	0.557095
121	3	1.35092
121	6	1.34344
121	14	1.24402
121	20	1.22845
121	21	1.2656
121	22	1.25458
121	32	0.437279
121	55	1.27959
121	56	1.29884
121	63	1.37982
121	65	0.742349
121	69	1.17203
121	72	1.17191
121	79	1.25183
121	80	1.34013
121	114	1.30052
121	122	1.26148
121	129	0.524429
121	150	1.26749
121	154	0.572412
121	159	0.550139
121	161	0.566392
121	164	0.57426
121	172	0.606684
121	175	0.497795
121	177	1.18904
121	180	0.658988
122	3	1.38926
122	21	1.30394
122	43	1.39465
122	67	1.33178
122	69	1.21037
122	72	1.21025
122	79	1.29017
122	110	1.35154
122	111	1.35607
122	112	1.31425
122	114	1.33886
122	116	0.552236
122	120	1.3396
122	121	1.26148
122	126	0.471089
122	127	1.35232
122	133	0.524178
122	134	1.30249
122	143	1.30014
122	155	0.545127
122	159	0.521376
122	160	0.576784
122	161	0.537629
122	162	0.593502
122	168	0.494319
122	173	1.35279
122	179	0.567038
122	180	0.630225
123	42	0.597669
123	45	0.669132
123	55	0.58392
123	61	1.22907
123	64	0.561415
123	86	0.608552
123	96	0.600231
123	108	1.26781
123	111	0.586049
123	120	0.546589
123	131	1.33412
123	147	1.18639
123	149	1.19878
123	150	0.60519
123	151	1.21507
123	155	1.2146
123	162	1.17154
123	163	1.20058
123	164	1.19337
123	166	1.17904
123	167	1.1681
123	168	1.28819
123	171	1.20191
123	173	1.26375
123	174	1.05795
123	178	1.10053
123	179	1.14048
124	16	1.48256
124	17	1.30297
124	47	1.40465
124	59	1.10409
124	61	0.540214
124	81	1.21311
124	84	1.35186
124	86	1.2859
124	87	1.30262
124	89	1.25345
124	93	1.23845
124	97	1.21215
124	99	1.32145
124	100	1.30519
124	105	1.27369
124	107	1.33528
124	108	0.581594
124	118	1.28667
124	136	0.582091
124	137	0.541425
124	149	0.558843
124	158	1.30481
124	160	0.60139
124	165	1.22083
124	167	0.596415
124	168	0.518925
124	169	0.566569
124	173	0.543036
124	176	0.540483
125	11	1.14153
125	18	1.24159
125	23	1.43781
125	25	1.26663
125	30	1.22147
125	34	1.36163
125	44	1.34895
125	62	0.547991
125	76	1.25918
125	78	1.25891
125	85	1.30533
125	88	1.35203
125	90	1.34167
125	91	1.2344
125	101	1.36784
125	103	1.24409
125	129	1.28995
125	133	0.520781
125	143	1.25338
125	153	1.2693
125	154	0.540252
125	157	0.570705
125	159	0.517979
125	163	0.556386
125	164	0.5421
125	165	0.576333
125	174	0.702218
125	176	0.512479
125	180	0.626828
126	22	0.522411
126	27	0.412039
126	42	0.44904
126	48	0.45307
126	71	0.55315
126	81	0.52858
126	102	0.47909
126	103	0.4702
126	106	0.493246
126	110	0.470272
126	119	1.46751
126	122	0.471089
126	142	1.44366
126	144	1.41972
126	145	1.30609
126	146	1.3609
126	150	0.45656
126	154	1.37221
126	160	1.34606
126	164	1.37677
126	166	1.36244
126	167	1.35151
126	168	1.47159
126	169	1.36146
126	171	1.38531
126	172	1.33761
126	174	1.24136
126	178	1.28393
126	179	1.32389
127	7	1.40799
127	8	1.40134
127	35	1.26341
127	36	1.27102
127	51	1.38011
127	62	0.527174
127	67	1.38429
127	92	1.33306
127	94	0.429616
127	110	1.40404
127	111	1.40857
127	112	1.36676
127	120	1.3921
127	122	1.35232
127	134	1.35499
127	135	0.481193
127	140	0.481308
127	141	1.34572
127	143	1.35264
127	144	1.37786
127	148	0.441863
127	149	0.510023
127	161	0.513415
127	163	0.53557
127	169	0.517749
127	170	0.646853
127	171	0.521556
127	173	1.40529
127	180	0.606011
128	8	0.524523
128	13	0.570217
128	25	0.595911
128	38	0.508523
128	42	1.30864
128	46	0.646789
128	57	1.23932
128	62	1.2207
128	65	1.08257
128	77	1.21106
128	88	0.553976
128	91	0.609465
128	92	0.612235
128	102	1.20364
128	103	0.58404
128	104	1.21185
128	106	1.21299
128	117	1.24359
128	130	1.18852
128	139	1.25157
128	141	0.55295
128	142	1.26924
128	147	1.19538
128	148	1.29817
128	155	1.22359
128	161	1.21233
128	174	1.06694
128	175	1.30129
128	176	1.26541
129	11	1.22518
129	14	0.52693
129	21	0.514721
129	22	0.546988
129	23	1.52146
129	24	1.34372
129	53	0.499234
129	63	0.42108
129	73	1.36898
129	79	0.526146
129	85	1.38898
129	101	0.433046
129	103	1.32774
129	105	0.496855
129	113	1.3442
129	117	0.475259
129	121	0.524429
129	125	1.28995
129	133	1.39546
129	134	0.488837
129	142	1.3862
129	143	1.33703
129	145	1.24862
129	149	1.32473
129	152	1.38149
129	155	1.34054
129	156	1.2686
129	158	0.46349
129	166	1.30498
129	170	1.21178
130	7	0.548127
130	8	0.516027
130	39	0.503643
130	49	0.516685
130	74	0.660015
130	75	0.614604
130	97	0.615432
130	100	0.546549
130	110	0.575616
130	118	1.27261
130	119	1.34192
130	120	0.503304
130	128	1.18852
130	133	1.32733
130	142	1.31807
130	147	1.2442
130	148	1.34699
130	155	1.27242
130	159	1.30275
130	161	1.26116
130	163	1.2584
130	165	1.20678
130	167	1.22592
130	172	1.21202
130	174	1.11576
130	177	1.19614
130	178	1.15834
130	180	1.16015
131	16	0.422967
131	20	0.499338
131	22	0.537717
131	40	0.484985
131	47	0.454761
131	61	1.44147
131	62	1.42411
131	72	0.569873
131	82	0.426887
131	84	0.459878
131	88	0.455441
131	95	0.487859
131	100	0.456511
131	104	0.495904
131	107	0.44788
131	123	1.33412
131	144	1.44871
131	145	1.33508
131	146	1.38988
131	149	1.41118
131	154	1.40119
131	155	1.427
131	160	1.37505
131	161	1.41574
131	164	1.40576
131	165	1.36136
131	169	1.39044
131	174	1.27034
131	178	1.31292
131	179	1.35287
131	180	1.31473
132	25	0.534713
132	36	0.578955
132	37	0.581439
132	41	0.447115
132	56	0.518061
132	90	0.470673
132	95	0.525195
132	99	0.495421
132	111	0.490062
132	115	0.466924
132	134	0.516902
132	139	1.36654
132	140	1.38705
132	142	1.38421
132	145	1.24664
132	148	1.41313
132	149	1.32274
132	156	1.26661
132	158	0.491555
132	161	1.3273
132	163	1.32454
132	165	1.27292
132	166	1.30299
132	167	1.29206
132	170	1.20979
132	171	1.32586
132	172	1.27816
132	176	1.38038
132	178	1.22448
132	179	1.26443
132	180	1.22629
133	12	0.50318
133	13	0.509465
133	38	0.447771
133	63	0.449591
133	64	0.465875
133	67	0.485374
133	80	0.488863
133	96	0.50469
133	108	1.4156
133	109	0.499294
133	115	0.46737
133	122	0.524178
133	125	0.520781
133	129	1.39546
133	130	1.32733
133	135	1.41297
133	140	1.41089
133	141	0.492199
133	142	1.40806
133	148	1.43698
133	149	1.34658
133	154	1.3366
133	156	1.29046
133	157	1.30987
133	160	1.31045
133	162	1.31933
133	166	1.32684
133	170	1.23363
133	171	1.34971
133	172	1.302
133	175	1.4401
133	178	1.24832
134	9	1.36045
134	13	1.36045
134	26	1.31396
134	46	1.22696
134	51	1.33029
134	68	1.22704
134	92	1.28323
134	95	1.35793
134	96	1.35378
134	98	1.35384
134	110	1.35421
134	111	1.35874
134	112	1.31693
134	120	1.34227
134	122	1.30249
134	127	1.35499
134	129	0.488837
134	132	0.516902
134	135	0.498578
134	142	0.513639
134	144	1.32804
134	146	0.515186
134	155	0.538298
134	156	0.605846
134	158	1.32467
134	163	0.552955
134	164	0.538668
134	165	0.572901
134	167	0.56498
134	173	1.35547
134	177	0.587998
134	179	0.560209
134	180	1.19406
135	7	0.4771
135	9	0.481414
135	31	0.487688
135	40	0.503996
135	59	0.638182
135	62	1.35517
135	65	1.21703
135	92	0.532712
135	106	0.527563
135	107	0.466891
135	108	1.41126
135	111	0.471737
135	114	0.500813
135	118	1.35825
135	127	0.481193
135	133	1.41297
135	134	0.498578
135	145	1.26613
135	149	1.34223
135	150	0.490878
135	152	1.399
135	160	1.3061
135	162	1.31499
135	163	1.34403
135	164	1.33682
135	165	1.29241
135	166	1.32249
135	167	1.31155
135	168	1.43164
135	172	1.29765
135	174	1.2014
135	178	1.24398
135	180	1.24579
136	48	0.539467
136	54	0.487743
136	60	0.517089
136	76	0.543338
136	85	0.523025
136	86	0.546319
136	89	0.602986
136	94	1.34355
136	95	0.558949
136	102	0.565487
136	119	1.34184
136	124	0.582091
136	139	1.30032
136	141	0.525506
136	147	1.24412
136	149	1.25651
136	151	1.2728
136	157	1.2198
136	158	0.525309
136	159	1.30267
136	161	1.26108
136	162	1.22926
136	164	1.2511
136	165	1.20669
136	166	1.23677
136	168	1.34592
136	169	1.23578
136	171	1.25964
136	173	1.32147
136	174	1.11568
136	175	1.35003
136	178	1.15826
136	180	1.16007
137	23	0.419968
137	29	0.54518
137	46	0.578678
137	47	0.485185
137	54	0.447077
137	74	0.6004
137	100	0.486935
137	101	0.454198
137	106	0.538976
137	110	0.516002
137	115	0.460011
137	124	0.541425
137	144	1.38734
137	145	1.2737
137	146	1.32851
137	154	1.33982
137	155	1.36563
137	158	0.484642
137	160	1.31368
137	161	1.35437
137	162	1.32256
137	163	1.35161
137	164	1.34439
137	166	1.33006
137	168	1.43921
137	169	1.32907
137	170	1.23686
137	171	1.35293
137	172	1.30523
137	174	1.20897
137	177	1.28935
137	178	1.25155
137	179	1.2915
138	10	1.34218
138	17	0.499593
138	21	0.552441
138	23	0.436536
138	30	0.537038
138	43	0.488008
138	49	1.39105
138	50	1.35666
138	57	0.509127
138	60	1.39537
138	73	0.470501
138	74	1.18556
138	79	0.563866
138	82	1.33407
138	84	0.50687
138	96	0.513899
138	99	0.505076
138	109	1.32878
138	113	1.30269
138	115	1.45199
138	117	0.512979
138	141	1.28859
138	148	1.3736
138	151	1.29949
138	153	0.519992
138	154	1.27322
138	155	1.29903
138	158	0.50121
138	159	1.32936
138	162	1.25596
138	164	1.27779
138	166	1.26346
138	172	1.23863
138	175	1.37673
138	177	1.22276
138	179	1.2249
139	5	0.491563
139	20	0.528474
139	76	0.501383
139	78	0.491964
139	79	0.54601
139	83	0.49327
139	88	0.484577
139	94	1.40668
139	104	0.52504
139	105	0.51672
139	110	0.514714
139	112	0.51754
139	113	0.520144
