1	29	1.16223
1	31	0.678542
1	59	0.730501
1	64	0.691328
1	107	0.766424
1	140	1.20497
1	142	1.21474
1	143	0.734761
1	145	1.19224
1	147	1.23043
1	153	1.19262
1	157	1.20277
2	106	1.18263
2	159	0.742529
2	161	0.752719
2	162	1.18725
2	164	1.22969
2	168	1.20877
2	169	1.18838
2	171	1.20365
2	174	1.19969
2	175	0.731228
2	176	0.743439
2	180	0.635696
3	17	1.19258
3	24	1.36811
3	27	1.17116
3	36	1.13229
3	60	0.715881
3	80	1.14396
3	129	1.2152
3	138	1.17671
3	148	0.751578
3	152	0.741372
3	170	0.747208
3	180	0.650437
4	96	1.21356
4	108	1.17875
4	109	1.22927
4	136	1.18819
4	141	0.708746
4	146	1.18939
4	153	1.19534
4	154	0.751574
4	157	1.2055
4	162	0.711364
4	165	0.727378
4	177	0.705241
5	33	0.717523
5	134	0.741451
5	155	1.17228
5	156	1.19212
5	160	1.21778
5	168	1.21312
5	169	1.19274
5	171	1.208
5	174	1.20404
5	176	0.74795
5	179	0.756598
5	180	0.640207
6	27	1.16927
6	95	1.16576
6	110	0.769189
6	117	1.19254
6	118	1.26382
6	123	1.1615
6	127	1.27228
6	130	0.771183
6	138	1.17482
6	158	0.728006
6	165	0.721408
6	180	0.616401
7	16	0.724714
7	32	1.29189
7	52	0.862044
7	58	1.12743
7	86	1.23811
7	102	0.643486
7	123	1.15997
7	126	1.19753
7	129	1.21178
7	138	1.1733
7	157	0.689363
7	173	0.683563
8	57	0.6843
8	113	0.697488
8	121	0.749559
8	129	0.728577
8	136	0.733032
8	155	1.17181
8	159	1.19386
8	165	1.21902
8	168	1.21266
8	171	1.20753
8	178	1.20391
8	179	1.19125
9	50	0.717215
9	58	0.801934
9	126	0.7182
9	132	1.16314
9	143	0.671762
9	156	1.19452
9	161	0.695517
9	162	1.194
9	164	1.23644
9	169	1.19513
9	171	1.21039
9	174	1.20644
10	57	1.21358
10	97	1.20234
10	98	1.204
10	107	0.752649
10	119	0.674974
10	121	1.13619
10	124	1.19336
10	133	1.15021
10	134	0.728962
10	167	0.720187
10	169	0.727217
10	180	1.30033
11	33	1.26622
11	43	0.719292
11	99	0.800484
11	123	1.15242
11	126	1.18998
11	162	1.19337
11	165	0.704604
11	166	1.19779
11	167	0.692067
11	169	1.1945
11	174	1.2058
11	178	0.688598
12	73	0.767029
12	85	0.737186
12	92	0.631153
12	99	1.14144
12	147	0.724248
12	150	0.732107
12	159	1.20276
12	172	1.20489
12	176	1.20807
12	177	1.22989
12	178	1.21281
12	179	1.20015
13	102	0.684795
13	103	1.17089
13	122	1.21208
13	123	0.788195
13	140	1.19928
13	142	1.20904
13	147	1.22473
13	153	1.18692
13	157	1.19707
13	159	0.720442
13	163	0.697597
13	175	0.709142
14	73	0.728824
14	86	0.733987
14	136	0.721535
14	144	0.715337
14	159	1.18834
14	165	1.2135
14	174	0.693416
14	175	1.20492
14	176	1.19365
14	177	1.21547
14	178	1.19839
14	179	1.18573
15	62	1.15377
15	69	1.11135
15	82	0.80205
15	88	1.13797
15	91	1.1352
15	102	1.16145
15	105	1.12156
15	112	1.17541
15	151	1.10328
15	164	0.770653
15	173	0.822512
15	177	0.794118
15	180	0.711249
16	7	0.724714
16	18	0.826437
16	57	0.773568
16	114	1.14101
16	126	1.12705
16	133	1.10971
16	140	0.775256
16	174	0.794181
16	175	1.14974
16	176	1.13847
16	177	1.16029
16	178	1.14321
16	179	1.13055
17	3	1.19258
17	39	0.759488
17	77	0.746047
17	80	1.07346
17	86	1.17102
17	102	0.785495
17	117	1.12393
17	118	1.19521
17	123	1.09289
17	129	1.1447
17	135	0.78171
17	138	1.10621
17	161	0.831332
18	16	0.826437
18	137	0.725854
18	149	1.16118
18	150	1.13805
18	158	0.785627
18	160	1.13908
18	164	1.15535
18	166	1.11733
18	168	1.13443
18	171	1.1293
18	173	0.785286
18	174	1.12535
18	176	0.781766
19	59	0.636443
19	71	1.26196
19	81	1.22699
19	87	1.28482
19	110	0.700222
19	112	0.620948
19	120	0.667504
19	121	1.26452
19	124	1.32169
19	163	1.31136
19	170	0.644206
19	178	0.636435
19	180	1.42866
20	78	1.10625
20	80	1.08588
20	86	1.18344
20	95	1.10957
20	117	1.13635
20	123	1.10531
20	124	0.796306
20	127	1.21609
20	129	1.15712
20	152	0.808056
20	163	0.801108
20	164	0.776525
20	180	0.71712
21	45	0.766668
21	76	0.827157
21	130	1.10724
21	142	0.760046
21	146	0.777378
21	165	1.15706
21	169	0.762421
21	170	1.14685
21	172	1.13403
21	173	1.12931
21	176	1.13721
21	177	1.15903
21	179	1.12929
22	96	0.802464
22	102	0.77969
22	144	1.13616
22	155	1.10941
22	160	1.15491
22	165	0.81351
22	166	1.13316
22	168	1.15026
22	169	1.12987
22	171	1.14513
22	174	1.14118
22	178	0.797504
22	180	0.708504
23	53	0.827564
23	141	1.14746
23	143	1.15175
23	149	0.752935
23	150	0.774514
23	161	1.11648
23	165	1.15496
23	166	0.7768
23	171	0.762897
23	173	1.12721
23	176	1.13511
23	178	1.13985
23	179	1.12719
24	3	1.36811
24	25	1.27365
24	27	1.2762
24	50	0.667736
24	76	1.27208
24	80	1.249
24	127	1.37921
24	128	0.658022
24	138	1.28175
24	148	0.630155
24	151	0.670367
24	165	0.634021
24	179	0.645405
25	24	1.27365
25	33	1.18273
25	48	1.15255
25	76	1.07259
25	78	1.06987
25	94	0.7654
25	111	0.781938
25	117	1.09997
25	123	1.06893
25	127	1.17971
25	140	0.798149
25	148	0.830081
25	180	0.728939
26	37	0.841949
26	41	1.17345
26	124	1.1272
26	126	0.791862
26	142	1.12772
26	145	1.10522
26	146	1.09965
26	154	0.781357
26	157	1.11575
26	163	1.11686
26	175	0.747688
26	178	0.741156
26	180	1.23416
27	3	1.17116
27	6	1.16927
27	24	1.2762
27	47	1.12941
27	48	1.1551
27	53	0.810947
27	58	1.03893
27	76	1.07513
27	138	1.0848
27	143	0.762544
27	148	0.770417
27	154	0.798478
27	167	0.761745
28	100	0.648265
28	101	0.664679
28	156	1.29247
28	162	1.29195
28	165	0.675472
28	166	1.29637
28	168	1.31347
28	169	1.29308
28	171	1.30835
28	174	1.30439
28	178	0.659466
28	179	0.686857
28	180	0.570466
29	1	1.16223
29	116	1.17403
29	136	1.10971
29	142	1.13898
29	145	1.11649
29	147	1.15468
29	150	0.79698
29	153	1.11687
29	157	1.12702
29	172	0.801335
29	174	0.796493
29	178	0.797359
29	180	0.708359
30	57	1.14795
30	73	1.09239
30	97	1.13671
30	98	1.13837
30	101	1.13761
30	124	1.12773
30	133	1.08457
30	143	0.784615
30	167	0.783816
30	171	0.768351
30	175	0.78688
30	178	0.780347
30	180	1.23469
31	1	0.678542
31	110	0.74347
31	153	0.698567
31	155	1.19589
31	156	1.21573
31	162	1.21521
31	164	1.25765
31	165	0.695689
31	166	1.21963
31	168	1.23673
31	171	1.23161
31	173	0.701946
31	174	1.22765
31	175	0.686215
32	7	1.29189
32	33	1.30942
32	36	1.16452
32	39	0.635192
32	52	0.879757
32	74	1.22675
32	80	1.17619
32	101	0.684226
32	117	1.22666
32	119	0.637269
32	123	1.19562
32	138	1.20894
32	140	0.659222
32	179	0.706404
33	5	0.717523
33	11	1.26622
33	25	1.18273
33	32	1.30942
33	47	1.23544
33	65	0.70814
33	68	0.723664
33	117	1.20854
33	123	1.1775
33	129	1.22931
33	137	0.682781
33	138	1.19083
33	139	0.741079
33	180	0.63095
34	40	1.27356
34	79	0.787307
34	108	1.19837
34	125	0.727611
34	140	1.22732
34	142	1.23708
34	145	1.21459
34	146	1.20901
34	149	0.674586
34	153	1.21496
34	157	1.22511
34	159	0.714377
34	177	0.690413
34	180	0.607544
35	65	0.810389
35	110	0.885986
35	111	0.786196
35	117	0.865314
35	133	0.856426
35	150	1.09968
35	155	1.05522
35	160	1.10072
35	162	1.07454
35	164	1.11698
35	166	1.07896
35	168	1.09606
35	171	1.09094
35	174	1.08698
36	3	1.13229
36	32	1.16452
36	78	1.03354
36	86	1.11073
36	95	1.03685
36	118	1.13492
36	123	1.03259
36	126	1.07015
36	129	1.08441
36	160	0.811799
36	167	0.844176
36	172	0.844683
36	177	0.834576
36	179	0.868098
37	26	0.841949
37	106	1.07015
37	109	0.810623
37	120	0.863496
37	139	0.853556
37	150	1.09992
37	152	0.834362
37	156	1.07529
37	163	1.08687
37	164	1.11721
37	168	1.0963
37	169	1.07591
37	171	1.09117
37	174	1.08722
38	98	0.813622
38	100	0.827746
38	146	1.06722
38	147	1.11098
38	153	1.07317
38	157	1.08332
38	159	0.856779
38	160	1.09851
38	164	1.11477
38	168	1.09386
38	169	1.07347
38	173	0.86121
38	174	1.08477
38	175	0.845479
39	17	0.759488
39	32	0.635192
39	124	0.677999
39	142	0.695936
39	150	1.23413
39	160	1.23517
39	161	0.715836
39	162	1.209
39	164	1.25143
39	166	1.21341
39	169	1.21012
39	171	1.22539
39	174	1.22143
39	179	0.715203
40	34	1.27356
40	108	1.18926
40	113	1.20874
40	116	1.26302
40	146	1.1999
40	147	1.24366
40	153	1.20585
40	155	0.738165
40	157	1.21601
40	160	0.667296
40	166	0.698111
40	169	0.706703
40	174	0.695338
40	177	0.690073
41	26	1.17345
41	49	1.21765
41	71	1.17697
41	97	1.24568
41	110	0.73654
41	121	1.17953
41	124	1.2367
41	134	0.684996
41	138	0.745902
41	143	0.67702
41	163	1.22637
41	173	0.695015
41	177	0.666621
41	180	1.34366
42	57	0.81615
42	148	0.84977
42	150	1.10427
42	152	0.839564
42	155	1.05981
42	160	1.10531
42	162	1.07913
42	166	1.08355
42	168	1.10065
42	169	1.08026
42	171	1.09553
42	173	0.859891
42	174	1.09157
42	178	0.837629
43	11	0.719292
43	49	1.16418
43	57	1.20346
43	71	1.12351
43	73	1.14791
43	81	1.08854
43	121	1.12607
43	124	1.18324
43	160	0.733419
43	163	1.1729
43	166	0.764235
43	167	0.765797
43	177	0.756197
43	178	0.762328
43	180	1.2902
44	62	1.16486
44	66	1.19321
44	69	1.12243
44	88	1.14905
44	92	1.26441
44	102	1.17254
44	105	1.13265
44	112	1.18649
44	118	0.724347
44	151	1.11436
44	158	0.768159
44	159	0.763388
44	162	0.745547
44	163	0.740542
44	165	0.761561
45	21	0.766668
45	93	0.768264
45	111	0.710377
45	150	1.17804
45	156	1.15342
45	162	1.1529
45	164	1.19534
45	166	1.15732
45	167	0.749848
45	168	1.17442
45	169	1.15403
45	171	1.16929
45	174	1.16534
45	176	0.765122
45	178	0.746379
46	116	0.721141
46	125	1.15312
46	131	0.784004
46	132	1.12798
46	145	0.749736
46	146	0.761855
46	150	1.18398
46	162	1.15884
46	164	1.20127
46	166	1.16326
46	168	1.18036
46	169	1.15997
46	170	0.74417
46	172	0.740376
46	174	1.17127
47	27	1.12941
47	33	1.23544
47	58	1.08909
47	74	1.15277
47	86	1.19977
47	90	0.74992
47	107	0.769588
47	117	1.15268
47	127	1.23242
47	129	1.17345
47	138	1.13496
47	155	0.775618
47	157	0.76172
47	164	0.704062
47	167	0.737126
48	25	1.15255
48	27	1.1551
48	76	1.15098
48	78	1.14826
48	80	1.1279
48	82	0.755657
48	85	0.758556
48	106	0.767544
48	123	1.14732
48	127	1.25811
48	129	1.19913
48	138	1.16065
48	158	0.776461
48	173	0.776119
48	180	0.664856
49	41	1.21765
49	43	1.16418
49	67	0.849634
49	73	1.13606
49	81	1.0767
49	89	0.727273
49	97	1.18037
49	121	1.11422
49	124	1.1714
49	139	0.749608
49	163	1.16106
49	174	0.727613
49	177	0.722348
49	178	0.728479
49	180	1.27836
50	9	0.717215
50	24	0.667736
50	104	0.813041
50	127	0.745047
50	141	1.18186
50	153	0.800239
50	154	1.14517
50	158	1.15471
50	159	1.16421
50	160	0.752447
50	167	1.16952
50	170	1.17916
50	173	1.16161
50	176	1.16951
50	178	1.17426
51	78	0.788947
51	103	0.750532
51	105	0.741863
51	125	0.735608
51	138	0.777691
51	152	1.16641
51	154	1.13079
51	161	1.13651
51	163	0.699529
51	172	1.15196
51	173	1.14724
51	175	1.16641
51	177	1.17696
51	179	1.14722
51	180	1.2765
52	7	0.862044
52	32	0.879757
52	64	0.893212
52	142	1.0661
52	146	1.03803
52	148	1.03912
52	153	1.04398
52	157	1.05413
52	159	1.04587
52	163	0.927365
52	166	0.934284
52	175	1.06245
52	176	1.05118
52	178	1.05592
52	179	1.04326
53	23	0.827564
53	27	0.810947
53	59	0.784313
53	141	0.781679
53	144	1.11081
53	149	1.15166
53	161	0.812328
53	162	1.1034
53	163	1.11549
53	164	1.14583
53	166	1.10782
53	168	1.12491
53	169	1.10453
53	171	1.11979
53	172	0.788281
53	174	1.11583
54	90	1.23554
54	99	0.767157
54	126	0.705977
54	147	0.647032
54	150	1.25986
54	152	0.657206
54	155	1.21539
54	158	0.677875
54	160	1.26089
54	162	1.23472
54	166	1.23914
54	168	1.25624
54	171	1.25111
54	173	0.677534
54	174	1.24715
54	176	0.674014
55	62	1.24785
55	69	1.20542
55	88	1.23204
55	91	1.22928
55	92	1.3474
55	102	1.25553
55	105	1.21564
55	112	1.26948
55	126	0.722731
55	141	0.669398
55	151	1.19735
55	154	0.712226
55	164	0.642429
55	173	0.694287
55	177	0.665893
55	179	0.699415
56	103	1.17159
56	121	0.774875
56	125	0.762161
56	127	0.694786
56	136	1.18047
56	147	1.22544
56	148	1.18277
56	149	0.709137
56	153	1.18763
56	157	1.19778
56	160	0.702186
56	161	1.1762
56	168	0.730785
56	171	0.719098
56	172	1.19165
56	178	1.19957
56	179	1.18691
57	8	0.6843
57	10	1.21358
57	16	0.773568
57	30	1.14795
57	42	0.81615
57	43	1.20346
57	71	1.15094
57	73	1.17534
57	81	1.11597
57	84	0.734289
57	94	0.657616
57	98	1.22131
57	121	1.1535
57	163	1.20034
57	165	0.726161
57	167	0.713624
57	180	1.31763
58	7	1.12743
58	9	0.801934
58	27	1.03893
58	47	1.08909
58	76	1.03481
58	86	1.10928
58	95	1.03541
58	117	1.06219
58	118	1.13348
58	127	1.14193
58	129	1.08296
58	138	1.04448
58	161	0.894098
58	170	0.873845
58	172	0.87005
58	173	0.888337
58	180	0.777074
59	1	0.730501
59	19	0.636443
59	53	0.784313
59	65	1.21537
59	106	0.745329
59	137	1.22038
59	141	1.19148
59	142	0.739765
59	146	0.757098
59	160	0.702733
59	167	1.17914
59	172	1.17596
59	173	1.17123
59	175	1.1904
59	177	1.20096
59	178	1.18388
59	179	1.17121
60	3	0.715881
60	66	0.712139
60	96	0.713037
60	101	0.71329
60	108	0.736634
60	117	0.751193
60	121	0.751857
60	150	1.20721
60	155	1.16274
60	166	1.18649
60	171	1.19846
60	173	1.18219
60	174	1.1945
60	175	1.20136
60	176	1.1901
60	178	1.19484
60	179	1.18217
61	71	0.729327
61	83	0.717611
61	87	0.721254
61	89	1.18663
61	116	0.694707
61	144	0.73102
61	151	0.762318
61	157	0.738028
61	158	1.16466
61	159	1.17415
61	167	1.17946
61	172	1.17628
61	173	1.17155
61	175	1.19072
61	178	1.1842
61	179	1.17153
61	180	1.30082
62	15	1.15377
62	44	1.16486
62	55	1.24785
62	66	1.21086
62	80	0.793443
62	91	1.16394
62	92	1.28206
62	102	1.19019
62	105	1.1503
62	112	1.20415
62	130	0.759692
62	150	0.69353
62	151	1.13201
62	155	0.735871
62	163	0.688897
62	173	0.716173
62	176	0.712653
63	84	0.662881
63	118	0.617539
63	128	0.678755
63	142	0.646871
63	152	0.640683
63	154	0.678949
63	155	1.29355
63	156	1.31339
63	160	1.33905
63	162	1.31288
63	164	1.35531
63	166	1.3173
63	169	1.31401
63	171	1.32927
63	174	1.32532
63	177	0.632616
63	180	0.549747
64	1	0.691328
64	52	0.893212
64	97	0.689003
64	99	0.804355
64	125	1.17148
64	139	0.713597
64	144	1.18461
64	149	1.22546
64	156	1.17771
64	159	0.710301
64	160	1.20337
64	162	1.17719
64	168	1.19871
64	169	1.17832
64	171	1.19359
64	174	1.18963
64	180	0.603468
65	33	0.70814
65	35	0.810389
65	59	1.21537
65	79	1.12817
65	108	0.748381
65	131	1.15929
65	145	0.733161
65	149	0.697866
65	158	1.18309
65	160	0.690915
65	171	0.707827
65	172	1.19472
65	175	1.20916
65	176	1.19789
65	177	1.21971
65	178	1.20263
65	179	1.18997
66	44	1.19321
66	60	0.712139
66	62	1.21086
66	69	1.16843
66	84	1.19068
66	87	1.17796
66	88	1.19505
66	91	1.19229
66	105	1.17865
66	112	1.2325
66	118	0.714487
66	140	0.715905
66	141	0.733069
66	143	0.739964
66	151	1.16036
66	176	0.754438
66	178	0.735696
67	49	0.849634
67	71	0.87215
67	102	0.834974
67	107	1.05391
67	143	1.08569
67	152	1.08032
67	160	0.82388
67	161	1.05042
67	162	0.852781
67	165	1.0889
67	169	0.863287
67	170	1.0787
67	173	1.06115
67	175	1.08032
67	176	1.06905
67	179	1.06113
67	180	1.19041
68	33	0.723664
68	96	1.19803
68	100	0.724147
68	109	1.21374
68	113	1.1827
68	136	1.17266
68	140	1.19217
68	141	0.732722
68	145	1.17944
68	146	1.17386
68	147	1.21762
68	153	1.17981
68	157	1.18997
68	164	0.705752
68	168	0.735038
68	170	0.743119
68	172	0.739324
69	15	1.11135
69	44	1.12243
69	55	1.20542
69	66	1.16843
69	79	0.849458
69	88	1.12428
69	91	1.12151
69	92	1.23963
69	100	0.747495
69	102	1.14776
69	105	1.10787
69	112	1.16172
69	114	0.768581
69	141	0.75607
69	151	1.08959
69	162	0.758688
69	165	0.774702
69	177	0.752565
70	95	0.865795
70	104	1.13003
70	115	1.14579
70	129	0.785483
70	144	1.14259
70	150	1.16031
70	152	0.76462
70	155	1.11585
70	156	1.13569
70	164	1.17761
70	165	0.778691
70	168	1.15669
70	169	1.1363
70	170	0.770455
70	171	1.15157
70	172	0.76666
70	174	1.14761
70	180	0.673684
71	19	1.26196
71	41	1.17697
71	43	1.12351
71	57	1.15094
71	61	0.729327
71	67	0.87215
71	73	1.09539
71	98	1.14136
71	121	1.07354
71	124	1.13072
71	133	1.08756
71	147	0.742757
71	157	0.779058
71	163	1.12038
71	170	0.758766
71	171	0.738999
71	179	0.778386
71	180	1.23768
72	74	1.12555
72	108	1.11959
72	116	1.19335
72	119	0.73593
72	122	1.16134
72	131	0.825279
72	136	1.12904
72	140	1.14854
72	141	0.775049
72	145	1.13581
72	146	1.13024
72	147	1.174
72	153	1.13619
72	157	1.14634
72	166	0.779582
72	176	0.796417
72	179	0.805065
72	180	0.688674
73	12	0.767029
73	14	0.728824
73	30	1.09239
73	43	1.14791
73	49	1.13606
73	57	1.17534
73	71	1.09539
73	87	1.11825
73	97	1.1641
73	98	1.16576
73	121	1.09794
73	131	0.813779
73	143	0.770443
73	152	0.76811
73	158	0.788779
73	163	1.14478
73	167	0.769644
73	180	1.26208
74	32	1.22675
74	47	1.15277
74	72	1.12555
74	76	1.09849
74	119	0.730898
74	124	0.762828
74	126	1.13239
74	127	1.20562
74	133	0.80687
74	138	1.10816
74	141	0.770016
74	145	1.13624
74	146	1.13066
74	151	0.824995
74	153	1.13661
74	157	1.14677
74	160	0.743733
74	171	0.760645
75	112	0.754024
75	135	1.17857
75	144	0.790566
75	146	0.794967
75	148	1.12866
75	159	1.13541
75	160	0.740602
75	163	0.764498
75	167	1.14072
75	169	0.78001
75	170	1.15036
75	173	1.13281
75	174	0.768645
75	175	1.15198
75	176	1.14071
75	177	1.16254
75	178	1.14546
75	179	1.13279
76	21	0.827157
76	24	1.27208
76	25	1.07259
76	27	1.07513
76	48	1.15098
76	58	1.03481
76	74	1.09849
76	80	1.04793
76	95	1.07161
76	101	0.812081
76	117	1.0984
76	119	0.765124
76	127	1.17814
76	129	1.11916
76	130	0.87265
76	138	1.08068
76	148	0.819009
76	158	0.829472
76	160	0.777959
77	17	0.746047
77	81	0.748062
77	86	0.714076
77	96	0.679331
77	125	0.705438
77	130	1.18096
77	131	1.17233
77	132	0.729024
77	144	0.695426
77	162	0.674363
77	165	1.23078
77	170	1.22058
77	172	1.20776
77	173	1.20303
77	175	1.2222
77	176	1.21093
77	177	1.23275
77	178	1.21567
77	179	1.20301
78	20	1.10625
78	25	1.06987
78	36	1.03354
78	48	1.14826
78	51	0.788947
78	86	1.14277
78	106	0.829727
78	117	1.09568
78	118	1.16696
78	123	1.06464
78	126	1.1022
78	127	1.17542
78	129	1.11645
78	133	0.850267
78	138	1.07796
78	139	0.837169
78	148	0.828181
78	161	0.844063
78	180	0.727039
79	34	0.787307
79	65	1.12817
79	69	0.849458
79	100	1.12276
79	133	1.06318
79	141	1.10429
79	152	1.1032
79	156	0.828475
79	158	1.07714
79	160	0.793488
79	162	0.822388
79	164	0.792801
79	170	1.10158
79	174	0.82153
79	176	1.09194
79	177	1.11376
79	178	1.09668
79	179	1.08401
79	180	1.2133
80	3	1.14396
80	17	1.07346
80	20	1.08588
80	24	1.249
80	32	1.17619
80	48	1.1279
80	62	0.793443
80	76	1.04793
80	86	1.12241
80	92	0.729833
80	113	0.822877
80	117	1.07531
80	123	1.04427
80	129	1.09608
80	138	1.0576
80	171	0.819171
80	176	0.84991
80	177	0.825036
80	179	0.858558
81	19	1.22699
81	43	1.08854
81	49	1.0767
81	57	1.11597
81	77	0.748062
81	97	1.10473
81	98	1.10639
81	101	1.10564
81	110	0.869111
81	121	1.03858
81	122	0.811727
81	124	1.09575
81	133	1.05259
81	148	0.817465
81	153	0.824208
81	159	0.823157
81	163	1.08542
81	172	0.8093
81	180	1.20271
82	15	0.80205
82	48	0.755657
82	137	0.696265
82	144	1.16034
82	149	1.20119
82	150	1.17806
82	154	0.773636
82	155	1.1336
82	156	1.15344
82	160	1.1791
82	162	1.15292
82	164	1.19536
82	166	1.15734
82	169	1.15405
82	170	0.741205
82	171	1.16932
82	172	0.73741
82	174	1.16536
82	175	0.739967
82	179	0.760825
83	61	0.717611
83	96	1.17369
83	103	1.13945
83	113	1.15836
83	116	1.21265
83	117	0.782394
83	122	1.18064
83	131	0.786883
83	136	1.14833
83	140	1.16784
83	145	1.15511
83	146	1.14953
83	147	1.19329
83	149	0.717321
83	153	1.15548
83	157	1.16563
83	162	0.739271
83	165	0.755285
83	175	0.745811
83	176	0.758022
84	57	0.734289
84	63	0.662881
84	66	1.19068
84	91	1.14376
84	92	1.26188
84	102	1.17001
84	105	1.13012
84	112	1.18397
84	115	0.768501
84	129	0.778566
84	145	0.769105
84	155	0.797729
84	159	1.1466
84	160	0.726859
84	165	1.17175
84	167	1.15191
84	168	0.755458
84	172	1.14873
84	178	1.15664
84	179	1.14398
85	12	0.737186
85	48	0.758556
85	103	1.14454
85	108	1.14398
85	109	1.1945
85	113	1.16345
85	130	0.802115
85	131	0.783937
85	136	1.15342
85	137	0.699164
85	140	1.17293
85	142	1.18269
85	145	1.1602
85	146	1.15462
85	147	1.19838
85	148	0.748474
85	153	1.16057
85	157	1.17072
85	162	0.736325
85	172	0.740309
86	7	1.23811
86	14	0.733987
86	17	1.17102
86	20	1.18344
86	36	1.11073
86	47	1.19977
86	58	1.10928
86	77	0.714076
86	78	1.14277
86	80	1.12241
86	116	0.75608
86	117	1.17287
86	123	1.14183
86	127	1.25261
86	138	1.15516
86	149	0.74938
86	167	0.774807
86	173	0.793601
86	179	0.798729
86	180	0.682338
87	19	1.28482
87	61	0.721254
87	66	1.17796
87	73	1.11825
87	88	1.1338
87	97	1.16256
87	101	1.16346
87	102	1.15729
87	105	1.1174
87	112	1.17124
87	124	1.15358
87	131	0.790526
87	151	1.09911
87	161	0.770945
87	166	0.744829
87	167	0.746391
87	168	0.742612
87	170	0.750693
87	177	0.736791
87	180	1.26054
88	15	1.13797
88	44	1.14905
88	55	1.23204
88	66	1.19505
88	69	1.12428
88	87	1.1338
88	91	1.14813
88	92	1.26625
88	102	1.17438
88	105	1.13449
88	108	0.762204
88	112	1.18834
88	128	0.773655
88	151	1.11621
88	152	0.735582
88	161	0.761671
88	167	0.737116
88	168	0.733337
88	170	0.741418
88	179	0.761038
89	49	0.727273
89	61	1.18663
89	101	0.735641
89	104	0.762114
89	124	0.720614
89	129	0.753226
89	131	1.13024
89	132	0.785081
89	152	1.1801
89	153	0.749312
89	154	1.14449
89	157	0.758491
89	161	1.15021
89	165	1.18868
89	170	1.17848
89	172	1.16566
89	173	1.16093
89	175	1.1801
89	178	1.17358
89	179	1.16091
90	47	0.74992
90	54	1.23554
90	109	0.726093
90	118	0.726689
90	141	0.745271
90	149	1.19468
90	155	1.12709
90	156	1.14693
90	159	0.76573
90	160	1.17259
90	161	0.77592
90	162	1.14642
90	164	1.18885
90	166	1.15084
90	167	0.751366
90	168	1.16794
90	169	1.14755
90	171	1.16281
90	174	1.15885
90	176	0.76664
91	15	1.1352
91	55	1.22928
91	62	1.16394
91	66	1.19229
91	69	1.12151
91	84	1.14376
91	88	1.14813
91	92	1.26349
91	99	0.847659
91	102	1.17162
91	105	1.13173
91	112	1.18558
91	131	0.783376
91	134	0.748016
91	139	0.756901
91	148	0.747913
91	151	1.11344
91	171	0.723776
91	176	0.754515
91	180	0.646772
92	12	0.631153
92	44	1.26441
92	55	1.3474
92	62	1.28206
92	69	1.23963
92	80	0.729833
92	84	1.26188
92	88	1.26625
92	91	1.26349
92	93	0.652185
92	95	0.733409
92	102	1.28974
92	105	1.24985
92	112	1.3037
92	130	0.696081
92	151	1.23156
92	165	0.646306
92	172	0.634275
92	175	0.636832
92	176	0.649042
93	45	0.768264
93	92	0.652185
93	136	0.780772
93	139	1.1456
93	144	0.774574
93	152	1.17443
93	156	0.759598
93	165	1.18301
93	167	1.16317
93	169	0.764018
93	170	1.17281
93	171	0.741522
93	172	1.15999
93	173	1.15526
93	174	0.752653
93	175	1.17443
93	176	1.16316
93	177	1.18499
93	178	1.16791
93	179	1.15524
94	25	0.7654
94	57	0.657616
94	97	0.675628
94	102	0.66128
94	103	0.725084
94	105	0.716416
94	110	1.17583
94	122	0.685498
94	137	1.25882
94	139	1.20001
94	144	0.700149
94	154	1.19323
94	157	0.707157
94	159	1.21227
94	167	1.21758
94	172	1.2144
94	176	1.21757
94	177	1.2394
94	178	1.22232
94	179	1.20965
94	180	1.33893
95	6	1.16576
95	20	1.10957
95	36	1.03685
95	58	1.03541
95	70	0.865795
95	76	1.07161
95	92	0.733409
95	113	0.826453
95	123	1.06796
95	138	1.08128
95	140	0.814953
95	145	0.84808
95	153	0.853628
95	161	1.09831
95	163	0.829731
95	167	1.11694
95	170	1.12658
95	171	0.822747
95	172	1.11376
95	175	1.1282
95	177	1.13876
95	179	1.10901
96	4	1.21356
96	22	0.802464
96	60	0.713037
96	68	1.19803
96	77	0.679331
96	83	1.17369
96	98	0.711269
96	109	1.19939
96	116	1.22263
96	119	0.694849
96	136	1.15831
96	140	1.17782
96	142	1.18759
96	145	1.16509
96	146	1.15952
96	147	1.20328
96	153	1.16547
96	157	1.17562
96	168	0.736283
96	173	0.758856
96	175	0.743125
96	179	0.763983
97	10	1.20234
97	30	1.13671
97	41	1.24568
97	49	1.18037
97	64	0.689003
97	73	1.1641
97	81	1.10473
97	87	1.16256
97	94	0.675628
97	98	1.21007
97	104	0.759853
97	114	0.738053
97	121	1.14226
97	124	1.19943
97	133	1.15627
97	135	0.706568
97	144	0.749223
97	146	0.753624
97	151	0.780521
97	159	0.746001
97	163	1.18909
97	180	1.30639
98	10	1.204
98	30	1.13837
98	38	0.813622
98	57	1.22131
98	71	1.14136
98	73	1.16576
98	81	1.10639
98	96	0.711269
98	97	1.21007
98	101	1.21098
98	106	0.719996
98	121	1.14392
98	124	1.20109
98	130	0.772091
98	132	0.760962
98	133	1.15794
98	135	0.68471
98	163	1.19076
98	177	0.700178
98	178	0.706309
98	179	0.7337
98	180	1.30805
99	11	0.800484
99	12	1.14144
99	54	0.767157
99	64	0.804355
99	91	0.847659
99	132	0.898173
99	148	1.08297
99	149	0.821562
99	152	1.1063
99	154	1.07068
99	164	0.813925
99	165	1.11488
99	167	1.09503
99	170	1.10467
99	172	1.09185
99	173	1.08713
99	174	0.842654
99	175	1.1063
99	176	1.09503
99	177	1.11685
99	178	1.09977
99	179	1.08711
100	28	0.648265
100	38	0.827746
100	68	0.724147
100	69	0.747495
100	79	1.12276
100	120	1.16112
100	122	0.726836
100	125	0.751499
100	130	1.16252
100	135	1.23034
100	142	0.728556
100	147	0.712194
100	154	1.16814
100	156	0.726511
100	165	1.21233
100	167	1.19249
100	170	1.20213
100	172	1.18931
100	173	1.18458
100	176	1.19249
100	178	1.19723
100	179	1.18456
101	28	0.664679
101	30	1.13761
101	32	0.684226
101	60	0.71329
101	76	0.812081
101	81	1.10564
101	87	1.16346
101	89	0.735641
101	98	1.21098
101	121	1.14316
101	122	1.20389
101	140	1.19109
101	142	1.20086
101	145	1.17836
101	153	1.17874
101	157	1.18889
101	159	0.754679
101	163	1.19
101	172	0.740823
101	175	0.743379
101	176	0.755589
101	180	1.3073
102	7	0.643486
102	13	0.684795
102	15	1.16145
102	17	0.785495
102	22	0.77969
102	44	1.17254
102	55	1.25553
102	62	1.19019
102	67	0.834974
102	69	1.14776
102	84	1.17001
102	87	1.15729
102	88	1.17438
102	91	1.17162
102	92	1.28974
102	94	0.66128
102	105	1.15798
102	112	1.21182
102	126	0.764526
102	143	0.718087
102	151	1.13969
102	159	0.731652
103	13	1.17089
103	51	0.750532
103	56	1.17159
103	83	1.13945
103	85	1.14454
103	94	0.725084
103	113	1.1341
103	116	1.18839
103	122	1.15638
103	130	0.843406
103	140	1.14358
103	142	1.15334
103	145	1.13085
103	146	1.12527
103	147	1.16903
103	153	1.13122
103	156	0.783702
103	157	1.14137
103	168	0.777314
103	170	0.785394
103	177	0.771493
103	178	0.777624
103	180	0.688623
104	50	0.813041
104	70	1.13003
104	89	0.762114
104	97	0.759853
104	107	0.79925
104	111	0.727317
104	125	1.13474
104	132	1.10959
104	137	0.72615
104	143	0.767588
104	144	1.14787
104	149	1.18872
104	156	1.14097
104	158	0.785923
104	160	1.16663
104	162	1.14046
104	164	1.18289
104	166	1.14488
104	167	0.766788
104	168	1.16197
104	169	1.14158
104	171	1.15685
104	174	1.15289
105	15	1.12156
105	44	1.13265
105	51	0.741863
105	55	1.21564
105	62	1.1503
105	66	1.17865
105	69	1.10787
105	84	1.13012
105	87	1.1174
105	88	1.13449
105	91	1.13173
105	92	1.24985
105	94	0.716416
105	102	1.15798
105	112	1.17194
105	119	0.727211
105	136	0.796208
105	146	0.794411
105	151	1.0998
105	162	0.768947
105	165	0.784961
105	175	0.775488
105	179	0.796346
106	2	1.18263
106	37	1.07015
106	48	0.767544
106	59	0.745329
106	78	0.829727
106	98	0.719996
106	125	1.13525
106	139	0.76645
106	144	1.14839
106	149	1.18923
106	154	0.785523
106	155	1.12164
106	156	1.14148
106	160	1.16714
106	161	0.773344
106	164	1.1834
106	166	1.14539
106	168	1.16249
106	169	1.1421
106	171	1.15736
106	174	1.15341
106	178	0.745321
106	179	0.772711
107	1	0.766424
107	10	0.752649
107	47	0.769588
107	67	1.05391
107	104	0.79925
107	114	1.14906
107	115	0.780298
107	128	1.13602
107	134	1.14993
107	137	1.18776
107	142	0.775688
107	149	0.745607
107	161	1.12789
107	162	0.767557
107	164	0.737969
107	167	1.14652
107	170	1.15616
107	172	1.14334
107	173	1.13862
107	175	1.15779
107	176	1.14652
107	179	1.1386
107	180	1.26788
108	4	1.17875
108	34	1.19837
108	40	1.18926
108	60	0.736634
108	65	0.748381
108	72	1.11959
108	85	1.14398
108	88	0.762204
108	122	1.15582
108	128	0.800198
108	133	0.794418
108	136	1.12351
108	140	1.14302
108	142	1.15278
108	145	1.13028
108	146	1.12471
108	147	1.16847
108	149	0.738233
108	153	1.13066
108	155	0.802152
108	157	1.14081
108	160	0.731282
108	179	0.787581
109	4	1.22927
109	37	0.810623
109	68	1.21374
109	85	1.1945
109	90	0.726093
109	96	1.19939
109	114	0.719715
109	116	1.23835
109	117	0.752945
109	122	1.20634
109	136	1.17403
109	140	1.19354
109	142	1.2033
109	145	1.18081
109	146	1.17523
109	147	1.21899
109	153	1.18118
109	157	1.19133
109	161	0.737853
109	166	0.711737
109	174	0.708963
109	177	0.703699
109	178	0.70983
109	180	0.620829
110	6	0.769189
110	19	0.700222
110	31	0.74347
110	35	0.885986
110	41	0.73654
110	81	0.869111
110	94	1.17583
110	120	1.08855
110	123	0.881007
110	130	1.08995
110	134	1.12333
110	143	1.13655
110	144	0.816476
110	148	1.10786
110	158	1.10511
110	159	1.11461
110	162	0.795413
110	172	1.11674
110	173	1.11201
110	175	1.13118
110	176	1.11991
110	177	1.14174
110	178	1.12466
110	179	1.11199
111	25	0.781938
111	35	0.786196
111	45	0.710377
111	104	0.727317
111	131	1.16376
111	137	1.2436
111	139	1.18479
111	146	0.721087
111	148	1.1903
111	149	0.673674
111	153	0.714516
111	157	0.723694
111	158	1.18756
111	161	1.18373
111	163	0.690619
111	164	0.666036
111	165	1.22221
111	167	1.20236
111	172	1.19918
111	173	1.19445
111	176	1.20236
111	177	1.22418
111	178	1.2071
111	179	1.19443
112	15	1.17541
112	19	0.620948
112	44	1.18649
112	55	1.26948
112	62	1.20415
112	66	1.2325
112	69	1.16172
112	75	0.754024
112	84	1.18397
112	87	1.17124
112	88	1.18834
112	91	1.18558
112	92	1.3037
112	102	1.21182
112	105	1.17194
112	116	0.700888
112	123	0.801732
112	137	0.678977
112	139	0.737275
112	151	1.15365
112	156	0.722225
112	170	0.723917
112	172	0.720122
112	179	0.743537
113	8	0.697488
113	40	1.20874
113	68	1.1827
113	80	0.822877
113	83	1.15836
113	85	1.16345
113	95	0.826453
113	103	1.1341
113	116	1.2073
113	118	0.702135
113	122	1.17529
113	136	1.14298
113	140	1.16249
113	142	1.17226
113	145	1.14976
113	146	1.14419
113	147	1.18795
113	153	1.15014
113	154	0.763545
113	156	0.729422
113	157	1.16029
113	159	0.741176
113	161	0.751366
113	175	0.729875
113	176	0.742086
114	16	1.14101
114	69	0.768581
114	97	0.738053
114	107	1.14906
114	109	0.719715
114	121	0.785299
114	129	0.764317
114	137	1.20545
114	146	0.766975
114	149	0.719561
114	150	0.741139
114	152	1.17547
114	156	0.747598
114	158	1.1494
114	161	1.14557
114	165	1.18405
114	167	1.16421
114	170	1.17385
114	172	1.16103
114	174	0.740653
114	175	1.17547
114	176	1.1642
114	177	1.18602
114	178	1.16894
114	179	1.15628
115	70	1.14579
115	84	0.768501
115	107	0.780298
115	132	1.12536
115	135	0.722767
115	144	1.16363
115	149	1.20448
115	150	1.18136
115	153	0.763251
115	155	1.13689
115	159	0.7622
115	160	1.18239
115	161	0.77239
115	162	1.15622
115	163	1.16831
115	164	1.19865
115	166	1.16064
115	167	0.747836
115	168	1.17774
115	169	1.15735
115	171	1.17261
115	174	1.16865
115	176	0.76311
115	179	0.771757
115	180	0.655366
116	29	1.17403
116	40	1.26302
116	46	0.721141
116	61	0.694707
116	72	1.19335
116	83	1.21265
116	86	0.75608
116	96	1.22263
116	103	1.18839
116	109	1.23835
116	112	0.700888
116	113	1.2073
116	120	0.747444
116	135	0.694776
116	136	1.19727
116	140	1.21678
116	142	1.22654
116	146	1.19847
116	147	1.24223
116	153	1.20442
116	157	1.21457
116	164	0.68678
116	170	0.724146
116	174	0.715509
116	176	0.735118
116	180	0.627375
117	6	1.19254
117	17	1.12393
117	20	1.13635
117	25	1.09997
117	32	1.22666
117	33	1.20854
117	35	0.865314
117	47	1.15268
117	58	1.06219
117	60	0.751193
117	76	1.0984
117	78	1.09568
117	80	1.07531
117	83	0.782394
117	86	1.17287
117	109	0.752945
117	119	0.733005
117	123	1.09474
117	127	1.20552
117	129	1.14655
117	134	0.786993
117	138	1.10806
117	152	0.776684
117	159	0.792582
117	173	0.797012
117	177	0.768618
118	6	1.26382
118	17	1.19521
118	36	1.13492
118	44	0.724347
118	58	1.13348
118	63	0.617539
118	66	0.714487
118	78	1.16696
118	90	0.726689
118	113	0.702135
118	126	1.20358
118	127	1.27681
118	132	0.765078
118	142	0.718549
118	158	1.2002
118	160	0.681517
118	161	1.19638
118	162	0.710418
118	166	0.712333
118	169	0.720924
118	173	1.2071
118	175	1.22627
118	176	1.215
118	177	1.23682
118	179	1.20708
118	180	1.33636
119	10	0.674974
119	32	0.637269
119	72	0.73593
119	74	0.730898
119	76	0.765124
119	96	0.694849
119	105	0.727211
119	117	0.733005
119	127	0.653581
119	138	0.763039
119	141	1.21956
119	147	0.681651
119	154	1.18287
119	155	1.17986
119	156	1.1997
119	160	1.22535
119	166	1.2036
119	169	1.20031
119	171	1.21558
119	172	1.20404
119	173	1.19931
119	174	1.21162
119	175	1.21848
119	178	1.21195
119	179	1.19929
119	180	1.32857
120	19	0.667504
120	37	0.863496
120	100	1.16112
120	110	1.08855
120	116	0.747444
120	121	0.806483
120	131	1.09169
120	132	0.817355
120	134	1.1337
120	135	1.16815
120	146	0.788158
120	148	1.11823
120	152	1.14156
120	154	1.10594
120	155	0.804664
120	165	1.15014
120	168	0.762393
120	169	0.773201
120	172	1.12711
120	173	1.12239
120	174	0.761836
120	176	1.13029
120	177	1.15211
120	178	1.13503
120	179	1.12237
120	180	1.25165
121	8	0.749559
121	10	1.13619
121	19	1.26452
121	41	1.17953
121	43	1.12607
121	49	1.11422
121	56	0.774875
121	57	1.1535
121	60	0.751857
121	71	1.07354
121	73	1.09794
121	81	1.03858
121	97	1.14226
121	98	1.14392
121	101	1.14316
121	114	0.785299
121	120	0.806483
121	124	1.13328
121	128	0.815421
121	133	1.09012
121	154	0.815616
121	160	0.746505
121	163	1.12294
121	174	0.774547
121	175	0.781946
121	180	1.24024
122	13	1.21208
122	72	1.16134
122	81	0.811727
122	83	1.18064
122	94	0.685498
122	100	0.726836
122	101	1.20389
122	103	1.15638
122	108	1.15582
122	109	1.20634
122	113	1.17529
122	133	0.772265
122	135	0.716437
122	136	1.16526
122	140	1.18477
122	142	1.19453
122	145	1.17203
122	146	1.16646
122	147	1.21022
122	152	0.739972
122	153	1.17241
122	157	1.18256
122	170	0.745808
122	173	0.7603
122	175	0.744569
122	176	0.75678
122	180	0.649037
123	6	1.1615
123	7	1.15997
123	11	1.15242
123	13	0.788195
123	17	1.09289
123	20	1.10531
123	25	1.06893
123	32	1.19562
123	33	1.1775
123	36	1.03259
123	48	1.14732
123	78	1.06464
123	80	1.04427
123	86	1.14183
123	95	1.06796
123	110	0.881007
123	112	0.801732
123	117	1.09474
123	129	1.11551
123	138	1.07702
123	139	0.838348
123	152	0.819155
123	163	0.812207
123	168	0.816909
123	171	0.805223
123	177	0.811088
123	180	0.728219
124	10	1.19336
124	19	1.32169
124	20	0.796306
124	26	1.1272
124	30	1.12773
124	39	0.677999
124	41	1.2367
124	43	1.18324
124	49	1.1714
124	71	1.13072
124	74	0.762828
124	81	1.09575
124	87	1.15358
124	89	0.720614
124	97	1.19943
124	98	1.20109
124	121	1.13328
124	133	1.1473
124	152	0.723755
124	159	0.739653
124	163	1.18012
124	165	0.737826
124	170	0.729591
124	172	0.725796
124	173	0.744083
124	179	0.74921
124	180	1.29741
125	34	0.727611
125	46	1.15312
125	51	0.735608
125	56	0.762161
125	64	1.17148
125	77	0.705438
125	100	0.751499
125	104	1.13474
125	106	1.13525
125	130	0.828482
125	132	1.10902
125	133	0.796928
125	137	0.725531
125	144	1.14729
125	149	1.18814
125	150	1.16502
125	154	0.802902
125	156	1.14039
125	160	1.16605
125	163	1.15197
125	164	1.18231
125	166	1.1443
125	168	1.16139
125	169	1.14101
125	171	1.15627
125	174	1.15231
125	176	0.781443
125	179	0.790091
126	7	1.19753
126	9	0.7182
126	11	1.18998
126	16	1.12705
126	26	0.791862
126	36	1.07015
126	54	0.705977
126	55	0.722731
126	74	1.13239
126	78	1.1022
126	102	0.764526
126	118	1.20358
126	127	1.21204
126	129	1.15307
126	142	0.790464
126	143	1.16688
126	144	0.803395
126	152	1.1615
126	158	1.13544
126	161	1.13161
126	162	0.782332
126	163	0.777328
126	164	0.752745
126	166	0.784247
126	170	1.15988
126	173	1.14233
126	177	1.17206
126	179	1.14231
127	6	1.27228
127	20	1.21609
127	24	1.37921
127	25	1.17971
127	47	1.23242
127	48	1.25811
127	50	0.745047
127	56	0.694786
127	58	1.14193
127	74	1.20562
127	76	1.17814
127	78	1.17542
127	86	1.25261
127	117	1.20552
127	118	1.27681
127	119	0.653581
127	126	1.21204
127	129	1.22629
127	138	1.1878
127	143	0.699593
127	158	0.717929
127	160	0.666417
127	161	0.723349
127	165	0.711332
127	171	0.683329
127	172	0.699301
127	177	0.689194
127	179	0.722716
128	24	0.658022
128	63	0.678755
128	88	0.773655
128	107	1.13602
128	108	0.800198
128	121	0.815421
128	130	1.12119
128	139	1.1336
128	146	0.797097
128	147	0.763402
128	148	1.1391
128	151	0.823994
128	154	1.12681
128	158	1.13636
128	159	1.14585
128	161	1.13253
128	164	0.742046
128	165	1.17101
128	167	1.15116
128	169	0.78214
128	170	1.1608
128	171	0.759645
128	173	1.14326
128	175	1.16243
128	176	1.15116
128	177	1.17298
128	179	1.14324
128	180	1.27252
129	3	1.2152
129	7	1.21178
129	8	0.728577
129	17	1.1447
129	20	1.15712
129	33	1.22931
129	36	1.08441
129	47	1.17345
129	48	1.19913
129	58	1.08296
129	70	0.785483
129	76	1.11916
129	78	1.11645
129	80	1.09608
129	84	0.778566
129	89	0.753226
129	114	0.764317
129	117	1.14655
129	123	1.11551
129	126	1.15307
129	127	1.22629
129	138	1.12883
129	139	0.775561
129	143	0.7587
129	158	0.777036
129	165	0.770438
129	175	0.760964
129	178	0.754432
130	6	0.771183
130	21	1.10724
130	62	0.759692
130	76	0.87265
130	77	1.18096
130	85	0.802115
130	92	0.696081
130	98	0.772091
130	100	1.16252
130	103	0.843406
130	110	1.08995
130	125	0.828482
130	128	1.12119
130	131	1.09309
130	134	1.1351
130	139	1.11413
130	141	1.14404
130	148	1.11963
130	149	0.775458
130	154	1.10734
130	159	1.12638
130	160	0.768507
130	161	1.11306
130	169	0.807914
130	170	1.14134
130	173	1.12379
130	175	1.14296
130	177	1.15351
130	179	1.12377
131	46	0.784004
131	65	1.15929
131	72	0.825279
131	73	0.813779
131	77	1.17233
131	83	0.786883
131	85	0.783937
131	87	0.790526
131	89	1.13024
131	91	0.783376
131	111	1.16376
131	120	1.09169
131	130	1.09309
131	145	0.792575
131	147	0.770999
131	150	0.778858
131	152	1.13433
131	154	1.09871
131	156	0.785316
131	158	1.10826
131	161	1.10443
131	165	1.14291
131	167	1.12306
131	170	1.1327
131	175	1.13433
131	176	1.12306
131	177	1.14488
131	178	1.1278
131	179	1.11514
132	9	1.16314
132	46	1.12798
132	77	0.729024
132	89	0.785081
132	98	0.760962
132	99	0.898173
132	104	1.10959
132	115	1.12536
132	118	0.765078
132	120	0.817355
132	125	1.10902
132	137	0.749117
132	144	1.12215
132	149	1.163
132	153	0.80517
132	155	1.09541
132	156	1.11525
132	160	1.14091
132	162	1.11473
132	163	1.12683
132	164	1.15717
132	166	1.11915
132	168	1.13625
132	169	1.11586
132	170	0.794057
132	171	1.13113
132	174	1.12717
132	178	0.786286
132	179	0.813677
133	10	1.15021
133	16	1.10971
133	30	1.08457
133	35	0.856426
133	71	1.08756
133	74	0.80687
133	78	0.850267
133	79	1.06318
133	81	1.05259
133	97	1.15627
133	98	1.15794
133	108	0.794418
133	121	1.09012
133	122	0.772265
133	124	1.1473
133	125	0.796928
133	136	0.793114
133	139	1.11534
133	147	0.757623
133	150	0.765481
133	159	1.12759
133	163	1.13696
133	164	0.736266
133	170	1.14254
133	174	0.764995
133	175	1.14417
133	177	1.15472
133	179	1.12498
133	180	1.25426
134	5	0.741451
134	10	0.728962
134	41	0.684996
134	91	0.748016
134	107	1.14993
134	110	1.12333
134	117	0.786993
134	120	1.1337
134	130	1.1351
134	135	1.20293
134	139	1.14751
134	141	1.17742
134	145	0.757215
134	147	0.735639
134	150	0.743498
134	151	0.796231
134	154	1.14072
134	157	0.771941
134	158	1.15027
134	159	1.15976
134	161	1.14644
134	162	0.74387
134	165	1.18492
134	167	1.16507
134	169	0.754377
134	170	1.17471
134	176	1.16507
134	177	1.18689
134	178	1.16981
134	180	1.28643
135	17	0.78171
135	75	1.17857
135	97	0.706568
135	98	0.68471
135	100	1.23034
135	115	0.722767
135	116	0.694776
135	120	1.16815
135	122	0.716437
135	134	1.20293
135	142	0.718157
135	145	0.723371
135	148	1.18746
135	155	0.751995
135	158	1.18472
135	159	1.19421
135	161	1.18089
135	163	0.705022
135	164	0.680438
135	165	1.21936
135	167	1.19952
135	170	1.20916
135	171	0.698038
135	172	1.19634
135	174	0.709168
135	175	1.21078
135	176	1.19952
135	177	1.22134
135	178	1.20426
135	179	1.19159
135	180	1.32088
136	4	1.18819
136	8	0.733032
136	14	0.721535
136	29	1.10971
136	56	1.18047
136	68	1.17266
136	72	1.12904
136	83	1.14833
136	85	1.15342
136	93	0.780772
136	96	1.15831
136	105	0.796208
136	108	1.12351
136	109	1.17403
136	113	1.14298
136	116	1.19727
136	122	1.16526
136	133	0.793114
136	137	0.721717
136	140	1.15246
136	142	1.16222
136	145	1.13973
136	146	1.13415
136	147	1.17791
136	149	0.736928
136	151	0.811239
136	153	1.1401
136	157	1.15025
136	159	0.776719
136	170	0.766657
136	171	0.74689
136	175	0.765419
136	177	0.752755
137	18	0.725854
137	33	0.682781
137	59	1.22038
137	82	0.696265
137	85	0.699164
137	94	1.25882
137	104	0.72615
137	107	1.18776
137	111	1.2436
137	112	0.678977
137	114	1.20545
137	125	0.725531
137	132	0.749117
137	136	0.721717
137	143	1.21954
137	154	1.17856
137	155	0.736426
137	161	1.18428
137	163	0.689452
137	164	0.664869
137	165	1.22275
137	167	1.20291
137	169	0.704963
137	170	1.21255
137	172	1.19973
137	173	1.195
137	174	0.693598
137	175	1.21417
137	176	1.2029
137	177	1.22472
137	178	1.20764
137	179	1.19498
137	180	1.32426
138	3	1.17671
138	6	1.17482
138	7	1.1733
138	17	1.10621
138	24	1.28175
138	27	1.0848
138	32	1.20894
138	33	1.19083
138	41	0.745902
138	47	1.13496
138	48	1.16065
138	51	0.777691
138	58	1.04448
138	74	1.10816
138	76	1.08068
138	78	1.07796
138	80	1.0576
138	86	1.15516
138	95	1.08128
138	117	1.10806
138	119	0.763039
138	123	1.07702
138	127	1.1878
138	129	1.12883
138	140	0.784992
138	144	0.825838
138	158	0.827387
138	160	0.775874
138	164	0.775187
138	170	0.812554
138	171	0.792787
138	177	0.798652
138	178	0.804783
138	180	0.715783
139	33	0.741079
