1	2	0.87652
1	12	0.892766
1	25	0.971331
1	44	0.947321
1	55	1.00254
1	60	0.966008
1	63	0.965561
1	92	1.60123
1	137	2.10378
1	140	0.936537
1	142	0.873837
1	169	1.96273
2	1	0.87652
2	8	0.88894
2	25	0.860467
2	34	0.770747
2	44	0.836457
2	55	0.89168
2	60	0.855144
2	63	0.854696
2	140	0.825673
2	142	0.762973
2	144	2.34121
2	156	2.67417
3	9	0.819668
3	16	0.865902
3	26	0.982888
3	30	0.886646
3	35	0.873351
3	43	0.871299
3	50	0.748456
3	68	0.779335
3	96	0.81249
3	137	2.39235
3	138	2.69148
3	147	0.802592
4	7	0.892093
4	15	0.982265
4	21	0.963474
4	22	0.956966
4	46	0.928861
4	52	0.989951
4	69	2.63651
4	77	0.887394
4	135	0.887169
4	166	1.09703
4	174	0.931517
4	176	1.99303
5	10	0.806802
5	13	0.905224
5	18	0.800212
5	37	0.868552
5	41	0.856881
5	49	0.847187
5	83	0.823895
5	116	0.853875
5	128	0.851096
5	148	2.7219
5	174	0.83967
5	179	2.35836
6	20	1.50545
6	28	0.968345
6	33	0.967357
6	45	0.924549
6	48	0.923978
6	55	1.10488
6	58	0.971613
6	62	0.971308
6	150	3.04601
6	167	0.881981
6	169	0.908334
6	178	0.910685
7	4	0.892093
7	15	0.888158
7	21	0.869368
7	22	0.86286
7	24	0.788052
7	38	4.2
7	46	0.834755
7	52	0.895844
7	80	0.757402
7	135	0.793063
7	150	1.11183
7	174	0.837411
8	2	0.88894
8	25	0.983751
8	34	0.894032
8	44	0.959741
8	60	0.978428
8	63	0.97798
8	93	1.69786
8	111	1.74156
8	135	0.900182
8	140	0.948957
8	142	0.886257
8	167	2.19064
9	3	0.819668
9	16	0.862079
9	26	0.979065
9	30	0.882824
9	35	0.869529
9	43	0.867477
9	55	1.85022
9	78	0.853698
9	96	0.808667
9	127	2.66448
9	147	0.79877
10	5	0.806802
10	13	0.90952
10	18	0.804508
10	37	0.872848
10	41	0.861178
10	49	0.851483
10	113	0.789275
10	116	0.858172
10	127	2.19672
10	128	0.855393
10	152	2.68917
10	174	0.843967
11	54	0.974025
11	59	0.961418
11	70	0.951572
11	73	1.01329
11	74	1.0162
11	76	0.997732
11	155	1.12033
11	156	0.93404
11	173	2.37635
11	178	0.954669
11	179	2.12353
12	1	0.892766
12	25	0.876713
12	34	0.786994
12	44	0.852703
12	60	0.87139
12	63	0.870943
12	78	0.84485
12	135	0.793144
12	140	0.841919
12	142	0.779219
12	167	2.58772
12	168	2.43738
13	5	0.905224
13	10	0.90952
13	18	0.90293
13	37	0.97127
13	41	0.959599
13	49	0.949905
13	116	0.956593
13	127	1.58982
13	128	0.953814
13	145	2.04912
13	169	1.93897
13	174	0.942388
14	15	0.989914
14	21	0.971123
14	22	0.964615
14	24	0.889808
14	46	0.93651
14	50	0.837459
14	52	0.9976
14	110	1.41654
14	135	0.894818
14	158	3.00955
14	159	1.14282
14	174	0.939166
15	4	0.982265
15	7	0.888158
15	14	0.989914
15	22	0.953032
15	24	0.878224
15	46	0.924927
15	52	0.986016
15	83	1.28869
15	135	0.883235
15	174	0.927583
15	178	1.48884
15	179	2.97118
16	3	0.865902
16	9	0.862079
16	26	1.0253
16	30	0.929057
16	35	0.915762
16	43	0.91371
16	138	1.60693
16	147	0.845003
16	158	2.53365
17	87	0.828581
17	106	0.832603
17	130	0.845064
17	141	0.843728
17	149	0.845383
17	151	0.840139
17	153	0.838066
17	159	1.6027
17	160	0.844409
17	162	0.845462
17	163	0.841668
17	175	3.32073
18	5	0.800212
18	10	0.804508
18	13	0.90293
18	37	0.866258
18	38	0.734223
18	41	0.854587
18	49	0.844893
18	113	0.782684
18	116	0.851581
18	128	0.848802
18	147	2.46858
18	165	2.93703
18	174	0.837376
19	125	0.801042
19	126	0.873067
19	130	0.82713
19	139	0.822945
19	141	0.825794
19	149	0.827449
19	151	0.822205
19	153	0.820132
19	159	1.90697
19	160	0.826475
19	162	0.827529
19	163	0.823734
19	176	3.30071
20	6	1.50545
20	40	0.592023
20	109	0.958489
20	151	0.266367
20	154	0.87216
20	155	0.924052
20	159	0.997349
20	173	0.88536
20	175	0.895654
20	176	0.919871
20	177	0.871058
20	179	0.896892
20	180	0.870316
21	4	0.963474
21	7	0.869368
21	14	0.971123
21	22	0.934241
21	24	0.859434
21	46	0.906136
21	52	0.967226
21	77	0.864669
21	135	0.864444
21	138	2.07904
21	166	1.63678
21	167	2.34414
21	174	0.908792
22	4	0.956966
22	7	0.86286
22	14	0.964615
22	15	0.953032
22	21	0.934241
22	24	0.852926
22	46	0.899628
22	52	0.960718
22	80	0.822276
22	110	0.889162
22	136	4.4466
22	143	0.796511
22	174	0.902284
23	66	0.799741
23	114	1.35997
23	118	0.831709
23	125	0.809128
23	126	0.881153
23	134	0.783975
23	141	0.833879
23	149	0.835534
23	153	0.828218
23	160	0.834561
23	162	0.835614
23	163	0.831819
23	177	4.03637
24	7	0.788052
24	14	0.889808
24	15	0.878224
24	21	0.859434
24	22	0.852926
24	46	0.824821
24	50	0.725769
24	52	0.88591
24	77	0.783354
24	135	0.783129
24	172	2.55964
24	174	0.827477
24	177	2.93133
25	1	0.971331
25	2	0.860467
25	8	0.983751
25	12	0.876713
25	34	0.865559
25	44	0.931268
25	60	0.949955
25	63	0.949507
25	107	2.10162
25	122	1.89857
25	135	0.871709
25	142	0.857784
25	176	2.17567
26	3	0.982888
26	9	0.979065
26	16	1.0253
26	30	1.04604
26	35	1.03275
26	43	1.0307
26	137	1.27611
26	147	0.961989
26	150	1.91279
26	165	2.01285
27	28	0.942166
27	32	0.945491
27	33	0.941178
27	45	0.89837
27	48	0.897799
27	58	0.945434
27	62	0.945129
27	93	1.73871
27	94	2.36305
27	167	0.855801
27	169	0.882155
27	174	1.98449
27	178	0.884506
28	6	0.968345
28	27	0.942166
28	32	0.940259
28	45	0.893137
28	48	0.892566
28	58	0.940201
28	62	0.939897
28	110	1.59
28	144	2.04971
28	167	0.850569
28	168	2.37106
28	169	0.876923
28	178	0.879273
29	40	0.934202
29	56	0.912382
29	82	0.919635
29	90	0.961345
29	92	1.20566
29	94	2.40401
29	95	0.896756
29	98	0.942741
29	99	0.892331
29	100	0.884821
29	103	0.883296
29	112	0.915526
29	165	2.44495
30	3	0.886646
30	9	0.882824
30	16	0.929057
30	26	1.04604
30	35	0.936507
30	43	0.934455
30	68	0.842491
30	78	0.920676
30	83	2.17435
30	96	0.875645
30	131	1.69112
30	147	0.865748
30	169	2.03632
31	85	0.863623
31	99	0.80794
31	101	1.60463
31	114	0.908594
31	144	0.849862
31	161	0.798774
31	165	0.831794
31	170	0.83427
31	172	0.802193
31	176	0.833852
31	177	0.785039
31	179	0.810873
31	180	0.784297
32	27	0.945491
32	28	0.940259
32	33	0.939271
32	45	0.896463
32	48	0.895892
32	58	0.943527
32	62	0.943222
32	71	1.49623
32	145	1.9061
32	155	2.61327
32	167	0.853895
32	169	0.880248
32	178	0.882599
33	6	0.967357
33	27	0.941178
33	32	0.939271
33	45	0.89215
33	48	0.891579
33	58	0.939214
33	62	0.938909
33	96	1.74726
33	135	1.52293
33	167	0.849582
33	169	0.875935
33	172	2.93833
33	178	0.878286
34	2	0.770747
34	8	0.894032
34	12	0.786994
34	25	0.865559
34	44	0.841549
34	60	0.860236
34	63	0.859788
34	78	0.833695
34	80	2.85031
34	135	0.781989
34	140	0.830765
34	142	0.768065
34	170	2.44069
35	3	0.873351
35	9	0.869529
35	16	0.915762
35	26	1.03275
35	30	0.936507
35	43	0.92116
35	50	0.798316
35	68	0.829196
35	78	0.907381
35	96	0.86235
35	131	1.39004
35	147	0.852453
35	168	2.29019
35	170	2.64394
36	64	1.03469
36	96	1.95313
36	125	0.869654
36	130	0.895742
36	132	0.885358
36	139	0.891557
36	141	0.894405
36	149	0.896061
36	151	0.890817
36	153	0.888744
36	154	3.40748
36	160	0.895087
36	162	0.89614
36	163	0.892346
37	5	0.868552
37	10	0.872848
37	13	0.97127
37	18	0.866258
37	38	0.802563
37	41	0.922927
37	49	0.913233
37	75	1.86213
37	96	2.89961
37	113	0.851024
37	116	0.919921
37	127	1.45323
37	128	0.917142
37	174	0.905716
38	7	4.2
38	18	0.734223
38	37	0.802563
38	49	0.781198
38	98	0.798785
38	99	0.748375
38	102	0.794296
38	112	0.77157
38	135	0.729334
38	168	0.757183
38	170	0.732825
38	174	0.773682
38	179	0.709427
38	180	0.682851
39	40	0.913796
39	42	0.842079
39	51	0.888775
39	72	0.92875
39	90	0.940939
39	95	0.87635
39	98	0.922335
39	100	0.864415
39	103	0.86289
39	112	0.89512
39	140	0.901659
39	142	2.11785
39	171	1.69212
39	179	2.74547
40	20	0.592023
40	29	0.934202
40	39	0.913796
40	51	0.884944
40	79	0.898503
40	82	0.895398
40	98	0.918504
40	99	0.868094
40	100	0.860584
40	102	0.914014
40	103	0.859059
40	112	0.891289
40	133	1.50767
40	172	3.64317
41	5	0.856881
41	10	0.861178
41	13	0.959599
41	18	0.854587
41	37	0.922927
41	49	0.901562
41	83	0.87827
41	104	2.11318
41	113	0.839354
41	116	0.908251
41	127	1.69576
41	128	0.905472
41	138	2.48509
41	174	0.894046
42	39	0.842079
42	51	0.813226
42	56	0.816427
42	79	0.826785
42	82	0.823681
42	95	0.800802
42	98	0.846786
42	99	0.796377
42	102	0.842297
42	103	0.787341
42	112	0.819571
42	140	0.82611
42	147	3.02753
42	169	2.61819
43	3	0.871299
43	9	0.867477
43	16	0.91371
43	26	1.0307
43	30	0.934455
43	35	0.92116
43	50	0.796264
43	68	0.827144
43	78	0.905329
43	96	0.860298
43	113	2.49541
43	134	1.81126
43	147	0.850401
43	171	2.05501
44	1	0.947321
44	2	0.836457
44	8	0.959741
44	12	0.852703
44	25	0.931268
44	34	0.841549
44	60	0.925945
44	63	0.925498
44	88	1.55989
44	135	0.847699
44	140	0.896474
44	142	0.833774
44	155	2.81783
44	166	1.99843
45	6	0.924549
45	27	0.89837
45	28	0.893137
45	32	0.896463
45	33	0.89215
45	48	0.84877
45	58	0.896405
45	62	0.896101
45	116	0.877293
45	142	2.85291
45	156	2.22657
45	166	1.65793
45	167	0.806773
45	169	0.833127
45	178	0.835477
46	4	0.928861
46	7	0.834755
46	14	0.93651
46	15	0.924927
46	21	0.906136
46	22	0.899628
46	24	0.824821
46	50	0.772472
46	52	0.932613
46	77	0.830056
46	123	1.77658
46	134	2.42924
46	135	0.829831
46	156	2.47238
46	174	0.874179
47	82	0.769033
47	87	0.472156
47	103	1.19133
47	137	0.937818
47	150	0.877395
47	152	0.911605
47	155	0.885749
47	157	0.852985
47	159	0.959046
47	161	0.84649
47	172	0.849909
47	173	0.847057
47	177	0.832755
47	179	0.858589
47	180	0.832013
48	6	0.923978
48	27	0.897799
48	28	0.892566
48	32	0.895892
48	33	0.891579
48	45	0.84877
48	58	0.895834
48	62	0.89553
48	75	2.07254
48	111	2.269
48	116	0.876722
48	145	2.12294
48	167	0.806202
48	169	0.832556
48	178	0.834906
49	5	0.847187
49	10	0.851483
49	13	0.949905
49	18	0.844893
49	37	0.913233
49	38	0.781198
49	41	0.901562
49	83	0.868576
49	113	0.829659
49	115	2.65206
49	116	0.898556
49	128	0.895777
49	167	2.17025
49	174	0.884351
49	178	1.80314
50	3	0.748456
50	14	0.837459
50	24	0.725769
50	35	0.798316
50	43	0.796264
50	46	0.772472
50	53	0.750702
50	113	0.720436
50	147	0.727557
50	149	3.83004
50	172	0.702194
50	174	0.775128
50	176	0.733852
50	179	0.710874
50	180	0.684297
51	39	0.888775
51	40	0.884944
51	42	0.813226
51	55	0.738393
51	72	0.899898
51	79	0.873481
51	82	0.870377
51	90	0.912086
51	95	0.847498
51	99	0.843073
51	100	0.835563
51	102	0.888993
51	103	0.834037
51	112	0.866267
51	156	2.46836
51	161	3.68117
52	4	0.989951
52	7	0.895844
52	14	0.9976
52	15	0.986016
52	21	0.967226
52	22	0.960718
52	24	0.88591
52	46	0.932613
52	77	0.891146
52	80	0.855261
52	135	0.890921
52	138	0.923147
52	157	1.87342
52	172	2.77127
52	174	0.935269
52	179	2.30349
53	50	0.750702
53	108	0.812141
53	118	1.90765
53	133	0.861182
53	141	1.50482
53	146	0.851113
53	148	0.771856
53	168	0.835911
53	170	0.811553
53	171	0.816895
53	172	0.779476
53	173	0.776624
53	176	0.811134
53	177	0.762321
53	179	0.788155
53	180	0.761579
54	11	0.974025
54	59	0.84772
54	70	0.837874
54	73	0.899588
54	74	0.902502
54	76	0.884034
54	110	0.892624
54	128	0.880007
54	134	0.828251
54	138	0.844003
54	142	0.810308
54	147	1.51151
54	156	0.820342
54	164	3.71476
54	171	1.86935
54	178	0.84097
55	1	1.00254
55	2	0.89168
55	6	1.10488
55	9	1.85022
55	51	0.738393
55	60	0.981169
55	63	0.980721
55	74	0.52306
55	124	0.939169
55	151	0.953256
55	160	0.957527
55	162	0.95858
55	163	0.954785
55	177	0.857182
55	179	0.883016
55	180	0.85644
56	29	0.912382
56	42	0.816427
56	79	0.876682
56	82	0.873578
56	90	0.915287
56	95	0.850698
56	98	0.896683
56	99	0.846273
56	100	0.838764
56	102	0.892194
56	103	0.837238
56	112	0.869468
56	113	0.816887
56	134	2.32472
56	158	3.1682
56	159	1.30148
57	84	1.96446
57	109	0.853193
57	144	0.830586
57	148	0.775297
57	151	1.37373
57	154	0.766865
57	165	0.812518
57	168	0.839353
57	171	0.820337
57	172	0.782917
57	173	0.780065
57	175	0.790359
57	176	0.814575
57	177	0.765762
57	179	0.791597
57	180	0.76502
58	6	0.971613
58	27	0.945434
58	28	0.940201
58	32	0.943527
58	33	0.939214
58	45	0.896405
58	48	0.895834
58	62	0.943165
58	77	0.866029
58	89	1.83859
58	116	0.924357
58	146	1.83302
58	156	1.98455
58	167	0.853837
58	169	0.880191
58	176	2.31191
58	178	0.882541
59	11	0.961418
59	54	0.84772
59	68	2.64833
59	70	0.825267
59	73	0.886981
59	74	0.889895
59	76	0.871427
59	89	0.822613
59	108	2.62865
59	110	0.880017
59	128	0.8674
59	134	0.815644
59	138	0.831396
59	142	0.797702
59	152	1.80559
59	156	0.807735
59	178	0.828363
60	1	0.966008
60	2	0.855144
60	8	0.978428
60	12	0.87139
60	25	0.949955
60	34	0.860236
60	44	0.925945
60	55	0.981169
60	63	0.944185
60	78	0.918092
60	123	1.19534
60	135	0.866386
60	140	0.915161
60	142	0.852461
60	147	1.73391
60	173	3.39792
60	174	1.78286
61	67	0.836278
61	104	0.893114
61	105	1.48424
61	108	0.843873
61	117	1.06048
61	122	0.854499
61	140	0.388223
61	144	0.858876
61	150	0.838693
61	158	0.816282
61	159	0.920345
61	166	0.913057
61	168	0.867643
61	172	0.811208
61	176	0.842866
61	179	0.819887
61	180	0.793311
62	6	0.971308
62	27	0.945129
62	28	0.939897
62	32	0.943222
62	33	0.938909
62	45	0.896101
62	48	0.89553
62	58	0.943165
62	77	0.865725
62	94	1.83294
62	116	0.924053
62	156	1.56266
62	167	0.853533
62	169	0.879886
62	172	3.2844
62	174	1.45438
62	178	0.882237
63	1	0.965561
63	2	0.854696
63	8	0.97798
63	12	0.870943
63	25	0.949507
63	34	0.859788
63	44	0.925498
63	55	0.980721
63	60	0.944185
63	78	0.917644
63	89	1.87152
63	134	1.97434
63	135	0.865938
63	140	0.914713
63	142	0.852014
63	169	1.45092
63	175	2.66913
64	36	1.03469
64	98	1.25958
64	108	0.873876
64	136	0.811964
64	155	0.877051
64	157	0.844287
64	160	1.397
64	161	0.837792
64	164	0.830371
64	170	0.873288
64	171	0.878631
64	173	0.838359
64	175	0.848653
64	176	0.87287
64	177	0.824057
64	179	0.849891
64	180	0.823315
65	87	0.910502
65	91	0.896972
65	120	0.915831
65	125	0.900897
65	139	0.9228
65	141	0.925648
65	149	0.927304
65	151	0.92206
65	153	0.919987
65	155	1.30568
65	160	0.92633
65	162	0.927383
65	163	0.923589
65	165	1.36614
65	169	0.886112
65	179	2.30888
65	180	3.13818
66	23	0.799741
66	106	0.850722
66	121	2.3692
66	125	0.837095
66	126	0.90912
66	127	0.820386
66	132	0.852799
66	139	0.858998
66	141	0.861846
66	149	0.863501
66	153	0.856185
66	159	1.93339
66	160	0.862528
66	162	0.863581
66	163	0.859787
66	167	0.795957
66	178	2.77139
67	61	0.836278
67	86	2.22424
67	92	0.909982
67	94	0.792837
67	126	1.85326
67	148	0.748418
67	150	0.783524
67	154	0.739985
67	159	0.865175
67	165	0.785638
67	170	0.788115
67	171	0.793458
67	173	0.753186
67	175	0.76348
67	176	0.787696
67	177	0.738883
67	179	0.764718
67	180	0.738141
68	3	0.779335
68	30	0.842491
68	35	0.829196
68	43	0.827144
68	59	2.64833
68	98	2.06683
68	144	0.780742
68	147	0.758437
68	149	0.817237
68	151	0.811993
68	153	0.80992
68	162	0.817317
68	163	0.813522
68	171	0.770493
68	176	0.764732
68	177	0.715919
68	179	0.741753
68	180	0.715177
69	4	2.63651
69	108	0.798685
69	124	0.830853
69	136	0.736773
69	143	0.801837
69	144	0.813688
69	153	2.05323
69	158	0.771094
69	166	0.867869
69	170	0.798097
69	171	0.80344
69	172	0.76602
69	173	0.763168
69	175	0.773462
69	176	0.797678
69	177	0.748865
69	179	0.774699
69	180	0.748123
70	11	0.951572
70	54	0.837874
70	59	0.825267
70	73	0.877135
70	74	0.880049
70	76	0.861581
70	77	0.802005
70	85	1.94485
70	89	0.812766
70	110	0.870171
70	128	0.857554
70	134	0.805798
70	138	0.82155
70	142	0.787855
70	156	0.797889
70	157	3.44321
70	169	2.05276
70	178	0.818517
71	32	1.49623
71	116	1.14383
71	123	0.938121
71	124	0.890777
71	136	0.796697
71	148	0.818324
71	150	0.85343
71	154	0.809892
71	155	0.861783
71	157	0.82902
71	163	1.35212
71	167	0.842563
71	172	0.825944
71	173	0.823092
71	176	0.857602
71	177	0.808789
71	179	0.834624
71	180	0.808047
72	39	0.92875
72	51	0.899898
72	79	0.913457
72	82	0.910352
72	90	0.952062
72	95	0.887473
72	96	0.870681
72	98	0.933458
72	99	0.883048
72	100	0.875538
72	102	0.928968
72	103	0.874013
72	112	0.906243
72	127	0.876469
72	155	2.16208
72	156	1.91132
72	175	2.56297
72	178	1.68294
73	11	1.01329
73	54	0.899588
73	59	0.886981
73	70	0.877135
73	74	0.941763
73	76	0.923295
73	77	0.863719
73	110	0.931885
73	128	0.919268
73	134	0.867512
73	138	0.883265
73	142	0.84957
73	145	1.79612
73	146	2.10099
73	152	1.82927
73	156	0.859603
73	167	2.39125
73	178	0.880231
74	11	1.0162
74	54	0.902502
74	55	0.52306
74	59	0.889895
74	70	0.880049
74	73	0.941763
74	76	0.926209
74	77	0.866633
74	81	1.85381
74	89	0.877394
74	128	0.922182
74	134	0.870426
74	138	0.886178
74	142	0.852483
74	144	1.92007
74	156	0.862517
74	158	3.05337
74	178	0.883145
75	37	1.86213
75	48	2.07254
75	107	0.836507
75	122	0.848816
75	126	1.08775
75	152	0.86722
75	155	0.841364
75	157	0.8086
75	161	0.802105
75	165	0.835125
75	166	0.907374
75	168	0.86196
75	170	0.837602
75	173	0.802673
75	175	0.812966
75	176	0.837183
75	177	0.78837
75	179	0.814204
75	180	0.787628
76	11	0.997732
76	54	0.884034
76	59	0.871427
76	70	0.861581
76	73	0.923295
76	74	0.926209
76	77	0.848165
76	89	0.858926
76	110	0.916331
76	128	0.903714
76	134	0.851958
76	138	0.86771
76	142	0.834015
76	156	0.844049
76	169	1.06928
76	171	1.83646
76	176	1.9632
76	178	0.864677
76	180	3.7191
77	4	0.887394
77	21	0.864669
77	24	0.783354
77	46	0.830056
77	52	0.891146
77	58	0.866029
77	62	0.865725
77	70	0.802005
77	73	0.863719
77	74	0.866633
77	76	0.848165
77	88	1.58262
77	167	0.776397
77	169	0.802751
77	171	2.79042
77	174	0.832712
77	175	3.24145
77	178	0.805101
78	9	0.853698
78	12	0.84485
78	30	0.920676
78	34	0.833695
78	35	0.907381
78	43	0.905329
78	60	0.918092
78	63	0.917644
78	88	1.19878
78	131	1.2942
78	133	1.7922
78	140	0.88862
78	147	0.836622
78	149	0.895423
78	153	0.888106
78	160	0.894449
78	162	0.895503
78	163	0.891708
78	180	4.28922
79	40	0.898503
79	42	0.826785
79	51	0.873481
79	56	0.876682
79	72	0.913457
79	82	0.883936
79	90	0.925645
79	95	0.861057
79	96	0.844265
79	98	0.907041
79	99	0.856632
79	100	0.849122
79	102	0.902552
79	103	0.847596
79	112	0.879826
79	121	1.59623
79	140	0.886365
79	152	1.80355
79	169	1.66024
79	173	3.73358
80	7	0.757402
80	22	0.822276
80	34	2.85031
80	52	0.855261
80	81	0.792303
80	102	2.49451
80	108	0.756558
80	123	0.83607
80	135	0.752479
80	151	0.802813
80	153	0.80074
80	154	0.707841
80	160	0.807083
80	162	0.808136
80	163	0.804342
80	174	0.796827
80	176	0.755551
80	177	0.706738
80	179	0.732573
80	180	0.705996
81	74	1.85381
81	80	0.792303
81	86	1.56632
81	124	0.864211
81	141	1.23234
81	145	0.871958
81	152	0.861073
81	157	0.802453
81	161	0.795958
81	165	0.828978
81	169	0.84235
81	170	0.831455
81	171	0.836798
81	172	0.799378
81	175	0.806819
81	176	0.831036
81	177	0.782223
81	178	0.844701
81	179	0.808057
81	180	0.781481
82	29	0.919635
82	40	0.895398
82	42	0.823681
82	47	0.769033
82	51	0.870377
82	56	0.873578
82	72	0.910352
82	79	0.883936
82	90	0.922541
82	95	0.857952
82	98	0.903937
82	99	0.853527
82	100	0.846017
82	102	0.899447
82	103	0.844491
82	112	0.876722
82	127	0.846948
82	129	2.06861
82	155	2.38564
82	158	2.93522
83	5	0.823895
83	15	1.28869
83	30	2.17435
83	41	0.87827
83	49	0.868576
83	90	1.55291
83	151	0.867045
83	153	0.864972
83	154	0.772073
83	160	0.871316
83	162	0.872369
83	163	0.868574
83	172	0.788125
83	174	0.861059
83	175	0.795567
83	176	0.819784
83	177	0.770971
83	179	0.796805
83	180	0.770229
84	57	1.96446
84	105	0.869133
84	106	0.868921
84	114	1.60354
84	117	0.885424
84	118	0.877875
84	120	0.870228
84	126	0.927319
84	130	0.881381
84	132	0.870997
84	139	0.877196
84	149	0.8817
84	151	0.876457
84	153	0.874384
84	156	0.822231
84	160	0.880727
84	162	0.88178
84	163	0.877985
84	170	2.52864
84	174	2.07823
85	31	0.863623
85	70	1.94485
85	92	0.946342
85	103	1.8827
85	107	0.82338
85	111	0.866164
85	124	0.85723
85	139	0.731904
85	152	0.854093
85	157	0.795473
85	158	0.797471
85	164	0.781557
85	170	0.824474
85	171	0.829817
85	172	0.792397
85	173	0.789545
85	176	0.824055
85	177	0.775242
85	179	0.801077
85	180	0.774501
86	67	2.22424
86	81	1.56632
86	101	0.886615
86	105	0.871878
86	117	0.888169
86	118	0.88062
86	125	0.858039
86	130	0.884126
86	132	0.873742
86	135	2.27187
86	139	0.879941
86	141	0.88279
86	149	0.884445
86	151	0.879202
86	153	0.877128
86	160	0.883472
86	162	0.884525
86	163	0.88073
86	166	1.3969
86	167	0.8169
87	17	0.828581
87	47	0.472156
87	65	0.910502
87	91	0.852161
87	97	0.846268
87	111	1.52765
87	125	0.856086
87	126	0.928111
87	130	0.882174
87	132	0.87179
87	139	0.877989
87	141	0.880837
87	149	0.882493
87	151	0.877249
87	153	0.875176
87	160	0.881519
87	162	0.882572
87	163	0.878778
87	170	2.18014
87	180	3.92126
88	44	1.55989
88	77	1.58262
88	78	1.19878
88	117	0.934822
88	121	0.930914
88	136	0.82381
88	137	0.940966
88	144	0.900725
88	150	0.880543
88	158	0.858131
88	165	0.882657
88	168	0.909493
88	171	0.890477
88	172	0.853057
88	173	0.850205
88	175	0.860499
88	176	0.884715
88	177	0.835902
88	179	0.861737
88	180	0.83516
89	58	1.83859
89	59	0.822613
89	63	1.87152
89	70	0.812766
89	74	0.877394
89	76	0.858926
89	112	1.85762
89	115	0.787516
89	122	0.813831
89	149	0.854703
89	151	0.84946
89	156	0.795234
89	157	0.773615
89	160	0.85373
89	162	0.854783
89	163	0.850988
89	176	0.802198
89	177	0.753385
89	178	0.815863
89	179	0.779219
89	180	0.752643
90	29	0.961345
90	39	0.940939
90	51	0.912086
90	56	0.915287
90	72	0.952062
90	79	0.925645
90	82	0.922541
90	83	1.55291
90	95	0.899661
90	98	0.945646
90	99	0.895236
90	100	0.887727
90	102	0.941156
90	103	0.886201
90	104	1.48315
90	112	0.918431
90	121	1.35087
90	127	0.888657
90	131	1.06967
90	140	0.92497
90	172	3.70318
91	65	0.896972
91	87	0.852161
91	101	0.871133
91	105	0.856395
91	118	0.865137
91	125	0.842556
91	126	0.914581
91	130	0.868644
91	139	0.864459
91	141	0.867308
91	142	2.32578
91	149	0.868963
91	151	0.863719
91	153	0.861646
91	156	0.809494
91	160	0.867989
91	162	0.869043
91	163	0.865248
91	164	3.74546
91	168	1.68782
91	174	1.59116
92	1	1.60123
92	29	1.20566
92	67	0.909982
92	85	0.946342
92	126	0.666502
92	146	0.956549
92	149	0.614456
92	152	0.946608
92	153	0.154335
92	154	0.86886
92	157	0.887988
92	159	0.994049
92	161	0.881493
92	166	0.986761
92	168	0.941348
92	171	0.922332
92	175	0.892354
92	176	0.91657
92	177	0.867757
92	179	0.893592
92	180	0.867015
93	8	1.69786
93	27	1.73871
93	111	0.872936
93	121	0.877026
93	136	0.769922
93	145	0.871749
93	154	0.783117
93	155	0.835008
93	157	0.802245
93	158	0.804243
93	161	0.79575
93	163	1.86434
93	164	0.788329
93	166	0.901018
93	168	0.855605
93	171	0.836589
93	176	0.830827
93	177	0.782014
93	179	0.807849
93	180	0.781272
94	27	2.36305
94	29	2.40401
94	62	1.83294
94	67	0.792837
94	121	0.845624
94	123	0.879943
94	131	0.8866
94	145	0.840347
94	146	0.839404
94	148	0.760147
94	159	0.876903
94	164	0.756926
94	165	0.797367
94	166	0.869616
94	170	0.799844
94	172	0.767767
94	173	0.764915
94	174	0.8407
94	176	0.799425
94	177	0.750612
94	179	0.776446
94	180	0.74987
95	29	0.896756
95	39	0.87635
95	42	0.800802
95	51	0.847498
95	56	0.850698
95	72	0.887473
95	79	0.861057
95	82	0.857952
95	90	0.899661
95	98	0.881058
95	99	0.830648
95	100	0.823138
95	102	0.876568
95	103	0.821612
95	110	0.879997
95	112	0.853843
95	113	0.801262
95	133	1.78205
95	140	0.860381
95	147	2.03858
95	161	3.40861
95	167	2.33452
96	3	0.81249
96	9	0.808667
96	30	0.875645
96	33	1.74726
96	35	0.86235
96	36	1.95313
96	37	2.89961
96	43	0.860298
96	72	0.870681
96	79	0.844265
96	102	0.859776
96	103	0.80482
96	112	0.83705
96	113	0.78447
96	147	0.791591
96	148	0.758608
96	164	0.755388
96	165	0.795829
96	176	0.797886
96	177	0.749073
96	179	0.774908
96	180	0.748331
97	87	0.846268
97	101	0.86524
97	105	0.850503
97	109	1.47804
97	113	2.4511
97	117	0.866794
97	118	0.859245
97	120	0.851598
97	125	0.836664
97	126	0.908689
97	130	0.862752
97	132	0.852367
97	139	0.858567
97	141	0.861415
97	146	1.65856
97	149	0.86307
97	153	0.855754
97	154	3.79513
97	160	0.862097
97	162	0.86315
97	163	0.859355
97	167	0.795526
98	29	0.942741
98	38	0.798785
98	39	0.922335
98	40	0.918504
98	42	0.846786
98	56	0.896683
98	64	1.25958
98	68	2.06683
98	72	0.933458
98	79	0.907041
98	82	0.903937
98	90	0.945646
98	95	0.881058
98	99	0.876633
98	100	0.869123
98	102	0.922553
98	103	0.867597
98	112	0.899827
98	127	0.870053
98	133	1.23358
98	137	1.22183
98	140	0.906366
98	148	3.26484
99	29	0.892331
99	31	0.80794
99	38	0.748375
99	40	0.868094
99	42	0.796377
99	51	0.843073
99	56	0.846273
99	72	0.883048
99	79	0.856632
99	82	0.853527
99	90	0.895236
99	95	0.830648
99	98	0.876633
99	100	0.818713
99	102	0.872143
99	103	0.817187
99	110	0.875572
99	112	0.849418
99	127	0.819644
99	138	1.61432
99	140	0.855956
99	177	3.83414
99	179	2.99466
100	29	0.884821
100	39	0.864415
100	40	0.860584
100	51	0.835563
100	56	0.838764
100	72	0.875538
100	79	0.849122
100	82	0.846017
100	90	0.887727
100	95	0.823138
100	98	0.869123
100	99	0.818713
100	102	0.864633
100	103	0.809678
100	110	0.868062
100	112	0.841908
100	113	0.789327
100	122	2.62738
100	127	0.812134
100	140	0.848447
100	147	2.4199
100	150	2.78829
100	169	2.01056
101	31	1.60463
101	86	0.886615
101	91	0.871133
101	97	0.86524
101	105	0.888897
101	106	0.888685
101	124	1.97094
101	125	0.875058
101	130	0.901146
101	132	0.890761
101	139	0.896961
101	141	0.899809
101	147	0.842664
101	149	0.901464
101	151	0.896221
101	152	2.11414
101	153	0.894148
101	160	0.900491
101	162	0.901544
101	163	0.897749
101	166	1.96876
101	167	0.83392
101	169	0.860273
101	178	2.30901
102	38	0.794296
102	40	0.914014
102	42	0.842297
102	51	0.888993
102	56	0.892194
102	72	0.928968
102	79	0.902552
102	80	2.49451
102	82	0.899447
102	90	0.941156
102	95	0.876568
102	96	0.859776
102	98	0.922553
102	99	0.872143
102	100	0.864633
102	103	0.863107
102	109	1.41071
102	110	0.921492
102	112	0.895338
102	113	0.842757
102	127	0.865564
102	129	1.6765
102	157	2.56665
102	167	1.88148
103	29	0.883296
103	39	0.86289
103	40	0.859059
103	42	0.787341
103	47	1.19133
103	51	0.834037
103	56	0.837238
103	72	0.874013
103	79	0.847596
103	82	0.844491
103	85	1.8827
103	90	0.886201
103	95	0.821612
103	96	0.80482
103	98	0.867597
103	99	0.817187
103	100	0.809678
103	102	0.863107
103	112	0.840382
103	113	0.787801
103	119	3.2528
103	127	0.810608
103	140	0.846921
103	178	2.32879
104	41	2.11318
104	61	0.893114
104	90	1.48315
104	108	0.845539
104	119	0.82022
104	123	0.925051
104	128	1.06431
104	129	0.873625
104	130	1.05489
104	134	0.845478
104	136	0.783627
104	144	0.860542
104	146	0.884511
104	148	0.805254
104	155	0.848713
104	165	0.842474
104	170	0.844951
104	171	0.850294
104	173	0.810022
104	175	0.820316
104	176	0.844532
104	177	0.795719
104	179	0.821553
104	180	0.794977
105	61	1.48424
105	84	0.869133
105	86	0.871878
105	91	0.856395
105	97	0.850503
105	101	0.888897
105	117	0.890451
105	120	0.875254
105	121	1.7352
105	123	1.66997
105	125	0.860321
105	126	0.932346
105	130	0.886408
105	132	0.876024
105	139	0.882223
105	140	0.879925
105	148	3.98327
105	151	0.881484
105	153	0.87941
105	159	1.29939
105	160	0.885754
105	162	0.886807
105	163	0.883012
105	167	0.819182
105	169	0.845536
106	17	0.832603
106	66	0.850722
106	84	0.868921
106	101	0.888685
106	117	0.890239
106	118	0.88269
106	120	0.875042
106	125	0.860108
106	130	0.886196
106	132	0.875812
106	139	0.882011
106	140	0.879713
106	141	0.88486
106	142	2.67075
106	149	0.886515
106	151	0.881272
106	153	0.879198
106	155	2.29516
106	160	0.885542
106	162	0.886595
106	163	0.8828
106	168	2.03279
106	169	0.845324
106	170	2.38654
106	178	1.81602
107	25	2.10162
107	75	0.836507
107	85	0.82338
107	109	0.832227
107	120	2.23016
107	132	1.65959
107	136	0.732703
107	137	0.849859
107	146	0.833588
107	152	0.823646
107	158	0.767024
107	159	0.871087
107	161	0.758531
107	164	0.75111
107	165	0.791551
107	166	0.863799
107	171	0.79937
107	172	0.76195
107	173	0.759098
107	175	0.769392
107	176	0.793609
107	177	0.744796
107	178	0.807273
107	179	0.77063
107	180	0.744054
108	53	0.812141
108	59	2.62865
108	61	0.843873
108	64	0.873876
108	69	0.798685
108	80	0.756558
108	104	0.845539
108	114	0.870033
108	128	1.9624
108	148	0.756013
108	152	0.825328
108	153	1.4822
108	155	0.799472
108	158	0.768706
108	161	0.760213
108	164	0.752792
108	168	0.820068
108	169	0.806605
108	170	0.79571
108	172	0.763633
108	175	0.771074
108	176	0.795291
108	177	0.746478
108	179	0.772312
108	180	0.745736
109	20	0.958489
109	57	0.853193
109	97	1.47804
109	102	1.41071
109	107	0.832227
109	119	0.80859
109	124	0.866077
109	125	1.92321
109	128	1.23054
109	136	0.771997
109	143	0.837061
109	145	0.873824
109	157	0.80432
109	159	0.910381
109	161	0.797825
109	164	0.790404
109	165	0.830844
109	168	0.85768
109	171	0.838664
109	175	0.808686
109	176	0.832902
109	177	0.784089
109	178	0.846567
109	179	0.809923
109	180	0.783347
110	14	1.41654
110	22	0.889162
110	28	1.59
110	54	0.892624
110	59	0.880017
110	70	0.870171
110	73	0.931885
110	76	0.916331
110	95	0.879997
110	99	0.875572
110	100	0.868062
110	102	0.921492
110	112	0.898766
110	126	0.801893
110	140	0.905305
110	144	0.875612
110	156	0.852639
110	163	1.42573
110	170	0.860021
110	171	0.865364
110	176	0.859602
110	177	0.810789
110	178	0.873267
110	179	0.836624
110	180	0.810047
111	8	1.74156
111	48	2.269
111	85	0.866164
111	87	1.52765
111	93	0.872936
111	126	1.28421
111	143	0.840551
111	145	0.877314
111	146	0.876371
111	148	0.797114
111	150	0.83222
111	154	0.788681
111	155	0.840573
111	159	0.913871
111	161	0.801315
111	170	0.836811
111	171	0.842154
111	172	0.804734
111	173	0.801882
111	175	0.812176
111	176	0.836392
111	177	0.787579
111	178	0.850057
111	179	0.813414
111	180	0.786837
112	29	0.915526
112	38	0.77157
112	39	0.89512
112	40	0.891289
112	42	0.819571
112	51	0.866267
112	56	0.869468
112	72	0.906243
112	79	0.879826
112	82	0.876722
112	89	1.85762
112	90	0.918431
112	95	0.853843
112	96	0.83705
112	98	0.899827
112	99	0.849418
112	100	0.841908
112	102	0.895338
112	103	0.840382
112	110	0.898766
112	113	0.820032
112	119	2.69921
112	127	0.842838
112	134	1.96044
112	174	1.8953
112	176	2.33094
113	10	0.789275
113	18	0.782684
113	37	0.851024
113	41	0.839354
113	43	2.49541
113	49	0.829659
113	50	0.720436
113	56	0.816887
113	95	0.801262
113	96	0.78447
113	97	2.4511
113	100	0.789327
113	102	0.842757
113	103	0.787801
113	112	0.820032
113	128	0.833569
113	149	2.18352
113	157	0.752285
113	168	0.805645
113	172	0.749209
113	174	0.822143
113	175	0.756651
113	176	0.780867
113	177	0.732055
113	179	0.757889
113	180	0.731313
114	23	1.35997
114	31	0.908594
114	84	1.60354
114	108	0.870033
114	115	0.854344
114	119	0.844714
114	126	1.0116
114	128	0.979634
114	129	0.898119
114	141	1.04859
114	146	0.909005
114	148	0.829748
114	150	0.864854
114	152	0.899063
114	154	0.821315
114	157	0.840444
114	161	0.833949
114	165	0.866968
114	170	0.869445
114	171	0.874788
114	173	0.834516
114	175	0.84481
114	176	0.869026
114	177	0.820213
114	178	0.882691
114	179	0.846047
114	180	0.819471
115	49	2.65206
115	89	0.787516
115	114	0.854344
115	123	0.86012
115	133	0.82965
115	134	0.780547
115	139	2.02691
115	141	2.25209
115	142	0.762605
115	143	0.783761
115	144	0.795612
115	146	0.819581
115	148	0.740324
115	154	0.731891
115	155	0.783783
115	161	0.744524
115	166	0.849792
115	168	0.804379
115	169	0.790916
115	170	0.78002
115	171	0.785363
115	173	0.745091
115	175	0.755385
115	176	0.779602
115	177	0.730789
115	178	0.793266
115	179	0.756623
115	180	0.730047
116	5	0.853875
116	10	0.858172
116	13	0.956593
116	18	0.851581
116	37	0.919921
116	41	0.908251
116	45	0.877293
116	48	0.876722
116	49	0.898556
116	58	0.924357
116	62	0.924053
116	71	1.14383
116	132	0.891567
116	144	1.67715
116	149	0.90227
116	150	2.22127
116	151	0.897026
116	153	0.894953
116	160	0.901296
116	162	0.902349
116	163	0.898555
116	165	2.32133
116	167	0.834725
116	168	1.99849
116	169	0.861078
116	174	0.89104
116	175	2.66175
116	178	0.863429
117	61	1.06048
117	84	0.885424
117	86	0.888169
117	88	0.934822
117	97	0.866794
117	105	0.890451
117	106	0.890239
117	118	0.899192
117	120	0.891545
117	125	0.876611
117	126	0.948637
117	130	0.902699
117	132	0.892315
117	134	0.851458
117	137	1.5165
117	138	0.867211
117	139	0.898514
117	141	0.901363
117	145	1.4856
117	147	0.844218
117	149	0.903018
117	151	0.897774
117	153	0.895701
117	160	0.902045
117	162	0.903098
117	163	0.899303
117	176	2.26936
117	177	4.03544
118	23	0.831709
118	53	1.90765
118	84	0.877875
118	86	0.88062
118	91	0.865137
118	97	0.859245
118	106	0.88269
118	117	0.899192
118	120	0.883996
118	124	1.46793
118	125	0.869062
118	126	0.941087
118	130	0.89515
118	132	0.884766
118	139	0.890965
118	140	0.888667
118	141	0.893814
118	147	0.836669
118	149	0.895469
118	151	0.890225
118	153	0.888152
118	160	0.894495
118	162	0.895549
118	163	0.891754
118	166	1.46574
118	169	0.854278
118	170	2.37652
118	175	2.68603
118	176	2.36174
119	103	3.2528
119	104	0.82022
119	109	0.80859
119	112	2.69921
119	114	0.844714
119	129	0.799065
119	131	0.857147
119	133	0.82002
119	140	1.96537
119	144	0.785982
119	145	0.810894
119	147	0.763677
119	150	0.765799
119	155	0.774153
119	156	0.763008
119	158	0.743387
119	159	0.84745
119	161	0.734894
119	164	0.727473
119	166	0.840163
119	168	0.794749
119	170	0.770391
119	171	0.775733
119	173	0.735462
119	175	0.745755
119	176	0.769972
119	177	0.721159
119	179	0.746993
119	180	0.720417
120	65	0.915831
120	84	0.870228
120	97	0.851598
120	105	0.875254
120	106	0.875042
120	107	2.23016
120	117	0.891545
120	118	0.883996
120	125	0.861415
120	126	0.93344
120	130	0.887503
120	132	0.877119
120	138	0.852014
120	139	0.883318
120	141	0.886167
120	146	1.82533
120	147	0.829021
120	149	0.887822
120	151	0.882578
120	152	1.55361
120	153	0.880505
120	156	0.828353
120	160	0.886848
120	162	0.887902
120	163	0.884107
120	165	2.28808
120	167	0.820277
120	169	0.846631
120	170	2.319
120	176	2.30421
121	66	2.3692
121	79	1.59623
121	88	0.930914
121	90	1.35087
121	93	0.877026
121	94	0.845624
121	105	1.7352
121	128	0.932025
121	131	0.927659
121	143	0.844642
121	145	0.881405
121	150	0.83631
121	152	0.87052
121	154	0.792772
121	155	0.844664
121	158	0.813899
121	159	0.917962
121	161	0.805405
121	164	0.797985
121	166	0.910674
121	168	0.86526
121	171	0.846245
121	172	0.808825
121	173	0.805973
121	175	0.816267
121	176	0.840483
121	177	0.79167
121	179	0.817504
121	180	0.790928
122	25	1.89857
122	61	0.854499
122	75	0.848816
122	89	0.813831
122	100	2.62738
122	124	0.839092
122	127	0.815307
122	129	0.83501
122	130	1.60343
122	138	0.822615
122	140	1.32
122	144	0.821927
122	146	0.845896
122	150	0.801744
122	154	0.758206
122	157	0.777334
122	158	0.779333
122	159	0.883396
122	161	0.770839
122	164	0.763419
122	166	0.876108
122	168	0.830694
122	170	0.806336
122	172	0.774259
122	173	0.771407
122	175	0.781701
122	176	0.805917
122	177	0.757104
122	179	0.782938
122	180	0.756362
123	46	1.77658
123	60	1.19534
123	71	0.938121
123	80	0.83607
123	94	0.879943
123	104	0.925051
123	105	1.66997
123	115	0.86012
123	129	0.903896
123	133	0.92485
123	139	0.710583
123	143	0.878962
123	148	0.835525
123	149	0.846721
123	150	0.87063
123	154	0.827092
123	155	0.878984
123	158	0.848218
123	162	0.928309
123	164	0.832304
123	165	0.872745
123	168	0.89958
123	169	0.886117
123	170	0.875221
123	172	0.843144
123	173	0.840292
123	175	0.850586
123	176	0.874803
123	177	0.82599
123	179	0.851824
123	180	0.825248
124	55	0.939169
124	69	0.830853
124	71	0.890777
124	81	0.864211
124	85	0.85723
124	101	1.97094
124	109	0.866077
124	118	1.46793
124	122	0.839092
124	125	1.68881
124	133	0.877507
124	143	0.831618
124	147	0.821164
124	149	0.976061
124	150	0.823286
124	151	1.02931
124	152	0.857496
124	155	0.83164
124	157	0.798876
124	161	0.792381
124	164	0.78496
124	165	0.825401
124	166	0.89765
124	170	0.827877
124	171	0.83322
124	172	0.7958
124	175	0.803242
124	176	0.827459
124	177	0.778646
124	179	0.80448
124	180	0.777904
125	19	0.801042
125	23	0.809128
125	36	0.869654
125	65	0.900897
125	66	0.837095
125	86	0.858039
125	87	0.856086
125	91	0.842556
125	97	0.836664
125	101	0.875058
125	105	0.860321
125	106	0.860108
125	109	1.92321
125	117	0.876611
125	118	0.869062
125	120	0.861415
125	124	1.68881
125	126	0.918506
125	130	0.872569
125	139	0.868384
125	141	0.871233
125	149	0.872888
125	151	0.867644
125	153	0.865571
125	159	1.18888
125	160	0.871914
125	162	0.872968
125	163	0.869173
125	166	1.68663
125	169	0.831697
125	171	2.45588
125	179	3.50923
126	19	0.873067
126	23	0.881153
126	66	0.90912
126	67	1.85326
126	75	1.08775
126	84	0.927319
126	87	0.928111
126	91	0.914581
126	92	0.666502
126	97	0.908689
126	105	0.932346
126	110	0.801893
126	111	1.28421
126	114	1.0116
126	117	0.948637
126	118	0.941087
126	120	0.93344
126	125	0.918506
126	128	0.945109
126	132	0.93421
126	139	0.940409
126	141	0.943258
126	147	0.886113
126	149	0.944913
126	151	0.939669
126	153	0.937596
126	156	0.885444
126	160	0.94394
126	162	0.944993
126	163	0.941198
126	164	3.64058
126	166	1.02592
126	167	0.877368
127	9	2.66448
127	10	2.19672
127	13	1.58982
127	37	1.45323
127	41	1.69576
127	66	0.820386
127	72	0.876469
127	82	0.846948
127	90	0.888657
127	98	0.870053
127	99	0.819644
127	100	0.812134
127	102	0.865564
127	103	0.810608
127	112	0.842838
127	122	0.815307
127	132	0.845477
127	141	0.854524
127	149	0.856179
127	151	0.850936
127	158	0.77709
127	159	0.881153
127	160	0.855206
127	162	0.856259
127	163	0.852465
127	170	0.804093
127	171	0.809436
127	175	0.779458
127	176	0.803674
127	177	0.754861
127	179	0.780696
127	180	0.754119
128	5	0.851096
128	10	0.855393
128	13	0.953814
128	18	0.848802
128	37	0.917142
128	41	0.905472
128	49	0.895777
128	54	0.880007
128	59	0.8674
128	70	0.857554
128	73	0.919268
128	74	0.922182
128	76	0.903714
128	104	1.06431
128	108	1.9624
128	109	1.23054
128	113	0.833569
128	114	0.979634
128	121	0.932025
128	126	0.945109
128	138	0.863683
128	141	0.897835
128	149	0.899491
128	151	0.894247
128	153	0.892174
128	156	0.840022
128	160	0.898517
128	162	0.89957
128	163	0.895776
128	168	1.55098
128	174	0.888261
128	178	0.86065
128	180	3.64586
129	82	2.06861
129	102	1.6765
129	104	0.873625
129	114	0.898119
129	119	0.799065
129	122	0.83501
129	123	0.903896
129	136	0.762472
129	137	0.879628
129	140	1.20348
129	142	0.80638
129	145	0.864299
129	148	0.784099
129	152	0.853414
129	153	1.01613
129	154	0.775666
129	155	0.827558
129	157	0.794794
129	158	0.796793
129	159	0.900856
129	160	1.7185
129	164	0.780879
129	165	0.821319
129	166	0.893568
129	168	0.848154
129	170	0.823796
129	172	0.791719
129	173	0.788867
129	175	0.799161
129	176	0.823377
129	177	0.774564
129	179	0.800398
129	180	0.773822
130	17	0.845064
130	19	0.82713
130	36	0.895742
130	84	0.881381
130	86	0.884126
130	87	0.882174
130	91	0.868644
130	97	0.862752
130	101	0.901146
130	104	1.05489
130	105	0.886408
130	106	0.886196
130	117	0.902699
130	118	0.89515
130	120	0.887503
130	122	1.60343
130	125	0.872569
130	132	0.888273
130	135	1.85952
130	138	0.863168
130	139	0.894472
130	141	0.89732
130	143	2.46383
130	149	0.898976
130	151	0.893732
130	153	0.891659
130	159	1.0962
130	160	0.898002
130	162	0.899055
130	163	0.895261
130	164	3.5992
130	167	0.831431
130	169	0.857785
130	179	2.80714
131	30	1.69112
131	35	1.39004
131	78	1.2942
131	90	1.06967
131	94	0.8866
131	119	0.857147
131	121	0.927659
131	133	0.931507
131	142	0.864463
131	143	0.885619
131	145	0.922381
131	148	0.842182
131	149	0.630752
131	150	0.877287
131	155	0.885641
131	156	0.874496
131	158	0.854875
131	159	0.958938
131	161	0.846382
131	162	0.712341
131	163	1.30664
131	164	0.838961
131	165	0.879402
131	166	0.95165
131	168	0.906237
131	169	0.892774
131	170	0.881878
131	171	0.887221
131	173	0.846949
131	175	0.857243
131	176	0.88146
131	177	0.832647
131	179	0.858481
131	180	0.831905
132	36	0.885358
132	66	0.852799
132	84	0.870997
132	86	0.873742
132	87	0.87179
132	97	0.852367
132	101	0.890761
132	105	0.876024
132	106	0.875812
132	107	1.65959
132	116	0.891567
132	117	0.892315
132	118	0.884766
132	120	0.877119
132	126	0.93421
132	127	0.845477
132	130	0.888273
132	134	0.837032
132	137	0.980778
132	139	0.884088
132	141	0.886936
132	149	0.888592
132	151	0.883348
132	153	0.881275
132	156	0.829123
132	160	0.887618
132	161	2.61909
132	162	0.888671
132	163	0.884877
132	167	0.821047
132	169	0.8474
132	173	2.91307
132	174	1.29801
132	175	2.05793
132	177	3.49972
133	40	1.50767
133	53	0.861182
133	78	1.7922
133	95	1.78205
133	98	1.23358
133	115	0.82965
133	119	0.82002
133	123	0.92485
133	124	0.877507
133	131	0.931507
133	137	0.900582
133	138	0.86103
133	144	0.860342
133	146	0.884311
133	148	0.805054
133	151	1.18201
133	152	0.874369
133	154	0.796621
133	157	0.815749
133	159	0.92181
133	161	0.809254
133	162	1.21035
133	164	0.801833
133	165	0.842274
133	166	0.914523
133	168	0.869109
133	170	0.844751
133	171	0.850093
133	172	0.812674
133	173	0.809822
133	176	0.844332
133	177	0.795519
133	179	0.821353
133	180	0.794777
134	23	0.783975
134	43	1.81126
134	46	2.42924
134	54	0.828251
134	56	2.32472
134	59	0.815644
134	63	1.97434
134	70	0.805798
134	73	0.867512
134	74	0.870426
134	76	0.851958
134	104	0.845478
134	112	1.96044
134	115	0.780547
134	117	0.851458
134	132	0.837032
134	137	0.85148
134	142	0.778233
