1	57	2.10555
1	100	1.30446
1	122	0.765998
1	123	0.759573
1	142	0.787758
1	146	0.802429
1	156	0.791764
1	160	0.808327
1	162	1.83561
1	164	0.812956
1	177	0.840611
1	178	0.830612
2	75	1.02699
2	118	0.891037
2	127	1.10546
2	139	0.85558
2	155	0.881348
2	158	0.903773
2	161	0.8991
2	163	0.916679
2	166	1.59904
2	167	0.917606
2	168	0.934921
2	171	1.70349
3	13	1.64376
3	80	1.71705
3	85	0.77461
3	108	0.770783
3	109	1.90958
3	125	0.789003
3	126	0.768563
3	159	0.804683
3	164	0.811139
3	169	0.813625
3	177	0.838794
3	178	0.828795
4	61	0.787485
4	119	0.789594
4	146	0.788
4	151	1.58171
4	154	1.84489
4	157	0.799129
4	160	0.793898
4	164	0.798527
4	169	0.801013
4	175	1.84076
4	177	0.826182
4	178	0.816183
5	41	0.622321
5	43	1.34929
5	52	1.42141
5	75	0.876785
5	82	0.798346
5	140	0.854574
5	144	0.86154
5	169	1.53945
5	170	0.803388
5	172	0.822891
5	174	0.792136
5	179	0.768027
6	65	0.627113
6	86	0.331423
6	95	0.825171
6	130	0.881175
6	134	0.840826
6	143	0.79633
6	169	1.9591
6	172	0.825446
6	174	0.794691
6	175	0.852003
6	177	2.00137
6	180	0.757259
7	43	0.893324
7	131	0.883619
7	138	1.37447
7	139	0.85855
7	155	0.884318
7	161	0.90207
7	163	0.91965
7	166	1.40064
7	167	0.920576
7	168	0.937891
7	170	1.1498
7	171	1.50509
8	42	0.459414
8	107	0.641211
8	138	0.574109
8	141	0.60594
8	160	0.628923
8	163	0.652151
8	166	0.56025
8	167	0.653077
8	168	0.670392
8	173	0.572774
8	178	0.651208
8	180	0.53066
9	81	1.77469
9	119	0.799314
9	126	0.765672
9	142	0.78305
9	144	1.63868
9	146	0.797721
9	156	0.787055
9	159	0.801791
9	160	0.803619
9	170	1.86259
9	177	0.835903
9	178	0.825903
10	49	0.722064
10	106	0.817039
10	113	0.892262
10	114	1.46587
10	122	1.36648
10	152	0.8381
10	153	0.789678
10	156	1.49037
10	171	0.775138
10	173	0.793503
10	176	0.807507
10	179	0.764713
11	118	0.790348
11	139	0.75489
11	150	0.805518
11	152	1.54106
11	155	0.780659
11	158	0.803083
11	161	0.798411
11	163	0.81599
11	167	0.816916
11	168	0.834232
11	173	1.99466
11	176	1.71878
12	28	1.61171
12	91	0.815168
12	107	0.84622
12	117	0.794734
12	149	0.816629
12	154	0.782302
12	159	1.42346
12	165	0.794511
12	169	1.28699
12	170	0.784354
12	175	0.830414
12	180	0.735669
13	3	1.64376
13	36	1.10948
13	81	0.874603
13	93	0.967471
13	116	0.796058
13	148	0.900303
13	162	0.882388
13	171	0.860371
13	172	0.90481
13	173	0.878736
13	175	0.931367
13	177	0.781922
14	67	0.436304
14	76	2.90851
14	130	0.699391
14	159	0.67191
14	163	0.696965
14	165	0.634316
14	167	0.697891
14	168	0.715206
14	169	0.680852
14	172	0.643662
14	173	0.617588
14	177	0.706021
15	38	0.821764
15	45	0.926628
15	76	0.83389
15	77	3.64694
15	86	0.888948
15	98	0.849876
15	103	0.902118
15	105	0.873732
15	140	0.343954
15	145	4.80586
15	147	0.84737
15	151	0.855449
15	162	0.184368
16	80	1.14789
16	85	0.852938
16	137	0.704098
16	142	0.86427
16	149	1.46798
16	157	0.89007
16	159	0.883011
16	164	0.889468
16	169	0.891953
16	170	1.58409
16	172	1.62071
16	177	0.917122
16	178	0.907123
17	33	1.76136
17	99	0.832458
17	111	1.35524
17	131	0.846556
17	148	1.40715
17	149	1.3121
17	150	0.872115
17	155	0.847256
17	158	0.86968
17	161	0.865008
17	163	0.882587
17	167	0.883513
17	168	0.900829
18	82	0.859602
18	104	0.870883
18	120	0.942549
18	151	0.881427
18	160	1.23408
18	164	1.16686
18	165	0.874801
18	167	1.13728
18	174	0.853392
18	176	0.872077
18	177	1.02811
18	179	0.829283
18	180	0.81596
19	36	0.785174
19	112	0.884337
19	131	0.851566
19	155	0.852266
19	158	0.874691
19	161	0.870018
19	163	0.887597
19	166	1.37028
19	167	0.888524
19	168	0.905839
19	171	1.47474
19	172	1.15607
19	179	1.83074
20	59	1.35202
20	81	0.85082
20	144	0.919676
20	152	0.89955
20	154	0.859472
20	156	1.03105
20	160	1.16333
20	173	0.854953
20	175	0.907584
20	176	0.868957
20	178	1.03378
20	179	0.826163
20	180	0.812839
21	102	0.843492
21	132	0.827024
21	140	0.918748
21	146	1.12393
21	147	1.00079
21	152	0.905588
21	154	0.86551
21	160	1.28991
21	175	0.913622
21	176	0.874995
21	178	1.16036
21	179	0.832201
21	180	0.818877
22	27	0.81851
22	73	0.885038
22	89	0.845539
22	111	1.2525
22	115	1.18026
22	142	0.85298
22	146	0.867651
22	156	0.856986
22	159	0.871722
22	176	1.34898
22	177	0.905833
22	178	0.895834
22	179	2.03676
23	28	1.11529
23	40	1.25528
23	54	1.2242
23	132	0.829442
23	140	0.921166
23	143	0.860367
23	162	0.867061
23	164	0.971598
23	165	0.880137
23	170	0.86998
23	175	0.91604
23	179	0.834619
23	180	0.821295
24	25	1.08794
24	52	0.845306
24	125	0.854938
24	141	0.849462
24	156	0.855882
24	159	0.870618
24	160	0.872445
24	164	0.877074
24	169	0.879559
24	171	1.79595
24	172	1.47728
24	176	1.46418
24	178	0.89473
25	24	1.08794
25	29	1.29961
25	53	0.773621
25	93	0.945224
25	123	1.29913
25	149	0.895335
25	153	0.852664
25	159	1.03288
25	162	0.860141
25	165	0.873217
25	170	0.86306
25	175	0.90912
25	179	0.827699
26	59	1.34091
26	65	0.705871
26	117	0.895082
26	135	0.939935
26	141	1.17421
26	148	0.899698
26	167	1.05542
26	168	0.99842
26	170	0.884701
26	171	0.859766
26	174	0.873449
26	176	0.892135
26	179	0.849341
27	22	0.81851
27	31	0.792451
27	63	0.869921
27	69	0.7886
27	100	1.07595
27	146	0.848334
27	156	0.837669
27	159	0.852405
27	160	0.854233
27	162	1.6071
27	169	0.861347
27	170	1.43349
27	178	0.876517
27	180	2.11693
28	12	1.61171
28	23	1.11529
28	62	0.803492
28	74	0.810541
28	119	0.843844
28	142	0.827579
28	156	0.831585
28	159	0.846321
28	160	0.848148
28	164	0.852777
28	169	0.855263
28	170	1.57386
28	172	1.61047
28	177	0.880432
29	25	1.29961
29	44	0.865736
29	53	0.724877
29	85	0.831994
29	113	1.25768
29	122	0.821566
29	142	0.843326
29	154	1.75812
29	160	0.863895
29	166	0.795221
29	169	0.871009
29	175	1.754
29	177	0.896179
29	178	0.886179
30	38	0.803471
30	63	0.88564
30	64	0.458178
30	76	0.815598
30	86	0.870656
30	98	0.831583
30	103	0.883825
30	105	0.855439
30	129	4.16403
30	136	4.36174
30	138	0.815137
30	151	0.837156
30	166	0.801278
30	173	0.316183
31	27	0.792451
31	44	0.849331
31	62	0.802834
31	71	0.805333
31	104	1.43396
31	113	1.06258
31	153	1.57087
31	157	0.852721
31	159	0.845662
31	160	0.84749
31	169	0.854604
31	177	0.879774
31	178	0.869774
31	179	2.16852
32	45	0.0235472
32	86	4.0762
32	91	0.711416
32	110	0.524246
32	116	0.747828
32	129	0.522068
32	157	0.735411
32	163	0.753408
32	165	0.690759
32	167	0.754334
32	168	0.771649
32	173	0.674031
32	177	0.762464
32	178	0.752465
33	17	1.76136
33	43	1.39212
33	86	0.306812
33	115	0.860768
33	116	1.63869
33	148	0.856649
33	152	0.879679
33	166	0.822558
33	170	0.841652
33	171	0.816717
33	173	0.835082
33	175	0.887713
33	179	0.806292
33	180	0.792968
34	36	1.14922
34	54	0.892127
34	66	1.14629
34	98	0.933605
34	126	0.934026
34	130	0.997626
34	141	0.94899
34	155	0.760152
34	161	0.822424
34	166	0.9033
34	167	0.930833
34	170	0.922394
34	178	0.994258
34	180	0.87371
35	61	0.839005
35	87	1.6226
35	94	0.789518
35	108	0.809692
35	146	0.839521
35	151	1.32104
35	154	1.58422
35	156	0.828855
35	160	0.845419
35	164	0.850048
35	165	1.706
35	169	0.852533
35	177	0.877702
35	178	0.867703
36	13	1.10948
36	19	0.785174
36	34	1.14922
36	97	0.837304
36	112	0.850043
36	114	0.854322
36	155	0.817971
36	158	0.840396
36	161	0.835723
36	162	1.79258
36	163	0.853303
36	166	1.8698
36	167	0.854229
36	168	0.871544
37	57	0.762211
37	61	1.3311
37	63	1.32167
37	64	0.852031
37	95	0.843359
37	147	1.31116
37	152	0.862157
37	170	0.824131
37	171	0.799196
37	172	0.843634
37	173	0.81756
37	176	0.831564
37	177	1.39431
37	179	0.78877
37	180	0.775447
38	15	0.821764
38	30	0.803471
38	45	0.881176
38	76	0.788437
38	86	0.843495
38	98	0.804423
38	103	0.856665
38	105	0.828279
38	129	5.01531
38	137	3.44453
38	138	0.787977
38	143	0.419547
38	151	0.809996
38	166	0.774118
38	179	0.353772
39	73	0.832136
39	88	1.51436
39	130	1.44466
39	141	0.797664
39	156	0.804084
39	157	0.825878
39	159	0.81882
39	160	0.820648
39	164	0.825277
39	165	1.93638
39	166	0.751974
39	169	0.827762
39	176	1.73232
39	177	0.852931
39	178	0.842932
40	23	1.25528
40	99	0.78356
40	106	1.72285
40	112	0.830429
40	114	0.834709
40	139	0.772589
40	140	1.51313
40	150	0.823217
40	155	0.798357
40	158	0.820782
40	161	0.816109
40	163	0.833689
40	166	1.96468
40	167	0.834615
40	168	0.85193
41	5	0.622321
41	45	5.11832
41	90	0.440583
41	106	0.646012
41	137	0.497884
41	161	0.684274
41	164	0.683255
41	167	0.702779
41	168	0.720095
41	169	0.68574
41	175	0.675107
41	176	0.63648
41	177	0.710909
41	178	0.70091
41	179	0.593686
42	8	0.459414
42	45	0.778147
42	54	0.659916
42	72	0.674852
42	86	0.740466
42	106	0.707149
42	139	2.77459
42	141	0.716779
42	146	0.733864
42	147	0.698889
42	155	2.90592
42	177	0.772046
42	178	0.762047
42	179	0.654823
42	180	0.641499
43	5	1.34929
43	7	0.893324
43	33	1.39212
43	60	2.11831
43	101	0.829224
43	120	0.825919
43	130	0.794823
43	133	0.876999
43	139	0.868301
43	150	0.918929
43	155	0.89407
43	161	0.911822
43	163	0.929401
43	167	0.930327
43	168	0.947643
44	29	0.865736
44	31	0.849331
44	89	0.883102
44	119	0.906808
44	126	0.873165
44	127	1.06227
44	160	0.911112
44	164	0.915741
44	165	1.53259
44	169	0.918227
44	170	1.30501
44	174	1.56948
44	176	1.32852
44	177	0.943396
44	178	0.933397
45	15	0.926628
45	32	0.0235472
45	38	0.881176
45	41	5.11832
45	42	0.778147
45	54	0.86781
45	84	0.40919
45	86	0.94836
45	98	0.909288
45	103	0.961529
45	105	0.933143
45	145	3.06226
45	151	0.91486
45	166	0.878982
45	175	0.403919
46	79	0.793059
46	81	1.58454
46	97	0.821618
46	114	0.838635
46	131	0.801585
46	139	0.776516
46	144	1.44854
46	150	0.827144
46	155	0.802284
46	158	0.824709
46	161	0.820036
46	167	0.838542
46	168	0.855857
46	170	1.67245
46	174	1.93691
47	97	0.910927
47	101	0.826748
47	133	0.874523
47	138	1.18827
47	139	0.865825
47	150	0.916453
47	155	0.891593
47	158	0.914018
47	163	0.926925
47	166	1.21444
47	167	0.927851
47	168	0.945166
47	175	1.06527
47	179	1.6749
47	180	1.64705
48	71	1.58209
48	72	1.97602
48	91	1.48008
48	92	1.58267
48	101	0.745901
48	131	0.810047
48	133	0.793676
48	139	0.784978
48	150	0.835606
48	155	0.810747
48	158	0.833171
48	161	0.828499
48	163	0.846078
48	167	0.847004
48	168	0.86432
49	10	0.722064
49	54	2.26742
49	81	0.721401
49	134	0.766988
49	139	1.68323
49	144	0.790257
49	153	0.721709
49	154	0.730053
49	159	1.97027
49	165	0.742262
49	170	0.732105
49	171	0.70717
49	172	0.751608
49	175	0.778165
49	176	0.739538
49	179	0.696744
50	77	0.684922
50	84	0.858992
50	124	1.45451
50	127	0.886124
50	135	0.862119
50	137	0.675723
50	141	1.55316
50	149	0.839161
50	167	1.43437
50	173	0.800315
50	174	0.795633
50	175	0.852946
50	176	0.814319
50	177	1.3252
50	179	0.771525
50	180	0.758201
51	53	0.685561
51	56	1.84675
51	76	0.770224
51	103	0.838452
51	127	0.854238
51	134	0.809882
51	139	1.1788
51	154	0.772948
51	157	0.829809
51	163	1.26029
51	164	0.829207
51	166	0.755905
51	167	1.48081
51	171	0.750064
51	177	0.856862
51	178	0.846863
52	5	1.42141
52	24	0.845306
52	94	0.826231
52	122	0.839803
52	125	0.864625
52	142	0.861563
52	143	1.32236
52	151	0.973701
52	157	0.887363
52	159	0.880304
52	164	0.886761
52	169	0.889246
52	171	1.48638
52	177	0.914416
52	178	0.904416
52	179	1.84238
53	25	0.773621
53	29	0.724877
53	51	0.685561
53	85	0.738353
53	86	0.770958
53	98	0.731886
53	102	0.696606
53	103	0.784128
53	104	0.726915
53	153	0.710279
53	155	1.97146
53	159	0.768426
53	161	2.03374
53	163	1.92162
53	171	0.69574
53	178	0.792538
54	23	1.2242
54	34	0.892127
54	42	0.659916
54	45	0.86781
54	49	2.26742
54	71	0.787269
54	76	0.775072
54	86	0.83013
54	92	0.783327
54	103	0.843299
54	105	0.814913
54	113	1.2881
54	147	0.788552
54	151	0.79663
54	166	0.760752
54	174	1.94722
55	74	1.38279
55	126	1.10181
55	129	0.739268
55	142	1.27431
55	143	0.888188
55	145	0.768728
55	148	0.912798
55	150	0.928413
55	167	0.948433
55	170	0.897801
55	172	0.917304
55	173	0.891231
55	174	0.886549
55	175	0.943862
55	176	0.905235
55	180	0.849117
56	51	1.84675
56	66	0.746816
56	75	1.4453
56	101	0.746482
56	118	0.821017
56	130	1.50237
56	136	0.630677
56	139	0.78556
56	150	0.836188
56	155	0.811328
56	158	0.833753
56	161	0.82908
56	163	0.84666
56	167	0.847586
56	168	0.864901
56	173	2.06591
57	1	2.10555
57	37	0.762211
57	64	0.776094
57	96	0.736239
57	112	1.8182
57	121	0.797321
57	152	0.78622
57	154	0.746142
57	171	0.723259
57	172	0.767697
57	174	0.736942
57	176	0.755627
57	178	1.81138
57	179	0.712833
57	180	0.699509
58	73	0.886884
58	89	0.847386
58	95	1.36648
58	117	1.51432
58	125	0.857889
58	126	0.837449
58	141	0.852413
58	146	0.869498
58	151	1.37235
58	152	1.37552
58	157	0.880627
58	164	0.880025
58	169	0.88251
58	176	1.55325
58	177	0.90768
58	178	0.897681
59	20	1.35202
59	26	1.34091
59	69	0.811233
59	94	0.820963
59	121	1.45471
59	122	0.834536
59	123	0.82811
59	126	0.838918
59	127	1.44332
59	141	0.853881
59	146	0.870966
59	157	0.882096
59	159	0.875037
59	160	0.876865
59	166	0.808191
59	170	1.68606
59	178	0.899149
60	43	2.11831
60	61	2.28753
60	75	0.809034
60	81	0.724933
60	84	0.787744
60	85	2.06138
60	90	0.547173
60	152	0.773663
60	154	0.733585
60	170	0.735637
60	171	0.710702
60	172	0.75514
60	173	0.729067
60	174	0.724385
60	175	0.781697
60	179	0.700276
60	180	0.686953
61	4	0.787485
61	35	0.839005
61	37	1.3311
61	60	2.28753
61	67	0.665424
61	122	0.860529
61	125	0.88535
61	141	0.879874
61	142	0.882289
61	144	1.00429
61	145	0.724206
61	149	1.11209
61	157	0.908088
61	164	0.907486
61	173	1.52759
61	177	0.935141
61	178	0.925142
62	28	0.803492
62	31	0.802834
62	73	0.876104
62	94	0.808714
62	115	1.45682
62	130	1.33789
62	140	1.40132
62	141	0.841632
62	146	0.858717
62	152	1.44782
62	156	0.848052
62	157	0.869846
62	159	0.862788
62	164	0.869244
62	169	0.87173
62	173	1.90143
62	178	0.8869
63	27	0.869921
63	30	0.88564
63	37	1.32167
63	87	1.36293
63	103	0.938834
63	105	0.910448
63	108	0.889233
63	117	1.20334
63	127	0.976015
63	148	1.1977
63	150	0.937716
63	163	0.948188
63	167	0.949114
63	168	0.966429
63	173	1.51815
63	177	0.957244
63	178	0.947245
64	30	0.458178
64	37	0.852031
64	57	0.776094
64	75	0.911411
64	85	1.71215
64	88	0.882922
64	97	1.80309
64	103	0.00510314
64	140	0.8892
64	149	0.870289
64	165	0.848171
64	170	0.838014
64	171	0.813079
64	175	0.884074
64	176	0.845447
64	177	2.00151
64	180	0.78933
65	6	0.627113
65	26	0.705871
65	68	0.652882
65	105	5.78905
65	110	0.474929
65	128	0.413654
65	137	0.500122
65	157	0.686094
65	160	0.680863
65	161	0.686511
65	162	0.628365
65	163	0.70409
65	167	0.705016
65	168	0.722332
65	177	0.713146
65	178	0.703147
65	179	0.595923
66	34	1.14629
66	56	0.746816
66	78	1.65589
66	79	0.811326
66	112	0.852623
66	114	0.856903
66	133	0.803481
66	139	0.794783
66	143	1.8073
66	148	1.59496
66	150	0.845411
66	155	0.820552
66	158	0.842976
66	161	0.838304
66	163	0.855883
66	167	0.856809
66	168	0.874124
66	176	1.63954
67	14	0.436304
67	61	0.665424
67	76	5.30851
67	83	0.595775
67	110	0.465904
67	114	0.696085
67	123	0.623084
67	151	0.639042
67	163	0.695065
67	164	0.676467
67	167	0.695992
67	168	0.713307
67	172	0.641762
67	173	0.615689
67	175	0.66832
67	177	0.704122
67	178	0.694122
67	180	0.573575
68	65	0.652882
68	84	0.883819
68	85	0.98879
68	93	0.913876
68	96	0.819757
68	100	0.886715
68	150	1.3673
68	154	0.82966
68	162	0.828793
68	164	1.41691
68	165	0.841869
68	171	0.806776
68	172	0.851215
68	173	0.825141
68	174	0.820459
68	176	0.839145
68	177	1.27815
68	178	1.35457
69	27	0.7886
69	59	0.811233
69	81	1.63201
69	89	0.815629
69	109	1.47625
69	125	0.826132
69	142	0.82307
69	149	1.6038
69	151	1.56252
69	156	0.827076
69	157	0.84887
69	160	0.843639
69	164	0.848268
69	166	0.774966
69	169	0.850754
69	170	1.71991
69	177	0.875923
69	178	0.865924
70	85	0.759032
70	93	0.968408
70	108	1.03984
70	113	0.978433
70	114	1.09758
70	127	0.965483
70	135	0.941478
70	137	0.755082
70	140	0.937431
70	156	1.12208
70	157	1.1721
70	170	0.886244
70	172	0.905747
70	173	0.879674
70	176	0.893678
70	177	1.0484
70	179	0.850884
70	180	0.83756
71	31	0.805333
71	48	1.58209
71	54	0.787269
71	76	0.812761
71	98	0.828747
71	105	0.852602
71	112	1.30742
71	138	0.812301
71	143	0.807923
71	144	0.875688
71	160	0.867115
71	163	1.11282
71	167	1.33335
71	168	1.27635
71	171	0.792601
71	177	0.899398
71	178	0.889399
71	180	0.768851
72	42	0.674852
72	48	1.97602
72	95	0.814011
72	104	0.801022
72	129	0.636249
72	132	0.754245
72	144	0.852935
72	153	0.784387
72	155	1.5566
72	156	1.69179
72	162	0.791864
72	163	1.50675
72	166	0.775688
72	170	0.794783
72	173	0.788212
72	174	0.78353
72	176	0.802216
72	180	0.746098
73	22	0.885038
73	39	0.832136
73	58	0.886884
73	62	0.876104
73	119	0.916455
73	126	0.882813
73	135	0.941347
73	141	0.897776
73	147	0.879886
73	152	1.05466
73	159	0.918932
73	169	0.927874
73	171	1.56416
73	174	1.47334
73	176	1.23239
73	177	0.953043
73	178	0.943044
73	180	1.89232
74	28	0.810541
74	55	1.38279
74	77	0.700122
74	100	1.4774
74	108	0.835937
74	116	0.889312
74	128	0.604456
74	135	1.56741
74	149	1.71882
74	151	1.67754
74	156	0.855101
74	157	0.876895
74	160	0.871664
74	164	0.876293
74	166	0.802991
74	169	0.878779
74	177	0.903948
74	178	0.893949
75	2	1.02699
75	5	0.876785
75	56	1.4453
75	60	0.809034
75	64	0.911411
75	109	0.913751
75	120	0.961416
75	126	1.23273
75	132	0.842974
75	157	1.09389
75	159	1.06438
75	164	1.10894
75	171	0.858576
75	172	0.903014
75	173	0.876941
75	174	0.872259
75	176	0.890944
75	179	0.84815
75	180	0.834827
76	14	2.90851
76	15	0.83389
76	30	0.815598
76	38	0.788437
76	51	0.770224
76	54	0.775072
76	67	5.30851
76	71	0.812761
76	77	1.81837
76	86	0.855622
76	98	0.81655
76	103	0.868791
76	105	0.840405
76	129	2.02066
76	137	2.03301
76	138	0.800104
76	147	0.814044
76	151	0.822122
76	166	0.786244
77	15	3.64694
77	50	0.684922
77	74	0.700122
77	76	1.81837
77	105	1.12374
77	107	0.750016
77	132	0.647613
77	136	0.544974
77	146	0.731831
77	158	0.74805
77	159	0.735901
77	161	0.743377
77	162	0.685232
77	163	0.760957
77	165	0.698307
77	167	0.761883
77	174	0.676898
77	177	0.770013
77	178	0.760013
78	66	1.65589
78	87	0.809103
78	93	0.87946
78	100	0.852298
78	102	0.773226
78	113	0.889484
78	119	1.14416
78	137	0.666133
78	144	0.855448
78	149	0.829571
78	160	1.53724
78	162	0.794377
78	165	0.807452
78	169	1.289
78	170	0.797295
78	172	0.816798
78	174	0.786043
78	175	0.843356
78	177	1.33127
79	46	0.793059
79	66	0.811326
79	117	1.36901
79	118	0.885527
79	131	0.875138
79	133	0.858767
79	135	1.1169
79	150	0.900697
79	151	0.855146
79	152	1.23021
79	153	1.49806
79	155	0.875838
79	158	0.898262
79	161	0.89359
79	163	0.911169
79	166	1.63526
79	167	0.912095
79	168	0.929411
79	173	1.68382
80	3	1.71705
80	16	1.14789
80	95	0.898814
80	118	0.98282
80	132	0.839049
80	133	1.30576
80	148	0.894582
80	150	0.944357
80	151	0.896369
80	153	0.86919
80	162	0.876667
80	165	0.889743
80	168	0.907381
80	170	0.879586
80	174	0.868334
80	175	0.925646
80	176	0.887019
80	179	0.844225
80	180	0.830902
81	9	1.77469
81	13	0.874603
81	20	0.85082
81	46	1.58454
81	49	0.721401
81	60	0.724933
81	69	1.63201
81	88	0.844318
81	100	0.854413
81	109	0.82965
81	127	0.878648
81	135	0.854644
81	143	0.789797
81	147	1.12035
81	158	1.16783
81	171	0.774475
81	173	0.792839
81	175	0.84547
81	179	0.764049
82	5	0.798346
82	18	0.859602
82	96	0.793117
82	105	0.210379
82	111	0.837307
82	115	0.824188
82	118	1.82656
82	130	0.880304
82	139	1.50611
82	140	0.856258
82	143	0.795459
82	158	1.66327
82	168	1.75112
82	172	0.824575
82	173	0.798501
82	174	0.79382
82	176	0.812505
82	179	0.769711
82	180	0.756387
83	67	0.595775
83	96	0.771675
83	97	1.61153
83	104	0.789869
83	108	1.8014
83	111	0.815864
83	115	0.802745
83	129	0.625096
83	132	0.743092
83	147	1.7268
83	153	0.773234
83	154	0.781578
83	161	1.81071
83	170	0.783629
83	171	0.758694
83	172	0.803132
83	175	0.82969
83	176	0.791063
83	180	0.734945
84	45	0.40919
84	50	0.858992
84	60	0.787744
84	68	0.883819
84	88	0.907129
84	116	1.3525
84	119	1.15125
84	121	0.911348
84	132	0.821683
84	140	0.913407
84	141	1.56633
84	147	1.25521
84	162	0.859302
84	164	1.47712
84	165	0.872378
84	171	0.837285
84	173	0.85565
84	174	0.850968
84	179	0.82686
84	180	0.813536
85	3	0.77461
85	16	0.852938
85	29	0.831994
85	53	0.738353
85	60	2.06138
85	64	1.71215
85	68	0.98879
85	70	0.759032
85	116	0.895018
85	124	0.866704
85	142	0.856802
85	146	0.871473
85	153	1.11568
85	156	0.860807
85	159	0.875543
85	164	0.882
85	169	0.884485
85	177	0.909654
85	178	0.899655
85	180	1.68548
86	6	0.331423
86	15	0.888948
86	30	0.870656
86	32	4.0762
86	33	0.306812
86	38	0.843495
86	42	0.740466
86	45	0.94836
86	53	0.770958
86	54	0.83013
86	76	0.855622
86	92	0.863877
86	98	0.871608
86	103	0.923849
86	105	0.895463
86	137	5.45262
86	138	0.855162
86	165	0.201239
86	166	0.841302
86	175	0.394405
87	35	1.6226
87	63	1.36293
87	78	0.809103
87	91	0.852735
87	96	0.809966
87	106	0.838887
87	109	0.852162
87	117	0.832302
87	128	0.604291
87	137	0.690759
87	153	0.811525
87	156	1.50926
87	165	0.832078
87	167	1.54474
87	168	1.48775
87	171	0.796986
87	172	0.841424
87	175	0.867981
87	179	0.786561
87	180	0.773237
88	39	1.51436
88	64	0.882922
88	81	0.844318
88	84	0.907129
88	102	0.830952
88	117	0.865402
88	131	1.06906
88	148	0.870018
88	160	1.30292
88	161	1.09772
88	162	0.852103
88	169	1.05468
88	170	0.855022
88	171	0.830087
88	173	0.848451
88	174	0.84377
88	175	0.901082
88	176	0.862455
88	178	1.17338
88	180	0.806337
89	22	0.845539
89	44	0.883102
89	58	0.847386
89	69	0.815629
89	100	1.13426
89	102	1.82533
89	106	1.5008
89	113	1.09714
89	123	0.832507
89	124	0.870594
89	136	0.688506
89	156	0.864697
89	159	0.879433
89	160	0.881261
89	164	0.88589
89	169	0.888375
89	171	1.84708
89	172	1.52841
89	177	0.913544
89	178	0.903545
90	41	0.440583
90	60	0.547173
90	103	6.99471
90	116	0.688876
90	132	0.581113
90	136	0.478474
90	150	0.683984
90	158	0.681549
90	159	0.669401
90	161	0.676877
90	164	0.675858
90	167	0.695382
90	168	0.712698
90	173	0.61508
90	175	0.66771
90	176	0.629083
90	177	0.703512
90	178	0.693513
90	179	0.586289
90	180	0.572966
91	12	0.815168
91	32	0.711416
91	48	1.48008
91	87	0.852735
91	111	0.873163
91	123	1.48262
91	127	0.920166
91	140	0.892114
91	147	1.03901
91	153	0.830532
91	154	0.838876
91	155	1.06065
91	159	1.21636
91	160	1.32813
91	162	0.838009
91	172	0.860431
91	173	0.834357
91	175	0.886988
91	176	0.848361
91	179	0.805567
91	180	0.792244
92	48	1.58267
92	54	0.783327
92	86	0.863877
92	98	0.824805
92	104	0.819834
92	105	0.848661
92	142	0.842604
92	146	0.857275
92	147	0.8223
92	149	0.84587
92	155	1.16325
92	158	1.18908
92	161	1.22552
92	163	1.11341
92	167	1.33393
92	169	0.870287
92	174	0.802342
92	175	0.859655
92	177	0.895457
92	178	0.885458
92	179	0.778234
93	13	0.967471
93	25	0.945224
93	68	0.913876
93	70	0.968408
93	78	0.87946
93	133	1.37368
93	150	1.01227
93	154	0.890226
93	157	1.04683
93	161	0.923881
93	162	0.889359
93	164	1.06188
93	171	0.867343
93	172	0.911781
93	173	0.885707
93	174	0.881026
93	176	0.899711
93	177	0.923121
93	178	0.99954
93	179	0.856917
93	180	0.843594
94	35	0.789518
94	52	0.826231
94	59	0.820963
94	62	0.808714
94	106	1.47265
94	116	0.871018
94	123	0.804616
94	124	0.842703
94	125	0.835863
94	130	1.1995
94	141	0.830387
94	149	1.34754
94	156	0.836807
94	160	0.85337
94	164	0.857999
94	165	1.69122
94	169	0.860485
94	170	1.46365
94	177	0.885654
94	178	0.875655
94	179	2.17494
95	6	0.825171
95	37	0.843359
95	58	1.36648
95	72	0.814011
95	80	0.898814
95	100	0.884345
95	125	1.28542
95	140	0.880528
95	141	1.35611
95	152	0.867368
95	155	1.06664
95	156	1.20183
95	160	1.33412
95	162	0.826423
95	165	0.839499
95	170	0.829342
95	171	0.804407
95	175	0.875402
95	176	0.836775
95	179	0.793981
95	180	0.780658
96	57	0.736239
96	68	0.819757
96	82	0.793117
96	83	0.771675
96	87	0.809966
96	120	0.876064
96	126	1.71063
96	128	0.580529
96	144	0.856311
96	155	1.38657
96	156	1.52176
96	164	1.58683
96	169	1.4058
96	170	0.798159
96	172	0.817662
96	173	0.791589
96	174	0.786907
96	175	0.844219
96	176	0.805592
96	179	0.762799
96	180	0.749475
97	36	0.837304
97	46	0.821618
97	47	0.910927
97	64	1.80309
97	83	1.61153
97	101	0.839551
97	120	0.859931
97	130	0.828836
97	131	0.903697
97	133	0.887326
97	138	1.31765
97	139	0.878628
97	150	0.929256
97	155	0.904397
97	158	0.926821
97	161	0.922149
97	163	0.939728
97	165	1.32056
97	167	0.940654
97	168	0.95797
97	171	1.44827
98	15	0.849876
98	30	0.831583
98	34	0.933605
98	38	0.804423
98	45	0.909288
98	53	0.731886
98	71	0.828747
98	76	0.81655
98	86	0.871608
98	92	0.824805
98	103	0.884777
98	105	0.856391
98	110	5.17064
98	132	0.364763
98	136	3.63833
98	137	1.86984
98	138	0.816089
98	145	2.70385
98	151	0.838108
98	166	0.80223
98	180	0.189274
99	17	0.832458
99	40	0.78356
99	101	0.80542
99	102	1.67572
99	118	0.879955
99	128	0.615161
99	133	0.853195
99	139	0.844497
99	143	1.53345
99	145	0.703718
99	150	0.895125
99	152	1.18796
99	155	0.870266
99	158	0.89269
99	161	0.888018
99	163	0.905597
99	166	1.59301
99	167	0.906523
99	168	0.923839
99	170	1.34218
99	180	2.02562
100	1	1.30446
100	27	1.07595
100	68	0.886715
100	74	1.4774
100	78	0.852298
100	81	0.854413
100	89	1.13426
100	95	0.884345
100	127	0.944355
100	130	0.940349
100	133	1.38443
100	135	0.920351
100	143	0.855504
100	152	0.903143
100	168	0.986044
100	170	0.865117
100	171	0.840182
100	173	0.858546
100	174	0.853865
100	175	0.911177
100	178	1.01029
100	179	0.829756
101	43	0.829224
101	47	0.826748
101	48	0.745901
101	56	0.746482
101	97	0.839551
101	99	0.80542
101	112	0.852289
101	115	1.34272
101	120	1.25488
101	131	0.819518
101	133	0.803147
101	143	1.6792
101	150	0.845077
101	155	0.820218
101	158	0.842642
101	161	0.83797
101	163	0.855549
101	165	1.7155
101	167	0.856475
101	168	0.873791
101	175	1.5896
101	180	2.17137
102	21	0.843492
102	53	0.696606
102	78	0.773226
102	88	0.830952
102	89	1.82533
102	99	1.67572
102	120	0.863949
102	128	0.568415
102	139	1.43211
102	143	0.776431
102	149	0.81832
102	152	0.824071
102	153	0.775649
102	154	0.783993
102	156	1.69863
102	162	0.783126
102	172	0.805547
102	174	0.774792
102	176	0.793478
102	178	1.70136
102	179	0.750684
102	180	0.73736
103	15	0.902118
103	30	0.883825
103	38	0.856665
103	45	0.961529
103	51	0.838452
103	53	0.784128
103	54	0.843299
103	63	0.938834
103	64	0.00510314
103	76	0.868791
103	86	0.923849
103	90	6.99471
103	98	0.884777
103	105	0.908633
103	110	4.42936
103	138	0.868331
103	145	1.96258
103	147	0.882271
103	166	0.854472
103	174	0.200048
103	175	0.377146
103	179	0.309328
104	18	0.870883
104	31	1.43396
104	53	0.726915
104	72	0.801022
104	83	0.789869
104	92	0.819834
104	111	0.848588
104	127	0.895592
104	130	0.891585
104	138	0.811118
104	140	0.86754
104	146	1.30811
104	150	1.35728
104	156	1.34181
104	158	1.23245
104	162	0.813435
104	171	0.791418
104	174	0.805101
104	175	0.862414
104	176	0.823787
104	178	1.34455
104	179	0.780993
105	15	0.873732
105	30	0.855439
105	38	0.828279
105	45	0.933143
105	54	0.814913
105	63	0.910448
105	65	5.78905
105	71	0.852602
105	76	0.840405
105	77	1.12374
105	82	0.210379
105	86	0.895463
105	92	0.848661
105	98	0.856391
105	103	0.908633
105	134	0.195404
105	136	3.59993
105	138	0.839945
105	145	2.66545
105	147	0.853885
105	151	0.861963
105	166	0.826085
105	175	0.286798
106	10	0.817039
106	40	1.72285
106	41	0.646012
106	42	0.707149
106	87	0.838887
106	89	1.5008
106	94	1.47265
106	109	0.85732
106	110	0.670724
106	115	0.846195
106	120	0.904984
106	130	0.902311
106	131	1.27251
106	143	0.817466
106	148	0.842076
106	150	1.38956
106	171	0.802144
106	172	0.846582
106	173	0.820509
106	174	0.815827
106	175	0.87314
106	178	1.37683
106	179	0.791719
107	8	0.641211
107	12	0.84622
107	77	0.750016
107	124	1.16992
107	125	1.19788
107	127	0.951218
107	131	1.01271
107	133	1.49117
107	135	0.927214
107	144	0.930132
107	148	0.886976
107	149	0.904255
107	152	0.910006
107	153	0.861584
107	157	1.16432
107	162	0.869061
107	165	0.882137
107	168	1.09279
107	169	0.998337
107	170	0.87198
107	173	0.865409
107	176	0.879413
107	180	0.823295
108	3	0.770783
108	35	0.809692
108	63	0.889233
108	70	1.03984
108	74	0.835937
108	83	1.8014
108	116	0.891192
108	119	0.86924
108	123	0.82479
108	126	0.835597
108	135	1.01532
108	136	0.680789
108	141	0.850561
108	142	0.852975
108	148	1.26178
108	156	0.856981
108	159	0.871717
108	164	0.878173
108	169	0.880658
108	172	1.31947
108	177	0.905828
108	178	0.895829
108	179	1.99414
108	180	1.96629
109	3	1.90958
109	69	1.47625
109	75	0.913751
109	81	0.82965
109	87	0.852162
109	106	0.85732
109	115	0.85947
109	143	0.830741
109	148	0.855351
109	149	0.87263
109	158	1.01206
109	159	1.14194
109	162	0.837436
109	165	0.850511
109	166	0.82126
109	167	1.15691
109	168	1.09991
109	169	1.00547
109	172	0.859857
109	174	0.829102
109	175	0.886415
109	176	0.847788
109	179	0.804994
109	180	0.79167
110	32	0.524246
110	65	0.474929
110	67	0.465904
110	98	5.17064
110	103	4.42936
110	106	0.670724
110	116	0.720985
110	124	0.692671
110	131	0.690534
110	137	0.522596
110	142	0.682768
110	155	0.691233
110	161	0.708985
110	163	0.726565
110	164	0.707966
110	167	0.727491
110	168	0.744806
110	172	0.673262
110	173	0.647188
110	174	0.642506
110	177	0.735621
110	178	0.725622
110	179	0.618398
110	180	0.605074
111	17	1.35524
111	22	1.2525
111	82	0.837307
111	83	0.815864
111	91	0.873163
111	104	0.848588
111	114	1.26763
111	121	0.891476
111	139	1.0256
111	143	0.832736
111	148	0.857345
111	149	0.874624
111	153	0.831953
111	155	1.15693
111	160	1.42441
111	165	0.852506
111	167	1.32761
111	170	0.842349
111	171	0.817413
111	172	0.861852
111	174	0.831096
111	175	0.888409
111	176	0.849782
111	180	0.793664
112	19	0.884337
112	36	0.850043
112	40	0.830429
112	57	1.8182
112	66	0.852623
112	71	1.30742
112	101	0.852289
112	114	0.953486
112	115	1.22943
112	118	0.926824
112	137	0.748498
112	138	1.59931
112	139	0.891367
112	142	0.0369022
112	150	0.941995
112	155	0.917135
112	158	0.93956
112	161	0.934887
112	163	0.952466
112	167	0.953393
112	168	0.970708
112	172	1.41126
112	173	1.67404
112	176	1.39815
113	10	0.892262
113	29	1.25768
113	31	1.06258
113	54	1.2881
113	70	0.978433
113	78	0.889484
113	89	1.09714
113	122	0.846549
113	123	1.2572
113	124	1.02606
113	134	0.937185
113	141	1.12471
113	143	0.892689
113	153	0.891906
113	154	0.90025
113	162	0.899383
113	170	0.902302
113	171	0.877367
113	172	0.921805
113	173	0.895732
113	174	0.89105
113	176	0.909735
113	179	0.866941
113	180	0.853618
114	10	1.46587
114	36	0.854322
114	40	0.834709
114	46	0.838635
114	66	0.856903
114	67	0.696085
114	70	1.09758
114	111	1.26763
114	112	0.953486
114	131	0.920715
114	133	0.904344
114	148	1.31953
114	150	0.946274
114	151	0.900723
114	155	0.921414
114	158	0.943839
114	161	0.939167
114	163	0.956746
114	165	1.56817
114	166	1.59143
114	167	0.957672
114	168	0.974987
114	177	0.0309561
114	179	2.05189
115	22	1.18026
115	33	0.860768
115	62	1.45682
115	82	0.824188
115	83	0.802745
115	101	1.34272
115	106	0.846195
115	109	0.85947
115	112	1.22943
115	130	0.904461
115	140	0.880416
115	142	1.58124
115	144	0.887382
115	148	0.844226
115	152	0.867256
115	154	0.827178
115	158	1.11052
115	159	1.24039
115	165	0.839387
115	170	0.829229
115	172	0.848733
115	173	0.822659
115	175	0.87529
115	180	0.780545
116	13	0.796058
116	32	0.747828
116	33	1.63869
116	74	0.889312
116	84	1.3525
116	85	0.895018
116	90	0.688876
116	94	0.871018
116	108	0.891192
116	110	0.720985
116	134	1.382
116	142	0.90635
116	146	0.921021
116	149	1.18943
116	154	1.41133
116	156	0.910356
116	157	0.93215
116	159	0.925091
116	160	0.926919
116	162	1.47916
116	164	0.931548
116	169	0.934033
116	174	1.57001
116	177	0.959203
116	178	0.949203
117	12	0.794734
117	26	0.895082
117	58	1.51432
117	63	1.20334
117	79	1.36901
117	87	0.832302
117	88	0.865402
117	119	1.08887
117	120	0.898399
117	132	0.779957
117	140	0.871681
117	143	0.810881
117	144	0.878646
117	149	0.85277
117	150	1.36514
117	153	0.810099
117	160	1.48195
117	165	0.830651
117	170	0.820494
117	171	0.795559
117	172	0.839997
117	175	0.866555
117	178	1.3524
117	179	0.785134
117	180	0.77181
118	2	0.891037
118	11	0.790348
118	56	0.821017
118	79	0.885527
118	80	0.98282
118	82	1.82656
118	99	0.879955
118	112	0.926824
118	131	0.894053
118	133	0.877682
118	136	0.714101
118	140	1.2183
118	144	1.19511
118	147	0.865983
118	149	1.30291
118	150	0.919612
118	152	1.2648
118	155	0.894752
118	158	0.917177
118	161	0.912505
118	163	0.930084
118	167	0.93101
118	168	0.948325
118	172	1.45563
118	174	1.68348
119	4	0.789594
119	9	0.799314
119	28	0.843844
119	44	0.906808
119	73	0.916455
119	78	1.14416
119	84	1.15125
119	108	0.86924
119	117	1.08887
119	122	0.862638
119	124	0.8943
119	132	2.00898
119	138	0.850153
119	142	0.884398
119	149	0.988177
119	156	0.888403
119	157	0.910198
119	159	0.903139
119	160	0.904967
119	169	0.912081
119	174	1.36875
119	175	1.20595
119	177	0.937251
119	178	0.927251
119	179	1.81558
120	18	0.942549
120	43	0.825919
120	75	0.961416
120	96	0.876064
120	97	0.859931
120	101	1.25488
120	102	0.863949
120	106	0.904984
120	117	0.898399
120	123	1.4188
120	129	0.729485
120	140	0.939205
120	141	1.28631
120	143	0.878406
120	148	0.903015
120	150	1.1475
120	153	0.877623
120	159	1.15255
120	160	1.26432
120	166	0.868924
120	171	0.863083
120	173	0.881448
120	174	0.876766
120	176	0.895452
120	180	0.839334
121	57	0.797321
121	59	1.45471
121	84	0.911348
121	111	0.891476
121	124	1.18936
121	125	1.21732
121	134	0.894123
121	135	0.914475
121	139	0.867212
121	141	1.28801
121	144	0.917393
121	149	0.891516
121	153	0.848845
121	154	0.857189
121	157	1.18376
121	158	1.02437
121	162	0.856322
121	171	0.834305
121	172	0.878744
121	173	0.85267
121	174	0.847988
121	175	0.905301
121	176	0.866674
121	177	1.06005
121	179	0.82388
121	180	0.810556
122	1	0.765998
122	10	1.36648
122	29	0.821566
122	52	0.839803
122	59	0.834536
122	61	0.860529
122	113	0.846549
122	119	0.862638
122	124	0.856276
122	128	0.599734
122	129	0.65883
122	132	2.1459
122	137	0.686201
122	141	0.843959
122	142	0.846374
122	154	1.34699
122	156	0.850379
122	157	0.872173
122	160	0.866943
122	164	0.871571
122	169	0.874057
122	171	1.59649
122	177	0.899226
122	178	0.889227
122	179	1.9525
122	180	1.92464
123	1	0.759573
123	25	1.29913
123	59	0.82811
123	67	0.623084
123	89	0.832507
123	91	1.48262
123	94	0.804616
123	108	0.82479
123	113	1.2572
123	120	1.4188
123	125	0.84301
123	141	0.837534
123	142	0.839948
123	145	0.681865
123	146	0.854619
123	156	0.843954
123	157	0.865748
123	160	0.860517
123	164	0.865146
123	166	0.791844
123	169	0.867632
123	172	1.68847
123	173	1.95125
123	175	1.75352
123	177	0.892801
123	178	0.882802
124	50	1.45451
124	85	0.866704
124	89	0.870594
124	94	0.842703
124	107	1.16992
124	110	0.692671
124	113	1.02606
124	119	0.8943
124	121	1.18936
124	122	0.856276
124	126	0.860658
124	136	0.70585
124	141	0.875621
124	146	0.892706
124	156	0.882041
124	157	0.903836
124	159	0.896777
124	160	0.898605
124	164	0.903234
124	165	1.64829
124	169	0.905719
124	170	1.42072
124	174	1.68518
124	176	1.44423
124	177	0.930888
124	178	0.920889
125	3	0.789003
125	24	0.854938
125	52	0.864625
125	58	0.857889
125	61	0.88535
125	69	0.826132
125	94	0.835863
125	95	1.28542
125	107	1.19788
125	121	1.21732
125	123	0.84301
125	126	0.853817
125	127	1.20593
125	128	0.624556
125	140	1.24796
125	147	0.850891
125	156	0.875201
125	157	0.896995
125	159	0.889937
125	160	0.891764
125	166	0.823091
125	169	0.898878
125	174	1.71314
125	175	1.55035
125	177	0.924048
125	178	0.914049
125	179	2.15997
126	3	0.768563
126	9	0.765672
126	34	0.934026
126	44	0.873165
126	55	1.10181
126	58	0.837449
126	59	0.838918
126	73	0.882813
126	75	1.23273
126	96	1.71063
126	108	0.835597
126	124	0.860658
126	125	0.853817
126	138	0.81651
126	141	0.848341
126	144	1.33005
126	146	0.865426
126	151	1.39656
126	153	1.66759
126	159	0.869497
126	160	0.871324
126	166	0.802651
126	169	0.878439
126	170	1.55396
126	172	1.59057
126	177	0.903608
126	178	0.893609
127	2	1.10546
127	44	1.06227
127	50	0.886124
127	51	0.854238
127	59	1.44332
127	63	0.976015
127	70	0.965483
127	81	0.878648
127	91	0.920166
127	100	0.944355
127	104	0.895592
127	107	0.951218
127	125	1.20593
127	152	0.927379
127	154	0.8873
127	157	1.17237
127	159	1.14286
127	162	0.886434
127	169	1.00639
127	170	0.889352
127	172	0.908855
127	174	0.8781
127	175	0.935413
127	176	0.896786
127	177	1.04866
127	179	0.853992
127	180	0.840668
128	65	0.413654
128	74	0.604456
128	87	0.604291
128	96	0.580529
128	99	0.615161
128	102	0.568415
128	122	0.599734
128	125	0.624556
128	136	0.449308
128	144	0.650636
128	145	0.463411
128	148	0.607481
128	150	0.654819
128	153	0.582088
128	155	0.629959
128	156	0.6255
128	157	0.647294
128	160	0.642063
128	161	0.647711
128	162	0.589566
128	163	0.66529
128	165	0.602641
128	167	0.666217
128	168	0.683532
128	170	0.592484
128	174	0.581232
128	178	0.664347
128	180	0.5438
129	30	4.16403
129	32	0.522068
129	38	5.01531
129	55	0.739268
129	72	0.636249
129	76	2.02066
129	83	0.625096
129	120	0.729485
129	122	0.65883
129	133	0.671985
129	142	0.68059
129	145	0.522508
129	152	0.689607
129	155	0.689055
129	156	0.684596
129	158	0.71148
129	160	0.701159
129	161	0.706807
129	162	0.648662
129	165	0.661738
129	167	0.725313
129	168	0.742628
129	169	0.708274
129	171	0.626645
129	173	0.64501
129	177	0.733443
129	178	0.723444
129	179	0.61622
130	6	0.881175
130	14	0.699391
130	34	0.997626
130	39	1.44466
130	43	0.794823
130	56	1.50237
130	62	1.33789
130	82	0.880304
130	94	1.1995
130	97	0.828836
130	100	0.940349
130	104	0.891585
130	106	0.902311
130	115	0.904461
130	142	1.4623
130	143	0.875733
130	152	0.923372
130	153	0.87495
130	154	0.883294
130	162	0.882427
130	165	0.895503
130	168	1.07943
130	170	0.885346
130	173	0.878775
130	174	0.874094
130	176	0.892779
130	178	1.10367
130	180	0.836661
131	7	0.883619
131	17	0.846556
131	19	0.851566
131	46	0.801585
131	48	0.810047
131	79	0.875138
131	88	1.06906
131	97	0.903697
131	101	0.819518
131	106	1.27251
131	107	1.01271
131	110	0.690534
131	114	0.920715
131	118	0.894053
131	132	2.1682
131	138	1.48818
131	139	0.858596
131	148	1.24245
131	150	0.909224
131	151	0.863672
131	155	0.884364
131	158	0.906789
131	161	0.902116
131	162	1.43712
131	163	0.919695
131	167	0.920622
131	168	0.937937
131	170	1.26351
131	173	1.5629
132	21	0.827024
132	23	0.829442
132	72	0.754245
132	75	0.842974
132	77	0.647613
132	80	0.839049
132	83	0.743092
132	84	0.821683
132	90	0.581113
132	98	0.364763
132	117	0.779957
132	119	2.00898
132	122	2.1459
132	131	2.1682
132	137	0.638414
132	147	2.11295
132	148	0.784573
132	149	0.801852
132	154	0.767525
132	162	0.766658
132	163	2.08474
132	165	0.779734
132	172	0.78908
132	174	0.758324
132	175	0.815637
132	176	0.77701
132	179	0.734216
132	180	0.720892
133	43	0.876999
133	47	0.874523
133	48	0.793676
133	66	0.803481
133	79	0.858767
133	80	1.30576
133	93	1.37368
133	97	0.887326
133	99	0.853195
133	100	1.38443
133	101	0.803147
133	107	1.49117
133	114	0.904344
133	118	0.877682
133	129	0.671985
133	139	0.842224
133	147	0.839223
133	150	0.892852
133	151	0.847301
133	152	1.58775
133	155	0.867993
133	158	0.890417
133	161	0.885745
133	162	1.91558
133	163	0.903324
133	167	0.90425
133	168	0.921566
133	172	1.77858
133	175	1.84363
133	178	0.0231764
134	6	0.840826
134	49	0.766988
134	51	0.809882
134	105	0.195404
134	113	0.937185
134	116	1.382
134	121	0.894123
134	135	0.90023
134	136	0.70182
134	139	1.17503
134	143	0.835383
134	144	0.903149
134	149	0.877272
134	151	0.86178
134	152	0.883023
134	153	0.834601
134	159	1.46206
134	161	1.36862
134	165	0.855153
134	167	1.47703
134	168	1.42004
134	170	0.844996
134	171	0.820061
134	172	0.8645
134	173	0.838426
134	174	0.833744
134	175	0.891057
134	177	1.36786
134	178	1.44428
134	179	0.809636
134	180	0.796312
135	26	0.939935
135	50	0.862119
135	70	0.941478
135	73	0.941347
135	74	1.56741
135	79	1.1169
135	81	0.854644
135	100	0.920351
135	107	0.927214
135	108	1.01532
135	121	0.914475
135	134	0.90023
135	141	1.25184
135	143	0.855735
135	144	0.9235
135	146	1.06386
135	148	0.880344
135	149	0.897623
135	152	0.903374
135	153	0.854952
135	159	1.11807
135	160	1.22985
135	164	1.16263
135	165	0.875505
135	169	0.981603
135	170	0.865348
135	171	0.840412
135	172	0.884851
135	175	0.911408
135	179	0.829987
135	180	0.816663
136	30	4.36174
136	56	0.630677
136	77	0.544974
136	89	0.688506
136	90	0.478474
136	98	3.63833
136	105	3.59993
136	108	0.680789
136	118	0.714101
136	124	0.70585
136	128	0.449308
136	134	0.70182
136	143	0.657325
136	145	0.537865
136	150	0.729272
136	154	0.664886
136	159	0.714689
136	161	0.722164
136	163	0.739744
136	165	0.677095
136	167	0.74067
136	168	0.757985
136	169	0.723631
136	172	0.686441
136	173	0.660367
136	176	0.674371
136	177	0.7488
136	178	0.738801
136	179	0.631577
137	16	0.704098
137	38	3.44453
137	41	0.497884
137	50	0.675723
137	65	0.500122
137	70	0.755082
137	76	2.03301
137	78	0.666133
137	86	5.45262
137	87	0.690759
137	98	1.86984
137	110	0.522596
137	112	0.748498
137	122	0.686201
137	132	0.638414
137	140	0.730138
