1	89	1.03651
1	95	1.00613
1	102	1.02212
1	105	1.01971
1	108	1.00289
1	109	1.06507
1	116	1.03517
1	143	1.04011
1	151	1.03326
1	169	0.900038
1	174	1.13973
1	176	1.0071
2	7	0.819491
2	49	0.880386
2	50	0.886887
2	69	0.863931
2	82	0.987477
2	88	1.20164
2	91	0.950573
2	100	0.928746
2	110	1.20126
2	155	0.887917
2	163	1.23765
2	171	1.40756
3	65	1.03957
3	80	1.02404
3	85	0.980901
3	96	1.05084
3	119	0.87928
3	141	0.994556
3	145	1.03037
3	167	1.09134
3	168	1.07371
3	171	1.11801
3	176	0.987685
3	180	1.03637
4	61	1.02248
4	71	1.04157
4	86	1.02299
4	94	1.0393
4	104	1.05064
4	125	1.02705
4	127	0.943184
4	138	0.997867
4	148	1.04035
4	151	1.00094
4	171	1.09354
4	179	1.03163
5	35	1.07064
5	45	1.00563
5	69	0.96571
5	79	0.981442
5	82	1.08926
5	91	1.05235
5	100	1.03053
5	101	1.02405
5	113	1.109
5	119	0.961613
5	155	0.989696
5	161	1.02678
6	35	1.08421
6	45	1.0192
6	69	0.97928
6	84	1.00723
6	91	1.06592
6	100	1.0441
6	144	0.962102
6	155	1.00327
6	162	0.906465
6	164	1.13929
6	173	0.997096
6	177	1.10332
7	2	0.819491
7	35	0.967281
7	49	0.878806
7	50	0.885308
7	84	0.890303
7	91	0.948993
7	100	0.927167
7	105	1.24637
7	126	1.25556
7	136	1.18955
7	155	0.886338
7	177	1.35626
8	124	1.04571
8	128	1.02815
8	129	1.02694
8	130	1.02437
8	131	1.00612
8	132	1.0361
8	135	1.03609
8	159	1.05121
8	168	0.944012
8	172	1.05374
8	175	1.0671
8	180	0.99374
9	36	1.29178
9	74	1.04402
9	83	1.0061
9	89	1.02367
9	99	1.04264
9	102	1.00928
9	106	0.935031
9	109	1.05222
9	116	1.02232
9	149	0.896904
9	160	0.925053
9	164	1.0601
10	21	0.860822
10	63	0.899622
10	70	0.927459
10	98	0.893931
10	114	0.892536
10	137	0.886914
10	145	1.27601
10	146	0.897662
10	157	1.30297
10	167	1.33697
10	168	1.13194
10	169	0.945428
11	47	1.00052
11	70	1.05588
11	90	1.02767
11	114	1.02096
11	120	1.15302
11	138	0.997908
11	146	1.02608
11	154	0.984752
11	157	1.02683
11	168	0.855813
11	169	1.07385
11	178	1.08992
12	17	1.05633
12	63	1.13142
12	66	1.08066
12	90	1.13105
12	112	0.861554
12	114	1.12434
12	122	0.985874
12	127	0.911817
12	138	1.10129
12	144	0.913123
12	169	1.17723
12	170	0.89735
12	179	1.00026
13	38	0.92736
13	48	0.946057
13	77	0.985228
13	92	0.941628
13	103	0.968983
13	139	1.14325
13	151	1.12482
13	152	1.03354
13	153	0.991226
13	165	1.00767
13	168	0.985723
13	178	1.21983
13	180	1.03545
14	49	0.946105
14	50	0.952607
14	69	0.92965
14	82	1.0532
14	84	0.957602
14	91	1.01629
14	100	0.994466
14	119	1.02898
14	140	1.18128
14	144	1.11866
14	147	1.11625
14	155	0.953637
14	162	1.06302
15	48	1.30379
15	79	0.89678
15	82	0.943351
15	84	0.847757
15	100	0.884621
15	109	1.21829
15	123	1.1837
15	126	0.861507
15	135	1.24557
15	139	0.827327
15	140	0.823792
15	156	0.838807
15	170	0.880649
16	58	0.977106
16	73	0.995654
16	75	0.957799
16	79	1.04366
16	86	0.976165
16	94	0.992479
16	104	1.00382
16	138	0.951042
16	141	0.947109
16	142	1.06019
16	160	1.15565
16	170	1.09774
16	173	1.1485
17	12	1.05633
17	63	0.955578
17	70	0.983415
17	90	0.955209
17	98	0.949887
17	114	0.948492
17	119	1.04126
17	144	1.13094
17	146	0.953618
17	162	1.0753
17	163	1.11008
17	169	1.00138
17	176	1.14966
18	25	1.206
18	42	1.09578
18	52	1.04054
18	97	1.09148
18	107	1.10505
18	115	1.14509
18	120	1.04224
18	136	0.802192
18	158	1.12095
18	166	0.980042
18	171	0.976732
18	172	0.854757
18	179	0.914821
19	37	1.03086
19	64	0.889686
19	78	0.981006
19	85	0.933517
19	96	1.00346
19	141	0.947171
19	156	1.15423
19	162	1.04051
19	163	1.07528
19	168	1.02632
19	172	1.12322
19	176	1.11487
19	180	0.988984
20	53	1.16635
20	76	1.09999
20	92	1.05446
20	103	1.08182
20	118	1.12839
20	151	0.980105
20	152	1.14637
20	163	0.902801
20	165	1.1205
20	169	0.83532
20	172	0.950732
20	179	1.0108
20	180	0.890735
21	10	0.860822
21	31	1.01709
21	63	0.99187
21	66	0.941107
21	90	0.991501
21	114	0.984784
21	136	1.07282
21	137	0.979162
21	147	1.0959
21	160	1.14046
21	161	1.07381
21	169	1.03768
21	172	1.12539
22	117	0.947407
22	121	1.04596
22	123	1.01876
22	128	0.968203
22	129	0.966991
22	131	0.94617
22	132	0.976153
22	135	0.976142
22	143	1.13178
22	155	1.10658
22	165	1.00279
22	169	0.991711
22	174	1.2314
23	73	0.995076
23	75	0.95722
23	86	0.975587
23	94	0.9919
23	104	1.00324
23	111	1.04649
23	119	1.03078
23	125	0.979649
23	138	0.950463
23	140	1.18308
23	141	0.94653
23	155	1.14699
23	163	1.0996
24	29	0.995308
24	58	0.967776
24	71	0.985414
24	86	0.966835
24	94	0.983148
24	104	0.994485
24	125	0.970898
24	140	1.09901
24	141	0.937779
24	157	1.12476
24	170	1.02062
24	175	1.07683
24	178	1.18785
25	18	1.206
25	56	1.08837
25	97	1.07778
25	105	0.887743
25	107	1.09135
25	115	1.13139
25	134	0.950571
25	153	1.09787
25	158	1.10725
25	173	0.891405
25	174	1.00776
25	178	1.00787
25	180	0.823488
26	113	0.988925
26	117	1.03148
26	122	1.00397
26	124	1.06983
26	128	1.05228
26	129	1.05107
26	130	1.04849
26	131	1.03025
26	132	1.06023
26	135	1.06022
26	149	0.945214
26	151	0.987667
26	175	0.971656
26	177	1.07244
27	67	0.945254
27	74	0.954322
27	95	0.903595
27	99	0.952949
27	102	0.919587
27	108	0.900349
27	116	0.932631
27	146	0.962039
27	151	0.930727
27	155	1.17379
27	156	1.20535
27	157	1.23563
27	159	1.17181
27	161	1.12276
28	30	0.900971
28	65	0.992296
28	78	0.981116
28	80	0.976761
28	85	0.933626
28	96	1.00357
28	101	1.03481
28	144	1.06206
28	154	1.10834
28	155	1.08858
28	168	1.02643
28	174	1.21341
28	180	0.989094
29	24	0.995308
29	58	1.05006
29	71	1.0677
29	73	1.06861
29	75	1.03076
29	86	1.04912
29	94	1.06544
29	104	1.07677
29	113	1.00438
29	127	0.94537
29	136	0.921185
29	145	1.00809
29	164	1.12387
29	176	0.9654
30	28	0.900971
30	64	0.858741
30	78	0.950061
30	80	0.945706
30	85	0.902572
30	96	0.972513
30	119	1.04369
30	127	1.13207
30	141	0.916226
30	166	1.28573
30	168	0.995377
30	172	1.16045
30	174	1.28472
30	180	0.958039
31	21	1.01709
31	63	1.05589
31	90	1.05552
31	114	1.0488
31	119	0.902793
31	137	1.04318
31	138	1.02575
31	139	1.06735
31	146	1.05393
31	150	0.973378
31	161	0.967965
31	169	1.1017
31	170	0.976702
31	179	1.07961
32	46	0.923199
32	53	0.98821
32	76	0.921852
32	92	0.876318
32	103	0.903673
32	118	0.950245
32	127	1.09863
32	148	1.1958
32	149	1.11393
32	152	0.968229
32	153	0.925916
32	165	0.942362
32	166	1.2523
32	171	1.24899
33	51	1.12244
33	77	1.0325
33	92	0.988899
33	103	1.01625
33	106	0.964296
33	111	0.838207
33	118	1.06283
33	120	1.12673
33	134	1.00634
33	152	1.08081
33	153	1.0385
33	156	0.97026
33	165	1.05494
33	178	1.06363
34	36	1.46405
34	37	0.984317
34	64	0.843145
34	65	0.945645
34	78	0.934465
34	80	0.93011
34	85	0.886975
34	96	0.956917
34	144	1.05518
34	145	1.11659
34	159	1.07973
34	168	0.979781
34	177	1.1964
34	180	0.942443
35	5	1.07064
35	6	1.08421
35	7	0.967281
35	49	1.02818
35	84	1.03967
35	91	1.09836
35	100	1.07654
35	148	1.05875
35	155	1.03571
35	159	0.98744
35	161	0.938382
35	168	0.880239
35	175	1.00333
35	177	1.10411
36	9	1.29178
36	34	1.46405
36	51	0.943237
36	94	1.32927
36	103	0.837048
36	116	1.39084
36	118	0.88362
36	133	0.812386
36	163	0.862535
36	165	0.875737
36	166	0.788304
36	167	0.803411
36	177	0.791954
36	178	0.80069
37	19	1.03086
37	34	0.984317
37	64	0.988738
37	85	1.03257
37	96	1.10251
37	141	1.04622
37	148	1.04829
37	149	0.966423
37	150	0.933334
37	154	0.998717
37	163	0.931572
37	168	1.12537
37	177	1.09365
37	180	1.08804
38	13	0.92736
38	48	0.894401
38	76	0.935506
38	77	0.933573
38	92	0.889972
38	103	0.917328
38	111	1.08604
38	118	0.9639
38	133	1.25659
38	139	1.23489
38	152	0.981883
38	160	1.20215
38	165	0.956016
38	180	1.12709
39	43	1.04348
39	52	0.989141
39	56	1.05067
39	97	1.04008
39	107	1.05365
39	110	0.860357
39	115	1.09369
39	134	1.01177
39	153	1.06017
39	154	0.963898
39	157	1.00598
39	158	1.06955
39	174	1.06896
39	177	1.05883
40	41	1.02069
40	123	1.08944
40	124	1.05643
40	129	1.03767
40	130	1.03509
40	131	1.01685
40	132	1.04683
40	135	1.04682
40	159	0.981678
40	162	0.901492
40	165	1.07347
40	167	1.07951
40	172	0.984202
40	175	0.997563
41	40	1.02069
41	56	1.05776
41	66	1.11377
41	107	1.04553
41	117	1.11996
41	167	0.911418
41	170	0.97982
41	173	0.956541
41	174	0.896604
41	175	0.953596
41	176	0.956116
41	177	0.899961
41	178	0.908697
41	179	0.93265
42	18	1.09578
42	68	0.957578
42	81	0.992138
42	97	0.967558
42	107	0.981125
42	112	1.00829
42	115	1.02117
42	121	1.02577
42	125	1.00031
42	153	0.987644
42	154	1.10615
42	158	0.997022
42	160	1.102
42	175	1.1003
42	180	1.02694
43	39	1.04348
43	55	1.06116
43	68	0.956678
43	81	0.991238
43	88	0.952087
43	97	0.966658
43	107	0.980225
43	115	1.02027
43	122	1.08171
43	144	1.00896
43	153	0.986744
43	158	0.996122
43	164	1.18615
43	170	0.993188
43	177	1.15018
44	53	1.06593
44	61	0.902009
44	90	0.888981
44	91	0.970049
44	99	0.981154
44	118	1.02796
44	141	0.990092
44	152	1.04594
44	158	0.900625
44	161	1.013
44	165	1.02008
44	166	0.932644
44	174	0.932937
44	175	0.98993
44	179	0.968984
45	5	1.00563
45	6	1.0192
45	50	0.969663
45	69	0.946707
45	82	1.07025
45	84	0.974659
45	91	1.03335
45	100	1.01152
45	142	0.929549
45	148	1.07873
45	155	0.970693
45	160	1.02501
45	166	1.13523
45	171	1.13192
45	179	1.07001
46	32	0.923199
46	53	1.06301
46	77	0.994721
46	92	0.95112
46	101	1.02774
46	103	0.978476
46	106	1.10711
46	110	0.997733
46	118	1.02505
46	140	1.1176
46	150	1.03589
46	152	1.04303
46	153	1.00072
46	155	1.08151
46	165	1.01716
47	11	1.00052
47	66	0.952381
47	70	1.03098
47	72	1.04579
47	90	1.00277
47	98	0.997452
47	110	0.931817
47	114	0.996057
47	122	1.06182
47	138	0.97301
47	146	1.00118
47	167	1.11145
47	169	1.04895
47	178	1.14053
47	179	1.07621
48	13	0.946057
48	15	1.30379
48	38	0.894401
48	51	1.04221
48	76	0.954203
48	92	0.908669
48	103	0.936024
48	118	0.982596
48	144	1.03153
48	152	1.00058
48	153	0.958267
48	154	1.07781
48	160	1.07367
48	165	0.974713
48	167	1.1539
48	173	1.06652
49	2	0.880386
49	7	0.878806
49	14	0.946105
49	35	1.02818
49	69	0.923246
49	82	1.04679
49	84	0.951198
49	91	1.00989
49	100	0.988061
49	121	1.07107
49	142	1.05185
49	151	1.16161
49	155	0.947232
49	160	1.14731
49	161	1.08066
49	166	1.25752
50	2	0.886887
50	7	0.885308
50	14	0.952607
50	45	0.969663
50	69	0.929747
50	82	1.05329
50	84	0.957699
50	91	1.01639
50	100	0.994563
50	126	1.16052
50	147	1.11758
50	150	1.1009
50	154	1.16628
50	155	0.953734
50	176	1.13872
50	180	1.08707
51	33	1.12244
51	36	0.943237
51	48	1.04221
51	76	1.08332
51	92	1.03778
51	103	1.06514
51	118	1.11171
51	119	0.902034
51	126	1.03224
51	153	1.08738
51	154	1.038
51	159	1.01626
51	165	1.10383
51	168	0.909064
51	169	0.903376
51	175	1.03215
52	18	1.04054
52	39	0.989141
52	55	1.00683
52	57	0.948328
52	81	0.936903
52	97	0.912323
52	107	0.92589
52	115	0.96593
52	125	0.945078
52	147	1.13255
52	149	1.14896
52	153	0.932409
52	155	1.16149
52	161	1.11046
52	169	1.04663
52	173	1.16996
53	20	1.16635
53	32	0.98821
53	44	1.06593
53	46	1.06301
53	77	1.05973
53	92	1.01613
53	118	1.09006
53	136	0.950091
53	144	0.975583
53	149	0.989574
53	151	1.03203
53	153	1.06573
53	159	1.00013
53	165	1.08218
53	168	0.89293
53	176	0.994306
54	59	1.09988
54	83	1.04822
54	95	1.03541
54	98	1.09012
54	99	1.08476
54	102	1.0514
54	108	1.03216
54	116	1.06444
54	126	0.968804
54	146	1.09385
54	156	0.986365
54	157	1.01665
54	164	1.10547
54	168	0.845629
54	179	1.01542
54	180	0.895357
55	43	1.06116
55	52	1.00683
55	56	1.06835
55	57	1.09377
55	68	1.04779
55	87	1.12076
55	97	1.05777
55	101	0.835615
55	107	1.07133
55	115	1.11137
55	120	1.07742
55	143	0.914592
55	158	1.08723
55	167	0.985236
55	174	1.01421
55	176	0.881584
56	25	1.08837
56	39	1.05067
56	41	1.05776
56	55	1.06835
56	81	0.998427
56	97	0.973847
56	107	0.987414
56	112	0.942636
56	115	1.02745
56	125	1.0066
56	153	0.993933
56	158	1.00331
56	164	1.1714
56	167	1.11658
56	169	0.905866
56	176	1.01293
56	180	0.961281
57	52	0.948328
57	55	1.09377
57	68	0.989288
57	81	1.02385
57	97	0.999268
57	107	1.01284
57	115	1.05288
57	120	1.14573
57	125	1.03202
57	143	0.982906
57	153	1.01935
57	155	0.9577
57	158	1.02873
57	166	1.08353
57	175	0.971608
57	177	1.07239
57	179	1.01831
58	16	0.977106
58	24	0.967776
58	29	1.05006
58	61	1.02108
58	71	1.04017
58	73	1.04108
58	94	1.0379
58	104	1.04924
58	122	1.08271
58	125	1.02565
58	141	0.992533
58	145	1.07137
58	148	1.10582
58	156	1.06804
58	162	0.954325
58	169	0.921622
58	176	1.02869
59	54	1.09988
59	60	1.04942
59	67	1.01599
59	74	1.02506
59	83	0.987149
59	88	0.928134
59	95	0.974333
59	99	1.02369
59	102	0.990326
59	109	1.03327
59	126	1.02553
59	140	1.04762
59	149	0.998999
59	151	1.00147
59	166	1.13736
59	175	1.02544
59	179	1.07214
60	59	1.04942
60	74	1.03568
60	83	0.997765
60	88	0.942592
60	89	1.01533
60	95	0.984949
60	99	1.0343
60	108	0.981703
60	109	1.04388
60	110	0.942209
60	111	0.925495
60	116	1.01399
60	139	1.07434
60	146	1.04339
60	164	1.17666
60	174	1.15081
60	176	1.01819
61	4	1.02248
61	44	0.902009
61	58	1.02108
61	73	1.03963
61	75	1.00177
61	86	1.02014
61	94	1.03645
61	104	1.04779
61	105	0.98629
61	125	1.0242
61	138	0.995018
61	141	0.991085
61	149	0.968951
61	166	1.10732
61	171	1.10401
61	175	0.995393
61	178	1.10641
62	117	0.996023
62	124	1.03437
62	128	1.01682
62	129	1.01561
62	130	1.01303
62	131	0.994787
62	132	1.02477
62	133	1.04719
62	135	1.02476
62	144	1.03244
62	160	0.99275
62	163	0.929751
62	165	1.05141
62	167	1.07299
62	171	1.09966
62	173	0.985603
62	174	1.10196
63	10	0.899622
63	12	1.13142
63	17	0.955578
63	21	0.99187
63	31	1.05589
63	66	0.979908
63	70	1.05851
63	90	1.0303
63	114	1.02358
63	136	0.982952
63	140	1.07106
63	169	1.07648
63	172	1.03552
63	173	1.04344
63	176	1.02717
63	179	1.09558
63	180	0.97552
64	19	0.889686
64	30	0.858741
64	34	0.843145
64	37	0.988738
64	65	0.950066
64	78	0.938886
64	80	0.934531
64	96	0.961338
64	133	1.25194
64	134	1.24952
64	141	0.905051
64	142	1.10204
64	161	1.13085
64	168	0.984202
64	170	1.13959
64	177	1.29658
64	180	0.946864
65	3	1.03957
65	28	0.992296
65	34	0.945645
65	64	0.950066
65	72	1.04921
65	78	1.04139
65	80	1.03703
65	85	0.993897
65	96	1.06384
65	112	0.940925
65	161	0.967985
65	166	1.14485
65	168	1.0867
65	172	1.01957
65	173	1.02749
65	179	1.07963
65	180	1.04936
66	12	1.08066
66	21	0.941107
66	41	1.11377
66	47	0.952381
66	63	0.979908
66	90	0.979538
66	98	0.974216
66	106	1.10233
66	114	0.972821
66	137	0.967199
66	138	0.949774
66	146	0.977947
66	156	1.10829
66	159	1.07476
66	162	0.994571
66	169	1.02571
66	173	1.0852
66	175	1.09064
67	27	0.945254
67	59	1.01599
67	89	0.981905
67	95	0.951521
67	99	1.00088
67	102	0.967514
67	108	0.948275
67	109	1.01046
67	116	0.980557
67	121	1.021
67	127	1.02838
67	139	1.10456
67	148	1.12555
67	151	0.978653
67	160	1.07183
67	174	1.18104
67	175	1.07012
67	176	1.04841
68	42	0.957578
68	43	0.956678
68	55	1.04779
68	57	0.989288
68	81	0.977863
68	97	0.953283
68	107	0.96685
68	112	1.04973
68	115	1.00689
68	125	0.986038
68	136	1.07581
68	153	0.973369
68	158	0.982747
68	163	1.08044
68	167	1.22368
68	169	1.01296
68	176	1.12003
68	180	1.06838
69	2	0.863931
69	5	0.96571
69	6	0.97928
69	14	0.92965
69	45	0.946707
69	49	0.923246
69	50	0.929747
69	82	1.03034
69	84	0.934743
69	91	0.993433
69	100	0.971606
69	143	1.16821
69	149	1.13047
69	155	0.930777
69	159	1.14103
69	160	1.15862
69	168	1.03382
69	172	1.14355
69	177	1.2577
70	10	0.927459
70	11	1.05588
70	17	0.983415
70	47	1.03098
70	63	1.05851
70	90	1.05814
70	105	1.0161
70	114	1.05142
70	121	0.950679
70	126	1.02529
70	137	1.0458
70	138	1.02837
70	146	1.05655
70	150	0.965674
70	154	1.03106
70	160	1.02691
70	169	1.10431
70	177	1.12599
70	180	0.951847
71	4	1.04157
71	24	0.985414
71	29	1.0677
71	58	1.04017
71	73	1.05872
71	75	1.02086
71	86	1.03923
71	94	1.05554
71	104	1.06688
71	105	0.975973
71	121	0.910549
71	126	0.985164
71	133	1.04122
71	138	1.0141
71	141	1.01017
71	163	0.923783
71	167	1.06702
71	171	1.09369
71	178	1.0961
72	47	1.04579
72	65	1.04921
72	90	0.998645
72	100	1.08403
72	107	1.03869
72	124	1.05329
72	140	0.93923
72	146	1.02376
72	149	0.981938
72	151	0.963911
72	157	0.939023
72	159	0.970889
72	166	0.912579
72	171	0.916844
72	172	0.96218
72	175	0.969864
72	176	0.972384
72	178	0.924965
72	179	0.948918
73	16	0.995654
73	23	0.995076
73	29	1.06861
73	58	1.04108
73	61	1.03963
73	71	1.05872
73	75	1.02177
73	86	1.04014
73	87	1.23392
73	94	1.05645
73	104	1.06779
73	138	1.01501
73	140	1.03864
73	149	0.990016
73	162	0.920387
73	168	0.893372
73	169	0.887685
73	172	1.0031
73	178	1.12748
74	9	1.04402
74	27	0.954322
74	59	1.02506
74	60	1.03568
74	83	0.973405
74	89	0.990973
74	98	1.0153
74	102	0.976582
74	108	0.957343
74	109	1.01952
74	116	0.989625
74	127	1.00698
74	139	1.08316
74	145	1.0697
74	146	1.01903
74	149	1.02228
74	164	1.18548
74	170	0.992514
74	171	1.15733
74	180	0.975362
75	16	0.957799
75	23	0.95722
75	29	1.03076
75	61	1.00177
75	71	1.02086
75	73	1.02177
75	86	1.00228
75	94	1.0186
75	104	1.02993
75	125	1.00635
75	136	0.992228
75	138	0.977159
75	141	0.973226
75	144	1.01772
75	147	1.0153
75	148	1.11358
75	150	0.998623
75	164	1.19491
75	175	1.05815
75	179	1.10486
76	20	1.09999
76	32	0.921852
76	38	0.935506
76	48	0.954203
76	51	1.08332
76	77	0.993375
76	87	1.2326
76	92	0.949774
76	103	0.977129
76	118	1.0237
76	121	0.940614
76	139	1.04958
76	152	1.04168
76	153	0.999372
76	156	1.03279
76	161	0.950197
76	165	1.01582
76	167	1.09708
76	174	1.12606
76	179	1.06184
77	13	0.985228
77	33	1.0325
77	38	0.933573
77	46	0.994721
77	53	1.05973
77	76	0.993375
77	92	0.947841
77	103	0.975196
77	110	1.00104
77	118	1.02177
77	119	0.968613
77	140	1.12091
77	152	1.03975
77	153	0.997438
77	157	1.14666
77	160	1.10044
77	165	1.01388
77	169	0.969955
77	172	1.08537
77	175	1.09873
78	19	0.981006
78	28	0.981116
78	30	0.950061
78	34	0.934465
78	64	0.938886
78	65	1.04139
78	80	1.02585
78	85	0.982717
78	96	1.05266
78	127	1.02127
78	139	1.09744
78	141	0.996372
78	155	1.0491
78	160	1.06471
78	168	1.07552
78	172	1.04964
78	173	1.05756
78	176	1.04129
78	179	1.10971
78	180	1.03818
79	5	0.981442
79	15	0.89678
79	16	1.04366
79	82	0.906275
79	96	0.957585
79	97	0.989334
79	132	0.944885
79	150	1.04963
79	153	0.917345
79	156	1.00277
79	160	1.00036
79	163	1.03533
79	165	0.889167
79	166	0.961101
79	168	1.09079
79	172	1.0107
79	174	0.961394
79	176	1.02091
79	178	0.973487
79	179	0.99744
80	3	1.02404
80	28	0.976761
80	30	0.945706
80	34	0.93011
80	64	0.934531
80	65	1.03703
80	78	1.02585
80	85	0.978362
80	96	1.0483
80	105	1.07659
80	119	0.955579
80	141	0.992016
80	142	0.991941
80	145	1.10667
80	148	1.14112
80	163	1.0244
80	168	1.07117
80	176	1.06398
80	179	1.1324
80	180	1.03383
81	42	0.992138
81	43	0.991238
81	52	0.936903
81	56	0.998427
81	57	1.02385
81	68	0.977863
81	97	0.987843
81	107	1.00141
81	115	1.04145
81	125	1.0206
81	142	1.01016
81	144	1.06348
81	147	1.06107
81	153	1.00793
81	156	1.12157
81	158	1.01731
81	159	1.08803
81	161	1.03897
81	162	1.00785
81	175	1.10392
82	2	0.987477
82	5	1.08926
82	14	1.0532
82	15	0.943351
82	45	1.07025
82	49	1.04679
82	50	1.05329
82	69	1.03034
82	79	0.906275
82	84	1.05829
82	91	1.11698
82	100	1.09515
82	126	1.01665
82	134	1.07029
82	149	0.99012
82	155	1.05432
82	161	0.951618
82	169	0.887788
82	173	1.01112
82	177	1.11735
82	180	0.943204
83	9	1.0061
83	54	1.04822
83	59	0.987149
83	60	0.997765
83	74	0.973405
83	89	0.953061
83	95	0.922677
83	99	0.972032
83	102	0.93867
83	108	0.919432
83	109	0.981613
83	116	0.951714
83	122	1.12686
83	140	1.11672
83	151	0.94981
83	155	1.08063
83	157	1.14247
83	163	1.03325
83	164	1.2313
83	179	1.14124
83	180	1.02118
84	6	1.00723
84	7	0.890303
84	14	0.957602
84	15	0.847757
84	35	1.03967
84	45	0.974659
84	49	0.951198
84	50	0.957699
84	69	0.934743
84	82	1.05829
84	91	1.02139
84	100	0.999558
84	148	1.17983
84	150	1.06487
84	155	0.958729
84	161	1.05946
84	163	1.06311
84	168	1.00131
84	170	1.06819
84	171	1.23301
84	177	1.22519
85	3	0.980901
85	19	0.933517
85	28	0.933626
85	30	0.902572
85	34	0.886975
85	37	1.03257
85	65	0.993897
85	78	0.982717
85	80	0.978362
85	96	1.00517
85	101	1.05703
85	111	1.0103
85	119	0.994589
85	141	0.948882
85	145	1.14568
85	166	1.23663
85	167	1.20665
85	168	1.02803
85	170	1.0685
85	179	1.17141
85	180	0.990695
86	4	1.02299
86	16	0.976165
86	23	0.975587
86	24	0.966835
86	29	1.04912
86	61	1.02014
86	71	1.03923
86	73	1.04014
86	75	1.00228
86	94	1.03696
86	104	1.0483
86	112	0.94704
86	120	1.21317
86	125	1.02471
86	138	0.995525
86	160	1.04075
86	161	0.974101
86	169	0.91027
86	172	1.02568
86	176	1.01733
86	177	1.13983
86	179	1.08575
87	55	1.12076
87	73	1.23392
87	76	1.2326
87	103	1.27368
87	120	0.863362
87	123	1.16934
87	131	1.30603
87	134	0.895581
87	144	0.912779
87	147	0.910244
87	156	0.885976
87	157	0.870754
87	160	0.883568
87	162	0.954866
87	165	1.21691
87	166	0.84431
87	171	0.848575
87	174	0.844603
87	176	0.904115
87	177	0.84796
87	178	0.856696
87	179	0.880649
88	2	1.20164
88	43	0.952087
88	59	0.928134
88	60	0.942592
88	92	1.04682
88	97	1.00231
88	98	0.971912
88	118	0.941766
88	127	1.01996
88	142	1.04132
88	156	0.985038
88	159	1.00168
88	165	0.902147
88	166	0.943371
88	167	0.958478
88	170	1.02688
88	171	0.947637
88	172	0.992972
88	174	0.943664
88	175	1.00066
88	176	1.00318
88	178	0.955757
88	179	0.979711
89	1	1.03651
89	9	1.02367
89	60	1.01533
89	67	0.981905
89	74	0.990973
89	83	0.953061
89	95	0.940246
89	99	0.989601
89	102	0.956238
89	108	0.937
89	109	0.999181
89	116	0.969282
89	121	1.00973
89	122	1.12546
89	140	1.11532
89	146	0.99869
89	154	1.09899
89	161	1.0282
89	162	0.997071
89	169	0.964368
89	171	1.20176
89	178	1.20416
89	180	1.01978
90	11	1.02767
90	12	1.13105
90	17	0.955209
90	21	0.991501
90	31	1.05552
90	44	0.888981
90	47	1.00277
90	63	1.0303
90	66	0.979538
90	70	1.05814
90	72	0.998645
90	98	1.02461
90	101	0.914686
90	114	1.02321
90	137	1.01759
90	146	1.02834
90	148	1.03779
90	162	0.886294
90	164	1.11912
90	166	1.09429
90	169	1.07611
90	173	0.976925
90	177	1.08315
90	178	1.09339
91	2	0.950573
91	5	1.05235
91	6	1.06592
91	7	0.948993
91	14	1.01629
91	35	1.09836
91	44	0.970049
91	45	1.03335
91	49	1.00989
91	50	1.01639
91	69	0.993433
91	82	1.11698
91	84	1.02139
91	100	1.05825
91	106	1.07512
91	110	0.965744
91	142	0.96968
91	145	1.08441
91	155	1.01742
91	169	0.934659
91	173	1.05799
91	175	1.06343
91	176	1.04172
91	180	0.990075
92	13	0.941628
92	20	1.05446
92	32	0.876318
92	33	0.988899
92	38	0.889972
92	46	0.95112
92	48	0.908669
92	51	1.03778
92	53	1.01613
92	76	0.949774
92	77	0.947841
92	88	1.04682
92	103	0.931595
92	106	1.15581
92	118	0.978167
92	144	1.1037
92	149	1.11769
92	153	0.953838
92	165	0.970284
92	166	1.25605
92	168	1.02104
92	172	1.13077
92	173	1.13869
92	176	1.12242
93	110	0.930825
93	117	0.997582
93	120	1.20264
93	123	1.06894
93	124	1.03593
93	128	1.01838
93	129	1.01717
93	130	1.01459
93	131	0.996346
93	132	1.02633
93	134	1.08224
93	135	1.02632
93	137	1.03743
93	139	1.06295
93	142	0.93476
93	143	1.03981
93	148	0.986514
93	152	1.07883
93	154	1.03437
93	158	1.0459
93	162	0.932443
93	165	1.05297
93	170	0.972307
93	173	1.02307
94	4	1.0393
94	16	0.992479
94	23	0.9919
94	24	0.983148
94	29	1.06544
94	36	1.32927
94	58	1.0379
94	61	1.03645
94	71	1.05554
94	73	1.05645
94	75	1.0186
94	86	1.03696
94	104	1.06461
94	138	1.01184
94	141	1.00791
94	143	0.972131
94	144	0.9204
94	150	0.901302
94	151	0.976845
94	162	0.864762
94	164	1.09759
94	175	0.960833
94	177	1.06162
94	178	1.07185
95	1	1.00613
95	27	0.903595
95	54	1.03541
95	59	0.974333
95	60	0.984949
95	67	0.951521
95	83	0.922677
95	89	0.940246
95	98	0.964575
95	99	0.959217
95	108	0.906616
95	109	0.968797
95	121	0.979342
95	126	1.16465
95	146	0.968306
95	151	0.936994
95	155	1.15065
95	162	1.06849
95	163	1.10327
95	166	1.27648
95	168	1.04147
95	169	1.03578
95	172	1.1512
95	175	1.16456
96	3	1.05084
96	19	1.00346
96	28	1.00357
96	30	0.972513
96	34	0.956917
96	37	1.10251
96	64	0.961338
96	65	1.06384
96	78	1.05266
96	79	0.957585
96	80	1.0483
96	85	1.00517
96	101	1.00019
96	112	0.975868
96	121	0.993346
96	141	1.01882
96	142	0.974118
96	143	1.07917
96	147	1.02502
96	151	1.08388
96	168	1.09797
96	170	1.01166
96	172	1.05451
96	180	1.06064
97	18	1.09148
97	25	1.07778
97	39	1.04008
97	42	0.967558
97	43	0.966658
97	52	0.912323
97	55	1.05777
97	56	0.973847
97	57	0.999268
97	68	0.953283
97	79	0.989334
97	81	0.987843
97	88	1.00231
97	107	0.97683
97	115	1.01687
97	150	1.04009
97	153	0.98335
97	157	1.14756
97	158	0.992727
97	163	1.03833
97	168	0.976535
97	169	0.970847
97	170	1.04341
97	172	1.08626
97	177	1.20041
98	10	0.893931
98	17	0.949887
98	47	0.997452
98	54	1.09012
98	66	0.974216
98	74	1.0153
98	88	0.971912
98	90	1.02461
98	95	0.964575
98	108	0.961329
98	114	1.01789
98	116	0.993611
98	121	1.03405
98	144	1.02879
98	146	1.02302
98	151	0.991707
98	166	1.18114
98	168	0.946133
98	169	1.07079
98	170	1.01301
98	173	1.06378
98	175	1.06922
98	177	1.17001
98	179	1.11592
98	180	0.995861
99	9	1.04264
99	27	0.952949
99	44	0.981154
99	54	1.08476
99	59	1.02369
99	60	1.0343
99	67	1.00088
99	83	0.972032
99	89	0.989601
99	95	0.959217
99	102	0.97521
99	108	0.955971
99	109	1.01815
99	113	1.09181
99	116	0.988253
99	133	1.13068
99	146	1.01766
99	151	0.986349
99	156	1.09219
99	157	1.12247
99	169	0.945765
99	172	1.06118
99	175	1.07454
99	176	1.05283
99	180	1.00118
100	2	0.928746
100	5	1.03053
100	6	1.0441
100	7	0.927167
100	14	0.994466
100	15	0.884621
100	35	1.07654
100	45	1.01152
100	49	0.988061
100	50	0.994563
100	69	0.971606
100	72	1.08403
100	82	1.09515
100	84	0.999558
100	91	1.05825
100	113	1.08502
100	127	1.02601
100	144	1.02731
100	148	1.12317
100	154	1.0736
100	155	0.995593
100	167	1.14969
100	168	0.94466
100	176	1.04604
100	180	0.994388
101	5	1.02405
101	28	1.03481
101	46	1.02774
101	55	0.835615
101	85	1.05703
101	90	0.914686
101	96	1.00019
101	103	0.988537
101	118	0.971394
101	134	1.00737
101	153	0.959953
101	156	0.997763
101	157	0.982541
101	159	1.01441
101	162	1.06665
101	163	1.03033
101	166	0.956097
101	170	1.03961
101	171	0.960362
101	172	1.0057
101	173	1.01633
101	174	0.95639
101	176	1.0159
101	177	0.959747
101	179	0.992436
102	1	1.02212
102	9	1.00928
102	27	0.919587
102	54	1.0514
102	59	0.990326
102	67	0.967514
102	74	0.976582
102	83	0.93867
102	89	0.956238
102	99	0.97521
102	105	1.0785
102	106	1.09928
102	108	0.922609
102	109	0.98479
102	110	0.989911
102	116	0.954891
102	121	0.995335
102	122	1.11992
102	133	1.14374
102	146	0.984299
102	151	0.952987
102	162	0.991529
102	163	1.02631
102	167	1.16954
102	171	1.19621
102	174	1.19852
103	13	0.968983
103	20	1.08182
103	32	0.903673
103	33	1.01625
103	36	0.837048
103	38	0.917328
103	46	0.978476
103	48	0.936024
103	51	1.06514
103	76	0.977129
103	77	0.975196
103	87	1.27368
103	92	0.931595
103	101	0.988537
103	118	1.00552
103	133	1.11236
103	136	0.990291
103	152	1.02351
103	153	0.981193
103	165	0.997639
103	170	1.00001
103	174	1.16713
103	175	1.05622
103	176	1.03451
103	178	1.16724
103	179	1.10292
104	4	1.05064
104	16	1.00382
104	23	1.00324
104	24	0.994485
104	29	1.07677
104	58	1.04924
104	61	1.04779
104	71	1.06688
104	73	1.06779
104	75	1.02993
104	86	1.0483
104	94	1.06461
104	119	0.890791
104	125	1.05236
104	138	1.02318
104	141	1.01924
104	144	0.980473
104	156	1.03856
104	159	1.00502
104	160	1.02261
104	162	0.924835
104	167	1.10285
104	170	0.9647
104	173	1.01547
104	176	0.999196
104	178	1.13193
105	1	1.01971
105	7	1.24637
105	25	0.887743
105	61	0.98629
105	70	1.0161
105	71	0.975973
105	80	1.07659
105	102	1.0785
105	123	0.942775
105	126	0.998559
105	132	1.04607
105	145	0.963332
105	147	1.00013
105	157	0.960636
105	160	0.97345
105	166	0.934192
105	167	0.949299
105	168	1.06388
105	171	0.938457
105	172	0.983793
105	173	0.994422
105	175	0.991477
105	176	0.993997
105	177	0.937842
105	178	0.946578
105	179	0.970531
106	9	0.935031
106	33	0.964296
106	46	1.10711
106	66	1.10233
106	91	1.07512
106	92	1.15581
106	102	1.09928
106	115	1.01499
106	117	1.10852
106	120	0.933852
106	122	0.956046
106	138	1.05225
106	139	0.944987
106	140	0.941452
106	149	0.98416
106	156	0.956467
106	159	0.973111
106	160	0.954058
106	162	1.02536
106	164	0.91343
106	172	0.964401
106	174	0.915093
106	175	0.972086
106	176	0.974605
106	177	0.91845
106	178	0.927187
106	179	0.95114
107	18	1.10505
107	25	1.09135
107	39	1.05365
107	41	1.04553
107	42	0.981125
107	43	0.980225
107	52	0.92589
107	55	1.07133
107	56	0.987414
107	57	1.01284
107	68	0.96685
107	72	1.03869
107	81	1.00141
107	97	0.97683
107	115	1.03044
107	121	0.947882
107	125	1.00959
107	134	1.07613
107	136	0.956482
107	145	1.04338
107	147	0.979559
107	153	0.996917
107	155	1.0085
107	158	1.00629
107	164	1.15917
107	166	1.13433
107	170	0.966201
108	1	1.00289
108	27	0.900349
108	54	1.03216
108	60	0.981703
108	67	0.948275
108	74	0.957343
108	83	0.919432
108	89	0.937
108	95	0.906616
108	98	0.961329
108	99	0.955971
108	102	0.922609
108	109	0.965552
108	111	1.03506
108	116	0.935652
108	121	0.976096
108	122	1.18178
108	140	1.17165
108	143	1.16077
108	146	0.96506
108	150	1.08994
108	151	0.933749
108	166	1.26139
108	168	1.02638
108	170	1.09326
108	172	1.13611
108	174	1.26038
109	1	1.06507
109	9	1.05222
109	15	1.21829
109	59	1.03327
109	60	1.04388
109	67	1.01046
109	74	1.01952
109	83	0.981613
109	89	0.999181
109	95	0.968797
109	99	1.01815
109	102	0.98479
109	108	0.965552
109	116	0.997834
109	120	1.16059
109	121	1.03828
109	127	0.944727
109	146	1.02724
109	148	1.04189
109	151	0.99593
109	156	1.00412
109	157	1.0344
109	159	0.970582
109	166	1.09839
109	168	0.863381
109	175	0.986467
109	178	1.09749
110	2	1.20126
110	39	0.860357
110	46	0.997733
110	47	0.931817
110	60	0.942209
110	77	1.00104
110	91	0.965744
110	93	0.930825
110	102	0.989911
110	124	0.939317
110	135	0.916051
110	139	0.99855
110	140	0.995015
110	145	0.997504
110	149	1.03772
110	154	1.02548
110	159	1.02667
110	160	1.00762
110	162	1.07892
110	164	0.966993
110	167	0.983471
110	168	1.09805
110	171	0.972629
110	177	0.972013
110	178	0.98075
110	179	1.0047
110	180	1.06071
111	23	1.04649
111	33	0.838207
111	38	1.08604
111	60	0.925495
111	85	1.0103
111	108	1.03506
111	115	0.888906
111	137	0.913974
111	141	0.969073
111	148	1.00332
111	152	0.893815
111	156	1.024
111	159	1.04065
111	160	1.02159
111	163	1.05657
111	164	0.980965
111	165	0.88505
111	166	0.982336
111	167	0.997443
111	171	0.986601
111	173	1.04257
111	174	0.982629
111	175	1.03962
111	176	1.04214
111	177	0.985986
111	178	0.994722
111	179	1.01868
112	12	0.861554
112	42	1.00829
112	56	0.942636
112	65	0.940925
112	68	1.04973
112	86	0.94704
112	96	0.975868
112	117	1.00483
112	130	1.00431
112	136	1.06144
112	140	0.996713
112	147	1.03599
112	152	0.916216
112	156	1.01173
112	158	0.902005
112	162	1.08062
112	166	0.970061
112	167	0.985169
112	171	0.974327
112	173	1.03029
112	174	0.970354
112	175	1.02735
112	176	1.02987
112	177	0.973711
112	178	0.982448
112	179	1.0064
112	180	1.06241
113	5	1.109
113	26	0.988925
113	29	1.00438
113	99	1.09181
113	100	1.08502
113	115	1.02058
113	117	1.1141
113	123	0.969148
113	127	0.987616
113	129	1.09305
113	133	0.935105
113	154	0.968142
113	157	0.937466
113	160	0.95028
113	162	1.02158
113	163	0.985253
113	165	1.01672
113	166	0.911022
113	170	0.994531
113	171	0.915288
113	172	0.960623
113	173	0.971252
113	174	0.911315
113	175	0.968307
113	177	0.914672
113	178	0.923408
113	179	0.947362
114	10	0.892536
114	11	1.02096
114	12	1.12434
114	17	0.948492
114	21	0.984784
114	31	1.0488
114	47	0.996057
114	63	1.02358
114	66	0.972821
114	70	1.05142
114	90	1.02321
114	98	1.01789
114	126	1.03401
114	137	1.01088
114	138	0.99345
114	146	1.02162
114	147	0.991077
114	149	1.00748
114	156	1.05158
114	159	1.01804
114	162	0.937855
114	164	1.17068
114	168	0.91084
114	169	1.06939
114	177	1.13471
114	178	1.14495
114	179	1.08063
115	18	1.14509
115	25	1.13139
115	39	1.09369
115	42	1.02117
115	43	1.02027
115	52	0.96593
115	55	1.11137
115	56	1.02745
115	57	1.05288
115	68	1.00689
115	81	1.04145
115	97	1.01687
115	106	1.01499
115	107	1.03044
115	111	0.888906
115	113	1.02058
115	125	1.04963
115	133	1.05945
115	140	1.02549
115	147	0.960461
115	150	0.943779
115	151	1.01932
115	153	1.03696
115	154	1.00916
115	158	1.04633
115	163	0.942017
115	169	0.874536
115	173	0.997869
116	1	1.03517
116	9	1.02232
116	27	0.932631
116	36	1.39084
116	54	1.06444
116	60	1.01399
116	67	0.980557
116	74	0.989625
116	83	0.951714
116	89	0.969282
116	98	0.993611
116	99	0.988253
116	102	0.954891
116	108	0.935652
116	109	0.997834
116	121	1.00838
116	134	1.07613
116	146	0.997342
116	151	0.96603
116	155	1.0085
116	159	1.00652
116	164	1.15916
116	167	1.10435
116	168	0.89932
116	170	0.9662
116	174	1.13332
116	177	1.12319
116	180	0.949048
117	22	0.947407
117	26	1.03148
117	41	1.11996
117	62	0.996023
117	93	0.997582
117	106	1.10852
117	112	1.00483
117	113	1.1141
117	123	0.996916
117	124	0.963909
117	128	0.946356
117	129	0.945144
117	130	0.942569
117	131	0.924324
117	132	0.954306
117	133	1.15298
117	135	0.954296
117	136	1.03091
117	137	0.965407
117	144	0.96198
117	148	0.914492
117	152	1.00681
117	155	1.08292
117	156	1.11448
117	158	0.973876
117	165	0.980944
117	167	1.17878
117	170	1.04063
117	172	1.08347
118	20	1.12839
118	32	0.950245
118	33	1.06283
118	36	0.88362
118	38	0.9639
118	44	1.02796
118	46	1.02505
118	48	0.982596
118	51	1.11171
118	53	1.09006
118	76	1.0237
118	77	1.02177
118	88	0.941766
118	92	0.978167
118	101	0.971394
118	103	1.00552
118	145	1.06005
118	149	1.01263
118	152	1.07008
118	153	1.02777
118	157	1.08701
118	159	1.02319
118	165	1.04421
118	168	0.915987
118	169	0.910299
118	171	1.14769
118	173	1.03363
118	178	1.15009
118	180	0.965715
119	3	0.87928
119	5	0.961613
119	14	1.02898
119	17	1.04126
119	23	1.03078
119	30	1.04369
119	31	0.902793
119	51	0.902034
119	77	0.968613
119	80	0.955579
119	85	0.994589
119	104	0.890791
119	123	1.0671
119	124	1.0341
119	127	1.04029
119	128	1.01654
119	130	1.01276
119	131	0.99451
119	132	1.02449
119	135	1.02448
119	147	1.02963
119	149	1.03306
119	150	1.05223
119	165	1.05113
119	167	0.978805
119	170	1.04721
119	176	1.0235
119	178	0.976084
119	179	1.00004
120	11	1.15302
120	18	1.04224
120	33	1.12673
120	55	1.07742
120	57	1.14573
120	86	1.21317
120	87	0.863362
120	93	1.20264
120	106	0.933852
120	109	1.16059
120	126	0.94488
120	136	0.971892
120	146	1.1816
120	155	0.927165
120	160	0.919771
120	164	0.879142
120	165	1.17358
120	166	0.880513
120	167	0.895621
120	171	0.884779
120	172	0.930114
120	173	0.940744
120	174	0.880806
120	175	0.937799
120	176	0.940318
120	177	0.884163
120	178	0.8929
120	179	0.916853
120	180	0.972864
121	22	1.04596
121	42	1.02577
121	49	1.07107
121	67	1.021
121	70	0.950679
121	71	0.910549
121	76	0.940614
121	89	1.00973
121	95	0.979342
121	96	0.993346
121	98	1.03405
121	102	0.995335
121	107	0.947882
121	108	0.976096
121	109	1.03828
121	116	1.00838
121	128	0.988586
121	131	1.01404
121	135	0.939214
121	139	0.985329
121	149	1.0245
121	151	1.00647
121	157	0.981586
121	160	0.9944
121	165	0.924928
121	173	1.01537
121	176	1.01495
121	177	0.958792
121	178	0.967528
121	179	0.991481
122	12	0.985874
122	26	1.00397
122	43	1.08171
122	47	1.06182
122	58	1.08271
122	83	1.12686
122	89	1.12546
122	102	1.11992
122	106	0.956046
122	108	1.18178
122	135	1.04606
122	136	0.994085
122	137	1.06069
122	140	0.929358
122	147	0.968641
122	157	0.929151
122	163	0.976938
122	164	0.901336
122	167	0.917814
122	169	1.03312
122	170	0.986216
122	171	0.906972
122	172	0.952308
122	173	0.962937
122	174	0.903
122	175	0.959992
122	176	0.962512
122	177	0.906357
122	178	0.915093
122	179	0.939047
123	15	1.1837
123	22	1.01876
123	40	1.08944
123	87	1.16934
123	93	1.06894
123	105	0.942775
123	113	0.969148
123	117	0.996916
123	119	1.0671
123	124	1.03527
123	128	1.01771
123	129	1.0165
123	130	1.01393
123	131	0.99568
123	132	1.02566
123	134	1.0056
123	135	1.02565
123	137	1.03676
123	142	0.858125
123	144	1.03334
123	147	0.909029
123	148	0.985848
123	150	0.892347
123	152	1.07817
123	154	0.95773
123	158	1.04523
123	165	1.0523
123	171	1.06049
123	173	0.946438
123	178	1.0629
123	179	0.998581
124	8	1.04571
124	26	1.06983
124	40	1.05643
124	62	1.03437
124	72	1.05329
124	93	1.03593
124	110	0.939317
124	117	0.963909
124	119	1.0341
124	123	1.03527
124	128	0.984705
124	129	0.983493
124	130	0.980918
124	131	0.962673
124	132	0.992655
124	135	0.992645
124	143	1.0483
124	144	1.00033
124	148	0.952841
124	151	1.05302
124	152	1.04516
124	154	1.04286
124	156	1.05465
124	158	1.01222
124	159	1.02112
124	165	1.01929
124	172	1.02364
124	173	1.03157
124	174	1.14792
124	176	1.0153
124	179	1.08371
124	180	0.963648
125	4	1.02705
125	23	0.979649
125	24	0.970898
125	42	1.00031
125	52	0.945078
125	56	1.0066
125	57	1.03202
125	58	1.02565
125	61	1.0242
125	68	0.986038
125	75	1.00635
125	81	1.0206
125	86	1.02471
125	104	1.05236
125	107	1.00959
125	115	1.04963
125	127	1.00439
125	141	0.995655
125	147	1.00328
125	148	1.10155
125	150	0.986594
125	153	1.0161
125	155	1.03222
125	156	1.06377
125	158	1.02548
125	161	0.981182
125	163	0.984833
125	167	1.12807
125	170	0.989919
125	171	1.15474
125	176	1.02441
125	177	1.14691
126	7	1.25556
126	15	0.861507
126	50	1.16052
126	51	1.03224
126	54	0.968804
126	59	1.02553
126	70	1.02529
126	71	0.985164
126	82	1.01665
126	95	1.16465
126	105	0.998559
126	114	1.03401
126	120	0.94488
126	127	1.00242
126	135	1.01383
126	139	0.956015
126	144	0.994298
126	145	0.954969
126	147	0.991762
126	149	0.995188
126	157	0.952272
126	158	0.994097
126	161	1.00619
126	164	0.924458
126	166	0.925828
126	167	0.940936
126	171	0.930094
126	174	0.926121
126	175	0.983114
126	178	0.938215
126	179	0.962168
126	180	1.01818
127	4	0.943184
127	12	0.911817
127	29	0.94537
127	30	1.13207
127	32	1.09863
127	67	1.02838
127	74	1.00698
127	78	1.02127
127	88	1.01996
127	100	1.02601
127	109	0.944727
127	113	0.987616
127	119	1.04029
127	125	1.00439
127	126	1.00242
127	135	0.972
127	140	0.964706
127	141	1.04174
127	142	1.036
127	148	0.959036
127	162	1.04861
127	164	0.936684
127	167	0.953162
127	169	1.06847
127	170	1.02156
127	171	0.94232
127	172	0.987656
127	174	0.938348
127	175	0.99534
127	177	0.941705
127	178	0.950441
127	179	0.974395
127	180	1.03041
128	8	1.02815
128	22	0.968203
128	26	1.05228
128	62	1.01682
128	93	1.01838
128	117	0.946356
128	119	1.01654
128	121	0.988586
128	123	1.01771
128	124	0.984705
128	129	0.96594
128	130	0.963365
128	131	0.94512
128	132	0.975102
128	133	1.11926
128	135	0.975092
128	137	0.986203
128	139	1.09755
128	143	1.07441
128	144	0.982776
128	148	0.935288
128	149	1.03667
128	152	1.02761
128	156	1.08076
128	157	1.11105
128	158	0.994672
128	161	0.998168
128	163	1.00182
128	165	1.00174
128	167	1.14505
128	172	1.04975
128	175	1.06311
128	178	1.17413
129	8	1.02694
129	22	0.966991
129	26	1.05107
129	40	1.03767
129	62	1.01561
129	93	1.01717
129	113	1.09305
129	117	0.945144
129	123	1.0165
129	124	0.983493
129	128	0.96594
129	130	0.962153
129	131	0.943908
129	132	0.97389
129	135	0.97388
129	137	0.984991
129	139	1.11022
129	142	0.982023
129	144	0.981564
129	147	1.03293
129	148	0.934076
129	152	1.02639
129	158	0.993459
129	159	1.05989
129	160	1.07748
129	162	0.979705
129	164	1.21253
129	165	1.00053
129	169	0.947002
129	171	1.18439
129	173	1.07034
129	174	1.18669
129	180	1.00242
130	8	1.02437
130	26	1.04849
130	40	1.03509
130	62	1.01303
130	93	1.01459
130	112	1.00431
130	117	0.942569
130	119	1.01276
130	123	1.01393
130	124	0.980918
130	128	0.963365
130	129	0.962153
130	131	0.941333
130	132	0.971315
130	135	0.971305
130	137	0.982416
130	142	1.00256
130	144	0.978989
130	148	0.931501
130	150	1.03678
130	151	1.11232
130	152	1.02382
130	157	1.14424
130	158	0.990884
130	165	0.997953
130	168	0.973223
130	169	0.967535
130	170	1.0401
130	173	1.09087
130	177	1.1971
130	178	1.20733
130	179	1.14301
130	180	1.02295
131	8	1.00612
131	22	0.94617
131	26	1.03025
131	40	1.01685
131	62	0.994787
131	87	1.30603
131	93	0.996346
131	117	0.924324
131	119	0.99451
131	121	1.01404
131	123	0.99568
131	124	0.962673
131	128	0.94512
131	129	0.943908
131	130	0.941333
131	132	0.95307
131	135	0.953059
131	137	0.964171
131	144	0.960744
131	147	1.04572
131	148	0.913256
131	150	1.02903
131	151	1.10458
131	152	1.00557
131	158	0.972639
131	159	1.07268
131	163	1.02727
131	165	0.979708
131	167	1.17051
131	169	0.959791
131	174	1.19948
131	178	1.19959
131	179	1.13527
131	180	1.01521
132	8	1.0361
132	22	0.976153
132	26	1.06023
132	40	1.04683
132	62	1.02477
132	79	0.944885
132	93	1.02633
132	105	1.04607
132	117	0.954306
132	119	1.02449
132	123	1.02566
132	124	0.992655
132	128	0.975102
132	129	0.97389
132	130	0.971315
132	131	0.95307
132	134	1.1089
132	135	0.983042
132	137	0.994153
132	144	0.990726
132	148	0.943238
132	150	0.995641
132	152	1.03556
132	155	1.04126
132	157	1.10311
132	158	1.00262
132	159	1.03929
132	165	1.00969
132	169	0.926398
132	170	0.998966
132	171	1.16379
132	173	1.04973
132	175	1.05517
132	178	1.16619
132	179	1.10188
133	36	0.812386
133	38	1.25659
133	62	1.04719
133	64	1.25194
133	71	1.04122
133	99	1.13068
133	102	1.14374
133	103	1.11236
