1	20	0.970106
1	77	0.975539
1	148	1.03455
1	166	1.02143
1	168	0.937521
1	171	0.960855
1	172	0.956177
1	173	1.02137
1	174	1.02463
1	176	1.02975
1	178	1.03916
1	179	1.03503
2	5	0.868854
2	97	1.13282
2	103	1.09103
2	105	0.99847
2	107	1.05386
2	109	1.13874
2	121	0.917258
2	169	0.78127
2	173	0.946922
2	176	0.898564
2	177	1.19149
3	33	0.943316
3	48	0.975654
3	93	0.90417
3	148	1.03138
3	149	1.02745
3	161	0.998118
3	162	0.995374
3	164	1.04035
3	166	1.01826
3	173	1.0182
3	178	1.036
3	179	1.03186
4	54	0.9538
4	119	0.913634
4	132	1.02565
4	150	0.990962
4	154	0.98769
4	166	0.993797
4	167	1.01537
4	168	1.01253
4	172	0.997922
4	177	1.13547
4	179	0.94806
4	180	1.02463
5	2	0.868854
5	52	0.983051
5	126	0.995103
5	136	1.04514
5	138	0.992366
5	153	1.0443
5	162	1.02322
5	167	1.0339
5	172	1.01645
5	175	0.976456
5	178	0.984106
5	180	1.04316
6	111	0.937265
6	128	1.01765
6	144	0.946194
6	156	1.03638
6	157	1.01738
6	162	1.0227
6	164	0.926712
6	165	1.03142
6	166	0.973952
6	167	1.03338
6	172	1.01593
6	180	1.04264
7	111	0.985063
7	136	1.0465
7	146	0.932284
7	157	1.01926
7	160	1.02318
7	162	1.02458
7	168	1.03242
7	170	0.938046
7	171	1.02312
7	175	0.970785
7	176	1.03084
7	178	0.978435
8	27	0.889277
8	60	0.873974
8	82	0.950863
8	110	1.1277
8	112	0.899443
8	115	0.871949
8	116	0.942295
8	147	0.894063
8	154	0.876935
8	157	1.20656
8	172	1.22319
8	179	1.25262
9	54	0.977026
9	77	1.0136
9	117	0.930483
9	123	0.991627
9	132	1.04267
9	155	1.03879
9	157	1.01639
9	167	1.03238
9	170	0.933319
9	172	1.01494
9	178	0.973708
9	180	1.04165
10	113	1.00139
10	119	1.04404
10	125	1.00393
10	131	1.03927
10	133	1.06772
10	146	0.991549
10	154	1.00481
10	163	1.03565
10	170	0.997311
10	176	1.01256
10	177	0.83051
10	180	0.97677
11	23	0.982146
11	34	0.985956
11	72	1.00357
11	73	1.00656
11	83	1.05958
11	98	1.03455
11	101	1.04705
11	144	0.952256
11	166	0.980013
11	169	1.11588
11	172	0.904845
11	175	0.929048
12	43	0.812256
12	74	0.859069
12	97	0.937769
12	99	0.898611
12	103	0.895977
12	107	0.858804
12	109	0.943687
12	127	1.28379
12	160	1.14636
12	167	1.1576
12	177	0.996436
12	179	1.21292
13	112	0.92259
13	137	1.02613
13	139	0.985638
13	156	1.01744
13	167	1.01445
13	168	1.01161
13	171	1.00231
13	172	0.997
13	174	0.948317
13	177	1.13455
13	179	0.921875
13	180	1.02371
14	34	0.988572
14	51	1.02076
14	61	0.97605
14	72	1.00619
14	83	1.06219
14	90	1.02942
14	110	0.883009
14	121	1.0039
14	162	0.992968
14	168	0.959838
14	169	1.11849
14	176	0.985209
15	59	0.923203
15	86	0.904866
15	113	0.87888
15	123	0.900625
15	125	0.881427
15	131	0.916767
15	154	0.882306
15	163	0.913142
15	164	1.21921
15	171	1.19596
15	172	1.19128
15	176	1.198
16	118	0.942929
16	119	0.90617
16	122	1.32366
16	123	0.885256
16	125	0.866058
16	131	0.901398
16	133	0.929842
16	135	1.24076
16	154	0.866937
16	160	1.18779
16	163	0.897773
16	177	1.04959
17	120	1.06664
17	131	0.931392
17	147	0.868386
17	153	0.863192
17	168	0.86741
17	169	0.775488
17	170	1.1586
17	171	0.890744
17	173	1.10582
17	174	1.10909
17	175	1.12453
17	178	1.12362
17	179	1.11949
18	49	0.979422
18	95	1.09206
18	120	1.09118
18	124	1.00196
18	151	0.978137
18	155	0.98199
18	159	1.01931
18	161	0.961443
18	165	0.973633
18	171	0.963452
18	172	0.95814
18	175	0.997901
18	179	1.00313
19	20	1.097
19	49	1.07185
19	136	1.03193
19	144	0.984463
19	162	1.09755
19	166	0.959758
19	170	1.01247
19	173	0.959697
19	174	0.962957
19	175	0.978404
19	177	0.907738
19	178	0.977491
19	179	0.973358
20	1	0.970106
20	19	1.097
20	75	1.07443
20	76	0.955601
20	143	1.01116
20	151	0.979936
20	158	0.975806
20	160	0.965307
20	164	1.0171
20	171	0.965252
20	172	0.959939
20	173	1.04425
20	180	0.986648
21	62	0.919952
21	74	0.95758
21	97	1.03628
21	99	0.997122
21	105	0.901927
21	107	0.957315
21	128	0.935111
21	139	1.12583
21	152	1.01707
21	158	1.02251
21	176	1.03935
21	177	1.09495
21	180	1.00356
22	92	0.943567
22	126	1.07107
22	128	0.89186
22	135	0.788832
22	137	0.906684
22	148	0.825232
22	154	0.842053
22	157	1.09387
22	158	1.10829
22	160	1.09779
22	168	1.10703
22	172	1.09242
22	177	1.22997
23	11	0.982146
23	48	0.962132
23	51	0.953096
23	72	0.938525
23	73	0.941513
23	83	0.994531
23	101	0.982007
23	110	0.974226
23	133	1.01429
23	167	1.04382
23	168	1.05105
23	169	1.05083
23	173	1.12478
24	129	1.11093
24	130	1.01955
24	132	0.972332
24	146	0.981284
24	149	1.02035
24	158	0.960473
24	162	0.951374
24	165	0.960098
24	166	1.07075
24	168	0.959216
24	172	0.944606
24	177	1.08216
24	180	0.971314
25	83	0.984716
25	113	1.09399
25	119	1.02381
25	145	0.96889
25	162	1.04328
25	164	0.979427
25	170	1.01005
25	171	1.03349
25	174	0.960538
25	175	0.975985
25	176	0.96566
25	178	0.975071
25	179	0.970939
26	82	0.985993
26	134	1.04179
26	141	1.00219
26	142	0.964944
26	154	1.10013
26	166	0.955486
26	170	1.0082
26	171	1.03575
26	172	1.03107
26	174	0.958685
26	175	0.974132
26	178	0.973219
26	179	0.969086
27	8	0.889277
27	30	1.07209
27	71	1.07789
27	100	0.918998
27	112	0.986185
27	115	0.958691
27	116	1.02904
27	147	0.980805
27	150	1.06799
27	154	0.963677
27	174	1.12664
27	177	0.895435
27	180	1.04169
28	135	0.992486
28	151	1.03601
28	157	1.0486
28	160	1.02809
28	164	0.984939
28	166	0.962851
28	167	1.03934
28	168	1.04657
28	173	0.962789
28	174	0.96605
28	175	0.981497
28	178	0.980583
28	179	0.976451
29	91	1.03853
29	140	1.01393
29	143	1.0104
29	146	1.01391
29	150	0.952221
29	158	0.975049
29	159	1.07382
29	161	0.962484
29	162	0.965949
29	165	0.974674
29	168	0.973792
29	178	1.06006
29	180	0.98589
30	27	1.07209
30	44	1.02188
30	62	1.08183
30	93	1.0179
30	130	1.00054
30	142	1.02865
30	143	0.994015
30	161	0.946102
30	162	0.949567
30	163	1.01644
30	165	0.958292
30	172	0.942799
30	180	0.969507
31	79	1.02598
31	83	0.982053
31	90	0.949275
31	101	0.96953
31	118	0.997731
31	125	0.920861
31	131	0.9562
31	133	0.984644
31	152	1.0309
31	153	1.02359
31	164	1.07439
31	169	1.03835
31	176	1.05318
32	66	1.06535
32	68	1.22507
32	90	1.12141
32	106	1.07703
32	135	0.951207
32	139	0.922113
32	164	0.94366
32	167	1.09813
32	173	0.92151
32	174	0.92477
32	175	0.940217
32	176	0.929892
32	178	0.939304
32	179	0.935172
33	3	0.943316
33	35	0.915506
33	46	0.925413
33	83	0.893572
33	119	0.932668
33	155	1.04687
33	157	1.02447
33	158	1.03889
33	161	1.02633
33	162	1.02979
33	163	0.97754
33	172	1.02302
33	177	1.16057
33	180	1.04973
34	11	0.985956
34	14	0.988572
34	37	1.10207
34	48	0.965942
34	61	0.912196
34	66	0.960181
34	73	0.945323
34	90	0.965563
34	101	0.985818
34	111	1.05733
34	169	1.05464
34	175	1.04305
34	178	1.0507
35	33	0.915506
35	59	0.949289
35	85	1.02817
35	99	1.0568
35	103	1.05417
35	105	0.961605
35	107	1.01699
35	109	1.10188
35	111	1.03094
35	146	0.938791
35	160	0.915954
35	172	0.953088
35	177	1.15462
35	180	0.924011
36	58	0.915762
36	80	1.00242
36	98	1.07209
36	144	1.07068
36	153	0.919514
36	159	1.05046
36	166	1.04598
36	169	0.831811
36	172	0.942388
36	173	1.04592
36	175	1.06462
36	178	1.06371
36	179	1.05958
36	180	0.913312
37	34	1.10207
37	59	1.05467
37	100	1.16967
37	113	1.12365
37	132	0.940443
37	154	1.12753
37	167	0.930162
37	170	0.970142
37	171	0.918029
37	173	0.917366
37	176	0.925749
37	178	0.93516
37	179	0.931028
37	180	0.939425
38	41	1.08873
38	89	0.918928
38	92	1.01837
38	105	1.01442
38	135	0.863633
38	148	0.900033
38	158	1.03336
38	165	1.03299
38	168	1.0321
38	169	1.1278
38	171	1.02281
38	172	1.01749
38	175	0.871997
38	180	1.0442
39	60	1.01472
39	64	1.10666
39	82	1.09161
39	93	0.848114
39	112	1.04019
39	115	1.0127
39	116	1.08305
39	147	1.03481
39	148	0.977082
39	154	1.01769
39	159	0.970457
39	171	0.929521
39	176	0.931559
39	179	0.954275
40	104	1.0446
40	137	1.02342
40	149	1.05023
40	156	0.902716
40	157	0.91437
40	165	0.905231
40	166	1.04104
40	170	1.09375
40	172	0.930995
40	173	1.04097
40	174	1.04423
40	178	1.05877
40	179	1.05464
40	180	0.901918
41	38	1.08873
41	58	1.0459
41	127	0.986729
41	142	0.938521
41	145	0.967022
41	146	0.872139
41	157	1.03663
41	160	1.04055
41	162	1.04195
41	163	0.926313
41	168	1.04979
41	172	1.03518
41	179	0.915868
41	180	1.06189
42	47	0.989816
42	60	0.907702
42	82	0.984591
42	100	0.865985
42	110	1.05022
42	112	0.933171
42	115	0.905677
42	116	0.976023
42	147	0.927791
42	150	1.14293
42	154	0.910663
42	165	1.11994
42	171	1.15039
42	176	1.15242
43	12	0.812256
43	85	0.928412
43	91	1.09213
43	103	0.954403
43	125	1.17953
43	133	1.02639
43	148	1.13404
43	154	1.15086
43	162	0.92408
43	167	0.934757
43	168	0.931923
43	172	0.917312
43	177	1.05486
43	180	0.94402
44	30	1.02188
44	45	0.899455
44	57	0.971383
44	79	0.907064
44	133	0.872128
44	152	1.04979
44	154	0.996604
44	161	1.04633
44	162	1.04979
44	165	1.05852
44	171	1.04834
44	176	1.05606
44	179	0.956975
44	180	1.06974
45	44	0.899455
45	53	1.04765
45	101	0.945487
45	114	0.98931
45	144	1.05674
45	153	0.924284
45	167	0.921268
45	170	1.08475
45	173	1.03198
45	174	1.03524
45	175	1.05069
45	178	1.04977
45	179	1.04564
45	180	0.918081
46	33	0.925413
46	79	1.07997
46	94	1.01202
46	118	0.942517
46	148	1.05023
46	150	0.960213
46	162	0.977471
46	163	1.05693
46	166	1.03711
46	167	0.937107
46	169	0.852418
46	175	1.05576
46	178	1.05485
46	179	1.05071
47	42	0.989816
47	64	1.11947
47	82	1.10442
47	100	0.98581
47	112	1.053
47	115	1.0255
47	116	1.09585
47	150	0.917744
47	154	1.03049
47	155	0.914442
47	171	0.925205
47	175	0.94473
47	178	0.95238
47	179	0.949958
48	3	0.975654
48	23	0.962132
48	34	0.965942
48	61	0.953419
48	68	1.07105
48	72	0.983558
48	83	1.03956
48	90	1.00679
48	94	0.965171
48	101	1.02704
48	141	0.969456
48	161	0.987219
48	169	1.09586
48	174	1.02587
48	176	0.976717
49	18	0.979422
49	19	1.07185
49	51	0.999803
49	103	0.959916
49	143	1.03644
49	144	1.01143
49	149	0.988794
49	156	1.00567
49	157	0.986672
49	158	1.00109
49	161	0.988527
49	168	0.999835
49	170	0.955489
49	171	0.990537
49	180	1.01193
50	53	1.01693
50	97	0.94049
50	132	1.0156
50	140	0.955051
50	150	0.980917
50	153	1.01572
50	154	1.03839
50	155	1.01173
50	158	1.00374
50	161	0.99118
50	166	1.04449
50	171	0.99319
50	172	0.987877
50	176	1.00091
50	179	0.998758
51	14	1.02076
51	23	0.953096
51	49	0.999803
51	61	0.944383
51	72	0.974522
51	73	0.97751
51	83	1.03053
51	90	0.99775
51	101	1.018
51	110	0.915541
51	126	1.06796
51	148	1.06326
51	151	0.981807
51	156	0.982746
51	169	1.08683
52	5	0.983051
52	63	1.05988
52	143	0.969582
52	144	1.00958
52	148	0.997988
52	152	0.990481
52	166	0.984874
52	168	0.987389
52	170	1.03759
52	171	1.01072
52	173	0.984812
52	174	0.988072
52	175	1.00352
52	178	1.00261
52	179	0.998474
53	45	1.04765
53	50	1.01693
53	72	1.07524
53	77	1.04221
53	129	0.962857
53	132	1.00483
53	139	0.989511
53	147	1.00517
53	164	1.01106
53	173	0.988908
53	174	0.992168
53	175	1.00762
53	177	0.84751
53	178	1.0067
53	179	1.00257
54	4	0.9538
54	9	0.977026
54	66	0.951748
54	79	1.02972
54	104	1.12402
54	118	0.989938
54	139	0.987402
54	142	0.996319
54	149	0.996053
54	157	0.993792
54	164	1.00895
54	166	0.986861
54	174	0.990059
54	175	1.00551
54	179	1.00046
55	77	0.98019
55	123	0.99354
55	133	1.03813
55	144	1.00273
55	145	1.03591
55	154	0.975222
55	155	1.00537
55	156	1.00197
55	160	0.986893
55	163	1.00606
55	164	0.98325
55	174	1.01119
55	178	0.987174
55	179	0.984753
55	180	1.00823
56	65	1.00682
56	83	0.944429
56	113	0.963369
56	118	1.04279
56	119	1.00603
56	123	0.985114
56	125	0.965916
56	129	1.10387
56	131	1.00126
56	133	1.0297
56	148	1.04076
56	160	0.951386
56	163	0.997631
56	167	0.96263
56	176	0.995236
57	44	0.971383
57	84	1.01793
57	118	0.998606
57	145	1.00224
57	151	0.989867
57	159	0.995178
57	163	1.01051
57	165	0.993322
57	166	0.990692
57	171	1.02376
57	173	0.99063
57	174	0.99389
57	175	1.00934
57	178	1.00842
57	179	1.00429
58	36	0.915762
58	41	1.0459
58	69	0.982747
58	80	1.08521
58	145	1.0292
58	150	0.9677
58	154	1.01768
58	157	0.976109
58	158	0.990529
58	160	0.980029
58	161	0.977964
58	169	1.08497
58	172	0.974661
58	179	0.978051
58	180	1.00137
59	15	0.923203
59	35	0.949289
59	37	1.05467
59	84	0.970292
59	89	1.01246
59	113	0.988806
59	119	1.03147
59	123	1.01055
59	125	0.991354
59	131	1.02669
59	139	1.06464
59	154	0.992233
59	161	0.988665
59	163	1.02307
59	176	0.978163
60	8	0.873974
60	39	1.01472
60	42	0.907702
60	68	1.15017
60	71	1.06259
60	100	0.903695
60	112	0.970882
60	115	0.943388
60	116	1.01373
60	147	0.965502
60	151	1.0199
60	154	0.948374
60	171	1.0538
60	174	1.10499
60	176	1.05584
60	180	1.02004
61	14	0.97605
61	34	0.912196
61	48	0.953419
61	51	0.944383
61	72	0.929812
61	73	0.9328
61	83	0.985818
61	90	0.95304
61	101	0.973295
61	136	1.03107
61	140	1.06794
61	156	1.05394
61	157	1.06559
61	161	1.09944
61	169	1.04212
61	172	1.08222
62	21	0.919952
62	30	1.08183
62	81	0.968053
62	85	0.937597
62	97	1.00538
62	99	0.966222
62	103	0.963588
62	105	0.871028
62	107	0.926415
62	109	1.0113
62	111	0.940367
62	130	1.10448
62	142	1.1326
62	146	1.06621
62	177	1.06405
62	180	1.05144
63	52	1.05988
63	126	0.929463
63	129	1.14443
63	134	0.952973
63	149	1.05385
63	157	0.952261
63	158	0.96668
63	162	0.957581
63	163	1.06896
63	165	0.966306
63	167	0.968258
63	168	0.965423
63	170	1.02055
63	175	1.05328
63	176	0.963845
63	180	0.977521
64	39	1.10666
64	47	1.11947
64	100	0.995635
64	106	1.07872
64	112	1.06282
64	115	1.03533
64	116	1.10567
64	126	0.969659
64	128	1.03159
64	147	1.05744
64	154	1.04031
64	155	0.906635
64	162	0.927195
64	171	0.917398
64	176	0.919436
64	177	0.737384
65	56	1.00682
65	75	1.0281
65	86	1.01392
65	91	1.01146
65	104	1.05645
65	118	1.06735
65	119	1.0306
65	123	1.00968
65	125	0.990484
65	131	1.02582
65	133	1.05427
65	134	0.953575
65	144	0.990261
65	154	0.991363
65	160	0.905716
65	168	0.924195
65	176	0.949566
66	32	1.06535
66	34	0.960181
66	54	0.951748
66	126	0.988679
66	136	1.03872
66	152	1.01679
66	160	1.0154
66	161	1.01333
66	165	1.02552
66	166	0.991745
66	167	1.02747
66	171	1.01534
66	175	0.94078
66	176	1.02306
66	178	0.94843
66	179	0.946009
66	180	1.03674
67	98	0.967499
67	100	1.01342
67	105	1.06884
67	117	0.890842
67	120	1.0197
67	150	0.994014
67	155	1.02482
67	157	1.00242
67	159	0.947828
67	160	1.00634
67	167	1.01842
67	168	1.01559
67	170	0.893679
67	171	1.00629
67	173	0.957289
67	177	1.13852
67	180	1.02768
68	32	1.22507
68	48	1.07105
68	60	1.15017
68	126	0.890321
68	157	0.913119
68	158	0.927538
68	160	0.917039
68	161	0.914974
68	162	0.918439
68	163	1.11617
68	167	0.929116
68	169	1.02198
68	171	0.916984
68	172	0.911671
68	173	1.13137
68	178	1.10814
68	180	0.938379
69	58	0.982747
69	73	1.0265
69	138	1.02668
69	140	1.0492
69	146	1.04793
69	147	0.991693
69	156	0.981094
69	166	1.00258
69	167	0.983483
69	168	0.990717
69	173	1.00252
69	174	1.00578
69	175	1.02123
69	176	1.0109
69	177	0.834037
69	178	1.02032
69	179	1.01618
70	79	0.992221
70	87	1.02455
70	108	1.08293
70	109	0.959983
70	143	1.0023
70	153	0.978928
70	155	0.974933
70	156	0.971527
70	162	0.957851
70	164	1.04063
70	167	0.968528
70	168	0.965693
70	172	0.951083
70	174	1.06857
70	176	0.964115
70	177	1.08863
70	179	1.04213
70	180	0.977791
71	27	1.07789
71	60	1.06259
71	88	0.924313
71	92	1.03586
71	100	1.02087
71	102	1.10788
71	106	1.10396
71	112	1.08806
71	115	1.06056
71	116	1.13091
71	121	0.890695
71	143	0.828823
71	147	1.08268
71	154	1.06555
71	163	0.905161
71	171	0.869963
71	173	0.920359
71	180	0.836208
72	11	1.00357
72	14	1.00619
72	23	0.938525
72	48	0.983558
72	51	0.974522
72	53	1.07524
72	61	0.929812
72	73	0.962939
72	90	0.983179
72	94	0.941564
72	101	1.00343
72	110	0.932158
72	121	1.05305
72	128	1.14651
72	132	1.00962
72	151	0.998424
72	168	1.00899
72	169	1.07226
73	11	1.00656
73	23	0.941513
73	34	0.945323
73	51	0.97751
73	61	0.9328
73	69	1.0265
73	72	0.962939
73	80	1.12897
73	83	1.01894
73	90	0.986167
73	94	0.944552
73	101	1.00642
73	121	1.01779
73	158	0.982253
73	165	0.966614
73	169	1.07524
73	173	1.04745
73	174	1.04825
74	12	0.859069
74	21	0.95758
74	84	1.02431
74	85	0.975225
74	97	1.04301
74	99	1.00385
74	103	1.00122
74	105	0.908655
74	107	0.964042
74	109	1.04893
74	128	0.941839
74	135	1.0413
74	159	1.07107
74	161	1.04268
74	169	0.914883
74	172	1.02546
74	173	1.08053
74	177	1.10167
75	20	1.07443
75	65	1.0281
75	112	1.09065
75	144	0.989564
75	146	1.01021
75	149	0.974052
75	155	1.05441
75	157	1.04387
75	160	1.02336
75	166	0.96486
75	170	1.01757
75	173	0.964798
75	174	0.968059
75	175	0.983506
75	176	0.973181
75	177	0.885162
75	178	0.982592
75	179	0.97846
76	20	0.955601
76	117	0.994108
76	120	1.12296
76	126	0.938255
76	135	1.02132
76	140	0.991205
76	141	1.00493
76	149	1.03025
76	151	0.979601
76	152	0.966363
76	153	0.987449
76	165	0.975097
76	167	0.977049
76	168	0.974215
76	171	0.964917
76	177	1.09715
76	178	1.03733
76	180	0.986313
77	1	0.975539
77	9	1.0136
77	53	1.04221
77	55	0.98019
77	111	1.03309
77	131	1.03993
77	138	1.03472
77	153	0.990452
77	155	0.986457
77	156	0.983052
77	162	0.969375
77	167	0.980052
77	168	0.977218
77	171	0.96792
77	172	0.962607
77	173	1.04968
77	178	1.02646
77	180	0.989316
78	120	1.09114
78	131	1.01899
78	150	0.963769
78	152	0.977488
78	153	0.998575
78	161	0.974032
78	163	1.01354
78	164	1.00159
78	165	0.986222
78	166	1.04883
78	167	0.988175
78	168	0.98534
78	171	0.976042
78	172	0.97073
78	174	1.02954
78	175	0.997865
78	176	0.983762
78	180	0.997438
79	31	1.02598
79	44	0.907064
79	46	1.07997
79	54	1.02972
79	70	0.992221
79	116	0.939625
79	129	0.990112
79	141	1.06292
79	151	0.925548
79	153	0.931892
79	155	0.948682
79	159	1.02071
79	164	1.03831
79	166	1.01622
79	170	1.06894
79	175	1.03487
79	178	1.03396
79	179	1.02982
79	180	0.92569
80	36	1.00242
80	58	1.08521
80	73	1.12897
80	81	0.999381
80	85	1.11301
80	141	0.976504
80	142	0.939262
80	149	0.938996
80	152	1.09628
80	157	1.09521
80	159	0.93429
80	160	1.07471
80	166	0.929804
80	170	0.982518
80	173	0.929743
80	174	0.933003
80	175	0.94845
80	178	0.947537
80	179	0.943404
81	62	0.968053
81	80	0.999381
81	86	1.03916
81	95	0.981147
81	113	1.01317
81	123	1.03492
81	129	0.97814
81	133	1.0795
81	139	0.955982
81	142	0.914872
81	148	0.915026
81	150	1.01594
81	162	1.02967
81	163	1.04743
81	164	0.890716
81	167	1.04035
81	171	1.02821
81	172	1.0229
81	180	1.04961
82	8	0.950863
82	26	0.985993
82	39	1.09161
82	42	0.984591
82	47	1.10442
82	100	0.980584
82	106	1.06367
82	112	1.04777
82	115	1.02028
82	116	1.09062
82	138	0.970283
82	147	1.04239
82	151	0.900952
82	154	1.02526
82	161	0.947389
82	162	0.944646
82	163	0.970047
82	175	0.954373
82	176	0.936887
83	11	1.05958
83	14	1.06219
83	23	0.994531
83	25	0.984716
83	31	0.982053
83	33	0.893572
83	48	1.03956
83	51	1.03053
83	56	0.944429
83	61	0.985818
83	73	1.01894
83	90	1.03918
83	101	1.05944
83	137	1.06485
83	158	0.92103
83	167	0.905265
83	169	1.12826
83	175	0.955358
83	176	0.937871
84	57	1.01793
84	59	0.970292
84	74	1.02431
84	87	0.985938
84	117	0.962719
84	143	1.02649
84	152	0.982029
84	156	0.995715
84	157	0.976719
84	160	0.980638
84	163	1.01397
84	165	0.990763
84	168	0.989881
84	171	0.980583
84	172	0.97527
84	174	1.02996
84	176	0.988303
84	177	1.11282
84	179	1.00352
84	180	1.00198
85	35	1.02817
85	43	0.928412
85	62	0.937597
85	74	0.975225
85	80	1.11301
85	97	1.05392
85	99	1.01477
85	103	1.01213
85	105	0.919572
85	107	0.974959
85	109	1.05984
85	111	0.988911
85	121	1.00182
85	146	0.962116
85	158	0.966289
85	159	1.02203
85	161	0.993632
85	165	0.95065
85	177	1.11259
85	178	1.00827
86	15	0.904866
86	65	1.01392
86	81	1.03916
86	89	0.99412
86	91	0.993991
86	113	0.970469
86	118	1.04989
86	119	1.01313
86	125	0.973017
86	131	1.00836
86	133	1.0368
86	136	0.935549
86	139	1.07989
86	140	0.97242
86	163	1.00473
86	166	1.06186
86	168	0.968039
86	170	0.978159
86	176	0.993411
86	178	1.01855
87	70	1.02455
87	84	0.985938
87	113	1.05227
87	114	1.02924
87	118	0.966614
87	129	0.963822
87	130	1.00306
87	149	0.999127
87	157	0.970468
87	159	0.994421
87	161	1.00431
87	164	1.01202
87	166	0.989935
87	170	1.04265
87	173	0.989874
87	174	0.993134
87	175	1.00858
87	178	1.00767
87	179	1.00354
87	180	0.958016
88	71	0.924313
88	102	1.016
88	129	0.958565
88	136	0.983128
88	138	1.00877
88	145	0.996229
88	148	0.997792
88	152	1.01871
88	153	1.0114
88	156	1.006
88	159	0.989164
88	164	1.00677
88	168	1.01562
88	170	1.03739
88	172	1.03427
88	174	0.987877
88	175	1.00332
88	178	1.00241
88	179	0.998278
88	180	1.0052
89	38	0.918928
89	59	1.01246
89	86	0.99412
89	91	0.991655
89	110	0.950895
89	113	0.968133
89	118	1.04755
89	119	1.01079
89	123	0.989878
89	125	0.970681
89	131	1.00602
89	133	1.03446
89	140	1.0321
89	147	1.0287
89	154	0.97156
89	155	1.04029
89	163	1.0024
89	174	1.10225
89	175	1.07058
89	177	0.871043
90	14	1.02942
90	31	0.949275
90	32	1.12141
90	34	0.965563
90	48	1.00679
90	51	0.99775
90	61	0.95304
90	72	0.983179
90	73	0.986167
90	83	1.03918
90	94	0.964792
90	101	1.02666
90	139	1.06582
90	143	0.936168
90	151	0.943412
90	158	0.962505
90	169	1.09548
90	175	0.996833
90	176	0.979346
90	178	1.00448
91	29	1.03853
91	43	1.09213
91	65	1.01146
91	86	0.993991
91	89	0.991655
91	113	0.968005
91	118	1.04742
91	119	1.01066
91	123	0.98975
91	125	0.970553
91	129	1.10092
91	131	1.00589
91	133	1.03434
91	154	0.971431
91	162	1.00005
91	163	1.00227
91	176	0.992288
91	177	0.810236
91	178	1.01743
91	180	0.956495
92	22	0.943567
92	38	1.01837
92	71	1.03586
92	120	0.918982
92	138	0.98232
92	142	0.967684
92	147	1.12814
92	156	1.11754
92	159	0.962712
92	163	0.978048
92	164	0.980315
92	166	0.958226
92	169	1.03524
92	170	1.01094
92	171	1.1505
92	173	0.958165
92	174	0.961425
92	175	0.976872
92	177	0.970484
92	178	0.975959
92	179	0.971826
93	3	0.90417
93	30	1.0179
93	39	0.848114
93	97	0.86968
93	102	0.930686
93	125	0.99624
93	134	1.0412
93	137	1.03221
93	150	1.03208
93	151	1.05904
93	153	1.06689
93	155	1.06289
93	156	1.05948
93	164	0.926446
93	165	1.05453
93	167	1.05649
93	171	1.04435
93	172	1.03904
93	174	0.95439
93	178	0.93037
93	180	1.06575
94	46	1.01202
94	48	0.965171
94	72	0.941564
94	73	0.944552
94	90	0.964792
94	101	0.985047
94	120	0.909027
94	139	0.948813
94	150	1.08079
94	153	1.0607
94	158	1.07345
94	160	1.04644
94	167	1.05768
94	169	1.05387
94	170	1.00099
94	171	1.08825
94	172	1.08357
94	174	0.95147
94	177	0.908235
94	178	0.966004
94	179	0.961871
95	18	1.09206
95	81	0.981147
95	122	0.9244
95	134	1.10433
95	138	0.980492
95	139	0.95694
95	146	1.00175
95	147	1.07593
95	159	0.960884
95	164	0.978486
95	165	1.06784
95	166	0.956398
95	167	1.06772
95	170	1.00911
95	172	1.09361
95	173	0.956336
95	174	0.959597
95	175	0.975044
95	177	0.91827
95	178	0.97413
95	179	0.969998
96	105	1.06537
96	116	0.883612
96	117	0.887381
96	122	0.997487
96	140	0.884478
96	143	1.07479
96	145	0.979339
96	146	0.884456
96	152	1.03033
96	156	1.04401
96	161	1.02687
96	162	1.03034
96	164	0.926683
96	165	1.03906
96	167	1.04101
96	168	1.03818
96	170	0.890218
96	171	1.02888
96	176	1.0366
96	177	1.16112
96	180	1.05028
97	2	1.13282
97	12	0.937769
97	21	1.03628
97	50	0.94049
97	62	1.00538
97	74	1.04301
97	85	1.05392
97	93	0.86968
97	99	1.08255
97	103	1.07992
97	105	0.987355
97	107	1.04274
97	108	1.01664
97	110	0.850925
97	128	1.02054
97	137	1.0801
97	152	0.930847
97	155	0.940324
97	169	0.835831
97	176	0.953125
97	177	1.18037
98	11	1.03455
98	36	1.07209
98	67	0.967499
98	114	0.929998
98	117	1.09358
98	130	1.12892
98	134	0.932626
98	135	1.12079
98	140	1.09067
98	152	0.937224
98	155	0.954316
98	156	0.950911
98	157	0.931914
98	160	0.935834
98	161	0.933769
98	162	0.937234
98	165	0.945959
98	167	0.947911
98	171	0.935778
98	175	1.12915
98	179	1.13438
98	180	0.957174
99	12	0.898611
99	21	0.997122
99	35	1.0568
99	62	0.966222
99	74	1.00385
99	85	1.01477
99	97	1.08255
99	105	0.948197
99	107	1.00358
99	109	1.08847
99	111	1.01754
99	121	0.9951
99	128	0.98138
99	132	0.951671
99	134	0.980415
99	146	0.955393
99	156	0.941412
99	161	0.986909
99	163	1.00957
99	174	1.02556
99	176	0.976406
99	177	1.14122
100	27	0.918998
100	37	1.16967
100	42	0.865985
100	47	0.98581
100	60	0.903695
100	64	0.995635
100	67	1.01342
100	71	1.02087
100	82	0.980584
100	102	0.948991
100	106	0.945068
100	112	0.929165
100	115	0.901671
100	116	0.972017
100	122	1.18518
100	142	1.13853
100	147	0.923785
100	154	0.906657
100	160	1.04931
100	161	1.10367
100	176	1.09316
100	180	1.05737
101	11	1.04705
101	23	0.982007
101	31	0.96953
101	34	0.985818
101	45	0.945487
101	48	1.02704
101	51	1.018
101	61	0.973295
101	72	1.00343
101	73	1.00642
101	83	1.05944
101	90	1.02666
101	94	0.985047
101	146	0.959277
101	147	0.955895
101	148	1.02581
101	152	0.958012
101	159	1.01919
101	160	0.936441
101	169	1.11574
101	173	1.02865
101	176	0.980291
102	71	1.10788
102	88	1.016
102	93	0.930686
102	100	0.948991
102	109	0.954698
102	112	1.01618
102	115	0.988684
102	116	1.05903
102	139	1.00523
102	142	1.01414
102	143	0.970953
102	151	0.978197
102	152	0.991852
102	153	0.98454
102	154	0.99367
102	155	1.00133
102	159	1.00917
102	172	1.00741
102	173	1.00462
102	178	1.02242
102	179	1.01828
102	180	0.978338
103	2	1.09103
103	12	0.895977
103	35	1.05417
103	43	0.954403
103	49	0.959916
103	62	0.963588
103	74	1.00122
103	85	1.01213
103	97	1.07992
103	104	1.08474
103	105	0.945563
103	107	1.00095
103	109	1.08583
103	121	0.996548
103	124	0.908825
103	128	0.978746
103	146	0.95684
103	158	0.961013
103	172	0.971137
103	176	0.977854
103	177	1.13858
103	179	1.00057
104	40	1.0446
104	54	1.12402
104	65	1.05645
104	103	1.08474
104	124	0.97127
104	134	0.92961
104	142	1.14093
104	149	1.11362
104	153	0.955295
104	155	0.9513
104	158	0.943317
104	160	0.932818
104	161	0.930753
104	165	0.942943
104	167	0.944895
104	168	0.942061
104	171	0.932763
104	172	0.92745
104	176	0.940482
104	178	1.1207
104	179	1.11828
104	180	0.954159
105	2	0.99847
105	21	0.901927
105	35	0.961605
105	38	1.01442
105	62	0.871028
105	67	1.06884
105	74	0.908655
105	85	0.919572
105	96	1.06537
105	97	0.987355
105	99	0.948197
105	103	0.945563
105	107	0.90839
105	109	0.993273
105	111	0.922342
105	128	0.886186
105	160	1.10473
105	165	1.1161
105	168	1.12321
105	175	1.16607
105	176	1.14858
105	177	1.04602
106	32	1.07703
106	64	1.07872
106	71	1.10396
106	82	1.06367
106	100	0.945068
106	114	0.995582
106	115	0.984761
106	130	0.952225
106	139	1.02145
106	141	0.927707
106	144	0.975663
106	147	1.00687
106	154	0.989747
106	161	0.999353
106	163	0.968129
106	165	1.01154
106	166	1.00342
106	167	1.01349
106	168	1.01066
106	170	0.919716
106	172	0.99605
106	179	0.957684
107	2	1.05386
107	12	0.858804
107	21	0.957315
107	35	1.01699
107	62	0.926415
107	74	0.964042
107	85	0.974959
107	97	1.04274
107	99	1.00358
107	103	1.00095
107	105	0.90839
107	108	1.05593
107	109	1.04866
107	114	1.02785
107	126	1.04264
107	127	1.08599
107	128	0.941573
107	141	0.985156
107	161	1.00292
107	170	0.977166
107	174	1.04157
107	176	0.992418
107	177	1.10141
108	70	1.08293
108	97	1.01664
108	107	1.05593
108	114	1.08763
108	117	1.02596
108	122	0.935822
108	131	1.0908
108	138	0.991914
108	140	1.01444
108	145	0.979371
108	146	1.01317
108	148	0.980934
108	159	0.972306
108	164	0.989908
108	166	0.96782
108	169	0.934896
108	172	1.04547
108	174	0.971019
108	175	0.986466
108	177	0.870138
108	178	0.985552
108	179	0.98142
108	180	1.0164
109	2	1.13874
109	12	0.943687
109	35	1.10188
109	62	1.0113
109	70	0.959983
109	74	1.04893
109	85	1.05984
109	99	1.08847
109	102	0.954698
109	103	1.08583
109	105	0.993273
109	107	1.04866
109	111	1.06261
109	128	1.02646
109	132	0.90451
109	155	0.916444
109	156	0.89425
109	162	0.937004
109	169	0.811951
109	172	0.922529
109	173	0.977603
109	176	0.929245
109	177	1.18629
110	8	1.1277
110	14	0.883009
110	23	0.974226
110	42	1.05022
110	51	0.915541
110	72	0.932158
110	89	0.950895
110	97	0.850925
110	123	0.929534
110	125	0.977485
110	147	1.02568
110	149	1.02876
110	152	1.02161
110	159	1.02405
110	160	1.02022
110	161	1.01816
110	164	1.04166
110	170	1.07228
110	171	1.02017
110	172	1.01486
110	173	1.01951
110	174	1.02277
110	179	1.03317
110	180	1.04156
111	6	0.937265
111	7	0.985063
111	34	1.05733
111	35	1.03094
111	62	0.940367
111	77	1.03309
111	85	0.988911
111	99	1.01754
111	105	0.922342
111	109	1.06261
111	137	0.96491
111	145	0.994074
111	148	0.995637
111	149	0.991715
111	155	1.00764
111	156	0.985449
111	161	1.03095
111	165	0.987964
111	168	0.995072
111	173	0.982461
111	175	1.00117
111	177	1.11536
111	178	1.00026
111	179	0.996123
111	180	0.984651
112	8	0.899443
112	13	0.92259
112	27	0.986185
112	39	1.04019
112	42	0.933171
112	47	1.053
112	60	0.970882
112	64	1.06282
112	71	1.08806
112	75	1.09065
112	82	1.04777
112	100	0.929165
112	102	1.01618
112	115	0.968858
112	116	1.0392
112	125	1.10312
112	147	0.990972
112	154	0.973844
112	156	0.977115
112	163	1.04527
112	165	0.979629
112	167	0.979504
112	173	1.06047
112	176	1.01211
112	177	0.830057
113	10	1.00139
113	15	0.87888
113	25	1.09399
113	37	1.12365
113	56	0.963369
113	59	0.988806
113	81	1.01317
113	86	0.970469
113	87	1.05227
113	89	0.968133
113	91	0.968005
113	118	1.0239
113	119	0.987142
113	123	0.966228
113	125	0.947031
113	131	0.982371
113	133	1.01081
113	154	0.94791
113	159	1.08604
113	163	0.978745
113	165	1.01466
113	171	1.0451
113	176	1.04714
113	177	0.86509
113	179	1.06986
113	180	1.01135
114	45	0.98931
114	87	1.02924
114	98	0.929998
114	106	0.995582
114	107	1.02785
114	108	1.08763
114	116	1.00226
114	126	0.942125
114	143	1.01469
114	144	1.06481
114	149	1.04217
114	151	0.983472
114	153	0.99132
114	157	0.964923
114	158	0.979342
114	160	0.968842
114	162	0.970243
114	165	0.978967
114	167	0.98092
114	168	0.978085
114	170	1.00886
114	171	0.968787
114	172	0.963475
114	173	1.07247
114	174	1.07327
114	180	0.990183
115	8	0.871949
115	27	0.958691
115	39	1.0127
115	42	0.905677
115	47	1.0255
115	60	0.943388
115	64	1.03533
115	71	1.06056
115	82	1.02028
115	100	0.901671
115	102	0.988684
115	106	0.984761
115	112	0.968858
115	116	1.01171
115	147	0.963478
115	154	0.94635
115	155	1.03119
115	166	1.11245
115	170	1.02874
115	171	1.04196
115	172	1.03728
115	173	1.09235
115	174	1.09315
115	176	1.04399
115	177	0.861942
115	179	1.06671
116	8	0.942295
116	27	1.02904
116	39	1.08305
116	42	0.976023
116	47	1.09585
116	60	1.01373
116	64	1.10567
116	71	1.13091
116	79	0.939625
116	82	1.09062
116	96	0.883612
116	100	0.972017
116	102	1.05903
116	112	1.0392
116	114	1.00226
116	115	1.01171
116	147	1.03382
116	154	1.0167
116	162	0.974579
116	165	0.93434
116	166	1.03527
116	171	0.964782
116	176	0.96682
116	177	0.784768
116	178	0.991957
116	180	0.931027
117	9	0.930483
117	67	0.890842
117	76	0.994108
117	84	0.962719
117	96	0.887381
117	98	1.09358
117	108	1.02596
117	127	1.00531
117	142	1.04096
117	143	0.927412
117	145	1.04305
117	146	1.07685
117	147	0.946194
117	149	1.04069
117	157	0.947248
117	159	1.03599
117	164	1.05359
117	166	1.0315
117	169	0.853296
117	172	0.963873
117	173	1.03144
117	174	1.0347
117	175	1.05015
117	176	1.03982
117	178	1.04923
117	179	1.0451
118	16	0.942929
118	31	0.997731
118	46	0.942517
118	54	0.989938
118	56	1.04279
118	57	0.998606
118	65	1.06735
118	86	1.04989
118	87	0.966614
118	89	1.04755
118	91	1.04742
118	113	1.0239
118	119	1.06656
118	121	0.980177
118	123	1.04565
118	125	1.02645
118	131	1.06179
118	133	1.09023
118	143	0.918305
118	149	0.979537
118	154	1.02733
118	155	0.948682
118	163	1.05816
118	165	0.929003
118	175	0.97897
118	177	0.779431
119	4	0.913634
119	10	1.04404
119	16	0.90617
119	25	1.02381
119	33	0.932668
119	56	1.00603
119	59	1.03147
119	65	1.0306
119	86	1.01313
119	89	1.01079
119	91	1.01066
119	113	0.987142
119	118	1.06656
119	121	0.995661
119	123	1.00889
119	125	0.98969
119	131	1.02503
119	133	1.05347
119	138	1.01036
119	154	0.990569
119	163	1.0214
119	167	0.944361
119	174	1.02612
119	175	0.994454
119	176	0.976967
119	178	1.0021
119	179	0.999682
120	17	1.06664
120	18	1.09118
120	67	1.0197
120	76	1.12296
120	78	1.09114
120	92	0.918982
120	94	0.909027
120	138	0.958215
120	139	0.934662
120	144	0.958825
120	145	0.945671
120	147	1.07505
120	148	0.947235
120	151	1.06351
120	160	1.05559
120	161	1.10995
120	162	1.1072
120	163	0.953942
120	164	0.956209
120	165	1.06696
120	166	0.934121
120	170	0.986835
120	174	0.937319
120	175	0.952766
120	176	0.942441
120	178	0.951853
120	179	0.947721
121	2	0.917258
121	14	1.0039
121	71	0.890695
121	72	1.05305
121	73	1.01779
121	85	1.00182
121	99	0.9951
121	103	0.996548
121	118	0.980177
121	119	0.995661
121	133	0.945241
121	136	1.01623
121	158	1.00341
121	160	0.992909
121	163	1.01207
121	165	1.00303
121	167	1.00499
121	168	1.00215
121	170	1.04497
121	172	0.987542
121	173	0.992191
121	174	0.995452
121	175	1.0109
121	176	1.00057
121	177	1.12509
121	178	1.00999
121	179	1.00585
122	16	1.32366
122	95	0.9244
122	96	0.997487
122	100	1.18518
122	108	0.935822
122	126	1.13092
122	133	1.01856
122	135	0.971002
122	137	0.923754
122	142	0.950825
122	145	0.952917
122	146	0.986717
122	148	0.954481
122	152	1.05842
122	155	1.06789
122	159	0.945853
122	164	0.963455
122	166	0.941367
122	170	0.994081
122	172	1.07398
122	173	0.941305
122	174	0.944566
122	175	0.960013
122	177	0.898643
122	178	0.959099
122	179	0.954967
122	180	1.0449
123	9	0.991627
123	15	0.900625
123	16	0.885256
123	55	0.99354
123	56	0.985114
123	59	1.01055
123	65	1.00968
123	81	1.03492
123	89	0.989878
123	91	0.98975
123	110	0.929534
123	113	0.966228
123	118	1.04565
123	119	1.00889
123	125	0.968776
123	131	1.00412
123	133	1.03256
123	150	1.02223
123	154	0.969655
123	157	1.00839
123	159	1.07063
123	161	1.04224
123	163	1.00049
123	167	0.999128
123	168	1.00636
123	175	1.04922
123	176	1.03173
123	178	1.05687
124	18	1.00196
124	103	0.908825
124	104	0.97127
124	127	1.01323
124	128	1.0318
124	139	1.00613
124	148	0.965172
124	150	1.0008
124	151	1.02776
124	152	1.01452
124	153	1.03561
124	155	1.03161
124	159	0.958547
124	161	1.01106
124	162	1.01453
124	163	0.95281
124	165	1.02325
124	166	0.988101
124	167	1.02521
124	168	1.02237
124	170	0.904398
124	171	1.01307
124	172	1.00776
124	173	0.968007
124	174	0.968807
124	176	1.02079
124	177	1.14531
124	179	0.942365
124	180	1.03447
125	10	1.00393
125	15	0.881427
125	16	0.866058
125	31	0.920861
125	43	1.17953
125	56	0.965916
125	59	0.991354
125	65	0.990484
125	86	0.973017
125	89	0.970681
125	91	0.970553
125	93	0.99624
125	110	0.977485
125	112	1.10312
125	113	0.947031
125	118	1.02645
125	119	0.98969
125	123	0.968776
125	131	0.984918
125	133	1.01336
125	134	1.08369
125	154	0.950457
125	158	1.06284
125	161	1.09019
125	163	0.981293
125	175	1.09717
125	176	1.07969
125	177	0.897634
125	180	1.04389
126	5	0.995103
126	22	1.07107
126	51	1.06796
126	63	0.929463
126	64	0.969659
126	66	0.988679
126	68	0.890321
126	76	0.938255
126	107	1.04264
126	114	0.942125
126	122	1.13092
126	132	0.970319
126	141	1.03164
126	152	0.949351
126	153	0.970437
126	156	0.963037
126	161	0.945895
126	162	0.94936
126	163	1.07206
126	164	1.06011
126	165	0.958085
126	167	0.960037
126	168	0.957203
126	169	1.0529
126	170	1.02365
126	173	1.08726
126	175	1.05639
126	179	1.06162
126	180	0.969301
127	12	1.28379
127	41	0.986729
127	107	1.08599
127	117	1.00531
127	124	1.01323
127	134	1.08626
127	137	0.929561
127	138	0.971268
127	140	0.99379
127	141	0.993874
127	142	0.956632
127	143	1.03908
127	144	0.971879
127	145	0.958725
127	148	0.960288
127	151	1.04632
127	156	1.04726
127	158	1.06541
127	164	0.969263
127	165	1.04977
127	166	0.947174
127	170	0.999888
127	173	0.947113
127	174	0.950373
127	175	0.96582
127	176	0.955495
127	177	0.900202
127	178	0.964906
127	179	0.960774
128	6	1.01765
128	21	0.935111
128	22	0.89186
128	64	1.03159
128	72	1.14651
128	74	0.941839
128	97	1.02054
128	99	0.98138
128	103	0.978746
128	105	0.886186
128	107	0.941573
128	109	1.02646
128	124	1.0318
128	142	0.955825
128	144	0.971072
128	145	0.957918
128	150	1.09133
128	153	1.07124
128	156	1.06583
128	162	1.10859
128	165	1.06835
128	166	0.946367
128	168	1.07546
128	173	0.946306
128	174	0.949566
128	175	0.965013
128	177	1.07921
128	178	0.9641
128	179	0.959967
129	24	1.11093
129	53	0.962857
129	56	1.10387
129	63	1.14443
129	79	0.990112
129	81	0.97814
129	87	0.963822
129	88	0.958565
129	91	1.10092
129	130	0.96038
129	136	1.03945
129	137	0.929639
129	138	0.971346
129	140	0.993868
129	141	0.993952
129	144	0.971956
129	146	0.992602
129	152	1.07504
129	164	0.96934
129	166	0.947252
129	169	0.980021
129	172	1.0906
129	173	0.94719
129	175	0.965898
129	176	0.955572
129	177	0.915263
129	178	0.964984
129	179	0.960852
129	180	1.06152
130	24	1.01955
130	30	1.00054
130	62	1.10448
130	87	1.00306
130	98	1.12892
130	106	0.952225
130	129	0.96038
130	137	0.96888
130	138	1.01059
130	139	0.987035
130	140	1.03311
130	145	0.998044
130	146	1.03184
130	149	0.995685
130	152	0.983656
130	155	0.993134
130	157	0.982594
130	164	1.00858
130	165	0.973455
130	166	0.986493
130	169	0.888641
130	170	1.03921
130	171	1.0039
130	173	0.986431
130	174	0.989692
130	175	1.00514
130	176	0.994814
130	178	1.00423
130	179	1.00009
130	180	0.970142
131	10	1.03927
131	15	0.916767
131	16	0.901398
131	17	0.931392
131	31	0.9562
131	56	1.00126
131	59	1.02669
131	65	1.02582
131	77	1.03993
131	78	1.01899
131	86	1.00836
131	89	1.00602
131	91	1.00589
131	108	1.0908
131	113	0.982371
131	118	1.06179
131	119	1.02503
131	123	1.00412
131	125	0.984918
131	133	1.0487
131	143	0.98411
131	154	0.985797
131	158	1.01045
131	160	0.983438
131	163	1.01663
131	167	0.994683
131	168	1.00192
131	169	0.909994
131	170	1.01204
131	176	1.02729
132	4	1.02565
132	9	1.04267
132	24	0.972332
132	37	0.940443
132	50	1.0156
132	53	1.00483
132	72	1.00962
132	99	0.951671
132	109	0.90451
132	126	0.970319
132	134	0.993829
132	135	0.973066
132	137	1.09092
132	139	1.05042
132	145	1.03781
132	147	1.00249
132	149	0.981997
132	151	1.01167
132	155	1.01552
132	157	0.993117
132	158	1.00754
132	161	0.994972
132	162	0.998437
132	163	0.997104
132	165	1.00716
132	171	0.996982
132	172	0.991669
132	174	1.0131
132	178	0.98908
132	180	1.01838
133	10	1.06772
133	16	0.929842
133	23	1.01429
133	31	0.984644
133	43	1.02639
133	44	0.872128
133	55	1.03813
133	56	1.0297
133	65	1.05427
133	81	1.0795
133	86	1.0368
133	89	1.03446
133	91	1.03434
133	113	1.01081
133	118	1.09023
133	119	1.05347
133	121	0.945241
133	122	1.01856
133	123	1.03256
133	125	1.01336
133	131	1.0487
133	144	0.967242
133	147	0.902151
133	154	1.01424
133	156	0.891552
133	163	1.04508
133	166	0.994999
133	172	0.919831
133	174	0.975704
133	176	0.926547
133	178	0.951684
134	26	1.04179
134	63	0.952973
134	65	0.953575
134	93	1.0412
134	95	1.10433
134	98	0.932626
134	99	0.980415
134	104	0.92961
134	125	1.08369
134	127	1.08626
134	132	0.993829
134	136	0.994792
134	137	1.11966
134	141	0.985425
134	143	1.01732
134	147	0.976927
134	149	1.01074
134	151	0.986099
134	157	0.96755
134	158	0.981969
134	161	0.969405
134	162	0.97287
134	165	0.981595
134	167	0.983547
134	168	0.980713
134	170	0.977435
134	172	0.966102
134	173	1.04104
134	176	0.979134
134	178	1.01782
134	180	0.99281
135	16	1.24076
135	22	0.788832
135	28	0.992486
135	32	0.951207
135	38	0.863633
135	74	1.0413
135	76	1.02132
135	98	1.12079
135	122	0.971002
135	132	0.973066
135	137	0.985387
135	139	1.00354
135	141	1.0497
135	142	1.01246
135	145	1.01455
135	146	1.04835
135	148	1.01611
135	151	0.961867
135	157	0.97446
135	159	1.00749
135	162	1.00556
135	164	1.02509
135	166	1.003
135	167	0.965195
135	169	0.880507
135	170	1.05571
135	173	1.00294
135	174	1.0062
135	175	1.02165
135	178	1.02073
135	179	1.0166
135	180	0.962008
136	5	1.04514
136	7	1.0465
136	19	1.03193
136	61	1.03107
136	66	1.03872
136	86	0.935549
136	88	0.983128
136	121	1.01623
136	129	1.03945
136	134	0.994792
136	139	1.01729
136	141	0.923555
136	145	1.00469
136	150	0.985672
136	151	1.01263
136	152	0.999391
136	153	1.02048
136	157	0.994081
136	158	1.0085
136	160	0.998
136	164	0.952029
136	165	1.00813
136	166	0.999268
136	167	1.01008
136	168	1.00724
136	171	0.997945
136	172	0.992632
136	173	0.979174
136	176	1.00566
136	178	0.955953
136	179	0.953532
136	180	1.01934
137	13	1.02613
137	22	0.906684
137	40	1.02342
137	83	1.06485
137	93	1.03221
137	97	1.0801
137	111	0.96491
137	122	0.923754
137	127	0.929561
137	129	0.929639
137	130	0.96888
137	132	1.09092
137	134	1.11966
137	135	0.985387
137	138	0.979846
137	140	1.00237
137	141	1.00245
137	144	0.980456
137	145	0.967302
137	147	1.09126
137	149	0.964943
137	152	1.09337
137	159	0.960238
137	164	0.97784
137	167	1.08305
137	169	0.99836
137	170	1.00847
137	173	0.95569
137	174	0.95895
137	175	0.974397
137	177	0.933602
137	178	0.973484
137	179	0.969352
137	180	1.07986
138	5	0.992366
138	69	1.02668
138	77	1.03472
138	82	0.970283
138	88	1.00877
138	92	0.98232
138	95	0.980492
138	108	0.991914
138	119	1.01036
138	120	0.958215
138	127	0.971268
138	129	0.971346
138	130	1.01059
138	137	0.979846
138	148	1.01057
138	152	0.999796
138	154	1.08442
138	155	1.00927
138	157	0.998734
138	158	1.00523
138	159	1.00194
138	162	1.02983
138	164	1.01955
138	165	0.989595
138	166	0.997459
138	170	1.05017
138	171	1.02004
