1	18	1.00519
1	49	0.972159
1	119	0.957982
1	120	1.03451
1	138	0.907785
1	146	1.02239
1	149	1.01337
1	151	1.05342
1	160	1.03422
1	166	1.01822
1	178	0.951727
1	179	1.02387
2	77	1.07426
2	94	1.06643
2	99	1.11147
2	106	1.07676
2	107	0.898313
2	157	1.10204
2	168	1.16904
2	172	0.876638
2	175	0.899673
2	177	0.835406
2	179	0.896682
3	60	0.918914
3	117	0.995931
3	143	1.03641
3	148	0.970203
3	152	0.986028
3	156	1.02203
3	161	1.03341
3	164	1.05514
3	169	1.02164
3	173	0.954825
3	175	0.977458
3	176	1.03545
4	33	0.953029
4	66	1.17326
4	87	0.91701
4	98	0.923954
4	147	1.18853
4	152	1.22777
4	161	0.889524
4	169	0.877753
4	171	0.869258
4	176	0.891563
4	178	0.877909
4	179	1.21621
5	24	1.00646
5	79	0.937435
5	140	0.956622
5	150	1.05866
5	160	1.03122
5	161	0.947262
5	167	1.02426
5	170	1.01959
5	175	1.01907
5	176	0.945503
5	179	1.02087
5	180	1.02632
6	8	0.940388
6	105	1.02195
6	125	0.983111
6	128	0.93015
6	140	1.02442
6	146	1.01248
6	149	1.00345
6	151	1.04351
6	164	0.94598
6	168	1.11106
6	175	1.00501
6	180	0.985907
7	53	1.24139
7	76	0.931041
7	112	0.913313
7	136	1.21126
7	143	0.903583
7	156	0.889196
7	161	0.900576
7	169	0.888805
7	174	0.884524
7	177	1.15397
7	178	0.888961
7	180	1.19913
8	6	0.940388
8	39	0.916344
8	46	0.948709
8	121	0.964834
8	125	1.02407
8	155	1.02274
8	163	1.00696
8	167	1.0238
8	173	1.03531
8	177	1.06492
8	179	1.02041
8	180	1.02587
9	112	1.03905
9	114	1.07157
9	138	1.03004
9	139	0.947976
9	162	0.939624
9	166	0.9782
9	171	1.00604
9	174	1.01026
9	176	1.02835
9	178	1.0147
9	179	0.978505
9	180	0.962392
10	81	0.89752
10	90	1.04401
10	119	1.03306
10	142	0.995877
10	143	1.03391
10	158	0.973588
10	165	1.02194
10	174	1.01485
10	176	1.03294
10	177	0.945937
10	178	1.01929
10	180	0.9911
11	50	1.04995
11	59	0.943875
11	80	0.913462
11	99	0.927569
11	103	0.958908
11	137	1.00758
11	158	1.047
11	169	1.02913
11	170	1.02366
11	172	1.03851
11	174	1.02485
11	178	1.02928
12	79	1.00295
12	98	0.94325
12	103	1.01155
12	116	1.03718
12	132	1.03442
12	133	1.02404
12	147	0.975866
12	154	0.948457
12	157	1.03773
12	158	0.969919
12	160	0.966541
12	177	1.05214
13	92	0.927718
13	112	1.04289
13	121	1.04002
13	134	1.0149
13	138	1.03388
13	160	0.950489
13	169	1.01838
13	174	1.0141
13	176	1.03219
13	177	0.926216
13	178	1.01854
13	179	0.987493
14	57	0.950185
14	71	0.930308
14	123	0.958351
14	138	1.0389
14	143	1.03819
14	156	1.0238
14	169	1.02341
14	170	0.987181
14	171	1.01491
14	176	1.03722
14	178	1.02357
14	180	0.980856
15	109	0.990796
15	115	1.01112
15	130	0.944397
15	131	1.03723
15	142	0.970458
15	146	1.01007
15	149	1.00104
15	151	1.0411
15	166	0.98149
15	168	1.10865
15	172	0.961751
15	178	0.94618
16	34	1.14314
16	43	1.24368
16	91	0.932031
16	92	0.92753
16	104	1.23528
16	114	1.17087
16	163	0.872641
16	167	0.889487
16	172	0.899671
16	173	0.900991
16	179	0.886096
16	180	0.891553
17	26	0.994308
17	74	0.925724
17	93	1.20015
17	124	0.893009
17	129	1.16841
17	133	0.878993
17	144	1.19955
17	147	0.86081
17	173	0.877479
17	177	0.907095
17	178	1.22637
17	179	0.862583
18	1	1.00519
18	36	1.01793
18	77	0.9478
18	94	0.939967
18	95	0.940822
18	99	0.985015
18	106	0.950302
18	145	0.98749
18	157	0.975579
18	168	1.04259
18	170	1.07863
18	174	1.05689
18	180	1.0723
19	50	0.938744
19	51	1.07289
19	83	0.786116
19	84	1.16969
19	106	0.856775
19	139	1.11924
19	152	1.08959
19	161	0.850516
19	169	0.872652
19	171	0.888565
19	175	1.11318
19	179	1.11497
19	180	1.12043
20	73	0.930604
20	86	0.976301
20	88	0.915592
20	96	0.969705
20	97	1.12502
20	103	0.976395
20	132	0.999267
20	133	0.988881
20	138	0.995851
20	139	1.04488
20	157	1.00257
20	177	1.01698
20	180	1.05929
21	40	1.04203
21	49	0.973387
21	77	1.04479
21	80	1.0159
21	133	0.970792
21	140	1.05962
21	145	0.995948
21	158	0.976446
21	161	1.05026
21	163	0.940927
21	173	0.969277
21	177	0.998893
21	179	0.954381
22	92	1.02351
22	93	0.96534
22	110	0.976695
22	119	0.981794
22	130	1.04589
22	144	0.984734
22	152	1.09484
22	154	0.986729
22	156	0.968262
22	169	0.96787
22	173	1.06364
22	174	0.963589
22	176	0.981681
23	60	1.03826
23	87	0.999317
23	101	1.04072
23	121	0.981695
23	127	1.01444
23	128	1.02194
23	144	0.976924
23	169	0.96006
23	171	0.951565
23	173	1.07417
23	174	0.955779
23	177	1.03254
23	178	0.960216
24	5	1.00646
24	93	0.96668
24	115	1.04368
24	123	1.04454
24	137	0.947662
24	145	1.01262
24	154	0.98807
24	165	0.972021
24	169	0.96921
24	171	0.960716
24	175	1.08615
24	176	0.983021
24	177	1.02188
25	84	0.994255
25	122	0.94294
25	137	0.957044
25	138	0.994089
25	150	1.03079
25	158	1.04053
25	161	0.990364
25	170	1.06437
25	171	0.970098
25	174	0.974312
25	175	1.07715
25	176	0.992403
25	178	0.978749
26	17	0.994308
26	75	1.15149
26	102	1.11405
26	116	1.13528
26	132	1.13251
26	133	1.12213
26	134	0.910833
26	149	0.8756
26	162	0.844546
26	164	0.827387
26	173	0.863786
26	177	1.15023
26	179	0.883427
27	43	0.863639
27	68	1.15244
27	86	0.830229
27	112	0.878166
27	119	0.899977
27	127	0.82693
27	140	0.892082
27	152	1.08164
27	162	1.13274
27	163	1.09357
27	173	1.12192
27	175	1.10523
27	180	1.11248
28	68	0.812451
28	124	0.862015
28	154	1.12827
28	155	0.903294
28	156	1.1098
28	158	0.859711
28	167	0.893428
28	169	1.10941
28	171	1.10092
28	172	1.1188
28	176	1.12322
28	178	1.10957
28	180	0.877223
29	79	1.02837
29	97	0.942127
29	104	1.01071
29	123	1.00357
29	130	1.00665
29	140	1.04756
29	152	0.945408
29	154	1.02972
29	170	0.969517
29	171	1.07625
29	173	0.985687
29	179	0.970791
29	180	0.976248
30	38	0.895696
30	77	0.965262
30	94	0.957429
30	95	0.958284
30	99	1.00248
30	106	0.967764
30	128	0.995269
30	135	1.0816
30	157	0.993041
30	168	1.06005
30	170	1.05735
30	177	1.00586
30	179	1.06714
31	51	0.933565
31	88	1.10115
31	113	1.12845
31	114	0.916885
31	115	1.01591
31	118	1.01244
31	126	0.979004
31	166	0.970001
31	169	1.03091
31	170	0.974376
31	175	0.973856
31	179	0.975649
31	180	0.981107
32	50	0.898476
32	58	1.09572
32	82	1.05448
32	115	0.917133
32	120	0.928201
32	131	0.943244
32	140	0.928026
32	146	0.916084
32	149	0.907056
32	151	0.947113
32	168	1.01467
32	170	1.18058
32	176	1.142
32	177	1.12909
33	4	0.953029
33	42	1.07144
33	94	0.942332
33	100	0.962471
33	101	0.918486
33	130	0.934187
33	141	1.06031
33	144	1.07452
33	156	1.05805
33	158	0.937959
33	174	1.05337
33	176	1.07147
33	177	0.910308
33	178	1.05781
34	16	1.14314
34	76	1.0892
34	122	1.01131
34	137	1.02541
34	143	1.06174
34	144	1.06382
34	155	0.914287
34	161	1.05873
34	167	0.904421
34	170	0.894541
34	174	1.04268
34	175	0.90732
34	177	0.843053
34	178	1.04712
35	65	1.02959
35	81	1.1121
35	109	1.03123
35	115	1.05155
35	125	1.02113
35	140	1.06244
35	146	1.0505
35	149	1.04147
35	155	0.9624
35	164	0.896402
35	165	0.931146
35	167	0.952533
35	171	0.943876
35	178	0.916828
36	18	1.01793
36	38	0.979203
36	77	1.04877
36	94	1.04094
36	95	1.04179
36	106	1.05127
36	141	0.947581
36	153	0.933843
36	157	1.07655
36	165	0.940018
36	168	1.14355
36	172	0.941271
36	177	0.900038
36	180	0.945201
37	60	0.90489
37	104	1.04547
37	109	1.02367
37	120	1.05506
37	131	1.0701
37	140	1.05488
37	141	0.946708
37	146	1.04294
37	149	1.03391
37	151	1.07397
37	162	0.921562
37	170	0.950654
37	172	0.940399
37	180	0.944329
38	30	0.895696
38	36	0.979203
38	43	0.923186
38	63	1.1475
38	91	1.09474
38	94	0.901241
38	95	0.902096
38	99	0.946289
38	106	0.911576
38	157	0.936853
38	164	1.09116
38	165	1.1259
38	167	1.14729
38	168	1.00386
39	8	0.916344
39	98	0.917681
39	100	0.968862
39	104	1.03212
39	115	1.03064
39	131	1.05675
39	140	1.04153
39	146	1.02959
39	147	0.950298
39	149	1.02056
39	151	1.06062
39	164	0.921935
39	168	1.12817
39	176	0.929601
40	21	1.04203
40	64	0.978034
40	100	1.00661
40	114	1.04744
40	121	1.01204
40	123	0.977107
40	139	0.985197
40	154	1.00927
40	169	0.990406
40	171	0.981912
40	173	0.996084
40	174	0.986126
40	176	1.00422
40	178	0.990563
40	180	0.999613
41	111	0.990127
41	117	0.97001
41	142	1.00922
41	144	1.01258
41	145	1.03912
41	147	0.992876
41	165	0.998525
41	169	0.995714
41	170	1.01076
41	171	0.98722
41	173	1.00091
41	174	0.991434
41	176	1.00952
41	178	0.995871
41	180	1.00444
42	33	1.07144
42	61	0.91676
42	72	0.95475
42	84	0.97748
42	93	0.993637
42	122	0.960515
42	128	0.985513
42	129	1.01402
42	136	1.0534
42	138	1.01166
42	162	1.0185
42	171	0.987673
42	176	1.00998
42	178	0.996324
42	179	1.05738
43	16	1.24368
43	27	0.863639
43	38	0.923186
43	94	0.984919
43	95	0.985774
43	99	1.02997
43	106	0.995254
43	113	0.923824
43	127	1.04901
43	139	0.974343
43	150	0.961506
43	153	0.9774
43	157	1.02053
43	168	1.08754
43	172	0.984828
44	77	0.994277
44	90	0.983914
44	136	0.991545
44	148	0.99926
44	152	0.97459
44	154	0.991276
44	157	0.975015
44	159	1.02856
44	166	0.994324
44	170	0.998699
44	171	1.0378
44	173	1.01487
44	175	0.998179
44	178	1.01075
44	179	0.999973
45	46	1.01041
45	66	0.982115
45	89	0.982311
45	90	1.00819
45	153	1.00488
45	158	1.00965
45	162	1.01331
45	167	0.990981
45	168	0.909719
45	169	1.04616
45	170	0.986316
45	177	1.0321
45	178	1.03502
45	179	0.98759
45	180	0.993047
46	8	0.948709
46	45	1.01041
46	53	1.03649
46	119	1.006
46	126	0.986363
46	137	0.970525
46	138	1.00757
46	145	1.03548
46	154	1.01093
46	171	0.98358
46	174	0.987793
46	175	1.01333
46	176	1.00588
46	178	0.992231
46	179	1.01034
47	73	1.10104
47	82	0.912506
47	131	0.97661
47	135	0.992092
47	144	0.985957
47	153	1.01288
47	158	1.01765
47	163	0.982136
47	170	0.994317
47	173	1.01049
47	174	1.01687
47	175	0.993796
47	176	1.00002
47	179	0.99559
47	180	1.00105
48	55	1.05106
48	57	0.969885
48	64	0.986013
48	93	0.995855
48	123	0.978051
48	126	0.992692
48	154	1.01724
48	169	0.998385
48	171	0.989891
48	172	1.00777
48	173	0.997029
48	174	0.994105
48	176	1.0122
48	178	0.998542
48	179	1.01667
49	1	0.972159
49	21	0.973387
49	57	1.0086
49	59	1.02687
49	68	0.9745
49	69	0.940603
49	79	0.988321
49	83	0.94437
49	88	0.93612
49	97	1.105
49	110	1.05483
49	116	1.02256
49	132	1.01979
49	164	0.999346
49	177	1.03751
50	11	1.04995
50	19	0.938744
50	32	0.898476
50	104	0.955973
50	108	0.941156
50	122	1.13649
50	125	0.924068
50	131	0.980601
50	140	0.965382
50	146	0.95344
50	149	0.944413
50	151	0.984469
50	160	1.07518
50	167	1.11227
50	168	1.05202
50	169	1.0877
51	19	1.07289
51	31	0.933565
51	68	0.977325
51	100	0.950327
51	120	1.07247
51	128	0.997036
51	134	0.926003
51	138	1.04792
51	167	0.9353
51	168	0.966562
51	170	0.930635
51	171	1.11892
51	173	0.946804
51	174	1.09595
51	175	0.930115
51	178	1.09187
52	64	0.917004
52	65	1.04123
52	85	0.970311
52	105	1.0716
52	111	1.08264
52	125	1.03276
52	130	0.882785
52	131	1.08929
52	135	0.934648
52	140	1.07408
52	141	0.906448
52	142	0.908846
52	146	1.06213
52	149	1.05311
52	151	1.09316
52	178	0.884568
53	7	1.24139
53	46	1.03649
53	125	0.927936
53	127	0.994308
53	132	1.01191
53	140	0.96925
53	146	0.957309
53	149	0.948281
53	151	0.988337
53	161	1.0501
53	166	0.953132
53	167	0.962173
53	172	0.972356
53	175	0.956987
53	178	1.0611
53	180	0.964238
54	63	0.937157
54	104	1.05473
54	105	1.06167
54	108	1.03992
54	120	1.06432
54	125	1.02283
54	131	1.07936
54	135	0.951315
54	149	1.04317
54	151	1.08323
54	168	1.15078
54	172	0.916805
54	173	0.917207
54	176	0.888475
54	177	0.875573
54	180	0.920736
55	48	1.05106
55	92	1.04518
55	101	1.05186
55	108	0.937735
55	109	0.930746
55	115	0.951069
55	125	0.920647
55	131	0.97718
55	140	0.961961
55	146	0.95002
55	149	0.940992
55	151	0.981048
55	164	1.04892
55	166	1.10466
55	167	1.10505
55	168	1.0486
56	59	0.971573
56	63	1.09531
56	73	0.895833
56	75	0.983469
56	96	0.934935
56	102	0.946035
56	110	0.999535
56	124	1.06367
56	132	0.964496
56	133	0.95411
56	157	0.967802
56	158	1.06137
56	164	1.03896
56	165	1.0737
56	172	1.07495
56	177	0.982212
57	14	0.950185
57	48	0.969885
57	49	1.0086
57	108	1.02458
57	114	0.885278
57	130	1.04115
57	147	1.00352
57	148	1.00458
57	154	0.968696
57	155	1.00762
57	158	1.02736
57	162	1.03102
57	172	1.01887
57	177	1.04981
57	178	0.988169
57	179	1.0053
57	180	1.01075
58	32	1.09572
58	116	0.90486
58	117	0.990831
58	137	0.980045
58	144	0.913478
58	147	1.01305
58	153	1.03212
58	160	1.02518
58	162	1.04055
58	166	1.00918
58	167	1.01822
58	170	1.01355
58	171	0.967352
58	175	1.01303
58	178	0.940304
58	179	1.01483
58	180	1.02028
59	11	0.943875
59	49	1.02687
59	56	0.971573
59	73	0.965999
59	80	1.06938
59	96	1.0051
59	103	1.01179
59	124	0.974783
59	132	1.03466
59	133	1.02428
59	141	0.992371
59	154	0.951018
59	157	1.03797
59	158	0.97248
59	165	0.984809
59	172	0.986061
59	177	1.05238
60	3	0.918914
60	23	1.03826
60	37	0.90489
60	70	1.07022
60	86	0.915909
60	135	1.02018
60	140	0.977761
60	147	1.0219
60	152	0.998294
60	155	1.026
60	161	0.968401
60	163	1.01022
60	165	1.03068
60	166	1.01803
60	175	1.02188
60	179	1.02368
60	180	1.02913
61	42	0.91676
61	87	0.875516
61	95	1.05617
61	99	1.10036
61	102	0.896848
61	106	1.06565
61	137	0.934073
61	153	1.07811
61	156	0.886725
61	157	1.09092
61	167	1.06421
61	168	1.15793
61	169	0.905468
61	170	1.05955
61	176	0.881572
61	178	0.894332
61	179	1.06082
61	180	1.06628
62	70	1.10087
62	72	1.0993
62	91	1.02175
62	97	0.947146
62	98	1.0262
62	117	1.06058
62	143	0.978594
62	145	0.94474
62	148	0.975098
62	152	0.950427
62	155	0.978135
62	159	1.0044
62	163	0.962356
62	167	0.979202
62	175	0.974017
62	176	0.997292
62	178	1.01005
62	180	0.981268
63	38	1.1475
63	54	0.937157
63	56	1.09531
63	116	0.999818
63	119	0.994545
63	120	1.01587
63	130	1.01229
63	151	1.00109
63	152	0.951045
63	157	0.999529
63	161	0.992391
63	169	0.98062
63	170	0.975154
63	171	0.972126
63	174	0.97634
63	175	0.974634
63	176	0.994431
63	179	0.976428
64	40	0.978034
64	48	0.986013
64	52	0.917004
64	87	1.00926
64	90	0.994882
64	111	1.03696
64	124	1.03607
64	141	0.972664
64	143	0.984784
64	147	1.03971
64	154	0.988865
64	162	1.02851
64	163	1.08272
64	169	0.970006
64	171	0.961511
64	176	0.983816
64	178	0.970162
64	179	1.06739
65	35	1.02959
65	52	1.04123
65	80	0.957152
65	81	1.01174
65	115	0.95119
65	120	0.962258
65	125	0.920768
65	140	0.962082
65	146	0.950141
65	149	0.941113
65	151	0.981169
65	153	1.02456
65	155	1.06199
65	156	1.00881
65	163	1.06735
65	167	1.05212
65	168	1.04872
65	172	1.03199
66	4	1.17326
66	45	0.982115
66	70	1.08282
66	72	1.08125
66	89	0.939289
66	128	1.03365
66	132	0.942816
66	135	0.96502
66	155	0.970843
66	158	0.990583
66	159	0.997107
66	161	0.981002
66	166	0.962869
66	167	0.97191
66	173	0.983414
66	178	0.992003
66	179	0.968518
66	180	0.973975
67	87	1.00658
67	88	1.11283
67	89	0.990238
67	121	0.98896
67	130	1.02967
67	134	1.09447
67	145	1.01073
67	147	1.03939
67	154	0.986184
67	156	0.967716
67	159	1.01612
67	161	0.979096
67	168	0.906147
67	171	0.95883
67	174	0.963044
67	176	0.981135
67	177	1.00579
67	178	0.967481
68	27	1.15244
68	28	0.812451
68	49	0.9745
68	51	0.977325
68	108	0.990484
68	116	0.918625
68	117	1.0046
68	121	0.94558
68	141	1.02626
68	147	1.01764
68	149	0.981856
68	153	1.0367
68	159	1.048
68	163	1.00596
68	164	1.0571
68	169	0.965204
68	173	1.03431
68	179	1.01941
68	180	1.02487
69	49	0.940603
69	73	0.87973
69	74	0.984738
69	75	0.967366
69	80	0.983111
69	96	0.918832
69	98	1.05558
69	107	1.1175
69	110	0.983432
69	116	0.951157
69	132	0.948393
69	133	0.938007
69	139	1.08534
69	142	0.938522
69	153	1.0884
69	161	1.06926
69	165	1.09457
69	172	1.09583
69	177	0.966109
70	60	1.07022
70	62	1.10087
70	66	1.08282
70	87	0.986614
70	93	0.944827
70	122	0.911704
70	132	1.04097
70	144	0.964221
70	147	1.0981
70	148	1.12151
70	156	0.947749
70	160	1.08877
70	165	0.950168
70	169	0.947357
70	171	0.938863
70	172	0.95674
70	174	0.943076
70	176	0.961168
70	178	0.947514
71	14	0.930308
71	75	0.91281
71	97	1.00524
71	119	0.974548
71	124	1.06433
71	126	1.03726
71	140	0.966653
71	142	1.05083
71	149	0.99608
71	155	1.03623
71	160	1.04426
71	163	1.02045
71	167	1.0373
71	168	0.842987
71	170	1.03263
71	171	0.995341
71	174	0.972378
71	175	1.03211
71	180	1.03936
72	42	0.95475
72	62	1.0993
72	66	1.08125
72	82	1.0208
72	117	0.915256
72	137	0.919412
72	138	0.956457
72	143	0.955739
72	147	1.09652
72	152	1.13576
72	154	0.95982
72	161	0.952732
72	166	1.12389
72	168	0.963279
72	171	0.932466
72	173	1.10456
72	174	0.93668
72	176	0.954771
72	178	0.941117
73	20	0.930604
73	47	1.10104
73	56	0.895833
73	59	0.965999
73	69	0.87973
73	74	0.995268
73	102	0.940462
73	110	0.993962
73	116	0.961686
73	133	0.948537
73	142	0.949052
73	143	1.05614
73	157	0.962229
73	159	1.07227
73	160	1.08621
73	162	1.08433
73	165	1.10191
73	172	1.10317
73	177	0.976638
74	17	0.925724
74	69	0.984738
74	73	0.995268
74	78	0.982437
74	92	0.924161
74	96	1.03437
74	103	1.04106
74	110	1.09897
74	116	1.06669
74	128	0.912066
74	132	1.06393
74	133	1.05354
74	142	1.05406
74	164	0.927896
74	165	0.96264
74	173	0.964294
74	175	0.986927
74	177	1.08165
74	178	0.948322
75	26	1.15149
75	56	0.983469
75	69	0.967366
75	71	0.91281
75	79	1.01508
75	88	0.962883
75	98	0.919177
75	102	1.0281
75	107	0.981103
75	110	1.0816
75	116	1.04932
75	132	1.04656
75	141	0.965738
75	155	0.989429
75	157	1.04986
75	164	0.923431
75	165	0.958175
75	172	0.959428
75	177	1.06427
76	7	0.931041
76	34	1.0892
76	84	0.9043
76	105	0.945326
76	127	1.079
76	130	0.946805
76	136	0.980216
76	139	0.953673
76	144	1.04148
76	145	1.06802
76	156	1.02501
76	162	0.945321
76	164	1.05812
76	169	1.02461
76	173	0.964561
76	174	1.02033
76	176	1.03842
76	178	1.02477
76	180	0.968089
77	2	1.07426
77	18	0.9478
77	21	1.04479
77	30	0.965262
77	36	1.04877
77	44	0.994277
77	94	0.970806
77	95	0.971661
77	99	1.01585
77	106	0.981141
77	113	0.909711
77	118	0.964084
77	126	0.994504
77	127	1.03489
77	134	1.04589
77	157	1.00642
77	166	1.01818
77	168	1.07342
77	174	0.986953
77	177	0.957205
78	74	0.982437
78	110	0.962482
78	121	1.02497
78	127	0.966663
78	139	1.00178
78	143	1.002
78	148	0.996809
78	152	0.972139
78	155	0.999847
78	157	0.997722
78	158	1.01959
78	160	1.00788
78	161	1.02245
78	166	0.991873
78	167	1.00091
78	170	0.996249
78	173	1.01242
78	178	1.03346
78	179	0.997522
78	180	1.00298
79	5	0.937435
79	12	1.00295
79	29	1.02837
79	49	0.988321
79	75	1.01508
79	80	1.03083
79	102	0.97765
79	103	0.97324
79	110	1.03115
79	116	0.998875
79	132	0.996111
79	133	0.985725
79	142	0.98624
79	148	1.00986
79	155	1.02408
79	158	0.980501
79	163	1.02945
79	170	1.00434
79	172	0.994083
79	177	1.01383
80	11	0.913462
80	21	1.0159
80	59	1.06938
80	65	0.957152
80	69	0.983111
80	79	1.03083
80	88	0.978629
80	96	1.03274
80	98	0.915397
80	103	1.03943
80	107	0.977323
80	133	1.05192
80	135	0.990157
80	142	1.05243
80	157	1.06561
80	164	0.919652
80	166	0.975387
80	177	1.08002
80	180	0.959579
81	10	0.89752
81	35	1.1121
81	65	1.01174
81	108	1.02036
81	109	1.01337
81	111	1.05315
81	115	1.0337
81	131	1.05981
81	134	0.988281
81	140	1.04459
81	146	1.03265
81	149	1.02362
81	150	0.917509
81	151	1.06368
81	152	0.972436
81	158	0.927249
81	164	0.904834
81	165	0.939578
81	168	1.13123
81	175	0.963866
81	177	0.899598
82	32	1.05448
82	47	0.912506
82	72	1.0208
82	113	0.991421
82	118	0.880279
82	122	1.02657
82	137	1.04067
82	138	1.07772
82	141	1.06488
82	144	1.07908
82	152	0.946238
82	155	0.944635
82	156	1.06261
82	159	0.883732
82	166	0.934373
82	169	1.06222
82	171	1.05372
82	174	1.05794
82	178	1.06238
82	179	0.934677
82	180	0.918564
83	19	0.786116
83	49	0.94437
83	87	1.08085
83	107	1.05019
83	129	1.05944
83	137	1.02004
83	139	0.929024
83	145	1.085
83	156	1.04198
83	161	1.05336
83	163	0.974878
83	167	0.959644
83	169	1.04159
83	170	0.949764
83	171	1.0331
83	174	1.03731
83	175	0.962544
83	176	1.0554
83	178	1.04175
83	179	0.959553
83	180	0.94344
84	19	1.16969
84	25	0.994255
84	42	0.97748
84	76	0.9043
84	87	0.936235
84	97	1.00005
84	100	1.04713
84	114	0.852161
84	118	1.06551
84	138	0.911109
84	139	1.03297
84	146	0.955446
84	157	0.919318
84	162	1.05444
84	166	1.02306
84	170	1.02744
84	173	1.04361
84	176	0.942292
84	177	1.07322
84	179	1.02871
84	180	1.03417
85	52	0.970311
85	103	1.07127
85	114	0.982193
85	121	1.07659
85	129	1.02712
85	130	0.998921
85	137	1.12482
85	141	0.969914
85	152	0.93768
85	157	1.04935
85	159	0.991652
85	160	0.97342
85	162	0.988787
85	163	0.949609
85	166	0.957414
85	170	0.96179
85	173	0.977959
85	174	1.08917
85	175	0.961269
85	179	0.963063
85	180	0.96852
86	20	0.976301
86	27	0.830229
86	60	0.915909
86	89	1.06387
86	93	1.03843
86	98	1.08716
86	129	1.05881
86	137	1.01941
86	143	1.05574
86	153	0.94399
86	157	0.900114
86	161	1.05273
86	163	0.986786
86	166	0.971157
86	169	1.04096
86	172	1.05034
86	174	1.03668
86	176	1.05477
86	177	0.910185
86	178	1.04111
86	179	0.971461
87	4	0.91701
87	23	0.999317
87	61	0.875516
87	64	1.00926
87	67	1.00658
87	70	0.986614
87	83	1.08085
87	84	0.936235
87	112	1.04614
87	130	0.97874
87	134	1.04354
87	138	1.03713
87	144	1.0385
87	156	1.02203
87	160	0.979135
87	166	1.01583
87	169	1.02164
87	170	1.00635
87	171	1.01314
87	175	1.01913
87	177	0.954861
87	178	1.02179
88	20	0.915592
88	31	1.10115
88	49	0.93612
88	67	1.11283
88	75	0.962883
88	80	0.978629
88	96	0.914349
88	102	0.925449
88	103	0.921039
88	110	0.978949
88	116	0.946674
88	132	0.94391
88	133	0.933525
88	141	1.1026
88	142	0.934039
88	157	0.947216
88	164	1.06029
88	165	1.09503
88	167	1.11642
88	175	1.11932
88	177	0.961626
88	180	1.10022
89	45	0.982311
89	66	0.939289
89	67	0.990238
89	86	1.06387
89	97	1.03185
89	98	1.05149
89	107	1.01389
89	117	0.979587
89	128	0.910371
89	129	1.02314
89	134	1.00965
89	148	0.977976
89	152	0.993802
89	154	1.02415
89	165	1.0081
89	167	0.982332
89	169	1.00529
89	172	1.01467
89	174	1.00101
89	176	1.0191
89	178	1.00545
89	179	0.982241
90	10	1.04401
90	44	0.983914
90	45	1.00819
90	64	0.994882
90	124	0.976797
90	128	0.936249
90	129	1.0251
90	137	0.985706
90	142	0.996783
90	145	1.05066
90	150	0.964753
90	154	1.02611
90	156	1.00765
90	161	1.01903
90	171	0.998761
90	172	1.01664
90	173	0.988477
90	174	1.00297
90	176	1.02107
90	177	0.946843
90	178	1.00741
90	179	1.00812
91	16	0.932031
91	38	1.09474
91	62	1.02175
91	95	0.99838
91	104	0.944005
91	111	1.03896
91	139	1.02419
91	151	0.948327
91	152	0.994546
91	162	1.04565
91	163	1.00648
91	166	1.01428
91	167	1.02332
91	168	0.857189
91	170	1.01866
91	171	1.00954
91	173	1.03482
91	174	0.98658
91	176	0.969734
91	178	0.982494
91	179	1.01993
91	180	1.02539
92	13	0.927718
92	16	0.92753
92	22	1.02351
92	55	1.04518
92	74	0.924161
92	95	0.991065
92	101	1.03231
92	122	1.0351
92	124	1.04585
92	134	1.00952
92	135	1.01193
92	145	0.909868
92	148	1.01471
92	162	1.04115
92	166	1.00978
92	167	1.01882
92	172	1.029
92	173	1.03032
92	175	1.01363
92	176	0.962419
92	178	0.975179
92	179	1.01543
93	17	1.20015
93	22	0.96534
93	24	0.96668
93	42	0.993637
93	48	0.995855
93	70	0.944827
93	86	1.03843
93	112	1.00436
93	119	0.993773
93	154	0.998708
93	155	1.01869
93	161	0.991619
93	163	1.02406
93	166	1.00843
93	169	0.979848
93	170	0.998945
93	171	0.971354
93	174	0.975568
93	175	1.01173
93	177	0.947458
93	178	0.980005
93	179	1.00873
93	180	0.992621
94	2	1.06643
94	18	0.939967
94	30	0.957429
94	33	0.942332
94	36	1.04094
94	38	0.901241
94	43	0.984919
94	77	0.970806
94	95	0.963829
94	99	1.00802
94	100	1.0322
94	106	0.973309
94	113	0.901879
94	127	1.02706
94	135	1.05578
94	147	1.01364
94	155	1.05127
94	157	0.998586
94	158	1.00769
94	167	1.04141
94	168	1.06559
94	170	1.03153
94	171	1.03275
95	18	0.940822
95	30	0.958284
95	36	1.04179
95	38	0.902096
95	43	0.985774
95	61	1.05617
95	77	0.971661
95	91	0.99838
95	92	0.991065
95	94	0.963829
95	99	1.00888
95	106	0.974164
95	113	0.902734
95	127	1.02792
95	141	1.03711
95	147	1.02316
95	157	0.999441
95	160	1.01384
95	165	1.02954
95	166	1.05054
95	168	1.06645
95	172	1.0308
95	180	1.03473
96	20	0.969705
96	56	0.934935
96	59	1.0051
96	69	0.918832
96	74	1.03437
96	80	1.03274
96	88	0.914349
96	101	1.00946
96	102	0.979563
96	103	0.975153
96	110	1.03306
96	116	1.00079
96	123	1.02394
96	126	1.03858
96	131	0.990774
96	132	0.998024
96	133	0.987638
96	139	1.03203
96	143	0.995488
96	169	1.03808
96	177	1.01574
96	178	1.02695
96	180	1.04645
97	20	1.12502
97	29	0.942127
97	49	1.105
97	62	0.947146
97	71	1.00524
97	84	1.00005
97	89	1.03185
97	100	0.963748
97	106	1.07982
97	123	0.978112
97	138	1.04062
97	150	0.983121
97	155	0.947654
97	163	0.931875
97	165	0.952333
97	167	0.948721
97	168	0.95926
97	169	1.0957
97	173	0.960225
97	175	0.943535
97	176	1.07181
97	178	1.08457
97	179	0.945329
97	180	0.950786
98	4	0.923954
98	12	0.94325
98	39	0.917681
98	62	1.0262
98	69	1.05558
98	75	0.919177
98	80	0.915397
98	86	1.08716
98	89	1.05149
98	105	0.971398
98	120	0.955264
98	139	1.02865
98	140	0.97302
98	149	1.00245
98	151	0.940492
98	161	1.04035
98	162	1.05011
98	166	1.01874
98	169	1.02858
98	173	1.03928
98	174	1.0243
98	175	1.02259
98	178	1.02874
98	180	1.02984
99	2	1.11147
99	11	0.927569
99	18	0.985015
99	30	1.00248
99	38	0.946289
99	43	1.02997
99	61	1.10036
99	77	1.01585
99	94	1.00802
99	95	1.00888
99	106	1.01836
99	113	0.946927
99	127	1.07211
99	128	0.917929
99	141	0.976064
99	157	1.04363
99	162	0.950918
99	163	1.00512
99	164	0.933758
99	167	0.98989
99	168	1.11064
99	175	0.992789
99	177	0.928522
99	179	0.989799
100	33	0.962471
100	39	0.968862
100	40	1.00661
100	51	0.950327
100	84	1.04713
100	94	1.0322
100	97	0.963748
100	106	1.0211
100	110	0.954867
100	119	1.0321
100	123	1.0252
100	130	1.02827
100	131	0.989667
100	134	0.986506
100	148	0.991699
100	153	1.0097
100	154	1.00637
100	156	1.01823
100	159	1.021
100	160	1.00277
100	166	0.986763
100	172	1.00599
100	175	0.990618
100	179	0.992412
100	180	0.997869
101	23	1.04072
101	33	0.918486
101	55	1.05186
101	92	1.03231
101	96	1.00946
101	113	1.09053
101	119	0.988111
101	126	0.994234
101	131	0.945683
101	133	0.968483
101	136	0.982452
101	139	0.99514
101	147	0.989106
101	150	1.02867
101	155	0.993204
101	159	1.01947
101	163	0.977425
101	164	1.02857
101	165	0.997883
101	166	0.98523
101	169	0.992991
101	174	0.985941
101	175	0.989085
101	179	0.990879
101	180	0.996336
102	26	1.11405
102	56	0.946035
102	61	0.896848
102	73	0.940462
102	75	1.0281
102	79	0.97765
102	88	0.925449
102	96	0.979563
102	103	0.986253
102	110	1.04416
102	116	1.01189
102	130	1.00007
102	132	1.00912
102	133	0.998739
102	141	1.02374
102	142	0.999253
102	153	1.01
102	157	1.01243
102	159	0.986525
102	160	1.00047
102	170	1.02768
102	171	1.0289
102	172	1.01743
102	173	1.01783
102	177	1.02684
103	11	0.958908
103	12	1.01155
103	20	0.976395
103	59	1.01179
103	74	1.04106
103	79	0.97324
103	80	1.03943
103	85	1.07127
103	88	0.921039
103	96	0.975153
103	102	0.986253
103	110	1.03975
103	132	1.00471
103	133	0.994328
103	136	1.01715
103	142	0.994843
103	150	0.977772
103	157	1.00802
103	160	0.984134
103	165	0.999841
103	172	1.00109
103	173	1.0015
103	175	1.02413
103	176	0.972763
103	177	1.02243
104	16	1.23528
104	29	1.01071
104	37	1.04547
104	39	1.03212
104	50	0.955973
104	54	1.05473
104	91	0.944005
104	105	0.98305
104	108	0.961296
104	114	1.03628
104	120	0.985698
104	125	0.944209
104	131	1.00074
104	140	0.985522
104	142	0.985128
104	146	0.973581
104	149	0.964553
104	151	1.00461
104	153	0.968993
104	155	1.00642
104	159	0.945519
104	164	0.940424
104	168	1.07216
104	172	0.976421
104	179	0.996464
105	6	1.02195
105	52	1.0716
105	54	1.06167
105	76	0.945326
105	98	0.971398
105	104	0.98305
105	107	1.03332
105	108	0.968233
105	109	0.961244
105	114	1.04321
105	115	0.981567
105	120	0.992635
105	125	0.951145
105	131	1.00768
105	135	1.04616
105	140	0.992459
105	142	1.02036
105	146	0.980518
105	149	0.97149
105	151	1.01155
105	159	0.980747
105	164	0.975652
105	165	1.0104
105	172	1.01165
105	180	1.01558
106	2	1.07676
106	18	0.950302
106	19	0.856775
106	30	0.967764
106	36	1.05127
106	38	0.911576
106	43	0.995254
106	61	1.06565
106	77	0.981141
106	94	0.973309
106	95	0.974164
106	97	1.07982
106	99	1.01836
106	100	1.0211
106	113	0.912214
106	127	1.0374
106	150	0.986847
106	153	1.00274
106	157	1.00892
106	167	1.0303
106	168	1.07593
106	172	1.01017
106	173	1.01057
106	178	0.994599
106	180	1.0141
107	2	0.898313
107	69	1.1175
107	75	0.981103
107	80	0.977323
107	83	1.05019
107	89	1.01389
107	105	1.03332
107	108	1.073
107	131	1.00041
107	135	0.983284
107	144	1.00784
107	147	0.985009
107	151	1.00242
107	157	1.00085
107	160	0.997139
107	164	1.02448
107	165	0.993786
107	168	0.91128
107	170	0.985509
107	172	1.00036
107	173	1.00168
107	174	0.986694
107	178	0.991131
107	179	0.986782
107	180	0.992239
108	50	0.941156
108	54	1.03992
108	55	0.937735
108	57	1.02458
108	68	0.990484
108	81	1.02036
108	104	0.961296
108	105	0.968233
108	107	1.073
108	109	0.939491
108	111	0.979268
108	119	1.04201
108	120	0.970881
108	125	0.929392
108	131	0.985924
108	140	0.970706
108	146	0.958764
108	149	0.949736
108	151	0.989793
108	156	1.02815
108	163	1.08669
108	164	1.01533
108	165	1.05007
108	168	1.05735
108	172	1.05133
108	174	1.03984
109	15	0.990796
109	35	1.03123
109	37	1.02367
109	55	0.930746
109	81	1.01337
109	105	0.961244
109	108	0.939491
109	115	0.952825
109	118	1.02555
109	120	0.963893
109	123	1.04133
109	125	0.922403
109	131	0.978936
109	140	0.963717
109	141	1.06621
109	144	1.01751
109	145	0.979023
109	146	0.951775
109	149	0.942747
109	151	0.982804
109	158	1.04632
109	165	1.05865
109	168	1.05036
109	172	1.0599
109	176	1.03157
109	179	1.07995
110	22	0.976695
110	49	1.05483
110	56	0.999535
110	69	0.983432
110	73	0.993962
110	74	1.09897
110	75	1.0816
110	78	0.962482
110	79	1.03115
110	88	0.978949
110	96	1.03306
110	100	0.954867
110	102	1.04416
110	103	1.03975
110	111	0.933554
110	116	1.06539
110	130	0.926583
110	132	1.06262
110	133	1.05224
110	136	0.959994
110	159	0.913035
110	165	0.942684
110	167	0.964072
110	169	0.939502
110	174	0.932452
110	177	1.08034
111	41	0.990127
111	52	1.08264
111	64	1.03696
111	81	1.05315
111	91	1.03896
111	108	0.979268
111	110	0.933554
111	112	0.988972
111	114	1.05425
111	124	1.02345
111	125	0.962181
111	127	0.937735
111	129	0.946568
111	133	0.991155
111	140	1.00349
111	143	0.973069
111	149	0.982525
111	151	1.02258
111	157	0.968794
111	158	1.01509
111	170	0.991751
111	171	1.03158
111	173	1.00792
111	175	0.991231
111	176	0.991767
111	179	0.993025
111	180	0.998482
112	7	0.913313
112	9	1.03905
112	13	1.04289
112	27	0.878166
112	87	1.04614
112	93	1.00436
112	111	0.988972
112	116	0.94834
112	119	1.02081
112	123	0.98078
112	138	1.02238
112	139	0.98887
112	144	1.02375
112	154	1.02575
112	155	1.02936
112	156	1.00728
112	158	0.985773
112	161	1.01866
112	162	0.980518
112	169	1.00689
112	170	1.00961
112	171	0.998392
112	173	0.999757
112	174	1.00261
112	176	1.0207
112	178	1.00704
112	179	1.0194
113	31	1.12845
113	43	0.923824
113	77	0.909711
113	82	0.991421
113	94	0.901879
113	95	0.902734
113	99	0.946927
113	101	1.09053
113	106	0.912214
113	119	0.925505
113	121	0.933216
113	126	1.11965
113	127	0.965965
113	132	1.05882
113	136	1.13964
113	144	0.928445
113	145	0.954991
113	152	1.15519
113	157	0.937491
113	159	1.09268
113	166	1.14332
113	168	1.0045
113	170	1.13384
113	171	0.903087
113	172	0.920964
113	175	1.14662
113	176	0.925392
113	178	0.911738
114	9	1.07157
114	16	1.17087
114	31	0.916885
114	40	1.04744
114	57	0.885278
114	84	0.852161
114	85	0.982193
114	104	1.03628
114	105	1.04321
114	111	1.05425
114	117	1.0137
114	120	1.04586
114	129	1.05726
114	146	1.03374
114	148	0.927799
114	149	1.02472
114	150	0.888698
114	151	1.06477
114	161	1.05118
114	166	0.931759
114	167	0.932155
114	168	1.13232
114	171	1.03091
114	175	0.935054
114	176	1.05322
114	177	0.870787
114	178	1.03957
114	180	0.91595
115	15	1.01112
115	24	1.04368
115	31	1.01591
115	32	0.917133
115	35	1.05155
115	39	1.03064
115	55	0.951069
115	65	0.95119
115	81	1.0337
115	105	0.981567
115	109	0.952825
115	120	0.984215
115	125	0.942726
115	131	0.999258
115	135	1.04556
115	140	0.984039
115	141	1.01736
115	146	0.972098
115	149	0.96307
115	151	1.00313
115	152	1.04265
115	157	0.959745
115	160	0.994089
115	168	1.07068
115	172	1.01105
115	175	1.03408
115	179	1.03109
115	180	1.01498
116	12	1.03718
116	26	1.13528
116	49	1.02256
116	58	0.90486
116	63	0.999818
116	68	0.918625
116	69	0.951157
116	73	0.961686
116	74	1.06669
116	75	1.04932
116	79	0.998875
116	88	0.946674
116	96	1.00079
116	102	1.01189
116	110	1.06539
116	112	0.94834
116	132	1.03035
116	133	1.01996
116	141	0.985776
116	142	1.02048
116	157	1.03366
116	160	0.962507
116	162	0.960629
116	165	0.978214
116	172	0.979466
116	174	0.967981
116	175	1.0025
116	177	1.04806
116	179	0.99951
117	3	0.995931
117	41	0.97001
117	58	0.990831
117	62	1.06058
117	68	1.0046
117	72	0.915256
117	89	0.979587
117	114	1.0137
117	122	0.921021
117	127	1.01106
117	137	0.935125
117	139	1.05495
117	144	0.973538
117	153	1.05801
117	154	0.975533
117	155	1.09544
117	159	1.03454
117	161	0.968445
117	163	1.10081
117	164	0.990175
117	169	0.956674
117	170	1.07569
117	171	0.948179
117	172	0.966056
117	173	1.06584
117	174	0.952393
117	176	0.970484
117	178	0.95683
117	180	1.06937
118	31	1.01244
118	77	0.964084
118	82	0.880279
118	84	1.06551
118	109	1.02555
118	119	0.986811
118	122	1.04048
118	123	1.04357
118	131	0.944383
118	134	1.00488
118	143	0.949098
118	147	1.00901
118	149	1.00834
118	150	1.04858
118	161	0.969555
118	163	0.997333
118	164	1.04848
118	166	1.00514
118	167	1.01418
118	168	0.855251
118	170	1.00951
118	172	1.02436
118	173	1.02568
118	174	0.984642
118	175	1.00899
118	177	1.0553
118	178	0.980556
118	179	1.01079
118	180	1.01624
119	1	0.957982
119	10	1.03306
119	22	0.981794
119	27	0.899977
119	46	1.006
119	63	0.994545
119	71	0.974548
119	93	0.993773
119	100	1.0321
119	101	0.988111
119	108	1.04201
119	112	1.02081
119	113	0.925505
119	118	0.986811
119	137	0.974754
119	142	1.02987
119	145	1.03971
119	147	1.01353
119	152	1.05277
119	154	1.01516
119	156	0.996694
119	158	1.00758
119	164	1.0298
119	169	0.996303
119	171	0.987808
119	172	1.00569
119	173	1.02157
119	174	0.992022
119	176	1.01011
119	178	0.996459
120	1	1.03451
120	32	0.928201
120	37	1.05506
120	51	1.07247
120	54	1.06432
120	63	1.01587
120	65	0.962258
120	98	0.955264
120	104	0.985698
120	105	0.992635
120	108	0.970881
120	109	0.963893
120	114	1.04586
120	115	0.984215
120	125	0.953794
120	131	1.01033
120	134	1.04296
120	140	0.995107
120	141	1.00182
120	146	0.983166
120	149	0.974138
120	151	1.01419
120	159	0.964613
120	163	1.03088
120	164	0.959518
120	165	0.994262
120	168	1.08175
120	171	1.00699
120	172	0.995515
120	176	0.967184
121	8	0.964834
121	13	1.04002
121	23	0.981695
121	40	1.01204
121	67	0.98896
121	68	0.94558
121	78	1.02497
121	85	1.07659
121	113	0.933216
121	122	0.968361
121	137	0.982465
121	138	1.01951
121	139	0.995937
121	141	1.00667
121	143	1.01879
121	146	0.991245
121	152	1.03803
121	156	1.0044
121	157	0.955118
121	158	0.99284
121	161	1.01578
121	165	1.00682
121	169	1.00401
121	171	0.995519
121	174	0.999733
121	175	1.02946
121	176	1.01782
121	177	0.965189
121	178	1.00417
121	179	1.02647
122	25	0.94294
122	34	1.01131
122	42	0.960515
122	50	1.13649
122	70	0.911704
122	82	1.02657
122	92	1.0351
122	117	0.921021
122	118	1.04048
122	121	0.968361
122	126	1.0709
122	130	1.05748
122	143	0.961504
122	144	0.96359
122	145	0.990135
122	146	1.05966
122	154	0.965585
122	156	0.947117
122	158	1.06125
122	159	1.04393
122	160	1.05788
122	161	0.958497
122	162	1.056
122	164	0.980227
122	167	1.09497
122	169	0.946726
122	171	0.938231
122	172	0.956108
122	174	0.942445
122	176	0.960537
122	178	0.946882
122	179	1.09488
123	14	0.958351
123	24	1.04454
123	29	1.00357
123	40	0.977107
123	48	0.978051
123	96	1.02394
123	97	0.978112
123	100	1.0252
123	109	1.04133
123	112	0.98078
123	118	1.04357
123	136	0.998349
123	144	0.969509
123	147	1.005
123	151	0.962168
123	152	0.981393
123	153	1.02407
123	158	1.02884
123	159	1.03537
123	160	1.01713
123	163	0.993322
123	165	1.01378
123	166	1.00113
123	168	0.87103
123	169	1.00747
123	170	1.0055
123	173	1.02167
123	175	1.00498
123	176	0.983575
123	178	0.996335
123	179	1.00678
123	180	1.01223
124	17	0.893009
124	28	0.862015
124	56	1.06367
124	59	0.974783
124	64	1.03607
124	71	1.06433
124	90	0.976797
124	92	1.04585
124	111	1.02345
124	129	0.945672
124	132	0.954445
124	134	0.998513
124	135	1.00092
124	136	0.995992
124	137	1.04337
124	145	0.93832
124	148	1.00371
124	151	0.969464
124	153	1.02171
124	155	1.00674
124	159	1.03301
124	162	1.03014
124	163	0.990965
124	167	1.00781
124	169	1.01477
124	172	1.01799
124	174	1.00772
124	175	1.00263
124	177	1.04893
124	178	1.00363
124	179	1.00442
124	180	1.00988
125	6	0.983111
125	8	1.02407
125	35	1.02113
125	50	0.924068
125	52	1.03276
125	53	0.927936
125	54	1.02283
125	55	0.920647
125	65	0.920768
125	104	0.944209
125	105	0.951145
125	108	0.929392
125	109	0.922403
125	111	0.962181
125	115	0.942726
125	120	0.953794
125	134	1.1131
125	140	0.953618
125	145	0.984771
125	146	0.941676
125	148	1.08143
125	149	0.932648
125	151	0.972705
125	152	1.09726
125	155	1.09565
125	163	1.10102
125	164	1.02966
125	165	1.0644
125	168	1.04026
125	172	1.06565
125	179	1.0857
125	180	1.06958
126	31	0.979004
126	46	0.986363
126	48	0.992692
126	71	1.03726
126	77	0.994504
126	96	1.03858
126	101	0.994234
126	113	1.11965
126	122	1.0709
126	127	0.944184
126	130	1.01321
126	134	0.971442
126	135	0.973849
126	137	1.05072
126	143	0.979518
126	147	0.975575
126	148	0.976635
126	150	1.01514
126	155	0.979673
126	156	1.00337
126	157	0.975243
126	159	1.00594
126	165	0.984352
126	166	0.971699
126	167	0.98074
126	170	0.976074
126	171	1.03802
126	172	0.990923
126	173	0.992244
126	176	0.998216
126	177	1.02186
126	179	0.977348
126	180	0.982805
127	23	1.01444
127	27	0.82693
127	43	1.04901
127	53	0.994308
127	76	1.079
127	77	1.03489
127	78	0.966663
127	94	1.02706
127	95	1.02792
127	99	1.07211
127	106	1.0374
127	111	0.937735
127	113	0.965965
127	117	1.01106
127	126	0.944184
127	138	1.05226
127	143	1.05154
127	147	0.940484
127	148	0.963897
127	151	0.89838
127	152	0.979723
127	153	0.94069
127	157	1.06267
127	163	0.983486
127	167	0.968253
127	168	1.12968
127	169	1.03676
127	170	0.958373
127	171	1.02827
127	174	1.03248
127	176	1.05057
127	177	0.906885
127	178	1.03692
128	6	0.93015
128	23	1.02194
128	30	0.995269
128	42	0.985513
128	51	0.997036
128	66	1.03365
128	74	0.912066
128	89	0.910371
128	90	0.936249
128	99	0.917929
128	129	0.905125
128	130	1.07498
128	136	1.03069
128	139	1.04338
128	147	1.03735
128	152	1.01374
128	153	1.05641
128	154	0.943612
128	155	1.04145
128	156	0.955477
128	165	1.04612
128	166	1.03347
128	167	1.04251
128	168	0.837779
128	169	0.97422
128	170	1.03785
128	172	1.0527
128	173	1.05402
128	174	0.96717
128	175	1.03733
128	177	1.08363
128	179	1.03912
128	180	1.04458
129	17	1.16841
129	42	1.01402
129	83	1.05944
129	85	1.02712
129	86	1.05881
129	89	1.02314
129	90	1.0251
129	111	0.946568
129	114	1.05726
129	124	0.945672
129	128	0.905125
129	135	0.99146
129	136	0.973008
129	138	1.01572
129	139	0.946465
129	142	0.965658
129	143	1.015
129	144	1.01709
129	145	1.04364
129	150	0.933629
129	153	0.949523
129	154	1.01909
129	156	1.00062
129	161	1.012
129	164	1.03373
129	165	1.00304
129	169	1.00023
129	170	0.967206
129	171	0.991732
129	174	0.995946
129	176	1.01404
129	177	0.915718
129	178	1.00038
129	179	0.976995
130	15	0.944397
130	22	1.04589
130	29	1.00665
130	33	0.934187
130	52	0.882785
130	57	1.04115
130	63	1.01229
130	67	1.02967
130	76	0.946805
130	85	0.998921
130	87	0.97874
130	100	1.02827
130	102	1.00007
130	110	0.926583
130	122	1.05748
130	126	1.01321
130	128	1.07498
130	134	1.00395
130	138	0.953614
130	145	0.932245
130	150	1.04764
130	152	0.984468
130	154	0.978084
130	155	1.01218
130	162	1.03558
130	163	0.996397
130	170	1.00858
130	172	1.02343
130	173	1.02475
130	175	1.00806
130	176	0.984797
130	177	1.05436
130	179	1.00985
130	180	1.01531
131	15	1.03723
131	32	0.943244
131	37	1.0701
131	39	1.05675
131	47	0.97661
131	50	0.980601
131	52	1.08929
131	54	1.07936
131	55	0.97718
131	81	1.05981
131	96	0.990774
131	100	0.989667
131	101	0.945683
131	104	1.00074
131	105	1.00768
131	107	1.00041
131	108	0.985924
131	109	0.978936
131	115	0.999258
131	118	0.944383
131	120	1.01033
131	140	1.01015
131	142	0.987445
131	146	0.998209
131	149	0.989181
131	150	0.955415
131	151	1.02924
131	159	0.947836
131	162	0.9599
131	165	0.977485
131	167	0.998872
131	168	1.09679
131	177	0.937505
131	179	0.998781
132	12	1.03442
132	20	0.999267
132	26	1.13251
132	49	1.01979
132	53	1.01191
132	56	0.964496
132	59	1.03466
132	66	0.942816
132	69	0.948393
132	70	1.04097
132	74	1.06393
132	75	1.04656
132	79	0.996111
132	88	0.94391
132	96	0.998024
132	102	1.00912
132	103	1.00471
132	110	1.06262
132	113	1.05882
132	116	1.03035
132	124	0.954445
132	133	1.0172
132	142	1.01771
132	151	0.915985
132	153	0.958295
132	157	1.03089
132	158	0.952141
132	160	0.948764
132	162	0.946886
132	165	0.96447
132	175	0.988758
132	176	0.937393
132	177	1.0453
132	179	0.985767
133	12	1.02404
133	17	0.878993
133	20	0.988881
133	21	0.970792
133	26	1.12213
133	56	0.95411
133	59	1.02428
133	69	0.938007
