1	31	1.28388
1	35	0.891441
1	36	0.889126
1	70	0.920345
1	85	0.957234
1	92	0.937007
1	99	0.934232
1	100	0.988107
1	126	1.14257
1	159	0.946402
1	164	1.22916
1	165	0.936105
2	87	0.790075
2	113	1.74752
2	142	0.86054
2	156	0.845119
2	158	1.81494
2	160	0.833651
2	167	0.836741
2	170	0.853119
2	171	0.840837
2	177	0.846733
2	179	0.843019
2	180	0.850165
3	92	0.918652
3	97	0.929656
3	99	0.915877
3	118	0.952067
3	141	0.930387
3	143	1.18478
3	145	0.949362
3	149	0.927419
3	152	0.938863
3	155	0.937716
3	166	1.28147
3	175	1.18796
4	112	1.66694
4	118	1.90115
4	146	0.850518
4	163	0.827356
4	167	0.832983
4	171	0.837079
4	172	0.84606
4	173	0.829215
4	177	0.842975
4	178	0.848145
4	179	0.839261
4	180	0.846407
5	7	0.815128
5	16	0.820245
5	17	0.816234
5	18	0.885127
5	45	0.851824
5	49	0.852928
5	54	0.834652
5	77	0.798711
5	128	1.79448
5	139	0.87734
5	155	0.847811
5	171	1.8435
6	62	1.55458
6	66	0.813224
6	70	2.0079
6	107	0.84708
6	125	0.778319
6	127	0.881324
6	167	0.837445
6	175	0.847969
6	177	0.847438
6	178	0.852607
6	179	0.843724
6	180	0.85087
7	5	0.815128
7	16	0.82442
7	49	0.857103
7	54	0.838827
7	55	0.908263
7	57	2.58536
7	68	0.809937
7	72	0.809937
7	77	0.802886
7	139	0.881515
7	155	0.851986
7	179	1.05283
8	49	1.29476
8	91	1.12127
8	115	0.930711
8	125	0.883588
8	133	0.908004
8	139	1.13199
8	154	0.92953
8	163	0.937088
8	175	0.953238
8	177	0.952707
8	179	0.948993
8	180	0.956139
9	121	0.865519
9	127	1.59633
9	130	0.84395
9	147	0.839669
9	151	0.84856
9	153	0.851396
9	154	2.04149
9	158	0.837473
9	161	0.817154
9	169	0.831347
9	174	0.829947
9	176	0.834985
10	75	0.86431
10	78	0.849177
10	106	0.806882
10	113	0.832135
10	134	0.854568
10	136	0.839366
10	140	0.832776
10	141	0.834926
10	145	0.853901
10	146	1.79337
10	149	0.831958
10	175	1.84287
11	40	0.791653
11	88	1.87982
11	90	1.68327
11	98	0.822014
11	104	0.816016
11	131	0.849853
11	154	0.83424
11	160	0.844336
11	172	0.860502
11	175	0.857949
11	178	0.862587
11	180	0.860849
12	22	0.902596
12	35	0.78983
12	36	0.787515
12	70	0.818733
12	85	0.855623
12	92	0.835396
12	97	0.846399
12	99	0.832621
12	100	0.886496
12	156	1.92351
12	159	0.844791
12	178	1.71453
13	77	1.97655
13	81	1.58524
13	110	0.837757
13	134	0.854411
13	145	0.853744
13	149	0.831801
13	161	0.817347
13	172	0.847453
13	174	0.830141
13	176	0.835178
13	177	0.844368
13	180	0.847799
14	87	0.714622
14	97	0.76095
14	99	0.747172
14	100	0.801047
14	134	3.58384
14	168	0.775357
14	170	0.777666
14	173	0.75752
14	174	0.757053
14	175	0.771811
14	176	0.762091
14	180	0.774712
15	75	0.863213
15	93	0.812809
15	96	0.869647
15	113	0.831038
15	136	0.838269
15	138	0.835853
15	140	0.831679
15	141	0.833828
15	145	0.852804
15	149	0.830861
15	164	1.77656
15	180	1.86144
16	5	0.820245
16	7	0.82442
16	45	0.861116
16	49	0.86222
16	54	0.843944
16	55	0.913381
16	64	1.53909
16	68	0.815054
16	72	0.815054
16	77	0.808003
16	119	0.836563
16	148	2.09815
17	5	0.816234
17	18	0.890408
17	45	0.857105
17	49	0.858209
17	50	0.858941
17	54	0.839933
17	68	0.811043
17	72	0.811043
17	77	0.803992
17	137	1.73889
17	155	0.853092
17	165	1.89845
18	5	0.885127
18	17	0.890408
18	45	0.925999
18	49	0.927103
18	54	0.908826
18	55	0.978263
18	68	0.879937
18	72	0.879937
18	77	0.872886
18	128	1.07158
18	133	1.65809
18	139	0.951514
18	166	1.22691
19	104	0.79036
19	143	0.836232
19	146	0.839304
19	164	0.838107
19	166	0.819667
19	168	1.79485
19	169	2.06752
19	171	0.825865
19	173	0.818001
19	175	0.832292
19	178	0.836931
19	179	0.828047
19	180	0.835193
20	78	0.834937
20	106	0.792641
20	112	0.869764
20	113	0.817895
20	134	0.840327
20	136	0.825126
20	138	0.82271
20	140	0.818536
20	141	0.820685
20	145	0.839661
20	149	0.817718
20	165	1.9608
20	177	1.9758
21	39	0.771081
21	60	0.802064
21	89	0.743868
21	108	0.747711
21	129	0.755904
21	130	0.756616
21	151	0.761225
21	153	0.764061
21	158	0.750139
21	162	0.755667
21	169	0.744013
21	176	0.74765
21	178	3.91896
22	12	0.902596
22	35	0.868175
22	38	0.871051
22	60	0.983787
22	70	0.897079
22	85	0.933968
22	92	0.913741
22	97	0.924745
22	99	0.910966
22	100	0.964841
22	144	1.49631
22	157	1.47684
22	165	0.912839
23	47	1.33313
23	71	1.0659
23	85	1.44325
23	108	0.907306
23	136	0.911276
23	138	0.90886
23	146	0.923977
23	149	0.903868
23	173	0.902674
23	174	0.902207
23	176	0.907245
23	179	0.91272
23	180	0.919866
24	88	0.898963
24	120	0.89037
24	135	0.91505
24	139	0.481217
24	147	0.916065
24	152	0.919448
24	162	0.919398
24	165	0.898334
24	168	0.924647
24	170	1.66786
24	174	0.906343
24	176	0.911381
24	177	1.77152
25	102	0.882162
25	132	0.901977
25	140	1.36515
25	152	1.19395
25	163	0.902596
25	171	0.912318
25	173	0.904455
25	174	1.28456
25	175	0.918746
25	177	0.918215
25	178	0.923384
25	179	0.914501
25	180	0.921646
26	93	0.806494
26	96	0.863333
26	106	0.79947
26	113	0.824723
26	126	1.79217
26	136	0.831954
26	138	0.829539
26	140	0.825364
26	141	0.827514
26	145	0.846489
26	149	0.824546
26	150	0.820575
26	163	2.14386
27	109	1.33227
27	111	0.904366
27	122	0.920403
27	135	0.908669
27	142	1.18912
27	152	0.913068
27	153	0.921411
27	157	1.43525
27	158	0.907489
27	168	0.918267
27	169	0.901363
27	174	0.899963
27	176	0.905001
28	37	0.84604
28	82	0.821469
28	90	0.813359
28	130	0.832764
28	147	0.828483
28	158	0.826287
28	162	0.831815
28	166	2.06007
28	168	0.837064
28	169	0.820161
28	174	0.818761
28	176	0.823798
28	180	1.87769
29	138	2.0292
29	146	0.83978
29	153	1.83273
29	154	0.80906
29	157	0.832202
29	166	0.820143
29	167	0.822245
29	171	0.826341
29	172	0.835322
29	173	0.818477
29	177	0.832237
29	179	0.828523
29	180	0.835669
30	66	0.879782
30	82	1.37743
30	138	1.33109
30	153	1.13462
30	156	0.912381
30	164	0.920341
30	167	0.904003
30	171	0.908099
30	175	0.914526
30	177	0.913995
30	178	0.919165
30	179	0.910281
30	180	0.917427
31	1	1.28388
31	63	1.27261
31	114	0.894122
31	132	0.895531
31	143	0.916239
31	157	0.911733
31	162	1.30576
31	164	0.918114
31	175	0.9123
31	177	0.911769
31	178	0.916938
31	179	0.908055
31	180	0.9152
32	81	1.25725
32	109	0.908889
32	138	1.24522
32	149	1.34006
32	154	0.893311
32	156	0.914874
32	160	0.903406
32	171	0.910592
32	173	0.902728
32	175	0.917019
32	177	0.916488
32	179	0.912774
32	180	0.919919
33	69	0.932776
33	71	1.29789
33	90	1.15687
33	125	0.846393
33	130	1.38958
33	146	0.923056
33	166	0.903419
33	167	0.90552
33	170	0.921899
33	177	0.915513
33	178	0.920682
33	179	0.911799
33	180	0.918944
34	47	0.904612
34	61	0.873228
34	67	0.929008
34	71	0.928615
34	81	0.916976
34	84	0.904198
34	91	0.938846
34	94	0.88712
34	101	0.928296
34	105	1.21792
34	133	1.55353
34	161	0.889102
34	167	1.18516
35	1	0.891441
35	12	0.78983
35	22	0.868175
35	38	0.758285
35	70	0.784313
35	85	0.821202
35	86	1.98336
35	92	0.800975
35	97	0.811979
35	99	0.798201
35	100	0.852076
35	123	2.25331
35	148	0.817752
35	150	0.805771
36	1	0.889126
36	12	0.787515
36	70	0.781998
36	85	0.818887
36	92	0.79866
36	97	0.809664
36	99	0.795885
36	100	0.849761
36	126	2.03254
36	139	0.847253
36	148	0.815437
36	159	0.808055
36	165	0.797758
36	180	2.204
37	28	0.84604
37	103	0.862272
37	130	0.902037
37	151	0.906646
37	153	0.909482
37	158	0.89556
37	162	0.901088
37	167	1.52532
37	168	0.906337
37	169	0.889434
37	174	0.888033
37	175	1.36898
37	176	0.893071
37	179	1.36137
38	22	0.871051
38	35	0.758285
38	70	0.787188
38	85	0.824078
38	92	0.803851
38	97	0.814854
38	99	0.801076
38	100	0.854951
38	128	2.177
38	137	2.06034
38	139	0.852444
38	148	0.820627
38	150	0.808647
38	165	0.802948
39	21	0.771081
39	56	0.877875
39	63	0.934774
39	83	1.21077
39	95	0.925586
39	115	1.64915
39	147	0.898944
39	151	0.907835
39	162	0.902277
39	168	0.907526
39	169	0.890622
39	174	0.889222
39	176	0.89426
39	180	1.39702
40	11	0.791653
40	83	0.81805
40	129	2.04798
40	146	0.830987
40	160	0.810362
40	163	0.807825
40	164	0.829789
40	166	0.81135
40	167	0.813451
40	172	0.826529
40	173	0.809684
40	174	2.11472
40	177	0.823444
40	180	0.826875
41	121	1.37548
41	142	0.893191
41	147	1.53065
41	154	0.856206
41	162	1.53728
41	164	0.885729
41	165	0.857148
41	166	0.86729
41	167	0.869391
41	172	0.882468
41	173	0.865624
41	175	0.879915
41	178	0.884553
41	179	0.87567
41	180	0.882815
42	90	0.864358
42	108	0.874859
42	122	0.8902
42	124	0.885532
42	133	0.839285
42	137	0.876541
42	147	0.879482
42	148	1.5044
42	150	1.65269
42	153	0.891209
42	162	0.882815
42	169	0.871161
42	170	1.39767
42	174	0.86976
42	176	0.874798
43	77	1.65318
43	92	1.55502
43	109	0.871952
43	132	0.863313
43	151	1.23493
43	154	0.856373
43	156	0.877937
43	163	0.863932
43	164	0.885896
43	170	0.885937
43	171	0.873654
43	172	0.882635
43	177	0.879551
43	179	0.875837
43	180	0.882982
44	103	1.59893
44	111	1.44581
44	125	0.812237
44	141	1.39792
44	142	0.895164
44	157	0.881322
44	160	0.868275
44	170	0.887743
44	171	0.87546
44	173	0.867597
44	175	0.881888
44	177	0.881357
44	178	0.886526
44	179	0.877643
44	180	0.884788
45	5	0.851824
45	16	0.861116
45	17	0.857105
45	18	0.925999
45	49	0.893799
45	54	0.875523
45	55	0.94496
45	59	1.30268
45	68	0.846633
45	72	0.846633
45	77	0.839583
45	86	1.49841
45	105	1.7547
45	119	0.868142
45	155	0.888682
46	96	0.904435
46	106	0.840572
46	110	1.45079
46	112	0.917695
46	113	0.865826
46	134	0.888258
46	136	0.873056
46	137	1.41982
46	138	0.870641
46	140	0.866466
46	141	0.868616
46	145	0.887592
46	149	0.865649
46	159	1.68567
46	161	0.851195
47	23	1.33313
47	34	0.904612
47	50	1.55405
47	61	0.834803
47	67	0.890583
47	71	0.89019
47	81	0.878552
47	84	0.865773
47	91	0.900421
47	94	0.848695
47	101	0.889871
47	132	1.65144
47	137	0.870251
47	144	0.853109
47	148	0.873141
48	82	0.870194
48	121	0.903057
48	135	0.876192
48	144	1.52395
48	150	1.54342
48	151	0.886099
48	152	0.880591
48	158	0.875012
48	161	0.854693
48	165	0.859477
48	166	1.48949
48	168	0.88579
48	169	0.868886
48	174	0.867486
48	176	0.872524
49	5	0.852928
49	7	0.857103
49	8	1.29476
49	16	0.86222
49	17	0.858209
49	18	0.927103
49	45	0.893799
49	54	0.876627
49	55	0.946064
49	66	1.81196
49	68	0.847737
49	72	0.847737
49	77	0.840686
49	142	1.43106
49	155	0.889786
50	17	0.858941
50	47	1.55405
50	68	0.848469
50	72	0.848469
50	77	0.841419
50	84	1.43079
50	114	0.875141
50	128	0.8901
50	147	0.888283
50	149	1.47681
50	152	0.891665
50	164	0.899133
50	174	0.878561
50	176	0.883599
50	180	0.896219
51	73	0.846245
51	102	1.75752
51	103	0.847609
51	120	0.857397
51	124	0.889142
51	135	0.882077
51	151	0.891983
51	158	0.880897
51	162	0.886425
51	163	1.4895
51	168	0.891674
51	169	0.874771
51	174	0.873371
51	176	0.878408
51	180	1.30927
52	89	1.60658
52	91	0.889063
52	93	0.835722
52	94	0.837337
52	101	0.878514
52	126	0.867954
52	138	0.858766
52	141	0.856741
52	143	0.870811
52	149	0.853774
52	152	1.52541
52	158	1.61095
52	173	0.85258
52	177	0.86634
52	179	0.862626
52	180	0.869772
53	61	0.899726
53	67	0.955506
53	71	0.955113
53	81	0.943475
53	84	0.930696
53	91	0.965344
53	94	0.913618
53	101	0.954794
53	102	1.50743
53	123	0.910033
53	131	1.1602
53	144	0.918032
53	148	0.938064
53	161	0.9156
53	175	1.14805
53	180	1.05917
54	5	0.834652
54	7	0.838827
54	16	0.843944
54	17	0.839933
54	18	0.908826
54	45	0.875523
54	49	0.876627
54	55	0.927788
54	68	0.829461
54	72	0.829461
54	77	0.82241
54	139	0.901039
54	146	1.55194
54	155	0.87151
54	157	1.70996
54	179	1.59383
55	7	0.908263
55	16	0.913381
55	18	0.978263
55	45	0.94496
55	49	0.946064
55	54	0.927788
55	57	2.21464
55	62	0.980217
55	68	0.898898
55	72	0.898898
55	77	0.891847
55	105	0.878825
55	117	1.11226
55	139	0.970476
55	155	0.940947
55	165	0.670818
56	39	0.877875
56	73	0.822282
56	116	0.890599
56	118	0.875715
56	129	0.862698
56	130	0.86341
56	144	1.70287
56	152	0.862512
56	153	0.870855
56	158	0.856933
56	160	1.58192
56	162	0.862462
56	169	0.850807
56	174	0.849407
56	176	0.854445
56	177	1.57097
57	7	2.58536
57	55	2.21464
57	92	0.784755
57	97	0.795758
57	99	0.78198
57	100	0.835855
57	107	0.80573
57	133	0.761385
57	153	0.81331
57	164	0.812434
57	168	0.810165
57	169	0.793261
57	173	0.792328
57	175	0.806619
57	176	0.796899
57	180	0.80952
58	87	1.94601
58	88	0.831254
58	121	0.874206
58	125	2.00759
58	130	0.852638
58	135	0.847341
58	147	0.848357
58	151	0.857248
58	152	0.85174
58	153	0.860083
58	157	1.19909
58	158	0.846161
58	162	0.85169
58	168	0.856939
58	169	0.840035
58	174	0.838635
58	176	0.843673
59	45	1.30268
59	115	0.897404
59	121	1.00004
59	143	0.923871
59	151	1.24852
59	154	0.896223
59	161	1.4922
59	164	0.925745
59	167	0.909408
59	170	0.925786
59	171	0.913504
59	173	0.90564
59	175	0.919931
59	177	0.9194
59	178	0.92457
59	179	0.915686
59	180	0.922832
60	21	0.802064
60	22	0.983787
60	61	1.60596
60	67	0.888127
60	68	1.5651
60	88	0.912825
60	98	0.899029
60	122	0.940645
60	138	0.926859
60	140	0.922684
60	141	0.924834
60	149	0.921866
60	162	0.93326
60	163	0.918814
60	171	0.928537
60	179	0.930719
60	180	0.937864
61	34	0.873228
61	47	0.834803
61	53	0.899726
61	60	1.60596
61	67	0.859199
61	71	0.858806
61	81	0.847168
61	83	1.71538
61	84	0.834389
61	91	0.869037
61	94	0.817311
61	101	0.858487
61	126	0.847928
61	137	0.838867
61	148	0.841757
61	161	0.819293
61	164	1.81675
62	6	1.55458
62	55	0.980217
62	68	0.88189
62	72	0.88189
62	77	0.87484
62	119	0.903399
62	136	0.92105
62	140	0.91446
62	145	0.935585
62	149	0.913642
62	151	0.930595
62	153	0.93343
62	163	1.16379
62	172	1.20591
62	173	1.23154
62	174	0.911982
62	176	0.917019
63	31	1.27261
63	39	0.934774
63	82	0.909014
63	90	0.900903
63	120	0.890332
63	129	0.919597
63	135	0.915012
63	147	0.916028
63	151	0.924918
63	152	0.91941
63	153	0.927754
63	166	1.48514
63	168	0.924609
63	174	0.906306
63	176	0.911343
63	178	1.09622
63	180	1.30275
64	16	1.53909
64	73	1.58701
64	98	0.886238
64	117	0.903573
64	141	1.0319
64	152	0.884825
64	157	0.921607
64	160	0.908561
64	164	0.927988
64	165	0.899406
64	170	0.928029
64	172	0.924727
64	173	0.907882
64	175	0.922173
64	178	0.926812
64	179	0.917929
64	180	0.925074
65	75	0.936893
65	93	0.886489
65	96	0.943327
65	104	1.49812
65	106	0.879464
65	112	0.956587
65	113	0.904718
65	114	1.22289
65	117	1.39528
65	134	0.92715
65	136	0.911948
65	138	0.909533
65	140	0.905358
65	141	0.907508
65	145	0.926484
65	149	0.904541
65	159	1.06011
66	6	0.813224
66	30	0.879782
66	49	1.81196
66	100	1.56238
66	110	0.848384
66	117	0.836925
66	128	0.852307
66	131	0.847429
66	132	0.838757
66	146	0.862537
66	152	1.68802
66	156	0.85338
66	164	0.86134
66	173	0.841234
66	177	0.854994
66	179	0.85128
66	180	0.858426
67	34	0.929008
67	47	0.890583
67	53	0.955506
67	60	0.888127
67	61	0.859199
67	71	0.914586
67	81	0.902948
67	84	0.890169
67	91	0.924817
67	94	0.873091
67	101	0.914267
67	107	1.33779
67	123	0.869506
67	126	0.903708
67	133	1.79736
67	148	0.897537
67	161	0.875073
67	173	1.43177
68	7	0.809937
68	16	0.815054
68	17	0.811043
68	18	0.879937
68	45	0.846633
68	49	0.847737
68	50	0.848469
68	54	0.829461
68	55	0.898898
68	60	1.5651
68	62	0.88189
68	72	0.800571
68	77	0.79352
68	119	0.82208
68	139	0.872149
68	155	0.84262
68	165	1.93072
68	179	1.94203
69	33	0.932776
69	85	1.41781
69	103	1.40206
69	115	0.884476
69	132	0.890234
69	154	0.883294
69	158	1.13953
69	160	0.89339
69	161	1.36438
69	163	0.890853
69	164	0.912817
69	166	0.894378
69	167	0.896479
69	171	0.900575
69	173	0.892712
69	177	0.906472
69	178	0.911641
69	180	0.909903
70	1	0.920345
70	6	2.0079
70	12	0.818733
70	22	0.897079
70	35	0.784313
70	36	0.781998
70	38	0.787188
70	85	0.850106
70	92	0.829879
70	97	0.840882
70	99	0.827104
70	100	0.880979
70	119	1.74443
70	139	0.878471
70	150	0.834674
70	159	0.839274
70	165	0.828976
70	173	1.68487
71	23	1.0659
71	33	1.29789
71	34	0.928615
71	47	0.89019
71	53	0.955113
71	61	0.858806
71	67	0.914586
71	81	0.902555
71	84	0.889776
71	91	0.924424
71	94	0.872698
71	101	0.913874
71	126	0.903315
71	137	0.894254
71	144	0.877112
71	154	1.48331
71	161	0.87468
71	173	1.59032
72	7	0.809937
72	16	0.815054
72	17	0.811043
72	18	0.879937
72	45	0.846633
72	49	0.847737
72	50	0.848469
72	54	0.829461
72	55	0.898898
72	62	0.88189
72	68	0.800571
72	77	0.79352
72	119	0.82208
72	133	2.15433
72	139	0.872149
72	146	1.58013
72	155	0.84262
72	163	1.72099
73	51	0.846245
73	56	0.822282
73	64	1.58701
73	88	0.826248
73	110	1.9994
73	111	0.838032
73	120	0.817655
73	122	0.854068
73	124	0.8494
73	151	0.852242
73	152	0.846733
73	158	0.841155
73	162	0.846683
73	168	0.851933
73	169	0.835029
73	174	0.833629
73	176	0.838666
73	178	1.85151
74	91	0.870564
74	94	0.818838
74	101	0.860015
74	123	0.815253
74	124	1.56555
74	135	1.821
74	138	0.840267
74	140	0.836092
74	141	0.838242
74	145	0.857218
74	149	0.835275
74	156	0.846227
74	161	0.820821
74	163	0.832222
74	166	0.835747
74	169	1.95654
74	171	0.841945
74	180	0.851273
75	10	0.86431
75	15	0.863213
75	65	0.936893
75	80	1.92309
75	93	0.878375
75	112	0.948473
75	113	0.896604
75	123	0.876406
75	134	0.919036
75	136	0.903835
75	138	0.901419
75	140	0.897245
75	141	0.899394
75	145	0.91837
75	149	0.896427
75	156	1.11182
75	172	1.33172
75	180	1.10938
76	87	0.789684
76	121	1.70494
76	142	0.86015
76	144	0.821753
76	153	1.77187
76	160	0.833261
76	162	1.86675
76	164	0.852688
76	166	0.834248
76	167	0.83635
76	170	0.852728
76	172	0.849427
76	173	0.832582
76	175	0.846873
76	177	0.846342
76	178	0.851512
76	179	0.842628
76	180	0.849774
77	5	0.798711
77	7	0.802886
77	13	1.97655
77	16	0.808003
77	17	0.803992
77	18	0.872886
77	43	1.65318
77	45	0.839583
77	49	0.840686
77	50	0.841419
77	54	0.82241
77	55	0.891847
77	62	0.87484
77	68	0.79352
77	72	0.79352
77	119	0.815029
77	139	0.865098
77	155	0.835569
77	173	2.0888
78	10	0.849177
78	20	0.834937
78	93	0.863242
78	96	0.92008
78	112	0.93334
78	113	0.881471
78	132	1.48735
78	134	0.903903
78	136	0.888702
78	138	0.886286
78	139	0.92112
78	140	0.882111
78	141	0.884261
78	145	0.903237
78	149	0.881294
78	159	1.62172
78	161	0.86684
78	170	1.42678
78	178	1.23895
79	87	0.836238
79	102	0.856843
79	108	1.50772
79	110	0.886285
79	117	0.874827
79	127	0.926782
79	147	1.41257
79	151	1.50588
79	156	0.891282
79	160	0.879814
79	164	0.899241
79	168	1.19832
79	170	0.899282
79	171	0.887
79	172	0.895981
79	173	0.879136
79	177	0.892896
79	178	0.898065
79	180	0.896327
80	75	1.92309
80	109	0.826331
80	114	0.816282
80	124	1.81042
80	126	0.835543
80	128	0.831242
80	142	0.847737
80	143	0.8384
80	146	0.841472
80	157	0.833894
80	163	0.81831
80	166	0.821835
80	167	0.823937
80	168	1.92873
80	173	0.820169
80	175	0.83446
80	177	0.833929
80	178	0.839099
80	180	0.837361
81	13	1.58524
81	32	1.25725
81	34	0.916976
81	47	0.878552
81	53	0.943475
81	61	0.847168
81	67	0.902948
81	71	0.902555
81	84	0.878138
81	91	0.912785
81	94	0.861059
81	101	0.902236
81	123	0.857474
81	137	0.882615
81	144	0.865473
81	148	0.885505
81	161	0.863042
81	164	1.36465
81	179	1.53078
82	28	0.821469
82	30	1.37743
82	48	0.870194
82	63	0.909014
82	90	0.85806
82	108	0.868561
82	116	0.904654
82	122	0.883902
82	124	0.879234
82	135	0.872169
82	147	0.873184
82	151	0.882075
82	152	0.876567
82	153	0.884911
82	158	0.870989
82	162	0.876517
82	167	1.72904
82	170	1.46513
82	176	0.8685
82	180	1.48383
83	39	1.21077
83	40	0.81805
83	61	1.71538
83	92	1.55643
83	98	0.84841
83	117	0.865745
83	132	0.867577
83	142	0.897621
83	148	0.879257
83	161	1.48002
83	164	0.890159
83	167	0.873822
83	171	0.877918
83	172	0.886899
83	173	0.870054
83	175	0.884345
83	177	0.883814
83	178	0.888984
83	179	0.8801
83	180	0.887246
84	34	0.904198
84	47	0.865773
84	50	1.43079
84	53	0.930696
84	61	0.834389
84	67	0.890169
84	71	0.889776
84	81	0.878138
84	91	0.900007
84	94	0.848281
84	101	0.889457
84	105	1.76427
84	123	0.844696
84	126	0.878898
84	137	0.869837
84	144	0.852695
84	148	0.872727
84	160	1.58222
84	161	0.850263
84	178	1.27977
85	1	0.957234
85	12	0.855623
85	22	0.933968
85	23	1.44325
85	35	0.821202
85	36	0.818887
85	38	0.824078
85	69	1.41781
85	70	0.850106
85	92	0.866768
85	97	0.877772
85	99	0.863993
85	100	0.917869
85	127	1.4155
85	132	1.76157
85	139	0.915361
85	148	0.883545
85	150	0.871564
85	159	0.876163
85	165	0.865866
86	35	1.98336
86	45	1.49841
86	104	0.828234
86	108	1.4461
86	127	0.903521
86	131	0.86207
86	139	1.33872
86	143	0.874105
86	150	0.853097
86	154	0.846458
86	160	0.856553
86	163	0.854016
86	170	0.876021
86	171	0.863739
86	172	0.87272
86	173	0.855875
86	175	0.870166
86	177	0.869635
86	178	0.874804
86	179	0.865921
86	180	0.873066
87	2	0.790075
87	14	0.714622
87	58	1.94601
87	76	0.789684
87	79	0.836238
87	102	0.796497
87	107	0.832192
87	125	0.763431
87	127	0.866436
87	128	0.829863
87	139	2.26134
87	154	0.809373
87	164	0.838895
87	168	2.05933
87	170	0.838936
87	172	0.835635
87	173	0.81879
87	175	0.833081
87	177	0.83255
87	178	0.83772
87	180	0.835982
88	11	1.87982
88	24	0.898963
88	58	0.831254
88	60	0.912825
88	73	0.826248
88	111	0.857776
88	122	0.873813
88	124	0.869144
88	129	0.866665
88	142	1.34912
88	150	1.63419
88	151	0.871986
88	152	0.866478
88	153	0.874822
88	160	1.49378
88	162	0.866428
88	165	0.845364
88	168	0.871677
88	169	0.854773
88	174	0.853373
88	176	0.858411
89	21	0.743868
89	52	1.60658
89	116	0.903201
89	119	0.853427
89	120	0.846036
89	122	0.882449
89	129	0.875301
89	130	0.876013
89	144	1.65389
89	147	0.871732
89	151	0.880622
89	152	0.875114
89	155	0.873967
89	158	0.869536
89	159	0.864298
89	162	0.875064
89	168	0.880314
89	172	1.65939
89	174	0.86201
89	176	0.867047
89	180	1.43704
90	11	1.68327
90	28	0.813359
90	33	1.15687
90	42	0.864358
90	63	0.900903
90	82	0.85806
90	95	0.891715
90	103	0.829591
90	111	0.859755
90	121	0.890923
90	125	2.20721
90	129	0.868643
90	143	1.28702
90	152	0.868457
90	153	0.8768
90	158	0.862878
90	162	0.868407
90	168	0.873656
90	169	0.856752
90	174	0.855352
90	176	0.86039
91	8	1.12127
91	34	0.938846
91	47	0.900421
91	52	0.889063
91	53	0.965344
91	61	0.869037
91	67	0.924817
91	71	0.924424
91	74	0.870564
91	81	0.912785
91	84	0.900007
91	94	0.882929
91	101	0.924105
91	105	1.58429
91	110	1.24768
91	126	0.913545
91	137	0.904485
91	144	0.887342
91	146	1.34569
91	148	0.907374
91	161	0.884911
91	165	1.37628
92	1	0.937007
92	3	0.918652
92	12	0.835396
92	22	0.913741
92	35	0.800975
92	36	0.79866
92	38	0.803851
92	43	1.55502
92	57	0.784755
92	70	0.829879
92	83	1.55643
92	85	0.866768
92	97	0.857545
92	99	0.843766
92	100	0.897641
92	139	0.895134
92	142	1.69392
92	148	0.863318
92	150	0.851337
92	159	0.855936
92	165	0.845639
92	175	1.83154
93	15	0.812809
93	26	0.806494
93	52	0.835722
93	65	0.886489
93	75	0.878375
93	78	0.863242
93	96	0.88481
93	106	0.820947
93	112	0.898069
93	134	0.868632
93	136	0.853431
93	138	0.851015
93	139	0.885849
93	140	0.846841
93	141	0.84899
93	144	0.834001
93	145	0.867966
93	148	1.64927
93	155	0.85632
93	159	1.73748
93	160	1.65716
93	165	1.6312
94	34	0.88712
94	47	0.848695
94	52	0.837337
94	53	0.913618
94	61	0.817311
94	67	0.873091
94	71	0.872698
94	74	0.818838
94	81	0.861059
94	84	0.848281
94	91	0.882929
94	101	0.872379
94	123	0.827617
94	126	0.861819
94	137	0.852759
94	144	0.835616
94	148	0.855648
94	160	1.77507
94	161	0.833185
94	165	1.74911
94	178	1.47261
94	180	1.67915
95	39	0.925586
95	90	0.891715
95	108	0.902216
95	111	0.90152
95	118	0.923425
95	120	0.881144
95	123	1.51907
95	131	1.32847
95	135	0.905824
95	147	0.906839
95	148	1.31546
95	151	0.91573
95	153	0.918566
95	158	0.904644
95	159	0.899406
95	162	0.910172
95	168	0.915421
95	169	0.898518
95	171	1.30351
95	174	0.897118
95	176	0.902155
95	180	1.22744
96	15	0.869647
96	26	0.863333
96	46	0.904435
96	65	0.943327
96	78	0.92008
96	93	0.88481
96	104	1.7536
96	112	0.954908
96	113	0.903039
96	134	0.925471
96	136	0.910269
96	138	0.907854
96	140	0.903679
96	141	0.905829
96	146	1.17873
96	149	0.902862
96	150	0.89889
96	155	0.913159
96	159	1.31559
96	161	0.888408
96	177	1.22432
96	179	1.22062
97	3	0.929656
97	12	0.846399
97	14	0.76095
97	22	0.924745
97	35	0.811979
97	36	0.809664
97	38	0.814854
97	57	0.795758
97	70	0.840882
97	85	0.877772
97	92	0.857545
97	99	0.85477
97	100	0.908645
97	133	2.13669
97	139	0.906137
97	148	0.874321
97	150	0.86234
97	159	0.86694
97	165	0.856642
97	175	1.612
97	177	1.60808
97	178	1.31659
98	11	0.822014
98	60	0.899029
98	64	0.886238
98	83	0.84841
98	109	0.846206
98	125	0.784685
98	133	0.809101
98	145	1.6948
98	146	0.861347
98	147	1.74163
98	154	0.830627
98	156	0.85219
98	164	0.860149
98	166	0.84171
98	167	0.843812
98	168	1.52738
98	173	0.840044
98	175	0.854335
98	176	1.86125
98	177	0.853804
98	178	0.858974
98	179	0.85009
98	180	0.857236
99	1	0.934232
99	3	0.915877
99	12	0.832621
99	14	0.747172
99	22	0.910966
99	35	0.798201
99	36	0.795885
99	38	0.801076
99	57	0.78198
99	70	0.827104
99	85	0.863993
99	92	0.843766
99	97	0.85477
99	100	0.894867
99	126	1.52747
99	139	0.892359
99	148	0.860543
99	150	0.848562
99	159	0.853161
99	165	0.842864
99	166	1.88132
99	177	1.78389
99	179	1.78019
100	1	0.988107
100	12	0.886496
100	14	0.801047
100	22	0.964841
100	35	0.852076
100	36	0.849761
100	38	0.854951
100	57	0.835855
100	66	1.56238
100	70	0.880979
100	85	0.917869
100	92	0.897641
100	97	0.908645
100	99	0.894867
100	119	1.53776
100	137	1.14062
100	139	0.946234
100	148	0.914418
100	150	0.902437
100	157	1.42762
100	159	0.907037
100	165	0.896739
100	171	1.30629
101	34	0.928296
101	47	0.889871
101	52	0.878514
101	53	0.954794
101	61	0.858487
101	67	0.914267
101	71	0.913874
101	74	0.860015
101	81	0.902236
101	84	0.889457
101	91	0.924105
101	94	0.872379
101	109	1.44414
101	110	1.29108
101	123	0.868794
101	126	0.902996
101	137	0.893935
101	144	0.876793
101	148	0.896825
101	150	1.58604
101	161	0.874361
101	163	1.52996
101	178	1.14319
102	25	0.882162
102	51	1.75752
102	53	1.50743
102	79	0.856843
102	87	0.796497
102	104	0.811754
102	110	0.846545
102	135	1.70041
102	146	0.860699
102	150	0.836618
102	164	0.859501
102	165	0.83092
102	166	0.841061
102	167	0.843163
102	170	0.859542
102	171	0.847259
102	172	0.85624
102	175	0.853687
102	176	1.89715
102	177	0.853156
102	178	0.858325
102	179	0.849442
102	180	0.856587
103	37	0.862272
103	44	1.59893
103	51	0.847609
103	69	1.40206
103	90	0.829591
103	104	2.31818
103	116	0.876184
103	121	0.870564
103	124	0.850764
103	129	0.848284
103	135	0.843699
103	152	0.848097
103	153	0.856441
103	155	0.84695
103	158	0.842519
103	159	0.837281
103	162	0.848047
103	164	1.61907
103	165	0.826984
103	168	0.853297
103	169	0.836393
103	174	0.834993
103	176	0.84003
104	11	0.816016
104	19	0.79036
104	65	1.49812
104	86	0.828234
104	96	1.7536
104	102	0.811754
104	103	2.31818
104	124	1.61095
104	127	0.881693
104	128	0.845119
104	132	0.831569
104	137	0.84036
104	142	0.861614
104	157	0.847772
104	160	0.834725
104	166	0.835713
104	167	0.837814
104	171	0.841911
104	172	0.850892
104	175	0.848338
104	177	0.847807
104	178	0.852976
104	179	0.844093
104	180	0.851238
105	34	1.21792
105	45	1.7547
105	55	0.878825
105	84	1.76427
105	91	1.58429
105	106	0.850816
105	118	0.90054
105	128	0.885772
105	134	0.898502
105	138	0.880885
105	140	0.87671
105	145	0.897836
105	149	0.875893
105	151	0.892845
105	158	0.881758
105	162	0.887287
105	166	0.876365
105	171	0.882563
105	174	0.874232
105	176	0.87927
105	177	0.888459
105	178	0.893629
105	179	0.884745
105	180	0.891891
106	10	0.806882
106	20	0.792641
106	26	0.79947
106	46	0.840572
106	65	0.879464
106	93	0.820947
106	105	0.850816
106	112	0.891045
106	113	0.839176
106	127	1.57296
106	133	0.806862
106	134	0.861608
106	136	0.846406
106	137	1.78754
106	138	0.843991
106	139	0.878824
106	140	0.839816
106	141	0.841966
106	145	0.860942
106	149	0.838999
106	150	0.835027
106	161	0.824545
106	164	1.79228
106	167	2.12236
107	6	0.84708
107	57	0.80573
107	67	1.33779
107	87	0.832192
107	111	1.70482
107	115	0.866854
107	117	0.87078
107	131	0.881285
107	132	0.872612
107	134	1.38507
107	142	0.902657
107	146	0.896393
107	152	1.50986
107	154	0.865673
107	156	0.887236
107	157	0.888815
107	160	0.875768
107	162	1.48989
107	163	0.873231
107	170	0.895236
107	172	0.891934
107	173	0.87509
107	178	0.894019
107	179	0.885136
107	180	0.892281
108	21	0.747711
108	23	0.907306
108	42	0.874859
108	79	1.50772
108	82	0.868561
108	86	1.4461
108	95	0.902216
108	116	0.907044
108	119	0.85727
108	121	0.901424
108	122	0.886292
108	124	0.881624
108	129	0.879144
108	130	0.879856
108	152	0.878957
108	153	0.887301
108	158	0.873379
108	162	0.878907
108	168	0.884156
108	169	0.867253
108	173	1.6724
108	174	0.865852
108	176	0.87089
108	179	1.50568
108	180	1.42443
109	27	1.33227
109	32	0.908889
109	43	0.871952
109	80	0.826331
109	98	0.846206
109	101	1.44414
109	114	0.863963
109	130	1.52844
109	132	0.865372
109	140	1.62147
109	146	0.889153
109	148	0.877053
109	151	1.51699
109	156	0.879995
109	157	0.881574
109	163	0.865991
109	166	0.869516
109	170	0.887996
109	172	0.884694
109	173	0.86785
109	175	0.882141
109	177	0.88161
109	178	0.886779
109	179	0.877896
109	180	0.885041
110	13	0.837757
110	46	1.45079
110	66	0.848384
110	73	1.9994
110	79	0.886285
110	91	1.24768
110	101	1.29108
110	102	0.846545
110	111	1.49218
110	114	0.864951
110	117	0.864528
110	127	0.916483
110	137	0.875151
110	156	0.880983
110	157	0.882562
110	160	0.869516
110	163	0.866979
110	164	0.888943
110	166	0.870504
110	170	0.888984
110	172	0.885682
110	173	0.868837
110	175	0.883129
110	178	0.887767
110	180	0.886029
111	27	0.904366
111	44	1.44581
111	73	0.838032
111	88	0.857776
111	90	0.859755
111	95	0.90152
111	107	1.70482
111	110	1.49218
111	116	0.906348
111	120	0.849183
111	122	0.885597
111	129	0.878448
111	135	0.873863
111	137	0.871937
111	147	0.874879
111	151	0.88377
111	152	0.878262
111	158	0.872683
111	162	0.878211
111	168	0.883461
111	169	0.866557
111	174	0.865157
111	176	0.870195
111	178	1.34429
111	180	1.55082
112	4	1.66694
112	20	0.869764
112	46	0.917695
112	65	0.956587
112	75	0.948473
112	78	0.93334
112	93	0.898069
112	96	0.954908
112	106	0.891045
112	113	0.916298
112	134	0.93873
112	136	0.923529
112	138	0.921114
112	140	0.916939
112	141	0.919089
112	145	0.938064
112	149	0.916121
112	150	0.91215
112	155	0.926418
112	157	1.21632
112	161	0.901667
112	167	1.26414
112	172	1.24128
112	177	1.10389
112	179	1.10019
113	2	1.74752
113	10	0.832135
113	15	0.831038
113	20	0.817895
113	26	0.824723
113	46	0.865826
113	65	0.904718
113	75	0.896604
113	78	0.881471
113	96	0.903039
113	106	0.839176
113	112	0.916298
113	115	1.62612
113	119	1.68152
113	134	0.886861
113	136	0.87166
113	138	0.869244
113	140	0.86507
113	141	0.867219
113	144	0.85223
113	145	0.886195
113	149	0.864252
113	155	0.874549
113	161	0.849798
113	170	1.35528
113	175	1.46286
114	31	0.894122
114	50	0.875141
114	65	1.22289
114	80	0.816282
114	109	0.863963
114	110	0.864951
114	117	0.853492
114	128	0.868874
114	131	0.863996
114	132	0.855324
114	136	1.54076
114	146	0.879104
114	156	0.869947
114	157	0.871526
114	158	1.78042
114	163	0.855942
114	164	0.877906
114	166	0.859467
114	168	1.45404
114	169	1.72671
114	170	0.877947
114	172	0.874646
114	173	0.857801
114	178	0.876731
114	179	0.867847
114	180	0.874993
115	8	0.930711
115	39	1.64915
115	59	0.897404
115	69	0.884476
115	107	0.866854
115	113	1.62612
115	117	0.849143
115	125	0.798093
115	142	0.881019
115	152	1.608
115	153	1.49316
115	154	0.844035
115	157	0.867177
115	160	0.85413
115	163	0.851593
115	164	0.873557
115	166	0.855118
115	168	1.36716
115	170	0.873598
115	171	0.861316
115	172	0.870297
115	175	0.867743
115	177	0.867212
115	178	0.872382
115	179	0.863498
115	180	0.870644
116	56	0.890599
116	82	0.904654
116	89	0.903201
116	103	0.876184
116	108	0.907044
116	111	0.906348
116	118	0.928253
116	122	0.922385
116	123	1.51352
116	124	0.917717
116	130	0.915949
116	147	0.911668
116	150	1.45821
116	151	0.920558
116	152	0.91505
116	153	0.923394
116	158	0.909472
116	160	1.3178
116	162	0.915
116	166	1.40428
116	168	0.920249
116	169	0.903346
116	170	1.20319
116	174	0.901946
116	176	0.906983
116	178	1.01535
117	55	1.11226
117	64	0.903573
117	65	1.39528
117	66	0.836925
117	79	0.874827
117	83	0.865745
117	107	0.87078
117	110	0.864528
117	114	0.853492
117	115	0.849143
117	124	1.50811
117	131	0.863574
117	132	0.854901
117	136	1.71315
117	141	2.01434
117	157	0.871104
117	160	0.858057
117	164	0.877484
117	165	0.848903
117	170	0.877525
117	171	0.865243
117	172	0.874224
117	175	0.87167
117	178	0.876308
117	179	0.867425
117	180	0.87457
118	3	0.952067
118	4	1.90115
118	56	0.875715
118	95	0.923425
118	105	0.90054
118	116	0.928253
118	120	0.871088
118	125	2.25902
118	129	0.900353
118	130	0.901065
118	134	0.00205338
118	135	0.895768
118	137	0.893842
118	143	1.33883
118	147	0.896784
118	148	1.34116
118	151	0.905675
118	152	0.900167
118	153	0.90851
118	158	0.894588
118	162	0.900116
118	165	0.879053
118	168	0.905366
118	169	0.888462
118	174	0.887062
118	175	1.34201
118	176	0.8921
119	16	0.836563
119	45	0.868142
119	62	0.903399
119	68	0.82208
119	70	1.74443
119	72	0.82208
119	77	0.815029
119	89	0.853427
119	100	1.53776
119	108	0.85727
119	113	1.68152
119	127	0.900284
119	128	0.863711
119	136	1.50928
119	142	0.880206
119	145	1.58998
119	152	0.865276
119	155	0.864129
119	160	0.853317
119	163	0.850779
119	168	0.870475
119	169	0.853571
119	172	0.869483
119	174	0.852171
119	176	0.857209
119	178	0.871568
119	180	0.86983
120	24	0.89037
120	51	0.857397
120	63	0.890332
120	73	0.817655
120	89	0.846036
120	95	0.881144
120	111	0.849183
120	118	0.871088
120	122	0.86522
120	124	0.860552
120	126	0.860622
120	130	0.858784
120	131	1.5977
120	135	0.853487
120	144	1.71353
120	147	0.854502
120	150	1.73299
120	151	0.863393
120	153	0.866229
120	158	0.852307
120	162	0.857835
120	168	0.863084
120	169	0.846181
120	171	1.57274
120	174	0.84478
120	176	0.849818
120	179	1.57793
121	9	0.865519
121	41	1.37548
121	48	0.903057
121	58	0.874206
121	59	1.00004
121	76	1.70494
121	90	0.890923
121	103	0.870564
121	108	0.901424
121	124	0.912097
121	129	0.909617
121	130	0.910329
121	135	0.905032
121	151	0.914938
121	152	0.90943
121	153	0.917774
121	155	0.908283
121	158	0.903852
121	161	0.883532
121	162	0.90938
121	167	1.4193
121	168	0.914629
121	169	0.897726
121	172	1.39645
121	174	0.896325
121	176	0.901363
121	177	1.25905
122	27	0.920403
122	42	0.8902
122	60	0.940645
122	73	0.854068
122	82	0.883902
122	88	0.873813
122	89	0.882449
122	108	0.886292
122	111	0.885597
122	116	0.922385
122	120	0.86522
122	130	0.895197
122	147	0.890916
122	151	0.899807
122	152	0.894298
122	153	0.902642
122	161	0.8684
122	162	0.894248
122	164	1.31854
122	168	0.899498
122	169	0.882594
122	171	1.47948
122	172	1.62576
122	174	0.881194
122	176	0.886231
122	177	1.48837
122	178	1.19687
122	180	1.40341
123	35	2.25331
123	53	0.910033
123	67	0.869506
123	74	0.815253
123	75	0.876406
123	81	0.857474
123	84	0.844696
123	94	0.827617
123	95	1.51907
123	101	0.868794
123	116	1.51352
123	125	0.787501
123	134	0.866663
123	135	1.54379
123	136	0.851462
123	140	0.844871
123	141	0.847021
123	144	0.832031
123	145	0.865997
123	149	0.844054
123	153	1.53265
123	164	0.862966
123	167	0.846628
123	172	0.859705
123	173	0.84286
123	177	0.85662
123	178	0.86179
123	180	0.860052
124	42	0.885532
124	51	0.889142
124	73	0.8494
124	74	1.56555
124	80	1.81042
124	82	0.879234
124	88	0.869144
124	103	0.850764
124	104	1.61095
124	108	0.881624
124	116	0.917717
124	117	1.50811
124	120	0.860552
124	121	0.912097
124	128	1.02376
124	129	0.889817
124	130	0.890528
124	135	0.885232
124	147	0.886247
124	151	0.895138
124	152	0.88963
124	158	0.884051
124	161	0.863732
124	162	0.88958
124	168	0.894829
124	169	0.877925
124	172	1.21905
124	174	0.876525
124	176	0.881563
125	6	0.778319
125	8	0.883588
125	33	0.846393
125	44	0.812237
125	58	2.00759
125	87	0.763431
125	90	2.20721
125	98	0.784685
125	115	0.798093
125	118	2.25902
125	123	0.787501
125	133	0.775386
125	136	2.20763
125	143	0.824559
125	146	0.827632
125	150	0.803551
125	156	0.818475
125	157	0.820054
125	160	0.807007
125	163	0.80447
125	166	0.807995
125	167	0.810096
125	170	0.826475
125	171	0.814193
125	175	0.82062
125	177	0.820089
125	178	0.825258
125	179	0.816375
125	180	0.82352
126	1	1.14257
126	26	1.79217
126	36	2.03254
126	52	0.867954
126	61	0.847928
126	67	0.903708
126	71	0.903315
126	80	0.835543
126	84	0.878898
126	91	0.913545
126	94	0.861819
126	99	1.52747
126	101	0.902996
126	120	0.860622
126	132	0.874585
126	134	1.05961
126	135	0.885301
126	143	0.895293
126	145	1.11098
126	158	0.884121
126	167	0.88083
126	168	0.894899
126	169	0.877995
126	174	0.876595
126	175	0.891353
126	176	0.881633
126	177	0.890822
126	178	0.895992
126	180	0.894254
127	6	0.881324
127	9	1.59633
127	79	0.926782
127	85	1.4155
127	86	0.903521
127	87	0.866436
127	104	0.881693
127	106	1.57296
127	110	0.916483
127	119	0.900284
127	129	1.07555
127	136	0.897552
127	140	1.22287
127	142	0.936901
127	143	0.927565
127	148	0.918537
127	156	0.92148
127	160	0.910012
127	163	0.907475
127	165	0.900858
127	166	0.911
127	167	0.913101
127	170	0.92948
127	172	0.926179
127	175	0.923625
127	176	1.14471
127	177	0.923094
127	178	0.928263
127	179	0.91938
127	180	0.926526
128	5	1.79448
128	18	1.07158
128	38	2.177
128	50	0.8901
128	66	0.852307
128	80	0.831242
128	87	0.829863
128	104	0.845119
128	105	0.885772
128	114	0.868874
128	119	0.863711
128	124	1.02376
128	143	0.890991
128	150	0.869983
128	155	1.4197
128	157	0.886486
128	160	0.873439
128	163	0.870902
128	164	0.892866
128	166	0.874427
128	170	0.892907
128	171	0.880624
128	172	0.889605
128	173	0.872761
128	175	0.887052
128	176	1.47595
128	177	0.886521
128	178	0.89169
128	179	0.882807
128	180	0.889952
129	21	0.755904
129	40	2.04798
129	56	0.862698
129	63	0.919597
129	88	0.866665
129	89	0.875301
129	90	0.868643
129	103	0.848284
129	108	0.879144
129	111	0.878448
129	118	0.900353
129	121	0.909617
129	124	0.889817
129	127	1.07555
129	133	0.84357
129	135	0.882752
129	143	1.46544
129	147	0.883767
129	151	0.892658
129	152	0.88715
129	154	1.52071
129	158	0.881572
129	162	0.8871
129	165	0.866036
129	168	0.892349
129	169	0.875446
129	170	1.36104
129	172	1.60209
129	174	0.874045
129	176	0.879083
130	9	0.84395
130	21	0.756616
130	28	0.832764
130	33	1.38958
130	37	0.902037
130	56	0.86341
130	58	0.852638
130	89	0.876013
130	108	0.879856
130	109	1.52844
130	116	0.915949
130	118	0.901065
130	120	0.858784
130	121	0.910329
130	122	0.895197
130	124	0.890528
130	135	0.883464
130	144	1.65089
130	147	0.884479
130	153	0.896206
130	154	1.575
130	158	0.882283
130	159	0.877046
130	161	0.861964
130	162	0.887812
130	168	0.893061
130	170	1.41533
130	174	0.874757
130	176	0.879795
130	179	1.51529
131	11	0.849853
131	53	1.1602
131	66	0.847429
131	86	0.86207
131	95	1.32847
131	107	0.881285
131	114	0.863996
131	117	0.863574
131	120	1.5977
131	142	0.89545
131	146	0.889186
131	154	0.858466
131	156	0.880029
131	157	0.881608
131	158	1.54244
131	159	0.869705
131	161	1.76729
131	163	0.866024
131	164	0.887988
131	166	0.869549
131	167	0.871651
131	170	0.888029
131	171	0.875747
131	172	0.884728
131	174	1.54751
131	175	0.882174
131	177	0.881643
131	178	0.886813
131	179	0.877929
131	180	0.885075
132	25	0.901977
132	31	0.895531
132	43	0.863313
132	47	1.65144
132	66	0.838757
132	69	0.890234
132	78	1.48735
132	83	0.867577
132	85	1.76157
132	104	0.831569
132	107	0.872612
132	109	0.865372
132	114	0.855324
132	117	0.854901
132	126	0.874585
132	137	0.865524
132	147	1.37114
132	156	0.871356
132	158	1.48328
132	160	0.859889
132	163	0.857352
132	164	0.879316
132	165	0.850735
132	166	0.860877
132	170	0.879357
132	171	0.867074
132	174	1.48835
132	177	0.872971
132	178	0.87814
132	179	0.869257
132	180	0.876402
133	8	0.908004
133	18	1.65809
133	34	1.55353
133	42	0.839285
133	57	0.761385
133	67	1.79736
133	72	2.15433
133	97	2.13669
133	98	0.809101
133	106	0.806862
133	125	0.775386
133	129	0.84357
133	134	0.854548
133	136	0.839346
133	140	0.832756
133	141	0.834906
133	144	0.819916
133	145	0.853882
133	149	0.831939
133	151	0.848891
133	153	0.851727
133	158	0.837804
133	161	0.817485
133	166	0.832411
133	169	0.831678
133	170	0.850892
133	176	0.835316
133	177	0.844505
133	178	0.849675
133	179	0.840791
133	180	0.847937
134	10	0.854568
134	13	0.854411
134	14	3.58384
134	20	0.840327
134	46	0.888258
134	65	0.92715
134	75	0.919036
134	78	0.903903
134	93	0.868632
134	96	0.925471
134	105	0.898502
134	106	0.861608
134	107	1.38507
134	112	0.93873
134	113	0.886861
134	118	0.00205338
134	123	0.866663
134	126	1.05961
134	133	0.854548
134	136	0.894092
134	137	1.14147
134	138	0.891677
134	139	0.92651
134	140	0.887502
134	141	0.889652
134	144	0.874662
134	145	0.908627
134	149	0.886684
134	150	0.882713
134	155	0.896981
134	161	0.872231
134	173	1.47905
134	175	1.31995
135	24	0.91505
135	27	0.908669
135	48	0.876192
135	51	0.882077
135	58	0.847341
135	63	0.915012
135	74	1.821
135	82	0.872169
135	95	0.905824
135	102	1.70041
135	103	0.843699
135	111	0.873863
135	118	0.895768
135	120	0.853487
135	121	0.905032
135	123	1.54379
135	124	0.885232
135	126	0.885301
135	129	0.882752
135	130	0.883464
135	142	1.20341
135	143	1.33785
