1	113	0.904438
1	130	1.06962
1	136	1.06945
1	150	0.887148
1	155	1.07214
1	160	1.00251
1	167	1.10932
1	169	0.882587
1	170	1.10046
1	173	1.09423
1	176	1.09362
1	180	1.10408
2	38	1.06995
2	90	1.08507
2	126	0.970285
2	130	1.03332
2	144	1.05881
2	152	0.976199
2	159	0.832921
2	162	1.07585
2	165	1.07892
2	167	1.07302
2	173	1.05792
2	180	1.06778
3	28	1.11035
3	30	1.10996
3	55	1.13545
3	59	1.04082
3	71	0.426306
3	101	1.08356
3	108	1.05309
3	114	0.451124
3	143	0.929863
3	163	1.94684
3	175	1.13449
3	177	1.0021
4	24	0.867688
4	64	1.0325
4	97	1.07942
4	127	1.01583
4	134	0.97485
4	156	0.941434
4	158	0.909216
4	167	1.0244
4	173	1.00931
4	175	1.05765
4	178	0.781419
4	180	1.01916
5	46	2.17847
5	76	0.846398
5	92	0.867857
5	117	0.898238
5	119	0.87917
5	125	0.91385
5	132	0.907986
5	146	0.952266
5	164	0.84368
5	175	0.935562
5	178	0.659333
5	180	0.897077
6	30	0.312369
6	32	0.0655128
6	69	0.703665
6	98	1.20706
6	102	0.738913
6	103	1.31342
6	105	1.20277
6	135	1.12518
6	150	1.03276
6	160	1.2297
6	173	1.23983
6	180	1.24969
7	40	0.524768
7	93	1.21667
7	102	1.19416
7	110	1.2513
7	111	1.25129
7	117	1.22328
7	123	0.835431
7	127	1.21879
7	158	0.964835
7	159	0.570665
7	175	1.2606
7	178	0.984376
8	153	0.678089
8	155	1.17197
8	157	0.672546
8	162	1.21198
8	164	0.762125
8	165	1.21506
8	167	1.20915
8	170	1.20029
8	171	0.80702
8	173	1.19405
8	176	1.19345
8	180	1.20391
9	17	1.10275
9	60	1.15825
9	87	1.11506
9	88	1.12378
9	89	1.10713
9	97	1.15774
9	112	0.794665
9	124	1.30932
9	154	0.979759
9	157	0.697546
9	163	0.848161
9	177	1.00677
10	44	1.13079
10	85	0.952425
10	90	0.699883
10	114	1.07038
10	131	0.755581
10	150	0.919194
10	156	1.0584
10	160	1.11614
10	161	1.17139
10	162	0.570661
10	172	1.12779
10	179	1.05361
11	52	0.452246
11	99	0.519648
11	109	1.29743
11	121	1.22058
11	131	0.531726
11	145	1.13261
11	151	1.15531
11	158	1.1658
11	159	1.25607
11	174	1.17938
11	179	1.19323
11	180	0.396364
12	17	1.24762
12	87	1.25992
12	88	1.26865
12	89	1.252
12	97	1.30261
12	137	0.830358
12	145	0.768666
12	148	0.548899
12	151	0.788375
12	154	1.12463
12	163	0.993028
12	177	1.15164
13	17	0.563538
13	112	1.08938
13	142	1.08963
13	145	0.985972
13	148	1.11337
13	152	1.08659
13	159	1.10943
13	162	0.69626
13	166	1.08166
13	167	0.727204
13	168	0.998107
13	179	1.04659
14	87	1.13289
14	98	1.07588
14	105	1.07159
14	106	1.15746
14	141	0.707318
14	145	0.975374
14	154	0.997593
14	162	0.625222
14	166	1.07107
14	171	1.09489
14	173	0.68165
14	177	1.02461
15	57	1.23927
15	62	1.22266
15	70	1.16576
15	81	0.779588
15	104	1.15811
15	118	0.578402
15	158	0.86666
15	165	1.21543
15	170	1.20066
15	176	1.19382
15	177	0.683501
15	180	1.20428
16	19	1.14767
16	37	1.14774
16	42	1.23865
16	46	1.12802
16	51	1.08511
16	85	0.994318
16	98	1.11646
16	103	1.22282
16	105	1.11217
16	106	1.19804
16	135	0.801154
16	137	0.568312
16	154	0.849917
17	9	1.10275
17	12	1.24762
17	13	0.563538
17	34	0.879451
17	64	1.20423
17	76	0.739767
17	87	1.19625
17	88	1.20498
17	89	1.18833
17	97	1.23894
17	137	0.849987
17	163	0.92936
17	177	1.08797
18	47	1.11325
18	62	1.18583
18	96	0.728687
18	136	1.13283
18	144	1.15849
18	147	1.16365
18	149	0.673476
18	156	0.887365
18	170	1.16383
18	172	0.828482
18	173	1.1576
18	176	1.15699
18	180	1.16745
19	16	1.14767
19	37	1.15704
19	42	1.24795
19	51	1.09441
19	98	1.12576
19	103	1.23212
19	105	1.12147
19	106	1.20734
19	118	0.360545
19	133	1.0644
19	171	0.454155
19	174	0.561893
19	178	1.7597
20	41	0.827022
20	88	2.45213
20	103	0.970281
20	105	0.859635
20	106	0.945499
20	126	0.874814
20	156	0.828825
20	158	0.796606
20	168	0.77555
20	173	0.896698
20	176	0.896093
20	179	0.824036
20	180	0.906553
21	112	0.788243
21	132	1.17005
21	147	1.15534
21	152	0.769354
21	155	1.1272
21	159	0.626076
21	165	1.17029
21	167	1.16438
21	170	1.15553
21	173	1.14929
21	174	0.933335
21	176	1.14868
21	180	1.15914
22	56	1.20246
22	68	1.15017
22	99	1.13787
22	116	1.12328
22	146	0.598105
22	160	0.795534
22	161	0.758885
22	162	1.16553
22	167	1.1627
22	170	1.15384
22	174	0.967185
22	176	1.147
22	180	1.15746
23	27	0.63971
23	108	1.22647
23	120	1.22056
23	127	1.26605
23	128	1.10344
23	148	0.772741
23	164	0.762528
23	166	0.749419
23	175	1.30787
23	177	1.17548
23	178	1.03164
23	180	1.26938
24	4	0.867688
24	29	1.30809
24	106	0.99738
24	149	1.08911
24	153	0.992563
24	158	0.918383
24	161	1.0636
24	163	0.775813
24	171	1.0047
24	172	1.02
24	174	0.931961
24	178	0.790586
24	179	0.945813
25	75	0.580747
25	120	1.17566
25	136	1.18985
25	141	1.19215
25	144	1.21551
25	159	0.758505
25	163	0.971961
25	166	0.900022
25	167	1.22972
25	172	0.872372
25	176	1.21402
25	178	0.986735
25	180	1.22448
26	32	1.16653
26	55	1.21596
26	59	1.12133
26	73	1.1636
26	76	0.615375
26	101	1.16408
26	108	1.1336
26	131	1.13671
26	164	0.433923
26	169	0.294984
26	175	1.215
26	177	1.08261
26	178	1.78437
27	23	0.63971
27	64	0.216487
27	102	0.729038
27	137	1.14887
27	145	1.06485
27	149	1.26877
27	159	1.18831
27	160	1.18801
27	164	1.15459
27	168	1.07699
27	171	1.18437
27	176	0.601483
27	179	1.12547
28	3	1.11035
28	55	1.2336
28	59	1.13897
28	73	1.18124
28	101	1.18172
28	108	1.15125
28	109	0.395711
28	123	0.695728
28	124	1.10779
28	135	1.06965
28	168	0.923506
28	175	1.23264
28	177	1.10025
29	24	1.30809
29	83	0.370493
29	84	1.21172
29	104	1.11311
29	118	0.508452
29	151	0.806856
29	155	1.12733
29	165	1.17042
29	167	1.16451
29	170	1.15566
29	173	1.14942
29	176	1.14881
29	180	1.15927
30	3	1.10996
30	6	0.312369
30	32	1.18378
30	55	1.23321
30	73	1.18085
30	101	1.18133
30	108	1.15086
30	133	0.846308
30	143	1.02763
30	150	1.48386
30	172	0.384553
30	175	1.23225
30	177	1.09986
31	104	0.651525
31	150	1.01337
31	151	1.10987
31	156	1.15258
31	157	1.22634
31	164	1.17691
31	165	0.510966
31	167	0.448874
31	168	1.0993
31	169	1.25199
31	172	1.22197
31	173	0.474358
31	179	1.14779
32	6	0.0655128
32	26	1.16653
32	30	1.18378
32	55	1.20927
32	59	1.11464
32	73	1.1569
32	101	1.15738
32	108	1.12691
32	128	1.08844
32	163	1.61926
32	175	1.20831
32	177	1.07592
32	179	0.2838
33	96	0.687479
33	116	1.15862
33	125	1.20957
33	144	1.18383
33	147	1.18899
33	155	1.16085
33	159	0.673407
33	163	0.940276
33	171	0.872928
33	173	1.18294
33	176	1.18233
33	177	0.884417
33	180	1.19279
34	17	0.879451
34	42	0.669465
34	55	0.762634
34	127	1.0834
34	139	1.1027
34	143	0.920594
34	158	0.976785
34	162	1.09481
34	170	1.08311
34	172	1.0784
34	175	1.12522
34	178	0.848988
34	180	1.08673
35	104	1.14581
35	132	1.20289
35	138	0.781694
35	141	1.15966
35	155	1.16004
35	162	1.20006
35	164	0.757485
35	167	1.19722
35	170	1.18836
35	172	0.716726
35	178	0.954239
35	179	0.862829
35	180	1.19198
36	37	0.544557
36	49	1.04765
36	59	0.836806
36	89	0.769185
36	117	1.09369
36	127	1.0892
36	152	1.05001
36	173	1.08268
36	176	1.08207
36	177	0.998628
36	178	0.854788
36	179	1.01001
36	180	1.09253
37	16	1.14774
37	19	1.15704
37	36	0.544557
37	42	1.24801
37	51	1.09447
37	98	1.12583
37	103	1.23218
37	105	1.12154
37	106	1.2074
37	128	1.18297
37	133	1.06446
37	143	1.07066
37	166	0.259879
38	2	1.06995
38	83	0.633951
38	115	1.09843
38	136	1.14735
38	144	1.17301
38	155	1.15003
38	156	0.838749
38	161	0.764959
38	167	1.18722
38	175	1.22046
38	176	1.17152
38	177	0.87701
38	180	1.18198
39	56	0.493454
39	100	1.16095
39	131	0.605561
39	132	0.527167
39	134	1.14718
39	159	1.17182
39	161	1.22676
39	164	1.1381
39	171	1.16787
39	172	1.18317
39	174	1.09513
39	179	1.10898
39	180	0.470199
40	7	0.524768
40	121	1.14185
40	125	0.573568
40	144	0.598826
40	151	1.07658
40	160	1.17703
40	161	1.23228
40	166	1.14957
40	169	1.21871
40	172	1.18868
40	174	1.10065
40	176	0.523779
40	179	1.1145
41	20	0.827022
41	87	0.406642
41	113	1.12826
41	118	1.11804
41	130	0.946195
41	135	0.975767
41	142	1.0608
41	151	0.979844
41	159	1.0806
41	161	1.13554
41	171	1.07665
41	175	0.844984
41	179	1.01776
42	16	1.23865
42	19	1.24795
42	34	0.669465
42	37	1.24801
42	46	1.2283
42	51	1.18538
42	98	1.21674
42	103	1.32309
42	105	1.21245
42	106	1.29831
42	138	0.372537
42	157	0.25875
42	160	0.32931
42	178	1.69877
43	56	1.17453
43	79	0.825818
43	80	1.18117
43	115	1.04598
43	130	1.09507
43	139	0.77579
43	141	1.0972
43	155	1.09758
43	157	0.878965
43	165	1.14067
43	169	0.829605
43	173	1.11967
43	176	1.11907
43	180	1.12953
44	10	1.13079
44	129	1.16378
44	140	1.15726
44	142	1.13499
44	156	1.09674
44	158	1.06452
44	165	0.618062
44	168	1.04346
44	171	1.15084
44	172	1.16613
44	175	0.537704
44	176	0.558291
44	179	1.09195
44	180	0.574585
45	47	0.497819
45	50	0.413312
45	132	0.465532
45	134	1.26862
45	145	1.16979
45	151	1.1925
45	156	1.2352
45	159	1.29325
45	171	1.2893
45	172	1.3046
45	173	0.415433
45	174	1.21656
45	175	0.371683
45	179	1.23041
46	5	2.17847
46	16	1.12802
46	42	1.2283
46	51	1.07475
46	92	0.200887
46	98	1.10611
46	103	1.21246
46	105	1.10182
46	106	1.18768
46	124	1.00752
46	128	0.617073
46	131	1.10894
46	133	1.04474
46	154	0.28037
47	18	1.11325
47	45	0.497819
47	67	1.1197
47	76	1.0113
47	84	1.17806
47	130	1.09115
47	136	1.09098
47	144	1.11664
47	156	0.847975
47	162	1.13368
47	164	0.829851
47	173	1.11575
47	176	1.11515
47	180	1.12561
48	92	1.19116
48	95	1.18065
48	116	0.519587
48	129	1.20969
48	144	0.511286
48	146	1.27556
48	149	1.28115
48	156	1.14265
48	166	1.17293
48	170	0.434836
48	171	1.19675
48	172	1.21204
48	173	0.459403
48	176	0.43624
48	179	1.13786
49	36	1.04765
49	52	1.16842
49	65	0.99083
49	82	0.577055
49	93	0.851466
49	97	1.19198
49	106	0.423189
49	117	0.538443
49	140	1.11772
49	144	1.12596
49	168	1.00392
49	176	1.12446
49	177	1.04102
49	179	1.05241
49	180	1.13492
50	45	0.413312
50	116	1.19918
50	121	0.777514
50	123	0.855484
50	136	1.19873
50	155	1.20141
50	160	0.726325
50	163	0.980836
50	164	0.745344
50	167	1.23859
50	170	1.22973
50	173	1.2235
50	175	1.27184
50	176	1.22289
50	180	1.23335
51	16	1.08511
51	19	1.09441
51	37	1.09447
51	42	1.18538
51	46	1.07475
51	98	1.0632
51	103	1.16955
51	105	1.05891
51	106	1.14477
51	124	0.964612
51	131	1.06602
51	149	0.159156
51	163	1.65569
51	172	0.174121
51	178	1.56532
52	11	0.452246
52	49	1.16842
52	58	1.26328
52	89	1.21975
52	98	1.17067
52	105	1.16638
52	106	1.25225
52	138	0.820687
52	142	0.755543
52	146	0.580031
52	165	1.22445
52	176	1.20284
52	177	1.1194
52	179	0.901822
52	180	1.2133
53	56	0.708988
53	70	0.848609
53	106	0.191597
53	119	1.11469
53	125	0.719228
53	138	1.05264
53	142	1.09312
53	159	1.11292
53	160	1.11262
53	164	1.0792
53	166	1.08516
53	169	1.15429
53	171	1.10898
53	174	1.03623
53	179	1.05008
54	66	1.12338
54	69	1.08552
54	82	1.07415
54	93	1.10612
54	102	1.08361
54	110	1.14075
54	111	1.14074
54	117	1.11273
54	127	1.10824
54	133	1.08992
54	154	1.2422
54	169	0.529981
54	171	0.713815
54	175	1.15005
54	178	0.873822
55	3	1.13545
55	26	1.21596
55	28	1.2336
55	30	1.23321
55	32	1.20927
55	34	0.762634
55	73	1.20633
55	101	1.20681
55	108	1.17634
55	133	0.862492
55	154	1.01477
55	161	0.38583
55	175	1.25774
55	177	1.12535
55	179	0.546841
56	22	1.20246
56	39	0.493454
56	43	1.17453
56	53	0.708988
56	115	1.14126
56	134	0.711004
56	141	1.19249
56	147	1.22101
56	155	1.19287
56	161	0.708184
56	164	0.763851
56	170	1.22119
56	173	1.21496
56	176	1.21435
56	180	1.22481
57	15	1.23927
57	99	1.1952
57	115	1.13125
57	119	0.654398
57	120	1.16598
57	122	0.676468
57	130	1.18034
57	139	0.62444
57	161	0.761527
57	170	1.21118
57	173	1.20494
57	175	1.25328
57	176	1.20434
57	179	0.922537
57	180	1.2148
58	52	1.26328
58	60	1.28735
58	64	1.25213
58	79	0.387899
58	87	1.24416
58	88	1.25288
58	89	1.23623
58	97	1.28684
58	128	1.06384
58	148	0.164603
58	150	1.21293
58	158	0.393934
58	163	0.977265
58	177	1.13588
58	178	1.50483
59	3	1.04082
59	26	1.12133
59	28	1.13897
59	32	1.11464
59	36	0.836806
59	73	1.1117
59	101	1.11218
59	108	1.08171
59	131	1.08482
59	135	1.00011
59	154	1.13852
59	160	0.54622
59	168	0.903156
59	175	1.16311
59	177	1.03072
60	9	1.15825
60	58	1.28735
60	64	1.25973
60	87	1.25175
60	88	1.26048
60	89	1.24383
60	92	0.605484
60	97	1.29444
60	150	1.5275
60	154	1.11646
60	161	0.413292
60	163	0.984858
60	168	0.806877
60	169	0.330019
60	177	1.14347
61	69	1.17909
61	82	1.16773
61	93	1.19969
61	102	1.17718
61	110	1.23432
61	111	1.23431
61	117	1.2063
61	126	0.629445
61	127	1.20181
61	135	1.17122
61	150	0.988206
61	161	0.59104
61	171	0.691601
61	174	0.799339
61	175	1.24362
61	178	0.967394
62	15	1.22266
62	18	1.18583
62	125	1.21496
62	139	0.613283
62	143	1.03205
62	145	1.03602
62	153	0.722001
62	159	0.651411
62	162	1.20626
62	164	0.806037
62	165	1.20933
62	170	1.19457
62	173	1.18833
62	176	1.18772
62	178	0.960441
62	180	1.19818
63	86	0.51961
63	125	0.544801
63	129	1.21521
63	139	1.24187
63	146	1.28109
63	152	1.18338
63	156	1.14817
63	164	1.1725
63	167	0.492691
63	168	1.0949
63	171	1.20227
63	174	1.12953
63	176	0.495012
63	178	0.988156
63	179	1.14338
63	180	0.511305
64	4	1.0325
64	17	1.20423
64	27	0.216487
64	58	1.25213
64	60	1.25973
64	87	1.21653
64	88	1.22526
64	89	1.20861
64	97	1.25922
64	124	0.861506
64	128	1.03621
64	143	1.13698
64	154	1.08124
64	163	0.949638
64	171	0.3842
64	177	1.10825
65	49	0.99083
65	101	0.772137
65	142	0.996233
65	145	0.892573
65	149	1.09649
65	158	0.925763
65	159	1.01603
65	162	0.997207
65	166	0.988265
65	167	1.02815
65	168	0.904708
65	169	1.0574
65	171	1.01208
65	172	1.02738
65	174	0.939342
65	179	0.953193
66	54	1.12338
66	69	1.16556
66	82	1.1542
66	83	0.314436
66	93	1.18617
66	96	0.360556
66	102	1.16366
66	110	1.2208
66	111	1.22079
66	117	1.19278
66	127	1.18828
66	133	0.922106
66	135	1.02563
66	143	1.29878
66	175	1.2301
66	178	0.953872
67	47	1.1197
67	80	1.22554
67	92	0.934803
67	104	1.12773
67	107	1.12671
67	126	0.781015
67	129	0.787826
67	144	1.16493
67	149	0.602512
67	165	1.18504
67	167	1.17914
67	170	1.17028
67	172	0.757518
67	173	1.16404
67	176	1.16344
67	180	1.1739
68	22	1.15017
68	115	1.08896
68	125	1.18929
68	129	0.775653
68	134	0.733257
68	140	0.792654
68	144	1.16355
68	161	0.730438
68	162	1.18059
68	165	1.18366
68	167	1.17775
68	170	1.16889
68	171	0.830999
68	173	1.16266
68	176	1.16205
68	180	1.17251
69	6	0.703665
69	54	1.08552
69	61	1.17909
69	66	1.16556
69	82	1.11634
69	93	1.14831
69	102	1.1258
69	110	1.18294
69	111	1.18293
69	114	0.761699
69	117	1.15492
69	127	1.15042
69	138	0.840818
69	153	0.732573
69	175	1.19224
69	177	0.872993
69	178	0.916011
70	15	1.16576
70	53	0.848609
70	86	1.17897
70	115	1.05773
70	120	1.09246
70	139	0.710718
70	141	1.10896
70	147	1.13748
70	149	0.707706
70	159	0.748846
70	162	1.14936
70	165	1.15243
70	166	0.890362
70	167	1.14652
70	170	1.13766
70	173	1.13143
70	180	1.14128
71	3	0.426306
71	107	0.785594
71	110	0.365375
71	112	1.14825
71	139	1.20395
71	152	1.14546
71	156	1.11025
71	157	1.18402
71	158	1.07803
71	162	0.61131
71	164	1.13458
71	166	1.14054
71	171	1.16436
71	173	0.667738
71	174	1.09161
71	177	1.09408
71	179	1.10546
72	115	1.08554
72	141	1.13677
72	146	0.684078
72	147	1.16529
72	153	0.816489
72	154	1.04817
72	157	0.810947
72	161	0.844859
72	162	1.17717
72	165	1.18024
72	166	0.887416
72	167	1.17433
72	170	1.16547
72	173	1.15924
72	175	1.20758
72	178	0.931348
72	180	1.16909
73	26	1.1636
73	28	1.18124
73	30	1.18085
73	32	1.1569
73	55	1.20633
73	59	1.1117
73	101	1.15445
73	108	1.12398
73	135	1.04238
73	137	0.706751
73	140	0.421628
73	143	1.00075
73	156	0.433201
73	168	0.752996
73	175	1.20537
73	177	1.07298
73	178	1.76552
74	91	1.15718
74	96	0.717488
74	112	0.865583
74	130	1.12127
74	132	1.16664
74	144	1.14676
74	146	0.641595
74	162	1.1638
74	164	0.858042
74	165	1.16688
74	167	1.16097
74	170	1.15211
74	173	1.14587
74	176	1.14527
74	178	0.917984
74	179	0.963386
74	180	1.15573
75	25	0.580747
75	77	1.2807
75	79	1.2688
75	86	0.416515
75	107	0.532937
75	136	0.463459
75	153	1.2562
75	156	1.21424
75	157	1.288
75	158	1.18202
75	162	0.358653
75	164	1.23857
75	171	1.26834
75	174	1.1956
75	177	1.19806
75	179	1.20945
75	180	0.408211
76	5	0.846398
76	17	0.739767
76	26	0.615375
76	47	1.0113
76	142	1.08965
76	156	1.0514
76	160	1.10914
76	164	1.07573
76	166	1.08168
76	168	0.998123
76	169	1.15082
76	171	1.1055
76	172	1.12079
76	174	1.03276
76	176	0.905754
76	178	0.891382
76	179	1.04661
77	75	1.2807
77	119	1.15063
77	134	1.12423
77	152	1.12602
77	153	1.13277
77	156	1.09081
77	159	1.14886
77	165	0.599483
77	168	1.03753
77	169	1.19023
77	170	0.538308
77	172	1.16021
77	173	0.562876
77	174	1.07217
77	175	0.519125
77	176	0.539712
77	179	1.08602
78	132	0.588848
78	141	0.564417
78	148	1.17697
78	151	1.07227
78	153	1.15694
78	156	1.11498
78	157	1.18874
78	158	1.08276
78	159	1.17303
78	165	0.575357
78	166	1.14526
78	172	1.18437
78	173	0.538749
78	174	1.09634
78	175	0.494998
78	177	1.0988
78	179	1.11019
79	43	0.825818
79	58	0.387899
79	75	1.2688
79	83	1.2322
79	112	1.1169
79	113	1.18462
79	123	1.08996
79	145	1.0135
79	148	1.1409
79	155	0.661112
79	164	1.10324
79	166	1.10919
79	170	0.580172
79	171	1.13301
79	172	1.14831
79	174	1.06027
79	175	0.560989
80	43	1.18117
80	67	1.22554
80	113	0.648729
80	115	1.1479
80	121	0.797986
80	122	0.62509
80	136	1.19683
80	143	1.06531
80	147	1.22765
80	152	0.754468
80	153	0.68178
80	155	1.19951
80	162	1.23953
80	165	1.2426
80	173	1.2216
80	176	1.22099
80	179	0.871159
80	180	1.23145
81	15	0.779588
81	97	0.538705
81	100	1.03772
81	115	1.03458
81	118	1.08603
81	129	1.05758
81	142	1.02879
81	148	1.05253
81	152	1.02575
81	158	0.958322
81	161	1.10354
81	166	1.02082
81	168	0.937266
81	169	1.08996
81	171	1.04464
81	174	0.971901
81	175	0.856186
81	179	0.985752
82	49	0.577055
82	54	1.07415
82	61	1.16773
82	66	1.1542
82	69	1.11634
82	93	1.13695
82	102	1.11444
82	110	1.17158
82	111	1.17157
82	117	1.14355
82	121	0.432496
82	127	1.13906
82	150	0.925459
82	154	0.973603
82	163	1.84113
82	172	0.359566
82	175	1.18088
82	178	0.904648
83	29	0.370493
83	38	0.633951
83	66	0.314436
83	79	1.2322
83	115	0.695432
83	116	0.620975
83	123	1.1887
83	141	0.586458
83	153	1.2196
83	157	1.25141
83	159	1.23569
83	164	1.20197
83	168	1.12437
83	169	1.27706
83	171	1.23175
83	172	1.24704
83	178	1.01763
83	179	1.17285
84	29	1.21172
84	47	1.17806
84	95	0.619495
84	116	1.19808
84	147	1.22845
84	152	0.70072
84	155	1.20031
84	159	0.557442
84	162	1.24033
84	165	1.2434
84	168	1.04999
84	170	1.22863
84	172	0.671309
84	173	1.2224
84	176	1.22179
84	177	0.768453
84	178	0.994511
84	180	1.23225
85	10	0.952425
85	16	0.994318
85	94	0.971908
85	97	1.10391
85	101	0.983665
85	108	0.953194
85	111	1.22463
85	115	0.912554
85	145	0.852967
85	152	0.953586
85	161	1.03137
85	164	0.942707
85	165	1.00725
85	170	0.992484
85	175	1.03459
85	177	0.902201
85	179	0.913587
85	180	0.996104
86	63	0.51961
86	70	1.17897
86	75	0.416515
86	91	1.21895
86	94	1.19329
86	123	0.85904
86	130	1.18303
86	141	1.18517
86	152	0.737551
86	155	1.18555
86	158	0.988443
86	163	0.964973
86	167	1.22273
86	171	0.793794
86	173	1.20764
86	175	1.25598
86	176	1.20703
86	178	0.979747
86	180	1.21749
87	9	1.11506
87	12	1.25992
87	14	1.13289
87	17	1.19625
87	41	0.406642
87	58	1.24416
87	60	1.25175
87	64	1.21653
87	88	1.21729
87	89	1.20063
87	97	1.25124
87	129	0.254921
87	133	0.686368
87	150	1.32392
87	154	1.07326
87	161	0.209706
87	163	0.941665
87	177	1.10028
87	178	1.61582
88	9	1.12378
88	12	1.26865
88	17	1.20498
88	20	2.45213
88	58	1.25288
88	60	1.26048
88	64	1.22526
88	87	1.21729
88	89	1.20936
88	97	1.25997
88	128	1.03697
88	133	0.681069
88	137	0.551747
88	140	0.266623
88	154	1.08199
88	160	0.241055
88	163	0.950391
88	171	0.304969
88	177	1.109
89	9	1.10713
89	12	1.252
89	17	1.18833
89	36	0.769185
89	52	1.21975
89	58	1.23623
89	60	1.24383
89	64	1.20861
89	87	1.20063
89	88	1.20936
89	97	1.24332
89	113	0.380529
89	121	0.529787
89	134	0.444769
89	152	0.486268
89	154	1.06534
89	163	0.933738
89	177	1.09235
89	178	1.84806
90	2	1.08507
90	10	0.699883
90	115	1.11354
90	119	0.657464
90	125	1.21387
90	130	1.16264
90	131	1.15729
90	137	1.13797
90	141	1.16477
90	146	0.603812
90	155	1.16515
90	159	0.665633
90	162	1.20517
90	165	1.20824
90	167	1.20233
90	173	1.18724
90	177	0.876644
90	179	0.925603
90	180	1.19709
91	74	1.15718
91	86	1.21895
91	132	1.19217
91	136	1.14664
91	140	0.824343
91	142	0.776859
91	146	0.601346
91	147	1.17746
91	153	0.733757
91	154	1.06034
91	155	1.14932
91	156	0.835917
91	160	0.798775
91	162	1.18934
91	165	1.19241
91	167	1.1865
91	170	1.17764
91	176	1.1708
91	180	1.18126
92	5	0.867857
92	46	0.200887
92	48	1.19116
92	60	0.605484
92	67	0.934803
92	116	0.944175
92	139	1.16656
92	146	1.20577
92	150	0.933653
92	152	1.10807
92	156	1.07286
92	157	1.14662
92	160	1.1306
92	164	1.09719
92	169	1.17228
92	170	0.859424
92	171	1.12696
92	178	0.912841
92	179	1.06807
93	7	1.21667
93	49	0.851466
93	54	1.10612
93	61	1.19969
93	66	1.18617
93	69	1.14831
93	82	1.13695
93	102	1.1464
93	110	1.20354
93	111	1.20353
93	117	1.17552
93	121	0.706907
93	127	1.17103
93	150	0.957427
93	151	0.924426
93	168	1.01266
93	169	0.535798
93	172	0.633978
93	175	1.21284
93	178	0.936616
94	85	0.971908
94	86	1.19329
94	107	1.10842
94	114	0.822942
94	119	0.715056
94	125	1.17238
94	134	0.825004
94	144	1.14664
94	155	1.12367
94	159	0.723226
94	162	1.16368
94	165	1.16676
94	167	1.16085
94	169	0.738913
94	170	1.15199
94	173	1.14575
94	175	1.19409
94	176	1.14515
94	177	0.934236
94	180	1.15561
95	48	1.18065
95	84	0.619495
95	121	1.08491
95	134	1.09577
95	138	1.06012
95	144	0.706775
95	145	0.996943
95	147	0.686551
95	148	1.12434
95	151	1.01965
95	158	1.03013
95	159	1.1204
95	166	1.09264
95	169	1.16177
95	170	0.630325
95	172	1.13175
95	174	1.04371
95	179	1.05756
95	180	0.648022
96	18	0.728687
96	33	0.687479
96	66	0.360556
96	74	0.717488
96	109	1.20714
96	114	1.1197
96	122	1.18893
96	127	0.686099
96	142	1.14597
96	148	1.16971
96	152	1.14293
96	156	1.10772
96	160	1.16546
96	166	1.138
96	168	1.05445
96	169	1.20714
96	171	1.16182
96	174	1.08908
96	175	0.56316
96	179	1.10293
97	4	1.07942
97	9	1.15774
97	12	1.30261
97	17	1.23894
97	49	1.19198
97	58	1.28684
97	60	1.29444
97	64	1.25922
97	81	0.538705
97	85	1.10391
97	87	1.25124
97	88	1.25997
97	89	1.24332
97	124	0.908434
97	126	0.368972
97	128	1.07092
97	148	0.396446
97	154	1.11595
97	161	0.330567
97	163	0.984348
97	177	1.14296
98	6	1.20706
98	14	1.07588
98	16	1.11646
98	19	1.12576
98	37	1.12583
98	42	1.21674
98	46	1.10611
98	51	1.0632
98	52	1.17067
98	103	1.2009
98	105	1.09026
98	106	1.17612
98	124	0.995965
98	131	1.09738
98	133	1.03318
98	135	1.01276
98	137	0.779922
98	140	0.494798
98	150	1.54679
98	151	0.737938
98	166	0.475139
99	11	0.519648
99	22	1.13787
99	57	1.1952
99	120	1.11139
99	130	1.12576
99	141	1.12789
99	144	1.15125
99	146	0.647432
99	148	0.874092
99	150	0.94328
99	151	1.11357
99	155	1.12827
99	162	1.16829
99	163	0.907695
99	165	1.17136
99	167	1.16545
99	169	0.72494
99	170	1.15659
99	176	1.14975
99	179	0.969223
99	180	1.16021
100	39	1.16095
100	81	1.03772
100	114	1.08351
100	116	0.608211
100	119	1.13135
100	129	1.13857
100	131	0.67652
100	147	0.579686
100	149	1.21003
100	157	1.14529
100	160	1.12927
100	161	1.18452
100	164	1.09586
100	166	1.10181
100	168	1.01825
100	169	1.17095
100	171	1.12563
100	173	0.548028
100	175	0.504277
100	176	0.524864
100	179	1.06674
101	3	1.08356
101	26	1.16408
101	28	1.18172
101	30	1.18133
101	32	1.15738
101	55	1.20681
101	59	1.11218
101	65	0.772137
101	73	1.15445
101	85	0.983665
101	108	1.12446
101	129	0.455516
101	131	1.12757
101	135	1.04286
101	137	0.75764
101	143	1.00123
101	171	0.510862
101	175	1.20585
101	177	1.07346
101	178	1.81641
101	179	0.571311
102	6	0.738913
102	7	1.19416
102	27	0.729038
102	54	1.08361
102	61	1.17718
102	66	1.16366
102	69	1.1258
102	82	1.11444
102	93	1.1464
102	110	1.18103
102	111	1.18102
102	117	1.15301
102	127	1.14852
102	137	1.09273
102	138	0.876066
102	150	0.934916
102	153	0.767821
102	169	0.712918
102	171	0.896751
102	175	1.19033
102	178	0.914105
103	6	1.31342
103	16	1.22282
103	19	1.23212
103	20	0.970281
103	37	1.23218
103	42	1.32309
103	46	1.21246
103	51	1.16955
103	98	1.2009
103	105	1.19662
103	106	1.28248
103	124	1.10232
103	131	1.20373
103	133	1.13954
103	137	0.955283
103	139	0.470856
103	151	0.9133
103	166	0.650501
103	171	0.708505
103	172	0.622851
103	174	0.816243
104	15	1.15811
104	29	1.11311
104	31	0.651525
104	35	1.14581
104	67	1.12773
104	116	1.09946
104	128	0.967694
104	136	1.09901
104	140	0.931182
104	141	1.10131
104	144	1.12467
104	147	1.12983
104	149	0.728867
104	156	0.942756
104	161	0.868966
104	162	1.14171
104	163	0.881118
104	164	0.924632
104	170	1.13001
104	173	1.12378
104	176	1.12317
104	180	1.13363
105	6	1.20277
105	14	1.07159
105	16	1.11217
105	19	1.12147
105	20	0.859635
105	37	1.12154
105	42	1.21245
105	46	1.10182
105	51	1.05891
105	52	1.16638
105	98	1.09026
105	103	1.19662
105	106	1.17183
105	124	0.991675
105	131	1.09309
105	133	1.02889
105	135	0.818261
105	143	1.09142
105	154	0.867023
105	163	1.73455
105	171	0.338641
105	174	0.446379
106	14	1.15746
106	16	1.19804
106	19	1.20734
106	20	0.945499
106	24	0.99738
106	37	1.2074
106	42	1.29831
106	46	1.18768
106	49	0.423189
106	51	1.14477
106	52	1.25225
106	53	0.191597
106	98	1.17612
106	103	1.28248
106	105	1.17183
106	124	1.07754
106	128	1.15644
106	131	1.17895
106	133	1.11476
106	135	0.770975
106	150	1.305
106	157	0.156881
107	67	1.12671
107	71	0.785594
107	75	0.532937
107	94	1.10842
107	115	1.04906
107	116	1.09844
107	120	1.08379
107	123	0.975462
107	125	1.14939
107	132	1.14352
107	136	1.09799
107	141	1.10029
107	153	0.781285
107	155	1.10067
107	162	1.14069
107	170	1.12899
107	172	0.824562
107	173	1.12276
107	174	1.01795
107	176	1.12215
107	178	0.894871
107	180	1.13261
108	3	1.05309
108	23	1.22647
108	26	1.1336
108	28	1.15125
108	30	1.15086
108	32	1.12691
108	55	1.17634
108	59	1.08171
108	73	1.12398
108	85	0.953194
108	101	1.12446
108	113	0.373659
108	124	1.01295
108	131	1.09709
108	133	0.911742
108	135	1.01239
108	143	0.970757
108	152	0.479398
108	175	1.17538
108	177	1.04299
108	178	1.84119
108	179	0.59609
109	11	1.29743
109	28	0.395711
109	96	1.20714
109	121	1.14633
109	127	0.636777
109	136	0.605967
109	155	0.613961
109	156	1.12377
109	157	1.19753
109	158	1.09155
109	160	1.18151
109	164	1.1481
109	166	1.15405
109	167	0.532104
109	168	1.07049
109	169	1.22318
109	170	0.533021
109	171	1.17787
109	172	1.19316
109	174	1.10513
109	175	0.513838
109	178	0.96375
109	179	1.11898
110	7	1.2513
110	54	1.14075
110	61	1.23432
110	66	1.2208
110	69	1.18294
110	71	0.365375
110	82	1.17158
110	93	1.20354
110	102	1.18103
110	111	1.23816
110	112	0.452644
110	117	1.21015
110	127	1.20566
110	128	1.35508
110	137	1.14987
110	140	0.451652
110	143	1.24278
110	150	0.992057
110	154	1.01838
110	172	0.404344
110	175	1.24747
110	178	0.971246
111	7	1.25129
111	54	1.14074
111	61	1.23431
111	66	1.22079
111	69	1.18293
111	82	1.17157
111	85	1.22463
111	93	1.20353
111	102	1.18102
111	110	1.23816
111	117	1.21014
111	127	1.20565
111	137	1.14986
111	142	0.466017
111	150	0.992047
111	154	1.08023
111	160	0.487933
111	161	0.451285
111	168	0.84487
111	174	0.659585
111	175	1.24746
111	178	0.971236
112	9	0.794665
112	13	1.08938
112	21	0.788243
112	71	1.14825
112	74	0.865583
112	79	1.1169
112	110	0.452644
112	126	1.10833
112	135	1.01556
112	142	1.10059
112	145	0.996934
112	148	1.12433
112	159	1.12039
112	160	1.12009
112	161	1.17534
112	163	0.887554
112	164	1.08667
112	166	1.09263
112	167	0.729522
112	171	1.11645
112	174	1.0437
112	175	0.711255
112	179	1.05755
113	1	0.904438
113	41	1.12826
113	79	1.18462
113	80	0.648729
113	89	0.380529
113	108	0.373659
113	138	1.12783
113	140	1.19058
113	141	0.656045
113	152	1.16527
113	153	1.17202
113	159	1.18811
113	160	1.18781
113	161	1.24306
113	163	0.955274
113	166	1.16035
113	168	1.07679
113	171	1.18417
113	172	1.19946
113	173	0.630378
113	174	1.11142
113	179	1.12527
113	180	0.623508
114	3	0.451124
114	10	1.07038
114	69	0.761699
114	94	0.822942
114	96	1.1197
114	100	1.08351
114	115	0.827197
114	134	1.06974
114	146	1.16924
114	149	1.17483
114	152	1.07154
114	156	1.03633
114	157	1.11009
114	160	1.09407
114	164	1.06066
114	166	1.06661
114	167	0.667071
114	168	0.983053
114	169	1.13575
114	172	1.10572
114	174	1.01769
114	179	1.03154
114	180	0.685686
115	38	1.09843
115	43	1.04598
115	56	1.14126
115	57	1.13125
115	68	1.08896
115	70	1.05773
115	72	1.08554
115	80	1.1479
115	81	1.03458
115	83	0.695432
115	85	0.912554
115	90	1.11354
115	107	1.04906
115	114	0.827197
115	120	1.04743
115	126	0.864845
115	134	0.829259
115	147	1.09245
115	159	0.727481
115	162	1.10433
115	167	1.10149
115	176	1.08579
115	180	1.09625
116	22	1.12328
116	33	1.15862
116	48	0.519587
116	50	1.19918
116	83	0.620975
116	84	1.19808
116	92	0.944175
116	100	0.608211
116	104	1.09946
116	107	1.09844
116	120	1.09681
116	132	1.15654
116	144	1.13666
116	153	0.723613
116	155	1.11369
116	157	0.71807
116	158	1.04719
116	162	1.1537
116	167	1.15087
116	170	1.14201
116	175	1.18411
116	176	1.13517
116	178	0.907884
116	180	1.14563
117	5	0.898238
117	7	1.22328
117	36	1.09369
117	49	0.538443
117	54	1.11273
117	61	1.2063
117	66	1.19278
117	69	1.15492
117	82	1.14355
117	93	1.17552
117	102	1.15301
117	110	1.21015
117	111	1.21014
117	122	0.220988
117	127	1.17764
117	137	1.12184
117	143	1.15939
117	150	0.964033
117	151	0.611403
117	154	0.934991
117	163	1.80252
117	171	0.406609
117	175	1.21945
117	178	0.943222
118	15	0.578402
118	19	0.360545
118	29	0.508452
118	41	1.11804
118	81	1.08603
118	121	1.1424
118	129	1.18688
118	140	1.18036
118	151	1.07714
118	152	1.15505
118	155	0.755123
118	159	1.17789
118	160	1.17759
118	164	1.14417
118	165	0.735358
118	167	0.673266
118	168	1.06657
118	169	1.21926
118	170	0.674183
118	172	1.18924
118	174	1.1012
118	177	1.10367
118	178	0.959827
118	179	1.11505
119	5	0.87917
119	53	1.11469
119	57	0.654398
119	77	1.15063
119	90	0.657464
119	94	0.715056
119	100	1.13135
119	125	0.611295
119	129	1.15121
119	132	0.634768
119	138	1.08193
119	146	1.21709
119	151	1.04147
119	152	1.11938
119	153	1.12613
119	155	0.641042
119	158	1.05195
119	160	1.14191
119	161	1.19717
119	166	1.11445
119	169	1.18359
119	172	1.15357
119	174	1.06553
119	179	1.07938
119	180	0.5778
120	23	1.22056
120	25	1.17566
120	57	1.16598
120	70	1.09246
120	99	1.11139
120	107	1.08379
120	115	1.04743
120	116	1.09681
120	129	0.839815
120	132	1.14189
120	136	1.09636
120	149	0.6545
120	152	0.838918
120	155	1.09904
120	156	0.868389
120	162	1.13906
120	166	0.837156
120	167	1.13622
120	170	1.12736
120	173	1.12113
120	176	1.12052
120	177	0.90665
120	178	0.893241
120	179	0.95561
120	180	1.13098
121	11	1.22058
121	40	1.14185
121	50	0.777514
121	80	0.797986
121	82	0.432496
121	89	0.529787
121	93	0.706907
121	95	1.08491
121	109	1.14633
121	118	1.1424
121	134	1.08032
121	143	0.958499
121	146	1.17983
121	148	1.1089
121	149	1.18541
121	151	1.00421
121	153	1.08887
121	157	1.12067
121	158	1.01469
121	161	1.1599
121	162	0.723207
121	169	1.14633
121	171	1.10101
121	172	1.11631
121	180	0.772766
122	57	0.676468
122	80	0.62509
122	96	1.18893
122	117	0.220988
122	133	1.07929
122	139	1.19925
122	144	0.658623
122	146	1.23847
122	148	1.16754
122	149	1.24406
122	153	1.14751
122	157	1.17932
122	159	1.16361
122	160	1.1633
122	161	1.21855
122	162	0.550311
122	165	0.643347
122	166	1.13584
122	169	1.20497
122	171	1.15966
122	172	1.17495
122	176	0.583576
122	177	1.08938
122	178	0.945538
122	179	1.10076
122	180	0.59987
123	7	0.835431
123	28	0.695728
123	50	0.855484
123	79	1.08996
123	83	1.1887
123	86	0.85904
123	107	0.975462
123	124	0.97192
123	133	1.00914
123	135	0.988624
123	145	0.969994
123	150	0.896199
123	153	1.07736
123	157	1.10917
123	158	1.00318
123	159	1.09345
123	161	1.1484
123	164	1.05973
123	166	1.06569
123	168	0.982129
123	169	1.13482
123	171	1.08951
123	174	1.01676
123	178	0.875388
123	179	1.03061
123	180	0.850736
124	9	1.30932
124	28	1.10779
124	46	1.00752
124	51	0.964612
124	64	0.861506
124	97	0.908434
124	98	0.995965
124	103	1.10232
124	105	0.991675
124	106	1.07754
124	108	1.01295
124	123	0.97192
124	128	0.872652
124	150	0.821661
124	155	1.00665
124	158	0.928646
124	159	1.01892
124	160	1.01861
124	161	1.07386
124	169	1.06028
124	170	1.03497
124	173	1.02874
124	176	1.02813
124	178	0.800849
124	179	0.956076
124	180	1.03859
125	5	0.91385
125	33	1.20957
125	40	0.573568
125	53	0.719228
125	62	1.21496
125	63	0.544801
125	68	1.18929
125	90	1.21387
125	94	1.17238
125	107	1.14939
125	119	0.611295
125	132	1.20749
125	141	1.16425
125	142	0.733156
125	147	1.19277
125	154	1.07566
125	155	1.16464
125	158	1.01363
125	160	0.755072
125	162	1.20465
125	163	0.944061
125	165	1.20772
125	166	0.760981
125	170	1.19296
125	176	1.18612
125	180	1.19658
126	2	0.970285
126	20	0.874814
126	61	0.629445
126	67	0.781015
126	97	0.368972
126	112	1.10833
126	115	0.864845
126	134	1.10375
126	136	0.778581
126	139	1.16404
126	141	0.755871
126	142	1.10859
126	145	1.00493
126	151	1.02764
126	152	1.10555
126	156	1.07034
126	157	1.1441
126	159	1.12839
126	160	1.12808
126	161	1.18333
126	164	1.09467
126	168	1.01706
126	169	1.16976
126	172	1.13973
126	174	1.0517
126	178	0.910322
126	179	1.06555
127	4	1.01583
127	7	1.21879
127	23	1.26605
127	34	1.0834
127	36	1.0892
127	54	1.10824
127	61	1.20181
127	66	1.18828
127	69	1.15042
127	82	1.13906
127	93	1.17103
127	96	0.686099
127	102	1.14852
127	109	0.636777
127	110	1.20566
127	111	1.20565
127	117	1.17764
127	129	0.816202
127	137	1.11735
127	146	0.610207
127	150	0.959542
127	151	1.07634
127	157	0.737075
127	169	0.687715
127	175	1.21496
127	178	0.938731
127	179	0.931997
128	23	1.10344
128	32	1.08844
128	37	1.18297
128	46	0.617073
128	58	1.06384
128	64	1.03621
128	88	1.03697
128	97	1.07092
128	104	0.967694
128	106	1.15644
128	110	1.35508
128	124	0.872652
128	149	1.07464
128	151	0.893434
128	156	0.936136
128	161	1.04913
128	163	0.761347
128	165	1.02501
128	167	1.0191
128	169	1.03555
128	172	1.00553
128	173	1.00401
128	176	1.0034
128	177	0.919961
128	178	0.77612
128	179	0.931347
128	180	1.01386
129	44	1.16378
129	48	1.20969
129	63	1.21521
129	67	0.787826
129	68	0.775653
129	81	1.05758
129	87	0.254921
129	100	1.13857
129	101	0.455516
129	118	1.18688
129	119	1.15121
129	120	0.839815
129	127	0.816202
129	138	1.08915
129	152	1.1266
129	157	1.16515
129	158	1.05917
129	159	1.14944
129	162	0.680586
129	163	0.916601
129	164	1.11572
129	166	1.12167
129	168	1.03812
129	169	1.19081
129	171	1.14549
129	174	1.07275
129	179	1.0866
129	180	0.730144
130	1	1.06962
130	2	1.03332
130	41	0.946195
130	43	1.09507
130	47	1.09115
130	57	1.18034
130	74	1.12127
130	86	1.18303
130	90	1.16264
130	99	1.12576
130	137	1.08623
130	141	1.11302
130	144	1.13638
130	147	1.14154
130	154	1.02443
130	155	1.11341
130	157	0.715346
130	164	0.804925
130	165	1.1565
130	166	0.791815
130	167	1.15059
130	169	0.665986
130	172	0.764165
130	173	1.13549
130	174	0.957558
130	176	1.13489
130	177	0.861309
130	180	1.14535
131	10	0.755581
131	11	0.531726
131	26	1.13671
131	39	0.605561
131	46	1.10894
131	51	1.06602
131	59	1.08482
131	90	1.15729
131	98	1.09738
131	100	0.67652
131	101	1.12757
131	103	1.20373
131	105	1.09309
131	106	1.17895
131	108	1.09709
131	143	0.973867
131	147	1.1362
131	153	0.791921
131	156	0.894081
131	158	1.1155
131	162	1.14808
131	165	1.15115
131	167	1.14524
131	169	0.737019
131	175	1.17849
131	176	1.12954
131	177	1.0461
131	180	1.14
132	5	0.907986
132	21	1.17005
132	35	1.20289
132	39	0.527167
132	45	0.465532
132	74	1.16664
132	78	0.588848
132	91	1.19217
132	107	1.14352
132	116	1.15654
132	119	0.634768
132	120	1.14189
132	125	1.20749
132	147	1.18691
132	150	0.973782
132	154	1.0698
132	155	1.15877
132	162	1.19879
132	165	1.20186
132	168	1.13548
132	169	0.658625
132	170	1.18709
132	171	0.842459
132	173	1.18086
132	174	0.950197
132	175	1.2292
132	176	1.18025
132	177	0.853948
132	178	0.95297
132	180	1.19071
133	19	1.0644
133	30	0.846308
133	37	1.06446
133	46	1.04474
133	54	1.08992
133	55	0.862492
133	66	0.922106
133	87	0.686368
133	88	0.681069
133	98	1.03318
133	103	1.13954
133	105	1.02889
133	106	1.11476
133	108	0.911742
133	122	1.07929
133	123	1.00914
133	158	0.965866
133	162	1.08389
133	164	1.02242
133	165	1.08696
133	166	1.02837
133	167	1.08105
133	168	0.94481
133	169	1.0975
133	170	1.07219
133	173	1.06596
133	176	1.06535
133	178	0.838069
133	179	0.993295
133	180	1.07581
134	4	0.97485
134	39	1.14718
134	45	1.26862
134	56	0.711004
134	68	0.733257
134	77	1.12423
134	89	0.444769
134	94	0.825004
134	95	1.09577
134	114	1.06974
134	115	0.829259
134	121	1.08032
134	126	1.10375
134	138	1.05553
134	148	1.11976
134	153	1.09973
134	155	0.750991
134	156	1.05776
134	157	1.13153
134	158	1.02555
134	160	1.11551
134	161	1.17076
134	164	1.0821
134	166	1.08805
134	171	1.11187
134	172	1.12716
134	175	0.650867
134	176	0.671454
134	178	0.897749
134	179	1.05298
135	6	1.12518
135	16	0.801154
135	28	1.06965
135	41	0.975767
135	59	1.00011
135	61	1.17122
135	66	1.02563
135	73	1.04238
135	98	1.01276
135	101	1.04286
135	105	0.818261
135	106	0.770975
135	108	1.01239
135	112	1.01556
135	123	0.988624
135	139	1.07127
135	148	1.03956
135	150	0.838365
135	153	1.01953
135	155	1.02336
135	157	1.05133
135	165	1.06644
135	173	1.04544
135	175	1.09378
135	176	1.04484
135	177	0.961394
135	178	0.817554
135	180	1.0553
136	1	1.06945
136	18	1.13283
136	25	1.18985
136	38	1.14735
136	47	1.09098
136	50	1.19873
136	75	0.463459
136	80	1.19683
136	91	1.14664
136	104	1.09901
136	107	1.09799
136	109	0.605967
136	120	1.09636
136	126	0.778581
136	141	1.11285
136	145	1.02582
136	149	0.600078
136	155	1.11324
136	158	1.03539
136	160	0.776825
136	162	1.15325
136	165	1.15633
136	166	0.782734
136	167	1.15042
136	170	1.14156
136	173	1.13532
136	175	1.18366
136	176	1.13472
136	178	0.907436
136	179	0.901187
136	180	1.14518
137	12	0.830358
137	16	0.568312
137	17	0.849987
137	27	1.14887
137	73	0.706751
137	88	0.551747
137	90	1.13797
137	98	0.779922
137	101	0.75764
137	102	1.09273
137	103	0.955283
137	110	1.14987
137	111	1.14986
137	117	1.12184
137	127	1.11735
137	130	1.08623
137	151	1.00025
137	153	1.08492
137	165	1.13183
137	167	1.12592
137	168	0.989681
137	170	1.11706
137	171	1.09706
137	173	1.11083
137	175	1.15917
137	176	1.11022
137	177	1.02678
137	178	0.88294
137	179	1.03817
137	180	1.12068
138	35	0.781694
138	42	0.372537
138	52	0.820687
138	53	1.05264
138	69	0.840818
138	95	1.06012
138	102	0.876066
138	113	1.12783
138	119	1.08193
138	129	1.08915
138	134	1.05553
138	139	1.11581
138	140	1.08263
138	146	1.15503
138	149	1.16062
138	151	0.97941
138	152	1.05732
138	153	1.06407
138	155	0.828047
138	156	1.02211
138	157	1.09587
138	160	1.07986
138	161	1.13511
138	164	1.04644
138	166	1.0524
138	167	0.74619
138	168	0.968837
138	170	0.747107
138	172	1.09151
138	174	1.00347
138	177	1.00594
138	179	1.01732
139	34	1.1027
139	43	0.77579
139	57	0.62444
139	62	0.613283
139	63	1.24187
139	70	0.710718
139	71	1.20395
139	92	1.16656
139	103	0.470856
139	122	1.19925
139	126	1.16404
139	135	1.07127
139	138	1.11581
139	140	1.17857
139	147	0.58637
139	149	1.25655
139	151	1.07535
139	152	1.15326
139	157	1.19181
139	159	1.1761
139	164	1.14238
139	165	0.591319
139	166	1.14833
139	168	1.06477
139	169	1.21747
139	171	1.17215
139	172	1.18745
139	174	1.09941
139	175	0.51096
139	176	0.531548
139	178	0.958034
139	179	1.11326
139	180	0.547841
140	44	1.15726
140	49	1.11772
140	68	0.792654
140	73	0.421628
140	88	0.266623
140	91	0.824343
140	98	0.494798
140	104	0.931182
140	110	0.451652
140	113	1.19058
140	118	1.18036
140	138	1.08263
140	139	1.17857
140	142	1.12312
140	146	1.21779
140	149	1.22337
140	151	1.04217
140	153	1.12683
140	156	1.08487
140	157	1.15863
140	159	1.14292
140	160	1.14261
140	161	1.19786
140	164	1.1092
140	167	0.72853
140	168	1.03159
140	169	1.18429
140	171	1.13897
140	172	1.15427
140	173	0.754015
140	174	1.06623
140	177	1.06869
140	179	1.08008
140	180	0.747145
141	14	0.707318
141	25	1.19215
141	35	1.15966
141	43	1.0972
141	56	1.19249
141	70	1.10896
141	72	1.13677
141	78	0.564417
141	83	0.586458
141	86	1.18517
141	90	1.16477
141	99	1.12789
141	104	1.10131
141	107	1.10029
141	113	0.656045
141	125	1.16425
141	126	0.755871
141	130	1.11302
141	136	1.11285
141	142	0.732198
141	144	1.13852
141	147	1.14368
141	158	1.01268
141	159	0.618507
141	162	1.15555
141	163	0.894963
141	165	1.15863
141	170	1.14386
141	173	1.13763
141	174	0.925766
141	175	1.18596
141	176	1.13702
141	179	0.878476
141	180	1.14748
142	13	1.08963
142	41	1.0608
142	44	1.13499
142	52	0.755543
142	53	1.09312
142	65	0.996233
142	76	1.08965
142	81	1.02879
142	91	0.776859
142	96	1.14597
142	111	0.466017
142	112	1.10059
142	125	0.733156
142	126	1.10859
142	140	1.12312
142	141	0.732198
142	145	0.99719
142	147	0.738189
142	148	1.12459
142	153	1.10456
142	159	1.12065
142	160	1.12034
142	161	1.1756
142	164	1.08693
142	165	0.743138
142	166	1.09288
142	168	1.00932
142	171	1.1167
142	172	1.132
142	174	1.04396
142	175	0.662779
142	176	0.683367
142	177	1.04642
