1	69	1.03736
1	74	0.998278
1	83	1.01908
1	86	1.01901
1	124	0.939979
1	145	1.16651
1	149	0.977756
1	155	1.07248
1	157	0.980138
1	172	0.992656
1	173	1.07978
1	174	0.924049
2	27	0.951764
2	81	1.04098
2	135	1.07645
2	139	0.971933
2	143	1.0325
2	153	1.01788
2	154	1.01783
2	158	1.05265
2	173	0.918792
2	174	1.08978
2	176	1.03382
2	179	1.00376
3	17	0.984232
3	37	1.06739
3	45	1.05525
3	54	1.00758
3	63	1.06994
3	79	0.984686
3	120	0.99016
3	148	0.961093
3	157	1.03373
3	169	1.02082
3	170	1.01552
3	179	1.01778
4	84	1.0352
4	111	1.03301
4	114	1.07505
4	115	1.11179
4	116	0.991096
4	123	1.03
4	126	1.01733
4	148	0.902652
4	149	1.05486
4	163	0.991107
4	167	0.944928
4	168	1.01743
5	20	1.15709
5	24	0.689084
5	102	1.24044
5	141	1.13887
5	144	1.20635
5	150	0.84782
5	156	1.24362
5	161	0.907979
5	168	1.21338
5	169	0.816189
5	175	0.902158
5	177	0.88642
6	10	0.941865
6	56	0.986678
6	70	0.808009
6	85	0.901265
6	97	0.901304
6	100	0.903755
6	104	0.929836
6	135	1.08028
6	141	1.34538
6	145	0.828365
6	151	1.24011
6	175	1.30017
7	52	1.01701
7	64	1.07559
7	70	0.956284
7	85	1.04954
7	97	1.04958
7	104	1.07811
7	117	0.984297
7	145	0.97664
7	149	1.09812
7	169	1.00564
7	170	1.00034
7	173	0.917638
8	35	1.04372
8	119	0.999318
8	130	1.01756
8	135	1.07096
8	139	0.966443
8	146	0.977443
8	151	0.969334
8	153	1.01239
8	158	1.04716
8	160	0.987053
8	174	1.08428
8	175	1.0294
9	25	0.969792
9	27	0.967283
9	119	1.02033
9	129	0.924184
9	130	1.03857
9	149	1.04967
9	153	1.0334
9	158	1.06817
9	174	1.10529
9	177	1.02743
9	179	0.954158
9	180	1.04925
10	6	0.941865
10	64	1.07913
10	97	1.05312
10	100	1.05557
10	104	1.08165
10	119	0.945072
10	139	1.0078
10	145	0.980181
10	160	0.989067
10	162	1.02991
10	171	1.06796
10	176	0.972471
11	17	0.983459
11	33	1.06901
11	45	1.05447
11	55	1.00875
11	63	1.06917
11	79	0.983913
11	128	1.01348
11	138	1.03118
11	157	1.03295
11	163	1.02681
11	173	0.910085
11	176	1.02512
12	33	1.06565
12	45	1.05111
12	54	1.00344
12	55	1.00539
12	63	1.0658
12	79	0.980551
12	113	0.904476
12	120	0.98296
12	151	1.03953
12	157	1.02959
12	167	0.996169
12	177	1.08386
13	38	1.14926
13	61	0.845956
13	96	0.941615
13	112	0.921879
13	122	0.919171
13	130	0.918832
13	141	0.819318
13	144	0.886798
13	157	1.15079
13	158	0.948436
13	159	1.31687
13	178	1.34656
14	91	0.950269
14	112	0.887119
14	113	0.93358
14	122	0.884411
14	124	1.19866
14	128	1.29952
14	130	0.884072
14	135	1.15021
14	150	1.31576
14	156	0.889309
14	158	0.913676
14	168	0.85907
15	58	1.06603
15	107	1.23145
15	133	1.16015
15	140	1.17796
15	160	0.916239
15	166	0.898215
15	172	0.942814
15	176	0.905796
15	177	0.896696
15	178	0.853604
15	179	0.924458
15	180	0.862541
16	21	0.715306
16	87	0.996616
16	89	1.02476
16	99	0.946389
16	137	0.913473
16	165	1.04977
16	166	1.02098
16	170	1.05466
16	172	1.06558
16	178	0.97637
16	179	1.04722
16	180	0.985308
17	3	0.984232
17	11	0.983459
17	24	0.931185
17	33	1.01352
17	37	1.01112
17	54	0.951305
17	55	0.953253
17	79	0.928414
17	141	1.18947
17	157	0.977454
17	161	1.15008
17	171	1.18081
17	174	0.956887
18	46	1.02938
18	66	0.998231
18	77	1.07343
18	90	0.944034
18	146	1.00783
18	156	0.957535
18	171	0.962028
18	175	0.967367
18	176	0.989759
18	177	0.980659
18	178	0.937567
18	179	1.00842
18	180	0.946504
19	107	0.964761
19	108	0.981338
19	113	0.958007
19	127	0.95274
19	131	0.988121
19	133	0.974693
19	134	0.957792
19	137	1.0038
19	140	0.973598
19	163	1.09588
19	166	1.10073
19	176	1.09418
19	180	1.15921
20	5	1.15709
20	24	0.989408
20	91	1.00905
20	102	0.94491
20	112	0.945904
20	122	0.943195
20	144	0.910823
20	147	1.06869
20	158	0.972461
20	168	0.917855
20	173	1.02851
20	179	1.11347
20	180	1.20857
21	16	0.715306
21	22	1.14051
21	61	1.13853
21	130	1.2114
21	154	0.8091
21	158	1.24101
21	160	0.841688
21	162	0.882526
21	165	0.835442
21	168	1.1864
21	171	0.920583
21	174	1.27813
22	21	1.14051
22	26	0.920923
22	68	0.971036
22	96	0.976041
22	102	0.955312
22	117	1.0375
22	122	0.953597
22	156	0.958496
22	165	1.09623
22	168	0.928257
22	176	1.08588
22	177	1.12908
22	179	1.05581
23	25	1.03946
23	81	1.12616
23	135	1.16164
23	139	1.05712
23	151	0.871075
23	153	1.10307
23	158	1.13784
23	160	0.888794
23	164	0.883407
23	170	0.839868
23	171	0.967688
23	174	1.17496
23	178	0.995634
24	5	0.689084
24	17	0.931185
24	20	0.989408
24	72	0.820122
24	80	0.772809
24	100	0.882164
24	166	1.11475
24	172	1.15935
24	176	1.12233
24	177	1.11323
24	178	1.07014
24	179	1.14099
24	180	1.07908
25	9	0.969792
25	23	1.03946
25	81	0.973306
25	128	1.07944
25	129	1.03104
25	130	0.955376
25	139	0.904263
25	153	0.950208
25	158	0.98498
25	159	1.18482
25	173	0.976047
25	174	1.0221
25	177	1.13428
26	22	0.920923
26	61	0.918939
26	68	1.00959
26	91	1.05801
26	96	1.0146
26	141	0.892301
26	150	1.07838
26	158	1.02142
26	168	0.966813
26	171	1.16927
26	174	0.945351
26	176	1.07378
26	180	1.13881
27	2	0.951764
27	9	0.967283
27	81	0.970797
27	130	0.952868
27	132	1.0241
27	135	1.00627
27	141	1.19637
27	153	0.9477
27	158	0.982471
27	162	1.14965
27	170	1.05989
27	173	0.977187
27	174	1.0196
28	46	0.9667
28	67	0.987316
28	74	0.945405
28	83	0.966206
28	86	0.96614
28	98	0.993518
28	138	1.1084
28	149	0.924883
28	155	1.01961
28	162	1.15976
28	173	1.02691
28	174	0.973902
28	180	1.16736
29	32	0.997919
29	43	0.996839
29	80	0.982007
29	94	0.965406
29	95	0.964247
29	105	0.979016
29	121	0.945081
29	125	0.975615
29	150	1.08165
29	165	1.08739
29	169	1.05002
29	170	1.04471
29	180	1.14207
30	42	0.977166
30	56	1.00117
30	60	0.991095
30	64	0.941812
30	97	0.915799
30	100	0.91825
30	104	0.944331
30	138	1.15033
30	139	0.870482
30	145	0.84286
30	148	1.05751
30	159	1.23801
30	166	1.15082
30	180	1.20929
31	84	0.931763
31	93	1.06919
31	103	0.884021
31	111	0.929566
31	114	0.971612
31	115	1.26407
31	123	0.926561
31	126	0.913892
31	132	0.948811
31	142	1.14337
31	145	1.25573
31	155	0.97811
31	157	1.06936
31	168	0.913985
32	29	0.997919
32	43	1.11093
32	44	0.981477
32	65	0.965612
32	92	1.0247
32	95	1.07834
32	101	1.03071
32	105	1.09311
32	124	0.916513
32	125	1.08971
32	128	1.01737
32	132	0.960889
32	157	0.956672
32	176	1.02901
33	11	1.06901
33	12	1.06565
33	17	1.01352
33	54	1.03686
33	55	1.03881
33	63	1.09922
33	79	1.01397
33	152	0.996962
33	154	0.932528
33	157	1.06301
33	163	0.950218
33	172	0.888699
33	175	1.00746
33	178	1.07196
34	53	0.962738
34	69	0.985584
34	74	0.946498
34	83	0.967299
34	86	0.967233
34	115	1.16499
34	149	0.925975
34	152	1.09106
34	155	1.0207
34	157	0.970276
34	159	1.13636
34	173	1.028
34	176	1.04261
35	8	1.04372
35	61	1.18816
35	102	1.09044
35	121	1.09609
35	155	1.01961
35	160	0.955399
35	165	0.966164
35	171	0.917225
35	175	0.922564
35	176	0.944956
35	177	0.935856
35	178	0.892764
35	179	0.963618
35	180	0.901702
36	107	0.917037
36	118	0.932743
36	120	1.09026
36	131	0.940396
36	133	0.926969
36	134	0.910067
36	136	0.928857
36	137	0.956074
36	140	0.925873
36	142	1.14962
36	146	1.15493
36	152	1.19639
36	156	0.959811
36	180	1.21297
37	3	1.06739
37	17	1.01112
37	45	1.08213
37	54	1.03446
37	55	1.03641
37	63	1.09683
37	76	0.974106
37	79	1.01157
37	124	0.88501
37	145	1.11154
37	146	1.00449
37	150	1.00211
37	157	1.06061
37	174	0.86908
38	13	1.14926
38	56	0.901456
38	62	1.04619
38	109	0.944619
38	139	0.994079
38	147	1.04982
38	159	0.94652
38	162	0.973902
38	171	0.958915
38	175	0.964254
38	176	0.986647
38	177	0.977547
38	180	0.943392
39	47	0.96137
39	92	1.03608
39	101	1.04209
39	106	1.09698
39	121	1.07056
39	125	1.10109
39	144	1.04743
39	151	1.04643
39	162	1.04775
39	165	1.00067
39	167	0.94584
39	169	0.963295
39	170	0.95799
39	172	0.9305
40	73	1.02359
40	107	0.912108
40	109	0.935957
40	127	0.900087
40	133	0.92204
40	134	0.905139
40	136	0.923928
40	140	0.920945
40	151	1.1855
40	156	0.954882
40	157	1.11428
40	166	1.19318
40	172	1.1268
40	176	1.18662
41	42	0.826359
41	46	0.874004
41	70	1.02228
41	86	0.847272
41	103	0.926549
41	161	1.04803
41	163	1.06815
41	168	0.855716
41	170	1.08652
41	171	1.03269
41	176	1.06042
41	178	1.00823
41	179	1.07908
41	180	1.01717
42	30	0.977166
42	41	0.826359
42	56	1.1593
42	70	0.980631
42	97	1.07393
42	100	1.07638
42	104	1.10246
42	124	0.896671
42	139	1.02861
42	145	1.00099
42	166	1.01572
42	174	0.880741
42	177	1.05238
42	178	1.1326
43	29	0.996839
43	32	1.11093
43	89	1.02178
43	101	1.02963
43	110	1.06102
43	121	1.0581
43	125	1.08863
43	135	0.8285
43	148	0.902695
43	151	1.03397
43	159	1.08319
43	172	0.929631
43	175	1.04839
43	180	1.05448
44	32	0.981477
44	76	1.14757
44	92	0.89416
44	94	0.948964
44	101	0.900172
44	106	0.95506
44	110	0.931564
44	121	0.928639
44	125	0.959173
44	129	1.11094
44	151	0.90451
44	153	1.13201
44	160	1.18757
44	162	1.22841
45	3	1.05525
45	11	1.05447
45	12	1.05111
45	37	1.08213
45	55	1.02427
45	63	1.08468
45	79	0.999428
45	157	1.04847
45	160	1.01572
45	162	1.05656
45	167	0.954647
45	173	0.884097
45	174	0.870699
45	180	1.06416
46	18	1.02938
46	28	0.9667
46	41	0.874004
46	53	0.991524
46	67	1.01719
46	74	0.975284
46	83	0.996085
46	86	0.996019
46	149	0.954762
46	155	1.04949
46	163	1.05851
46	166	1.06337
46	170	1.02448
46	173	1.05679
46	175	1.11576
47	39	0.96137
47	89	0.860835
47	92	0.862675
47	95	0.91632
47	105	0.931089
47	110	0.900079
47	113	1.16005
47	120	1.23854
47	121	0.897154
47	125	0.927688
47	144	0.874026
47	151	0.873025
47	173	1.18119
47	179	1.26616
47	180	1.36125
48	62	0.987711
48	71	0.936906
48	113	0.89974
48	118	1.01714
48	127	0.989417
48	133	1.01137
48	134	0.994469
48	136	1.01326
48	137	1.04048
48	140	1.01028
48	146	1.0429
48	161	1.10068
48	166	1.04247
48	170	1.00358
48	178	1.15935
49	52	0.973121
49	96	1.03427
49	102	1.01354
49	112	1.01453
49	122	1.01183
49	141	0.911974
49	148	0.956322
49	151	1.04195
49	156	1.01673
49	158	1.04109
49	161	1.10784
49	163	1.04478
49	165	1.05343
49	168	0.986486
49	176	1.04308
50	89	0.963014
50	94	1.01966
50	95	1.0185
50	101	0.970865
50	106	1.02575
50	110	1.00226
50	121	0.999332
50	125	1.02987
50	138	1.06896
50	151	0.975203
50	163	1.06459
50	164	1.0741
50	165	1.07324
50	167	1.01841
50	173	0.947862
51	108	1.00329
51	109	1.01057
51	127	0.974696
51	131	1.01008
51	133	0.996649
51	134	0.979748
51	136	0.998537
51	137	1.02575
51	140	0.995554
51	147	0.965861
51	150	1.04531
51	161	1.10547
51	163	1.04241
51	173	0.925678
51	178	1.16414
52	7	1.01701
52	49	0.973121
52	64	1.006
52	85	0.979948
52	91	1.05198
52	102	0.987837
52	104	1.00852
52	119	1.02865
52	142	1.05772
52	158	1.01539
52	160	1.07264
52	165	1.0664
52	168	0.960781
52	170	1.02372
52	172	0.996225
53	34	0.962738
53	46	0.991524
53	67	1.01214
53	69	1.00932
53	83	0.991031
53	86	0.990965
53	141	1.13513
53	147	0.956133
53	149	0.949707
53	150	1.03558
53	154	1.01499
53	155	1.04443
53	163	1.03268
53	173	1.05174
53	177	1.07419
54	3	1.00758
54	12	1.00344
54	17	0.951305
54	33	1.03686
54	37	1.03446
54	55	0.976597
54	63	1.03701
54	79	0.951758
54	142	1.06143
54	147	0.984912
54	149	1.12521
54	157	1.0008
54	164	1.07097
54	173	0.944729
54	176	1.05976
55	11	1.00875
55	12	1.00539
55	17	0.953253
55	33	1.03881
55	37	1.03641
55	45	1.02427
55	54	0.976597
55	79	0.953707
55	143	1.06502
55	157	1.00275
55	160	1.08294
55	166	1.0729
55	169	1.03932
55	173	0.951319
55	179	1.03628
56	6	0.986678
56	30	1.00117
56	38	0.901456
56	42	1.1593
56	60	1.17323
56	70	1.00464
56	97	1.09793
56	100	1.10038
56	124	0.862827
56	139	1.05262
56	145	1.02499
56	150	0.97993
56	159	1.06907
56	161	1.04009
56	174	0.846897
56	179	0.945261
57	59	1.02915
57	75	0.939933
57	87	0.916421
57	93	1.07779
57	114	0.996609
57	116	0.912651
57	123	0.951558
57	126	0.938889
57	129	1.09026
57	132	0.973808
57	155	1.00311
57	168	0.938982
57	172	1.09048
57	174	1.02187
57	176	1.1503
57	180	1.21533
58	15	1.06603
58	62	1.04055
58	93	0.887246
58	108	1.07086
58	127	1.04226
58	128	0.94811
58	131	1.07764
58	134	1.04731
58	136	1.0661
58	137	1.09332
58	140	1.06312
58	151	0.958625
58	156	1.09705
58	164	0.970958
58	165	0.970098
58	173	0.844719
59	57	1.02915
59	84	1.08209
59	88	1.03938
59	103	1.03435
59	114	1.12194
59	116	1.03798
59	126	1.06422
59	135	0.791971
59	155	1.12844
59	159	1.04666
59	168	1.06432
59	170	0.920592
59	173	0.837892
59	177	0.996128
59	178	1.07636
59	180	1.01795
60	30	0.991095
60	56	1.17323
60	70	0.994559
60	85	1.08782
60	97	1.08785
60	100	1.09031
60	104	1.11639
60	113	0.842178
60	139	1.04254
60	142	0.980026
60	145	1.01492
60	146	0.985337
60	153	0.939387
60	165	0.988701
60	174	0.849923
60	178	1.10179
61	13	0.845956
61	21	1.13853
61	26	0.918939
61	35	1.18816
61	91	1.01747
61	96	0.974057
61	112	0.954321
61	122	0.951613
61	135	0.953949
61	144	0.919241
61	149	1.18035
61	156	0.956511
61	163	1.1166
61	168	0.926272
61	174	0.986472
61	180	1.17993
62	38	1.04619
62	48	0.987711
62	58	1.04055
62	117	0.970574
62	118	0.951055
62	127	0.923328
62	131	0.958709
62	132	1.05194
62	133	0.945281
62	134	0.92838
62	136	0.947169
62	140	0.944186
62	153	1.08109
62	159	1.2138
62	160	1.13665
62	167	1.07558
63	3	1.06994
63	11	1.06917
63	12	1.0658
63	33	1.09922
63	37	1.09683
63	45	1.08468
63	54	1.03701
63	79	1.01412
63	93	0.882166
63	119	0.927269
63	138	0.960735
63	145	1.0687
63	153	0.915704
63	157	1.06316
63	167	0.910188
63	180	1.0197
64	7	1.07559
64	10	1.07913
64	30	0.941812
64	52	1.006
64	70	0.945276
64	85	1.03853
64	97	1.03857
64	100	1.04102
64	104	1.0671
64	115	1.09016
64	128	0.956141
64	141	1.07193
64	145	0.965632
64	153	0.928815
64	162	1.02521
64	167	0.923299
64	178	1.09122
65	32	0.965612
65	72	0.910853
65	130	0.921782
65	139	1.00455
65	156	0.921566
65	158	0.865996
65	167	1.06058
65	168	0.975126
65	170	1.0496
65	171	0.995774
65	172	1.06052
65	175	1.00111
65	176	1.02351
65	177	1.01441
65	178	0.971313
65	179	1.04217
65	180	0.980251
66	18	0.998231
66	98	0.916849
66	108	1.02316
66	109	1.03043
66	118	1.02229
66	127	0.994563
66	129	0.965623
66	131	1.02994
66	133	1.01652
66	134	0.999615
66	136	1.0184
66	137	1.04562
66	140	1.01542
66	149	1.09111
66	157	0.953322
66	162	1.08309
66	165	1.03601
67	28	0.987316
67	46	1.01719
67	53	1.01214
67	69	1.03499
67	74	0.995899
67	83	1.0167
67	86	1.01663
67	117	1.0126
67	132	0.99285
67	135	0.900021
67	149	0.975377
67	155	1.0701
67	169	1.03395
67	170	1.02864
67	172	1.00115
67	173	1.07741
67	175	1.11992
68	22	0.971036
68	26	1.00959
68	102	1.04398
68	112	1.04497
68	122	1.04227
68	141	0.942413
68	144	1.00989
68	146	1.03686
68	147	0.955025
68	151	1.02875
68	156	1.04716
68	157	0.957532
68	158	1.07153
68	166	1.03643
68	168	1.01693
68	177	1.07308
68	179	0.999807
69	1	1.03736
69	34	0.985584
69	53	1.00932
69	67	1.03499
69	74	0.993075
69	76	0.950142
69	83	1.01388
69	86	1.01381
69	149	0.972553
69	155	1.06728
69	159	1.06729
69	161	1.03831
69	165	0.983893
69	172	0.913723
69	173	1.07458
69	178	1.09698
69	180	1.03857
70	6	0.808009
70	7	0.956284
70	41	1.02228
70	42	0.980631
70	56	1.00464
70	60	0.994559
70	64	0.945276
70	85	0.919225
70	100	0.921715
70	104	0.947795
70	124	1.09259
70	139	0.873946
70	145	0.846325
70	148	1.11833
70	170	1.17276
70	178	1.32853
70	180	1.27012
71	48	0.936906
71	81	0.94001
71	82	0.924544
71	134	0.877574
71	135	0.975488
71	137	0.923581
71	139	0.870968
71	140	0.893381
71	152	1.20753
71	153	0.916913
71	158	0.951685
71	163	1.16079
71	166	1.16564
71	169	1.13206
71	170	1.12676
71	171	1.25458
71	174	0.988809
72	24	0.820122
72	65	0.910853
72	73	1.16384
72	109	1.07621
72	118	1.06807
72	127	1.04034
72	131	1.07573
72	133	1.0623
72	136	1.06419
72	137	1.0914
72	140	1.0612
72	142	0.975928
72	156	1.09514
72	165	0.984602
72	167	0.929772
72	169	0.947228
72	173	0.859222
72	177	1.01746
73	40	1.02359
73	72	1.16384
73	108	1.07713
73	109	1.0844
73	127	1.04853
73	134	1.05359
73	136	1.07238
73	137	1.09959
73	138	0.930987
73	140	1.06939
73	146	0.931906
73	149	0.990369
73	152	0.973363
73	156	1.10333
73	161	0.989685
73	171	1.02041
73	174	0.796492
73	179	0.894856
74	1	0.998278
74	28	0.945405
74	34	0.946498
74	46	0.975284
74	67	0.995899
74	69	0.993075
74	83	0.97479
74	86	0.974724
74	129	0.984295
74	145	1.15837
74	149	0.933467
74	155	1.02819
74	157	0.971994
74	163	1.04603
74	164	1.05554
74	173	1.03549
74	175	1.10328
74	178	1.16777
75	57	0.939933
75	84	0.992876
75	88	0.950163
75	90	1.04301
75	99	1.00877
75	103	0.945134
75	116	0.948767
75	117	1.07843
75	123	0.987674
75	126	0.975005
75	135	0.965847
75	148	1.04004
75	153	1.08783
75	155	1.03922
75	166	1.13335
75	167	1.08232
75	168	0.975098
75	169	1.09977
76	37	0.974106
76	44	1.14757
76	69	0.950142
76	83	0.996164
76	118	1.04701
76	158	0.905994
76	160	0.99525
76	162	0.972062
76	163	0.992531
76	168	1.01512
76	169	1.01834
76	172	1.02183
76	175	0.962414
76	176	0.984807
76	177	0.975707
76	178	0.932615
76	179	1.00347
76	180	0.941552
77	18	1.07343
77	84	0.974873
77	90	1.025
77	98	0.992049
77	99	0.990765
77	103	0.927131
77	111	0.972676
77	114	1.01472
77	120	1.04317
77	123	0.969672
77	126	0.957002
77	132	0.991921
77	135	0.93991
77	155	1.02122
77	161	1.16563
77	168	0.957095
77	175	1.1598
77	179	1.0708
78	87	1.04633
78	88	1.04396
78	90	1.1368
78	111	1.08447
78	113	0.818691
78	114	1.12652
78	116	1.04256
78	119	0.927464
78	123	1.08147
78	126	1.0688
78	132	1.10372
78	152	1.00331
78	165	0.965213
78	168	1.06889
78	170	0.922534
78	175	1.01381
78	176	0.954864
78	179	0.9248
79	3	0.984686
79	11	0.983913
79	12	0.980551
79	17	0.928414
79	33	1.01397
79	37	1.01157
79	45	0.999428
79	54	0.951758
79	55	0.953707
79	63	1.01412
79	98	0.968392
79	128	1.06557
79	157	0.977908
79	159	1.17095
79	166	1.08376
79	174	0.948777
79	178	1.20064
79	179	1.04714
80	24	0.772809
80	29	0.982007
80	85	1.04634
80	97	1.04637
80	100	1.04883
80	101	1.0148
80	104	1.07491
80	110	1.04619
80	121	1.04327
80	125	1.0738
80	139	1.00106
80	144	1.02014
80	154	0.910947
80	156	1.27285
80	163	0.928637
80	164	0.938149
80	171	1.02243
80	177	0.970146
80	180	0.991969
81	2	1.04098
81	23	1.12616
81	25	0.973306
81	27	0.970797
81	71	0.94001
81	115	1.09558
81	120	0.915518
81	130	1.04208
81	135	1.09549
81	139	0.990967
81	153	1.03691
81	158	1.07168
81	162	1.03064
81	165	0.983557
81	170	0.940877
81	172	0.913387
81	174	1.10881
81	175	1.03215
81	177	1.01641
82	71	0.924544
82	107	0.989076
82	108	1.00565
82	109	1.01293
82	124	1.06581
82	127	0.977055
82	129	0.978102
82	131	1.01244
82	133	0.999008
82	134	0.982107
82	136	1.0009
82	137	1.02811
82	140	0.997913
82	148	0.951384
82	164	1.04935
82	165	1.04849
82	170	1.00581
82	175	1.09708
82	176	1.03814
82	178	1.16158
83	1	1.01908
83	28	0.966206
83	34	0.967299
83	46	0.996085
83	53	0.991031
83	67	1.0167
83	69	1.01388
83	74	0.97479
83	76	0.996164
83	86	0.995525
83	143	1.01824
83	149	0.954268
83	152	1.06801
83	154	1.00357
83	155	1.04899
83	171	1.11506
83	173	1.0563
83	175	1.07851
83	176	1.01957
83	179	0.989501
84	4	1.0352
84	31	0.931763
84	59	1.08209
84	75	0.992876
84	77	0.974873
84	87	0.969363
84	103	0.96196
84	111	1.00751
84	120	0.992976
84	123	1.0045
84	126	0.991831
84	141	1.15482
84	147	0.975818
84	155	1.05605
84	166	1.05722
84	168	0.991924
84	172	0.990845
84	173	0.935635
84	176	1.05067
84	178	1.1741
85	6	0.901265
85	7	1.04954
85	52	0.979948
85	60	1.08782
85	64	1.03853
85	70	0.919225
85	80	1.04634
85	97	1.01252
85	98	0.949775
85	100	1.01497
85	104	1.04105
85	119	1.03119
85	135	0.897637
85	139	0.967202
85	143	1.05726
85	145	0.93958
85	151	1.05746
85	161	1.12335
85	178	1.18202
85	179	1.02852
86	1	1.01901
86	28	0.96614
86	34	0.967233
86	41	0.847272
86	46	0.996019
86	53	0.990965
86	67	1.01663
86	69	1.01381
86	74	0.974724
86	83	0.995525
86	115	1.15246
86	147	0.955235
86	149	0.954202
86	151	1.02896
86	155	1.04893
86	161	1.09485
86	165	1.04043
86	173	1.05623
86	177	1.07329
86	180	1.09511
87	16	0.996616
87	57	0.916421
87	78	1.04633
87	84	0.969363
87	88	0.926651
87	90	1.01949
87	99	0.985255
87	103	0.921621
87	111	0.967166
87	114	1.00921
87	115	1.22878
87	116	0.925254
87	117	1.05803
87	124	0.993905
87	126	0.951492
87	151	1.10528
87	155	1.01571
87	167	1.06192
87	168	0.951585
87	175	1.16535
87	179	1.07634
88	59	1.03938
88	75	0.950163
88	78	1.04396
88	87	0.926651
88	99	0.982882
88	103	0.919248
88	111	0.964793
88	114	1.00684
88	116	0.922881
88	123	0.961788
88	126	0.949119
88	128	1.0849
88	132	0.984038
88	141	1.20069
88	149	1.16199
88	167	1.05206
88	168	0.949212
88	169	1.06952
88	172	1.03672
88	174	0.968115
88	175	1.15549
89	16	1.02476
89	43	1.02178
89	47	0.860835
89	50	0.963014
89	93	1.06205
89	94	0.990346
89	95	0.989187
89	101	0.941554
89	105	1.00396
89	106	0.996442
89	110	0.972946
89	121	0.970021
89	125	1.00055
89	132	1.06643
89	144	0.946893
89	146	1.14154
89	147	1.0597
89	151	0.945892
89	160	1.15115
89	169	1.10753
89	172	1.07473
90	18	0.944034
90	75	1.04301
90	77	1.025
90	78	1.1368
90	87	1.01949
90	93	0.898962
90	99	1.07572
90	103	1.01209
90	111	1.05764
90	116	1.01572
90	120	0.913775
90	123	1.05463
90	126	1.04196
90	132	1.07688
90	159	1.06521
90	164	0.982673
90	168	1.04205
90	173	0.856434
90	175	1.03041
90	178	1.0949
90	179	0.9414
91	14	0.950269
91	20	1.00905
91	26	1.05801
91	52	1.05198
91	61	1.01747
91	122	1.09069
91	130	1.09035
91	141	0.990833
91	144	1.05831
91	151	0.97368
91	154	0.958812
91	156	1.09558
91	157	0.902465
91	158	1.11995
91	161	1.03957
91	165	0.985153
91	168	1.06535
91	171	1.07029
91	174	0.846376
91	176	0.974804
91	177	1.01801
92	32	1.0247
92	39	1.03608
92	44	0.89416
92	47	0.862675
92	95	0.991026
92	98	0.997427
92	101	0.943393
92	105	1.0058
92	106	0.998281
92	110	0.974785
92	121	0.97186
92	125	1.00239
92	132	1.03812
92	144	0.948732
92	145	1.22027
92	151	0.947731
92	166	1.11279
92	172	1.04642
92	173	0.991209
92	177	1.14945
92	180	1.17127
93	31	1.06919
93	57	1.07779
93	58	0.887246
93	63	0.882166
93	89	1.06205
93	90	0.898962
93	95	0.946336
93	109	0.945986
93	130	0.912679
93	161	0.998653
93	162	0.9983
93	164	1.02404
93	165	1.03225
93	167	1.04812
93	169	1.04458
93	170	1.03714
93	172	1.04806
93	176	1.01105
93	177	1.00194
93	178	0.958852
93	179	1.02971
93	180	0.96779
94	29	0.965406
94	44	0.948964
94	50	1.01966
94	89	0.990346
94	95	1.04583
94	101	0.998197
94	105	1.0606
94	106	1.05309
94	110	1.02959
94	121	1.02666
94	125	1.0572
94	135	0.888438
94	144	1.00354
94	148	0.962632
94	150	1.05399
94	151	1.00254
94	152	1.09783
94	153	1.01042
94	160	1.06598
94	169	1.02236
94	176	1.04939
94	179	1.01932
95	29	0.964247
95	32	1.07834
95	47	0.91632
95	50	1.0185
95	89	0.989187
95	92	0.991026
95	93	0.946336
95	94	1.04583
95	105	1.05944
95	106	1.05193
95	121	1.02551
95	125	1.05604
95	128	1.0072
95	138	1.0249
95	143	1.01751
95	144	1.00238
95	146	1.02582
95	151	1.00138
95	162	1.07627
95	163	1.02054
95	169	0.991814
95	176	1.01884
96	13	0.941615
96	22	0.976041
96	26	1.0146
96	49	1.03427
96	61	0.974057
96	102	1.04899
96	112	1.04998
96	120	0.958975
96	122	1.04727
96	128	1.00503
96	138	1.02273
96	141	0.947419
96	144	1.0149
96	145	1.1307
96	148	0.929908
96	150	1.02127
96	156	1.05217
96	157	0.944325
96	158	1.07654
96	161	1.08143
96	168	1.02193
96	175	1.07561
97	6	0.901304
97	7	1.04958
97	10	1.05312
97	30	0.915799
97	42	1.07393
97	56	1.09793
97	60	1.08785
97	64	1.03857
97	80	1.04637
97	85	1.01252
97	100	1.01501
97	117	1.00721
97	139	0.967241
97	143	1.05426
97	145	0.939619
97	147	0.980734
97	164	1.06679
97	166	1.06213
97	167	1.0111
97	170	1.02325
97	173	0.94055
97	179	1.02552
98	28	0.993518
98	66	0.916849
98	77	0.992049
98	79	0.968392
98	85	0.949775
98	92	0.997427
98	107	1.01635
98	112	0.925444
98	131	0.915653
98	161	1.00439
98	162	1.00404
98	164	1.02977
98	165	1.03799
98	167	1.05386
98	170	1.04288
98	171	0.989049
98	172	1.0538
98	175	0.994388
98	176	1.01678
98	178	0.964588
98	179	1.03544
98	180	0.973525
99	16	0.946389
99	75	1.00877
99	77	0.990765
99	87	0.985255
99	88	0.982882
99	90	1.07572
99	103	0.977853
99	111	1.0234
99	113	0.920003
99	114	1.06544
99	116	0.981486
99	123	1.02039
99	126	1.00772
99	153	1.01721
99	155	1.07194
99	157	0.983836
99	160	1.07277
99	161	1.12094
99	162	1.11361
99	168	1.00782
99	174	0.927748
99	179	1.02611
100	6	0.903755
100	10	1.05557
100	24	0.882164
100	30	0.91825
100	42	1.07638
100	56	1.10038
100	60	1.09031
100	64	1.04102
100	70	0.921715
100	80	1.04883
100	85	1.01497
100	97	1.01501
100	104	1.04354
100	139	0.969692
100	146	1.04328
100	148	0.949539
100	152	1.08474
100	157	0.963956
100	160	1.05289
100	164	1.0475
100	169	1.00927
100	175	1.09524
101	32	1.03071
101	39	1.04209
101	43	1.02963
101	44	0.900172
101	50	0.970865
101	80	1.0148
101	89	0.941554
101	92	0.943393
101	94	0.998197
101	105	1.01181
101	106	1.00429
101	110	0.980797
101	119	0.992607
101	121	0.977873
101	124	0.907509
101	142	1.02168
101	144	0.954744
101	145	1.13404
101	153	0.981042
101	158	1.31035
101	177	1.06321
101	179	0.989942
101	180	1.08504
102	5	1.24044
102	20	0.94491
102	22	0.955312
102	35	1.09044
102	49	1.01354
102	52	0.987837
102	68	1.04398
102	96	1.04899
102	112	1.02925
102	122	1.02654
102	128	1.00554
102	130	1.0262
102	143	1.01585
102	144	0.99417
102	147	0.942331
102	156	1.03144
102	158	1.05581
102	161	1.08194
102	164	1.02839
102	167	0.972697
102	168	1.0012
102	172	0.957357
102	174	0.888749
102	179	0.987113
103	31	0.884021
103	41	0.926549
103	59	1.03435
103	75	0.945134
103	77	0.927131
103	84	0.96196
103	87	0.921621
103	88	0.919248
103	90	1.01209
103	99	0.977853
103	111	0.959764
103	114	1.00181
103	123	0.956759
103	126	0.944089
103	143	1.10803
103	146	1.11634
103	149	1.17481
103	152	1.1578
103	154	1.09337
103	155	1.00831
103	165	1.11971
103	168	0.944183
103	177	1.15256
103	179	1.07929
104	6	0.929836
104	7	1.07811
104	10	1.08165
104	30	0.944331
104	42	1.10246
104	52	1.00852
104	60	1.11639
104	64	1.0671
104	70	0.947795
104	80	1.07491
104	85	1.04105
104	100	1.04354
104	124	0.916768
104	132	0.961144
104	139	0.995772
104	145	0.968151
104	148	0.94251
104	150	1.03387
104	154	1.01327
104	160	1.04586
104	162	1.0867
104	167	0.984786
104	171	1.12476
104	174	0.900838
105	29	0.979016
105	32	1.09311
105	47	0.931089
105	89	1.00396
105	92	1.0058
105	94	1.0606
105	95	1.05944
105	101	1.01181
105	106	1.0667
105	110	1.0432
105	121	1.04027
105	125	1.07081
105	142	0.992757
105	144	1.01715
105	150	0.995687
105	151	1.01615
105	154	0.975089
105	162	1.04851
105	163	0.992779
105	172	0.931261
105	173	0.876051
105	175	1.05003
105	177	1.03429
105	178	1.11452
106	39	1.09698
106	44	0.95506
106	50	1.02575
106	89	0.996442
106	92	0.998281
106	94	1.05309
106	95	1.05193
106	101	1.00429
106	105	1.0667
106	110	1.03569
106	121	1.03276
106	125	1.06329
106	132	0.94389
106	141	1.11616
106	144	1.00963
106	150	1.01662
106	151	1.00863
106	152	1.06045
106	154	0.99602
106	169	0.984987
106	172	0.952191
106	174	0.883584
106	179	0.981948
106	180	1.07704
107	15	1.23145
107	19	0.964761
107	36	0.917037
107	40	0.912108
107	82	0.989076
107	98	1.01635
107	108	0.965653
107	109	0.972925
107	118	0.964783
107	119	1.09777
107	127	0.937055
107	131	0.972436
107	133	0.959008
107	134	0.942107
107	135	0.964216
107	136	0.960897
107	137	0.988114
107	140	0.957913
107	141	1.22932
107	143	1.12384
107	151	1.12404
107	156	0.991851
107	170	1.09284
107	173	1.01014
108	19	0.981338
108	51	1.00329
108	58	1.07086
108	66	1.02316
108	73	1.07713
108	82	1.00565
108	107	0.965653
108	118	0.981359
108	131	0.989013
108	132	0.968768
108	133	0.975585
108	134	0.958684
108	136	0.977473
108	137	1.00469
108	140	0.97449
108	145	1.15092
108	149	1.10234
108	156	1.00843
108	164	1.0481
108	165	1.04724
108	169	1.00986
108	172	0.977069
108	174	0.908461
108	175	1.09583
108	180	1.10192
109	38	0.944619
109	40	0.935957
109	51	1.01057
109	66	1.03043
109	72	1.07621
109	73	1.0844
109	82	1.01293
109	93	0.945986
109	107	0.972925
109	118	0.988631
109	127	0.960904
109	131	0.996285
109	133	0.982857
109	134	0.965956
109	136	0.984745
109	137	1.01196
109	140	0.981762
109	143	1.01716
109	151	1.01736
109	159	1.11223
109	163	1.02019
109	166	1.02504
109	169	0.991464
109	171	1.11398
109	178	1.14192
110	43	1.06102
110	44	0.931564
110	47	0.900079
110	50	1.00226
110	80	1.04619
110	89	0.972946
110	92	0.974785
110	94	1.02959
110	101	0.980797
110	105	1.0432
110	106	1.03569
110	121	1.00926
110	125	1.0398
110	135	0.919865
110	144	0.986136
110	147	1.00597
110	150	1.08542
110	151	0.985135
110	154	1.06482
110	157	1.00848
110	164	1.09203
110	167	1.03634
110	169	1.05379
110	172	1.021
110	177	1.12402
111	4	1.03301
111	31	0.929566
111	77	0.972676
111	78	1.08447
111	84	1.00751
111	87	0.967166
111	88	0.964793
111	90	1.05764
111	99	1.0234
111	103	0.959764
111	116	0.963397
111	123	1.0023
111	126	0.989634
111	145	1.15234
111	149	1.10375
111	153	0.99934
111	154	1.02231
111	155	1.05385
111	164	1.04951
111	165	1.04865
111	168	0.989728
111	169	1.01128
111	170	1.00597
111	172	0.978484
111	176	1.0383
112	13	0.921879
112	14	0.887119
112	20	0.945904
112	49	1.01453
112	61	0.954321
112	68	1.04497
112	96	1.04998
112	98	0.925444
112	102	1.02925
112	113	1.07671
112	122	1.02754
112	130	1.0272
112	138	1.04032
112	141	0.927684
112	143	1.03293
112	151	1.03313
112	153	0.995292
112	156	1.03243
112	158	1.0568
112	160	1.05085
112	161	1.09902
112	168	1.0022
112	171	1.12975
112	174	0.905828
112	178	1.15769
113	12	0.904476
113	14	0.93358
113	19	0.958007
113	47	1.16005
113	48	0.89974
113	60	0.842178
113	78	0.818691
113	99	0.920003
113	112	1.07671
113	122	1.074
113	126	0.926371
113	127	0.962568
113	130	1.07366
113	136	0.907126
113	140	0.935511
113	144	1.04162
113	158	1.10326
113	168	1.04866
113	170	1.06247
113	172	1.07339
113	175	1.01398
113	176	1.03637
113	177	1.02727
113	178	0.984179
113	179	1.05503
113	180	0.993117
114	4	1.07505
114	31	0.971612
114	57	0.996609
114	59	1.12194
114	77	1.01472
114	78	1.12652
114	87	1.00921
114	88	1.00684
114	99	1.06544
114	103	1.00181
114	116	1.00544
114	123	1.04435
114	126	1.03168
114	148	0.894046
114	155	1.0959
114	160	0.997398
114	164	0.992012
114	166	0.987356
114	168	1.03177
114	169	0.953778
114	170	0.948472
114	173	0.865772
114	175	1.03975
114	177	1.02401
114	178	1.10424
114	180	1.04583
115	4	1.11179
115	31	1.26407
115	34	1.16499
115	64	1.09016
115	81	1.09558
115	86	1.15246
115	87	1.22878
115	128	0.930982
115	142	0.928613
115	158	1.05177
115	160	0.924182
115	164	0.926732
115	165	0.934947
115	166	0.906158
115	167	0.950815
115	168	1.1609
115	169	0.947277
115	170	0.939835
115	171	0.886008
115	172	0.950757
115	175	0.891347
115	176	0.913739
115	177	0.904639
115	178	0.861547
115	179	0.932401
115	180	0.870484
116	4	0.991096
116	57	0.912651
116	59	1.03798
116	75	0.948767
116	78	1.04256
116	87	0.925254
116	88	0.922881
116	90	1.01572
116	99	0.981486
116	111	0.963397
116	114	1.00544
116	123	0.960392
116	124	0.978111
116	126	0.947722
116	132	0.982642
116	141	1.19476
116	151	1.08949
116	154	1.07462
116	155	1.01194
116	157	1.01827
116	164	1.10182
116	167	1.04613
116	168	0.947816
116	171	1.1861
116	172	1.03079
116	176	1.09061
117	7	0.984297
117	22	1.0375
117	62	0.970574
117	67	1.0126
117	75	1.07843
117	87	1.05803
117	97	1.00721
117	118	1.00001
117	122	0.996846
117	130	0.93681
117	131	1.00766
117	133	0.994233
117	136	0.996122
117	137	1.02334
117	139	1.01958
117	140	0.993138
117	156	1.02708
117	158	0.881024
117	168	0.990155
117	169	1.01809
117	170	1.01065
117	171	0.95682
117	175	0.962159
117	176	0.984552
117	177	0.975452
117	178	0.932359
117	179	1.00321
117	180	0.941297
118	36	0.932743
118	48	1.01714
118	62	0.951055
118	66	1.02229
118	72	1.06807
118	76	1.04701
118	107	0.964783
118	108	0.981359
118	109	0.988631
118	117	1.00001
118	124	1.04152
118	127	0.952761
118	131	0.988142
118	133	0.974714
118	134	0.957813
118	136	0.976603
118	137	1.00382
118	140	0.973619
118	141	1.17456
118	147	0.995565
118	150	1.07502
118	151	1.06929
118	163	1.07211
118	164	1.08162
118	166	1.07697
118	167	1.02593
118	173	0.955382
118	179	1.04035
119	8	0.999318
119	9	1.02033
119	10	0.945072
119	52	1.02865
119	63	0.927269
119	78	0.927464
119	85	1.03119
119	101	0.992607
119	107	1.09777
119	127	1.07134
119	130	1.00591
119	135	1.05932
119	136	1.0159
119	139	0.954799
119	140	1.04428
119	153	1.00074
119	156	0.957566
119	158	1.03552
119	164	0.981618
119	166	0.961045
119	169	1.00216
119	174	1.07264
119	175	0.946233
119	176	0.968626
119	177	0.959526
119	178	0.916433
119	179	0.987287
119	180	0.925371
120	3	0.99016
120	12	0.98296
120	36	1.09026
120	47	1.23854
120	77	1.04317
120	81	0.915518
120	84	0.992976
120	90	0.913775
120	96	0.958975
120	124	1.0582
120	139	1.01026
120	148	1.04687
120	159	0.941587
120	162	0.968969
120	163	0.989438
120	164	0.994706
120	165	1.00292
120	166	0.974132
120	167	1.01879
120	168	0.980837
120	169	1.01525
120	170	1.00781
120	175	0.959321
120	176	0.981714
120	177	0.972613
120	178	0.929521
120	179	1.00038
120	180	0.938459
121	29	0.945081
121	35	1.09609
121	39	1.07056
121	43	1.0581
121	44	0.928639
121	47	0.897154
121	50	0.999332
121	80	1.04327
121	89	0.970021
121	92	0.97186
121	94	1.02666
121	95	1.02551
121	101	0.977873
121	105	1.04027
121	106	1.03276
121	110	1.00926
121	125	1.03687
121	142	1.0245
121	143	1.0215
121	144	0.983212
121	146	1.02981
121	151	0.982211
121	154	1.00683
121	159	1.11657
121	160	1.03942
121	166	1.02938
121	170	0.990496
121	175	1.08177
121	176	1.02283
121	179	0.992762
122	13	0.919171
122	14	0.884411
122	20	0.943195
122	22	0.953597
122	49	1.01183
122	61	0.951613
122	68	1.04227
122	91	1.09069
122	96	1.04727
122	102	1.02654
122	112	1.02754
122	113	1.074
122	117	0.996846
122	129	0.985179
122	130	1.02449
122	135	0.884266
122	138	1.05128
122	141	0.924975
122	144	0.992456
122	152	1.09366
122	154	1.02922
122	156	1.02973
122	158	1.05409
122	163	1.04691
122	168	0.999487
122	169	1.01819
122	175	1.10416
122	176	1.04522
122	177	1.08842
122	180	1.11025
123	4	1.03
123	31	0.926561
123	57	0.951558
123	75	0.987674
123	77	0.969672
123	78	1.08147
123	84	1.0045
123	88	0.961788
123	90	1.05463
123	99	1.02039
123	103	0.956759
123	111	1.0023
123	114	1.04435
123	116	0.960392
123	126	0.98663
123	128	1.04949
123	132	1.02155
123	145	1.17516
123	148	0.974371
123	153	1.02216
123	155	1.05085
123	157	0.988788
123	163	1.06283
123	164	1.07234
123	168	0.986723
123	172	1.00131
123	174	0.932699
123	175	1.12007
123	176	1.06113
123	179	1.03106
124	1	0.939979
124	14	1.19866
124	32	0.916513
124	37	0.88501
124	42	0.896671
124	56	0.862827
124	70	1.09259
124	82	1.06581
124	87	0.993905
124	101	0.907509
124	104	0.916768
124	116	0.978111
124	118	1.04152
124	120	1.0582
124	127	1.01379
124	131	1.04917
124	133	1.03575
124	134	1.01884
124	136	1.03763
124	137	1.06485
124	140	1.03465
124	143	1.03938
124	144	0.914879
124	158	0.816898
124	167	1.06314
124	171	0.998332
124	175	1.00367
124	176	1.02606
124	177	1.01696
124	179	1.04473
124	180	0.982809
125	29	0.975615
125	32	1.08971
125	39	1.10109
125	43	1.08863
125	44	0.959173
125	47	0.927688
125	50	1.02987
125	80	1.0738
125	89	1.00055
125	92	1.00239
125	94	1.0572
125	95	1.05604
125	105	1.07081
125	106	1.06329
125	110	1.0398
125	121	1.03687
125	129	0.924253
125	141	1.08844
125	144	1.01374
125	145	1.09832
125	151	1.01274
125	152	1.03273
125	154	0.968298
125	160	1.00089
125	161	1.04906
125	166	0.990845
125	167	0.93981
125	172	0.92447
125	174	0.855863
125	178	1.10773
125	179	0.954226
126	4	1.01733
126	31	0.913892
126	57	0.938889
126	59	1.06422
126	75	0.975005
126	77	0.957002
126	78	1.0688
126	84	0.991831
126	87	0.951492
126	88	0.949119
126	90	1.04196
126	99	1.00772
126	103	0.944089
126	111	0.989634
126	113	0.926371
126	114	1.03168
126	116	0.947722
126	123	0.98663
126	132	1.00888
126	147	0.987697
126	148	0.975788
126	155	1.03818
126	160	1.07914
126	162	1.11998
126	164	1.07375
126	165	1.07289
126	166	1.0691
126	168	0.974053
126	171	1.15803
126	174	0.934116
126	176	1.06254
126	177	1.10575
126	180	1.12757
127	19	0.95274
127	40	0.900087
127	48	0.989417
127	51	0.974696
127	58	1.04226
127	62	0.923328
127	66	0.994563
127	72	1.04034
127	73	1.04853
127	82	0.977055
127	107	0.937055
127	109	0.960904
127	113	0.962568
127	118	0.952761
127	119	1.07134
127	124	1.01379
127	131	0.960415
127	133	0.946987
127	134	0.930086
127	136	0.948875
127	137	0.976092
127	140	0.945892
127	153	1.05978
127	156	0.97983
127	159	1.19248
127	160	1.11534
127	163	1.10044
127	164	1.10995
127	167	1.05426
127	169	1.07172
127	172	1.03892
127	173	0.983711
127	178	1.22218
127	179	1.06868
128	11	1.01348
128	14	1.29952
128	25	1.07944
128	32	1.01737
128	58	0.94811
128	64	0.956141
128	79	1.06557
128	88	1.0849
128	95	1.0072
128	96	1.00503
128	102	1.00554
128	115	0.930982
128	123	1.04949
128	145	0.925372
128	147	1.02999
128	148	1.03197
128	151	0.971072
128	157	1.00551
128	159	0.926694
128	160	0.977263
128	163	0.974544
128	164	0.979812
128	165	0.988028
128	166	0.959239
128	167	1.0039
128	168	1.02689
128	169	1.00036
128	172	1.00384
128	175	0.944427
128	176	0.96682
128	177	0.95772
128	178	0.914628
128	179	0.985482
128	180	0.923565
129	9	0.924184
129	25	1.03104
129	44	1.11094
129	57	1.09026
129	66	0.965623
129	74	0.984295
129	82	0.978102
129	122	0.985179
129	125	0.924253
129	131	0.964428
129	136	0.983261
129	137	0.963222
129	144	0.967338
129	152	0.988325
129	154	1.03974
129	156	0.924927
129	159	0.959755
129	160	1.01032
129	161	0.987489
129	162	0.987137
129	163	1.00761
129	164	1.01287
129	165	1.02109
129	166	0.992301
129	167	1.03696
129	169	1.03342
129	170	1.02598
129	171	0.97215
129	172	1.0369
129	175	0.977489
129	176	0.999882
129	177	0.990782
129	178	0.947689
129	179	1.01854
129	180	0.956627
130	8	1.01756
130	9	1.03857
130	13	0.918832
130	14	0.884072
130	21	1.2114
130	25	0.955376
130	27	0.952868
130	65	0.921782
130	81	1.04208
130	91	1.09035
130	93	0.912679
130	102	1.0262
130	112	1.0272
130	113	1.07366
130	117	0.93681
130	119	1.00591
130	122	1.02449
130	139	0.973037
130	142	0.986857
130	144	0.992117
130	146	0.992167
130	153	1.01898
130	155	1.29248
130	158	1.05375
130	160	1.00178
130	162	1.04262
130	165	0.995531
130	167	0.940701
130	168	0.999149
130	169	0.958157
130	170	0.952851
130	171	1.08067
130	174	1.09088
130	179	0.955117
131	19	0.988121
131	36	0.940396
131	51	1.01008
131	58	1.07764
131	62	0.958709
131	66	1.02994
131	72	1.07573
131	82	1.01244
131	98	0.915653
131	107	0.972436
131	108	0.989013
131	109	0.996285
131	117	1.00766
131	118	0.988142
131	124	1.04917
131	127	0.960415
131	129	0.964428
131	132	0.956344
131	133	0.982368
131	134	0.965467
131	136	0.984256
131	137	1.01147
131	138	1.03053
131	140	0.981273
131	143	1.02314
131	145	1.1385
131	147	0.949619
131	149	1.08991
131	152	1.07291
131	156	1.01521
131	163	1.02616
131	164	1.03568
131	171	1.11996
131	176	1.02447
131	178	1.1479
132	27	1.0241
132	31	0.948811
132	32	0.960889
132	57	0.973808
132	62	1.05194
132	67	0.99285
132	77	0.991921
132	78	1.10372
132	88	0.984038
132	89	1.06643
132	90	1.07688
132	92	1.03812
132	104	0.961144
132	106	0.94389
132	108	0.968768
132	116	0.982642
132	123	1.02155
132	126	1.00888
132	131	0.956344
132	134	1.04253
132	137	0.955138
132	144	0.959255
132	154	1.03655
132	156	0.916844
132	160	1.00713
132	161	0.984295
132	163	1.00441
132	168	1.00897
132	170	1.02278
132	171	0.968956
132	175	0.974295
132	177	0.987588
132	178	0.944495
132	179	1.01535
132	180	0.953433
133	15	1.16015
133	19	0.974693
133	36	0.926969
133	40	0.92204
133	48	1.01137
133	51	0.996649
133	62	0.945281
133	66	1.01652
133	72	1.0623
133	82	0.999008
133	107	0.959008
133	108	0.975585
133	109	0.982857
133	117	0.994233
133	118	0.974714
133	124	1.03575
133	127	0.946987
133	131	0.982368
133	134	0.952039
133	135	0.892922
133	136	0.970828
133	137	0.998045
133	140	0.967845
133	147	0.979026
133	149	1.11932
133	150	1.05848
133	154	1.03788
133	156	1.00178
133	159	1.14762
133	161	1.11864
133	167	1.00939
133	170	1.02154
133	171	1.14936
133	177	1.09708
133	179	1.02381
133	180	1.1189
134	19	0.957792
134	36	0.910067
134	40	0.905139
134	48	0.994469
134	51	0.979748
134	58	1.04731
134	62	0.92838
134	66	0.999615
134	71	0.877574
134	73	1.05359
134	82	0.982107
134	107	0.942107
134	108	0.958684
134	109	0.965956
134	118	0.957813
134	124	1.01884
134	127	0.930086
134	131	0.965467
134	132	1.04253
134	133	0.952039
134	136	0.953927
134	137	0.981144
134	140	0.950944
134	141	1.2148
134	142	1.11233
134	147	1.03581
134	148	1.0239
134	153	1.07169
134	156	0.984881
134	163	1.11235
134	170	1.07832
134	172	1.05083
134	174	0.982224
134	175	1.1696
134	176	1.11065
134	177	1.15386
134	180	1.17568
135	2	1.07645
135	6	1.08028
135	8	1.07096
135	14	1.15021
135	23	1.16164
135	27	1.00627
135	43	0.8285
135	59	0.791971
135	61	0.953949
135	67	0.900021
135	71	0.975488
135	75	0.965847
135	77	0.93991
135	81	1.09549
135	85	0.897637
135	94	0.888438
135	107	0.964216
135	110	0.919865
135	119	1.05932
135	122	0.884266
135	133	0.892922
135	138	1.06074
135	139	1.02644
135	150	1.05337
135	153	1.07239
135	155	0.785399
135	158	1.10716
135	167	1.07735
135	168	0.877575
135	172	1.07729
135	174	1.14429
135	175	1.01788
135	176	1.04027
135	177	1.03117
135	178	0.988078
135	179	1.05893
135	180	0.997016
136	36	0.928857
136	40	0.923928
136	48	1.01326
136	51	0.998537
136	58	1.0661
136	62	0.947169
136	66	1.0184
136	72	1.06419
136	73	1.07238
