1	42	0.915064
1	53	0.915176
1	60	0.915521
1	73	0.899896
1	74	0.98233
1	76	0.899972
1	78	0.899611
1	97	1.75326
1	139	1.66747
1	152	2.10605
1	153	0.773607
1	156	1.60691
2	22	0.811563
2	24	0.877907
2	45	0.842928
2	51	0.807346
2	59	0.806799
2	61	0.805396
2	69	0.830251
2	123	1.9222
2	128	1.68412
2	157	0.670302
2	164	2.94379
2	167	0.783002
3	52	1.18398
3	119	0.994788
3	127	0.792331
3	155	0.823218
3	157	0.761885
3	160	0.838057
3	164	0.79904
3	166	0.790441
3	175	0.851312
3	176	0.773721
3	179	0.801883
3	180	0.744007
4	19	0.956662
4	25	0.923963
4	28	0.924079
4	30	0.915557
4	40	0.891058
4	50	0.887563
4	63	0.925803
4	135	1.97631
4	136	1.57909
4	140	1.88757
4	144	1.71506
4	177	0.793326
5	7	0.82273
5	10	0.938503
5	11	0.89706
5	12	0.906608
5	18	0.911654
5	55	0.91509
5	57	0.899329
5	71	0.93215
5	135	1.37521
5	137	1.05976
5	148	1.64672
5	174	3.10007
6	42	0.915064
6	53	0.915176
6	60	0.915521
6	73	0.899896
6	74	0.98233
6	76	0.899972
6	78	0.899611
6	136	0.957929
6	153	0.773607
6	167	1.13592
6	169	2.00853
6	174	3.08002
7	5	0.82273
7	12	0.782325
7	18	0.78737
7	27	0.75819
7	32	0.903744
7	55	0.790807
7	57	0.775046
7	71	0.807867
7	123	0.769844
7	132	2.37518
7	137	1.99331
7	175	2.18807
8	16	0.659603
8	38	0.832748
8	41	0.695486
8	47	0.798335
8	52	0.760981
8	58	0.757766
8	65	0.736315
8	101	0.721235
8	142	0.662368
8	156	2.34326
8	162	0.60979
8	165	3.64353
9	19	0.843463
9	21	0.84676
9	25	0.810764
9	28	0.81088
9	30	0.802358
9	40	0.777859
9	63	0.812604
9	87	0.839867
9	157	2.53506
9	171	2.63553
9	172	1.4271
9	177	0.680127
10	5	0.938503
10	11	0.888549
10	12	0.898097
10	27	0.873962
10	55	0.906579
10	57	0.890818
10	71	0.92364
10	123	0.885617
10	143	1.53471
10	144	1.86453
10	146	1.7223
10	175	2.00509
11	5	0.89706
11	10	0.888549
11	12	0.856654
11	18	0.8617
11	27	0.832519
11	55	0.865136
11	57	0.849375
11	71	0.882197
11	127	0.868732
11	152	1.00242
11	157	2.23978
11	168	1.6899
11	180	2.72397
12	5	0.906608
12	7	0.782325
12	10	0.898097
12	11	0.856654
12	18	0.871248
12	20	2.15559
12	27	0.842067
12	55	0.874684
12	71	0.891744
12	127	0.87828
12	145	1.87049
12	170	2.02389
12	178	1.50588
13	48	0.882469
13	49	0.882443
13	75	0.87671
13	79	0.87644
13	82	0.916194
13	83	0.876128
13	86	0.922056
13	146	1.03993
13	154	0.758062
13	162	2.44213
13	169	2.09678
13	173	2.05979
13	178	0.820941
14	63	1.1084
14	68	1.07902
14	82	1.31085
14	99	0.844657
14	134	0.833688
14	160	0.806169
14	161	0.788574
14	168	0.773259
14	170	0.763446
14	174	0.711759
14	175	0.819424
14	176	0.741833
14	180	0.712119
15	32	0.987348
15	36	0.864572
15	46	0.848402
15	70	0.857328
15	72	0.86819
15	96	0.86549
15	101	0.875918
15	114	0.871585
15	116	0.905029
15	125	0.889499
15	150	1.67093
15	172	2.28909
15	178	2.54863
16	8	0.659603
16	38	0.899458
16	41	0.762195
16	47	0.865045
16	52	0.827691
16	58	0.824475
16	65	0.803025
16	101	0.787945
16	130	2.01731
16	142	0.729077
16	143	1.7412
16	158	3.18581
16	162	0.676499
17	41	0.864248
17	52	0.929744
17	66	1.75447
17	108	0.883819
17	113	0.875941
17	118	0.903447
17	120	0.91095
17	121	0.910932
17	123	1.81832
17	140	2.1731
17	156	1.80864
17	162	0.778552
17	177	0.760316
18	5	0.911654
18	7	0.78737
18	11	0.8617
18	12	0.871248
18	27	0.847113
18	55	0.87973
18	57	0.863969
18	66	0.89249
18	91	1.36861
18	127	0.883326
18	153	2.40995
18	155	1.98114
18	161	1.8026
19	4	0.956662
19	9	0.843463
19	21	0.920181
19	25	0.884186
19	30	0.87578
19	40	0.851281
19	50	0.847786
19	63	0.886025
19	81	1.64247
19	134	1.76007
19	167	1.66019
19	169	2.53279
19	177	0.753549
20	12	2.15559
20	47	2.4699
20	73	0.750087
20	76	0.750163
20	78	0.749802
20	104	0.764768
20	114	0.735777
20	116	0.76922
20	125	0.75369
20	148	0.690815
20	154	0.592678
20	170	0.654357
20	180	0.603031
21	9	0.84676
21	19	0.920181
21	28	0.887598
21	30	0.879076
21	40	0.854578
21	50	0.851082
21	63	0.889322
21	137	0.920495
21	146	1.33015
21	158	2.58718
21	167	1.5144
21	177	0.756845
21	178	2.1685
22	2	0.811563
22	31	0.946853
22	56	0.88386
22	59	0.888935
22	61	0.887531
22	69	0.912386
22	104	1.21805
22	130	1.13009
22	138	0.862978
22	157	0.752437
22	167	0.865138
22	176	2.26841
22	177	2.98216
23	84	0.883067
23	85	0.880261
23	107	0.883555
23	108	0.865466
23	118	0.885095
23	144	0.866988
23	150	1.59618
23	156	1.58581
23	159	2.48835
23	161	2.24463
23	162	0.7602
23	163	0.893001
23	169	0.771519
23	177	0.741963
24	2	0.877907
24	31	1.0132
24	51	0.955826
24	59	0.955279
24	61	0.953876
24	69	0.978731
24	97	1.4284
24	104	1.50826
24	105	1.33905
24	138	0.929323
24	157	0.818782
24	164	2.31333
24	167	0.931482
24	172	1.91058
25	4	0.923963
25	9	0.810764
25	19	0.884186
25	28	0.851602
25	30	0.84308
25	40	0.818582
25	50	0.815087
25	63	0.853326
25	137	0.884499
25	139	1.58588
25	141	2.09885
25	148	2.25004
25	152	2.02447
25	177	0.720849
26	48	0.882469
26	49	0.882443
26	75	0.87671
26	79	0.87644
26	82	0.916194
26	83	0.876128
26	86	0.922056
26	95	1.70685
26	135	1.53063
26	154	0.758062
26	168	2.26405
26	173	2.14702
26	178	0.820941
27	7	0.75819
27	10	0.873962
27	11	0.832519
27	12	0.842067
27	18	0.847113
27	55	0.850549
27	57	0.834788
27	66	0.863309
27	71	0.867609
27	123	0.829586
27	142	1.74785
27	144	1.42452
27	160	1.71115
27	171	3.06954
28	4	0.924079
28	9	0.81088
28	21	0.887598
28	25	0.851602
28	30	0.843197
28	40	0.818698
28	50	0.815203
28	63	0.853442
28	66	0.880202
28	146	1.34072
28	153	2.55716
28	158	2.59774
28	167	1.52496
28	177	0.720965
29	42	0.990064
29	53	0.990176
29	60	0.990521
29	73	0.974896
29	74	1.05733
29	76	0.974972
29	78	0.974611
29	100	1.01606
29	144	1.29313
29	152	1.60032
29	153	0.848607
29	167	1.33516
29	171	2.93815
30	4	0.915557
30	9	0.802358
30	19	0.87578
30	21	0.879076
30	25	0.84308
30	28	0.843197
30	50	0.806681
30	63	0.84492
30	129	1.25012
30	137	0.876094
30	148	2.13495
30	161	2.06905
30	169	2.51681
30	177	0.712443
31	22	0.946853
31	24	1.0132
31	45	0.978218
31	51	0.942636
31	56	0.937015
31	69	0.965541
31	138	0.916133
31	147	0.822814
31	154	3.0233
31	157	0.805592
31	166	1.65601
31	167	0.918292
31	177	2.12683
31	179	1.06402
32	7	0.903744
32	15	0.987348
32	39	0.537079
32	57	0.980343
32	62	0.985519
32	71	1.01316
32	73	0.989287
32	76	0.989363
32	78	0.989002
32	122	0.599813
32	163	0.153611
32	171	0.853139
32	174	0.841871
32	180	0.842231
33	41	1.38017
33	76	0.839561
33	78	0.769859
33	121	0.434918
33	132	0.874694
33	160	0.8801
33	164	0.841083
33	165	0.826722
33	173	0.839317
33	174	0.785691
33	175	0.893356
33	176	0.815764
33	179	0.843927
33	180	0.786051
34	44	0.971349
34	92	0.861483
34	94	0.838601
34	98	0.837864
34	109	1.60136
34	110	0.901543
34	111	0.842197
34	115	0.863908
34	117	0.860987
34	122	0.811918
34	124	0.845338
34	161	2.35404
34	176	2.97178
34	178	0.760636
35	48	0.949136
35	49	0.94911
35	75	0.943377
35	79	0.943107
35	82	0.98286
35	83	0.942794
35	86	0.988722
35	143	0.918696
35	145	1.90059
35	151	1.63956
35	154	0.824729
35	157	2.3844
35	166	2.1674
35	178	0.887608
36	15	0.864572
36	70	0.819641
36	72	0.830503
36	89	0.857613
36	91	1.24407
36	96	0.827802
36	102	0.87452
36	103	0.813752
36	114	0.833898
36	116	0.867341
36	125	0.851812
36	157	2.75573
36	164	2.05052
36	179	1.94674
37	64	0.795046
37	68	0.789459
37	112	0.797335
37	113	0.761641
37	119	0.816173
37	120	0.79665
37	121	0.796631
37	133	0.79317
37	144	2.16536
37	145	3.22609
37	146	2.02313
37	154	0.628266
37	157	0.656497
37	163	0.797052
38	8	0.832748
38	16	0.899458
38	41	0.93534
38	47	1.03819
38	52	1.00084
38	58	0.99762
38	65	0.97617
38	128	0.668952
38	137	1.0351
38	142	0.902222
38	162	0.849644
38	173	1.96693
38	178	1.78542
38	180	3.11803
39	32	0.537079
39	84	1.04619
39	85	1.04338
39	105	1.26729
39	107	1.04667
39	108	1.02858
39	118	1.04821
39	132	1.72992
39	134	1.54415
39	156	1.21029
39	162	0.923318
39	163	1.05612
39	169	0.934637
39	170	2.61638
39	177	0.905082
40	4	0.891058
40	9	0.777859
40	19	0.851281
40	21	0.854578
40	25	0.818582
40	28	0.818698
40	50	0.782182
40	63	0.820422
40	87	0.847685
40	109	1.53302
40	137	0.851595
40	146	1.67662
40	151	2.61854
40	159	2.52942
40	177	0.687945
41	8	0.695486
41	16	0.762195
41	17	0.864248
41	33	1.38017
41	38	0.93534
41	47	0.900927
41	52	0.863573
41	58	0.860358
41	65	0.838907
41	67	0.843777
41	128	1.97619
41	136	2.26056
41	142	0.76496
41	143	2.06672
41	162	0.712382
42	1	0.915064
42	6	0.915064
42	29	0.990064
42	53	0.89998
42	60	0.900325
42	73	0.884701
42	74	0.967134
42	76	0.884776
42	78	0.884416
42	139	1.2681
42	147	1.35319
42	153	0.758411
42	167	1.44152
42	169	2.31412
42	170	2.61363
43	46	0.880541
43	70	0.889467
43	80	1.77373
43	96	0.897629
43	102	0.944347
43	114	0.903724
43	116	0.937168
43	125	0.921638
43	138	0.899398
43	142	0.849189
43	144	0.9034
43	147	1.64736
43	149	1.6212
43	156	1.50171
43	179	2.42921
44	34	0.971349
44	67	0.996941
44	73	0.826693
44	93	0.616559
44	124	0.264162
44	126	1.05552
44	135	0.943765
44	139	0.998253
44	159	0.876116
44	165	0.865455
44	171	0.835692
44	172	0.896124
44	174	0.824423
44	179	0.882659
44	180	0.824783
45	2	0.842928
45	31	0.978218
45	56	0.915226
45	59	0.9203
45	61	0.918897
45	69	0.943752
45	109	0.907883
45	126	0.863915
45	135	1.45687
45	138	0.894344
45	140	1.36813
45	157	0.783803
45	167	0.896503
45	169	2.11024
45	180	3.22435
46	15	0.848402
46	43	0.880541
46	72	0.814333
46	89	0.841443
46	96	0.811633
46	102	0.858351
46	114	0.817728
46	116	0.851171
46	125	0.835642
46	136	1.65774
46	141	2.17529
46	142	0.763193
46	153	0.705749
46	156	1.60177
46	158	2.90852
47	8	0.798335
47	16	0.865045
47	20	2.4699
47	38	1.03819
47	41	0.900927
47	52	0.966423
47	58	0.963207
47	65	0.941757
47	81	0.866813
47	131	1.34982
47	134	1.26597
47	142	0.867809
47	147	1.07776
47	162	0.815231
47	165	2.23239
48	13	0.882469
48	26	0.882469
48	35	0.949136
48	49	0.803502
48	75	0.797769
48	79	0.7975
48	82	0.837253
48	83	0.797187
48	86	0.843115
48	105	1.51487
48	143	1.32001
48	153	2.72405
48	154	0.679121
48	176	2.73444
48	178	0.742
49	13	0.882443
49	26	0.882443
49	35	0.94911
49	48	0.803502
49	75	0.797743
49	79	0.797473
49	82	0.837227
49	83	0.797161
49	86	0.843089
49	131	1.29923
49	154	0.679095
49	162	2.33344
49	168	2.06814
49	171	2.71849
49	178	0.741974
50	4	0.887563
50	19	0.847786
50	21	0.851082
50	25	0.815087
50	28	0.815203
50	30	0.806681
50	40	0.782182
50	63	0.816926
50	77	1.74242
50	87	0.84419
50	128	1.87357
50	129	1.94186
50	137	0.8481
50	172	2.7305
50	177	0.68445
51	2	0.807346
51	24	0.955826
51	31	0.942636
51	56	0.879643
51	59	0.884717
51	61	0.883314
51	69	0.908169
51	109	0.8723
51	128	0.823568
51	138	0.858761
51	146	1.10169
51	157	0.74822
51	162	2.50389
51	167	0.860921
51	172	1.6805
51	180	3.27265
52	3	1.18398
52	8	0.760981
52	16	0.827691
52	17	0.929744
52	38	1.00084
52	41	0.863573
52	47	0.966423
52	58	0.925853
52	65	0.904403
52	81	0.829459
52	129	1.11169
52	142	0.830455
52	148	1.99652
52	157	3.00829
52	162	0.777877
52	167	1.50577
53	1	0.915176
53	6	0.915176
53	29	0.990176
53	42	0.89998
53	60	0.900437
53	73	0.884813
53	74	0.967246
53	76	0.884888
53	77	0.917217
53	78	0.884527
53	139	1.33732
53	151	2.26842
53	153	0.758523
53	178	2.16484
53	179	2.20427
54	64	0.906433
54	66	1.02224
54	68	0.900846
54	112	0.908722
54	113	0.873028
54	119	0.92756
54	120	0.908037
54	121	0.908018
54	138	0.878425
54	154	0.739653
54	157	0.767884
54	159	1.97894
54	160	1.55498
54	163	0.908439
54	166	2.5959
54	168	2.26302
55	5	0.91509
55	7	0.790807
55	10	0.906579
55	11	0.865136
55	12	0.874684
55	18	0.87973
55	27	0.850549
55	57	0.867405
55	71	0.900227
55	123	0.862204
55	127	0.886762
55	147	1.32713
55	156	1.18148
55	168	2.3681
55	169	2.28805
55	173	2.25107
56	22	0.88386
56	31	0.937015
56	45	0.915226
56	51	0.879643
56	59	0.879096
56	61	0.877693
56	69	0.902548
56	109	0.866679
56	130	1.50757
56	138	0.85314
56	142	1.8846
56	145	2.62202
56	147	1.51498
56	152	1.86847
56	157	0.742599
56	167	0.8553
57	5	0.899329
57	7	0.775046
57	10	0.890818
57	11	0.849375
57	18	0.863969
57	27	0.834788
57	32	0.980343
57	55	0.867405
57	66	0.880165
57	71	0.884466
57	127	0.871001
57	131	1.85925
57	135	1.89474
57	143	1.30367
57	164	2.47282
57	175	1.77405
58	8	0.757766
58	16	0.824475
58	38	0.99762
58	41	0.860358
58	47	0.963207
58	52	0.925853
58	65	0.901187
58	67	0.906057
58	101	0.886107
58	142	0.82724
58	155	1.92327
58	160	1.56449
58	162	0.774662
58	167	1.31989
58	169	2.19249
58	176	2.36248
59	2	0.806799
59	22	0.888935
59	24	0.955279
59	45	0.9203
59	51	0.884717
59	56	0.879096
59	61	0.882767
59	69	0.907622
59	104	1.21547
59	138	0.858214
59	140	1.35372
59	154	3.87605
59	157	0.747673
59	167	0.860374
59	172	1.6178
59	175	1.32178
60	1	0.915521
60	6	0.915521
60	29	0.990521
60	42	0.900325
60	53	0.900437
60	66	1.07783
60	73	0.885158
60	74	0.967591
60	76	0.885233
60	78	0.884873
60	109	1.03813
60	123	1.14168
60	153	0.758868
60	162	2.58392
60	177	3.12231
61	2	0.805396
61	22	0.887531
61	24	0.953876
61	45	0.918897
61	51	0.883314
61	56	0.877693
61	59	0.882767
61	66	1.15978
61	69	0.906219
61	109	0.87035
61	144	1.4059
61	147	1.3596
61	157	0.74627
61	164	2.24523
61	167	0.858971
61	177	3.20426
62	32	0.985519
62	90	0.927794
62	98	0.911494
62	111	0.915827
62	117	0.934617
62	122	0.885548
62	124	0.918967
62	137	1.79649
62	139	1.71929
62	142	2.174
62	156	1.65873
62	163	0.940173
62	167	0.912318
62	169	0.818691
62	178	0.834265
63	4	0.925803
63	9	0.812604
63	14	1.1084
63	19	0.886025
63	21	0.889322
63	25	0.853326
63	28	0.853442
63	30	0.84492
63	40	0.820422
63	50	0.816926
63	66	0.881926
63	128	1.25197
63	137	0.886339
63	142	1.99564
63	177	0.722689
63	178	2.36844
63	179	2.40787
64	37	0.795046
64	54	0.906433
64	68	0.882687
64	103	0.844448
64	112	0.890564
64	113	0.854869
64	119	0.909402
64	120	0.889878
64	121	0.88986
64	140	1.45743
64	146	1.14269
64	154	0.721495
64	157	0.749726
64	163	0.890281
64	165	2.39324
64	166	2.61246
64	168	2.27958
65	8	0.736315
65	16	0.803025
65	38	0.97617
65	41	0.838907
65	47	0.941757
65	52	0.904403
65	58	0.901187
65	67	0.884606
65	81	0.804793
65	99	1.3482
65	101	0.864657
65	106	1.8005
65	142	0.805789
65	155	2.25269
65	162	0.753211
65	168	2.60195
65	175	1.74784
66	17	1.75447
66	18	0.89249
66	27	0.863309
66	28	0.880202
66	54	1.02224
66	57	0.880165
66	60	1.07783
66	61	1.15978
66	63	0.881926
66	71	0.912987
66	121	1.20517
66	137	0.913099
66	140	0.860498
66	175	0.849359
66	176	0.771767
66	177	0.749449
66	180	0.742054
67	41	0.843777
67	44	0.996941
67	58	0.906057
67	65	0.884606
67	107	0.881435
67	113	0.85547
67	118	0.882976
67	119	0.910002
67	120	0.890479
67	121	0.89046
67	129	1.5607
67	150	1.73118
67	160	2.19939
67	162	0.758081
67	169	0.769399
67	177	0.739844
67	179	2.64831
68	14	1.07902
68	37	0.789459
68	54	0.900846
68	64	0.882687
68	112	0.884976
68	113	0.849282
68	119	0.903814
68	120	0.884291
68	121	0.884272
68	127	0.883728
68	136	1.50696
68	154	0.715907
68	156	1.45098
68	157	0.744138
68	158	2.75774
68	163	0.884693
68	178	2.33906
69	2	0.830251
69	22	0.912386
69	24	0.978731
69	31	0.965541
69	45	0.943752
69	51	0.908169
69	56	0.902548
69	59	0.907622
69	61	0.906219
69	137	1.4975
69	138	0.881666
69	149	1.47924
69	150	1.37011
69	157	0.771125
69	167	0.883826
69	173	2.42933
69	175	1.69226
69	178	2.24782
70	15	0.857328
70	36	0.819641
70	43	0.889467
70	72	0.823259
70	89	0.850369
70	96	0.820559
70	102	0.867277
70	114	0.826654
70	116	0.860098
70	125	0.844568
70	138	0.822328
70	144	0.82633
70	153	0.714676
70	155	2.21044
70	156	1.37308
70	160	1.85166
70	173	2.44267
70	178	2.26115
71	5	0.93215
71	7	0.807867
71	10	0.92364
71	11	0.882197
71	12	0.891744
71	27	0.867609
71	32	1.01316
71	55	0.900227
71	57	0.884466
71	66	0.912987
71	100	1.47683
71	123	0.879264
71	126	1.4222
71	127	0.903822
71	144	1.7539
71	148	2.28667
71	150	1.57232
71	161	2.22077
72	15	0.86819
72	36	0.830503
72	46	0.814333
72	70	0.823259
72	89	0.861232
72	96	0.831421
72	101	0.841849
72	102	0.878139
72	114	0.837517
72	116	0.87096
72	125	0.85543
72	126	1.28766
72	142	0.782982
72	149	1.54691
72	153	0.725538
72	161	2.08623
72	169	2.53399
72	176	2.70397
73	1	0.899896
73	6	0.899896
73	20	0.750087
73	29	0.974896
73	32	0.989287
73	42	0.884701
73	44	0.826693
73	53	0.884813
73	60	0.885158
73	74	0.951967
73	76	0.869609
73	78	0.869248
73	81	0.799692
73	134	1.88442
73	136	1.60654
73	141	2.12409
73	153	0.743244
73	172	2.1791
73	175	1.88308
74	1	0.98233
74	6	0.98233
74	29	1.05733
74	42	0.967134
74	53	0.967246
74	60	0.967591
74	73	0.951967
74	76	0.952043
74	78	0.951682
74	145	1.90201
74	148	1.37404
74	151	1.64098
74	153	0.825677
74	158	1.95608
74	159	1.55186
74	178	1.5374
75	13	0.87671
75	26	0.87671
75	35	0.943377
75	48	0.797769
75	49	0.797743
75	79	0.79174
75	82	0.831494
75	83	0.791428
75	86	0.837356
75	87	0.850852
75	103	0.796315
75	104	1.63306
75	123	0.816625
75	130	1.5451
75	152	1.906
75	154	0.673362
75	170	2.81294
75	176	2.68342
75	178	0.736241
76	1	0.899972
76	6	0.899972
76	20	0.750163
76	29	0.974972
76	32	0.989363
76	33	0.839561
76	42	0.884776
76	53	0.884888
76	60	0.885233
76	73	0.869609
76	74	0.952043
76	78	0.869324
76	81	0.799767
76	100	1.57886
76	143	1.52611
76	150	1.67434
76	153	0.743319
76	172	2.29251
76	178	2.55205
77	50	1.74242
77	53	0.917217
77	88	1.13883
77	91	0.907147
77	114	1.18239
77	116	0.894982
77	150	0.907541
77	158	0.784888
77	161	0.825835
77	164	0.804412
77	165	0.790051
77	166	0.795814
77	170	0.800706
77	172	0.820721
77	173	0.802646
77	174	0.74902
77	175	0.856685
77	176	0.779093
77	180	0.74938
78	1	0.899611
78	6	0.899611
78	20	0.749802
78	29	0.974611
78	32	0.989002
78	33	0.769859
78	42	0.884416
78	53	0.884527
78	60	0.884873
78	73	0.869248
78	74	0.951682
78	76	0.869324
78	81	0.799406
78	99	1.52715
78	149	1.71377
78	153	0.742959
78	159	2.49681
78	160	2.07286
78	175	1.92679
79	13	0.87644
79	26	0.87644
79	35	0.943107
79	48	0.7975
79	49	0.797473
79	75	0.79174
79	82	0.831224
79	83	0.791158
79	86	0.837086
79	87	0.850582
79	95	2.3359
79	103	0.796045
79	123	0.816356
79	139	1.76703
79	154	0.673092
79	160	2.18505
79	167	1.94045
79	172	2.335
79	178	0.735971
80	43	1.77373
80	83	1.55909
80	100	0.875641
80	104	0.840946
80	125	1.34819
80	155	0.75842
80	156	0.82863
80	160	0.773258
80	161	0.755664
80	163	1.09885
80	164	0.734241
80	168	0.740349
80	172	0.75055
80	173	0.732475
80	174	0.678849
80	175	0.786514
80	176	0.708922
80	179	0.737085
80	180	0.679209
81	19	1.64247
81	47	0.866813
81	52	0.829459
81	65	0.804793
81	73	0.799692
81	76	0.799767
81	78	0.799406
81	86	1.27668
81	87	1.13317
81	113	1.72119
81	137	0.823681
81	162	0.678268
81	167	0.783213
81	168	0.713775
81	172	0.723976
81	173	0.705901
81	176	0.682348
81	179	0.710511
81	180	0.652635
82	13	0.916194
82	14	1.31085
82	26	0.916194
82	35	0.98286
82	48	0.837253
82	49	0.837227
82	75	0.831494
82	79	0.831224
82	83	0.830912
82	86	0.87684
82	123	0.856109
82	129	1.52271
82	137	1.82057
82	154	0.712846
82	167	1.91679
82	178	0.775725
82	179	2.61032
83	13	0.876128
83	26	0.876128
83	35	0.942794
83	48	0.797187
83	49	0.797161
83	75	0.791428
83	79	0.791158
83	80	1.55909
83	82	0.830912
83	86	0.836774
83	87	0.850269
83	103	0.795733
83	106	1.67224
83	123	0.816043
83	141	1.86059
83	149	1.40656
83	154	0.67278
83	174	3.46513
83	178	0.735659
84	23	0.883067
84	39	1.04619
84	85	0.869613
84	97	1.44723
84	101	0.860998
84	107	0.872907
84	108	0.854819
84	118	0.874447
84	133	0.878471
84	137	0.894966
84	144	0.856341
84	149	1.42038
84	161	1.95971
84	162	0.749553
84	163	0.882353
84	168	2.48751
84	169	0.760871
84	175	1.6334
84	176	2.57745
84	177	0.731316
85	23	0.880261
85	39	1.04338
85	84	0.869613
85	106	1.93957
85	107	0.870101
85	108	0.852013
85	118	0.871641
85	127	0.878582
85	133	0.875665
85	136	1.61038
85	137	0.89216
85	144	0.853535
85	150	1.56476
85	159	2.45693
85	160	2.03298
85	162	0.746747
85	163	0.879547
85	169	0.758065
85	175	1.88691
85	177	0.72851
86	13	0.922056
86	26	0.922056
86	35	0.988722
86	48	0.843115
86	49	0.843089
86	75	0.837356
86	79	0.837086
86	81	1.27668
86	82	0.87684
86	83	0.836774
86	87	0.896197
86	91	1.28525
86	103	0.841661
86	123	0.861971
86	141	1.63395
86	154	0.718708
86	167	1.29439
86	170	2.46651
86	177	3.05073
86	178	0.781587
87	9	0.839867
87	40	0.847685
87	50	0.84419
87	75	0.850852
87	79	0.850582
87	81	1.13317
87	83	0.850269
87	86	0.896197
87	89	0.899018
87	96	0.869207
87	102	0.915925
87	116	0.908746
87	125	0.893216
87	130	1.05515
87	140	1.28137
87	166	2.4364
87	169	2.02348
87	177	0.749953
87	178	0.795083
87	180	3.13759
88	77	1.13883
88	90	0.873269
88	93	0.879003
88	94	0.857706
88	104	1.72458
88	105	1.55537
88	110	0.920648
88	111	0.861302
88	115	0.883013
88	117	0.880092
88	122	0.831023
88	124	0.864443
88	133	0.881767
88	147	1.64403
88	155	2.33573
88	163	0.885649
88	164	2.52965
88	167	0.857794
88	169	0.764167
88	178	0.779741
89	36	0.857613
89	46	0.841443
89	70	0.850369
89	72	0.861232
89	87	0.899018
89	96	0.858531
89	101	0.868959
89	102	0.905249
89	114	0.864627
89	116	0.89807
89	125	0.88254
89	126	1.48393
89	128	1.39529
89	134	1.95754
89	138	0.8603
89	139	1.68424
89	142	0.810092
89	143	1.48582
89	153	0.752648
89	171	3.46065
90	62	0.927794
90	88	0.873269
90	92	0.874847
90	98	0.851228
90	110	0.914907
90	111	0.855562
90	115	0.877272
90	117	0.874352
90	122	0.825283
90	124	0.858702
90	128	0.895044
90	129	1.11218
90	146	1.32202
90	147	1.41794
90	161	1.93111
90	167	0.852053
90	169	0.758426
90	173	2.34188
90	178	0.774
90	180	3.49297
91	18	1.36861
91	36	1.24407
91	77	0.907147
91	86	1.28525
91	105	0.89493
91	107	1.57191
91	117	1.36022
91	141	0.827529
91	151	0.801168
91	152	0.838483
91	158	0.768695
91	166	0.779621
91	170	0.784514
91	171	0.744096
91	173	0.786454
91	174	0.732827
91	175	0.840492
91	176	0.762901
91	179	0.791063
91	180	0.733187
92	34	0.861483
92	90	0.874847
92	93	0.88058
92	94	0.859284
92	98	0.858547
92	110	0.922225
92	111	0.86288
92	115	0.884591
92	117	0.88167
92	122	0.832601
92	123	1.03232
92	124	0.86602
92	146	1.07236
92	152	1.52178
92	162	2.47456
92	163	0.887226
92	165	2.32291
92	169	0.765744
92	174	3.20071
92	178	0.781319
93	44	0.616559
93	88	0.879003
93	92	0.88058
93	94	0.857699
93	98	0.856962
93	100	1.25531
93	110	0.920641
93	111	0.861295
93	115	0.883006
93	117	0.880085
93	122	0.831016
93	124	0.864436
93	148	2.06515
93	162	2.79236
93	163	0.885641
93	167	0.857786
93	169	0.764159
93	172	1.96896
93	178	0.779734
93	179	2.26793
94	34	0.838601
94	88	0.857706
94	92	0.859284
94	93	0.857699
94	110	0.899344
94	111	0.839998
94	115	0.861709
94	117	0.858788
94	122	0.80972
94	124	0.843139
94	126	1.18574
94	132	1.84512
94	133	0.860463
94	142	1.84077
94	147	1.47115
94	153	2.59167
94	157	3.06199
94	163	0.864345
94	167	0.83649
94	169	0.742863
94	178	0.758437
95	26	1.70685
95	79	2.3359
95	105	0.82388
95	108	1.4242
95	138	1.72225
95	141	0.756479
95	146	0.858356
95	147	0.834636
95	148	0.749922
95	150	0.820299
95	155	0.741348
95	158	0.697645
95	166	0.708572
95	168	0.723278
95	173	0.715404
95	174	0.661778
95	175	0.769443
95	176	0.691851
95	177	0.669534
95	179	0.720014
95	180	0.662138
96	15	0.86549
96	36	0.827802
96	43	0.897629
96	46	0.811633
96	70	0.820559
96	72	0.831421
96	87	0.869207
96	89	0.858531
96	102	0.875438
96	114	0.834816
96	116	0.868259
96	125	0.85273
96	138	0.830489
96	144	0.834491
96	146	1.03713
96	153	0.722837
96	158	2.29415
96	166	2.50689
96	167	1.22137
96	173	2.05699
96	177	2.97771
97	1	1.75326
97	24	1.4284
97	84	1.44723
97	120	1.34107
97	131	0.8489
97	135	0.848255
97	138	1.23918
97	151	0.797254
97	152	0.834569
97	158	0.764781
97	159	0.780606
97	161	0.805729
97	164	0.784306
97	166	0.775708
97	170	0.7806
97	173	0.78254
97	174	0.728914
97	176	0.758987
97	178	0.781799
97	179	0.78715
97	180	0.729274
98	34	0.837864
98	62	0.911494
98	90	0.851228
98	92	0.858547
98	93	0.856962
98	109	1.64907
98	111	0.839261
98	115	0.860972
98	117	0.858051
98	122	0.808982
98	124	0.842402
98	130	1.88118
98	132	2.26256
98	133	0.859726
98	142	2.25821
98	150	1.7533
98	163	0.863608
98	167	0.835753
98	169	0.742126
98	175	2.07545
98	178	0.7577
99	14	0.844657
99	65	1.3482
99	78	1.52715
99	101	1.48277
99	107	1.27995
99	134	0.829527
99	138	1.0257
99	145	0.770302
99	148	0.795743
99	149	0.869393
99	150	0.86612
99	152	0.813254
99	161	0.784414
99	168	0.769099
99	170	0.759285
99	172	0.7793
99	174	0.707599
99	175	0.815264
99	177	0.715355
99	179	0.765835
99	180	0.707959
100	29	1.01606
100	71	1.47683
100	76	1.57886
100	80	0.875641
100	93	1.25531
100	110	0.756507
100	120	1.1096
100	150	0.930014
100	152	0.877147
100	155	0.851063
100	159	0.823185
100	164	0.826884
100	168	0.832992
100	170	0.823179
100	171	0.78276
100	172	0.843193
100	173	0.825118
100	175	0.879157
100	176	0.801565
100	179	0.829728
100	180	0.771852
101	8	0.721235
101	15	0.875918
101	16	0.787945
101	58	0.886107
101	65	0.864657
101	72	0.841849
101	84	0.860998
101	89	0.868959
101	99	1.48277
101	108	0.843398
101	114	0.845244
101	118	0.863026
101	125	0.863158
101	134	1.88376
101	149	1.6694
101	162	0.738131
101	163	0.870932
101	167	1.78387
101	169	0.74945
101	177	0.719895
101	178	2.43797
101	179	2.4774
102	36	0.87452
102	43	0.944347
102	46	0.858351
102	70	0.867277
102	72	0.878139
102	87	0.915925
102	89	0.905249
102	96	0.875438
102	103	0.861388
102	114	0.881534
102	116	0.914977
102	125	0.899448
102	137	0.891462
102	138	0.877207
102	144	0.881209
102	153	0.769555
102	157	2.4902
102	159	1.65624
102	168	1.94033
102	172	1.38224
102	179	1.68121
102	180	2.97439
103	36	0.813752
103	64	0.844448
103	75	0.796315
103	79	0.796045
103	83	0.795733
103	86	0.841661
103	102	0.861388
103	106	1.90408
103	112	0.846736
103	113	0.811042
103	114	0.820766
103	116	0.854209
103	119	0.865574
103	120	0.846051
103	121	0.846033
103	125	0.83868
103	126	1.37915
103	141	2.09243
103	143	1.38104
103	145	2.77159
103	176	2.79547
103	178	0.740546
104	20	0.764768
104	22	1.21805
104	24	1.50826
104	59	1.21547
104	75	1.63306
104	80	0.840946
104	88	1.72458
104	119	1.30881
104	131	0.856784
104	140	0.855603
104	145	0.799501
104	147	0.909656
104	150	0.895319
104	161	0.813613
104	165	0.777829
104	168	0.798298
104	171	0.748066
104	172	0.808499
104	173	0.790424
104	175	0.844463
104	176	0.766871
104	179	0.795034
104	180	0.737158
105	24	1.33905
105	39	1.26729
105	48	1.51487
105	88	1.55537
105	91	0.89493
105	95	0.82388
105	117	1.19239
105	134	0.858732
105	138	1.14983
105	140	0.855608
105	148	0.824947
105	149	0.898598
105	159	0.788496
105	160	0.831212
105	164	0.792195
105	166	0.783597
105	170	0.788489
105	171	0.748071
105	173	0.790429
105	174	0.736803
105	175	0.844468
105	179	0.795039
105	180	0.737163
106	65	1.8005
106	83	1.67224
106	85	1.93957
106	103	1.90408
106	127	1.26532
106	134	0.824524
106	148	0.79074
106	151	0.770936
106	156	0.852377
106	158	0.738463
106	159	0.754288
106	160	0.797005
106	161	0.779411
106	164	0.757988
106	166	0.74939
106	168	0.764096
106	171	0.713864
106	172	0.774297
106	174	0.702596
106	175	0.810261
106	176	0.732669
106	179	0.760832
106	180	0.702956
107	23	0.883555
107	39	1.04667
107	67	0.881435
107	84	0.872907
107	85	0.870101
107	91	1.57191
107	99	1.27995
107	108	0.855307
107	109	0.866366
107	118	0.874936
107	127	0.881876
107	133	0.878959
107	137	0.895454
107	144	0.856829
107	147	1.49273
107	150	1.35744
107	162	0.750041
107	163	0.882841
107	167	1.58105
107	169	0.761359
107	171	3.18405
107	175	1.67959
107	177	0.731804
108	17	0.883819
108	23	0.865466
108	39	1.02858
108	84	0.854819
108	85	0.852013
108	95	1.4242
108	101	0.843398
108	107	0.855307
108	109	0.848278
108	118	0.856847
108	126	0.655024
108	127	0.863788
108	133	0.860871
108	137	0.877366
108	144	0.838741
108	154	3.68156
108	162	0.731952
108	163	0.864753
108	169	0.743271
108	170	2.20087
108	173	1.86436
108	177	0.713715
108	178	1.68285
108	179	1.72228
109	34	1.60136
109	40	1.53302
109	45	0.907883
109	51	0.8723
109	56	0.866679
109	60	1.03813
109	61	0.87035
109	98	1.64907
109	107	0.866366
109	108	0.848278
109	116	1.16066
109	117	1.04152
109	118	0.867906
109	155	0.796589
109	157	0.735256
109	163	0.875812
109	167	0.847957
109	171	0.728287
109	172	0.78872
109	174	0.717019
109	176	0.747092
109	177	0.724774
109	180	0.717379
110	34	0.901543
110	88	0.920648
110	90	0.914907
110	92	0.922225
110	93	0.920641
110	94	0.899344
110	100	0.756507
110	111	0.90294
110	115	0.924651
110	117	0.92173
110	122	0.872661
110	124	0.906081
110	129	0.681518
110	133	0.923405
110	139	0.902185
110	149	0.961123
110	154	3.72841
110	155	1.67899
110	163	0.927286
110	167	0.899431
110	169	0.805804
110	170	2.24772
110	177	2.83194
110	178	0.821379
111	34	0.842197
111	62	0.915827
111	88	0.861302
111	90	0.855562
111	92	0.86288
111	93	0.861295
111	94	0.839998
111	98	0.839261
111	110	0.90294
111	115	0.865305
111	117	0.862385
111	122	0.813316
111	124	0.846735
111	134	1.53777
111	136	1.25989
111	137	1.34166
111	154	4.09069
111	159	2.10644
111	161	1.86273
111	163	0.867941
111	167	0.840086
111	169	0.746459
111	175	1.53642
111	178	0.762033
112	37	0.797335
112	54	0.908722
112	64	0.890564
112	68	0.884976
112	103	0.846736
112	113	0.857158
112	119	0.911691
112	120	0.892167
112	121	0.892149
112	127	0.891605
112	128	0.907706
112	132	1.72565
112	133	0.888688
112	137	1.34378
112	138	0.862556
112	144	1.39798
112	153	2.4722
112	154	0.723783
112	155	2.04339
112	157	0.752014
112	158	2.51278
112	163	0.89257
112	172	1.83456
113	17	0.875941
113	37	0.761641
113	54	0.873028
113	64	0.854869
113	67	0.85547
113	68	0.849282
113	81	1.72119
113	103	0.811042
113	112	0.857158
113	119	0.875996
113	120	0.856473
113	121	0.856454
113	127	0.85591
113	128	0.872012
113	133	0.852994
113	135	1.95813
113	136	1.56091
113	138	0.826861
113	142	2.0202
113	143	1.36706
113	151	2.49658
113	154	0.688089
113	155	2.34229
113	157	0.71632
113	163	0.856875
114	15	0.871585
114	20	0.735777
114	36	0.833898
114	43	0.903724
114	46	0.817728
114	70	0.826654
114	72	0.837517
114	77	1.18239
114	89	0.864627
114	96	0.834816
114	101	0.845244
114	102	0.881534
114	103	0.820766
114	116	0.874355
114	125	0.858825
114	132	2.06156
114	138	0.836585
114	140	1.9064
114	142	0.786377
114	144	0.840587
114	148	2.26665
114	151	2.53359
114	152	2.04108
114	153	0.728933
114	156	1.54194
115	34	0.863908
115	88	0.883013
115	90	0.877272
115	92	0.884591
115	93	0.883006
115	94	0.861709
115	98	0.860972
115	110	0.924651
115	111	0.865305
115	117	0.884095
115	122	0.835027
115	124	0.868446
115	128	0.904788
115	131	1.75412
115	133	0.88577
115	140	1.70086
115	144	1.52835
115	150	1.34677
115	151	2.32806
115	152	1.83554
115	163	0.889652
115	164	2.36768
115	167	0.861797
115	169	0.76817
115	178	0.783744
115	179	2.2639
116	15	0.905029
116	20	0.76922
116	36	0.867341
116	43	0.937168
116	46	0.851171
116	70	0.860098
116	72	0.87096
116	77	0.894982
116	87	0.908746
116	89	0.89807
116	96	0.868259
116	102	0.914977
116	103	0.854209
116	109	1.16066
116	114	0.874355
116	123	1.26422
116	125	0.892269
116	138	0.870028
116	139	1.31509
116	142	0.81982
116	144	0.87403
116	145	2.50721
116	148	1.97925
116	149	1.37402
116	153	0.762376
116	180	3.47521
117	34	0.860987
117	62	0.934617
117	88	0.880092
117	90	0.874352
117	91	1.36022
117	92	0.88167
117	93	0.880085
117	94	0.858788
117	98	0.858051
117	105	1.19239
117	109	1.04152
117	110	0.92173
117	111	0.862385
117	115	0.884095
117	122	0.832106
117	124	0.865525
117	128	0.901867
117	156	1.13539
117	160	1.61397
117	163	0.886731
117	165	2.43566
117	167	0.858876
117	169	0.765249
117	175	1.4679
117	177	3.1257
117	178	0.780823
118	17	0.903447
118	23	0.885095
118	39	1.04821
118	67	0.882976
118	84	0.874447
118	85	0.871641
118	101	0.863026
118	107	0.874936
118	108	0.856847
118	109	0.867906
118	127	0.883416
118	128	1.47857
118	129	1.54686
118	130	1.84521
118	133	0.8805
118	135	2.16017
118	137	0.896994
118	140	2.07143
118	144	0.858369
118	147	1.85262
118	149	1.82647
118	162	0.751581
118	163	0.884381
118	169	0.762899
118	172	2.3355
118	177	0.733344
119	3	0.994788
119	37	0.816173
119	54	0.92756
119	64	0.909402
119	67	0.910002
119	68	0.903814
119	103	0.865574
119	104	1.30881
119	112	0.911691
119	113	0.875996
119	120	0.911005
119	121	0.910987
119	127	0.910443
119	128	0.926544
119	133	0.907526
119	137	1.22036
119	138	0.881393
119	149	1.2021
119	150	1.09297
119	151	2.07426
119	154	0.742621
119	157	0.770852
119	163	0.911408
119	174	3.26067
119	176	2.35917
120	17	0.91095
120	37	0.79665
120	54	0.908037
120	64	0.889878
120	67	0.890479
120	68	0.884291
120	97	1.34107
120	100	1.1096
120	103	0.846051
120	112	0.892167
120	113	0.856473
120	119	0.911005
120	121	0.891463
120	127	0.89092
120	128	0.907021
120	133	0.888003
120	135	1.64793
120	138	0.86187
120	141	1.76825
120	152	1.69386
120	154	0.723098
120	155	2.03208
120	157	0.751329
120	163	0.891884
120	173	2.26431
120	179	2.12222
121	17	0.910932
121	33	0.434918
121	37	0.796631
121	54	0.908018
121	64	0.88986
121	66	1.20517
121	67	0.89046
121	68	0.884272
121	103	0.846033
121	112	0.892149
121	113	0.856454
121	119	0.910987
121	120	0.891463
121	127	0.890901
121	128	0.907002
121	133	0.887984
121	138	0.861852
121	144	1.45128
121	146	1.30906
121	149	1.37883
121	150	1.2697
121	154	0.72308
121	157	0.75131
121	163	0.891866
121	174	3.4374
121	180	3.48002
122	32	0.599813
122	34	0.811918
122	62	0.885548
122	88	0.831023
122	90	0.825283
122	92	0.832601
122	93	0.831016
122	94	0.80972
122	98	0.808982
122	110	0.872661
122	111	0.813316
122	115	0.835027
122	117	0.832106
122	124	0.816456
122	128	0.852798
122	133	0.83378
122	141	1.84655
122	147	1.41868
122	162	2.72495
122	163	0.837662
122	167	0.809807
122	169	0.71618
122	173	2.34261
122	174	3.4511
122	175	1.60554
122	178	0.731754
123	2	1.9222
123	7	0.769844
123	10	0.885617
123	17	1.81832
123	27	0.829586
123	55	0.862204
123	60	1.14168
123	71	0.879264
123	75	0.816625
123	79	0.816356
123	82	0.856109
123	83	0.816043
123	86	0.861971
123	92	1.03232
123	116	1.26422
123	127	0.865799
123	133	1.17315
123	136	0.860072
123	139	0.8818
123	160	0.80238
123	161	0.784786
123	163	0.83651
123	164	0.763363
123	172	0.779672
123	178	0.760856
123	180	0.708331
124	34	0.845338
124	44	0.264162
124	62	0.918967
124	88	0.864443
124	90	0.858702
124	92	0.86602
124	93	0.864436
124	94	0.843139
124	98	0.842402
124	110	0.906081
124	111	0.846735
124	115	0.868446
124	117	0.865525
124	122	0.816456
124	128	0.886218
124	133	0.8672
124	157	2.72453
124	161	1.64685
124	163	0.871081
124	165	2.28831
124	167	0.843226
124	168	2.17465
124	169	0.749599
124	172	1.61657
124	175	1.32055
124	177	2.97835
124	178	0.765174
125	15	0.889499
125	20	0.75369
125	36	0.851812
125	43	0.921638
125	46	0.835642
125	70	0.844568
125	72	0.85543
125	80	1.34819
125	87	0.893216
125	89	0.88254
125	96	0.85273
125	101	0.863158
125	102	0.899448
125	103	0.83868
125	114	0.858825
125	116	0.892269
125	128	0.847765
125	138	0.854499
125	142	0.80429
125	144	0.858501
125	153	0.746847
125	164	2.10744
125	165	2.37644
125	166	2.59566
125	167	1.31014
125	168	2.26278
125	169	2.18274
126	44	1.05552
126	45	0.863915
126	71	1.4222
126	72	1.28766
126	89	1.48393
126	94	1.18574
126	103	1.37915
126	108	0.655024
126	133	1.02371
126	135	0.925135
126	149	0.967588
126	150	0.964315
126	151	0.874134
126	156	0.955575
126	159	0.857486
126	161	0.882609
126	163	0.687069
126	164	0.861186
126	165	0.846825
126	166	0.852588
126	168	0.867294
126	171	0.817062
126	172	0.877495
126	173	0.85942
126	174	0.805794
126	176	0.835867
126	179	0.86403
126	180	0.806154
127	3	0.792331
127	11	0.868732
127	12	0.87828
127	18	0.883326
127	55	0.886762
127	57	0.871001
127	68	0.883728
127	71	0.903822
127	85	0.878582
127	106	1.26532
127	107	0.881876
127	108	0.863788
127	112	0.891605
127	113	0.85591
127	118	0.883416
127	119	0.910443
127	120	0.89092
127	121	0.890901
127	123	0.865799
127	130	1.01839
127	153	2.14632
127	163	0.891322
127	164	1.91143
127	165	2.18042
127	167	1.11412
127	169	0.76984
127	170	2.28624
127	177	0.740285
127	180	3.10083
128	2	1.68412
128	38	0.668952
128	41	1.97619
128	50	1.87357
128	51	0.823568
128	63	1.25197
128	89	1.39529
128	90	0.895044
128	112	0.907706
128	113	0.872012
128	115	0.904788
128	117	0.901867
128	118	1.47857
128	119	0.926544
128	120	0.907021
128	121	0.907002
128	122	0.852798
128	124	0.886218
128	125	0.847765
128	143	0.927372
128	155	0.828201
128	157	0.766868
128	161	0.825445
128	163	0.907424
128	168	0.81013
128	169	0.785941
128	170	0.800317
128	172	0.820331
128	178	0.801516
128	180	0.74899
129	30	1.25012
129	50	1.94186
129	52	1.11169
129	67	1.5607
129	82	1.52271
129	90	1.11218
129	110	0.681518
129	118	1.54686
129	132	0.866562
129	134	0.899488
129	136	0.92966
129	143	0.956301
129	146	0.974138
129	147	0.950418
129	148	0.865703
129	156	0.927341
129	158	0.813427
129	159	0.829252
129	163	0.666714
129	164	0.832952
129	165	0.818591
129	168	0.839059
129	171	0.788828
129	172	0.84926
129	174	0.777559
129	175	0.885224
129	176	0.807633
129	177	0.785315
129	179	0.835795
129	180	0.777919
130	16	2.01731
130	22	1.13009
130	56	1.50757
130	75	1.5451
130	87	1.05515
130	98	1.88118
130	118	1.84521
130	127	1.01839
130	139	0.917563
130	147	0.916592
130	149	0.905528
130	150	0.902255
130	151	0.812074
130	152	0.849389
130	158	0.779601
130	159	0.795426
130	160	0.838143
130	161	0.820549
130	165	0.784765
130	169	0.781045
130	170	0.79542
130	171	0.755002
130	172	0.815435
130	173	0.79736
130	174	0.743734
130	175	0.851399
130	176	0.773807
130	178	0.796619
130	179	0.80197
130	180	0.744094
131	47	1.34982
131	49	1.29923
131	57	1.85925
131	97	0.8489
131	104	0.856784
131	115	1.75412
131	132	0.78369
131	133	1.58118
131	134	0.816615
131	135	0.814028
131	138	1.51054
131	145	0.75739
131	147	0.867545
131	149	0.856481
131	151	0.763027
131	156	0.844468
131	157	0.712924
131	159	0.746379
131	161	0.771502
131	163	1.24454
131	164	0.750079
131	165	0.735718
131	166	0.741481
131	170	0.746373
131	172	0.766388
131	173	0.748313
131	174	0.694686
131	175	0.802352
131	176	0.72476
131	179	0.752923
131	180	0.695047
132	7	2.37518
132	33	0.874694
132	39	1.72992
132	94	1.84512
132	98	2.26256
132	112	1.72565
132	114	2.06156
132	129	0.866562
132	131	0.78369
132	141	0.758405
132	143	0.842445
132	145	0.726407
132	147	0.836562
132	148	0.751847
132	151	0.732044
132	156	0.813485
132	158	0.699571
132	160	0.758113
132	161	0.740519
132	164	0.719096
132	165	0.704735
132	168	0.725204
132	170	0.71539
132	171	0.674972
132	172	0.735405
132	173	0.71733
132	174	0.663704
132	175	0.771369
132	179	0.72194
132	180	0.664064
133	37	0.79317
133	84	0.878471
133	85	0.875665
133	88	0.881767
133	94	0.860463
133	98	0.859726
133	107	0.878959
133	108	0.860871
133	110	0.923405
133	112	0.888688
133	113	0.852994
133	115	0.88577
133	118	0.8805
133	119	0.907526
133	120	0.888003
133	121	0.887984
133	122	0.83378
133	123	1.17315
133	124	0.8672
133	126	1.02371
133	131	1.58118
133	142	1.67874
133	157	0.74785
133	160	1.64205
133	161	1.82228
133	162	0.755605
133	163	0.888405
133	166	2.68296
133	169	0.766923
133	173	2.23305
133	175	1.49598
133	176	2.44003
133	177	0.737368
133	178	0.782498
134	14	0.833688
134	19	1.76007
134	39	1.54415
134	47	1.26597
134	73	1.88442
134	89	1.95754
134	99	0.829527
134	101	1.88376
134	105	0.858732
134	106	0.824524
134	111	1.53777
134	129	0.899488
134	131	0.816615
134	136	0.84873
134	139	0.870459
134	145	0.759332
134	149	0.858424
134	151	0.76497
134	155	0.7762
134	156	0.84641
134	158	0.732497
134	162	0.722622
134	163	1.16068
134	164	0.752022
134	168	0.758129
134	169	0.73394
134	171	0.707897
134	172	0.76833
134	173	0.750255
134	174	0.696629
134	175	0.804294
134	176	0.726703
134	179	0.754865
134	180	0.696989
135	4	1.97631
135	5	1.37521
135	26	1.53063
135	44	0.943765
135	45	1.45687
135	57	1.89474
135	97	0.848255
135	113	1.95813
135	118	2.16017
135	120	1.64793
135	126	0.925135
135	131	0.814028
135	141	0.788744
135	142	0.772613
135	146	0.89062
135	147	0.8669
135	148	0.782186
135	155	0.773613
135	158	0.72991
135	159	0.745735
135	160	0.788451
135	164	0.749434
135	165	0.735074
135	166	0.740836
135	168	0.755542
135	170	0.745729
135	171	0.70531
135	172	0.765743
135	173	0.747668
135	174	0.694042
135	175	0.801707
135	176	0.724115
135	177	0.701798
135	179	0.752278
135	180	0.694402
136	4	1.57909
136	6	0.957929
136	41	2.26056
136	46	1.65774
136	68	1.50696
136	73	1.60654
136	85	1.61038
136	111	1.25989
136	113	1.56091
136	123	0.860072
136	129	0.92966
136	134	0.84873
136	145	0.789504
136	146	0.92338
136	147	0.89966
136	149	0.888596
136	151	0.795142
136	152	0.832457
136	154	0.716808
136	156	0.876583
136	158	0.762669
136	159	0.778494
136	160	0.821211
136	164	0.782194
136	165	0.767833
136	168	0.788302
136	170	0.778488
136	172	0.798503
136	173	0.780428
136	174	0.726801
136	175	0.834467
136	176	0.756875
136	177	0.734557
136	179	0.785038
136	180	0.727162
137	5	1.05976
137	7	1.99331
137	21	0.920495
137	25	0.884499
137	30	0.876094
137	38	1.0351
137	40	0.851595
137	50	0.8481
137	62	1.79649
137	63	0.886339
137	66	0.913099
137	69	1.4975
137	81	0.823681
137	82	1.82057
137	84	0.894966
137	85	0.89216
137	102	0.891462
137	107	0.895454
137	108	0.877366
137	111	1.34166
137	112	1.34378
137	118	0.896994
137	119	1.22036
137	163	0.9049
