1	4	0.726289
1	94	1.16266
1	117	0.713439
1	125	0.676583
1	140	0.748803
1	157	0.728175
1	169	1.24152
1	172	1.23716
1	173	1.21612
1	177	1.17851
1	179	1.17598
1	180	1.18805
2	16	1.29523
2	22	1.13082
2	39	1.1471
2	48	1.2346
2	79	1.20113
2	93	0.731823
2	106	0.746173
2	135	1.15655
2	163	0.736756
2	168	0.662352
2	169	1.23457
2	179	0.72988
3	54	1.20267
3	67	1.1673
3	87	1.15689
3	94	1.1843
3	95	0.720457
3	122	0.739783
3	148	1.23449
3	154	1.1912
3	169	1.26316
3	170	0.718174
3	175	0.709354
3	176	0.719072
4	1	0.726289
4	15	1.10008
4	46	1.30008
4	58	1.22463
4	74	1.13102
4	76	1.26134
4	146	1.16052
4	150	0.730999
4	168	0.682911
4	172	1.22233
4	178	0.733337
4	180	0.731949
5	27	1.08995
5	72	1.00796
5	74	0.976
5	76	1.10632
5	78	1.07796
5	98	0.891511
5	120	1.02172
5	128	0.880818
5	158	0.933377
5	168	1.0528
5	172	1.0673
5	180	0.899676
6	22	1.15089
6	39	1.16717
6	48	1.25467
6	68	0.729521
6	79	1.2212
6	106	0.755466
6	113	0.666376
6	135	1.17662
6	138	0.730883
6	147	1.1748
6	169	1.25464
6	174	0.724662
7	17	1.17947
7	40	1.2211
7	57	1.11353
7	66	1.18353
7	75	1.18353
7	135	0.739696
7	150	0.721829
7	168	0.673741
7	170	0.744762
7	172	1.26994
7	173	1.2489
7	174	0.726757
8	85	0.751174
8	96	1.14142
8	100	1.24956
8	103	1.17119
8	117	1.19665
8	123	1.17081
8	125	1.28404
8	130	1.18633
8	163	0.752609
8	168	0.678206
8	169	0.674724
8	176	0.750124
9	86	1.16801
9	90	1.21958
9	108	1.17244
9	120	1.21258
9	146	0.729371
9	151	0.734155
9	154	1.19056
9	168	1.24366
9	169	0.671807
9	171	1.19318
9	176	0.747208
9	180	0.724327
10	53	1.00431
10	61	1.07315
10	81	1.10522
10	92	1.06388
10	101	1.01352
10	102	1.0979
10	104	0.875055
10	105	1.01352
10	149	1.0285
10	160	0.91705
10	168	0.871174
10	170	0.942194
11	74	1.17286
11	101	1.18124
11	105	1.18124
11	116	0.707891
11	156	1.18487
11	157	1.20794
11	158	0.745191
11	160	0.708328
11	162	1.2077
11	172	1.26416
11	174	0.715467
11	179	0.729979
12	37	1.20594
12	43	1.20897
12	45	1.15439
12	47	1.15494
12	62	1.183
12	64	1.18472
12	71	1.30803
12	111	0.696667
12	148	0.721574
12	163	0.755022
12	169	0.677137
12	171	0.756537
13	15	1.10008
13	46	1.30008
13	58	1.22463
13	74	1.13102
13	76	1.26134
13	144	0.717216
13	146	1.16052
13	148	0.712076
13	164	0.740701
13	171	0.74704
13	172	1.22233
13	173	0.689821
14	88	1.02397
14	103	1.02985
14	107	1.03072
14	113	0.875865
14	117	1.05531
14	123	1.02947
14	125	1.1427
14	130	1.04499
14	154	1.04299
14	168	0.881135
14	173	0.899835
14	179	0.948663
15	4	1.10008
15	13	1.10008
15	46	1.2334
15	58	1.15795
15	74	1.06434
15	76	1.19466
15	114	0.759531
15	146	1.09384
15	163	0.791317
15	170	0.787935
15	172	1.15565
15	175	0.779115
15	176	0.788832
16	2	1.29523
16	39	1.25978
16	48	1.34728
16	79	1.31381
16	104	0.610086
16	135	1.26923
16	145	0.628891
16	147	1.26741
16	150	0.654292
16	166	0.664383
16	169	1.34725
16	171	0.682123
16	175	0.668405
17	7	1.17947
17	38	1.29551
17	56	1.03819
17	57	1.03101
17	66	1.10101
17	75	1.10101
17	95	0.803044
17	137	0.750064
17	160	0.775616
17	165	0.776488
17	172	1.18742
17	173	1.16638
17	176	0.801658
18	21	0.801913
18	51	0.772766
18	90	0.750737
18	94	0.787421
18	106	1.11443
18	160	1.15135
18	162	0.780024
18	170	1.13306
18	176	1.12919
18	177	1.13984
18	178	1.14544
18	179	1.13731
18	180	1.14938
19	59	0.878871
19	70	0.689728
19	87	1.08428
19	94	1.11169
19	100	1.18382
19	116	0.772425
19	125	1.2183
19	130	1.12059
19	135	0.792941
19	156	1.10691
19	161	1.14467
19	162	1.12974
19	177	0.772999
20	140	1.14418
20	145	0.752664
20	149	1.13094
20	150	0.778066
20	152	1.13441
20	156	1.1196
20	157	1.14267
20	159	1.12841
20	161	1.15736
20	162	1.14243
20	165	0.776727
20	176	0.801897
20	179	0.797506
21	18	0.801913
21	36	1.13414
21	49	1.07449
21	50	1.13414
21	51	1.13414
21	72	1.12768
21	78	1.19768
21	111	0.741991
21	112	0.782374
21	146	1.12522
21	163	0.800346
21	168	1.17252
21	174	0.778959
22	2	1.13082
22	6	1.15089
22	39	1.09537
22	48	1.18287
22	79	1.1494
22	93	0.798073
22	135	1.10482
22	147	1.103
22	148	0.769558
22	151	0.787469
22	169	1.18284
22	171	0.804521
22	173	0.747303
23	36	1.13414
23	49	1.07449
23	50	1.13414
23	51	1.13414
23	72	1.12768
23	78	1.19768
23	111	0.755607
23	146	1.12522
23	155	0.811031
23	168	1.17252
23	169	0.736077
23	171	0.815478
23	180	0.788597
24	47	1.09727
24	56	1.04892
24	62	1.12533
24	64	1.12705
24	93	0.785893
24	94	1.12365
24	163	0.790826
24	165	0.763171
24	169	1.20251
24	172	1.19816
24	173	1.17712
24	175	0.778623
24	176	0.788341
25	83	0.763965
25	114	0.765206
25	124	0.811988
25	134	1.14951
25	143	1.12295
25	152	1.13485
25	156	1.12004
25	157	1.14311
25	159	1.12885
25	161	1.1578
25	162	1.14287
25	166	0.780767
25	175	0.784789
26	49	1.17723
26	67	1.19826
26	87	1.18785
26	117	1.23448
26	123	1.20864
26	130	1.22416
26	134	0.963825
26	155	0.65385
26	163	0.656781
26	168	1.27526
26	169	1.29412
26	171	0.658296
26	175	0.644578
26	177	0.62839
27	5	1.08995
27	31	0.782206
27	90	1.26194
27	108	1.2148
27	110	0.67336
27	120	1.25495
27	148	0.671376
27	149	1.23259
27	163	1.23073
27	164	0.700002
27	171	1.23554
27	173	1.27949
27	174	0.683438
27	179	0.69795
28	62	0.731736
28	134	0.653975
28	140	0.701681
28	147	0.689538
28	149	0.707921
28	153	0.707236
28	158	1.20973
28	170	1.22038
28	175	1.23213
28	176	1.21651
28	177	1.22716
28	178	1.23276
28	179	1.22463
28	180	1.2367
29	69	1.08499
29	85	0.866325
29	86	1.06036
29	90	1.11193
29	104	0.797238
29	108	1.0648
29	118	0.845199
29	120	1.10494
29	147	1.07504
29	154	1.08292
29	171	1.08553
29	173	1.12948
29	175	0.855557
29	180	0.842394
30	37	1.09712
30	43	1.10016
30	45	1.04558
30	47	1.04613
30	62	1.07418
30	64	1.07591
30	68	1.07223
30	71	1.19922
30	98	1.08948
30	111	0.836746
30	145	0.843384
30	168	0.820698
30	173	0.839398
30	177	0.866711
31	27	0.782206
31	41	0.831981
31	74	0.861541
31	122	1.07472
31	153	0.862765
31	162	0.855839
31	165	1.09759
31	170	1.08287
31	175	1.09462
31	176	1.079
31	177	1.08965
31	178	1.09525
31	179	1.08712
31	180	1.09919
32	38	1.38812
32	40	1.23119
32	56	1.1308
32	57	1.12362
32	66	1.19362
32	75	1.19362
32	113	0.649139
32	114	0.697026
32	118	0.706251
32	155	0.725881
32	172	1.28003
32	173	1.25899
32	176	0.726327
32	180	0.703447
33	42	1.23201
33	44	1.23201
33	67	1.19882
33	87	1.18841
33	94	1.21582
33	131	0.683137
33	145	0.665086
33	153	1.21553
33	154	1.22272
33	158	0.725139
33	163	0.716803
33	169	1.29468
33	170	0.713421
33	175	0.704601
34	53	1.13017
34	60	1.07563
34	77	1.2233
34	81	1.23108
34	92	1.18974
34	95	0.77377
34	101	1.13939
34	102	1.22376
34	105	1.13939
34	129	0.762693
34	153	1.14752
34	163	0.77487
34	169	0.696984
34	174	0.753482
34	177	0.746479
35	53	1.13457
35	60	1.08003
35	61	1.20342
35	63	1.14438
35	77	1.2277
35	92	1.19414
35	95	0.766692
35	101	1.14379
35	102	1.22817
35	105	1.14379
35	135	0.759343
35	165	0.740137
35	167	0.739905
35	174	0.746405
35	175	0.755589
36	21	1.13414
36	23	1.13414
36	49	1.11247
36	50	1.17212
36	51	1.17212
36	72	1.16566
36	78	1.23566
36	141	0.756621
36	144	0.743766
36	146	1.1632
36	148	0.738626
36	167	0.744187
36	168	1.2105
36	175	0.759872
36	179	0.765199
37	12	1.20594
37	30	1.09712
37	45	1.12657
37	47	1.12712
37	62	1.15517
37	64	1.15689
37	71	1.2802
37	85	0.713141
37	98	1.17047
37	114	0.68279
37	127	1.18053
37	136	0.715998
37	159	1.04798
37	167	0.68669
37	173	0.658873
38	17	1.29551
38	32	1.38812
38	56	1.23675
38	57	1.22957
38	66	1.29957
38	75	1.29957
38	122	0.674544
38	144	0.62801
38	146	0.635996
38	160	0.627791
38	166	0.640093
38	172	1.38598
38	173	1.36494
38	176	0.653833
38	179	0.649443
39	2	1.1471
39	6	1.16717
39	16	1.25978
39	22	1.09537
39	48	1.19916
39	79	1.16569
39	113	0.632896
39	117	1.03196
39	127	1.1473
39	147	1.11929
39	155	0.709638
39	164	0.707746
39	169	1.19913
39	170	0.709187
39	171	0.714085
40	7	1.2211
40	32	1.23119
40	56	1.07981
40	57	1.07263
40	66	1.14263
40	75	1.14263
40	136	1.17294
40	146	0.768426
40	163	0.788748
40	165	0.761093
40	168	0.714344
40	169	0.710862
40	172	1.22905
40	173	1.20801
40	178	0.76477
41	31	0.831981
41	86	1.13251
41	90	1.18408
41	108	1.13695
41	120	1.17709
41	127	0.713589
41	135	1.14901
41	136	0.75602
41	163	1.15287
41	164	0.749776
41	168	1.20817
41	171	1.15769
41	173	1.20163
41	177	0.726209
41	180	0.729234
42	33	1.23201
42	44	1.16126
42	67	1.12807
42	68	0.760824
42	87	1.11765
42	94	1.14507
42	111	0.718997
42	131	0.743686
42	141	0.761899
42	144	0.749044
42	148	1.19526
42	153	1.14478
42	154	1.15197
42	169	1.22393
42	170	0.773969
43	12	1.20897
43	30	1.10016
43	45	1.1296
43	47	1.13015
43	62	1.1582
43	64	1.15993
43	68	1.15625
43	71	1.28324
43	98	1.1735
43	128	0.733182
43	144	0.749097
43	148	0.743956
43	150	0.751089
43	171	0.77892
43	180	0.752039
44	33	1.23201
44	42	1.16126
44	67	1.12807
44	87	1.11765
44	94	1.14507
44	129	0.75624
44	146	0.748096
44	148	1.19526
44	151	0.75288
44	153	1.14478
44	154	1.15197
44	163	0.768417
44	169	1.22393
44	171	0.769932
44	173	0.712714
45	12	1.15439
45	30	1.04558
45	37	1.12657
45	43	1.1296
45	47	1.07557
45	62	1.10362
45	64	1.10535
45	68	1.10167
45	71	1.22866
45	118	0.795089
45	127	1.12898
45	163	0.817651
45	164	0.812828
45	173	0.761947
45	175	0.805448
45	176	0.815166
46	4	1.30008
46	13	1.30008
46	15	1.2334
46	58	1.35795
46	74	1.26434
46	76	1.39466
46	144	0.63566
46	146	1.29384
46	148	0.63052
46	158	0.672304
46	163	0.663968
46	168	0.589565
46	170	0.660585
46	172	1.35565
46	179	0.657093
47	12	1.15494
47	24	1.09727
47	30	1.04613
47	37	1.12712
47	43	1.13015
47	45	1.07557
47	59	0.881362
47	62	1.10417
47	64	1.1059
47	71	1.22921
47	116	0.774916
47	118	0.781319
47	127	1.12953
47	158	0.812216
47	178	0.779903
47	180	0.778514
48	2	1.2346
48	6	1.25467
48	16	1.34728
48	22	1.18287
48	39	1.19916
48	79	1.25319
48	127	1.2348
48	141	0.694558
48	147	1.20679
48	164	0.705188
48	169	1.28663
48	173	0.654307
48	177	0.68162
48	178	0.686034
48	179	0.703136
48	180	0.684645
49	21	1.07449
49	23	1.07449
49	26	1.17723
49	36	1.11247
49	50	1.11247
49	51	1.11247
49	72	1.106
49	78	1.176
49	113	0.75262
49	118	0.809732
49	138	0.817127
49	144	0.803985
49	146	1.10355
49	165	0.804639
49	168	1.15084
49	175	0.820091
50	21	1.13414
50	23	1.13414
50	36	1.17212
50	49	1.11247
50	51	1.17212
50	72	1.16566
50	78	1.23566
50	111	0.715531
50	136	0.775307
50	144	0.745578
50	146	1.1632
50	148	0.740437
50	163	0.773886
50	166	0.757661
50	168	1.2105
51	18	0.772766
51	21	1.13414
51	23	1.13414
51	36	1.17212
51	49	1.11247
51	50	1.17212
51	72	1.16566
51	78	1.23566
51	116	0.742236
51	146	1.1632
51	167	0.743313
51	168	1.2105
51	173	0.715496
51	176	0.768715
51	179	0.764324
52	125	0.74238
52	143	0.821069
52	149	0.820839
52	153	0.820154
52	155	1.1024
52	156	0.801289
52	161	0.786145
52	164	1.12324
52	165	1.12674
52	174	1.12791
52	175	1.12377
52	176	1.10815
52	177	1.1188
52	178	1.12439
52	179	1.11626
52	180	1.12833
53	10	1.00431
53	34	1.13017
53	35	1.13457
53	60	1.03906
53	77	1.18673
53	81	1.19452
53	101	1.10282
53	102	1.1872
53	105	1.10282
53	127	0.787606
53	144	0.800309
53	145	0.7769
53	149	1.1178
53	165	0.800962
53	166	0.812392
53	171	0.830132
54	3	1.20267
54	79	1.19266
54	86	1.13159
54	87	1.11983
54	94	1.14725
54	120	1.17617
54	138	0.693743
54	150	0.682594
54	153	1.14696
54	156	1.05035
54	169	1.2261
54	171	1.15676
54	174	0.687523
54	176	0.706425
54	178	0.684933
55	97	1.23162
55	98	0.723554
55	121	1.20012
55	138	0.741918
55	142	1.17032
55	148	0.723636
55	152	1.18355
55	156	1.16874
55	157	1.1918
55	159	1.17755
55	161	1.2065
55	162	1.19157
55	163	1.17823
55	164	0.752261
55	168	0.682681
55	170	0.753702
55	180	0.731719
56	17	1.03819
56	24	1.04892
56	32	1.1308
56	38	1.23675
56	40	1.07981
56	57	0.972241
56	66	1.04224
56	75	1.04224
56	111	0.827818
56	136	1.07254
56	145	0.834456
56	155	0.883242
56	163	0.886174
56	168	0.81177
56	172	1.12865
56	173	1.10761
56	174	0.864786
57	7	1.11353
57	17	1.03101
57	32	1.12362
57	38	1.22957
57	40	1.07263
57	56	0.972241
57	66	1.03506
57	75	1.03506
57	106	0.905569
57	113	0.816478
57	127	0.855141
57	136	1.06536
57	137	0.842072
57	169	0.818266
57	172	1.12148
57	173	1.10044
57	180	0.870786
58	4	1.22463
58	13	1.22463
58	15	1.15795
58	46	1.35795
58	74	1.18889
58	76	1.3192
58	111	1.22818
58	124	0.713627
58	136	0.700053
58	146	1.21839
58	164	0.693808
58	170	0.695249
58	172	1.28019
58	173	0.642928
58	174	0.677244
58	175	0.686429
59	19	0.878871
59	47	0.881362
59	115	0.878737
59	125	0.78509
59	134	0.809604
59	154	0.861097
59	155	1.06243
59	160	1.09033
59	165	1.08677
59	166	1.08014
59	167	1.09134
59	174	1.08794
59	175	1.0838
59	176	1.06818
59	178	1.08442
59	179	1.07629
59	180	1.08836
60	34	1.07563
60	35	1.08003
60	53	1.03906
60	63	1.04887
60	77	1.13219
60	81	1.13997
60	92	1.09863
60	101	1.04828
60	102	1.13265
60	105	1.04828
60	145	0.818286
60	153	1.05641
60	155	0.867072
60	167	0.842116
60	171	0.871518
60	176	0.867518
60	177	0.841613
61	10	1.07315
61	35	1.20342
61	63	1.17226
61	81	1.26336
61	92	1.22202
61	101	1.17166
61	102	1.25604
61	105	1.17166
61	149	1.18664
61	153	1.1798
61	165	0.713188
61	170	0.73746
61	171	0.742358
61	175	0.72864
61	176	0.738358
61	179	0.733968
61	180	0.715477
62	12	1.183
62	24	1.12533
62	28	0.731736
62	30	1.07418
62	37	1.15517
62	43	1.1582
62	45	1.10362
62	47	1.10417
62	64	1.13395
62	70	0.698222
62	71	1.25726
62	95	0.808784
62	98	1.14753
62	116	0.78092
62	124	0.824879
62	127	1.15759
62	144	0.781575
62	165	0.782229
63	35	1.14438
63	60	1.04887
63	61	1.17226
63	77	1.19654
63	81	1.20433
63	83	0.762518
63	92	1.16298
63	101	1.11263
63	102	1.197
63	105	1.11263
63	136	0.796966
63	149	1.12761
63	153	1.12076
63	160	0.767018
63	174	0.774158
63	177	0.767154
63	178	0.771568
63	180	0.770179
64	12	1.18472
64	24	1.12705
64	30	1.07591
64	37	1.15689
64	43	1.15993
64	45	1.10535
64	47	1.1059
64	62	1.13395
64	68	1.132
64	71	1.25899
64	112	0.781749
64	127	1.15931
64	137	0.745642
64	155	0.79679
64	168	0.725318
64	171	0.801237
64	175	0.787519
64	177	0.771331
65	93	0.786282
65	99	1.15722
65	104	0.720693
65	124	0.806211
65	129	0.779038
65	134	1.15504
65	139	1.1497
65	140	1.15015
65	142	1.12715
65	151	0.775677
65	152	1.14039
65	156	1.12558
65	157	1.14864
65	159	1.13439
65	160	0.762688
65	161	1.16334
65	162	1.1484
65	175	0.779012
66	7	1.18353
66	17	1.10101
66	32	1.19362
66	38	1.29957
66	40	1.14263
66	56	1.04224
66	57	1.03506
66	75	1.10506
66	122	0.811657
66	136	1.13536
66	137	0.739351
66	141	0.777977
66	158	0.801766
66	160	0.764904
66	168	0.719027
66	171	0.794946
66	172	1.19148
66	173	1.17044
67	3	1.1673
67	26	1.19826
67	33	1.19882
67	42	1.12807
67	44	1.12807
67	87	1.08446
67	94	1.11187
67	98	0.768524
67	127	0.761044
67	135	0.793606
67	136	0.803476
67	146	0.781733
67	148	1.16207
67	153	1.11159
67	154	1.11878
67	160	0.773528
67	168	0.727651
67	169	1.19073
68	6	0.729521
68	30	1.07223
68	42	0.760824
68	43	1.15625
68	45	1.10167
68	64	1.132
68	72	1.14376
68	78	1.21376
68	105	0.801966
68	126	0.805629
68	140	0.7633
68	143	0.769769
68	162	0.761929
68	166	1.14577
68	168	1.1886
68	178	1.15005
68	179	1.14192
68	180	1.15399
69	29	1.08499
69	86	1.1222
69	108	1.12663
69	110	0.763213
69	120	1.16677
69	128	0.750455
69	135	1.13869
69	147	1.13687
69	154	1.14475
69	163	1.14256
69	166	0.778453
69	167	0.766791
69	168	1.19785
69	171	1.14737
69	173	1.19132
69	176	0.792193
69	178	0.770701
69	179	0.787803
70	19	0.689728
70	62	0.698222
70	105	0.706833
70	116	1.25167
70	123	0.688823
70	125	0.595948
70	139	0.671451
70	153	0.673722
70	162	0.666797
70	164	1.25571
70	167	1.26379
70	169	1.31427
70	175	1.25624
70	176	1.24062
70	177	1.25127
70	178	1.25687
70	179	1.24874
70	180	1.26081
71	12	1.30803
71	30	1.19922
71	37	1.2802
71	43	1.28324
71	45	1.22866
71	47	1.22921
71	62	1.25726
71	64	1.25899
71	98	1.27257
71	116	0.65559
71	127	1.28262
71	136	0.685975
71	158	0.692889
71	164	0.67973
71	171	0.686069
71	175	0.672351
71	178	0.660576
71	179	0.677678
72	5	1.00796
72	21	1.12768
72	23	1.12768
72	36	1.16566
72	49	1.106
72	50	1.16566
72	51	1.16566
72	68	1.14376
72	78	1.22919
72	104	0.727369
72	144	0.769583
72	146	1.15674
72	158	0.806227
72	160	0.769365
72	168	1.20403
72	171	0.799407
72	173	0.742188
72	176	0.795407
73	96	1.0918
73	100	1.19994
73	103	1.12157
73	107	1.12244
73	112	0.77152
73	117	1.14703
73	123	1.12119
73	125	1.23442
73	130	1.13671
73	136	0.790913
73	144	1.16335
73	147	1.12683
73	151	0.773954
73	154	1.13471
73	166	0.773267
73	167	0.761605
73	175	0.777289
73	177	0.761101
74	4	1.13102
74	5	0.976
74	11	1.17286
74	13	1.13102
74	15	1.06434
74	31	0.861541
74	46	1.26434
74	58	1.18889
74	76	1.2256
74	84	0.770937
74	111	1.13457
74	113	0.704486
74	141	0.768706
74	146	1.12478
74	160	0.755633
74	163	0.78416
74	172	1.18658
74	174	0.762772
75	7	1.18353
75	17	1.10101
75	32	1.19362
75	38	1.29957
75	40	1.14263
75	56	1.04224
75	57	1.03506
75	66	1.10506
75	135	0.786816
75	136	1.13536
75	144	0.766956
75	145	0.743548
75	150	0.768949
75	151	0.779727
75	171	0.79678
75	172	1.19148
75	173	1.17044
75	177	0.766874
76	4	1.26134
76	5	1.10632
76	13	1.26134
76	15	1.19466
76	46	1.39466
76	58	1.3192
76	74	1.2256
76	111	1.26489
76	118	0.665913
76	122	0.706701
76	135	0.680026
76	144	0.660166
76	146	1.2551
76	163	0.688474
76	167	0.660587
76	172	1.3169
76	176	0.685989
76	180	0.663108
77	34	1.2233
77	35	1.2277
77	53	1.18673
77	60	1.13219
77	63	1.19654
77	92	1.2463
77	101	1.19595
77	102	1.28032
77	105	1.19595
77	110	0.712191
77	137	0.689577
77	149	1.21093
77	151	0.728119
77	153	1.20408
77	160	0.715129
77	169	0.665771
77	171	0.745171
77	179	0.736781
77	180	0.71829
78	5	1.07796
78	21	1.19768
78	23	1.19768
78	36	1.23566
78	49	1.176
78	50	1.23566
78	51	1.23566
78	68	1.21376
78	72	1.22919
78	93	0.742803
78	111	0.689381
78	113	0.668063
78	146	1.22674
78	166	0.731511
78	168	1.27403
78	169	0.669851
78	171	0.749251
78	177	0.719346
78	179	0.740861
79	2	1.20113
79	6	1.2212
79	16	1.31381
79	22	1.1494
79	39	1.16569
79	48	1.25319
79	54	1.19266
79	112	0.72022
79	127	1.20133
79	131	0.704526
79	135	1.17513
79	144	0.709884
79	147	1.17331
79	150	0.711876
79	160	0.709665
79	167	0.710305
79	169	1.25315
79	170	0.734809
79	177	0.709801
80	82	1.20917
80	88	1.18301
80	96	1.15912
80	100	1.26726
80	103	1.18889
80	106	0.737663
80	107	1.18976
80	117	1.21435
80	123	1.18851
80	125	1.30174
80	130	1.20404
80	147	1.19415
80	151	0.712709
80	158	0.736582
80	163	0.728246
80	173	0.672543
80	175	0.716044
80	178	0.704269
80	180	0.702881
81	10	1.10522
81	34	1.23108
81	53	1.19452
81	60	1.13997
81	61	1.26336
81	63	1.20433
81	92	1.25409
81	101	1.20373
81	102	1.28811
81	105	1.20373
81	110	0.703647
81	129	0.722934
81	136	0.736532
81	151	0.719574
81	153	1.21187
81	163	0.735111
81	166	0.718887
81	168	0.660708
81	174	0.713724
82	80	1.20917
82	96	1.1069
82	98	1.15989
82	100	1.21504
82	103	1.13667
82	107	1.13754
82	117	1.16213
82	123	1.13629
82	125	1.24952
82	128	0.726148
82	130	1.15181
82	147	1.14193
82	148	1.19311
82	150	0.744056
82	167	0.742484
82	170	0.766989
82	171	0.771886
82	176	0.767886
82	178	0.746394
82	180	0.745006
83	25	0.763965
83	63	0.762518
83	96	0.796486
83	109	0.741955
83	142	0.762509
83	153	0.752356
83	154	0.750589
83	160	1.17492
83	164	1.16786
83	166	1.16473
83	167	1.17593
83	170	1.15664
83	172	0.661454
83	174	1.17253
83	175	1.16838
83	176	1.15277
83	177	1.16341
83	178	1.16901
83	179	1.16088
83	180	1.17295
84	74	0.770937
84	90	0.735948
84	132	0.760198
84	137	1.18691
84	139	0.76989
84	147	0.754463
84	149	0.772846
84	155	1.14953
84	158	1.14849
84	159	0.745258
84	167	1.17844
84	170	1.15915
84	172	0.681259
84	174	1.17504
84	175	1.17089
84	176	1.15527
84	177	1.16592
84	178	1.17152
84	179	1.16339
84	180	1.17546
85	8	0.751174
85	29	0.866325
85	37	0.713141
85	89	0.719316
85	102	0.736948
85	120	0.73135
85	141	1.16936
85	154	0.782181
85	158	1.14788
85	165	1.17325
85	167	1.17782
85	170	1.15853
85	172	0.693046
85	174	1.17442
85	175	1.17028
85	176	1.15466
85	177	1.1653
85	178	1.1709
85	179	1.16277
85	180	1.17484
86	9	1.16801
86	29	1.06036
86	41	1.13251
86	54	1.13159
86	69	1.1222
86	90	1.14914
86	108	1.102
86	120	1.14214
86	124	0.822593
86	128	0.763374
86	129	0.79542
86	147	1.11224
86	149	1.11978
86	154	1.12012
86	167	0.77971
86	168	1.17322
86	173	1.16669
86	174	0.78621
86	177	0.779207
86	178	0.78362
86	179	0.800722
87	3	1.15689
87	19	1.08428
87	26	1.18785
87	33	1.18841
87	42	1.11765
87	44	1.11765
87	54	1.11983
87	67	1.08446
87	94	1.10146
87	113	0.745021
87	137	0.770615
87	144	0.796386
87	145	0.772977
87	146	0.804373
87	148	1.15166
87	153	1.10118
87	154	1.10836
87	160	0.796168
87	169	1.18032
87	174	0.803307
87	176	0.82221
88	14	1.02397
88	80	1.18301
88	96	1.08074
88	100	1.18889
88	103	1.11051
88	107	1.11138
88	117	1.13597
88	123	1.11013
88	125	1.22336
88	130	1.12566
88	138	0.756751
88	147	1.11577
88	148	1.16695
88	154	1.12366
88	163	0.771917
88	164	0.767094
88	167	0.74403
88	169	0.694032
88	171	0.773432
88	172	1.04132
88	175	0.759715
89	85	0.719316
89	114	0.688965
89	126	1.18618
89	129	0.708575
89	133	1.22868
89	138	0.705585
89	139	1.2366
89	140	1.23704
89	142	1.21405
89	143	1.21538
89	148	0.687303
89	152	1.22728
89	156	1.21247
89	157	1.23553
89	158	0.729087
89	159	1.22128
89	161	1.25023
89	162	1.23529
89	165	0.693097
89	173	0.665048
89	179	0.713876
90	9	1.21958
90	18	0.750737
90	27	1.26194
90	29	1.11193
90	41	1.18408
90	84	0.735948
90	86	1.14914
90	108	1.15357
90	120	1.19371
90	135	1.16563
90	145	0.697453
90	149	1.17135
90	154	1.17169
90	158	0.757506
90	164	0.744347
90	168	1.22479
90	171	1.17431
90	173	1.21826
90	174	0.727783
90	176	0.746686
90	178	0.725193
90	180	0.723805
91	95	0.761213
91	104	0.691791
91	110	0.730848
91	115	1.14851
91	124	0.777309
91	133	1.18206
91	134	1.19532
91	140	1.19042
91	142	1.16743
91	143	1.16876
91	150	0.735997
91	152	1.18066
91	156	1.16585
91	157	1.18891
91	159	1.17466
91	161	1.20361
91	162	1.18868
91	169	0.684427
91	172	1.24514
91	176	0.759828
91	177	0.733922
91	180	0.736947
92	10	1.06388
92	34	1.18974
92	35	1.19414
92	60	1.09863
92	61	1.22202
92	63	1.16298
92	77	1.2463
92	81	1.25409
92	93	0.749541
92	101	1.16239
92	102	1.24677
92	105	1.16239
92	113	1.2193
92	118	0.731913
92	131	0.720808
92	146	0.734153
92	149	1.17737
92	158	0.76281
92	163	0.754474
92	169	0.676589
92	171	0.755989
92	177	0.726084
93	2	0.731823
93	22	0.798073
93	24	0.785893
93	65	0.786282
93	78	0.742803
93	92	0.749541
93	120	0.727852
93	123	0.795551
93	139	0.778179
93	141	1.15253
93	151	1.14268
93	163	1.13733
93	164	1.15292
93	165	1.15642
93	167	1.161
93	170	1.1417
93	174	1.1576
93	175	1.15345
93	176	1.13783
93	177	1.14848
93	178	1.15408
93	179	1.14595
93	180	1.15802
94	1	1.16266
94	3	1.1843
94	18	0.787421
94	19	1.11169
94	24	1.12365
94	33	1.21582
94	42	1.14507
94	44	1.14507
94	54	1.14725
94	67	1.11187
94	87	1.10146
94	127	0.744844
94	136	0.787275
94	144	0.757546
94	148	1.17907
94	151	0.770317
94	153	1.12859
94	154	1.13578
94	158	0.79419
94	164	0.781031
94	165	0.758199
94	169	1.20773
94	173	0.730151
95	3	0.720457
95	17	0.803044
95	34	0.77377
95	35	0.766692
95	62	0.808784
95	91	0.761213
95	100	0.695486
95	115	0.800156
95	128	1.16664
95	138	1.15112
95	147	0.766585
95	155	1.13265
95	158	1.13161
95	160	1.16055
95	164	1.15348
95	165	1.15698
95	170	1.14227
95	174	1.15816
95	175	1.15401
95	176	1.1384
95	177	1.14904
95	179	1.14651
95	180	1.15858
96	8	1.14142
96	73	1.0918
96	80	1.15912
96	82	1.1069
96	83	0.796486
96	88	1.08074
96	98	1.10985
96	100	1.165
96	103	1.08663
96	107	1.08749
96	113	0.74984
96	116	0.800549
96	117	1.11209
96	123	1.08625
96	125	1.19947
96	130	1.10177
96	135	0.821065
96	136	0.830934
96	144	1.1284
96	148	1.14306
96	167	0.801626
96	171	0.831028
96	173	0.77381
96	178	0.805536
97	55	1.23162
97	115	1.16486
97	119	1.21344
97	132	1.20621
97	133	1.19841
97	137	0.697196
97	139	1.20633
97	140	1.20677
97	142	1.18378
97	143	1.18511
97	150	0.72496
97	155	0.748344
97	156	1.1822
97	157	1.20526
97	159	1.19101
97	161	1.21996
97	162	1.20503
97	164	0.746452
97	168	0.676872
97	169	0.67339
97	176	0.748791
97	178	0.727298
97	179	0.7444
97	180	0.72591
98	5	0.891511
98	30	1.08948
98	37	1.17047
98	43	1.1735
98	55	0.723554
98	62	1.14753
98	67	0.768524
98	71	1.27257
98	82	1.15989
98	96	1.10985
98	123	1.13923
98	125	1.25246
98	130	1.15476
98	133	0.71722
98	134	0.698592
98	140	0.746298
98	142	0.762006
98	156	0.732988
98	157	0.72567
98	159	0.72495
98	174	1.17082
98	177	1.16171
98	178	1.16731
98	179	1.15918
98	180	1.17124
99	65	1.15722
99	116	0.754632
99	119	1.18221
99	121	1.18235
99	126	1.12468
99	133	1.16718
99	134	1.18043
99	137	0.729517
99	138	0.76843
99	139	1.17509
99	142	1.15254
99	150	0.757281
99	151	0.768059
99	152	1.16577
99	156	1.15096
99	157	1.17403
99	159	1.15977
99	161	1.18872
99	162	1.17379
99	168	0.709193
99	169	0.705711
99	170	0.780214
99	171	1.16526
99	176	0.781111
99	178	0.759619
100	8	1.24956
100	19	1.18382
100	73	1.19994
100	80	1.26726
100	82	1.21504
100	88	1.18889
100	95	0.695486
100	96	1.165
100	103	1.19477
100	107	1.19563
100	117	1.22023
100	123	1.19439
100	125	1.30761
100	130	1.20991
100	136	0.698006
100	147	1.20003
100	154	1.20791
100	160	0.668058
100	164	0.691762
100	167	0.668698
100	171	0.6981
100	172	0.965988
100	174	0.675198
100	175	0.684382
100	176	0.6941
100	180	0.671219
101	10	1.01352
101	11	1.18124
101	34	1.13939
101	35	1.14379
101	53	1.10282
101	60	1.04828
101	61	1.17166
101	63	1.11263
101	77	1.19595
101	81	1.20373
101	92	1.16239
101	102	1.19641
101	105	1.11204
101	113	1.16895
101	122	0.823002
101	131	0.771109
101	135	0.796327
101	138	0.789609
101	149	1.12702
101	150	0.77846
101	153	1.12017
101	168	0.730372
101	170	0.801393
101	173	0.749072
101	177	0.776385
101	179	0.797901
102	10	1.0979
102	34	1.22376
102	35	1.22817
102	53	1.1872
102	60	1.13265
102	61	1.25604
102	63	1.197
102	77	1.28032
102	81	1.28811
102	85	0.736948
102	92	1.24677
102	101	1.19641
102	105	1.19641
102	106	0.747801
102	111	0.680028
102	113	1.25332
102	148	0.704935
102	149	1.21139
102	153	1.20455
102	160	0.709857
102	167	0.710496
102	169	0.660498
102	171	0.739899
102	173	0.68268
102	175	0.726181
102	178	0.714406
103	8	1.17119
103	14	1.02985
103	73	1.12157
103	80	1.18889
103	82	1.13667
103	88	1.11051
103	96	1.08663
103	100	1.19477
103	107	1.11726
103	114	0.745418
103	117	1.14185
103	123	1.11602
103	125	1.22924
103	130	1.13154
103	135	0.768756
103	137	0.723126
103	138	0.762038
103	147	1.12165
103	148	1.17283
103	154	1.12954
103	157	1.11133
103	164	0.772382
103	168	0.702801
103	169	0.699319
103	170	0.773822
103	180	0.751839
104	10	0.875055
104	16	0.610086
104	29	0.797238
104	65	0.720693
104	72	0.727369
104	91	0.691791
104	110	1.22385
104	114	1.23409
104	134	0.6616
104	138	1.21066
104	140	0.709306
104	156	0.695997
104	158	1.19116
104	160	1.22009
104	161	0.680852
104	164	1.21303
104	166	1.2099
104	167	1.2211
104	172	0.623959
104	174	1.2177
104	175	1.21355
104	176	1.19794
104	177	1.20858
104	178	1.21418
104	179	1.20605
104	180	1.21812
105	10	1.01352
105	11	1.18124
105	34	1.13939
105	35	1.14379
105	53	1.10282
105	60	1.04828
105	61	1.17166
105	63	1.11263
105	68	0.801966
105	70	0.706833
105	77	1.19595
105	81	1.20373
105	92	1.16239
105	101	1.11204
105	102	1.19641
105	113	1.16895
105	149	1.12702
105	153	1.12017
105	163	0.818494
105	165	0.790839
105	169	0.740609
105	173	0.76279
105	177	0.790104
105	178	0.794517
105	179	0.811619
105	180	0.793128
106	2	0.746173
106	6	0.755466
106	18	1.11443
106	57	0.905569
106	80	0.737663
106	102	0.747801
106	138	1.13725
106	140	0.789245
106	150	1.14408
106	153	0.794801
106	159	0.767897
106	160	1.14668
106	161	0.760791
106	162	0.787875
106	164	1.13962
106	165	1.14312
106	166	1.13649
106	167	1.14769
106	170	1.1284
106	174	1.14429
106	175	1.14014
106	176	1.12453
106	177	1.13517
106	178	1.14077
106	179	1.13264
106	180	1.14471
107	14	1.03072
107	73	1.12244
107	80	1.18976
107	82	1.13754
107	88	1.11138
107	96	1.08749
107	100	1.19563
107	103	1.11726
107	110	0.772545
107	117	1.14272
107	123	1.11688
107	125	1.23011
107	130	1.13241
107	144	1.15904
107	145	0.752292
107	147	1.12252
107	148	1.1737
107	151	0.788472
107	154	1.1304
107	155	0.801078
107	166	0.787784
107	167	0.776122
107	174	0.782622
107	177	0.775619
107	178	0.780032
107	179	0.797134
108	9	1.17244
108	27	1.2148
108	29	1.0648
108	41	1.13695
108	69	1.12663
108	86	1.102
108	90	1.15357
108	113	0.733875
108	114	0.781762
108	120	1.14657
108	122	0.831775
108	135	1.11849
108	138	0.798382
108	144	0.78524
108	147	1.11667
108	148	0.7801
108	149	1.12421
108	154	1.12456
108	163	1.12236
108	168	1.17765
108	169	0.735663
108	171	1.12717
108	173	1.17112
108	174	0.792161
108	177	0.785158
108	178	0.789571
109	83	0.741955
109	115	1.15151
109	121	1.20024
109	126	1.14257
109	128	0.730759
109	132	1.19287
109	133	1.18507
109	134	1.19833
109	135	0.766534
109	137	0.720904
109	140	1.19343
109	142	1.17044
109	143	1.17177
109	146	0.754661
109	148	0.741534
109	152	1.18367
109	153	1.17335
109	156	1.16886
109	157	1.19192
109	159	1.17767
109	161	1.20662
109	162	1.19168
109	165	0.747328
109	166	0.758758
109	168	0.700579
109	169	0.697097
109	174	0.753595
110	27	0.67336
110	69	0.763213
110	77	0.712191
110	81	0.703647
110	91	0.730848
110	104	1.22385
110	107	0.772545
110	117	0.713
110	123	0.76902
110	129	1.16798
110	131	1.19954
110	140	0.748364
110	143	0.754833
110	150	1.18477
110	154	0.752151
110	158	1.15843
110	165	1.1838
110	166	1.17717
110	167	1.18837
110	170	1.16908
110	174	1.18497
110	175	1.18083
110	176	1.16521
110	177	1.17585
110	178	1.18145
110	179	1.17332
110	180	1.18539
111	12	0.696667
111	21	0.741991
111	23	0.755607
111	30	0.836746
111	42	0.718997
111	50	0.715531
111	56	0.827818
111	58	1.22818
111	74	1.13457
111	76	1.26489
111	78	0.689381
111	102	0.680028
111	119	1.17783
111	146	1.16407
111	147	0.70933
111	154	0.725261
111	157	1.16965
111	159	1.1554
111	161	1.18435
111	162	1.16942
111	164	1.17167
111	167	1.17974
111	172	1.22587
111	174	1.17634
111	176	1.15658
111	179	1.16469
111	180	1.17676
112	21	0.782374
112	64	0.781749
112	73	0.77152
112	79	0.72022
112	115	0.783283
112	119	0.751027
112	124	1.13257
112	129	1.14649
112	138	1.15644
112	140	0.761856
112	145	1.17665
112	150	1.16328
112	151	1.14856
112	152	0.770913
112	154	0.765644
112	155	1.13797
112	157	0.741228
112	158	1.13694
112	160	1.16587
112	162	0.760486
112	164	1.15881
112	166	1.15568
112	170	1.14759
112	175	1.15934
112	176	1.14372
112	177	1.15436
112	179	1.15183
112	180	1.1639
113	6	0.666376
113	14	0.875865
113	32	0.649139
113	39	0.632896
113	49	0.75262
113	57	0.816478
113	74	0.704486
113	78	0.668063
113	87	0.745021
113	92	1.2193
113	96	0.74984
113	101	1.16895
113	102	1.25332
113	105	1.16895
113	108	0.733875
113	143	1.1755
113	152	1.1874
113	153	1.17708
113	154	0.703943
113	156	1.17259
113	159	1.1814
113	160	1.20473
113	161	1.21035
113	162	1.19542
113	166	1.19454
113	175	1.19819
113	178	1.19882
113	179	1.19069
113	180	1.20276
114	15	0.759531
114	25	0.765206
114	32	0.697026
114	37	0.68279
114	89	0.688965
114	103	0.745418
114	104	1.23409
114	108	0.781762
114	117	0.712678
114	133	0.718964
114	137	1.20707
114	139	0.751326
114	145	1.20837
114	150	1.195
114	157	0.727414
114	158	1.16866
114	160	1.1976
114	164	1.19053
114	165	1.19403
114	166	1.1874
114	167	1.19861
114	172	0.662695
114	174	1.1952
114	175	1.19106
114	176	1.17544
114	177	1.18609
114	178	1.19168
114	179	1.18355
114	180	1.19562
115	59	0.878737
115	91	1.14851
115	95	0.800156
115	97	1.16486
115	109	1.15151
115	112	0.783283
115	119	1.13322
115	121	1.13335
115	126	1.07568
115	134	1.13144
115	139	1.1261
115	140	1.12654
115	141	0.785802
115	142	1.10355
115	143	1.10488
115	152	1.11678
115	155	0.798324
115	156	1.10197
115	157	1.12504
115	159	1.11078
115	161	1.13973
115	162	1.1248
115	164	0.796432
115	165	0.7736
115	172	1.18126
115	173	0.745551
115	176	0.79877
115	177	0.772865
115	178	0.777278
116	11	0.707891
116	19	0.772425
116	47	0.774916
116	51	0.742236
116	62	0.78092
116	70	1.25167
116	71	0.65559
116	96	0.800549
116	99	0.754632
116	118	1.16318
116	124	1.13919
116	138	1.16306
116	141	1.16503
116	142	0.766573
116	152	0.759921
116	153	0.75642
116	158	1.14355
116	160	1.17249
116	161	0.72241
116	165	1.16892
116	166	1.16229
116	167	1.1735
116	170	1.1542
116	174	1.1701
116	175	1.16595
116	176	1.15033
116	177	1.16098
116	178	1.16658
116	179	1.15845
116	180	1.17052
117	1	0.713439
117	8	1.19665
117	14	1.05531
117	26	1.23448
117	39	1.03196
117	73	1.14703
117	80	1.21435
117	82	1.16213
117	88	1.13597
117	96	1.11209
117	100	1.22023
117	103	1.14185
117	107	1.14272
117	110	0.713
117	114	0.712678
117	123	1.14147
117	125	1.2547
117	130	1.157
117	144	1.18363
117	147	1.14711
117	148	1.19829
117	154	1.155
117	163	0.744464
117	166	0.728239
117	167	0.716577
117	170	0.741082
117	175	0.732262
117	178	0.720487
117	179	0.737589
117	180	0.719099
118	29	0.845199
118	32	0.706251
118	45	0.795089
118	47	0.781319
118	49	0.809732
118	76	0.665913
118	92	0.731913
118	116	1.16318
118	133	0.728189
118	137	1.18377
118	138	1.16486
118	141	1.16684
118	145	1.18507
118	151	1.15698
118	152	0.766323
118	155	1.14639
118	159	0.735919
118	162	0.755896
118	164	1.16723
118	165	1.17073
118	166	1.1641
118	167	1.17531
118	172	0.67192
118	174	1.1719
118	175	1.16776
118	176	1.15214
118	177	1.16278
118	178	1.16838
118	179	1.16025
118	180	1.17232
119	97	1.21344
119	99	1.18221
119	111	1.17783
119	112	0.751027
119	115	1.13322
119	126	1.12427
119	129	0.756822
119	132	1.17457
119	133	1.16677
119	138	0.753833
119	139	1.17469
119	140	1.17513
119	142	1.15214
119	150	0.742683
119	152	1.16537
119	153	1.15505
119	155	0.766068
119	156	1.15056
119	157	1.17362
119	159	1.15937
119	161	1.18832
119	162	1.17339
119	163	1.16005
119	164	0.764176
119	166	0.752774
119	173	0.713295
119	176	0.766514
119	177	0.740609
119	178	0.745022
119	179	0.762124
120	5	1.02172
120	9	1.21258
120	27	1.25495
120	29	1.10494
120	41	1.17709
120	54	1.17617
120	69	1.16677
120	85	0.73135
120	86	1.14214
120	90	1.19371
120	93	0.727852
120	108	1.14657
120	133	1.05846
120	135	1.15863
120	136	0.734206
120	138	0.717619
120	141	0.717332
120	146	0.712464
120	147	1.15681
120	149	1.16436
120	154	1.1647
120	158	0.741121
120	163	1.1625
120	164	0.727962
120	168	1.21779
120	170	0.729403
120	171	1.16731
120	173	1.21126
120	177	0.704395
120	178	0.708808
121	55	1.20012
121	99	1.18235
121	109	1.20024
121	115	1.13335
121	122	0.794713
121	126	1.12441
121	131	0.74282
121	133	1.16691
121	139	1.17483
121	140	1.17527
121	142	1.15228
121	143	1.15361
121	152	1.16551
121	155	0.773555
121	156	1.1507
121	157	1.17376
121	158	0.784822
121	159	1.15951
121	160	0.74796
121	161	1.18846
121	162	1.17352
121	163	1.16018
121	166	0.760261
121	168	0.702083
121	169	0.698601
121	170	0.773104
121	171	1.165
121	173	0.720783
121	177	0.748096
121	179	0.769611
122	3	0.739783
122	31	1.07472
122	38	0.674544
122	66	0.811657
122	76	0.706701
122	101	0.823002
122	108	0.831775
122	121	0.794713
122	123	0.818711
122	129	1.13778
122	140	0.798055
122	141	1.14971
122	149	0.804295
122	151	1.13985
122	155	1.12926
122	157	0.777427
122	158	1.12822
122	160	1.15716
122	164	1.15009
122	165	1.15359
122	166	1.14697
122	167	1.15817
122	170	1.13888
122	172	0.712708
122	174	1.15477
122	175	1.15062
122	176	1.13501
122	177	1.14565
122	178	1.15125
122	179	1.14312
122	180	1.15519
123	8	1.17081
123	14	1.02947
123	26	1.20864
123	70	0.688823
123	73	1.12119
123	80	1.18851
123	82	1.13629
123	88	1.11013
123	93	0.795551
123	96	1.08625
123	98	1.13923
123	100	1.19439
123	103	1.11602
123	107	1.11688
123	110	0.76902
123	117	1.14147
123	122	0.818711
123	125	1.22886
123	130	1.13116
123	136	0.801905
123	144	1.15779
123	147	1.12128
123	148	1.17245
123	154	1.12916
123	163	0.800484
123	165	0.772829
123	168	0.726081
123	170	0.797101
123	171	0.801999
123	173	0.744781
123	179	0.793609
124	25	0.811988
124	58	0.713627
124	62	0.824879
124	65	0.806211
124	86	0.822593
124	91	0.777309
124	112	1.13257
124	116	1.13919
124	130	0.688224
124	137	1.15977
124	138	1.14087
124	143	0.801294
124	145	1.16107
124	147	0.782681
124	151	1.13299
124	155	1.12239
124	156	0.781514
124	159	0.773476
124	160	1.1503
124	164	1.14323
124	165	1.14673
124	167	1.15131
124	170	1.13201
124	172	0.709477
124	174	1.1479
124	175	1.14376
124	176	1.12814
124	177	1.13879
124	178	1.14439
124	179	1.13626
124	180	1.14833
125	1	0.676583
125	8	1.28404
125	14	1.1427
125	19	1.2183
125	52	0.74238
125	59	0.78509
125	70	0.595948
125	73	1.23442
125	80	1.30174
125	82	1.24952
125	88	1.22336
125	96	1.19947
125	98	1.25246
125	100	1.30761
125	103	1.22924
125	107	1.23011
125	117	1.2547
125	123	1.22886
125	127	0.666598
125	130	1.24439
125	144	1.27102
125	145	0.655892
125	148	1.28568
125	154	1.24238
125	164	0.702786
125	166	0.691384
125	167	0.679722
125	169	0.629723
125	171	0.709124
125	175	0.695406
125	179	0.700734
125	180	0.682243
126	68	0.805629
126	89	1.18618
126	99	1.12468
126	109	1.14257
126	115	1.07568
126	119	1.12427
126	121	1.12441
126	132	1.11704
126	134	1.1225
126	139	1.11716
126	142	1.09461
126	143	1.09594
126	144	1.13334
126	146	0.801836
126	149	1.10437
126	150	0.795842
126	156	1.09303
126	157	1.11609
126	159	1.10184
126	161	1.13079
126	162	1.11586
126	164	0.817334
126	166	0.805932
126	168	0.747754
126	171	1.10733
126	172	1.17232
126	174	0.80077
126	175	0.809954
126	176	0.819672
126	178	0.79818
126	179	0.815282
126	180	0.796791
127	37	1.18053
127	39	1.1473
127	41	0.713589
127	45	1.12898
127	47	1.12953
127	48	1.2348
127	53	0.787606
127	57	0.855141
127	62	1.15759
127	64	1.15931
127	67	0.761044
127	71	1.28262
127	79	1.20133
127	94	0.744844
127	125	0.666598
127	135	1.15675
127	139	0.742101
127	140	0.738818
127	142	0.754526
127	145	1.19404
127	147	1.15493
127	153	0.744373
127	157	0.71819
127	161	0.710363
127	169	1.23477
127	172	0.653471
127	175	1.17674
127	176	1.16112
127	177	1.17176
127	178	1.17736
127	179	1.16923
127	180	1.1813
128	5	0.880818
128	43	0.733182
128	69	0.750455
128	82	0.726148
128	86	0.763374
128	95	1.16664
128	109	0.730759
128	134	0.687899
128	140	0.735605
128	145	1.20046
128	150	1.18709
128	151	1.17238
128	152	0.744662
128	154	0.739393
128	155	1.16179
128	158	1.16075
128	159	0.714257
128	160	1.18969
128	162	0.734235
128	163	1.16703
128	164	1.18262
128	165	1.18612
128	167	1.1907
128	170	1.17141
128	172	0.650258
128	174	1.1873
128	175	1.18315
128	176	1.16753
128	177	1.17818
128	178	1.18378
128	179	1.17565
128	180	1.18772
129	34	0.762693
129	44	0.75624
129	65	0.779038
129	81	0.722934
129	86	0.79542
129	89	0.708575
129	110	1.16798
129	112	1.14649
129	119	0.756822
129	122	1.13778
129	131	1.17639
129	132	0.761243
129	139	0.770935
129	141	1.15676
129	142	0.78336
129	145	1.17499
129	149	0.773892
129	155	1.13632
129	156	0.754342
129	158	1.13528
129	162	0.766281
129	164	1.15715
129	165	1.16065
129	166	1.15402
129	167	1.16523
129	170	1.14593
129	174	1.16183
129	175	1.15768
129	176	1.14206
129	177	1.15271
129	178	1.15831
129	179	1.15018
129	180	1.16225
130	8	1.18633
130	14	1.04499
130	19	1.12059
130	26	1.22416
130	73	1.13671
130	80	1.20404
130	82	1.15181
130	88	1.12566
130	96	1.10177
130	98	1.15476
130	100	1.20991
130	103	1.13154
130	107	1.13241
130	117	1.157
130	123	1.13116
130	124	0.688224
130	125	1.24439
130	135	0.66478
130	144	1.17331
130	147	1.1368
130	148	1.18797
130	154	1.14468
130	155	0.670297
130	156	1.01467
130	158	0.681564
130	159	1.00663
130	161	0.999524
130	165	0.645573
130	171	0.674743
130	172	0.942631
130	173	0.617525
130	174	0.651841
130	180	0.647863
131	33	0.683137
131	42	0.743686
131	79	0.704526
131	92	0.720808
131	101	0.771109
131	110	1.19954
131	121	0.74282
131	129	1.17639
131	138	1.18635
131	141	1.18832
131	142	0.76187
131	145	1.20655
131	151	1.17847
131	152	0.755218
131	156	0.732852
131	157	0.725534
131	158	1.16684
131	159	0.724814
131	160	1.19578
131	161	0.717708
131	162	0.744792
131	164	1.18871
131	166	1.18558
131	167	1.19679
131	169	1.24727
131	170	1.17749
131	172	0.660815
131	174	1.19338
131	175	1.18924
131	176	1.17362
131	177	1.18427
131	178	1.18987
131	179	1.18174
131	180	1.1938
132	84	0.760198
132	97	1.20621
132	109	1.19287
132	119	1.17457
132	126	1.11704
132	129	0.761243
132	133	1.15954
132	134	1.1728
132	136	1.1665
132	137	0.719341
132	138	0.758253
132	139	1.16746
132	140	1.1679
132	141	0.757967
132	142	1.14491
132	143	1.14624
132	144	1.18364
132	148	0.739972
132	151	0.757882
132	152	1.15814
132	155	0.770489
132	156	1.14333
132	157	1.16639
132	159	1.15214
132	161	1.18109
132	162	1.16616
132	163	1.15282
132	165	0.745765
132	166	0.757195
132	167	0.745533
132	171	1.15763
132	172	1.22262
132	177	0.745029
132	178	0.749443
132	180	0.748054
133	89	1.22868
133	91	1.18206
133	97	1.19841
133	98	0.71722
133	99	1.16718
133	109	1.18507
133	114	0.718964
133	118	0.728189
133	119	1.16677
133	120	1.05846
133	121	1.16691
133	132	1.15954
133	134	1.165
133	139	1.15966
133	140	1.1601
133	141	0.735297
133	142	1.13711
133	143	1.13844
133	146	0.730429
133	152	1.15034
133	156	1.13553
133	157	1.15859
133	159	1.14434
133	161	1.17329
