1	15	0.755936
1	24	1.21047
1	53	1.24015
1	84	1.189
1	89	1.17137
1	93	1.16852
1	112	1.21905
1	114	1.21735
1	116	1.19844
1	123	0.530444
1	139	0.728466
1	178	0.868372
2	8	1.42187
2	19	1.18549
2	48	1.11476
2	66	1.14
2	68	1.23815
2	110	1.14434
2	132	1.20133
2	153	0.663761
2	154	1.1744
2	158	0.757261
2	159	0.845679
2	163	0.657063
3	41	1.26891
3	50	1.22049
3	56	1.19388
3	62	1.16506
3	82	1.18289
3	86	1.18329
3	115	0.659814
3	119	0.690598
3	121	1.23307
3	137	0.826796
3	143	0.714922
3	175	1.1511
4	7	1.11742
4	47	1.22622
4	60	1.20285
4	65	1.2673
4	70	0.585102
4	74	1.15319
4	87	1.18051
4	103	1.24359
4	150	1.213
4	170	0.798204
4	177	0.72462
4	180	0.823287
5	38	1.20397
5	52	1.24393
5	64	1.17581
5	76	1.24592
5	83	1.19729
5	97	1.28162
5	145	0.74826
5	154	0.708966
5	155	0.74743
5	156	0.699055
5	157	1.11669
5	178	1.13015
6	10	1.14555
6	34	0.852403
6	43	1.14195
6	58	0.677907
6	63	1.0303
6	78	1.06476
6	79	1.078
6	91	1.04711
6	118	0.975667
6	141	1.10225
6	160	1.16584
6	179	1.01045
7	4	1.11742
7	28	1.03888
7	60	1.05052
7	65	1.11497
7	73	0.998917
7	74	1.00086
7	98	1.12127
7	103	1.09126
7	146	0.810339
7	150	1.06067
7	153	0.88093
7	178	1.09983
8	2	1.42187
8	19	1.36446
8	26	1.37319
8	66	1.31897
8	68	1.41712
8	95	0.411916
8	130	1.37029
8	149	0.757998
8	151	0.675238
8	154	1.35337
8	156	0.538798
8	172	0.649812
9	20	0.939078
9	27	1.02506
9	33	1.0417
9	39	1.09494
9	40	1.10349
9	42	1.25241
9	95	0.837357
9	104	1.02679
9	125	0.862635
9	148	1.08169
9	161	1.08214
9	169	1.07611
10	6	1.14555
10	55	1.21889
10	63	1.18918
10	78	1.22364
10	91	1.20599
10	107	0.626476
10	110	1.1751
10	140	0.863012
10	141	1.26113
10	153	0.664431
10	166	0.755757
10	179	1.16933
11	15	1.12331
11	37	1.14294
11	44	1.11021
11	56	1.18025
11	62	1.15142
11	82	1.16925
11	86	1.16966
11	121	1.21943
11	123	0.530088
11	149	0.841704
11	175	1.13746
11	179	0.727904
11	180	1.01656
12	37	1.11904
12	44	1.0863
12	45	1.19035
12	59	1.27853
12	62	1.12752
12	82	1.14535
12	86	1.14576
12	99	0.6656
12	121	1.19553
12	155	0.756714
12	157	0.941124
12	168	0.73395
12	175	1.11356
13	30	1.15327
13	31	1.13996
13	38	1.14703
13	64	1.11887
13	72	1.29905
13	76	1.18899
13	80	0.811633
13	97	1.22468
13	155	0.715301
13	157	1.05976
13	160	0.80096
13	172	0.777941
13	178	1.07322
14	57	1.14812
14	65	1.2121
14	73	1.09605
14	74	1.09799
14	87	1.12531
14	98	1.2184
14	103	1.18839
14	128	0.735812
14	130	1.14955
14	150	1.1578
14	158	0.72257
14	165	0.934156
14	166	0.720395
15	1	0.755936
15	11	1.12331
15	55	0.870749
15	67	1.08821
15	82	1.04643
15	86	1.04684
15	130	0.736579
15	144	1.06894
15	146	1.11608
15	164	0.99433
15	171	0.95814
15	175	1.01464
15	180	0.949777
16	31	1.1397
16	64	1.11862
16	69	1.1433
16	72	1.29879
16	76	1.18873
16	83	1.1401
16	97	1.22443
16	129	0.776404
16	145	0.728797
16	151	0.816033
16	157	1.05951
16	158	0.799702
16	178	1.07296
17	19	1.16769
17	26	1.17642
17	48	1.09696
17	66	1.1222
17	68	1.22035
17	110	1.12654
17	130	1.17352
17	132	1.18353
17	146	0.586417
17	149	0.8496
17	154	1.1566
17	168	0.656009
17	180	1.02446
18	24	1.16011
18	89	1.12102
18	93	1.11816
18	100	1.14475
18	112	1.16869
18	114	1.167
18	116	1.14808
18	121	1.18825
18	145	0.613643
18	150	1.17001
18	176	0.743677
18	178	0.809951
18	180	0.958497
19	2	1.18549
19	8	1.36446
19	17	1.16769
19	25	1.21466
19	48	1.05735
19	66	1.08259
19	110	1.08693
19	132	1.14392
19	138	0.900842
19	154	1.11699
19	156	0.723464
19	163	0.743375
19	173	0.748864
20	9	0.939078
20	22	1.06381
20	27	1.00086
20	33	1.0175
20	40	1.07928
20	42	1.2282
20	70	0.994057
20	104	1.00258
20	148	1.05748
20	153	0.917127
20	161	1.05793
20	172	1.00153
20	174	1.07074
21	40	0.493268
21	85	1.21894
21	86	0.651112
21	97	0.464855
21	119	1.20836
21	133	0.509701
21	146	1.23645
21	151	1.16087
21	158	1.15845
21	166	1.15182
21	176	1.12707
21	177	1.08844
21	180	1.07015
22	20	1.06381
22	33	1.16643
22	39	1.21967
22	40	1.22822
22	42	1.37714
22	54	0.669929
22	104	1.15152
22	117	0.702031
22	148	1.20642
22	151	0.811979
22	161	1.20687
22	168	0.701149
23	43	1.2415
23	51	1.19531
23	55	1.15956
23	63	1.12985
23	78	1.1643
23	79	1.17755
23	91	1.14666
23	118	1.07521
23	139	0.778537
23	147	0.586651
23	162	0.82458
23	178	0.918443
23	179	1.10999
24	1	1.21047
24	18	1.16011
24	75	1.17936
24	100	1.1211
24	112	1.14504
24	116	1.12443
24	129	0.811195
24	132	1.14811
24	145	0.763587
24	148	1.16828
24	150	1.14636
24	163	0.734294
24	179	0.819784
25	19	1.21466
25	48	1.14392
25	66	1.16916
25	68	1.26732
25	80	1.17013
25	130	1.22049
25	132	1.2305
25	136	0.615859
25	154	1.20356
25	166	0.7371
25	173	0.644566
25	177	0.914557
26	8	1.37319
26	17	1.17642
26	48	1.06607
26	66	1.09131
26	68	1.18947
26	110	1.09565
26	119	0.721576
26	130	1.14264
26	132	1.15265
26	143	0.7459
26	154	1.12572
26	161	0.719185
26	176	0.928253
27	9	1.02506
27	20	1.00086
27	33	1.10348
27	39	1.15672
27	40	1.16527
27	42	1.31419
27	70	1.08004
27	96	0.721472
27	104	1.08857
27	138	0.858119
27	144	0.676091
27	148	1.14346
27	161	1.14392
27	180	1.0748
28	7	1.03888
28	46	1.0477
28	47	1.14768
28	60	1.12431
28	65	1.18876
28	71	1.15415
28	87	1.10197
28	96	0.637513
28	103	1.16505
28	130	1.12621
28	150	1.13446
28	170	0.965756
28	171	0.951719
28	176	0.776019
29	38	1.10551
29	64	1.07734
29	69	1.10202
29	72	1.25752
29	76	1.14746
29	83	1.09882
29	97	1.18315
29	142	1.16155
29	152	0.766039
29	154	0.80692
29	157	1.01823
29	160	0.931043
29	167	0.795847
29	178	1.03169
30	13	1.15327
30	31	1.10426
30	52	1.1513
30	69	1.10786
30	76	1.15329
30	83	1.10466
30	97	1.18899
30	142	1.16738
30	157	1.02407
30	159	0.764977
30	170	0.925424
30	171	0.911387
30	175	0.72207
30	178	1.03752
31	13	1.13996
31	16	1.1397
31	30	1.10426
31	69	1.09454
31	72	1.25004
31	83	1.09134
31	97	1.17567
31	137	0.812652
31	142	1.15406
31	157	1.01075
31	167	0.702731
31	168	0.729503
31	171	1.05883
31	178	1.02421
32	90	0.796456
32	101	1.18257
32	106	1.07591
32	109	1.15931
32	113	1.06218
32	122	1.11022
32	124	1.10111
32	131	1.11786
32	133	1.121
32	135	1.12633
32	141	1.15663
32	152	0.628535
32	176	0.838743
32	180	1.05356
33	9	1.0417
33	20	1.0175
33	22	1.16643
33	27	1.10348
33	39	1.17337
33	40	1.18191
33	70	1.09668
33	104	1.10521
33	125	0.720221
33	148	1.16011
33	154	0.831736
33	161	1.16056
33	167	0.820663
33	169	0.933695
34	6	0.852403
34	51	0.542364
34	83	0.571358
34	133	0.494601
34	149	1.13626
34	158	1.15939
34	160	1.13848
34	165	1.08112
34	168	1.19131
34	169	1.12479
34	170	1.07688
34	174	1.10602
34	177	1.08938
34	180	1.07109
35	51	1.15221
35	78	1.1212
35	79	1.13445
35	91	1.10356
35	102	1.17794
35	105	1.07965
35	115	0.639126
35	117	0.72384
35	120	1.13344
35	134	1.10767
35	135	1.12839
35	177	0.992739
35	178	0.94286
35	179	1.06689
36	43	1.20209
36	51	1.1559
36	55	1.12015
36	78	1.1249
36	79	1.13814
36	91	1.10725
36	110	1.07636
36	118	1.03581
36	139	0.790276
36	141	1.16239
36	147	0.598391
36	164	0.877245
36	170	1.05364
36	179	1.07059
37	11	1.14294
37	12	1.11904
37	44	1.00701
37	50	1.10366
37	56	1.07705
37	59	1.19924
37	62	1.04823
37	82	1.06606
37	86	1.06647
37	121	1.11624
37	153	0.794039
37	168	0.79304
37	170	1.1364
37	173	0.79283
37	175	1.03427
38	5	1.20397
38	13	1.14703
38	29	1.10551
38	52	1.14506
38	69	1.10162
38	83	1.09842
38	97	1.18275
38	115	0.728407
38	117	0.813121
38	142	1.16114
38	156	0.78663
38	157	1.01782
38	174	0.966857
38	178	1.03128
39	9	1.09494
39	22	1.21967
39	27	1.15672
39	33	1.17337
39	40	1.23515
39	42	1.38407
39	70	1.14992
39	85	0.5801
39	104	1.15845
39	148	1.21335
39	154	0.633112
39	155	0.671576
39	161	1.2138
39	165	0.954896
39	175	0.788822
40	9	1.10349
40	20	1.07928
40	21	0.493268
40	22	1.22822
40	27	1.16527
40	33	1.18191
40	39	1.23515
40	42	1.39261
40	104	1.16699
40	137	0.766335
40	139	0.763181
40	148	1.22189
40	160	0.791608
40	161	1.22234
40	163	0.677486
41	3	1.26891
41	44	1.11935
41	45	1.22339
41	50	1.216
41	56	1.18939
41	59	1.31158
41	62	1.16057
41	82	1.1784
41	86	1.1788
41	138	0.822519
41	144	0.640491
41	153	0.671749
41	157	0.877925
41	167	0.643978
41	175	1.14661
42	9	1.25241
42	20	1.2282
42	22	1.37714
42	27	1.31419
42	39	1.38407
42	40	1.39261
42	70	1.30739
42	90	0.664567
42	118	0.784768
42	145	0.576821
42	148	1.37081
42	155	0.575991
42	156	0.527616
42	161	1.37127
42	179	0.633017
43	6	1.14195
43	23	1.2415
43	36	1.20209
43	63	1.18558
43	78	1.22004
43	79	1.23328
43	91	1.20239
43	118	1.13095
43	119	0.633679
43	141	1.25753
43	147	0.574838
43	158	0.781226
43	165	0.992812
43	167	0.659955
43	179	1.16572
44	11	1.11021
44	12	1.0863
44	37	1.00701
44	41	1.11935
44	45	1.07832
44	56	1.04432
44	59	1.16651
44	62	1.01549
44	82	1.03332
44	86	1.03373
44	121	1.08351
44	125	0.775222
44	138	1.05421
44	173	0.902227
44	175	1.00153
44	179	0.982227
45	12	1.19035
45	41	1.22339
45	44	1.07832
45	50	1.17497
45	56	1.14836
45	59	1.27055
45	62	1.11954
45	82	1.13737
45	86	1.13778
45	107	0.700628
45	115	0.653752
45	121	1.18755
45	154	0.721885
45	168	0.737584
45	175	1.10558
45	177	1.00737
46	28	1.0477
46	47	1.0827
46	57	1.05981
46	60	1.05934
46	65	1.12379
46	71	1.08917
46	73	1.00773
46	74	1.00968
46	87	1.037
46	98	1.13008
46	99	1.06883
46	103	1.10008
46	117	0.932077
46	123	0.81317
46	144	0.900936
46	162	1.05723
47	4	1.22622
47	28	1.14768
47	46	1.0827
47	71	1.18915
47	73	1.10771
47	87	1.13698
47	98	1.23006
47	103	1.20006
47	104	1.13649
47	130	1.16121
47	147	0.552871
47	150	1.16947
47	158	0.759259
47	160	0.773184
47	166	0.757084
47	171	0.994089
48	2	1.11476
48	17	1.09696
48	19	1.05735
48	25	1.14392
48	26	1.06607
48	66	1.01185
48	68	1.11001
48	80	1.01282
48	110	1.01619
48	130	1.06318
48	132	1.07319
48	144	0.785844
48	154	1.04625
48	163	0.810405
48	164	0.983068
48	171	1.14543
49	50	0.824926
49	59	0.724069
49	123	1.11491
49	124	0.884364
49	149	1.00757
49	160	1.00979
49	162	1.00619
49	163	1.07084
49	167	1.07849
49	170	0.948194
49	173	1.04683
49	176	0.999329
49	177	0.960695
49	180	0.942403
50	3	1.22049
50	37	1.10366
50	41	1.216
50	45	1.17497
50	49	0.824926
50	56	1.14097
50	59	1.26315
50	62	1.11214
50	80	0.739527
50	82	1.12997
50	86	1.13038
50	121	1.18015
50	151	0.731261
50	153	0.621429
50	159	0.803348
50	175	1.09818
51	23	1.19531
51	34	0.542364
51	35	1.15221
51	36	1.1559
51	55	1.1691
51	63	1.13939
51	78	1.17385
51	79	1.18709
51	91	1.15621
51	92	0.835263
51	110	1.12531
51	119	0.694332
51	137	0.83053
51	141	1.21134
51	155	0.770145
51	179	1.11954
52	5	1.24393
52	30	1.1513
52	38	1.14506
52	64	1.11689
52	69	1.14158
52	72	1.29707
52	80	0.78742
52	83	1.13838
52	97	1.22271
52	142	1.2011
52	143	0.639599
52	157	1.05778
52	167	0.641551
52	172	0.753727
52	178	1.07124
52	180	1.03677
53	1	1.24015
53	61	1.1687
53	81	1.1665
53	84	1.14467
53	89	1.12704
53	93	1.12419
53	96	0.686311
53	100	1.15077
53	112	1.17471
53	114	1.17302
53	116	1.1541
53	125	0.543975
53	139	0.751186
53	148	1.19795
53	176	0.824817
53	180	1.03964
54	22	0.669929
54	93	0.788935
54	114	0.704227
54	131	0.652182
54	143	1.13699
54	151	1.08708
54	152	1.14082
54	162	1.06014
54	165	1.00639
54	167	1.13245
54	170	1.00215
54	172	1.07037
54	173	1.10078
54	174	1.03129
54	177	1.01465
54	180	0.996359
55	10	1.21889
55	15	0.870749
55	23	1.15956
55	36	1.12015
55	51	1.1691
55	63	1.10364
55	78	1.1381
55	79	1.15134
55	91	1.12045
55	110	1.08956
55	118	1.04901
55	123	0.645257
55	141	1.17559
55	152	0.706703
55	155	0.786047
55	162	0.889322
55	179	1.08379
56	3	1.19388
56	11	1.18025
56	37	1.07705
56	41	1.18939
56	44	1.04432
56	45	1.14836
56	50	1.14097
56	58	0.424163
56	59	1.23655
56	62	1.08554
56	82	1.10337
56	86	1.10377
56	137	0.886825
56	160	0.912099
56	173	0.803466
56	174	0.958292
56	175	1.07157
57	14	1.14812
57	46	1.05981
57	71	1.16626
57	73	1.08482
57	74	1.08676
57	80	0.755011
57	87	1.11408
57	98	1.20717
57	99	1.14592
57	103	1.17716
57	104	1.11359
57	130	1.13832
57	150	1.14657
57	159	0.818832
57	166	0.728238
57	170	0.979279
57	175	0.775925
58	6	0.677907
58	56	0.424163
58	64	0.477026
58	74	0.534735
58	86	0.461516
58	89	1.25207
58	100	1.2758
58	112	1.29974
58	114	1.29805
58	116	1.27913
58	141	0.347819
58	165	1.1825
58	169	1.22617
58	170	1.17826
58	174	1.20739
58	177	1.19076
58	180	1.17247
59	12	1.27853
59	37	1.19924
59	41	1.31158
59	44	1.16651
59	45	1.27055
59	49	0.724069
59	50	1.26315
59	56	1.23655
59	62	1.20772
59	67	0.50431
59	70	0.649837
59	82	1.22555
59	86	1.22596
59	137	0.602724
59	159	0.702491
59	171	0.848902
59	175	1.19376
60	4	1.20285
60	7	1.05052
60	28	1.12431
60	46	1.05934
60	71	1.16579
60	74	1.08629
60	87	1.11361
60	98	1.2067
60	103	1.17669
60	104	1.11312
60	118	0.893321
60	130	1.13785
60	140	0.861358
60	150	1.1461
60	163	0.656081
60	167	0.635007
60	170	1.00514
61	53	1.1687
61	75	1.18193
61	84	1.11756
61	89	1.09993
61	93	1.09708
61	100	1.12366
61	112	1.1476
61	114	1.14591
61	116	1.12699
61	121	1.16716
61	129	0.776728
61	138	1.06344
61	148	1.17084
61	163	0.699827
61	172	0.79093
61	174	0.860143
61	178	0.925428
62	3	1.16506
62	11	1.15142
62	12	1.12752
62	37	1.04823
62	41	1.16057
62	44	1.01549
62	45	1.11954
62	50	1.11214
62	56	1.08554
62	59	1.20772
62	82	1.07454
62	86	1.07495
62	144	0.772743
62	161	0.747563
62	172	0.888406
62	174	0.95762
62	175	1.04275
62	179	0.882793
63	6	1.0303
63	10	1.18918
63	23	1.12985
63	43	1.18558
63	51	1.13939
63	55	1.10364
63	78	1.10839
63	79	1.12163
63	91	1.09074
63	110	1.05985
63	118	1.01929
63	128	0.899978
63	141	1.14588
63	152	0.735657
63	155	0.815001
63	157	0.999411
63	163	0.786538
63	179	1.05407
64	5	1.17581
64	13	1.11887
64	16	1.11862
64	29	1.07734
64	52	1.11689
64	58	0.477026
64	69	1.07345
64	72	1.22895
64	76	1.11889
64	83	1.07025
64	97	1.15458
64	119	0.80349
64	142	1.13298
64	157	0.989661
64	164	1.0235
64	166	0.948863
64	173	0.856329
64	178	1.00312
65	4	1.2673
65	7	1.11497
65	14	1.2121
65	28	1.18876
65	46	1.12379
65	71	1.23023
65	73	1.14879
65	87	1.17806
65	98	1.27114
65	99	1.2099
65	103	1.24114
65	149	0.774892
65	150	1.21055
65	160	0.689725
65	162	0.70734
65	172	0.666705
65	175	0.721312
65	178	0.801203
66	2	1.14
66	8	1.31897
66	17	1.1222
66	19	1.08259
66	25	1.16916
66	26	1.09131
66	48	1.01185
66	68	1.13525
66	80	1.03806
66	110	1.04143
66	126	0.828967
66	130	1.08842
66	132	1.09843
66	154	1.07149
66	156	0.784562
66	167	0.7834
66	176	0.9638
66	179	0.889962
67	15	1.08821
67	59	0.50431
67	72	0.606171
67	101	0.627628
67	111	0.671255
67	118	1.0703
67	143	1.17813
67	150	0.696724
67	155	1.1567
67	162	1.10128
67	163	1.16594
67	165	1.04753
67	168	1.15772
67	169	1.0912
67	172	1.11151
67	174	1.07243
67	176	1.09443
67	180	1.0375
68	2	1.23815
68	8	1.41712
68	17	1.22035
68	25	1.26732
68	26	1.18947
68	48	1.11001
68	66	1.13525
68	70	0.703303
68	80	1.13622
68	110	1.13959
68	129	0.644242
68	130	1.18657
68	132	1.19658
68	154	1.16965
68	163	0.567342
68	171	0.902369
68	174	0.727658
68	177	0.842821
69	16	1.1433
69	29	1.10202
69	30	1.10786
69	31	1.09454
69	38	1.10162
69	52	1.14158
69	64	1.07345
69	76	1.14357
69	83	1.09494
69	92	0.866034
69	97	1.17927
69	99	0.709802
69	142	1.15766
69	157	1.01434
69	164	0.945116
69	173	0.777942
69	175	0.918162
69	178	1.0278
70	4	0.585102
70	20	0.994057
70	27	1.08004
70	33	1.09668
70	39	1.14992
70	42	1.30739
70	59	0.649837
70	68	0.703303
70	90	1.06272
70	120	0.78646
70	124	0.810131
70	148	1.13667
70	161	1.13712
70	162	1.04994
70	173	1.09058
70	175	1.05102
70	176	1.04308
70	177	1.00445
70	180	0.986156
71	28	1.15415
71	46	1.08917
71	47	1.18915
71	57	1.16626
71	60	1.16579
71	65	1.23023
71	73	1.11418
71	74	1.11612
71	98	1.23653
71	99	1.17528
71	103	1.20652
71	125	0.604237
71	130	1.16768
71	150	1.17593
71	152	0.674871
71	158	0.82595
71	159	0.914368
71	172	0.816855
71	173	0.731241
72	13	1.29905
72	16	1.29879
72	29	1.25752
72	31	1.25004
72	52	1.29707
72	64	1.22895
72	67	0.606171
72	76	1.29906
72	83	1.25043
72	97	1.33476
72	99	0.553085
72	128	0.729176
72	129	0.692636
72	142	1.31315
72	157	1.16984
72	160	0.729858
72	168	0.621435
72	173	0.621225
72	178	1.1833
73	7	0.998917
73	14	1.09605
73	46	1.00773
73	47	1.10771
73	57	1.08482
73	65	1.14879
73	71	1.11418
73	74	1.03469
73	87	1.06201
73	98	1.15509
73	103	1.12509
73	104	1.06152
73	123	0.672224
73	130	1.08624
73	150	1.0945
73	157	0.997424
73	166	0.882574
73	174	0.944867
73	176	0.943877
74	4	1.15319
74	7	1.00086
74	14	1.09799
74	46	1.00968
74	57	1.08676
74	58	0.534735
74	60	1.08629
74	71	1.11612
74	73	1.03469
74	87	1.06395
74	98	1.15703
74	103	1.12703
74	104	1.06346
74	130	1.08819
74	147	0.802358
74	150	1.09644
74	168	0.914248
74	169	1.00051
74	175	1.05426
75	24	1.17936
75	61	1.18193
75	84	1.15789
75	89	1.14026
75	93	1.13741
75	100	1.164
75	112	1.18794
75	114	1.18624
75	116	1.16733
75	132	1.19101
75	136	0.65116
75	138	1.10377
75	143	0.651352
75	148	1.21117
75	150	1.18925
75	154	0.664378
75	156	0.654467
75	178	0.899979
75	180	1.04853
76	5	1.24592
76	13	1.18899
76	16	1.18873
76	29	1.14746
76	30	1.15329
76	64	1.11889
76	69	1.14357
76	72	1.29906
76	83	1.14037
76	97	1.2247
76	142	1.20309
76	145	0.72164
76	146	0.628453
76	157	1.05978
76	165	1.00413
76	167	0.671274
76	173	0.697836
76	174	0.852663
76	178	1.07323
77	88	1.19929
77	105	1.10245
77	106	1.10077
77	111	1.15925
77	113	1.08704
77	115	0.691044
77	122	1.13507
77	124	1.12597
77	127	1.16229
77	129	0.846078
77	131	1.14272
77	133	1.14586
77	134	1.13046
77	135	1.15118
77	136	0.745959
77	141	1.18149
77	142	1.18116
77	158	0.869375
77	161	0.719436
77	162	0.900915
78	6	1.06476
78	10	1.22364
78	23	1.1643
78	35	1.1212
78	36	1.1249
78	43	1.22004
78	51	1.17385
78	55	1.1381
78	63	1.10839
78	79	1.15609
78	91	1.1252
78	110	1.09431
78	138	0.873276
78	141	1.18033
78	143	0.692783
78	147	0.609618
78	157	0.928682
78	169	0.807767
78	175	0.861518
78	179	1.08853
79	6	1.078
79	23	1.17755
79	35	1.13445
79	36	1.13814
79	43	1.23328
79	51	1.18709
79	55	1.15134
79	63	1.12163
79	78	1.15609
79	91	1.13844
79	110	1.10755
79	118	1.067
79	128	0.692242
79	137	0.66765
79	141	1.19358
79	160	0.692923
79	165	0.890585
79	177	0.854281
79	179	1.10178
79	180	0.952948
80	13	0.811633
80	25	1.17013
80	48	1.01282
80	50	0.739527
80	52	0.78742
80	57	0.755011
80	66	1.03806
80	68	1.13622
80	121	0.776524
80	125	1.12203
80	128	1.04907
80	130	1.08938
80	132	1.09939
80	154	1.07246
80	166	1.05072
80	168	1.08927
80	172	1.04306
80	173	1.07347
80	177	0.987341
80	180	0.969048
81	53	1.1665
81	93	1.09487
81	96	0.762766
81	100	1.12146
81	109	1.18018
81	111	1.15527
81	112	1.1454
81	114	1.14371
81	116	1.12479
81	127	1.15831
81	131	1.13874
81	133	1.14188
81	134	1.12648
81	135	1.1472
81	136	0.718728
81	150	1.14672
81	151	0.858475
81	155	0.770409
81	168	0.747645
81	174	0.902262
82	3	1.18289
82	11	1.16925
82	12	1.14535
82	15	1.04643
82	37	1.06606
82	41	1.1784
82	44	1.03332
82	45	1.13737
82	50	1.12997
82	56	1.10337
82	59	1.22555
82	62	1.07454
82	86	1.09278
82	121	1.14255
82	136	0.785302
82	139	0.894215
82	143	0.785495
82	146	0.744627
82	162	0.940258
82	168	0.814219
82	175	1.06058
83	5	1.19729
83	16	1.1401
83	29	1.09882
83	30	1.10466
83	31	1.09134
83	34	0.571358
83	38	1.09842
83	52	1.13838
83	64	1.07025
83	69	1.09494
83	72	1.25043
83	76	1.14037
83	97	1.17607
83	142	1.15446
83	153	0.777374
83	157	1.01114
83	161	0.720935
83	167	0.749603
83	171	1.1057
83	176	0.930003
83	178	1.0246
84	1	1.189
84	53	1.14467
84	61	1.11756
84	75	1.15789
84	89	1.0759
84	93	1.07304
84	100	1.09963
84	112	1.12357
84	114	1.12188
84	116	1.10296
84	121	1.14313
84	125	0.670569
84	126	0.816579
84	129	0.868985
84	132	1.12664
84	137	0.880934
84	138	1.03941
84	146	0.728192
84	148	1.14681
84	150	1.12489
84	157	1.00496
85	21	1.21894
85	39	0.5801
85	88	0.611271
85	101	0.574181
85	102	0.575208
85	104	0.584458
85	142	0.631271
85	153	1.15499
85	156	1.18229
85	160	1.11525
85	162	1.11165
85	164	1.09242
85	167	1.18395
85	168	1.16809
85	170	1.05366
85	171	1.05623
85	172	1.12188
85	174	1.08279
85	176	1.10479
85	177	1.06616
85	180	1.04787
86	3	1.18329
86	11	1.16966
86	12	1.14576
86	15	1.04684
86	21	0.651112
86	37	1.06647
86	41	1.1788
86	44	1.03373
86	45	1.13778
86	50	1.13038
86	56	1.10377
86	58	0.461516
86	59	1.22596
86	62	1.07495
86	82	1.09278
86	118	1.07257
86	121	1.14296
86	152	0.784449
86	156	0.815419
86	175	1.06099
86	179	0.920819
87	4	1.18051
87	14	1.12531
87	28	1.10197
87	46	1.037
87	47	1.13698
87	57	1.11408
87	60	1.11361
87	65	1.17806
87	73	1.06201
87	74	1.06395
87	98	1.18436
87	99	1.12311
87	103	1.15435
87	104	1.09078
87	107	0.708824
87	118	0.977322
87	128	0.853522
87	146	0.676188
87	150	1.12376
87	154	0.730081
87	177	1.01556
88	77	1.19929
88	85	0.611271
88	94	1.20822
88	101	1.26157
88	102	1.25488
88	105	1.15659
88	107	0.643026
88	111	1.21339
88	113	1.14118
88	120	1.21038
88	122	1.18922
88	127	1.21644
88	131	1.19686
88	133	1.2
88	134	1.1846
88	135	1.20532
88	158	0.774481
88	161	0.624542
88	168	0.679982
88	173	0.679772
88	177	0.949763
89	1	1.17137
89	18	1.12102
89	53	1.12704
89	58	1.25207
89	61	1.09993
89	75	1.14026
89	84	1.0759
89	93	1.05541
89	95	0.678992
89	100	1.082
89	112	1.10594
89	114	1.10425
89	115	0.747652
89	116	1.08533
89	121	1.1255
89	125	0.70427
89	148	1.12918
89	150	1.10726
89	156	0.805874
89	172	0.916888
89	177	1.10127
90	32	0.796456
90	42	0.664567
90	70	1.06272
90	105	0.791939
90	118	1.00843
90	131	0.794743
90	135	0.764574
90	136	1.10113
90	140	1.02096
90	156	1.11006
90	159	1.04462
90	163	1.10408
90	164	1.02019
90	166	1.0573
90	167	1.11172
90	168	1.09586
90	171	0.983998
90	172	1.04965
90	176	1.03256
90	177	0.993927
90	180	0.975635
91	6	1.04711
91	10	1.20599
91	23	1.14666
91	35	1.10356
91	36	1.10725
91	43	1.20239
91	51	1.15621
91	55	1.12045
91	63	1.09074
91	78	1.1252
91	79	1.13844
91	99	0.662157
91	110	1.07666
91	115	0.646674
91	118	1.03611
91	141	1.16269
91	165	1.03659
91	169	0.816766
91	171	1.05983
91	173	0.730297
91	179	1.07089
92	51	0.835263
92	69	0.866034
92	105	0.768481
92	111	0.774401
92	115	1.1112
92	133	0.787501
92	145	1.08833
92	151	1.04169
92	155	1.07017
92	156	1.08539
92	163	1.07941
92	166	1.03263
92	167	1.08705
92	168	1.07119
92	169	1.00467
92	171	0.959329
92	173	1.05539
92	174	0.985892
92	176	1.00789
92	177	0.969258
92	178	0.980164
92	180	0.950966
93	1	1.16852
93	18	1.11816
93	53	1.12419
93	54	0.788935
93	61	1.09708
93	75	1.13741
93	81	1.09487
93	84	1.07304
93	89	1.05541
93	100	1.07915
93	112	1.10309
93	114	1.10139
93	116	1.08248
93	132	1.10616
93	138	1.01892
93	147	0.708265
93	148	1.12633
93	150	1.10441
93	154	0.804456
93	156	0.794545
93	163	0.814456
93	165	1.12624
94	88	1.20822
94	102	1.20966
94	105	1.11137
94	106	1.10969
94	108	1.18208
94	109	1.19309
94	111	1.16818
94	113	1.09596
94	120	1.16516
94	122	1.144
94	124	1.13489
94	126	0.731326
94	127	1.17122
94	129	0.783732
94	131	1.15165
94	134	1.13939
94	135	1.16011
94	139	1.09943
94	144	0.682271
94	157	0.919705
94	161	0.657091
94	164	0.879495
94	176	0.866159
95	8	0.411916
95	9	0.837357
95	89	0.678992
95	96	1.19205
95	100	0.589766
95	102	0.491427
95	103	0.524406
95	136	1.2006
95	140	1.12043
95	142	0.54749
95	144	1.19426
95	153	1.18223
95	155	1.19431
95	167	1.21119
95	168	1.19533
95	170	1.0809
95	171	1.08347
95	172	1.14912
95	173	1.17953
95	174	1.11003
95	177	1.0934
95	179	1.14268
95	180	1.07511
96	27	0.721472
96	28	0.637513
96	53	0.686311
96	81	0.762766
96	95	1.19205
96	103	0.692019
96	125	1.169
96	126	1.13197
96	128	1.09604
96	130	0.644234
96	140	1.06133
96	147	1.20236
96	156	1.15044
96	159	1.085
96	160	1.0834
96	166	1.09768
96	170	1.0218
96	172	1.09003
96	173	1.12044
96	176	1.07294
96	177	1.0343
96	180	1.01601
97	5	1.28162
97	13	1.22468
97	16	1.22443
97	21	0.464855
97	29	1.18315
97	30	1.18899
97	31	1.17567
97	38	1.18275
97	52	1.22271
97	64	1.15458
97	69	1.17927
97	72	1.33476
97	76	1.2247
97	83	1.17607
97	118	0.886314
97	138	0.806541
97	142	1.23879
97	157	1.09547
97	158	0.749271
97	161	0.599333
97	163	0.649074
97	166	0.747097
97	176	0.8084
97	178	1.10893
98	7	1.12127
98	14	1.2184
98	46	1.13008
98	47	1.23006
98	57	1.20717
98	60	1.2067
98	65	1.27114
98	71	1.23653
98	73	1.15509
98	74	1.15703
98	87	1.18436
98	99	1.21619
98	103	1.24743
98	104	1.18387
98	126	0.661199
98	130	1.20859
98	137	0.725554
98	143	0.61368
98	150	1.21684
98	153	0.643403
98	159	0.825322
98	161	0.586964
98	170	0.985769
98	176	0.796032
99	12	0.6656
99	46	1.06883
99	57	1.14592
99	65	1.2099
99	69	0.709802
99	71	1.17528
99	72	0.553085
99	87	1.12311
99	91	0.662157
99	98	1.21619
99	103	1.18619
99	111	0.618169
99	130	1.14734
99	132	0.627383
99	135	0.584883
99	145	1.16437
99	152	1.17147
99	159	1.09599
99	162	1.09079
99	168	1.14723
99	171	1.03537
99	173	1.13143
99	177	1.0453
99	180	1.02701
100	18	1.14475
100	24	1.1211
100	53	1.15077
100	58	1.2758
100	61	1.12366
100	75	1.164
100	81	1.12146
100	84	1.09963
100	89	1.082
100	93	1.07915
100	95	0.589766
100	112	1.12967
100	114	1.12798
100	116	1.10906
100	126	0.761053
100	132	1.13275
100	138	1.04551
100	148	1.15291
100	150	1.13099
100	162	0.868297
100	163	0.736559
100	164	0.909223
100	169	0.828518
100	175	0.882269
101	32	1.18257
101	67	0.627628
101	85	0.574181
101	88	1.26157
101	105	1.16472
101	106	1.16304
101	108	1.23543
101	120	1.21851
101	122	1.19735
101	124	1.18824
101	127	1.22457
101	131	1.205
101	133	1.20814
101	134	1.19274
101	135	1.21346
101	137	1.16685
101	139	1.15278
101	142	1.24344
101	151	0.753722
101	154	0.627193
101	160	0.751315
101	162	0.768931
101	168	0.642892
101	174	0.797509
102	35	1.17794
102	85	0.575208
102	88	1.25488
102	94	1.20966
102	95	0.491427
102	106	1.15635
102	108	1.22874
102	109	1.23975
102	111	1.21483
102	113	1.14262
102	119	0.59087
102	120	1.21182
102	122	1.19066
102	124	1.18155
102	126	0.662713
102	127	1.21788
102	131	1.19831
102	133	1.20145
102	134	1.18605
102	135	1.20677
102	169	0.730178
102	173	0.643709
102	178	0.86382
102	180	1.01237
103	4	1.24359
103	7	1.09126
103	14	1.18839
103	28	1.16505
103	46	1.10008
103	47	1.20006
103	57	1.17716
103	60	1.17669
103	65	1.24114
103	71	1.20652
103	73	1.12509
103	74	1.12703
103	87	1.15435
103	95	0.524406
103	96	0.692019
103	98	1.24743
103	99	1.18619
103	125	0.549683
103	130	1.17859
103	143	0.648173
103	150	1.18684
103	152	0.620318
103	166	0.769222
103	170	1.02026
103	177	0.946678
104	9	1.02679
104	20	1.00258
104	22	1.15152
104	27	1.08857
104	33	1.10521
104	39	1.15845
104	40	1.16699
104	47	1.13649
104	57	1.11359
104	60	1.11312
104	73	1.06152
104	74	1.06346
104	85	0.584458
104	87	1.09078
104	98	1.18387
104	130	1.11502
104	138	0.804937
104	146	0.583576
104	148	1.14519
104	150	1.12327
104	161	1.14564
104	164	0.820133
104	170	0.996533
104	171	0.982497
104	180	1.02162
105	35	1.07965
105	77	1.10245
105	88	1.15659
105	90	0.791939
105	92	0.768481
105	94	1.11137
105	101	1.16472
105	108	1.13045
105	109	1.14146
105	111	1.11654
105	120	1.11353
105	122	1.09237
105	124	1.08326
105	127	1.11959
105	128	0.788339
105	131	1.10002
105	133	1.10316
105	134	1.08776
105	135	1.10848
105	136	0.651681
105	137	1.06187
105	141	1.13878
105	168	0.680598
105	171	1.00993
105	177	0.950379
106	32	1.07591
106	77	1.10077
106	94	1.10969
106	101	1.16304
106	102	1.15635
106	108	1.12877
106	109	1.13978
106	111	1.11486
106	113	1.04265
106	120	1.11185
106	124	1.08158
106	127	1.11791
106	131	1.09834
106	133	1.10148
106	134	1.08608
106	135	1.1068
106	141	1.1371
106	142	1.13678
106	147	0.561479
106	162	0.799407
106	164	0.840333
106	176	0.826996
106	177	0.943149
106	178	0.89327
106	180	1.04182
107	10	0.626476
107	45	0.700628
107	87	0.708824
107	88	0.643026
107	112	0.680406
107	115	1.19716
107	133	0.662662
107	139	1.10532
107	147	1.22328
107	148	0.600261
107	153	1.14406
107	160	1.10432
107	163	1.16537
107	165	1.04696
107	167	1.17302
107	169	1.09063
107	171	1.04529
107	172	1.11094
107	173	1.14135
107	174	1.07186
107	176	1.09386
107	177	1.05522
107	178	1.06613
107	179	1.1045
107	180	1.03693
108	94	1.18208
108	101	1.23543
108	102	1.22874
108	105	1.13045
108	106	1.12877
108	109	1.21217
108	111	1.18725
108	113	1.11504
108	120	1.18424
108	122	1.16308
108	124	1.15397
108	127	1.1903
108	131	1.17072
108	133	1.17386
108	134	1.15846
108	135	1.17919
108	138	0.87956
108	141	1.20949
108	145	0.751386
108	146	0.658199
108	147	0.615902
108	152	0.671212
108	167	0.70102
108	169	0.814052
108	178	0.947694
109	32	1.15931
109	81	1.18018
109	94	1.19309
109	102	1.23975
109	105	1.14146
109	106	1.13978
109	108	1.21217
109	113	1.12605
109	120	1.19525
109	122	1.17409
109	124	1.16498
109	127	1.20131
109	131	1.18174
109	133	1.18488
109	134	1.16948
109	135	1.1902
109	137	1.14359
109	140	0.790232
109	155	0.613417
109	166	0.682977
109	167	0.563881
109	170	0.934017
109	174	0.74527
109	176	0.744281
109	180	0.959101
110	2	1.14434
110	10	1.1751
110	17	1.12654
110	19	1.08693
110	26	1.09565
110	36	1.07636
110	48	1.01619
110	51	1.12531
110	55	1.08956
110	63	1.05985
110	66	1.04143
110	68	1.13959
110	78	1.09431
110	79	1.10755
110	91	1.07666
110	117	0.794276
110	130	1.09276
110	140	0.992974
110	141	1.1318
110	144	0.763135
110	154	1.07583
110	155	0.816159
110	166	0.885718
110	169	0.879654
110	174	0.948011
110	179	1.04
111	67	0.671255
111	77	1.15925
111	81	1.15527
111	88	1.21339
111	92	0.774401
111	94	1.16818
111	99	0.618169
111	102	1.21483
111	105	1.11654
111	106	1.11486
111	108	1.18725
111	113	1.10113
111	120	1.17033
111	122	1.14917
111	124	1.14006
111	127	1.17639
111	131	1.15682
111	133	1.15996
111	134	1.14456
111	135	1.16528
111	139	1.1046
111	146	0.616926
111	151	0.797349
111	154	0.670819
111	165	0.992603
111	168	0.686518
112	1	1.21905
112	18	1.16869
112	24	1.14504
112	53	1.17471
112	58	1.29974
112	61	1.1476
112	75	1.18794
112	81	1.1454
112	84	1.12357
112	89	1.10594
112	93	1.10309
112	100	1.12967
112	107	0.680406
112	114	1.15192
112	115	0.633529
112	116	1.133
112	132	1.15669
112	138	1.06945
112	139	0.797358
112	148	1.17685
112	150	1.15493
112	161	0.661922
112	172	0.802765
112	173	0.717152
112	175	0.857372
112	178	0.937263
113	32	1.06218
113	77	1.08704
113	88	1.14118
113	94	1.09596
113	102	1.14262
113	106	1.04265
113	108	1.11504
113	109	1.12605
113	111	1.10113
113	120	1.09812
113	122	1.07696
113	124	1.06785
113	125	0.769188
113	127	1.10418
113	133	1.08775
113	134	1.07235
113	135	1.09307
113	136	0.867486
113	139	1.03239
113	141	1.12337
113	142	1.12305
113	144	0.866143
113	154	0.880704
113	161	0.840963
113	173	0.896193
113	179	0.976193
114	1	1.21735
114	18	1.167
114	53	1.17302
114	54	0.704227
114	58	1.29805
114	61	1.14591
114	75	1.18624
114	81	1.14371
114	84	1.12188
114	89	1.10425
114	93	1.10139
114	100	1.12798
114	112	1.15192
114	116	1.13131
114	121	1.17148
114	126	0.754242
114	132	1.15499
114	138	1.06776
114	148	1.17516
114	150	1.15324
114	153	0.736446
114	154	0.719748
114	156	0.709837
114	167	0.708675
114	178	0.955349
114	179	0.815237
115	3	0.659814
115	35	0.639126
115	38	0.728407
115	45	0.653752
115	77	0.691044
115	89	0.747652
115	91	0.646674
115	92	1.1112
115	107	1.19716
115	112	0.633529
115	125	1.21229
115	129	1.14703
115	140	1.10462
115	151	1.15002
115	152	1.20377
115	155	1.17851
115	160	1.12669
115	162	1.12309
115	163	1.18774
115	166	1.14097
115	167	1.19539
115	169	1.11301
115	170	1.06509
115	174	1.09423
115	176	1.11623
115	177	1.07759
115	180	1.0593
116	1	1.19844
116	18	1.14808
116	24	1.12443
116	53	1.1541
116	58	1.27913
116	61	1.12699
116	75	1.16733
116	81	1.12479
116	84	1.10296
116	89	1.08533
116	93	1.08248
116	100	1.10906
116	112	1.133
116	114	1.13131
116	121	1.15256
116	128	0.824374
116	132	1.13608
116	136	0.687716
116	138	1.04884
116	148	1.15624
116	150	1.13432
116	157	0.923807
116	162	0.842671
116	167	0.689861
116	168	0.716632
116	169	0.802892
116	178	0.936534
117	22	0.702031
117	35	0.72384
117	38	0.813121
117	46	0.932077
117	110	0.794276
117	124	0.68075
117	129	1.09407
117	132	0.696615
117	137	1.0888
117	138	1.04944
117	140	1.05166
117	145	1.1437
117	151	1.09706
117	155	1.12554
117	157	1.02207
117	160	1.07372
117	161	1.1573
117	164	1.05089
117	165	1.01636
117	166	1.088
117	170	1.01213
117	171	1.0147
117	173	1.11076
117	176	1.06326
117	177	1.02463
117	178	1.03553
117	179	1.07391
117	180	1.00633
118	6	0.975667
118	23	1.07521
118	36	1.03581
118	42	0.784768
118	43	1.13095
118	55	1.04901
118	60	0.893321
118	63	1.01929
118	67	1.0703
118	79	1.067
118	86	1.07257
118	87	0.977322
118	90	1.00843
118	91	1.03611
118	97	0.886314
118	130	0.860654
118	141	1.09124
118	146	1.09817
118	149	0.997036
118	159	1.00085
118	165	0.941897
118	171	0.940229
118	174	0.966792
118	175	0.996727
118	176	0.988792
118	178	0.961065
118	179	0.999441
118	180	0.931867
119	3	0.690598
119	21	1.20836
119	26	0.721576
119	43	0.633679
119	51	0.694332
119	64	0.80349
119	102	0.59087
119	128	1.11731
119	129	1.12501
119	130	0.576064
119	134	0.63412
119	137	1.11974
119	143	1.17791
119	152	1.18175
119	153	1.14441
119	155	1.15649
119	156	1.1717
119	163	1.16572
119	164	1.08183
119	165	1.04731
119	167	1.17337
119	169	1.09099
119	171	1.04564
119	173	1.1417
119	174	1.07221
119	176	1.09421
119	177	1.05557
119	180	1.03728
120	35	1.13344
120	70	0.78646
120	88	1.21038
120	94	1.16516
120	101	1.21851
120	102	1.21182
120	105	1.11353
120	106	1.11185
120	108	1.18424
120	109	1.19525
120	111	1.17033
120	113	1.09812
120	122	1.14616
120	124	1.13705
120	127	1.17338
120	131	1.15381
120	133	1.15695
120	134	1.14155
120	135	1.16227
120	137	1.11566
120	142	1.19225
120	145	0.679791
120	151	0.767027
120	152	0.599617
120	163	0.650498
120	164	0.823161
120	170	0.999562
120	175	0.796207
120	179	0.735987
121	3	1.23307
121	11	1.21943
121	12	1.19553
121	18	1.18825
121	37	1.11624
121	44	1.08351
121	45	1.18755
121	50	1.18015
121	61	1.16716
121	80	0.776524
121	82	1.14255
121	84	1.14313
121	86	1.14296
121	89	1.1255
121	114	1.17148
121	116	1.15256
121	132	1.17625
121	138	1.08901
121	140	0.857007
121	148	1.19641
121	150	1.17449
121	156	0.631818
121	160	0.765851
121	164	0.824392
121	167	0.630656
121	168	0.657428
121	172	0.742831
121	175	1.11076
121	177	0.927208
122	32	1.11022
122	77	1.13507
122	88	1.18922
122	94	1.144
122	101	1.19735
122	102	1.19066
122	105	1.09237
122	108	1.16308
122	109	1.17409
122	111	1.14917
122	113	1.07696
122	120	1.14616
122	124	1.11589
122	126	0.783922
122	127	1.15222
122	131	1.13265
122	133	1.13579
122	134	1.12038
122	135	1.14111
122	136	0.73621
122	139	1.08042
122	141	1.17141
122	142	1.17109
122	145	0.788721
122	146	0.695534
122	149	0.958717
122	158	0.859626
122	167	0.738355
122	172	0.85053
122	173	0.764917
123	1	0.530444
123	11	0.530088
123	46	0.81317
123	49	1.11491
123	55	0.645257
123	73	0.672224
123	134	0.569143
123	136	1.19707
123	141	0.609306
123	143	1.2122
123	145	1.20894
123	148	0.519191
123	149	1.13674
123	150	0.593962
123	153	1.1787
123	156	1.206
123	157	1.08731
123	160	1.13896
123	165	1.0816
123	166	1.15324
123	167	1.20766
123	169	1.12528
123	171	1.07994
123	172	1.14559
123	173	1.176
123	174	1.1065
123	176	1.1285
123	177	1.08987
123	179	1.13915
123	180	1.07157
124	32	1.10111
124	49	0.884364
124	70	0.810131
124	77	1.12597
124	94	1.13489
124	101	1.18824
124	102	1.18155
124	105	1.08326
124	106	1.08158
124	108	1.15397
124	109	1.16498
124	111	1.14006
124	113	1.06785
124	117	0.68075
124	120	1.13705
124	122	1.11589
124	127	1.14311
124	131	1.12354
124	133	1.12668
124	134	1.11128
124	135	1.132
124	137	1.08539
124	139	1.07131
124	141	1.1623
124	142	1.16198
124	144	0.649609
124	167	0.653097
124	173	0.679659
124	174	0.834486
124	176	0.833496
124	177	0.949649
125	9	0.862635
125	33	0.720221
125	44	0.775222
125	53	0.543975
125	71	0.604237
125	80	1.12203
125	84	0.670569
125	89	0.70427
125	96	1.169
125	103	0.549683
125	113	0.769188
125	115	1.21229
125	136	1.17755
125	140	1.09738
125	155	1.17126
125	156	1.18648
125	158	1.14036
125	159	1.12104
125	160	1.11944
125	162	1.11584
125	163	1.1805
125	164	1.09661
125	166	1.13372
125	169	1.10576
125	170	1.05785
125	172	1.12607
125	174	1.08698
125	176	1.10898
125	177	1.07035
125	179	1.11963
125	180	1.05206
126	66	0.828967
126	84	0.816579
126	94	0.731326
126	96	1.13197
126	98	0.661199
126	100	0.761053
126	102	0.662713
126	114	0.754242
126	122	0.783922
126	129	1.10276
126	136	1.14053
126	146	1.18133
126	151	1.10575
126	155	1.13424
126	160	1.08242
126	163	1.14347
126	165	1.02506
126	166	1.0967
126	167	1.15112
126	168	1.13526
126	169	1.06874
126	170	1.02082
126	171	1.02339
126	172	1.08905
126	173	1.11946
126	174	1.04996
126	176	1.07196
126	177	1.03332
126	178	1.04423
126	180	1.01503
127	77	1.16229
127	81	1.15831
127	88	1.21644
127	94	1.17122
127	101	1.22457
127	102	1.21788
127	105	1.11959
127	106	1.11791
127	108	1.1903
127	109	1.20131
127	111	1.17639
127	113	1.10418
127	120	1.17338
127	122	1.15222
127	124	1.14311
127	131	1.15987
127	133	1.16301
127	134	1.14761
127	135	1.16833
127	137	1.12172
127	139	1.10764
127	141	1.19863
127	144	0.662737
127	145	0.716591
127	149	0.886587
127	157	0.900171
127	159	0.875914
127	161	0.637557
127	163	0.687298
127	166	0.785321
127	172	0.778401
127	179	0.772787
128	14	0.735812
128	63	0.899978
128	72	0.729176
128	79	0.692242
128	80	1.04907
128	87	0.853522
128	96	1.09604
128	105	0.788339
128	116	0.824374
128	119	1.11731
128	138	1.0222
128	145	1.11646
128	147	1.16545
128	148	0.744958
128	152	1.12356
128	153	1.08622
128	155	1.0983
128	158	1.0674
128	159	1.04808
128	160	1.04648
128	162	1.04288
128	166	1.06077
128	167	1.11518
128	168	1.09932
128	169	1.0328
128	171	0.98746
128	172	1.05311
128	173	1.08352
128	174	1.01402
128	176	1.03602
128	179	1.04667
128	180	0.979097
129	16	0.776404
129	24	0.811195
129	61	0.776728
129	68	0.644242
129	72	0.692636
129	77	0.846078
129	84	0.868985
129	94	0.783732
129	115	1.14703
129	117	1.09407
129	119	1.12501
129	126	1.10276
129	136	1.1123
129	139	1.05519
129	140	1.03212
129	143	1.12743
129	147	1.17315
129	149	1.05197
129	152	1.13127
129	156	1.12123
129	157	1.00254
129	163	1.11525
129	166	1.06847
129	167	1.12289
129	169	1.04051
129	170	0.992594
129	172	1.06082
129	173	1.09123
129	176	1.04373
129	177	1.0051
129	180	0.986803
130	8	1.37029
130	14	1.14955
130	15	0.736579
130	17	1.17352
130	25	1.22049
130	26	1.14264
130	28	1.12621
130	47	1.16121
130	48	1.06318
130	57	1.13832
130	60	1.13785
130	66	1.08842
130	68	1.18657
130	71	1.16768
130	73	1.08624
130	74	1.08819
130	80	1.08938
130	96	0.644234
130	98	1.20859
130	99	1.14734
130	103	1.17859
130	104	1.11502
130	110	1.09276
130	118	0.860654
130	119	0.576064
130	132	1.14975
130	149	0.822703
130	151	0.739943
130	154	1.12282
130	155	0.651877
130	163	0.623414
130	165	0.935197
130	175	0.769123
131	32	1.11786
131	54	0.652182
131	77	1.14272
131	81	1.13874
131	88	1.19686
131	90	0.794743
131	94	1.15165
131	101	1.205
131	102	1.19831
131	105	1.10002
131	106	1.09834
131	108	1.17072
131	109	1.18174
131	111	1.15682
131	120	1.15381
131	122	1.13265
131	124	1.12354
131	127	1.15987
131	133	1.14343
131	134	1.12803
131	135	1.14875
131	137	1.10215
131	139	1.08807
131	140	0.882981
131	141	1.17906
131	142	1.17874
131	146	0.613809
131	149	0.876992
131	156	0.657792
131	161	0.627962
131	165	0.989487
131	172	0.768805
131	179	0.763192
132	2	1.20133
132	17	1.18353
132	19	1.14392
132	24	1.14811
132	25	1.2305
132	26	1.15265
132	48	1.07319
132	66	1.09843
132	68	1.19658
132	75	1.19101
132	80	1.09939
132	84	1.12664
132	93	1.10616
132	99	0.627383
132	100	1.13275
132	112	1.15669
132	114	1.15499
132	116	1.13608
132	117	0.696615
132	121	1.17625
132	130	1.14975
132	138	1.07252
132	139	0.775729
132	148	1.17992
132	150	1.158
132	154	1.13283
132	156	0.670123
132	162	0.821772
132	166	0.788057
132	172	0.781137
132	175	0.835743
132	176	0.849361
132	179	0.775523
133	21	0.509701
133	32	1.121
133	34	0.494601
133	77	1.14586
133	81	1.14188
133	88	1.2
133	92	0.787501
133	101	1.20814
133	102	1.20145
133	105	1.10316
133	106	1.10148
133	107	0.662662
133	108	1.17386
133	109	1.18488
133	111	1.15996
133	113	1.08775
133	120	1.15695
133	122	1.13579
133	124	1.12668
133	127	1.16301
133	131	1.14343
133	134	1.13117
133	135	1.15189
133	137	1.10529
133	139	1.09121
133	140	0.899197
133	141	1.1822
133	142	1.18188
133	152	0.643038
133	157	0.906793
133	159	0.882536
133	166	0.791942
133	169	0.785878
134	35	1.10767
134	77	1.13046
134	81	1.12648
134	88	1.1846
134	94	1.13939
134	101	1.19274
134	102	1.18605
134	105	1.08776
134	106	1.08608
134	108	1.15846
134	109	1.16948
134	111	1.14456
134	113	1.07235
134	119	0.63412
134	120	1.14155
134	122	1.12038
134	123	0.569143
134	124	1.11128
134	127	1.14761
134	131	1.12803
134	133	1.13117
134	135	1.13649
134	137	1.08989
134	139	1.07581
134	141	1.1668
134	142	1.16648
134	145	0.710763
134	155	0.709933
134	160	0.795592
134	164	0.854133
134	168	0.687168
134	174	0.841785
134	177	0.956949
134	180	1.05562
135	32	1.12633
135	35	1.12839
135	77	1.15118
135	81	1.1472
135	88	1.20532
135	90	0.764574
135	94	1.16011
135	99	0.584883
135	101	1.21346
135	102	1.20677
135	105	1.10848
135	106	1.1068
135	108	1.17919
135	109	1.1902
135	111	1.16528
135	113	1.09307
135	120	1.16227
135	122	1.14111
135	124	1.132
135	127	1.16833
135	131	1.14875
135	133	1.15189
135	134	1.13649
135	137	1.11061
135	139	1.09653
135	141	1.18752
135	142	1.1872
135	143	0.624508
