1	28	1.10799
1	116	1.18669
1	164	1.16182
1	165	0.950143
1	166	0.955333
1	171	0.899405
1	173	0.949156
1	176	0.913467
1	177	0.933848
1	178	0.958896
1	179	0.926724
1	180	0.931284
2	83	0.900747
2	84	0.984123
2	106	0.890108
2	107	0.949542
2	126	0.933336
2	136	0.934985
2	147	0.93941
2	155	0.947084
2	167	1.29125
2	170	0.922071
2	177	1.24153
2	179	1.25053
3	9	0.69805
3	31	1.18062
3	63	1.19865
3	76	0.830556
3	85	0.721882
3	106	1.17675
3	120	1.16658
3	136	1.22163
3	141	1.2317
3	147	1.22605
3	153	0.758419
3	167	0.897737
4	89	0.97877
4	96	0.866421
4	108	0.947834
4	112	0.969601
4	115	1.15001
4	132	0.880019
4	146	0.921349
4	154	0.946977
4	160	0.946034
4	165	1.23618
4	171	1.39586
4	174	0.943702
5	78	1.6606
5	147	1.81736
5	166	0.865683
5	168	0.860809
5	171	0.809755
5	172	0.808771
5	173	0.859506
5	176	0.823817
5	177	0.844198
5	178	0.869246
5	179	0.837074
5	180	0.841634
6	41	1.00674
6	74	0.925272
6	105	1.03915
6	144	1.03189
6	148	1.0714
6	152	1.04622
6	153	1.08302
6	157	1.03695
6	164	1.06625
6	167	1.02271
6	168	1.01253
6	174	0.895122
7	27	0.909844
7	57	0.736755
7	93	0.794061
7	118	0.913503
7	172	1.0194
7	173	1.07013
7	175	1.06074
7	176	1.03444
7	177	1.05482
7	178	1.07987
7	179	1.0477
7	180	1.05226
8	42	0.914536
8	72	0.863866
8	83	0.910156
8	84	0.993532
8	87	0.903507
8	100	0.939404
8	109	1.40326
8	129	0.965721
8	141	0.954463
8	155	0.956493
8	169	1.27242
8	174	1.10864
9	3	0.69805
9	18	0.822411
9	132	1.00674
9	143	0.886869
9	172	1.0194
9	173	1.07013
9	175	1.06074
9	176	1.03444
9	177	1.05482
9	178	1.07987
9	179	1.0477
9	180	1.05226
10	87	1.16429
10	101	1.11027
10	157	1.1501
10	168	0.95798
10	171	0.906925
10	172	0.905941
10	175	0.947282
10	176	0.920987
10	177	0.941368
10	178	0.966416
10	179	0.934245
10	180	0.938804
11	148	1.21067
11	150	1.01987
11	155	1.19177
11	163	0.944885
11	172	0.901328
11	173	0.952063
11	175	0.942669
11	176	0.916374
11	177	0.936755
11	178	0.961803
11	179	0.929632
11	180	0.934191
12	22	0.957813
12	66	0.953886
12	102	0.923877
12	104	0.90438
12	117	0.93177
12	150	0.965199
12	151	0.930883
12	157	0.902553
12	161	1.29787
12	164	0.93185
12	165	1.22103
12	180	1.26461
13	45	0.945369
13	105	1.04251
13	132	1.01518
13	144	1.03524
13	150	1.10295
13	151	1.06864
13	157	1.04031
13	164	1.06961
13	166	0.991658
13	167	1.02607
13	177	0.961965
13	178	0.946433
14	21	0.948141
14	38	0.912394
14	60	0.904174
14	62	0.962454
14	83	0.916972
14	106	0.906333
14	136	0.95121
14	142	0.961185
14	163	1.26735
14	165	1.28831
14	170	0.938296
14	174	1.2279
15	22	0.95616
15	120	0.878561
15	122	0.95443
15	125	0.929526
15	136	0.933604
15	142	0.943579
15	147	0.938029
15	155	0.945703
15	163	1.27109
15	170	0.92069
15	173	1.28186
15	174	1.23164
16	28	0.817886
16	116	0.896579
16	147	0.790114
16	166	1.06874
16	168	1.06387
16	170	0.891588
16	175	1.05317
16	176	1.02687
16	177	1.04726
16	178	1.0723
16	179	1.04013
16	180	1.04469
17	53	1.09166
17	92	1.00432
17	128	1.03928
17	135	1.1401
17	146	1.0382
17	158	1.06183
17	159	0.892317
17	160	1.06289
17	161	0.932934
17	170	1.04179
17	174	1.06055
17	177	0.880591
18	9	0.822411
18	100	1.04432
18	106	1.00444
18	122	1.07014
18	129	1.07064
18	133	0.857035
18	141	1.05938
18	147	1.05374
18	155	1.06141
18	167	1.0221
18	170	1.0364
18	172	1.08261
19	77	1.77349
19	105	0.82779
19	108	1.7034
19	117	0.854809
19	157	0.825592
19	164	0.85489
19	166	0.860264
19	169	0.817134
19	173	0.854088
19	176	0.818399
19	178	0.863828
19	180	0.836216
20	60	0.973578
20	87	0.979727
20	88	1.09984
20	100	1.01562
20	125	1.01654
20	136	1.02061
20	141	1.03068
20	142	1.03059
20	147	1.02504
20	159	1.05378
20	170	1.0077
20	174	0.957144
20	175	1.03281
21	14	0.948141
21	24	1.01909
21	62	1.03141
21	120	0.965121
21	127	0.872979
21	129	1.04149
21	135	1.15317
21	140	1.20616
21	141	1.03023
21	147	1.02459
21	155	1.03226
21	170	1.00725
21	180	0.912739
22	12	0.957813
22	15	0.95616
22	88	1.07213
22	120	0.990746
22	122	1.06662
22	134	0.998102
22	142	1.05576
22	162	1.01252
22	164	1.04238
22	166	1.04404
22	167	0.998846
22	170	1.03288
22	177	1.01435
23	83	1.03765
23	123	0.877097
23	144	0.951082
23	151	0.805001
23	161	1.00557
23	162	1.0256
23	169	0.991308
23	173	1.02826
23	175	1.01887
23	176	0.992573
23	178	1.038
23	179	1.00583
23	180	1.01039
24	21	1.01909
24	34	1.038
24	38	0.983348
24	41	1.04679
24	60	0.975128
24	106	0.977287
24	122	1.04299
24	141	1.03223
24	147	1.02659
24	155	1.03426
24	170	1.00925
24	177	1.02009
24	180	1.03917
25	35	1.00235
25	57	1.04992
25	95	1.15544
25	116	0.987261
25	143	1.00019
25	146	0.997426
25	153	0.923233
25	158	1.02106
25	160	1.02211
25	167	1.06255
25	170	1.00102
25	174	1.01978
25	175	1.00358
26	98	0.996017
26	105	1.0014
26	119	1.01006
26	134	0.984216
26	144	0.994134
26	151	1.02753
26	152	1.00847
26	153	1.04526
26	157	0.999198
26	164	1.0285
26	168	1.0732
26	169	1.11958
26	174	0.955795
27	7	0.909844
27	50	0.970121
27	67	0.970582
27	89	1.04786
27	103	0.993605
27	112	1.03869
27	131	1.01804
27	138	0.98629
27	154	1.01606
27	158	1.01407
27	160	1.01512
27	161	1.20954
27	170	0.994028
28	1	1.10799
28	16	0.817886
28	50	0.96928
28	79	0.971315
28	80	1.17069
28	81	1.07813
28	89	1.04702
28	101	1.00269
28	146	0.989596
28	154	1.01522
28	160	1.01428
28	162	0.912834
28	174	1.01195
29	34	0.66523
29	58	2.12174
29	93	1.04028
29	104	0.996761
29	114	1.01691
29	118	1.00502
29	144	0.989869
29	148	1.02938
29	152	1.0042
29	157	0.994933
29	164	1.02423
29	166	0.67701
29	168	0.679812
30	47	1.00444
30	50	0.981381
30	77	0.984792
30	131	1.0293
30	138	0.99755
30	154	1.02732
30	158	1.02533
30	160	1.02638
30	162	0.99487
30	169	1.07557
30	170	1.00529
30	174	1.02405
30	176	1.06972
31	3	1.18062
31	84	1.03136
31	87	0.941334
31	125	0.978144
31	129	1.00355
31	135	1.23897
31	141	0.99229
31	142	0.992197
31	147	0.986646
31	155	0.994321
31	173	0.944768
31	178	0.963932
31	180	0.998547
32	42	0.998646
32	72	0.947975
32	74	0.967994
32	100	1.02351
32	106	0.983626
32	125	1.02443
32	136	1.0285
32	142	1.03848
32	155	1.0406
32	165	0.998259
32	167	1.07248
32	169	1.10163
32	170	1.01559
33	43	1.10971
33	86	1.22287
33	97	1.02752
33	99	0.913153
33	134	0.974984
33	144	0.984902
33	151	1.0183
33	152	0.999237
33	157	0.989967
33	164	1.01926
33	166	1.01612
33	167	0.975728
33	177	0.986426
34	24	1.038
34	29	0.66523
34	106	1.02848
34	139	1.01172
34	146	1.04739
34	156	1.02804
34	168	1.02664
34	172	0.974606
34	175	1.01595
34	177	1.01003
34	178	1.03508
34	179	1.00291
34	180	1.00747
35	25	1.00235
35	112	1.0434
35	123	1.01462
35	138	0.991004
35	146	0.995149
35	158	1.01878
35	160	1.01983
35	166	1.02211
35	170	0.998742
35	171	1.12761
35	174	1.0175
35	175	0.983169
35	180	1.0115
36	57	1.05068
36	82	0.986125
36	95	1.15562
36	108	1.02467
36	118	0.99207
36	121	1.00723
36	152	0.991256
36	158	1.02181
36	164	1.01128
36	170	1.00178
36	173	0.978309
36	174	1.02054
36	175	1.00376
37	38	0.980641
37	42	0.989599
37	83	0.985219
37	109	1.10801
37	122	1.04028
37	125	1.01538
37	137	0.894758
37	140	1.2108
37	141	1.02953
37	142	1.02943
37	147	1.02388
37	168	0.930793
37	170	1.00654
38	14	0.912394
38	24	0.983348
38	37	0.980641
38	42	0.95456
38	59	1.20532
38	84	1.03356
38	122	1.00524
38	125	0.98034
38	136	0.984418
38	142	0.994393
38	165	1.05938
38	167	1.1336
38	170	0.971504
38	173	1.04918
39	41	0.961493
39	54	0.924542
39	96	0.924327
39	101	0.992352
39	112	1.02751
39	138	0.975109
39	146	0.979255
39	154	1.00488
39	156	1.05007
39	158	1.00288
39	160	1.00394
39	167	1.16344
39	178	1.09819
39	180	1.1328
40	93	1.05125
40	143	1.04667
40	150	0.851911
40	154	1.00327
40	159	0.992278
40	165	0.996025
40	168	0.996341
40	171	0.945287
40	173	0.995038
40	176	0.959349
40	177	0.97973
40	178	1.00478
40	179	0.972606
40	180	0.977166
41	6	1.00674
41	24	1.04679
41	39	0.961493
41	111	1.00373
41	112	1.02071
41	142	1.06418
41	151	0.960145
41	154	0.998087
41	160	0.997143
41	172	0.93402
41	175	0.975362
41	178	0.994496
41	179	0.962324
41	180	0.966883
42	8	0.914536
42	32	0.998646
42	37	0.989599
42	38	0.95456
42	44	1.19046
42	103	1.00425
42	120	0.938333
42	125	0.989297
42	126	0.991727
42	129	1.0147
42	141	1.00344
42	155	1.00547
42	174	1.08292
42	177	1.16784
43	33	1.10971
43	85	0.852271
43	130	1.12994
43	132	1.05244
43	134	1.06258
43	148	1.11201
43	149	0.83041
43	151	1.1059
43	152	1.08684
43	157	1.07757
43	167	1.06333
43	173	0.943707
43	174	0.89349
43	179	0.987398
44	42	1.19046
44	81	0.894883
44	84	0.936956
44	125	0.992377
44	165	0.996514
44	166	1.0017
44	169	0.958573
44	172	0.944791
44	173	0.995527
44	175	0.986133
44	177	0.980219
44	178	1.00527
44	179	0.973095
44	180	0.977654
45	13	0.945369
45	120	1.09939
45	142	1.02089
45	161	0.980896
45	162	1.00093
45	164	0.951893
45	171	0.953841
45	172	0.952856
45	175	0.994197
45	176	0.967902
45	177	0.988284
45	178	1.01333
45	179	0.98116
45	180	0.985719
46	62	0.988863
46	72	0.897091
46	81	1.04965
46	91	1.01036
46	107	0.992176
46	121	1.16502
46	128	0.962189
46	131	0.988721
46	153	1.08119
46	155	0.989718
46	158	0.984742
46	170	0.964705
46	174	0.983465
46	179	1.17978
47	30	1.00444
47	129	1.00799
47	133	1.01493
47	160	1.00828
47	168	1.00048
47	170	0.996101
47	171	0.949424
47	172	0.948439
47	175	0.989781
47	176	0.963486
47	177	0.983867
47	178	1.00891
47	179	0.976743
47	180	0.981303
48	69	0.920111
48	71	1.02325
48	82	0.981026
48	90	0.953889
48	118	0.986971
48	119	0.987745
48	130	1.02926
48	144	0.971823
48	149	1.00799
48	152	0.986158
48	157	0.976887
48	164	1.00618
48	172	1.26622
48	175	1.14674
49	59	0.979298
49	69	1.01825
49	95	1.00047
49	103	0.694266
49	119	1.08588
49	148	1.10947
49	150	1.13767
49	152	1.08429
49	153	1.12108
49	157	1.07502
49	164	1.10432
49	167	1.06078
49	171	0.993042
49	178	0.842323
50	27	0.970121
50	28	0.96928
50	30	0.981381
50	98	1.06946
50	116	0.959741
50	131	0.997514
50	146	0.969906
50	158	0.993535
50	160	0.994591
50	163	1.06869
50	166	1.14385
50	167	1.16388
50	170	0.973498
50	174	0.992259
51	96	1.03408
51	112	0.768828
51	130	0.788692
51	143	0.81601
51	158	0.783744
51	163	1.06338
51	169	1.03361
51	171	1.02081
51	173	1.07056
51	175	1.06116
51	176	1.03487
51	177	1.05525
51	178	1.0803
51	179	1.04813
51	180	1.05269
52	66	0.89178
52	81	0.701037
52	97	0.829792
52	104	0.937241
52	159	1.06273
52	160	0.829319
52	162	1.06283
52	168	1.0668
52	169	1.02854
52	172	1.01476
52	173	1.06549
52	177	1.05018
52	178	1.07523
52	179	1.04306
52	180	1.04762
53	17	1.09166
53	77	1.02678
53	96	0.988755
53	99	0.87972
53	108	1.07017
53	111	1.07496
53	127	0.932316
53	132	1.00235
53	139	0.901593
53	146	1.04368
53	154	1.06931
53	158	1.06731
53	160	1.06837
53	167	1.00272
53	171	1.08818
54	39	0.924542
54	57	0.988006
54	92	0.901627
54	111	0.966781
54	112	0.983759
54	128	0.936584
54	131	0.963117
54	154	0.961136
54	156	1.10939
54	158	0.959138
54	160	0.960193
54	165	1.14854
54	166	1.20273
54	172	1.28327
54	174	0.957861
55	124	0.814983
55	151	1.38522
55	157	1.50099
55	163	0.888251
55	165	0.896416
55	168	0.896733
55	169	0.858475
55	170	1.44014
55	171	0.845678
55	173	0.89543
55	175	0.886035
55	177	0.880122
55	178	0.905169
55	179	0.872998
55	180	0.877557
56	64	0.954934
56	92	0.904845
56	108	0.965211
56	112	0.986977
56	123	0.958198
56	128	0.939802
56	131	0.966334
56	145	1.04332
56	146	0.938726
56	158	0.962355
56	160	0.963411
56	174	0.961079
56	176	1.28468
56	178	1.19613
56	179	1.22065
57	7	0.736755
57	25	1.04992
57	36	1.05068
57	54	0.988006
57	64	1.05893
57	88	1.04189
57	123	1.06219
57	128	1.0438
57	137	0.980567
57	154	1.06835
57	158	1.06635
57	160	1.0674
57	161	1.03645
57	170	1.04631
57	173	0.949409
58	29	2.12174
58	80	0.752696
58	123	0.821778
58	131	0.829915
58	150	2.3165
58	154	0.827934
58	160	0.826991
58	161	0.791907
58	166	0.82078
58	170	0.805898
58	173	0.814603
58	175	0.805209
58	178	0.824343
58	179	0.792171
58	180	0.796731
59	38	1.20532
59	49	0.979298
59	62	1.06914
59	126	1.12249
59	128	0.95601
59	143	0.957695
59	158	0.978563
59	160	0.979618
59	161	0.944535
59	171	0.91748
59	174	0.977286
59	176	0.931541
59	178	0.976971
59	179	0.944799
59	180	0.949358
60	14	0.904174
60	20	0.973578
60	24	0.975128
60	63	0.95322
60	72	0.89567
60	87	0.935311
60	106	0.931321
60	122	0.997024
60	133	1.10152
60	141	0.986267
60	155	0.988297
60	170	0.963284
60	177	1.21686
60	178	1.20133
60	179	1.22586
61	78	0.711579
61	107	1.00042
61	108	0.811303
61	143	1.01828
61	163	1.03448
61	164	0.949936
61	169	1.0047
61	171	0.991903
61	172	0.990918
61	173	1.04165
61	175	1.03226
61	176	1.00596
61	177	1.02635
61	178	1.05139
61	179	1.01922
61	180	1.02378
62	14	0.962454
62	21	1.03141
62	46	0.988863
62	59	1.06914
62	79	0.999691
62	107	1.04903
62	120	0.979435
62	125	1.0304
62	129	1.05581
62	136	1.03448
62	155	1.04658
62	168	0.980193
62	169	1.02657
62	170	1.02156
62	176	1.02072
62	177	0.947697
63	3	1.19865
63	60	0.95322
63	71	1.024
63	73	1.03125
63	107	1.01481
63	120	0.945213
63	129	1.02158
63	136	1.00026
63	137	1.03105
63	141	1.01032
63	142	1.01023
63	147	1.00468
63	149	0.886594
63	155	1.01236
63	169	1.11346
63	179	1.04358
64	56	0.954934
64	57	1.05893
64	101	1.01953
64	108	1.03291
64	111	1.0377
64	116	0.996264
64	123	1.0259
64	145	0.883152
64	146	1.00643
64	156	0.987835
64	160	1.03111
64	161	1.10383
64	170	1.01002
64	174	1.02878
64	179	1.06048
64	180	1.07057
65	69	0.858296
65	78	1.03844
65	82	0.919211
65	102	0.936396
65	104	0.916899
65	118	0.925155
65	130	0.967446
65	134	0.90009
65	150	0.977718
65	157	0.915072
65	164	0.944369
65	167	0.900833
65	171	1.33622
65	172	1.31127
65	178	1.1855
65	179	1.21003
66	12	0.953886
66	52	0.89178
66	104	1.01098
66	114	1.03113
66	126	1.04021
66	130	1.06153
66	144	1.00409
66	151	1.03749
66	152	1.01843
66	157	1.00916
66	159	1.07473
66	164	1.03845
66	167	0.994918
66	173	1.02831
66	174	0.978093
66	179	1.072
67	27	0.970582
67	72	1.11266
67	142	0.850869
67	155	0.82736
67	166	1.04093
67	169	0.997796
67	170	0.801751
67	171	0.984999
67	173	1.03475
67	174	1.04481
67	175	1.02536
67	176	0.999061
67	177	1.01944
67	178	1.04449
67	179	1.01232
67	180	1.01688
68	105	1.11037
68	128	1.09169
68	130	1.0229
68	131	1.03153
68	159	0.965976
68	161	0.946041
68	162	0.966071
68	165	0.969723
68	166	0.974913
68	172	0.918001
68	175	0.959342
68	176	0.933047
68	177	0.953429
68	178	0.978476
68	180	0.950864
69	48	0.920111
69	49	1.01825
69	65	0.858296
69	78	1.02442
69	102	0.922372
69	115	1.16879
69	119	0.911905
69	134	0.886065
69	148	0.935492
69	150	0.963694
69	151	0.929378
69	157	0.901047
69	164	0.930345
69	173	1.24476
69	176	1.35248
69	177	1.27946
70	75	1.02386
70	97	1.04009
70	104	1.00436
70	117	1.03175
70	118	1.01262
70	144	0.997472
70	148	1.03698
70	149	0.864962
70	151	1.03087
70	157	1.00254
70	164	1.03183
70	167	0.988298
70	169	1.09183
70	171	1.14814
70	175	1.00371
70	178	0.997424
71	48	1.02325
71	63	1.024
71	72	0.966451
71	87	1.00609
71	101	0.876647
71	106	1.0021
71	114	0.879502
71	142	1.05695
71	157	0.916469
71	160	0.867808
71	171	0.99302
71	173	1.04277
71	177	1.02746
71	178	1.05251
71	179	1.02034
71	180	1.0249
72	8	0.863866
72	32	0.947975
72	46	0.897091
72	60	0.89567
72	67	1.11266
72	71	0.966451
72	100	0.937716
72	129	0.964033
72	136	0.942705
72	142	0.952681
72	147	0.94713
72	155	0.954805
72	163	1.25381
72	170	0.929791
72	177	1.29928
72	180	1.31836
73	63	1.03125
73	78	0.72679
73	143	1.03349
73	146	1.02613
73	157	1.04587
73	159	1.00857
73	166	1.01751
73	168	1.01264
73	169	0.974378
73	171	0.961581
73	172	0.960596
73	173	1.01133
73	176	0.975643
73	177	0.996024
73	178	1.02107
73	179	0.9889
73	180	0.993459
74	6	0.925272
74	32	0.967994
74	123	0.950776
74	132	1.10194
74	157	0.994443
74	162	1.00604
74	163	1.00152
74	165	1.00969
74	168	1.01
74	171	0.95895
74	172	0.957965
74	173	1.0087
74	175	0.999306
74	176	0.973011
74	178	1.01844
74	179	0.986269
74	180	0.990828
75	70	1.02386
75	82	0.983282
75	114	1.00112
75	117	1.00836
75	134	0.964161
75	143	0.998104
75	144	0.974079
75	149	0.922532
75	151	1.00747
75	152	0.988413
75	156	1.00688
75	157	0.979143
75	164	1.00844
75	167	0.964905
75	171	1.20571
75	172	1.18076
75	180	1.08961
76	3	0.830556
76	130	0.992056
76	144	1.06207
76	158	0.987108
76	159	1.00481
76	160	0.983089
76	163	1.0004
76	166	1.01375
76	168	1.00888
76	169	0.970621
76	171	0.957824
76	173	1.00757
76	176	0.971885
76	177	0.992267
76	178	1.01731
76	179	0.985143
76	180	0.989702
77	19	1.77349
77	30	0.984792
77	53	1.02678
77	89	1.03074
77	92	0.939436
77	111	1.00459
77	115	0.789286
77	138	0.969171
77	143	0.976078
77	146	0.973317
77	149	1.02103
77	154	0.998945
77	158	0.996946
77	162	0.898123
77	170	0.976909
77	176	0.972972
77	179	0.908947
78	5	1.6606
78	61	0.711579
78	65	1.03844
78	69	1.02442
78	73	0.72679
78	114	1.10317
78	132	1.05606
78	144	1.07613
78	150	1.14384
78	151	1.10952
78	152	1.09046
78	157	1.08119
78	164	1.11049
78	165	0.705633
78	167	1.06695
78	168	0.762628
78	178	0.7146
79	28	0.971315
79	62	0.999691
79	100	0.983458
79	107	1.003
79	108	0.998426
79	124	1.26514
79	128	0.973017
79	129	1.00977
79	147	0.992872
79	153	0.921824
79	154	0.997569
79	155	1.00055
79	158	0.99557
79	170	0.975533
79	172	1.12166
79	176	1.08444
79	177	1.01142
80	28	1.17069
80	58	0.752696
80	106	1.26659
80	116	1.24938
80	160	1.25657
80	161	0.930213
80	163	0.94573
80	168	0.954212
80	169	0.915954
80	171	0.903158
80	172	0.902173
80	173	0.952909
80	175	0.943514
80	176	0.917219
80	177	0.937601
80	179	0.930477
80	180	0.935036
81	28	1.07813
81	44	0.894883
81	46	1.04965
81	52	0.701037
81	96	1.02383
81	108	1.10524
81	113	1.1937
81	123	1.09823
81	138	1.07461
81	143	1.08152
81	154	1.10438
81	158	1.10239
81	163	0.826801
81	170	1.08235
81	174	1.10111
81	177	0.872264
81	178	0.856732
82	36	0.986125
82	48	0.981026
82	65	0.919211
82	75	0.983282
82	90	0.938964
82	109	1.28551
82	110	1.33941
82	117	0.99118
82	134	0.946981
82	139	1.02439
82	144	0.956898
82	148	0.996408
82	151	0.990293
82	152	0.971233
82	164	0.99126
82	167	0.947724
82	174	0.990881
82	175	1.06655
83	2	0.900747
83	8	0.910156
83	14	0.916972
83	23	1.03765
83	37	0.985219
83	100	0.984006
83	107	1.00355
83	120	0.933952
83	125	0.984917
83	129	1.01032
83	139	1.1147
83	141	0.999064
83	147	0.99342
83	153	1.0765
83	155	1.00109
83	170	0.976081
83	176	1.23912
83	179	1.17509
84	2	0.984123
84	8	0.993532
84	31	1.03136
84	38	1.03356
84	44	0.936956
84	98	0.869644
84	107	1.08693
84	120	1.01733
84	125	1.06829
84	129	1.0937
84	135	1.17385
84	136	1.07237
84	137	0.910798
84	142	1.08235
84	147	1.0768
84	159	0.926062
84	165	0.889837
84	170	1.05946
85	3	0.721882
85	43	0.852271
85	125	0.843625
85	128	0.952172
85	137	1.07614
85	148	0.906738
85	156	1.07166
85	158	0.878434
85	167	1.02623
85	169	1.03201
85	172	1.01823
85	173	1.06896
85	175	1.05957
85	176	1.03327
85	177	1.05366
85	178	1.0787
85	179	1.04653
85	180	1.05109
86	33	1.22287
86	116	1.2298
86	122	1.1627
86	134	1.32742
86	159	0.931662
86	165	0.935409
86	166	0.940599
86	169	0.897468
86	171	0.884671
86	172	0.883687
86	173	0.934422
86	175	0.925028
86	176	0.898733
86	177	0.919114
86	178	0.944162
86	179	0.91199
86	180	0.91655
87	8	0.903507
87	10	1.16429
87	20	0.979727
87	31	0.941334
87	60	0.935311
87	71	1.00609
87	100	0.977357
87	107	0.996903
87	120	0.927303
87	122	1.00317
87	125	0.978268
87	135	1.32291
87	147	0.986771
87	155	0.994446
87	163	1.01794
87	166	1.0931
87	170	0.969433
87	178	1.04787
88	20	1.09984
88	22	1.07213
88	57	1.04189
88	111	1.01473
88	123	1.06332
88	145	1.02549
88	159	0.985421
88	161	0.965486
88	162	0.985516
88	169	0.951227
88	171	0.93843
88	172	0.937446
88	173	0.988181
88	175	0.978787
88	176	0.952492
88	177	0.972873
88	179	0.96575
88	180	0.970309
89	4	0.97877
89	27	1.04786
89	28	1.04702
89	77	1.03074
89	111	1.07892
89	116	1.03748
89	123	1.06711
89	131	1.07525
89	138	1.0435
89	154	1.07327
89	160	1.07233
89	165	0.940417
89	168	0.997412
89	170	1.05123
89	173	0.93022
89	177	0.964916
89	178	0.949384
89	180	0.983999
90	48	0.953889
90	82	0.938964
90	99	1.18093
90	114	0.956798
90	117	0.964043
90	118	0.944909
90	126	0.965882
90	130	0.9872
90	132	0.909694
90	134	0.919843
90	149	1.10621
90	150	0.997472
90	152	0.944095
90	157	0.934825
90	164	0.964123
90	167	0.920587
90	168	1.2867
90	174	1.16929
90	179	1.2632
91	46	1.01036
91	116	0.832933
91	120	0.955565
91	128	0.917881
91	142	0.877059
91	156	1.04089
91	162	1.03553
91	165	1.03918
91	168	1.03949
91	169	1.00124
91	170	0.827941
91	171	0.988441
91	173	1.03819
91	175	1.0288
91	176	1.0025
91	177	1.02288
91	178	1.04793
91	179	1.01576
91	180	1.02032
92	17	1.00432
92	54	0.901627
92	56	0.904845
92	77	0.939436
92	96	0.901412
92	101	0.969438
92	110	0.87452
92	116	0.946175
92	123	0.975813
92	154	0.981969
92	158	0.97997
92	160	0.981025
92	161	1.22586
92	163	1.12805
92	167	1.22324
92	170	0.959933
92	174	0.978693
92	176	1.24654
92	179	1.18251
93	7	0.794061
93	29	1.04028
93	40	1.05125
93	97	1.04072
93	114	1.02514
93	130	1.05554
93	132	0.978036
93	143	1.02213
93	144	0.998103
93	148	1.03761
93	149	0.893418
93	150	1.06581
93	152	1.01244
93	157	1.00317
93	164	1.03246
93	167	0.988929
93	175	1.03216
93	176	1.11443
93	180	1.06049
94	104	1.15905
94	117	1.10327
94	131	1.06873
94	154	1.04401
94	159	0.964953
94	162	0.965048
94	164	1.01907
94	165	0.9687
94	166	0.97389
94	168	0.969016
94	169	0.930759
94	171	0.917962
94	172	0.916978
94	175	0.958319
94	176	0.932024
94	177	0.952405
94	178	0.977453
94	179	0.945281
94	180	0.949841
95	25	1.15544
95	36	1.15562
95	49	1.00047
95	114	1.15485
95	115	0.975667
95	156	0.968618
95	164	1.1111
95	165	0.966909
95	169	0.928968
95	171	0.916171
95	172	0.915187
95	173	0.965922
95	174	0.975978
95	175	0.956528
95	176	0.930233
95	177	0.950614
95	178	0.975662
95	179	0.94349
95	180	0.94805
96	4	0.866421
96	39	0.924327
96	51	1.03408
96	53	0.988755
96	81	1.02383
96	92	0.901412
96	112	0.983545
96	128	0.936369
96	143	0.938055
96	145	1.08657
96	146	0.935293
96	149	0.983004
96	154	0.960921
96	158	0.958923
96	160	0.959978
96	167	1.30462
96	170	0.938885
96	175	1.24565
96	180	1.27398
97	33	1.02752
97	52	0.829792
97	70	1.04009
97	93	1.04072
97	102	1.0167
97	104	0.997202
97	105	0.997572
97	110	1.26464
97	118	1.00546
97	126	1.02643
97	130	1.04775
97	144	0.99031
97	148	1.02982
97	149	0.853026
97	150	1.05802
97	164	1.02467
97	166	1.03071
97	179	1.01001
97	180	1.0201
98	26	0.996017
98	50	1.06946
98	84	0.869644
98	129	0.955559
98	130	0.964822
98	145	1.05208
98	158	0.959874
98	159	1.01202
98	161	0.992081
98	163	1.0076
98	165	1.01576
98	166	1.02095
98	171	0.965026
98	172	0.964041
98	173	1.01478
98	175	1.00538
98	176	0.979088
98	177	0.999469
98	179	0.992345
98	180	0.996905
99	33	0.913153
99	53	0.87972
99	90	1.18093
99	107	0.945704
99	138	0.968119
99	139	1.00328
99	159	1.01414
99	160	0.927273
99	162	1.01423
99	163	1.00972
99	165	1.01788
99	171	0.967145
99	172	0.966161
99	173	1.0169
99	175	1.0075
99	176	0.981207
99	177	1.00159
99	178	1.02664
99	179	0.994464
99	180	0.999024
100	8	0.939404
100	18	1.04432
100	20	1.01562
100	32	1.02351
100	72	0.937716
100	79	0.983458
100	83	0.984006
100	87	0.977357
100	120	0.963201
100	122	1.03907
100	127	1.01428
100	141	1.02831
100	142	1.02822
100	155	1.03034
100	161	1.0873
100	168	1.06745
100	170	1.00533
100	171	1.17014
100	173	1.00026
100	175	1.02571
101	10	1.11027
101	28	1.00269
101	39	0.992352
101	64	1.01953
101	71	0.876647
101	92	0.969438
101	110	0.921498
101	112	1.05157
101	116	0.993153
101	123	1.02279
101	128	1.00439
101	132	0.961988
101	138	0.999173
101	159	1.02111
101	160	1.028
101	169	1.08826
101	170	1.00691
101	172	1.11962
101	174	1.02567
101	180	1.02847
102	12	0.923877
102	65	0.936396
102	69	0.922372
102	97	1.0167
102	104	0.980975
102	110	1.32213
102	114	1.00112
102	119	0.990005
102	121	1.05274
102	134	0.964166
102	144	0.974084
102	150	1.04179
102	151	1.00748
102	152	0.988418
102	157	0.979148
102	163	1.01304
102	164	1.00845
102	167	0.964909
102	169	1.13738
102	172	1.16874
102	174	0.973592
103	27	0.993605
103	42	1.00425
103	49	0.694266
103	107	0.855387
103	118	0.997264
103	150	0.67848
103	154	0.829838
103	159	1.06236
103	162	1.06246
103	163	1.05794
103	165	1.06611
103	168	1.06643
103	169	1.02817
103	172	1.01439
103	173	1.06512
103	175	1.05573
103	176	1.02943
103	177	1.04982
103	178	1.07486
103	179	1.04269
103	180	1.04725
104	12	0.90438
104	29	0.996761
104	52	0.937241
104	65	0.916899
104	66	1.01098
104	70	1.00436
104	94	1.15905
104	97	0.997202
104	102	0.980975
104	105	0.961849
104	114	0.981624
104	126	0.990708
104	130	1.01203
104	134	0.944669
104	145	0.940136
104	150	1.0223
104	151	0.987982
104	164	0.988949
104	172	1.21871
104	176	1.18149
104	177	1.10847
105	6	1.03915
105	13	1.04251
105	19	0.82779
105	26	1.0014
105	68	1.11037
105	97	0.997572
105	104	0.961849
105	117	0.989239
105	118	0.970105
105	119	0.970879
105	127	1.07631
105	148	0.994466
105	150	1.02267
105	151	0.988352
105	157	0.960021
105	163	1.05152
105	164	0.989319
105	167	0.945783
105	176	1.17001
105	178	1.08145
105	180	1.11607
106	2	0.890108
106	3	1.17675
106	14	0.906333
106	18	1.00444
106	24	0.977287
106	32	0.983626
106	34	1.02848
106	60	0.931321
106	71	1.0021
106	80	1.26659
106	120	0.923313
106	122	0.999183
106	133	0.895223
106	136	0.978356
106	140	1.32306
106	142	0.988331
106	147	0.982781
106	155	0.990456
106	159	1.02229
106	162	1.00873
106	170	0.965442
107	2	0.949542
107	46	0.992176
107	61	1.00042
107	62	1.04903
107	63	1.01481
107	79	1.003
107	83	1.00355
107	84	1.08693
107	87	0.996903
107	99	0.945704
107	103	0.855387
107	122	1.05862
107	125	1.03371
107	126	1.03614
107	129	1.05912
107	147	1.04222
107	155	1.04989
107	163	0.973515
107	166	1.04867
107	170	1.02488
107	173	0.984281
107	180	1.03806
108	4	0.947834
108	19	1.7034
108	36	1.02467
108	53	1.07017
108	56	0.965211
108	61	0.811303
108	64	1.03291
108	79	0.998426
108	81	1.10524
108	111	1.04798
108	128	1.01778
108	138	1.01256
108	146	1.01671
108	154	1.04233
108	158	1.04034
108	160	1.04139
108	163	0.784394
108	166	0.859549
108	167	0.87958
108	171	0.965043
108	174	1.03906
108	176	0.902877
109	8	1.40326
109	37	1.10801
109	82	1.28551
109	154	1.20314
109	161	0.916345
109	162	0.936375
109	163	0.931862
109	164	1.1782
109	165	0.940028
109	167	0.896306
109	168	0.940344
109	169	0.902087
109	171	0.88929
109	172	0.888305
109	173	0.939041
109	175	0.929646
109	176	0.903351
109	177	0.923733
109	178	0.948781
109	179	0.916609
109	180	0.921168
110	82	1.33941
110	92	0.87452
110	97	1.26464
110	101	0.921498
110	102	1.32213
110	111	0.939674
110	116	0.898235
110	123	0.927873
110	132	0.86707
110	134	1.35459
110	151	1.19706
110	154	0.934029
110	156	0.923393
110	160	0.933085
110	171	0.870947
110	172	0.869962
110	174	0.930753
110	175	0.911304
110	176	0.885008
110	178	0.930438
110	179	0.898266
110	180	0.902825
111	41	1.00373
111	53	1.07496
111	54	0.966781
111	64	1.0377
111	77	1.00459
111	88	1.01473
111	89	1.07892
111	108	1.04798
111	110	0.939674
111	116	1.01133
111	131	1.0491
111	132	0.980164
111	140	1.26944
111	145	0.788612
111	149	1.06921
111	158	1.04512
111	160	1.04618
111	165	0.932445
111	168	0.98944
111	174	1.04385
111	176	1.02997
111	178	0.941413
112	4	0.969601
112	27	1.03869
112	35	1.0434
112	39	1.02751
112	41	1.02071
112	51	0.768828
112	54	0.983759
112	56	0.986977
112	96	0.983545
112	101	1.05157
112	116	1.02831
112	131	1.06608
112	138	1.03433
112	140	1.30215
112	143	1.04123
112	153	0.900055
112	154	1.0641
112	156	0.926
112	158	1.0621
112	171	1.12484
112	173	0.954954
112	177	0.98965
113	81	1.1937
113	122	1.24768
113	135	0.8613
113	137	0.938251
113	140	0.841934
113	146	1.35091
113	151	1.25488
113	159	0.928316
113	161	0.90838
113	163	0.923897
113	165	0.932063
113	169	0.894122
113	170	1.3098
113	171	0.881325
113	172	0.880341
113	173	0.931076
113	175	0.921682
113	176	0.895387
113	177	0.915768
113	178	0.940816
113	179	0.908644
113	180	0.913204
114	29	1.01691
114	66	1.03113
114	71	0.879502
114	75	1.00112
114	78	1.10317
114	90	0.956798
114	93	1.02514
114	95	1.15485
114	102	1.00112
114	104	0.981624
114	118	0.98988
114	119	0.990654
114	134	0.964814
114	137	1.0087
114	148	1.01424
114	151	1.00813
114	153	1.02586
114	157	0.979796
114	164	1.00909
114	166	1.04193
114	171	1.14743
114	173	0.977545
114	178	0.996709
115	4	1.15001
115	69	1.16879
115	77	0.789286
115	95	0.975667
115	122	0.815585
115	130	0.898848
115	131	0.907481
115	133	1.04031
115	142	0.926816
115	161	1.00186
115	165	1.02555
115	168	1.02586
115	169	0.987606
115	171	0.974809
115	172	0.973824
115	173	1.02456
115	174	1.03462
115	175	1.01517
115	176	0.988871
115	177	1.00925
115	178	1.0343
115	179	1.00213
115	180	1.00669
116	1	1.18669
116	16	0.896579
116	25	0.987261
116	50	0.959741
116	64	0.996264
116	80	1.24938
116	86	1.2298
116	89	1.03748
116	91	0.832933
116	92	0.946175
116	101	0.993153
116	110	0.898235
116	111	1.01133
116	112	1.02831
116	131	1.00766
116	132	0.938725
116	138	0.97591
116	146	0.980056
116	149	1.02777
116	155	0.784863
116	158	1.00369
116	160	1.00474
116	168	1.02585
116	174	1.00241
117	12	0.93177
117	19	0.854809
117	70	1.03175
117	75	1.00836
117	82	0.99118
117	90	0.964043
117	94	1.10327
117	105	0.989239
117	119	0.997899
117	124	1.30641
117	127	1.03201
117	130	1.03942
117	132	0.961909
117	134	0.972059
117	139	1.00129
117	148	1.02149
117	151	1.01537
117	152	0.996311
117	153	1.0331
117	164	1.01634
117	165	1.02819
117	167	0.972802
117	174	0.967778
117	176	1.12571
118	7	0.913503
118	29	1.00502
118	36	0.99207
118	48	0.986971
118	65	0.925155
118	70	1.01262
118	90	0.944909
118	97	1.00546
118	103	0.997264
118	105	0.970105
118	114	0.98988
118	119	0.978765
118	130	1.02028
118	139	1.10945
118	148	1.00235
118	149	1.01286
118	150	1.03055
118	153	1.01397
118	157	0.967907
118	164	0.997205
118	167	0.953668
118	172	1.27109
118	173	1.12616
118	174	1.07594
119	26	1.01006
119	48	0.987745
119	49	1.08588
119	69	0.911905
119	102	0.990005
119	105	0.970879
119	114	0.990654
119	117	0.997899
119	118	0.978765
119	134	0.953699
119	143	0.987642
119	144	0.963617
119	145	0.964517
119	149	0.984856
119	150	1.03133
119	151	0.997012
119	152	0.977951
119	157	0.968681
119	164	0.997979
119	171	1.26804
119	173	1.09815
119	174	1.04794
119	175	1.1236
119	179	1.14184
120	3	1.16658
120	15	0.878561
120	21	0.965121
120	22	0.990746
120	42	0.938333
120	45	1.09939
120	62	0.979435
120	63	0.945213
120	83	0.933952
120	84	1.01733
120	87	0.927303
120	91	0.955565
120	100	0.963201
120	106	0.923313
120	122	0.989017
120	126	0.966542
120	129	0.989518
120	136	0.96819
120	140	1.42849
120	142	0.978166
120	145	0.947655
120	155	0.98029
120	156	1.05234
120	159	1.12771
120	169	1.19486
121	36	1.00723
121	46	1.16502
121	102	1.05274
121	126	0.995274
121	128	1.07253
121	140	0.89988
121	155	1.0082
121	156	0.991718
121	161	0.966327
121	162	0.986357
121	163	0.981844
121	164	0.962719
121	165	0.99001
121	166	0.995199
121	167	0.946288
121	168	0.990326
121	169	0.952069
121	172	0.938287
121	173	0.989023
121	174	0.999078
121	175	0.979628
121	177	0.973715
121	178	0.998763
121	179	0.966591
121	180	0.97115
122	15	0.95443
122	18	1.07014
122	22	1.06662
122	24	1.04299
122	37	1.04028
122	38	1.00524
122	60	0.997024
122	86	1.1627
122	87	1.00317
122	100	1.03907
122	106	0.999183
122	107	1.05862
122	113	1.24768
122	115	0.815585
122	120	0.989017
122	136	1.04406
122	141	1.05413
122	147	1.04848
122	155	1.05616
122	162	0.924422
122	169	1.00512
122	170	1.03115
122	173	0.891554
122	174	0.841337
122	175	0.917001
123	23	0.877097
123	35	1.01462
123	56	0.958198
123	57	1.06219
123	58	0.821778
123	64	1.0259
123	74	0.950776
123	81	1.09823
123	88	1.06332
123	89	1.06711
123	92	0.975813
123	101	1.02279
123	110	0.927873
123	128	1.01077
123	131	1.0373
123	138	1.00555
123	149	1.0574
123	157	0.832281
123	158	1.03332
123	160	1.03438
123	170	1.01329
123	171	1.14073
123	172	1.11578
123	174	1.03205
123	175	0.99629
123	179	1.01454
124	55	0.814983
124	79	1.26514
124	117	1.30641
124	125	1.22347
124	135	0.864593
124	137	0.941544
124	155	1.26769
124	158	1.25828
124	159	0.931609
124	161	0.911673
124	162	0.931704
124	163	0.92719
124	166	0.940546
124	167	0.891635
124	168	0.935672
124	169	0.897415
124	170	1.24208
124	171	0.884618
124	172	0.883634
124	174	0.944425
124	175	0.924975
124	176	0.89868
124	177	0.919061
124	178	0.944109
124	179	0.911937
124	180	0.916497
125	15	0.929526
125	20	1.01654
125	31	0.978144
125	32	1.02443
125	37	1.01538
125	38	0.98034
125	42	0.989297
125	44	0.992377
125	62	1.0304
125	83	0.984917
125	84	1.06829
125	85	0.843625
125	87	0.978268
125	107	1.03371
125	124	1.22347
125	126	1.01751
125	129	1.04048
125	141	1.02922
125	142	1.02913
125	147	1.02358
125	155	1.03125
125	167	1.01948
125	168	1.00225
125	172	1.08
125	178	0.954225
125	180	0.98884
126	2	0.933336
126	42	0.991727
126	59	1.12249
126	66	1.04021
126	90	0.965882
126	97	1.02643
126	104	0.990708
126	107	1.03614
126	120	0.966542
126	121	0.995274
126	125	1.01751
126	130	1.04125
126	141	1.03165
126	142	1.03156
126	147	1.02601
126	148	1.02332
126	153	1.03494
126	155	1.03368
126	157	0.98888
126	159	1.01277
126	164	1.01818
126	168	1.03354
126	174	0.916131
126	175	0.991795
126	176	1.07407
126	180	1.02013
127	21	0.872979
127	53	0.932316
127	100	1.01428
127	105	1.07631
127	117	1.03201
127	129	0.979574
127	130	0.988836
127	135	0.939108
127	145	1.04619
127	156	1.01158
127	157	1.02853
127	162	1.00622
127	163	1.0017
127	165	1.00987
127	166	1.01506
127	168	1.01019
127	169	0.97193
127	171	0.959133
127	172	0.958148
127	173	1.00888
127	174	1.01894
127	175	0.999489
127	176	0.973194
127	177	0.993576
127	178	1.01862
127	179	0.986452
127	180	0.991011
128	17	1.03928
128	46	0.962189
128	54	0.936584
128	56	0.939802
128	57	1.0438
128	59	0.95601
128	68	1.09169
128	79	0.973017
128	85	0.952172
128	91	0.917881
128	96	0.936369
128	101	1.00439
128	108	1.01778
128	121	1.07253
128	123	1.01077
128	131	1.01891
128	138	0.987151
128	146	0.991297
128	149	1.03901
128	153	0.988709
128	154	1.01693
128	158	1.01493
128	160	1.01598
128	170	0.99489
128	172	1.18854
128	175	1.06905
128	178	1.06277
129	8	0.965721
129	18	1.07064
129	21	1.04149
129	31	1.00355
129	42	1.0147
129	47	1.00799
129	62	1.05581
129	63	1.02158
129	72	0.964033
129	79	1.00977
129	83	1.01032
129	84	1.0937
129	98	0.955559
129	107	1.05912
129	120	0.989518
129	125	1.04048
129	127	0.979574
129	136	1.04456
129	141	1.05463
129	142	1.05454
129	147	1.04899
129	149	0.852258
129	155	1.05666
129	156	0.936602
129	166	1.02994
129	167	1.04998
129	173	0.965555
129	175	0.991002
130	43	1.12994
130	48	1.02926
130	51	0.788692
130	65	0.967446
130	66	1.06153
130	68	1.0229
130	76	0.992056
130	90	0.9872
130	93	1.05554
130	97	1.04775
130	98	0.964822
130	104	1.01203
130	115	0.898848
130	117	1.03942
130	118	1.02028
130	126	1.04125
130	127	0.988836
130	134	0.995216
130	143	1.02916
130	144	1.00513
130	150	1.07284
130	151	1.03853
130	152	1.01947
130	157	1.0102
130	162	1.00769
130	164	1.0395
130	174	0.9246
130	178	0.993982
131	27	1.01804
131	30	1.0293
131	46	0.988721
131	50	0.997514
131	54	0.963117
131	56	0.966334
131	58	0.829915
131	68	1.03153
131	89	1.07525
131	94	1.06873
131	111	1.0491
131	112	1.06608
131	115	0.907481
131	116	1.00766
131	123	1.0373
131	128	1.01891
131	143	1.02059
131	146	1.01783
131	149	1.06554
131	153	0.928551
131	154	1.04346
131	156	0.954496
131	160	1.04251
131	162	1.01632
131	168	1.05064
131	169	1.09702
131	170	1.02142
131	174	1.04018
131	175	1.0089
132	4	0.880019
132	9	1.00674
132	13	1.01518
132	43	1.05244
132	53	1.00235
132	74	1.10194
132	78	1.05606
132	90	0.909694
132	93	0.978036
132	101	0.961988
132	110	0.86707
132	111	0.980164
132	116	0.938725
132	117	0.961909
132	138	0.944745
132	139	1.1053
132	145	0.988372
132	146	0.948891
132	149	0.996602
132	150	0.995338
132	151	0.961023
132	152	0.941962
132	158	0.97252
132	164	0.96199
132	171	1.29189
132	172	1.26694
132	174	0.971243
132	175	1.14746
132	177	1.1567
133	18	0.857035
133	47	1.01493
133	60	1.10152
133	106	0.895223
133	115	1.04031
133	136	0.907967
133	138	0.926053
133	140	0.941425
133	146	0.914136
133	148	0.917531
133	152	0.926148
133	159	1.02781
133	160	0.885207
133	161	1.00787
133	162	1.0279
133	163	1.02339
133	165	1.03155
133	166	1.03674
133	168	1.03187
133	169	0.993613
133	172	0.979832
133	173	1.03057
133	174	1.04062
133	175	1.02117
133	176	0.994878
133	177	1.01526
133	178	1.04031
133	179	1.00814
133	180	1.01269
134	22	0.998102
134	26	0.984216
134	33	0.974984
134	43	1.06258
134	65	0.90009
134	69	0.886065
134	75	0.964161
134	82	0.946981
134	86	1.32742
134	90	0.919843
134	102	0.964166
134	104	0.944669
134	110	1.35459
134	114	0.964814
134	117	0.972059
134	119	0.953699
134	130	0.995216
134	145	0.922638
134	148	0.977286
134	150	1.00549
134	151	0.971172
134	152	0.952112
134	153	0.988904
134	162	1.08914
134	164	0.972139
134	168	1.12347
134	173	1.05627
134	175	1.08172
134	180	1.11005
135	17	1.1401
135	21	1.15317
135	31	1.23897
135	84	1.17385
135	87	1.32291
135	113	0.8613
135	124	0.864593
135	127	0.939108
135	139	0.931423
135	152	1.301
135	159	0.94228
135	161	0.922344
135	162	0.942374
135	163	0.937861
135	165	0.946027
135	166	0.951216
135	167	0.902305
135	168	0.946343
135	169	0.908086
135	170	1.24787
135	171	0.895289
135	172	0.894304
135	174	0.955095
135	175	0.935645
135	176	0.90935
135	177	0.929732
135	178	0.95478
135	179	0.922608
135	180	0.927167
136	2	0.934985
136	3	1.22163
136	14	0.95121
136	15	0.933604
136	20	1.02061
136	32	1.0285
136	38	0.984418
136	62	1.03448
136	63	1.00026
136	72	0.942705
136	84	1.07237
136	106	0.978356
136	120	0.96819
136	122	1.04406
136	129	1.04456
136	133	0.907967
136	141	1.0333
136	142	1.03321
136	147	1.02766
136	155	1.03533
136	159	1.03503
136	162	1.02148
136	165	0.998807
136	170	1.01032
136	171	1.15849
136	174	0.938394
136	176	1.09633
136	177	1.02331
136	178	1.00777
137	37	0.894758
137	57	0.980567
137	63	1.03105
137	84	0.910798
137	85	1.07614
137	113	0.938251
137	114	1.0087
137	124	0.941544
137	140	0.932848
137	141	0.966911
137	156	1.02469
137	158	1.00103
137	159	1.01923
137	160	0.997008
137	161	0.999295
137	162	1.01932
137	163	1.01481
137	164	0.96495
137	165	1.02298
137	166	1.02817
137	168	1.02329
137	169	0.985036
137	171	0.972239
137	172	0.971255
137	173	1.02199
137	176	0.986301
137	177	1.00668
137	178	1.03173
137	179	0.999558
137	180	1.00412
138	27	0.98629
138	30	0.99755
138	35	0.991004
138	39	0.975109
138	77	0.969171
138	81	1.07461
138	89	1.0435
138	99	0.968119
138	101	0.999173
138	108	1.01256
138	112	1.03433
138	116	0.97591
138	123	1.00555
138	128	0.987151
138	132	0.944745
138	133	0.926053
138	139	0.989992
138	143	0.988837
138	146	0.986075
138	154	1.0117
138	156	0.977743
138	158	1.0097
138	160	1.01076
138	161	1.09374
138	169	1.12027
138	170	0.989668
138	171	1.17658
138	174	1.00843
138	176	1.11441
138	180	1.06048
139	34	1.01172
139	53	0.901593
139	82	1.02439
139	83	1.1147
139	99	1.00328
139	117	1.00129
139	118	1.10945
139	132	1.1053
139	135	0.931423
139	138	0.989992
139	145	1.0385
139	154	0.942028
139	157	0.997807
139	161	0.978503
139	162	0.998533
139	163	0.99402
139	165	1.00219
139	166	1.00737
139	167	0.958464
139	168	1.0025
139	169	0.964244
139	171	0.951448
139	172	0.950463
139	173	1.0012
139	174	1.01125
139	175	0.991804
139	176	0.965509
139	177	0.985891
139	178	1.01094
139	179	0.978767
139	180	0.983326
140	21	1.20616
140	37	1.2108
140	106	1.32306
140	111	1.26944
140	112	1.30215
140	113	0.841934
140	120	1.42849
140	121	0.89988
140	133	0.941425
140	137	0.932848
140	145	0.962979
140	147	1.19939
140	156	0.928369
140	159	0.922913
140	162	0.923008
140	163	0.918494
140	165	0.92666
140	166	0.93185
140	168	0.926976
140	169	0.888719
140	171	0.875922
140	172	0.874938
140	173	0.925673
140	174	0.935729
140	175	0.916279
140	176	0.889984
140	177	0.910365
140	178	0.935413
140	179	0.903241
140	180	0.907801
141	3	1.2317
141	8	0.954463
141	18	1.05938
141	20	1.03068
141	21	1.03023
141	24	1.03223
141	31	0.99229
141	37	1.02953
141	42	1.00344
141	60	0.986267
141	63	1.01032
141	83	0.999064
141	100	1.02831
141	122	1.05413
141	125	1.02922
141	126	1.03165
141	129	1.05463
141	136	1.0333
141	137	0.966911
141	142	1.04328
141	153	0.880855
141	155	1.0454
141	156	0.9068
141	167	1.02017
141	168	1.00295
141	170	1.02039
141	171	1.10564
141	172	1.08069
141	174	0.885536
141	176	1.04347
141	178	0.954918
142	14	0.961185
142	15	0.943579
142	20	1.03059
142	22	1.05576
142	31	0.992197
142	32	1.03848
142	37	1.02943
142	38	0.994393
142	41	1.06418
142	45	1.02089
142	63	1.01023
142	67	0.850869
142	71	1.05695
142	72	0.952681
142	84	1.08235
142	91	0.877059
142	100	1.02822
142	106	0.988331
142	115	0.926816
142	120	0.978166
142	125	1.02913
142	126	1.03156
142	129	1.05454
142	136	1.03321
142	141	1.04328
142	155	1.04531
142	159	1.04921
142	163	0.992019
142	169	1.11636
142	170	1.02029
142	174	0.952568
142	180	1.05656
143	9	0.886869
143	25	1.00019
143	40	1.04667
143	51	0.81601
143	59	0.957695
143	61	1.01828
143	73	1.03349
143	75	0.998104
143	77	0.976078
143	81	1.08152
143	93	1.02213
143	96	0.938055
143	112	1.04123
143	119	0.987642
143	130	1.02916
143	131	1.02059
