1	5	1.08948
1	7	1.23978
1	37	1.25967
1	43	0.732796
1	63	0.80763
1	72	1.17902
1	76	1.15281
1	79	1.26885
1	135	0.678742
1	144	1.21039
1	153	0.690574
1	173	0.694353
2	25	1.1828
2	39	1.11389
2	55	1.14158
2	93	1.26967
2	103	1.21341
2	113	1.23317
2	116	1.24548
2	126	0.705528
2	152	0.713187
2	163	0.748476
2	174	0.703548
2	179	0.735857
3	67	0.912455
3	95	1.05311
3	120	0.880117
3	129	1.08205
3	138	1.04424
3	151	1.04316
3	155	1.07552
3	156	1.05471
3	158	1.03052
3	160	1.01669
3	168	0.913912
3	178	0.898957
4	29	1.10525
4	53	0.980847
4	85	1.02495
4	98	1.06154
4	104	1.03463
4	105	1.02616
4	128	1.03214
4	141	0.921287
4	165	0.891016
4	169	0.88693
4	175	1.1345
4	177	0.905817
5	1	1.08948
5	30	1.11045
5	38	0.94927
5	69	1.14134
5	76	0.962088
5	79	1.07813
5	109	1.04957
5	120	0.901246
5	144	1.01967
5	152	0.918223
5	175	0.84299
5	179	0.940892
6	63	0.800045
6	145	0.734591
6	148	1.19674
6	149	1.23044
6	150	1.17064
6	151	1.20223
6	152	0.677844
6	155	1.23459
6	158	1.18959
6	160	1.17576
6	161	0.69179
6	164	0.702477
7	1	1.23978
7	37	1.21924
7	69	1.29163
7	72	1.13859
7	76	1.11238
7	79	1.22843
7	144	1.16996
7	153	0.715808
7	166	0.728065
7	167	0.718748
7	171	0.715477
7	177	0.725691
8	46	1.15544
8	55	1.13551
8	93	1.2636
8	113	1.2271
8	116	1.23941
8	136	0.716314
8	144	1.18386
8	148	1.19509
8	156	0.707885
8	164	0.743337
8	165	0.718932
8	169	0.714845
9	25	1.02595
9	46	1.00466
9	51	1.00198
9	93	1.11282
9	103	1.05656
9	113	1.07632
9	116	1.08863
9	144	1.03308
9	166	0.911424
9	171	0.898837
9	176	0.898878
9	178	0.895886
10	58	0.827509
10	79	0.66964
10	85	0.704373
10	99	0.685209
10	153	0.707471
10	164	1.19054
10	167	1.21876
10	168	1.19131
10	177	1.19501
10	178	1.2038
10	179	1.19415
10	180	1.20643
11	65	0.695201
11	77	1.13553
11	78	1.23285
11	87	1.1938
11	90	1.25522
11	91	1.14806
11	97	1.20735
11	99	1.22718
11	140	0.749774
11	168	0.733064
11	170	0.710476
11	178	0.718108
12	41	1.21526
12	55	1.14762
12	103	1.21945
12	133	0.680022
12	148	1.2072
12	156	1.22423
12	158	1.20004
12	160	1.18621
12	163	0.745397
12	168	0.726927
12	173	0.719032
12	179	0.732778
13	49	0.681556
13	91	0.754676
13	128	1.17956
13	130	1.16587
13	133	1.2252
13	136	1.2078
13	137	1.20656
13	140	0.740653
13	142	1.21814
13	143	0.715683
13	159	1.19688
13	171	0.711938
14	36	0.704957
14	80	1.25417
14	84	1.16224
14	105	1.16306
14	111	1.20801
14	128	1.16904
14	152	1.17209
14	164	0.737938
14	169	0.709446
14	171	0.718119
14	175	1.2714
14	179	0.735975
15	58	1.12793
15	78	1.26355
15	91	1.17876
15	97	1.23806
15	99	1.25788
15	101	1.15471
15	125	1.17912
15	141	0.73812
15	164	0.732255
15	165	0.70785
15	174	0.697983
15	179	0.730292
16	20	0.755804
16	38	1.14765
16	59	0.695995
16	72	1.18667
16	76	1.16046
16	117	1.25678
16	144	1.21804
16	147	0.708457
16	158	1.22212
16	160	1.20828
16	165	0.719062
16	173	0.727758
17	19	0.703202
17	84	0.734474
17	94	0.784837
17	133	0.709086
17	172	1.18981
17	174	1.21343
17	175	0.66394
17	176	1.20228
17	177	1.19378
17	178	1.20257
17	179	1.19292
17	180	1.2052
18	81	1.16057
18	109	0.750011
18	118	1.1774
18	131	1.19722
18	135	0.72003
18	136	0.724326
18	154	1.19655
18	156	1.24349
18	158	1.2193
18	160	1.20547
18	161	0.740662
18	162	0.668805
19	17	0.703202
19	21	1.15306
19	33	1.21583
19	35	1.23739
19	56	1.20743
19	71	0.748907
19	94	1.13312
19	118	0.7515
19	132	1.17698
19	134	0.679488
19	162	1.27619
19	168	0.719785
20	16	0.755804
20	22	0.795549
20	40	0.780173
20	101	0.817829
20	108	0.744422
20	145	1.11979
20	147	1.15902
20	174	1.14859
20	176	1.13745
20	177	1.12895
20	178	1.13774
20	179	1.12809
20	180	1.14037
21	19	1.15306
21	26	1.07114
21	35	1.17609
21	36	0.769424
21	60	1.16133
21	62	1.136
21	65	0.756728
21	94	1.07181
21	132	1.11568
21	151	0.782921
21	154	0.821312
21	162	1.21489
21	169	0.773914
22	20	0.795549
22	84	1.10841
22	98	1.14461
22	102	0.834067
22	104	1.1177
22	105	1.10923
22	111	1.15418
22	143	1.13003
22	152	1.11826
22	170	0.75281
22	175	1.21757
22	178	0.760443
22	180	0.762255
23	25	1.12167
23	39	1.05276
23	41	1.14809
23	103	1.15228
23	113	1.17204
23	116	1.18434
23	144	1.1288
23	146	0.820764
23	147	0.759303
23	148	1.14003
23	171	0.774494
23	173	0.778604
23	180	0.773356
24	26	1.2323
24	33	1.31569
24	49	0.601634
24	54	1.33853
24	56	1.30729
24	62	1.29716
24	94	1.23298
24	127	0.702782
24	145	0.683949
24	162	1.37605
24	172	0.659819
24	178	0.629066
24	180	0.630878
25	2	1.1828
25	9	1.02595
25	23	1.12167
25	51	1.10234
25	103	1.15692
25	113	1.17668
25	116	1.18898
25	133	0.771744
25	148	1.14467
25	159	0.787575
25	162	0.743919
25	165	0.802057
25	170	0.796061
26	21	1.07114
26	24	1.2323
26	27	1.1256
26	56	1.12551
26	60	1.14072
26	62	1.11539
26	74	0.826257
26	98	0.750057
26	132	1.09506
26	139	0.781814
26	162	1.19427
26	166	0.782764
26	169	0.761503
27	26	1.1256
27	35	1.23055
27	54	1.23183
27	56	1.20059
27	60	1.21579
27	94	1.12628
27	99	0.684297
27	140	0.734943
27	154	0.744954
27	162	1.26935
27	171	0.706229
27	172	0.734032
28	63	0.874474
28	88	0.761031
28	117	1.15327
28	118	1.0767
28	138	1.13232
28	147	0.741896
28	149	1.15946
28	151	1.13124
28	158	1.1186
28	160	1.10477
28	167	0.760357
28	168	0.769091
28	175	1.22364
29	4	1.10525
29	43	0.731679
29	53	1.1759
29	102	0.759799
29	104	1.22968
29	105	1.22121
29	111	1.26616
29	139	0.700763
29	143	1.24201
29	150	0.710462
29	152	1.23024
29	156	0.673493
29	162	0.626401
29	175	1.32955
30	5	1.11045
30	37	1.28064
30	38	1.16096
30	69	1.35303
30	72	1.19998
30	75	0.659557
30	76	1.17377
30	79	1.28982
30	144	1.23135
30	145	0.74098
30	154	0.727773
30	161	0.698179
30	174	0.674594
30	179	0.706903
31	59	0.6817
31	99	0.687421
31	138	1.22837
31	150	1.19571
31	151	1.22729
31	155	1.25966
31	156	1.23884
31	158	1.21465
31	159	1.23465
31	160	1.20082
31	166	0.72194
31	173	0.713463
31	174	0.6949
31	178	0.706402
32	51	0.879091
32	81	0.874701
32	130	0.858458
32	156	0.82314
32	165	1.10009
32	169	1.09609
32	172	1.07607
32	174	1.09969
32	175	0.758728
32	176	1.08854
32	177	1.08004
32	178	1.08883
32	179	1.07918
32	180	1.09146
33	19	1.21583
33	24	1.31569
33	35	1.23886
33	46	0.742298
33	54	1.24014
33	62	1.19877
33	94	1.13459
33	126	0.678847
33	132	1.17845
33	162	1.27766
33	171	0.69132
33	173	0.69543
33	178	0.688369
33	179	0.709176
34	68	1.18727
34	106	1.21307
34	115	0.663906
34	121	0.704758
34	124	1.19891
34	133	1.25302
34	136	1.23562
34	137	1.23438
34	142	1.24595
34	165	0.69525
34	172	0.72764
34	173	1.23178
34	179	0.717693
34	180	0.698699
35	19	1.23739
35	21	1.17609
35	27	1.23055
35	33	1.23886
35	54	1.26171
35	94	1.15615
35	121	0.706533
35	132	1.20001
35	134	0.67332
35	135	0.690111
35	157	0.73161
35	162	1.29922
35	173	0.705722
35	180	0.700474
36	14	0.704957
36	21	0.769424
36	82	0.644558
36	117	0.716928
36	149	0.704036
36	168	1.21457
36	169	1.23433
36	170	1.23186
36	175	0.655356
36	176	1.22678
36	177	1.21828
36	178	1.22707
36	179	1.21742
36	180	1.2297
37	1	1.25967
37	7	1.21924
37	30	1.28064
37	69	1.31153
37	72	1.15848
37	76	1.13227
37	79	1.24832
37	144	1.18985
37	146	0.737953
37	167	0.694953
37	169	0.68301
37	176	0.691724
37	179	0.709538
37	180	0.690544
38	5	0.94927
38	16	1.14765
38	30	1.16096
38	59	0.82127
38	69	1.19185
38	72	1.0388
38	76	1.01259
38	79	1.12864
38	109	1.10007
38	144	1.07017
38	147	0.833732
38	157	0.878921
38	170	0.83834
38	174	0.83447
39	2	1.11389
39	23	1.05276
39	41	1.08383
39	42	1.09339
39	52	0.862789
39	103	1.08801
39	113	1.10777
39	116	1.12008
39	139	0.852085
39	144	1.06453
39	148	1.07576
39	165	0.835861
39	170	0.829865
39	174	0.825995
40	20	0.780173
40	50	0.703625
40	61	1.09626
40	71	0.789143
40	77	1.13105
40	87	1.18933
40	90	1.25074
40	91	1.14358
40	97	1.20288
40	99	1.2227
40	101	1.11953
40	125	1.14394
40	170	0.737434
40	171	0.748017
40	176	0.748058
41	12	1.21526
41	23	1.14809
41	39	1.08383
41	42	1.18873
41	55	1.11152
41	73	0.7585
41	93	1.23961
41	94	0.773128
41	116	1.21541
41	125	1.13769
41	144	1.15987
41	154	0.771002
41	167	0.735547
41	168	0.744282
41	169	0.723604
42	39	1.09339
42	41	1.18873
42	51	1.13833
42	52	0.756802
42	55	1.12108
42	100	0.719917
42	103	1.19291
42	113	1.21267
42	116	1.22498
42	125	1.14725
42	140	0.763175
42	145	0.786393
42	148	1.18066
42	152	0.729647
42	179	0.752316
43	1	0.732796
43	29	0.731679
43	78	0.733442
43	95	0.764953
43	149	0.759752
43	159	0.772049
43	170	1.17295
43	171	1.16801
43	172	1.15539
43	174	1.17901
43	176	1.16786
43	177	1.15936
43	178	1.16815
43	179	1.1585
43	180	1.17078
44	106	1.15335
44	114	0.670666
44	119	1.14554
44	130	1.13397
44	133	1.1933
44	136	1.1759
44	137	1.17466
44	142	1.18624
44	145	0.785645
44	154	0.772438
44	159	1.16498
44	163	0.764187
44	164	0.753531
44	172	0.761515
44	173	1.17206
45	89	1.10986
45	114	0.742049
45	115	0.769164
45	123	1.13175
45	127	0.875861
45	129	1.15365
45	147	0.789905
45	149	1.14297
45	150	1.08317
45	151	1.11476
45	155	1.14712
45	156	1.12631
45	158	1.10212
45	160	1.08828
45	167	0.808366
45	179	0.822951
46	8	1.15544
46	9	1.00466
46	33	0.742298
46	55	1.0638
46	93	1.19189
46	103	1.13563
46	113	1.15539
46	116	1.1677
46	125	1.08997
46	126	0.78707
46	144	1.11215
46	148	1.12338
46	154	0.838268
46	163	0.830018
46	166	0.81213
46	178	0.796592
47	58	1.05347
47	61	1.05699
47	77	1.09177
47	87	1.15005
47	88	0.808227
47	90	1.21147
47	91	1.10431
47	97	1.1636
47	99	1.18343
47	101	1.08025
47	109	0.822764
47	125	1.10466
47	152	0.799469
47	157	0.834281
47	166	0.81687
47	175	0.724237
48	92	0.746453
48	112	1.06684
48	120	0.793928
48	123	1.12792
48	126	0.803245
48	131	1.07621
48	149	1.13914
48	151	1.11093
48	153	1.11575
48	155	1.14329
48	158	1.09829
48	159	1.11829
48	164	0.835538
48	168	0.827723
48	174	0.801266
48	175	1.20333
49	13	0.681556
49	24	0.601634
49	137	0.690753
49	138	0.713931
49	148	0.718761
49	155	0.687949
49	157	1.22284
49	159	0.699114
49	163	1.24076
49	166	1.24076
49	170	1.25481
49	172	1.23725
49	174	1.26087
49	176	1.24972
49	179	1.24036
49	180	1.25264
50	40	0.703625
50	83	0.708133
50	107	0.663036
50	108	0.667875
50	144	0.722076
50	148	0.704751
50	165	1.25691
50	166	1.2364
50	170	1.25045
50	172	1.2329
50	174	1.25651
50	175	0.624127
50	177	1.23687
50	178	1.24566
50	179	1.23601
50	180	1.24829
51	9	1.00198
51	25	1.10234
51	32	0.879091
51	42	1.13833
51	92	0.719617
51	93	1.18921
51	103	1.13295
51	113	1.15271
51	115	0.752951
51	116	1.16502
51	125	1.08729
51	127	0.859647
51	144	1.10947
51	148	1.1207
51	176	0.788923
51	179	0.806737
52	39	0.862789
52	42	0.756802
52	70	0.797819
52	76	0.83935
52	107	1.15691
52	130	1.09306
52	136	1.13499
52	138	0.766654
52	142	1.14533
52	148	0.771484
52	173	1.13115
52	174	1.11956
52	177	1.09991
52	178	1.1087
52	179	1.09905
52	180	1.11133
53	4	0.980847
53	29	1.1759
53	84	1.09599
53	98	1.13219
53	104	1.10528
53	111	1.14176
53	121	0.813843
53	122	1.13942
53	134	0.78063
53	137	0.781492
53	143	1.11761
53	147	0.793731
53	152	1.10584
53	175	1.20515
53	176	0.808963
53	179	0.826777
54	24	1.33853
54	27	1.23183
54	33	1.24014
54	35	1.26171
54	60	1.24694
54	62	1.22162
54	94	1.15743
54	109	0.685632
54	127	0.737917
54	132	1.20129
54	143	0.670896
54	162	1.3005
54	163	0.697626
54	166	0.679738
54	173	0.671261
54	180	0.666013
55	2	1.14158
55	8	1.13551
55	12	1.14762
55	41	1.11152
55	42	1.12108
55	46	1.0638
55	113	1.13546
55	114	0.746565
55	116	1.14777
55	144	1.09222
55	148	1.10345
55	164	0.82943
55	168	0.821616
55	174	0.795159
55	178	0.806661
55	180	0.808473
56	19	1.20743
56	24	1.30729
56	26	1.12551
56	27	1.20059
56	60	1.2157
56	62	1.19037
56	64	1.08763
56	94	1.12618
56	114	0.665743
56	132	1.17004
56	146	0.775059
56	161	0.737921
56	162	1.26926
56	165	0.724202
56	166	0.741376
56	170	0.718206
56	179	0.746644
57	89	1.17451
57	99	0.710301
57	123	1.1964
57	149	1.20762
57	150	1.14782
57	151	1.17941
57	155	1.21177
57	156	1.19096
57	157	0.76223
57	158	1.16677
57	160	1.15293
57	162	0.669507
57	166	0.74482
57	169	0.723559
57	172	0.760035
57	173	0.736343
57	175	1.27181
58	10	0.827509
58	15	1.12793
58	47	1.05347
58	61	0.997349
58	77	1.03213
58	78	1.12946
58	87	1.09041
58	90	1.15183
58	91	1.04467
58	92	0.799668
58	97	1.10396
58	99	1.12379
58	125	1.04502
58	143	0.872679
58	173	0.873043
58	178	0.865983
58	180	0.867795
59	16	0.695995
59	31	0.6817
59	38	0.82127
59	124	0.736452
59	125	0.758887
59	129	0.695539
59	156	0.705278
59	161	1.19734
59	166	1.17973
59	167	1.20394
59	169	1.19624
59	170	1.19378
59	171	1.18884
59	177	1.1802
59	178	1.18898
59	179	1.17933
59	180	1.19161
60	21	1.16133
60	26	1.14072
60	27	1.21579
60	54	1.24694
60	56	1.2157
60	62	1.20558
60	64	1.10284
60	94	1.14139
60	115	0.710729
60	132	1.18525
60	134	0.718368
60	161	0.755792
60	162	1.28446
60	166	0.759247
60	173	0.75077
60	175	0.666614
60	180	0.745522
61	40	1.09626
61	47	1.05699
61	58	0.997349
61	73	0.866143
61	77	1.03565
61	78	1.13297
61	87	1.09393
61	90	1.15534
61	91	1.04818
61	97	1.10748
61	99	1.1273
61	125	1.04854
61	157	0.869918
61	172	0.867723
61	174	0.825467
61	176	0.839961
61	180	0.838782
62	21	1.136
62	24	1.29716
62	26	1.11539
62	33	1.19877
62	54	1.22162
62	56	1.19037
62	60	1.20558
62	94	1.11606
62	126	0.718594
62	132	1.15992
62	140	0.759782
62	152	0.726254
62	162	1.25913
62	163	0.761542
62	171	0.731067
62	172	0.75887
62	175	0.651021
63	1	0.80763
63	6	0.800045
63	28	0.874474
63	81	0.901879
63	96	0.830888
63	112	0.880892
63	165	1.09008
63	167	1.09378
63	169	1.08609
63	170	1.08362
63	171	1.07869
63	174	1.08968
63	176	1.07854
63	177	1.07004
63	178	1.07883
63	179	1.06918
63	180	1.08146
64	56	1.08763
64	60	1.10284
64	94	1.01332
64	114	0.797067
64	124	1.05596
64	130	1.05074
64	132	1.05719
64	136	1.09266
64	137	1.09143
64	139	0.871751
64	142	1.103
64	162	1.1564
64	170	0.84953
64	173	1.08883
64	176	0.860155
64	177	0.870327
64	180	0.858975
65	11	0.695201
65	21	0.756728
65	110	0.768572
65	132	0.725579
65	139	1.17489
65	142	0.696246
65	150	0.744042
65	156	0.707073
65	157	1.16768
65	165	1.20611
65	168	1.18236
65	169	1.20212
65	171	1.19471
65	176	1.19457
65	178	1.19486
65	179	1.18521
65	180	1.19749
66	119	1.17071
66	124	1.16436
66	130	1.15914
66	133	1.21847
66	136	1.20107
66	137	1.19983
66	141	0.735632
66	142	1.21141
66	143	0.713694
66	146	0.756219
66	153	1.18762
66	157	0.739946
66	159	1.19015
66	161	0.71908
66	172	0.737751
66	173	1.19724
66	178	0.706998
67	3	0.912455
67	117	0.740638
67	150	0.780448
67	153	0.759443
67	159	0.740044
67	160	0.780803
67	161	1.15462
67	166	1.13701
67	167	1.16122
67	168	1.13377
67	169	1.15352
67	172	1.1335
67	174	1.15712
67	175	0.679066
67	177	1.13747
67	178	1.14626
67	179	1.13661
67	180	1.14889
68	34	1.18727
68	74	1.07512
68	104	0.767524
68	106	1.13967
68	119	1.13186
68	124	1.12551
68	130	1.12029
68	133	1.17962
68	137	1.16098
68	142	1.17255
68	143	0.780031
68	151	0.77662
68	153	1.14876
68	162	0.71356
68	171	0.776285
68	172	0.804088
68	173	1.15838
68	177	0.7865
69	5	1.14134
69	7	1.29163
69	30	1.35303
69	37	1.31153
69	38	1.19185
69	71	0.713917
69	72	1.23087
69	76	1.20466
69	79	1.32071
69	86	0.6866
69	100	0.658246
69	109	1.29214
69	126	0.660317
69	139	0.684427
69	144	1.26224
69	147	0.657599
69	171	0.67279
69	173	0.6769
70	52	0.797819
70	83	0.779438
70	110	1.11841
70	117	1.16384
70	129	1.18071
70	138	1.1429
70	149	1.17003
70	150	1.11023
70	151	1.14182
70	155	1.17418
70	156	1.15337
70	158	1.12918
70	160	1.11534
70	162	0.712752
70	166	0.788065
70	169	0.766804
70	177	0.785691
70	180	0.774339
71	19	0.748907
71	40	0.789143
71	69	0.713917
71	136	0.782487
71	142	0.763232
71	144	0.807595
71	145	1.13013
71	153	0.790022
71	161	1.15644
71	163	1.13883
71	165	1.15934
71	168	1.13559
71	169	1.15534
71	176	1.14779
71	177	1.1393
71	178	1.14808
71	179	1.13843
71	180	1.15072
72	1	1.17902
72	7	1.13859
72	16	1.18667
72	30	1.19998
72	37	1.15848
72	38	1.0388
72	69	1.23087
72	76	1.05162
72	79	1.16767
72	109	1.1391
72	144	1.1092
72	147	0.751683
72	157	0.796872
72	161	0.776006
72	163	0.797348
72	173	0.770984
72	174	0.752421
72	178	0.763923
73	41	0.7585
73	61	0.866143
73	79	0.737287
73	80	0.689953
73	81	0.810715
73	148	0.775366
73	159	0.755719
73	163	1.13746
73	165	1.15797
73	166	1.13747
73	167	1.16167
73	169	1.15398
73	172	1.13396
73	176	1.14643
73	177	1.13793
73	178	1.14672
73	179	1.13707
73	180	1.14935
74	26	0.826257
74	68	1.07512
74	106	1.10092
74	119	1.09311
74	123	0.801749
74	124	1.08676
74	130	1.08154
74	133	1.14087
74	136	1.12346
74	137	1.12223
74	142	1.1338
74	146	0.850915
74	150	0.82598
74	153	1.11001
74	159	1.11255
74	165	0.800058
74	170	0.794061
74	173	1.11963
74	180	0.803506
75	30	0.659557
75	106	0.734605
75	124	0.734615
75	128	0.721989
75	142	0.692614
75	147	1.23339
75	151	0.719408
75	156	0.703441
75	157	1.18494
75	158	0.725568
75	163	1.20286
75	171	1.21197
75	172	1.19936
75	174	1.22297
75	176	1.21183
75	177	1.20333
75	178	1.21212
75	179	1.20247
75	180	1.21475
76	1	1.15281
76	5	0.962088
76	7	1.11238
76	16	1.16046
76	30	1.17377
76	37	1.13227
76	38	1.01259
76	52	0.83935
76	69	1.20466
76	72	1.05162
76	79	1.14146
76	109	1.11289
76	121	0.821929
76	139	0.828646
76	144	1.08299
76	161	0.82614
76	162	0.754283
76	174	0.802556
76	179	0.834864
77	11	1.13553
77	40	1.13105
77	47	1.09177
77	58	1.03213
77	61	1.03565
77	78	1.16776
77	87	1.12871
77	90	1.19013
77	91	1.08297
77	99	1.16209
77	101	1.05891
77	121	0.80506
77	125	1.08332
77	145	0.852071
77	154	0.838864
77	157	0.830137
77	174	0.785686
77	176	0.80018
77	178	0.797188
78	11	1.23285
78	15	1.26355
78	43	0.733442
78	58	1.12946
78	61	1.13297
78	77	1.16776
78	87	1.22603
78	90	1.28745
78	91	1.18029
78	97	1.23958
78	99	1.25941
78	100	0.676345
78	125	1.18064
78	127	0.761655
78	143	0.694634
78	157	0.720887
78	172	0.718692
78	173	0.694999
78	179	0.708745
79	1	1.26885
79	5	1.07813
79	7	1.22843
79	10	0.66964
79	30	1.28982
79	37	1.24832
79	38	1.12864
79	69	1.32071
79	72	1.16767
79	73	0.737287
79	76	1.14146
79	109	1.22894
79	127	0.78183
79	144	1.19904
79	154	0.749789
79	171	0.711064
79	173	0.715174
79	175	0.631018
79	180	0.709926
80	14	1.25417
80	73	0.689953
80	84	1.23241
80	85	1.23202
80	98	1.26861
80	104	1.2417
80	105	1.23323
80	111	1.27818
80	115	0.627799
80	122	1.27584
80	127	0.734496
80	152	1.24226
80	161	0.672862
80	163	0.694205
80	165	0.659144
80	167	0.667001
80	175	1.34157
80	176	0.663772
81	18	1.16057
81	32	0.874701
81	63	0.901879
81	73	0.810715
81	104	0.77573
81	110	1.07922
81	122	1.12929
81	138	1.1037
81	149	1.13084
81	150	1.07104
81	151	1.10262
81	152	0.779678
81	153	1.10745
81	155	1.13499
81	156	1.11417
81	158	1.08998
81	160	1.07615
81	169	0.775819
81	171	0.784492
82	36	0.644558
82	107	1.30758
82	119	1.25531
82	124	1.24896
82	127	1.22121
82	130	1.24374
82	133	1.30307
82	136	1.28567
82	137	1.28443
82	142	1.296
82	143	0.661466
82	145	0.709653
82	146	0.703991
82	153	1.27221
82	154	0.696446
82	162	0.594995
82	163	0.688195
82	165	0.653134
82	173	1.28183
82	176	0.657762
83	50	0.708133
83	70	0.779438
83	107	1.20259
83	119	1.15031
83	124	1.14396
83	127	1.11621
83	128	1.15243
83	130	1.13874
83	133	1.19807
83	134	0.724233
83	136	1.18067
83	137	1.17943
83	142	1.19101
83	147	0.737334
83	159	1.16975
83	163	0.783
83	167	0.755795
83	173	1.17683
83	178	0.749574
83	179	0.770381
84	14	1.16224
84	17	0.734474
84	22	1.10841
84	53	1.09599
84	80	1.23241
84	98	1.17668
84	104	1.14977
84	105	1.1413
84	108	1.19967
84	111	1.18625
84	128	1.14728
84	139	0.75069
84	145	0.790985
84	152	1.15033
84	154	0.777778
84	167	0.742323
84	169	0.73038
84	173	0.743163
84	175	1.24964
84	176	0.739094
85	4	1.02495
85	10	0.704373
85	80	1.23202
85	98	1.17629
85	104	1.14938
85	105	1.14091
85	108	1.19928
85	111	1.18586
85	118	0.789518
85	121	0.750719
85	122	1.18352
85	128	1.14689
85	143	1.16171
85	152	1.14994
85	164	0.765617
85	173	0.749908
85	175	1.24925
85	176	0.745839
85	177	0.756012
85	180	0.74466
86	69	0.6866
86	112	0.777315
86	122	0.728278
86	129	0.737002
86	148	0.762953
86	149	0.731009
86	150	0.78371
86	157	1.14395
86	160	0.784065
86	161	1.17949
86	164	1.15786
86	167	1.18608
86	168	1.15863
86	170	1.17592
86	171	1.17098
86	172	1.15837
86	177	1.16234
86	178	1.17113
86	179	1.16148
86	180	1.17376
87	11	1.1938
87	40	1.18933
87	47	1.15005
87	58	1.09041
87	61	1.09393
87	77	1.12871
87	78	1.22603
87	90	1.2484
87	91	1.14124
87	97	1.20054
87	99	1.22036
87	101	1.11719
87	127	0.803208
87	146	0.778713
87	161	0.741575
87	163	0.762917
87	167	0.735713
87	169	0.72377
87	170	0.72186
87	177	0.742657
88	28	0.761031
88	47	0.808227
88	113	0.727387
88	123	0.749613
88	132	0.755382
88	133	0.717609
88	137	0.725079
88	138	0.748257
88	146	1.15481
88	164	1.15774
88	166	1.16175
88	170	1.1758
88	171	1.17086
88	172	1.15825
88	174	1.18186
88	176	1.17071
88	177	1.16222
88	178	1.17101
88	179	1.16136
88	180	1.17364
89	45	1.10986
89	57	1.17451
89	118	1.11456
89	131	1.13438
89	144	0.758519
89	145	0.792548
89	149	1.19732
89	150	1.13752
89	151	1.16911
89	155	1.20147
89	156	1.18066
89	159	1.17647
89	160	1.14263
89	164	0.760435
89	168	0.75262
89	174	0.726163
89	175	1.26151
89	176	0.740657
89	178	0.737665
89	180	0.739477
90	11	1.25522
90	40	1.25074
90	47	1.21147
90	58	1.15183
90	61	1.15534
90	77	1.19013
90	78	1.28745
90	87	1.2484
90	91	1.20266
90	97	1.26196
90	99	1.28178
90	109	0.722753
90	125	1.20302
90	147	0.689081
90	161	0.713404
90	164	0.724091
90	173	0.708382
90	175	0.624226
90	176	0.704313
90	178	0.701321
90	179	0.722127
91	11	1.14806
91	13	0.754676
91	15	1.17876
91	40	1.14358
91	47	1.10431
91	58	1.04467
91	61	1.04818
91	77	1.08297
91	78	1.18029
91	87	1.14124
91	90	1.20266
91	97	1.1548
91	99	1.17462
91	125	1.09586
91	149	0.759936
91	163	0.821776
91	165	0.786715
91	169	0.782629
91	177	0.801516
91	179	0.809157
91	180	0.790164
92	48	0.746453
92	51	0.719617
92	58	0.799668
92	117	0.660825
92	136	0.672095
92	142	0.65284
92	153	0.67963
92	157	1.20251
92	159	0.660231
92	160	0.70099
92	164	1.21642
92	166	1.22043
92	167	1.24464
92	168	1.21719
92	169	1.23694
92	171	1.22954
92	176	1.22939
92	177	1.2209
92	178	1.22968
92	179	1.22004
92	180	1.23232
93	2	1.26967
93	8	1.2636
93	9	1.11282
93	41	1.23961
93	46	1.19189
93	51	1.18921
93	103	1.24379
93	109	0.721332
93	113	1.26355
93	116	1.27586
93	125	1.19813
93	134	0.674559
93	144	1.22031
93	147	0.68766
93	148	1.23154
93	152	0.698038
93	166	0.715438
93	170	0.692268
93	178	0.699901
93	179	0.720707
93	180	0.701713
94	17	0.784837
94	19	1.13312
94	21	1.07181
94	24	1.23298
94	27	1.12628
94	33	1.13459
94	35	1.15615
94	41	0.773128
94	54	1.15743
94	56	1.12618
94	60	1.14139
94	62	1.11606
94	64	1.01332
94	100	0.774872
94	132	1.09574
94	135	0.777914
94	145	0.841348
94	148	0.789993
94	155	0.759182
94	162	1.19495
94	168	0.80142
95	3	1.05311
95	43	0.764953
95	108	1.22638
95	112	1.13986
95	129	1.22284
95	138	1.18503
95	149	1.21216
95	150	1.15236
95	155	1.21631
95	156	1.1955
95	158	1.17131
95	159	1.19131
95	160	1.15747
95	161	0.731532
95	163	0.752875
95	165	0.717814
95	173	0.72651
95	175	1.27635
95	176	0.722442
95	177	0.732614
95	179	0.740256
95	180	0.721262
96	63	0.830888
96	109	0.731982
96	112	1.1403
96	120	0.691711
96	132	1.16718
96	134	0.685209
96	135	0.702
96	138	1.18546
96	146	0.759772
96	149	1.21259
96	150	1.15279
96	151	1.18438
96	153	1.1892
96	154	1.14898
96	155	1.21674
96	156	1.19593
96	158	1.17174
96	160	1.15791
96	163	0.743976
96	172	0.741304
96	175	1.27678
96	177	0.723715
97	11	1.20735
97	15	1.23806
97	40	1.20288
97	47	1.1636
97	58	1.10396
97	61	1.10748
97	78	1.23958
97	87	1.20054
97	90	1.26196
97	91	1.1548
97	99	1.23391
97	101	1.13074
97	125	1.15515
97	141	0.756224
97	142	0.704081
97	154	0.769266
97	162	0.667815
97	163	0.761015
97	167	0.733811
97	177	0.740754
97	178	0.72759
97	179	0.748396
98	4	1.06154
98	22	1.14461
98	26	0.750057
98	53	1.13219
98	80	1.26861
98	84	1.17668
98	85	1.17629
98	104	1.18597
98	105	1.1775
98	111	1.22245
98	121	0.733366
98	128	1.18348
98	129	0.703073
98	143	1.1983
98	152	1.18653
98	154	0.76717
98	161	0.737577
98	170	0.717862
98	173	0.732555
98	175	1.28584
98	177	0.738659
98	180	0.727307
99	10	0.685209
99	11	1.22718
99	15	1.25788
99	27	0.684297
99	31	0.687421
99	40	1.2227
99	47	1.18343
99	57	0.710301
99	58	1.12379
99	61	1.1273
99	77	1.16209
99	78	1.25941
99	87	1.22036
99	90	1.28178
99	91	1.17462
99	97	1.23391
99	101	1.15057
99	125	1.17497
99	139	0.73827
99	141	0.752317
99	154	0.765358
99	161	0.735765
99	165	0.722047
99	176	0.726675
100	42	0.719917
100	69	0.658246
100	78	0.676345
100	94	0.774872
100	111	0.681328
100	141	1.19241
100	144	0.751924
100	150	0.755356
100	155	0.703788
100	159	0.714952
100	160	0.755711
100	163	1.19576
100	164	1.19175
100	166	1.19576
100	168	1.19252
100	170	1.20981
100	171	1.20487
100	172	1.19226
100	174	1.21587
100	176	1.20472
100	177	1.19623
100	178	1.20502
100	179	1.19537
100	180	1.20765
101	15	1.15471
101	20	0.817829
101	40	1.11953
101	47	1.08025
101	77	1.05891
101	87	1.11719
101	97	1.13074
101	99	1.15057
101	107	1.15089
101	109	0.804154
101	124	1.09227
101	130	1.08704
101	133	1.14637
101	136	1.12897
101	137	1.12774
101	142	1.13931
101	153	1.11552
101	154	0.824398
101	163	0.816147
101	172	0.813476
101	174	0.77122
101	177	0.795887
101	178	0.782722
101	180	0.784535
102	22	0.834067
102	29	0.759799
102	107	0.778101
102	113	0.794116
102	133	0.784337
102	136	0.812033
102	156	0.803604
102	158	0.825732
102	159	0.800169
102	161	1.12928
102	163	1.11167
102	164	1.10765
102	165	1.13217
102	167	1.13587
102	168	1.10842
102	170	1.12571
102	171	1.12078
102	172	1.10816
102	174	1.13178
102	176	1.12063
102	177	1.11213
102	178	1.12092
102	179	1.11127
102	180	1.12355
103	2	1.21341
103	9	1.05656
103	12	1.21945
103	23	1.15228
103	25	1.15692
103	39	1.08801
103	42	1.19291
103	46	1.13563
103	51	1.13295
103	93	1.24379
103	113	1.20729
103	116	1.2196
103	125	1.14187
103	140	0.771213
103	144	1.16405
103	148	1.17528
103	149	0.711132
103	152	0.737685
103	154	0.781224
103	157	0.772496
103	163	0.772973
103	167	0.745769
103	170	0.731915
103	173	0.746608
103	178	0.739548
104	4	1.03463
104	22	1.1177
104	29	1.22968
104	53	1.10528
104	68	0.767524
104	80	1.2417
104	81	0.77573
104	84	1.14977
104	85	1.14938
104	98	1.18597
104	105	1.15059
104	111	1.19555
104	122	1.1932
104	128	1.15658
104	139	0.75144
104	143	1.17139
104	144	0.757706
104	152	1.15963
104	164	0.759622
104	170	0.72922
104	173	0.743913
104	174	0.72535
104	175	1.25894
104	176	0.739845
104	179	0.757659
105	4	1.02616
105	14	1.16306
105	22	1.10923
105	29	1.22121
105	80	1.23323
105	84	1.1413
105	85	1.14091
105	98	1.1775
105	104	1.15059
105	108	1.20049
105	111	1.18707
105	122	1.18473
105	143	1.16292
105	147	0.73384
105	152	1.15115
105	161	0.758163
105	164	0.76885
105	170	0.738448
105	171	0.749031
105	172	0.776834
105	174	0.734578
105	175	1.25046
105	177	0.759245
105	178	0.746081
105	180	0.747893
106	34	1.21307
106	44	1.15335
106	68	1.13967
106	74	1.10092
106	75	0.734605
106	114	0.701049
106	119	1.15765
106	124	1.15131
106	127	1.12355
106	130	1.14608
106	132	0.766968
106	133	1.20541
106	134	0.735803
106	136	1.18801
106	137	1.18677
106	142	1.19835
106	147	0.748904
106	153	1.17456
106	159	1.1771
106	160	0.785785
106	167	0.767365
106	169	0.755422
106	173	1.18418
106	174	0.749642
106	178	0.761144
107	50	0.663036
107	52	1.15691
107	82	1.30758
107	83	1.20259
107	101	1.15089
107	102	0.778101
107	119	1.20211
107	124	1.19576
107	127	1.16801
107	130	1.19054
107	131	0.739656
107	133	1.24987
107	136	1.23247
107	137	1.23123
107	142	1.24281
107	151	0.707762
107	153	1.21902
107	157	0.737426
107	159	1.22156
107	166	0.720015
107	170	0.696845
107	172	0.735231
107	173	1.22864
107	174	0.692975
107	175	0.627382
107	180	0.70629
108	20	0.744422
108	50	0.667875
108	84	1.19967
108	85	1.19928
108	95	1.22638
108	105	1.20049
108	111	1.24544
108	112	1.17234
108	114	0.64922
108	122	1.24309
108	128	1.20647
108	131	1.1817
108	143	1.22129
108	150	1.18484
108	151	1.21643
108	158	1.20379
108	160	1.18995
108	165	0.70768
108	167	0.715537
108	168	0.724271
108	171	0.712266
108	172	0.740069
108	174	0.697814
108	175	1.30883
108	177	0.72248
108	179	0.730122
109	5	1.04957
109	18	0.750011
109	38	1.10007
109	47	0.822764
109	54	0.685632
109	69	1.29214
109	72	1.1391
109	76	1.11289
109	79	1.22894
109	90	0.722753
109	93	0.721332
109	96	0.731982
109	101	0.804154
109	113	0.741923
109	116	0.748908
109	144	1.17047
109	151	0.767379
109	163	1.16992
109	165	1.19043
109	168	1.16668
109	176	1.17888
109	177	1.17039
109	178	1.17918
109	179	1.16953
109	180	1.18181
110	65	0.768572
110	70	1.11841
110	81	1.07922
110	115	0.758499
110	118	1.09605
110	129	1.18949
110	131	1.11587
110	132	1.13339
110	135	0.782929
110	138	1.15167
110	140	0.823145
110	148	1.14511
110	149	1.17881
110	150	1.11901
110	151	1.1506
110	154	1.1152
110	155	1.18296
110	156	1.16215
110	158	1.13795
110	160	1.12412
110	162	0.731705
110	165	0.789844
110	170	0.783847
110	171	0.79443
110	173	0.79854
110	174	0.779977
111	14	1.20801
111	22	1.15418
111	29	1.26616
111	53	1.14176
111	80	1.27818
111	84	1.18625
111	85	1.18586
111	98	1.22245
111	100	0.681328
111	104	1.19555
111	105	1.18707
111	108	1.24544
111	115	0.65994
111	122	1.22968
111	127	0.766637
111	139	0.707509
111	140	0.724586
111	143	1.20787
111	145	0.747804
111	152	1.19611
111	164	0.715691
111	166	0.708459
111	174	0.681419
111	175	1.29541
111	177	0.706085
111	179	0.713727
112	48	1.06684
112	63	0.880892
112	86	0.777315
112	95	1.13986
112	96	1.1403
112	108	1.17234
112	123	1.14691
112	126	0.751032
112	129	1.16881
112	139	0.775142
112	140	0.792219
112	141	0.789188
112	143	0.76725
112	149	1.15813
112	150	1.09833
112	151	1.12992
112	154	1.09452
112	155	1.16228
112	156	1.14147
112	158	1.11727
112	159	1.13728
112	160	1.10344
112	165	0.758918
112	169	0.754832
112	171	0.763505
112	175	1.22232
113	2	1.23317
113	8	1.2271
113	9	1.07632
113	23	1.17204
113	25	1.17668
113	39	1.10777
113	42	1.21267
113	46	1.15539
113	51	1.15271
113	55	1.13546
113	88	0.727387
113	93	1.26355
113	102	0.794116
113	103	1.20729
113	109	0.741923
113	116	1.23936
113	125	1.16163
113	127	0.794208
113	144	1.18381
113	145	0.775375
113	148	1.19504
113	151	0.723776
113	152	0.718629
113	162	0.660717
113	169	0.714769
113	171	0.723442
113	177	0.733656
114	44	0.670666
114	45	0.742049
114	55	0.746565
114	56	0.665743
114	64	0.797067
114	106	0.701049
114	108	0.64922
114	123	0.682623
114	131	0.717747
114	133	0.650618
114	136	0.678314
114	146	1.20944
114	158	0.692013
114	161	1.234
114	164	1.21237
114	165	1.23689
114	166	1.21639
114	167	1.24059
114	169	1.2329
114	170	1.23044
114	171	1.2255
114	172	1.21288
114	174	1.2365
114	176	1.22535
114	177	1.21685
114	178	1.22564
114	179	1.21599
114	180	1.22827
115	34	0.663906
115	45	0.769164
115	51	0.752951
115	60	0.710729
115	80	0.627799
115	110	0.758499
115	111	0.65994
115	136	0.705429
115	139	1.20939
115	149	0.681267
115	153	0.712964
115	157	1.20218
115	158	0.719127
115	161	1.23772
115	164	1.21609
115	166	1.22011
115	167	1.24431
115	168	1.21686
115	169	1.23662
115	171	1.22921
115	172	1.2166
115	174	1.24021
115	175	0.632587
115	176	1.22907
115	177	1.22057
115	178	1.22936
115	179	1.21971
115	180	1.23199
116	2	1.24548
116	8	1.23941
116	9	1.08863
116	23	1.18434
116	25	1.18898
116	39	1.12008
116	41	1.21541
116	42	1.22498
116	46	1.1677
116	51	1.16502
116	55	1.14777
116	93	1.27586
116	103	1.2196
116	109	0.748908
116	113	1.23936
116	124	0.745968
116	125	1.17394
116	134	0.702135
116	143	0.734173
116	144	1.19612
116	148	1.20735
116	152	0.725614
116	156	0.714794
116	162	0.667702
116	164	0.750247
116	165	0.725841
116	167	0.733698
116	176	0.730469
116	180	0.72929
117	16	1.25678
117	28	1.15327
117	36	0.716928
117	67	0.740638
117	70	1.16384
117	92	0.660825
117	118	1.14148
117	123	1.21302
117	131	1.1613
117	138	1.1971
117	140	0.758805
117	148	1.19054
117	149	1.22424
117	150	1.16444
117	151	1.19603
117	154	1.16063
117	155	1.22839
117	156	1.20758
117	157	0.760088
117	158	1.18338
117	160	1.16955
117	162	0.667365
117	165	0.725504
117	168	0.742095
117	169	0.721417
117	170	0.719507
117	172	0.757893
117	175	1.28843
117	177	0.740304
118	18	1.1774
118	19	0.7515
118	28	1.0767
118	85	0.789518
118	89	1.11456
118	110	1.09605
118	117	1.14148
118	123	1.13644
118	129	1.15834
118	132	1.10225
118	135	0.780784
118	138	1.12053
118	140	0.820999
118	149	1.14767
118	150	1.08787
118	151	1.11945
118	152	0.787471
118	155	1.15182
118	156	1.131
118	158	1.10681
118	159	1.12681
118	160	1.09298
118	161	0.801416
118	165	0.787698
118	166	0.804872
118	171	0.792284
118	175	1.21185
118	176	0.792326
118	177	0.802498
119	44	1.14554
119	66	1.17071
119	68	1.13186
119	74	1.09311
119	82	1.25531
119	83	1.15031
119	106	1.15765
119	107	1.20211
119	124	1.14349
119	128	1.15196
119	130	1.13827
119	133	1.1976
119	136	1.1802
119	137	1.17896
119	142	1.19054
119	146	0.780012
119	153	1.16674
119	154	0.772467
119	159	1.16928
119	163	0.764216
119	164	0.753561
119	166	0.746329
119	167	0.737012
119	168	0.745747
119	169	0.725069
119	172	0.761545
119	173	1.17636
119	176	0.733783
119	177	0.743956
119	179	0.751598
120	3	0.880117
120	5	0.901246
120	48	0.793928
120	96	0.691711
120	122	0.692678
120	123	0.723879
120	128	0.729689
120	129	0.701402
120	133	0.691874
120	139	1.15017
120	140	1.15879
120	146	1.15393
120	148	0.727352
120	159	0.707705
120	160	0.748465
120	163	1.16088
120	164	1.15687
120	165	1.18139
120	167	1.18509
120	168	1.15764
120	169	1.17739
120	170	1.17493
120	171	1.16999
120	172	1.15737
120	174	1.18099
120	176	1.16984
120	177	1.16135
120	178	1.17013
120	179	1.16048
120	180	1.17276
121	34	0.704758
121	35	0.706533
121	53	0.813843
121	76	0.821929
121	77	0.80506
121	85	0.750719
121	98	0.733366
121	137	0.726055
121	155	0.723252
121	157	1.14188
121	158	0.759979
121	160	0.775176
121	161	1.17741
121	163	1.1598
121	164	1.15579
121	165	1.18031
121	166	1.1598
121	167	1.18401
121	168	1.15656
121	169	1.17631
121	170	1.17385
121	171	1.16891
121	172	1.15629
121	174	1.17991
121	175	0.673439
121	176	1.16876
121	177	1.16027
121	178	1.16905
121	179	1.1594
121	180	1.17169
122	53	1.13942
122	80	1.27584
122	81	1.12929
122	85	1.18352
122	86	0.728278
122	104	1.1932
122	105	1.18473
122	108	1.24309
122	111	1.22968
122	120	0.692678
122	123	1.21766
122	129	1.23956
122	150	1.16908
122	151	1.20067
122	152	1.19376
122	155	1.23303
122	156	1.21222
122	158	1.18802
122	160	1.17419
122	161	0.7236
122	162	0.651743
122	163	0.744943
122	166	0.727055
122	167	0.717738
122	170	0.703885
122	172	0.742271
122	175	1.29307
122	177	0.724682
122	178	0.711517
122	179	0.732324
122	180	0.71333
123	45	1.13175
123	48	1.12792
123	57	1.1964
123	74	0.801749
123	88	0.749613
123	112	1.14691
123	114	0.682623
123	117	1.21302
123	118	1.13644
123	120	0.723879
123	122	1.21766
123	131	1.15627
123	135	0.734168
123	148	1.18551
123	149	1.2192
123	150	1.15941
123	151	1.19099
123	152	0.740855
123	153	1.19581
123	154	1.15559
123	155	1.22335
123	156	1.20254
123	158	1.17835
123	159	1.19835
123	160	1.16452
123	162	0.682944
123	167	0.748939
123	168	0.757674
123	169	0.736996
123	171	0.745669
123	178	0.742718
123	179	0.763525
124	34	1.19891
124	59	0.736452
124	64	1.05596
124	66	1.16436
124	68	1.12551
124	74	1.08676
124	75	0.734615
124	82	1.24896
124	83	1.14396
124	101	1.09227
124	106	1.15131
124	107	1.19576
124	116	0.745968
124	119	1.14349
124	128	1.14561
124	130	1.13192
124	133	1.19125
124	135	0.752604
124	136	1.17385
124	137	1.17261
124	141	0.789789
124	142	1.18419
124	147	0.748914
124	153	1.16039
124	159	1.16293
124	164	0.783924
124	168	0.77611
124	173	1.17001
124	176	0.764147
124	177	0.774319
124	178	0.761155
124	179	0.781961
124	180	0.762967
125	15	1.17912
125	40	1.14394
125	41	1.13769
125	42	1.14725
125	46	1.08997
125	47	1.10466
125	51	1.08729
125	58	1.04502
125	59	0.758887
125	61	1.04854
125	77	1.08332
125	78	1.18064
125	90	1.20302
125	91	1.09586
125	93	1.19813
125	97	1.15515
125	99	1.17497
125	103	1.14187
125	113	1.16163
125	116	1.17394
125	126	0.774067
125	134	0.758248
125	144	1.11839
125	148	1.12962
125	149	0.755174
125	154	0.825265
125	159	0.767471
125	161	0.795672
125	163	0.817014
125	164	0.806359
125	166	0.799127
125	170	0.775957
125	171	0.78654
125	173	0.79065
126	2	0.705528
126	33	0.678847
126	46	0.78707
126	48	0.803245
126	62	0.718594
126	69	0.660317
126	112	0.751032
126	125	0.774067
126	131	0.76832
126	133	0.701191
126	138	0.731839
126	139	1.17293
126	141	1.18029
126	148	0.73667
126	156	0.720458
126	157	1.16572
126	161	1.20125
126	163	1.18364
126	164	1.17963
126	165	1.20415
126	166	1.18364
126	167	1.20785
126	168	1.1804
126	169	1.20015
126	171	1.19275
126	172	1.18013
126	173	1.21535
126	174	1.20375
126	175	0.656045
126	176	1.1926
126	177	1.18411
126	178	1.19289
126	179	1.18324
126	180	1.19553
127	24	0.702782
127	45	0.875861
127	51	0.859647
127	54	0.737917
127	78	0.761655
127	79	0.78183
127	80	0.734496
127	82	1.22121
127	83	1.11621
127	87	0.803208
127	106	1.12355
127	107	1.16801
127	111	0.766637
127	113	0.794208
127	133	1.1635
127	136	1.1461
127	137	1.14486
127	142	1.15643
127	146	1.10361
127	148	0.819908
127	151	0.819664
127	159	1.13518
127	163	1.11056
127	164	1.10654
127	167	1.13476
127	170	1.1246
127	171	1.11967
127	173	1.14226
127	175	0.739284
127	176	1.11952
127	177	1.11102
127	178	1.11981
127	179	1.11016
127	180	1.12244
128	4	1.03214
128	13	1.17956
128	14	1.16904
128	75	0.721989
128	83	1.15243
128	84	1.14728
128	85	1.14689
128	98	1.18348
128	104	1.15658
128	108	1.20647
128	119	1.15196
128	120	0.729689
128	124	1.14561
128	130	1.14039
128	133	1.19972
128	136	1.18232
128	137	1.18108
128	140	0.780194
128	142	1.19266
128	143	1.1689
128	144	0.769383
128	148	0.752057
128	152	1.15714
128	154	0.790204
128	159	1.1714
128	162	0.688754
128	164	0.771298
128	167	0.754749
128	169	0.742806
128	171	0.751479
128	173	1.17849
128	174	0.737026
128	175	1.25644
128	176	0.751521
128	179	0.769335
129	3	1.08205
129	45	1.15365
129	59	0.695539
129	70	1.18071
129	86	0.737002
129	95	1.22284
129	98	0.703073
129	110	1.18949
129	112	1.16881
129	118	1.15834
129	120	0.701402
129	122	1.23956
129	131	1.17817
129	134	0.6949
129	135	0.711691
129	138	1.21397
129	149	1.2411
129	150	1.1813
129	151	1.21289
129	153	1.21771
129	154	1.17749
129	155	1.24525
129	156	1.22444
129	158	1.20025
129	159	1.22025
129	160	1.18642
129	161	0.732324
129	163	0.753667
129	165	0.718605
129	168	0.735197
129	173	0.727302
129	174	0.708739
129	175	1.30529
129	177	0.733406
129	178	0.720241
129	179	0.741048
130	13	1.16587
130	32	0.858458
130	44	1.13397
130	52	1.09306
130	64	1.05074
130	66	1.15914
130	68	1.12029
130	74	1.08154
130	82	1.24374
130	83	1.13874
130	101	1.08704
130	106	1.14608
130	107	1.19054
130	119	1.13827
130	124	1.13192
130	128	1.14039
130	133	1.18603
130	136	1.16863
130	137	1.16739
130	138	0.763997
130	142	1.17896
130	152	0.763435
130	153	1.15517
130	159	1.15771
130	162	0.705523
130	165	0.763662
130	168	0.780254
130	169	0.759576
130	170	0.757666
130	171	0.768249
130	172	0.796052
130	173	1.16479
130	177	0.778463
130	178	0.765298
130	179	0.786104
130	180	0.767111
131	18	1.19722
131	48	1.07621
131	89	1.13438
131	107	0.739656
131	108	1.1817
131	110	1.11587
131	114	0.717747
131	117	1.1613
131	123	1.15627
131	126	0.76832
131	129	1.17817
131	132	1.12207
131	138	1.14035
131	139	0.79243
131	148	1.13379
131	149	1.16749
131	150	1.10769
131	151	1.13928
131	152	0.775979
131	153	1.1441
131	154	1.10388
131	155	1.17164
131	156	1.15083
131	158	1.12663
131	159	1.14664
131	160	1.1128
131	161	0.789925
131	162	0.718068
131	164	0.800612
131	169	0.77212
131	171	0.780793
131	172	0.808596
131	175	1.23168
131	176	0.780835
131	177	0.791007
131	178	0.777843
132	19	1.17698
132	21	1.11568
132	26	1.09506
132	33	1.17845
132	35	1.20001
132	54	1.20129
132	56	1.17004
132	60	1.18525
132	62	1.15992
132	64	1.05719
132	65	0.725579
132	88	0.755382
132	94	1.09574
132	96	1.16718
132	106	0.766968
132	110	1.13339
132	118	1.10225
132	131	1.12207
132	135	0.739936
132	138	1.15788
132	146	0.797708
132	153	1.16162
132	155	1.18916
132	156	1.16835
132	157	0.781435
132	158	1.14416
132	160	1.13032
132	161	0.760569
132	162	1.23881
132	163	0.781912
132	165	0.746851
132	167	0.754708
132	169	0.742764
132	172	0.77924
132	175	1.2492
132	176	0.751479
132	177	0.761651
132	179	0.769293
133	12	0.680022
133	13	1.2252
133	17	0.709086
133	25	0.771744
133	34	1.25302
133	44	1.1933
133	66	1.21847
133	68	1.17962
133	74	1.14087
133	82	1.30307
133	83	1.19807
133	88	0.717609
133	101	1.14637
133	102	0.784337
133	106	1.20541
133	107	1.24987
133	114	0.650618
133	119	1.1976
133	120	0.691874
133	124	1.19125
133	126	0.701191
133	127	1.1635
133	128	1.19972
133	130	1.18603
133	136	1.22796
133	137	1.22672
133	140	0.742379
133	142	1.2383
133	143	0.717409
133	145	0.765597
133	153	1.2145
133	159	1.21704
133	165	0.709078
133	167	0.716934
133	170	0.703081
133	173	1.22412
133	175	0.633618
133	176	0.713706
134	19	0.679488
134	35	0.67332
134	53	0.78063
134	60	0.718368
134	83	0.724233
134	93	0.674559
134	96	0.685209
134	106	0.735803
134	116	0.702135
134	125	0.758248
134	129	0.6949
134	135	1.237
134	136	0.713068
134	140	1.19623
