1	110	1.3927
1	143	0.484399
1	145	0.462521
1	149	0.478077
1	153	1.38511
1	156	0.489215
1	157	1.34525
1	158	0.482102
1	159	1.35244
1	171	1.38631
1	178	1.35221
1	179	1.38497
2	52	0.471327
2	76	1.38
2	82	0.498037
2	136	0.473257
2	155	0.473102
2	160	1.36223
2	163	0.479709
2	171	1.38239
2	172	1.38118
2	174	1.36381
2	178	1.34829
2	179	1.38105
3	33	0.44028
3	46	0.527655
3	102	0.494748
3	114	1.38833
3	134	1.37417
3	145	1.40967
3	148	1.38591
3	164	1.32733
3	169	1.36356
3	175	1.35083
3	178	0.464198
3	180	0.482053
4	41	0.449298
4	49	0.457621
4	82	0.52255
4	105	0.497813
4	130	1.32389
4	136	1.38497
4	144	0.477226
4	165	1.34853
4	168	1.41574
4	169	1.38989
4	170	1.36543
4	176	1.3707
5	29	1.34801
5	56	0.470302
5	61	0.528745
5	114	1.40392
5	136	1.37423
5	147	0.461694
5	169	1.37915
5	170	1.35469
5	171	0.456267
5	176	1.35995
5	177	1.3794
5	180	0.482749
6	43	0.60564
6	45	0.42056
6	47	0.430524
6	61	0.497071
6	107	1.29901
6	111	1.40121
6	150	0.4378
6	159	1.36261
6	172	1.39527
6	173	1.38401
6	178	1.36238
6	179	1.39514
7	61	1.32037
7	68	1.45536
7	104	1.35116
7	124	0.452072
7	140	1.31704
7	146	1.35699
7	150	1.38253
7	151	1.41732
7	166	0.504696
7	175	0.488724
7	177	0.471076
7	178	0.481385
8	28	1.33725
8	72	0.460295
8	120	0.513246
8	125	0.480467
8	137	0.476206
8	142	1.39714
8	160	1.36662
8	171	1.38678
8	173	1.37431
8	177	0.464035
8	178	1.35269
8	179	1.38544
9	62	0.429152
9	100	0.547014
9	126	0.469284
9	128	1.36972
9	156	0.483761
9	165	1.34648
9	169	1.38784
9	170	1.36338
9	173	0.473076
9	175	1.37511
9	176	1.36864
9	177	1.38809
10	22	0.496969
10	39	0.488371
10	55	0.4589
10	64	1.34609
10	140	0.502001
10	145	1.42565
10	159	0.459903
10	163	1.3638
10	165	1.33818
10	169	1.37954
10	175	1.36681
10	177	1.37979
11	54	0.40084
11	133	1.56036
11	134	1.6341
11	141	0.398099
11	165	1.58213
11	166	0.416622
11	167	1.59485
11	173	0.383412
11	176	1.6043
11	177	1.62374
11	178	0.393311
11	180	0.411166
12	16	0.473319
12	77	1.42367
12	117	0.489793
12	130	1.30769
12	139	0.511103
12	146	1.35447
12	150	1.38001
12	151	1.4148
12	163	1.35795
12	173	0.47235
12	175	1.36096
12	179	0.461867
13	31	1.3616
13	33	0.470702
13	66	0.446683
13	140	0.526867
13	163	1.37172
13	164	1.35123
13	165	1.3461
13	168	1.41331
13	169	1.38746
13	174	0.486334
13	176	1.36826
13	179	0.474238
14	17	0.583654
14	43	0.31595
14	55	1.33168
14	73	1.32996
14	97	1.29558
14	101	1.26945
14	113	1.33027
14	117	0.572413
14	132	1.26055
14	157	1.28031
14	159	0.555017
14	162	1.30237
14	175	0.572208
15	49	0.503748
15	55	0.530219
15	64	1.261
15	98	1.37405
15	114	1.31922
15	129	1.24381
15	135	0.528709
15	149	1.32481
15	153	0.524474
15	168	1.32029
15	175	1.28172
15	176	1.27525
15	179	0.520691
16	12	0.473319
16	26	0.64828
16	34	1.38944
16	46	1.22619
16	97	0.485452
16	154	1.31426
16	158	0.488846
16	159	1.28018
16	170	0.498302
16	173	1.30158
16	174	1.29548
16	179	1.31271
16	180	1.27995
17	14	0.583654
17	20	0.45394
17	81	0.527147
17	123	1.29506
17	129	1.28892
17	130	1.27356
17	133	1.27642
17	155	0.525557
17	164	1.30332
17	170	1.3151
17	174	0.514603
17	175	1.32683
17	176	1.32036
18	30	0.456383
18	122	0.400283
18	136	0.425844
18	139	0.451875
18	147	1.4827
18	152	1.57116
18	155	1.46758
18	156	1.47884
18	158	1.4874
18	166	1.45109
18	167	0.440959
18	169	0.42829
18	180	1.46027
19	54	1.31213
19	58	0.517851
19	81	1.29233
19	142	1.32266
19	145	0.501197
19	149	0.516753
19	164	0.540255
19	168	0.519142
19	172	1.31109
19	174	1.29373
19	178	1.27821
19	179	1.31096
19	180	1.2782
20	17	0.45394
20	92	0.442683
20	96	0.441855
20	119	0.40353
20	135	1.51204
20	140	1.43157
20	147	1.4958
20	154	1.50768
20	159	1.4736
20	168	0.427192
20	177	0.424846
20	178	1.47337
20	179	1.50613
21	31	0.521547
21	104	1.26225
21	112	1.32369
21	115	0.521138
21	144	1.33359
21	150	1.29362
21	151	1.32841
21	166	0.534833
21	169	0.516792
21	174	1.28546
21	177	0.501213
21	179	1.30269
21	180	1.26993
22	10	0.496969
22	24	1.27473
22	79	0.454083
22	133	0.569336
22	142	1.32187
22	147	1.29985
22	150	0.535899
22	154	1.31173
22	172	1.31031
22	174	1.29295
22	176	0.540588
22	178	1.27742
22	179	1.31018
23	31	1.28869
23	83	1.28569
23	113	1.34018
23	126	0.522022
23	127	1.31746
23	132	1.27046
23	153	0.519113
23	158	0.529386
23	162	1.31228
23	170	1.29009
23	172	0.518607
23	176	1.29536
23	179	0.515331
24	22	1.27473
24	25	0.522231
24	85	0.525931
24	93	0.508006
24	111	1.32778
24	157	1.28199
24	165	0.52522
24	172	1.32184
24	173	1.31058
24	174	1.30447
24	175	0.516861
24	178	1.28895
24	180	1.28895
25	24	0.522231
25	92	0.52434
25	101	0.531475
25	115	1.27431
25	131	0.52344
25	141	1.30637
25	143	1.29771
25	151	0.494957
25	152	1.38904
25	155	1.28547
25	156	1.29672
25	161	1.27158
25	180	1.27816
26	16	0.64828
26	63	0.667331
26	70	1.1261
26	82	1.14199
26	93	1.18536
26	104	1.13454
26	140	1.10041
26	144	1.20588
26	146	1.14037
26	150	1.16591
26	151	1.2007
26	160	0.648511
26	172	0.640104
27	72	0.522894
27	90	1.35755
27	98	0.504762
27	115	1.2804
27	124	0.507631
27	125	1.31059
27	143	1.3038
27	157	0.533611
27	158	1.31138
27	161	1.27767
27	166	1.27506
27	174	0.528659
27	180	1.28425
28	8	1.33725
28	60	0.549056
28	66	0.486606
28	77	0.502886
28	95	0.518019
28	126	1.29715
28	153	1.30911
28	154	1.31051
28	157	1.26924
28	160	1.29014
28	170	0.537672
28	178	1.2762
28	179	1.30896
29	5	1.34801
29	85	1.28736
29	104	0.541082
29	124	1.34856
29	149	1.32559
29	158	0.504051
29	159	0.500527
29	161	0.525494
29	164	1.259
29	165	1.25387
29	169	1.29523
29	175	1.2825
29	180	0.528234
30	18	0.456383
30	42	1.21857
30	94	0.564931
30	95	0.520942
30	112	1.34214
30	113	0.525894
30	147	1.31081
30	159	1.28861
30	168	0.529503
30	172	1.32127
30	173	1.31001
30	178	1.28838
30	179	1.32114
31	13	1.3616
31	21	0.521547
31	23	1.28869
31	121	1.35272
31	143	0.510098
31	162	0.523369
31	164	1.26428
31	165	1.25915
31	167	1.27187
31	169	1.30051
31	177	1.30076
31	178	0.514128
31	180	0.531983
32	38	1.48759
32	41	1.62193
32	62	1.68437
32	88	1.62556
32	94	1.60466
32	97	1.59668
32	100	0.371861
32	105	0.310689
32	111	0.318916
32	157	1.58141
32	169	0.313091
32	171	0.299195
32	178	0.867755
32	180	0.325677
33	3	0.44028
33	13	0.470702
33	65	0.435945
33	103	1.45567
33	108	0.460455
33	142	1.41049
33	153	1.39894
33	166	0.503497
33	169	0.485455
33	171	1.40013
33	173	1.38767
33	174	1.38156
33	178	1.36604
33	179	1.3988
34	16	1.38944
34	48	0.435719
34	106	0.456996
34	123	1.374
34	132	0.501842
34	141	0.469659
34	144	0.447151
34	146	0.484097
34	159	1.40135
34	164	1.38226
34	165	1.37713
34	173	1.42275
34	177	1.41874
34	179	1.43388
35	93	1.2565
35	110	0.546203
35	127	0.558614
35	143	1.2329
35	146	1.2115
35	150	1.23704
35	151	1.27183
35	152	1.32424
35	155	1.22066
35	158	1.24048
35	160	0.564694
35	166	1.20416
35	175	0.580732
35	179	0.553011
36	51	1.40008
36	59	0.479813
36	61	0.504279
36	96	0.447128
36	129	1.35561
36	143	0.436397
36	146	0.459654
36	149	1.43661
36	164	1.37002
36	166	0.463738
36	167	1.37761
36	168	1.4321
36	171	1.42298
36	174	1.40441
37	53	0.484303
37	75	0.457542
37	89	0.455076
37	93	0.47392
37	115	1.38863
37	137	1.40163
37	141	1.4207
37	143	1.41204
37	155	1.3998
37	161	1.38591
37	162	1.40758
37	166	1.3833
37	170	0.478565
37	179	0.455054
38	32	1.48759
38	55	1.23526
38	60	0.573577
38	62	1.28685
38	87	0.571009
38	94	1.20714
38	95	1.20246
38	97	1.19916
38	113	1.23385
38	132	1.16413
38	157	1.18389
38	159	0.549213
38	169	0.564334
38	179	0.538682
39	10	0.488371
39	43	0.273801
39	106	1.41206
39	127	0.507941
39	141	1.40018
39	142	0.50435
39	152	1.48285
39	155	1.37927
39	156	1.39052
39	158	1.39909
39	159	0.512869
39	166	1.36277
39	171	0.514094
39	180	1.37196
40	45	0.447568
40	76	1.40772
40	94	0.487692
40	147	1.39844
40	150	0.464808
40	161	0.475343
40	168	0.452264
40	171	1.41011
40	172	1.4089
40	173	1.39764
40	174	1.39154
40	175	0.467566
40	178	1.37601
40	179	1.40877
41	4	0.449298
41	32	1.62193
41	65	1.4373
41	67	1.43212
41	73	1.36788
41	81	0.462715
41	97	1.33351
41	109	0.449628
41	113	1.3682
41	129	0.499614
41	132	1.29847
41	150	0.463037
41	162	1.34029
41	164	0.471605
42	30	1.21857
42	79	0.48608
42	81	1.23595
42	89	1.30555
42	100	1.20584
42	116	0.573908
42	130	0.600807
42	138	1.24449
42	139	1.22363
42	146	0.582542
42	171	1.25592
42	172	1.25471
42	177	0.553006
42	179	1.25458
43	6	0.60564
43	14	0.31595
43	39	0.273801
43	45	1.43716
43	48	1.42674
43	61	1.33343
43	82	1.37167
43	94	0.282649
43	144	1.43556
43	146	1.37005
43	150	1.39559
43	151	1.43038
43	177	0.666215
43	179	0.656142
44	50	0.555527
44	75	1.28236
44	136	0.564783
44	138	1.23653
44	145	0.536052
44	153	1.24677
44	154	1.24817
44	163	0.571235
44	170	0.565089
44	171	1.24796
44	172	1.24675
44	174	1.22939
44	178	1.21387
44	179	1.24662
45	6	0.42056
45	40	0.447568
45	43	1.43716
45	66	1.45451
45	84	1.34051
45	105	0.494311
45	130	0.528936
45	144	1.42056
45	146	1.35505
45	148	1.39662
45	150	1.38059
45	151	1.41538
45	152	0.438869
45	179	0.471062
46	3	0.527655
46	16	1.22619
46	107	1.1745
46	112	1.29163
46	134	0.534734
46	146	0.586787
46	150	0.572142
46	153	1.27077
46	159	1.2381
46	160	1.25181
46	175	0.5749
46	178	1.23787
46	179	1.27063
46	180	1.23787
47	6	0.430524
47	65	0.457168
47	85	1.39968
47	118	0.447465
47	145	1.45366
47	159	0.491557
47	164	1.37132
47	165	1.36619
47	167	1.37891
47	168	1.4334
47	171	0.492782
47	172	0.484303
47	176	1.38836
47	177	1.4078
48	34	0.435719
48	43	1.42674
48	63	0.485074
48	66	1.44408
48	68	1.44299
48	82	1.34624
48	102	0.505502
48	103	0.438046
48	135	0.462588
48	137	1.35562
48	144	1.41013
48	150	1.37016
48	151	1.40495
48	169	0.480221
49	4	0.457621
49	15	0.503748
49	142	1.42304
49	145	0.440871
49	148	0.458379
49	158	0.460451
49	162	0.47602
49	167	1.36731
49	171	1.41268
49	172	1.41147
49	173	1.40021
49	174	1.39411
49	178	1.37859
49	179	1.41134
50	44	0.555527
50	69	0.531478
50	108	1.35532
50	109	1.36168
50	110	0.47048
50	112	0.489018
50	122	0.474933
50	143	1.33925
50	155	1.32702
50	156	1.33827
50	161	1.31312
50	162	1.3348
50	166	1.31052
50	173	0.487771
50	180	1.3197
51	36	1.40008
51	76	1.33455
51	80	0.527946
51	128	0.523424
51	134	0.463437
51	138	1.3255
51	141	0.501052
51	158	0.489937
51	159	1.30307
51	168	0.488301
51	171	1.33693
51	172	1.33573
51	173	1.32447
51	178	1.30284
51	179	1.3356
52	2	0.471327
52	57	0.502446
52	70	1.29851
52	71	1.3551
52	82	1.3144
52	93	1.35778
52	125	0.511119
52	135	0.492633
52	140	1.27283
52	144	1.37829
52	146	1.31278
52	150	1.33832
52	151	1.37311
52	178	0.504997
52	180	0.522852
53	37	0.484303
53	72	0.498921
53	111	1.35233
53	127	0.498192
53	139	1.31531
53	143	0.50894
53	145	0.487063
53	169	0.51824
53	171	1.3476
53	172	1.34639
53	173	1.33513
53	174	1.32903
53	178	1.31351
53	179	1.34626
53	180	1.3135
54	11	0.40084
54	19	1.31213
54	59	1.28899
54	91	0.494382
54	132	0.548604
54	141	1.35378
54	153	1.35847
54	156	1.34413
54	166	1.31638
54	169	0.516902
54	170	0.514762
54	174	1.34109
54	176	0.520902
54	179	1.35833
54	180	1.32557
55	10	0.4589
55	14	1.33168
55	15	0.530219
55	38	1.23526
55	88	1.37323
55	95	1.34765
55	97	1.34435
55	113	1.37904
55	123	0.526892
55	132	1.30932
55	148	0.484849
55	154	0.488277
55	157	1.32909
55	162	1.35114
55	180	0.511104
56	5	0.470302
56	116	1.32538
56	118	0.455567
56	139	0.538366
56	141	1.35143
56	147	1.34565
56	154	0.504539
56	155	1.33053
56	156	1.34178
56	158	1.35034
56	161	1.31664
56	163	0.518787
56	166	1.31403
56	169	0.514781
56	180	1.32322
57	52	0.502446
57	89	1.38652
57	90	0.480693
57	93	0.500036
57	116	0.512144
57	126	1.32374
57	138	1.32546
57	139	1.3046
57	142	1.34725
57	153	1.3357
57	154	1.3371
57	163	0.510828
57	177	0.491243
57	178	1.3028
57	179	1.33555
58	19	0.517851
58	64	1.32859
58	111	0.505944
58	129	1.3114
58	130	1.29604
58	131	1.34794
58	153	0.47825
58	162	0.504091
58	163	1.3463
58	165	1.32068
58	169	1.36204
58	170	1.33758
58	171	0.486223
58	175	1.34931
58	180	0.512705
59	36	0.479813
59	54	1.28899
59	106	1.29516
59	125	1.2814
59	152	1.36595
59	155	1.26237
59	156	1.27362
59	158	1.28218
59	161	1.24848
59	166	1.24587
59	167	0.561428
59	173	0.53359
59	174	0.535204
59	175	0.550828
59	178	0.543489
59	180	1.25506
60	28	0.549056
60	38	0.573577
60	91	1.33881
60	117	0.526161
60	131	1.27203
60	134	1.29674
60	155	0.521285
60	157	0.515284
60	163	1.27039
60	164	1.24989
60	165	1.24477
60	168	1.31197
60	170	1.26167
60	176	1.26693
60	177	1.28638
60	178	0.518617
61	5	0.528745
61	6	0.497071
61	7	1.32037
61	36	0.504279
61	43	1.33343
61	70	1.23704
61	93	1.29631
61	104	1.24548
61	140	1.21136
61	144	1.31682
61	146	1.25131
61	150	1.27685
61	151	1.31164
61	173	0.558056
61	178	0.567955
61	179	0.547573
62	9	0.429152
62	32	1.68437
62	38	1.28685
62	73	1.43032
62	88	1.42482
62	95	1.39924
62	104	0.480985
62	113	1.43063
62	132	1.36091
62	138	0.451428
62	141	0.455069
62	157	1.38068
62	162	1.40273
62	167	0.468219
62	178	0.450281
62	180	0.468136
63	26	0.667331
63	48	0.485074
63	77	1.31961
63	139	1.25406
63	149	1.29999
63	152	0.46165
63	155	0.516893
63	161	0.529341
63	166	0.537536
63	168	1.29547
63	169	1.26963
63	172	1.28515
63	174	1.26778
63	177	1.26988
63	178	1.25226
63	179	1.28502
64	10	1.34609
64	15	1.261
64	58	1.32859
64	105	0.543787
64	129	1.24228
64	130	1.22692
64	131	1.27882
64	135	0.528556
64	170	1.26847
64	172	0.523815
64	174	0.532635
64	175	1.2802
64	176	1.27373
64	177	1.29317
64	179	0.520538
64	180	0.558775
65	33	0.435945
65	41	1.4373
65	47	0.457168
65	67	1.51066
65	83	1.39225
65	88	1.44093
65	95	1.41535
65	97	1.41205
65	132	1.37702
65	157	1.39678
65	162	1.41884
65	164	0.473012
65	174	0.451577
65	175	0.467202
65	179	0.439481
65	180	0.477718
66	13	0.446683
66	28	0.486606
66	45	1.45451
66	48	1.44408
66	71	1.42972
66	74	0.441451
66	84	1.37285
66	137	1.39839
66	139	0.485021
66	144	1.4529
66	146	1.38739
66	150	1.41293
66	151	1.44772
66	155	0.458835
66	172	0.439061
66	174	0.447881
67	41	1.43212
67	65	1.51066
67	73	1.44124
67	82	0.481436
67	83	1.38707
67	95	1.41017
67	113	1.44156
67	132	1.37183
67	144	0.436112
67	157	1.3916
67	160	0.445133
67	162	1.41366
67	165	0.469531
67	167	0.47177
67	172	0.436727
67	175	0.461171
68	7	1.45536
68	48	1.44299
68	69	0.484163
68	93	1.4313
68	133	0.488375
68	135	0.437992
68	140	1.34635
68	144	1.45182
68	146	1.38631
68	148	1.42788
68	150	1.41184
68	151	1.44663
68	154	0.445384
68	176	0.459626
68	177	0.440047
68	178	0.450356
69	50	0.531478
69	68	0.484163
69	77	1.32857
69	84	0.544952
69	96	0.544611
69	115	0.547526
69	133	1.21546
69	139	1.26303
69	141	0.542699
69	145	1.3247
69	157	1.25426
69	168	1.30444
69	172	1.29411
69	176	1.2594
69	178	1.26123
69	179	1.29398
70	26	1.1261
70	52	1.29851
70	61	1.23704
70	84	1.25912
70	86	0.537171
70	93	1.31866
70	122	0.527615
70	143	0.546322
70	144	1.33917
70	146	1.27366
70	148	1.31524
70	150	1.2992
70	151	1.33399
70	152	0.497778
70	172	0.533247
70	175	0.557692
71	52	1.3551
71	66	1.42972
71	74	0.48578
71	82	1.33188
71	84	1.31572
71	91	0.483245
71	99	0.465998
71	104	1.32443
71	125	0.506618
71	142	0.482126
71	144	1.39577
71	146	1.33026
71	148	1.37183
71	150	1.3558
71	151	1.39059
71	159	0.490644
71	173	0.490597
72	8	0.460295
72	27	0.522894
72	53	0.498921
72	134	1.37384
72	138	0.491201
72	149	1.39359
72	159	0.480202
72	163	1.34749
72	167	1.33459
72	168	1.38908
72	169	1.36323
72	170	1.33877
72	171	0.481427
72	175	1.35051
72	176	1.34404
72	177	1.36348
72	179	0.469672
73	14	1.32996
73	41	1.36788
73	62	1.43032
73	67	1.44124
73	83	1.32283
73	95	1.34593
73	100	0.534663
73	113	1.37732
73	132	1.3076
73	140	0.50287
73	154	0.465651
73	157	1.32736
73	162	1.34942
73	167	0.488561
73	168	0.46266
73	176	0.479893
73	178	0.470623
74	66	0.441451
74	71	0.48578
74	96	0.496088
74	98	0.457206
74	107	1.2881
74	117	1.35175
74	128	0.516547
74	147	1.3739
74	159	1.3517
74	162	0.498629
74	167	1.3402
74	171	1.38556
74	172	1.38436
74	173	1.3731
74	174	1.36699
74	176	0.498657
74	179	1.38423
75	37	0.457542
75	44	1.28236
75	88	0.472942
75	91	1.43018
75	130	1.3115
75	135	1.39879
75	141	0.490998
75	144	0.46849
75	161	0.501326
75	162	0.495451
75	165	1.33614
75	166	0.509521
75	173	1.38176
75	174	1.37565
75	175	1.36477
75	176	1.3583
75	178	1.36013
76	2	1.38
76	40	1.40772
76	51	1.33455
76	85	0.50365
76	92	0.494768
76	106	0.479366
76	112	1.37711
76	142	1.3678
76	146	0.506467
76	148	0.478841
76	152	0.434666
76	171	1.35744
76	172	1.35624
76	174	1.33887
76	176	0.49651
76	178	1.32335
76	179	1.35611
77	12	1.42367
77	28	0.502886
77	63	1.31961
77	69	1.32857
77	82	0.50005
77	90	0.451588
77	92	1.36817
77	106	0.464572
77	132	0.509418
77	140	0.504694
77	148	1.39871
77	157	0.469114
77	164	1.34012
77	165	1.33499
77	170	1.3519
77	176	1.35716
77	177	1.3766
78	84	0.485037
78	85	0.494404
78	110	1.38799
78	126	1.36845
78	128	0.505154
78	139	1.3493
78	140	1.3057
78	156	0.47878
78	158	0.471668
78	168	0.470031
78	172	1.38039
78	173	1.36913
78	174	1.36303
78	176	0.487264
78	178	1.3475
78	179	1.38026
78	180	1.3475
79	22	0.454083
79	42	0.48608
79	80	0.458551
79	91	1.49537
79	92	1.4345
79	100	0.490908
79	113	0.415296
79	131	1.42859
79	133	1.37955
79	136	1.43777
79	146	0.446095
79	148	1.46504
79	168	1.46853
79	169	1.44269
79	170	1.41823
79	175	1.42996
79	179	0.406486
79	180	0.444724
80	51	0.527946
80	79	0.458551
80	103	0.49888
80	106	1.34009
80	116	1.30215
80	120	1.27754
80	122	0.513048
80	128	1.29923
80	143	1.31953
80	148	0.527386
80	155	1.3073
80	156	1.31855
80	158	1.32711
80	161	1.2934
80	162	1.31508
80	164	0.548935
80	177	0.525476
80	180	1.29998
81	17	0.527147
81	19	1.29233
81	41	0.462715
81	42	1.23595
81	120	0.547264
81	121	0.483814
81	128	0.535522
81	131	0.51499
81	139	1.30756
81	159	1.30599
81	160	1.3197
81	164	0.521512
81	172	1.33865
81	173	1.32739
81	174	1.32129
81	178	1.30576
81	179	1.33852
81	180	1.30576
82	2	0.498037
82	4	0.52255
82	26	1.14199
82	43	1.37167
82	48	1.34624
82	52	1.3144
82	67	0.481436
82	71	1.33188
82	77	0.50005
82	104	1.28372
82	137	1.30055
82	144	1.35506
82	146	1.28955
82	150	1.31509
82	151	1.34988
82	157	0.528374
82	165	0.547405
82	174	0.523421
83	23	1.28569
83	65	1.39225
83	67	1.38707
83	73	1.32283
83	88	1.31734
83	97	1.28845
83	101	1.26233
83	113	1.32314
83	132	1.25342
83	157	1.27319
83	162	1.29524
83	166	0.534597
83	167	0.529224
83	170	0.514415
83	172	0.49418
83	178	0.511286
83	179	0.490904
83	180	0.529141
84	45	1.34051
84	66	1.37285
84	69	0.544952
84	70	1.25912
84	71	1.31572
84	78	0.485037
84	104	1.26756
84	137	1.28439
84	139	0.54
84	144	1.3389
84	146	1.27339
84	148	1.31497
84	149	0.500793
84	150	1.29893
84	151	1.33372
84	157	0.507813
84	163	0.520421
84	174	0.50286
85	24	0.525931
85	29	1.28736
85	47	1.39968
85	76	0.50365
85	78	0.494404
85	101	1.28331
85	126	0.506822
85	127	1.32141
85	128	1.30038
85	129	1.26786
85	136	1.31358
85	137	0.522374
85	159	0.510661
85	163	1.30276
85	175	1.30577
85	176	1.29931
85	177	1.31875
85	180	0.538368
86	70	0.537171
86	107	0.535802
86	109	1.33953
86	115	1.2937
86	123	0.524565
86	125	1.32389
86	132	0.527893
86	137	1.3067
86	139	0.519776
86	141	1.32577
86	154	0.485949
86	155	1.30486
86	156	1.31612
86	161	1.29097
86	162	1.31265
86	166	1.28836
86	172	0.473816
86	180	1.29755
87	38	0.571009
87	89	0.495688
87	117	0.523592
87	121	1.36644
87	127	1.31715
87	153	0.499449
87	156	1.31543
87	158	1.32399
87	161	1.29029
87	166	1.28768
87	170	1.28978
87	171	0.507422
87	175	1.30151
87	176	1.29504
87	177	1.31449
87	178	0.516048
87	179	0.495666
87	180	1.29687
88	32	1.62556
88	55	1.37323
88	62	1.42482
88	65	1.44093
88	75	0.472942
88	83	1.31734
88	94	1.34511
88	95	1.34043
88	97	1.33713
88	99	0.456338
88	103	0.45393
88	113	1.37182
88	132	1.3021
88	135	0.478472
88	145	0.464928
88	157	1.32187
88	165	0.506535
88	172	0.473731
88	175	0.498175
89	37	0.455076
89	42	1.30555
89	57	1.38652
89	87	0.495688
89	98	0.451561
89	131	0.490371
89	138	1.39803
89	148	0.475344
89	149	0.473391
89	151	0.461888
89	160	1.3893
89	167	1.36409
89	172	1.40825
89	173	1.39699
89	174	1.39089
89	175	0.491082
89	178	1.37537
89	179	1.40812
89	180	1.37536
90	27	1.35755
90	57	0.480693
90	77	0.451588
90	110	0.456054
90	113	0.471672
90	115	1.36108
90	124	0.453931
90	141	1.39314
90	143	1.38448
90	152	1.47582
90	155	1.37224
90	156	1.38349
90	158	1.39205
90	161	1.35835
90	163	0.49252
90	165	0.498943
90	166	1.35574
90	176	0.492515
90	180	1.36493
91	54	0.494382
91	60	1.33881
91	71	0.483245
91	75	1.43018
91	79	1.49537
91	103	0.449946
91	110	0.459662
91	129	1.32841
91	134	1.38967
91	136	1.37414
91	160	0.478154
91	162	0.496094
91	163	1.36331
91	169	1.37906
91	170	1.3546
91	174	0.478567
91	175	1.36633
91	177	1.3793
91	179	0.46647
92	20	0.442683
92	25	0.52434
92	76	0.494768
92	77	1.36817
92	79	1.4345
92	98	1.39779
92	111	0.522725
92	143	0.507601
92	145	1.36429
92	156	0.512417
92	163	1.30244
92	164	1.28195
92	165	1.27683
92	168	1.34403
92	169	1.31819
92	170	1.29373
92	171	0.503005
92	172	0.494526
92	176	1.29899
92	177	1.31844
93	24	0.508006
93	26	1.18536
93	35	1.2565
93	37	0.47392
93	52	1.35778
93	57	0.500036
93	61	1.29631
93	68	1.4313
93	70	1.31866
93	104	1.3271
93	111	0.513681
93	116	0.513179
93	137	1.34393
93	144	1.39844
93	146	1.33293
93	150	1.35847
93	151	1.39326
93	157	0.499255
93	160	0.493888
93	178	0.502587
94	30	0.564931
94	32	1.60466
94	38	1.20714
94	40	0.487692
94	43	0.282649
94	88	1.34511
94	95	1.31953
94	107	0.576448
94	132	1.2812
94	143	0.527538
94	152	0.478993
94	156	0.532354
94	162	1.32302
94	163	1.30955
94	168	1.35114
94	169	1.32529
94	170	1.30083
94	176	1.3061
94	177	1.32554
94	180	0.549423
95	28	0.518019
95	30	0.520942
95	38	1.20246
95	55	1.34765
95	62	1.39924
95	65	1.41535
95	67	1.41017
95	73	1.34593
95	88	1.34043
95	94	1.31953
95	97	1.31155
95	101	1.28542
95	113	1.34624
95	132	1.27652
95	142	0.46921
95	167	0.505518
95	170	0.490709
95	175	0.494919
95	176	0.49685
95	180	0.505435
96	20	0.441855
96	36	0.447128
96	69	0.544611
96	74	0.496088
96	109	1.35256
96	115	1.30673
96	116	1.31274
96	141	1.33879
96	143	1.33013
96	147	1.33301
96	152	1.42147
96	156	1.32914
96	158	1.3377
96	162	1.32568
96	166	1.30139
96	167	0.528742
96	170	0.513933
96	175	0.518143
96	178	0.510804
96	180	1.31058
97	14	1.29558
97	16	0.485452
97	32	1.59668
97	38	1.19916
97	41	1.33351
97	55	1.34435
97	65	1.41205
97	83	1.28845
97	88	1.33713
97	95	1.31155
97	132	1.27322
97	133	0.532401
97	138	0.49553
97	147	0.491183
97	149	0.48403
97	157	1.29298
97	162	1.31504
97	166	0.517694
97	167	0.512321
97	173	0.484483
98	15	1.37405
98	27	0.504762
98	74	0.457206
98	89	0.451561
98	92	1.39779
98	114	1.43075
98	116	0.482514
98	134	1.41659
98	136	1.40106
98	144	0.454201
98	154	0.466949
98	163	1.39024
98	165	1.36462
98	168	1.43183
98	169	1.40598
98	171	0.463295
98	175	1.39325
98	176	1.38678
98	177	1.40623
98	178	0.471922
98	179	0.451539
99	71	0.465998
99	88	0.456338
99	108	1.41097
99	121	0.445057
99	133	0.507624
99	135	1.41401
99	143	1.3949
99	148	0.461206
99	149	0.459253
99	150	0.474186
99	151	0.44775
99	152	1.48623
99	154	1.40965
99	158	1.40247
99	161	1.36877
99	166	1.36616
99	167	1.36408
99	171	1.40945
99	173	1.39698
99	175	0.476945
99	178	1.37535
100	9	0.547014
100	32	0.371861
100	42	1.20584
100	73	0.534663
100	79	0.490908
100	117	1.27593
100	118	1.37486
100	124	0.538829
100	148	0.559743
100	153	1.30855
100	154	1.30995
100	157	1.26869
100	164	0.581292
100	167	1.26438
100	170	0.571272
100	171	1.30975
100	172	1.30854
100	173	1.29728
100	174	1.29118
100	178	1.27565
100	179	1.30841
101	14	1.26945
101	25	0.531475
101	83	1.26233
101	85	1.28331
101	95	1.28542
101	106	0.510891
101	115	0.528381
101	121	1.34339
101	124	1.34452
101	132	1.24709
101	140	0.551013
101	142	0.500396
101	149	1.32154
101	157	1.26686
101	160	0.510067
101	161	0.533882
101	162	1.28891
101	168	1.31703
101	175	1.27846
101	177	1.29143
101	180	0.536621
102	3	0.494748
102	48	0.505502
102	103	1.36893
102	107	1.21592
102	119	0.503028
102	140	1.23749
102	153	1.3122
102	156	0.535439
102	159	1.27952
102	160	1.29323
102	163	0.543929
102	164	0.547803
102	169	0.539923
102	171	1.31339
102	172	1.31218
102	173	1.30092
102	174	1.29482
102	177	0.524344
102	178	1.2793
102	179	1.31205
102	180	1.27929
103	33	1.45567
103	48	0.438046
103	80	0.49888
103	88	0.45393
103	91	0.449946
103	102	1.36893
103	107	1.31789
103	112	1.43502
103	137	0.469059
103	138	1.40393
103	148	0.458798
103	153	1.41417
103	159	1.38149
103	162	0.476438
103	164	0.480347
103	170	0.470326
103	171	1.41536
103	172	1.41415
103	174	1.39679
103	178	1.38127
103	179	1.41402
104	7	1.35116
104	21	1.26225
104	26	1.13454
104	29	0.541082
104	61	1.24548
104	62	0.480985
104	71	1.32443
104	82	1.28372
104	84	1.26756
104	93	1.3271
104	110	0.507617
104	121	0.510259
104	123	0.56845
104	138	0.535954
104	144	1.34761
104	146	1.2821
104	148	1.32368
104	150	1.30764
104	151	1.34243
104	159	0.524956
104	178	0.534807
105	4	0.497813
105	32	0.310689
105	45	0.494311
105	64	0.543787
105	126	1.35831
105	135	1.37602
105	138	1.36003
105	139	1.33916
105	157	1.3304
105	158	0.500643
105	159	1.33759
105	160	1.3513
105	162	0.516211
105	163	0.516246
105	164	0.52012
105	171	1.37146
105	172	1.37025
105	173	1.35899
105	177	0.496661
105	178	1.33736
105	179	1.37012
105	180	1.33736
106	34	0.456996
106	39	1.41206
106	59	1.29516
106	76	0.479366
106	77	0.464572
106	80	1.34009
106	101	0.510891
106	108	1.36735
106	109	1.37371
106	111	0.507323
106	114	0.486654
106	116	1.3339
106	125	1.35807
106	152	1.44262
106	155	1.33905
106	157	0.492896
106	158	1.35886
106	161	1.32515
106	166	1.32255
106	167	0.514167
106	168	0.488266
106	180	1.33173
107	6	1.29901
107	46	1.1745
107	74	1.2881
107	86	0.535802
107	94	0.576448
107	102	1.21592
107	103	1.31789
107	112	1.28202
107	124	0.51967
107	129	0.590142
107	134	0.516157
107	142	1.27272
107	154	1.26257
107	160	1.2422
107	165	0.564682
107	170	0.552113
107	172	1.26115
107	173	1.24989
107	174	1.24379
107	177	0.538674
107	178	1.22827
107	179	1.26102
108	33	0.460455
108	50	1.35532
108	99	1.41097
108	106	1.36735
108	125	1.35359
108	128	1.3265
108	135	0.472008
108	139	0.513227
108	140	0.51662
108	143	1.3468
108	145	0.458465
108	152	1.43814
108	155	1.33456
108	156	1.34581
108	158	1.35437
108	161	1.32067
108	165	0.500071
108	166	1.31806
108	167	0.502311
108	169	0.489642
108	175	0.491712
108	180	1.32725
109	41	0.449628
109	50	1.36168
109	86	1.33953
109	96	1.35256
109	106	1.37371
109	116	1.33578
109	122	0.472538
109	137	1.34276
109	139	0.52413
109	141	1.36183
109	142	0.476906
109	152	1.4445
109	153	0.478677
109	155	1.34092
109	158	1.36074
109	161	1.32703
109	166	1.32443
109	167	0.513214
109	173	0.485377
109	175	0.502615
109	176	0.504546
109	180	1.33361
110	1	1.3927
110	35	0.546203
110	50	0.47048
110	78	1.38799
110	90	0.456054
110	91	0.459662
110	104	0.507617
110	111	1.37095
110	114	0.467338
110	120	0.515815
110	135	1.37078
110	139	1.33392
110	157	1.32516
110	159	1.33235
110	162	0.486155
110	163	0.486189
110	167	1.32085
110	171	1.36622
110	173	1.35375
110	174	1.34765
110	178	1.33212
110	179	1.36488
111	6	1.40121
111	24	1.32778
111	32	0.318916
111	53	1.35233
111	58	0.505944
111	92	0.522725
111	93	0.513681
111	106	0.507323
111	110	1.37095
111	118	1.42967
111	131	0.521825
111	139	1.33226
111	140	1.28866
111	152	0.462623
111	153	1.36336
111	154	1.36477
111	160	1.3444
111	166	0.538509
111	177	0.504888
111	178	1.33046
111	179	1.36322
111	180	1.33046
112	21	1.32369
112	30	1.34214
112	46	1.29163
112	50	0.489018
112	76	1.37711
112	103	1.43502
112	107	1.28202
112	114	0.485875
112	145	0.469543
112	151	0.473595
112	152	0.442876
112	153	1.3783
112	159	1.34562
112	160	1.35933
112	165	0.511149
112	166	0.518762
112	170	0.498579
112	171	1.37949
112	174	1.36092
112	176	0.50472
112	179	1.37815
112	180	1.34539
113	14	1.33027
113	23	1.34018
113	30	0.525894
113	38	1.23385
113	41	1.3682
113	55	1.37904
113	62	1.43063
113	67	1.44156
113	73	1.37732
113	79	0.415296
113	83	1.32314
113	88	1.37182
113	90	0.471672
113	95	1.34624
113	129	0.533689
113	132	1.30791
113	160	0.483832
113	162	1.34973
113	168	0.484568
113	171	0.483905
113	178	0.492531
113	180	0.510386
114	3	1.38833
114	5	1.40392
114	15	1.31922
114	98	1.43075
114	106	0.486654
114	110	0.467338
114	112	0.485875
114	136	1.34623
114	146	0.513755
114	148	1.3735
114	154	0.489556
114	160	0.485829
114	164	1.31491
114	167	1.3225
114	169	1.35114
114	170	1.32668
114	171	0.485902
114	172	0.477423
114	175	1.33842
114	176	1.33195
114	177	1.35139
114	180	0.512384
115	21	0.521138
115	25	1.27431
115	27	1.2804
115	37	1.38863
115	69	0.547526
115	86	1.2937
115	90	1.36108
115	96	1.30673
115	101	0.528381
115	122	0.490981
115	141	1.316
115	142	0.495349
115	152	1.39867
115	155	1.29509
115	156	1.30634
115	158	1.3149
115	161	1.2812
115	162	1.30288
115	164	0.526868
115	166	1.27859
115	172	0.496613
115	177	0.50341
115	179	0.493337
116	42	0.573908
116	56	1.32538
116	57	0.512144
116	80	1.30215
116	93	0.513179
116	96	1.31274
116	98	0.482514
116	106	1.3339
116	109	1.33578
116	120	1.27135
116	124	0.485382
116	143	1.31334
116	152	1.40468
116	154	0.509723
116	155	1.30111
116	156	1.31236
116	158	1.32092
116	161	1.28721
116	163	0.523971
116	166	1.28461
116	171	0.506069
116	179	0.494313
116	180	1.29379
117	12	0.489793
117	14	0.572413
117	60	0.526161
117	74	1.35175
117	87	0.523592
117	100	1.27593
117	134	0.47882
117	135	1.33058
117	138	1.31459
117	139	1.29372
117	142	1.33637
117	150	0.516228
117	152	0.459073
117	153	1.32482
117	154	1.32623
117	157	1.28496
117	159	1.29215
117	164	0.524797
117	168	0.503685
117	171	1.32602
117	172	1.32481
117	178	1.29192
117	179	1.32468
118	47	0.447465
118	56	0.455567
118	100	1.37486
118	111	1.42967
118	122	1.44959
118	126	1.41179
118	130	0.487651
118	132	0.487131
118	142	1.4353
118	153	1.42375
118	154	1.42515
118	156	0.450945
118	161	0.465276
118	162	0.459401
118	163	0.459435
118	168	0.442196
118	171	1.42494
118	173	1.41247
118	174	1.40637
118	177	0.43985
118	178	1.39085
118	179	1.4236
118	180	1.39084
119	20	0.40353
119	102	0.503028
119	124	1.47763
119	127	1.4272
119	133	1.36116
119	142	0.454108
119	147	0.469279
119	149	1.45465
119	152	0.419904
119	154	0.467506
119	163	1.40855
119	164	1.38806
119	165	1.38293
119	166	0.49579
119	167	1.39565
119	168	1.45014
119	169	1.42429
119	170	1.39983
119	172	0.455373
119	174	0.464193
119	176	1.4051
119	177	1.42454
119	178	0.472479
120	8	0.513246
120	80	1.27754
120	81	0.547264
120	110	0.515815
120	116	1.27135
120	123	1.24206
120	126	0.529314
120	140	0.575252
120	141	1.2974
120	145	1.33266
120	148	1.30891
120	153	0.526406
120	156	1.28775
120	158	1.29631
120	159	0.533154
120	161	1.26261
120	164	1.25032
120	166	1.26
120	167	1.25792
120	168	1.31241
120	171	0.534379
120	173	0.533106
120	175	1.27383
120	176	1.26736
121	31	1.35272
121	81	0.483814
121	87	1.36644
121	99	0.445057
121	101	1.34339
121	104	0.510259
121	125	0.485677
121	127	1.38148
121	132	0.516527
121	134	1.38919
121	138	0.480702
121	143	0.475525
121	145	1.42468
121	147	0.476356
121	163	1.36283
121	165	1.33721
121	168	1.40442
121	169	1.37857
121	170	1.35412
121	171	0.470929
121	175	1.36585
121	176	1.35938
121	177	1.37882
121	179	0.459173
122	18	0.400283
122	50	0.474933
122	70	0.527615
122	80	0.513048
122	109	0.472538
122	115	0.490981
122	118	1.44959
122	126	1.37133
122	129	1.31711
122	130	1.30175
122	137	0.483227
122	138	1.37305
122	145	1.41386
122	146	0.500592
122	149	1.39811
122	152	0.428791
122	157	1.34343
122	160	1.36432
122	166	0.504677
122	168	1.3936
122	172	1.38327
122	173	1.37201
122	176	1.34856
122	177	1.368
123	17	1.29506
123	34	1.374
123	55	0.526892
123	86	0.524565
123	104	0.56845
123	120	1.24206
123	129	1.23124
123	136	1.27696
123	143	0.533716
123	145	1.32799
123	148	1.30423
123	157	0.534414
123	158	0.53142
123	159	0.527895
123	164	1.24565
123	165	1.24052
123	168	1.30773
123	169	1.28188
123	170	1.25742
123	175	1.26915
123	176	1.26269
123	177	1.28213
123	178	0.537747
123	179	0.517364
124	7	0.452072
124	27	0.507631
124	29	1.34856
124	90	0.453931
124	100	0.538829
124	101	1.34452
124	107	0.51967
124	116	0.485382
124	119	1.47763
124	131	1.36561
124	133	1.31657
124	134	1.39032
124	149	1.41007
124	153	0.458191
124	154	0.469818
124	159	0.464939
124	164	1.34347
124	165	1.33835
124	167	1.35107
124	168	1.40555
124	175	1.36698
124	176	1.36051
124	177	1.37996
124	179	0.454408
125	8	0.480467
125	27	1.31059
125	52	0.511119
125	59	1.2814
125	71	0.506618
125	86	1.32389
125	106	1.35807
125	108	1.35359
125	121	0.485677
125	128	1.31722
125	134	0.477399
125	141	1.34619
125	143	1.33752
125	152	1.42886
125	155	1.32528
125	157	0.506893
125	158	1.34509
125	161	1.31139
125	162	1.33307
125	163	0.519501
125	166	1.30878
125	172	0.49312
125	173	0.500326
125	176	0.519496
125	180	1.31797
126	9	0.469284
126	23	0.522022
126	28	1.29715
126	57	1.32374
126	78	1.36845
126	85	0.506822
126	105	1.35831
126	118	1.41179
126	120	0.529314
126	122	1.37133
126	131	0.49704
126	137	0.492274
126	139	1.31438
126	140	1.27078
126	155	0.493081
126	159	1.31281
126	160	1.32652
126	165	0.506111
126	172	1.34547
126	174	1.32811
126	176	0.499682
126	177	0.480103
126	178	1.31258
126	179	1.34534
126	180	1.31258
127	23	1.31746
127	35	0.558614
127	39	0.507941
127	53	0.498192
127	85	1.32141
127	87	1.31715
127	119	1.4272
127	121	1.38148
127	133	1.26615
127	136	1.32436
127	138	0.490472
127	142	0.470955
127	145	1.37539
127	149	1.35964
127	150	0.493905
127	153	0.472725
127	161	0.504441
127	162	0.498566
127	164	1.29305
127	168	1.35513
127	169	1.32928
127	170	1.30482
127	175	1.31655
127	176	1.31009
127	180	0.50718
128	9	1.36972
128	51	0.523424
128	74	0.516547
128	78	0.505154
128	80	1.29923
128	81	0.535522
128	85	1.30038
128	108	1.3265
128	125	1.31722
128	135	0.518899
128	137	1.30003
128	138	0.53241
128	151	0.509408
128	153	0.514664
128	156	1.30945
128	157	0.52793
128	161	1.2843
128	163	1.29251
128	164	1.27202
128	165	1.26689
128	166	1.28169
128	170	1.28379
128	171	0.522637
128	175	1.29553
128	177	1.3085
128	180	1.29088
129	15	1.24381
129	17	1.28892
129	36	1.35561
129	41	0.499614
129	58	1.3114
129	64	1.24228
129	85	1.26786
129	91	1.32841
129	107	0.590142
129	113	0.533689
129	122	1.31711
129	123	1.23124
129	133	1.2126
129	136	1.27082
129	154	0.540289
129	155	0.54793
129	157	0.541929
129	160	0.536563
129	163	1.25999
129	164	1.2395
129	165	1.23437
129	172	0.528156
129	175	1.26301
129	176	1.25654
129	177	1.27598
129	179	0.52488
129	180	0.563117
130	4	1.32389
130	12	1.30769
130	17	1.27356
130	42	0.600807
130	45	0.528936
130	58	1.29604
130	64	1.22692
130	75	1.3115
130	118	0.487651
130	122	1.30175
130	136	1.25546
130	140	0.573842
130	145	1.30648
130	152	0.48902
130	154	0.536623
130	157	0.538262
130	161	0.556711
130	163	1.24463
130	165	1.21901
130	168	1.28622
130	169	1.26037
130	170	1.23591
130	174	0.53331
130	175	1.24765
130	176	1.24118
130	177	1.26062
130	180	0.55945
131	25	0.52344
131	58	1.34794
131	60	1.27203
131	64	1.27882
131	79	1.42859
131	81	0.51499
131	89	0.490371
131	111	0.521825
131	124	1.36561
131	126	0.49704
131	134	1.32289
131	136	1.30736
131	145	1.35838
131	146	0.529957
131	147	0.507532
131	149	1.34263
131	153	0.494132
131	156	0.511517
131	163	1.29653
131	164	1.27604
131	165	1.27091
131	168	1.33812
131	170	1.28781
131	171	0.502105
131	175	1.29955
131	176	1.29308
131	177	1.31252
131	178	0.510731
132	14	1.26055
132	23	1.27046
132	34	0.501842
132	38	1.16413
132	41	1.29847
132	54	0.548604
132	55	1.30932
132	62	1.36091
132	65	1.37702
132	67	1.37183
132	73	1.3076
132	77	0.509418
132	83	1.25342
132	86	0.527893
132	88	1.3021
132	94	1.2812
132	95	1.27652
132	97	1.27322
132	101	1.24709
132	113	1.30791
132	118	0.487131
132	121	0.516527
132	137	0.542936
132	145	0.515167
132	157	1.25795
132	162	1.28001
132	163	0.55035
132	178	0.541075
132	180	0.55893
133	11	1.56036
133	17	1.27642
133	22	0.569336
133	68	0.488375
133	69	1.21546
133	79	1.37955
133	97	0.532401
133	99	0.507624
133	119	1.36116
133	124	1.31657
133	127	1.26615
133	129	1.2126
133	144	0.524402
133	148	1.28559
133	149	1.2936
133	152	0.489547
133	155	0.544791
133	159	0.532271
133	161	0.557238
133	163	1.2475
133	167	1.2346
133	168	1.28909
133	169	1.26324
133	170	1.23878
133	174	0.533837
133	175	1.25051
133	176	1.24405
133	177	1.26349
133	179	0.52174
134	3	1.37417
134	11	1.6341
134	46	0.534734
134	51	0.463437
134	60	1.29674
134	72	1.37384
134	91	1.38967
134	98	1.41659
134	107	0.516157
134	117	0.47882
134	121	1.38919
134	124	1.39032
134	125	0.477399
134	131	1.32289
134	139	0.50013
134	145	1.38309
134	147	0.468077
134	153	0.454677
134	158	0.464949
134	161	0.486392
134	163	1.32124
134	164	1.30075
134	165	1.29562
134	169	1.33699
134	170	1.31253
134	175	1.32426
134	177	1.33724
134	178	0.471276
134	180	0.489132
135	15	0.528709
135	20	1.51204
135	48	0.462588
135	52	0.492633
135	64	0.528556
135	68	0.437992
135	75	1.39879
135	88	0.478472
135	99	1.41401
135	105	1.37602
135	108	0.472008
135	110	1.37078
135	117	1.33058
135	128	0.518899
135	138	1.35296
135	148	0.48334
135	151	0.469884
135	152	0.439164
135	153	1.3632
135	154	1.3646
135	159	1.33053
135	160	1.34423
135	167	1.31903
135	168	0.483776
135	173	1.35193
135	174	1.34582
135	178	1.3303
135	179	1.36306
135	180	1.3303
136	2	0.473257
136	4	1.38497
136	5	1.37423
136	18	0.425844
136	44	0.564783
136	79	1.43777
136	85	1.31358
136	91	1.37414
136	98	1.40106
136	114	1.34623
136	123	1.27696
136	127	1.32436
136	129	1.27082
136	130	1.25546
136	131	1.30736
136	139	0.535781
136	144	0.489206
136	149	1.35181
136	159	0.497075
136	162	0.516168
136	163	1.30572
136	168	1.3473
136	170	1.297
136	171	0.4983
136	173	0.497027
136	174	0.498641
136	175	1.30873
136	177	1.32171
136	179	0.486544
136	180	0.524782
137	8	0.476206
137	37	1.40163
137	48	1.35562
137	66	1.39839
137	82	1.30055
137	84	1.28439
137	85	0.522374
137	86	1.3067
137	93	1.34393
137	103	0.469059
137	109	1.34276
137	122	0.483227
137	126	0.492274
137	128	1.30003
137	132	0.542936
137	142	0.487595
137	144	1.36444
137	146	1.29893
137	150	1.32447
137	151	1.35926
137	152	1.41167
137	156	1.31934
137	161	1.2942
137	166	1.29159
137	167	0.523903
137	172	0.488859
137	176	0.515235
137	177	0.495656
137	178	0.505965
137	180	1.30078
138	42	1.24449
138	44	1.23653
138	51	1.3255
138	57	1.32546
138	62	0.451428
138	72	0.491201
138	89	1.39803
138	97	0.49553
138	103	1.40393
138	104	0.535954
138	105	1.36003
138	117	1.31459
138	121	0.480702
138	122	1.37305
138	127	0.490472
138	128	0.53241
138	135	1.35296
138	139	1.3161
138	148	0.496851
138	154	1.34861
138	155	0.507919
138	156	0.506036
138	158	0.498924
138	160	1.32824
138	170	0.50838
138	171	1.3484
138	172	1.34719
138	178	1.3143
138	179	1.34706
138	180	1.3143
139	12	0.511103
139	18	0.451875
139	42	1.22363
139	53	1.31531
139	56	0.538366
139	57	1.3046
139	63	1.25406
139	66	0.485021
139	69	1.26303
139	78	1.3493
139	81	1.30756
139	84	0.54
139	86	0.519776
139	105	1.33916
139	108	0.513227
139	109	0.52413
139	110	1.33392
139	111	1.33226
139	117	1.29372
139	126	1.31438
139	134	0.50013
139	136	0.535781
139	138	1.3161
139	149	0.522605
139	153	1.32634
139	160	1.30737
139	166	0.556269
139	167	1.28216
139	171	1.32753
139	173	1.31507
139	178	1.29344
140	7	1.31704
140	10	0.502001
140	13	0.526867
140	20	1.43157
140	26	1.10041
140	52	1.27283
140	61	1.21136
140	68	1.34635
140	73	0.50287
140	77	0.504694
140	78	1.3057
140	101	0.551013
140	102	1.23749
140	108	0.51662
140	111	1.28866
140	120	0.575252
140	126	1.27078
140	130	0.573842
140	144	1.31349
140	146	1.24798
140	147	1.27226
140	148	1.28955
140	150	1.27352
140	151	1.30831
140	153	1.28273
140	158	0.530024
140	160	1.26377
140	168	0.528387
140	170	0.53948
140	172	1.28272
140	176	0.54562
140	179	1.28259
141	11	0.398099
141	25	1.30637
141	34	0.469659
141	37	1.4207
141	39	1.40018
141	51	0.501052
141	54	1.35378
141	56	1.35143
141	62	0.455069
141	69	0.542699
141	75	0.490998
141	86	1.32577
141	90	1.39314
141	96	1.33879
141	109	1.36183
141	115	1.316
141	120	1.2974
141	125	1.34619
141	145	0.482984
141	152	1.43074
141	153	0.492292
141	155	1.32716
141	156	1.33841
141	158	1.34697
141	161	1.31327
141	164	0.522041
141	165	0.52459
141	166	1.31066
141	168	0.500929
141	174	0.500606
141	176	0.518162
141	180	1.31985
142	8	1.39714
142	19	1.32266
142	22	1.32187
142	33	1.41049
142	39	0.50435
142	49	1.42304
142	57	1.34725
142	71	0.482126
142	76	1.3678
142	95	0.46921
142	101	0.500396
142	107	1.27272
142	109	0.476906
142	115	0.495349
142	117	1.33637
142	118	1.4353
142	119	0.454108
142	127	0.470955
142	137	0.487595
142	153	1.36899
142	154	1.3704
142	159	1.33632
142	160	1.35003
142	163	0.495009
142	164	0.498883
142	169	0.491003
142	171	1.37019
142	172	1.36898
142	173	1.35772
142	176	0.495003
142	177	0.475424
142	178	1.33609
142	179	1.36885
142	180	1.33609
143	1	0.484399
143	25	1.29771
143	27	1.3038
143	31	0.510098
143	35	1.2329
143	36	0.436397
143	37	1.41204
143	50	1.33925
143	53	0.50894
143	70	0.546322
143	80	1.31953
143	90	1.38448
143	92	0.507601
143	94	0.527538
143	96	1.33013
143	99	1.3949
143	108	1.3468
143	116	1.31334
143	121	0.475525
