1	42	0.613844
1	71	1.08305
1	101	0.614622
1	135	0.59188
1	141	0.570524
1	163	1.22748
1	164	1.19521
1	167	1.22316
1	175	1.20085
1	176	1.22721
1	178	1.22584
1	179	1.21778
2	10	0.564416
2	77	0.610461
2	103	1.15983
2	112	0.593606
2	153	0.626785
2	163	1.21472
2	167	1.21039
2	169	1.19509
2	175	1.18808
2	176	1.21444
2	178	1.21307
2	179	1.20501
3	26	0.49947
3	86	0.455703
3	117	0.50327
3	140	1.41867
3	150	0.477261
3	152	1.34804
3	165	1.35921
3	169	1.36344
3	172	0.458001
3	175	1.35643
3	178	1.38143
3	179	1.37337
4	99	0.480354
4	124	0.456875
4	151	0.487965
4	161	0.479353
4	167	1.36927
4	173	0.488934
4	174	1.34088
4	175	1.34696
4	176	1.37332
4	177	1.43465
4	178	1.37195
4	179	1.36389
5	109	1.41952
5	120	0.482591
5	130	1.36914
5	139	1.3382
5	149	1.38919
5	154	1.35753
5	161	0.49252
5	164	0.495556
5	170	1.36436
5	173	1.36246
5	175	0.495605
5	177	0.438746
6	78	1.2039
6	102	0.573091
6	117	1.15663
6	118	0.589631
6	145	1.21911
6	157	1.19494
6	161	1.21412
6	162	1.20433
6	171	1.19529
6	172	1.21181
6	173	0.630782
6	176	0.606232
7	25	1.70279
7	39	1.83047
7	62	1.80626
7	83	0.402802
7	159	0.340451
7	174	0.342748
7	176	0.316159
7	177	1.86333
7	180	0.40846
8	114	0.472669
8	134	0.495871
8	137	0.485402
8	141	1.42914
8	148	0.500003
8	154	1.35905
8	156	1.35516
8	158	1.37185
8	159	1.3553
8	170	1.36588
8	173	1.36399
8	177	0.451202
9	42	1.30612
9	49	1.25422
9	70	1.38665
9	89	0.506555
9	91	0.47977
9	108	1.42792
9	111	1.4077
9	116	1.41407
9	136	1.40387
9	172	0.45327
9	179	0.441905
9	180	0.530151
10	2	0.564416
10	82	1.32636
10	91	0.48465
10	118	0.426128
10	125	1.33901
10	136	1.40172
10	147	0.476366
10	152	0.452436
10	170	1.38041
10	171	1.37894
10	172	1.39546
10	173	1.37852
11	53	1.18212
11	56	0.625896
11	93	1.26893
11	102	0.562664
11	103	0.617257
11	142	1.17633
11	166	1.22372
11	169	0.598962
11	171	1.17952
11	172	1.19604
11	177	1.27553
11	180	1.09761
12	32	0.613183
12	47	0.590823
12	135	1.21513
12	142	1.18712
12	151	1.19718
12	152	0.604554
12	161	1.20914
12	171	1.19031
12	172	1.20683
12	177	1.28632
12	178	0.595549
12	180	1.1084
13	113	1.36818
13	117	1.32262
13	131	0.453559
13	145	1.3851
13	157	1.36093
13	159	0.503338
13	161	1.38012
13	165	0.486057
13	166	1.40548
13	172	1.3778
13	176	0.479046
13	179	0.483102
14	86	0.615456
14	131	0.576847
14	145	1.20675
14	150	1.18225
14	153	1.16002
14	155	1.22117
14	160	1.20178
14	161	1.20176
14	166	1.22713
14	172	1.19945
14	178	0.603037
14	179	0.60639
15	66	1.28315
15	90	1.46099
15	101	1.32045
15	104	0.459459
15	118	1.41389
15	126	1.36824
15	128	1.36824
15	149	0.468446
15	162	0.472905
15	167	0.459375
15	174	1.38519
15	180	0.544991
16	74	1.34078
16	82	1.30413
16	85	0.487625
16	94	1.32133
16	106	1.46086
16	108	1.40353
16	116	1.38969
16	123	0.448997
16	136	1.37948
16	155	0.457481
16	162	0.472657
16	180	0.544743
17	31	1.29751
17	76	1.45363
17	83	0.52786
17	106	1.42538
17	108	1.36806
17	111	1.34784
17	116	1.35421
17	119	1.35342
17	143	0.433004
17	148	0.451214
17	174	0.467806
17	180	0.533518
18	24	0.478616
18	98	0.466794
18	133	1.34839
18	139	1.35203
18	149	1.40302
18	156	1.36747
18	168	1.37508
18	170	1.37819
18	173	1.3763
18	174	0.503568
18	176	0.476979
18	179	0.481035
19	96	0.448071
19	104	1.40107
19	133	0.508985
19	135	1.39748
19	142	1.36947
19	151	1.37954
19	165	0.481582
19	170	0.488041
19	171	1.37266
19	172	1.38918
19	176	0.474571
19	180	1.29076
20	38	0.439426
20	79	0.519122
20	87	1.36694
20	142	1.35436
20	145	1.38137
20	151	1.36442
20	156	0.486535
20	157	1.3572
20	166	1.40175
20	172	1.37407
20	175	0.488589
20	178	0.471238
21	79	1.28523
21	127	0.461448
21	142	0.501004
21	145	0.474009
21	156	0.475824
21	163	1.39556
21	169	1.37593
21	173	0.484374
21	175	1.36892
21	176	1.39528
21	178	1.39391
21	179	1.38586
22	54	1.37716
22	102	1.40517
22	119	0.471775
22	141	1.43558
22	148	0.47959
22	156	1.3616
22	159	1.36174
22	168	1.36921
22	174	0.496182
22	175	0.487647
22	176	0.469593
22	180	1.28895
23	124	1.41344
23	139	1.34434
23	140	0.472881
23	148	0.49988
23	152	0.49959
23	158	1.37647
23	159	1.35992
23	163	0.484964
23	168	1.36739
23	170	1.3705
23	173	1.36861
23	177	0.451078
24	18	0.478616
24	63	0.39118
24	125	0.522183
24	146	1.34303
24	149	0.494907
24	153	0.506735
24	165	1.36606
24	169	1.37029
24	175	1.36329
24	176	1.38965
24	178	1.38828
24	179	1.38022
25	7	1.70279
25	30	1.22026
25	39	1.30967
25	45	1.15354
25	53	0.505845
25	62	1.28545
25	69	1.15755
25	73	1.22789
25	154	0.531029
25	162	0.530061
25	169	0.513003
25	175	0.5279
25	177	1.34253
26	3	0.49947
26	109	1.33617
26	112	1.29571
26	141	1.34426
26	144	0.518769
26	149	1.30583
26	154	1.27417
26	158	1.28697
26	165	0.541415
26	168	1.27789
26	172	0.549825
26	173	1.27911
26	177	0.495599
27	59	0.523103
27	65	1.34241
27	99	1.3376
27	143	0.515073
27	154	1.28264
27	156	1.27876
27	158	1.29544
27	160	0.530233
27	168	1.28636
27	170	1.28947
27	171	0.548259
27	173	1.28758
27	177	0.484482
28	34	0.465218
28	70	0.439574
28	124	1.53011
28	139	1.46101
28	148	0.434407
28	156	1.47646
28	159	1.47659
28	165	0.431422
28	168	1.48406
28	170	1.48717
28	173	1.48528
28	174	0.451
28	177	0.385606
29	37	1.3635
29	84	0.508886
29	134	1.32572
29	143	0.512882
29	145	1.30303
29	150	1.27853
29	152	0.530802
29	153	1.2563
29	156	0.537095
29	160	1.29806
29	163	0.516176
29	171	1.27921
29	172	1.29573
30	25	1.22026
30	36	0.556823
30	114	0.488955
30	138	0.509513
30	149	1.31109
30	151	0.529872
30	155	0.511332
30	168	1.28315
30	173	1.28437
30	175	1.29312
30	177	1.38081
30	178	1.31811
30	179	1.31005
31	17	1.29751
31	42	1.21236
31	70	1.29288
31	83	0.574481
31	88	0.499127
31	108	1.33415
31	111	1.31393
31	116	1.32031
31	119	1.31951
31	136	1.3101
31	162	0.508052
31	177	0.449032
31	180	0.580139
32	12	0.613183
32	65	1.35023
32	84	0.483641
32	110	1.20371
32	129	1.33521
32	130	1.30207
32	144	0.480216
32	149	1.32212
32	153	0.523435
32	165	0.502861
32	168	1.29418
32	170	1.29729
32	173	1.2954
33	62	1.31324
33	82	0.548209
33	130	1.28056
33	134	1.32082
33	139	1.24961
33	143	0.50073
33	146	0.525138
33	152	0.518651
33	166	1.31851
33	169	0.512101
33	171	1.27431
33	173	1.27388
33	177	1.37032
34	28	0.465218
34	72	0.538574
34	74	0.525852
34	88	0.52961
34	161	0.53329
34	164	1.28374
34	167	1.31169
34	169	1.29638
34	174	1.28331
34	175	1.28938
34	176	1.31574
34	178	1.31437
34	179	1.30631
35	92	0.546171
35	108	0.475683
35	113	0.532074
35	141	0.50024
35	146	1.28727
35	147	1.26791
35	167	1.32985
35	171	0.537436
35	175	1.30753
35	176	1.3339
35	178	1.33253
35	179	1.32447
35	180	1.21731
36	30	0.556823
36	81	1.29101
36	98	1.26817
36	101	1.16907
36	118	1.26251
36	122	1.27784
36	126	1.21685
36	128	1.21685
36	148	1.26407
36	154	0.549228
36	162	0.54826
36	174	1.2338
36	179	0.532101
36	180	0.620347
37	29	1.3635
37	56	0.470281
37	71	0.552972
37	74	0.447721
37	114	1.43987
37	119	0.442371
37	131	0.414703
37	134	1.44184
37	135	1.42015
37	147	0.473827
37	160	1.41419
37	171	1.39534
37	172	1.41186
37	180	1.31343
38	20	0.439426
38	41	1.45935
38	57	0.500852
38	113	0.466016
38	135	0.455538
38	141	1.45054
38	154	1.38045
38	156	1.37656
38	159	1.3767
38	164	0.464411
38	168	1.38417
38	170	1.38728
38	171	0.471378
38	173	1.38539
39	7	1.83047
39	25	1.30967
39	40	1.25815
39	43	1.27569
39	62	1.41313
39	69	1.28523
39	73	1.35557
39	121	0.432597
39	127	0.447332
39	162	0.465923
39	167	0.452393
39	174	0.472297
39	177	1.47021
39	180	0.53801
40	39	1.25815
40	62	1.23394
40	72	0.558751
40	76	1.3274
40	92	0.572206
40	111	1.22161
40	136	1.21778
40	166	0.545046
40	168	0.554721
40	171	0.563471
40	175	1.20332
40	177	1.29101
40	178	1.22831
40	179	1.22025
41	38	1.45935
41	59	0.454618
41	91	0.496723
41	131	1.4435
41	141	1.44932
41	158	1.39203
41	165	0.461812
41	168	1.38295
41	169	0.457958
41	170	1.38606
41	173	1.38417
41	174	0.48139
41	178	0.455505
41	180	1.30269
42	1	0.613844
42	9	1.30612
42	31	1.21236
42	49	1.10921
42	74	1.22015
42	76	1.36848
42	78	0.547414
42	82	1.1835
42	94	1.2007
42	106	1.34023
42	136	1.25885
42	174	0.5352
42	178	0.509314
42	180	0.600913
43	39	1.27569
43	62	1.25147
43	100	0.548956
43	120	0.568745
43	124	1.25694
43	140	0.546702
43	142	1.20935
43	146	0.579899
43	149	1.23884
43	151	1.21942
43	172	1.22906
43	173	1.21211
43	176	0.563704
43	177	1.30855
44	109	1.45429
44	121	0.450753
44	130	1.40391
44	135	0.472997
44	139	1.37297
44	140	0.446862
44	146	0.480059
44	156	1.38841
44	159	1.38855
44	168	1.39602
44	170	1.39913
44	171	0.488837
44	173	1.39723
44	178	0.464567
45	25	1.15354
45	62	1.257
45	94	0.558935
45	126	0.553022
45	138	1.24975
45	154	0.565011
45	156	0.559829
45	161	1.2369
45	166	1.26227
45	169	1.23339
45	170	0.557298
45	177	1.31408
45	178	1.25138
45	179	1.24332
46	112	1.34499
46	114	0.492919
46	121	0.497145
46	139	1.30412
46	141	1.39354
46	154	1.32345
46	156	1.31956
46	158	1.33625
46	159	1.3197
46	166	0.516804
46	167	0.516941
46	170	1.33028
46	173	1.32838
46	177	0.471452
46	178	0.51096
47	12	0.590823
47	88	0.48478
47	96	1.38521
47	99	0.48946
47	120	1.28817
47	141	0.461268
47	143	1.35375
47	164	1.31117
47	165	1.31958
47	166	0.480038
47	169	1.32381
47	170	0.48696
47	176	1.34317
47	178	1.3418
47	179	1.33374
48	97	1.38285
48	108	0.460421
48	110	0.575061
48	121	0.484089
48	138	1.34029
48	140	0.480198
48	150	1.30792
48	155	1.34685
48	157	1.30825
48	160	1.32745
48	165	0.504212
48	166	1.3528
48	171	1.3086
48	172	1.32512
48	178	0.497904
49	9	1.25422
49	42	1.10921
49	70	1.18973
49	82	1.1316
49	106	1.28833
49	111	1.21079
49	116	1.21716
49	119	1.21637
49	132	1.17573
49	136	1.20695
49	156	0.589773
49	162	0.593987
49	167	0.580457
49	179	0.577828
49	180	0.666074
50	110	1.25615
50	133	1.31992
50	134	0.49333
50	135	0.496598
50	137	0.482861
50	139	1.32357
50	147	0.521103
50	148	0.497462
50	149	1.37456
50	154	1.3429
50	159	1.33915
50	168	1.34662
50	170	1.34973
50	173	1.34784
50	174	0.514055
51	66	0.550383
51	147	1.29443
51	155	0.478531
51	163	1.36069
51	166	0.480039
51	167	1.35637
51	169	1.34106
51	171	0.498464
51	172	0.488912
51	173	0.498041
51	175	1.33406
51	176	1.36042
51	178	1.35905
51	179	1.35099
51	180	1.24383
52	78	0.517058
52	90	0.441242
52	110	0.556115
52	146	1.30613
52	151	0.501835
52	152	1.31801
52	160	0.485201
52	164	1.32076
52	167	1.34871
52	169	1.3334
52	170	0.491724
52	175	1.3264
52	176	1.35276
52	178	1.35139
52	179	1.34333
53	11	1.18212
53	25	0.505845
53	76	1.44606
53	110	0.551372
53	116	1.34663
53	119	1.34584
53	122	0.464821
53	128	0.486627
53	149	0.489268
53	154	0.494695
53	160	1.3325
53	171	1.31365
53	176	1.34833
53	178	1.34696
53	179	1.33891
54	22	1.37716
54	57	0.546386
54	109	1.37399
54	114	0.474603
54	129	1.35674
54	156	1.3081
54	158	1.32479
54	159	1.30824
54	163	0.487021
54	164	0.509945
54	168	1.31571
54	169	0.495097
54	170	1.31882
54	173	1.31693
54	176	0.49194
55	60	0.550745
55	78	1.33448
55	102	0.452723
55	103	0.507316
55	125	1.28593
55	139	0.517064
55	151	1.33274
55	155	1.3641
55	157	1.32551
55	160	1.34471
55	161	1.34469
55	167	0.492549
55	171	1.32586
55	172	1.34238
55	176	0.485864
56	11	0.625896
56	37	0.470281
56	87	0.518848
56	140	1.32549
56	152	1.25486
56	153	0.53519
56	161	0.522574
56	163	1.28989
56	164	1.25761
56	165	1.26603
56	167	1.28557
56	172	0.523027
56	175	1.26325
56	176	1.28962
56	178	1.28825
56	179	1.28019
57	38	0.500852
57	54	0.546386
57	78	1.29197
57	87	1.29274
57	95	1.17037
57	113	1.29025
57	117	1.24469
57	132	0.540357
57	145	1.30717
57	151	1.29023
57	156	0.54796
57	157	1.283
57	161	1.30219
57	166	1.32755
57	176	0.53196
57	179	0.536016
58	61	1.32847
58	71	0.6256
58	78	1.29018
58	95	1.16858
58	120	0.517857
58	138	1.31325
58	152	0.522524
58	155	1.31981
58	160	1.30041
58	161	1.3004
58	163	0.507898
58	165	0.519828
58	169	0.515974
58	171	1.28156
58	172	1.29808
58	180	1.19966
59	27	0.523103
59	41	0.454618
59	67	1.27814
59	75	0.512207
59	117	1.3328
59	121	0.464219
59	123	0.473886
59	134	1.41797
59	153	1.34855
59	155	1.4097
59	157	1.37111
59	160	1.39031
59	161	1.39029
59	169	0.480487
59	171	1.37146
59	175	0.495384
59	180	1.28955
60	55	0.550745
60	74	0.549926
60	110	0.620254
60	138	0.545615
60	140	1.27426
60	143	1.24897
60	144	1.25427
60	158	0.56068
60	159	0.566687
60	163	1.23866
60	165	1.2148
60	167	1.23433
60	169	1.21903
60	175	1.21202
60	176	1.23838
60	178	1.23701
60	179	1.22896
61	58	1.32847
61	80	0.469192
61	95	1.24497
61	114	1.40249
61	115	1.41576
61	132	0.495385
61	137	0.482383
61	144	0.471353
61	150	1.35727
61	151	1.36483
61	152	0.496695
61	155	1.3962
61	157	1.3576
61	168	0.50321
61	169	0.490145
61	171	1.35795
61	172	1.37447
62	7	1.80626
62	25	1.28545
62	33	1.31324
62	39	1.41313
62	40	1.23394
62	43	1.25147
62	45	1.257
62	69	1.26102
62	73	1.33135
62	84	0.453886
62	85	0.501278
62	114	0.448758
62	162	0.48631
62	166	0.472642
62	174	0.492684
62	177	1.44599
62	180	0.558396
63	24	0.39118
63	66	1.25403
63	81	1.41328
63	85	0.424727
63	90	1.43187
63	98	1.39045
63	101	1.29134
63	118	1.38478
63	122	1.40011
63	126	1.33912
63	128	1.33912
63	150	0.424224
63	153	0.417128
63	173	0.414093
63	174	1.35607
63	177	0.852898
63	180	0.481845
64	68	0.47894
64	76	0.420012
64	78	0.511473
64	107	0.505767
64	123	1.36792
64	147	1.30091
64	159	0.496962
64	160	0.479617
64	163	1.36717
64	165	1.3433
64	167	1.36284
64	171	0.497643
64	175	1.34053
64	176	1.36689
64	177	1.42822
64	178	1.36552
64	179	1.35746
65	27	1.34241
65	32	1.35023
65	112	1.38164
65	138	0.48182
65	141	1.43019
65	142	0.51978
65	154	1.3601
65	159	1.35634
65	164	0.496605
65	168	1.36381
65	169	0.481756
65	170	1.36692
65	173	1.36503
65	174	0.505189
65	177	0.439795
65	179	0.482656
65	180	1.28355
66	15	1.28315
66	51	0.550383
66	63	1.25403
66	85	0.589589
66	90	1.2893
66	93	0.535026
66	98	1.24787
66	101	1.14877
66	118	1.24221
66	122	1.25754
66	126	1.19655
66	127	1.27055
66	128	1.19655
66	162	0.57462
66	174	1.2135
66	177	0.5156
66	180	0.646707
67	59	1.27814
67	90	0.536756
67	108	0.536989
67	111	0.564431
67	119	0.57595
67	126	0.582962
67	128	0.586883
67	134	1.26423
67	142	1.21453
67	149	1.24402
67	159	1.20861
67	160	1.23658
67	168	1.21608
67	173	1.2173
67	175	1.22605
67	176	1.25241
67	179	1.24298
68	64	0.47894
68	72	0.504036
68	106	0.450952
68	113	1.35347
68	125	1.30664
68	138	1.37826
68	150	1.34589
68	152	0.493491
68	155	1.38482
68	160	1.36542
68	161	1.36541
68	166	1.39077
68	171	1.34657
68	172	1.36309
68	175	0.501838
68	178	0.484487
68	179	0.48784
69	25	1.15755
69	39	1.28523
69	62	1.26102
69	94	1.18671
69	116	1.25506
69	118	1.25303
69	123	0.54037
69	126	1.20738
69	128	1.20738
69	136	1.24486
69	161	0.558783
69	162	0.564029
69	168	0.560036
69	174	1.22433
69	177	1.31809
69	179	0.54787
69	180	0.636115
70	9	1.38665
70	28	0.439574
70	31	1.29288
70	49	1.18973
70	74	1.30068
70	82	1.26403
70	89	0.561383
70	94	1.28123
70	107	1.30353
70	111	1.34321
70	116	1.34959
70	119	1.34879
70	136	1.33938
70	142	0.533857
70	143	0.484463
70	162	0.512892
70	179	0.496733
70	180	0.584978
71	1	1.08305
71	37	0.552972
71	58	0.6256
71	112	0.584701
71	130	0.60695
71	137	1.22276
71	149	0.606053
71	152	1.20151
71	153	0.617881
71	164	1.20426
71	165	1.21267
71	167	1.23221
71	169	1.2169
71	175	1.2099
71	176	1.23626
71	178	1.23489
71	179	1.22683
71	180	1.11967
72	34	0.538574
72	40	0.558751
72	68	0.504036
72	112	1.32407
72	130	1.31413
72	132	1.29944
72	141	1.37261
72	149	1.33418
72	151	0.521347
72	156	1.29864
72	158	1.31532
72	159	1.29877
72	170	1.30935
72	173	1.30746
72	174	0.524356
72	177	0.458962
72	178	0.49847
72	180	1.22598
73	25	1.22789
73	39	1.35557
73	62	1.33135
73	100	0.476802
73	101	1.22993
73	108	1.33924
73	111	1.31902
73	122	1.3387
73	126	1.27771
73	128	1.27771
73	136	1.31519
73	147	0.525188
73	159	0.515843
73	167	0.498235
73	173	0.516101
73	176	0.491551
73	177	1.38843
73	180	0.583852
74	16	1.34078
74	34	0.525852
74	37	0.447721
74	42	1.22015
74	60	0.549926
74	70	1.30068
74	82	1.24254
74	94	1.25974
74	106	1.39927
74	108	1.34195
74	111	1.32173
74	116	1.3281
74	119	1.32731
74	136	1.3179
74	165	0.492056
74	174	0.511634
74	175	0.503099
74	180	0.577347
75	59	0.512207
75	83	1.24035
75	86	1.33465
75	112	1.32584
75	139	1.28497
75	141	1.37439
75	144	0.496756
75	145	0.526576
75	154	1.3043
75	156	1.30041
75	158	1.3171
75	159	1.30054
75	164	0.530396
75	168	1.30802
75	172	0.527812
75	173	1.30923
75	174	0.538979
75	177	0.473586
76	17	1.45363
76	40	1.3274
76	42	1.36848
76	53	1.44606
76	64	0.420012
76	85	0.460039
76	89	0.493562
76	94	1.40807
76	106	1.5476
76	107	1.43038
76	116	1.47643
76	119	1.47564
76	136	1.46623
76	148	0.434852
76	162	0.445071
76	163	0.419937
76	179	0.428912
76	180	0.517157
77	2	0.610461
77	82	0.528039
77	107	1.28648
77	117	1.26089
77	126	0.497967
77	134	1.34606
77	135	1.32437
77	141	0.47655
77	150	1.29887
77	151	1.30642
77	157	1.2992
77	160	1.3184
77	166	1.34375
77	170	0.502243
77	171	1.29955
77	172	1.31607
77	178	0.489477
77	179	0.492829
78	6	1.2039
78	42	0.547414
78	52	0.517058
78	55	1.33448
78	57	1.29197
78	58	1.29018
78	64	0.511473
78	90	0.479304
78	104	1.34807
78	118	0.499716
78	145	1.34349
78	150	1.31898
78	160	1.33851
78	162	1.32871
78	165	0.523327
78	166	1.36386
78	169	0.519473
78	180	1.23776
79	20	0.519122
79	21	1.28523
79	96	1.31239
79	112	0.520506
79	117	0.586791
79	127	0.527725
79	143	1.28094
79	144	1.28624
79	152	1.23561
79	157	0.546126
79	163	1.27064
79	164	1.23836
79	165	1.24677
79	168	0.542323
79	171	0.551074
79	175	1.244
79	176	1.27036
79	178	1.26899
79	179	1.26093
80	61	0.469192
80	90	0.422706
80	120	1.35359
80	125	0.502751
80	127	0.461343
80	137	1.39508
80	142	0.500899
80	143	1.41917
80	147	1.3426
80	159	0.484011
80	163	1.40886
80	165	1.38499
80	166	0.466266
80	169	1.38922
80	173	0.484268
80	176	1.40858
80	178	1.40721
80	179	1.39915
80	180	1.29199
81	36	1.29101
81	63	1.41328
81	89	0.518314
81	90	1.44855
81	98	1.40712
81	101	1.30801
81	118	1.40145
81	122	1.41679
81	126	1.3558
81	128	1.3558
81	131	1.42941
81	139	0.480808
81	142	0.490789
81	165	0.456619
81	166	0.456155
81	167	0.456293
81	174	1.37275
81	177	0.410803
81	180	0.541909
82	10	1.32636
82	16	1.30413
82	33	0.548209
82	42	1.1835
82	49	1.1316
82	70	1.26403
82	74	1.24254
82	77	0.528039
82	94	1.22309
82	95	0.633486
82	102	0.483639
82	106	1.36262
82	108	1.3053
82	111	1.28508
82	119	1.29066
82	136	1.28124
82	166	0.523327
82	177	0.477975
82	180	0.609081
83	7	0.402802
83	17	0.52786
83	31	0.574481
83	75	1.24035
83	101	0.596032
83	111	0.554819
83	122	0.555466
83	128	0.577272
83	129	1.28113
83	158	1.24918
83	160	1.26059
83	167	1.27237
83	171	1.24174
83	172	1.25826
83	173	1.24131
83	176	1.27642
83	177	1.33775
83	178	1.27505
83	179	1.26699
84	29	0.508886
84	32	0.483641
84	62	0.453886
84	86	0.478427
84	97	0.447984
84	104	0.472074
84	138	0.468525
84	146	1.36692
84	147	1.34756
84	152	1.37879
84	156	0.481305
84	165	1.38995
84	167	1.40949
84	169	1.39418
84	175	1.38718
84	176	1.41354
84	178	1.41217
84	179	1.40411
84	180	1.29695
85	16	0.487625
85	62	0.501278
85	63	0.424727
85	66	0.589589
85	76	0.460039
85	94	0.527804
85	108	0.475917
85	128	0.525812
85	129	1.36279
85	142	1.32021
85	153	1.30049
85	156	1.31415
85	158	1.33084
85	160	1.34225
85	161	1.34223
85	164	1.32608
85	170	1.32486
85	175	1.33172
85	178	1.35671
85	179	1.34865
86	3	0.455703
86	14	0.615456
86	75	1.33465
86	84	0.478427
86	112	1.35222
86	130	1.34229
86	133	1.3077
86	141	1.40077
86	144	0.475002
86	147	0.524274
86	154	1.33068
86	156	1.32679
86	158	1.34348
86	168	1.3344
86	170	1.33751
86	173	1.33562
86	174	0.517226
86	176	0.490637
86	177	0.451832
86	180	1.25414
87	20	1.36694
87	56	0.518848
87	57	1.29274
87	105	0.513864
87	113	1.32733
87	132	0.497153
87	135	1.34526
87	142	1.31725
87	143	0.480543
87	151	1.32731
87	155	1.35868
87	157	1.32009
87	158	0.507042
87	166	1.36464
87	167	0.495441
87	168	0.504979
87	171	1.32044
87	172	1.33696
87	174	1.32268
87	176	0.488757
88	31	0.499127
88	34	0.52961
88	47	0.48478
88	115	1.37846
88	137	0.484199
88	138	1.35233
88	142	1.31746
88	145	1.34447
88	147	0.522441
88	151	1.32752
88	152	0.498511
88	155	1.35889
88	157	1.3203
88	161	1.33948
88	166	1.36485
88	167	0.495488
88	171	1.32065
88	172	1.33717
88	179	0.492859
88	180	1.23874
89	9	0.506555
89	70	0.561383
89	76	0.493562
89	81	0.518314
89	90	0.509207
89	108	0.50944
89	114	1.31301
89	116	0.541064
89	136	0.5492
89	154	1.26311
89	155	1.30672
89	159	1.25936
89	166	1.31267
89	170	1.26994
89	171	1.26847
89	173	1.26805
89	175	1.27679
89	176	1.30316
89	177	1.36448
89	178	1.30179
89	179	1.29373
90	15	1.46099
90	52	0.441242
90	63	1.43187
90	66	1.2893
90	67	0.536756
90	78	0.479304
90	80	0.422706
90	81	1.44855
90	89	0.509207
90	98	1.42571
90	101	1.32661
90	118	1.42005
90	122	1.43538
90	126	1.37439
90	128	1.37439
90	144	0.424866
90	148	1.42161
90	162	0.460716
90	174	1.39134
90	177	0.401696
90	180	0.532803
91	9	0.47977
91	10	0.48465
91	41	0.496723
91	110	0.597294
91	126	0.528628
91	137	1.30016
91	144	1.32954
91	146	1.26703
91	153	0.547019
91	160	0.526381
91	163	1.31393
91	164	1.28165
91	165	1.29007
91	167	1.3096
91	169	1.2943
91	170	0.532904
91	175	1.28729
91	176	1.31365
91	178	1.31228
91	179	1.30423
91	180	1.19707
92	35	0.546171
92	40	0.572206
92	96	0.484721
92	101	1.22834
92	122	1.33711
92	126	1.27612
92	128	1.27612
92	137	0.506617
92	142	1.28763
92	146	0.527416
92	147	0.544858
92	150	1.29014
92	159	1.28171
92	161	1.30966
92	166	1.33502
92	168	1.28918
92	170	1.29229
92	172	1.30734
92	173	1.2904
92	176	0.511221
92	179	0.515277
93	11	1.26893
93	66	0.535026
93	96	0.431634
93	114	1.44499
93	117	1.3618
93	129	0.463865
93	136	0.461115
93	138	1.43214
93	140	0.441132
93	145	1.42428
93	150	1.39978
93	153	1.37754
93	157	1.40011
93	160	1.41931
93	162	1.4095
93	166	1.44466
93	170	0.471604
93	172	1.41698
93	175	0.476189
93	178	0.458838
93	179	0.462191
94	16	1.32133
94	42	1.2007
94	45	0.558935
94	69	1.18671
94	70	1.28123
94	74	1.25974
94	76	1.40807
94	82	1.22309
94	85	0.527804
94	104	0.49939
94	106	1.37982
94	108	1.3225
94	111	1.30228
94	116	1.30865
94	119	1.30786
94	136	1.29845
94	138	0.495841
94	162	0.512836
94	170	0.50609
94	174	0.51921
94	180	0.584922
95	57	1.17037
95	58	1.16858
95	61	1.24497
95	82	0.633486
95	117	1.1594
95	125	1.15813
95	132	0.602617
95	134	1.24457
95	135	1.22288
95	137	0.589616
95	138	1.22975
95	144	0.578586
95	148	1.23058
95	150	1.19738
95	159	0.618513
95	163	0.589302
95	166	1.24226
95	172	1.21458
95	174	1.20031
95	176	0.594221
95	180	1.11616
96	19	0.448071
96	47	1.38521
96	79	1.31239
96	92	0.484721
96	93	0.431634
96	100	1.39683
96	144	1.43833
96	149	0.46677
96	153	0.478598
96	154	0.472196
96	156	0.467014
96	157	0.471038
96	163	1.42273
96	164	1.39045
96	165	1.39886
96	169	1.40309
96	173	0.475564
96	175	1.39609
96	176	1.42245
96	178	1.42108
96	179	1.41302
97	48	1.38285
97	84	0.447984
97	123	0.456749
97	135	1.41012
97	138	1.41698
97	141	0.44797
97	144	0.444558
97	146	0.476387
97	147	0.49383
97	151	1.39217
97	153	1.36239
97	155	1.42354
97	156	0.476193
97	160	1.40415
97	161	1.40413
97	166	1.4295
97	170	0.473662
97	171	1.3853
97	172	1.40182
97	173	0.484743
97	174	1.38754
98	18	0.466794
98	36	1.26817
98	63	1.39045
98	66	1.24787
98	81	1.40712
98	90	1.42571
98	101	1.28518
98	107	0.500425
98	118	1.37862
98	122	1.39395
98	126	1.33296
98	127	1.40696
98	128	1.33296
98	148	1.38018
98	149	0.483084
98	162	0.487543
98	165	0.474339
98	167	0.474013
98	173	0.491878
98	174	1.34991
98	178	0.468031
98	180	0.559629
99	4	0.480354
99	27	1.3376
99	47	0.48946
99	114	0.476146
99	124	1.40505
99	132	1.3522
99	133	1.33231
99	148	0.50348
99	149	1.38695
99	154	1.35529
99	156	1.3514
99	158	1.36809
99	159	1.35153
99	163	0.488565
99	167	0.500168
99	168	1.359
99	169	0.49664
99	170	1.36211
99	171	0.518456
99	173	1.36022
99	177	0.454678
99	180	1.27874
100	43	0.548956
100	73	0.476802
100	96	1.39683
100	128	0.47588
100	140	1.39067
100	151	0.486346
100	152	1.32004
100	153	0.490349
100	156	0.478766
100	163	1.35507
100	164	1.32279
100	165	1.33121
100	166	0.469313
100	167	1.35074
100	168	0.478987
100	169	1.33544
100	171	0.487738
100	175	1.32843
100	176	1.35479
100	177	1.41612
100	178	1.35342
100	179	1.34537
101	1	0.614622
101	15	1.32045
101	36	1.16907
101	63	1.29134
101	66	1.14877
101	73	1.22993
101	81	1.30801
101	83	0.596032
101	90	1.32661
101	92	1.22834
101	98	1.28518
101	118	1.27951
101	122	1.29485
101	126	1.23386
101	128	1.23386
101	130	0.526043
101	147	0.543026
101	162	0.529604
101	174	1.25081
101	175	0.527443
101	177	0.470584
101	180	0.60169
102	6	0.573091
102	11	0.562664
102	22	1.40517
102	55	0.452723
102	82	0.483639
102	113	0.463984
102	122	1.39165
102	126	1.33066
102	128	1.33066
102	146	1.33342
102	150	0.479054
102	154	1.34
102	155	0.449413
102	156	1.33611
102	157	0.464398
102	164	1.34804
102	168	1.34372
102	171	0.469346
102	173	1.34494
102	174	1.34761
102	178	1.37867
102	179	1.37062
103	2	1.15983
103	11	0.617257
103	55	0.507316
103	138	0.502187
103	143	1.33638
103	146	1.27917
103	155	0.504005
103	159	0.523258
103	160	0.505912
103	163	1.32608
103	164	1.2938
103	165	1.30221
103	167	1.32175
103	169	1.30644
103	170	0.512435
103	171	0.523939
103	175	1.29944
103	176	1.3258
103	178	1.32443
103	179	1.31637
103	180	1.20921
104	15	0.459459
104	19	1.40107
104	78	1.34807
104	84	0.472074
104	94	0.49939
104	115	1.39726
104	120	0.489323
104	123	0.480839
104	125	1.29953
104	134	1.38596
104	138	1.37114
104	147	0.51792
104	150	1.33877
104	151	1.34633
104	153	1.31654
104	161	1.35829
104	169	0.48744
104	170	0.497752
104	171	1.33945
104	172	1.35598
104	174	1.3417
104	175	0.502337
105	87	0.513864
105	111	0.493283
105	129	0.508352
105	135	0.511753
105	136	0.505601
105	138	0.505841
105	140	1.37054
105	143	1.34525
105	147	1.26869
105	148	1.3325
105	152	1.29992
105	157	0.522646
105	160	0.509567
105	161	0.517589
105	163	1.33495
105	164	1.30267
105	165	1.31108
105	169	1.31531
105	175	1.30831
105	176	1.33467
105	178	1.3333
105	179	1.32524
105	180	1.21808
106	16	1.46086
106	17	1.42538
106	42	1.34023
106	49	1.28833
106	68	0.450952
106	74	1.39927
106	76	1.5476
106	82	1.36262
106	94	1.37982
106	108	1.46203
106	111	1.44181
106	119	1.44739
106	121	0.431571
106	132	1.40675
106	136	1.43798
106	150	0.479363
106	162	0.464897
106	163	0.439764
106	168	0.460904
106	171	0.469655
106	174	0.471271
106	177	0.405877
106	180	0.536984
107	64	0.505767
107	70	1.30353
107	76	1.43038
107	77	1.28648
107	98	0.500425
107	119	1.33017
107	120	0.515651
107	133	1.26964
107	136	1.32075
107	143	0.502397
107	150	1.2973
107	151	1.30485
107	158	1.30542
107	160	1.31683
107	165	0.517621
107	166	1.34218
107	168	1.29633
107	169	0.513767
107	170	1.29944
107	173	1.29755
107	175	0.528664
107	178	0.511314
107	179	0.514666
108	9	1.42792
108	16	1.40353
108	17	1.36806
108	31	1.33415
108	35	0.475683
108	48	0.460421
108	67	0.536989
108	73	1.33924
108	74	1.34195
108	82	1.3053
108	85	0.475917
108	89	0.50944
108	94	1.3225
108	106	1.46203
108	111	1.38448
108	116	1.39086
108	119	1.39006
108	132	1.34943
108	136	1.38065
108	145	0.454919
108	146	0.456928
108	168	0.456956
108	179	0.44479
108	180	0.533035
109	5	1.41952
109	26	1.33617
109	44	1.45429
109	54	1.37399
109	110	1.27557
109	121	0.459296
109	129	1.40708
109	146	0.488602
109	152	0.482115
109	154	1.36232
109	156	1.35843
109	158	1.37512
109	159	1.35857
109	161	0.487377
109	162	1.37673
109	164	0.490413
109	166	0.478955
109	168	1.36604
109	169	0.475565
109	170	1.36915
109	173	1.36726
109	174	0.498997
109	176	0.472408
109	179	0.476464
110	32	1.20371
110	48	0.575061
110	50	1.25615
110	52	0.556115
110	53	0.551372
110	60	0.620254
110	91	0.597294
110	109	1.27557
110	129	1.25833
110	130	1.22518
110	141	1.28366
110	144	0.539739
110	149	1.24523
110	150	0.590054
110	154	1.21357
110	156	1.20968
110	158	1.22637
110	159	1.20982
110	161	0.570342
110	168	1.21729
110	170	1.2204
110	173	1.21851
110	180	1.13703
111	9	1.4077
111	17	1.34784
111	31	1.31393
111	40	1.22161
111	49	1.21079
111	67	0.564431
111	70	1.34321
111	73	1.31902
111	74	1.32173
111	82	1.28508
111	83	0.554819
111	94	1.30228
111	105	0.493283
111	106	1.44181
111	108	1.38448
111	116	1.37064
111	119	1.36984
111	131	0.442689
111	136	1.36043
111	137	0.463571
111	157	0.4882
111	162	0.488391
111	175	0.48623
111	178	0.468879
111	180	0.560477
112	2	0.593606
112	26	1.29571
112	46	1.34499
112	65	1.38164
112	71	0.584701
112	72	1.32407
112	75	1.32584
112	79	0.520506
112	86	1.35222
112	113	0.491529
112	121	0.458807
112	124	1.37163
112	129	1.36662
112	133	1.29889
112	148	0.481915
112	154	1.32186
112	156	1.31798
112	159	1.31811
112	166	0.478466
112	168	1.32558
112	170	1.32869
112	172	0.48734
112	173	1.3268
112	177	0.433114
112	179	0.475975
113	13	1.36818
113	35	0.532074
113	38	0.466016
113	57	1.29025
113	68	1.35347
113	87	1.32733
113	102	0.463984
113	112	0.491529
113	115	1.37575
113	120	0.502165
113	125	1.27801
113	137	0.49252
113	148	1.35046
113	150	1.31726
113	153	1.29503
113	155	1.35619
113	158	0.51541
113	159	0.521417
113	160	1.3368
113	161	1.33678
113	164	0.51513
113	166	1.36214
113	167	0.503809
113	171	1.31794
113	172	1.33446
114	8	0.472669
114	30	0.488955
114	37	1.43987
114	46	0.492919
114	54	0.474603
114	61	1.40249
114	62	0.448758
114	89	1.31301
114	93	1.44499
114	99	0.476146
114	138	1.38727
114	143	0.451963
114	145	1.3794
114	148	1.38809
114	149	0.475933
114	150	1.3549
114	151	1.36246
114	158	0.478462
114	160	1.37443
114	161	1.37441
114	166	1.39978
114	171	1.35558
114	172	1.3721
114	175	0.478231
114	177	1.45159
114	179	0.464233
115	61	1.41576
115	88	1.37846
115	104	1.39726
115	113	1.37575
115	122	0.451626
115	125	1.32893
115	130	0.476971
115	132	0.468714
115	135	1.39368
115	138	1.40054
115	139	0.491517
115	146	0.476512
115	151	1.37573
115	152	0.470025
115	153	1.34595
115	154	0.4815
115	157	1.36851
115	158	0.478603
115	160	1.38771
115	164	0.478323
115	166	1.41306
115	167	0.467002
115	171	1.36886
115	172	1.38538
115	177	1.46487
115	178	0.461021
116	9	1.41407
116	16	1.38969
116	17	1.35421
116	31	1.32031
116	49	1.21716
116	53	1.34663
116	69	1.25506
116	70	1.34959
116	74	1.3281
116	76	1.47643
116	89	0.541064
116	94	1.30865
116	108	1.39086
116	111	1.37064
116	119	1.37622
116	131	0.446872
116	132	1.33558
116	136	1.3668
116	150	0.507039
116	155	0.477398
116	162	0.492573
116	168	0.48858
116	174	0.498947
116	175	0.490412
116	176	0.472358
116	177	0.433553
116	180	0.56466
117	3	0.50327
117	6	1.15663
117	13	1.32262
117	57	1.24469
117	59	1.3328
117	77	1.26089
117	79	0.586791
117	93	1.3618
117	95	1.1594
117	124	0.530694
117	125	1.23246
117	131	0.512717
117	135	1.29721
117	142	1.2692
117	151	1.27926
117	153	1.24948
117	157	1.27204
117	161	1.29122
117	162	1.28143
117	165	0.545214
117	166	1.31659
117	170	0.551673
117	171	1.27239
117	175	0.556257
117	176	0.538203
117	178	0.538906
117	179	0.542259
118	6	0.589631
118	10	0.426128
118	15	1.41389
118	36	1.26251
118	63	1.38478
118	66	1.24221
118	69	1.25303
118	78	0.499716
118	81	1.40145
118	90	1.42005
118	98	1.37862
118	101	1.27951
118	122	1.38828
118	126	1.3273
118	127	1.40129
118	128	1.32729
118	131	1.40091
118	142	0.502094
118	143	0.4527
118	148	1.37451
118	157	0.480938
118	159	0.485205
118	162	0.481128
118	172	0.476334
118	174	1.34425
118	178	0.461616
118	180	0.553214
119	17	1.35342
119	22	0.471775
119	31	1.31951
119	37	0.442371
119	49	1.21637
119	53	1.34584
119	67	0.57595
119	70	1.34879
119	74	1.32731
119	76	1.47564
119	82	1.29066
119	94	1.30786
119	106	1.44739
119	107	1.33017
119	108	1.39006
119	111	1.36984
119	116	1.37622
119	123	0.476251
119	132	1.33479
119	136	1.36601
119	140	0.462693
119	155	0.484735
119	162	0.499911
119	173	0.504245
119	177	0.440891
119	178	0.480399
119	180	0.571997
120	5	0.482591
120	43	0.568745
120	47	1.28817
120	58	0.517857
120	80	1.35359
120	104	0.489323
120	107	0.515651
120	113	0.502165
120	121	1.36189
120	137	1.31192
120	140	1.36129
120	144	1.3413
120	146	1.27879
120	152	1.29066
120	153	0.510138
120	159	0.506846
120	161	0.497523
120	163	1.32569
120	164	1.29342
120	165	1.30183
120	167	1.32137
120	169	1.30606
120	172	0.497975
120	173	0.507104
120	175	1.29906
120	176	1.32542
120	178	1.32405
120	179	1.31599
121	39	0.432597
121	44	0.450753
121	46	0.497145
121	48	0.484089
121	59	0.464219
121	106	0.431571
121	109	0.459296
121	112	0.458807
121	120	1.36189
121	123	1.41792
121	137	1.40339
121	145	0.478588
121	146	1.37026
121	147	1.3509
121	152	1.38213
121	156	0.480403
121	159	0.488695
121	160	0.471349
121	163	1.41716
121	164	1.38488
121	165	1.3933
121	167	1.41283
121	169	1.39753
121	175	1.39052
121	176	1.41688
121	177	1.47821
121	178	1.41551
121	179	1.40745
122	36	1.27784
122	53	0.464821
122	63	1.40011
122	66	1.25754
122	73	1.3387
122	81	1.41679
122	83	0.555466
122	90	1.43538
122	92	1.33711
122	98	1.39395
122	101	1.29485
122	102	1.39165
122	115	0.451626
122	118	1.38828
122	126	1.34263
122	127	1.41663
122	128	1.34263
122	131	1.41625
122	148	1.38985
122	151	0.492402
122	152	0.478529
122	158	0.487107
122	163	0.463903
122	174	1.35958
122	175	0.486876
122	176	0.468822
122	177	0.430017
122	178	0.469525
122	180	0.561123
123	16	0.448997
123	59	0.473886
123	64	1.36792
123	69	0.54037
123	97	0.456749
123	104	0.480839
123	119	0.476251
123	121	1.41792
123	134	0.479934
123	135	0.483202
123	137	1.36795
123	140	1.41732
123	144	1.39733
123	146	1.33482
123	147	1.31546
123	163	1.38172
123	164	1.34944
123	165	1.35786
123	166	0.480617
123	167	1.37739
123	169	1.36209
123	170	0.487539
123	172	0.489491
123	173	0.49862
123	175	1.35508
123	176	1.38144
123	178	1.38007
123	179	1.37202
123	180	1.26486
124	4	0.456875
124	23	1.41344
124	28	1.53011
124	43	1.25694
124	99	1.40505
124	112	1.37163
124	117	0.530694
124	131	1.41436
124	132	1.347
124	133	1.32711
124	147	0.503642
124	149	1.38175
124	150	0.504686
124	154	1.35009
124	156	1.3462
124	157	0.49003
124	158	1.36289
124	159	1.34633
124	162	1.36449
124	168	1.35381
124	171	0.494977
124	172	0.485426
124	173	1.35502
124	174	0.496594
124	176	0.470005
124	177	0.4312
124	178	0.470708
124	179	0.474061
124	180	1.27354
125	10	1.33901
125	24	0.522183
125	55	1.28593
125	68	1.30664
125	80	0.502751
125	95	1.15813
125	104	1.29953
125	113	1.27801
125	115	1.32893
125	117	1.23246
125	135	1.29594
125	138	1.3028
125	139	0.551746
125	143	0.512333
125	148	1.30363
125	153	1.24821
125	154	0.541729
125	160	1.28997
125	161	1.28995
125	164	0.538552
125	165	0.527557
125	166	1.31532
125	167	0.527231
125	171	1.27112
125	172	1.28764
125	175	0.5386
125	177	1.36713
125	178	0.521249
125	179	0.524602
126	15	1.36824
126	36	1.21685
126	45	0.553022
126	63	1.33912
126	66	1.19655
126	67	0.582962
126	69	1.20738
126	73	1.27771
126	77	0.497967
126	81	1.3558
126	90	1.37439
126	91	0.528628
126	92	1.27612
126	98	1.33296
126	101	1.23386
126	102	1.33066
126	118	1.3273
126	122	1.34263
126	127	1.35564
126	128	1.28164
126	131	1.35526
126	135	0.49584
126	140	0.469705
126	144	0.471072
126	148	1.32886
126	154	0.50789
126	162	0.506922
126	171	0.51168
126	172	0.502128
126	174	1.29859
126	180	0.579009
127	21	0.461448
127	39	0.447332
127	66	1.27055
127	79	0.527725
127	80	0.461343
127	98	1.40696
127	118	1.40129
127	122	1.41663
127	126	1.35564
127	128	1.35564
127	130	1.37659
127	134	1.41685
127	137	0.474533
127	140	0.462135
127	144	0.463503
127	146	0.495332
127	149	1.39664
127	153	1.34743
127	155	1.40859
127	159	1.36123
127	160	1.38919
127	163	0.474219
127	166	1.41454
127	167	0.485823
127	168	1.3687
127	169	0.482295
127	170	1.37181
127	173	1.36992
127	174	1.37259
127	175	0.497192
127	178	0.479841
128	15	1.36824
128	36	1.21685
128	53	0.486627
128	63	1.33912
128	66	1.19655
128	67	0.586883
128	69	1.20738
128	73	1.27771
128	81	1.3558
128	83	0.577272
128	85	0.525812
128	90	1.37439
128	92	1.27612
128	98	1.33296
128	100	0.47588
128	101	1.23386
128	102	1.33066
128	118	1.32729
128	122	1.34263
128	126	1.28164
128	127	1.35564
128	131	1.35526
128	145	0.504814
128	146	0.506823
128	148	1.32886
128	156	0.506629
128	157	0.510653
128	174	1.29859
128	176	0.490629
128	177	0.451824
128	180	0.58293
129	32	1.33521
129	54	1.35674
129	83	1.28113
129	85	1.36279
129	93	0.463865
129	105	0.508352
129	109	1.40708
129	110	1.25833
129	112	1.36662
129	130	1.35669
129	133	1.3221
129	139	1.32575
129	141	1.41517
129	142	0.524425
129	148	0.493241
129	149	1.37674
129	150	0.517926
129	154	1.34508
129	155	0.488284
129	156	1.34119
129	157	0.503269
129	158	1.35788
129	159	1.34133
129	167	0.489929
129	168	1.3488
129	170	1.35191
129	173	1.35002
129	174	0.509834
129	175	0.501299
129	176	0.483245
129	177	0.44444
129	178	0.483948
130	5	1.36914
130	32	1.30207
130	33	1.28056
130	44	1.40391
130	71	0.60695
130	72	1.31413
130	86	1.34229
130	101	0.526043
130	110	1.22518
130	115	0.476971
130	127	1.37659
130	129	1.35669
130	133	1.28896
130	139	1.2926
130	141	1.38202
130	144	0.478533
130	149	1.34359
130	154	1.31193
130	155	0.499207
130	156	1.30805
130	157	0.514193
130	158	1.32473
130	159	1.30818
130	164	0.512173
130	165	0.501179
130	168	1.31565
130	170	1.31876
130	172	0.509589
130	174	0.520757
130	175	0.512222
130	177	0.455363
130	179	0.498224
130	180	1.23539
131	13	0.453559
131	14	0.576847
131	37	0.414703
131	41	1.4435
131	81	1.42941
131	111	0.442689
131	116	0.446872
131	117	0.512717
131	118	1.40091
131	122	1.41625
131	124	1.41436
131	126	1.35526
131	128	1.35526
131	134	0.457891
131	142	0.493208
131	149	1.39626
131	151	0.475608
131	153	0.479611
131	155	0.457067
131	158	1.3774
131	160	0.458974
131	161	0.466996
131	164	1.37264
131	165	1.38106
131	166	0.458575
131	167	1.40059
131	168	1.36832
131	170	1.37143
131	173	1.36953
131	174	1.37221
131	175	1.37828
131	178	1.40327
131	179	1.39521
132	49	1.17573
132	57	0.540357
132	61	0.495385
132	72	1.29944
132	87	0.497153
132	95	0.602617
132	99	1.3522
132	106	1.40675
132	108	1.34943
132	115	0.468714
132	116	1.33558
132	119	1.33479
132	124	1.347
132	133	1.27426
132	134	0.491775
132	135	0.495043
132	136	1.32537
132	149	1.3289
132	152	1.30253
132	157	0.505935
132	160	0.492857
132	161	0.500879
132	166	0.492458
132	167	1.33323
132	169	1.31792
132	170	1.30407
132	171	0.510883
132	172	0.501332
132	173	1.30217
132	175	1.31092
132	176	1.33728
132	178	1.33591
132	179	1.32785
133	18	1.34839
133	19	0.508985
133	50	1.31992
133	86	1.3077
133	99	1.33231
133	107	1.26964
133	112	1.29889
133	124	1.32711
133	129	1.3221
133	130	1.28896
133	132	1.27426
133	141	1.34744
133	142	0.553108
133	148	0.521924
133	149	1.30901
133	154	1.27735
133	155	0.516967
133	156	1.27346
133	157	0.531952
133	158	1.29015
133	159	1.27359
133	162	1.29175
133	163	0.507009
133	164	0.529933
133	165	0.518938
133	168	1.28107
133	170	1.28418
133	172	0.527348
133	173	1.28228
133	174	0.538516
133	175	0.529981
133	178	0.51263
133	179	0.515983
133	180	1.2008
134	8	0.495871
134	29	1.32572
134	33	1.32082
134	37	1.44184
134	50	0.49333
134	59	1.41797
134	67	1.26423
134	77	1.34606
134	95	1.24457
134	104	1.38596
134	123	0.479934
134	127	1.41685
134	131	0.457891
134	132	0.491775
134	137	0.478773
134	141	0.471155
134	143	0.475165
134	145	1.38138
134	151	1.36443
134	152	0.493085
134	153	1.33465
134	157	1.35721
134	159	0.50767
134	161	1.37639
134	166	1.40176
134	167	0.490063
134	168	0.4996
134	171	1.35756
134	172	1.37408
134	174	1.35981
134	177	1.45357
134	178	0.484081
134	179	0.487434
134	180	1.27565
135	1	0.59188
135	12	1.21513
135	19	1.39748
135	37	1.42015
135	38	0.455538
135	44	0.472997
135	50	0.496598
135	77	1.32437
135	87	1.34526
135	95	1.22288
135	97	1.41012
135	105	0.511753
135	115	1.39368
135	117	1.29721
135	123	0.483202
135	125	1.29594
135	126	0.49584
135	132	0.495043
135	137	0.482042
135	142	1.33268
135	147	0.520284
135	151	1.34274
135	153	1.31296
135	155	1.37411
135	156	0.502647
135	157	1.33552
135	158	0.504932
135	161	1.3547
135	162	1.34491
135	164	0.504652
135	171	1.33587
135	172	1.35239
135	174	1.33812
135	176	0.486647
135	180	1.25396
136	9	1.40387
136	10	1.40172
136	16	1.37948
136	31	1.3101
136	40	1.21778
136	42	1.25885
136	49	1.20695
136	69	1.24486
136	70	1.33938
136	73	1.31519
136	74	1.3179
136	76	1.46623
136	82	1.28124
136	89	0.5492
136	93	0.461115
136	94	1.29845
136	105	0.505601
136	106	1.43798
136	107	1.32075
136	108	1.38065
136	111	1.36043
136	116	1.3668
136	119	1.36601
136	132	1.32537
136	143	0.472281
136	145	0.494679
136	147	0.514131
136	148	0.490491
136	155	0.485533
136	156	0.496494
136	162	0.500709
136	169	0.483651
136	174	0.507083
136	178	0.481197
136	180	0.572795
137	8	0.485402
137	50	0.482861
137	61	0.482383
137	71	1.22276
137	80	1.39508
137	88	0.484199
137	91	1.30016
137	92	0.506617
137	95	0.589616
137	111	0.463571
137	113	0.49252
137	120	1.31192
137	121	1.40339
137	123	1.36795
137	127	0.474533
137	134	0.478773
137	135	0.482042
137	142	0.51409
137	143	1.3775
137	144	1.3828
137	145	0.487095
137	146	1.32029
137	147	1.30093
137	148	1.36475
137	152	1.33216
137	155	0.477949
137	163	1.36719
137	164	1.33491
137	165	1.34333
137	167	1.36286
137	169	1.34756
137	171	0.497882
137	174	1.33448
137	175	1.34055
137	176	1.36692
137	178	1.36554
137	179	1.35749
