1	18	0.840988
1	57	0.863342
1	58	0.843348
1	79	0.944928
1	80	0.862054
1	140	0.889767
1	150	1.26438
1	156	0.956118
1	158	1.2529
1	163	1.15732
1	174	0.999455
1	180	1.14437
2	65	0.787874
2	66	0.875395
2	76	0.773923
2	84	0.792869
2	93	0.782967
2	103	0.789729
2	105	0.77349
2	108	0.810114
2	110	0.813638
2	166	1.5865
2	169	1.61889
2	180	1.60885
3	38	0.860397
3	48	0.924998
3	60	0.887649
3	73	0.933908
3	79	0.902551
3	80	0.819678
3	109	1.11756
3	142	1.33994
3	156	0.913741
3	162	1.22865
3	174	0.957078
3	180	1.13296
4	59	0.822188
4	67	0.7942
4	76	0.78062
4	84	0.799566
4	93	0.789664
4	103	0.796427
4	105	0.780187
4	108	0.816812
4	110	0.820336
4	163	1.5736
4	172	1.57981
4	173	1.66072
5	6	0.942301
5	11	0.936734
5	30	0.90639
5	40	1.10344
5	58	0.821334
5	60	0.90801
5	80	0.840039
5	100	1.22191
5	140	0.867753
5	142	1.3616
5	166	1.13226
5	174	0.97744
6	5	0.942301
6	11	0.936734
6	23	0.90639
6	58	0.821334
6	60	0.90801
6	80	0.840039
6	140	0.867753
6	153	1.16295
6	163	1.17725
6	173	1.26437
6	174	0.97744
6	176	1.21435
7	10	0.934403
7	20	0.901179
7	24	0.908822
7	31	0.896432
7	34	0.896432
7	45	0.875246
7	55	0.848566
7	56	0.93892
7	142	1.33153
7	148	1.1408
7	149	1.2446
7	166	1.10219
8	84	1.5203
8	136	0.826665
8	145	0.804568
8	149	0.790984
8	153	0.798577
8	157	1.68889
8	160	1.57648
8	162	0.795162
8	172	0.796757
8	175	0.802713
8	178	0.7804
8	179	0.804175
9	40	1.62122
9	68	1.62231
9	69	0.803144
9	85	0.796949
9	99	1.57081
9	112	0.755839
9	116	0.782755
9	119	0.811651
9	121	0.797936
9	122	0.797936
9	131	0.810379
9	177	0.84341
10	7	0.934403
10	12	0.925952
10	31	0.886632
10	34	0.886632
10	45	0.865445
10	47	0.933051
10	55	0.838766
10	56	0.92912
10	99	1.05435
10	146	1.3947
10	171	1.17913
10	179	1.19064
11	5	0.936734
11	6	0.936734
11	48	0.939792
11	58	0.815766
11	60	0.902443
11	74	1.28844
11	80	0.834472
11	102	1.13251
11	133	1.16594
11	140	0.862186
11	170	1.23187
11	174	0.971873
12	10	0.925952
12	20	0.892728
12	24	0.900371
12	31	0.887981
12	34	0.887981
12	47	0.934401
12	53	1.14336
12	55	0.840115
12	56	0.930469
12	126	1.19085
12	178	1.28164
12	180	1.20314
13	75	0.865102
13	117	0.880464
13	138	0.903846
13	140	1.33426
13	141	1.07288
13	144	0.913353
13	154	1.18003
13	163	0.890873
13	164	0.89493
13	165	1.23171
13	168	0.908683
13	177	0.942749
14	92	0.783845
14	98	1.48975
14	105	0.77731
14	108	0.813935
14	110	0.817459
14	151	0.811926
14	154	1.65409
14	157	0.780653
14	160	0.817114
14	164	0.790825
14	167	0.806934
14	172	1.67054
15	18	0.802251
15	25	0.807174
15	36	0.873841
15	38	0.864036
15	41	0.866976
15	57	0.824604
15	66	1.15423
15	73	0.937548
15	79	0.90619
15	152	1.35751
15	156	0.91738
15	178	1.37557
15	179	1.33176
16	75	0.83594
16	78	0.843979
16	101	0.873067
16	114	0.869964
16	117	0.851302
16	125	1.34384
16	138	0.874685
16	147	1.43208
16	148	1.35467
16	157	0.855596
16	167	0.881878
16	174	1.08842
16	177	0.913588
17	22	1.3425
17	25	0.798666
17	36	0.865333
17	37	0.870313
17	38	0.855529
17	41	0.858468
17	57	0.816097
17	73	0.92904
17	79	0.897683
17	107	1.47827
17	156	0.908872
17	163	1.33049
17	174	1.06755
18	1	0.840988
18	15	0.802251
18	25	0.70057
18	36	0.767236
18	37	0.772216
18	38	0.757432
18	40	1.66775
18	57	0.718
18	73	0.830943
18	79	0.799586
18	156	0.810776
18	162	1.81462
18	163	1.73187
19	86	0.855349
19	94	0.885431
19	102	1.3015
19	116	0.839126
19	118	0.876931
19	119	0.868021
19	121	0.854307
19	122	0.854307
19	131	0.866749
19	145	1.29154
19	175	1.26279
19	177	0.89978
19	178	1.36302
20	7	0.901179
20	12	0.892728
20	24	0.865797
20	31	0.853407
20	34	0.853407
20	45	0.832221
20	47	0.899826
20	55	0.805541
20	56	0.895895
20	115	1.30636
20	150	1.37398
20	159	1.30644
20	175	1.23224
21	23	0.878664
21	30	0.878664
21	35	0.849093
21	48	0.917634
21	58	0.793608
21	60	0.880284
21	77	1.40083
21	80	0.812313
21	140	0.840027
21	174	0.949714
21	175	1.24155
21	176	1.31332
21	180	1.26327
22	17	1.3425
22	65	1.36929
22	114	1.31853
22	148	0.864837
22	158	0.855053
22	159	0.870704
22	165	0.866858
22	166	0.888188
22	172	0.864828
22	173	0.852733
22	176	0.864553
22	177	1.15541
22	179	0.872246
23	6	0.90639
23	21	0.878664
23	30	0.870478
23	42	1.45579
23	48	0.909448
23	50	1.10537
23	58	0.785422
23	60	0.872099
23	80	0.804128
23	140	0.831842
23	169	1.33397
23	174	0.941529
23	180	1.32393
24	7	0.908822
24	12	0.900371
24	20	0.865797
24	31	0.861051
24	34	0.861051
24	35	0.842389
24	45	0.839864
24	47	0.90747
24	55	0.813185
24	147	1.36447
24	165	1.32519
24	166	1.24845
24	169	1.28084
25	15	0.807174
25	17	0.798666
25	18	0.70057
25	36	0.772159
25	37	0.777139
25	41	0.765294
25	57	0.722923
25	73	0.835866
25	79	0.804509
25	148	1.75181
25	156	0.815699
25	163	1.7485
25	175	1.71382
26	43	1.18631
26	68	1.31473
26	123	0.862344
26	155	0.845316
26	157	0.849685
26	161	0.858585
26	164	0.859857
26	167	0.875966
26	168	0.87361
26	169	1.37485
26	175	1.34309
26	177	0.907676
26	180	0.866962
27	65	0.863116
27	76	0.849164
27	83	0.886309
27	92	0.855265
27	93	0.858208
27	103	0.864971
27	104	1.34042
27	105	0.848731
27	108	0.885356
27	110	0.88888
27	147	1.33717
27	165	1.29789
27	180	1.2435
28	61	0.877302
28	94	0.890777
28	107	1.32689
28	112	0.817556
28	116	0.844472
28	119	0.873367
28	121	0.859653
28	122	0.859653
28	131	0.872095
28	146	1.40493
28	150	1.28618
28	177	0.905126
28	179	1.20087
29	43	1.1497
29	59	0.882766
29	83	0.878342
29	84	0.860144
29	92	0.847298
29	103	0.857004
29	105	0.840764
29	108	0.877389
29	110	0.880913
29	151	0.87538
29	176	1.37825
29	179	1.3629
29	180	1.32821
30	5	0.90639
30	21	0.878664
30	23	0.870478
30	48	0.909448
30	58	0.785422
30	60	0.872099
30	80	0.804128
30	120	1.26883
30	140	0.831842
30	172	1.33671
30	174	0.941529
30	175	1.29582
30	180	1.31755
31	7	0.896432
31	10	0.886632
31	12	0.887981
31	20	0.853407
31	24	0.861051
31	45	0.827474
31	47	0.89508
31	55	0.800795
31	56	0.891149
31	158	1.37828
31	166	1.24741
31	172	1.28891
31	179	1.30445
32	52	0.928071
32	54	0.992609
32	85	0.976639
32	112	0.935529
32	119	0.99134
32	121	0.977626
32	122	0.977626
32	131	0.990069
32	146	1.22237
32	163	0.99655
32	169	0.993642
32	177	1.0231
32	179	1.0183
33	126	0.883259
33	129	1.34192
33	138	1.24068
33	144	1.24808
33	145	0.875758
33	150	0.861981
33	155	1.35022
33	162	0.866351
33	165	0.869977
33	170	0.853851
33	171	0.869561
33	176	0.867672
33	178	0.85159
34	7	0.896432
34	10	0.886632
34	12	0.887981
34	20	0.853407
34	24	0.861051
34	45	0.827474
34	47	0.89508
34	55	0.800795
34	56	0.891149
34	90	1.28203
34	98	1.20417
34	120	1.31709
34	176	1.41585
35	21	0.849093
35	24	0.842389
35	45	0.808813
35	47	0.876418
35	48	0.879878
35	55	0.782133
35	56	0.872487
35	80	0.774558
35	81	1.52036
35	140	0.802271
35	153	1.37255
35	174	0.911959
35	175	1.35218
35	180	1.37391
36	15	0.873841
36	17	0.865333
36	18	0.767236
36	25	0.772159
36	37	0.843806
36	41	0.831961
36	57	0.78959
36	73	0.902533
36	77	1.51214
36	79	0.871176
36	109	1.35919
36	153	1.37323
36	156	0.882366
36	180	1.37459
37	17	0.870313
37	18	0.772216
37	25	0.777139
37	36	0.843806
37	38	0.834002
37	41	0.836941
37	50	1.2794
37	57	0.79457
37	73	0.907513
37	79	0.876156
37	156	0.887345
37	162	1.59364
37	174	1.24796
37	180	1.49795
38	3	0.860397
38	15	0.864036
38	17	0.855529
38	18	0.757432
38	37	0.834002
38	41	0.822157
38	57	0.779785
38	73	0.892729
38	79	0.861372
38	115	1.44466
38	145	1.39929
38	156	0.872561
38	163	1.40521
38	166	1.36991
39	112	0.896611
39	116	0.923527
39	129	1.21493
39	131	0.95115
39	132	1.07219
39	139	1.10159
39	144	1.12108
39	149	0.929697
39	160	1.06629
39	169	0.938879
39	170	0.921374
39	172	0.935469
39	177	0.984182
39	178	0.919112
40	5	1.10344
40	9	1.62122
40	18	1.66775
40	60	1.2028
40	100	0.849279
40	134	0.837224
40	139	0.850775
40	147	0.836288
40	165	0.837899
40	167	0.852871
40	168	0.850514
40	170	0.821772
40	178	0.819511
40	180	0.843867
41	15	0.866976
41	17	0.858468
41	25	0.765294
41	36	0.831961
41	37	0.836941
41	38	0.822157
41	57	0.782725
41	73	0.895668
41	79	0.864311
41	156	0.875501
41	163	1.4627
41	174	1.19977
41	175	1.42803
41	178	1.52826
42	23	1.45579
42	56	1.25492
42	127	0.835237
42	137	0.859244
42	148	0.83495
42	161	1.4224
42	164	1.45264
42	166	0.858301
42	169	0.83835
42	171	0.836555
42	172	0.834941
42	175	0.840897
42	178	0.818584
42	180	0.842939
43	26	1.18631
43	29	1.1497
43	79	1.10171
43	91	1.00558
43	107	0.916954
43	108	1.14233
43	133	0.94639
43	158	0.925398
43	159	0.941048
43	169	0.938582
43	171	0.936787
43	175	0.941129
43	176	0.934897
43	178	0.918815
44	61	0.851435
44	85	0.832799
44	94	0.864911
44	112	0.791689
44	116	0.818605
44	119	0.8475
44	121	0.833786
44	122	0.833786
44	131	0.846229
44	159	1.4008
44	170	1.46467
44	175	1.3266
44	177	0.87926
44	178	1.42683
45	7	0.875246
45	10	0.865445
45	20	0.832221
45	24	0.839864
45	31	0.827474
45	34	0.827474
45	35	0.808813
45	47	0.873893
45	55	0.779608
45	56	0.869962
45	71	1.44255
45	120	1.30824
45	130	1.51134
45	180	1.35696
46	87	0.830848
46	88	1.39289
46	124	0.836294
46	126	1.34155
46	151	0.848362
46	152	1.41429
46	156	0.86785
46	157	0.817088
46	160	0.853549
46	164	0.82726
46	167	0.84337
46	168	0.841014
46	170	1.47019
46	180	0.834366
47	10	0.933051
47	12	0.934401
47	20	0.899826
47	24	0.90747
47	31	0.89508
47	34	0.89508
47	35	0.876418
47	45	0.873893
47	55	0.847214
47	56	0.937568
47	162	1.31745
47	172	1.24092
47	174	0.971766
47	176	1.2718
47	180	1.22176
48	3	0.924998
48	11	0.939792
48	21	0.917634
48	23	0.909448
48	30	0.909448
48	35	0.879878
48	58	0.824392
48	80	0.843098
48	100	1.2033
48	140	0.870812
48	147	1.22967
48	159	1.18848
48	162	1.23169
48	174	0.980499
48	179	1.1707
49	87	1.50155
49	145	0.827855
49	146	0.799793
49	154	0.835287
49	158	0.810269
49	160	1.50823
49	166	0.843403
49	168	1.58305
49	170	0.805948
49	172	0.820043
49	173	0.807949
49	175	0.825999
49	176	0.819768
49	177	1.38835
49	178	0.803686
50	23	1.10537
50	37	1.2794
50	52	1.30378
50	116	1.2028
50	122	1.09429
50	143	0.877435
50	154	0.909357
50	155	0.880466
50	157	0.884835
50	161	0.893735
50	174	0.978933
50	176	0.893839
50	178	0.877757
50	179	0.901532
50	180	0.902112
51	91	0.859623
51	98	1.31564
51	102	1.49426
51	113	0.781235
51	124	0.82059
51	130	1.63166
51	144	0.829979
51	155	0.797015
51	161	0.810284
51	164	0.811556
51	167	0.827666
51	168	0.825309
51	173	1.57734
51	179	0.818081
51	180	0.818662
52	32	0.928071
52	50	1.30378
52	69	0.80507
52	71	1.60792
52	94	0.830987
52	112	0.757765
52	116	0.784681
52	118	0.822486
52	119	0.813576
52	121	0.799862
52	122	0.799862
52	131	0.812305
52	171	1.54552
52	177	0.845336
52	179	1.55703
53	12	1.14336
53	96	1.19078
53	106	0.88567
53	117	1.35167
53	131	1.22445
53	142	0.88495
53	147	0.90204
53	153	0.90344
53	154	0.916863
53	171	0.903234
53	175	0.907576
53	176	0.901345
53	177	1.07067
53	178	0.885263
53	180	0.909619
54	32	0.992609
54	56	1.13205
54	101	1.26301
54	125	0.897383
54	145	0.899804
54	152	0.891751
54	160	1.25935
54	168	1.33417
54	169	0.895402
54	170	0.877897
54	171	0.893607
54	174	0.976812
54	176	0.891717
54	178	0.875635
54	180	0.899991
55	7	0.848566
55	10	0.838766
55	12	0.840115
55	20	0.805541
55	24	0.813185
55	31	0.800795
55	34	0.800795
55	35	0.782133
55	45	0.779608
55	47	0.847214
55	56	0.843283
55	153	1.47544
55	178	1.5553
55	179	1.5115
55	180	1.4768
56	7	0.93892
56	10	0.92912
56	12	0.930469
56	20	0.895895
56	31	0.891149
56	34	0.891149
56	35	0.872487
56	42	1.25492
56	45	0.869962
56	47	0.937568
56	54	1.13205
56	55	0.843283
56	74	1.29596
56	133	1.17346
56	179	1.15775
57	1	0.863342
57	15	0.824604
57	17	0.816097
57	18	0.718
57	25	0.722923
57	36	0.78959
57	37	0.79457
57	38	0.779785
57	41	0.782725
57	73	0.853297
57	79	0.82194
57	100	1.60848
57	156	0.833129
57	158	1.64972
57	178	1.61969
57	180	1.54119
58	1	0.843348
58	5	0.821334
58	6	0.821334
58	11	0.815766
58	21	0.793608
58	23	0.785422
58	30	0.785422
58	48	0.824392
58	60	0.787043
58	80	0.719072
58	111	1.53387
58	120	1.57284
58	140	0.746786
58	172	1.64071
58	174	0.856473
58	176	1.6716
59	4	0.822188
59	29	0.882766
59	65	0.874084
59	67	0.873712
59	83	0.897277
59	84	0.879079
59	92	0.866233
59	93	0.869176
59	103	0.875939
59	105	0.859699
59	110	0.899848
59	119	0.142777
59	165	1.6517
59	173	1.69738
59	174	1.34732
59	175	1.57558
60	3	0.887649
60	5	0.90801
60	6	0.90801
60	11	0.902443
60	21	0.880284
60	23	0.872099
60	30	0.872099
60	40	1.2028
60	58	0.787043
60	80	0.805749
60	100	1.32127
60	140	0.833462
60	149	1.37403
60	163	1.26692
60	174	0.94315
60	180	1.25397
61	28	0.877302
61	44	0.851435
61	68	1.27232
61	82	1.26925
61	85	0.86608
61	86	0.868109
61	111	0.878222
61	116	0.851886
61	119	0.880781
61	121	0.867067
61	122	0.867067
61	131	0.879509
61	137	1.23672
61	166	1.30005
61	171	1.34559
61	177	0.912541
62	78	0.822256
62	123	0.846533
62	135	0.835668
62	141	1.25423
62	144	0.862468
62	151	0.865147
62	153	1.35731
62	157	0.833873
62	158	1.46719
62	160	0.870334
62	164	0.844045
62	166	1.33632
62	167	0.860155
62	168	0.857799
62	176	1.40871
62	179	0.850571
62	180	0.851151
63	95	0.812773
63	98	1.20961
63	106	1.47819
63	109	1.35585
63	126	1.35895
63	128	0.874891
63	132	0.862241
63	134	0.838585
63	143	0.820551
63	156	0.878711
63	161	0.83685
63	164	0.838122
63	167	0.854231
63	168	0.851875
63	176	1.42129
63	177	0.885941
63	180	0.845227
64	102	0.866129
64	103	1.34442
64	117	1.39567
64	134	1.33939
64	135	1.34969
64	136	0.878009
64	146	0.82785
64	147	0.84852
64	148	0.84811
64	157	1.34696
64	159	0.853977
64	165	0.850131
64	166	0.871461
64	170	0.834005
64	173	0.836006
64	175	0.854057
64	178	0.831744
65	2	0.787874
65	22	1.36929
65	27	0.863116
65	59	0.874084
65	67	0.846095
65	76	0.832515
65	83	0.86966
65	92	0.838616
65	103	0.848322
65	105	0.832082
65	108	0.868707
65	110	0.872231
65	151	0.866698
65	166	1.32198
65	170	1.46068
65	175	1.32261
65	180	1.34433
66	2	0.875395
66	15	1.15423
66	77	0.911917
66	84	0.938983
66	91	1.04124
66	105	0.919604
66	108	0.956228
66	117	1.26862
66	123	1.18713
66	128	1.13728
66	151	0.954219
66	169	0.935634
66	171	0.933839
66	173	0.920131
66	175	0.938181
66	177	0.987618
66	178	0.915868
67	4	0.7942
67	59	0.873712
67	65	0.846095
67	68	1.31517
67	83	0.869288
67	84	0.85109
67	92	0.838245
67	93	0.841188
67	103	0.84795
67	105	0.831711
67	108	0.868335
67	110	0.871859
67	127	1.42942
67	137	1.27958
67	151	0.866326
67	172	1.38441
67	176	1.4153
68	9	1.62231
68	26	1.31473
68	61	1.27232
68	67	1.31517
68	74	0.828978
68	115	0.85351
68	120	0.878384
68	127	0.852604
68	147	0.852728
68	150	0.846342
68	158	0.842533
68	159	0.858184
68	164	1.27069
68	172	0.852308
68	173	0.840214
68	175	0.858264
68	178	0.835951
69	9	0.803144
69	52	0.80507
69	85	0.853638
69	86	0.855667
69	94	0.88575
69	112	0.812528
69	116	0.839444
69	119	0.86834
69	121	0.854625
69	122	0.854625
69	131	0.867068
69	133	1.37415
69	152	1.38419
69	154	1.32645
69	163	1.33669
69	177	0.900099
69	178	1.40225
70	95	0.820828
70	109	1.25135
70	118	0.871146
70	123	0.848664
70	124	0.85521
70	134	0.84664
70	135	0.837799
70	140	1.42369
70	144	0.8646
70	149	1.38681
70	150	1.38676
70	155	0.831636
70	158	1.37528
70	160	0.872466
70	161	0.844905
70	164	0.846177
70	168	0.85993
71	45	1.44255
71	52	1.60792
71	79	1.36581
71	110	1.37097
71	117	0.812192
71	122	1.39844
71	126	0.841077
71	139	0.840671
71	141	0.87065
71	145	0.833576
71	154	0.841008
71	155	0.812117
71	157	0.816486
71	161	0.825386
71	167	0.842767
71	169	0.829174
71	176	0.82549
71	178	0.809408
72	92	0.819722
72	93	0.822666
72	103	0.829428
72	105	0.813188
72	108	0.849813
72	110	0.853337
72	130	1.56739
72	135	0.818325
72	138	0.835619
72	141	1.30857
72	143	0.809131
72	145	1.42003
72	151	0.847804
72	164	0.826703
72	168	0.840456
72	171	1.4362
72	178	1.49151
72	180	0.833808
73	3	0.933908
73	15	0.937548
73	17	0.92904
73	18	0.830943
73	25	0.835866
73	36	0.902533
73	37	0.907513
73	38	0.892729
73	41	0.895668
73	57	0.853297
73	79	0.934883
73	109	1.15343
73	150	1.28883
73	153	1.16747
73	156	0.946073
73	165	1.22322
73	171	1.19202
73	179	1.20352
74	11	1.28844
74	56	1.29596
74	68	0.828978
74	80	1.64631
74	126	0.834923
74	131	1.45715
74	133	0.830828
74	152	0.819369
74	154	0.834854
74	158	0.809836
74	165	0.821641
74	168	1.49808
74	169	0.82302
74	172	0.819611
74	174	0.90443
74	175	0.825567
74	176	0.819335
74	180	0.827609
75	13	0.865102
75	16	0.83594
75	111	1.34765
75	114	0.819094
75	129	0.80773
75	132	0.839017
75	144	0.833321
75	145	1.44236
75	151	0.836
75	155	0.800357
75	160	0.841188
75	161	0.813627
75	164	0.814898
75	165	1.48973
75	167	0.831008
75	171	1.45853
75	176	1.48538
75	177	0.862718
76	2	0.773923
76	4	0.78062
76	27	0.849164
76	65	0.832515
76	83	0.855709
76	84	0.83751
76	92	0.824665
76	93	0.827608
76	103	0.834371
76	105	0.818131
76	108	0.854756
76	110	0.85828
76	137	1.36313
76	151	0.852747
76	163	1.46175
76	169	1.45884
76	171	1.472
76	172	1.46796
77	21	1.40083
77	36	1.51214
77	66	0.911917
77	80	1.61095
77	98	0.856358
77	127	0.822928
77	132	1.39379
77	146	0.802382
77	149	0.81686
77	159	0.828508
77	165	0.824663
77	166	0.845992
77	172	0.822633
77	173	0.810538
77	175	0.828588
77	176	0.822357
77	177	1.26801
77	178	0.806275
78	16	0.843979
78	62	0.822256
78	115	1.51741
78	132	0.847056
78	134	0.823401
78	135	0.81456
78	139	0.836951
78	153	1.46366
78	157	0.812766
78	160	0.849227
78	161	0.821666
78	164	0.822938
78	167	0.839047
78	168	0.836691
78	172	1.48418
78	174	1.21503
78	178	1.54352
78	179	0.829463
79	1	0.944928
79	3	0.902551
79	15	0.90619
79	17	0.897683
79	18	0.799586
79	25	0.804509
79	36	0.871176
79	37	0.876156
79	38	0.861372
79	41	0.864311
79	43	1.10171
79	57	0.82194
79	71	1.36581
79	73	0.934883
79	100	1.34751
79	104	1.37714
79	156	0.914715
79	170	1.39656
79	174	1.03023
80	1	0.862054
80	3	0.819678
80	5	0.840039
80	6	0.840039
80	11	0.834472
80	21	0.812313
80	23	0.804128
80	30	0.804128
80	35	0.774558
80	48	0.843098
80	58	0.719072
80	60	0.805749
80	74	1.64631
80	77	1.61095
80	126	1.46111
80	137	1.38772
80	140	0.765491
80	174	0.875179
80	179	1.5081
81	35	1.52036
81	114	1.44003
81	115	0.835224
81	123	1.47642
81	130	0.805143
81	142	0.817352
81	147	0.834441
81	158	0.824247
81	164	1.46722
81	166	0.857382
81	169	0.837431
81	172	0.834022
81	173	0.821927
81	175	0.839978
81	176	0.833747
81	177	1.27691
81	178	0.817665
81	179	0.84144
82	61	1.26925
82	121	1.25772
82	129	1.34583
82	137	0.900178
82	140	0.851007
82	143	1.37761
82	151	1.20476
82	153	0.877694
82	156	1.12094
82	158	0.8661
82	162	0.874279
82	165	0.877905
82	166	0.899234
82	171	0.877489
82	172	0.875875
82	175	0.88183
82	176	0.875599
82	178	0.859517
82	179	0.883293
83	27	0.886309
83	29	0.878342
83	59	0.897277
83	65	0.86966
83	67	0.869288
83	76	0.855709
83	84	0.874655
83	93	0.864753
83	103	0.871515
83	105	0.855276
83	108	0.8919
83	110	0.895424
83	130	1.37573
83	151	0.889891
83	165	1.27574
83	175	1.19962
83	178	1.29985
83	179	1.25605
83	180	1.22135
84	2	0.792869
84	4	0.799566
84	8	1.5203
84	29	0.860144
84	59	0.879079
84	66	0.938983
84	67	0.85109
84	76	0.83751
84	83	0.874655
84	92	0.843611
84	93	0.846555
84	103	0.853317
84	108	0.873702
84	110	0.877226
84	140	1.3511
84	142	1.40114
84	151	0.871693
84	159	1.24663
84	170	1.3105
84	180	1.19416
85	9	0.796949
85	32	0.976639
85	44	0.832799
85	61	0.86608
85	69	0.853638
85	86	0.849473
85	112	0.806334
85	116	0.83325
85	118	0.871055
85	119	0.862145
85	121	0.848431
85	122	0.848431
85	131	0.860873
85	137	1.20423
85	142	1.4969
85	149	1.40998
85	163	1.30286
85	177	0.893904
85	179	1.32461
85	180	1.28991
86	19	0.855349
86	61	0.868109
86	69	0.855667
86	85	0.849473
86	94	0.881584
86	99	1.23661
86	100	0.860632
86	111	0.861615
86	112	0.808363
86	116	0.835279
86	119	0.864174
86	121	0.85046
86	122	0.85046
86	131	0.862902
86	166	1.31585
86	169	1.34823
86	177	0.895934
86	178	1.4167
86	179	1.37289
86	180	1.3382
87	46	0.830848
87	49	1.50155
87	129	0.841146
87	139	0.862327
87	143	0.830743
87	144	0.866737
87	147	1.33733
87	151	0.869415
87	160	0.874603
87	161	0.847042
87	162	1.33935
87	163	0.844257
87	165	1.29805
87	167	0.864423
87	168	0.862067
87	169	1.2537
87	176	1.2937
87	177	0.896133
87	179	0.854839
87	180	0.855419
88	46	1.39289
88	106	0.840717
88	109	0.87354
88	127	0.856963
88	128	1.31917
88	134	1.39422
88	147	0.857087
88	149	0.850895
88	151	1.29696
88	154	0.871911
88	156	1.21314
88	159	0.862543
88	164	1.35982
88	169	0.860077
88	171	0.858282
88	173	0.844573
88	175	0.862623
88	176	0.856392
88	178	0.84031
88	179	0.864086
89	112	0.830545
89	119	0.886356
89	121	0.872642
89	122	0.872642
89	131	0.885085
89	132	0.894415
89	135	0.861919
89	146	1.41978
89	149	1.30108
89	157	0.860125
89	162	1.27671
89	164	0.870297
89	165	1.23541
89	167	0.886406
89	168	0.88405
89	169	1.19105
89	171	1.20421
89	177	0.918116
89	180	0.877402
90	34	1.28203
90	103	1.27643
90	112	1.34666
90	113	1.40986
90	115	0.854119
90	116	1.33758
90	133	0.864135
90	141	0.897803
90	145	0.860729
90	148	0.852927
90	150	0.846951
90	152	0.852676
90	154	0.868161
90	155	1.3235
90	159	0.858793
90	171	0.854532
90	172	0.852918
90	173	0.840823
90	175	0.858873
90	178	0.83656
91	43	1.00558
91	51	0.859623
91	66	1.04124
91	100	1.25138
91	104	1.281
91	123	0.89528
91	124	0.901826
91	132	0.916912
91	138	0.90171
91	139	0.906807
91	140	1.34103
91	155	0.878252
91	161	0.891521
91	164	0.892793
91	167	0.908902
91	168	0.906546
91	170	1.30042
91	172	1.20324
91	177	0.940612
91	179	0.899318
91	180	0.899898
92	14	0.783845
92	27	0.855265
92	29	0.847298
92	59	0.866233
92	65	0.838616
92	67	0.838245
92	72	0.819722
92	76	0.824665
92	84	0.843611
92	93	0.833709
92	103	0.840472
92	105	0.824232
92	108	0.860857
92	110	0.864381
92	146	1.84327
92	151	0.858848
92	163	1.61745
92	168	0.000913451
92	170	1.72084
92	179	1.6392
92	180	1.6045
93	2	0.782967
93	4	0.789664
93	27	0.858208
93	59	0.869176
93	67	0.841188
93	72	0.822666
93	76	0.827608
93	83	0.864753
93	84	0.846555
93	92	0.833709
93	103	0.843415
93	105	0.827175
93	108	0.8638
93	110	0.867324
93	127	1.42345
93	133	1.40969
93	140	1.51623
93	151	0.861791
93	153	1.35793
93	154	1.36199
93	180	1.35929
94	19	0.885431
94	28	0.890777
94	44	0.864911
94	52	0.830987
94	69	0.88575
94	86	0.881584
94	100	0.890715
94	107	1.37861
94	111	0.891697
94	112	0.838445
94	116	0.865361
94	119	0.894257
94	121	0.880542
94	122	0.880542
94	131	0.892985
94	154	1.22059
94	163	1.23083
94	166	1.19554
94	172	1.23704
94	173	1.31795
94	177	0.926016
94	179	1.25258
95	63	0.812773
95	70	0.820828
95	111	1.42207
95	117	0.804912
95	124	0.828411
95	125	1.51519
95	126	1.49747
95	128	0.856147
95	135	0.811001
95	137	1.42408
95	138	0.828295
95	139	0.833392
95	141	1.40532
95	155	0.804837
95	157	0.809206
95	161	0.818106
95	164	0.819378
95	165	1.56415
95	168	0.833131
95	177	0.867197
95	179	0.825903
95	180	0.826483
96	53	1.19078
96	124	0.880922
96	125	1.25599
96	126	1.23827
96	129	0.864721
96	134	0.872352
96	138	0.880805
96	143	0.854318
96	144	0.890312
96	147	1.34424
96	155	0.857348
96	156	0.912478
96	157	0.861717
96	160	0.898178
96	161	0.870617
96	164	0.871889
96	168	0.885642
96	172	1.26972
96	175	1.22884
96	176	1.30061
96	177	0.919708
96	180	0.878994
97	98	0.854753
97	101	1.43181
97	103	1.53801
97	114	1.47138
97	138	1.47554
97	141	0.865913
97	146	0.800776
97	153	0.822847
97	154	0.83627
97	156	1.3519
97	158	0.811252
97	162	0.819432
97	166	0.844387
97	168	1.50297
97	169	0.824436
97	170	0.806931
97	171	0.822641
97	173	0.808932
97	175	0.826983
97	176	0.820752
97	178	0.80467
97	180	0.829025
98	14	1.48975
98	34	1.20417
98	51	1.31564
98	63	1.20961
98	77	0.856358
98	97	0.854753
98	137	0.90097
98	143	1.26912
98	148	0.876676
98	149	0.870894
98	151	1.09627
98	152	0.876425
98	157	1.20111
98	158	0.866892
98	162	0.875071
98	166	0.900026
98	170	0.862571
98	171	0.878281
98	172	0.876666
98	174	0.961486
98	175	0.882622
98	178	0.860309
99	9	1.57081
99	10	1.05435
99	86	1.23661
99	102	0.892242
99	118	1.18402
99	131	1.18265
99	136	0.904122
99	140	0.849346
99	143	1.32917
99	146	0.853963
99	147	0.874633
99	148	0.874223
99	150	0.868248
99	153	0.876034
99	159	0.88009
99	168	1.22357
99	169	0.877623
99	172	0.874214
99	173	0.862119
99	174	0.959033
99	175	0.88017
99	176	0.873939
100	5	1.22191
100	40	0.849279
100	48	1.2033
100	57	1.60848
100	60	1.32127
100	79	1.34751
100	86	0.860632
100	91	1.25138
100	94	0.890715
100	116	0.844409
100	119	0.873305
100	121	0.85959
100	122	0.85959
100	131	0.872033
100	133	0.867569
100	156	1.24138
100	159	0.862227
100	162	0.854756
100	170	0.842256
100	171	0.857966
100	172	0.856352
100	173	0.844257
100	177	0.905064
101	16	0.873067
101	54	1.26301
101	97	1.43181
101	123	0.854512
101	128	0.888794
101	135	0.843648
101	138	0.860942
101	139	0.866038
101	143	0.834454
101	144	0.870448
101	145	1.26103
101	155	0.837484
101	160	0.878314
101	162	1.34969
101	163	0.847968
101	164	0.852025
101	166	1.23165
101	167	0.868134
101	168	0.865778
101	173	1.35407
101	177	0.899844
101	178	1.3325
101	179	0.85855
102	11	1.13251
102	19	1.3015
102	51	1.49426
102	64	0.866129
102	99	0.892242
102	115	0.862171
102	119	1.50141
102	122	1.32983
102	142	0.844299
102	145	0.86878
102	151	1.27489
102	152	0.860728
102	162	0.859374
102	165	0.863
102	166	0.884329
102	170	0.846873
102	171	0.862583
102	173	0.848874
102	175	0.866925
102	176	0.860694
102	177	1.14744
102	178	0.844612
102	179	0.868387
103	2	0.789729
103	4	0.796427
103	27	0.864971
103	29	0.857004
103	59	0.875939
103	64	1.34442
103	65	0.848322
103	67	0.84795
103	72	0.829428
103	76	0.834371
103	83	0.871515
103	84	0.853317
103	90	1.27643
103	92	0.840472
103	93	0.843415
103	97	1.53801
103	105	0.833938
103	108	0.870562
103	110	0.874086
103	145	1.36723
103	151	0.868553
103	166	1.33785
103	179	1.3949
103	180	1.3602
104	27	1.34042
104	79	1.37714
104	91	1.281
104	120	0.867703
104	133	0.852845
104	139	1.38256
104	144	1.40205
104	146	0.821376
104	148	0.841636
104	149	0.835855
104	153	0.843447
104	157	1.45967
104	159	0.847503
104	162	0.840032
104	165	0.843658
104	166	0.864987
104	167	1.33804
104	170	0.827532
104	171	0.843242
104	173	0.829533
104	174	0.926447
104	175	0.847583
104	176	0.841352
104	178	0.82527
105	2	0.77349
105	4	0.780187
105	14	0.77731
105	27	0.848731
105	29	0.840764
105	59	0.859699
105	65	0.832082
105	66	0.919604
105	67	0.831711
105	72	0.813188
105	76	0.818131
105	83	0.855276
105	92	0.824232
105	93	0.827175
105	103	0.833938
105	108	0.854323
105	110	0.857846
105	140	1.55566
105	149	1.51878
105	150	1.51873
105	151	0.852313
105	152	1.45916
105	174	1.14873
105	179	1.43342
105	180	1.39872
106	53	0.88567
106	63	1.47819
106	88	0.840717
106	132	1.36318
106	135	1.47242
106	136	0.856898
106	141	0.871876
106	144	1.41207
106	146	0.806739
106	148	0.826999
106	153	0.82881
106	157	1.46969
106	159	0.832866
106	162	0.825395
106	163	0.823826
106	164	1.42772
106	165	0.829021
106	167	1.34806
106	169	0.830399
106	171	0.828604
106	172	0.82699
106	173	0.814896
106	175	0.832946
106	176	0.826715
106	178	0.810633
107	17	1.47827
107	28	1.32689
107	43	0.916954
107	94	1.37861
107	115	0.825924
107	125	0.830113
107	138	1.45846
107	142	0.808052
107	146	0.804471
107	148	0.824731
107	149	0.818949
107	161	1.45126
107	162	0.823127
107	165	0.826752
107	166	0.848082
107	167	1.40184
107	168	1.48589
107	169	0.828131
107	171	0.826336
107	173	0.812627
107	174	0.909541
107	175	0.830678
107	176	0.824447
107	178	0.808365
107	180	0.83272
108	2	0.810114
108	4	0.816812
108	14	0.813935
108	27	0.885356
108	29	0.877389
108	43	1.14233
108	65	0.868707
108	66	0.956228
108	67	0.868335
108	72	0.849813
108	76	0.854756
108	83	0.8919
108	84	0.873702
108	92	0.860857
108	93	0.8638
108	103	0.870562
108	105	0.854323
108	110	0.894471
108	127	1.385
108	136	1.2736
108	141	1.2164
108	149	1.4409
108	151	0.888938
108	166	1.29849
108	179	1.35554
108	180	1.32084
109	3	1.11756
109	36	1.35919
109	63	1.35585
109	70	1.25135
109	73	1.15343
109	88	0.87354
109	113	1.47824
109	114	1.27818
109	126	0.875126
109	137	0.884116
109	141	0.904699
109	142	0.843143
109	149	0.85404
109	152	0.859572
109	153	0.861633
109	155	1.39187
109	158	0.850039
109	159	0.865689
109	165	0.861844
109	166	0.883173
109	169	0.863222
109	172	0.859813
109	175	0.865769
109	176	0.859538
109	179	0.867231
109	180	0.867812
110	2	0.813638
110	4	0.820336
110	14	0.817459
110	27	0.88888
110	29	0.880913
110	59	0.899848
110	65	0.872231
110	67	0.871859
110	71	1.37097
110	72	0.853337
110	76	0.85828
110	83	0.895424
110	84	0.877226
110	92	0.864381
110	93	0.867324
110	103	0.874086
110	105	0.857846
110	108	0.894471
110	126	1.27308
110	137	1.19969
110	146	1.52414
110	151	0.892462
110	152	1.34582
110	174	1.03538
110	178	1.36387
110	179	1.32007
111	58	1.53387
111	61	0.878222
111	75	1.34765
111	86	0.861615
111	94	0.891697
111	95	1.42207
111	112	0.818476
111	116	0.845392
111	121	0.860573
111	122	0.860573
111	124	1.20439
111	131	0.873015
111	134	1.26748
111	137	0.881638
111	138	1.21005
111	153	0.859154
111	158	0.84756
111	162	0.855739
111	165	0.859365
111	167	1.15343
111	168	1.23748
111	169	0.860744
111	174	0.942154
111	176	0.857059
111	177	0.906047
111	178	0.840977
112	9	0.755839
112	28	0.817556
112	32	0.935529
112	39	0.896611
112	44	0.791689
112	52	0.757765
112	69	0.812528
112	85	0.806334
112	86	0.808363
112	89	0.830545
112	90	1.34666
112	94	0.838445
112	111	0.818476
112	116	0.79214
112	118	0.829945
112	119	0.821035
112	121	0.807321
112	122	0.807321
112	130	1.58482
112	131	0.819763
112	140	1.58738
112	153	1.42908
112	165	1.48483
112	173	1.5305
112	177	0.852795
112	179	1.46514
113	51	0.781235
113	90	1.40986
113	109	1.47824
113	114	0.818601
113	118	0.839375
113	129	0.807237
113	132	0.838524
113	134	0.814869
113	135	0.806028
113	139	0.828419
113	144	0.832828
113	153	1.49228
113	154	1.49635
113	155	0.799864
113	157	0.804233
113	160	0.840694
113	163	0.810349
113	164	0.814405
113	166	1.47129
113	167	0.830515
113	168	0.828158
113	169	1.50368
113	177	0.862225
113	178	1.57214
113	179	0.82093
113	180	0.821511
114	16	0.869964
114	22	1.31853
114	75	0.819094
114	81	1.44003
114	97	1.47138
114	109	1.27818
114	113	0.818601
114	117	0.834456
114	118	0.873891
114	129	0.841754
114	135	0.840544
114	143	0.831351
114	147	1.38725
114	155	0.834381
114	156	0.889511
114	157	0.83875
114	160	0.875211
114	161	0.84765
114	164	0.848922
114	165	1.34797
114	167	0.865031
114	168	0.862675
114	169	1.30362
114	175	1.27185
114	177	0.896741
114	179	0.855447
114	180	0.856027
115	20	1.30636
115	38	1.44466
115	68	0.85351
115	78	1.51741
115	81	0.835224
115	90	0.854119
115	102	0.862171
115	107	0.825924
115	117	1.46385
115	122	1.36524
115	130	0.815263
115	132	1.30864
115	140	0.819274
115	147	0.844562
115	150	0.838176
115	151	1.3103
115	152	0.843901
115	153	0.845962
115	155	1.45967
115	158	0.834368
115	162	0.842547
115	169	0.847552
115	170	0.830047
115	173	0.832048
115	176	0.843867
115	178	0.827785
115	179	0.851561
115	180	0.852141
116	9	0.782755
116	19	0.839126
116	28	0.844472
116	39	0.923527
116	44	0.818605
116	50	1.2028
116	52	0.784681
116	61	0.851886
116	69	0.839444
116	85	0.83325
116	86	0.835279
116	90	1.33758
116	94	0.865361
116	100	0.844409
116	111	0.845392
116	112	0.79214
116	118	0.856861
116	119	0.847951
116	121	0.834237
116	122	0.834237
116	131	0.846679
116	137	1.33567
116	158	1.52988
116	159	1.47383
116	176	1.4714
116	177	0.87971
116	179	1.45605
116	180	1.42135
117	13	0.880464
117	16	0.851302
117	53	1.35167
117	64	1.39567
117	66	1.26862
117	71	0.812192
117	95	0.804912
117	114	0.834456
117	115	1.46385
117	124	0.839294
117	128	0.86703
117	139	0.844274
117	143	0.812689
117	144	0.848683
117	148	1.42772
117	153	1.4101
117	157	0.820088
117	160	0.85655
117	161	0.828989
117	163	0.826204
117	164	0.83026
117	167	0.84637
117	168	0.844014
117	173	1.51152
117	175	1.38973
117	177	0.87808
117	179	0.836786
117	180	0.837366
118	19	0.876931
118	52	0.822486
118	70	0.871146
118	85	0.871055
118	99	1.18402
118	112	0.829945
118	113	0.839375
118	114	0.873891
118	116	0.856861
118	119	0.885756
118	121	0.872042
118	122	0.872042
118	127	1.34978
118	131	0.884484
118	133	1.33602
118	135	0.861319
118	138	0.878613
118	141	1.18118
118	145	1.29264
118	157	0.859524
118	160	0.895985
118	161	0.868424
118	162	1.38131
118	165	1.34001
118	167	0.885805
118	171	1.30881
118	175	1.26389
118	177	0.917515
118	180	0.876801
119	9	0.811651
119	19	0.868021
119	28	0.873367
119	32	0.99134
119	44	0.8475
119	52	0.813576
119	59	0.142777
119	61	0.880781
119	69	0.86834
119	85	0.862145
119	86	0.864174
119	89	0.886356
119	94	0.894257
119	100	0.873305
119	102	1.50141
119	112	0.821035
119	116	0.847951
119	118	0.885756
119	121	0.863132
119	122	0.863132
119	126	1.47214
119	131	0.875574
119	136	1.43719
119	141	1.37999
119	169	1.49447
119	171	1.50762
119	174	1.23444
119	175	1.4627
119	177	0.908606
120	30	1.26883
120	34	1.31709
120	45	1.30824
120	58	1.57284
120	68	0.878384
120	104	0.867703
120	128	1.2314
120	132	1.20752
120	141	0.913902
120	145	0.876828
120	147	0.869436
120	148	0.869026
120	150	0.86305
120	152	0.868775
120	158	0.859242
120	159	0.874892
120	160	1.20162
120	162	0.867421
120	165	0.871047
120	167	1.1924
120	168	1.27644
120	169	0.872426
120	170	0.854921
120	171	0.870631
120	172	0.869017
120	173	0.856922
120	175	0.874973
120	176	0.868742
120	178	0.85266
121	9	0.797936
121	19	0.854307
121	28	0.859653
121	32	0.977626
121	44	0.833786
121	52	0.799862
121	61	0.867067
121	69	0.854625
121	82	1.25772
121	85	0.848431
121	86	0.85046
121	89	0.872642
121	94	0.880542
121	100	0.85959
121	111	0.860573
121	112	0.807321
121	116	0.834237
121	118	0.872042
121	119	0.863132
121	122	0.849418
121	131	0.86186
121	142	1.51785
121	152	1.37131
121	159	1.36334
121	169	1.3209
121	173	1.41093
121	174	1.06087
121	177	0.894891
121	178	1.38937
121	179	1.34556
122	9	0.797936
122	19	0.854307
122	28	0.859653
122	32	0.977626
122	44	0.833786
122	50	1.09429
122	52	0.799862
122	61	0.867067
122	69	0.854625
122	71	1.39844
122	85	0.848431
122	86	0.85046
122	89	0.872642
122	94	0.880542
122	100	0.85959
122	102	1.32983
122	111	0.860573
122	112	0.807321
122	115	1.36524
122	116	0.834237
122	118	0.872042
122	119	0.863132
122	121	0.849418
122	130	1.46722
122	131	0.86186
122	141	1.20841
122	158	1.42137
122	177	0.894891
122	178	1.39135
122	179	1.34754
123	26	0.862344
123	62	0.846533
123	66	1.18713
123	70	0.848664
123	81	1.47642
123	91	0.89528
123	101	0.854512
123	128	0.883983
123	134	0.847677
123	138	0.856131
123	142	1.53696
123	143	0.829643
123	145	1.33699
123	151	0.868315
123	154	1.33268
123	155	0.832673
123	157	0.837042
123	160	0.873503
123	161	0.845942
123	162	1.42566
123	163	0.843158
123	164	0.847214
123	167	0.863324
123	168	0.860967
123	172	1.34913
123	174	1.07998
123	175	1.30824
123	177	0.895034
123	179	0.853739
123	180	0.854319
124	46	0.836294
124	51	0.82059
124	70	0.85521
124	91	0.901826
124	95	0.828411
124	96	0.880922
124	111	1.20439
124	117	0.839294
124	134	0.854223
124	135	0.845383
124	139	0.867774
124	143	0.836189
124	144	0.872183
124	149	1.41214
124	150	1.41208
124	155	0.839219
124	156	0.894349
124	157	0.843588
124	158	1.4006
124	160	0.880049
124	161	0.852488
124	164	0.85376
124	166	1.26973
124	167	0.869869
124	168	0.867513
124	171	1.31527
124	172	1.31123
124	176	1.34212
124	178	1.37058
124	180	0.860865
125	16	1.34384
125	54	0.897383
125	95	1.51519
125	96	1.25599
125	107	0.830113
125	126	0.863644
125	128	1.28555
125	129	1.40441
125	133	0.859549
125	136	0.87824
125	145	0.856143
125	148	0.848341
125	153	0.850151
125	157	1.36817
125	158	0.838557
125	159	0.854207
125	160	1.25577
125	161	1.29596
125	166	0.871691
125	167	1.24654
125	169	0.851741
125	170	0.834236
125	171	0.849946
125	172	0.848331
125	173	0.836237
125	174	0.933151
125	175	0.854287
125	178	0.831974
125	179	0.85575
125	180	0.85633
126	12	1.19085
126	33	0.883259
126	46	1.34155
126	63	1.35895
126	71	0.841077
126	74	0.834923
126	80	1.46111
126	95	1.49747
126	96	1.23827
126	109	0.875126
126	110	1.27308
126	119	1.47214
126	125	0.863644
126	130	0.829374
126	133	0.86947
126	137	0.882556
126	142	0.841583
126	149	0.85248
126	150	0.852287
126	152	0.858012
126	156	1.1618
126	165	0.860284
126	166	0.881613
126	169	0.861662
126	170	0.844157
126	172	0.858253
126	173	0.846158
126	175	0.864209
126	176	0.857978
126	178	0.841896
127	42	0.835237
127	67	1.42942
127	68	0.852604
127	77	0.822928
127	88	0.856963
127	93	1.42345
127	108	1.385
127	118	1.34978
127	131	1.3484
127	137	0.86754
127	141	0.888122
127	145	0.851048
127	146	0.822986
127	148	0.843246
127	149	0.837464
127	154	0.85848
127	155	1.47144
127	158	0.833462
127	164	1.38494
127	165	0.845267
127	166	0.866596
127	168	1.38933
127	170	0.829141
127	171	0.844851
127	172	0.843237
127	173	0.831142
127	175	0.849192
127	176	0.842961
127	177	1.19462
127	178	0.826879
127	179	0.850655
128	63	0.874891
128	66	1.13728
128	88	1.31917
128	95	0.856147
128	101	0.888794
128	117	0.86703
128	120	1.2314
128	123	0.883983
128	125	1.28555
128	129	0.874328
128	132	0.905615
128	134	0.881959
128	135	0.873118
128	136	1.23288
128	138	0.890412
128	139	0.895509
128	141	1.17568
128	143	0.863925
128	144	0.899919
128	156	0.922085
128	157	0.871324
128	159	1.33259
128	160	0.907785
128	161	0.880224
128	164	0.881496
128	167	0.897605
128	168	0.895249
128	171	1.30331
128	173	1.38018
128	174	1.03013
128	180	0.888601
129	33	1.34192
129	39	1.21493
129	75	0.80773
129	82	1.34583
129	87	0.841146
129	96	0.864721
129	113	0.807237
129	114	0.841754
129	125	1.40441
129	128	0.874328
129	132	0.861677
129	134	0.838022
129	138	0.846475
129	139	0.851572
129	140	1.55592
129	143	0.819987
129	148	1.41524
129	149	1.51904
129	155	0.823018
129	156	0.878148
129	157	0.827387
129	160	0.863848
129	161	0.836287
129	164	0.837559
129	167	0.853668
129	168	0.851312
129	174	1.14899
129	177	0.885378
129	178	1.47748
129	179	0.844084
129	180	0.844664
130	45	1.51134
130	51	1.63166
130	72	1.56739
130	81	0.805143
130	83	1.37573
130	112	1.58482
130	115	0.815263
130	122	1.46722
130	126	0.829374
130	133	0.825279
130	139	1.44001
130	142	0.797392
130	146	0.793811
130	148	0.814071
130	150	0.808095
130	151	1.41229
130	152	0.81382
130	154	0.829305
130	162	0.812466
130	163	0.810898
130	165	0.816092
130	166	0.837421
130	171	0.815676
130	173	0.801967
130	174	0.898881
130	175	0.820017
130	176	0.813786
130	178	0.797704
130	179	0.82148
130	180	0.82206
131	9	0.810379
131	19	0.866749
131	28	0.872095
131	32	0.990069
131	39	0.95115
131	44	0.846229
131	52	0.812305
131	53	1.22445
131	61	0.879509
131	69	0.867068
131	74	1.45715
131	85	0.860873
131	86	0.862902
131	89	0.885085
131	94	0.892985
131	99	1.18265
131	100	0.872033
131	111	0.873015
131	112	0.819763
131	116	0.846679
131	118	0.884484
131	119	0.875574
131	121	0.86186
131	122	0.86186
131	127	1.3484
131	145	1.29126
131	158	1.39276
131	169	1.29428
131	174	1.03424
131	177	0.907334
131	179	1.31893
131	180	1.28424
132	39	1.07219
132	63	0.862241
132	75	0.839017
132	77	1.39379
132	78	0.847056
132	89	0.894415
132	91	0.916912
132	106	1.36318
132	113	0.838524
132	115	1.30864
132	120	1.20752
132	128	0.905615
132	129	0.861677
132	135	0.860468
132	139	0.882859
132	143	0.851274
132	144	0.887268
132	148	1.2725
132	155	0.854304
132	156	0.909435
132	157	0.858673
132	159	1.30871
132	160	0.895134
132	161	0.867573
132	163	0.864789
132	164	0.868845
132	168	0.882598
132	173	1.35631
132	175	1.23451
132	176	1.30628
132	179	0.87537
132	180	0.875951
133	11	1.16594
133	43	0.94639
133	56	1.17346
133	69	1.37415
133	74	0.830828
133	90	0.864135
133	93	1.40969
133	100	0.867569
133	104	0.852845
133	118	1.33602
133	125	0.859549
133	126	0.86947
133	130	0.825279
133	136	0.884066
133	141	0.899044
133	143	1.48117
133	149	0.848385
133	150	0.848192
133	151	1.30832
133	158	0.844383
133	162	0.852563
133	164	1.37118
133	166	0.877518
133	168	1.37557
133	170	0.840062
133	171	0.855772
133	172	0.854158
133	173	0.842063
133	175	0.860114
133	176	0.853883
133	177	1.18087
133	179	0.861576
133	180	0.862156
134	40	0.837224
134	63	0.838585
134	64	1.33939
134	70	0.84664
134	78	0.823401
134	88	1.39422
134	96	0.872352
134	111	1.26748
134	113	0.814869
134	123	0.847677
134	124	0.854223
134	128	0.881959
134	129	0.838022
134	135	0.836813
134	136	1.30794
134	138	0.854106
134	143	0.827619
134	146	1.59394
134	155	0.830649
134	156	0.885779
134	157	0.835018
134	160	0.871479
134	163	0.841133
134	164	0.84519
134	165	1.40956
134	167	0.861299
134	168	0.858943
134	169	1.36521
134	170	1.47151
134	171	1.37836
134	174	1.10518
134	177	0.893009
134	179	0.851715
134	180	0.852295
135	62	0.835668
135	64	1.34969
135	70	0.837799
135	72	0.818325
135	78	0.81456
135	89	0.861919
135	95	0.811001
135	101	0.843648
135	106	1.47242
135	113	0.806028
135	114	0.840544
135	118	0.861319
135	124	0.845383
135	128	0.873118
135	132	0.860468
135	134	0.836813
135	136	1.31824
135	137	1.27979
135	138	0.845266
135	143	0.818778
135	144	0.854772
135	146	1.60424
135	148	1.38174
135	150	1.48548
135	155	0.821808
135	157	0.826177
135	159	1.41795
135	160	0.862638
135	161	0.835077
135	167	0.852459
135	168	0.850102
135	172	1.38463
135	175	1.34375
