1	58	1.06911
1	61	0.83874
1	89	1.10788
1	104	1.02717
1	111	0.94269
1	142	0.879671
1	145	1.0348
1	148	1.02369
1	149	1.06872
1	160	1.03781
1	165	0.946742
1	170	1.03082
2	73	0.771399
2	137	1.04592
2	149	1.07232
2	150	0.930277
2	153	1.04219
2	156	1.04863
2	159	1.03161
2	163	1.06226
2	164	1.04518
2	167	1.0519
2	168	0.933589
2	172	0.972248
3	46	1.04047
3	70	0.943273
3	110	0.88562
3	113	1.05385
3	114	1.04605
3	116	1.08878
3	145	1.04304
3	148	1.03193
3	160	1.04605
3	164	1.04982
3	176	0.890746
3	180	0.887802
4	45	1.04137
4	59	0.998588
4	84	1.09007
4	123	1.06924
4	135	1.05116
4	136	1.05013
4	153	1.04486
4	167	1.05457
4	169	0.899655
4	170	0.943463
4	171	0.916662
4	179	0.847284
5	14	0.852834
5	16	1.099
5	94	1.06518
5	116	1.07199
5	124	0.776943
5	134	0.985373
5	145	1.02624
5	148	1.01513
5	149	1.06017
5	160	1.02926
5	164	1.03303
5	168	0.988614
6	54	1.10865
6	82	1.06073
6	94	1.06572
6	114	1.0298
6	127	0.882615
6	145	1.02678
6	152	1.04495
6	160	1.0298
6	164	1.03357
6	172	0.927116
6	176	0.900305
6	180	0.897361
7	24	1.05272
7	25	0.889818
7	46	1.02935
7	82	1.06587
7	109	0.913058
7	114	1.03493
7	116	1.07766
7	149	1.06584
7	160	1.03493
7	164	1.0387
7	168	0.896436
7	176	0.908284
8	65	1.07716
8	102	0.986433
8	107	1.01739
8	125	1.0573
8	135	1.05029
8	136	1.04926
8	137	1.04772
8	151	0.898514
8	161	0.851435
8	167	1.0537
8	173	0.870742
8	180	1.04719
9	124	1.0545
9	130	1.03024
9	131	1.07728
9	133	1.05477
9	144	0.889588
9	156	1.04782
9	159	1.0308
9	163	1.06145
9	165	1.04313
9	169	0.923295
9	172	0.915079
9	174	0.8794
10	113	1.0517
10	128	1.04345
10	131	0.857106
10	141	1.06824
10	145	1.04088
10	153	0.909967
10	159	0.958646
10	167	0.867043
10	174	1.05213
10	177	1.05112
10	178	1.04459
10	180	1.04788
11	29	1.13284
11	120	1.0491
11	141	1.0535
11	159	1.01935
11	160	1.02915
11	162	0.880483
11	163	1.05
11	164	1.03292
11	173	0.938204
11	177	0.911251
11	179	0.877166
11	180	1.03313
12	58	1.15284
12	132	1.21312
12	134	0.945616
12	143	0.910836
12	146	0.935231
12	150	0.955162
12	151	0.92982
12	153	1.22825
12	174	0.929685
12	177	0.928672
12	178	0.922143
12	179	0.942835
13	95	1.06989
13	115	1.0364
13	118	1.07265
13	126	1.04058
13	128	1.03707
13	141	1.06187
13	161	0.880799
13	165	1.04005
13	170	0.935248
13	171	0.908448
13	178	0.88251
13	180	1.0415
14	5	0.852834
14	60	0.836926
14	80	1.05906
14	161	1.05169
14	163	0.845682
14	168	1.05435
14	172	1.04229
14	173	1.04246
14	175	1.04858
14	176	1.0536
14	179	1.06222
14	180	1.04481
15	63	1.07264
15	103	0.827895
15	107	1.01587
15	122	1.02734
15	136	1.04773
15	139	1.07612
15	153	1.04246
15	154	1.06565
15	167	1.05218
15	170	0.956106
15	171	0.929306
15	177	0.894012
16	5	1.099
16	116	1.08124
16	119	0.947152
16	145	1.03549
16	148	1.02438
16	151	0.930266
16	160	1.03851
16	161	0.883186
16	164	1.04228
16	170	1.03152
16	171	1.04759
16	175	0.846443
17	20	1.03572
17	48	1.06913
17	78	0.936217
17	102	0.989608
17	131	0.97399
17	139	0.912756
17	155	0.989671
17	162	1.01781
17	173	1.00583
17	174	1.01243
17	175	1.01194
17	177	1.01142
17	179	1.02558
18	81	0.911464
18	109	1.02003
18	120	0.92456
18	134	1.03111
18	143	0.996333
18	155	0.992425
18	156	0.98914
18	159	1.06766
18	172	1.00841
18	174	1.01518
18	175	1.01469
18	177	1.01417
18	178	1.00764
19	54	1.0706
19	58	1.02305
19	62	0.967443
19	113	0.99955
19	116	1.03448
19	119	1.11615
19	133	0.810015
19	148	0.977623
19	149	1.02266
19	160	0.99175
19	164	0.995521
19	170	0.984761
19	179	1.01046
20	17	1.03572
20	39	1.02704
20	43	1.02119
20	89	0.906783
20	140	0.936959
20	168	1.01382
20	172	1.00176
20	173	1.00193
20	174	1.00853
20	175	1.00804
20	177	1.00752
20	178	1.00099
20	179	1.02168
21	78	1.05278
21	115	0.993853
21	118	1.0301
21	120	1.01493
21	126	0.998033
21	128	0.99453
21	136	0.831399
21	141	1.01932
21	157	1.01796
21	165	0.997502
21	171	1.04504
21	177	1.00975
21	180	0.998955
22	54	0.969453
22	66	0.933189
22	104	0.879955
22	113	0.898399
22	116	0.933328
22	127	1.29103
22	145	0.887584
22	149	0.921511
22	160	0.8906
22	164	0.894371
22	166	0.89161
22	176	1.30872
22	180	1.30577
23	76	1.04351
23	78	1.04293
23	91	0.87597
23	95	1.0175
23	115	0.984
23	118	1.02025
23	120	1.00507
23	126	0.98818
23	141	1.00947
23	157	1.01429
23	162	0.975305
23	171	1.04137
23	180	0.989102
24	7	1.05272
24	46	0.980976
24	58	1.01786
24	66	1.02915
24	96	1.05871
24	116	1.02929
24	130	0.889432
24	149	1.01747
24	158	0.934213
24	160	0.98656
24	161	1.02101
24	164	0.99033
24	171	0.995646
25	7	0.889818
25	33	1.02881
25	88	1.0204
25	94	0.955452
25	150	1.03188
25	157	1.01602
25	162	1.01179
25	169	0.99867
25	174	1.0064
25	175	1.00591
25	176	1.01094
25	178	0.998857
25	179	1.01955
26	52	1.07613
26	72	1.00766
26	102	1.0991
26	112	0.855979
26	119	1.02807
26	129	1.00387
26	132	0.986589
26	133	1.01062
26	138	1.0075
26	150	0.924555
26	156	1.00368
26	159	0.986653
26	163	1.0173
27	45	0.999811
27	96	0.986869
27	100	1.0071
27	120	1.02499
27	125	0.985557
27	139	0.899543
27	141	1.02938
27	148	0.990911
27	160	1.00504
27	164	1.00881
27	168	1.01856
27	179	1.02642
27	180	1.00902
28	36	0.996708
28	100	0.982562
28	147	1.04045
28	148	1.0048
28	150	1.03262
28	156	0.95926
28	162	1.01252
28	167	0.946174
28	169	0.99941
28	172	1.00037
28	175	1.00665
28	176	1.01168
28	178	0.999596
29	11	1.13284
29	97	1.10957
29	124	1.08635
29	133	1.08662
29	137	0.678707
29	138	1.0835
29	156	1.07968
29	159	1.06266
29	163	1.09331
29	170	1.06547
29	173	0.912999
29	178	0.895402
29	179	0.851961
29	180	0.866362
30	66	1.11926
30	82	1.10761
30	86	0.857671
30	112	0.761817
30	145	1.07366
30	148	1.06255
30	149	1.10759
30	155	0.901786
30	157	1.09453
30	160	1.07667
30	164	1.08045
30	166	1.07768
30	176	0.845553
30	180	0.842609
31	67	1.05148
31	95	0.991121
31	108	0.997041
31	109	1.04137
31	115	0.957625
31	118	0.993873
31	120	0.978698
31	126	0.961805
31	128	0.958302
31	141	0.983093
31	165	0.961274
31	171	1.08863
31	173	1.08029
31	180	0.962727
32	42	1.06532
32	79	1.02189
32	117	0.956681
32	123	0.974804
32	136	0.955693
32	137	0.954161
32	139	0.984078
32	154	0.973612
32	161	1.04827
32	167	0.960137
32	172	1.0507
32	173	1.06758
32	177	1.04063
32	180	0.953627
33	25	1.02881
33	63	0.99435
33	99	0.969696
33	105	0.990028
33	117	0.970426
33	125	0.977478
33	135	0.970472
33	140	1.00214
33	143	1.11767
33	153	0.96417
33	154	0.987357
33	158	0.98487
33	167	0.973882
33	172	1.07409
34	50	1.00275
34	118	1.00084
34	128	0.965269
34	132	1.09996
34	133	1.08993
34	139	1.001
34	141	0.990061
34	149	0.996626
34	157	0.98357
34	164	0.969486
34	172	0.967179
34	175	0.97346
34	178	0.966408
34	179	0.9871
35	58	0.808061
35	78	0.792842
35	86	1.0976
35	88	0.875124
35	102	1.07243
35	119	1.07786
35	131	0.830615
35	153	0.883476
35	155	1.07249
35	172	1.08848
35	174	1.09525
35	176	1.09979
35	178	1.08771
35	179	1.1084
36	28	0.996708
36	95	0.985125
36	120	0.987048
36	125	1.05338
36	130	1.16689
36	134	0.990742
36	151	0.974946
36	168	0.980094
36	174	0.974812
36	175	0.974321
36	176	0.979349
36	177	0.973798
36	178	0.967269
36	179	0.987961
37	56	0.989817
37	57	1.00811
37	64	0.996892
37	76	1.01714
37	106	0.996272
37	115	0.95763
37	118	0.993878
37	120	0.978703
37	126	0.961809
37	128	0.958306
37	141	0.983097
37	146	1.09061
37	169	1.11214
37	180	0.962731
38	39	0.976778
38	83	0.931587
38	90	0.981213
38	105	1.00519
38	107	0.952736
38	122	0.964212
38	123	1.00371
38	139	1.01299
38	157	1.05822
38	167	0.989046
38	170	1.1121
38	175	1.0209
38	179	1.01592
38	180	0.982536
39	20	1.02704
39	38	0.976778
39	105	0.993629
39	107	0.941172
39	135	0.974073
39	139	1.00142
39	140	1.00574
39	153	0.96777
39	154	0.990957
39	165	1.08262
39	166	1.07708
39	167	0.977483
39	179	1.0187
39	180	0.970972
40	80	0.93856
40	85	0.961859
40	88	0.996135
40	100	0.987074
40	122	1.13691
40	131	1.00883
40	133	0.986314
40	138	0.983197
40	156	0.979373
40	159	0.96235
40	163	0.993
40	170	0.965163
40	178	1.06878
40	180	1.03974
41	87	0.991848
41	90	1.02985
41	104	1.13408
41	142	1.0023
41	153	1.0372
41	155	0.958984
41	162	0.987127
41	169	0.974012
41	170	0.966517
41	172	0.97497
41	176	0.986278
41	177	0.980728
41	178	0.974198
41	179	0.994891
42	32	1.06532
42	57	0.778286
42	71	1.08624
42	83	1.03747
42	99	1.09074
42	123	1.1096
42	139	1.11887
42	154	1.10841
42	166	0.888328
42	167	1.09493
42	172	0.874106
42	174	0.838426
42	179	0.82995
42	180	1.08842
43	20	1.02119
43	130	0.967004
43	132	0.967499
43	133	0.991526
43	138	0.98841
43	143	1.10059
43	156	0.984586
43	159	0.967563
43	163	0.998212
43	166	0.978374
43	170	0.970375
43	171	0.986451
43	178	1.0563
43	180	1.02726
44	75	1.08096
44	125	0.807045
44	130	0.920556
44	149	0.758782
44	151	1.08896
44	152	0.821013
44	159	0.883806
44	168	1.0941
44	173	1.08222
44	174	1.08882
44	175	1.08833
44	176	1.09336
44	178	1.08128
44	179	1.10197
45	4	1.04137
45	27	0.999811
45	90	0.968711
45	107	0.940234
45	135	0.973135
45	136	0.972101
45	137	0.970568
45	139	1.00049
45	153	0.966832
45	154	0.990019
45	167	0.976545
45	170	1.11222
45	172	1.0602
45	176	1.03339
46	3	1.04047
46	7	1.02935
46	24	0.980976
46	103	1.02429
46	104	0.952542
46	114	0.963188
46	127	1.05598
46	145	0.960172
46	148	0.94906
46	149	0.994099
46	160	0.963188
46	164	0.966958
46	179	1.05632
46	180	1.07072
47	65	0.855976
47	82	0.851737
47	105	0.866583
47	130	1.01481
47	143	1.03017
47	154	0.90156
47	158	1.07216
47	161	1.05164
47	162	1.05441
47	173	1.04242
47	174	1.04902
47	175	1.04853
47	177	1.04801
47	178	1.04148
47	179	1.06217
48	17	1.06913
48	68	0.954898
48	83	0.89839
48	84	0.991344
48	96	1.15158
48	107	0.91954
48	117	0.952394
48	135	0.95244
48	140	0.984109
48	143	1.15989
48	144	0.975572
48	153	0.946138
48	154	0.969325
48	167	0.95585
48	169	1.12452
49	52	1.02718
49	80	0.913908
49	124	0.961397
49	129	0.954916
49	130	0.93714
49	132	0.937635
49	138	0.958546
49	148	0.986115
49	156	0.954722
49	159	0.937699
49	163	0.968348
49	166	0.94851
49	173	1.20673
49	175	1.15068
49	180	1.16009
50	34	1.00275
50	97	1.07883
50	129	1.04914
50	130	1.03136
50	131	1.0784
50	132	1.03186
50	136	0.773264
50	156	1.04894
50	158	0.872461
50	159	1.03192
50	162	0.920842
50	163	1.06257
50	165	1.04425
50	166	1.04273
50	176	0.93487
51	101	1.03146
51	118	0.853411
51	129	0.948754
51	149	0.859596
51	152	0.921827
51	154	0.908118
51	158	1.07214
51	161	1.05163
51	162	1.05439
51	169	1.04127
51	174	1.049
51	175	1.04851
51	177	1.04799
51	178	1.04146
51	179	1.06215
52	26	1.07613
52	49	1.02718
52	80	1.01486
52	92	1.03612
52	121	1.0809
52	122	1.00848
52	132	1.03858
52	133	1.06261
52	147	0.832513
52	156	1.05567
52	158	0.851847
52	159	1.03865
52	163	1.0693
52	175	0.9019
52	176	0.914257
53	65	1.07103
53	92	1.02475
53	102	1.00516
53	113	1.04488
53	121	1.06953
53	123	1.06223
53	135	1.04416
53	142	0.825276
53	151	0.917242
53	160	1.03708
53	163	1.05793
53	164	1.04085
53	167	1.04757
53	173	0.88947
53	178	0.871873
54	6	1.10865
54	19	1.0706
54	22	0.969453
54	60	1.0738
54	114	1.04762
54	127	0.87107
54	148	1.0335
54	150	0.873599
54	160	1.04762
54	164	1.0514
54	165	0.935329
54	169	0.923786
54	170	1.04064
54	171	1.05671
54	177	0.9055
55	67	0.783283
55	78	0.885016
55	108	1.06259
55	140	0.874405
55	147	1.07324
55	148	0.991351
55	151	1.04006
55	158	1.06306
55	164	0.956545
55	168	1.04521
55	174	1.03993
55	175	1.03944
55	176	1.04447
55	177	1.03892
55	179	1.05308
56	37	0.989817
56	64	1.03798
56	86	0.975302
56	91	0.849821
56	95	1.03221
56	112	1.07367
56	115	0.998715
56	118	1.03496
56	126	1.00289
56	128	0.999391
56	141	1.02418
56	144	0.964504
56	165	1.00236
56	166	1.00422
56	171	1.01522
56	180	1.00382
57	37	1.00811
57	42	0.778286
57	83	1.11253
57	146	1.02225
57	158	1.03984
57	160	0.937024
57	164	0.959099
57	169	1.00898
57	172	1.00994
57	173	1.01011
57	174	1.01671
57	175	1.01622
57	176	1.02124
57	177	1.01569
57	178	1.00916
57	179	1.02986
58	1	1.06911
58	12	1.15284
58	19	1.02305
58	24	1.01786
58	35	0.808061
58	73	0.797759
58	77	1.04857
58	104	0.989426
58	113	1.00787
58	116	1.0428
58	145	0.997056
58	149	1.03098
58	157	1.01793
58	160	1.00007
58	164	1.00384
58	172	0.998609
59	4	0.998588
59	61	1.15053
59	71	0.92507
59	93	0.918416
59	98	1.19249
59	99	0.929578
59	107	0.897454
59	117	0.930308
59	136	0.92932
59	137	0.927788
59	150	1.1968
59	152	0.938424
59	153	0.924052
59	154	0.947239
59	155	1.2682
59	167	0.933764
60	14	0.836926
60	54	1.0738
60	89	1.06502
60	94	1.03087
60	113	1.00275
60	114	0.994951
60	144	1.02516
60	145	0.991935
60	148	0.980824
60	149	1.02586
60	152	1.0101
60	155	1.04079
60	164	0.998722
60	174	0.975686
60	175	0.972197
60	180	0.981611
61	1	0.83874
61	59	1.15053
61	71	0.937152
61	103	1.05517
61	105	0.922981
61	146	1.02053
61	155	0.992229
61	158	1.03812
61	160	0.9446
61	169	1.00726
61	172	1.00822
61	173	1.00839
61	174	1.01499
61	176	1.01952
61	178	1.00744
61	179	1.02814
62	19	0.967443
62	69	0.988731
62	81	0.879342
62	130	1.07228
62	134	1.028
62	140	0.88561
62	142	1.03263
62	147	1.04538
62	161	1.01469
62	169	1.00434
62	173	1.00547
62	174	1.01207
62	176	1.01661
62	177	1.01106
62	178	1.00453
62	179	1.02522
63	15	1.07264
63	33	0.99435
63	102	1.04981
63	105	1.02636
63	117	1.00676
63	119	0.978775
63	122	0.985384
63	137	1.00424
63	139	1.03416
63	140	1.03848
63	146	0.903916
63	154	1.02369
63	167	1.01022
63	171	0.942458
63	173	0.934117
63	180	1.00371
64	37	0.996892
64	56	1.03798
64	95	1.03929
64	115	1.00579
64	118	1.04204
64	120	1.02686
64	122	0.992567
64	126	1.00997
64	128	1.00647
64	141	1.03126
64	144	0.942272
64	161	0.965338
64	171	0.992986
64	173	0.984645
64	179	0.923608
64	180	1.01089
65	8	1.07716
65	47	0.855976
65	53	1.07103
65	83	0.955752
65	90	1.00538
65	107	0.976901
65	111	1.01632
65	127	1.02168
65	137	1.00723
65	140	1.04147
65	142	0.953304
65	153	1.0035
65	154	1.02669
65	165	1.02038
65	167	1.01321
65	175	0.961449
66	22	0.933189
66	24	1.02915
66	30	1.11926
66	104	1.00071
66	110	0.97109
66	112	0.89248
66	113	1.01916
66	116	1.05409
66	134	0.961126
66	145	1.00834
66	148	0.997233
66	160	1.01136
66	164	1.01513
66	166	1.01237
66	169	1.01124
66	180	0.973272
67	31	1.05148
67	55	0.783283
67	76	1.11989
67	78	1.11931
67	95	1.09388
67	98	0.835375
67	115	1.06038
67	118	1.09663
67	120	1.08146
67	126	1.06456
67	128	1.06106
67	141	1.08585
67	146	0.868337
67	166	0.895879
67	176	0.854846
67	177	0.871586
67	180	1.06549
68	48	0.954898
68	70	1.01615
68	81	1.01615
68	99	0.984613
68	117	0.985343
68	119	1.05197
68	125	0.992395
68	136	0.984355
68	139	1.01274
68	140	1.01706
68	153	0.979087
68	154	1.00227
68	157	0.988574
68	165	1.01019
68	167	0.988799
68	170	1.04245
68	180	0.982289
69	62	0.988731
69	83	0.990791
69	87	1.00287
69	97	1.01856
69	101	1.09741
69	121	1.01389
69	129	0.98886
69	130	0.971084
69	132	0.97158
69	133	0.995607
69	138	0.99249
69	156	0.988666
69	158	0.98668
69	159	0.971644
69	163	1.00229
69	166	0.982455
69	174	1.04022
70	3	0.943273
70	68	1.01615
70	72	1.09923
70	81	0.992227
70	119	0.978282
70	121	1.04405
70	151	0.99581
70	161	0.998299
70	165	0.989967
70	168	1.00096
70	169	0.987947
70	170	0.980452
70	173	0.989075
70	174	0.995676
70	175	0.995186
70	176	1.00021
70	178	0.988133
71	42	1.08624
71	59	0.92507
71	61	0.937152
71	105	0.997203
71	112	1.0444
71	117	0.9776
71	119	1.08694
71	125	0.984652
71	135	0.977647
71	152	0.985716
71	153	0.971344
71	154	0.994531
71	165	1.04515
71	166	1.03962
71	167	0.981057
71	176	0.998585
71	180	0.974546
72	26	1.00766
72	70	1.09923
72	87	1.0014
72	91	0.933343
72	97	1.01709
72	100	0.994899
72	115	0.871626
72	130	0.969616
72	132	0.970111
72	133	0.994138
72	151	1.11817
72	156	0.987197
72	157	0.997831
72	159	0.970175
72	163	1.00082
72	169	1.08173
72	171	0.989062
73	2	0.771399
73	58	0.797759
73	85	1.11499
73	104	0.970054
73	106	1.10273
73	119	1.06392
73	135	0.854587
73	154	0.845352
73	155	1.05856
73	164	0.85407
73	165	1.07561
73	172	1.07455
73	173	1.07472
73	175	1.08083
73	176	1.08585
73	178	1.07377
73	179	1.09447
74	96	0.967877
74	108	1.01694
74	113	1.0074
74	131	0.983275
74	133	1.01097
74	137	1.03816
74	143	0.975432
74	148	1.05184
74	151	0.994415
74	155	0.971524
74	162	0.999667
74	169	0.986552
74	174	0.994281
74	175	0.993791
74	176	0.998818
74	177	0.993268
74	179	1.00743
75	44	1.08096
75	101	0.959836
75	103	1.01756
75	133	1.0012
75	135	1.00778
75	137	1.02839
75	147	1.01069
75	148	1.04207
75	152	1.01225
75	158	1.00052
75	168	0.982663
75	169	0.969651
75	172	0.970609
75	173	0.970779
75	177	0.976367
75	178	0.969837
75	179	0.99053
76	23	1.04351
76	37	1.01714
76	67	1.11989
76	78	1.08496
76	91	0.773838
76	95	1.05953
76	115	1.02603
76	118	1.06228
76	120	1.04711
76	126	1.03021
76	128	1.02671
76	141	1.0515
76	144	0.888521
76	157	0.912155
76	170	0.966036
76	171	0.939235
76	173	0.930894
76	180	1.03113
77	58	1.04857
77	85	0.999648
77	99	1.07384
77	131	1.07113
77	143	0.947123
77	147	0.999285
77	150	0.991449
77	155	0.943215
77	156	1.09415
77	164	1.10488
77	172	0.959201
77	173	0.959371
77	174	0.965972
77	176	0.970509
77	177	0.964959
77	178	0.958429
77	179	0.979122
77	180	0.961716
78	17	0.936217
78	21	1.05278
78	23	1.04293
78	35	0.792842
78	55	0.885016
78	67	1.11931
78	76	1.08496
78	115	1.02545
78	118	1.0617
78	120	1.04653
78	126	1.02963
78	128	1.02613
78	141	1.05092
78	144	0.957899
78	158	0.894169
78	165	1.0291
78	179	0.939234
78	180	1.03056
79	32	1.02189
79	83	0.994043
79	93	1.03615
79	105	1.06765
79	123	1.06617
79	125	1.0551
79	137	1.04553
79	139	1.07544
79	140	1.07976
79	150	0.848951
79	153	1.04179
79	154	1.06498
79	155	0.920344
79	157	0.889065
79	165	0.91068
79	167	1.0515
79	169	0.899138
79	170	0.942945
80	14	1.05906
80	40	0.93856
80	49	0.913908
80	52	1.01486
80	88	0.959163
80	100	0.950102
80	121	0.967627
80	124	0.949076
80	129	0.942595
80	131	0.971861
80	132	0.925314
80	133	0.949341
80	142	1.18619
80	147	1.12495
80	158	1.14428
80	159	0.925378
80	162	1.19266
80	163	0.956027
80	166	0.936189
81	18	0.911464
81	62	0.879342
81	68	1.01615
81	70	0.992227
81	93	1.00175
81	99	1.01291
81	112	1.08044
81	125	1.0207
81	135	1.01369
81	137	1.01112
81	139	1.04104
81	140	1.04536
81	152	1.02176
81	153	1.00739
81	157	0.964654
81	167	1.0171
81	171	0.991733
81	178	0.965795
81	180	1.01059
82	6	1.06073
82	7	1.06587
82	30	1.10761
82	47	0.851737
82	108	0.930012
82	144	1.02992
82	145	0.996692
82	148	0.98558
82	149	1.03062
82	157	1.01756
82	160	0.999708
82	164	1.00348
82	165	1.01614
82	166	1.00072
82	168	0.957719
82	170	0.992719
82	171	1.00879
82	172	0.996378
82	175	0.95721
83	38	0.931587
83	42	1.03747
83	48	0.89839
83	57	1.11253
83	65	0.955752
83	69	0.990791
83	79	0.994043
83	99	0.928105
83	112	0.995632
83	123	0.946958
83	135	0.928881
83	137	0.926315
83	139	0.956232
83	153	0.922579
83	154	0.945766
83	158	1.11913
83	166	1.22257
83	167	0.932291
83	170	1.26037
84	4	1.09007
84	48	0.991344
84	104	1.00411
84	106	0.874653
84	126	1.01781
84	128	1.01431
84	141	1.0391
84	143	1.02589
84	145	1.01174
84	153	1.01553
84	154	1.03872
84	160	1.01476
84	164	1.01853
84	167	1.02525
84	172	0.982306
84	174	0.946626
84	175	0.943137
84	179	0.93815
84	180	1.01873
85	40	0.961859
85	73	1.11499
85	77	0.999648
85	102	0.996099
85	110	1.02025
85	121	0.910698
85	128	0.983869
85	132	0.951259
85	156	0.936551
85	161	1.02154
85	164	0.947284
85	171	1.01977
85	172	1.01215
85	173	1.01232
85	175	1.01843
85	176	1.02346
85	177	1.01791
85	178	1.01138
85	179	1.03207
86	30	0.857671
86	35	1.0976
86	56	0.975302
86	108	1.01025
86	119	0.970197
86	138	1.02569
86	147	1.0209
86	150	1.01307
86	151	0.987725
86	152	1.04522
86	153	1.05933
86	156	1.02949
86	162	0.992977
86	169	0.979862
86	172	0.98082
86	175	0.987101
86	176	0.992128
86	177	0.986578
86	178	0.980048
86	179	1.00074
87	41	0.991848
87	69	1.00287
87	72	1.0014
87	88	1.01418
87	92	0.977871
87	100	1.00512
87	124	1.00409
87	129	0.997613
87	131	1.02688
87	132	0.980332
87	144	1.00318
87	147	0.920121
87	155	1.0581
87	156	0.997419
87	157	1.00805
87	159	0.980396
87	163	1.01105
87	165	0.992724
87	169	1.03689
87	180	0.998921
88	25	1.0204
88	35	0.875124
88	40	0.996135
88	80	0.959163
88	87	1.01418
88	121	1.0252
88	124	1.00665
88	131	1.02944
88	132	0.98289
88	133	1.00692
88	147	0.957117
88	150	1.0237
88	155	1.09509
88	156	0.999977
88	159	0.982954
88	163	1.0136
88	165	0.995281
88	170	0.985766
88	171	1.00184
88	180	1.03592
89	1	1.10788
89	20	0.906783
89	60	1.06502
89	94	1.07476
89	103	0.866414
89	104	1.02819
89	108	0.876237
89	112	0.832056
89	114	1.03884
89	122	1.01002
89	145	1.03582
89	148	1.02471
89	149	1.06975
89	152	1.05399
89	160	1.03884
89	164	1.04261
89	166	1.03985
89	170	1.03185
89	171	1.04792
89	174	0.906923
89	180	0.912848
90	38	0.981213
90	41	1.02985
90	45	0.968711
90	65	1.00538
90	93	0.966569
90	99	0.977731
90	107	0.945607
90	110	1.03474
90	123	0.996584
90	135	0.978508
90	136	0.977474
90	137	0.975941
90	140	1.01018
90	152	0.986577
90	153	0.972205
90	166	1.0809
90	167	0.981918
90	169	1.0749
90	178	1.06597
90	179	1.02253
90	180	0.975407
91	23	0.87597
91	56	0.849821
91	72	0.933343
91	76	0.773838
91	115	0.95139
91	129	0.946663
91	136	0.964864
91	146	1.05451
91	155	1.02621
91	158	1.0721
91	161	1.05159
91	162	1.05435
91	168	1.05425
91	172	1.04219
91	173	1.04236
91	174	1.04897
91	175	1.04848
91	176	1.0535
91	177	1.04795
91	178	1.04142
91	179	1.06212
92	52	1.03612
92	53	1.02475
92	87	0.977871
92	97	0.993558
92	100	0.971368
92	109	1.05878
92	110	1.04888
92	112	0.970273
92	121	0.988893
92	122	1.14824
92	129	0.963861
92	131	0.993127
92	138	0.967491
92	152	0.971595
92	156	0.963667
92	157	0.9743
92	159	0.946644
92	162	1.03998
92	163	0.977293
92	170	0.949456
92	174	1.04514
93	59	0.918416
93	79	1.03615
93	81	1.00175
93	90	0.966569
93	99	0.970216
93	105	0.990548
93	125	0.977998
93	127	0.982872
93	137	0.968426
93	139	0.998343
93	140	1.00266
93	143	1.11635
93	152	0.979062
93	153	0.96469
93	162	1.03192
93	167	0.974402
93	168	1.0341
93	174	1.03708
93	177	1.06269
93	179	1.02861
93	180	0.967892
94	5	1.06518
94	6	1.06572
94	25	0.955452
94	60	1.03087
94	89	1.07476
94	102	1.1333
94	104	0.994047
94	113	1.01249
94	114	1.00469
94	116	1.04742
94	118	0.698768
94	144	1.0349
94	145	1.00168
94	147	0.892174
94	149	1.0356
94	160	1.00469
94	164	1.00846
94	166	1.0057
94	171	1.01378
94	172	1.00073
94	179	0.956574
94	180	0.970975
95	13	1.06989
95	23	1.0175
95	31	0.991121
95	36	0.985125
95	56	1.03221
95	64	1.03929
95	67	1.09388
95	76	1.05953
95	115	1.00002
95	118	1.03627
95	120	1.0211
95	126	1.0042
95	127	0.933183
95	128	1.0007
95	134	0.935783
95	141	1.02549
95	142	0.930371
95	144	0.952193
95	158	0.888463
95	165	1.00367
95	169	0.985899
95	180	1.00512
96	24	1.05871
96	27	0.986869
96	48	1.15158
96	74	0.967877
96	102	0.936018
96	106	0.980256
96	109	0.963689
96	114	1.03259
96	117	1.15495
96	126	1.056
96	136	1.14031
96	143	0.939989
96	147	0.992151
96	151	0.958972
96	161	0.961461
96	168	0.96412
96	169	0.951108
96	172	0.952067
96	173	0.952237
96	176	0.963375
96	177	0.957824
96	179	0.971987
97	29	1.10957
97	50	1.07883
97	69	1.01856
97	72	1.01709
97	92	0.993558
97	98	0.92235
97	111	0.984338
97	121	1.03833
97	124	1.01978
97	129	1.0133
97	130	0.995523
97	131	1.04257
97	133	1.02005
97	138	1.01693
97	146	0.955312
97	156	1.01311
97	159	0.996082
97	162	0.927792
97	163	1.02673
97	168	0.929972
97	172	0.968632
97	179	0.924476
98	59	1.19249
98	67	0.835375
98	97	0.92235
98	109	1.01061
98	110	1.00709
98	113	0.999005
98	132	1.01261
98	134	1.02169
98	141	0.944165
98	143	0.986909
98	151	1.00589
98	155	0.983001
98	158	1.02889
98	160	0.986562
98	162	1.01114
98	168	1.01104
98	170	0.990534
98	174	1.00576
98	175	1.00527
98	176	1.0103
98	177	1.00475
98	178	0.998216
98	179	1.01891
99	33	0.969696
99	42	1.09074
99	59	0.929578
99	68	0.984613
99	77	1.07384
99	81	1.01291
99	83	0.928105
99	90	0.977731
99	93	0.970216
99	110	0.991936
99	117	0.982108
99	123	1.00023
99	125	0.98916
99	136	0.98112
99	139	1.00951
99	140	1.01382
99	153	0.975852
99	154	0.999039
99	165	1.04363
99	167	0.985564
99	170	1.0759
99	172	1.02387
99	174	0.988193
99	177	1.0138
100	27	1.0071
100	28	0.982562
100	40	0.987074
100	72	0.994899
100	80	0.950102
100	87	1.00512
100	92	0.971368
100	121	1.01614
100	124	0.997591
100	129	0.99111
100	130	0.973334
100	132	0.973829
100	133	0.997856
100	134	1.02559
100	138	0.99474
100	156	0.990916
100	159	0.973893
100	163	1.00454
100	166	0.984704
100	171	0.99278
100	174	1.03181
100	177	1.05742
100	178	1.06677
100	180	1.03773
101	51	1.03146
101	69	1.09741
101	75	0.959836
101	111	0.977204
101	118	1.01301
101	119	0.950304
101	136	1.12655
101	137	1.09756
101	138	1.06189
101	142	0.988254
101	143	0.948849
101	151	0.967832
101	158	0.990834
101	162	0.973084
101	163	1.04163
101	167	1.05261
101	168	0.97298
101	173	0.961097
101	174	0.967698
101	175	0.967208
101	176	0.972235
101	177	0.966684
101	178	0.960155
101	179	0.980847
101	180	0.963442
102	8	0.986433
102	17	0.989608
102	26	1.0991
102	35	1.07243
102	53	1.00516
102	63	1.04981
102	85	0.996099
102	94	1.1333
102	96	0.936018
102	108	0.985086
102	109	0.967274
102	114	1.12989
102	122	0.939842
102	139	1.0925
102	150	0.987899
102	155	0.939665
102	158	0.985558
102	162	0.967808
102	172	0.955651
102	173	0.955821
102	174	0.962422
102	176	0.966959
102	177	0.961409
102	178	0.954879
102	179	0.975572
103	15	0.827895
103	46	1.02429
103	61	1.05517
103	75	1.01756
103	89	0.866414
103	105	0.935036
103	123	0.885934
103	133	0.97267
103	134	1.04135
103	135	0.979248
103	137	0.999857
103	142	1.04598
103	147	1.05873
103	155	1.00266
103	161	1.02804
103	168	1.0307
103	172	1.01865
103	173	1.01882
103	174	1.02542
103	175	1.02493
103	176	1.02996
103	177	1.02441
103	178	1.01788
103	179	1.03857
103	180	1.02117
104	1	1.02717
104	22	0.879955
104	41	1.13408
104	46	0.952542
104	58	0.989426
104	66	1.00071
104	73	0.970054
104	84	1.00411
104	89	1.02819
104	94	0.994047
104	106	1.06325
104	108	1.10454
104	113	0.965925
104	114	0.958126
104	145	0.95511
104	148	0.943999
104	149	0.989037
104	152	0.973275
104	156	0.921634
104	160	0.958126
104	164	0.961897
104	170	0.951137
104	171	0.967212
104	172	1.1709
104	180	1.14115
105	33	0.990028
105	38	1.00519
105	39	0.993629
105	47	0.866583
105	61	0.922981
105	63	1.02636
105	71	0.997203
105	79	1.06765
105	93	0.990548
105	103	0.935036
105	119	1.07276
105	123	1.02056
105	125	1.00949
105	135	1.00249
105	136	1.00145
105	139	1.02984
105	140	1.03416
105	150	0.969253
105	152	1.01056
105	153	0.996185
105	154	1.01937
105	165	1.03098
105	167	1.0059
105	177	1.00115
105	178	1.01051
105	180	0.999387
106	37	0.996272
106	73	1.10273
106	84	0.874653
106	96	0.980256
106	104	1.06325
106	107	1.02864
106	109	1.01151
106	117	1.01202
106	119	0.989266
106	141	0.882793
106	142	1.02722
106	143	0.987811
106	145	0.987174
106	146	1.01221
106	150	1.03214
106	155	0.983903
106	158	1.0298
106	164	0.947266
106	169	0.998931
106	172	0.999889
106	175	1.00617
106	176	1.0112
106	177	1.00565
106	178	0.999117
106	179	1.01981
106	180	1.0024
107	8	1.01739
107	15	1.01587
107	38	0.952736
107	39	0.941172
107	45	0.940234
107	48	0.91954
107	59	0.897454
107	65	0.976901
107	90	0.945607
107	106	1.02864
107	117	0.949984
107	123	0.968107
107	125	0.957036
107	135	0.950031
107	136	0.948997
107	140	0.981699
107	144	0.973162
107	153	0.943728
107	154	0.966915
107	157	1.13444
107	161	1.13387
107	166	1.15052
107	167	0.95344
107	173	1.15318
107	174	1.10062
107	176	1.10948
108	31	0.997041
108	55	1.06259
108	74	1.01694
108	82	0.930012
108	86	1.01025
108	89	0.876237
108	102	0.985086
108	104	1.10454
108	110	1.00924
108	114	0.930954
108	129	1.02047
108	146	1.01345
108	151	1.00804
108	154	0.979835
108	161	1.01053
108	162	1.01329
108	163	0.953755
108	168	1.01319
108	169	1.00018
108	172	1.00113
108	174	1.00791
108	175	1.00742
108	176	1.01244
108	177	1.00689
108	178	1.00036
108	179	1.02106
109	7	0.913058
109	18	1.02003
109	31	1.04137
109	92	1.05878
109	96	0.963689
109	98	1.01061
109	102	0.967274
109	106	1.01151
109	111	0.9996
109	128	1.06947
109	134	1.00602
109	140	0.950742
109	142	1.01065
109	152	1.03787
109	158	1.01323
109	160	1.01081
109	161	0.992717
109	166	0.982869
109	167	1.00906
109	168	0.995376
109	172	0.983323
109	173	0.983493
109	174	0.990094
109	176	0.994631
109	177	0.98908
109	178	0.982551
109	179	1.00324
110	3	0.88562
110	66	0.97109
110	85	1.02025
110	90	1.03474
110	92	1.04888
110	98	1.00709
110	99	0.991936
110	108	1.00924
110	122	0.963994
110	136	1.0731
110	142	1.00713
110	147	1.01989
110	150	1.01205
110	151	0.986708
110	158	1.00971
110	159	1.09077
110	162	0.99196
110	167	0.999164
110	168	0.991856
110	169	0.978844
110	172	0.979803
110	173	0.979973
110	175	0.986083
110	176	0.991111
110	177	0.98556
110	178	0.979031
110	179	0.999723
111	1	0.94269
111	65	1.01632
111	97	0.984338
111	101	0.977204
111	109	0.9996
111	116	1.01307
111	126	1.03643
111	140	0.988485
111	146	1.00029
111	147	1.02806
111	151	0.994883
111	154	1.06191
111	155	0.971991
111	158	1.01788
111	160	1.04855
111	161	0.997372
111	162	1.00013
111	166	0.987523
111	169	0.987019
111	170	0.979524
111	172	0.987978
111	173	0.988147
111	175	0.994258
111	176	0.999286
111	177	0.993735
111	178	0.987206
111	179	1.0079
112	26	0.855979
112	30	0.761817
112	56	1.07367
112	66	0.89248
112	71	1.0444
112	81	1.08044
112	83	0.995632
112	89	0.832056
112	92	0.970273
112	115	1.04148
112	118	1.07773
112	120	1.06255
112	121	0.907786
112	126	1.04566
112	128	1.04216
112	136	1.04865
112	137	1.04711
112	145	0.98428
112	148	0.979178
112	163	0.909574
112	167	1.05309
112	169	1.04311
112	170	1.03561
112	172	1.04407
112	174	1.05084
112	177	1.04982
112	179	1.06399
113	3	1.05385
113	10	1.0517
113	19	0.99955
113	22	0.898399
113	53	1.04488
113	58	1.00787
113	60	1.00275
113	66	1.01916
113	74	1.0074
113	94	1.01249
113	98	0.999005
113	104	0.965925
113	114	0.976571
113	116	1.0193
113	142	0.997973
113	145	0.973555
113	148	0.962443
113	149	1.00748
113	160	0.976571
113	161	1.04286
113	164	0.980341
113	166	0.977581
113	168	1.00663
113	170	0.969582
113	175	1.00612
113	177	1.03522
113	180	1.01553
114	3	1.04605
114	6	1.0298
114	7	1.03493
114	46	0.963188
114	54	1.04762
114	60	0.994951
114	89	1.03884
114	94	1.00469
114	96	1.03259
114	102	1.12989
114	104	0.958126
114	108	0.930954
114	113	0.976571
114	116	1.0115
114	145	0.965756
114	148	0.954644
114	149	0.999683
114	151	1.04197
114	152	0.983921
114	157	0.986627
114	160	0.968772
114	161	0.994894
114	164	0.972542
114	170	0.961783
114	173	1.0142
114	178	0.996604
114	180	0.967565
115	13	1.0364
115	21	0.993853
115	23	0.984
115	31	0.957625
115	37	0.95763
115	56	0.998715
115	64	1.00579
115	67	1.06038
115	72	0.871626
115	76	1.02603
115	78	1.02545
115	91	0.95139
115	95	1.00002
115	112	1.04148
115	120	0.9876
115	122	0.953305
115	126	0.970707
115	128	0.967204
115	141	0.991995
115	151	1.13622
115	161	1.08914
115	164	0.853028
115	165	0.970176
115	166	1.10579
115	175	1.0524
115	179	1.04741
115	180	0.971629
116	3	1.08878
116	5	1.07199
116	7	1.07766
116	16	1.08124
116	19	1.03448
116	22	0.933328
116	24	1.02929
116	58	1.0428
116	66	1.05409
116	94	1.04742
116	111	1.01307
116	113	1.0193
116	114	1.0115
116	128	0.795415
116	141	0.694357
116	145	1.00848
116	148	0.997372
116	149	1.04241
116	160	1.0115
116	161	0.99494
116	164	1.01527
116	165	1.01712
116	166	1.01251
116	171	1.02059
116	175	0.958198
116	176	0.970555
116	178	0.996651
116	180	0.967611
117	32	0.956681
117	33	0.970426
117	48	0.952394
117	59	0.930308
117	63	1.00676
117	68	0.985343
117	71	0.9776
117	96	1.15495
117	99	0.982108
117	106	1.01202
117	107	0.949984
117	125	0.989891
117	127	0.994764
117	135	0.982885
117	136	0.981851
117	137	0.980318
117	139	1.01024
117	144	1.00602
117	147	1.01112
117	149	0.823898
117	153	0.976582
117	154	0.999769
117	157	1.11782
117	167	0.986295
117	169	1.12789
117	174	1.08399
117	179	1.07552
117	180	0.979785
118	13	1.07265
118	21	1.0301
118	23	1.02025
118	31	0.993873
118	34	1.00084
118	37	0.993878
118	51	0.853411
118	56	1.03496
118	64	1.04204
118	67	1.09663
118	76	1.06228
118	78	1.0617
118	94	0.698768
118	95	1.03627
118	101	1.01301
118	112	1.07773
118	120	1.02385
118	126	1.00695
118	128	1.00345
118	141	1.02824
118	143	1.03508
118	145	0.792866
118	157	0.989637
118	165	1.00642
118	169	0.99971
118	171	1.01672
118	173	1.00838
118	180	1.00788
119	16	0.947152
119	19	1.11615
119	26	1.02807
119	35	1.07786
119	63	0.978775
119	68	1.05197
119	70	0.978282
119	71	1.08694
119	73	1.06392
119	86	0.970197
119	101	0.950304
119	105	1.07276
119	106	0.989266
119	142	0.988404
119	143	0.948999
119	146	0.973393
119	158	0.990984
119	164	1.11646
119	168	0.973131
119	169	0.960119
119	171	0.968699
119	172	0.961077
119	173	0.961247
119	176	0.972386
119	177	0.966835
119	178	0.960306
119	179	0.980998
119	180	0.963592
120	11	1.0491
120	18	0.92456
120	21	1.01493
120	23	1.00507
120	27	1.02499
120	31	0.978698
120	36	0.987048
120	37	0.978703
120	64	1.02686
120	67	1.08146
120	76	1.04711
120	78	1.04653
120	95	1.0211
120	112	1.06255
120	115	0.9876
120	118	1.02385
120	122	0.974378
120	126	0.99178
120	128	0.988277
120	141	1.01307
120	144	0.954115
120	157	0.97775
120	162	0.938767
120	165	0.991249
120	166	0.993829
120	171	1.00483
120	176	0.952796
120	178	0.978891
120	180	0.992702
121	52	1.0809
121	53	1.06953
121	69	1.01389
121	70	1.04405
121	80	0.967627
121	85	0.910698
121	88	1.0252
121	92	0.988893
121	97	1.03833
121	100	1.01614
121	112	0.907786
121	124	1.01512
121	127	1.02018
121	130	0.990859
121	131	1.0379
121	132	0.991354
121	133	1.01538
121	142	0.97102
121	147	0.909778
121	156	1.00844
121	159	0.991418
121	163	1.02207
121	166	1.00223
121	170	0.994231
121	171	1.01031
121	175	0.979165
121	176	0.991522
121	177	1.00826
121	180	0.988578
122	15	1.02734
122	38	0.964212
122	40	1.13691
122	52	1.00848
122	63	0.985384
122	64	0.992567
122	89	1.01002
122	92	1.14824
122	102	0.939842
122	110	0.963994
122	115	0.953305
122	120	0.974378
122	124	1.11054
122	126	0.957484
122	132	1.12631
122	136	0.960473
122	141	0.978772
122	149	1.0651
122	153	0.955204
122	154	0.978391
122	155	0.939905
122	163	1.08754
122	165	0.956953
122	167	0.964916
122	172	0.955891
122	177	0.961649
122	178	0.955119
122	179	0.975812
122	180	0.958406
123	4	1.06924
123	32	0.974804
123	38	1.00371
123	42	1.1096
123	53	1.06223
123	79	1.06617
123	83	0.946958
123	90	0.996584
123	99	1.00023
123	103	0.885934
123	105	1.02056
123	107	0.968107
123	135	1.00101
123	136	0.999974
123	140	1.03268
123	143	1.00571
123	144	1.02414
123	151	1.00678
123	152	1.00908
123	153	0.994705
123	154	1.01789
123	157	0.960265
123	161	0.959696
123	166	0.976344
123	167	1.00442
123	170	1.01415
123	171	0.987345
123	179	0.917967
123	180	0.997907
124	5	0.776943
124	9	1.0545
124	29	1.08635
124	49	0.961397
124	80	0.949076
124	87	1.00409
124	88	1.00665
124	97	1.01978
124	100	0.997591
124	121	1.01512
124	122	1.11054
124	127	1.00163
124	129	0.990084
124	130	0.972308
124	131	1.01935
124	133	0.99683
124	138	0.993714
124	152	0.997817
124	155	1.07255
124	156	0.98989
124	158	0.953904
124	159	0.972867
124	162	1.00229
124	163	1.00352
124	170	0.975679
124	171	0.991755
124	174	1.00745
124	177	1.03305
124	178	1.04241
124	180	1.01337
125	8	1.0573
125	27	0.985557
125	33	0.977478
125	36	1.05338
125	44	0.807045
125	68	0.992395
125	71	0.984652
125	79	1.0551
125	81	1.0207
125	93	0.977998
125	99	0.98916
125	105	1.00949
125	107	0.957036
125	117	0.989891
125	135	0.989937
125	136	0.988903
125	137	0.98737
125	139	1.01729
125	140	1.02161
125	142	0.998629
125	144	1.01307
125	151	1.0906
125	153	0.983634
125	154	1.00682
125	157	1.04409
125	162	1.0051
125	167	0.993347
125	168	1.00728
125	176	1.01913
125	180	0.986836
126	13	1.04058
126	21	0.998033
126	23	0.98818
126	31	0.961805
126	37	0.961809
126	56	1.00289
126	64	1.00997
126	67	1.06456
126	76	1.03021
126	78	1.02963
126	84	1.01781
126	95	1.0042
126	96	1.056
126	111	1.03643
126	112	1.04566
126	115	0.970707
126	118	1.00695
126	120	0.99178
126	122	0.957484
126	128	0.971383
126	141	0.996174
126	150	0.978754
126	151	1.06538
126	159	0.849973
126	162	0.979886
126	165	0.974355
126	171	1.04595
126	178	1.02001
126	179	0.97657
126	180	0.975808
127	6	0.882615
127	22	1.29103
127	46	1.05598
127	54	0.87107
127	65	1.02168
127	93	0.982872
127	95	0.933183
127	117	0.994764
127	121	1.02018
127	124	1.00163
127	133	1.00189
127	138	0.998776
127	140	1.02648
127	141	0.945945
127	145	1.05033
127	149	0.953178
127	153	0.988508
127	154	1.01169
127	156	0.994952
127	159	0.977929
127	163	1.00858
127	164	1.01042
127	167	0.99822
127	168	1.00125
127	169	0.988237
127	173	0.989365
127	176	1.0005
127	177	0.994953
127	178	0.988423
127	179	1.00912
128	10	1.04345
128	13	1.03707
128	21	0.99453
128	31	0.958302
128	34	0.965269
128	37	0.958306
128	56	0.999391
128	64	1.00647
128	67	1.06106
128	76	1.02671
128	78	1.02613
128	84	1.01431
128	85	0.983869
128	95	1.0007
128	109	1.06947
128	112	1.04216
128	115	0.967204
128	116	0.795415
128	118	1.00345
128	120	0.988277
128	126	0.971383
128	141	0.992671
128	142	1.04419
128	162	1.05066
128	163	0.81817
128	165	0.970852
128	171	1.11673
128	177	1.08143
128	179	1.04735
128	180	0.972305
129	26	1.00387
129	49	0.954916
129	50	1.04914
129	51	0.948754
129	69	0.98886
129	80	0.942595
129	87	0.997613
129	91	0.946663
129	92	0.963861
129	97	1.0133
129	100	0.99111
129	108	1.02047
129	124	0.990084
129	130	0.965827
129	131	1.01287
129	132	0.966322
129	133	0.990349
129	134	1.04494
129	138	0.987233
129	142	1.03952
129	155	1.11626
129	156	0.983409
129	157	0.994042
129	159	0.966386
129	163	0.997035
129	165	0.978713
129	166	0.977197
129	171	0.985273
129	172	1.08684
129	175	1.04767
129	176	1.06003
130	9	1.03024
130	24	0.889432
130	36	1.16689
130	43	0.967004
130	44	0.920556
130	47	1.01481
130	49	0.93714
130	50	1.03136
130	62	1.07228
130	69	0.971084
130	72	0.969616
130	97	0.995523
130	100	0.973334
130	121	0.990859
130	124	0.972308
130	129	0.965827
130	131	0.995093
130	132	0.948546
130	138	0.969457
130	144	1.13396
130	152	0.97356
130	156	0.965633
130	157	0.976266
130	159	0.94861
130	163	0.979259
130	165	0.960937
130	166	0.959421
130	168	1.12079
130	170	0.951422
130	171	0.967497
130	178	1.15874
130	180	1.1297
131	9	1.07728
131	10	0.857106
131	17	0.97399
131	35	0.830615
131	40	1.00883
131	50	1.0784
131	74	0.983275
131	77	1.07113
131	80	0.971861
131	87	1.02688
131	88	1.02944
131	92	0.993127
131	97	1.04257
131	121	1.0379
131	124	1.01935
131	129	1.01287
131	130	0.995093
131	132	0.995588
131	133	1.01961
131	134	0.979262
131	138	1.0165
131	142	0.97385
131	152	1.0206
131	156	1.01267
131	159	0.995652
131	162	0.980324
131	163	1.0263
131	166	1.00646
131	168	0.982503
131	170	0.998464
131	171	1.01454
131	179	0.977007
132	12	1.21312
132	26	0.986589
132	34	1.09996
132	43	0.967499
132	49	0.937635
132	50	1.03186
132	52	1.03858
132	69	0.97158
132	72	0.970111
132	80	0.925314
132	85	0.951259
132	87	0.980332
132	88	0.98289
132	98	1.01261
132	100	0.973829
132	121	0.991354
132	122	1.12631
132	129	0.966322
132	130	0.948546
132	131	0.995588
132	133	0.973068
132	138	0.969952
132	152	0.974055
132	156	0.966128
132	159	0.949105
132	163	0.979754
132	169	1.06711
132	170	0.951917
132	171	0.967992
132	172	1.05889
132	177	1.04882
132	180	1.02914
133	9	1.05477
133	19	0.810015
133	26	1.01062
133	29	1.08662
133	34	1.08993
133	40	0.986314
133	43	0.991526
133	52	1.06261
133	69	0.995607
133	72	0.994138
133	74	1.01097
133	75	1.0012
133	80	0.949341
133	88	1.00692
133	97	1.02005
133	100	0.997856
133	103	0.97267
133	121	1.01538
133	124	0.99683
133	127	1.00189
133	129	0.990349
133	131	1.01961
133	132	0.973068
133	138	0.993979
133	146	1.03554
133	154	0.801604
133	155	1.07828
133	156	0.990155
133	159	0.973132
133	163	1.00378
133	165	0.98546
133	169	1.05707
133	178	1.04814
134	5	0.985373
134	12	0.945616
134	18	1.03111
134	36	0.990742
134	62	1.028
134	66	0.961126
134	95	0.935783
134	98	1.02169
134	100	1.02559
134	103	1.04135
134	109	1.00602
134	129	1.04494
134	131	0.979262
134	135	1.01354
134	146	1.00672
134	149	0.955778
134	150	1.02665
134	155	0.978416
134	156	1.00229
134	157	1.01079
134	161	1.0038
134	167	0.989199
134	168	1.00646
134	169	0.993444
134	171	1.00202
134	173	0.994572
134	174	1.00117
134	175	1.00068
134	176	1.00571
134	177	1.00016
134	178	0.99363
134	179	1.01432
134	180	0.996917
135	4	1.05116
135	8	1.05029
135	33	0.970472
135	39	0.974073
135	45	0.973135
135	48	0.95244
135	53	1.04416
135	71	0.977647
135	73	0.854587
135	75	1.00778
135	81	1.01369
135	83	0.928881
135	90	0.978508
135	103	0.979248
135	105	1.00249
135	107	0.950031
135	117	0.982885
135	123	1.00101
135	125	0.989937
135	134	1.01354
135	136	0.981897
135	137	0.980365
135	139	1.01028
135	140	1.0146
135	144	1.00606
135	146	1.04212
135	150	1.01346
135	154	0.999816
135	165	1.07519
135	167	0.986341
135	170	1.10746
135	173	1.07232
135	177	1.04537
135	180	0.979831
136	4	1.05013
136	8	1.04926
136	15	1.04773
136	21	0.831399
136	32	0.955693
136	45	0.972101
136	50	0.773264
136	59	0.92932
136	68	0.984355
136	90	0.977474
136	91	0.964864
136	96	1.14031
136	99	0.98112
136	101	1.12655
136	105	1.00145
136	107	0.948997
136	110	1.0731
