1	2	0.832426
1	7	1.25782
1	41	1.1245
1	43	1.19735
1	78	1.15499
1	84	1.20599
1	97	1.24844
1	141	0.692041
1	148	0.686686
1	167	1.21091
1	168	0.700918
1	178	0.694708
2	1	0.832426
2	18	0.882283
2	85	0.882046
2	94	0.999109
2	128	0.982698
2	134	1.04307
2	135	1.04307
2	145	1.08543
2	150	1.05633
2	166	1.07768
2	175	1.06162
2	179	1.05009
3	7	1.11127
3	35	0.995532
3	39	0.845376
3	41	0.977958
3	50	1.0811
3	78	1.00844
3	84	1.05944
3	97	1.10189
3	127	0.902084
3	160	0.908267
3	167	1.06436
3	168	0.949668
4	16	1.18428
4	41	1.13676
4	43	1.20961
4	46	0.717873
4	78	1.16725
4	84	1.21824
4	97	1.26069
4	153	0.714569
4	155	0.75137
4	158	0.713709
4	167	1.22317
4	176	0.709144
5	56	1.26156
5	69	1.28188
5	87	1.13664
5	88	1.24026
5	95	1.15277
5	101	0.724771
5	111	1.15321
5	130	0.737484
5	149	0.736446
5	160	0.682303
5	163	1.17367
5	173	0.725758
6	23	1.19198
6	85	1.20372
6	89	1.23374
6	92	1.13094
6	93	1.17678
6	143	0.734154
6	161	1.22453
6	165	0.759606
6	171	1.23831
6	178	0.730675
6	179	0.725642
6	180	0.656651
7	1	1.25782
7	3	1.11127
7	35	1.16188
7	41	1.1443
7	84	1.22578
7	97	1.26823
7	141	0.739558
7	161	0.716038
7	167	1.23071
7	173	0.750489
7	174	0.732452
7	180	0.668201
8	19	0.655697
8	88	0.701923
8	93	0.779359
8	118	0.712112
8	164	0.744064
8	168	1.18015
8	173	1.1865
8	175	1.19983
8	176	1.19209
8	178	1.18481
8	179	1.1883
8	180	1.26831
9	59	1.13898
9	67	1.09419
9	73	1.28902
9	74	0.643968
9	90	1.2021
9	131	1.20174
9	166	0.737153
9	168	0.750842
9	169	0.736191
9	171	1.20826
9	176	0.73858
9	180	1.2657
10	13	1.28107
10	85	1.30553
10	89	1.33556
10	92	1.23276
10	93	1.2786
10	110	0.668616
10	139	0.625014
10	141	0.662377
10	153	0.664417
10	157	0.69666
10	161	1.32635
10	171	1.34012
10	180	0.59102
11	17	1.45227
11	52	1.39555
11	58	1.23934
11	60	1.23934
11	65	1.20006
11	74	0.557653
11	75	1.27006
11	128	0.767923
11	151	0.691439
11	158	0.656831
11	164	1.30339
11	169	0.649876
11	180	0.584294
12	113	1.29476
12	117	1.30059
12	121	1.28764
12	126	1.28079
12	132	1.32296
12	134	1.30662
12	135	1.30662
12	149	0.677493
12	160	0.62335
12	169	0.650099
12	174	0.648768
12	175	0.649867
12	178	0.658541
13	10	1.28107
13	55	1.22451
13	85	1.10145
13	89	1.13148
13	92	1.02867
13	93	1.07451
13	161	1.12226
13	168	0.787681
13	171	1.13604
13	173	0.789735
13	174	0.771699
13	177	0.781131
13	179	0.776439
14	47	1.28437
14	67	1.20802
14	90	1.31593
14	144	0.652947
14	149	0.660414
14	155	0.677636
14	156	1.2687
14	158	1.32137
14	165	0.670393
14	171	1.32209
14	172	0.61125
14	176	0.63541
14	180	1.37953
15	47	1.10202
15	48	1.14234
15	67	1.02566
15	73	1.2205
15	90	1.13357
15	120	0.799503
15	136	0.798606
15	149	0.790923
15	158	1.13901
15	161	0.745784
15	171	1.13973
15	178	0.771972
15	180	1.19717
16	4	1.18428
16	35	1.07608
16	50	1.16165
16	78	1.08899
16	84	1.13998
16	97	1.18243
16	110	1.12169
16	128	0.866818
16	142	0.758868
16	158	0.755725
16	167	1.14491
16	170	0.76811
16	178	0.757213
17	11	1.45227
17	58	1.24969
17	60	1.24969
17	64	1.34376
17	65	1.21042
17	75	1.28042
17	120	0.664946
17	143	0.640894
17	148	0.629392
17	151	0.670535
17	158	0.635927
17	164	1.31375
17	165	0.666346
18	2	0.882283
18	21	1.14791
18	52	1.24854
18	58	1.09233
18	60	1.09233
18	64	1.18639
18	65	1.05305
18	75	1.12305
18	110	0.748137
18	143	0.748044
18	157	0.77618
18	164	1.15639
18	168	0.750775
19	8	0.655697
19	24	1.29601
19	45	1.31619
19	85	1.30642
19	92	1.23365
19	93	1.27948
19	155	0.691609
19	161	1.32724
19	166	0.647956
19	170	0.666333
19	171	1.34101
19	173	0.663699
19	180	0.581411
20	114	1.15455
20	129	1.16183
20	137	1.15337
20	140	1.13346
20	146	1.11579
20	147	1.11495
20	148	0.767448
20	150	1.12768
20	157	0.807086
20	167	1.13837
20	168	0.78168
20	173	0.783734
20	175	0.766797
21	18	1.14791
21	52	1.24854
21	58	1.09233
21	60	1.09233
21	64	1.18639
21	65	1.05305
21	75	1.12305
21	107	0.771095
21	148	0.786961
21	159	0.793358
21	161	0.768796
21	164	1.15639
21	169	0.786541
22	34	0.629514
22	103	0.632885
22	126	0.679533
22	137	0.626168
22	145	0.64309
22	146	0.680612
22	154	1.30857
22	174	1.30253
22	175	1.30749
22	176	1.29975
22	177	1.29322
22	178	1.29247
22	179	1.29596
23	6	1.19198
23	55	1.23723
23	85	1.11418
23	89	1.14421
23	92	1.0414
23	93	1.08724
23	149	0.812609
23	161	1.13499
23	171	1.14877
23	173	0.801921
23	175	0.784983
23	176	0.787604
23	180	0.719633
24	19	1.29601
24	45	1.12527
24	85	1.1155
24	89	1.14553
24	92	1.04272
24	93	1.08856
24	116	0.783687
24	136	0.829257
24	139	0.762592
24	161	1.13631
24	171	1.15009
24	178	0.802623
24	180	0.728599
25	26	1.36298
25	51	1.31292
25	57	1.38193
25	62	1.20889
25	77	1.28089
25	112	0.655314
25	133	1.25942
25	142	1.29296
25	143	0.638678
25	151	0.66832
25	162	0.640134
25	165	0.66413
25	168	0.641409
26	25	1.36298
26	30	1.27516
26	38	1.13923
26	57	1.28573
26	62	1.11269
26	77	1.18468
26	116	0.706125
26	139	0.68503
26	141	1.24277
26	142	1.19675
26	158	0.723574
26	166	0.717582
26	177	0.724721
26	180	0.651037
27	63	1.12619
27	94	0.997552
27	95	1.07996
27	105	1.14596
27	109	1.12218
27	111	1.08041
27	133	1.04241
27	144	0.858587
27	159	0.845478
27	161	0.820916
27	163	1.10086
27	166	0.839624
27	167	1.10449
27	179	0.842071
28	29	1.02025
28	114	1.11288
28	124	1.10644
28	129	1.12016
28	140	1.09178
28	145	1.1151
28	146	1.07412
28	147	1.07327
28	150	1.086
28	157	0.891176
28	172	0.829348
28	174	0.849788
28	175	0.850887
28	180	0.785537
29	28	1.02025
29	123	1.04664
29	124	1.11711
29	133	0.917239
29	137	1.12236
29	140	1.10245
29	145	1.12577
29	146	1.08479
29	147	1.08394
29	150	1.09667
29	153	0.847519
29	154	0.822076
29	179	0.843114
29	180	0.774122
30	26	1.27516
30	49	1.24172
30	51	1.2251
30	57	1.29411
30	62	1.12107
30	74	0.60813
30	77	1.19307
30	83	1.27817
30	96	0.784428
30	133	1.17159
30	154	0.682724
30	158	0.707307
30	173	0.717058
30	177	0.708454
31	44	1.21751
31	129	1.25564
31	136	0.718432
31	137	1.24717
31	140	1.22726
31	146	1.2096
31	147	1.20875
31	149	1.21259
31	150	1.22148
31	151	0.724918
31	159	0.690172
31	163	0.689581
31	166	0.684318
31	168	0.698007
32	37	1.28187
32	66	1.22931
32	70	1.18795
32	79	1.25
32	131	1.22813
32	136	1.18794
32	142	0.71949
32	148	0.709813
32	149	1.20942
32	163	1.22537
32	166	0.710356
32	176	0.711782
32	179	0.712802
32	180	0.643811
33	34	0.670866
33	48	0.677855
33	82	0.750345
33	121	0.717025
33	145	0.684442
33	150	0.691404
33	151	1.2324
33	153	1.23702
33	155	1.21124
33	170	1.2047
33	174	1.23044
33	175	1.2354
33	176	1.22767
33	177	1.22113
34	22	0.629514
34	33	0.670866
34	106	1.23844
34	114	1.2518
34	123	1.17489
34	140	1.2307
34	145	1.25402
34	146	1.21304
34	147	1.21219
34	150	1.22492
34	155	0.77473
34	159	0.736932
34	174	0.728784
34	180	0.664533
35	3	0.995532
35	7	1.16188
35	16	1.07608
35	41	1.02856
35	43	1.10141
35	78	1.05904
35	84	1.11004
35	97	1.15249
35	128	0.945534
35	160	0.800737
35	167	1.11497
35	169	0.827487
35	172	0.805716
35	175	0.827255
36	66	1.23373
36	70	1.19238
36	79	1.25442
36	131	1.23255
36	136	1.19237
36	141	1.25091
36	143	0.702079
36	149	1.21385
36	152	0.717458
36	157	0.730215
36	158	0.697112
36	161	0.672412
36	163	1.2298
36	174	0.688827
37	32	1.28187
37	46	0.721492
37	66	1.23697
37	70	1.19562
37	74	0.618151
37	79	1.25766
37	116	1.22466
37	133	1.17459
37	136	1.19561
37	153	0.718189
37	163	1.23304
37	169	0.710374
37	170	0.729714
37	175	0.710142
38	26	1.13923
38	49	1.10579
38	51	1.08917
38	62	0.985138
38	77	1.05713
38	83	1.14224
38	116	0.832078
38	131	1.09687
38	141	1.11523
38	142	1.06921
38	170	0.861911
38	172	0.820801
38	174	0.841241
38	177	0.850673
39	3	0.845376
39	56	0.614876
39	80	0.72913
39	103	0.643845
39	133	0.710132
39	166	1.2513
39	167	0.649975
39	168	1.21556
39	170	1.20454
39	173	1.22191
39	175	1.23524
39	176	1.22751
39	178	1.22023
39	179	1.22372
40	85	0.840733
40	106	0.819265
40	134	0.852369
40	135	0.863403
40	138	1.07154
40	168	1.07934
40	169	1.10968
40	171	0.817387
40	172	1.10622
40	173	1.08569
40	176	1.09128
40	177	1.08475
40	178	1.084
40	179	1.08749
41	1	1.1245
41	3	0.977958
41	4	1.13676
41	7	1.1443
41	35	1.02856
41	50	1.11413
41	78	1.04147
41	86	0.77693
41	97	1.13492
41	152	0.888042
41	167	1.09739
41	173	0.877447
41	178	0.869184
41	180	0.79516
42	69	1.19939
42	80	1.03203
42	88	1.15777
42	94	0.98787
42	95	1.07028
42	108	1.10192
42	109	1.11249
42	139	0.809402
42	156	1.04707
42	158	0.847946
42	159	0.847808
42	161	0.823245
42	163	1.09118
42	165	0.878364
43	1	1.19735
43	4	1.20961
43	35	1.10141
43	50	1.18698
43	78	1.11432
43	84	1.16531
43	97	1.20777
43	110	1.14702
43	157	0.787525
43	161	0.729722
43	167	1.17024
43	169	0.747467
43	170	0.766807
43	172	0.725697
43	179	0.750877
44	31	1.21751
44	104	0.65199
44	107	0.749601
44	123	1.10843
44	124	1.1789
44	129	1.19261
44	140	1.16424
44	144	0.784973
44	145	1.18756
44	146	1.14657
44	147	1.14573
44	150	1.15846
44	157	0.805104
44	172	0.743276
44	177	0.773148
45	19	1.31619
45	24	1.12527
45	55	1.25874
45	85	1.13568
45	89	1.16571
45	92	1.06291
45	93	1.10874
45	99	0.716406
45	151	0.785216
45	153	0.751468
45	158	0.750608
45	161	1.15649
45	163	0.749879
45	171	1.17027
45	177	0.751755
46	4	0.717873
46	37	0.721492
46	78	0.81349
46	98	0.732007
46	140	0.763481
46	148	1.17063
46	162	1.16098
46	164	0.746478
46	166	1.18506
46	169	1.17967
46	172	1.1762
46	176	1.16127
46	177	1.15473
46	178	1.15399
46	179	1.15748
47	14	1.28437
47	15	1.10202
47	48	1.15998
47	59	1.08809
47	73	1.23814
47	90	1.15121
47	99	0.710908
47	149	0.765549
47	155	0.782771
47	156	1.10399
47	161	0.72041
47	165	0.775529
47	168	0.752807
47	171	1.15738
47	180	1.21481
48	15	1.14234
48	33	0.677855
48	47	1.15998
48	59	1.12841
48	67	1.08362
48	90	1.19153
48	107	0.721657
48	128	0.855151
48	149	0.764497
48	156	1.14431
48	158	1.19697
48	168	0.751755
48	171	1.1977
48	174	0.735773
48	180	1.25513
49	30	1.24172
49	38	1.10579
49	51	1.18327
49	62	1.07924
49	77	1.15124
49	83	1.23634
49	120	0.783802
49	133	1.12976
49	136	0.782905
49	141	1.20933
49	142	1.16331
49	157	0.787886
49	160	0.721079
49	176	0.750218
49	180	0.682246
50	3	1.0811
50	16	1.16165
50	41	1.11413
50	43	1.18698
50	78	1.14461
50	84	1.19561
50	96	0.806797
50	97	1.23806
50	110	1.17732
50	130	0.751153
50	141	0.728497
50	151	0.764285
50	167	1.20054
50	178	0.731165
50	179	0.726132
51	25	1.31292
51	30	1.2251
51	38	1.08917
51	49	1.18327
51	62	1.06262
51	86	0.672236
51	115	0.791085
51	131	1.17435
51	133	1.11315
51	141	1.19271
51	142	1.14669
51	152	0.783348
51	158	0.763002
51	172	0.734277
51	177	0.764149
52	11	1.39555
52	18	1.24854
52	21	1.24854
52	58	1.19297
52	60	1.19297
52	64	1.28703
52	65	1.15369
52	75	1.22369
52	86	0.61149
52	101	0.711019
52	153	0.703116
52	155	0.739917
52	159	0.702118
52	164	1.25702
52	173	0.712006
52	180	0.629719
53	77	0.813282
53	78	0.849813
53	89	0.779391
53	118	0.750848
53	127	1.15448
53	148	1.12935
53	154	1.12881
53	155	1.10356
53	156	0.815688
53	164	0.7828
53	165	1.10426
53	173	1.1144
53	174	1.12277
53	177	1.11346
53	178	1.11271
53	179	1.1162
54	103	1.29309
54	117	1.22207
54	121	1.20912
54	126	1.20227
54	128	0.770265
54	132	1.24444
54	134	1.2281
54	135	1.2281
54	149	0.679611
54	155	0.696833
54	165	0.68959
54	169	0.652217
54	171	1.25769
54	173	0.668923
54	175	0.651986
54	180	1.31513
55	13	1.22451
55	23	1.23723
55	45	1.25874
55	85	1.24897
55	89	1.279
55	92	1.17619
55	93	1.22203
55	104	0.576375
55	151	0.730994
55	157	0.729489
55	158	0.696386
55	161	1.26978
55	169	0.689431
55	171	1.28356
55	175	0.6892
55	177	0.697533
56	5	1.26156
56	39	0.614876
56	80	1.20528
56	94	1.16112
56	105	1.30953
56	108	1.27517
56	111	1.24398
56	156	1.22032
56	163	1.26443
56	164	1.2586
56	173	0.721222
56	174	0.703186
56	175	0.704285
56	177	0.712618
56	178	0.712959
56	180	0.638935
57	25	1.38193
57	26	1.28573
57	30	1.29411
57	62	1.13164
57	77	1.20363
57	99	0.66291
57	116	0.679664
57	131	1.24337
57	133	1.18216
57	141	1.26172
57	142	1.2157
57	143	0.702079
57	153	0.697972
57	154	0.672529
57	158	0.697112
57	159	0.696975
58	11	1.23934
58	17	1.24969
58	18	1.09233
58	21	1.09233
58	52	1.19297
58	60	1.03676
58	63	0.77718
58	64	1.13082
58	65	0.997478
58	75	1.06748
58	152	0.844333
58	160	0.790283
58	164	1.10081
58	176	0.819421
58	178	0.825474
58	180	0.75145
59	9	1.13898
59	47	1.08809
59	48	1.12841
59	67	1.01174
59	73	1.20657
59	90	1.11965
59	104	0.704988
59	142	0.828142
59	156	1.07242
59	158	1.12509
59	171	1.12581
59	172	0.796274
59	173	0.834751
59	175	0.817813
59	177	0.826147
59	180	1.18325
60	11	1.23934
60	17	1.24969
60	18	1.09233
60	21	1.09233
60	52	1.19297
60	58	1.03676
60	63	0.765109
60	64	1.13082
60	65	0.997478
60	75	1.06748
60	110	0.816975
60	153	0.812776
60	164	1.10081
60	172	0.78319
60	173	0.821666
60	179	0.80837
61	100	1.1228
61	102	1.07565
61	118	1.12237
61	119	1.05447
61	121	1.04471
61	126	1.03786
61	127	0.825195
61	132	1.08003
61	134	1.06369
61	135	1.06369
61	139	0.826539
61	142	0.868224
61	154	0.840499
61	163	1.08401
61	168	0.872779
61	173	0.874833
61	180	1.15072
62	25	1.20889
62	26	1.11269
62	30	1.12107
62	38	0.985138
62	49	1.07924
62	51	1.06262
62	57	1.13164
62	77	1.03059
62	96	0.927919
62	131	1.07032
62	133	1.00912
62	141	1.08868
62	160	0.817094
62	172	0.822073
62	174	0.842513
62	176	0.846233
62	178	0.852286
63	27	1.12619
63	58	0.77718
63	60	0.765109
63	77	0.72599
63	78	0.76252
63	85	0.696035
63	103	0.693634
63	111	1.18141
63	137	1.2205
63	145	1.22391
63	146	1.18292
63	167	1.2055
63	171	0.672688
63	175	1.2001
63	177	1.18583
63	178	1.18508
63	179	1.18857
64	17	1.34376
64	18	1.18639
64	21	1.18639
64	52	1.28703
64	58	1.13082
64	60	1.13082
64	65	1.09154
64	71	1.18684
64	75	1.16154
64	139	0.708596
64	142	0.750282
64	162	0.753562
64	164	1.19487
64	174	0.738854
64	175	0.739953
64	179	0.743594
64	180	0.674603
65	11	1.20006
65	17	1.21042
65	18	1.05305
65	21	1.05305
65	52	1.15369
65	58	0.997478
65	60	0.997478
65	64	1.09154
65	71	1.0535
65	75	1.0282
65	120	0.874808
65	138	0.871219
65	149	0.866228
65	154	0.821206
65	161	0.821089
65	164	1.06153
65	168	0.853487
66	32	1.22931
66	36	1.23373
66	37	1.23697
66	70	1.14305
66	74	0.651919
66	79	1.2051
66	125	0.750221
66	130	0.772573
66	131	1.18323
66	133	1.12202
66	141	1.20159
66	149	1.16452
66	158	0.751096
66	162	0.757518
66	163	1.18047
66	179	0.747551
66	180	0.67856
67	9	1.09419
67	14	1.20802
67	15	1.02566
67	48	1.08362
67	59	1.01174
67	90	1.07486
67	99	0.832515
67	131	1.0745
67	139	0.828174
67	144	0.879688
67	148	0.860182
67	156	1.02764
67	158	1.0803
67	160	0.833013
67	168	0.874414
67	171	1.08102
67	180	1.13846
68	106	1.1986
68	115	0.771973
68	123	1.13505
68	127	0.704003
68	129	1.21924
68	137	1.21077
68	140	1.19086
68	145	1.21418
68	146	1.17319
68	147	1.17235
68	150	1.18508
68	158	1.20069
68	160	0.710185
68	162	0.750312
68	170	0.756275
68	178	0.745377
68	180	0.671353
69	5	1.28188
69	42	1.19939
69	88	1.35135
69	94	1.18145
69	95	1.26385
69	104	0.571464
69	109	1.30607
69	111	1.2643
69	133	1.22631
69	148	0.684941
69	156	1.24065
69	157	0.724579
69	158	0.691476
69	161	0.666776
69	163	1.28476
69	166	0.685484
69	168	0.699173
69	176	0.686911
70	32	1.18795
70	36	1.19238
70	37	1.19562
70	66	1.14305
70	79	1.16374
70	116	1.13074
70	131	1.14188
70	133	1.08067
70	136	1.10169
70	148	0.78367
70	149	1.12317
70	154	0.765621
70	163	1.13912
70	170	0.80259
70	172	0.761479
70	178	0.791692
70	179	0.786659
70	180	0.717668
71	64	1.18684
71	65	1.0535
71	75	1.1235
71	84	1.16138
71	97	1.20383
71	123	1.10558
71	130	0.803583
71	146	1.14373
71	147	1.14289
71	150	1.15561
71	152	0.802453
71	160	0.748403
71	164	1.15684
71	167	1.1663
71	177	0.783254
71	178	0.783595
71	179	0.778562
71	180	0.709571
72	96	0.749604
72	102	1.2522
72	113	1.22839
72	117	1.23422
72	118	1.29893
72	119	1.23103
72	120	0.701503
72	122	1.29086
72	127	0.632598
72	132	1.25659
72	134	1.24025
72	135	1.24025
72	159	0.672347
72	168	0.680181
72	169	0.66553
72	172	0.643759
72	175	0.665298
72	180	1.32728
73	9	1.28902
73	15	1.2205
73	47	1.23814
73	59	1.20657
73	90	1.26969
73	131	1.26933
73	136	0.692923
73	149	0.68524
73	156	1.22247
73	157	0.697904
73	158	1.27513
73	162	0.671223
73	166	0.658809
73	168	0.672498
73	171	1.27585
73	173	0.674552
73	175	0.657615
73	180	1.33329
74	9	0.643968
74	11	0.557653
74	30	0.60813
74	37	0.618151
74	66	0.651919
74	93	1.27651
74	105	1.37386
74	108	1.3395
74	145	0.651467
74	146	0.688989
74	147	0.675632
74	152	1.29892
74	164	1.32293
74	171	1.33804
74	174	1.32204
74	177	1.31273
74	179	1.31547
75	11	1.27006
75	17	1.28042
75	18	1.12305
75	21	1.12305
75	52	1.22369
75	58	1.06748
75	60	1.06748
75	64	1.16154
75	65	1.0282
75	71	1.1235
75	127	0.743816
75	148	0.777167
75	161	0.759002
75	164	1.13153
75	166	0.77771
75	170	0.796087
75	175	0.776516
75	176	0.779137
76	79	0.716111
76	87	0.772081
76	93	0.777124
76	95	0.768046
76	123	0.825757
76	127	1.17511
76	147	0.774324
76	150	0.757122
76	153	1.14997
76	160	1.15574
76	162	1.14033
76	172	1.15556
76	173	1.13502
76	174	1.1434
76	176	1.14062
76	177	1.13409
76	178	1.13334
76	179	1.13683
77	25	1.28089
77	26	1.18468
77	30	1.19307
77	38	1.05713
77	49	1.15124
77	53	0.813282
77	57	1.20363
77	62	1.03059
77	63	0.72599
77	131	1.14232
77	133	1.08111
77	141	1.16068
77	142	1.11466
77	152	0.793142
77	153	0.773656
77	166	0.766804
77	174	0.764511
77	179	0.769251
78	1	1.15499
78	3	1.00844
78	4	1.16725
78	16	1.08899
78	35	1.05904
78	41	1.04147
78	43	1.11432
78	46	0.81349
78	50	1.14461
78	53	0.849813
78	63	0.76252
78	84	1.12295
78	97	1.1654
78	110	1.10466
78	116	0.791879
78	136	0.837449
78	165	0.839745
78	167	1.12788
78	177	0.810474
79	32	1.25
79	36	1.25442
79	37	1.25766
79	66	1.2051
79	70	1.16374
79	76	0.716111
79	110	0.721655
79	116	1.19278
79	131	1.20392
79	136	1.16373
79	141	1.22228
79	149	1.18521
79	152	0.736942
79	154	0.692013
79	158	0.716596
79	159	0.716459
79	161	0.691896
79	163	1.20116
79	177	0.717743
80	39	0.72913
80	42	1.03203
80	56	1.20528
80	87	1.08036
80	94	1.01408
80	95	1.09648
80	105	1.16249
80	108	1.12813
80	109	1.1387
80	142	1.09248
80	154	0.801142
80	155	0.863386
80	159	0.825587
80	162	0.832147
80	163	1.11739
80	164	1.11155
80	167	1.12102
80	170	0.83811
80	175	0.818538
81	98	1.14611
81	106	1.11688
81	123	1.05332
81	124	1.12379
81	129	1.13751
81	137	1.12904
81	140	1.10913
81	142	0.838973
81	145	1.13246
81	146	1.09147
81	147	1.09062
81	150	1.10335
81	154	0.811247
81	156	1.0663
81	169	0.828876
81	172	0.807105
81	175	0.828644
81	176	0.831265
81	180	0.763294
82	33	0.750345
82	98	1.14309
82	106	1.11385
82	110	0.821606
82	129	1.13448
82	136	0.844669
82	137	1.12602
82	140	1.10611
82	145	1.12943
82	146	1.08844
82	147	1.0876
82	149	1.09143
82	150	1.10033
82	156	1.06328
82	158	1.11594
82	162	0.82297
82	165	0.846966
82	169	0.809593
82	176	0.811982
83	30	1.27817
83	38	1.14224
83	49	1.23634
83	89	1.22938
83	92	1.12658
83	110	0.716291
83	114	1.24448
83	125	0.710357
83	133	1.16622
83	143	0.716198
83	147	1.20488
83	150	1.21761
83	161	1.22017
83	170	0.723617
83	171	1.23394
83	173	0.720983
83	174	0.702946
83	178	0.712719
83	179	0.707686
84	1	1.20599
84	3	1.05944
84	4	1.21824
84	7	1.22578
84	16	1.13998
84	35	1.11004
84	43	1.16531
84	50	1.19561
84	71	1.16138
84	78	1.12295
84	97	1.2164
84	99	0.71836
84	113	0.775131
84	116	0.735114
84	144	0.765534
84	149	0.773001
84	152	0.772908
84	167	1.17887
84	172	0.723837
84	174	0.744277
85	2	0.882046
85	6	1.20372
85	10	1.30553
85	13	1.10145
85	19	1.30642
85	23	1.11418
85	24	1.1155
85	40	0.840733
85	45	1.13568
85	55	1.24897
85	63	0.696035
85	89	1.15594
85	92	1.05314
85	93	1.09897
85	160	0.709137
85	171	1.1605
85	174	0.734556
85	175	0.735655
85	176	0.738276
85	180	0.670304
86	41	0.77693
86	51	0.672236
86	52	0.61149
86	94	0.769138
86	112	1.22161
86	123	0.735476
86	133	0.715961
86	135	0.674745
86	148	1.23629
86	156	0.684436
86	159	1.23522
86	164	0.651549
86	168	1.21498
86	170	1.20396
86	172	1.24186
86	173	1.22133
86	175	1.23466
86	176	1.22693
86	177	1.22039
86	178	1.21965
86	179	1.22313
87	5	1.13664
87	76	0.772081
87	80	1.08036
87	88	1.20611
87	94	1.03621
87	95	1.11861
87	96	0.849687
87	105	1.18462
87	108	1.15026
87	109	1.16083
87	138	0.797997
87	142	1.11461
87	149	0.793006
87	151	0.807175
87	156	1.09541
87	160	0.738863
87	163	1.13952
87	164	1.13368
87	167	1.14315
87	169	0.765612
87	170	0.784952
88	5	1.24026
88	8	0.701923
88	42	1.15777
88	69	1.35135
88	87	1.20611
88	94	1.13982
88	95	1.22223
88	108	1.25387
88	109	1.26445
88	133	1.18468
88	136	0.728295
88	139	0.66163
88	141	0.698993
88	144	0.713144
88	149	0.720612
88	152	0.720519
88	156	1.19902
88	163	1.24313
88	164	1.2373
88	166	0.694181
88	172	0.671448
89	6	1.23374
89	10	1.33556
89	13	1.13148
89	23	1.14421
89	24	1.14553
89	45	1.16571
89	53	0.779391
89	55	1.279
89	83	1.22938
89	85	1.15594
89	92	1.08316
89	93	1.129
89	99	0.704702
89	125	0.73803
89	160	0.7052
89	161	1.17675
89	168	0.746602
89	171	1.19053
89	174	0.730619
89	175	0.731718
89	176	0.734339
89	177	0.740052
90	9	1.2021
90	14	1.31593
90	15	1.13357
90	47	1.15121
90	48	1.19153
90	59	1.11965
90	67	1.07486
90	73	1.26969
90	99	0.691517
90	112	0.747322
90	116	0.708271
90	131	1.18241
90	136	0.753842
90	138	0.751149
90	151	0.760328
90	156	1.13555
90	158	1.18821
90	165	0.756138
90	171	1.18893
90	176	0.721154
90	179	0.722174
90	180	1.24637
91	100	1.14284
91	103	1.14873
91	113	1.07187
91	115	0.856287
91	117	1.07771
91	118	1.14241
91	119	1.07452
91	121	1.06476
91	122	1.13434
91	126	1.0579
91	132	1.10007
91	134	1.08374
91	135	1.08374
91	154	0.803621
91	161	0.803504
91	163	1.10405
91	168	0.835901
91	169	0.821249
91	170	0.840589
91	171	1.11333
91	174	0.819919
91	178	0.829691
92	6	1.13094
92	10	1.23276
92	13	1.02867
92	19	1.23365
92	23	1.0414
92	24	1.04272
92	45	1.06291
92	55	1.17619
92	83	1.12658
92	85	1.05314
92	89	1.08316
92	93	1.0262
92	104	0.73165
92	110	0.856721
92	139	0.813119
92	158	0.851662
92	161	1.07395
92	170	0.864047
92	171	1.08773
92	173	0.861413
92	178	0.853149
92	180	0.779125
93	6	1.17678
93	8	0.779359
93	10	1.2786
93	13	1.07451
93	19	1.27948
93	23	1.08724
93	24	1.08856
93	45	1.10874
93	55	1.22203
93	74	1.27651
93	76	0.777124
93	85	1.09897
93	89	1.129
93	92	1.0262
93	101	0.786373
93	116	0.760161
93	160	0.743905
93	161	1.11979
93	165	0.808028
93	169	0.770655
93	171	1.13357
93	177	0.778756
93	180	0.705073
94	2	0.999109
94	27	0.997552
94	42	0.98787
94	56	1.16112
94	69	1.18145
94	80	1.01408
94	86	0.769138
94	87	1.03621
94	88	1.13982
94	105	1.11833
94	108	1.08397
94	109	1.09455
94	111	1.05278
94	133	1.01478
94	136	0.888026
94	149	0.880342
94	155	0.897565
94	163	1.07323
94	164	1.06739
94	167	1.07686
94	172	0.831178
94	176	0.855338
94	180	0.787367
95	5	1.15277
95	27	1.07996
95	42	1.07028
95	69	1.26385
95	76	0.768046
95	80	1.09648
95	87	1.11861
95	88	1.22223
95	105	1.20074
95	108	1.16638
95	109	1.17695
95	110	1.13605
95	111	1.13518
95	115	0.796614
95	138	0.793961
95	142	1.13073
95	148	0.761997
95	161	0.743831
95	164	1.1498
95	168	0.776229
95	172	0.739806
95	174	0.760246
95	178	0.770019
96	30	0.784428
96	50	0.806797
96	62	0.927919
96	72	0.749604
96	87	0.849687
96	124	0.816662
96	126	0.864208
96	151	1.10383
96	154	1.10791
96	159	1.10739
96	165	1.08336
96	166	1.12289
96	169	1.1175
96	170	1.07613
96	171	0.796615
96	173	1.0935
96	174	1.10187
96	175	1.10683
96	176	1.0991
96	177	1.09256
96	178	1.09182
96	179	1.09531
97	1	1.24844
97	3	1.10189
97	4	1.26069
97	7	1.26823
97	16	1.18243
97	35	1.15249
97	41	1.13492
97	43	1.20777
97	50	1.23806
97	71	1.20383
97	78	1.1654
97	84	1.2164
97	110	1.19811
97	125	0.726485
97	136	0.755482
97	143	0.732327
97	152	0.747706
97	153	0.72822
97	161	0.70266
97	167	1.22133
97	174	0.719075
97	176	0.722795
97	179	0.723815
97	180	0.654823
98	46	0.732007
98	81	1.14611
98	82	1.14309
98	99	0.693641
98	106	1.21871
98	114	1.23206
98	123	1.15516
98	124	1.22563
98	131	0.735308
98	137	1.23088
98	138	0.753273
98	140	1.21097
98	141	0.726663
98	142	0.730986
98	144	0.740815
98	145	1.23429
98	146	1.1933
98	147	1.19246
98	149	1.19629
98	150	1.20519
98	166	0.721851
98	167	1.21587
98	174	0.719558
98	180	0.655307
99	45	0.716406
99	47	0.710908
99	57	0.66291
99	67	0.832515
99	84	0.71836
99	89	0.704702
99	90	0.691517
99	98	0.693641
99	146	0.753965
99	157	1.18785
99	159	1.2109
99	165	1.18687
99	167	0.712368
99	168	1.19066
99	169	1.221
99	170	1.17964
99	172	1.21754
99	173	1.19701
99	174	1.20538
99	175	1.21034
99	176	1.2026
99	177	1.19607
99	178	1.19532
99	179	1.19881
100	61	1.1228
100	91	1.14284
100	102	1.20697
100	117	1.18899
100	118	1.2537
100	119	1.1858
100	121	1.17604
100	122	1.24562
100	126	1.16919
100	127	0.682669
100	132	1.21136
100	134	1.19502
100	135	1.19502
100	141	0.721375
100	142	0.725697
100	144	0.735526
100	149	0.742994
100	158	0.722555
100	168	0.730252
100	171	1.22461
100	175	0.715369
100	176	0.71799
100	179	0.71901
100	180	1.28205
101	5	0.724771
101	52	0.711019
101	93	0.786373
101	114	0.726275
101	120	1.14941
101	121	0.791992
101	122	0.719717
101	129	0.742713
101	133	0.815491
101	138	1.15044
101	144	1.16169
101	153	1.17953
101	157	1.15543
101	160	1.1853
101	163	0.744182
101	165	1.15445
101	171	0.728258
101	172	1.18512
101	173	1.16459
101	174	1.17296
101	175	1.17792
101	176	1.17018
101	177	1.16365
101	178	1.1629
101	179	1.16639
102	61	1.07565
102	72	1.2522
102	100	1.20697
102	113	1.136
102	118	1.20654
102	119	1.13864
102	121	1.12888
102	122	1.19847
102	125	0.755904
102	126	1.12203
102	127	0.716892
102	130	0.778255
102	132	1.1642
102	134	1.14786
102	135	1.14786
102	153	0.757639
102	158	0.756779
102	161	0.732079
102	164	1.16234
102	165	0.787197
102	166	0.750787
102	169	0.749824
102	171	1.17745
102	172	0.728053
102	180	1.23489
103	22	0.632885
103	39	0.643845
103	54	1.29309
103	63	0.693634
103	91	1.14873
103	113	1.18904
103	117	1.19487
103	119	1.19168
103	121	1.18192
103	122	1.25151
103	126	1.17507
103	127	0.700554
103	132	1.21724
103	134	1.2009
103	135	1.2009
103	141	0.73926
103	142	0.743583
103	158	0.740441
103	160	0.706736
103	163	1.22122
103	164	1.21538
103	166	0.734449
103	169	0.733486
103	171	1.23049
103	178	0.741928
103	180	1.28793
104	44	0.65199
104	55	0.576375
104	59	0.704988
104	69	0.571464
104	92	0.73165
104	111	0.667835
104	123	0.706231
104	124	0.61953
104	139	1.32002
104	140	0.639306
104	145	0.630634
104	146	0.668155
104	148	1.30884
104	160	1.3146
104	164	0.622303
104	165	1.28375
104	168	1.28753
104	169	1.31788
104	170	1.27651
104	172	1.31441
104	173	1.29388
104	174	1.30226
104	176	1.29948
104	177	1.29295
104	178	1.2922
104	179	1.29569
105	27	1.14596
105	56	1.30953
105	74	1.37386
105	80	1.16249
105	87	1.18462
105	94	1.11833
105	95	1.20074
105	108	1.23238
105	109	1.24295
105	110	1.20205
105	111	1.20118
105	133	1.16319
105	136	0.738675
105	148	0.704018
105	152	0.730899
105	157	0.743656
105	163	1.22164
105	164	1.2158
105	167	1.22527
105	169	0.703598
105	170	0.722938
105	174	0.702268
105	177	0.7117
105	178	0.71204
105	179	0.707008
105	180	0.638016
106	34	1.23844
106	40	0.819265
106	68	1.1986
106	81	1.11688
106	82	1.11385
106	98	1.21871
106	114	1.20282
106	123	1.12592
106	124	1.19639
106	129	1.21011
106	137	1.20164
106	138	0.746803
106	140	1.18173
106	142	0.724516
106	143	0.72634
106	145	1.20505
106	146	1.16406
106	147	1.16322
106	150	1.17595
106	157	0.754476
106	162	0.727795
106	167	1.18664
106	168	0.72907
106	169	0.714419
106	173	0.731124
106	176	0.716808
106	178	0.722861
107	21	0.771095
107	44	0.749601
107	48	0.721657
107	113	0.736315
107	118	0.687961
107	119	0.750155
107	126	0.764688
107	131	0.721211
107	140	0.736916
107	155	1.16628
107	156	0.752802
107	159	1.191
107	160	1.19783
107	162	1.18241
107	165	1.16697
107	168	1.17076
107	169	1.20111
107	170	1.15974
107	171	0.697094
107	172	1.19764
107	173	1.17711
107	174	1.18548
107	175	1.19044
107	176	1.18271
107	177	1.17617
107	178	1.17543
107	179	1.17892
108	42	1.10192
108	56	1.27517
108	74	1.3395
108	80	1.12813
108	87	1.15026
108	88	1.25387
108	94	1.08397
108	95	1.16638
108	105	1.23238
108	109	1.2086
108	110	1.16769
108	111	1.16683
108	125	0.721138
108	128	0.833105
108	133	1.12883
108	142	1.16238
108	150	0.743473
108	151	0.756621
108	153	0.722873
108	156	1.14317
108	165	0.752431
108	167	1.19091
108	168	0.72971
108	172	0.693287
108	176	0.717447
108	178	0.7235
108	179	0.718467
109	27	1.12218
109	42	1.11249
109	69	1.30607
109	80	1.1387
109	87	1.16083
109	88	1.26445
109	94	1.09455
109	95	1.17695
109	105	1.24295
109	108	1.2086
109	110	1.17827
109	111	1.1774
109	136	0.775274
109	142	1.17295
109	143	0.752119
109	156	1.15375
109	161	0.722452
109	162	0.753574
109	163	1.19785
109	164	1.19202
109	172	0.718427
109	174	0.738867
109	175	0.739965
109	176	0.742587
109	177	0.748299
109	178	0.748639
109	180	0.674615
110	10	0.668616
110	16	1.12169
110	18	0.748137
110	43	1.14702
110	50	1.17732
110	60	0.816975
110	78	1.10466
110	79	0.721655
110	82	0.821606
110	83	0.716291
110	92	0.856721
110	95	1.13605
110	97	1.19811
110	105	1.20205
110	108	1.16769
110	109	1.17827
110	111	1.1365
110	124	0.744601
110	140	0.764376
110	145	0.755704
110	147	0.779868
110	167	1.16058
110	170	1.12448
110	172	1.16239
110	173	1.14185
110	174	1.15023
110	176	1.14745
110	179	1.14366
111	5	1.15321
111	27	1.08041
111	56	1.24398
111	63	1.18141
111	69	1.2643
111	94	1.05278
111	95	1.13518
111	104	0.667835
111	105	1.20118
111	108	1.16683
111	109	1.1774
111	110	1.1365
111	112	0.809449
111	116	0.770398
111	133	1.09763
111	142	1.13118
111	153	0.788707
111	156	1.11198
111	160	0.754142
111	161	0.763146
111	163	1.15608
111	164	1.15025
111	166	0.781855
111	167	1.15971
111	173	0.797597
111	175	0.78066
111	179	0.784301
111	180	0.71531
112	25	0.655314
112	86	1.22161
112	90	0.747322
112	111	0.809449
112	122	0.732556
112	123	0.847845
112	124	0.761144
112	131	0.765214
112	134	0.776079
112	136	1.12429
112	144	1.14373
112	147	0.796412
112	151	1.15695
112	152	1.13188
112	159	1.16051
112	160	1.16734
112	162	1.15193
112	163	0.757021
112	165	1.13649
112	168	1.14027
112	171	0.741097
112	172	1.16715
112	173	1.14662
112	175	1.15996
112	176	1.15222
112	177	1.14569
112	178	1.14494
112	179	1.14843
113	12	1.29476
113	72	1.22839
113	84	0.775131
113	91	1.07187
113	102	1.136
113	103	1.18904
113	107	0.736315
113	118	1.18272
113	119	1.11482
113	121	1.10506
113	122	1.17465
113	126	1.09821
113	132	1.14038
113	134	1.12405
113	135	1.12405
113	136	1.10693
113	138	0.784145
113	151	0.793324
113	154	0.734132
113	155	0.796377
113	162	0.765138
113	163	1.14436
113	168	0.766413
113	170	0.771101
113	171	1.15364
113	172	0.72999
113	177	0.759862
113	180	1.21107
114	20	1.15455
114	28	1.11288
114	34	1.2518
114	83	1.24448
114	98	1.23206
114	101	0.726275
114	106	1.20282
114	120	0.74653
114	123	1.13927
114	124	1.20974
114	129	1.22346
114	137	1.21499
114	140	1.19508
114	141	0.716331
114	142	0.720654
114	143	0.722478
114	145	1.2184
114	146	1.17742
114	147	1.17657
114	150	1.1893
114	151	0.752119
114	156	1.15225
114	158	1.20491
114	159	0.717373
114	162	0.723933
114	170	0.729896
114	173	0.727262
114	176	0.712946
114	178	0.718999
115	51	0.791085
115	68	0.771973
115	91	0.856287
115	95	0.796614
115	117	0.781922
115	125	1.15116
115	129	0.762032
115	133	0.83481
115	148	1.13536
115	152	1.10566
115	155	1.10957
115	156	0.803285
115	157	1.11125
115	159	1.13429
115	160	1.14112
115	162	1.1257
115	164	0.770398
115	165	1.11026
115	166	1.14979
115	167	0.774653
115	169	1.1444
115	171	0.747578
115	172	1.14093
115	173	1.1204
115	175	1.13373
115	176	1.126
115	177	1.11946
115	178	1.11872
115	179	1.12221
116	24	0.783687
116	26	0.706125
116	37	1.22466
116	38	0.832078
116	57	0.679664
116	70	1.13074
116	78	0.791879
116	79	1.19278
116	84	0.735114
116	90	0.708271
116	93	0.760161
116	111	0.770398
116	117	0.736391
116	119	0.755107
116	124	1.18154
116	134	0.737029
116	140	1.16688
116	141	1.18928
116	145	1.1902
116	146	1.14922
116	147	1.14837
116	149	1.15221
116	150	1.1611
116	163	1.16816
116	174	1.16143
116	175	1.16639
116	176	1.15866
116	177	1.15212
116	178	1.15138
116	179	1.15487
117	12	1.30059
117	54	1.22207
117	72	1.23422
117	91	1.07771
117	100	1.18899
117	103	1.19487
117	115	0.781922
117	116	0.736391
117	118	1.18856
117	119	1.12066
117	120	0.782858
117	121	1.1109
117	122	1.18048
117	126	1.10405
117	132	1.14622
117	134	1.12988
117	135	1.12988
117	138	0.779269
117	139	0.715296
117	143	0.758806
117	158	0.753839
117	161	0.729139
117	163	1.15019
117	164	1.14436
117	171	1.15947
117	172	0.725114
117	174	0.745554
117	177	0.754986
117	179	0.750294
117	180	1.21691
118	8	0.712112
118	53	0.750848
118	61	1.12237
118	72	1.29893
118	91	1.14241
118	100	1.2537
118	102	1.20654
118	107	0.687961
118	113	1.18272
118	117	1.18856
118	119	1.18537
118	121	1.17561
118	122	1.24519
118	125	0.709487
118	126	1.16875
118	130	0.731838
118	132	1.21092
118	134	1.19459
118	135	1.19459
118	142	0.713505
118	149	0.730801
118	152	0.730708
118	159	0.710224
118	163	1.2149
118	164	1.20907
118	171	1.22418
118	176	0.705797
118	177	0.711509
118	178	0.71185
118	179	0.706817
118	180	1.28162
119	61	1.05447
119	72	1.23103
119	91	1.07452
119	100	1.1858
119	102	1.13864
119	103	1.19168
119	107	0.750155
119	113	1.11482
119	116	0.755107
119	117	1.12066
119	118	1.18537
119	121	1.10771
119	122	1.17729
119	125	0.77168
119	126	1.10086
119	128	0.883648
119	130	0.794032
119	132	1.14303
119	134	1.12669
119	135	1.12669
119	136	1.10957
119	139	0.734012
119	148	0.766021
119	149	0.792994
119	159	0.772418
119	161	0.747855
119	162	0.778978
119	164	1.14117
119	166	0.766564
119	171	1.15628
119	180	1.21372
120	15	0.799503
120	17	0.664946
120	49	0.783802
120	65	0.874808
120	72	0.701503
120	101	1.14941
120	114	0.74653
120	117	0.782858
120	127	1.17125
120	132	0.765486
120	143	1.17399
120	146	0.817186
120	147	0.803829
120	151	1.14149
120	153	1.14611
120	156	0.804221
120	157	1.12201
120	159	1.14506
120	166	1.16055
120	168	1.12482
120	169	1.15516
120	170	1.1138
120	171	0.748514
120	172	1.1517
120	173	1.13117
120	174	1.13954
120	175	1.1445
120	176	1.13676
120	177	1.13023
120	178	1.12948
120	179	1.13297
121	12	1.28764
121	33	0.717025
121	54	1.20912
121	61	1.04471
121	91	1.06476
121	100	1.17604
121	101	0.791992
121	102	1.12888
121	103	1.18192
121	113	1.10506
121	117	1.1109
121	118	1.17561
121	119	1.10771
121	122	1.16754
121	126	1.0911
121	127	0.743342
121	132	1.13327
121	134	1.11693
121	135	1.11693
121	141	0.782048
121	142	0.786371
121	157	0.816331
121	158	0.783228
121	161	0.758528
121	164	1.13141
121	170	0.795613
121	171	1.14652
121	174	0.774943
121	177	0.784375
121	179	0.779683
121	180	1.20396
122	72	1.29086
122	91	1.13434
122	100	1.24562
122	101	0.719717
122	102	1.19847
122	103	1.25151
122	112	0.732556
122	113	1.17465
122	117	1.18048
122	118	1.24519
122	119	1.17729
122	121	1.16754
122	126	1.16068
122	132	1.20285
122	134	1.18652
122	135	1.18652
122	139	0.67241
122	148	0.704418
122	155	0.748614
122	159	0.710816
122	162	0.717375
122	163	1.20683
122	164	1.20099
122	165	0.741372
122	169	0.703999
122	170	0.723338
122	171	1.21611
122	173	0.720704
122	177	0.7121
122	179	0.707408
122	180	1.27354
123	29	1.04664
123	34	1.17489
123	44	1.10843
123	68	1.13505
123	71	1.10558
123	76	0.825757
123	81	1.05332
123	86	0.735476
123	98	1.15516
123	104	0.706231
123	106	1.12592
123	112	0.847845
123	114	1.13927
123	124	1.13283
123	129	1.14655
123	137	1.13809
123	140	1.11817
123	142	0.829385
123	144	0.839214
123	145	1.1415
123	146	1.10051
123	147	1.09966
123	150	1.11239
123	158	1.12801
123	160	0.792538
123	161	1.11495
123	162	0.832664
123	167	1.12308
123	172	0.797517
123	178	0.82773
123	179	0.822697
123	180	0.753705
124	28	1.10644
124	29	1.11711
124	44	1.1789
124	81	1.12379
124	96	0.816662
124	98	1.22563
124	104	0.61953
124	106	1.19639
124	110	0.744601
124	112	0.761144
124	114	1.20974
124	116	1.18154
124	123	1.13283
124	125	0.738667
124	129	1.21702
124	137	1.20856
124	140	1.18865
124	145	1.21197
124	146	1.17098
124	147	1.17014
124	150	1.18286
124	151	0.77415
124	154	0.714959
124	158	1.19848
124	161	1.18542
124	162	0.745964
124	165	0.76996
124	167	1.19355
124	170	0.751927
124	172	0.710816
124	174	0.731256
124	175	0.732355
125	66	0.750221
125	83	0.710357
125	89	0.73803
125	97	0.726485
125	102	0.755904
125	108	0.721138
125	115	1.15116
125	118	0.709487
125	119	0.77168
125	124	0.738667
125	138	1.16296
125	139	1.20324
125	147	0.773935
125	152	1.16236
125	154	1.19151
125	157	1.16795
125	162	1.18241
125	163	0.734543
125	165	1.16696
125	166	1.20649
125	167	0.745695
125	168	1.17075
125	169	1.2011
125	170	1.15973
125	171	0.71862
125	172	1.19763
125	173	1.1771
125	174	1.18547
125	176	1.1827
125	177	1.17616
125	178	1.17542
125	179	1.17891
126	12	1.28079
126	22	0.679533
126	54	1.20227
126	61	1.03786
126	91	1.0579
126	96	0.864208
126	100	1.16919
126	102	1.12203
126	103	1.17507
126	107	0.764688
126	113	1.09821
126	117	1.10405
126	118	1.16875
126	119	1.10086
126	121	1.0911
126	122	1.16068
126	130	0.808564
126	132	1.12641
126	134	1.11008
126	135	1.11008
126	136	1.09296
126	138	0.812518
126	153	0.787948
126	158	0.787088
126	162	0.79351
126	163	1.13039
126	164	1.12456
126	166	0.781096
126	171	1.13967
126	175	0.779902
126	176	0.782523
126	177	0.788235
126	179	0.783543
126	180	1.19711
127	3	0.902084
127	53	1.15448
127	61	0.825195
127	68	0.704003
127	72	0.632598
127	75	0.743816
127	76	1.17511
127	100	0.682669
127	102	0.716892
127	103	0.700554
127	120	1.17125
127	121	0.743342
127	134	0.71459
127	139	1.21256
127	143	1.22925
127	147	0.734923
127	150	0.717721
127	155	1.17559
127	162	1.19173
127	163	0.695532
127	165	1.17629
127	166	1.21581
127	168	1.18007
127	169	1.21042
127	170	1.16905
127	171	0.679608
127	172	1.20695
127	173	1.18642
127	174	1.1948
127	175	1.19976
127	176	1.19202
127	177	1.18549
127	178	1.18474
127	179	1.18823
128	2	0.982698
128	11	0.767923
128	16	0.866818
128	35	0.945534
128	48	0.855151
128	54	0.770265
128	108	0.833105
128	119	0.883648
128	137	0.844816
128	150	0.8687
128	151	1.09108
128	152	1.06601
128	153	1.0957
128	154	1.09516
128	155	1.06992
128	157	1.0716
128	159	1.09464
128	160	1.10147
128	162	1.08605
128	163	0.846511
128	164	0.853407
128	166	1.11014
128	167	0.857663
128	168	1.0744
128	169	1.10475
128	170	1.06338
128	172	1.10128
128	173	1.08075
128	174	1.08912
128	175	1.09408
128	176	1.08635
128	177	1.07981
128	178	1.07907
128	179	1.08256
129	20	1.16183
129	28	1.12016
129	31	1.25564
129	44	1.19261
129	68	1.21924
129	81	1.13751
129	82	1.13448
129	101	0.742713
129	106	1.21011
129	114	1.22346
129	115	0.762032
129	123	1.14655
129	124	1.21702
129	130	0.755426
129	137	1.22227
129	140	1.20236
129	145	1.22568
129	146	1.1847
129	147	1.18385
129	150	1.19658
129	154	0.709366
129	155	0.77161
129	156	1.15953
129	159	0.733812
129	160	0.700245
129	161	1.19914
129	167	1.20727
129	169	0.726995
129	170	0.746334
129	172	0.705224
129	177	0.735096
129	178	0.735437
129	179	0.730404
129	180	0.661413
130	5	0.737484
130	50	0.751153
130	66	0.772573
130	71	0.803583
130	102	0.778255
130	118	0.731838
130	119	0.794032
130	126	0.808564
130	129	0.755426
130	135	0.786987
130	138	1.12686
130	144	1.13811
130	150	0.779083
130	151	1.15133
130	152	1.12626
130	153	1.15595
130	154	1.15542
130	155	1.13017
130	156	0.796678
130	157	1.13185
130	160	1.16172
130	162	1.14631
130	163	0.756894
130	165	1.13087
130	166	1.17039
130	168	1.13466
130	169	1.165
130	171	0.740971
130	172	1.16154
130	173	1.14101
130	174	1.14938
130	175	1.15434
130	176	1.1466
130	177	1.14007
130	178	1.13932
130	179	1.14281
131	9	1.20174
131	32	1.22813
131	36	1.23255
131	38	1.09687
131	51	1.17435
131	57	1.24337
131	62	1.07032
131	66	1.18323
131	67	1.0745
131	70	1.14188
131	73	1.26933
131	77	1.14232
131	79	1.20392
131	90	1.18241
131	98	0.735308
131	107	0.721211
131	112	0.765214
131	141	1.20041
131	142	1.15439
131	143	0.748578
131	149	1.16335
131	151	0.77822
131	152	0.763958
131	154	0.719029
131	156	1.13519
131	158	1.18785
131	161	0.718911
131	163	1.1793
131	166	0.73762
131	168	0.751309
131	169	0.736657
131	171	1.18857
131	172	0.714886
131	173	0.753362
131	174	0.735326
131	175	0.736425
131	180	1.24601
132	12	1.32296
132	54	1.24444
132	61	1.08003
132	72	1.25659
132	91	1.10007
132	100	1.21136
132	102	1.1642
132	103	1.21724
132	113	1.14038
132	117	1.14622
132	118	1.21092
132	119	1.14303
132	120	0.765486
132	121	1.13327
132	122	1.20285
132	126	1.12641
132	134	1.15225
132	135	1.15225
132	136	1.13513
132	138	0.761897
132	139	0.697924
132	141	0.735287
132	144	0.749438
132	148	0.729932
132	152	0.756813
132	154	0.711884
132	157	0.76957
132	163	1.17256
132	164	1.16673
132	165	0.766885
132	170	0.748852
132	171	1.18184
132	172	0.707742
132	173	0.746218
132	178	0.737954
132	179	0.732922
132	180	1.23928
133	25	1.25942
133	27	1.04241
133	29	0.917239
133	30	1.17159
133	37	1.17459
133	39	0.710132
133	49	1.12976
133	51	1.11315
133	57	1.18216
133	62	1.00912
133	66	1.12202
133	69	1.22631
133	70	1.08067
133	77	1.08111
133	83	1.16622
133	86	0.715961
133	88	1.18468
133	94	1.01478
133	101	0.815491
133	105	1.16319
133	108	1.12883
133	111	1.09763
133	115	0.83481
133	136	1.08066
