1	64	0.763472
1	88	1.11232
1	98	0.758652
1	99	1.12733
1	111	0.739739
1	141	0.972164
1	152	1.11987
1	161	1.10766
1	162	0.998513
1	173	1.06717
1	176	1.07022
1	178	1.02779
2	65	0.822171
2	108	1.15675
2	135	1.05384
2	139	0.7397
2	146	0.957019
2	152	1.10464
2	156	1.07211
2	161	1.09243
2	167	0.702106
2	171	1.05336
2	175	1.04482
2	177	1.06869
3	4	1.25198
3	20	1.20794
3	26	1.20548
3	45	1.2483
3	50	1.12898
3	57	1.20741
3	67	1.17756
3	68	1.17767
3	152	0.645455
3	173	0.702878
3	174	0.550619
3	177	0.681035
4	3	1.25198
4	24	1.19403
4	33	1.2965
4	45	1.23265
4	50	1.11333
4	57	1.19176
4	67	1.16191
4	68	1.16203
4	77	0.664035
4	172	0.619967
4	174	0.575773
4	179	0.720503
5	83	1.23138
5	87	1.20945
5	90	1.20409
5	95	1.18069
5	101	1.1579
5	102	1.15791
5	139	1.21705
5	140	0.610516
5	160	0.657126
5	165	0.594038
5	172	1.24249
5	180	0.633418
6	12	0.712948
6	17	1.12922
6	36	1.03129
6	54	1.08251
6	59	1.07263
6	61	0.970464
6	88	0.829334
6	110	1.04656
6	142	1.06255
6	143	1.08651
6	155	1.12174
6	169	0.984011
7	9	1.11925
7	41	1.18936
7	58	1.11575
7	60	1.22556
7	70	1.16505
7	73	1.26519
7	142	0.571791
7	170	1.26978
7	174	1.25508
7	175	0.681996
7	177	0.65738
7	180	0.666159
8	96	1.06898
8	118	1.07516
8	126	1.08224
8	128	1.07725
8	142	0.793151
8	144	1.05516
8	149	1.07288
8	166	1.05443
8	167	1.07399
8	168	0.835686
8	175	0.903357
8	180	1.04663
9	7	1.11925
9	41	1.05555
9	43	1.01826
9	49	1.01065
9	58	0.98194
9	70	1.03124
9	73	1.13138
9	108	0.7597
9	142	0.844787
9	170	1.13597
9	171	0.92854
9	174	1.12127
10	23	0.726948
10	95	0.78347
10	121	1.12625
10	131	1.04162
10	134	1.0733
10	156	1.08313
10	159	1.09854
10	163	1.03866
10	164	0.757718
10	171	1.06438
10	178	1.02359
10	179	1.05358
11	14	0.561155
11	17	1.24321
11	31	1.27708
11	54	1.19651
11	59	1.18662
11	61	1.08446
11	131	0.756865
11	142	1.17654
11	143	1.2005
11	155	1.23573
11	170	0.568656
11	177	0.691788
12	6	0.712948
12	56	1.22466
12	101	0.599404
12	107	1.2113
12	128	0.443486
12	133	1.23581
12	134	1.18858
12	152	1.23095
12	160	1.16484
12	166	0.50951
12	173	1.17825
12	179	1.16885
13	29	1.17795
13	43	1.16069
13	49	1.15308
13	58	1.12438
13	70	1.17368
13	73	1.27381
13	78	0.627805
13	99	0.566681
13	161	0.657571
13	170	1.27841
13	174	1.26371
13	175	0.720796
14	11	0.561155
14	65	0.620113
14	119	0.567412
14	141	1.1106
14	152	1.25831
14	155	0.516279
14	168	1.22683
14	173	1.20561
14	175	1.19848
14	176	1.20866
14	177	1.22235
14	178	1.16623
15	16	0.882417
15	25	0.602567
15	82	1.04704
15	145	0.773897
15	156	1.07879
15	158	1.09328
15	159	1.09419
15	160	1.04522
15	161	1.09911
15	169	1.04957
15	177	1.07537
15	178	1.01925
16	15	0.882417
16	89	1.07151
16	93	1.135
16	106	1.03829
16	107	0.756726
16	119	1.11337
16	120	1.0344
16	124	1.01885
16	125	1.07983
16	159	1.0793
16	179	1.03435
16	180	0.847332
17	6	1.12922
17	11	1.24321
17	36	1.17912
17	59	1.22046
17	61	1.11829
17	82	0.664983
17	85	0.672828
17	142	1.21037
17	143	1.23433
17	155	1.26956
17	165	0.604861
17	177	0.635462
18	41	1.05872
18	43	1.02143
18	49	1.01382
18	55	0.958084
18	58	0.985114
18	60	1.09492
18	70	1.03441
18	73	1.13455
18	76	0.66134
18	131	0.910838
18	170	1.13915
18	174	1.12445
19	20	1.21325
19	24	1.21499
19	26	1.21079
19	45	1.25361
19	50	1.13429
19	57	1.21272
19	67	1.18287
19	68	1.18298
19	88	0.549407
19	92	0.634398
19	148	0.720374
19	159	0.667226
20	3	1.20794
20	19	1.21325
20	26	1.14579
20	33	1.25246
20	50	1.06929
20	57	1.14772
20	67	1.11787
20	68	1.11798
20	110	1.13
20	123	0.619007
20	134	0.613215
20	141	0.952088
20	152	0.587702
21	30	0.885185
21	79	1.11781
21	83	1.19271
21	87	1.17078
21	101	1.11924
21	102	1.11924
21	113	0.669929
21	153	0.607213
21	154	1.15407
21	161	0.60872
21	167	1.17418
21	172	1.20383
21	180	1.14682
22	52	0.798265
22	62	0.788796
22	120	0.878153
22	152	1.07626
22	153	1.04904
22	160	1.01015
22	161	1.06404
22	170	1.11896
22	171	1.02497
22	173	1.02355
22	176	1.02661
22	178	0.984177
22	180	1.01953
23	10	0.726948
23	128	1.16748
23	136	1.17182
23	140	1.15319
23	144	1.14539
23	145	1.16915
23	151	1.14081
23	154	1.14411
23	161	0.635149
23	166	1.14466
23	167	1.16422
23	175	0.698373
23	176	0.672342
24	4	1.19403
24	19	1.21499
24	26	1.14753
24	33	1.2542
24	50	1.07103
24	57	1.14945
24	67	1.11961
24	68	1.11972
24	110	1.13173
24	121	0.637054
24	165	0.708645
24	168	0.696192
24	176	0.737831
25	15	0.602567
25	34	1.11831
25	37	1.12218
25	42	1.20641
25	52	1.16328
25	53	1.16325
25	62	1.16317
25	64	1.13082
25	69	1.20335
25	132	0.630391
25	138	1.1249
25	174	0.939073
25	180	0.567482
26	3	1.20548
26	19	1.21079
26	20	1.14579
26	24	1.14753
26	45	1.18615
26	57	1.14525
26	67	1.11541
26	68	1.11552
26	110	1.12753
26	121	0.628777
26	133	0.671361
26	169	0.748579
26	176	0.729553
27	48	0.594323
27	87	1.13327
27	95	1.10452
27	101	1.08173
27	102	1.08174
27	104	1.15305
27	137	0.797571
27	144	1.11785
27	149	1.13556
27	156	0.771942
27	166	1.11712
27	172	1.16632
27	177	0.811248
27	180	1.10931
28	60	0.657201
28	72	0.725464
28	86	1.07539
28	99	1.17313
28	114	0.627908
28	121	1.17625
28	148	1.10887
28	156	1.13313
28	162	1.04432
28	165	1.13593
28	167	0.623111
28	172	1.16596
28	176	1.11602
28	178	1.07359
29	13	1.17795
29	41	1.10562
29	43	1.06832
29	49	1.06071
29	58	1.03201
29	60	1.14182
29	70	1.08131
29	73	1.18144
29	100	0.778472
29	137	0.762433
29	142	0.69052
29	152	0.740529
29	170	1.18604
29	174	1.17134
30	21	0.885185
30	68	0.968953
30	112	0.860184
30	119	1.07844
30	120	0.999471
30	124	0.983919
30	125	1.0449
30	152	1.06151
30	158	1.04346
30	162	0.940151
30	171	1.01022
30	176	1.01186
30	177	1.02555
30	179	0.999417
31	11	1.27708
31	36	1.21298
31	54	1.2642
31	59	1.25432
31	61	1.15215
31	86	0.668726
31	110	1.22825
31	137	0.569828
31	142	1.24423
31	143	1.26819
31	155	1.30342
31	169	0.601116
31	177	0.583505
31	179	0.597819
32	42	1.19809
32	64	1.12249
32	66	1.2355
32	69	1.19502
32	125	0.574448
32	137	1.12537
32	138	1.11657
32	145	0.652578
32	155	0.569458
32	164	0.627073
32	168	1.14609
32	177	1.14161
32	180	1.12085
33	4	1.2965
33	20	1.25246
33	24	1.2542
33	45	1.29282
33	50	1.1735
33	57	1.25192
33	67	1.22208
33	68	1.22219
33	110	1.2342
33	122	0.622026
33	159	0.605202
33	163	0.672945
33	174	0.494033
33	180	0.633228
34	25	1.11831
34	37	1.06979
34	52	1.1109
34	53	1.11087
34	62	1.11079
34	64	1.07844
34	66	1.19144
34	69	1.15097
34	114	1.18983
34	138	1.07252
34	159	0.725991
34	160	0.777726
34	165	0.714637
34	179	0.759551
35	46	0.58916
35	48	1.20764
35	61	0.768125
35	73	0.64016
35	78	1.17967
35	87	0.613745
35	160	1.10055
35	162	1.0453
35	165	1.13691
35	169	1.10489
35	173	1.11395
35	177	1.13069
35	178	1.07457
35	179	1.10456
36	6	1.03129
36	17	1.17912
36	31	1.21298
36	54	1.13241
36	61	1.02037
36	88	0.690397
36	91	1.11323
36	99	0.697965
36	107	0.745637
36	110	1.09647
36	142	1.11245
36	143	1.13641
36	155	1.17164
36	180	0.836242
37	25	1.12218
37	34	1.06979
37	42	1.1579
37	52	1.11476
37	53	1.11473
37	62	1.11465
37	64	1.0823
37	66	1.19531
37	69	1.15484
37	123	0.71085
37	138	1.07639
37	147	0.637804
37	162	0.903137
37	180	0.723904
38	55	0.608168
38	75	1.36696
38	85	0.533212
38	94	1.45543
38	106	1.38947
38	120	1.38557
38	124	1.37002
38	125	1.431
38	133	0.436239
38	164	1.41744
38	165	0.465244
38	173	0.517688
38	179	1.38552
38	180	0.504624
39	40	1.22324
39	44	1.17331
39	48	0.684873
39	76	0.717377
39	83	1.13204
39	87	1.11011
39	90	1.10476
39	95	1.08135
39	101	1.05857
39	102	1.05858
39	127	0.792024
39	139	1.11772
39	170	0.778666
39	172	1.14316
40	39	1.22324
40	44	1.31192
40	83	1.27066
40	90	1.24337
40	95	1.21997
40	101	1.19718
40	102	1.19719
40	139	1.25633
40	152	0.550198
40	169	0.603388
40	172	1.28177
40	177	0.585778
40	178	0.688513
40	180	0.594557
41	7	1.18936
41	9	1.05555
41	18	1.05872
41	29	1.10562
41	49	1.08076
41	58	1.05205
41	60	1.16186
41	70	1.10135
41	158	0.698325
41	163	0.787984
41	169	0.757099
41	170	1.20609
41	174	1.19139
41	176	0.738073
42	25	1.20641
42	32	1.19809
42	37	1.1579
42	52	1.199
42	53	1.19897
42	62	1.19889
42	64	1.16654
42	66	1.27955
42	69	1.23907
42	78	0.611695
42	129	0.645698
42	138	1.16063
42	163	0.728565
42	174	0.549653
42	180	0.688849
43	9	1.01826
43	13	1.16069
43	18	1.02143
43	29	1.06832
43	49	1.04346
43	58	1.01476
43	60	1.12457
43	70	1.06406
43	73	1.16419
43	132	0.865329
43	153	0.753525
43	165	0.76304
43	170	1.16879
43	174	1.15409
43	180	0.80242
44	39	1.17331
44	40	1.31192
44	55	0.713953
44	83	1.22073
44	87	1.19879
44	90	1.19344
44	95	1.17003
44	101	1.14725
44	102	1.14726
44	139	1.2064
44	158	0.560466
44	160	0.634117
44	172	1.23184
44	178	0.704365
44	180	0.610409
45	3	1.2483
45	4	1.23265
45	19	1.25361
45	26	1.18615
45	33	1.29282
45	50	1.10965
45	57	1.18808
45	67	1.15823
45	68	1.15834
45	85	0.690544
45	110	1.17036
45	131	0.718255
45	142	0.567589
45	147	0.575857
45	179	0.667492
46	35	0.58916
46	74	0.613564
46	77	0.560829
46	94	1.24396
46	106	1.17799
46	111	1.23786
46	119	1.25307
46	120	1.1741
46	124	1.15855
46	159	1.219
46	162	0.790995
46	163	1.15913
46	164	1.20597
46	173	0.624825
46	179	1.17404
47	50	0.805141
47	94	0.619412
47	123	1.10173
47	124	0.750367
47	134	1.10768
47	139	0.647542
47	141	1.00234
47	153	1.12283
47	165	1.12031
47	175	1.09022
47	176	1.1004
47	177	1.11409
47	178	1.05797
47	179	1.08795
47	180	1.09332
48	27	0.594323
48	35	1.20764
48	39	0.684873
48	99	1.24955
48	140	0.534011
48	142	1.21339
48	145	0.513108
48	156	1.20955
48	166	0.546038
48	168	1.21061
48	169	1.18033
48	173	1.18939
48	175	1.18226
48	177	1.20613
48	178	1.15001
49	9	1.01065
49	13	1.15308
49	18	1.01382
49	29	1.06071
49	41	1.08076
49	43	1.04346
49	60	1.11696
49	70	1.05645
49	73	1.15658
49	76	0.600596
49	122	0.782594
49	148	0.818918
49	162	0.973029
49	170	1.16118
49	174	1.14648
50	3	1.12898
50	4	1.11333
50	19	1.13429
50	20	1.06929
50	24	1.07103
50	33	1.1735
50	45	1.10965
50	47	0.805141
50	57	1.06875
50	67	1.03891
50	68	1.03902
50	88	0.688809
50	110	1.05103
50	132	0.897563
50	142	0.740286
51	56	1.20026
51	101	0.718888
51	125	0.517934
51	130	0.607498
51	150	0.621503
51	155	0.512944
51	160	1.14044
51	162	1.08519
51	168	1.17506
51	170	1.24924
51	172	1.20683
51	175	1.14671
51	176	1.15689
51	177	1.17058
51	178	1.11446
51	180	1.14982
52	22	0.798265
52	25	1.16328
52	34	1.1109
52	37	1.11476
52	42	1.199
52	53	1.15583
52	62	1.15576
52	64	1.1234
52	66	1.23641
52	69	1.19594
52	114	1.2348
52	129	0.624359
52	134	0.648664
52	138	1.11749
52	152	0.623151
52	175	0.683347
53	25	1.16325
53	34	1.11087
53	37	1.11473
53	42	1.19897
53	52	1.15583
53	62	1.15573
53	64	1.12337
53	66	1.23638
53	69	1.19591
53	114	1.23477
53	138	1.11746
53	147	0.641622
53	170	0.595811
53	172	0.632721
53	178	0.821679
53	179	0.733257
54	6	1.08251
54	11	1.19651
54	31	1.2642
54	36	1.13241
54	59	1.17375
54	61	1.07159
54	74	0.700472
54	91	1.16445
54	110	1.14769
54	129	0.655519
54	142	1.16367
54	143	1.18763
54	155	1.22286
54	170	0.566758
54	173	0.711734
54	178	0.792626
55	18	0.958084
55	38	0.608168
55	44	0.713953
55	121	1.11688
55	122	1.05229
55	135	1.0555
55	152	1.1063
55	156	1.07376
55	158	1.08825
55	160	1.04019
55	166	0.875286
55	168	1.07482
55	173	1.0536
55	176	1.05665
55	177	1.07034
55	178	1.01422
56	12	1.22466
56	51	1.20026
56	68	0.616168
56	103	1.14332
56	133	1.19969
56	149	0.631718
56	154	0.627807
56	158	1.17677
56	164	0.589599
56	167	0.515753
56	171	1.14354
56	175	1.13499
56	176	1.14517
56	177	1.15886
56	179	1.13273
56	180	1.1381
57	3	1.20741
57	4	1.19176
57	19	1.21272
57	20	1.14772
57	24	1.14945
57	26	1.14525
57	33	1.25192
57	45	1.18808
57	50	1.06875
57	67	1.11734
57	68	1.11745
57	127	0.608018
57	158	0.676628
57	161	0.679183
57	179	0.732105
57	180	0.726571
58	7	1.11575
58	9	0.98194
58	13	1.12438
58	18	0.985114
58	29	1.03201
58	41	1.05205
58	43	1.01476
58	60	1.08825
58	70	1.02774
58	73	1.12788
58	156	0.815536
58	160	0.887329
58	168	0.811788
58	170	1.13248
58	174	1.11778
58	180	0.863621
59	6	1.07263
59	11	1.18662
59	17	1.22046
59	31	1.25432
59	54	1.17375
59	61	1.0617
59	91	1.15456
59	105	0.625801
59	110	1.1378
59	134	0.723587
59	142	1.15378
59	143	1.17774
59	155	1.21297
59	163	0.78215
59	168	0.690601
59	174	0.603238
60	7	1.22556
60	18	1.09492
60	28	0.657201
60	29	1.14182
60	41	1.16186
60	43	1.12457
60	49	1.11696
60	58	1.08825
60	70	1.13755
60	73	1.23769
60	137	0.651095
60	147	0.58745
60	161	0.626163
60	162	0.852783
60	170	1.24229
60	174	1.22759
61	6	0.970464
61	11	1.08446
61	17	1.11829
61	31	1.15215
61	35	0.768125
61	36	1.02037
61	54	1.07159
61	59	1.0617
61	91	1.0524
61	110	1.03564
61	142	1.05162
61	143	1.07558
61	155	1.11081
61	160	0.814435
61	162	0.969959
61	171	0.780111
62	22	0.788796
62	25	1.16317
62	34	1.11079
62	37	1.11465
62	42	1.19889
62	52	1.15576
62	53	1.15573
62	64	1.1233
62	66	1.2363
62	69	1.19583
62	103	0.69851
62	108	0.478587
62	114	1.23469
62	138	1.11738
62	178	0.751998
62	179	0.663576
63	109	1.19202
63	116	1.14267
63	117	1.14098
63	126	1.13538
63	145	1.13206
63	149	1.12602
63	150	1.10861
63	153	0.696653
63	154	1.10702
63	155	1.18697
63	165	0.706168
63	166	1.10757
63	167	1.12713
63	176	0.735354
63	177	0.736769
63	179	0.751083
63	180	1.09977
64	1	0.763472
64	25	1.13082
64	32	1.12249
64	34	1.07844
64	37	1.0823
64	42	1.16654
64	52	1.1234
64	53	1.12337
64	62	1.1233
64	66	1.20395
64	69	1.16348
64	114	1.20234
64	129	0.647484
64	138	1.08503
64	173	0.703699
64	177	0.681856
64	178	0.784592
65	2	0.822171
65	14	0.620113
65	112	1.16786
65	116	1.1543
65	129	0.716375
65	130	1.12505
65	145	1.14369
65	149	1.13765
65	150	1.12024
65	151	1.11535
65	154	1.11865
65	157	1.13039
65	164	1.13795
65	167	1.13876
65	170	0.627615
65	176	0.749332
65	180	1.1114
66	32	1.2355
66	34	1.19144
66	37	1.19531
66	42	1.27955
66	52	1.23641
66	53	1.23638
66	62	1.2363
66	64	1.20395
66	69	1.27649
66	114	1.31535
66	135	0.67817
66	138	1.19804
66	156	0.617331
66	168	0.613583
66	172	0.570415
66	174	0.52622
66	180	0.665416
67	3	1.17756
67	4	1.16191
67	19	1.18287
67	20	1.11787
67	24	1.11961
67	26	1.11541
67	33	1.22208
67	45	1.15823
67	50	1.03891
67	57	1.11734
67	68	1.0876
67	110	1.09962
67	147	0.703414
67	163	0.829231
67	165	0.750134
67	172	0.694513
67	174	0.650319
68	3	1.17767
68	4	1.16203
68	19	1.18298
68	20	1.11798
68	24	1.11972
68	26	1.11552
68	30	0.968953
68	33	1.22219
68	45	1.15834
68	50	1.03902
68	56	0.616168
68	57	1.11745
68	67	1.0876
68	88	0.594031
68	110	1.09973
68	121	0.628905
68	134	0.72103
69	25	1.20335
69	32	1.19502
69	34	1.15097
69	37	1.15484
69	42	1.23907
69	52	1.19594
69	53	1.19591
69	62	1.19583
69	64	1.16348
69	66	1.27649
69	77	0.520879
69	85	0.600399
69	114	1.27487
69	138	1.15756
69	141	0.891839
69	162	0.751045
69	168	0.519979
69	179	0.577346
70	7	1.16505
70	9	1.03124
70	13	1.17368
70	18	1.03441
70	29	1.08131
70	41	1.10135
70	43	1.06406
70	49	1.05645
70	58	1.02774
70	60	1.13755
70	73	1.17718
70	107	0.705004
70	129	0.752458
70	159	0.767583
70	170	1.18178
70	174	1.16708
70	179	0.801144
70	180	0.795609
71	97	1.10597
71	115	1.13671
71	126	1.12587
71	136	1.12523
71	140	1.10659
71	144	1.0988
71	146	1.01304
71	150	1.09911
71	151	1.09421
71	154	1.09752
71	156	0.67855
71	157	1.10925
71	158	0.676693
71	166	1.09807
71	167	1.11762
71	175	0.742472
71	176	0.716441
71	180	1.09026
72	28	0.725464
72	81	1.16139
72	93	1.19887
72	94	1.16813
72	100	0.735396
72	106	1.10217
72	107	0.651208
72	111	1.16203
72	119	1.17725
72	120	1.09827
72	122	0.730611
72	124	1.08272
72	125	1.1437
72	163	1.0833
72	164	1.13014
72	176	0.731619
72	179	1.09822
73	7	1.26519
73	9	1.13138
73	13	1.27381
73	18	1.13455
73	29	1.18144
73	35	0.64016
73	43	1.16419
73	49	1.15658
73	58	1.12788
73	60	1.23769
73	70	1.17718
73	153	0.613866
73	163	0.702477
73	170	1.28191
73	171	0.652146
73	172	0.56776
73	174	1.26721
73	176	0.652567
74	46	0.613564
74	54	0.700472
74	83	1.14691
74	90	1.11962
74	95	1.09622
74	101	1.07343
74	102	1.07344
74	110	0.722122
74	117	0.669413
74	133	1.1626
74	134	1.11536
74	149	0.757228
74	156	1.1252
74	162	1.03638
74	172	1.15802
74	173	1.10503
74	177	1.12177
74	178	1.06566
75	38	1.36696
75	76	0.67493
75	80	1.11969
75	89	1.09553
75	92	0.807275
75	105	0.751497
75	106	1.06232
75	111	1.12218
75	119	1.1374
75	120	1.05842
75	123	0.855076
75	124	1.04287
75	125	1.10385
75	159	1.10333
75	163	1.04345
75	164	1.09029
75	174	0.728934
75	179	1.05837
76	18	0.66134
76	39	0.717377
76	49	0.600596
76	75	0.67493
76	80	0.53276
76	93	0.522889
76	131	1.13954
76	132	1.12606
76	136	1.19184
76	153	1.18638
76	154	1.16413
76	157	1.17586
76	164	1.18343
76	166	1.16468
76	168	1.18211
76	174	1.24159
76	176	1.16394
76	178	1.12151
76	180	1.15687
77	4	0.664035
77	46	0.560829
77	69	0.520879
77	86	1.14169
77	87	1.19921
77	90	1.19386
77	95	1.17045
77	101	1.14767
77	102	1.14768
77	117	0.616678
77	123	1.18366
77	130	0.699312
77	137	1.17977
77	155	0.604759
77	162	1.11061
77	163	1.15496
77	168	1.20049
77	172	1.23226
77	178	1.13989
78	13	0.627805
78	35	1.17967
78	42	0.611695
78	84	0.581165
78	125	0.583528
78	129	1.21007
78	134	1.17176
78	135	1.16333
78	136	0.623857
78	139	0.599902
78	147	1.19229
78	156	1.18159
78	160	1.14802
78	165	1.18439
78	175	1.1543
78	176	1.16448
78	177	1.17817
78	178	1.12205
78	179	1.15204
79	21	1.11781
79	96	1.08101
79	104	1.1024
79	114	1.1717
79	117	1.09988
79	128	1.08929
79	130	1.07231
79	140	1.07499
79	144	1.0672
79	151	1.06261
79	154	1.06592
79	157	1.07765
79	165	0.816911
79	166	1.06647
79	172	0.76129
79	173	0.869355
79	174	0.717095
79	179	0.861825
79	180	1.05866
80	75	1.11969
80	76	0.53276
80	81	1.20141
80	93	1.2389
80	94	1.20816
80	106	1.14219
80	111	1.20206
80	119	1.21727
80	120	1.1383
80	124	1.12275
80	125	1.18373
80	135	0.738714
80	163	1.12333
80	164	1.17017
80	170	0.594048
80	171	0.715345
80	177	0.71718
80	179	1.13824
80	180	0.725959
81	72	1.16139
81	80	1.20141
81	89	1.17726
81	94	1.21001
81	103	0.693592
81	106	1.14405
81	111	1.20391
81	119	1.21912
81	120	1.14015
81	121	0.542153
81	124	1.1246
81	125	1.18558
81	148	0.678245
81	162	0.832357
81	163	1.12518
81	164	1.17202
81	175	0.668961
81	179	1.1401
81	180	0.653123
82	15	1.04704
82	17	0.664983
82	87	1.10407
82	90	1.09872
82	95	1.07531
82	101	1.05253
82	102	1.05253
82	106	0.773131
82	125	0.681424
82	128	0.72646
82	139	1.11168
82	154	0.772256
82	156	1.10429
82	165	1.10709
82	172	1.13711
82	173	1.08413
82	175	1.077
82	177	1.10087
82	178	1.04475
83	5	1.23138
83	21	1.19271
83	39	1.13204
83	40	1.27066
83	44	1.22073
83	74	1.14691
83	87	1.15752
83	90	1.15217
83	95	1.12877
83	101	1.10598
83	102	1.10599
83	139	1.16513
83	158	0.633786
83	159	0.655703
83	163	0.723445
83	172	1.19057
83	175	0.699566
83	177	0.67495
83	180	0.683729
84	78	0.581165
84	92	1.16984
84	98	1.15765
84	99	0.52004
84	100	0.651901
84	112	1.20548
84	113	0.672139
84	128	1.17964
84	140	1.16535
84	141	0.978345
84	145	1.18131
84	150	1.15786
84	151	1.15297
84	154	1.15627
84	157	1.16801
84	161	0.610931
84	164	1.17557
84	166	1.15682
84	167	1.17638
85	17	0.672828
85	38	0.533212
85	45	0.690544
85	69	0.600399
85	89	0.738469
85	94	0.677512
85	105	1.17527
85	118	1.1399
85	143	1.16334
85	145	1.14366
85	148	1.11129
85	149	1.13762
85	152	1.16809
85	153	1.14087
85	165	1.13835
85	166	1.11917
85	167	1.13873
85	169	1.10633
85	170	1.21079
85	180	1.11137
86	28	1.07539
86	31	0.668726
86	77	1.14169
86	105	1.11801
86	110	0.796762
86	113	1.06982
86	123	1.06251
86	125	0.737123
86	131	1.03678
86	132	1.0233
86	141	0.963119
86	151	0.82274
86	157	0.794473
86	159	1.09369
86	170	1.15353
86	171	1.05954
86	176	1.06118
86	177	1.07487
86	178	1.01875
86	180	1.0541
87	5	1.20945
87	21	1.17078
87	27	1.13327
87	35	0.613745
87	39	1.11011
87	44	1.19879
87	77	1.19921
87	82	1.10407
87	83	1.15752
87	90	1.13024
87	95	1.10683
87	101	1.08405
87	102	1.08406
87	131	0.692644
87	138	0.630408
87	139	1.1432
87	146	0.922753
87	172	1.16864
87	178	0.730302
87	180	0.636345
88	1	1.11232
88	6	0.829334
88	19	0.549407
88	36	0.690397
88	50	0.688809
88	68	0.594031
88	91	0.604688
88	133	1.19843
88	148	1.13676
88	158	1.17551
88	161	1.18135
88	162	1.0722
88	165	1.16382
88	168	1.16208
88	169	1.1318
88	173	1.14086
88	175	1.13373
88	177	1.1576
88	178	1.10148
88	179	1.13147
89	16	1.07151
89	75	1.09553
89	81	1.17726
89	85	0.738469
89	91	1.14826
89	92	0.649028
89	93	1.21474
89	94	1.184
89	111	1.1779
89	113	0.723703
89	119	1.19312
89	120	1.11414
89	124	1.09859
89	125	1.15957
89	159	1.15905
89	163	1.09917
89	171	0.699267
89	177	0.701103
89	179	1.11409
89	180	0.709882
90	5	1.20409
90	39	1.10476
90	40	1.24337
90	44	1.19344
90	74	1.11962
90	77	1.19386
90	82	1.09872
90	83	1.15217
90	87	1.13024
90	92	0.686386
90	95	1.10148
90	101	1.07869
90	102	1.0787
90	121	0.63627
90	139	1.13784
90	147	0.661141
90	168	0.695407
90	172	1.16328
90	178	0.841197
90	180	0.74724
91	36	1.11323
91	54	1.16445
91	59	1.15456
91	61	1.0524
91	88	0.604688
91	89	1.14826
91	92	0.689679
91	119	1.19012
91	124	1.0956
91	125	1.15658
91	127	0.63198
91	142	1.14448
91	143	1.16844
91	155	1.20367
91	159	1.15605
91	164	1.14302
91	165	0.711153
91	176	0.740339
91	178	0.84449
91	179	1.11109
92	19	0.634398
92	75	0.807275
92	84	1.16984
92	89	0.649028
92	90	0.686386
92	91	0.689679
92	96	1.13084
92	120	0.686544
92	136	1.14346
92	140	1.12482
92	146	1.01759
92	151	1.11244
92	161	1.153
92	166	1.1163
92	167	1.13586
92	168	1.13374
92	169	1.10346
92	175	1.10539
92	176	1.11557
92	177	1.12926
92	180	1.10849
93	16	1.135
93	72	1.19887
93	76	0.522889
93	80	1.2389
93	89	1.21474
93	106	1.18153
93	111	1.24139
93	113	0.72991
93	119	1.25661
93	120	1.17763
93	124	1.16208
93	125	1.22306
93	152	0.67173
93	153	0.667194
93	159	1.22254
93	163	1.16266
93	164	1.2095
93	170	0.584178
93	174	0.576893
93	179	1.17758
93	180	0.716089
94	38	1.45543
94	46	1.24396
94	47	0.619412
94	72	1.16813
94	80	1.20816
94	81	1.21001
94	85	0.677512
94	89	1.184
94	105	0.532293
94	111	1.21065
94	120	1.1469
94	124	1.13134
94	125	1.19232
94	129	0.605774
94	133	0.580539
94	159	1.1918
94	163	1.13193
94	164	1.17876
94	175	0.664762
94	178	0.742882
94	179	1.14684
95	5	1.18069
95	10	0.78347
95	27	1.10452
95	39	1.08135
95	40	1.21997
95	44	1.17003
95	74	1.09622
95	77	1.17045
95	82	1.07531
95	83	1.12877
95	87	1.10683
95	90	1.10148
95	101	1.05529
95	102	1.0553
95	127	0.620505
95	131	0.795356
95	138	0.733121
95	139	1.11444
95	172	1.13988
95	173	0.752122
95	180	0.739058
96	8	1.06898
96	79	1.08101
96	92	1.13084
96	97	1.12573
96	105	0.655099
96	118	1.13855
96	128	1.14064
96	129	0.728581
96	130	1.12366
96	136	1.14498
96	145	1.14231
96	146	1.05814
96	150	1.11886
96	151	1.11397
96	153	0.722837
96	154	1.11727
96	157	1.12901
96	166	1.11782
96	172	0.676731
96	174	0.632536
96	180	1.11002
97	71	1.10597
97	96	1.12573
97	99	0.655864
97	115	1.14982
97	117	1.14459
97	122	0.782939
97	130	1.11702
97	140	1.1197
97	144	1.11191
97	149	1.12962
97	150	1.11222
97	151	1.10732
97	154	1.11063
97	157	1.12236
97	161	0.746754
97	166	1.11118
97	167	1.13074
97	171	0.783527
97	172	0.69914
97	179	0.799676
97	180	1.10337
98	1	0.758652
98	84	1.15765
98	115	1.14274
98	118	1.12483
98	126	1.13191
98	135	0.69857
98	136	1.13126
98	139	1.12786
98	140	1.11262
98	141	1.00584
98	145	1.12859
98	148	0.710938
98	150	1.10514
98	151	1.10024
98	154	1.10355
98	157	1.11528
98	166	1.1041
98	167	1.12366
98	170	0.553905
98	179	0.691351
98	180	1.0963
99	1	1.12733
99	13	0.566681
99	28	1.17313
99	36	0.697965
99	48	1.24955
99	84	0.52004
99	97	0.655864
99	103	1.15707
99	105	1.21576
99	110	0.582042
99	120	0.609121
99	122	1.15456
99	144	0.628338
99	148	1.15177
99	156	1.17603
99	160	1.14246
99	168	1.17709
99	171	1.15728
99	174	1.23657
99	176	1.15892
99	177	1.17261
99	180	1.15185
100	29	0.778472
100	72	0.735396
100	84	0.651901
100	131	1.08002
100	135	1.10327
100	137	1.10187
100	147	1.13224
100	148	1.09727
100	151	0.739881
100	155	0.649275
100	157	0.711614
100	159	1.13694
100	160	1.08797
100	162	1.03271
100	169	1.09231
100	171	1.10278
100	172	1.15436
100	173	1.10137
100	175	1.09424
100	176	1.10442
100	177	1.11811
100	178	1.06199
101	5	1.1579
101	12	0.599404
101	21	1.11924
101	27	1.08173
101	39	1.05857
101	40	1.19718
101	44	1.14725
101	51	0.718888
101	74	1.07343
101	77	1.14767
101	82	1.05253
101	83	1.10598
101	87	1.08405
101	90	1.07869
101	95	1.05529
101	102	1.03251
101	127	0.743082
101	139	1.09165
101	142	0.767267
101	160	0.885344
101	172	1.11709
101	180	0.861635
102	5	1.15791
102	21	1.11924
102	27	1.08174
102	39	1.05858
102	40	1.19719
102	44	1.14726
102	74	1.07344
102	77	1.14768
102	82	1.05253
102	83	1.10599
102	87	1.08406
102	90	1.0787
102	95	1.0553
102	101	1.03251
102	121	0.70691
102	139	1.09166
102	152	0.773521
102	160	0.841589
102	169	0.826712
102	170	0.685969
102	172	1.1171
102	173	0.830944
103	56	1.14332
103	62	0.69851
103	81	0.693592
103	99	1.15707
103	116	0.680572
103	117	0.70808
103	122	1.0956
103	135	1.09881
103	139	0.717524
103	141	1.0019
103	143	0.721324
103	147	1.12778
103	160	1.0835
103	161	1.1374
103	162	1.02825
103	171	1.09832
103	173	1.09691
103	174	1.17761
103	175	1.08978
103	177	1.11365
103	178	1.05753
103	180	1.09289
104	27	1.15305
104	79	1.1024
104	112	1.18787
104	116	1.17431
104	118	1.15994
104	122	0.71128
104	130	1.14505
104	136	1.16637
104	145	1.1637
104	149	1.15765
104	150	1.14025
104	151	1.13535
104	154	1.13866
104	157	1.15039
104	158	0.67254
104	161	0.675095
104	163	0.762199
104	166	1.13921
104	167	1.15877
104	168	0.670649
104	171	0.711867
104	176	0.712288
104	180	1.1314
105	59	0.625801
105	75	0.751497
105	85	1.17527
105	86	1.11801
105	94	0.532293
105	96	0.655099
105	99	1.21576
105	141	1.06059
105	144	0.649984
105	146	1.06067
105	152	1.2083
105	153	1.18108
105	161	1.19609
105	162	1.08694
105	164	0.596674
105	165	1.17856
105	166	0.655109
105	168	1.17682
105	169	1.14654
105	175	1.14847
105	176	1.15865
105	177	1.17234
105	178	1.11622
106	16	1.03829
106	38	1.38947
106	46	1.17799
106	72	1.10217
106	75	1.06232
106	80	1.14219
106	81	1.14405
106	82	0.773131
106	93	1.18153
106	107	0.661783
106	111	1.14469
106	119	1.1599
106	120	1.08093
106	124	1.06538
106	125	1.12636
106	132	0.815298
106	138	0.746452
106	156	0.704304
106	159	1.12583
106	163	1.06596
106	164	1.1128
106	165	0.713009
106	172	0.657388
106	179	1.08088
107	12	1.2113
107	16	0.756726
107	36	0.745637
107	70	0.705004
107	72	0.651208
107	106	0.661783
107	125	0.570076
107	127	1.1673
107	132	1.09393
107	146	1.03383
107	147	1.15963
107	148	1.12466
107	153	1.15425
107	158	1.16341
107	163	1.10445
107	164	0.622701
107	171	1.13017
107	173	1.12876
107	175	1.12163
107	176	1.13181
107	177	1.1455
107	178	1.08938
107	179	1.11937
107	180	1.12474
108	2	1.15675
108	9	0.7597
108	62	0.478587
108	117	0.488156
108	119	0.52737
108	122	1.1992
108	131	1.17916
108	133	1.25808
108	135	1.20241
108	144	0.587161
108	146	1.10559
108	151	0.566843
108	153	1.226
108	158	1.23516
108	160	1.18711
108	164	0.533852
108	165	1.22347
108	166	0.592287
108	169	1.19145
108	170	1.29591
108	175	1.19338
108	178	1.16113
108	179	1.19112
108	180	1.19649
109	63	1.19202
109	112	1.23638
109	113	0.683845
109	117	1.22114
109	128	1.21055
109	135	0.682778
109	138	0.664086
109	139	1.21149
109	140	1.19625
109	144	1.18846
109	148	0.695146
109	149	1.20617
109	150	1.18877
109	151	1.18387
109	154	1.18718
109	156	0.621939
109	157	1.19891
109	164	1.20648
109	166	1.18773
109	167	1.20728
109	168	0.61819
109	174	0.530828
109	177	0.661245
109	180	1.17992
110	6	1.04656
110	20	1.13
110	24	1.13173
110	26	1.12753
110	31	1.22825
110	33	1.2342
110	36	1.09647
110	45	1.17036
110	50	1.05103
110	54	1.14769
110	59	1.1378
110	61	1.03564
110	67	1.09962
110	68	1.09973
110	74	0.722122
110	86	0.796762
110	99	0.582042
110	132	0.783228
110	142	1.12772
110	143	1.15168
110	155	1.18691
110	158	0.670377
110	171	0.709705
110	180	0.72032
111	1	0.739739
111	46	1.23786
111	72	1.16203
111	75	1.12218
111	80	1.20206
111	81	1.20391
111	89	1.1779
111	93	1.24139
111	94	1.21065
111	106	1.14469
111	119	1.21977
111	120	1.14079
111	124	1.12524
111	125	1.18622
111	129	0.623752
111	138	0.660966
111	148	0.692025
111	153	0.618008
111	159	1.1857
111	163	1.12582
111	164	1.17266
111	176	0.656709
111	177	0.658124
111	179	1.14074
111	180	0.666903
112	30	0.860184
112	65	1.16786
112	84	1.20548
112	104	1.18787
112	109	1.23638
112	117	1.18534
112	118	1.17266
112	130	1.15778
112	136	1.1791
112	145	1.17642
112	146	0.917514
112	149	1.17038
112	150	1.15297
112	151	1.14808
112	153	0.582212
112	155	1.23134
112	157	1.16312
112	162	0.81034
112	166	1.15193
112	167	1.17149
112	170	0.499196
112	171	0.620492
112	172	0.536106
112	174	0.491912
112	180	1.14413
113	21	0.669929
113	84	0.672139
113	86	1.06982
113	89	0.723703
113	93	0.72991
113	109	0.683845
113	137	1.1079
113	146	1.01248
113	150	0.778071
113	158	1.14205
113	160	1.094
113	165	1.13036
113	167	0.653282
113	168	1.12862
113	169	1.09834
113	170	1.2028
113	171	1.10881
113	173	1.1074
113	174	1.1881
113	175	1.10027
113	176	1.11045
113	177	1.12414
113	178	1.06802
113	179	1.09801
113	180	1.10338
114	28	0.627908
114	34	1.18983
114	52	1.2348
114	53	1.23477
114	62	1.23469
114	64	1.20234
114	66	1.31535
114	69	1.27487
114	79	1.1717
114	123	0.631203
114	138	1.19642
114	140	1.21703
114	142	0.549889
114	145	1.23299
114	149	1.22695
114	150	1.20955
114	157	1.21969
114	159	0.616231
114	160	0.667966
114	165	0.604877
114	166	1.20851
114	167	1.22806
114	172	0.549256
114	173	0.657321
114	179	0.649791
114	180	1.2007
115	71	1.13671
115	97	1.14982
115	98	1.14274
115	116	1.17702
115	117	1.17533
115	127	0.604779
115	128	1.16474
115	130	1.14776
115	133	0.654946
115	136	1.16908
115	140	1.15044
115	143	1.18609
115	144	1.14265
115	145	1.16641
115	147	0.637232
115	150	1.14296
115	151	1.13806
115	154	1.14137
115	156	0.675247
115	157	1.1531
115	159	0.695306
115	164	1.16067
115	167	1.16148
115	169	0.732163
115	175	0.739169
115	178	0.817289
116	63	1.14267
116	65	1.1543
116	103	0.680572
116	104	1.17431
116	115	1.17702
116	117	1.17178
116	126	1.16618
116	128	1.16119
116	130	1.14422
116	134	0.621257
116	135	0.652858
116	139	1.16214
116	143	1.18255
116	146	0.92651
116	149	1.15682
116	150	1.13941
116	154	1.13782
116	157	1.14956
116	159	0.612077
116	164	1.15712
116	166	1.13837
116	167	1.15793
116	175	0.65594
116	177	0.631324
116	178	0.73406
116	180	1.13057
117	63	1.14098
117	74	0.669413
117	77	0.616678
117	79	1.09988
117	97	1.14459
117	103	0.70808
117	108	0.488156
117	109	1.22114
117	112	1.18534
117	115	1.17533
117	116	1.17178
117	122	0.656408
117	130	1.14253
117	140	1.14521
117	141	0.987638
117	149	1.15513
117	150	1.13773
117	154	1.13614
117	155	1.21609
117	157	1.14787
117	161	0.620223
117	164	1.15544
117	165	0.628231
117	166	1.13669
117	167	1.15624
117	180	1.12888
118	8	1.07516
118	85	1.1399
118	96	1.13855
118	98	1.12483
118	104	1.15994
118	112	1.17266
118	128	1.14683
118	131	0.767489
118	138	0.705253
118	140	1.13253
118	144	1.12474
118	145	1.14849
118	150	1.12505
118	151	1.12015
118	153	0.662296
118	154	1.12346
118	155	1.20341
118	157	1.13519
118	158	0.661248
118	160	0.734899
118	164	1.14275
118	166	1.124
118	167	1.14356
118	173	0.724255
118	176	0.700997
118	178	0.805147
118	180	1.1162
119	14	0.567412
119	16	1.11337
119	30	1.07844
119	46	1.25307
119	72	1.17725
119	75	1.1374
119	80	1.21727
119	81	1.21912
119	89	1.19312
119	91	1.19012
119	93	1.25661
119	106	1.1599
119	108	0.52737
119	111	1.21977
119	120	1.15601
119	124	1.14046
119	125	1.20144
119	135	0.719579
119	148	0.731947
119	152	0.662466
119	159	1.20091
119	163	1.14104
119	164	1.18788
119	168	0.654992
119	169	0.715657
119	172	0.611824
119	173	0.719889
119	179	1.15595
120	16	1.0344
120	22	0.878153
120	30	0.999471
120	38	1.38557
120	46	1.1741
120	72	1.09827
120	75	1.05842
120	80	1.1383
120	81	1.14015
120	89	1.11414
120	92	0.686544
120	93	1.17763
120	94	1.1469
120	99	0.609121
120	106	1.08093
120	111	1.14079
120	119	1.15601
120	124	1.06148
120	125	1.12246
120	132	0.810307
120	153	0.698503
120	156	0.699314
120	159	1.12194
120	163	1.06207
120	164	1.1089
120	174	0.608203
120	178	0.841355
120	179	1.07698
121	10	1.12625
121	24	0.637054
121	26	0.628777
121	28	1.17625
121	55	1.11688
121	68	0.628905
121	81	0.542153
121	90	0.63627
121	102	0.70691
121	134	1.16932
121	136	0.59004
121	140	0.648745
121	142	1.18299
121	146	1.06407
121	150	0.653279
121	153	1.18448
121	158	1.19364
121	160	1.14558
121	162	1.09033
121	168	1.18021
121	169	1.14993
121	170	1.25439
121	171	1.1604
121	174	1.23969
121	175	1.15186
121	176	1.16204
121	177	1.17573
121	178	1.11961
121	180	1.15497
122	33	0.622026
122	49	0.782594
122	55	1.05229
122	72	0.730611
122	97	0.782939
122	99	1.15456
122	103	1.0956
122	104	0.71128
122	108	1.1992
122	117	0.656408
122	123	1.09879
122	128	0.694516
122	129	1.14305
122	133	1.15197
122	141	0.999393
122	145	0.72761
122	147	1.12527
122	152	1.1471
122	156	1.11456
122	158	1.12905
122	160	1.08099
122	169	1.08534
122	171	1.09581
122	173	1.0944
122	175	1.08727
122	176	1.09745
122	177	1.11114
122	178	1.05502
122	179	1.08501
123	20	0.619007
123	37	0.71085
123	47	1.10173
123	75	0.855076
123	77	1.18366
123	86	1.06251
123	114	0.631203
123	122	1.09879
123	129	1.14874
123	133	1.15766
123	138	1.0918
123	141	1.00509
123	147	1.13096
123	152	1.1528
123	155	0.642638
123	156	1.12026
123	157	0.704977
123	158	1.13475
123	160	1.08669
123	162	1.03144
123	164	0.700253
123	166	0.758688
123	168	1.12132
123	171	1.10151
123	173	1.1001
123	175	1.09297
123	176	1.10315
123	177	1.11684
123	178	1.06072
124	16	1.01885
124	30	0.983919
124	38	1.37002
124	46	1.15855
124	47	0.750367
124	72	1.08272
124	75	1.04287
124	80	1.12275
124	81	1.1246
124	89	1.09859
124	91	1.0956
124	93	1.16208
124	94	1.13134
124	106	1.06538
124	111	1.12524
124	119	1.14046
124	120	1.06148
124	125	1.10691
124	133	0.711494
124	156	0.731795
124	158	0.729937
124	159	1.10638
124	163	1.04651
124	164	1.09335
124	171	0.769265
124	176	0.769686
124	178	0.873837
124	179	1.06143
124	180	0.77988
125	16	1.07983
125	30	1.0449
125	32	0.574448
125	38	1.431
125	51	0.517934
125	72	1.1437
125	75	1.10385
125	78	0.583528
125	80	1.18373
125	81	1.18558
125	82	0.681424
125	86	0.737123
125	89	1.15957
125	91	1.15658
125	93	1.22306
125	94	1.19232
125	106	1.12636
125	107	0.570076
125	111	1.18622
125	119	1.20144
125	120	1.12246
125	124	1.10691
125	141	0.980709
125	159	1.16737
125	163	1.10749
125	164	1.15433
125	168	0.608848
125	175	0.676519
125	179	1.12241
126	8	1.08224
126	63	1.13538
126	71	1.12587
126	98	1.13191
126	116	1.16618
126	128	1.1539
126	130	1.13693
126	136	1.15825
126	137	0.688573
126	138	0.705092
126	143	1.17526
126	144	1.13181
126	145	1.15557
126	148	0.736151
126	149	1.14953
126	150	1.13212
126	151	1.12723
126	153	0.662134
126	154	1.13053
126	155	1.21049
126	157	1.14227
126	159	0.683003
126	162	0.890262
126	164	1.14983
126	166	1.13108
126	167	1.15064
126	169	0.71986
126	172	0.616028
126	176	0.700835
126	180	1.12328
127	39	0.792024
127	57	0.608018
127	91	0.63198
127	95	0.620505
127	101	0.743082
127	107	1.1673
127	115	0.604779
127	131	1.1129
127	137	1.13475
127	141	1.03925
127	147	1.16512
127	148	1.13015
127	149	0.636873
127	153	1.15974
127	154	0.632961
127	159	1.16982
127	162	1.06559
127	164	0.594753
127	165	1.15721
127	168	1.15547
127	170	1.22965
127	171	1.13566
127	172	1.18724
127	173	1.13425
127	174	1.21495
127	175	1.12712
127	176	1.1373
127	177	1.15099
127	178	1.09487
127	180	1.13023
128	8	1.07725
128	12	0.443486
128	23	1.16748
128	79	1.08929
128	82	0.72646
128	84	1.17964
128	96	1.14064
128	109	1.21055
128	115	1.16474
128	116	1.16119
128	118	1.14683
128	122	0.694516
128	126	1.1539
128	130	1.13194
128	136	1.15326
128	145	1.15058
128	146	0.992125
128	149	1.14454
128	150	1.12714
128	154	1.12555
128	157	1.13728
128	158	0.655775
128	159	0.677692
128	160	0.729426
128	164	1.14485
128	166	1.1261
128	167	1.14566
128	168	0.653885
128	177	0.696939
128	180	1.11829
129	42	0.645698
129	52	0.624359
129	54	0.655519
129	64	0.647484
129	65	0.716375
129	70	0.752458
129	78	1.21007
129	94	0.605774
129	96	0.728581
129	111	0.623752
129	122	1.14305
129	123	1.14874
129	131	1.12301
129	138	1.13606
129	146	1.04943
129	153	1.16984
129	156	1.16452
129	158	1.17901
129	160	1.13095
129	161	1.18484
129	162	1.0757
129	165	1.16732
129	171	1.14577
129	173	1.14436
129	175	1.13723
129	176	1.14741
129	177	1.1611
129	178	1.10498
129	179	1.13496
129	180	1.14033
130	51	0.607498
130	65	1.12505
130	77	0.699312
130	79	1.07231
130	96	1.12366
130	97	1.11702
130	104	1.14505
130	112	1.15778
130	115	1.14776
130	116	1.14422
130	117	1.14253
130	126	1.13693
130	128	1.13194
130	134	0.731399
130	135	0.763
130	136	1.13628
130	138	0.744308
130	144	1.10985
130	149	1.12756
130	150	1.11016
130	151	1.10526
130	154	1.10857
130	155	1.18852
130	158	0.700303
130	163	0.789962
130	164	1.12787
130	166	1.10912
130	167	1.12868
130	171	0.739631
130	177	0.741466
130	180	1.10131
131	10	1.04162
131	11	0.756865
131	18	0.910838
131	45	0.718255
131	76	1.13954
131	86	1.03678
131	87	0.692644
131	95	0.795356
131	100	1.08002
131	108	1.17916
131	118	0.767489
131	127	1.1129
131	129	1.12301
131	134	1.08469
131	137	1.07486
131	141	0.979352
131	146	0.979433
131	148	1.07026
131	157	0.774329
131	158	1.10901
131	163	1.05005
131	165	1.09732
131	167	0.695758
131	168	1.09558
131	171	1.07577
131	172	1.12734
131	173	1.07436
131	175	1.06723
131	176	1.07741
131	177	1.0911
131	178	1.03498
132	25	0.630391
132	43	0.865329
132	50	0.897563
132	76	1.12606
132	86	1.0233
132	106	0.815298
132	107	1.09393
132	110	0.783228
132	120	0.810307
132	133	1.11845
132	136	0.76392
132	141	0.965875
132	142	1.08488
132	143	0.743764
132	146	0.965956
132	148	1.05678
132	152	1.11358
132	153	1.08637
132	159	1.09645
132	160	1.04748
132	162	0.992224
132	165	1.08384
132	168	1.0821
132	169	1.05182
132	170	1.15628
132	171	1.06229
132	173	1.06088
132	174	1.14158
132	175	1.05375
132	176	1.06393
132	178	1.0215
132	179	1.05149
133	12	1.23581
133	26	0.671361
133	38	0.436239
133	56	1.19969
133	74	1.1626
133	88	1.19843
133	94	0.580539
133	108	1.25808
133	115	0.654946
133	122	1.15197
133	123	1.15766
133	124	0.711494
133	132	1.11845
133	134	1.16361
133	135	1.15517
133	141	1.05827
133	145	0.670426
133	155	0.587306
133	156	1.17344
133	157	0.649645
133	158	1.18793
133	160	1.13987
133	164	0.64492
133	165	1.17624
133	167	0.571075
133	168	1.1745
133	171	1.15469
133	173	1.15327
133	175	1.14615
133	177	1.17002
133	178	1.1139
133	180	1.14925
134	10	1.0733
134	12	1.18858
134	20	0.613215
134	47	1.10768
134	52	0.648664
134	59	0.723587
134	68	0.72103
134	74	1.11536
134	78	1.17176
134	116	0.621257
134	121	1.16932
134	130	0.731399
134	131	1.08469
134	133	1.16361
134	135	1.10794
134	141	1.01103
134	148	1.10194
134	150	0.745404
134	151	0.727452
134	153	1.13153
134	154	0.732668
134	156	1.1262
134	160	1.09263
134	162	1.03738
134	165	1.129
134	169	1.09698
134	173	1.10604
134	174	1.18674
134	175	1.09891
134	176	1.10909
134	177	1.12278
134	178	1.06666
135	2	1.05384
135	55	1.0555
135	66	0.67817
135	78	1.16333
135	80	0.738714
135	98	0.69857
135	100	1.10327
135	103	1.09881
135	108	1.20241
135	109	0.682778
135	116	0.652858
135	119	0.719579
135	130	0.763
135	133	1.15517
135	134	1.10794
135	137	1.09811
135	152	1.15031
135	156	1.11777
135	158	1.13226
135	159	1.13317
135	160	1.0842
135	161	1.1381
135	164	0.726061
135	165	1.12057
135	167	0.652215
135	169	1.08855
135	172	1.15059
135	175	1.09048
135	177	1.11435
135	178	1.05823
135	179	1.08822
135	180	1.09359
136	23	1.17182
136	71	1.12523
136	76	1.19184
136	78	0.623857
136	92	1.14346
136	96	1.14498
136	98	1.13126
136	104	1.16637
136	112	1.1791
136	115	1.16908
136	121	0.59004
136	126	1.15825
136	128	1.15326
136	130	1.13628
136	132	0.76392
136	140	1.13896
136	142	0.606643
136	144	1.13117
136	145	1.15493
136	149	1.14888
136	150	1.13148
136	151	1.12658
136	152	0.656652
136	156	0.652926
136	157	1.14162
136	158	0.651068
136	162	0.880244
136	164	1.14919
136	166	1.13044
136	167	1.15
136	177	0.692232
136	178	0.794968
136	180	1.12263
137	27	0.797571
137	29	0.762433
137	31	0.569828
137	32	1.12537
137	60	0.651095
137	77	1.17977
137	100	1.10187
137	113	1.1079
137	126	0.688573
137	127	1.13475
137	131	1.07486
137	135	1.09811
137	140	0.737259
137	141	1.0012
137	142	1.12021
137	146	1.00128
137	147	1.12708
137	150	0.741794
137	153	1.12169
137	154	0.729059
137	159	1.13177
137	161	1.1367
137	162	1.02755
137	165	1.11917
137	166	0.749286
137	168	1.11743
137	171	1.09762
137	173	1.09621
137	175	1.08908
137	176	1.09926
137	177	1.11295
137	179	1.08682
137	180	1.09219
138	25	1.1249
138	32	1.11657
138	34	1.07252
138	37	1.07639
138	42	1.16063
138	52	1.11749
138	53	1.11746
138	62	1.11738
138	64	1.08503
138	66	1.19804
138	69	1.15756
138	87	0.630408
138	95	0.733121
138	106	0.746452
138	109	0.664086
138	111	0.660966
138	114	1.19642
138	118	0.705253
138	123	1.0918
138	126	0.705092
138	129	1.13606
138	130	0.744308
138	147	1.11828
138	158	1.12206
138	162	1.01875
138	165	1.11037
138	166	0.765805
138	168	1.10863
138	169	1.07835
138	173	1.08741
138	177	1.10415
138	180	1.08339
139	2	0.7397
139	5	1.21705
