1	14	1.04578
1	27	1.11609
1	67	0.981015
1	69	0.975024
1	70	1.06896
1	82	1.00424
1	86	1.30398
1	120	1.00889
1	137	0.861392
1	158	0.884505
1	169	0.856408
1	172	0.89778
2	128	0.907906
2	131	0.883867
2	135	0.925388
2	139	0.871914
2	140	0.898001
2	158	0.895951
2	159	1.10758
2	163	1.23832
2	164	0.893544
2	177	0.92343
2	178	1.22625
2	180	1.2331
3	85	0.955894
3	104	0.901107
3	133	1.0966
3	134	1.09567
3	149	0.840683
3	156	1.10638
3	158	0.892537
3	160	0.816397
3	164	1.10325
3	167	1.08655
3	173	1.11155
4	43	1.16566
4	106	0.906198
4	142	0.864605
4	146	0.910562
4	148	0.910931
4	150	0.910256
4	153	1.20725
4	154	0.900991
4	156	0.904021
4	159	1.15335
4	179	0.892435
4	180	1.27887
5	133	1.02347
5	134	1.02253
5	136	1.03881
5	152	0.898752
5	156	1.03325
5	160	0.933751
5	164	1.03011
5	167	1.01341
5	173	1.03841
5	174	0.992549
5	175	1.00456
5	178	0.976965
6	23	1.1849
6	75	1.19999
6	91	1.17968
6	110	0.839787
6	122	1.20795
6	124	1.24324
6	125	1.18424
6	158	0.802898
6	174	0.785557
6	176	0.810029
6	178	0.769972
6	179	0.799683
7	133	1.02347
7	134	1.02253
7	136	1.03881
7	147	0.98552
7	155	0.867157
7	156	1.03325
7	164	1.03011
7	166	0.979945
7	167	1.01341
7	171	0.987095
7	173	1.03841
7	180	0.986821
8	55	0.966818
8	107	1.06748
8	126	0.950512
8	142	0.993455
8	148	1.03978
8	150	1.03911
8	154	1.02984
8	158	0.957022
8	161	0.978109
8	168	0.9542
8	175	1.00905
8	179	1.02129
9	29	1.1224
9	36	1.06971
9	50	0.997773
9	76	1.01343
9	97	1.04075
9	98	0.922587
9	118	0.99171
9	151	0.96423
9	162	0.993571
9	165	0.980597
9	166	0.9549
9	178	0.954931
10	53	1.04269
10	75	1.01886
10	100	1.06417
10	102	0.993897
10	114	1.0521
10	116	1.02519
10	125	1.0031
10	166	0.954739
10	168	0.984872
10	170	0.972646
10	173	0.932737
10	180	0.961615
11	79	0.957297
11	123	0.919877
11	125	0.990607
11	144	0.994152
11	156	0.931309
11	166	1.04393
11	169	1.04765
11	171	1.02514
11	172	1.01072
11	176	1.01859
11	178	1.02966
11	180	1.02432
12	109	1.06588
12	123	1.05599
12	126	0.995684
12	133	1.01025
12	136	1.02559
12	152	0.891055
12	163	0.981334
12	164	1.0169
12	166	0.969238
12	167	1.00019
12	173	1.02519
12	178	0.969269
13	65	1.05019
13	67	1.00165
13	69	0.995664
13	74	1.05786
13	82	1.02488
13	104	1.00687
13	120	1.02953
13	126	1.04023
13	155	0.852554
13	169	0.970202
13	172	1.01157
13	178	0.965373
14	1	1.04578
14	30	0.995929
14	67	1.01518
14	79	1.02686
14	81	1.03478
14	82	1.03841
14	95	0.926403
14	120	1.04306
14	147	0.814251
14	151	1.39782
14	167	0.829228
14	175	0.836298
15	84	1.25145
15	141	0.906659
15	144	0.866228
15	145	0.904231
15	146	0.907786
15	148	0.908155
15	150	0.90748
15	152	1.14245
15	154	0.898215
15	156	0.901245
15	170	1.23854
15	177	1.17284
16	66	1.03609
16	131	1.01673
16	139	1.00478
16	140	1.03087
16	158	1.02882
16	164	1.02641
16	170	0.965556
16	171	0.954798
16	174	0.963263
16	175	0.97527
16	177	1.0563
16	178	0.947679
17	78	0.981017
17	96	0.929116
17	97	1.01017
17	123	1.01544
17	134	0.968762
17	136	0.98504
17	147	1.05781
17	164	0.976343
17	167	0.959641
17	173	0.984641
17	177	1.00444
17	178	1.05227
17	179	1.08198
18	29	1.09096
18	40	0.91443
18	41	0.900105
18	43	0.842141
18	46	0.961631
18	94	1.0305
18	97	1.00931
18	115	1.56045
18	118	0.96027
18	151	0.93279
18	159	0.829834
18	161	1.00252
18	167	0.96903
19	27	0.919374
19	67	1.07688
19	116	1.07315
19	132	0.95621
19	135	1.02279
19	145	0.995125
19	151	1.10102
19	154	0.989109
19	163	0.971907
19	174	0.986616
19	175	0.968317
19	176	0.963493
19	180	0.969222
20	130	0.893723
20	138	1.08778
20	143	0.878164
20	144	1.09369
20	146	1.13525
20	148	1.13561
20	152	0.78879
20	154	1.12567
20	161	0.921016
20	175	1.10488
20	176	0.90706
20	177	0.81918
20	179	1.11712
21	94	0.948648
21	106	1.07563
21	107	1.02993
21	156	1.07889
21	164	1.06066
21	168	0.966966
21	169	0.993612
21	170	0.970194
21	171	0.971104
21	174	0.987673
21	176	0.96455
21	178	0.975622
21	180	0.97028
22	141	0.984475
22	142	0.939644
22	145	0.982047
22	148	0.985971
22	150	0.985296
22	154	0.976031
22	156	0.979061
22	160	0.995933
22	167	1.05967
22	173	1.01711
22	174	1.05473
22	176	1.0792
22	179	0.967475
23	6	1.1849
23	33	0.897936
23	53	0.969921
23	102	0.921126
23	116	0.952421
23	122	0.954039
23	124	0.989333
23	125	0.930327
23	147	1.04763
23	167	1.06261
23	170	1.05997
23	177	0.994268
23	178	1.04209
24	25	0.950681
24	40	0.93194
24	46	0.979142
24	50	0.983843
24	76	0.999497
24	97	1.02682
24	118	0.97778
24	151	0.9503
24	152	0.992991
24	155	0.958386
24	171	1.07832
24	175	1.0988
24	180	1.07805
25	24	0.950681
25	34	1.00439
25	36	1.03615
25	76	0.979863
25	94	1.02838
25	112	0.911729
25	118	0.958146
25	121	1.06604
25	147	1.04294
25	151	0.930666
25	153	0.972625
25	167	1.05792
25	179	1.06711
26	42	0.852461
26	64	0.879502
26	89	0.755458
26	115	0.952605
26	120	0.87061
26	148	0.882056
26	165	1.11537
26	168	1.11059
26	170	1.11382
26	171	1.11472
26	172	1.1003
26	174	1.13129
26	180	1.1139
27	1	1.11609
27	19	0.919374
27	35	1.14132
27	51	1.07909
27	69	1.07951
27	70	1.17345
27	79	1.09717
27	120	1.11337
27	160	0.809409
27	165	0.878289
27	169	0.857452
27	171	0.859742
27	179	0.882334
28	30	1.08449
28	38	0.827439
28	51	1.09734
28	120	1.13162
28	129	1.11616
28	137	0.890555
28	144	1.09905
28	149	0.861814
28	150	1.1403
28	152	0.802529
28	154	1.13103
28	170	0.898619
28	172	0.926943
29	9	1.1224
29	18	1.09096
29	34	1.16218
29	44	1.0803
29	94	1.18617
29	112	1.06952
29	113	0.778587
29	132	1.36049
29	151	1.08846
29	152	0.695797
29	158	0.806936
29	166	0.77398
29	174	0.789595
30	14	0.995929
30	28	1.08449
30	69	0.925174
30	74	0.987368
30	79	0.942841
30	81	0.950767
30	82	0.954387
30	120	0.959039
30	139	1.48784
30	143	0.94678
30	147	0.941163
30	169	0.940448
30	177	0.887796
31	32	1.00043
31	124	1.03309
31	133	1.03859
31	148	1.06062
31	154	1.06071
31	163	0.975268
31	166	0.992196
31	168	0.969269
31	170	0.972497
31	171	0.973407
31	176	0.966854
31	178	0.977925
31	180	0.972583
32	31	1.00043
32	34	1.07829
32	36	1.11004
32	46	1.0334
32	76	1.05376
32	94	1.10228
32	112	0.985625
32	118	1.03204
32	151	1.00456
32	160	0.883156
32	163	0.938435
32	165	0.952036
32	175	0.95396
32	177	0.878546
33	23	0.897936
33	62	0.969159
33	100	0.958349
33	105	0.934363
33	110	1.19938
33	114	0.946275
33	116	0.91937
33	122	0.920988
33	124	0.956282
33	125	0.897277
33	159	1.01089
33	173	1.10753
33	178	1.12956
33	179	1.15928
34	25	1.00439
34	29	1.16218
34	32	1.07829
34	46	1.03285
34	94	1.10172
34	112	0.985072
34	118	1.03149
34	149	0.924534
34	151	1.00401
34	153	0.878689
34	169	0.948292
34	172	0.989664
34	175	0.971054
34	177	0.89564
35	27	1.14132
35	49	1.02391
35	69	1.00025
35	70	1.09419
35	74	1.06245
35	79	1.01792
35	81	1.02584
35	95	1.03111
35	120	1.03412
35	160	0.870197
35	166	0.91338
35	167	0.933932
35	169	0.91824
35	175	0.941001
36	9	1.06971
36	25	1.03615
36	32	1.11004
36	40	1.01741
36	41	1.00308
36	46	1.06461
36	117	0.96369
36	118	1.06324
36	119	0.940472
36	126	0.930438
36	147	0.909567
36	151	1.03577
36	174	0.919607
36	176	0.94408
37	103	0.945185
37	129	0.925262
37	142	0.90375
37	143	1.11449
37	144	0.908149
37	145	0.946152
37	146	0.949707
37	148	0.950076
37	154	0.940137
37	163	1.1154
37	166	1.1033
37	167	1.12385
37	172	1.14953
37	179	0.93158
38	28	0.827439
38	93	0.970362
38	127	0.941343
38	129	0.937959
38	132	0.978336
38	136	0.938095
38	165	1.04662
38	166	1.06476
38	170	1.04506
38	171	1.04597
38	174	1.06254
38	176	1.03942
38	178	1.05049
38	180	1.04515
39	77	1.05872
39	91	1.01586
39	100	1.08148
39	105	1.0575
39	116	1.0425
39	122	1.04412
39	124	1.07942
39	125	1.02041
39	152	0.884862
39	157	0.882599
39	158	0.996001
39	159	0.8444
39	172	1.00928
39	175	0.990666
40	18	0.91443
40	24	0.93194
40	36	1.01741
40	41	0.879241
40	44	0.903765
40	46	0.940767
40	76	0.961122
40	118	0.939405
40	130	1.14471
40	151	0.911925
40	163	1.13006
40	165	1.14366
40	166	1.11796
40	177	1.07017
41	18	0.900105
41	36	1.00308
41	40	0.879241
41	76	0.946798
41	94	0.995314
41	97	0.974117
41	112	0.878663
41	118	0.92508
41	143	1.11765
41	151	0.897601
41	158	1.13942
41	163	1.11856
41	173	1.08446
41	176	1.14655
42	26	0.852461
42	129	1.05278
42	138	1.02975
42	142	1.03127
42	144	1.03567
42	150	1.07692
42	154	1.06765
42	155	0.844141
42	168	0.987062
42	169	0.961788
42	171	0.964079
42	175	1.04686
42	176	0.997016
42	179	1.0591
43	4	1.16566
43	18	0.842141
43	112	0.939739
43	115	0.950735
43	150	0.843569
43	164	0.853539
43	165	1.05101
43	166	1.06915
43	168	1.04622
43	170	1.04945
43	172	1.03594
43	176	1.04381
43	178	1.05488
43	180	1.04954
44	29	1.0803
44	40	0.903765
44	50	0.955668
44	94	1.01984
44	118	0.949605
44	126	1.07227
44	139	0.937741
44	140	0.963828
44	155	0.933032
44	167	1.06637
44	174	1.06144
44	175	1.07344
44	177	0.989257
45	112	1.44594
45	138	1.02684
45	141	1.07318
45	142	1.02835
45	144	1.03275
45	149	0.826063
45	150	1.074
45	154	1.06474
45	159	0.726317
45	162	0.883633
45	170	0.862869
45	174	0.860577
45	175	1.04395
45	179	1.05618
46	18	0.961631
46	24	0.979142
46	32	1.0334
46	34	1.03285
46	36	1.06461
46	40	0.940767
46	50	0.992669
46	76	1.00832
46	118	0.986606
46	159	0.90059
46	162	1.05791
46	163	1.03133
46	168	1.04937
46	173	0.997233
46	177	0.971442
47	99	0.90869
47	138	0.969916
47	141	1.01626
47	142	0.971429
47	145	1.01383
47	146	1.01739
47	150	1.01708
47	154	1.00782
47	157	0.859405
47	160	0.896666
47	161	0.993893
47	164	1.45463
47	175	0.987023
47	177	0.892057
47	179	0.999259
48	57	1.45829
48	83	0.958752
48	87	1.0073
48	127	1.00359
48	128	1.0096
48	130	0.939928
48	135	1.02708
48	139	0.97361
48	140	0.999697
48	159	0.794534
48	164	0.995241
48	165	0.938875
48	170	0.931085
48	177	1.02513
48	179	0.94292
49	35	1.02391
49	51	0.961677
49	65	1.01662
49	67	0.968084
49	70	1.05603
49	79	0.979759
49	80	0.980145
49	82	0.991305
49	110	1.04516
49	120	0.995958
49	126	1.00666
49	149	0.956416
49	161	1.02936
49	166	0.975314
49	172	1.02155
50	9	0.997773
50	24	0.983843
50	44	0.955668
50	46	0.992669
50	76	1.01302
50	94	1.06154
50	97	1.04034
50	110	1.03665
50	118	0.991308
50	126	0.993254
50	151	0.963828
50	161	1.02085
50	162	1.00548
50	173	0.944806
50	176	1.0069
51	27	1.07909
51	28	1.09734
51	49	0.961677
51	65	0.992551
51	74	1.00022
51	79	0.955689
51	81	0.963614
51	82	0.967234
51	99	0.971507
51	126	0.982586
51	137	1.01251
51	161	1.05671
51	177	0.954873
51	178	1.0027
51	180	1.00954
52	81	0.986953
52	82	0.982556
52	105	1.00805
52	115	1.05405
52	128	0.985456
52	156	0.975092
52	162	0.996225
52	165	0.995966
52	166	1.01411
52	169	1.01783
52	172	0.980897
52	174	1.01189
52	176	0.988764
52	178	0.999835
52	180	0.994493
53	10	1.04269
53	23	0.969921
53	60	0.916587
53	77	1.00757
53	91	0.964709
53	105	1.00635
53	114	1.01826
53	122	0.992973
53	124	1.02827
53	125	0.969262
53	158	1.02957
53	167	1.01717
53	170	1.01452
53	171	1.00376
53	179	1.02636
54	115	0.947207
54	128	1.01451
54	131	0.990466
54	135	1.03199
54	139	0.978513
54	140	1.0046
54	147	1.02427
54	149	0.999798
54	158	1.00255
54	159	0.900052
54	164	1.00014
54	169	1.02356
54	171	1.02585
54	174	1.03431
54	177	1.03003
55	8	0.966818
55	73	0.984855
55	107	0.971894
55	116	1.04913
55	134	1.02165
55	135	0.998756
55	162	1.00071
55	165	1.00046
55	168	0.995669
55	169	1.02232
55	170	0.998897
55	172	0.985387
55	176	0.993254
55	178	1.00432
55	180	0.998983
56	89	0.963725
56	93	0.93456
56	109	1.00109
56	113	1.09574
56	123	0.991203
56	133	0.945458
56	136	0.960803
56	152	1.01295
56	156	0.955242
56	160	1.04794
56	164	0.952107
56	165	1.11682
56	167	0.935405
56	173	0.960405
56	177	1.04334
56	178	1.09116
57	48	1.45829
57	101	1.01486
57	129	0.953139
57	138	0.930115
57	141	0.976458
57	144	0.936027
57	145	0.97403
57	146	0.977585
57	148	0.977954
57	152	0.912021
57	154	0.968014
57	162	1.02888
57	163	1.0023
57	175	0.947221
57	178	0.990235
57	179	0.959458
58	86	0.819623
58	88	1.03745
58	105	0.933164
58	114	0.91637
58	118	0.886929
58	123	0.888774
58	154	0.908709
58	166	1.08151
58	168	1.05858
58	169	1.08523
58	170	1.06181
58	172	1.0483
58	174	1.07929
58	176	1.05616
58	178	1.06724
58	180	1.06189
59	91	1.03565
59	100	1.10127
59	102	1.031
59	105	1.07729
59	113	0.908147
59	114	1.0892
59	116	1.06229
59	122	1.06391
59	124	1.0992
59	125	1.0402
59	153	0.838795
59	162	0.94221
59	167	0.924091
59	174	0.919154
59	176	0.943627
59	179	0.933281
60	53	0.916587
60	75	0.952696
60	87	0.904683
60	88	1.03533
60	94	0.767836
60	128	0.908446
60	148	0.906496
60	168	1.06067
60	169	1.08731
60	170	1.0639
60	171	1.06481
60	172	1.05038
60	174	1.08138
60	176	1.05825
60	178	1.06932
60	180	1.06398
61	109	0.97488
61	111	0.901008
61	123	0.964992
61	133	0.919247
61	134	0.918315
61	136	0.934593
61	151	0.88865
61	155	1.03907
61	156	0.929031
61	160	1.10867
61	164	0.925896
61	166	1.15186
61	167	0.909194
61	170	1.16976
61	171	1.15901
61	173	0.934194
61	175	1.17948
62	33	0.969159
62	75	1.01731
62	91	0.996998
62	100	1.06262
62	102	0.99235
62	114	1.05055
62	116	1.02364
62	122	1.02526
62	124	1.06056
62	125	1.00155
62	147	0.962192
62	163	0.968713
62	165	0.982314
62	172	1.00285
62	173	0.934616
62	174	0.972233
62	179	0.986359
63	106	1.02128
63	107	1.05372
63	129	1.0012
63	141	1.02452
63	143	0.999016
63	144	0.984091
63	145	1.02209
63	146	1.02565
63	148	1.02602
63	150	1.02534
63	152	0.909642
63	153	0.923081
63	154	1.01608
63	163	0.999921
63	167	1.00838
63	173	0.965823
63	174	1.00344
64	26	0.879502
64	88	0.979384
64	104	1.0255
64	138	0.998577
64	141	1.04492
64	142	1.00009
64	144	1.00449
64	146	1.04605
64	148	1.04642
64	154	1.03648
64	168	1.0141
64	169	0.988829
64	170	1.00188
64	173	0.961967
64	175	1.01568
64	177	0.936177
64	179	1.02792
65	13	1.05019
65	49	1.01662
65	51	0.992551
65	67	0.998957
65	69	0.992966
65	74	1.05516
65	79	1.01063
65	81	1.01856
65	95	1.10679
65	120	1.02683
65	126	1.03753
65	155	0.876272
65	159	0.870415
65	171	0.996209
65	176	1.02915
65	177	0.941267
65	178	0.98909
66	16	1.03609
66	85	1.05001
66	90	1.01855
66	108	1.0539
66	115	0.961518
66	127	1.0228
66	131	1.00478
66	135	1.0463
66	139	0.992824
66	140	1.01891
66	152	0.875513
66	161	1.00774
66	168	0.983829
66	172	0.999927
66	173	0.931694
66	177	1.04434
66	180	0.960572
67	1	0.981015
67	13	1.00165
67	14	1.01518
67	19	1.07688
67	49	0.968084
67	65	0.998957
67	69	0.944429
67	74	1.00662
67	79	0.962096
67	81	0.970021
67	82	0.973641
67	120	0.978294
67	163	1.0222
67	168	1.04023
67	169	1.01496
67	173	0.9881
67	174	1.02572
67	179	1.03984
68	84	1.0503
68	98	0.98717
68	108	1.01703
68	115	0.924655
68	127	0.985938
68	128	0.991953
68	131	0.967914
68	135	1.00943
68	139	0.95596
68	140	0.982047
68	158	0.979997
68	163	1.03158
68	164	0.977591
68	167	1.04003
68	169	1.02434
68	171	1.02663
68	177	1.00748
68	179	1.04922
69	1	0.975024
69	13	0.995664
69	27	1.07951
69	30	0.925174
69	35	1.00025
69	65	0.992966
69	67	0.944429
69	81	0.96403
69	82	0.96765
69	120	0.972303
69	126	0.983002
69	143	1.0417
69	153	0.965763
69	162	1.06918
69	163	1.0426
69	165	1.0562
69	167	1.05106
69	177	0.982714
70	1	1.06896
70	27	1.17345
70	35	1.09419
70	49	1.05603
70	74	1.09457
70	79	1.05005
70	81	1.05797
70	82	1.06159
70	120	1.06624
70	126	1.07694
70	152	0.834212
70	157	0.83195
70	158	0.945351
70	167	0.932946
70	175	0.940016
70	177	0.864602
70	179	0.942136
70	180	0.919271
71	78	1.04572
71	96	0.993819
71	123	1.08014
71	133	1.0344
71	134	1.03347
71	136	1.04974
71	137	0.946103
71	151	1.0038
71	153	0.871517
71	156	1.04418
71	158	0.969217
71	162	0.974932
71	163	0.948356
71	164	1.04105
71	167	1.02434
71	172	0.982492
71	173	1.04934
71	174	0.951876
71	179	0.966002
72	92	1.01711
72	115	0.984647
72	121	0.982563
72	127	1.04593
72	128	1.05194
72	131	1.02791
72	135	1.06943
72	139	1.01595
72	140	1.04204
72	153	0.889144
72	158	1.03999
72	160	0.910704
72	164	1.03758
72	172	1.00012
72	173	0.931886
72	175	0.981509
72	177	1.06747
72	178	0.953918
72	180	0.960764
73	55	0.984855
73	80	0.946933
73	98	0.90979
73	107	1.07448
73	126	0.968549
73	137	0.951946
73	141	1.04529
73	142	1.00046
73	144	1.00485
73	145	1.04286
73	146	1.04641
73	148	1.04678
73	150	1.04611
73	154	1.03684
73	156	1.03987
73	160	0.898919
73	170	0.96001
73	172	0.988334
73	175	1.01605
74	13	1.05786
74	30	0.987368
74	35	1.06245
74	51	1.00022
74	65	1.05516
74	67	1.00662
74	70	1.09457
74	81	1.02622
74	82	1.02984
74	97	0.90249
74	120	1.0345
74	126	1.0452
74	167	0.965103
74	170	0.962458
74	173	0.922549
74	174	0.960166
74	175	0.972172
74	179	0.974293
74	180	0.951427
75	6	1.19999
75	10	1.01886
75	60	0.952696
75	62	1.01731
75	77	0.983732
75	102	0.936224
75	105	0.982512
75	113	1.03733
75	114	0.994423
75	116	0.967519
75	119	0.98044
75	122	0.969137
75	124	1.00443
75	125	0.945425
75	147	1.0383
75	157	0.952278
75	159	0.914079
75	170	1.05063
75	172	1.07895
75	177	0.984931
76	9	1.01343
76	24	0.999497
76	25	0.979863
76	32	1.05376
76	40	0.961122
76	41	0.946798
76	46	1.00832
76	50	1.01302
76	84	0.968096
76	94	1.0772
76	112	0.960545
76	118	1.00696
76	133	1.45667
76	151	0.979482
76	155	0.824487
76	158	0.970231
76	166	0.937274
76	169	0.942134
76	175	0.964896
76	180	0.94415
77	39	1.05872
77	53	1.00757
77	75	0.983732
77	91	0.963421
77	100	1.02905
77	102	0.958773
77	105	1.00506
77	113	0.994105
77	114	1.01697
77	116	0.990068
77	122	0.991686
77	124	1.02698
77	125	0.967975
77	130	1.01625
77	157	0.909053
77	166	0.989498
77	172	1.03573
77	175	1.01712
77	176	1.02959
77	179	1.01924
78	17	0.981017
78	71	1.04572
78	89	1.02107
78	93	0.991905
78	96	0.962225
78	110	1.05484
78	111	0.984564
78	119	1.02147
78	121	1.01854
78	133	1.0028
78	151	0.972206
78	153	0.92025
78	163	0.99709
78	164	1.00945
78	166	0.984994
78	167	0.99275
78	171	0.992144
78	173	1.01775
78	176	1.02508
78	179	1.01474
79	11	0.957297
79	14	1.02686
79	27	1.09717
79	30	0.942841
79	35	1.01792
79	49	0.979759
79	51	0.955689
79	65	1.01063
79	67	0.962096
79	70	1.05005
79	81	0.981697
79	82	0.985317
79	97	0.962037
79	98	0.971785
79	120	0.98997
79	149	0.9852
79	162	1.04277
79	167	1.02465
79	175	1.03172
79	179	1.03384
80	49	0.980145
80	73	0.946933
80	83	1.04536
80	118	0.969663
80	123	1.04598
80	125	1.04224
80	134	0.999306
80	135	0.960834
80	136	1.01558
80	142	1.06102
80	146	0.985831
80	164	1.00689
80	167	0.990185
80	171	0.98793
80	172	0.973509
80	173	1.01519
80	174	1.0045
80	176	0.981377
80	178	0.992448
80	180	0.987106
81	14	1.03478
81	30	0.950767
81	35	1.02584
81	51	0.963614
81	52	0.986953
81	65	1.01856
81	67	0.970021
81	69	0.96403
81	70	1.05797
81	74	1.02622
81	79	0.981697
81	120	0.997895
81	126	1.00859
81	143	1.00116
81	168	1.02011
81	170	1.00788
81	171	0.997121
81	172	1.0362
81	175	1.01759
81	177	0.942179
82	1	1.00424
82	13	1.02488
82	14	1.03841
82	30	0.954387
82	49	0.991305
82	51	0.967234
82	52	0.982556
82	67	0.973641
82	69	0.96765
82	70	1.06159
82	74	1.02984
82	79	0.985317
82	84	1.0164
82	113	0.990181
82	120	1.00152
82	162	1.02424
82	163	0.997669
82	169	0.990433
82	179	1.01532
82	180	0.99245
83	48	0.958752
83	80	1.04536
83	90	0.972382
83	92	0.94782
83	108	1.00773
83	115	0.915353
83	128	0.982651
83	131	0.958612
83	135	1.00013
83	137	1.05037
83	139	0.946659
83	140	0.972746
83	157	0.960083
83	158	0.970696
83	161	1.09457
83	164	0.968289
83	169	1.04539
83	170	1.05844
83	172	1.08676
83	175	1.06815
83	177	0.998175
84	15	1.25145
84	68	1.0503
84	76	0.968096
84	82	1.0164
84	112	1.0769
84	134	1.00972
84	140	1.01324
84	145	1.00868
84	162	0.967141
84	163	0.968095
84	165	0.966883
84	166	0.985023
84	168	0.962096
84	169	0.988742
84	170	0.965324
84	171	0.966234
84	172	0.951814
84	174	0.982804
84	176	0.959681
84	178	0.970752
84	180	0.96541
85	3	0.955894
85	66	1.05001
85	94	0.944177
85	103	1.08201
85	142	1.1525
85	145	1.07417
85	146	1.07731
85	161	0.95609
85	162	0.967987
85	163	0.96894
85	164	1.05619
85	165	0.967728
85	166	0.985869
85	168	0.962942
85	169	0.989588
85	170	0.96617
85	172	0.952659
85	174	0.983649
85	176	0.960526
85	178	0.971597
85	180	0.966255
86	1	1.30398
86	58	0.819623
86	106	1.05955
86	138	1.01645
86	141	1.06279
86	142	1.01796
86	145	1.06036
86	146	1.06392
86	148	1.06429
86	150	1.06361
86	154	1.05435
86	155	0.784739
86	156	1.05738
86	161	0.951569
86	165	0.923223
86	169	0.902386
86	172	0.943757
86	173	0.875525
86	175	1.03355
86	179	1.04579
86	180	0.904402
87	48	1.0073
87	60	0.904683
87	90	1.02093
87	92	0.996366
87	115	0.963899
87	119	1.02119
87	127	1.02518
87	128	1.0312
87	131	1.00716
87	135	1.04868
87	137	0.994553
87	139	0.995204
87	140	1.02129
87	158	1.01924
87	159	0.866066
87	161	1.03875
87	162	1.02338
87	164	1.01684
87	166	0.98471
87	173	0.962708
87	177	1.04672
87	179	1.01445
88	58	1.03745
88	60	1.03533
88	64	0.979384
88	106	0.953105
88	129	0.933023
88	130	1.14211
88	137	1.1252
88	138	0.909999
88	141	0.956342
88	142	0.911511
88	144	0.915911
88	145	0.953914
88	146	0.957468
88	148	0.957837
88	149	1.09646
88	150	0.957162
88	154	0.947898
88	158	1.14831
88	175	0.927105
88	176	1.15544
88	177	1.06756
88	179	0.939342
89	26	0.755458
89	56	0.963725
89	78	1.02107
89	93	0.998849
89	109	1.06538
89	111	0.991509
89	117	0.919623
89	123	1.05549
89	133	1.00975
89	134	1.00882
89	136	1.02509
89	141	1.36838
89	154	1.40144
89	156	1.01953
89	162	0.898597
89	163	0.872022
89	164	1.0164
89	167	0.999694
89	168	0.890059
89	173	1.02469
89	175	0.887547
89	177	0.812133
90	66	1.01855
90	83	0.972382
90	87	1.02093
90	108	1.04831
90	110	0.967343
90	111	1.45315
90	119	0.933978
90	121	0.926173
90	126	0.923944
90	127	1.01722
90	128	1.02323
90	131	0.999194
90	135	1.04071
90	137	0.907341
90	139	0.98724
90	140	1.01333
90	153	0.832754
90	158	1.01128
90	164	1.00887
90	176	0.937585
90	177	1.03876
90	179	0.927239
91	6	1.17968
91	39	1.01586
91	53	0.964709
91	59	1.03565
91	62	0.996998
91	77	0.963421
91	100	0.986187
91	102	0.915914
91	105	0.962202
91	114	0.974113
91	116	0.947209
91	122	0.948827
91	124	0.984121
91	125	0.925115
91	147	1.05115
91	159	0.92693
91	160	1.00239
91	166	1.04557
91	167	1.06613
91	171	1.05272
91	173	1.02357
91	177	0.997781
91	178	1.0456
92	72	1.01711
92	83	0.94782
92	87	0.996366
92	108	1.02375
92	115	0.931373
92	119	1.07574
92	127	0.992657
92	128	0.998671
92	131	0.974632
92	132	0.951515
92	135	1.01615
92	139	0.962678
92	140	0.988765
92	152	0.96108
92	159	0.920618
92	160	0.996079
92	162	1.07793
92	164	0.984309
92	166	1.03926
92	173	1.01726
92	174	1.05488
92	177	1.01419
92	179	1.069
93	38	0.970362
93	56	0.93456
93	78	0.991905
93	89	0.998849
93	109	1.03622
93	111	0.962343
93	123	1.02633
93	133	0.980582
93	134	0.97965
93	136	0.995928
93	147	1.02921
93	151	0.949985
93	153	0.958891
93	156	0.990366
93	160	0.980451
93	161	1.07768
93	162	1.06231
93	164	0.987231
93	165	1.04933
93	167	0.970529
93	168	1.05377
93	169	1.02849
93	173	0.995529
94	18	1.0305
94	21	0.948648
94	25	1.02838
94	29	1.18617
94	32	1.10228
94	34	1.10172
94	41	0.995314
94	44	1.01984
94	50	1.06154
94	60	0.767836
94	76	1.0772
94	85	0.944177
94	97	1.10452
94	112	1.00906
94	117	0.907562
94	118	1.05548
94	151	1.028
94	156	1.38088
94	157	0.767419
94	162	0.886535
94	166	0.847864
94	168	0.877997
94	179	0.877605
95	14	0.926403
95	35	1.03111
95	65	1.10679
95	107	1.04687
95	127	1.11234
95	131	1.1095
95	145	1.09559
95	150	1.06763
95	156	1.09584
95	160	1.00865
95	161	0.943538
95	162	0.955434
95	163	0.956388
95	165	0.955176
95	166	0.973316
95	168	0.950389
95	169	0.977036
95	170	0.953617
95	171	0.954527
95	172	0.940107
95	174	0.971097
95	176	0.947974
95	178	0.959045
95	180	0.953703
96	17	0.929116
96	71	0.993819
96	78	0.962225
96	109	1.00653
96	111	0.932663
96	117	1.12731
96	121	0.966637
96	123	0.996647
96	133	0.950902
96	134	0.94997
96	136	0.966247
96	137	1.07745
96	149	1.04871
96	151	0.920304
96	152	0.989429
96	156	0.960686
96	158	1.10057
96	164	0.957551
96	167	0.940849
96	170	1.08552
96	173	0.965849
96	175	1.09523
96	177	1.01982
96	178	1.06764
97	9	1.04075
97	17	1.01017
97	18	1.00931
97	24	1.02682
97	41	0.974117
97	50	1.04034
97	74	0.90249
97	79	0.962037
97	94	1.10452
97	100	0.919243
97	118	1.03428
97	125	0.995347
97	142	1.01413
97	144	0.998892
97	150	0.907845
97	154	0.944552
97	156	0.936049
97	161	1.0141
97	169	1.0476
97	171	1.02509
97	172	1.01067
97	176	1.01854
97	178	1.02961
97	180	1.02427
98	9	0.922587
98	68	0.98717
98	73	0.90979
98	79	0.971785
98	103	0.953387
98	129	0.958919
98	135	0.92369
98	144	1.00864
98	151	1.00193
98	154	0.9543
98	161	1.01558
98	162	1.02748
98	163	1.02843
98	165	1.02722
98	166	1.04536
98	168	1.02244
98	169	1.04908
98	170	1.02566
98	171	1.02657
98	172	1.01215
98	174	1.04314
98	176	1.02002
98	178	1.03109
98	180	1.02575
99	47	0.90869
99	51	0.971507
99	102	1.04088
99	111	0.969584
99	123	0.935519
99	133	0.933332
99	135	0.924844
99	151	1.00308
99	154	0.955454
99	156	0.946951
99	161	1.01558
99	162	1.02748
99	163	1.02843
99	165	1.02722
99	166	1.04536
99	168	1.02244
99	169	1.04908
99	170	1.02566
99	171	1.02657
99	172	1.01215
99	174	1.04314
99	176	1.02002
99	178	1.03109
99	180	1.02575
100	10	1.06417
100	33	0.958349
100	39	1.08148
100	59	1.10127
100	62	1.06262
100	77	1.02905
100	91	0.986187
100	97	0.919243
100	102	0.981539
100	105	1.02783
100	114	1.03974
100	116	1.01283
100	121	0.98998
100	122	1.01445
100	124	1.04975
100	125	0.99074
100	159	0.84266
100	165	0.987001
100	168	0.991438
100	169	0.966164
100	170	0.979212
100	174	0.976919
100	179	0.991046
100	180	0.96818
101	57	1.01486
101	107	0.953795
101	108	0.967268
101	125	1.06206
101	138	1.06146
101	142	1.08084
101	146	1.00565
101	151	1.0589
101	161	0.972727
101	162	0.984624
101	163	0.985577
101	164	0.98453
101	165	0.984365
101	166	1.00251
101	168	0.979579
101	169	1.00622
101	170	0.982807
101	171	0.983717
101	172	0.969296
101	174	1.00029
101	176	0.977164
101	178	0.988235
101	180	0.982893
102	10	0.993897
102	23	0.921126
102	59	1.031
102	62	0.99235
102	75	0.936224
102	77	0.958773
102	91	0.915914
102	99	1.04088
102	100	0.981539
102	105	0.957554
102	114	0.969465
102	116	0.942561
102	119	0.955482
102	122	0.944179
102	124	0.979473
102	125	0.920467
102	155	0.959249
102	162	1.11071
102	167	1.09259
102	168	1.10217
102	171	1.07919
102	175	1.09966
102	177	1.02424
102	179	1.10178
103	37	0.945185
103	85	1.08201
103	98	0.953387
103	113	0.990308
103	129	0.995164
103	132	0.977139
103	141	1.01848
103	142	0.973652
103	144	0.978051
103	145	1.01605
103	146	1.01961
103	147	1.02355
103	148	1.01998
103	149	0.966802
103	150	1.0193
103	154	1.01004
103	156	1.01307
103	166	0.9857
103	167	1.00625
103	168	1.01583
103	172	1.03193
103	175	0.989246
103	178	0.985731
103	179	1.00148
103	180	0.992576
104	3	0.901107
104	13	1.00687
104	64	1.0255
104	118	1.00636
104	120	1.0166
104	123	1.0082
104	134	1.02043
104	141	0.99508
104	145	1.01939
104	150	0.991432
104	160	1.04865
104	161	0.983538
104	162	0.995434
104	163	0.996388
104	165	0.995176
104	166	1.01332
104	168	0.990389
104	169	1.01704
104	170	0.993617
104	171	0.994527
104	172	0.980107
104	174	1.0111
104	176	0.987974
104	178	0.999045
104	180	0.993703
105	33	0.934363
105	39	1.0575
105	52	1.00805
105	53	1.00635
105	58	0.933164
105	59	1.07729
105	75	0.982512
105	77	1.00506
105	91	0.962202
105	100	1.02783
105	102	0.957554
105	114	1.01575
105	116	0.988848
105	119	1.00177
105	122	0.990466
105	124	1.02576
105	125	0.966755
105	143	1.02226
105	149	0.99217
105	160	0.967884
105	169	1.01593
105	175	1.03869
105	176	1.05116
105	177	0.963275
105	180	1.01794
106	4	0.906198
106	21	1.07563
106	63	1.02128
106	86	1.05955
106	88	0.953105
106	121	1.00352
106	138	0.972297
106	142	0.97381
106	145	1.01621
106	146	1.01977
106	147	1.02371
106	148	1.02014
106	150	1.01946
106	154	1.0102
106	156	1.01323
106	158	1.0078
106	162	1.01352
106	168	1.00498
106	172	1.02108
106	173	0.952846
106	174	0.990463
106	175	0.989404
106	176	1.01493
106	177	0.927055
106	179	1.00164
107	8	1.06748
107	21	1.02993
107	55	0.971894
107	63	1.05372
107	73	1.07448
107	95	1.04687
107	101	0.953795
107	121	0.957817
107	126	0.955587
107	129	1.02776
107	138	1.00473
107	141	1.05108
107	142	1.00624
107	144	1.01064
107	145	1.04865
107	146	1.0522
107	148	1.05257
107	150	1.0519
107	154	1.04263
107	159	0.810497
107	171	0.936291
107	175	1.02184
107	177	0.881349
107	178	0.929172
107	179	1.03408
107	180	0.936017
108	66	1.0539
108	68	1.01703
108	83	1.00773
108	90	1.04831
108	92	1.02375
108	101	0.967268
108	115	0.991285
108	117	1.00231
108	127	1.05257
108	128	1.05858
108	131	1.03454
108	135	1.07606
108	139	1.02259
108	140	1.04868
108	153	0.87787
108	158	1.04663
108	159	0.82397
108	164	1.04422
108	165	0.968311
108	167	0.963166
108	169	0.947474
108	174	0.958229
108	176	0.982701
108	177	1.07411
108	179	0.972356
108	180	0.94949
109	12	1.06588
109	56	1.00109
109	61	0.97488
109	89	1.06538
109	93	1.03622
109	96	1.00653
109	111	1.02887
109	123	1.09286
109	133	1.04711
109	134	1.04618
109	136	1.06246
109	143	0.965657
109	147	0.960041
109	151	1.01652
109	153	0.889722
109	155	0.841678
109	156	1.0569
109	157	0.874021
109	162	0.993137
109	166	0.954466
109	167	1.03706
109	168	0.984599
109	170	0.972373
109	173	1.06206
109	176	0.994553
109	179	0.984207
110	6	0.839787
110	33	1.19938
110	49	1.04516
110	50	1.03665
110	78	1.05484
110	90	0.967343
110	139	1.06719
110	146	1.05085
110	151	1.10409
110	159	1.06468
110	160	1.01767
110	161	0.952559
110	162	0.964455
110	163	0.965409
110	164	1.02972
110	165	0.964197
110	166	0.982338
110	168	0.959411
110	169	0.986057
110	170	0.962639
110	171	0.963549
110	172	0.949128
110	174	0.980118
110	176	0.956995
110	178	0.968066
110	180	0.962724
111	61	0.901008
111	78	0.984564
111	89	0.991509
111	90	1.45315
111	93	0.962343
111	96	0.932663
111	99	0.969584
111	109	1.02887
111	119	1.03722
111	121	0.988977
111	123	1.01899
111	133	0.973241
111	134	0.972309
111	136	0.988587
111	149	0.981845
111	151	0.942644
111	156	0.983026
111	160	0.95756
111	164	0.979891
111	167	0.963188
111	168	1.03088
111	170	1.01865
111	171	1.00789
111	173	0.988188
111	177	0.952951
111	178	1.00077
112	25	0.911729
112	29	1.06952
112	32	0.985625
112	34	0.985072
112	41	0.878663
112	43	0.939739
112	45	1.44594
112	76	0.960545
112	84	1.0769
112	94	1.00906
112	115	0.895658
112	118	0.938828
112	127	0.956942
112	131	0.938917
112	137	1.05592
112	139	0.926964
112	140	0.953051
112	151	0.911348
112	155	0.933289
112	158	0.951001
112	162	1.08475
112	164	0.948595
112	167	1.06663
112	175	1.0737
112	176	1.08616
112	177	0.97848
112	178	1.04611
113	29	0.778587
113	56	1.09574
113	59	0.908147
113	75	1.03733
113	77	0.994105
113	82	0.990181
113	103	0.990308
113	114	0.998881
113	127	0.999223
113	135	0.960611
113	138	1.04141
113	159	1.10218
113	160	1.05517
113	161	0.990059
113	162	1.00196
113	163	1.00291
113	165	1.0017
113	166	1.01984
113	168	0.996911
113	169	1.02356
113	170	1.00014
113	171	1.00105
113	172	0.986628
113	174	1.01762
113	176	0.994495
113	178	1.00557
113	180	1.00022
114	10	1.0521
114	33	0.946275
114	53	1.01826
114	58	0.91637
114	59	1.0892
114	62	1.05055
114	75	0.994423
114	77	1.01697
114	91	0.974113
114	100	1.03974
114	102	0.969465
114	105	1.01575
114	113	0.998881
114	116	1.00076
114	119	1.01368
114	122	1.00238
114	124	1.03767
114	125	0.978666
114	143	1.00547
114	152	0.916091
114	155	0.881486
114	161	1.04832
114	165	1.01997
114	166	0.994274
114	169	0.999134
114	174	1.00989
114	175	1.0219
115	18	1.56045
115	26	0.952605
115	43	0.950735
115	52	1.05405
115	54	0.947207
115	66	0.961518
115	68	0.924655
115	72	0.984647
115	83	0.915353
115	87	0.963899
115	92	0.931373
115	108	0.991285
115	112	0.895658
115	117	1.11677
115	127	0.960189
115	128	0.966204
115	135	0.983686
115	139	0.930211
115	140	0.956298
115	155	0.944284
115	157	0.976627
115	158	0.954248
115	164	0.951842
115	171	1.06422
115	172	1.1033
115	175	1.08469
115	177	0.981727
116	10	1.02519
116	19	1.07315
116	23	0.952421
116	33	0.91937
116	39	1.0425
116	55	1.04913
116	59	1.06229
116	62	1.02364
116	75	0.967519
116	77	0.990068
116	91	0.947209
116	100	1.01283
116	102	0.942561
116	105	0.988848
116	114	1.00076
116	119	0.986776
116	122	0.975473
116	124	1.01077
116	125	0.951762
116	147	1.01195
116	159	0.887728
116	161	1.06042
116	163	1.01847
116	168	1.03651
116	170	1.02428
116	172	1.0526
116	173	0.984371
116	180	1.01325
117	36	0.96369
117	89	0.919623
117	94	0.907562
117	96	1.12731
117	108	1.00231
117	115	1.11677
117	128	1.04817
117	141	1.01325
117	145	1.03756
117	156	1.03781
117	157	1.06508
117	159	1.07312
117	160	1.02611
117	161	0.960992
117	162	0.972888
117	163	0.973842
117	164	1.01957
117	165	0.972629
117	166	0.99077
117	168	0.967843
117	169	0.994489
117	170	0.971071
117	171	0.971981
117	172	0.957561
117	174	0.988551
117	176	0.965428
117	178	0.976499
117	180	0.971157
118	9	0.99171
118	18	0.96027
118	24	0.97778
118	25	0.958146
118	32	1.03204
118	34	1.03149
118	36	1.06324
118	40	0.939405
118	41	0.92508
118	44	0.949605
118	46	0.986606
118	50	0.991308
118	58	0.886929
118	76	1.00696
118	80	0.969663
118	94	1.05548
118	97	1.03428
118	104	1.00636
118	112	0.938828
118	149	0.945934
118	150	1.46964
118	151	0.957765
118	158	0.997789
118	161	1.01888
118	165	0.990529
118	166	0.964832
118	167	0.985384
118	171	0.971982
119	36	0.940472
119	75	0.98044
119	78	1.02147
119	87	1.02119
119	90	0.933978
119	92	1.07574
119	102	0.955482
119	105	1.00177
119	111	1.03722
119	114	1.01368
119	116	0.986776
119	122	0.988394
119	124	1.02369
119	125	0.964683
119	144	1.07743
119	145	1.01434
119	150	0.986386
119	151	1.07072
119	156	1.01459
119	162	0.984188
119	165	0.983929
119	166	1.00207
119	168	0.979143
119	170	0.982371
119	171	0.983281
119	174	0.99985
119	178	0.987799
119	180	0.982457
120	1	1.00889
120	13	1.02953
120	14	1.04306
120	26	0.87061
120	27	1.11337
120	28	1.13162
120	30	0.959039
120	35	1.03412
120	49	0.995958
120	65	1.02683
120	67	0.978294
120	69	0.972303
120	70	1.06624
120	74	1.0345
120	79	0.98997
120	81	0.997895
120	82	1.00152
120	104	1.0166
120	121	1.00375
120	126	1.01687
120	155	0.86229
120	157	0.894633
120	165	1.00077
120	168	1.00521
120	172	1.02131
120	174	0.990693
120	176	1.01517
120	177	0.927285
120	179	1.00482
121	25	1.06604
121	72	0.982563
121	78	1.01854
121	90	0.926173
121	96	0.966637
121	100	0.98998
121	106	1.00352
121	107	0.957817
121	111	0.988977
121	120	1.00375
121	129	1.01991
121	131	1.02045
121	134	1.00628
121	136	1.02256
121	139	1.02602
121	141	0.982229
121	151	0.976618
121	154	1.01529
121	163	0.996768
121	164	1.01386
121	167	0.997162
121	168	0.990769
121	169	1.01742
121	170	0.993997
121	171	0.994907
121	173	1.02216
121	174	1.01148
121	176	0.988354
121	178	0.999425
121	180	0.994083
122	6	1.20795
122	23	0.954039
122	33	0.920988
122	39	1.04412
122	53	0.992973
122	59	1.06391
122	62	1.02526
122	75	0.969137
122	77	0.991686
122	91	0.948827
122	100	1.01445
122	102	0.944179
122	105	0.990466
122	114	1.00238
122	116	0.975473
122	119	0.988394
122	124	1.01239
122	125	0.95338
122	143	1.00924
122	153	0.933308
122	162	1.03672
122	165	1.02375
122	168	1.02819
122	170	1.01596
122	173	0.97605
122	174	1.01367
122	175	1.02567
122	177	0.950259
122	178	0.998082
122	180	1.00493
123	11	0.919877
123	12	1.05599
123	17	1.01544
123	56	0.991203
123	58	0.888774
123	61	0.964992
123	71	1.08014
123	80	1.04598
123	89	1.05549
123	93	1.02633
123	96	0.996647
123	99	0.935519
123	104	1.0082
123	109	1.09286
123	111	1.01899
123	133	1.03723
123	134	1.03629
123	136	1.05257
123	147	0.972252
123	151	1.00663
123	159	0.848033
123	164	1.04387
123	166	0.966677
123	167	1.02717
123	169	0.971537
123	170	0.984585
123	173	1.05217
123	175	0.994299
123	176	1.00677
123	177	0.918885
123	179	0.996419
124	6	1.24324
124	23	0.989333
124	31	1.03309
124	33	0.956282
124	39	1.07942
124	53	1.02827
124	59	1.0992
124	62	1.06056
124	75	1.00443
124	77	1.02698
124	91	0.984121
124	100	1.04975
124	102	0.979473
124	105	1.02576
124	114	1.03767
124	116	1.01077
124	119	1.02369
124	122	1.01239
124	125	0.988674
124	137	0.968839
124	152	0.880814
124	155	0.846209
124	158	0.991953
124	160	0.915813
124	161	1.01304
124	169	0.963856
124	171	0.966146
124	173	0.936995
124	176	0.999084
124	177	0.911204
124	179	0.988738
125	6	1.18424
125	10	1.0031
125	11	0.990607
125	23	0.930327
125	33	0.897277
125	39	1.02041
125	53	0.969262
125	59	1.0402
125	62	1.00155
125	75	0.945425
125	77	0.967975
125	80	1.04224
125	91	0.925115
125	97	0.995347
125	100	0.99074
125	101	1.06206
125	102	0.920467
125	105	0.966755
125	114	0.978666
125	116	0.951762
125	119	0.964683
125	122	0.95338
125	124	0.988674
125	153	0.972664
125	162	1.07608
125	169	1.04227
125	173	1.01541
125	175	1.06503
125	178	1.03744
125	179	1.06715
125	180	1.04428
126	8	0.950512
126	12	0.995684
126	13	1.04023
126	36	0.930438
126	44	1.07227
126	49	1.00666
126	50	0.993254
126	51	0.982586
126	65	1.03753
126	69	0.983002
126	70	1.07694
126	73	0.968549
126	74	1.0452
126	81	1.00859
126	90	0.923944
126	107	0.955587
126	120	1.01687
126	139	1.02379
126	140	1.00886
126	141	0.98
126	156	1.00456
126	161	0.986226
126	164	0.986322
126	165	0.997863
126	166	1.016
126	169	1.01972
126	171	0.997215
126	172	0.982795
126	174	1.01378
126	176	0.990662
126	178	1.00173
126	180	0.996391
127	38	0.941343
127	48	1.00359
127	66	1.0228
127	68	0.985938
127	72	1.04593
127	87	1.02518
127	90	1.01722
127	92	0.992657
127	95	1.11234
127	108	1.05257
127	112	0.956942
127	113	0.999223
127	115	0.960189
127	128	1.02749
127	131	1.00345
127	132	0.980332
127	135	1.04497
127	139	0.991495
127	140	1.01758
127	147	1.00019
127	152	0.916433
127	157	0.914171
127	158	1.01553
127	160	0.951432
127	164	1.01313
127	166	0.994616
127	167	1.01517
127	169	0.999476
127	173	0.972614
127	177	1.04301
127	178	0.994646
127	180	1.00149
128	2	0.907906
128	48	1.0096
128	52	0.985456
128	54	1.01451
128	60	0.908446
128	68	0.991953
128	72	1.05194
128	83	0.982651
128	87	1.0312
128	90	1.02323
128	92	0.998671
128	108	1.05858
128	115	0.966204
128	117	1.04817
128	127	1.02749
128	131	1.00946
128	132	0.986346
128	135	1.05098
128	139	0.997509
128	140	1.0236
128	157	0.908029
128	160	0.94529
128	164	1.01914
128	166	0.988474
128	167	1.00903
128	171	0.995623
128	173	0.966472
128	175	1.0161
128	176	1.02856
128	177	1.04903
128	179	1.01822
128	180	0.99535
129	28	1.11616
129	37	0.925262
129	38	0.937959
129	42	1.05278
129	57	0.953139
129	63	1.0012
129	88	0.933023
129	98	0.958919
129	103	0.995164
129	107	1.02776
129	121	1.01991
129	132	0.957216
129	138	0.952216
129	141	0.998559
129	144	0.958128
129	145	0.996131
129	146	0.999686
129	148	1.00005
129	149	0.972334
129	150	0.99938
129	154	0.990115
129	156	0.993145
129	157	0.910787
129	160	0.948049
129	162	1.0299
129	164	1.50601
129	170	1.00914
129	173	0.96923
129	174	1.00685
129	175	0.969323
129	177	0.94344
129	179	0.981559
129	180	0.998108
130	20	0.893723
130	40	1.14471
130	48	0.939928
130	77	1.01625
130	88	1.14211
130	133	0.991241
130	138	1.06355
130	140	1.00917
130	145	1.00461
130	146	1.00775
130	150	0.976656
130	152	1.04687
130	153	1.03002
130	154	1.01336
130	155	1.07288
130	157	1.05627
130	159	1.06431
130	160	1.0173
130	161	0.952182
130	162	0.964078
130	163	0.965032
130	164	0.986626
130	165	0.963819
130	166	0.98196
130	168	0.959033
130	169	0.985679
130	170	0.962261
130	171	0.963171
130	172	0.948751
130	174	0.979741
130	176	0.956618
130	178	0.967689
130	180	0.962347
131	2	0.883867
131	16	1.01673
131	54	0.990466
131	66	1.00478
131	68	0.967914
131	72	1.02791
131	83	0.958612
131	87	1.00716
131	90	0.999194
131	92	0.974632
131	95	1.1095
131	108	1.03454
131	112	0.938917
131	121	1.02045
131	127	1.00345
131	128	1.00946
131	132	0.962307
131	135	1.02694
131	139	0.97347
131	140	0.999557
131	143	1.00297
131	149	0.972876
131	161	1.04582
131	164	0.995101
131	165	1.01747
131	168	1.02191
131	170	1.00968
131	171	0.998924
131	173	0.969773
131	176	1.03186
131	177	1.02499
131	178	0.991805
131	179	1.02152
132	19	0.95621
132	29	1.36049
132	38	0.978336
132	92	0.951515
132	103	0.977139
132	127	0.980332
132	128	0.986346
132	129	0.957216
132	131	0.962307
132	135	1.00383
132	138	0.934191
132	139	0.950354
132	140	0.976441
132	141	0.980534
132	143	1.0428
132	144	0.940103
132	145	0.978106
132	146	0.981661
132	148	0.98203
132	149	1.01271
132	150	0.981355
132	152	0.953426
132	154	0.97209
132	155	0.918821
132	158	0.974391
132	164	0.971984
132	167	1.05216
132	168	1.06174
132	171	1.03876
132	172	1.07784
132	174	1.04722
132	177	1.00187
132	178	1.03164
132	180	1.03848
133	3	1.0966
133	5	1.02347
133	7	1.02347
133	12	1.01025
133	31	1.03859
133	56	0.945458
133	61	0.919247
133	71	1.0344
133	76	1.45667
133	78	1.0028
133	89	1.00975
133	93	0.980582
133	96	0.950902
133	99	0.933332
133	109	1.04711
133	111	0.973241
133	123	1.03723
133	130	0.991241
133	134	0.990548
133	136	1.00683
133	151	0.960883
133	156	1.00126
133	157	0.884046
133	158	0.997448
133	159	0.845847
133	163	0.976587
133	164	0.998129
133	165	0.990188
133	167	0.981427
133	168	0.994625
133	169	0.969351
133	171	0.971641
133	173	1.00643
133	175	0.992113
133	180	0.971367
134	3	1.09567
134	5	1.02253
134	7	1.02253
134	17	0.968762
134	55	1.02165
134	61	0.918315
134	71	1.03347
134	80	0.999306
134	84	1.00972
134	89	1.00882
134	93	0.97965
134	96	0.94997
134	104	1.02043
134	109	1.04618
