1	12	0.69525
1	18	0.694525
1	27	0.679782
1	43	0.731507
1	49	0.781248
1	56	0.713596
1	57	0.764334
1	67	0.75976
1	124	3.95422
1	126	2.67523
1	134	0.673335
1	172	0.70663
2	16	3.30773
2	96	0.708827
2	97	0.708159
2	115	0.761186
2	118	0.723199
2	121	3.56242
2	123	0.737959
2	125	0.72867
2	127	0.72867
2	167	0.72755
2	176	0.652631
2	177	0.72311
3	56	1.5591
3	140	0.758354
3	152	0.733283
3	159	0.767297
3	162	0.745541
3	163	0.70811
3	168	0.70506
3	171	0.686307
3	174	0.715641
3	177	1.27744
3	179	0.68718
3	180	0.693252
4	32	0.740083
4	46	0.709117
4	60	0.705209
4	64	0.691368
4	71	0.731469
4	80	0.740965
4	108	0.727111
4	109	0.721516
4	119	0.703105
4	122	0.730043
4	169	2.30817
4	178	4.53071
5	44	0.660977
5	84	1.14759
5	140	0.83809
5	149	0.807222
5	159	0.847033
5	161	0.790864
5	167	0.106379
5	174	0.795377
5	175	0.799527
5	176	0.781994
5	179	0.766916
5	180	0.772988
6	90	0.695433
6	122	3.79646
6	161	0.647011
6	165	0.665524
6	166	0.69944
6	168	0.640943
6	169	0.670101
6	171	0.62219
6	174	0.651525
6	175	0.655674
6	179	0.623063
6	180	0.629136
7	15	1.70439
7	82	0.724517
7	96	0.707008
7	115	0.759367
7	118	0.721381
7	123	0.73614
7	125	0.726851
7	127	0.726851
7	144	4.6452
7	167	0.725731
7	176	0.650812
7	177	0.721292
8	21	0.623102
8	42	0.670033
8	75	0.679714
8	99	0.69099
8	128	0.653994
8	129	0.671928
8	131	0.666294
8	143	0.655472
8	145	0.664679
8	172	0.642424
8	173	5.82835
8	178	0.581313
9	48	0.79565
9	58	0.786926
9	83	0.812272
9	120	1.62784
9	135	0.828703
9	137	0.797692
9	141	0.811098
9	142	0.810189
9	160	2.90282
9	175	3.15672
9	176	0.743492
9	177	0.813971
10	55	1.16957
10	71	0.724652
10	131	0.219348
10	149	0.816812
10	160	0.816174
10	164	0.797155
10	170	0.842949
10	171	0.775633
10	175	0.809117
10	178	0.783115
10	179	0.776506
10	180	0.782578
11	86	1.51466
11	95	0.792327
11	128	0.80494
11	129	0.822874
11	131	0.81724
11	143	0.806419
11	145	0.815625
11	155	0.736009
11	159	1.36385
11	171	4.90603
11	172	0.793371
11	177	0.811208
12	1	0.69525
12	18	0.698701
12	43	0.735683
12	49	0.785424
12	56	0.717772
12	57	0.768509
12	67	0.763936
12	117	3.4865
12	132	0.646226
12	134	0.677511
12	154	3.31736
12	172	0.710806
13	14	0.81081
13	34	0.657147
13	102	0.70453
13	126	2.2727
13	135	0.755464
13	137	0.724453
13	141	0.737859
13	142	0.73695
13	172	4.43819
13	176	0.670253
13	177	0.740732
13	178	0.661784
14	13	0.81081
14	79	1.43439
14	109	0.827103
14	113	0.838318
14	115	0.345198
14	119	0.808693
14	141	0.825066
14	142	0.824158
14	145	0.121947
14	175	0.774993
14	179	0.742382
14	180	0.748454
15	7	1.70439
15	70	0.327818
15	79	0.979713
15	138	0.809912
15	157	0.836724
15	163	0.79307
15	165	0.814601
15	168	0.79002
15	174	0.800601
15	175	0.804751
15	179	0.77214
15	180	0.778212
16	2	3.30773
16	67	0.455635
16	72	0.759357
16	168	0.708655
16	169	0.737813
16	170	0.757218
16	171	0.689902
16	173	0.716847
16	174	0.719236
16	175	0.723386
16	179	0.690774
16	180	0.696847
17	84	0.812248
17	85	0.803284
17	128	0.80723
17	143	0.808708
17	145	0.817915
17	156	2.92155
17	157	2.12625
17	158	0.723495
17	166	2.65883
17	167	0.817937
17	172	0.79566
17	177	0.813498
18	1	0.694525
18	12	0.698701
18	27	0.683233
18	43	0.734958
18	49	0.784699
18	56	0.717047
18	57	0.767784
18	67	0.763211
18	112	3.52987
18	130	3.20209
18	132	0.645501
18	172	0.710081
19	21	0.681197
19	23	0.769539
19	75	0.737809
19	79	0.737373
19	89	0.768694
19	95	0.699475
19	129	0.730023
19	143	0.713567
19	145	0.722774
19	150	3.20299
19	171	3.66872
19	178	0.639408
20	97	0.712098
20	115	0.765124
20	118	0.727138
20	123	0.741897
20	125	0.732608
20	127	0.732608
20	153	0.673403
20	167	0.731488
20	170	2.36455
20	173	4.42615
20	176	0.656569
20	177	0.727048
21	8	0.623102
21	19	0.681197
21	39	0.668167
21	41	2.76556
21	75	0.740154
21	87	0.714972
21	89	0.771038
21	128	0.714433
21	143	0.715912
21	145	0.725118
21	159	4.43285
21	167	0.725141
21	177	0.720701
22	68	0.724006
22	85	2.2149
22	132	0.676432
22	133	0.779312
22	147	0.735453
22	149	0.713598
22	163	0.694223
22	166	0.74967
22	169	0.720331
22	171	0.67242
22	175	0.705904
22	179	0.673292
22	180	0.679365
23	19	0.769539
23	28	0.731687
23	37	3.73641
23	81	1.7139
23	85	0.79883
23	87	0.803315
23	129	0.820709
23	143	0.804254
23	145	0.813461
23	151	2.72367
23	158	0.719041
23	177	0.809044
23	178	0.730095
24	52	2.33594
24	74	1.01063
24	147	0.744516
24	162	0.740717
24	163	0.703286
24	165	0.724817
24	168	0.700236
24	171	0.681483
24	173	0.708428
24	174	0.710817
24	175	0.714967
24	179	0.682356
24	180	0.688428
25	51	0.839061
25	59	0.830979
25	114	0.7835
25	116	1.38237
25	135	0.807837
25	137	0.776826
25	141	0.790232
25	142	0.789324
25	144	0.745451
25	164	4.46041
25	172	2.32045
25	176	0.722626
25	178	0.714157
26	32	1.78902
26	57	0.330949
26	152	0.79068
26	154	0.793213
26	156	0.806087
26	164	0.765226
26	169	0.791615
26	170	0.81102
26	171	0.743704
26	173	0.770649
26	175	0.777188
26	177	0.108538
26	180	0.750649
27	1	0.679782
27	18	0.683233
27	43	0.720214
27	49	0.769956
27	56	0.702304
27	57	0.753041
27	67	0.748468
27	93	0.75458
27	132	0.630758
27	134	0.662043
27	140	3.24067
27	165	3.97023
27	172	0.695338
28	23	0.731687
28	60	0.663362
28	119	0.661258
28	122	0.688196
28	127	4.1937
28	145	0.684922
28	148	0.599298
28	152	0.641051
28	166	0.671325
28	170	0.661391
28	178	0.601556
28	179	0.594947
28	180	0.60102
29	44	0.61999
29	56	0.608772
29	67	0.654936
29	94	0.610909
29	101	0.637744
29	102	0.583442
29	109	0.618808
29	170	0.60053
29	172	0.601806
29	173	0.560159
29	174	0.562548
29	180	0.540159
30	55	2.11587
30	57	0.287654
30	70	0.313491
30	125	0.804357
30	127	0.804357
30	137	0.782519
30	141	0.795924
30	142	0.795016
30	171	0.712367
30	175	0.745851
30	176	0.728318
30	177	0.798798
30	179	0.71324
30	180	0.719312
31	54	0.675885
31	73	0.713103
31	76	0.71699
31	96	0.686843
31	115	0.739202
31	118	0.701216
31	123	0.715975
31	124	3.33985
31	125	0.706686
31	127	0.706686
31	144	4.08639
31	167	0.705566
31	176	0.630647
31	177	0.701127
32	4	0.740083
32	26	1.78902
32	33	0.77781
32	46	0.762358
32	61	0.749149
32	71	0.78471
32	94	0.766858
32	113	0.785972
32	122	0.783284
32	124	0.747849
32	133	2.42096
32	144	3.25554
32	153	0.721947
32	167	0.780033
33	32	0.77781
33	46	0.746844
33	64	0.729095
33	68	0.769861
33	69	0.771343
33	77	2.92191
33	93	2.81694
33	101	0.778179
33	108	0.764838
33	109	0.759243
33	113	0.770458
33	122	0.76777
33	126	2.60128
33	167	0.764519
34	13	0.657147
34	82	4.50058
34	99	0.705004
34	131	0.680308
34	135	0.689008
34	141	0.671403
34	142	0.670494
34	143	0.669487
34	147	0.650879
34	158	0.584274
34	174	0.61718
34	175	0.62133
34	179	0.588719
34	180	0.594791
35	82	0.769394
35	96	0.751884
35	97	0.751217
35	115	0.804243
35	118	0.766257
35	123	0.781016
35	125	0.771727
35	127	0.771727
35	151	1.38612
35	152	2.91057
35	167	0.770607
35	168	4.27968
35	176	0.695688
35	177	0.766168
36	45	4.17371
36	138	0.655928
36	154	0.666792
36	160	0.657824
36	163	0.639086
36	166	0.694533
36	170	0.684599
36	171	0.617283
36	173	0.644228
36	174	0.646617
36	175	0.650767
36	179	0.618156
36	180	0.624228
37	23	3.73641
37	59	0.816602
37	133	0.766608
37	136	0.723619
37	150	0.690311
37	160	0.700257
37	166	0.736966
37	168	0.678469
37	169	0.707627
37	173	0.686661
37	174	0.68905
37	175	0.6932
37	179	0.660588
37	180	0.666661
38	48	0.68661
38	62	0.732594
38	66	0.739835
38	78	0.720565
38	100	0.731504
38	107	3.578
38	110	0.713991
38	135	0.719664
38	137	0.688653
38	142	0.70115
38	151	4.03262
38	176	0.634452
38	177	0.704932
38	178	0.625983
39	21	0.668167
39	40	0.728703
39	79	0.724343
39	95	0.686446
39	99	0.736055
39	129	0.716993
39	143	0.700537
39	145	0.709744
39	154	3.55468
39	167	0.709767
39	172	0.687489
39	175	4.02182
39	177	0.705327
39	178	0.626379
40	39	0.728703
40	53	0.75144
40	65	0.745215
40	79	0.800253
40	85	0.771023
40	87	0.775508
40	95	0.762356
40	99	0.811965
40	124	1.35189
40	143	0.776448
40	145	0.785654
40	158	0.691235
40	160	3.18923
40	174	3.91636
41	21	2.76556
41	94	1.06498
41	114	0.14924
41	148	0.720258
41	162	0.774268
41	163	0.736837
41	165	0.758368
41	166	0.792284
41	169	0.762945
41	170	0.78235
41	173	0.741979
41	174	0.744368
41	175	0.748518
41	179	0.715907
41	180	0.721979
42	8	0.670033
42	53	0.737835
42	84	0.766382
42	89	0.817969
42	128	0.761364
42	129	0.779298
42	131	0.773664
42	138	3.59541
42	143	0.762842
42	144	0.719978
42	164	2.93772
42	167	0.772072
42	172	0.749794
42	174	2.47574
42	178	0.688684
43	1	0.731507
43	12	0.735683
43	18	0.734958
43	27	0.720214
43	49	0.82168
43	56	0.754028
43	57	0.804766
43	67	0.800192
43	92	2.42368
43	107	0.753378
43	132	0.682483
43	134	0.713768
43	166	2.679
43	172	0.747063
43	174	3.85657
44	5	0.660977
44	29	0.61999
44	46	0.744972
44	64	0.727223
44	70	0.767853
44	72	1.93298
44	94	0.749472
44	108	0.762966
44	109	0.757371
44	111	0.703479
44	113	0.768586
44	119	0.738961
44	122	0.765899
44	124	0.730463
44	167	0.762647
44	178	5.8138
45	36	4.17371
45	55	0.736126
45	65	0.714765
45	72	0.733813
45	84	0.749537
45	87	0.745059
45	128	0.74452
45	129	0.762453
45	131	0.75682
45	143	0.745998
45	145	0.755205
45	147	1.51824
45	161	2.71839
45	172	0.73295
45	177	0.750788
45	178	0.671839
46	4	0.709117
46	32	0.762358
46	33	0.746844
46	44	0.744972
46	60	0.727483
46	68	0.754408
46	70	0.754271
46	94	0.735891
46	108	0.749385
46	109	0.74379
46	113	0.755005
46	119	0.72538
46	147	2.23339
46	153	0.690981
46	158	6.04839
46	166	1.1889
47	59	0.784554
47	66	0.781584
47	83	0.744981
47	91	0.737939
47	110	0.75574
47	114	0.737075
47	135	0.761412
47	137	0.730401
47	139	3.10865
47	141	0.743806
47	142	0.742898
47	157	2.24798
47	158	0.656677
47	174	3.95813
47	176	0.676201
47	177	0.74668
48	9	0.79565
48	38	0.68661
48	51	0.785496
48	81	1.88741
48	91	0.730799
48	100	0.766113
48	104	0.755275
48	114	0.729935
48	135	0.754272
48	137	0.723261
48	141	0.736667
48	142	0.735758
48	165	4.2634
48	172	3.20061
48	177	0.73954
48	178	0.660592
49	1	0.781248
49	12	0.785424
49	18	0.784699
49	27	0.769956
49	43	0.82168
49	56	0.80377
49	57	0.854507
49	63	1.22192
49	67	0.849934
49	93	0.856046
49	132	0.732224
49	134	0.763509
49	147	2.88409
49	159	1.1922
49	172	0.796804
49	180	5.17437
50	86	0.678368
50	133	0.702346
50	136	0.659358
50	139	0.651453
50	145	5.42921
50	160	0.635996
50	162	0.654688
50	163	0.617257
50	165	0.638788
50	166	0.672704
50	168	0.614207
50	173	0.622399
50	174	0.624788
50	175	0.628938
50	179	0.596327
50	180	0.602399
51	25	0.839061
51	48	0.785496
51	58	0.776772
51	78	0.81945
51	83	0.802118
51	93	1.02776
51	105	2.72569
51	114	0.794212
51	120	2.65344
51	135	0.818549
51	137	0.787539
51	141	0.800944
51	152	4.19861
51	158	0.713815
51	176	0.733338
51	177	0.803818
51	178	0.724869
52	24	2.33594
52	60	0.717096
52	77	2.3961
52	100	0.760812
52	108	0.738998
52	113	0.744618
52	122	0.741931
52	123	0.749088
52	125	0.739799
52	127	0.739799
52	135	0.748971
52	141	0.731366
52	142	0.730458
52	155	0.65904
52	170	3.94024
52	176	0.66376
52	177	0.73424
53	40	0.75144
53	42	0.737835
53	55	0.713403
53	85	0.71785
53	89	0.778401
53	93	0.769469
53	128	0.721796
53	131	0.734096
53	143	0.723275
53	145	0.732482
53	159	1.96138
53	167	0.732504
53	168	4.6985
53	169	3.14571
53	172	0.710227
53	177	0.728065
53	178	0.649116
54	31	0.675885
54	73	0.744597
54	76	0.748484
54	82	0.735846
54	96	0.718337
54	97	0.71767
54	115	0.770696
54	118	0.73271
54	123	0.747469
54	125	0.73818
54	127	0.73818
54	156	1.82239
54	163	3.6915
54	167	0.73706
54	176	0.662141
54	177	0.73262
54	178	4.31915
55	10	1.16957
55	30	2.11587
55	45	0.736126
55	53	0.713403
55	84	0.74195
55	85	0.732986
55	128	0.736932
55	129	0.754866
55	131	0.749232
55	143	0.73841
55	145	0.747617
55	155	0.668001
55	157	4.46549
55	167	0.74764
55	172	0.725362
55	177	0.7432
55	178	0.664252
56	1	0.713596
56	3	1.5591
56	12	0.717772
56	18	0.717047
56	27	0.702304
56	29	0.608772
56	43	0.754028
56	49	0.80377
56	57	0.786855
56	67	0.782282
56	93	0.788394
56	107	0.735467
56	132	0.664572
56	134	0.695857
56	153	3.51327
56	172	0.729152
56	176	3.71669
57	1	0.764334
57	12	0.768509
57	18	0.767784
57	26	0.330949
57	27	0.753041
57	30	0.287654
57	43	0.804766
57	49	0.854507
57	56	0.786855
57	67	0.833019
57	93	0.839132
57	107	0.786204
57	132	0.715309
57	134	0.746594
57	168	4.52756
57	172	0.779889
57	173	3.69829
58	9	0.786926
58	51	0.776772
58	59	0.76869
58	83	0.729117
58	100	0.757389
58	104	0.746551
58	114	0.721211
58	126	1.7048
58	135	0.745548
58	136	4.39399
58	137	0.714537
58	142	0.727034
58	144	0.683162
58	170	3.56956
58	176	0.660337
58	177	0.730816
58	178	0.651868
59	25	0.830979
59	37	0.816602
59	47	0.784554
59	58	0.76869
59	91	0.786994
59	104	0.81147
59	110	0.804795
59	111	3.31492
59	135	0.810467
59	137	0.779456
59	138	2.90494
59	141	0.792862
59	142	0.791953
59	161	2.85233
59	176	0.725256
59	177	0.795735
59	178	0.716787
60	4	0.705209
60	28	0.663362
60	46	0.727483
60	52	0.717096
60	68	0.7505
60	69	0.751982
60	94	0.731983
60	101	0.758818
60	108	0.745477
60	109	0.739882
60	113	0.751097
60	119	0.721472
60	122	0.74841
60	134	2.57685
60	146	2.026
60	153	0.687073
60	179	5.12509
61	32	0.749149
61	63	0.768746
61	64	0.700433
61	69	0.742681
61	70	0.741062
61	80	0.750031
61	94	0.722682
61	108	0.736176
61	113	0.741796
61	119	0.712171
61	122	0.739109
61	124	0.703673
61	133	2.73174
61	155	0.656218
61	159	3.55927
61	167	0.735857
61	170	3.40555
62	38	0.732594
62	83	0.783824
62	90	1.36626
62	91	0.776783
62	100	0.812096
62	104	0.801258
62	110	0.794583
62	124	0.757779
62	135	0.800256
62	137	0.769245
62	141	0.78265
62	142	0.781742
62	150	4.39793
62	162	2.2126
62	163	3.33498
62	176	0.715044
62	177	0.785524
62	178	0.706575
63	49	1.22192
63	61	0.768746
63	99	0.775921
63	109	0.794354
63	113	0.805569
63	119	0.775944
63	122	0.802882
63	123	1.53804
63	127	0.680487
63	137	0.778912
63	141	0.792317
63	142	0.791409
63	159	0.78975
63	160	0.749302
63	164	0.730282
63	177	0.795191
63	179	0.709633
63	180	0.715706
64	4	0.691368
64	33	0.729095
64	44	0.727223
64	61	0.700433
64	69	0.738141
64	71	0.735994
64	80	0.74549
64	94	0.718142
64	101	0.744977
64	108	0.731636
64	109	0.726041
64	111	0.672148
64	122	0.734568
64	126	1.64857
64	149	4.61134
64	153	0.673231
64	167	0.731317
64	172	3.81406
65	40	0.745215
65	45	0.714765
65	84	0.720589
65	85	0.711625
65	93	0.763243
65	95	0.702957
65	98	2.59714
65	99	0.752567
65	128	0.715571
65	129	0.733504
65	131	0.727871
65	143	0.717049
65	145	0.726256
65	162	3.73285
65	172	0.704001
65	173	3.98388
65	177	0.721839
65	178	0.64289
66	38	0.739835
66	47	0.781584
66	78	0.808398
66	88	2.67552
66	91	0.784024
66	104	0.808499
66	114	0.78316
66	135	0.807497
66	137	0.776486
66	141	0.789891
66	142	0.788983
66	153	1.76438
66	158	0.702762
66	168	2.83791
66	176	0.722286
66	177	0.792765
66	178	0.713816
66	180	4.08296
67	1	0.75976
67	12	0.763936
67	16	0.455635
67	18	0.763211
67	27	0.748468
67	29	0.654936
67	43	0.800192
67	49	0.849934
67	56	0.782282
67	57	0.833019
67	93	0.834558
67	107	0.781631
67	132	0.710736
67	134	0.742021
67	138	3.86654
67	155	3.82739
67	165	2.13167
67	172	0.775316
68	22	0.724006
68	33	0.769861
68	46	0.754408
68	60	0.7505
68	69	0.778907
68	70	0.777288
68	71	0.77676
68	94	0.758908
68	101	0.785743
68	105	1.36697
68	108	0.772402
68	109	0.766807
68	113	0.778022
68	119	0.748397
68	122	0.775334
68	148	5.07874
68	153	0.713997
68	155	0.692444
68	180	3.57974
69	33	0.771343
69	60	0.751982
69	61	0.742681
69	64	0.738141
69	68	0.778907
69	70	0.77877
69	80	0.787739
69	88	2.24614
69	101	0.787225
69	108	0.773884
69	113	0.779504
69	119	0.749879
69	122	0.776817
69	153	0.71548
69	155	0.693926
69	158	5.17829
69	162	1.32824
69	167	0.773565
69	178	3.07827
70	15	0.327818
70	30	0.313491
70	44	0.767853
70	46	0.754271
70	61	0.741062
70	68	0.777288
70	69	0.77877
70	71	0.776623
70	101	0.785607
70	108	0.772265
70	109	0.76667
70	113	0.777885
70	119	0.74826
70	122	0.775198
70	153	0.713861
70	155	0.692307
70	166	3.19569
70	167	0.771946
70	179	5.72663
71	4	0.731469
71	10	0.724652
71	32	0.78471
71	64	0.735994
71	68	0.77676
71	70	0.776623
71	80	0.785592
71	81	2.73956
71	93	2.10293
71	94	0.758243
71	101	0.785078
71	108	0.771737
71	109	0.766142
71	111	0.71225
71	113	0.777357
71	122	0.774669
71	149	4.85004
71	155	0.691779
71	167	0.771418
72	16	0.759357
72	44	1.93298
72	45	0.733813
72	79	0.759902
72	80	1.75303
72	83	2.01785
72	123	0.755735
72	125	0.746446
72	127	0.746446
72	131	0.746918
72	168	0.67321
72	172	0.723049
72	173	0.681402
72	174	0.683791
72	176	0.670407
72	177	0.740887
72	178	0.661938
72	179	0.655329
72	180	0.661402
73	31	0.713103
73	54	0.744597
73	76	0.785701
73	82	0.773064
73	96	0.755555
73	97	0.754887
73	107	2.05788
73	115	0.807913
73	116	1.87785
73	118	0.769927
73	123	0.784686
73	125	0.775397
73	127	0.775397
73	140	3.14916
73	153	0.716192
73	167	0.774277
73	174	4.49391
73	176	0.699359
73	177	0.769838
74	24	1.01063
74	75	0.783452
74	87	0.758271
74	89	0.814337
74	93	0.805405
74	95	0.745118
74	99	0.794728
74	111	0.709271
74	129	0.775666
74	130	2.08142
74	131	0.770032
74	139	3.74415
74	143	0.75921
74	144	0.716346
74	145	0.768417
74	156	3.67878
74	167	0.76844
74	172	0.746162
74	178	0.685051
75	8	0.679714
75	19	0.737809
75	21	0.740154
75	74	0.783452
75	79	0.79633
75	84	0.776064
75	89	0.827651
75	90	2.6334
75	99	0.808042
75	102	2.45651
75	129	0.788979
75	143	0.772524
75	144	0.72966
75	145	0.781731
75	155	0.702114
75	156	2.73301
75	176	3.68992
75	177	0.777314
75	178	0.698365
76	31	0.71699
76	54	0.748484
76	73	0.785701
76	96	0.759442
76	97	0.758774
76	115	0.8118
76	118	0.773814
76	123	0.788573
76	125	0.779285
76	127	0.779284
76	134	0.722592
76	153	0.720079
76	158	5.3131
76	162	1.46305
76	167	0.778165
76	172	1.20601
76	176	0.703246
76	177	0.773725
76	180	3.78839
77	33	2.92191
77	52	2.3961
77	129	0.327685
77	143	0.0257794
77	147	0.779953
77	151	0.807776
77	159	0.79791
77	162	0.776154
77	165	0.760254
77	166	0.79417
77	168	0.735673
77	169	0.764831
77	170	0.784236
77	171	0.71692
77	173	0.743865
77	174	0.746254
77	175	0.750404
77	179	0.717793
77	180	0.723866
78	38	0.720565
78	51	0.81945
78	66	0.808398
78	91	0.764754
78	93	1.51109
78	100	0.800067
78	110	0.782554
78	114	0.763889
78	135	0.788226
78	137	0.757215
78	141	0.770621
78	142	0.769713
78	158	0.683492
78	159	3.31392
78	170	3.16019
78	172	3.46092
78	176	0.703015
78	177	0.773495
78	178	0.694546
79	14	1.43439
79	15	0.979713
79	19	0.737373
79	39	0.724343
79	40	0.800253
79	72	0.759902
79	75	0.79633
79	85	0.766663
79	95	0.757996
79	128	0.770609
79	129	0.788543
79	131	0.782909
79	133	3.08595
79	143	0.772087
79	145	0.781294
79	146	3.99273
79	158	0.686875
79	177	0.776877
79	178	0.697929
80	4	0.740965
80	61	0.750031
80	64	0.74549
80	69	0.787739
80	71	0.785592
80	72	1.75303
80	86	3.14349
80	94	0.76774
80	101	0.794575
80	108	0.781234
80	109	0.775638
80	111	0.721746
80	113	0.786854
80	119	0.757228
80	130	1.53973
80	153	0.722829
80	155	0.701275
80	167	0.780914
80	176	4.09399
81	23	1.7139
81	48	1.88741
81	71	2.73956
81	146	0.798693
81	149	0.758331
81	157	0.782609
81	160	0.757694
81	161	0.741973
81	163	0.738955
81	164	0.738674
81	167	0.686128
81	169	0.765063
81	170	0.784468
81	171	0.717152
81	173	0.744097
81	174	0.746486
81	175	0.750636
81	176	0.733103
81	179	0.718025
81	180	0.724097
82	7	0.724517
82	34	4.50058
82	35	0.769394
82	54	0.735846
82	73	0.773064
82	96	0.746804
82	97	0.746137
82	111	1.78165
82	115	0.799163
82	118	0.761177
82	123	0.775936
82	125	0.766647
82	127	0.766647
82	132	3.01737
82	134	0.709955
82	153	0.707442
82	167	0.765527
82	176	0.690608
82	177	0.761088
82	178	1.83389
83	9	0.812272
83	47	0.744981
83	51	0.802118
83	58	0.729117
83	62	0.783824
83	72	2.01785
83	104	0.771896
83	105	2.3869
83	110	0.765222
83	114	0.746557
83	135	0.770894
83	137	0.739883
83	141	0.753288
83	142	0.75238
83	144	0.708508
83	156	3.40192
83	166	3.1392
83	176	0.685683
83	177	0.756162
83	178	0.677214
84	5	1.14759
84	17	0.812248
84	42	0.766382
84	45	0.749537
84	55	0.74195
84	65	0.720589
84	75	0.776064
84	87	0.750882
84	99	0.787339
84	102	3.52715
84	124	2.15404
84	128	0.750343
84	129	0.768277
84	131	0.762643
84	143	0.751822
84	145	0.761028
84	158	0.666609
84	160	3.99138
84	177	0.756611
84	178	0.677663
85	17	0.803284
85	22	2.2149
85	23	0.79883
85	40	0.771023
85	53	0.71785
85	55	0.732986
85	65	0.711625
85	79	0.766663
85	87	0.741918
85	95	0.728766
85	128	0.741379
85	129	0.759313
85	131	0.753679
85	138	4.0331
85	143	0.742858
85	145	0.752065
85	155	0.672448
85	158	0.657645
85	160	2.18629
85	176	2.95547
85	177	0.747648
86	11	1.51466
86	50	0.678368
86	80	3.14349
86	148	0.673138
86	150	0.69851
86	151	0.75877
86	152	0.714891
86	154	0.717424
86	162	0.727149
86	163	0.689717
86	164	0.689437
86	165	0.711248
86	167	2.76885
86	168	0.686668
86	169	0.715826
86	170	0.735231
86	171	0.667915
86	173	0.69486
86	174	0.697249
86	179	0.668787
86	180	0.67486
87	21	0.714972
87	23	0.803315
87	40	0.775508
87	45	0.745059
87	74	0.758271
87	84	0.750882
87	85	0.741918
87	111	0.697404
87	128	0.745864
87	129	0.763798
87	130	1.74123
87	131	0.758164
87	140	2.9087
87	143	0.747343
87	145	0.756549
87	153	4.09208
87	155	0.676933
87	167	0.756572
87	169	3.61281
87	172	0.734295
87	178	0.673184
88	66	2.67552
88	69	2.24614
88	100	2.42695
88	106	0.741545
88	134	0.697651
88	139	0.718352
88	147	0.725386
88	150	0.692949
88	159	0.743343
88	161	0.687174
88	162	0.721588
88	164	0.683876
88	165	0.705687
88	168	0.681107
88	170	0.72967
88	171	0.662353
88	173	0.689299
88	174	0.691688
88	175	0.695837
88	179	0.663226
88	180	0.669299
89	19	0.768694
89	21	0.771038
89	42	0.817969
89	53	0.778401
89	74	0.814337
89	75	0.827651
89	95	0.789317
89	99	0.838926
89	111	0.75347
89	121	1.47186
89	128	0.80193
89	131	0.81423
89	132	5.27485
89	143	0.803409
89	144	0.760544
89	145	0.812616
89	156	1.59462
89	158	0.718196
89	174	2.50948
89	176	2.55152
89	178	0.72925
90	6	0.695433
90	62	1.36626
90	75	2.6334
90	95	3.41762
90	133	0.765136
90	140	0.730291
90	148	0.663468
90	159	0.739234
90	160	0.698785
90	161	0.683064
90	162	0.717478
90	163	0.680047
90	164	0.679766
90	169	0.706155
90	170	0.72556
90	172	0.726836
90	173	0.685189
90	174	0.687578
90	175	0.691728
90	179	0.659117
90	180	0.665189
91	47	0.737939
91	48	0.730799
91	59	0.786994
91	62	0.776783
91	66	0.784024
91	78	0.764754
91	92	2.7258
91	100	0.775693
91	110	0.75818
91	114	0.739515
91	135	0.763853
91	137	0.732842
91	141	0.746247
91	142	0.745339
91	157	2.44855
91	158	0.659118
91	160	3.43156
91	175	3.68545
91	176	0.678641
91	177	0.749121
91	178	0.670172
92	43	2.42368
92	91	2.7258
92	104	1.83866
92	105	0.76498
92	151	0.752903
92	152	0.709024
92	157	0.727505
92	160	0.702589
92	161	0.686868
92	164	0.683569
92	165	0.705381
92	166	0.739297
92	168	0.680801
92	169	0.709958
92	170	0.729364
92	173	0.688993
92	174	0.691382
92	175	0.695531
92	179	0.66292
92	180	0.668993
93	27	0.75458
93	33	2.81694
93	49	0.856046
93	51	1.02776
93	53	0.769469
93	56	0.788394
93	57	0.839132
93	65	0.763243
93	67	0.834558
93	71	2.10293
93	74	0.805405
93	78	1.51109
93	129	0.810932
93	135	0.341826
93	145	0.803683
93	169	0.760747
93	171	0.712836
93	172	0.781428
93	173	0.739781
93	175	0.74632
93	179	0.713709
93	180	0.719781
94	29	0.610909
94	32	0.766858
94	41	1.06498
94	44	0.749472
94	46	0.735891
94	60	0.731983
94	61	0.722682
94	64	0.718142
94	68	0.758908
94	71	0.758243
94	80	0.76774
94	101	0.767226
94	108	0.753885
94	109	0.74829
94	119	0.72988
94	121	2.5207
94	122	0.756818
94	153	0.695481
94	154	3.61685
94	155	0.673927
94	167	0.753566
94	176	4.59929
95	11	0.792327
95	19	0.699475
95	39	0.686446
95	40	0.762356
95	65	0.702957
95	74	0.745118
95	79	0.757996
95	85	0.728766
95	89	0.789317
95	90	3.41762
95	107	0.727457
95	128	0.732712
95	131	0.745012
95	143	0.73419
95	145	0.743397
95	158	0.648977
95	159	2.60712
95	166	3.25452
95	167	0.74342
95	170	2.45339
95	172	0.721142
95	177	0.73898
96	2	0.708827
96	7	0.707008
96	31	0.686843
96	35	0.751884
96	54	0.718337
96	73	0.755555
96	76	0.759442
96	82	0.746804
96	97	0.728628
96	115	0.781654
96	118	0.743668
96	121	1.73251
96	123	0.758427
96	125	0.749138
96	127	0.749138
96	136	2.61478
96	153	0.689933
96	165	3.15386
96	167	0.748018
96	176	0.673099
96	177	0.743578
96	178	5.35095
97	2	0.708159
97	20	0.712098
97	35	0.751217
97	54	0.71767
97	73	0.754887
97	76	0.758774
97	82	0.746137
97	96	0.728628
97	115	0.780986
97	118	0.743
97	123	0.757759
97	125	0.74847
97	127	0.74847
97	134	0.691778
97	150	5.50471
97	151	1.50611
97	153	0.689265
97	154	2.54713
97	162	3.31938
97	167	0.74735
97	176	0.672432
97	177	0.742911
98	65	2.59714
98	131	2.31573
98	135	1.89426
98	138	0.691866
98	139	0.70922
98	150	0.683817
98	152	0.700197
98	156	0.715605
98	157	0.718678
98	159	0.734211
98	160	0.693763
98	163	0.675024
98	166	0.730471
98	168	0.671974
98	170	0.720537
98	172	0.721814
98	173	0.680166
98	174	0.682555
98	175	0.686705
98	176	0.669172
98	179	0.654094
98	180	0.660166
99	8	0.69099
99	34	0.705004
99	39	0.736055
99	40	0.811965
99	63	0.775921
99	65	0.752567
99	74	0.794728
99	75	0.808042
99	84	0.787339
99	89	0.838926
99	111	0.733861
99	128	0.782321
99	131	0.794621
99	143	0.783799
99	145	0.793006
99	149	2.31629
99	155	0.71339
99	161	4.26405
99	167	0.793029
99	169	2.55635
99	172	0.770751
99	173	3.27988
99	178	0.709641
100	38	0.731504
100	48	0.766113
100	52	0.760812
100	58	0.757389
100	62	0.812096
100	78	0.800067
100	88	2.42695
100	91	0.775693
100	104	0.800169
100	110	0.793494
100	114	0.774829
100	135	0.799166
100	137	0.768155
100	141	0.781561
100	142	0.780652
100	150	3.69437
100	158	0.694432
100	162	1.50905
100	163	2.63142
100	176	0.713955
100	177	0.784434
100	178	0.705486
100	179	3.03054
101	29	0.637744
101	33	0.778179
101	60	0.758818
101	64	0.744977
101	68	0.785743
101	69	0.787225
101	70	0.785607
101	71	0.785078
101	80	0.794575
101	94	0.767226
101	109	0.775125
101	111	0.721233
101	113	0.78634
101	119	0.756715
101	122	0.783653
101	124	0.748217
101	149	2.40147
101	153	0.722316
101	154	2.34178
101	155	0.700762
101	167	0.780401
101	172	1.60419
101	175	2.80892
101	180	5.43937
102	13	0.70453
102	29	0.583442
102	75	2.45651
102	84	3.52715
102	103	0.693024
102	118	0.721749
102	123	0.736508
102	125	0.727219
102	127	0.727219
102	129	2.65916
102	135	0.736391
102	137	0.70538
102	141	0.718786
102	142	0.717877
102	162	0.694463
102	163	0.657032
102	164	0.656751
102	171	0.635229
102	173	0.662174
102	174	0.664563
102	176	0.65118
102	177	0.721659
102	178	0.642711
102	180	0.642174
103	102	0.693024
103	113	2.28058
103	137	2.25673
103	143	2.13956
103	147	0.705829
103	148	0.64802
103	149	0.683975
103	150	0.673392
103	151	0.733652
103	154	0.692306
103	157	0.708254
103	159	0.723786
103	161	0.667617
103	162	0.702031
103	164	0.664319
103	165	0.68613
103	166	0.720046
103	168	0.66155
103	169	0.690707
103	170	0.710113
103	173	0.669742
103	174	0.672131
103	179	0.643669
103	180	0.649742
104	48	0.755275
104	58	0.746551
104	59	0.81147
104	62	0.801258
104	66	0.808499
104	83	0.771896
104	92	1.83866
104	100	0.800169
104	110	0.782655
104	114	0.76399
104	132	0.691178
104	135	0.788328
104	137	0.757317
104	139	2.42208
104	140	1.92681
104	141	0.770722
104	142	0.769814
104	144	0.725942
104	155	4.35209
104	158	0.683593
104	162	3.10343
104	176	0.703117
104	177	0.773596
104	178	0.694647
105	51	2.72569
105	68	1.36697
105	83	2.3869
105	92	0.76498
105	126	0.808308
105	138	0.726579
105	148	0.693157
105	157	0.753391
105	160	0.728475
105	161	0.712754
105	162	0.747168
105	163	0.709736
105	165	0.731267
105	167	1.74743
105	168	0.706687
105	169	0.735844
105	171	0.687934
105	172	0.756526
105	173	0.714879
105	174	0.717268
105	175	0.721418
105	179	0.688806
105	180	0.694879
106	88	0.741545
106	116	0.804974
106	129	1.63209
106	130	0.790391
106	133	0.771085
106	145	1.46393
106	153	0.696977
106	154	0.713702
106	157	0.72965
106	159	0.745183
106	161	0.689013
106	162	0.723427
106	165	0.707527
106	166	0.741443
106	167	1.45887
106	168	0.682946
106	169	0.712104
106	170	0.731509
106	173	0.691138
106	174	0.693527
106	175	0.697677
106	177	1.17456
106	179	0.665066
106	180	0.671138
107	38	3.578
107	43	0.753378
107	56	0.735467
107	57	0.786204
107	67	0.781631
107	73	2.05788
107	95	0.727457
107	109	0.371832
107	111	0.69161
107	125	1.54928
107	131	0.75237
107	134	0.695206
107	144	0.698685
107	145	0.750756
107	146	0.74145
107	165	0.703242
107	167	0.750778
107	169	0.707819
107	174	0.689243
107	175	0.693392
107	177	0.746339
107	178	0.66739
107	179	0.660781
107	180	0.666854
108	4	0.727111
108	33	0.764838
108	44	0.762966
108	46	0.749385
108	52	0.738998
108	60	0.745477
108	61	0.736176
108	64	0.731636
108	68	0.772402
108	69	0.773884
108	70	0.772265
108	71	0.771737
108	80	0.781234
108	94	0.753885
108	113	0.772999
108	119	0.743374
108	120	1.91006
108	122	0.770312
108	124	0.734876
108	146	2.16645
108	153	0.708975
108	155	0.687421
108	165	3.29699
108	172	2.2342
108	179	5.26554
109	4	0.721516
109	14	0.827103
109	29	0.618808
109	33	0.759243
109	44	0.757371
109	46	0.74379
109	60	0.739882
109	63	0.794354
109	64	0.726041
109	68	0.766807
109	70	0.76667
109	71	0.766142
109	80	0.775638
109	94	0.74829
109	101	0.775125
109	107	0.371832
109	113	0.767404
109	119	0.737779
109	122	0.764716
109	155	0.681826
109	167	0.761465
109	171	5.29078
109	172	1.12989
109	173	2.89075
109	178	4.38976
110	38	0.713991
110	47	0.75574
110	59	0.804795
110	62	0.794583
110	78	0.782554
110	83	0.765222
110	91	0.75818
110	100	0.793494
110	104	0.782655
110	114	0.757316
110	132	0.684503
110	135	0.781653
110	137	0.750642
110	141	0.764047
110	142	0.763139
110	144	0.719267
110	148	5.69996
110	158	0.676918
110	163	2.998
110	170	0.965871
110	172	1.2666
110	176	0.696442
110	177	0.766921
110	178	0.687972
110	180	4.20096
111	44	0.703479
111	59	3.31492
111	64	0.672148
111	71	0.71225
111	74	0.709271
111	80	0.721746
111	82	1.78165
111	87	0.697404
111	89	0.75347
111	99	0.733861
111	101	0.721233
111	107	0.69161
111	119	0.683886
111	129	0.714798
111	141	3.89476
111	145	0.70755
111	155	0.627933
111	164	0.638225
111	165	0.660036
111	167	0.707572
111	168	0.635456
111	171	0.616703
111	175	0.650187
111	179	0.617575
111	180	0.623648
112	18	3.52987
112	120	0.769994
112	143	1.36418
112	145	1.49793
112	148	0.671173
112	151	0.756805
112	152	0.712926
112	154	0.715459
112	156	0.728333
112	157	0.731407
112	160	0.706491
112	161	0.69077
112	162	0.725184
112	163	0.687752
112	164	0.687472
112	165	0.709283
112	167	1.49287
112	168	0.684703
112	169	0.71386
112	170	0.733266
112	171	0.66595
112	173	0.692895
112	174	0.695284
112	175	0.699434
112	176	0.681901
112	179	0.666822
112	180	0.672895
113	14	0.838318
113	32	0.785972
113	33	0.770458
113	44	0.768586
113	46	0.755005
113	52	0.744618
113	60	0.751097
113	61	0.741796
113	63	0.805569
113	68	0.778022
113	69	0.779504
113	70	0.777885
113	71	0.777357
113	80	0.786854
113	101	0.78634
113	103	2.28058
113	108	0.772999
113	109	0.767404
113	119	0.748994
113	122	0.775931
113	130	1.17742
113	144	1.8717
113	153	0.714595
113	166	2.51206
113	167	0.77268
113	168	4.60179
113	175	3.21639
114	25	0.7835
114	41	0.14924
114	47	0.737075
114	48	0.729935
114	51	0.794212
114	58	0.721211
114	66	0.78316
114	78	0.763889
114	83	0.746557
114	91	0.739515
114	100	0.774829
114	104	0.76399
114	110	0.757316
114	116	1.02545
114	132	0.665838
114	135	0.762988
114	137	0.731977
114	141	0.745383
114	142	0.744474
114	144	0.700602
114	155	4.72204
114	158	0.658254
114	175	3.16826
114	176	0.677777
114	177	0.748256
114	178	0.669308
114	180	5.79871
115	2	0.761186
115	7	0.759367
115	14	0.345198
115	20	0.765124
115	31	0.739202
115	35	0.804243
115	54	0.770696
115	73	0.807913
115	76	0.8118
115	82	0.799163
115	96	0.781654
115	97	0.780986
115	118	0.796027
115	123	0.810786
115	125	0.801497
115	127	0.801497
115	134	0.744804
115	153	0.742291
115	155	2.85884
115	158	5.46022
115	165	1.16312
115	167	0.800377
115	173	1.8612
115	176	0.725458
115	177	0.795937
115	180	3.93551
116	25	1.38237
116	73	1.87785
116	106	0.804974
116	114	1.02545
116	123	1.34305
116	133	0.832674
116	139	0.78178
116	142	1.17434
116	146	0.807323
116	148	0.731006
116	151	0.816637
116	152	0.772758
116	154	0.775291
116	159	0.806772
116	160	0.766323
116	161	0.750602
116	162	0.785016
116	163	0.747585
116	164	0.747304
116	165	0.769116
116	167	1.06125
116	168	0.744535
116	170	0.793098
116	173	0.752727
116	174	0.755116
116	179	0.726655
116	180	0.732727
117	12	3.4865
117	133	0.742221
117	135	2.42685
117	137	2.89453
117	139	0.691327
117	146	0.71687
117	148	0.640552
117	150	0.665924
117	154	0.684838
117	157	0.700786
117	158	0.631756
117	159	0.716319
117	161	0.660149
117	162	0.694563
117	163	0.657131
117	164	0.656851
117	165	0.678662
117	166	0.712579
117	168	0.654082
117	169	0.68324
117	170	0.702645
117	171	0.635329
117	173	0.662274
117	174	0.664663
117	175	0.668813
117	179	0.636201
117	180	0.642274
118	2	0.723199
118	7	0.721381
118	20	0.727138
118	31	0.701216
118	35	0.766257
118	54	0.73271
118	73	0.769927
118	76	0.773814
118	82	0.761177
118	96	0.743668
118	97	0.743
118	102	0.721749
118	115	0.796027
118	123	0.772799
118	125	0.763511
118	127	0.763511
118	132	5.70778
118	134	0.706818
118	136	1.78814
118	153	0.704305
118	159	1.11743
118	167	0.762391
118	168	3.85456
118	174	2.94241
118	176	0.687472
118	177	0.757951
119	4	0.703105
119	14	0.808693
119	28	0.661258
119	44	0.738961
119	46	0.72538
119	60	0.721472
119	61	0.712171
119	63	0.775944
119	68	0.748397
119	69	0.749879
119	70	0.74826
119	80	0.757228
119	94	0.72988
119	101	0.756715
119	108	0.743374
119	109	0.737779
119	111	0.683886
119	113	0.748994
119	121	1.91251
119	122	0.746306
119	124	0.710871
119	136	2.79478
119	153	0.684969
119	155	0.663416
119	157	2.2389
119	166	2.77148
119	167	0.743055
119	171	6.43197
120	9	1.62784
120	51	2.65344
120	108	1.91006
120	112	0.769994
120	121	0.793114
120	132	0.693057
120	152	0.736021
120	154	0.738554
120	157	0.754502
120	159	0.770035
120	160	0.729586
120	161	0.713865
120	162	0.748279
120	163	0.710848
120	164	0.710567
120	165	0.732379
120	166	0.766295
120	167	1.67519
120	168	0.707798
120	169	0.736956
120	170	0.756361
120	171	0.689045
120	173	0.71599
120	174	0.718379
120	175	0.722529
120	177	1.39087
120	179	0.689918
120	180	0.69599
121	2	3.56242
121	89	1.47186
121	94	2.5207
121	96	1.73251
121	119	1.91251
121	120	0.793114
121	146	0.770611
121	149	0.730248
121	150	0.719666
121	151	0.779925
121	152	0.736046
121	156	0.751453
121	160	0.729611
121	161	0.71389
121	162	0.748304
121	163	0.710873
121	164	0.710592
121	165	0.732404
121	168	0.707823
121	169	0.736981
121	170	0.756386
121	171	0.68907
121	172	0.757662
121	173	0.716015
121	174	0.718404
121	176	0.705021
121	179	0.689943
121	180	0.696015
122	4	0.730043
122	6	3.79646
122	28	0.688196
122	32	0.783284
122	33	0.76777
122	44	0.765899
122	52	0.741931
122	60	0.74841
122	61	0.739109
122	63	0.802882
122	64	0.734568
122	68	0.775334
122	69	0.776817
122	70	0.775198
122	71	0.774669
122	94	0.756818
122	101	0.783653
122	108	0.770312
122	109	0.764716
122	113	0.775931
122	119	0.746306
122	124	0.737808
122	126	1.09742
122	147	3.26977
122	155	0.690353
122	164	3.86484
122	167	0.769992
122	169	2.76221
122	172	1.72488
123	2	0.737959
123	7	0.73614
123	20	0.741897
123	31	0.715975
123	35	0.781016
123	52	0.749088
123	54	0.747469
123	63	1.53804
123	72	0.755735
123	73	0.784686
123	76	0.788573
123	82	0.775936
123	96	0.758427
123	97	0.757759
123	102	0.736508
123	115	0.810786
123	116	1.34305
123	118	0.772799
123	125	0.77827
123	127	0.77827
123	134	0.721577
123	144	2.14117
123	151	1.9777
123	153	0.719064
123	155	5.03964
123	167	0.77715
123	175	3.48586
123	176	0.702231
123	177	0.77271
124	1	3.95422
124	31	3.33985
124	32	0.747849
124	40	1.35189
124	44	0.730463
124	61	0.703673
124	62	0.757779
124	84	2.15404
124	101	0.748217
124	108	0.734876
124	119	0.710871
124	122	0.737808
124	133	0.750579
124	137	0.713838
124	141	0.727243
124	142	0.726335
124	151	0.734542
124	158	0.640114
124	165	0.687021
124	167	0.734557
124	169	0.691598
124	171	0.643687
124	174	0.673021
124	176	0.659638
124	178	0.651168
124	179	0.644559
124	180	0.650632
125	2	0.72867
125	7	0.726851
125	20	0.732608
125	30	0.804357
125	31	0.706686
125	35	0.771727
125	52	0.739799
125	54	0.73818
125	72	0.746446
125	73	0.775397
125	76	0.779285
125	82	0.766647
125	96	0.749138
125	97	0.74847
125	102	0.727219
125	107	1.54928
125	115	0.801497
125	118	0.763511
125	123	0.77827
125	127	0.768981
125	133	1.3328
125	134	0.712288
125	151	2.00391
125	153	0.709775
125	162	3.81718
125	163	4.93955
125	165	3.37012
125	167	0.767861
125	176	0.692942
125	177	0.763421
126	1	2.67523
126	13	2.2727
126	33	2.60128
126	58	1.7048
126	64	1.64857
126	105	0.808308
126	122	1.09742
126	138	0.74402
126	139	0.761374
126	146	0.786916
126	147	0.768408
126	156	0.767759
126	157	0.770833
126	159	0.786365
126	160	0.745917
126	161	0.730196
126	162	0.76461
126	163	0.727178
126	164	0.726897
126	165	0.748709
126	166	0.782625
126	168	0.724128
126	169	0.753286
126	170	0.772691
126	171	0.705375
126	173	0.732321
126	174	0.73471
126	175	0.738859
126	179	0.706248
126	180	0.712321
127	2	0.72867
127	7	0.726851
127	20	0.732608
127	28	4.1937
127	30	0.804357
127	31	0.706686
127	35	0.771727
127	52	0.739799
127	54	0.73818
127	63	0.680487
127	72	0.746446
127	73	0.775397
127	76	0.779284
127	82	0.766647
127	96	0.749138
127	97	0.74847
127	102	0.727219
127	115	0.801497
127	118	0.763511
127	123	0.77827
127	125	0.768981
127	134	0.712288
127	140	1.75681
127	149	2.22086
127	153	0.709775
127	167	0.767861
127	169	2.46091
127	176	0.692942
127	177	0.763421
127	178	4.68345
128	8	0.653994
128	11	0.80494
128	17	0.80723
128	21	0.714433
128	42	0.761364
128	45	0.74452
128	53	0.721796
128	55	0.736932
128	65	0.715571
128	79	0.770609
128	84	0.750343
128	85	0.741379
128	87	0.745864
128	89	0.80193
128	95	0.732712
128	99	0.782321
128	129	0.763259
128	131	0.757625
128	133	1.51254
128	143	0.746804
128	145	0.75601
128	146	2.41932
128	152	3.70809
128	155	0.676394
128	167	0.756033
128	170	2.18635
128	172	0.733756
128	174	4.16505
128	176	4.2071
128	177	0.751593
128	178	0.672645
129	8	0.671928
129	11	0.822874
129	19	0.730023
129	23	0.820709
129	39	0.716993
129	42	0.779298
129	45	0.762453
129	55	0.754866
129	65	0.733504
129	74	0.775666
129	75	0.788979
129	77	0.327685
129	79	0.788543
129	84	0.768277
129	85	0.759313
129	87	0.763798
129	93	0.810932
129	102	2.65916
129	106	1.63209
129	111	0.714798
129	128	0.763259
129	131	0.775559
129	143	0.764737
129	145	0.773944
129	146	2.10479
129	153	3.68914
129	155	0.694328
129	158	0.679525
129	167	0.773967
129	170	1.87182
129	172	0.751689
129	177	0.769527
129	178	0.690579
129	179	5.20388
130	18	3.20209
130	74	2.08142
130	80	1.53973
130	87	1.74123
130	106	0.790391
130	113	1.17742
130	136	0.775103
130	140	0.783246
130	143	1.0364
130	148	0.716423
130	151	0.802054
130	152	0.758175
130	154	0.760708
130	155	0.72243
130	156	0.773583
130	157	0.776656
130	159	0.792189
130	160	0.75174
130	161	0.73602
130	162	0.770433
130	163	0.733002
130	164	0.732721
130	165	0.754533
130	166	0.788449
130	169	0.75911
130	170	0.778515
130	171	0.711199
130	172	0.779792
130	173	0.738144
130	174	0.740533
130	175	0.744683
130	177	0.880774
130	179	0.712072
130	180	0.718144
131	8	0.666294
131	10	0.219348
131	11	0.81724
131	34	0.680308
131	42	0.773664
131	45	0.75682
131	53	0.734096
131	55	0.749232
131	65	0.727871
131	72	0.746918
131	74	0.770032
131	79	0.782909
131	84	0.762643
131	85	0.753679
131	87	0.758164
131	89	0.81423
131	95	0.745012
131	98	2.31573
131	99	0.794621
131	107	0.75237
131	128	0.757625
131	129	0.775559
131	143	0.759104
131	144	0.716239
131	145	0.76831
131	146	1.87385
131	158	0.673891
131	159	1.7946
131	167	0.768333
131	169	2.97893
131	171	6.10249
131	172	0.746056
131	176	3.66162
131	177	0.763893
131	178	0.684945
132	12	0.646226
132	18	0.645501
132	22	0.676432
132	27	0.630758
132	43	0.682483
132	49	0.732224
132	56	0.664572
132	57	0.715309
132	67	0.710736
132	82	3.01737
132	89	5.27485
132	104	0.691178
132	110	0.684503
132	114	0.665838
132	118	5.70778
132	120	0.693057
132	135	0.690176
132	137	0.659165
132	139	0.645012
132	141	0.67257
132	142	0.671662
132	146	0.670555
132	149	0.630192
132	152	0.63599
132	160	0.629555
132	161	0.613834
132	165	0.632347
132	170	0.65633
132	172	0.657606
132	173	0.615959
132	175	0.622498
132	177	0.675444
132	178	0.596495
132	179	0.589886
132	180	0.595959
133	22	0.779312
133	32	2.42096
133	37	0.766608
133	50	0.702346
133	61	2.73174
133	79	3.08595
133	90	0.765136
133	106	0.771085
133	116	0.832674
133	117	0.742221
133	124	0.750579
133	125	1.3328
133	128	1.51254
133	137	1.01327
133	146	0.773434
133	147	0.754926
133	148	0.697117
133	149	0.733072
133	153	0.724678
133	156	0.754277
133	159	0.772883
133	160	0.732434
133	161	0.716714
133	162	0.751127
133	163	0.713696
133	164	0.713415
133	165	0.735227
133	166	0.769143
133	169	0.739804
133	170	0.759209
133	171	0.691893
133	173	0.718838
133	174	0.721227
133	175	0.725377
