1	3	0.797793
1	11	0.731127
1	22	0.772557
1	35	0.749797
1	47	0.729709
1	54	0.728537
1	143	0.724994
1	158	0.669543
1	159	0.667909
1	164	3.15897
1	169	0.672946
1	171	4.62064
2	49	0.723107
2	108	0.698052
2	110	0.730606
2	118	0.743854
2	123	0.757917
2	128	0.716209
2	137	0.723898
2	140	0.721428
2	144	0.737505
2	150	1.40283
2	169	0.662235
2	180	6.44206
3	1	0.797793
3	22	0.861723
3	35	0.838963
3	47	0.818875
3	54	0.817704
3	113	3.61993
3	143	0.81416
3	154	2.30031
3	158	0.758709
3	159	0.757075
3	166	3.57544
3	169	0.762112
4	25	0.848019
4	30	0.755128
4	33	0.75542
4	34	0.828362
4	37	0.836479
4	46	0.831356
4	53	0.810591
4	63	0.79077
4	143	1.74068
4	166	2.80995
4	173	0.737921
4	179	4.84152
5	24	0.899565
5	25	0.894999
5	29	1.03882
5	30	0.802108
5	33	0.802399
5	34	0.875341
5	53	0.85757
5	63	0.837749
5	100	2.59057
5	130	2.01459
5	161	3.94405
5	173	0.784901
6	24	0.767441
6	25	0.762875
6	30	0.669985
6	33	0.670276
6	34	0.743218
6	37	0.751335
6	46	0.746212
6	53	0.725447
6	63	0.705626
6	95	3.21468
6	125	3.64169
6	173	0.652778
7	16	1.98875
7	82	0.74244
7	88	0.73842
7	89	0.73888
7	91	0.727291
7	105	0.751347
7	109	0.742292
7	111	0.702088
7	112	0.702142
7	114	0.74141
7	120	6.09176
7	180	0.628487
8	15	1.35856
8	19	0.681467
8	27	0.687392
8	36	0.694691
8	40	1.11558
8	41	0.651009
8	43	0.62202
8	103	0.652082
8	106	0.5712
8	150	0.620274
8	166	2.14091
8	176	6.38481
9	74	3.44795
9	113	0.68632
9	162	0.691912
9	166	0.679885
9	171	0.645665
9	172	0.63515
9	174	0.650207
9	175	0.622373
9	176	0.629865
9	177	0.660778
9	178	0.65163
9	179	0.63686
10	26	0.779425
10	108	0.798253
10	114	0.236558
10	118	0.844055
10	128	0.81641
10	137	0.824099
10	140	0.821629
10	144	0.837706
10	157	4.57478
10	165	0.728857
10	168	4.47903
10	169	0.762436
11	1	0.731127
11	22	0.795056
11	35	0.772296
11	47	0.752208
11	54	0.751037
11	143	0.747493
11	149	5.11202
11	158	0.692042
11	159	0.690408
11	169	0.695445
11	178	2.97304
12	62	0.725044
12	72	0.772584
12	79	0.745277
12	80	0.745277
12	86	0.738793
12	90	0.737048
12	92	0.728118
12	134	0.732339
12	164	3.15013
12	173	0.649046
12	174	4.73318
12	180	0.625819
13	31	0.579284
13	38	0.722579
13	39	0.714754
13	61	1.18668
13	64	0.681406
13	65	2.45475
13	67	0.624224
13	70	0.676269
13	78	0.721017
13	131	0.670341
13	143	0.668815
13	151	4.31561
14	92	1.47029
14	118	0.70823
14	129	0.74672
14	166	0.750415
14	170	0.713633
14	171	0.716195
14	174	0.720737
14	175	0.692903
14	176	0.700395
14	177	0.731309
14	178	0.72216
14	179	0.707391
15	8	1.35856
15	19	0.685604
15	27	0.691529
15	36	0.698828
15	40	1.11971
15	41	0.655146
15	43	0.626157
15	150	0.624411
15	170	4.17117
15	178	3.1461
16	7	1.98875
16	62	1.61241
16	149	0.714276
16	166	0.742918
16	170	0.706136
16	171	0.708698
16	172	0.698183
16	174	0.71324
16	175	0.685406
16	176	0.692898
16	177	0.723811
16	178	0.714663
16	179	0.699893
17	40	1.17827
17	43	0.752957
17	94	1.70167
17	95	0.758763
17	101	0.788552
17	123	0.767262
17	137	0.733242
17	144	0.746849
17	150	0.751212
17	174	0.662575
17	176	0.642233
17	177	0.673146
17	178	0.663998
18	68	0.784059
18	82	0.811666
18	84	0.801281
18	103	1.56816
18	105	0.820573
18	109	0.811518
18	111	0.771314
18	112	0.771368
18	114	0.810637
18	159	0.736451
18	168	4.5615
18	174	4.10989
18	180	0.697713
19	8	0.681467
19	15	0.685604
19	27	0.924838
19	36	0.932137
19	40	0.555065
19	41	0.888455
19	43	0.859466
19	115	2.15104
19	120	5.10824
19	150	0.857721
19	177	1.34668
20	57	0.510283
20	58	0.398058
20	73	0.41223
20	75	0.519595
20	93	0.960765
20	94	0.958293
20	101	0.613143
20	102	0.943346
20	104	0.982627
20	107	0.987733
20	165	0.890084
20	171	7.16766
20	180	13.6662
21	45	0.800684
21	72	0.835383
21	74	0.762157
21	79	0.808076
21	80	0.808076
21	86	0.801592
21	90	0.799847
21	92	0.790917
21	131	1.9651
21	148	4.6657
21	162	2.99694
21	173	0.711845
21	180	0.688618
22	1	0.772557
22	3	0.861723
22	11	0.795056
22	35	0.813726
22	47	0.793638
22	54	0.792467
22	126	1.61754
22	143	0.788923
22	150	1.38819
22	157	6.07029
22	158	0.733472
22	159	0.731838
22	169	0.736875
23	49	0.789201
23	76	0.804539
23	118	0.809948
23	123	0.824011
23	128	0.782303
23	131	3.39014
23	137	0.789992
23	140	0.787521
23	143	3.02486
23	144	0.803599
23	151	2.64142
23	158	0.724926
23	165	0.69475
24	5	0.899565
24	6	0.767441
24	30	0.728039
24	33	0.728331
24	34	0.801273
24	37	0.80939
24	46	0.804267
24	53	0.783502
24	63	0.76368
24	119	5.39068
24	130	1.85329
24	162	3.46923
24	173	0.710832
25	4	0.848019
25	5	0.894999
25	6	0.762875
25	30	0.723473
25	33	0.723765
25	37	0.804824
25	46	0.799701
25	53	0.778936
25	63	0.759115
25	77	1.42588
25	161	3.22514
25	173	0.706266
25	177	3.84679
26	10	0.779425
26	49	0.715125
26	96	0.692488
26	110	0.722623
26	123	0.749935
26	128	0.708227
26	137	0.715916
26	140	0.713446
26	144	0.729523
26	156	2.66949
26	165	0.620674
26	169	0.654253
26	179	5.65327
27	8	0.687392
27	15	0.691529
27	19	0.924838
27	36	0.938062
27	40	0.560989
27	41	0.89438
27	43	0.865391
27	96	3.15959
27	125	2.07843
27	126	2.38537
27	150	0.863646
28	29	0.67643
28	31	0.707413
28	39	0.842883
28	61	0.578395
28	64	0.809535
28	67	0.752353
28	70	0.804398
28	78	0.849146
28	98	0.847369
28	133	1.39566
28	143	0.796944
28	146	4.76223
28	169	3.50038
29	5	1.03882
29	28	0.67643
29	46	0.641685
29	61	1.22716
29	63	0.809537
29	70	0.628299
29	73	0.692161
29	78	0.673047
29	85	0.624228
29	101	0.664226
29	129	3.81137
29	158	2.61027
29	173	0.756688
29	175	7.03472
30	4	0.755128
30	5	0.802108
30	6	0.669985
30	24	0.728039
30	25	0.723473
30	33	0.630874
30	34	0.703816
30	37	0.711933
30	46	0.70681
30	53	0.686045
30	63	0.666224
30	95	1.56499
30	168	6.65595
30	173	0.613376
31	13	0.579284
31	28	0.707413
31	38	0.705593
31	39	0.697768
31	61	1.16969
31	64	0.66442
31	67	0.607238
31	70	0.659282
31	78	0.704031
31	116	0.630644
31	131	0.653354
31	143	0.651829
31	158	5.61331
31	164	3.71318
32	66	0.761604
32	108	0.748193
32	110	0.780746
32	118	0.793995
32	123	0.808058
32	128	0.76635
32	137	0.774039
32	138	3.16362
32	139	1.71449
32	140	0.771569
32	144	0.787646
32	158	0.708973
32	169	0.712376
32	177	4.31118
33	4	0.75542
33	5	0.802399
33	6	0.670276
33	24	0.728331
33	25	0.723765
33	30	0.630874
33	34	0.704107
33	37	0.712225
33	46	0.707102
33	53	0.686336
33	63	0.666515
33	125	3.06122
33	161	4.78826
33	173	0.613667
34	4	0.828362
34	5	0.875341
34	6	0.743218
34	24	0.801273
34	30	0.703816
34	33	0.704107
34	37	0.785167
34	46	0.780044
34	53	0.759278
34	63	0.739457
34	150	2.36936
34	159	3.07459
34	165	6.07725
34	173	0.686609
35	1	0.749797
35	3	0.838963
35	11	0.772296
35	22	0.813726
35	47	0.770878
35	54	0.769707
35	100	0.787552
35	139	2.53575
35	143	0.766163
35	150	2.86135
35	151	3.55491
35	158	0.710712
35	159	0.709078
35	169	0.714115
36	8	0.694691
36	15	0.698828
36	19	0.932137
36	27	0.938062
36	40	0.568289
36	41	0.901679
36	43	0.87269
36	95	1.23179
36	103	0.902752
36	106	0.82187
36	113	2.59681
36	122	1.99832
36	150	0.870945
36	172	5.87977
37	4	0.836479
37	6	0.751335
37	24	0.80939
37	25	0.804824
37	30	0.711933
37	33	0.712225
37	34	0.785167
37	46	0.788161
37	53	0.767396
37	63	0.747575
37	96	2.80446
37	142	4.78786
37	150	1.8009
37	173	0.694726
38	13	0.722579
38	31	0.705593
38	39	0.841062
38	61	0.576574
38	64	0.807715
38	67	0.750533
38	70	0.802577
38	78	0.847326
38	116	0.773938
38	127	2.77923
38	131	0.796649
38	143	0.795124
38	157	4.23005
38	158	3.99979
39	13	0.714754
39	28	0.842883
39	31	0.697768
39	38	0.841062
39	61	0.568749
39	64	0.79989
39	67	0.742707
39	70	0.794752
39	71	1.78771
39	78	0.839501
39	131	0.788824
39	143	0.787299
39	159	4.31051
39	160	4.33683
40	8	1.11558
40	15	1.11971
40	17	1.17827
40	19	0.555065
40	27	0.560989
40	36	0.568289
40	41	0.524606
40	43	0.563863
40	103	0.525679
40	106	1.17451
40	150	0.562117
40	153	5.49485
40	158	3.04208
40	176	6.23995
41	8	0.651009
41	15	0.655146
41	19	0.888455
41	27	0.89438
41	36	0.901679
41	40	0.524606
41	43	0.829008
41	77	1.28257
41	96	2.43595
41	103	0.85907
41	106	0.778188
41	150	0.827262
41	159	4.87647
42	45	0.719295
42	52	0.718461
42	62	0.706454
42	72	0.753994
42	74	0.680767
42	79	0.726687
42	80	0.726687
42	86	0.720203
42	90	0.718458
42	92	0.709528
42	133	2.02237
42	173	0.630456
42	179	6.52823
42	180	0.607229
43	8	0.62202
43	15	0.626157
43	17	0.752957
43	19	0.859466
43	27	0.865391
43	36	0.87269
43	40	0.563863
43	41	0.829008
43	100	1.45018
43	103	0.830081
43	106	0.749199
43	113	3.38326
43	150	0.798273
43	179	5.37034
44	104	3.9816
44	159	0.646272
44	162	0.684009
44	164	0.680851
44	166	0.671982
44	167	0.62336
44	168	0.647062
44	172	0.627247
44	174	0.642304
44	175	0.614469
44	176	0.621961
44	177	0.652875
44	178	0.643726
44	179	0.628957
45	21	0.800684
45	42	0.719295
45	52	0.773012
45	62	0.761004
45	74	0.735318
45	79	0.781238
45	80	0.781238
45	86	0.774754
45	90	0.773009
45	92	0.764078
45	106	1.71924
45	119	3.32558
45	173	0.685007
45	176	6.57972
45	180	0.661779
46	4	0.831356
46	6	0.746212
46	24	0.804267
46	25	0.799701
46	29	0.641685
46	30	0.70681
46	33	0.707102
46	34	0.780044
46	37	0.788161
46	53	0.762273
46	63	0.742451
46	103	1.44933
46	160	4.73767
46	169	4.30352
46	173	0.689603
47	1	0.729709
47	3	0.818875
47	11	0.752208
47	22	0.793638
47	35	0.770878
47	54	0.749619
47	77	2.16441
47	95	0.781211
47	100	0.767464
47	143	0.746075
47	158	0.690624
47	159	0.68899
47	165	5.94755
47	169	0.694027
47	171	3.5142
48	82	0.777269
48	84	0.766883
48	88	0.773248
48	91	0.762119
48	97	0.760543
48	105	0.786175
48	109	0.77712
48	111	0.736916
48	112	0.73697
48	114	0.776239
48	122	3.24314
48	159	0.702053
48	161	2.04077
48	178	5.27544
48	180	0.663315
49	2	0.723107
49	23	0.789201
49	26	0.715125
49	56	0.767964
49	108	0.733953
49	110	0.766506
49	118	0.779755
49	128	0.75211
49	133	2.57633
49	137	0.759799
49	140	0.757328
49	143	2.72181
49	144	0.773405
49	166	5.05062
49	169	0.698136
50	57	0.833936
50	73	0.81373
50	85	0.745797
50	93	0.727468
50	94	0.724995
50	98	0.792839
50	99	3.14275
50	101	0.785795
50	102	0.710048
50	104	0.74933
50	107	0.754436
50	124	0.628882
50	143	2.8408
50	150	0.769998
50	152	4.04004
51	68	0.746704
51	82	0.774311
51	88	0.770291
51	89	0.770751
51	91	0.759162
51	97	0.757586
51	109	0.774163
51	111	0.733959
51	112	0.734013
51	114	0.773281
51	134	0.766877
51	151	1.60008
51	160	4.37693
51	169	3.94278
51	180	0.660358
52	42	0.718461
52	45	0.773012
52	62	0.760171
52	72	0.807711
52	74	0.734485
52	79	0.780404
52	80	0.780404
52	90	0.772175
52	92	0.763245
52	103	1.73478
52	134	0.767465
52	150	2.54308
52	173	0.684173
52	177	4.81417
52	180	0.660946
53	4	0.810591
53	5	0.85757
53	6	0.725447
53	24	0.783502
53	25	0.778936
53	30	0.686045
53	33	0.686336
53	34	0.759278
53	37	0.767396
53	46	0.762273
53	63	0.721686
53	126	2.63245
53	139	2.0775
53	173	0.668838
53	177	4.6742
54	1	0.728537
54	3	0.817704
54	11	0.751037
54	22	0.792467
54	35	0.769707
54	47	0.749619
54	95	0.780039
54	100	0.766293
54	143	0.744904
54	146	2.74086
54	149	5.46587
54	157	3.12488
54	158	0.689453
54	159	0.687819
54	169	0.692856
55	85	0.0169849
55	109	1.38646
55	121	0.805002
55	123	0.141167
55	132	0.794585
55	166	0.775143
55	170	0.738361
55	171	0.740923
55	172	0.730408
55	174	0.745465
55	175	0.71763
55	176	0.725122
55	177	0.756036
55	178	0.746887
55	179	0.732118
56	49	0.767964
56	66	0.75632
56	98	1.60754
56	108	0.742909
56	110	0.775463
56	123	0.802774
56	128	0.761066
56	132	4.26827
56	137	0.768755
56	140	0.766285
56	144	0.782362
56	158	0.703689
56	164	4.40837
56	165	0.673513
56	169	0.707092
57	20	0.510283
57	50	0.833936
57	60	0.819487
57	75	0.873206
57	85	0.836265
57	93	0.817936
57	94	0.815463
57	101	0.876263
57	102	0.800516
57	107	0.844904
57	132	2.83666
57	150	0.860466
57	151	2.1931
57	165	0.747255
57	177	2.69615
57	178	5.30917
58	20	0.398058
58	60	0.766321
58	73	0.851031
58	85	0.783099
58	93	0.76477
58	94	0.762297
58	102	0.74735
58	104	0.786632
58	107	0.791737
58	113	0.754776
58	115	0.738628
58	138	2.13898
58	150	0.8073
58	162	3.48957
58	165	0.694089
58	174	5.15021
59	91	2.19897
59	118	1.62428
59	121	0.733684
59	142	0.712299
59	151	0.733641
59	156	0.71948
59	164	0.712693
59	170	0.667042
59	171	0.669604
59	172	0.659089
59	174	0.674146
59	175	0.646311
59	176	0.653804
59	177	0.684717
59	178	0.675569
59	179	0.660799
60	57	0.819487
60	58	0.766321
60	73	0.79928
60	75	0.768288
60	85	0.731347
60	93	0.713019
60	94	0.710546
60	101	0.771345
60	104	0.734881
60	107	0.739986
60	115	0.686877
60	121	3.88866
60	130	1.95482
60	150	0.755549
60	154	4.36552
60	165	0.642337
61	13	1.18668
61	28	0.578395
61	29	1.22716
61	31	1.16969
61	38	0.576574
61	39	0.568749
61	64	0.535401
61	67	1.15189
61	70	0.530264
61	78	0.575012
61	116	0.501625
61	129	3.26327
61	131	0.524336
61	143	0.52281
61	175	6.48662
61	178	2.49446
62	12	0.725044
62	16	1.61241
62	42	0.706454
62	45	0.761004
62	52	0.760171
62	72	0.795704
62	74	0.722477
62	79	0.768397
62	80	0.768397
62	86	0.761913
62	90	0.760168
62	92	0.751237
62	147	3.56699
62	168	4.26911
62	173	0.672166
62	180	0.648938
63	4	0.79077
63	5	0.837749
63	6	0.705626
63	24	0.76368
63	25	0.759115
63	29	0.809537
63	30	0.666224
63	33	0.666515
63	34	0.739457
63	37	0.747575
63	46	0.742451
63	53	0.721686
63	117	2.89248
63	147	3.57915
63	173	0.649017
63	178	4.57903
64	13	0.681406
64	28	0.809535
64	31	0.66442
64	38	0.807715
64	39	0.79989
64	61	0.535401
64	67	0.70936
64	70	0.761405
64	78	0.806153
64	98	0.804376
64	116	0.732766
64	121	1.89953
64	130	1.16032
64	131	0.755477
64	143	0.753951
64	176	7.89542
65	13	2.45475
65	70	1.21309
65	72	0.0383346
65	146	0.766733
65	157	0.74674
65	161	0.784934
65	167	0.720259
65	170	0.7321
65	171	0.734662
65	172	0.724147
65	174	0.739204
65	175	0.711369
65	176	0.718861
65	177	0.749775
65	178	0.740626
65	179	0.725857
66	32	0.761604
66	56	0.75632
66	76	0.762702
66	110	0.754863
66	118	0.768111
66	123	0.782174
66	124	0.625008
66	128	0.740466
66	134	0.749237
66	137	0.748155
66	138	3.12929
66	140	0.745685
66	144	0.761762
66	151	2.69932
66	165	0.652913
66	177	4.27686
67	13	0.624224
67	28	0.752353
67	31	0.607238
67	38	0.750533
67	39	0.742707
67	61	1.15189
67	64	0.70936
67	70	0.704222
67	78	0.748971
67	98	0.747193
67	116	0.675583
67	119	2.08374
67	131	0.698294
67	143	0.696769
67	145	3.67573
67	167	6.09777
68	18	0.784059
68	51	0.746704
68	84	0.739628
68	88	0.745993
68	89	0.746453
68	91	0.734864
68	97	0.733288
68	98	2.36447
68	105	0.75892
68	109	0.749865
68	111	0.709661
68	112	0.709715
68	114	0.748984
68	133	3.54511
68	154	4.74427
68	159	0.674798
68	180	0.63606
69	76	0.813438
69	106	0.767785
69	110	0.805598
69	113	0.764336
69	123	0.832909
69	128	0.791201
69	134	0.799972
69	137	0.79889
69	138	2.50783
69	140	0.79642
69	144	0.812497
69	153	4.95501
69	156	2.22322
69	158	0.733825
69	165	0.703648
69	169	0.737228
69	176	5.7001
70	13	0.676269
70	28	0.804398
70	29	0.628299
70	31	0.659282
70	38	0.802577
70	39	0.794752
70	61	0.530264
70	64	0.761405
70	65	1.21309
70	67	0.704222
70	78	0.801015
70	98	0.799238
70	116	0.727628
70	131	0.750339
70	141	3.66101
70	143	0.748814
70	162	4.85451
71	39	1.78771
71	91	1.00852
71	108	1.11029
71	135	0.795973
71	149	0.733742
71	156	0.778041
71	166	0.762384
71	168	0.737465
71	171	0.728165
71	172	0.71765
71	174	0.732707
71	175	0.704872
71	176	0.712364
71	177	0.743278
71	178	0.734129
71	179	0.71936
72	12	0.772584
72	21	0.835383
72	42	0.753994
72	52	0.807711
72	62	0.795704
72	65	0.0383346
72	74	0.770018
72	79	0.815937
72	80	0.815937
72	86	0.809453
72	90	0.807708
72	92	0.798778
72	135	2.04341
72	153	7.15014
72	154	2.37621
72	173	0.719706
72	180	0.696479
73	20	0.41223
73	29	0.692161
73	50	0.81373
73	58	0.851031
73	60	0.79928
73	75	0.852999
73	83	7.6
73	85	0.816058
73	93	0.79773
73	94	0.795257
73	101	0.856056
73	102	0.78031
73	104	0.819592
73	107	0.824697
73	131	1.75503
73	136	2.01422
73	139	2.16726
73	165	0.727048
74	9	3.44795
74	21	0.762157
74	42	0.680767
74	45	0.735318
74	52	0.734485
74	62	0.722477
74	72	0.770018
74	79	0.742711
74	80	0.742711
74	86	0.736227
74	90	0.734481
74	92	0.725551
74	116	0.69789
74	134	0.729772
74	150	1.97186
74	173	0.64648
74	178	5.72636
74	180	0.623252
75	20	0.519595
75	57	0.873206
75	60	0.768288
75	73	0.852999
75	85	0.785066
75	93	0.766737
75	94	0.764265
75	98	0.832108
75	101	0.825064
75	102	0.749318
75	104	0.7886
75	107	0.793705
75	122	1.9863
75	150	0.809267
75	163	1.92187
75	165	0.696056
75	170	5.04367
75	179	4.57186
76	23	0.804539
76	66	0.762702
76	69	0.813438
76	98	1.84441
76	100	0.786911
76	108	0.749291
76	110	0.781845
76	118	0.795093
76	127	2.67203
76	128	0.767448
76	134	0.776219
76	137	0.775137
76	140	0.772667
76	142	2.42772
76	144	0.788744
76	158	0.710071
76	167	7.85035
76	169	0.713474
77	25	1.42588
77	41	1.28257
77	47	2.16441
77	84	0.277525
77	122	0.810929
77	130	0.885274
77	153	0.757843
77	163	0.798061
77	168	0.766697
77	170	0.754835
77	171	0.757397
77	172	0.746882
77	174	0.761939
77	175	0.734105
77	176	0.741597
77	177	0.77251
77	178	0.763362
77	179	0.748593
78	13	0.721017
78	28	0.849146
78	29	0.673047
78	31	0.704031
78	38	0.847326
78	39	0.839501
78	61	0.575012
78	64	0.806153
78	67	0.748971
78	70	0.801015
78	98	0.843986
78	116	0.772376
78	129	5.32537
78	131	0.795087
78	143	0.793562
78	162	2.14656
78	164	2.22415
78	173	4.34653
79	12	0.745277
79	21	0.808076
79	42	0.726687
79	45	0.781238
79	52	0.780404
79	62	0.768397
79	72	0.815937
79	74	0.742711
79	86	0.782146
79	90	0.780401
79	92	0.771471
79	116	0.74381
79	130	1.77481
79	134	0.775692
79	136	2.74832
79	169	4.08311
79	171	5.06025
79	173	0.6924
79	180	0.669172
80	12	0.745277
80	21	0.808076
80	42	0.726687
80	45	0.781238
80	52	0.780404
80	62	0.768397
80	72	0.815937
80	74	0.742711
80	86	0.782146
80	90	0.780401
80	92	0.771471
80	116	0.74381
80	134	0.775692
80	135	3.53101
80	136	3.43459
80	139	1.40752
80	163	4.52051
80	173	0.6924
80	180	0.669172
81	110	3.09215
81	124	0.608857
81	134	1.86335
81	141	0.738466
81	145	0.672338
81	151	0.720832
81	152	0.692845
81	162	0.703042
81	163	0.697459
81	164	0.699884
81	165	0.636762
81	171	0.656795
81	172	0.64628
81	174	0.661337
81	175	0.633503
81	176	0.640995
81	177	0.671908
81	178	0.66276
81	179	0.647991
82	7	0.74244
82	18	0.811666
82	48	0.777269
82	51	0.774311
82	84	0.767235
82	88	0.7736
82	89	0.77406
82	91	0.762471
82	97	0.760896
82	105	0.786527
82	106	2.22063
82	109	0.777472
82	111	0.737268
82	112	0.737322
82	114	0.776591
82	132	3.33075
82	160	4.38954
82	163	3.70653
82	180	0.663667
83	73	7.6
83	86	0.682371
83	87	0.581109
83	90	0.680626
83	92	0.671695
83	118	0.694791
83	123	0.708854
83	128	0.667146
83	140	0.672364
83	144	0.688442
83	155	0.618616
83	168	0.608926
83	173	0.592624
83	175	0.576333
83	176	0.583825
83	177	0.614739
83	178	0.60559
83	179	0.590821
83	180	0.569396
84	18	0.801281
84	48	0.766883
84	68	0.739628
84	77	0.277525
84	82	0.767235
84	88	0.763214
84	89	0.763674
84	91	0.752085
84	96	0.735292
84	97	0.75051
84	105	0.776142
84	109	0.767087
84	111	0.726883
84	112	0.726936
84	114	0.766205
84	131	0.75063
84	149	5.82211
84	165	5.24574
84	166	2.20481
84	180	0.653281
85	29	0.624228
85	50	0.745797
85	55	0.0169849
85	57	0.836265
85	58	0.783099
85	60	0.731347
85	73	0.816058
85	75	0.785066
85	93	0.729797
85	94	0.727324
85	98	0.795167
85	101	0.788123
85	102	0.712377
85	104	0.751659
85	107	0.756764
85	150	0.772327
85	156	2.38844
85	161	1.58428
85	165	0.659115
85	175	8.81112
86	12	0.738793
86	21	0.801592
86	42	0.720203
86	45	0.774754
86	62	0.761913
86	72	0.809453
86	74	0.736227
86	79	0.782146
86	80	0.782146
86	83	0.682371
86	90	0.773917
86	92	0.764987
86	116	0.737326
86	134	0.769208
86	148	2.8256
86	155	4.11656
86	158	3.13456
86	165	5.12946
86	173	0.685915
86	180	0.662688
87	83	0.581109
87	124	0.543717
87	135	0.659464
87	145	0.607198
87	148	0.611828
87	149	0.597233
87	152	0.627705
87	154	0.636195
87	160	0.62024
87	166	0.625875
87	168	0.600955
87	170	0.589093
87	171	0.591655
87	172	0.58114
87	174	0.596197
87	175	0.568363
87	176	0.575855
87	177	0.606768
87	178	0.59762
87	179	0.58285
88	7	0.73842
88	48	0.773248
88	51	0.770291
88	68	0.745993
88	82	0.7736
88	84	0.763214
88	89	0.770039
88	91	0.75845
88	97	0.756875
88	105	0.782507
88	109	0.773452
88	111	0.733248
88	112	0.733301
88	114	0.77257
88	115	3.8692
88	141	2.07436
88	147	4.67799
88	159	0.698385
88	164	3.34545
88	180	0.659646
89	7	0.73888
89	51	0.770751
89	68	0.746453
89	82	0.77406
89	84	0.763674
89	88	0.770039
89	91	0.75891
89	97	0.757335
89	100	1.71884
89	105	0.782967
89	109	0.773912
89	111	0.733708
89	112	0.733761
89	114	0.77303
89	126	1.65223
89	131	0.757455
89	159	0.698845
89	173	6.09697
89	177	3.69398
89	180	0.660106
90	12	0.737048
90	21	0.799847
90	42	0.718458
90	45	0.773009
90	52	0.772175
90	62	0.760168
90	72	0.807708
90	74	0.734481
90	79	0.780401
90	80	0.780401
90	83	0.680626
90	86	0.773917
90	92	0.763242
90	106	2.73581
90	134	0.767462
90	141	2.71494
90	152	3.71056
90	166	4.84013
90	173	0.68417
90	180	0.660943
91	7	0.727291
91	48	0.762119
91	51	0.759162
91	59	2.19897
91	68	0.734864
91	71	1.00852
91	82	0.762471
91	84	0.752085
91	88	0.75845
91	89	0.75891
91	97	0.745746
91	105	0.771378
91	109	0.762323
91	111	0.722119
91	112	0.722172
91	114	0.761441
91	134	0.755037
91	136	2.7971
91	159	0.687256
91	174	5.23039
91	180	0.648517
92	12	0.728118
92	14	1.47029
92	21	0.790917
92	42	0.709528
92	45	0.764078
92	52	0.763245
92	62	0.751237
92	72	0.798778
92	74	0.725551
92	79	0.771471
92	80	0.771471
92	83	0.671695
92	86	0.764987
92	90	0.763242
92	116	0.72665
92	134	0.758532
92	152	3.55924
92	154	3.41368
92	163	4.07039
92	173	0.67524
92	180	0.652012
93	20	0.960765
93	50	0.727468
93	57	0.817936
93	58	0.76477
93	60	0.713019
93	73	0.79773
93	75	0.766737
93	85	0.729797
93	94	0.708995
93	101	0.769795
93	102	0.694048
93	104	0.73333
93	107	0.738436
93	115	0.685326
93	124	0.612882
93	150	0.753998
93	156	3.25179
93	161	2.44763
93	163	3.58557
93	165	0.640787
93	171	4.81157
94	17	1.70167
94	20	0.958293
94	50	0.724995
94	57	0.815463
94	58	0.762297
94	60	0.710546
94	73	0.795257
94	75	0.764265
94	85	0.727324
94	93	0.708995
94	95	0.759077
94	101	0.767322
94	102	0.691576
94	104	0.730857
94	107	0.735963
94	113	0.699002
94	124	0.610409
94	131	2.76768
94	152	3.60164
94	165	0.638314
94	169	4.36165
95	6	3.21468
95	17	0.758763
95	30	1.56499
95	36	1.23179
95	47	0.781211
95	54	0.780039
95	94	0.759077
95	101	0.819876
95	102	0.74413
95	104	0.783412
95	107	0.788517
95	137	0.686144
95	158	0.721045
95	159	0.719411
95	169	0.724448
95	172	0.700386
95	175	0.687609
95	176	0.695101
95	177	0.726014
95	178	0.716866
95	179	0.702096
96	26	0.692488
96	27	3.15959
96	37	2.80446
96	41	2.43595
96	84	0.735292
96	109	0.745529
96	111	0.705325
96	112	0.705379
96	115	0.686459
96	123	0.771181
96	137	0.737162
96	140	0.734692
96	142	0.704647
96	144	0.750769
96	162	0.7082
96	172	0.651438
96	176	0.646152
96	177	0.677066
96	178	0.667917
96	179	0.653148
96	180	0.631724
97	48	0.760543
97	51	0.757586
97	68	0.733288
97	82	0.760896
97	84	0.75051
97	88	0.756875
97	89	0.757335
97	91	0.745746
97	103	2.06059
97	105	0.769802
97	109	0.760747
97	111	0.720543
97	112	0.720597
97	114	0.759866
97	130	2.58888
97	131	0.744291
97	134	0.753462
97	139	2.54329
97	159	0.68568
97	177	5.13999
97	180	0.646942
98	28	0.847369
98	50	0.792839
98	56	1.60754
98	64	0.804376
98	67	0.747193
98	68	2.36447
98	70	0.799238
98	75	0.832108
98	76	1.84441
98	78	0.843986
98	85	0.795167
98	101	0.835165
98	102	0.759419
98	104	0.798701
98	111	1.09793
98	118	0.271822
98	170	0.723628
98	174	0.730732
98	176	0.71039
98	177	0.741303
98	178	0.732155
98	179	0.717385
99	50	3.14275
99	112	1.02122
99	119	0.729139
99	134	1.67057
99	148	0.701044
99	151	0.744907
99	155	0.699861
99	157	0.69295
99	161	0.731143
99	164	0.72396
99	166	0.715091
99	167	0.666469
99	168	0.690171
99	170	0.678309
99	171	0.680871
99	172	0.670356
99	174	0.685413
99	175	0.657578
99	176	0.66507
99	177	0.695984
99	178	0.686835
99	179	0.672066
100	5	2.59057
100	35	0.787552
100	43	1.45018
100	47	0.767464
100	54	0.766293
100	76	0.786911
100	89	1.71884
100	108	0.746518
100	114	1.65839
100	128	0.764675
100	137	0.772364
100	140	0.769894
100	144	0.785971
100	158	0.707298
100	159	0.705664
100	169	0.710701
100	171	0.697155
100	172	0.68664
100	175	0.673862
100	176	0.681354
100	178	0.703119
100	179	0.68835
101	17	0.788552
101	20	0.613143
101	29	0.664226
101	50	0.785795
101	57	0.876263
101	60	0.771345
101	73	0.856056
101	75	0.825064
101	85	0.788123
101	93	0.769795
101	94	0.767322
101	95	0.819876
101	98	0.835165
101	102	0.752375
101	104	0.791657
101	107	0.796762
101	141	1.6929
101	150	0.812325
101	152	2.68852
101	165	0.699113
101	171	4.42567
101	178	5.2964
102	20	0.943346
102	50	0.710048
102	57	0.800516
102	58	0.74735
102	73	0.78031
102	75	0.749318
102	85	0.712377
102	93	0.694048
102	94	0.691576
102	95	0.74413
102	98	0.759419
102	101	0.752375
102	104	0.71591
102	107	0.721016
102	113	0.684055
102	115	0.667907
102	124	0.595462
102	135	2.25841
102	138	1.58405
102	145	6.44809
102	148	4.6034
102	150	0.736578
103	8	0.652082
103	18	1.56816
103	36	0.902752
103	40	0.525679
103	41	0.85907
103	43	0.830081
103	46	1.44933
103	52	1.73478
103	97	2.06059
103	105	1.325
103	118	0.830322
103	123	0.844385
103	137	0.810366
103	140	0.807896
103	144	0.823973
103	150	0.828335
103	165	0.715124
103	171	0.735157
103	175	0.711864
103	176	0.719356
103	177	0.75027
103	178	0.741121
103	179	0.726352
104	20	0.982627
104	44	3.9816
104	50	0.74933
104	58	0.786632
104	60	0.734881
104	73	0.819592
104	75	0.7886
104	85	0.751659
104	93	0.73333
104	94	0.730857
104	95	0.783412
104	98	0.798701
104	101	0.791657
104	102	0.71591
104	107	0.760298
104	113	0.723337
104	115	0.707189
104	150	0.77586
104	155	4.60616
104	163	1.9597
104	165	0.662649
104	166	2.57812
104	169	2.20856
105	7	0.751347
105	18	0.820573
105	48	0.786175
105	68	0.75892
105	82	0.786527
105	84	0.776142
105	88	0.782507
105	89	0.782967
105	91	0.771378
105	97	0.769802
105	103	1.325
105	109	0.786379
105	111	0.746175
105	112	0.746228
105	114	0.785497
105	126	2.36265
105	130	1.85329
105	131	0.769922
105	134	0.779093
105	150	2.13331
105	159	0.711312
105	174	6.26806
105	180	0.672574
106	8	0.5712
106	36	0.82187
106	40	1.17451
106	41	0.778188
106	43	0.749199
106	45	1.71924
106	69	0.767785
106	82	2.22063
106	90	2.73581
106	108	0.703639
106	110	0.736192
106	112	0.943762
106	137	0.729485
106	140	0.727014
106	144	0.743092
106	150	0.747454
106	168	0.663576
106	171	0.654275
106	172	0.64376
106	175	0.630983
106	177	0.669389
106	178	0.66024
106	179	0.645471
107	20	0.987733
107	50	0.754436
107	57	0.844904
107	58	0.791737
107	60	0.739986
107	73	0.824697
107	75	0.793705
107	85	0.756764
107	93	0.738436
107	94	0.735963
107	95	0.788517
107	101	0.796762
107	102	0.721016
107	104	0.760298
107	113	0.728442
107	115	0.712294
107	116	3.26165
107	121	2.1748
107	124	0.639849
107	125	1.61971
107	146	4.81907
107	155	5.95482
107	165	0.667754
108	2	0.698052
108	10	0.798253
108	32	0.748193
108	49	0.733953
108	56	0.742909
108	71	1.11029
108	76	0.749291
108	100	0.746518
108	106	0.703639
108	110	0.741451
108	115	0.684041
108	118	0.7547
108	123	0.768763
108	128	0.727055
108	137	0.734744
108	140	0.732274
108	143	2.27441
108	144	0.748351
108	156	3.65102
108	158	0.669678
108	165	0.639502
108	169	0.673081
108	179	6.63479
109	7	0.742292
109	18	0.811518
109	48	0.77712
109	51	0.774163
109	55	1.38646
109	68	0.749865
109	82	0.777472
109	84	0.767087
109	88	0.773452
109	89	0.773912
109	91	0.762323
109	96	0.745529
109	97	0.760747
109	105	0.786379
109	111	0.73712
109	112	0.737174
109	114	0.776443
109	115	4.37976
109	116	4.04498
109	134	0.770038
109	136	3.00577
109	141	2.58493
109	159	0.702257
109	180	0.663519
110	2	0.730606
110	26	0.722623
110	32	0.780746
110	49	0.766506
110	56	0.775463
110	66	0.754863
110	69	0.805598
110	76	0.781845
110	81	3.09215
110	106	0.736192
110	108	0.741451
110	118	0.787253
110	122	4.37224
110	123	0.801316
110	126	1.74977
110	128	0.759608
110	134	0.768379
110	137	0.767297
110	140	0.764827
110	143	2.59743
110	144	0.780904
110	158	0.702232
110	161	3.16987
110	165	0.672055
111	7	0.702088
111	18	0.771314
111	48	0.736916
111	51	0.733959
111	68	0.709661
111	82	0.737268
111	84	0.726883
111	88	0.733248
111	89	0.733708
111	91	0.722119
111	96	0.705325
111	97	0.720543
111	98	1.09793
111	105	0.746175
111	109	0.73712
111	112	0.69697
111	114	0.736239
111	127	3.25845
111	131	0.720663
111	134	0.729834
111	159	0.662053
111	172	6.76044
111	173	4.70126
111	180	0.623315
112	7	0.702142
112	18	0.771368
112	48	0.73697
112	51	0.734013
112	68	0.709715
112	82	0.737322
112	84	0.726936
112	88	0.733301
112	89	0.733761
112	91	0.722172
112	96	0.705379
112	97	0.720597
112	99	1.02122
112	105	0.746228
112	106	0.943762
112	109	0.737174
112	111	0.69697
112	114	0.736292
112	117	2.83984
112	131	0.720717
112	134	0.729888
112	159	0.662107
112	167	8.05187
112	180	0.623368
113	3	3.61993
113	9	0.68632
113	36	2.59681
113	43	3.38326
113	58	0.754776
113	69	0.764336
113	94	0.699002
113	102	0.684055
113	104	0.723337
113	107	0.728442
113	118	0.745991
113	124	0.602888
113	128	0.718346
113	140	0.723565
113	144	0.739642
113	165	0.630793
113	169	0.664372
113	171	0.650826
113	174	0.655368
113	175	0.627533
113	176	0.635025
113	177	0.665939
113	178	0.65679
113	179	0.642021
114	7	0.74141
114	10	0.236558
114	18	0.810637
114	48	0.776239
114	51	0.773281
114	68	0.748984
114	82	0.776591
114	84	0.766205
114	88	0.77257
114	89	0.77303
114	91	0.761441
114	97	0.759866
114	100	1.65839
114	105	0.785497
114	109	0.776443
114	111	0.736239
114	112	0.736292
114	131	0.759986
114	134	0.769157
114	142	4.3494
114	148	5.50531
114	156	3.81604
114	159	0.701376
114	180	0.662637
115	19	2.15104
115	58	0.738628
115	60	0.686877
115	88	3.8692
115	93	0.685326
115	96	0.686459
115	102	0.667907
115	104	0.707189
115	107	0.712294
115	108	0.684041
115	109	4.37976
115	118	0.729843
115	123	0.743906
115	128	0.702198
115	137	0.709887
115	140	0.707417
115	144	0.723494
115	147	0.661789
115	160	0.663262
115	165	0.614645
115	174	0.63922
115	175	0.611385
115	176	0.618877
115	177	0.649791
115	178	0.640642
115	179	0.625873
116	31	0.630644
116	38	0.773938
116	61	0.501625
116	64	0.732766
116	67	0.675583
116	70	0.727628
116	74	0.69789
116	78	0.772376
116	79	0.74381
116	80	0.74381
116	86	0.737326
116	92	0.72665
116	107	3.26165
116	109	4.04498
116	120	0.666861
116	144	1.42929
116	171	0.65458
116	172	0.644065
116	173	0.647579
116	174	0.659122
116	175	0.631288
116	176	0.63878
116	177	0.669693
116	178	0.660545
116	179	0.645775
116	180	0.624351
117	63	2.89248
117	112	2.83984
117	118	3.71851
117	122	0.701021
117	130	0.775366
117	133	0.742297
117	139	0.762528
117	147	0.674601
117	153	0.647936
117	155	0.66648
117	159	0.655999
117	160	0.676074
117	161	0.697762
117	162	0.693737
117	163	0.688154
117	164	0.690579
117	166	0.68171
117	167	0.633088
117	168	0.65679
117	171	0.64749
117	172	0.636975
117	174	0.652032
117	175	0.624197
117	176	0.631689
117	177	0.662603
117	178	0.653454
117	179	0.638685
118	2	0.743854
118	10	0.844055
118	14	0.70823
118	23	0.809948
118	32	0.793995
118	49	0.779755
118	59	1.62428
118	66	0.768111
118	76	0.795093
118	83	0.694791
118	98	0.271822
118	103	0.830322
118	108	0.7547
118	110	0.787253
118	113	0.745991
118	115	0.729843
118	117	3.71851
118	123	0.814565
118	124	0.657399
118	128	0.772857
118	133	1.45246
118	137	0.780546
118	140	0.778076
118	144	0.794153
118	158	0.71548
118	165	0.685304
118	169	0.718883
118	170	6.43013
119	24	5.39068
119	45	3.32558
119	67	2.08374
119	99	0.729139
119	125	0.744116
119	142	0.701134
119	146	0.69051
119	147	0.68555
119	149	0.664017
119	155	0.677429
119	157	0.670518
119	161	0.708711
119	163	0.699103
119	164	0.701528
119	166	0.692659
119	167	0.644037
119	168	0.667739
119	170	0.655877
119	171	0.658439
119	172	0.647924
119	174	0.662981
119	175	0.635146
119	176	0.642638
119	177	0.673552
119	178	0.664403
119	179	0.649634
119	180	0.62821
120	7	6.09176
120	19	5.10824
120	116	0.666861
120	129	0.652977
120	130	0.750328
120	133	0.717259
120	142	0.665147
120	148	0.642625
120	149	0.62803
120	154	0.666991
120	155	0.641442
120	157	0.634531
120	161	0.672724
120	162	0.668699
120	163	0.663116
120	164	0.665541
120	165	0.602419
120	166	0.656672
120	167	0.60805
120	168	0.631752
120	170	0.61989
120	171	0.622452
120	174	0.626994
120	175	0.599159
120	176	0.606651
120	177	0.637565
120	178	0.628416
120	179	0.613647
121	55	0.805002
121	59	0.733684
121	60	3.88866
121	64	1.89953
121	107	2.1748
121	123	1.71284
121	133	0.769058
121	145	0.689793
121	148	0.694423
121	151	0.738287
121	153	0.674696
121	154	0.71879
121	155	0.693241
121	156	0.724127
121	160	0.702835
121	162	0.720498
121	163	0.714914
121	164	0.717339
121	167	0.659849
121	170	0.671689
121	171	0.674251
121	172	0.663736
121	174	0.678793
121	175	0.650958
121	176	0.65845
121	177	0.689364
121	178	0.680215
121	179	0.665446
122	36	1.99832
122	48	3.24314
122	75	1.9863
122	77	0.810929
122	110	4.37224
122	117	0.701021
122	126	0.7761
122	130	0.791579
122	135	0.731511
122	142	0.706397
122	146	0.695774
122	151	0.727739
122	152	0.699753
122	153	0.664148
122	155	0.682693
122	156	0.713579
122	160	0.692287
122	161	0.713975
122	163	0.704366
122	167	0.6493
122	170	0.661141
122	171	0.663702
122	172	0.653188
122	174	0.668245
122	175	0.64041
122	176	0.647902
122	177	0.678816
122	178	0.669667
122	179	0.654898
123	2	0.757917
123	17	0.767262
123	23	0.824011
123	26	0.749935
123	32	0.808058
123	55	0.141167
123	56	0.802774
123	66	0.782174
123	69	0.832909
123	83	0.708854
123	96	0.771181
123	103	0.844385
123	108	0.768763
123	110	0.801316
123	115	0.743906
123	118	0.814565
123	121	1.71284
123	124	0.671462
123	127	3.29029
123	128	0.78692
123	134	0.79569
123	137	0.794609
123	140	0.792139
123	144	0.808216
123	158	0.729543
123	159	3.5031
123	162	2.53314
123	165	0.699367
123	169	0.732946
123	173	4.73311
123	174	4.19377
124	50	0.628882
124	66	0.625008
124	81	0.608857
124	87	0.543717
124	93	0.612882
124	94	0.610409
124	102	0.595462
124	107	0.639849
124	113	0.602888
124	118	0.657399
124	123	0.671462
124	128	0.629754
124	132	0.615895
124	133	0.65704
124	137	0.637443
124	140	0.634972
124	144	0.65105
124	150	0.655412
124	153	0.562679
124	160	0.590818
124	165	0.5422
124	168	0.571534
124	169	0.57578
124	170	0.559671
124	171	0.562233
124	172	0.551718
124	174	0.566776
124	176	0.546433
124	177	0.577347
124	178	0.568198
124	179	0.553429
125	6	3.64169
125	27	2.07843
125	33	3.06122
125	107	1.61971
125	119	0.744116
125	130	0.823724
125	134	0.214034
125	141	0.777519
125	146	0.72792
125	148	0.716021
125	151	0.759885
125	152	0.731898
125	153	0.696294
125	155	0.714838
125	156	0.745724
125	160	0.724433
125	162	0.742095
125	163	0.736512
125	166	0.730068
125	167	0.681446
125	168	0.705148
125	170	0.693286
125	171	0.695848
125	172	0.685333
125	174	0.70039
125	175	0.672556
125	176	0.680048
125	177	0.710961
125	178	0.701813
125	179	0.687043
126	22	1.61754
126	27	2.38537
126	53	2.63245
126	89	1.65223
126	105	2.36265
126	110	1.74977
126	122	0.7761
126	127	0.776601
126	136	0.786568
126	138	0.808504
126	139	0.837607
126	148	0.742742
126	149	0.728147
126	151	0.786606
126	152	0.758619
126	153	0.723015
126	154	0.767108
126	157	0.734648
126	166	0.756789
126	167	0.708167
126	169	0.736116
126	170	0.720007
126	171	0.722569
126	172	0.712054
126	173	0.715568
126	174	0.727111
126	175	0.699276
126	176	0.706768
126	177	0.737682
126	178	0.728533
126	179	0.713764
127	38	2.77923
127	76	2.67203
127	111	3.25845
127	123	3.29029
127	126	0.776601
127	129	0.694728
127	133	0.75901
127	141	0.745874
127	148	0.684376
127	151	0.728239
127	153	0.664649
127	154	0.708742
127	155	0.683193
127	156	0.714079
127	157	0.676282
127	161	0.714475
127	162	0.71045
127	163	0.704867
127	164	0.707292
127	166	0.698423
127	167	0.649801
127	168	0.673503
127	170	0.661641
127	171	0.664203
127	174	0.668745
127	175	0.64091
127	176	0.648402
127	177	0.679316
127	178	0.670167
127	179	0.655398
128	2	0.716209
128	10	0.81641
128	23	0.782303
128	26	0.708227
128	32	0.76635
128	49	0.75211
128	56	0.761066
128	66	0.740466
128	69	0.791201
128	76	0.767448
128	83	0.667146
128	100	0.764675
128	108	0.727055
128	110	0.759608
128	113	0.718346
128	115	0.702198
128	118	0.772857
128	123	0.78692
128	124	0.629754
128	134	0.753982
128	137	0.752901
128	140	0.750431
128	144	0.766508
128	146	2.47784
128	151	1.39558
128	158	0.687835
128	162	2.51005
128	165	0.657659
128	169	0.691238
128	172	4.91302
128	174	2.3145
128	180	8.69171
129	14	0.74672
129	29	3.81137
129	61	3.26327
129	78	5.32537
129	120	0.652977
129	127	0.694728
129	130	0.768572
129	142	0.683391
129	145	0.656239
129	148	0.660869
129	151	0.704733
129	152	0.676746
129	153	0.641142
129	155	0.659686
129	156	0.690572
129	161	0.690968
129	162	0.686943
129	163	0.68136
129	166	0.674916
129	167	0.626294
129	168	0.649996
129	170	0.638134
129	171	0.640696
129	172	0.630181
129	174	0.645238
129	175	0.617404
129	176	0.624896
129	177	0.655809
129	178	0.646661
129	179	0.631891
129	180	0.610467
130	5	2.01459
130	24	1.85329
130	60	1.95482
130	64	1.16032
130	77	0.885274
130	79	1.77481
130	97	2.58888
130	105	1.85329
130	117	0.775366
130	120	0.750328
130	122	0.791579
130	125	0.823724
130	129	0.768572
130	136	0.802046
130	145	0.75359
130	149	0.743625
130	153	0.738493
130	156	0.787923
130	157	0.750126
130	162	0.784294
130	163	0.778711
130	164	0.781136
130	167	0.723645
130	168	0.747348
130	170	0.735485
130	171	0.738047
130	172	0.727533
130	174	0.74259
130	175	0.714755
130	176	0.722247
130	177	0.753161
130	178	0.744012
130	179	0.729243
131	13	0.670341
131	21	1.9651
131	23	3.39014
131	31	0.653354
131	38	0.796649
131	39	0.788824
131	61	0.524336
131	64	0.755477
131	67	0.698294
131	70	0.750339
131	73	1.75503
131	78	0.795087
131	84	0.75063
131	89	0.757455
131	94	2.76768
131	97	0.744291
131	105	0.769922
131	111	0.720663
131	112	0.720717
131	114	0.759986
131	140	1.83352
131	147	0.704402
131	148	0.697464
131	155	0.696281
131	159	0.685801
131	167	0.662889
131	172	0.666776
131	174	0.681833
131	175	0.653998
131	177	0.692404
131	178	0.683255
131	179	0.668486
131	180	0.647062
132	55	0.794585
132	56	4.26827
132	57	2.83666
132	82	3.33075
132	124	0.615895
132	135	0.731641
132	141	0.745504
132	144	1.10023
132	145	0.679376
132	147	0.690944
132	149	0.669411
132	152	0.699883
132	153	0.664279
132	156	0.713709
132	157	0.675912
132	160	0.692417
132	161	0.714105
132	162	0.71008
132	163	0.704497
132	164	0.706922
132	166	0.698053
132	167	0.649431
132	170	0.661271
132	171	0.663833
132	172	0.653318
132	173	0.656832
132	174	0.668375
132	175	0.64054
132	176	0.648032
132	177	0.678946
132	178	0.669797
132	179	0.655028
132	180	0.633604
133	28	1.39566
133	42	2.02237
133	49	2.57633
133	68	3.54511
133	117	0.742297
133	118	1.45246
133	120	0.717259
133	121	0.769058
133	124	0.65704
133	127	0.75901
133	134	1.22315
133	135	0.772787
133	146	0.73705
133	147	0.732089
133	149	0.710556
133	150	0.798157
133	151	0.769015
133	152	0.741028
133	156	0.754854
133	160	0.733563
133	161	0.75525
133	163	0.745642
133	164	0.748067
133	166	0.739198
133	167	0.690576
133	168	0.714279
133	170	0.702416
133	172	0.694463
133	174	0.70952
133	175	0.681686
133	176	0.689178
133	177	0.720092
133	178	0.710943
133	179	0.696174
134	12	0.732339
134	51	0.766877
134	52	0.767465
134	66	0.749237
134	69	0.799972
134	74	0.729772
134	76	0.776219
134	79	0.775692
134	80	0.775692
134	81	1.86335
134	86	0.769208
134	90	0.767462
134	91	0.755037
134	92	0.758532
134	97	0.753462
134	99	1.67057
134	105	0.779093
134	109	0.770038
134	110	0.768379
134	111	0.729834
134	112	0.729888
134	114	0.769157
134	123	0.79569
134	125	0.214034
134	128	0.753982
134	133	1.22315
134	135	2.08951
134	137	0.761671
134	140	0.759201
134	144	0.775278
134	147	4.17587
134	172	7.02489
134	173	0.679461
134	180	0.656233
135	71	0.795973
135	72	2.04341
135	80	3.53101
135	87	0.659464
135	102	2.25841
135	122	0.731511
135	132	0.731641
135	133	0.772787
135	134	2.08951
135	140	2.18913
135	145	0.693522
135	148	0.698152
135	151	0.742016
135	154	0.722519
135	155	0.69697
135	156	0.727856
135	159	0.686489
135	161	0.728252
135	162	0.724227
135	163	0.718644
135	164	0.721068
135	166	0.712199
135	167	0.663578
135	168	0.68728
135	169	0.691526
135	170	0.675418
135	171	0.67798
135	172	0.667465
135	174	0.682522
135	175	0.654687
135	176	0.662179
135	177	0.693093
135	178	0.683944
135	179	0.669175
136	73	2.01422
136	79	2.74832
136	80	3.43459
136	91	2.7971
136	109	3.00577
136	126	0.786568
136	130	0.802046
136	138	0.760105
136	141	0.755841
136	143	0.739764
136	145	0.689713
136	147	0.701281
136	154	0.718709
136	156	0.724046
136	157	0.686249
136	159	0.682679
136	161	0.724442
136	162	0.720417
136	163	0.714834
136	164	0.717259
136	165	0.654137
136	166	0.70839
136	167	0.659768
136	168	0.68347
136	170	0.671608
136	171	0.67417
136	172	0.663655
136	173	0.667169
136	174	0.678712
136	175	0.650877
136	176	0.658369
136	177	0.689283
