1	13	0.937452
1	34	0.879763
1	46	0.867651
1	57	1.2196
1	87	0.877687
1	111	0.90825
1	122	0.908832
1	128	0.908424
1	149	1.17483
1	156	1.20068
1	164	0.911941
1	166	1.20787
2	21	0.809635
2	32	1.57028
2	51	0.820425
2	64	1.58221
2	71	0.765994
2	83	0.799969
2	111	0.797931
2	122	0.798514
2	128	0.798105
2	135	0.800397
2	166	1.65087
2	178	0.80903
3	121	1.62371
3	129	1.57275
3	136	0.809047
3	152	0.801477
3	155	0.79599
3	156	0.819503
3	169	0.802518
3	173	0.792644
3	174	1.60968
3	175	0.796428
3	176	0.796357
3	180	0.786035
4	69	0.876069
4	118	1.30922
4	125	1.20932
4	130	0.900329
4	138	1.12738
4	158	0.891414
4	165	1.16226
4	169	0.914484
4	175	0.908394
4	176	0.908324
4	177	0.902986
4	180	0.898001
5	10	1.42648
5	46	1.29512
5	99	0.924664
5	110	1.02479
5	127	0.905235
5	148	0.898512
5	158	0.883583
5	159	1.05898
5	173	0.896779
5	175	0.900563
5	176	0.900492
5	180	0.89017
6	7	0.925451
6	51	0.913664
6	53	0.901061
6	83	0.893208
6	101	0.900664
6	115	0.880972
6	125	1.24719
6	128	0.891344
6	135	0.893637
6	156	1.19993
6	166	1.20712
6	167	1.14763
7	6	0.925451
7	71	0.865923
7	72	1.37781
7	83	0.899898
7	121	0.897006
7	122	0.898442
7	123	1.18131
7	135	0.900326
7	159	0.903996
7	167	1.10114
7	174	1.14662
7	178	0.908958
8	12	1.47329
8	104	1.12377
8	105	0.938121
8	140	0.869757
8	162	0.890524
8	167	0.903585
8	168	0.898951
8	170	0.89892
8	172	0.903661
8	177	1.10413
8	179	0.89648
8	180	1.09288
9	26	1.21198
9	144	0.915635
9	145	0.905729
9	163	1.20159
9	164	1.20252
9	173	0.893282
9	174	1.19182
9	175	0.897066
9	176	0.896995
9	177	0.891657
9	178	0.912965
9	180	0.886672
10	5	1.42648
10	113	0.799534
10	118	0.773805
10	126	0.803656
10	138	0.817359
10	145	1.6456
10	149	0.810529
10	170	0.801318
10	171	0.790258
10	174	0.804663
10	175	1.72426
10	179	0.798878
11	109	1.61762
11	141	1.59304
11	153	0.779468
11	154	0.811723
11	157	0.795642
11	161	0.788265
11	168	0.807036
11	170	0.807005
11	171	0.795945
11	174	0.81035
11	178	1.58327
11	179	0.804565
12	8	1.47329
12	14	0.839031
12	29	1.58805
12	51	0.815428
12	63	0.792915
12	97	0.78383
12	115	0.782736
12	122	0.793517
12	128	0.793109
12	135	0.795401
12	173	1.73866
12	178	0.804033
13	1	0.937452
13	44	1.38268
13	53	0.902673
13	58	0.908537
13	87	0.862219
13	122	0.893364
13	128	0.892956
13	139	1.19922
13	151	1.13243
13	154	1.08778
13	159	0.898918
13	178	0.903881
14	12	0.839031
14	63	0.909655
14	97	0.90057
14	111	0.909675
14	121	0.908821
14	122	0.910258
14	128	0.909849
14	135	0.912141
14	139	1.24539
14	151	1.17861
14	175	1.17447
14	179	1.20351
15	65	1.69501
15	89	1.52562
15	105	0.838212
15	133	1.57227
15	142	0.795927
15	161	0.780271
15	165	0.795917
15	168	0.799042
15	171	0.787951
15	172	0.803753
15	174	0.802356
15	179	0.796571
16	56	0.813421
16	64	0.788574
16	78	0.748686
16	79	0.810127
16	91	0.797638
16	100	0.817885
16	140	1.63631
16	156	0.815142
16	164	0.80056
16	166	1.56068
16	176	1.60423
16	178	0.807967
17	77	1.19659
17	140	0.88056
17	157	0.898361
17	158	1.22598
17	161	0.890983
17	162	0.901327
17	168	0.909754
17	171	0.898663
17	174	0.913068
17	177	1.23655
17	178	1.13447
17	179	0.907284
18	46	0.741479
18	58	0.797832
18	63	0.782058
18	97	0.772973
18	111	0.782077
18	115	0.771879
18	135	0.784544
18	139	1.81089
18	159	0.788213
18	164	0.785769
18	167	1.67369
18	174	1.71917
18	178	0.793176
19	20	0.796147
19	27	1.24118
19	59	0.887504
19	76	0.830298
19	93	1.36547
19	95	0.877058
19	103	0.870132
19	116	0.86239
19	117	0.905808
19	119	1.28079
19	134	0.882838
19	166	0.887825
19	174	1.31951
20	19	0.796147
20	30	2.03872
20	38	0.865218
20	39	0.763102
20	116	0.739371
20	117	0.78279
20	118	1.68259
20	121	0.767499
20	134	0.75982
20	151	0.786758
20	159	0.77449
20	166	0.764806
20	167	1.48313
21	2	0.809635
21	87	0.84472
21	100	0.8963
21	111	0.875283
21	112	1.32407
21	132	1.3774
21	146	1.26587
21	167	0.881715
21	174	1.24159
21	175	0.870482
21	176	0.870411
21	177	0.865073
21	178	0.886382
22	65	0.846821
22	120	0.854852
22	142	1.31305
22	145	0.883139
22	155	0.874038
22	158	0.857495
22	159	1.33732
22	162	1.2717
22	172	1.28606
22	173	0.870692
22	175	0.874476
22	176	0.874405
22	180	0.864082
23	92	0.877914
23	93	1.3476
23	105	1.20042
23	130	0.863574
23	141	0.869353
23	150	1.29545
23	157	1.3659
23	158	0.85466
23	160	0.867524
23	173	0.867856
23	175	0.87164
23	177	0.866231
23	180	0.861247
24	101	0.791581
24	127	0.781958
24	129	1.71496
24	154	1.73218
24	155	0.776848
24	160	0.77317
24	165	1.75891
24	169	0.783376
24	173	0.773502
24	175	0.777286
24	176	0.777215
24	177	0.771877
24	178	0.793186
25	28	1.28047
25	34	0.845363
25	77	0.889501
25	83	0.875887
25	96	1.21568
25	103	0.852608
25	134	0.865315
25	150	1.32161
25	157	1.39205
25	159	0.879985
25	175	0.869048
25	177	0.863639
25	180	0.858655
26	9	1.21198
26	108	0.890087
26	126	0.873919
26	127	1.3278
26	134	1.33882
26	140	0.842417
26	161	0.85284
26	165	0.868486
26	166	0.866266
26	171	0.860521
26	172	0.876322
26	173	1.31677
26	179	0.869141
27	19	1.24118
27	40	1.34235
27	63	0.873697
27	87	0.843154
27	95	1.29615
27	115	0.863518
27	116	1.31719
27	154	0.880201
27	168	0.875514
27	176	0.868844
27	177	0.863506
27	179	0.873044
27	180	0.858522
28	25	1.28047
28	120	1.35158
28	131	0.880125
28	142	0.866568
28	147	0.86095
28	152	1.26364
28	155	1.29774
28	163	0.860658
28	165	0.866558
28	168	0.869684
28	170	0.869653
28	171	0.858593
28	179	0.867213
29	12	1.58805
29	120	1.27669
29	141	1.12658
29	149	0.87645
29	150	0.875094
29	163	0.858244
29	165	0.864144
29	168	0.86727
29	170	0.867239
29	171	0.856178
29	174	0.870583
29	176	1.20357
29	179	0.864799
30	20	2.03872
30	38	1.49928
30	53	0.789441
30	74	1.66187
30	83	0.781588
30	135	0.782017
30	159	0.785686
30	168	0.781348
30	172	0.786059
30	173	0.770965
30	176	0.774678
30	177	0.76934
30	179	0.778877
31	33	0.855953
31	53	1.25684
31	72	1.42358
31	141	0.867957
31	148	0.868193
31	161	1.33165
31	169	0.876334
31	173	0.86646
31	174	1.1924
31	175	0.870244
31	176	0.870173
31	177	0.864835
31	180	0.859851
32	2	1.57028
32	50	0.905591
32	56	1.17976
32	100	1.19024
32	116	0.838818
32	117	0.882237
32	128	1.25521
32	134	0.859267
32	171	0.858508
32	174	0.872913
32	176	0.862929
32	179	0.867128
32	180	0.852607
33	31	0.855953
33	113	1.41247
33	125	1.4143
33	130	0.831621
33	136	0.852305
33	160	0.83557
33	164	1.37092
33	169	0.845776
33	173	0.835903
33	175	0.839686
33	176	0.839616
33	177	0.834278
33	179	1.41006
33	180	0.829293
34	1	0.879763
34	25	0.845363
34	46	0.794494
34	77	0.850744
34	80	1.33485
34	97	0.825988
34	111	0.835093
34	119	0.849538
34	128	0.835267
34	135	0.837559
34	155	1.46457
34	174	1.38772
34	175	1.40852
34	178	0.846191
35	67	0.911106
35	76	0.886514
35	103	0.926348
35	116	0.918606
35	117	0.962024
35	119	1.03251
35	134	0.939055
35	139	0.936629
35	148	1.15186
35	151	0.965993
35	159	0.953725
35	161	1.21048
35	170	1.12203
35	172	1.08772
36	110	1.38912
36	126	1.38851
36	130	0.836516
36	140	1.44519
36	148	0.842531
36	152	0.849631
36	158	0.827602
36	160	0.840466
36	171	1.38518
36	173	0.840798
36	175	0.844582
36	176	0.844511
36	177	0.839173
36	180	0.834189
37	54	0.845145
37	56	0.854392
37	64	0.829545
37	74	0.849055
37	75	1.53266
37	78	0.789657
37	91	0.838609
37	94	1.37014
37	100	0.858856
37	119	1.32529
37	163	1.37378
37	164	0.841531
37	167	0.844271
37	178	0.848938
38	20	0.865218
38	30	1.49928
38	52	0.967876
38	67	0.92396
38	76	0.899369
38	95	0.946128
38	103	0.939202
38	116	0.93146
38	117	0.974879
38	134	0.951909
38	148	1.0698
38	167	0.943689
38	170	1.03996
38	176	1.04673
39	20	0.763102
39	59	0.854458
39	76	0.797253
39	95	0.844012
39	101	1.39788
39	110	0.865307
39	116	0.829344
39	117	0.872763
39	134	0.849793
39	139	0.847368
39	147	1.4605
39	156	0.876601
39	167	1.35007
39	169	1.39421
40	27	1.34235
40	59	0.840368
40	95	0.829922
40	103	0.822996
40	116	0.815254
40	117	0.858673
40	121	0.843382
40	134	0.835703
40	151	0.862642
40	159	0.850373
40	166	0.840689
40	167	1.3752
40	171	1.4503
40	172	1.43717
41	57	1.43084
41	62	1.40701
41	79	1.35264
41	90	0.807281
41	102	0.854584
41	155	0.842098
41	160	0.838419
41	164	1.41581
41	169	0.848626
41	173	0.838752
41	175	0.842536
41	177	0.837127
41	178	0.858435
41	180	0.832142
42	50	0.855014
42	64	1.45778
42	92	0.818697
42	124	1.51111
42	133	0.824188
42	152	0.817472
42	162	1.51457
42	164	1.52313
42	167	0.823656
42	169	0.818513
42	173	0.808639
42	175	0.812423
42	176	0.812352
42	177	0.807014
42	180	0.80203
43	53	1.21467
43	77	1.18314
43	103	0.886812
43	116	0.87907
43	122	1.19299
43	128	1.2038
43	134	0.899518
43	135	1.19872
43	154	0.914537
43	157	0.898457
43	172	0.914561
43	174	0.913164
43	176	0.903181
43	177	0.897843
43	180	0.892858
44	13	1.38268
44	133	0.828776
44	136	0.82963
44	145	0.825675
44	148	0.81496
44	149	1.52436
44	155	0.816574
44	160	0.812895
44	162	1.54554
44	163	1.55318
44	169	0.823101
44	173	0.813228
44	176	0.816941
44	177	0.811603
44	180	0.806618
45	63	1.51244
45	68	0.869366
45	104	0.814116
45	107	0.795056
45	110	1.52766
45	127	0.822021
45	130	0.809283
45	131	1.4689
45	155	0.816911
45	162	1.49623
45	169	0.823439
45	173	0.813565
45	175	0.817349
45	177	0.81194
45	180	0.806955
46	1	0.867651
46	5	1.29512
46	18	0.741479
46	34	0.794494
46	51	0.845474
46	63	0.822961
46	97	0.813876
46	115	0.812782
46	122	0.823563
46	128	0.823155
46	135	0.825447
46	146	1.59639
46	159	0.829117
46	166	1.58611
46	167	1.52663
47	54	1.41169
47	83	0.820724
47	102	1.49958
47	116	0.789703
47	117	0.833122
47	122	0.819268
47	134	0.810152
47	135	0.821152
47	141	1.5006
47	157	0.80909
47	172	0.825194
47	174	0.823798
47	178	0.829784
47	179	0.818013
47	180	1.58166
48	54	0.898829
48	64	0.883229
48	74	0.902739
48	79	0.904782
48	91	0.892293
48	100	0.91254
48	118	1.33636
48	119	1.14367
48	138	1.15452
48	141	1.16295
48	151	1.20732
48	156	0.909797
48	164	0.895215
48	167	0.897955
48	178	0.902622
49	86	0.939071
49	137	0.893328
49	144	0.915225
49	155	0.896218
49	159	1.24243
49	160	0.892539
49	162	1.17681
49	172	1.19117
49	173	0.892872
49	174	1.17468
49	175	0.896655
49	176	0.896585
49	177	0.891247
49	179	1.22452
49	180	0.886262
50	32	0.905591
50	42	0.855014
50	61	0.974722
50	108	1.14075
50	121	1.21252
50	155	0.89613
50	158	0.879587
50	164	1.20918
50	169	0.902658
50	170	1.24928
50	174	1.19849
50	176	0.896497
50	177	0.891159
50	178	0.912468
50	180	0.886174
51	2	0.820425
51	6	0.913664
51	12	0.815428
51	46	0.845474
51	58	0.901828
51	77	0.901724
51	87	0.85551
51	115	0.875874
51	122	0.886655
51	127	1.27368
51	128	0.886247
51	139	1.32598
51	151	1.25919
51	166	1.24826
51	176	1.29182
51	178	0.897171
52	38	0.967876
52	59	0.867143
52	64	1.22874
52	67	0.834529
52	95	0.856697
52	101	1.28573
52	103	0.849771
52	116	0.842029
52	117	0.885448
52	126	1.31634
52	134	0.862478
52	150	1.27722
52	151	0.889417
52	159	0.877148
52	166	0.867464
52	172	1.29989
53	6	0.901061
53	13	0.902673
53	30	0.789441
53	31	1.25684
53	43	1.21467
53	83	0.875507
53	97	0.864365
53	101	0.882964
53	111	0.87347
53	119	0.887915
53	121	0.872616
53	122	0.874052
53	135	0.875936
53	149	1.31361
53	167	1.28718
53	174	1.33266
54	37	0.845145
54	47	1.41169
54	48	0.898829
54	64	0.862591
54	76	1.47089
54	78	0.822702
54	79	0.884143
54	91	0.871655
54	100	0.891901
54	101	1.1622
54	156	0.889159
54	164	0.874576
54	167	0.877316
54	172	1.17636
54	175	1.18067
54	178	0.881983
55	66	1.31964
55	76	1.45052
55	87	1.25245
55	89	0.893535
55	121	1.15353
55	136	0.882595
55	140	1.22913
55	141	0.86769
55	144	0.888547
55	148	0.867926
55	158	0.852996
55	169	0.876067
55	173	0.866193
55	175	0.869977
55	176	0.869906
55	177	0.864568
56	16	0.813421
56	32	1.17976
56	37	0.854392
56	64	0.871837
56	74	0.891347
56	78	0.831949
56	79	0.89339
56	91	0.880901
56	100	0.901148
56	107	1.32614
56	139	1.33807
56	164	0.883823
56	167	0.886563
56	172	1.26284
56	178	0.89123
56	179	1.29618
57	1	1.2196
57	41	1.43084
57	61	1.09196
57	72	0.838776
57	108	0.894362
57	143	0.868611
57	149	0.885067
57	152	1.33668
57	157	0.864493
57	163	0.866861
57	165	0.872761
57	170	0.875856
57	172	0.880597
57	174	0.8792
57	175	1.31473
57	179	0.873416
58	13	0.908537
58	18	0.797832
58	51	0.901828
58	71	0.847397
58	83	0.881372
58	85	1.30091
58	97	0.870229
58	111	0.879334
58	115	0.869135
58	118	1.39382
58	128	0.879508
58	135	0.881801
58	151	1.26477
58	164	0.883026
58	166	1.25384
58	167	1.19436
59	19	0.887504
59	39	0.854458
59	40	0.840368
59	52	0.867143
59	67	0.823227
59	76	0.798636
59	103	0.838469
59	116	0.830727
59	117	0.874146
59	119	1.30484
59	134	0.851176
59	156	0.877984
59	158	1.40587
59	166	0.856162
59	167	1.29808
59	173	1.37196
59	177	1.41644
60	68	0.896632
60	81	0.870814
60	91	1.31494
60	102	0.856664
60	125	1.36193
60	141	0.842329
60	158	0.827635
60	160	0.840499
60	161	1.44711
60	167	0.855848
60	169	0.850705
60	172	1.32435
60	173	0.840831
60	175	0.844615
60	177	0.839206
60	179	1.35769
60	180	0.834222
61	50	0.974722
61	57	1.09196
61	69	0.899805
61	90	0.896875
61	94	0.934927
61	107	0.909838
61	126	1.09918
61	145	0.940794
61	153	1.22286
61	160	0.928014
61	161	1.20549
61	165	1.07325
61	169	0.93822
61	170	1.11703
61	173	0.928347
61	177	0.926722
61	180	0.921737
62	41	1.40701
62	87	1.38307
62	108	0.870689
62	112	0.84148
62	125	0.84781
62	132	0.822008
62	146	0.853833
62	152	1.31285
62	154	0.8569
62	155	1.34696
62	162	0.843786
62	165	0.849088
62	168	0.852213
62	172	0.856924
62	174	0.855527
62	177	1.34299
62	179	0.849743
63	12	0.792915
63	14	0.909655
63	18	0.782058
63	27	0.873697
63	45	1.51244
63	46	0.822961
63	87	0.832997
63	97	0.854455
63	121	0.862705
63	122	0.864142
63	128	0.863733
63	135	0.866026
63	139	1.37828
63	151	1.31149
63	154	1.26685
63	178	0.874658
63	179	1.33639
64	2	1.58221
64	16	0.788574
64	37	0.829545
64	42	1.45778
64	48	0.883229
64	52	1.22874
64	54	0.862591
64	56	0.871837
64	78	0.807103
64	79	0.868543
64	91	0.856055
64	100	0.876302
64	120	0.83086
64	139	1.30529
64	164	0.858976
64	166	1.22757
64	178	0.866384
65	15	1.69501
65	22	0.846821
65	98	0.854008
65	111	1.35715
65	114	1.40447
65	144	0.844892
65	148	0.824271
65	150	1.34647
65	155	0.825884
65	160	0.822205
65	167	0.837555
65	169	0.832412
65	173	0.822538
65	175	0.826322
65	176	0.826251
65	177	0.820913
65	179	1.40249
65	180	0.815929
66	55	1.31964
66	114	0.81455
66	115	1.50592
66	134	1.4988
66	143	0.826945
66	144	1.39287
66	146	0.83584
66	147	0.825487
66	150	0.842045
66	154	0.838907
66	159	0.838558
66	161	0.815449
66	168	0.83422
66	170	0.83419
66	171	0.823129
66	172	0.838931
66	173	1.47676
66	179	0.83175
67	35	0.911106
67	38	0.92396
67	52	0.834529
67	59	0.823227
67	75	1.53856
67	76	0.766022
67	95	0.812782
67	103	0.805856
67	107	1.4497
67	116	0.798113
67	117	0.841532
67	120	0.802672
67	134	0.818562
67	139	0.816137
67	142	1.41339
67	151	0.845501
67	157	1.43417
67	174	1.36991
68	45	0.869366
68	60	0.896632
68	92	0.912268
68	110	1.17917
68	127	0.910666
68	140	1.23525
68	141	0.903707
68	147	1.21057
68	157	1.20988
68	158	0.889013
68	160	0.901877
68	168	1.18184
68	169	0.912084
68	173	0.90221
68	175	0.905994
68	177	0.900585
68	179	1.19545
68	180	0.8956
69	4	0.876069
69	61	0.899805
69	84	0.824295
69	111	1.40841
69	115	1.46147
69	141	0.819365
69	142	1.4474
69	148	0.8196
69	152	0.8267
69	155	0.821213
69	158	0.804671
69	171	1.43353
69	175	0.821651
69	176	0.82158
69	177	0.816242
69	178	0.837551
69	179	1.45375
69	180	0.811258
70	97	1.28023
70	118	0.876017
70	129	0.895631
70	131	0.914002
70	136	1.13174
70	137	1.20192
70	142	0.900445
70	143	0.896285
70	149	0.912741
70	150	0.911385
70	152	1.19862
70	156	1.1627
70	161	0.884789
70	171	0.89247
70	172	0.908271
70	174	0.906874
70	176	1.21344
70	179	0.90109
71	2	0.765994
71	7	0.865923
71	58	0.847397
71	77	0.847294
71	83	0.83368
71	87	0.80108
71	101	0.841136
71	111	0.831642
71	115	0.821444
71	122	0.832225
71	135	0.834109
71	143	1.49522
71	145	1.37803
71	154	1.41619
71	164	0.835334
71	166	1.4499
71	171	1.46552
71	178	0.842741
72	7	1.37781
72	31	1.42358
72	57	0.838776
72	86	1.35666
72	123	0.831447
72	125	0.82566
72	126	0.832371
72	136	1.47525
72	143	0.822789
72	149	0.839245
72	150	0.837889
72	154	0.834751
72	161	0.811293
72	170	0.830034
72	172	0.834775
72	174	0.833378
72	179	0.827593
72	180	1.56103
73	88	1.38296
73	120	1.63788
73	142	0.816996
73	143	0.812836
73	146	0.821731
73	153	0.792543
73	157	0.808718
73	161	0.80134
73	162	0.811684
73	163	0.811086
73	165	0.816986
73	168	0.820112
73	169	1.50586
73	170	0.820081
73	172	0.824822
73	173	1.5356
73	174	0.823425
73	175	1.528
73	179	0.817641
74	30	1.66187
74	37	0.849055
74	48	0.902739
74	56	0.891347
74	78	0.826612
74	79	0.888053
74	91	0.875565
74	98	1.14172
74	100	0.895811
74	110	0.881774
74	120	0.85037
74	139	1.24349
74	151	1.1767
74	156	0.893069
74	164	0.878486
74	166	1.16577
74	167	0.881226
74	176	1.20932
74	178	0.885893
75	37	1.53266
75	67	1.53856
75	95	1.54314
75	111	0.818794
75	115	0.808595
75	116	1.56417
75	117	1.4196
75	128	0.818968
75	143	0.813317
75	153	0.793024
75	164	0.822485
75	165	0.817466
75	167	0.825226
75	174	0.823906
75	175	0.813993
75	176	0.813922
75	177	0.808584
75	179	0.818121
75	180	0.803599
76	19	0.830298
76	35	0.886514
76	38	0.899369
76	39	0.797253
76	54	1.47089
76	55	1.45052
76	59	0.798636
76	67	0.766022
76	95	0.78819
76	116	0.773522
76	117	0.81694
76	119	1.54052
76	134	0.793971
76	151	0.820909
76	156	0.820779
76	159	0.808641
76	163	1.58901
76	166	0.798957
76	178	1.55004
77	17	1.19659
77	25	0.889501
77	34	0.850744
77	43	1.18314
77	51	0.901724
77	71	0.847294
77	87	0.848668
77	111	0.879231
77	115	0.869032
77	119	0.893677
77	122	0.879813
77	124	1.29981
77	135	0.881697
77	141	1.2817
77	151	1.32606
77	159	0.885367
77	164	0.882922
77	166	1.31513
77	178	0.890329
78	16	0.748686
78	37	0.789657
78	54	0.822702
78	56	0.831949
78	64	0.807103
78	74	0.826612
78	79	0.828655
78	91	0.816167
78	100	0.836413
78	119	1.46131
78	120	0.790972
78	156	0.833671
78	158	1.56234
78	164	0.819088
78	166	1.51403
78	167	0.821829
78	172	1.51652
78	178	0.826495
78	179	1.54987
79	16	0.810127
79	41	1.35264
79	48	0.904782
79	54	0.884143
79	56	0.89339
79	64	0.868543
79	74	0.888053
79	78	0.828655
79	91	0.877607
79	100	0.897854
79	123	1.25043
79	156	0.895111
79	162	1.21787
79	164	0.880529
79	166	1.22974
79	167	0.883269
79	176	1.2733
79	178	0.887936
79	180	1.27737
80	34	1.33485
80	92	0.88009
80	94	0.876612
80	104	0.870583
80	112	1.29782
80	126	1.24829
80	142	1.25882
80	143	1.27466
80	144	0.892386
80	149	1.19629
80	151	0.897022
80	152	0.878865
80	156	0.896891
80	158	0.856835
80	160	0.8697
80	173	0.870032
80	175	0.873816
80	176	0.873745
80	180	0.863423
81	60	0.870814
81	112	1.33818
81	130	0.872109
81	131	1.23049
81	136	0.892794
81	137	0.876848
81	142	1.29918
81	145	0.888838
81	148	0.878124
81	149	1.23665
81	154	1.23598
81	158	0.863195
81	160	0.876059
81	172	1.27218
81	173	0.876391
81	175	0.880175
81	176	0.880104
81	177	0.874766
81	180	0.869782
82	99	0.878475
82	121	1.31508
82	124	1.29973
82	133	0.866138
82	136	0.866992
82	141	0.852087
82	143	1.36037
82	144	0.872944
82	145	0.863037
82	158	0.837393
82	159	1.3688
82	160	0.850257
82	169	0.860464
82	172	1.31754
82	173	0.85059
82	175	0.854374
82	176	0.854303
82	177	0.848965
82	179	1.35089
82	180	0.843981
83	2	0.799969
83	6	0.893208
83	7	0.899898
83	25	0.875887
83	30	0.781588
83	47	0.820724
83	53	0.875507
83	58	0.881372
83	71	0.83368
83	86	1.20338
83	115	0.855418
83	122	0.866199
83	125	1.40019
83	135	0.868083
83	151	1.37105
83	159	0.871753
83	162	1.34825
83	167	1.30064
83	168	1.38234
83	178	0.876715
84	69	0.824295
84	109	0.870983
84	137	0.853293
84	138	1.27249
84	145	0.865283
84	151	0.879826
84	152	0.861669
84	155	0.856183
84	160	0.852504
84	161	1.43961
84	162	1.30249
84	163	1.31013
84	168	1.33658
84	173	0.852836
84	175	0.85662
84	176	0.856549
84	177	0.851211
84	178	0.87252
84	179	1.3502
84	180	0.846227
85	58	1.30091
85	106	0.883047
85	112	0.850721
85	114	0.841784
85	128	1.38286
85	137	1.37532
85	144	1.2738
85	147	0.852721
85	149	0.870635
85	157	0.850061
85	161	0.842683
85	162	0.853027
85	165	0.858329
85	168	0.861454
85	170	0.861424
85	171	0.850363
85	173	1.35769
85	174	0.864768
85	178	1.30009
85	179	0.858984
86	49	0.939071
86	72	1.35666
86	83	1.20338
86	93	1.17144
86	98	0.924078
86	107	0.874099
86	109	0.910755
86	129	1.08855
86	130	0.888326
86	137	0.893064
86	157	1.18974
86	160	0.892276
86	161	1.26473
86	164	1.13618
86	166	0.897646
86	169	0.902482
86	173	0.892608
86	176	0.896321
86	177	0.890983
86	178	0.912292
86	180	0.885999
87	1	0.877687
87	13	0.862219
87	21	0.84472
87	27	0.843154
87	51	0.85551
87	55	1.25245
87	62	1.38307
87	63	0.832997
87	71	0.80108
87	77	0.848668
87	111	0.833016
87	115	0.822818
87	120	1.51185
87	122	0.833599
87	128	0.833191
87	135	0.835483
87	151	1.4061
87	159	0.839152
87	164	0.836708
87	168	1.41739
87	170	1.43196
88	73	1.38296
88	90	0.865411
88	113	1.19622
88	136	0.913285
88	137	0.897339
88	141	0.89838
88	143	1.20329
88	144	0.919236
88	145	0.909329
88	146	1.16826
88	150	1.13779
88	155	0.900229
88	160	0.89655
88	168	1.18019
88	173	0.896883
88	174	1.14397
88	175	0.900666
88	176	0.900596
88	177	0.895258
88	178	0.916566
88	180	0.890273
89	15	1.52562
89	55	0.893535
89	102	0.889584
89	110	1.21682
89	131	1.15806
89	133	0.8893
89	136	0.890154
89	140	1.2729
89	141	0.875249
89	142	1.22675
89	144	0.896105
89	147	1.24822
89	148	0.875484
89	149	1.16422
89	155	0.877098
89	158	0.860555
89	160	0.873419
89	169	0.883625
89	173	0.873751
89	175	0.877535
89	176	0.877464
89	180	0.867142
90	41	0.807281
90	61	0.896875
90	88	0.865411
90	96	1.35997
90	108	1.41433
90	130	0.810656
90	133	0.830486
90	136	0.83134
90	137	0.815394
90	140	1.56171
90	146	1.49636
90	152	0.82377
90	155	0.818284
90	158	0.801741
90	165	1.47909
90	169	0.824811
90	171	1.50169
90	173	0.814938
90	175	0.818722
90	176	0.818651
90	177	0.813313
90	180	0.808328
91	16	0.797638
91	37	0.838609
91	48	0.892293
91	54	0.871655
91	56	0.880901
91	60	1.31494
91	64	0.856055
91	74	0.875565
91	78	0.816167
91	79	0.877607
91	100	0.885366
91	101	1.27763
91	110	0.871329
91	120	0.839924
91	139	1.36702
91	142	1.31878
91	147	1.34025
91	151	1.30023
91	156	0.882623
91	164	0.86804
91	166	1.2893
91	167	0.870781
91	178	0.875448
92	23	0.877914
92	42	0.818697
92	68	0.912268
92	80	0.88009
92	98	0.887937
92	107	0.837958
92	110	1.30622
92	141	0.857964
92	142	1.31615
92	155	0.859813
92	157	1.33693
92	158	0.84327
92	159	1.34042
92	163	1.28244
92	168	1.30889
92	169	0.866341
92	170	1.32346
92	173	0.856467
92	175	0.860251
92	176	0.86018
92	177	0.854842
92	178	0.876151
92	180	0.849857
93	19	1.36547
93	23	1.3476
93	86	1.17144
93	96	0.90336
93	113	0.863904
93	114	0.846049
93	130	1.35877
93	140	0.836525
93	141	1.29474
93	142	0.862604
93	144	1.25869
93	147	0.856986
93	148	1.39481
93	157	0.854326
93	162	0.857292
93	164	0.867613
93	165	0.862594
93	168	0.86572
93	170	0.865689
93	171	0.854628
93	172	0.87043
93	174	0.869033
93	179	0.863249
94	37	1.37014
94	61	0.934927
94	80	0.876612
94	99	0.880874
94	107	0.83448
94	114	1.32616
94	125	1.32842
94	131	1.24915
94	137	0.853445
94	141	0.854486
94	144	0.875343
94	147	1.3393
94	152	0.861822
94	155	0.856335
94	158	0.839793
94	160	0.852657
94	167	0.868006
94	174	1.27434
94	175	0.856773
94	176	0.856702
94	177	0.851364
94	179	1.32418
94	180	0.84638
95	19	0.877058
95	27	1.29615
95	38	0.946128
95	39	0.844012
95	40	0.829922
95	52	0.856697
95	67	0.812782
95	75	1.54314
95	76	0.78819
95	101	1.37682
95	103	0.828023
95	116	0.820281
95	117	0.8637
95	120	0.824839
95	121	0.84841
95	134	0.84073
95	139	0.838305
95	141	1.35505
95	149	1.35544
95	151	0.867669
95	156	0.867538
95	166	0.845717
95	167	1.329
95	178	1.34528
96	25	1.21568
96	90	1.35997
96	93	0.90336
96	102	1.13566
96	109	1.16125
96	112	0.894083
96	114	0.885145
96	129	0.896886
96	142	0.9017
96	144	1.10062
96	149	0.913996
96	155	1.23296
96	156	1.16292
96	157	0.893422
96	161	0.886044
96	162	0.896388
96	163	0.89579
96	164	0.906709
96	165	0.90169
96	170	0.904785
96	172	0.909526
96	174	0.90813
96	179	0.902345
96	180	1.21774
97	12	0.78383
97	14	0.90057
97	18	0.772973
97	34	0.825988
97	46	0.813876
97	53	0.864365
97	58	0.870229
97	63	0.854455
97	70	1.28023
97	101	0.863968
97	111	0.854474
97	114	1.44438
97	115	0.844276
97	122	0.855057
97	128	0.854649
97	135	0.856941
97	136	1.36841
97	150	1.38638
97	154	1.37285
97	159	0.86061
97	164	0.858166
97	166	1.40656
97	167	1.34708
97	178	0.865573
98	65	0.854008
98	74	1.14172
98	86	0.924078
98	92	0.887937
98	105	1.15696
98	107	0.85937
98	123	1.29286
98	127	0.886335
98	136	0.894281
98	138	1.23031
98	140	1.34781
98	141	0.879376
98	146	1.28246
98	152	0.886711
98	155	0.881225
98	160	0.877546
98	163	1.26795
98	166	0.882916
98	168	1.29439
98	173	0.877879
98	175	0.881663
98	176	0.881592
98	177	0.876254
98	178	0.897562
98	180	0.871269
99	5	0.924664
99	82	0.878475
99	94	0.880874
99	113	1.25473
99	128	1.25606
99	136	0.890696
99	137	0.87475
99	141	0.875791
99	144	0.896648
99	145	0.886741
99	148	0.876027
99	150	1.1963
99	152	0.883126
99	155	0.87764
99	159	1.27023
99	160	0.873961
99	161	1.34173
99	165	1.2095
99	169	0.884168
99	171	1.2321
99	175	0.878078
99	176	0.878007
99	177	0.872669
99	179	1.25232
99	180	0.867684
100	16	0.817885
100	21	0.8963
100	32	1.19024
100	37	0.858856
100	48	0.91254
100	54	0.891901
100	56	0.901148
100	64	0.876302
100	74	0.895811
100	78	0.836413
100	79	0.897854
100	91	0.885366
100	101	1.25916
100	108	1.19908
100	110	0.891575
100	112	1.33931
100	119	1.2181
100	120	0.860171
100	131	1.23162
100	151	1.28176
100	156	0.90287
100	164	0.888287
100	167	0.891027
100	168	1.29304
100	178	0.895694
101	6	0.900664
101	24	0.791581
101	39	1.39788
101	52	1.28573
101	53	0.882964
101	54	1.1622
101	71	0.841136
101	91	1.27763
101	95	1.37682
101	97	0.863968
101	100	1.25916
101	103	1.31778
101	115	0.862874
101	128	0.873247
101	134	1.32099
101	152	0.87332
101	155	0.867834
101	156	0.891347
101	161	0.856099
101	168	0.874871
101	171	0.86378
101	172	0.879581
101	174	0.878184
101	175	0.868272
101	179	0.8724
101	180	0.857878
102	41	0.854584
102	47	1.49958
102	60	0.856664
102	89	0.889584
102	96	1.13566
102	104	0.862792
102	113	1.30001
102	127	0.870697
102	137	0.862697
102	141	0.863738
102	144	0.884595
102	145	0.874688
102	149	1.22871
102	152	0.871074
102	158	0.849045
102	159	1.31551
102	161	1.38701
102	167	0.877258
102	169	0.872115
102	173	0.862241
102	174	1.24776
102	175	0.866025
102	176	0.865954
102	177	0.860616
102	179	1.2976
102	180	0.855632
103	19	0.870132
103	25	0.852608
103	35	0.926348
103	38	0.939202
103	40	0.822996
103	43	0.886812
103	52	0.849771
103	59	0.838469
103	67	0.805856
103	95	0.828023
103	101	1.31778
103	110	0.849318
103	116	0.813355
103	117	0.856774
103	120	0.817913
103	134	0.833804
103	151	0.860743
103	153	1.47208
103	156	0.860612
103	159	0.848474
103	160	1.34169
103	166	0.838791
103	167	1.26997
103	170	1.36625
103	171	1.34507
103	174	1.31545
103	180	1.37708
104	8	1.12377
104	45	0.814116
104	80	0.870583
104	102	0.862792
104	105	1.25952
104	109	0.865107
104	121	1.37477
104	130	0.842678
104	133	0.862508
104	135	1.40924
104	136	0.863362
104	141	0.848457
104	145	0.859407
104	151	0.87395
104	152	0.855793
104	155	0.850306
104	158	0.833764
104	160	0.846628
104	161	1.49999
104	164	1.37143
104	169	0.856834
104	170	1.41153
104	173	0.84696
104	174	1.36073
104	175	0.850744
104	176	0.850673
104	177	0.845335
105	8	0.938121
105	15	0.838212
105	23	1.20042
105	98	1.15696
105	104	1.25952
105	109	1.17215
105	125	0.901941
105	133	1.12869
105	140	0.877151
105	142	0.903229
105	147	0.897611
105	148	1.24763
105	150	0.914169
105	154	0.911032
105	155	1.24385
105	161	0.887574
105	162	0.897917
105	163	0.89732
105	165	0.903219
105	168	0.906345
105	170	0.906314
105	171	0.895254
105	172	0.911055
105	174	0.909659
105	177	1.23988
105	178	1.1378
105	179	0.903874
106	85	0.883047
106	108	0.907243
106	112	0.878034
106	114	0.869097
106	118	0.861224
106	120	1.32888
106	125	0.884364
106	137	1.24423
106	138	0.904777
106	146	0.890387
106	147	0.880034
106	150	0.896592
106	153	0.861199
106	154	0.893455
106	155	1.27504
106	156	1.20501
106	162	0.88034
106	163	0.879742
106	165	0.885642
106	168	0.888768
106	171	0.877677
106	173	1.2266
106	174	0.892081
106	175	1.21899
106	176	1.25575
106	178	1.16899
106	179	0.886297
106	180	1.25982
107	45	0.795056
107	56	1.32614
107	61	0.909838
107	67	1.4497
107	86	0.874099
107	92	0.837958
107	94	0.83448
107	98	0.85937
107	109	0.846047
107	114	1.39983
107	127	0.836356
107	136	0.844302
107	137	0.828356
107	145	0.840347
107	152	0.836733
107	153	1.50464
107	162	1.35014
107	166	0.832937
107	168	1.38423
107	169	0.837774
107	170	1.3988
107	173	0.8279
107	175	0.831684
107	176	0.831613
107	177	0.826275
107	178	0.847584
107	179	1.39785
107	180	0.821291
108	26	0.890087
108	50	1.14075
108	57	0.894362
108	62	0.870689
108	90	1.41433
108	100	1.19908
108	106	0.907243
108	123	0.887033
108	129	0.87772
108	131	0.896092
108	138	0.90166
108	140	0.856456
108	147	0.876917
108	148	1.2911
108	157	0.874257
108	163	0.876625
108	165	0.882525
108	168	0.88565
108	169	1.20913
108	170	0.88562
108	171	0.874559
108	172	0.890361
108	173	1.23887
108	174	0.888964
108	175	1.23127
108	177	1.28335
108	178	1.18127
108	179	0.88318
109	11	1.61762
109	84	0.870983
109	86	0.910755
109	96	1.16125
109	104	0.865107
109	105	1.17215
109	107	0.846047
109	130	0.860274
109	131	1.24816
109	133	0.880104
109	137	0.865012
109	138	1.24549
109	141	0.866053
109	144	0.88691
109	145	0.877003
109	146	1.29765
109	148	0.866289
109	152	0.873389
109	154	1.25365
109	158	0.851359
109	159	1.34111
109	162	1.27549
109	169	0.87443
109	173	0.864556
109	175	0.86834
109	176	0.868269
109	177	0.862931
109	178	0.88424
109	180	0.857947
110	5	1.02479
110	36	1.38912
110	39	0.865307
110	45	1.52766
110	68	1.17917
110	74	0.881774
110	89	1.21682
110	91	0.871329
110	92	1.30622
110	100	0.891575
110	103	0.849318
110	116	0.841576
110	117	0.884994
110	134	0.862025
110	139	0.859599
110	142	0.869241
110	156	0.888833
110	160	1.32802
110	161	0.853585
110	163	0.863331
110	165	0.869231
110	166	0.867011
110	167	0.876991
110	169	1.30043
110	172	0.877067
110	174	0.87567
110	175	1.32257
110	178	0.881657
110	179	0.869886
111	1	0.90825
111	2	0.797931
111	14	0.909675
111	18	0.782077
111	21	0.875283
111	34	0.835093
111	53	0.87347
111	58	0.879334
111	65	1.35715
111	69	1.40841
111	71	0.831642
111	75	0.818794
111	77	0.879231
111	87	0.833016
111	97	0.854474
111	115	0.85338
111	121	0.862725
111	122	0.864162
111	125	1.32679
111	128	0.863753
111	135	0.866046
111	139	1.36443
111	151	1.29765
111	159	0.869715
111	164	0.86727
111	166	1.28671
111	175	1.29351
111	177	1.34559
111	178	0.874678
111	179	1.32255
112	21	1.32407
112	62	0.84148
112	80	1.29782
112	81	1.33818
112	85	0.850721
112	96	0.894083
112	100	1.33931
112	106	0.878034
112	123	0.857825
112	131	0.866883
112	132	0.826237
112	133	1.31239
112	136	1.32656
112	138	0.872451
112	141	1.33127
112	147	0.847708
112	149	0.865622
112	150	0.864266
112	154	0.861129
112	157	0.845048
112	162	0.848014
112	163	0.847416
112	168	0.856442
112	169	1.34936
112	170	0.856411
112	171	0.845351
112	172	0.861152
112	174	0.859755
112	175	1.3715
112	179	0.853971
113	10	0.799534
113	33	1.41247
113	88	1.19622
113	93	0.863904
113	99	1.25473
113	102	1.30001
113	123	0.866743
113	129	0.857429
113	131	0.875801
113	132	0.835154
113	140	0.836165
113	143	0.858084
113	146	0.866979
113	147	0.856626
113	150	0.873184
113	154	0.870046
113	156	1.32728
113	157	0.853966
113	158	1.38277
113	160	1.34671
113	161	0.846588
113	163	0.856334
113	165	0.862234
113	170	0.865329
113	171	0.854269
113	172	0.87007
113	174	0.868673
113	176	1.37802
113	177	1.39334
113	179	0.862889
114	65	1.40447
114	66	0.81455
114	85	0.841784
114	93	0.846049
114	94	1.32616
114	96	0.885145
114	97	1.44438
114	106	0.869097
114	107	1.39983
114	119	0.860152
114	122	1.3628
114	124	0.843749
114	126	0.849811
114	132	0.817299
114	134	1.37047
114	142	0.844388
114	143	0.840229
114	150	0.855329
114	155	1.39688
114	157	0.83611
114	160	1.34628
114	161	0.828733
114	162	0.839077
114	165	0.844378
114	167	0.852138
114	168	0.847504
114	171	0.836413
114	172	0.852215
114	174	0.850818
114	175	1.34083
114	179	0.845033
115	6	0.880972
115	12	0.782736
115	18	0.771879
115	27	0.863518
115	46	0.812782
115	51	0.875874
115	58	0.869135
115	66	1.50592
115	69	1.46147
115	71	0.821444
115	75	0.808595
115	77	0.869032
115	83	0.855418
115	87	0.822818
115	97	0.844276
115	101	0.862874
115	111	0.85338
115	119	0.867826
115	121	0.852526
115	122	0.853963
115	123	1.36046
115	126	1.35872
115	128	0.853555
115	135	0.855847
115	151	1.35071
115	158	1.38808
115	164	0.857072
115	166	1.33978
115	167	1.28029
115	168	1.36199
115	178	0.864479
116	19	0.86239
116	20	0.739371
116	27	1.31719
116	32	0.838818
116	35	0.918606
116	38	0.93146
116	39	0.829344
116	40	0.815254
116	43	0.87907
116	47	0.789703
116	52	0.842029
116	59	0.830727
116	67	0.798113
116	75	1.56417
116	76	0.773522
116	95	0.820281
116	103	0.813355
116	110	0.841576
116	117	0.849032
116	134	0.826062
116	137	1.44155
116	138	1.36765
116	139	0.823637
116	140	1.48515
116	151	0.853001
116	156	0.85287
116	159	0.840732
116	165	1.40254
116	166	0.831048
116	167	1.35004
116	175	1.41631
116	180	1.45715
117	19	0.905808
117	20	0.78279
117	32	0.882237
117	35	0.962024
117	38	0.974879
117	39	0.872763
117	40	0.858673
117	47	0.833122
117	52	0.885448
117	59	0.874146
117	67	0.841532
117	75	1.4196
117	76	0.81694
117	95	0.8637
117	103	0.856774
117	110	0.884994
117	116	0.849032
117	119	1.21223
117	120	0.85359
117	121	0.877161
117	129	1.21402
117	134	0.869481
117	156	0.896289
117	158	1.31326
117	159	0.884151
117	160	1.27719
117	165	1.25797
117	166	0.874467
117	167	1.20547
117	171	1.28057
117	177	1.32382
117	179	1.30078
118	4	1.30922
118	10	0.773805
118	20	1.68259
118	48	1.33636
118	58	1.39382
118	70	0.876017
118	106	0.861224
118	123	0.841014
118	126	0.841938
118	133	1.38389
118	140	0.810437
118	142	0.836515
118	144	1.3667
118	146	0.841251
118	147	0.830897
118	148	1.50282
118	151	0.856238
118	153	0.812063
118	154	0.844318
118	157	0.828237
118	161	0.82086
118	162	0.831203
118	163	0.830606
118	165	0.836505
118	166	0.834285
118	169	1.42085
118	170	0.8396
118	171	0.82854
118	172	0.844341
118	174	0.842945
118	178	1.39299
118	179	0.83716
119	19	1.28079
119	34	0.849538
119	35	1.03251
119	37	1.32529
119	48	1.14367
119	53	0.887915
119	59	1.30484
119	76	1.54052
119	77	0.893677
119	78	1.46131
119	100	1.2181
119	114	0.860152
119	115	0.867826
119	117	1.21223
119	128	0.878199
119	134	1.27994
119	135	0.880491
119	145	0.881887
119	149	0.889003
119	153	0.852254
119	158	0.856243
119	161	0.861051
119	163	0.870797
119	169	0.879314
119	171	0.868732
119	173	0.86944
119	174	0.883136
119	175	0.873224
119	177	0.867815
119	178	0.889123
119	179	0.877352
119	180	0.86283
120	22	0.854852
120	28	1.35158
120	29	1.27669
120	64	0.83086
120	67	0.802672
120	73	1.63788
120	74	0.85037
120	78	0.790972
120	87	1.51185
120	91	0.839924
120	95	0.824839
120	100	0.860171
120	103	0.817913
120	106	1.32888
120	117	0.85359
120	134	0.83062
120	139	0.828195
120	143	1.45822
120	148	0.832302
120	156	0.857428
120	160	0.830237
120	163	1.40867
120	165	1.40591
120	166	0.835607
120	167	0.845586
120	169	0.840443
120	171	1.42852
120	173	0.830569
120	175	0.834353
120	176	0.834282
120	178	0.850253
120	180	0.82396
121	3	1.62371
121	7	0.897006
121	14	0.908821
121	20	0.767499
121	40	0.843382
121	50	1.21252
121	53	0.872616
121	55	1.15353
121	63	0.862705
121	82	1.31508
121	95	0.84841
121	104	1.37477
121	111	0.862725
121	115	0.852526
121	117	0.877161
121	127	1.32167
121	134	0.854191
121	135	0.865191
121	136	1.2581
121	150	0.872347
121	153	0.836954
121	154	0.86921
121	159	0.868861
121	163	0.855497
121	165	0.861397
121	166	0.859177
121	169	1.2809
121	171	0.853432
121	172	0.869233
121	173	1.31065
121	174	0.867836
121	176	1.3398
121	178	0.873823
122	1	0.908832
122	2	0.798514
122	7	0.898442
122	12	0.793517
122	13	0.893364
122	14	0.910258
122	43	1.19299
122	46	0.823563
122	47	0.819268
122	51	0.886655
122	53	0.874052
122	63	0.864142
122	71	0.832225
122	77	0.879813
122	83	0.866199
122	87	0.833599
122	97	0.855057
122	111	0.864162
122	114	1.3628
122	115	0.853963
122	128	0.864336
122	135	0.866628
122	149	1.29193
122	151	1.33591
122	159	0.870297
122	161	1.45023
122	164	0.867853
122	165	1.318
122	166	1.32498
122	167	1.2655
122	172	1.32747
122	173	1.33938
122	178	0.87526
123	7	1.18131
123	72	0.831447
123	79	1.25043
123	98	1.29286
123	108	0.887033
123	112	0.857825
123	113	0.866743
123	115	1.36046
123	118	0.841014
123	124	0.864803
123	131	0.878999
123	132	0.838353
123	138	0.884568
123	140	0.839364
123	150	0.876382
123	153	0.84099
123	156	1.30971
123	157	0.857164
123	158	1.36521
123	160	1.32914
123	161	0.849787
123	162	0.86013
123	163	0.859533
123	165	0.865432
123	166	0.863212
123	170	0.868527
123	171	0.857467
123	172	0.873268
123	174	0.871872
123	176	1.36046
123	177	1.37578
123	179	0.866087
123	180	1.36453
124	42	1.51111
124	77	1.29981
124	82	1.29973
124	114	0.843749
124	123	0.864803
124	125	0.859016
124	129	0.85549
124	131	0.873861
124	135	1.31539
124	138	0.879429
124	139	0.850662
124	142	0.860304
124	146	0.865039
124	147	0.854686
124	149	0.8726
124	150	0.871244
124	152	1.30963
124	154	0.868107
124	157	0.852026
124	158	1.3292
124	161	0.844648
124	162	0.854992
124	163	0.854394
124	168	0.86342
124	169	1.26555
124	170	0.863389
124	171	0.852329
124	172	0.86813
124	173	1.29529
124	174	0.866733
124	176	1.32445
124	178	1.23769
124	179	0.860949
125	4	1.20932
125	6	1.24719
125	33	1.4143
125	60	1.36193
125	62	0.84781
125	72	0.82566
125	83	1.40019
125	94	1.32842
125	105	0.901941
125	106	0.884364
125	111	1.32679
125	124	0.859016
125	129	0.854841
125	138	0.878781
125	143	0.855496
125	145	1.26442
125	146	0.864391
125	149	0.871952
125	150	0.870596
125	153	0.835203
125	154	0.867458
125	157	0.851377
125	160	1.34853
125	161	0.844
125	162	0.854344
125	163	0.853746
125	165	0.859646
125	168	0.862771
125	170	0.862741
125	172	0.867482
125	174	0.866085
125	178	1.29309
125	179	0.8603
126	10	0.803656
126	26	0.873919
126	36	1.38851
126	52	1.31634
126	61	1.09918
126	72	0.832371
126	80	1.24829
126	114	0.849811
126	115	1.35872
126	118	0.841938
126	131	0.879923
126	138	0.885491
126	140	0.840287
126	142	0.866366
126	146	0.871102
126	149	0.878662
126	150	0.877306
126	153	0.841914
126	154	0.874169
126	157	0.858088
126	158	1.36347
126	162	0.861054
126	163	0.860456
126	165	0.866356
126	168	0.869482
126	170	0.869451
126	171	0.858391
126	174	0.872796
126	175	1.32196
126	176	1.35872
126	177	1.37404
126	179	0.867011
126	180	1.36279
127	5	0.905235
127	24	0.781958
127	26	1.3278
127	45	0.822021
127	51	1.27368
127	68	0.910666
127	98	0.886335
127	102	0.870697
127	107	0.836356
127	121	1.32167
127	129	1.27071
127	133	0.870413
127	137	0.855321
127	143	1.36696
127	144	0.877219
127	145	0.867312
127	146	1.33193
127	148	0.856598
127	152	0.863698
127	154	1.28793
127	156	0.881724
127	158	0.841668
127	163	1.31741
127	166	0.859902
127	169	0.864739
127	170	1.35843
127	173	0.854865
127	175	0.858649
127	176	0.858578
127	177	0.85324
127	178	0.874549
127	179	1.35748
127	180	0.848256
128	1	0.908424
128	2	0.798105
128	6	0.891344
128	12	0.793109
128	13	0.892956
128	14	0.909849
128	32	1.25521
128	34	0.835267
128	43	1.2038
128	46	0.823155
128	51	0.886247
128	58	0.879508
128	63	0.863733
128	75	0.818968
128	85	1.38286
128	87	0.833191
128	97	0.854649
128	99	1.25606
128	101	0.873247
128	111	0.863753
128	115	0.853555
128	119	0.878199
128	122	0.864336
128	129	1.28486
128	135	0.86622
128	139	1.41351
128	159	0.869889
128	164	0.867445
128	166	1.33579
128	170	1.37258
128	174	1.32179
128	176	1.37935
128	178	0.874852
129	3	1.57275
129	24	1.71496
129	70	0.895631
129	86	1.08855
129	96	0.896886
129	108	0.87772
129	113	0.857429
129	117	1.21402
129	124	0.85549
129	125	0.854841
129	127	1.27071
129	128	1.28486
129	131	0.869686
129	136	1.20714
129	138	0.875254
129	142	0.856129
129	146	0.860865
129	147	0.850511
129	149	0.868425
129	153	0.831677
129	155	1.30814
129	156	1.2381
129	161	0.840474
129	162	0.850817
129	163	0.85022
129	164	0.861138
129	165	0.856119
129	168	0.859245
129	171	0.848154
129	172	0.863955
129	174	0.862559
129	179	0.856774
129	180	1.29292
130	4	0.900329
130	23	0.863574
130	33	0.831621
130	36	0.836516
130	45	0.809283
130	81	0.872109
130	86	0.888326
130	90	0.810656
130	93	1.35877
130	104	0.842678
130	109	0.860274
130	132	1.44861
130	133	0.857675
130	136	0.858529
130	141	0.843624
130	142	1.35629
130	144	0.864481
130	148	0.84386
130	152	0.85096
130	157	1.37707
130	159	1.38055
130	160	0.841794
130	163	1.32258
130	165	1.31982
130	168	1.34902
130	169	0.852001
130	170	1.3636
130	171	1.34243
130	173	0.842127
130	175	0.845911
130	176	0.84584
130	177	0.840502
130	178	0.861811
130	180	0.835518
131	28	0.880125
131	45	1.4689
131	70	0.914002
131	81	1.23049
131	89	1.15806
131	94	1.24915
131	100	1.23162
131	108	0.896092
