1	4	0.936014
1	33	1.17015
1	46	0.96983
1	58	0.951527
1	71	0.999267
1	76	0.986559
1	78	0.912747
1	80	0.997246
1	139	1.57435
1	147	0.973599
1	166	0.902485
1	168	1.01889
2	18	1.04473
2	24	1.13794
2	49	1.08808
2	51	1.23841
2	55	1.08512
2	56	1.07385
2	59	1.08579
2	110	0.481557
2	112	1.08482
2	120	1.59457
2	172	0.968128
2	179	1.08017
3	18	1.17985
3	24	1.27307
3	49	1.22321
3	55	1.22025
3	56	1.20897
3	59	1.22092
3	91	0.659545
3	126	1.21422
3	133	0.420578
3	172	1.10325
3	176	1.02637
3	179	1.21529
4	1	0.936014
4	53	0.968139
4	58	0.95065
4	71	0.998391
4	75	1.7412
4	76	0.985683
4	78	0.911871
4	80	0.99637
4	140	1.42718
4	147	0.972722
4	166	0.901609
4	168	1.01802
5	99	0.947811
5	141	1.12265
5	150	0.984102
5	157	0.883392
5	158	0.990789
5	167	1.00104
5	169	0.914576
5	174	0.986719
5	176	0.943875
5	177	0.943964
5	178	0.945306
5	180	0.951729
6	32	0.96469
6	55	1.07576
6	152	0.994771
6	155	0.984649
6	163	0.965137
6	164	0.996096
6	174	0.974797
6	175	0.958374
6	176	0.931953
6	177	0.932042
6	178	0.933384
6	180	0.939807
7	8	1.05719
7	10	1.05537
7	13	1.15766
7	16	1.05708
7	19	1.1419
7	26	1.0376
7	114	0.854692
7	136	0.750525
7	140	0.994716
7	144	1.53658
7	154	1.08261
7	179	1.06554
8	7	1.05719
8	10	0.949882
8	13	1.05217
8	16	0.951596
8	19	1.03641
8	26	0.932114
8	100	0.821312
8	140	0.889228
8	154	0.977119
8	156	1.24575
8	176	1.58135
8	179	0.960056
9	80	0.58391
9	119	0.680942
9	136	1.08423
9	155	1.10221
9	156	1.07859
9	169	1.02022
9	173	0.564422
9	174	1.09236
9	175	1.07594
9	177	1.0496
9	178	1.05095
9	180	1.05737
10	7	1.05537
10	8	0.949882
10	13	1.05034
10	16	0.949772
10	19	1.03458
10	26	0.930289
10	100	0.819487
10	140	0.887404
10	151	1.24266
10	154	0.975295
10	163	1.562
10	179	0.958232
11	43	0.799206
11	45	0.898785
11	50	1.1126
11	162	1.00646
11	170	1.04122
11	172	0.892893
11	173	1.03422
11	176	0.966708
11	178	0.968139
11	179	1.00493
11	180	0.974562
12	68	1.04058
12	78	1.02486
12	150	0.877343
12	158	0.935018
12	160	1.09657
12	165	1.08977
12	166	1.0146
12	168	1.131
12	170	1.10104
12	171	0.990652
12	173	1.09405
12	180	1.16555
13	7	1.15766
13	8	1.05217
13	10	1.05034
13	16	1.05206
13	19	1.13687
13	26	1.03258
13	123	1.42547
13	140	0.98969
13	151	0.82353
13	152	0.92365
13	154	1.07758
13	179	1.06052
14	21	1.02015
14	37	0.987892
14	43	0.964946
14	50	0.87994
14	62	1.032
14	64	0.946989
14	68	0.926363
14	69	0.988884
14	73	0.988714
14	139	0.228005
14	171	0.876438
14	172	2.78765
15	62	0.748563
15	126	0.963538
15	131	0.988975
15	169	0.945019
15	170	1.0233
15	174	1.01716
15	175	1.00074
15	176	0.974318
15	177	0.974407
15	178	0.975749
15	180	0.982172
16	7	1.05708
16	8	0.951596
16	10	0.949772
16	13	1.05206
16	19	1.0363
16	26	0.932004
16	122	2.00492
16	140	0.889118
16	154	0.977009
16	158	0.678178
16	179	0.959946
17	46	1.07544
17	53	1.07463
17	58	1.05714
17	71	1.10488
17	76	1.09217
17	78	1.01836
17	80	1.10286
17	142	0.0640528
17	166	1.0081
17	168	1.12451
17	171	1.82342
17	177	1.12292
18	2	1.04473
18	3	1.17985
18	24	0.990741
18	49	0.940883
18	55	0.937924
18	56	0.926648
18	59	0.938591
18	112	0.937619
18	120	2.0816
18	123	1.04021
18	172	0.820927
18	179	0.932967
19	7	1.1419
19	8	1.03641
19	10	1.03458
19	13	1.13687
19	16	1.0363
19	26	1.01682
19	91	0.56045
19	100	0.906013
19	122	1.71914
19	140	0.97393
19	154	1.06182
19	171	1.50832
19	179	1.04476
20	83	1.08126
20	95	1.11726
20	111	0.753513
20	124	0.497188
20	145	0.75667
20	150	1.04524
20	152	1.06783
20	167	1.06218
20	169	0.975718
20	175	1.03144
20	177	1.00511
20	178	1.00645
20	180	1.01287
21	14	1.02015
21	43	1.05241
21	50	0.967406
21	62	1.11947
21	64	1.03445
21	68	1.01383
21	69	1.07635
21	73	1.07618
21	144	0.761397
21	160	1.06982
21	171	0.963903
21	172	2.45736
21	176	0.396408
22	39	0.985412
22	104	1.00683
22	125	1.04425
22	137	1.04739
22	141	1.02708
22	152	0.957402
22	153	1.0562
22	155	1.03843
22	161	1.0552
22	165	1.05416
22	170	1.06543
22	173	1.05844
22	174	1.15361
23	47	0.884529
23	111	1.02898
23	115	1.02327
23	127	1.03837
23	138	1.02897
23	144	0.99654
23	153	1.05307
23	161	1.05207
23	164	1.14001
23	165	1.05103
23	170	1.0623
23	173	1.0553
23	179	1.19937
24	2	1.13794
24	3	1.27307
24	18	0.990741
24	49	1.0341
24	55	1.03114
24	56	1.01986
24	59	1.03181
24	85	0.989689
24	144	1.28297
24	164	0.53388
24	171	1.65589
24	172	0.914142
24	179	1.02618
25	113	0.91106
25	122	0.813948
25	143	0.918675
25	167	0.904315
25	169	0.817849
25	173	2.42033
25	174	0.889992
25	175	0.873569
25	176	0.847148
25	177	0.847237
25	178	0.848579
25	179	0.885373
25	180	0.855002
26	7	1.0376
26	8	0.932114
26	10	0.930289
26	13	1.03258
26	16	0.932004
26	19	1.01682
26	29	0.914805
26	47	1.20202
26	100	0.801719
26	140	0.869636
26	154	0.957527
26	176	1.8416
26	179	0.940464
27	37	1.07018
27	43	1.04723
27	50	0.962226
27	62	1.11429
27	64	1.02927
27	66	0.720188
27	68	1.00865
27	69	1.07117
27	73	1.071
27	132	1.14009
27	160	1.06464
27	171	0.958723
27	175	1.28525
28	37	1.07018
28	43	1.04723
28	50	0.962226
28	62	1.11429
28	64	1.02927
28	68	1.00865
28	69	1.07117
28	73	1.071
28	91	0.840807
28	160	1.06464
28	166	1.37528
28	171	0.958723
28	175	1.14509
29	26	0.914805
29	36	0.98965
29	61	0.939782
29	73	0.896816
29	125	1.13592
29	143	0.97605
29	154	0.959811
29	160	0.97456
29	168	1.00899
29	176	0.904523
29	178	0.905954
29	179	0.942748
29	180	0.912377
30	31	0.899674
30	36	0.98316
30	42	0.962393
30	44	0.949004
30	65	1.01033
30	85	0.899766
30	120	0.859148
30	147	0.957208
30	154	0.953321
30	160	0.96807
30	168	1.0025
30	171	1.01819
30	172	2.34123
31	30	0.899674
31	42	0.957958
31	44	0.944569
31	61	0.928857
31	65	1.00589
31	120	0.854713
31	122	0.860398
31	144	0.902345
31	147	0.952773
31	154	0.948885
31	160	0.963635
31	166	1.7263
31	168	0.998067
31	180	1.55847
32	6	0.96469
32	94	0.990807
32	108	1.01308
32	117	0.992018
32	125	1.01149
32	141	0.994324
32	146	1.01068
32	148	1.01426
32	156	1.19396
32	161	1.02244
32	165	1.0214
32	168	1.06263
32	170	1.03267
32	173	1.02567
33	1	1.17015
33	40	0.770938
33	129	1.01215
33	155	1.05127
33	164	1.06272
33	167	1.05574
33	168	0.459071
33	169	0.969276
33	174	1.04142
33	175	1.025
33	176	0.998575
33	177	0.998664
33	178	1.00001
33	180	1.00643
34	40	1.0133
34	63	1.00352
34	127	1.01534
34	133	0.964956
34	138	1.00594
34	141	1.00092
34	142	1.03191
34	153	1.03003
34	154	1.02005
34	156	1.23515
34	162	1.00452
34	164	1.18665
34	165	1.02799
34	173	1.03227
35	71	0.385227
35	78	0.820049
35	90	0.845788
35	128	1.03191
35	129	1.01103
35	151	1.09427
35	155	1.05015
35	169	0.968158
35	174	1.0403
35	175	1.02388
35	176	0.997457
35	177	0.997545
35	178	0.998887
35	180	1.00531
36	29	0.98965
36	30	0.98316
36	42	1.04144
36	44	1.02805
36	61	1.01234
36	65	1.08938
36	120	0.938199
36	144	0.985831
36	154	1.03237
36	160	1.04712
36	167	0.739401
36	168	1.08155
36	171	1.93879
36	174	0.839985
37	14	0.987892
37	27	1.07018
37	28	1.07018
37	50	0.935147
37	62	1.08721
37	64	1.0022
37	68	0.98157
37	69	1.04409
37	73	1.04392
37	97	0.633837
37	123	0.572559
37	160	1.03756
37	171	0.931644
37	172	2.68879
38	64	0.863639
38	70	0.865948
38	103	1.07585
38	126	0.984403
38	131	1.00984
38	159	1.06588
38	163	1.02837
38	164	1.05933
38	165	0.636299
38	169	0.965885
38	175	1.0216
38	176	0.995184
38	177	0.995273
38	180	1.00304
39	22	0.985412
39	57	0.925982
39	70	0.968185
39	83	1.52376
39	89	0.929761
39	134	0.953829
39	157	0.938695
39	160	1.64373
39	161	0.950722
39	165	0.949677
39	166	0.874506
39	170	0.960952
39	172	0.81263
39	173	0.953955
40	33	0.770938
40	34	1.0133
40	81	1.00784
40	111	0.981681
40	127	0.99108
40	135	0.999875
40	141	0.976659
40	142	1.00765
40	151	1.01661
40	157	0.992749
40	161	1.00478
40	165	1.00373
40	170	1.01501
40	173	1.00801
40	178	1.6312
41	58	1.16981
41	120	0.87045
41	148	1.35215
41	149	0.933183
41	151	1.00614
41	164	0.973478
41	167	0.966501
41	169	0.880036
41	172	0.83552
41	174	0.952179
41	175	0.935756
41	176	0.909335
41	177	0.909424
41	178	0.910766
41	180	0.917189
42	30	0.962393
42	31	0.957958
42	36	1.04144
42	44	1.00729
42	61	0.991576
42	65	1.06861
42	85	0.95805
42	100	4.6
42	122	0.923117
42	131	0.359135
42	147	1.01549
42	154	1.0116
42	160	1.02635
42	164	0.354299
42	168	1.06079
43	11	0.799206
43	14	0.964946
43	21	1.05241
43	27	1.04723
43	28	1.04723
43	50	0.9122
43	62	1.06426
43	64	0.979249
43	67	1.26236
43	68	0.958623
43	69	1.02114
43	73	1.02097
43	152	1.28056
43	160	1.01462
43	171	0.908697
44	30	0.949004
44	31	0.944569
44	36	1.02805
44	42	1.00729
44	61	0.978187
44	65	1.05522
44	91	1.0715
44	122	0.909728
44	147	1.0021
44	154	0.998215
44	160	1.01296
44	166	1.37656
44	168	1.0474
44	174	0.995314
44	178	1.31358
45	11	0.898785
45	116	2.81461
45	121	0.842619
45	151	0.920844
45	152	0.886852
45	159	0.894734
45	163	0.857218
45	164	0.888177
45	169	0.794735
45	174	0.866878
45	175	0.850455
45	176	0.824034
45	177	0.824123
45	178	0.825465
45	180	0.831888
46	1	0.96983
46	17	1.07544
46	53	1.00195
46	58	0.984465
46	71	1.03221
46	76	1.0195
46	78	0.945686
46	80	1.03018
46	112	0.99024
46	147	1.00654
46	149	0.976619
46	164	0.829362
46	166	0.935424
46	168	1.05183
46	171	1.95138
47	23	0.884529
47	26	1.20202
47	95	1.0789
47	121	0.985237
47	155	1.01935
47	156	0.99573
47	164	1.0308
47	167	1.02382
47	168	0.722381
47	174	1.0095
47	175	0.993074
47	176	0.966653
47	177	0.966741
47	178	0.968084
47	180	0.974506
48	58	0.706777
48	125	0.701203
48	131	0.990803
48	134	0.943899
48	152	1.03896
48	155	1.02884
48	164	1.04029
48	167	1.03331
48	169	0.946847
48	174	1.01899
48	175	1.00257
48	176	0.976146
48	177	0.976234
48	178	0.977577
48	180	0.983999
49	2	1.08808
49	3	1.22321
49	18	0.940883
49	24	1.0341
49	51	1.76159
49	55	0.98128
49	56	0.970005
49	59	0.981947
49	60	1.27078
49	85	0.939831
49	101	1.05401
49	112	0.980975
49	167	0.670156
49	172	0.864284
49	179	0.976323
50	11	1.1126
50	14	0.87994
50	21	0.967406
50	27	0.962226
50	28	0.962226
50	37	0.935147
50	43	0.9122
50	62	0.979257
50	64	0.894244
50	68	0.873618
50	69	0.936139
50	73	0.935969
50	160	0.929613
50	166	2.17141
50	171	0.823692
51	2	1.23841
51	49	1.76159
51	76	0.955964
51	77	0.860401
51	78	0.882152
51	130	0.960295
51	158	0.930742
51	161	0.948106
51	164	0.947972
51	166	0.87189
51	168	0.988297
51	170	0.958336
51	171	0.847945
51	173	0.951339
51	180	0.891682
52	98	1.02734
52	106	1.0027
52	119	1.01625
52	133	1.04117
52	135	0.99702
52	137	0.994112
52	138	0.978826
52	146	0.99016
52	157	0.989895
52	161	1.00192
52	162	0.977401
52	165	1.00088
52	170	1.01215
52	173	1.00515
52	180	1.49949
53	4	0.968139
53	17	1.07463
53	46	1.00195
53	58	0.983651
53	71	1.03139
53	76	1.01868
53	78	0.944872
53	80	1.02937
53	103	0.929016
53	112	0.989425
53	147	1.00572
53	159	1.04624
53	166	0.93461
53	168	1.05102
53	176	1.62478
54	55	0.817864
54	59	0.818531
54	77	0.751255
54	122	0.741482
54	165	0.837915
54	167	0.831849
54	168	0.879151
54	170	0.84919
54	172	0.700867
54	173	0.842192
54	177	0.774771
54	178	0.776113
54	179	0.812907
54	180	0.782536
55	2	1.08512
55	3	1.22025
55	6	1.07576
55	18	0.937924
55	24	1.03114
55	49	0.98128
55	54	0.817864
55	56	0.967045
55	59	0.978988
55	75	0.926208
55	95	0.9503
55	101	1.05105
55	112	0.978016
55	166	1.66099
55	172	0.861325
55	179	0.973364
56	2	1.07385
56	3	1.20897
56	18	0.926648
56	24	1.01986
56	49	0.970005
56	55	0.967045
56	59	0.967712
56	75	0.914933
56	85	0.925596
56	91	0.891285
56	101	1.03978
56	112	0.966741
56	123	1.35013
56	169	1.82971
56	172	0.850049
56	179	0.962088
57	39	0.925982
57	84	1.06032
57	107	0.988479
57	109	0.989112
57	115	0.966977
57	116	1.01915
57	135	0.990871
57	136	1.37287
57	137	0.987963
57	138	0.972677
57	142	0.998643
57	148	0.987593
57	162	0.971251
57	167	1.33246
57	170	1.006
57	173	0.999005
58	1	0.951527
58	4	0.95065
58	17	1.05714
58	41	1.16981
58	46	0.984465
58	48	0.706777
58	53	0.983651
58	71	1.0139
58	76	1.00119
58	78	0.927383
58	80	1.01188
58	123	0.991973
58	144	1.66784
58	147	0.988234
58	166	0.917121
58	168	1.03353
59	2	1.08579
59	3	1.22092
59	18	0.938591
59	24	1.03181
59	49	0.981947
59	54	0.818531
59	55	0.978988
59	56	0.967712
59	75	0.926875
59	85	0.937539
59	101	1.05172
59	151	1.07036
59	160	1.0692
59	166	1.74794
59	172	0.861992
59	179	0.974031
60	49	1.27078
60	94	1.58249
60	152	0.956936
60	155	0.946814
60	156	0.923195
60	159	0.964818
60	164	0.958261
60	167	0.951284
60	169	0.864819
60	174	0.936962
60	175	0.920539
60	176	0.894118
60	177	0.894207
60	178	0.895549
60	180	0.901972
61	29	0.939782
61	31	0.928857
61	36	1.01234
61	42	0.991576
61	44	0.978187
61	65	1.03951
61	91	1.05579
61	122	0.894016
61	144	0.935964
61	147	0.986391
61	154	0.982504
61	156	1.12964
61	160	0.997253
61	168	1.03169
61	175	1.25541
61	178	1.42261
62	14	1.032
62	15	0.748563
62	21	1.11947
62	27	1.11429
62	28	1.11429
62	37	1.08721
62	43	1.06426
62	50	0.979257
62	64	1.04631
62	69	1.0882
62	73	1.08803
62	120	2.12383
62	151	0.480503
62	152	0.580623
62	160	1.08167
62	171	0.975754
63	34	1.00352
63	108	0.985631
63	115	0.966193
63	116	1.01836
63	118	1.00965
63	125	0.984035
63	141	0.966871
63	142	0.99786
63	162	0.970468
63	163	1.03976
63	165	0.993944
63	170	1.00522
63	171	0.894827
63	173	0.998222
63	177	1.41504
63	178	1.335
64	14	0.946989
64	21	1.03445
64	27	1.02927
64	28	1.02927
64	37	1.0022
64	38	0.863639
64	43	0.979249
64	50	0.894244
64	62	1.04631
64	68	0.940667
64	69	1.00319
64	73	1.00302
64	131	1.56748
64	143	1.1029
64	160	0.996661
64	171	0.890741
65	30	1.01033
65	31	1.00589
65	36	1.08938
65	42	1.06861
65	44	1.05522
65	61	1.03951
65	75	1.8588
65	85	1.00598
65	101	0.326546
65	120	0.965366
65	140	1.54478
65	144	1.013
65	147	1.06343
65	154	1.05954
65	160	1.07429
65	166	0.961212
65	168	1.10872
66	27	0.720188
66	100	0.929748
66	132	1.04971
66	149	1.05412
66	151	1.12708
66	152	1.09309
66	161	0.685009
66	162	0.694571
66	165	0.714825
66	167	1.08744
66	169	1.00097
66	174	1.07311
66	175	1.05669
66	176	1.03027
66	177	1.03036
66	178	1.0317
66	180	1.03812
67	43	1.26236
67	107	0.969622
67	120	0.912951
67	121	0.970421
67	149	0.975684
67	150	0.992063
67	155	1.00453
67	159	1.02254
67	167	1.009
67	168	0.786665
67	169	0.922537
67	174	0.99468
67	175	0.978257
67	176	0.951836
67	177	0.951925
67	178	0.953267
67	180	0.95969
68	12	1.04058
68	14	0.926363
68	21	1.01383
68	27	1.00865
68	28	1.00865
68	37	0.98157
68	43	0.958623
68	50	0.873618
68	64	0.940667
68	69	0.982561
68	73	0.982392
68	101	1.02191
68	160	0.976036
68	166	1.49594
68	171	0.870115
68	176	1.47559
68	179	1.15085
69	14	0.988884
69	21	1.07635
69	27	1.07117
69	28	1.07117
69	37	1.04409
69	43	1.02114
69	50	0.936139
69	62	1.0882
69	64	1.00319
69	68	0.982561
69	73	1.04491
69	101	1.08444
69	123	0.608734
69	144	1.029
69	160	1.03856
69	166	0.684367
69	171	0.932636
69	172	2.72496
70	38	0.865948
70	39	0.968185
70	74	1.04787
70	83	0.941014
70	88	1.02185
70	102	0.947787
70	108	1.02862
70	115	1.00918
70	138	1.01488
70	146	1.02621
70	148	1.0298
70	153	1.03897
70	162	1.01345
70	165	1.03693
70	168	1.07817
70	170	1.04821
70	173	1.04121
70	179	1.39463
71	1	0.999267
71	4	0.998391
71	17	1.10488
71	35	0.385227
71	46	1.03221
71	53	1.03139
71	58	1.0139
71	76	1.04894
71	78	0.975124
71	80	1.05962
71	95	0.636881
71	112	1.01968
71	122	2.27594
71	123	1.03971
71	147	1.03598
71	163	0.989339
71	166	0.964862
71	168	1.08127
72	99	1.48484
72	106	0.867175
72	111	1.02385
72	135	1.04205
72	137	1.03914
72	138	1.02385
72	142	1.04982
72	145	1.03006
72	146	1.03519
72	153	1.04794
72	160	0.853056
72	161	1.04695
72	164	1.12734
72	165	1.0459
72	166	0.970732
72	170	1.05718
72	172	0.908857
72	173	1.05018
73	14	0.988714
73	21	1.07618
73	27	1.071
73	28	1.071
73	29	0.896816
73	37	1.04392
73	43	1.02097
73	50	0.935969
73	62	1.08803
73	64	1.00302
73	68	0.982392
73	69	1.04491
73	97	1.06417
73	101	1.08427
73	123	1.00289
73	140	1.66209
73	160	1.03839
73	171	0.932466
74	70	1.04787
74	88	1.01428
74	90	0.99759
74	105	0.951465
74	108	1.02105
74	110	1.34977
74	118	1.04507
74	125	1.01945
74	141	1.00229
74	145	1.01352
74	157	1.01838
74	161	1.03041
74	162	1.00589
74	165	1.02936
74	167	1.0152
74	170	1.04064
74	172	0.892314
74	173	1.03364
74	180	1.3292
75	4	1.7412
75	55	0.926208
75	56	0.914933
75	59	0.926875
75	65	1.8588
75	100	0.782506
75	129	0.896596
75	135	0.942402
75	161	0.947303
75	169	0.853727
75	170	0.957534
75	172	0.809212
75	173	0.950537
75	175	0.909447
75	177	0.883115
75	178	0.884457
75	179	0.921251
75	180	0.89088
76	1	0.986559
76	4	0.985683
76	17	1.09217
76	46	1.0195
76	51	0.955964
76	53	1.01868
76	58	1.00119
76	71	1.04894
76	78	0.962416
76	80	1.04691
76	112	1.00697
76	123	1.02701
76	144	1.52221
76	147	1.02327
76	160	0.49884
76	166	0.952154
76	168	1.06856
76	171	1.89513
76	175	0.947387
77	51	0.860401
77	54	0.751255
77	102	0.970435
77	124	1.71308
77	147	0.927705
77	150	0.908757
77	151	0.96534
77	155	0.921226
77	157	1.66912
77	163	0.901714
77	164	0.932673
77	167	0.925697
77	169	0.839231
77	174	0.911374
77	175	0.894951
77	176	0.86853
77	177	0.868619
77	178	0.869961
77	180	0.876384
78	1	0.912747
78	4	0.911871
78	12	1.02486
78	17	1.01836
78	35	0.820049
78	46	0.945686
78	51	0.882152
78	53	0.944872
78	58	0.927383
78	71	0.975124
78	76	0.962416
78	80	0.973103
78	91	1.24791
78	112	0.933158
78	123	0.953194
78	140	2.36595
78	147	0.949455
78	166	0.878342
78	168	0.994749
79	102	1.00477
79	104	1.23085
79	106	0.976381
79	116	0.6259
79	117	0.960582
79	135	1.36272
79	140	0.870266
79	143	0.974396
79	151	0.999679
79	155	0.955566
79	158	0.949783
79	159	0.97357
79	164	0.967013
79	167	0.960036
79	174	0.945713
79	175	0.929291
79	177	0.902958
79	178	0.904301
79	180	0.910723
80	1	0.997246
80	4	0.99637
80	9	0.58391
80	17	1.10286
80	46	1.03018
80	53	1.02937
80	58	1.01188
80	71	1.05962
80	76	1.04691
80	78	0.973103
80	83	0.692603
80	101	0.856643
80	112	1.01766
80	123	1.03769
80	147	1.03395
80	166	0.962841
80	168	1.07925
80	171	2.20887
81	40	1.00784
81	94	0.991938
81	117	1.04138
81	119	1.0379
81	124	1.02603
81	127	1.00988
81	132	1.22393
81	134	1.02668
81	135	1.01867
81	140	0.926692
81	142	1.02644
81	148	1.01539
81	153	1.02457
81	155	1.10285
81	162	0.999052
81	165	1.02253
81	167	1.11744
81	170	1.0338
81	173	1.02681
82	98	1.02762
82	118	1.01687
82	120	0.899041
82	134	1.00531
82	136	1.19836
82	142	1.00507
82	145	0.985318
82	146	0.990442
82	148	0.994025
82	152	1.06233
82	153	1.0032
82	157	0.990177
82	158	1.24142
82	161	1.0022
82	162	0.977683
82	165	1.00116
82	168	1.0424
82	170	1.01243
82	173	1.00544
82	174	1.25853
83	20	1.08126
83	39	1.52376
83	70	0.941014
83	80	0.692603
83	126	0.957416
83	129	0.981766
83	149	0.992044
83	150	1.00842
83	151	1.06501
83	152	1.03101
83	153	0.647693
83	163	1.00138
83	164	1.03234
83	167	1.02536
83	171	0.932312
83	174	1.01104
83	176	0.968196
83	177	0.968285
83	178	0.969627
83	180	0.97605
84	57	1.06032
84	105	1.04313
84	133	1.04771
84	136	1.0027
84	146	0.803386
84	149	0.99183
84	150	1.00821
84	152	1.0308
84	154	0.849735
84	158	1.0149
84	159	1.03868
84	163	1.00117
84	169	0.938683
84	173	0.717844
84	174	1.01083
84	175	0.994403
84	176	0.967982
84	177	0.96807
84	178	0.969413
84	180	0.975835
85	24	0.989689
85	30	0.899766
85	42	0.95805
85	49	0.939831
85	56	0.925596
85	59	0.937539
85	65	1.00598
85	104	0.909597
85	107	0.950674
85	126	1.80186
85	144	0.902437
85	146	0.946206
85	150	1.17833
85	154	0.948977
85	168	0.998159
85	170	0.968198
85	172	0.819875
85	173	0.9612
85	177	1.65142
85	179	0.931915
86	92	0.980511
86	94	1.099
86	113	0.990139
86	114	0.975631
86	121	0.944812
86	130	1.01842
86	138	1.14315
86	139	0.989597
86	150	0.966454
86	156	0.955305
86	164	0.99037
86	167	0.983394
86	171	0.890344
86	172	0.852413
86	175	0.952648
86	176	0.926227
86	177	0.926316
86	178	0.927658
86	180	0.934081
87	101	1.07633
87	104	0.967337
87	106	1.04638
87	116	1.03908
87	127	1.00201
87	134	1.01882
87	138	0.992612
87	141	0.98759
87	144	0.960177
87	145	0.998822
87	151	1.03342
87	153	1.0167
87	157	1.00368
87	161	1.01571
87	162	0.991187
87	165	1.01466
87	170	1.02594
87	171	0.915546
87	173	1.01894
87	176	1.69064
88	70	1.02185
88	74	1.01428
88	104	0.956017
88	114	1.02769
88	116	1.02776
88	118	1.01905
88	123	1.00302
88	126	1.53245
88	127	0.990691
88	144	0.948857
88	146	0.992626
88	148	0.996208
88	149	1.10775
88	153	1.00538
88	157	0.992361
88	162	0.979867
88	165	1.00334
88	170	1.01462
88	173	1.00762
88	180	1.19712
89	39	0.929761
89	116	1.02293
89	118	1.01422
89	119	1.01388
89	130	1.01174
89	142	1.00242
89	143	1.13127
89	146	0.98779
89	148	0.991372
89	155	1.26935
89	157	0.987524
89	159	1.16688
89	161	0.999551
89	162	0.975031
89	164	1.36132
89	165	0.998507
89	166	0.923335
89	168	1.03974
89	170	1.00978
89	172	0.861459
89	173	1.00278
90	35	0.845788
90	74	0.99759
90	95	1.09744
90	98	1.01311
90	109	0.981036
90	117	1.25023
90	118	1.00236
90	124	0.990148
90	125	0.976743
90	130	0.999885
90	138	0.964601
90	141	0.959579
90	142	0.990567
90	146	0.975935
90	148	0.979517
90	161	0.987696
90	162	0.963176
90	168	1.02789
90	170	0.997927
90	173	0.990929
90	175	1.57794
91	3	0.659545
91	19	0.56045
91	28	0.840807
91	44	1.0715
91	56	0.891285
91	61	1.05579
91	78	1.24791
91	110	1.03414
91	144	1.02928
91	145	1.06792
91	157	1.07278
91	160	1.09057
91	166	1.00859
91	168	1.125
91	170	1.09504
91	172	0.946715
91	173	1.08804
91	176	1.02053
91	177	1.02062
91	178	1.02196
91	180	1.02838
92	86	0.980511
92	116	0.32077
92	126	0.935461
92	134	1.15841
92	138	1.10593
92	139	1.00961
92	149	0.970089
92	150	0.986468
92	151	1.04305
92	152	1.00906
92	159	1.01694
92	162	1.0879
92	163	0.979425
92	164	1.01038
92	169	0.916942
92	174	0.989085
92	175	0.972662
92	176	0.946241
92	177	0.94633
92	178	0.947672
92	179	0.984466
92	180	0.954095
93	100	0.851605
93	105	1.02727
93	108	0.846926
93	112	1.13805
93	129	0.965695
93	133	1.03186
93	135	0.822474
93	136	0.986843
93	149	0.975973
93	151	1.04893
93	155	1.00482
93	158	0.999039
93	167	1.00929
93	169	0.922826
93	173	0.834788
93	174	0.994969
93	175	0.978546
93	176	0.952125
93	177	0.952214
93	178	0.953556
93	179	0.99035
93	180	0.959979
94	32	0.990807
94	60	1.58249
94	81	0.991938
94	86	1.099
94	111	0.965782
94	113	0.912723
94	115	0.960082
94	122	0.8914
94	125	0.977924
94	127	0.975181
94	129	1.17824
94	134	0.991985
94	135	0.983976
94	137	0.981068
94	141	0.96076
94	142	0.991748
94	153	0.989873
94	161	0.988877
94	162	0.964357
94	165	0.987833
94	170	0.999108
94	173	0.99211
95	20	1.11726
95	47	1.0789
95	55	0.9503
95	71	0.636881
95	90	1.09744
95	98	0.556805
95	103	1.08487
95	110	1.01781
95	114	1.05361
95	128	1.03866
95	129	1.01777
95	163	1.03739
95	164	1.06834
95	167	1.06137
95	172	0.930388
95	173	0.761136
95	174	1.04705
95	175	1.03062
95	176	1.0042
95	177	1.00429
95	178	1.00563
95	180	1.01206
96	99	0.94447
96	106	1.01405
96	116	0.340061
96	139	1.0039
96	148	1.12293
96	151	1.03734
96	156	0.969611
96	158	0.987447
96	159	1.01123
96	160	1.01057
96	164	1.00468
96	165	1.12745
96	167	0.9977
96	169	0.911235
96	170	1.05019
96	174	0.983378
96	175	0.966955
96	176	0.940534
96	177	0.940623
96	178	0.941965
96	179	0.978759
96	180	0.948387
97	37	0.633837
97	73	1.06417
97	110	0.959598
97	111	1.62736
97	116	0.70833
97	136	0.980707
97	143	1.01752
97	150	0.986216
97	151	1.0428
97	159	1.01669
97	160	1.01603
97	163	0.979173
97	164	1.01013
97	167	1.00316
97	169	0.916691
97	171	0.910106
97	174	0.988833
97	175	0.97241
97	176	0.945989
97	177	0.946078
97	178	0.94742
97	180	0.953843
98	52	1.02734
98	82	1.02762
98	90	1.01311
98	95	0.556805
98	105	0.721921
98	107	1.03863
98	109	1.03927
98	115	1.01713
98	135	1.04102
98	137	1.03812
98	141	1.01781
98	145	1.02904
98	148	1.03775
98	157	1.0339
98	162	1.02141
98	165	1.04488
98	169	1.67144
98	170	1.05616
98	171	0.945765
98	172	0.907834
98	173	1.04916
98	177	1.28455
98	178	1.20451
99	5	0.947811
99	72	1.48484
99	96	0.94447
99	100	0.795373
99	104	1.28068
99	126	0.885113
99	132	0.915338
99	138	1.4609
99	149	0.919742
99	151	0.992703
99	152	0.958711
99	155	0.948589
99	156	0.924971
99	163	0.929077
99	164	0.960036
99	167	0.95306
99	169	0.866595
99	174	0.938737
99	175	0.922314
99	176	0.895893
99	177	0.895982
99	178	0.897324
99	180	0.903747
100	8	0.821312
100	10	0.819487
100	19	0.906013
100	26	0.801719
100	42	4.6
100	66	0.929748
100	75	0.782506
100	93	0.851605
100	99	0.795373
100	128	0.825895
100	136	0.826155
100	154	0.846725
100	157	0.843688
100	161	0.855714
100	162	0.831194
100	168	0.895906
100	170	0.865945
100	173	0.858948
100	175	0.817858
100	176	0.791437
100	178	0.792868
100	179	0.829662
100	180	0.799291
101	49	1.05401
101	55	1.05105
101	56	1.03978
101	59	1.05172
101	65	0.326546
101	68	1.02191
101	69	1.08444
101	73	1.08427
101	80	0.856643
101	87	1.07633
101	136	1.04259
101	137	0.900781
101	159	1.07857
101	160	1.07791
101	169	0.978574
101	171	0.971989
101	172	0.934058
101	173	0.837155
101	174	1.05072
101	178	1.0093
101	179	1.0461
101	180	1.01573
102	70	0.947787
102	77	0.970435
102	79	1.00477
102	112	0.983154
102	126	0.983082
102	149	1.01771
102	150	1.03409
102	153	0.654467
102	154	0.81178
102	156	1.02294
102	158	1.04078
102	159	1.06456
102	163	1.02705
102	164	1.058
102	166	0.981923
102	167	1.05103
102	169	0.964563
102	172	0.920047
102	173	0.679888
102	174	1.03671
102	175	1.02028
102	176	0.993862
102	178	0.995293
102	180	1.00172
103	38	1.07585
103	53	0.929016
103	95	1.08487
103	118	0.879482
103	126	0.961842
103	129	0.986193
103	133	1.05236
103	146	0.841245
103	149	0.996471
103	150	1.01285
103	155	1.02532
103	156	1.0017
103	158	1.01954
103	163	1.00581
103	164	1.03677
103	167	1.02979
103	168	0.666196
103	170	0.716695
103	174	1.01547
103	175	0.999044
103	176	0.972623
103	177	0.972712
103	178	0.974054
103	180	0.980477
104	22	1.00683
104	79	1.23085
104	85	0.909597
104	87	0.967337
104	88	0.956017
104	99	1.28068
104	107	0.964849
104	108	0.962784
104	111	0.949047
104	119	0.986467
104	120	0.868979
104	125	0.961189
104	127	0.958446
104	135	0.967241
104	137	0.964333
104	142	0.975013
104	157	0.960115
104	161	0.972142
104	162	0.947621
104	163	0.969405
104	165	0.971097
104	169	1.73158
104	170	0.982372
104	173	0.975375
105	74	0.951465
105	84	1.04313
105	93	1.02727
105	98	0.721921
105	110	0.980713
105	130	0.837552
105	132	0.986548
105	138	0.962278
105	139	1.03047
105	143	1.03863
105	144	0.975851
105	149	0.990952
105	152	1.02992
105	156	0.996181
105	159	1.0378
105	161	0.934686
105	163	1.00029
105	164	1.03125
105	171	0.93122
105	174	1.00995
105	175	0.993525
105	176	0.967104
105	177	0.967192
105	178	0.968534
105	180	0.974957
106	52	1.0027
106	72	0.867175
106	79	0.976381
106	87	1.04638
106	96	1.01405
106	113	1.02938
106	128	0.999926
106	133	1.0452
106	134	0.89571
106	139	1.02884
106	143	1.037
106	152	1.02829
106	156	0.994546
106	158	1.01238
106	163	0.998652
106	165	0.845454
106	167	1.02264
106	169	0.93617
106	174	1.00831
106	175	0.99189
106	176	0.965469
106	177	0.965557
106	178	0.9669
106	179	1.00369
106	180	0.973322
107	57	0.988479
107	67	0.969622
107	85	0.950674
107	98	1.03863
107	104	0.964849
107	116	1.03659
107	119	1.02754
107	123	1.01186
107	125	1.00227
107	135	1.00832
107	138	0.990124
107	142	1.01609
107	145	0.996333
107	146	1.00146
107	153	1.01421
107	155	1.06885
107	157	1.00119
107	160	0.886536
107	162	0.988699
107	165	1.01217
107	170	1.02345
107	172	0.875127
107	173	1.01645
107	175	1.33508
107	176	1.54492
108	32	1.01308
108	63	0.985631
108	70	1.02862
108	74	1.02105
108	93	0.846926
108	104	0.962784
108	109	1.00449
108	115	0.982359
108	118	1.02582
108	124	1.01361
108	126	1.65146
108	128	0.998325
108	138	0.988059
108	141	0.983037
108	145	0.994268
108	148	1.00298
108	149	1.22676
108	153	1.01215
108	157	0.999128
108	162	0.986634
108	165	1.01011
108	166	0.934938
108	170	1.02138
108	173	1.01439
108	179	1.13887
109	57	0.989112
109	90	0.981036
109	98	1.03927
109	108	1.00449
109	115	0.985057
109	118	1.02852
109	135	1.00895
109	142	1.01672
109	143	0.721864
109	146	1.00209
109	147	0.819362
109	148	1.00567
109	153	1.01485
109	154	1.00486
109	157	1.00183
109	161	1.01385
109	162	0.989332
109	165	1.01281
109	166	0.937636
109	169	1.76032
109	170	1.02408
109	172	0.87576
109	173	1.01709
109	177	1.37343
109	178	1.29339
110	2	0.481557
110	74	1.34977
110	91	1.03414
110	95	1.01781
110	97	0.959598
110	105	0.980713
110	113	0.969478
110	121	0.924151
110	136	0.940284
110	139	0.968936
110	140	0.872963
110	141	1.43343
110	151	1.00238
110	155	0.958262
110	159	0.976266
110	162	1.34256
110	163	0.93875
110	164	0.969709
110	167	0.962733
110	174	0.94841
110	175	0.931987
110	176	0.905566
110	177	0.905655
110	178	0.906997
110	180	0.91342
111	20	0.753513
111	23	1.02898
111	40	0.981681
111	72	1.02385
111	94	0.965782
111	97	1.62736
111	104	0.949047
111	115	0.968622
111	118	1.01208
111	124	0.999869
111	125	0.986464
111	127	0.983721
111	130	1.00961
111	135	0.992516
111	137	0.989608
111	138	0.974322
111	139	1.12267
111	141	0.9693
111	153	0.998413
111	157	0.98539
111	160	0.962976
111	162	0.972897
111	163	1.28349
111	165	0.996373
111	170	1.00765
111	173	1.00065
112	2	1.08482
112	18	0.937619
112	46	0.99024
112	49	0.980975
112	53	0.989425
112	55	0.978016
112	56	0.966741
112	71	1.01968
112	76	1.00697
112	78	0.933158
112	80	1.01766
112	93	1.13805
112	102	0.983154
112	114	1.43783
112	134	1.00222
112	137	0.991302
112	138	0.976016
112	140	0.902231
112	145	0.982225
112	150	1.31905
112	160	1.09635
112	166	0.922896
112	168	1.0393
112	170	1.00934
112	172	0.86102
112	173	1.00234
112	179	0.973059
113	25	0.91106
113	86	0.990139
113	94	0.912723
113	106	1.02938
113	110	0.969478
113	114	1.00527
113	119	1.03737
113	121	0.974454
113	126	0.945088
113	127	0.795755
113	131	0.970526
113	150	0.996096
113	152	1.01869
113	155	1.00856
113	156	0.984946
113	159	1.02657
113	162	0.938847
113	164	1.02001
113	165	0.9591
113	167	1.01304
113	169	0.92657
113	174	0.998712
113	175	0.98229
113	176	0.955869
113	177	0.955957
113	178	0.9573
113	180	0.963722
114	7	0.854692
114	86	0.975631
114	88	1.02769
114	95	1.05361
114	112	1.43783
114	113	1.00527
114	116	0.590327
114	132	0.960805
114	143	1.01289
114	149	0.965209
114	150	0.981588
114	151	1.03817
114	152	1.00418
114	153	1.10914
114	156	0.970438
114	158	0.988274
114	159	1.01206
114	164	1.0055
114	167	0.998528
114	169	0.912062
114	174	0.984205
114	175	0.967782
114	176	0.941361
114	177	0.94145
114	178	0.942792
114	179	0.979586
114	180	0.949215
115	23	1.02327
115	57	0.966977
115	63	0.966193
115	70	1.00918
115	94	0.960082
115	98	1.01713
115	108	0.982359
115	109	0.985057
115	111	0.968622
115	116	1.01509
115	118	1.00638
115	120	0.888554
115	124	0.994169
115	135	0.986816
115	145	0.974831
115	146	0.979955
115	149	1.42387
115	150	1.22504
115	157	0.97969
115	164	1.27661
115	165	0.990672
115	167	1.19924
115	168	1.03191
115	170	1.00195
115	172	0.853625
115	173	0.99495
115	174	1.29982
116	45	2.81461
116	57	1.01915
116	63	1.01836
116	79	0.6259
116	87	1.03908
116	88	1.02776
116	89	1.02293
116	92	0.32077
116	96	0.340061
116	97	0.70833
116	107	1.03659
116	114	0.590327
116	115	1.01509
116	130	1.05607
116	134	1.04699
116	135	1.03898
116	138	1.02079
116	146	1.03212
116	148	1.03571
116	157	1.03186
116	161	1.04389
116	162	1.01937
116	165	1.04284
116	166	0.96767
116	170	1.05412
116	171	0.943725
116	173	1.04712
117	32	0.992018
117	79	0.960582
117	81	1.04138
117	90	1.25023
117	126	0.938889
117	128	0.984127
117	132	0.969114
117	134	1.00243
117	136	0.984387
117	139	1.01304
117	143	1.0212
117	148	0.947652
117	149	0.973518
117	150	0.989897
117	155	1.00237
117	156	0.978747
117	158	0.996583
117	163	0.982854
117	164	1.01381
117	167	1.00684
117	169	0.920371
117	172	0.875855
117	174	0.992514
117	175	0.976091
117	176	0.94967
117	177	0.949759
117	178	0.951101
117	180	0.957524
118	63	1.00965
118	74	1.04507
118	82	1.01687
118	88	1.01905
118	89	1.01422
118	90	1.00236
118	103	0.879482
118	108	1.02582
118	109	1.02852
118	111	1.01208
118	115	1.00638
118	134	1.03829
118	137	1.02737
118	140	0.938298
118	143	0.961092
118	145	1.01829
118	147	1.05859
118	149	1.3384
118	153	1.03617
118	157	1.02315
118	161	1.03518
118	162	1.01066
118	165	1.03413
118	167	1.11377
118	170	1.04541
118	171	0.935017
118	173	1.03841
118	174	1.21435
119	9	0.680942
119	52	1.01625
119	81	1.0379
119	89	1.01388
119	104	0.986467
119	107	1.02754
119	113	1.03737
119	125	1.02388
119	127	1.02114
119	130	1.04703
119	134	1.03794
119	135	1.02994
119	139	1.06929
119	141	1.00672
119	143	0.953833
119	145	1.01795
119	146	1.02308
119	147	1.05133
119	148	1.02666
119	153	1.03583
119	157	1.02281
119	162	1.01032
119	165	1.03379
119	166	0.958621
119	170	1.04507
119	172	0.896745
119	173	1.03807
119	178	1.52536
120	2	1.59457
120	18	2.0816
120	30	0.859148
120	31	0.854713
120	36	0.938199
120	41	0.87045
120	62	2.12383
120	65	0.965366
120	67	0.912951
120	82	0.899041
120	104	0.868979
120	115	0.888554
120	126	0.842292
120	137	0.90954
120	148	0.90917
120	154	0.908359
120	160	0.923109
120	161	0.917349
120	166	0.841133
120	167	0.910239
120	168	0.957541
120	169	0.823773
120	170	0.92758
120	173	0.920583
120	174	0.895916
120	175	0.879493
120	177	0.853161
120	178	0.854503
120	180	0.860926
121	45	0.842619
121	47	0.985237
121	67	0.970421
121	86	0.944812
121	110	0.924151
121	113	0.974454
121	122	0.877342
121	127	1.11834
121	139	0.973912
121	150	0.950769
121	152	0.97336
121	153	1.21802
121	155	0.963238
121	156	0.939619
121	158	0.957456
121	163	0.943726
121	165	1.28169
121	166	0.898603
121	167	0.967709
121	169	0.881243
121	170	1.20443
121	171	0.874658
121	174	0.953386
121	175	0.936963
121	176	0.910542
121	177	0.910631
121	178	0.911973
121	180	0.918396
122	16	2.00492
122	19	1.71914
122	25	0.813948
122	31	0.860398
122	42	0.923117
122	44	0.909728
122	54	0.741482
122	61	0.894016
122	71	2.27594
122	94	0.8914
122	121	0.877342
122	124	0.925487
122	134	0.926142
122	137	0.915225
122	144	0.867504
122	146	0.911273
122	147	0.917932
122	160	0.928794
122	167	0.915924
122	168	0.963226
122	170	0.933265
122	171	0.822873
122	173	0.926268
122	174	0.901601
122	175	0.885178
122	176	0.858757
122	177	0.858846
122	178	0.860188
122	179	0.896982
122	180	0.866611
123	13	1.42547
123	18	1.04021
123	37	0.572559
123	56	1.35013
123	58	0.991973
123	69	0.608734
123	71	1.03971
123	73	1.00289
123	76	1.02701
123	78	0.953194
123	80	1.03769
123	88	1.00302
123	107	1.01186
123	130	1.03134
123	133	1.0346
123	147	1.01405
123	152	1.01769
123	153	1.02014
123	161	1.01915
123	162	0.994628
123	166	0.942932
123	168	1.05934
123	169	0.925572
123	170	1.02938
123	173	1.02238
123	175	0.981292
123	176	0.954871
123	177	0.95496
123	178	0.956302
123	180	0.962725
124	20	0.497188
124	77	1.71308
124	81	1.02603
124	90	0.990148
124	108	1.01361
124	111	0.999869
124	115	0.994169
124	122	0.925487
124	125	1.01201
124	130	1.03515
124	134	1.02607
124	138	0.999869
124	141	0.994847
124	142	1.02584
124	144	0.967434
124	145	1.00608
124	146	1.0112
124	148	1.01478
124	150	0.929352
124	154	1.01397
124	155	0.888964
124	157	1.01094
124	161	1.02296
124	162	0.998444
124	164	0.980931
124	165	1.02192
124	169	1.78933
124	171	0.922803
124	172	0.884872
124	173	1.0262
125	22	1.04425
125	29	1.13592
125	32	1.01149
125	48	0.701203
125	63	0.984035
125	74	1.01945
125	90	0.976743
125	94	0.977924
125	104	0.961189
125	107	1.00227
125	111	0.986464
125	119	1.02388
125	124	1.01201
125	127	0.995863
125	129	1.03218
125	130	1.02175
125	134	1.01267
125	138	0.986464
125	153	1.01055
125	157	0.997532
125	161	1.00956
125	165	1.00851
125	166	0.933343
125	168	1.04975
125	169	1.72158
125	170	1.01979
125	171	0.909398
125	173	1.01279
125	175	1.08744
125	180	1.1498
126	3	1.21422
126	15	0.963538
126	38	0.984403
126	83	0.957416
126	85	1.80186
126	88	1.53245
126	92	0.935461
126	99	0.885113
126	102	0.983082
126	103	0.961842
126	108	1.65146
126	113	0.945088
126	117	0.938889
126	120	0.842292
126	129	0.894747
126	131	0.895834
126	136	0.915894
126	139	0.944547
126	149	0.905025
126	150	0.921404
126	156	0.910254
126	158	0.92809
126	159	0.951877
126	163	0.914361
126	169	0.851878
126	174	0.924021
126	175	0.907598
126	176	0.881177
126	177	0.881266
126	178	0.882608
126	180	0.889031
127	23	1.03837
127	34	1.01534
127	40	0.99108
127	81	1.00988
127	87	1.00201
127	88	0.990691
127	94	0.975181
127	104	0.958446
127	111	0.983721
127	113	0.795755
127	119	1.02114
127	121	1.11834
127	125	0.995863
127	134	1.00992
127	137	0.999007
127	141	0.978699
127	142	1.00969
127	145	0.98993
127	148	0.998636
127	157	0.994789
127	158	0.948366
127	161	1.00682
127	162	0.982295
127	165	1.00577
127	169	1.75067
127	170	1.01705
127	171	0.906654
127	172	0.868724
127	173	1.01005
127	175	1.11654
127	176	1.32637
128	35	1.03191
128	95	1.03866
128	100	0.825895
128	106	0.999926
128	108	0.998325
128	117	0.984127
128	131	0.941072
128	132	0.945859
128	133	1.00615
128	140	0.893812
128	142	1.17192
128	145	1.15923
128	150	0.966642
128	154	1.11808
128	158	0.973328
128	159	0.997115
128	160	0.996451
128	163	0.959599
128	164	0.990558
128	165	1.02444
128	167	0.983582
128	169	0.897116
128	171	0.890531
128	172	0.8526
128	174	0.969259
128	175	0.952836
128	176	0.926415
128	177	0.926504
128	178	0.927846
128	179	0.96464
128	180	0.934269
129	33	1.01215
129	35	1.01103
129	75	0.896596
129	83	0.981766
129	93	0.965695
129	94	1.17824
129	95	1.01777
129	103	0.986193
129	125	1.03218
129	126	0.894747
129	131	0.920184
129	133	0.98526
129	136	0.940245
129	139	0.968897
129	143	0.977054
129	151	1.00234
129	155	0.958223
129	156	0.934604
129	157	1.05597
129	158	0.952441
129	161	1.1948
129	164	0.96967
129	167	0.962694
129	170	1.14736
129	174	0.948371
129	175	0.931948
129	176	0.905527
129	177	0.905616
129	178	0.906958
129	179	0.943752
129	180	0.913381
130	51	0.960295
130	86	1.01842
130	89	1.01174
130	90	0.999885
130	105	0.837552
130	111	1.00961
130	116	1.05607
130	119	1.04703
130	123	1.03134
130	124	1.03515
130	125	1.02175
130	134	1.03581
130	135	1.0278
130	137	1.02489
130	141	1.00458
130	142	1.03557
130	145	1.01581
130	148	1.02452
130	153	1.0337
130	157	1.02067
130	161	1.0327
130	162	1.00818
130	164	0.978666
130	165	1.03166
130	168	1.07289
130	170	1.04293
130	171	0.932539
130	173	1.03593
130	174	1.00187
130	175	1.15293
130	177	1.40018
130	179	1.03803
131	15	0.988975
131	38	1.00984
131	42	0.359135
131	48	0.990803
131	64	1.56748
131	113	0.970526
131	126	0.895834
131	128	0.941072
131	129	0.920184
131	133	0.986347
131	137	1.36551
131	143	0.978141
131	149	0.930462
131	150	0.946841
131	152	0.969432
131	156	0.935691
131	158	0.953528
131	159	0.977314
131	160	0.976651
131	163	0.939798
131	164	0.970757
131	167	0.963781
131	168	1.21238
131	169	0.877315
131	173	1.30189
131	174	0.949458
131	175	0.933035
131	176	0.906614
131	177	0.906703
131	178	0.908045
131	179	0.944839
131	180	0.914468
132	27	1.14009
132	66	1.04971
132	81	1.22393
132	99	0.915338
132	105	0.986548
132	114	0.960805
132	117	0.969114
132	128	0.945859
132	133	0.991134
132	136	0.946119
132	141	1.20534
132	150	0.951628
132	151	1.00821
132	152	0.974219
132	155	0.964097
132	158	0.958315
132	159	0.982101
132	160	0.981438
132	163	0.944585
132	164	0.975544
132	166	0.899463
132	168	1.00697
132	169	0.882102
132	170	1.05747
132	174	0.954245
132	175	0.937822
132	176	0.911401
132	177	0.91149
132	178	0.912832
132	179	0.949626
132	180	0.919255
133	3	0.420578
133	34	0.964956
133	52	1.04117
133	84	1.04771
133	93	1.03186
133	103	1.05236
133	106	1.0452
133	123	1.0346
133	128	1.00615
133	129	0.98526
133	131	0.986347
133	132	0.991134
133	134	0.934181
133	135	0.833361
133	139	1.03506
133	143	1.04322
133	149	0.995538
133	151	1.0685
133	155	1.02439
133	156	1.00077
133	158	1.0186
133	159	1.04239
133	161	0.854109
133	163	1.00487
133	164	1.03583
133	167	1.02886
133	170	0.806668
133	174	1.01453
133	175	0.998111
133	176	0.97169
133	177	0.971779
133	178	0.973121
133	180	0.979544
134	39	0.953829
134	48	0.943899
134	81	1.02668
134	82	1.00531
134	87	1.01882
134	92	1.15841
134	94	0.991985
134	106	0.89571
134	112	1.00222
134	116	1.04699
134	117	1.00243
134	118	1.03829
134	119	1.03794
134	122	0.926142
134	124	1.02607
134	125	1.01267
134	127	1.00992
134	130	1.03581
134	133	0.934181
134	142	1.02649
134	146	1.01186
134	147	1.02332
134	148	1.01544
134	153	1.02462
134	154	1.01463
134	157	1.01159
134	161	1.02362
134	162	0.999099
134	163	1.2021
134	165	1.02258
134	170	1.03385
134	171	0.923458
134	172	0.885528
134	173	1.02685
135	40	0.999875
135	52	0.99702
135	57	0.990871
135	72	1.04205
135	75	0.942402
135	79	1.36272
135	81	1.01867
135	93	0.822474
135	94	0.983976
135	98	1.04102
135	104	0.967241
135	107	1.00832
135	109	1.00895
135	111	0.992516
135	115	0.986816
135	116	1.03898
135	119	1.02994
135	130	1.0278
135	133	0.833361
135	138	0.992516
135	145	0.998725
135	146	1.00385
135	148	1.00743
135	153	1.01661
135	155	0.963084
135	157	1.00358
135	161	1.01561
135	162	0.99109
135	165	1.01457
135	170	1.02584
135	173	1.01884
135	174	1.07826
135	176	1.43915
135	179	1.11442
136	7	0.750525
136	9	1.08423
136	57	1.37287
136	82	1.19836
136	84	1.0027
136	93	0.986843
136	97	0.980707
136	100	0.826155
136	101	1.04259
136	110	0.940284
