1	4	0.66896
1	72	0.878227
1	82	1.10067
1	115	1.10281
1	125	0.968867
1	135	1.08659
1	140	1.13529
1	142	1.12376
1	153	1.12075
1	155	1.13915
1	165	0.752833
1	170	0.891258
2	20	0.775104
2	104	1.12087
2	132	0.963877
2	144	0.985283
2	154	0.973759
2	156	0.978078
2	159	0.976468
2	162	0.997824
2	167	1.21175
2	172	0.983919
2	175	0.963043
2	176	0.969739
3	96	2.36612
3	100	0.913386
3	143	0.896676
3	145	0.912168
3	149	0.89649
3	166	0.920217
3	171	0.908353
3	172	0.914248
3	173	0.70726
3	174	0.894774
3	176	0.900068
3	180	0.713523
4	1	0.66896
4	12	1.0746
4	30	0.64338
4	92	1.07412
4	100	1.06785
4	116	1.10281
4	149	1.05095
4	154	1.05855
4	171	1.06281
4	172	1.06871
4	175	1.04783
4	176	1.05453
5	10	0.961602
5	67	1.1022
5	106	0.796702
5	131	0.986986
5	148	1.01971
5	151	0.999925
5	159	1.00735
5	167	1.25891
5	174	0.995327
5	175	0.993925
5	176	1.00062
5	178	0.811885
6	50	0.974326
6	92	0.999239
6	114	0.928728
6	137	1.00756
6	143	0.976257
6	146	0.985406
6	153	1.35405
6	154	0.983668
6	171	0.987934
6	174	0.974355
6	176	0.979648
6	178	0.790913
7	29	0.658912
7	65	0.660713
7	88	0.83221
7	122	0.806803
7	136	0.793796
7	153	0.873354
7	155	0.891751
7	159	0.837662
7	173	0.638127
7	174	0.82564
7	177	0.878912
7	179	0.873975
8	44	0.962227
8	53	0.956861
8	88	0.956551
8	100	0.968594
8	109	0.968214
8	128	1.17914
8	151	0.95458
8	160	1.1294
8	161	0.957215
8	166	0.975424
8	172	0.969455
8	174	0.949981
9	57	0.988413
9	104	0.936351
9	122	0.91795
9	136	0.904943
9	137	0.977024
9	142	1.04745
9	149	1.34653
9	157	0.931288
9	164	0.967701
9	165	0.981073
9	177	0.99006
9	179	0.985122
10	5	0.961602
10	50	0.969285
10	118	1.30971
10	132	0.968744
10	137	1.07938
10	145	0.986707
10	148	0.993698
10	156	0.982946
10	161	0.976547
10	175	0.967911
10	176	0.974607
10	180	0.788062
11	75	0.967197
11	105	0.769907
11	118	0.933755
11	138	0.981541
11	139	0.966093
11	164	0.981311
11	165	0.994684
11	169	0.974381
11	171	1.26662
11	172	1.19726
11	177	1.00367
11	179	0.998733
12	4	1.0746
12	102	0.953273
12	124	1.35115
12	127	1.01491
12	128	0.941882
12	157	0.94628
12	158	0.981295
12	160	0.982774
12	165	0.996065
12	177	1.00505
12	179	1.00011
12	180	0.770528
13	37	0.977535
13	99	0.950046
13	132	0.973817
13	136	1.3923
13	137	0.961227
13	144	0.995224
13	146	0.985437
13	151	0.978984
13	159	0.986408
13	175	0.972984
13	176	0.97968
13	178	0.790944
14	111	0.950652
14	122	0.939635
14	156	1.32155
14	162	1.14018
14	163	0.966835
14	165	1.00276
14	167	0.994525
14	168	0.963328
14	169	0.982456
14	173	0.770958
14	177	1.01174
14	179	1.00681
15	16	1.03678
15	69	0.625039
15	91	1.10978
15	93	1.15555
15	126	1.15522
15	153	1.16029
15	155	1.17869
15	170	0.930797
15	174	0.876486
15	175	0.974796
15	178	0.929133
15	180	0.931324
16	15	1.03678
16	115	0.957009
16	134	0.975878
16	135	0.940792
16	140	0.989494
16	142	0.977964
16	147	0.990875
16	152	1.25356
16	153	0.974952
16	155	0.993348
16	168	1.15092
16	178	0.743796
17	25	0.987929
17	48	1.09506
17	70	0.932333
17	85	0.92326
17	96	0.467064
17	114	1.07793
17	143	1.12546
17	152	1.15455
17	168	0.891127
17	171	1.13714
17	172	1.14303
17	178	0.940117
18	113	1.01395
18	116	0.764069
18	118	1.05452
18	130	1.10556
18	154	0.852022
18	160	1.10215
18	167	1.10721
18	168	1.07602
18	171	0.853834
18	177	1.12443
18	179	1.11949
18	180	0.889908
19	103	1.07271
19	132	1.02245
19	134	1.09083
19	135	1.05575
19	140	1.10445
19	142	1.09292
19	147	1.10583
19	153	1.08991
19	155	1.1083
19	161	0.9073
19	165	0.52186
19	173	0.854679
20	2	0.775104
20	24	0.880614
20	59	0.880395
20	65	0.648769
20	147	0.877333
20	153	0.86141
20	155	0.879806
20	169	0.837679
20	173	0.626182
20	176	0.81899
20	177	0.866968
20	180	0.632445
21	39	0.640181
21	119	0.675346
21	151	0.832829
21	153	0.875945
21	155	0.894341
21	158	0.857746
21	161	0.835464
21	164	0.859144
21	166	0.853674
21	177	0.881503
21	178	0.644789
21	179	0.876565
21	180	0.64698
22	101	1.01259
22	117	0.899257
22	149	0.841953
22	150	1.07427
22	160	1.0932
22	163	1.07057
22	164	1.09312
22	167	1.09826
22	168	1.06706
22	170	0.880426
22	175	0.944023
22	179	1.11054
22	180	0.880952
23	49	0.605055
23	78	0.603388
23	118	0.780279
23	126	0.839572
23	134	0.845562
23	147	0.86056
23	149	0.798638
23	152	0.82791
23	155	0.863032
23	160	0.827916
23	167	0.832975
23	171	0.810501
23	177	0.850194
24	20	0.880614
24	95	0.879226
24	101	1.02035
24	107	0.871984
24	111	1.06214
24	150	1.08202
24	157	1.06446
24	164	1.10087
24	168	1.07481
24	169	1.09394
24	171	0.951678
24	179	1.11829
24	180	0.888704
25	17	0.987929
25	76	0.8241
25	87	0.867605
25	99	0.843069
25	144	0.888247
25	148	0.891794
25	161	0.874642
25	162	0.900788
25	163	2.57796
25	171	0.880987
25	173	0.679895
25	174	0.867409
25	176	0.872702
26	70	0.607657
26	89	0.817334
26	90	0.805121
26	140	0.861139
26	147	0.86252
26	155	0.864993
26	158	0.828398
26	166	0.824325
26	175	0.79748
26	176	0.804176
26	177	0.852154
26	179	0.847217
26	180	0.617631
27	72	0.604199
27	89	0.817458
27	134	0.847647
27	140	0.861263
27	155	0.865117
27	156	0.812639
27	160	0.830001
27	165	0.843293
27	167	0.83506
27	169	0.82299
27	172	0.818481
27	175	0.797605
27	178	0.615565
28	29	0.798042
28	70	0.773545
28	88	0.97134
28	128	1.24345
28	152	0.995758
28	154	0.974084
28	155	1.25696
28	159	0.976792
28	161	0.972004
28	171	0.978349
28	172	0.984244
28	175	0.963368
28	176	0.970064
29	7	0.658912
29	28	0.798042
29	78	0.642775
29	142	0.887035
29	153	0.884023
29	159	0.848332
29	163	0.844672
29	167	0.872363
29	170	0.654532
29	172	0.855783
29	177	0.889581
29	179	0.884644
29	180	0.655058
30	4	0.64338
30	124	0.919934
30	137	1.07126
30	139	1.04672
30	150	1.04309
30	157	1.02553
30	158	1.06054
30	165	1.07531
30	168	1.03588
30	171	1.09121
30	177	1.0843
30	179	1.07936
30	180	0.849776
31	63	1.00333
31	92	1.06232
31	99	1.0131
31	122	0.982956
31	142	0.744953
31	143	1.03934
31	152	1.06843
31	161	1.04467
31	168	0.805603
31	171	1.05102
31	172	1.05691
31	174	1.03744
31	175	1.03604
32	86	0.944051
32	123	0.769086
32	138	0.983907
32	141	0.96313
32	145	1.34844
32	151	1.313
32	158	0.982279
32	164	0.983677
32	165	0.997049
32	169	0.976747
32	177	1.00604
32	179	1.0011
32	180	0.771512
33	113	0.985666
33	115	0.715706
33	117	1.0674
33	128	1.03298
33	141	1.05324
33	153	0.8316
33	157	1.03738
33	158	1.07239
33	165	1.08716
33	169	1.06686
33	170	0.861098
33	177	1.09615
33	179	1.09121
34	116	0.997184
34	139	1.22393
34	149	0.945328
34	152	0.9746
34	154	0.952926
34	161	0.950845
34	166	0.969055
34	169	1.3175
34	170	0.761834
34	171	0.957191
34	172	0.963086
34	174	0.943612
34	175	0.94221
35	41	1.00244
35	107	1.03333
35	110	1.00268
35	114	0.964591
35	125	1.01546
35	129	1.01799
35	146	1.02127
35	149	1.01193
35	158	0.85771
35	162	1.0436
35	172	1.02969
35	175	1.00882
35	176	1.01551
35	179	0.87057
36	77	0.909893
36	85	0.882693
36	98	0.938644
36	128	0.902144
36	141	0.922407
36	160	0.943035
36	164	0.942954
36	165	0.956326
36	167	0.948094
36	168	0.916896
36	175	1.45478
36	176	1.41634
36	177	0.965312
36	179	0.960375
37	13	0.977535
37	69	0.917316
37	97	0.978162
37	107	1.0293
37	108	1.01678
37	125	1.01143
37	145	1.02358
37	149	1.0079
37	152	1.03717
37	161	1.01342
37	164	0.842566
37	166	1.03163
37	174	1.00619
37	175	1.00478
38	46	0.962972
38	50	0.97317
38	66	0.938274
38	118	1.33859
38	146	0.98425
38	148	0.997584
38	156	0.986831
38	172	0.992673
38	173	0.785685
38	174	0.973199
38	175	0.971797
38	177	1.25664
38	178	0.789757
39	21	0.640181
39	74	0.771387
39	124	0.830008
39	135	0.828541
39	142	0.865713
39	153	0.862701
39	155	0.881098
39	161	0.822221
39	165	0.859273
39	166	0.84043
39	177	0.868259
39	178	0.631546
39	179	0.863322
39	180	0.633736
40	74	0.774432
40	106	0.619408
40	122	0.799195
40	133	0.63197
40	140	0.880288
40	147	0.88167
40	155	0.884143
40	156	0.831665
40	161	0.825266
40	166	0.843475
40	170	0.636255
40	175	0.81663
40	177	0.871304
40	179	0.866367
41	35	1.00244
41	89	1.03524
41	96	1.03377
41	103	1.04731
41	115	1.04656
41	134	1.06543
41	138	0.695109
41	142	1.06752
41	147	1.08043
41	153	1.06451
41	155	1.0829
41	159	1.09098
41	173	0.829279
41	178	0.833351
42	46	0.939892
42	50	0.950091
42	66	0.915194
42	94	0.928582
42	114	0.904493
42	138	1.36399
42	139	1.36881
42	143	0.952022
42	149	0.951836
42	151	0.954718
42	154	0.959433
42	166	0.975563
42	170	0.768342
42	176	0.955413
43	87	0.921236
43	109	0.939272
43	111	1.25998
43	132	0.920471
43	144	0.941877
43	147	1.49831
43	148	0.945425
43	151	0.925638
43	154	0.930353
43	162	0.954419
43	171	0.934618
43	174	0.92104
43	175	0.919638
43	176	0.926333
44	8	0.962227
44	56	0.99231
44	110	1.00775
44	130	0.979056
44	131	1.00694
44	143	1.01719
44	147	1.07642
44	148	1.03967
44	151	1.01988
44	162	1.04866
44	163	0.872031
44	172	1.03476
44	174	1.01528
44	175	1.01388
44	178	0.831841
45	55	0.964829
45	76	0.95103
45	127	0.952103
45	143	0.996241
45	145	1.01173
45	148	1.01872
45	149	0.996055
45	156	1.00797
45	162	1.02772
45	167	0.956663
45	171	1.00792
45	174	0.994338
45	175	0.992936
45	176	0.999632
45	177	0.999614
46	38	0.962972
46	42	0.939892
46	67	0.862686
46	100	1.01142
46	104	0.928511
46	146	1.00386
46	155	1.10898
46	156	1.00644
46	161	1.00004
46	162	1.02619
46	166	1.01825
46	171	1.00639
46	172	1.01228
46	174	0.99281
46	175	0.991408
47	66	1.21252
47	96	1.04632
47	107	0.919197
47	123	0.845659
47	134	1.07798
47	135	1.04289
47	140	1.09159
47	142	1.08006
47	147	1.09297
47	153	1.07705
47	155	1.09545
47	173	0.841823
47	174	1.00304
47	178	0.845895
47	180	0.848085
48	17	1.09506
48	59	1.04124
48	95	1.01583
48	114	0.928916
48	132	0.973974
48	149	0.976259
48	152	1.00553
48	157	1.07778
48	159	0.986565
48	160	0.923673
48	166	0.999986
48	171	0.988122
48	174	0.974543
48	176	0.979836
48	179	0.912813
49	23	0.605055
49	115	0.840942
49	119	0.658286
49	123	0.627494
49	134	0.859811
49	148	0.835556
49	153	0.858885
49	155	0.877281
49	167	0.847224
49	168	0.816027
49	169	0.835154
49	172	0.830645
49	175	0.809769
49	176	0.816465
49	179	0.859505
50	6	0.974326
50	10	0.969285
50	38	0.97317
50	42	0.950091
50	67	0.808793
50	92	1.02789
50	132	1.00244
50	148	1.02739
50	158	0.968124
50	159	1.01503
50	168	1.14663
50	171	1.01659
50	172	1.02248
50	174	1.00301
50	176	1.0083
51	73	0.9563
51	100	1.02389
51	113	0.915622
51	128	0.962934
51	136	0.940987
51	138	1.00397
51	150	0.984899
51	163	0.981194
51	165	1.01712
51	167	1.00888
51	168	0.977687
51	169	0.996815
51	172	1.10848
51	174	1.182
51	177	1.0261
51	179	1.02117
52	66	1.03978
52	81	0.71254
52	109	1.09294
52	110	1.06717
52	116	1.12828
52	121	0.836665
52	124	1.08973
52	139	0.722693
52	149	1.07642
52	154	1.08402
52	161	1.08194
52	164	0.832134
52	171	1.08828
52	175	1.0733
52	176	1.08
52	180	0.893454
53	8	0.956861
53	112	1.01962
53	117	1.01133
53	120	0.972639
53	124	1.02494
53	126	0.97107
53	133	0.823855
53	134	1.05936
53	142	1.08761
53	152	1.04091
53	154	1.01923
53	161	1.01715
53	162	1.0433
53	175	1.00852
53	176	1.01521
53	180	0.828666
54	58	0.792867
54	64	0.93934
54	67	1.01176
54	81	0.985085
54	102	0.981246
54	137	1.01999
54	148	1.1513
54	150	0.99182
54	156	1.04416
54	157	0.974253
54	159	1.09098
54	160	1.01075
54	168	0.984608
54	169	1.00374
54	177	1.03302
54	179	1.02809
55	45	0.964829
55	75	0.929974
55	91	1.17856
55	112	0.983232
55	132	0.972959
55	143	0.97543
55	145	0.990922
55	146	0.984579
55	149	0.975244
55	162	1.00691
55	166	0.998971
55	169	1.00843
55	171	0.987107
55	174	0.973528
55	175	0.972126
55	176	0.978822
56	44	0.99231
56	59	1.04676
56	72	0.785256
56	73	1.06027
56	116	1.03364
56	129	0.987837
56	143	0.981966
56	148	1.00445
56	156	0.993697
56	159	0.992086
56	163	1.07579
56	172	0.999538
56	174	0.980064
56	175	0.978662
56	176	0.985358
56	178	0.796623
56	179	1.1714
57	9	0.988413
57	74	1.01106
57	80	1.05148
57	86	1.04595
57	118	1.03802
57	130	1.08907
57	144	0.82856
57	157	1.04916
57	160	1.08566
57	166	0.859392
57	168	1.05952
57	169	1.07865
57	172	0.844919
57	176	0.978303
57	177	1.10793
57	179	1.103
57	180	0.873411
58	54	0.792867
58	79	0.790455
58	122	0.797314
58	123	0.632475
58	126	0.858801
58	127	0.879284
58	147	0.879789
58	153	0.863865
58	155	0.882262
58	162	0.849531
58	175	0.81475
58	176	0.821445
58	178	0.63271
58	179	0.864486
58	180	0.6349
59	20	0.880395
59	48	1.04124
59	56	1.04676
59	118	0.855271
59	127	0.725811
59	131	1.0614
59	144	1.09057
59	149	1.07145
59	152	1.10072
59	157	0.910829
59	164	0.827492
59	166	1.09518
59	171	1.08332
59	174	1.06974
59	175	1.06833
59	176	1.07503
59	178	0.886295
60	101	0.998964
60	103	0.732742
60	104	1.04814
60	107	0.906625
60	111	1.04075
60	122	1.02974
60	139	1.06427
60	141	1.05894
60	152	0.850921
60	157	1.04307
60	161	1.0078
60	164	1.07949
60	167	1.08463
60	168	1.05343
60	170	0.866797
60	177	1.10185
60	179	1.09691
61	98	0.961831
61	99	0.976979
61	123	0.817642
61	125	1.00657
61	142	1.18504
61	148	1.0257
61	150	1.19298
61	156	1.01495
61	159	1.01334
61	161	1.00855
61	162	1.0347
61	172	1.02079
61	174	1.00132
61	175	0.999917
61	176	1.00661
61	178	0.817878
61	180	0.820068
62	80	1.0112
62	87	0.964437
62	90	1.12999
62	99	0.9399
62	114	0.918614
62	146	0.975292
62	149	0.965956
62	156	0.977873
62	159	0.976262
62	161	0.971474
62	162	0.997619
62	166	0.989683
62	168	1.16577
62	172	0.983714
62	174	0.96424
62	175	0.962838
62	176	0.969534
63	31	1.00333
63	71	0.7864
63	76	0.925622
63	86	1.20281
63	110	0.961392
63	111	1.05338
63	114	0.923304
63	120	0.931652
63	129	0.976702
63	146	0.979982
63	148	0.993315
63	149	0.970647
63	159	0.980952
63	161	0.976164
63	169	1.24868
63	171	0.982509
63	172	0.988404
63	175	0.967528
64	54	0.93934
64	109	1.19634
64	128	0.952728
64	137	1.00286
64	138	0.993768
64	150	0.974692
64	151	1.23033
64	160	0.993619
64	163	0.970988
64	165	1.00691
64	167	0.998678
64	168	0.967481
64	169	0.986608
64	170	0.780847
64	172	1.31503
64	177	1.0159
64	179	1.01096
64	180	0.781374
65	7	0.660713
65	20	0.648769
65	105	0.657619
65	110	0.830572
65	127	0.901242
65	140	0.900367
65	153	0.885824
65	155	0.904221
65	162	0.871489
65	167	0.874164
65	169	0.862094
65	170	0.656333
65	176	0.843404
65	177	0.891382
65	178	0.654669
65	179	0.886445
65	180	0.656859
66	38	0.938274
66	42	0.915194
66	47	1.21252
66	52	1.03978
66	79	0.942416
66	88	0.974682
66	104	1.10681
66	125	0.973358
66	126	1.20163
66	132	0.967543
66	154	0.977426
66	166	0.993555
66	171	0.981691
66	172	0.987586
66	174	0.968112
66	175	0.96671
66	176	0.973406
66	180	0.786861
67	5	1.1022
67	46	0.862686
67	50	0.808793
67	54	1.01176
67	102	1.03654
67	130	1.06945
67	131	0.846501
67	139	1.05074
67	150	1.04711
67	158	1.06456
67	164	1.06596
67	165	1.07933
67	167	1.0711
67	168	1.0399
67	169	1.05903
67	173	0.847529
67	179	1.08338
67	180	0.853791
68	80	1.02277
68	95	0.932178
68	113	0.968746
68	121	1.03412
68	139	1.04165
68	151	0.850563
68	152	0.869231
68	157	1.02046
68	158	1.05547
68	163	1.03432
68	164	1.05687
68	165	1.07024
68	168	1.03081
68	169	1.04994
68	175	1.10709
68	177	1.07923
68	178	0.842514
68	179	1.07429
69	15	0.625039
69	37	0.917316
69	85	0.996924
69	102	1.02777
69	121	1.03444
69	128	1.01637
69	138	1.05741
69	155	0.826359
69	157	1.02077
69	160	1.05727
69	163	1.03463
69	164	1.05719
69	168	1.03113
69	169	1.05026
69	170	0.844494
69	176	1.21995
69	177	1.07954
69	179	1.07461
70	17	0.932333
70	26	0.607657
70	28	0.773545
70	103	0.842333
70	127	0.874944
70	134	0.860452
70	139	0.827507
70	144	0.83265
70	147	0.875449
70	153	0.859526
70	169	0.835795
70	170	0.630034
70	171	0.825391
70	174	0.811812
70	177	0.865084
70	178	0.62837
70	179	0.860147
70	180	0.630561
71	63	0.7864
71	107	0.843622
71	123	0.63683
71	135	0.834061
71	147	0.884145
71	155	0.886618
71	163	0.82887
71	165	0.864793
71	167	0.856561
71	168	0.825363
71	170	0.63873
71	171	0.834086
71	174	0.820508
71	175	0.819106
71	177	0.873779
71	178	0.637066
71	179	0.868842
71	180	0.639256
72	1	0.878227
72	27	0.604199
72	56	0.785256
72	119	0.655345
72	134	0.856869
72	145	0.825623
72	147	0.871867
72	148	0.832614
72	153	0.855943
72	155	0.87434
72	156	0.821862
72	159	0.820251
72	164	0.839143
72	167	0.844283
72	169	0.832213
72	170	0.626452
72	177	0.861501
72	179	0.856564
72	180	0.626978
73	51	0.9563
73	56	1.06027
73	86	0.977794
73	87	0.972713
73	118	0.969864
73	127	1.04964
73	130	1.02091
73	139	1.0022
73	158	1.01602
73	160	1.0175
73	161	0.909902
73	163	0.99487
73	164	1.01742
73	165	1.03079
73	167	1.02256
73	169	1.01049
73	176	0.952439
73	177	1.03978
73	179	1.03484
74	39	0.771387
74	40	0.774432
74	57	1.01106
74	113	0.902227
74	127	1.02257
74	130	0.993842
74	150	0.971504
74	158	0.988953
74	160	0.990431
74	162	1.11746
74	164	0.99035
74	165	1.00372
74	167	0.99549
74	168	0.964293
74	170	0.777659
74	171	1.38608
74	174	1.39023
74	177	1.01271
74	179	1.00777
75	11	0.967197
75	55	0.929974
75	77	1.01769
75	117	1.04455
75	127	1.08297
75	139	1.03553
75	144	0.90113
75	157	1.01434
75	158	1.04935
75	161	1.00834
75	163	1.0282
75	164	1.05075
75	167	1.05589
75	168	1.02469
75	169	1.04382
75	173	0.832323
75	177	1.07311
75	179	1.06817
75	180	0.838585
76	25	0.8241
76	45	0.95103
76	63	0.925622
76	108	0.970319
76	112	0.969433
76	113	1.47869
76	121	1.11261
76	145	0.977123
76	148	0.984114
76	150	1.13938
76	156	0.973362
76	162	0.993108
76	166	0.985172
76	170	0.777952
76	171	0.973308
76	172	0.979203
76	174	0.959729
76	175	0.958327
76	176	0.965023
77	36	0.909893
77	75	1.01769
77	86	0.992178
77	92	0.841254
77	111	0.99307
77	121	1.00906
77	136	0.969046
77	137	1.04113
77	141	1.01126
77	149	1.0289
77	158	1.03041
77	160	1.03188
77	163	1.00925
77	167	1.03694
77	168	1.00575
77	172	0.959142
77	176	1.09253
77	177	1.05416
77	179	1.04922
78	23	0.603388
78	29	0.642775
78	88	0.816073
78	129	0.817275
78	130	0.843908
78	140	0.871759
78	142	0.860229
78	147	0.87314
78	153	0.857217
78	155	0.875613
78	160	0.840497
78	165	0.853789
78	170	0.627725
78	171	0.823082
78	174	0.809503
78	176	0.814797
78	177	0.862775
78	178	0.626061
78	179	0.857838
79	58	0.790455
79	66	0.942416
79	95	1.01862
79	99	0.953001
79	107	1.00046
79	109	0.995573
79	120	0.940062
79	152	1.00833
79	154	0.986655
79	158	1.20216
79	159	0.989363
79	161	0.984574
79	162	1.01072
79	164	1.29665
79	170	0.795563
79	172	0.996815
79	173	0.789827
79	175	0.975939
79	179	1.21502
80	57	1.05148
80	62	1.0112
80	68	1.02277
80	104	0.999414
80	110	0.91961
80	111	0.992031
80	113	0.942641
80	122	0.981013
80	129	1.00932
80	141	1.01022
80	150	1.01192
80	157	0.994351
80	163	1.00821
80	164	1.03076
80	168	1.00471
80	169	1.02383
80	172	0.941252
80	177	1.05312
80	179	1.04819
81	52	0.71254
81	54	0.985085
81	84	1.25272
81	86	0.999658
81	90	1.01461
81	136	0.976526
81	137	1.04861
81	148	0.981473
81	157	1.00287
81	160	1.03936
81	163	1.01673
81	165	1.05266
81	166	0.906693
81	167	1.04442
81	168	1.01323
81	169	1.03235
81	177	1.06164
81	179	1.0567
81	180	0.827119
82	1	1.10067
82	91	1.02788
82	96	1.04766
82	103	1.06119
82	126	1.07332
82	134	1.07931
82	135	1.04423
82	140	1.09293
82	142	1.0814
82	145	1.0073
82	146	1.04729
82	153	1.07839
82	155	1.09678
82	160	0.733108
82	170	0.848896
82	172	1.05656
82	173	0.843159
82	178	0.847231
82	180	0.849422
83	89	0.968765
83	91	0.947519
83	93	0.993293
83	103	0.980834
83	115	0.980085
83	126	0.992963
83	134	0.998954
83	135	0.963867
83	140	1.01257
83	142	1.00104
83	147	1.01395
83	153	0.998027
83	155	1.01642
83	162	1.24622
83	163	1.01557
83	170	0.768536
83	176	1.57887
83	178	0.766872
83	180	0.769062
84	81	1.25272
84	95	1.0044
84	107	0.986228
84	108	0.973704
84	114	0.917487
84	115	1.40036
84	124	0.978135
84	148	0.987499
84	151	0.967712
84	152	0.994102
84	156	0.976746
84	161	0.970347
84	165	1.3304
84	170	0.781336
84	172	0.982587
84	173	0.7756
84	174	0.963114
84	175	0.961712
84	176	0.968407
84	180	0.781862
85	17	0.92326
85	36	0.882693
85	69	0.996924
85	90	0.979928
85	98	1.00029
85	113	0.91648
85	122	0.954852
85	138	1.00483
85	151	1.04326
85	158	1.00321
85	160	1.00468
85	161	1.2188
85	163	0.982053
85	164	1.0046
85	165	1.01798
85	167	1.00974
85	168	0.978546
85	169	0.997673
85	172	1.12796
85	177	1.02696
85	179	1.02202
86	32	0.944051
86	57	1.04595
86	63	1.20281
86	73	0.977794
86	77	0.992178
86	81	0.999658
86	90	1.00056
86	116	0.929681
86	122	0.975488
86	158	1.02384
86	160	1.02532
86	161	1.04093
86	163	1.00269
86	165	1.03861
86	167	1.03038
86	169	1.01831
86	170	0.812548
86	173	0.806812
86	175	1.12191
86	177	1.0476
86	179	1.04266
87	25	0.867605
87	43	0.921236
87	62	0.964437
87	73	0.972713
87	100	1.02185
87	111	0.954303
87	131	0.994893
87	132	1.00267
87	139	1.05603
87	141	1.13701
87	143	1.00514
87	144	1.02407
87	152	1.03422
87	154	1.01255
87	159	1.01526
87	161	1.01047
87	162	1.03661
87	171	1.01681
87	174	1.00323
87	176	1.00853
87	178	0.819792
88	7	0.83221
88	8	0.956551
88	28	0.97134
88	66	0.974682
88	78	0.816073
88	98	0.888279
88	100	1.02822
88	124	1.02463
88	129	1.01738
88	131	1.00127
88	134	1.08323
88	145	1.027
88	151	1.01421
88	155	1.0806
88	156	1.02324
88	165	1.04621
88	166	1.03505
88	172	1.02908
88	174	1.00961
88	175	1.00821
88	176	1.0149
89	26	0.817334
89	27	0.817458
89	41	1.03524
89	83	0.968765
89	91	1.01869
89	93	1.06447
89	96	1.03847
89	108	1.18809
89	115	1.05126
89	126	1.06414
89	137	0.747865
89	140	1.08375
89	142	1.07221
89	147	1.08513
89	151	1.11839
89	153	1.0692
89	155	1.0876
89	166	1.21757
89	173	0.833975
89	178	0.838047
89	180	0.840238
90	26	0.805121
90	62	1.12999
90	81	1.01461
90	85	0.979928
90	86	1.00056
90	97	0.970927
90	118	0.992633
90	133	0.823214
90	137	1.04951
90	141	1.01964
90	162	0.860782
90	163	1.01764
90	165	1.05356
90	166	1.07451
90	167	1.04533
90	168	1.01413
90	169	1.03326
90	175	1.23187
90	177	1.06255
90	178	0.825834
90	179	1.05761
91	15	1.10978
91	55	1.17856
91	82	1.02788
91	83	0.947519
91	89	1.01869
91	96	1.01722
91	103	1.03076
91	131	1.25459
91	133	0.814181
91	134	1.04888
91	135	1.0138
91	140	1.0625
91	142	1.05097
91	147	1.06388
91	153	1.04796
91	155	1.06635
91	169	0.89753
91	173	0.812729
91	178	0.816801
91	179	0.831768
91	180	0.818992
92	4	1.07412
92	6	0.999239
92	31	1.06232
92	50	1.02789
92	77	0.841254
92	94	1.00638
92	95	1.0692
92	117	1.02933
92	120	0.990643
92	127	0.792246
92	143	1.02982
92	145	1.04532
92	147	0.921084
92	149	1.02964
92	151	1.03252
92	154	1.03724
92	165	0.852013
92	166	1.05336
92	169	0.878058
92	174	1.02792
92	175	1.02652
92	176	1.03322
93	15	1.15555
93	83	0.993293
93	89	1.06447
93	96	1.063
93	103	1.07654
93	108	0.792928
93	113	0.925866
93	126	1.08867
93	132	1.01393
93	133	0.859955
93	134	1.09466
93	135	1.05957
93	140	1.10827
93	142	1.09674
93	146	0.79867
93	147	1.10965
93	153	1.09373
93	155	1.11213
93	173	0.858504
93	175	0.97976
93	178	0.862576
93	180	0.864766
94	42	0.928582
94	92	1.00638
94	97	1.23097
94	108	0.992091
94	111	0.884201
94	120	0.944222
94	125	0.986746
94	132	0.980931
94	138	0.981109
94	143	0.983402
94	144	1.00234
94	148	1.00589
94	151	0.986099
94	154	0.990814
94	157	1.17871
94	161	0.988734
94	162	1.01488
94	171	0.995079
94	174	0.9815
94	175	0.980098
94	176	0.986794
94	180	0.800249
95	24	0.879226
95	48	1.01583
95	68	0.932178
95	79	1.01862
95	84	1.0044
95	92	1.0692
95	96	0.668675
95	100	1.06293
95	117	1.04573
95	120	1.00704
95	124	1.05934
95	131	1.03598
95	151	1.04892
95	156	1.05795
95	158	0.914237
95	161	1.05155
95	162	1.0777
95	167	0.911608
95	171	1.0579
95	172	1.06379
95	176	1.04961
95	180	0.863069
96	3	2.36612
96	17	0.467064
96	41	1.03377
96	47	1.04632
96	82	1.04766
96	89	1.03847
96	91	1.01722
96	93	1.063
96	95	0.668675
96	115	1.04979
96	116	0.651362
96	126	1.06267
96	133	0.833958
96	134	1.06866
96	135	1.03357
96	140	1.08228
96	142	1.07075
96	147	1.08366
96	150	0.450387
96	153	1.06773
96	155	1.08613
96	170	0.838242
96	178	0.836578
97	37	0.978162
97	90	0.970927
97	94	1.23097
97	118	0.948045
97	121	0.972856
97	127	1.02782
97	136	0.932844
97	137	1.00492
97	138	0.995831
97	146	1.13815
97	150	0.976756
97	158	0.994204
97	160	0.995683
97	163	0.973051
97	164	0.995602
97	165	1.00897
97	167	1.00074
97	168	0.969544
97	173	0.777174
97	175	1.31924
97	177	1.01796
97	179	1.01302
97	180	0.783437
98	36	0.938644
98	61	0.961831
98	85	1.00029
98	88	0.888279
98	120	0.986255
98	130	1.06405
98	131	0.900479
98	136	0.997796
98	137	1.06988
98	138	1.06078
98	150	1.04171
98	157	1.02414
98	160	1.06064
98	163	1.038
98	164	1.06055
98	167	1.06569
98	168	1.0345
98	169	1.05362
98	176	0.945354
98	177	1.08291
98	178	0.846199
98	179	1.07798
98	180	0.84839
99	13	0.950046
99	25	0.843069
99	31	1.0131
99	61	0.976979
99	62	0.9399
99	79	0.953001
99	107	1.00181
99	117	0.980108
99	139	1.0948
99	149	0.980414
99	154	0.988011
99	159	0.99072
99	162	1.01208
99	165	1.16233
99	166	1.00414
99	167	1.10713
99	171	0.992276
99	172	0.998171
99	174	0.978697
99	175	0.977295
99	176	0.983991
99	177	1.15008
99	178	0.795256
100	3	0.913386
100	4	1.06785
100	8	0.968594
100	46	1.01142
100	51	1.02389
100	87	1.02185
100	88	1.02822
100	95	1.06293
100	108	1.03224
100	109	1.03988
100	120	0.984371
100	124	1.03667
100	130	0.857011
100	141	0.898755
100	143	1.02355
100	158	0.832731
100	160	0.856452
100	162	1.05503
100	166	1.04709
100	172	1.04112
100	174	1.02165
100	175	1.02025
100	176	1.02694
101	22	1.01259
101	24	1.02035
101	60	0.998964
101	111	0.945608
101	122	0.93459
101	131	1.20747
101	136	0.921583
101	138	0.984571
101	139	0.969123
101	156	1.10107
101	157	0.947928
101	159	1.1479
101	160	0.984422
101	163	0.961791
101	164	0.984341
101	165	0.997713
101	167	0.989481
101	168	0.958283
101	169	0.977411
101	176	1.25235
101	177	1.0067
101	178	0.769986
101	179	1.00176
102	12	0.953273
102	54	0.981246
102	67	1.03654
102	69	1.02777
102	111	0.996711
102	118	0.987888
102	121	1.0127
102	127	1.06766
102	128	0.994634
102	129	1.05715
102	137	1.04477
102	138	1.03567
102	143	0.901171
102	148	1.07833
102	150	1.0166
102	152	0.923048
102	156	0.971191
102	157	0.999031
102	164	1.03544
102	167	1.04058
102	168	1.00939
102	177	1.0578
102	179	1.05287
102	180	0.82328
103	19	1.07271
103	41	1.04731
103	60	0.732742
103	70	0.842333
103	82	1.06119
103	83	0.980834
103	91	1.03076
103	93	1.07654
103	107	1.06995
103	122	1.08896
103	126	1.07621
103	130	0.757391
103	134	1.0822
103	135	1.04711
103	140	1.09581
103	142	1.08428
103	147	1.0972
103	149	1.15004
103	153	1.08127
103	155	1.09967
103	170	0.851781
103	173	0.846045
103	178	0.850117
103	180	0.852307
104	2	1.12087
104	9	0.936351
104	46	0.928511
104	60	1.04814
104	66	1.10681
104	80	0.999414
104	108	0.808811
104	127	1.06573
104	128	0.992704
104	136	0.970757
104	138	1.03374
104	150	1.01467
104	157	0.997102
104	158	1.03212
104	160	1.0336
104	163	1.01096
104	164	1.03351
104	167	1.03865
104	168	1.00746
104	169	1.02658
104	171	0.893182
104	177	1.05587
104	178	0.819159
104	179	1.05094
105	11	0.769907
105	65	0.657619
105	119	0.669662
105	126	0.865196
105	130	0.856951
105	134	0.871187
105	135	0.8361
105	142	0.873272
105	150	0.834614
105	153	0.87026
105	155	0.888657
105	159	0.834569
105	162	0.855926
105	163	0.830909
105	166	0.84799
105	170	0.640769
105	172	0.84202
105	173	0.635033
105	174	0.822547
105	176	0.82784
105	177	0.875818
105	178	0.639105
105	179	0.870881
105	180	0.641295
106	5	0.796702
106	40	0.619408
106	115	0.834185
106	116	0.857985
106	124	0.819434
106	126	0.847063
106	138	0.835556
106	140	0.866669
106	142	0.855139
106	146	0.815464
106	147	0.86805
106	149	0.806129
106	153	0.852127
106	157	0.798914
106	164	0.835327
106	167	0.840466
106	169	0.828397
106	173	0.616899
106	175	0.803011
106	176	0.809707
106	177	0.857685
106	178	0.620971
106	179	0.852748
106	180	0.623162
107	24	0.871984
107	35	1.03333
107	37	1.0293
107	47	0.919197
107	60	0.906625
107	71	0.843622
107	79	1.00046
107	84	0.986228
107	99	1.00181
107	103	1.06995
107	114	0.980526
107	115	1.02953
107	144	1.04699
107	146	1.0372
107	149	1.02787
107	159	1.03817
107	161	1.03339
107	162	1.05953
107	166	1.0516
107	171	1.03973
107	172	1.04563
107	174	1.02615
107	176	1.03145
107	180	0.844901
108	37	1.01678
108	76	0.970319
108	84	0.973704
108	89	1.18809
108	93	0.792928
108	94	0.992091
108	100	1.03224
108	104	0.808811
108	110	1.00609
108	112	1.02333
108	147	1.02397
108	148	1.03801
108	152	1.04462
108	154	1.02294
108	159	1.02565
108	162	1.04701
108	166	1.03907
108	171	1.02721
108	172	1.0331
108	174	1.01363
108	175	1.01223
108	176	1.01892
108	177	0.94264
108	180	0.832377
109	8	0.968214
109	43	0.939272
109	52	1.09294
109	64	1.19634
109	79	0.995573
109	100	1.03988
109	110	1.01373
109	116	1.07484
109	123	0.837593
109	125	1.02652
109	133	0.835208
109	140	0.943126
109	141	0.864655
109	144	1.04211
109	146	1.03232
109	155	0.885595
109	156	1.0349
109	159	1.03329
109	161	1.0285
109	166	1.04671
109	168	0.977132
109	170	0.839493
109	174	1.02127
109	175	1.01987
109	176	1.02656
110	35	1.00268
110	44	1.00775
110	52	1.06717
110	63	0.961392
110	65	0.830572
110	80	0.91961
110	108	1.00609
110	109	1.01373
110	116	1.04907
110	120	0.958221
110	131	0.987159
110	144	1.01634
110	145	1.01289
110	146	1.00655
110	156	1.00913
110	157	1.07351
110	164	0.990172
110	165	0.948259
110	166	1.02094
110	169	0.974303
110	171	1.00908
110	172	1.01497
110	174	0.9955
110	175	0.994098
110	176	1.00079
111	14	0.950652
111	24	1.06214
111	43	1.25998
111	60	1.04075
111	63	1.05338
111	77	0.99307
111	80	0.992031
111	87	0.954303
111	94	0.884201
111	101	0.945608
111	102	0.996711
111	121	1.00339
111	130	1.02962
111	136	0.963373
111	150	1.00729
111	154	0.868198
111	157	0.989718
111	158	1.02473
111	163	1.00358
111	164	1.02613
111	165	1.0395
111	168	1.00007
111	173	0.807704
111	177	1.04849
111	179	1.04355
112	53	1.01962
112	55	0.983232
112	76	0.969433
112	108	1.02333
112	115	0.967043
112	120	0.975462
112	129	1.02051
112	133	0.826679
112	135	1.12596
112	145	1.03013
112	148	1.03713
112	151	1.01734
112	153	1.08294
112	154	1.02205
112	156	1.02637
112	161	1.01997
112	162	1.04612
112	171	1.02632
112	172	1.03221
112	173	0.825227
112	174	1.01274
112	175	1.01134
112	176	1.01804
112	177	0.884827
112	179	0.857365
113	18	1.01395
113	33	0.985666
113	51	0.915622
113	68	0.968746
113	74	0.902227
113	76	1.47869
113	80	0.942641
113	85	0.91648
113	93	0.925866
113	128	0.935931
113	130	0.980233
113	136	0.913984
113	137	0.986064
113	138	0.976971
113	139	0.961523
113	141	0.956195
113	150	0.957895
113	164	0.976742
113	165	0.990114
113	166	1.3969
113	169	0.969811
113	173	0.758314
113	174	1.45594
113	177	0.9991
113	178	0.762386
113	179	0.994163
114	6	0.928728
114	17	1.07793
114	35	0.964591
114	42	0.904493
114	48	0.928916
114	62	0.918614
114	63	0.923304
114	84	0.917487
114	107	0.980526
114	129	0.965183
114	130	1.18717
114	134	1.25248
114	143	0.959313
114	149	0.959128
114	150	1.28868
114	151	0.96201
114	152	0.988399
114	161	0.964645
114	166	0.982854
114	171	0.97099
114	172	0.976885
114	174	0.957411
114	175	0.956009
114	178	0.77397
114	179	1.17575
115	1	1.10281
115	16	0.957009
115	33	0.715706
115	41	1.04656
115	49	0.840942
115	83	0.980085
115	84	1.40036
115	89	1.05126
115	96	1.04979
115	106	0.834185
115	107	1.02953
115	112	0.967043
115	126	1.07546
115	133	0.846747
115	134	1.08145
115	135	1.04636
115	140	1.09507
115	142	1.08353
115	147	1.09645
115	153	1.08052
115	154	1.10741
115	155	1.09892
115	170	0.851032
115	173	0.845295
115	178	0.849367
115	180	0.851558
116	4	1.10281
116	18	0.764069
116	34	0.997184
116	52	1.12828
116	56	1.03364
116	86	0.929681
116	96	0.651362
116	106	0.857985
116	109	1.07484
116	110	1.04907
116	143	1.05851
116	148	1.08099
116	151	1.06121
116	152	1.0876
116	156	1.07024
116	157	1.07475
116	159	1.06863
116	162	1.08999
116	163	0.814179
116	166	1.08205
116	167	0.894295
116	173	0.869096
116	174	1.05661
116	175	1.05521
116	176	1.0619
116	178	0.873168
117	22	0.899257
117	33	1.0674
117	53	1.01133
117	75	1.04455
117	92	1.02933
117	95	1.04573
117	99	0.980108
117	131	0.996108
117	132	1.00388
117	144	1.02529
117	152	1.03544
117	154	1.01376
117	156	1.01808
117	159	1.01647
117	161	1.01168
117	162	1.03783
117	170	0.822671
117	171	1.01803
117	172	1.02392
117	174	1.00445
117	175	1.00305
117	176	1.00974
117	177	1.08471
117	178	0.821007
117	179	1.05724
117	180	0.823197
118	10	1.30971
118	11	0.933755
118	18	1.05452
118	23	0.780279
118	38	1.33859
118	57	1.03802
118	59	0.855271
118	73	0.969864
118	90	0.992633
118	97	0.948045
118	102	0.987888
118	125	0.961036
118	128	0.976498
118	136	0.95455
118	138	1.01754
118	141	0.996761
118	143	0.951684
118	150	0.998462
118	160	1.01739
118	163	0.994758
118	164	1.01731
118	165	1.03068
118	167	1.02245
118	168	0.99125
118	169	1.01038
118	178	0.802953
118	179	1.03473
119	21	0.675346
119	49	0.658286
119	72	0.655345
119	105	0.669662
119	123	0.666476
119	133	0.664091
119	135	0.863707
119	141	0.86052
119	142	0.900879
119	143	0.852055
119	145	0.867547
119	147	0.913791
119	151	0.854752
119	152	0.881141
119	153	0.897867
119	154	0.859467
119	158	0.879669
119	163	0.858516
119	164	0.881067
119	170	0.668376
119	173	0.662639
119	175	0.848751
119	176	0.855447
119	177	0.903425
119	178	0.666711
119	179	0.898488
119	180	0.668902
120	53	0.972639
120	63	0.931652
120	79	0.940062
120	92	0.990643
120	94	0.944222
120	95	1.00704
120	98	0.986255
120	100	0.984371
120	110	0.958221
120	112	0.975462
120	125	0.971005
120	129	0.973531
120	131	0.957418
120	144	0.986597
120	145	0.983153
120	151	0.970357
120	155	1.17857
120	159	0.977781
120	160	1.11533
120	161	0.972992
120	166	0.991202
120	167	1.08898
120	171	0.979338
120	172	0.985233
120	174	0.965759
120	175	0.964357
120	176	0.971053
120	179	1.10447
121	52	0.836665
121	68	1.03412
121	69	1.03444
121	76	1.11261
121	77	1.00906
121	97	0.972856
121	102	1.0127
121	111	1.00339
121	122	0.992368
121	124	0.914435
121	128	1.00131
121	136	0.979361
121	137	1.05144
121	141	1.02157
121	152	0.950312
121	158	1.04072
121	160	1.0422
121	162	0.817088
121	163	1.01957
121	164	1.04212
121	165	1.05549
121	167	1.04726
121	168	1.01606
121	169	1.03519
121	173	0.823692
121	174	1.08986
121	177	1.06448
121	179	1.05954
122	7	0.806803
122	9	0.91795
122	14	0.939635
122	31	0.982956
122	40	0.799195
122	58	0.797314
122	60	1.02974
122	80	0.981013
122	85	0.954852
122	86	0.975488
122	101	0.93459
122	103	1.08896
122	121	0.992368
122	128	0.974303
122	136	0.952356
122	138	1.01534
122	141	0.994567
122	146	1.26391
122	150	0.996268
122	153	1.16444
122	158	1.01372
122	160	1.01519
122	163	0.992563
122	167	1.02025
122	168	0.989056
122	169	1.00818
122	174	1.34669
122	177	1.03747
122	179	1.03253
123	32	0.769086
123	47	0.845659
123	49	0.627494
123	58	0.632475
123	61	0.817642
123	71	0.63683
123	109	0.837593
123	119	0.666476
123	126	0.86201
123	127	0.882492
123	128	0.809463
123	135	0.832914
123	139	0.835055
123	140	0.881617
123	142	0.870086
123	148	0.843745
123	150	0.831428
123	155	0.885471
123	159	0.831383
123	160	0.850355
123	161	0.826594
123	166	0.844803
123	173	0.631847
123	174	0.81936
123	177	0.872632
123	179	0.867695
123	180	0.638109
124	12	1.35115
124	30	0.919934
124	39	0.830008
124	52	1.08973
124	53	1.02494
124	84	0.978135
124	88	1.02463
124	95	1.05934
124	100	1.03667
124	106	0.819434
124	121	0.914435
124	125	1.0233
124	129	1.02583
124	132	1.01749
124	133	0.831997
124	138	0.795642
124	144	1.0389
124	145	1.03545
124	146	1.02911
124	147	0.937061
124	149	1.01977
124	154	1.02737
124	156	1.03169
124	157	0.993241
124	159	1.03008
124	162	1.05144
124	172	1.03753
124	173	0.830545
124	174	1.01806
124	175	1.01666
125	1	0.968867
125	35	1.01546
125	37	1.01143
125	61	1.00657
125	66	0.973358
125	94	0.986746
125	109	1.02652
125	118	0.961036
125	120	0.971005
125	124	1.0233
125	131	0.999943
125	150	0.964561
125	151	1.01288
125	152	1.03927
125	153	1.0772
125	154	1.0176
125	156	1.02192
125	157	1.01659
125	159	1.02031
125	161	1.01552
125	162	1.04166
125	164	0.933256
125	166	1.03373
125	170	0.826506
125	171	1.02186
125	172	1.02776
125	174	1.00828
125	175	1.00688
125	176	1.01358
125	180	0.827032
126	15	1.15522
126	23	0.839572
126	53	0.97107
126	58	0.858801
126	66	1.20163
126	82	1.07332
126	83	0.992963
126	89	1.06414
126	93	1.08867
126	96	1.06267
126	103	1.07621
126	105	0.865196
126	106	0.847063
126	115	1.07546
126	123	0.86201
126	129	0.9867
126	134	1.09433
126	135	1.05924
126	140	1.10794
126	142	1.09641
126	146	0.909367
126	147	1.10932
126	153	1.0934
126	154	0.986183
126	155	1.1118
126	170	0.86391
126	173	0.858174
126	176	1.05201
126	178	0.862246
126	180	0.864436
127	12	1.01491
127	45	0.952103
127	58	0.879284
127	59	0.725811
127	65	0.901242
127	70	0.874944
127	73	1.04964
127	74	1.02257
127	75	1.08297
127	92	0.792246
127	97	1.02782
127	102	1.06766
127	104	1.06573
127	123	0.882492
127	128	1.05627
127	136	1.03433
127	141	1.07654
127	156	0.892243
127	157	1.06067
127	158	1.09569
127	160	1.09716
127	163	1.07453
127	165	1.11046
127	167	1.10222
127	168	1.07103
127	170	0.884392
127	172	0.910134
127	174	0.983651
127	175	1.08196
127	177	1.11944
127	179	1.1145
128	8	1.17914
128	12	0.941882
128	28	1.24345
128	33	1.03298
128	36	0.902144
128	51	0.962934
128	64	0.952728
128	69	1.01637
128	102	0.994634
128	104	0.992704
128	113	0.935931
128	118	0.976498
128	121	1.00131
128	122	0.974303
128	123	0.809463
128	127	1.05627
128	130	1.02755
128	132	1.19678
128	138	1.02428
128	141	1.00351
128	151	0.906077
128	157	0.987641
128	158	1.02266
128	159	1.01971
128	160	1.02414
128	162	0.791521
128	163	1.0015
128	164	1.02405
128	169	1.01712
128	177	1.04641
128	179	1.04148
129	35	1.01799
129	56	0.987837
129	63	0.976702
129	78	0.817275
129	80	1.00932
129	88	1.01738
129	102	1.05715
129	112	1.02051
129	114	0.965183
129	120	0.973531
129	124	1.02583
129	126	0.9867
129	131	1.00247
129	138	0.965623
129	143	1.01271
129	145	1.0282
129	146	1.02186
129	148	1.03519
129	151	1.01541
129	156	1.02444
129	161	1.01804
129	162	1.04419
129	169	1.06402
129	171	1.02439
129	172	1.03028
129	174	1.01081
129	175	1.00941
129	176	1.0161
129	177	1.02572
129	178	0.827368
129	180	0.829559
130	18	1.10556
130	44	0.979056
130	57	1.08907
130	67	1.06945
130	73	1.02091
130	74	0.993842
130	78	0.843908
130	98	1.06405
130	100	0.857011
130	103	0.757391
130	105	0.856951
130	111	1.02962
130	113	0.980233
130	114	1.18717
130	128	1.02755
130	133	0.85138
130	141	1.04781
130	145	0.892344
130	150	1.04951
130	151	0.856902
130	157	1.03194
130	158	1.06696
130	160	1.06844
130	164	1.06836
130	165	1.08173
130	166	0.956076
130	167	1.0735
130	168	1.0423
130	169	1.06143
130	177	1.09071
130	178	0.854001
130	179	1.08578
131	5	0.986986
131	44	1.00694
131	59	1.0614
131	67	0.846501
131	87	0.994893
131	88	1.00127
131	91	1.25459
131	95	1.03598
131	98	0.900479
131	101	1.20747
131	110	0.987159
131	117	0.996108
131	120	0.957418
131	125	0.999943
131	129	1.00247
131	144	1.01553
131	146	1.00575
131	150	1.13163
131	152	1.02568
131	154	1.00401
131	156	1.00833
131	158	1.00583
131	159	1.00672
131	161	1.00193
131	162	1.02808
131	171	1.00828
131	173	0.807183
131	174	0.994697
131	175	0.993295
131	176	0.999991
131	178	0.811255
131	180	0.813446
132	2	0.963877
132	10	0.968744
132	13	0.973817
132	19	1.02245
132	43	0.920471
132	48	0.973974
132	50	1.00244
132	55	0.972959
132	66	0.967543
132	87	1.00267
132	93	1.01393
132	94	0.980931
132	117	1.00388
132	124	1.01749
132	128	1.19678
132	144	1.02331
132	146	1.01352
132	149	1.00418
132	151	1.00707
132	154	1.01178
132	156	1.0161
132	158	1.12332
132	161	1.0097
132	163	1.04058
132	166	1.02791
132	167	1.1207
132	170	0.820691
132	172	1.02194
132	173	0.814955
132	174	1.00247
132	175	1.00107
132	176	1.00776
132	180	0.821217
133	40	0.63197
133	53	0.823855
133	90	0.823214
133	91	0.814181
133	93	0.859955
133	96	0.833958
133	109	0.835208
133	112	0.826679
133	115	0.846747
133	119	0.664091
133	124	0.831997
133	130	0.85138
133	135	0.830529
133	150	0.829043
133	153	0.864689
133	155	0.883086
133	157	0.811476
133	163	0.825339
133	165	0.861261
133	166	0.842419
133	168	0.821831
133	170	0.635198
133	171	0.830555
133	172	0.836449
133	173	0.629462
133	176	0.822269
133	177	0.870247
133	178	0.633534
133	179	0.86531
133	180	0.635724
134	16	0.975878
134	19	1.09083
134	23	0.845562
134	27	0.847647
134	41	1.06543
134	47	1.07798
134	49	0.859811
134	53	1.05936
134	70	0.860452
134	72	0.856869
134	82	1.07931
134	83	0.998954
134	88	1.08323
134	91	1.04888
134	93	1.09466
134	96	1.06866
134	103	1.0822
134	105	0.871187
134	114	1.25248
134	115	1.08145
134	126	1.09433
134	135	1.06523
134	140	1.11393
134	142	1.1024
134	147	1.11532
134	153	1.09939
134	155	1.11779
134	164	0.754242
134	166	1.02139
134	170	0.8699
134	173	0.864164
134	176	1.1403
134	177	0.700072
134	178	0.868236
134	180	0.870427
135	1	1.08659
135	16	0.940792
135	19	1.05575
135	39	0.828541
135	47	1.04289
135	71	0.834061
135	82	1.04423
135	83	0.963867
135	91	1.0138
135	93	1.05957
135	96	1.03357
135	103	1.04711
135	105	0.8361
135	112	1.12596
135	115	1.04636
135	119	0.863707
135	123	0.832914
135	126	1.05924
135	133	0.830529
135	134	1.06523
135	136	1.17462
135	140	1.07885
135	142	1.06732
135	144	1.18242
135	147	1.08023
135	153	1.06431
135	155	1.0827
135	156	1.18089
135	159	1.22771
135	162	0.999521
135	170	0.834814
135	173	0.829077
