1	126	1.00621
1	153	1.04397
1	156	0.868874
1	157	1.07972
1	159	0.836995
1	160	0.964062
1	163	0.843445
1	165	1.07161
1	167	1.09587
1	175	1.09077
1	178	1.09778
1	179	1.09995
2	73	0.487697
2	111	0.499463
2	130	0.502057
2	133	0.770395
2	146	0.81019
2	163	0.786487
2	167	0.801622
2	173	0.826034
2	174	0.498205
2	176	0.810414
2	177	0.818643
2	180	0.810957
3	62	0.980981
3	64	1.00435
3	76	0.965625
3	114	0.82581
3	142	1.0796
3	154	0.911488
3	156	0.935769
3	159	0.90389
3	161	1.07399
3	162	1.0628
3	163	1.06539
3	173	1.10494
4	73	0.470239
4	80	0.484038
4	141	0.471617
4	146	0.792732
4	149	0.751405
4	156	0.761912
4	158	0.789807
4	169	0.777166
4	170	0.767439
4	173	0.808577
4	175	0.779068
4	179	0.78825
5	127	0.907548
5	138	0.884111
5	139	0.93238
5	149	0.932567
5	155	0.94922
5	159	0.929829
5	166	1.24239
5	170	0.9486
5	172	0.933973
5	173	1.21908
5	176	0.974117
5	177	1.20387
6	69	0.486115
6	101	0.493203
6	108	0.516872
6	142	0.807837
6	153	0.756866
6	158	0.814402
6	168	0.795461
6	174	0.505342
6	176	0.817551
6	177	0.82578
6	178	0.810674
6	180	0.818094
7	46	0.618393
7	60	0.853612
7	98	0.837531
7	111	0.635327
7	127	1.78247
7	140	0.933321
7	150	0.613731
7	158	0.943128
7	162	0.919762
7	163	0.92235
7	169	1.8366
7	173	0.961898
8	49	0.938644
8	57	1.02088
8	86	0.902248
8	124	1.06421
8	148	1.02753
8	159	1.049
8	162	0.94466
8	168	1.0712
8	170	1.06777
8	172	1.05314
8	178	0.948093
8	180	1.09383
9	81	1.05314
9	93	0.962951
9	108	0.798795
9	135	1.10125
9	142	1.08976
9	148	0.874275
9	157	0.873066
9	161	1.08415
9	163	1.07555
9	164	1.08706
9	173	1.11509
9	178	0.877913
10	58	1.04607
10	128	1.01318
10	135	0.735127
10	151	0.886597
10	166	1.07969
10	167	1.09818
10	171	1.08396
10	175	1.09308
10	177	1.1152
10	178	1.10009
10	179	1.10226
10	180	0.904318
11	15	0.709003
11	88	0.952645
11	91	0.936935
11	112	1.13454
11	119	0.96998
11	128	1.24177
11	144	1.14791
11	158	1.01247
11	161	1.00029
11	164	1.0032
11	173	1.03124
11	174	0.70341
12	60	0.995545
12	71	1.03508
12	94	0.960349
12	96	0.81395
12	98	0.979463
12	138	0.979873
12	157	0.84683
12	158	1.08506
12	162	1.06169
12	163	1.06428
12	173	1.10383
12	180	0.884302
13	34	0.454073
13	54	0.484672
13	101	0.472774
13	140	0.784165
13	157	0.772182
13	158	0.793973
13	163	0.773194
13	166	0.769843
13	172	0.756977
13	176	0.797121
13	177	0.805351
13	180	0.797665
14	60	1.14436
14	106	0.89323
14	166	0.963156
14	167	0.981644
14	169	0.974645
14	170	1.19302
14	171	0.96743
14	175	0.976548
14	177	0.998664
14	178	0.983558
14	179	0.985729
14	180	1.22236
15	11	0.709003
15	80	0.526337
15	130	0.526899
15	150	0.502709
15	151	0.76019
15	162	0.80874
15	168	0.813166
15	171	0.81225
15	174	0.523046
15	177	0.843485
15	178	0.828379
15	180	0.835798
16	42	0.793537
16	122	0.867753
16	153	1.04783
16	154	1.05459
16	157	1.08358
16	164	0.945666
16	169	1.09272
16	175	1.09463
16	176	0.932155
16	177	1.11674
16	178	1.10164
16	179	1.10381
17	107	0.504805
17	119	0.783694
17	141	0.507995
17	142	0.81962
17	150	0.496787
17	160	0.766158
17	164	0.816915
17	174	0.517124
17	175	0.815446
17	178	0.822457
17	179	0.824628
17	180	0.829876
18	24	0.558414
18	41	0.794398
18	83	0.846993
18	113	0.864075
18	139	0.840356
18	161	1.79667
18	168	0.860003
18	170	0.856575
18	171	1.81532
18	172	0.841948
18	176	0.882092
18	180	0.882636
19	62	1.39898
19	122	1.19908
19	128	0.87583
19	153	0.908935
19	154	0.915697
19	165	0.936571
19	169	0.953829
19	171	0.946614
19	173	1.20921
19	175	0.955732
19	177	0.977848
19	178	0.962743
19	179	0.964914
20	89	1.00928
20	127	0.90219
20	128	0.993524
20	147	0.983628
20	157	1.06237
20	163	1.01759
20	165	1.05426
20	166	1.06003
20	167	1.07852
20	168	0.953637
20	174	0.775104
20	177	1.09554
20	179	1.08261
21	51	1.08021
21	114	0.955575
21	150	0.78952
21	151	1.047
21	157	1.01651
21	161	1.10674
21	162	1.09555
21	163	1.09814
21	164	1.10965
21	173	1.13769
21	174	0.809857
21	176	1.02013
21	177	0.950643
22	58	0.916156
22	75	0.981812
22	110	0.948903
22	123	0.988244
22	136	0.974838
22	147	0.990431
22	163	1.03621
22	166	0.98527
22	168	1.02835
22	170	1.02492
22	172	1.01029
22	177	0.946745
22	180	1.05098
23	104	1.28426
23	110	0.90513
23	133	0.935584
23	135	1.13656
23	141	0.654264
23	151	1.28803
23	157	0.950663
23	166	0.948324
23	169	0.959813
23	171	0.952597
23	177	0.983832
23	178	0.968726
23	179	0.970897
24	18	0.558414
24	119	0.772554
24	134	0.494151
24	140	0.805238
24	141	0.496856
24	159	0.773906
24	172	0.77805
24	173	0.833815
24	174	0.505985
24	177	0.826423
24	178	0.811318
24	179	0.813489
24	180	0.818737
25	75	1.00815
25	83	0.87455
25	97	0.945012
25	133	1.02637
25	138	1.03262
25	157	1.04145
25	167	1.0576
25	169	1.0506
25	171	1.04338
25	175	1.0525
25	178	1.05951
25	179	1.06168
25	180	0.937052
26	81	0.994964
26	119	0.995654
26	125	0.961364
26	142	1.03158
26	146	1.04107
26	158	1.03814
26	162	1.01478
26	163	1.01737
26	167	0.973752
26	169	0.952323
26	170	0.998123
26	173	1.05691
26	175	1.02585
27	28	0.981728
27	38	1.03804
27	62	0.95819
27	69	0.735091
27	88	1.00355
27	95	0.952071
27	103	0.964559
27	118	0.983302
27	146	1.0663
27	158	1.06338
27	163	1.0426
27	164	1.05411
27	173	1.08215
28	27	0.981728
28	48	0.982855
28	63	0.912639
28	122	1.00144
28	132	1.00963
28	141	0.735872
28	142	1.0489
28	147	0.997204
28	152	0.985425
28	168	1.03512
28	170	1.03169
28	172	1.01707
28	176	1.05721
28	180	1.05775
29	74	0.771684
29	140	0.87725
29	143	0.829867
29	157	1.12112
29	159	0.904579
29	165	1.11301
29	166	1.11878
29	167	1.13726
29	168	0.847073
29	171	1.12305
29	175	1.13217
29	177	1.15428
29	178	1.13918
29	179	1.14135
30	31	1.0739
30	68	0.962317
30	102	1.07714
30	123	0.997277
30	136	0.983871
30	147	0.999463
30	152	0.987684
30	159	1.01518
30	168	1.03738
30	169	1.04054
30	170	1.03395
30	172	1.01933
30	174	0.747261
30	180	1.06001
31	30	1.0739
31	62	0.931823
31	106	1.00518
31	117	1.00271
31	120	0.954378
31	125	0.96023
31	129	1.05082
31	137	0.711347
31	142	1.03045
31	158	1.03701
31	161	1.02483
31	162	1.01364
31	163	1.01623
31	180	1.0295
32	55	0.88655
32	81	1.0585
32	103	0.945062
32	117	1.00839
32	138	0.937659
32	139	0.985929
32	144	0.962569
32	148	0.961908
32	161	1.05408
32	170	1.00215
32	172	0.987521
32	176	1.02767
32	177	1.03655
32	180	1.02821
33	118	1.06918
33	133	1.01347
33	137	0.724673
33	139	1.02982
33	164	1.01887
33	165	1.02044
33	166	1.02621
33	167	1.04469
33	169	1.0377
33	171	1.03048
33	176	1.00536
33	177	1.06171
33	178	1.04661
33	179	1.04878
34	13	0.454073
34	54	0.486374
34	70	0.474304
34	80	0.489906
34	116	0.728173
34	127	0.732254
34	135	0.800604
34	161	0.783498
34	163	0.774897
34	166	0.771545
34	169	0.783034
34	173	0.814444
34	176	0.798824
34	178	0.791947
35	52	1.76799
35	68	0.925687
35	88	0.87417
35	111	0.626193
35	120	0.851362
35	122	0.891887
35	146	0.93692
35	151	0.862078
35	161	0.921818
35	162	0.910628
35	164	0.924726
35	165	1.29196
35	168	1.2298
35	173	0.952764
36	99	1.12192
36	121	0.950073
36	126	1.00189
36	131	0.973913
36	143	1.00701
36	148	0.988906
36	152	0.982878
36	153	1.02789
36	157	0.968031
36	168	1.03257
36	170	1.02915
36	174	0.742454
36	176	1.05466
36	180	1.05521
37	124	1.10318
37	131	1.05151
37	136	1.05666
37	139	1.09052
37	144	1.06716
37	159	1.08797
37	161	0.821115
37	167	0.853207
37	170	1.10674
37	172	1.09212
37	173	0.818798
37	175	0.905304
37	179	0.854215
37	180	1.1328
38	27	1.03804
38	41	0.971487
38	56	0.908965
38	87	0.980258
38	89	1.04767
38	110	1.05482
38	116	0.98853
38	121	0.95459
38	152	0.987395
38	160	0.996005
38	168	1.03709
38	174	0.746972
38	176	1.05918
38	179	1.10329
39	73	0.493366
39	81	0.769753
39	96	0.772707
39	108	0.515404
39	111	0.505132
39	134	0.492039
39	139	0.774346
39	140	0.803126
39	173	0.831703
39	174	0.503874
39	175	0.802195
39	176	0.816083
39	178	0.809206
39	179	0.811377
40	82	1.12127
40	106	1.01033
40	136	0.97494
40	138	0.960533
40	141	0.729201
40	144	0.985442
40	145	0.985772
40	148	0.984781
40	155	1.02564
40	159	1.00625
40	164	1.01431
40	168	1.02845
40	172	1.01039
40	176	1.05054
41	18	0.794398
41	38	0.971487
41	57	0.981775
41	114	1.06438
41	126	1.15916
41	152	0.982393
41	156	1.02313
41	159	1.00989
41	160	0.991003
41	161	1.07697
41	163	1.14891
41	168	1.03209
41	172	1.01403
41	174	0.741969
41	176	1.05418
42	16	0.793537
42	50	1.13883
42	70	0.808341
42	101	0.808513
42	143	1.08521
42	147	1.07285
42	154	0.886098
42	155	1.10796
42	156	1.10182
42	159	1.08857
42	168	1.11077
42	175	0.897205
42	176	1.13286
42	179	0.846117
42	180	1.1334
43	92	1.03141
43	123	0.942299
43	145	1.13595
43	152	0.932707
43	155	0.979594
43	156	0.973448
43	159	0.960204
43	160	0.941316
43	163	1.17096
43	166	1.12002
43	168	0.982403
43	170	0.978975
43	172	0.964348
43	176	1.00449
43	180	1.00504
44	81	0.901357
44	129	0.997093
44	143	0.887703
44	145	1.06819
44	147	0.934901
44	153	1.04236
44	154	1.04912
44	167	1.09425
44	168	0.904909
44	169	1.08725
44	173	0.894615
44	175	1.08916
44	177	1.11127
44	178	1.09617
44	179	1.09834
45	75	0.947207
45	123	0.858229
45	132	1.06919
45	146	0.838764
45	154	1.0496
45	157	1.07858
45	160	0.982854
45	165	1.07047
45	169	1.08773
45	171	1.08051
45	175	1.08963
45	176	0.842264
45	177	1.11175
45	178	1.09664
45	179	1.09881
46	7	0.618393
46	79	0.757229
46	107	0.48946
46	108	0.513309
46	134	0.489945
46	155	0.78909
46	163	0.790061
46	165	0.78094
46	167	0.805197
46	173	0.829609
46	174	0.501779
46	176	0.813988
46	178	0.807111
46	179	0.809282
46	180	0.814531
47	87	1.03237
47	132	0.974176
47	138	1.18024
47	153	0.947823
47	154	0.954585
47	155	1.05142
47	157	0.983568
47	159	1.06435
47	165	0.975459
47	169	0.992717
47	171	0.985502
47	175	0.99462
47	177	1.01674
47	178	1.00163
47	179	1.0038
48	28	0.982855
48	67	0.944052
48	103	0.984913
48	109	0.839007
48	138	0.97751
48	142	0.955431
48	148	1.00176
48	155	1.04262
48	156	1.03647
48	158	0.97165
48	159	1.02323
48	165	0.99055
48	166	0.941407
48	170	1.042
48	176	1.06752
48	180	1.06806
49	8	0.938644
49	51	0.948344
49	71	0.909563
49	82	0.917665
49	89	0.988039
49	126	0.967631
49	129	0.960125
49	131	0.980941
49	145	1.03122
49	159	1.00889
49	166	1.0388
49	167	1.05728
49	171	1.04307
49	175	1.05219
49	177	1.0743
49	179	1.06137
50	42	1.13883
50	86	1.23283
50	102	0.907697
50	107	0.654143
50	117	0.941222
50	120	0.89289
50	124	1.19294
50	142	0.968958
50	146	0.978448
50	158	0.975522
50	161	0.963346
50	162	0.952156
50	163	0.954744
50	164	0.966253
50	171	1.24414
50	173	0.994292
51	21	1.08021
51	49	0.948344
51	71	1.04689
51	72	0.97336
51	76	0.976329
51	94	0.97216
51	98	0.991274
51	112	0.898233
51	124	0.872056
51	130	0.791665
51	137	0.771209
51	147	0.942581
51	149	0.996877
51	163	1.07609
51	164	1.0876
51	173	1.11564
52	35	1.76799
52	67	1.50693
52	97	0.812225
52	109	0.884726
52	135	1.36245
52	150	0.601056
52	153	0.872917
52	157	0.908662
52	165	0.900553
52	166	0.906323
52	169	0.917812
52	171	0.910596
52	175	0.919714
52	177	0.941831
52	178	0.926725
52	179	0.928896
53	73	0.491129
53	108	0.513167
53	111	0.502895
53	113	0.795828
53	140	0.800889
53	141	0.492507
53	160	0.75067
53	163	0.789918
53	164	0.801427
53	165	0.780797
53	170	0.788328
53	171	0.79084
53	174	0.501636
53	176	0.813845
53	177	0.822074
53	178	0.806969
54	13	0.484672
54	34	0.486374
54	69	0.497988
54	125	0.749494
54	137	0.500611
54	156	0.798379
54	158	0.826274
54	162	0.802907
54	169	0.813633
54	171	0.806417
54	173	0.845044
54	174	0.517214
54	176	0.829423
54	178	0.822546
54	179	0.824717
54	180	0.829966
55	32	0.88655
55	61	1.13722
55	72	1.20367
55	100	1.07805
55	113	0.982739
55	136	0.925157
55	139	0.959019
55	147	0.94075
55	149	0.959206
55	156	0.969712
55	159	0.956468
55	168	0.978667
55	174	0.688547
55	176	1.00076
55	179	1.13871
55	180	1.0013
56	38	0.908965
56	87	0.912734
56	96	0.948281
56	103	0.909054
56	121	0.887066
56	136	0.916058
56	141	0.670318
56	147	0.931651
56	151	1.2252
56	160	0.928481
56	170	0.96614
56	171	1.17577
56	176	0.991657
56	178	1.2103
56	179	1.19022
56	180	0.9922
57	8	1.02088
57	41	0.981775
57	97	1.09848
57	102	0.962026
57	115	0.993168
57	139	1.02773
57	156	1.03842
57	160	1.00629
57	168	1.04738
57	169	0.925424
57	170	1.04395
57	172	1.02932
57	176	1.06947
57	177	0.897233
57	178	0.967942
57	180	1.07001
58	10	1.04607
58	22	0.916156
58	72	1.2253
58	120	1.23947
58	136	0.931992
58	143	0.95994
58	147	0.947585
58	154	1.20032
58	155	0.982693
58	159	0.963303
58	168	0.985502
58	170	0.982074
58	172	0.967446
58	174	0.695382
58	176	1.00759
58	180	1.00813
59	60	0.925968
59	64	0.933667
59	71	0.965503
59	125	0.938704
59	127	0.959488
59	140	1.00568
59	142	1.00892
59	148	1.0525
59	151	0.943568
59	158	1.01548
59	161	1.00331
59	162	0.992118
59	164	1.00622
59	171	1.02161
59	172	1.10687
59	173	1.03425
59	177	0.985429
60	7	0.853612
60	12	0.995545
60	14	1.14436
60	59	0.925968
60	95	0.934752
60	102	0.978233
60	125	0.969278
60	140	1.03625
60	147	0.945447
60	151	0.974142
60	156	1.00484
60	158	1.04606
60	162	1.02269
60	164	1.03679
60	172	1.01139
60	173	1.06483
60	175	0.991667
61	55	1.13722
61	78	0.993178
61	118	1.04706
61	129	0.930128
61	132	1.00175
61	144	0.93827
61	154	0.982156
61	165	1.00303
61	167	1.02729
61	169	1.02029
61	171	1.01307
61	173	0.928967
61	175	1.02219
61	177	1.04431
61	178	1.0292
61	179	1.03137
61	180	1.01709
62	3	0.980981
62	19	1.39898
62	27	0.95819
62	31	0.931823
62	117	0.996087
62	135	1.03532
62	139	1.16355
62	141	0.712197
62	150	0.70099
62	159	1.15262
62	161	1.01821
62	162	1.00702
62	164	1.02112
62	173	1.04916
62	174	0.721327
62	177	1.0696
63	28	0.912639
63	77	1.37754
63	111	0.68635
63	117	1.22938
63	124	0.968222
63	136	0.921701
63	141	0.675962
63	143	0.949649
63	149	0.955749
63	152	0.925515
63	159	0.953012
63	160	0.934125
63	166	1.29606
63	168	0.975211
63	176	0.9973
63	177	1.25754
63	180	0.997843
64	3	1.00435
64	59	0.933667
64	76	0.933214
64	116	0.980506
64	120	0.971124
64	123	1.06156
64	137	0.728093
64	146	1.05668
64	151	0.98184
64	158	1.05376
64	160	1.18618
64	161	1.04158
64	162	1.03039
64	163	1.03298
64	173	1.07253
64	174	0.744697
64	178	1.04681
64	180	1.07944
65	92	0.958998
65	116	1.3045
65	134	0.655891
65	143	1.3084
65	145	0.94508
65	153	0.91925
65	154	0.926012
65	157	0.954995
65	163	1.38956
65	167	0.971143
65	169	0.964145
65	171	0.956929
65	174	0.667726
65	175	0.966047
65	176	1.36959
65	177	0.988164
65	178	0.973058
65	179	0.975229
66	94	1.11574
66	128	0.924913
66	131	1.02543
66	133	0.978684
66	145	0.983848
66	151	1.05598
66	154	0.96478
66	165	0.985654
66	166	0.991424
66	167	1.00991
66	169	1.00291
66	170	1.04436
66	171	0.995697
66	173	0.985583
66	175	1.00481
66	177	1.02693
66	178	1.01183
66	179	1.014
67	48	0.944052
67	52	1.50693
67	116	0.947758
67	118	0.945248
67	138	0.928402
67	143	0.970757
67	149	0.976857
67	152	0.946623
67	156	0.987364
67	159	0.97412
67	168	0.996319
67	169	0.971428
67	170	0.992891
67	172	0.978263
67	173	0.958449
67	175	1.04495
67	179	0.993865
67	180	1.01895
68	30	0.962317
68	35	0.925687
68	72	1.00375
68	95	1.01596
68	102	1.05944
68	120	1.04463
68	136	0.933478
68	137	0.801603
68	145	0.86904
68	151	1.05535
68	161	1.11509
68	162	1.1039
68	163	1.10649
68	164	1.118
68	167	0.864203
68	171	0.850761
68	173	1.14604
68	180	0.917918
69	6	0.486115
69	27	0.735091
69	54	0.497988
69	113	0.792419
69	130	0.502081
69	137	0.481625
69	140	0.79748
69	146	0.810214
69	156	0.779393
69	157	0.785498
69	160	0.747261
69	164	0.798019
69	173	0.826058
69	174	0.498228
69	175	0.79655
69	177	0.818666
69	179	0.805731
69	180	0.81098
70	34	0.474304
70	42	0.808341
70	122	0.772096
70	130	0.508997
70	134	0.493309
70	141	0.496014
70	145	0.782498
70	150	0.484807
70	154	0.763431
70	158	0.814204
70	161	0.802027
70	167	0.808561
70	170	0.791836
70	173	0.832974
70	174	0.505144
70	175	0.803465
70	176	0.817353
70	180	0.817896
71	12	1.03508
71	49	0.909563
71	51	1.04689
71	59	0.965503
71	92	0.798216
71	119	1.0431
71	140	1.07579
71	142	1.07903
71	146	1.08852
71	155	0.918389
71	158	1.08559
71	162	1.06223
71	163	1.06481
71	164	1.07632
71	169	0.876494
71	173	1.10436
71	176	0.917791
71	180	0.951637
72	51	0.97336
72	55	1.20367
72	58	1.2253
72	68	1.00375
72	98	0.906464
72	117	0.977762
72	119	0.969571
72	127	0.954269
72	130	0.706855
72	140	1.00225
72	142	1.0055
72	146	1.01499
72	151	0.940146
72	161	0.999885
72	162	0.988695
72	164	1.00279
72	170	1.0542
72	177	0.98021
73	2	0.487697
73	4	0.470239
73	39	0.493366
73	53	0.491129
73	88	0.756182
73	101	0.494808
73	120	0.733374
73	127	0.752587
73	142	0.809442
73	159	0.774868
73	163	0.795229
73	164	0.806738
73	175	0.805268
73	176	0.819156
73	177	0.827385
73	178	0.812279
73	179	0.81445
73	180	0.819699
74	29	0.771684
74	84	0.84955
74	95	0.991465
74	97	1.01598
74	98	0.997174
74	117	1.06847
74	120	1.02014
74	122	1.06066
74	135	1.1077
74	140	1.09296
74	145	0.869191
74	151	1.03085
74	152	1.0023
74	158	1.10277
74	163	1.08199
74	164	1.0935
74	172	0.936173
74	174	0.793711
75	22	0.981812
75	25	1.00815
75	45	0.947207
75	103	0.990644
75	108	0.772569
75	129	1.16371
75	141	0.751909
75	143	1.0256
75	146	1.10504
75	149	1.0317
75	156	1.0422
75	159	1.02896
75	160	1.01007
75	170	1.04773
75	172	1.0331
75	174	0.761038
75	175	1.14077
75	180	1.07379
76	3	0.965625
76	51	0.976329
76	64	0.933214
76	113	1.11041
76	115	1.17236
76	117	0.980731
76	135	1.01996
76	140	1.00522
76	142	1.00847
76	150	0.685635
76	158	1.01503
76	162	0.991665
76	163	0.994254
76	164	1.00576
76	168	1.13244
76	171	1.14311
76	173	1.0338
76	174	0.705972
76	180	1.21027
77	63	1.37754
77	85	0.982686
77	100	0.935736
77	120	1.11438
77	132	0.977514
77	137	0.683033
77	145	0.976991
77	152	1.17218
77	154	0.957923
77	165	0.978797
77	166	0.984567
77	167	1.00305
77	169	0.996056
77	171	0.98884
77	175	0.997958
77	176	1.05411
77	177	1.02007
77	178	1.00497
77	179	1.00714
78	61	0.993178
78	81	0.891665
78	112	1.02612
78	118	1.00302
78	119	0.910426
78	124	0.854684
78	132	1.06464
78	151	0.955325
78	154	1.04505
78	165	1.06592
78	166	1.07169
78	169	1.08318
78	171	1.07597
78	174	0.786763
78	175	1.08508
78	177	1.1072
78	178	1.0921
78	179	1.09427
78	180	0.973046
79	46	0.757229
79	90	1.02789
79	91	1.00643
79	95	0.970658
79	119	1.03947
79	120	0.999332
79	122	1.03986
79	123	0.959716
79	125	1.00518
79	142	1.0754
79	156	0.989153
79	161	1.06979
79	162	1.0586
79	163	1.06119
79	164	1.0727
79	166	0.912787
79	171	0.91044
79	173	1.10073
79	176	0.943751
80	4	0.484038
80	15	0.526337
80	34	0.489906
80	105	0.506869
80	135	0.834734
80	137	0.504142
80	138	0.742948
80	157	0.808015
80	158	0.829805
80	160	0.769779
80	161	0.817628
80	164	0.820536
80	167	0.824163
80	170	0.807437
80	171	0.809949
80	172	0.79281
80	174	0.520745
80	179	0.828249
81	9	1.05314
81	26	0.994964
81	32	1.0585
81	39	0.769753
81	44	0.901357
81	78	0.891665
81	83	0.927404
81	91	1.01686
81	94	0.967682
81	119	1.0499
81	125	1.01561
81	151	1.02048
81	156	1.00146
81	158	1.09239
81	161	1.08022
81	162	1.06903
81	163	1.07162
81	173	1.11116
81	177	0.886571
82	40	1.12127
82	49	0.917665
82	89	0.915426
82	100	0.917352
82	112	0.920613
82	124	1.03954
82	136	1.17346
82	145	0.958607
82	147	1.11007
82	157	0.968523
82	165	0.960414
82	166	0.966183
82	169	0.977672
82	171	0.970456
82	172	1.17601
82	175	0.979574
82	177	1.00169
82	178	0.986585
82	179	0.988756
83	18	0.846993
83	25	0.87455
83	81	0.927404
83	127	1.0402
83	143	1.05912
83	144	1.04168
83	147	1.04677
83	152	1.03499
83	153	1.03117
83	156	1.07573
83	158	0.974218
83	167	0.955071
83	168	1.08468
83	170	1.08126
83	171	0.941628
83	172	1.06663
83	174	0.794564
83	176	1.10677
83	180	1.10732
84	74	0.84955
84	86	0.924297
84	90	0.986786
84	116	1.01524
84	118	1.01273
84	128	1.01781
84	131	1.00514
84	133	0.948007
84	148	1.02013
84	155	1.06099
84	160	1.02271
84	165	0.9871
84	167	0.949053
84	168	1.0638
84	170	1.06037
84	172	1.04575
84	174	0.773681
84	176	1.08589
84	180	1.08643
85	77	0.982686
85	97	1.06393
85	116	1.01275
85	118	1.01024
85	119	0.903401
85	121	0.978812
85	123	1.02121
85	127	1.01683
85	132	0.875963
85	134	0.75936
85	149	1.04185
85	152	1.01162
85	155	1.05851
85	159	1.03911
85	160	1.02023
85	164	0.945685
85	168	1.06131
85	169	0.890877
85	172	1.04326
86	8	0.902248
86	50	1.23283
86	84	0.924297
86	99	0.929163
86	106	0.946433
86	110	0.973166
86	119	0.930197
86	129	0.937688
86	132	1.00931
86	133	1.00362
86	146	0.95547
86	153	0.982954
86	164	0.97248
86	165	1.01059
86	167	1.03485
86	169	1.02785
86	171	1.02063
86	175	1.02975
86	178	1.03676
86	179	1.03893
87	38	0.980258
87	47	1.03237
87	56	0.912734
87	125	1.01593
87	136	0.987351
87	138	0.972944
87	143	1.0153
87	144	0.997853
87	152	0.991164
87	153	1.04138
87	159	1.01866
87	160	0.999774
87	161	0.933185
87	163	1.00512
87	168	1.04086
87	169	0.943848
87	170	1.03743
87	172	1.02281
87	176	1.06295
87	180	1.06349
88	11	0.952645
88	27	1.00355
88	35	0.87417
88	73	0.756182
88	98	0.970152
88	126	1.04123
88	142	1.06918
88	146	1.07867
88	151	1.00383
88	157	1.00738
88	158	1.07575
88	161	1.06357
88	162	1.05238
88	163	1.05497
88	164	1.06648
88	166	0.980041
88	168	0.967023
88	169	0.969708
88	172	1.06296
88	173	1.09452
89	20	1.00928
89	38	1.04767
89	49	0.988039
89	82	0.915426
89	91	0.991134
89	126	0.965392
89	129	0.957886
89	131	0.914695
89	144	0.884146
89	154	1.00991
89	160	1.06971
89	165	1.03079
89	166	1.03656
89	167	1.05504
89	169	1.04805
89	170	0.933623
89	171	1.04083
89	177	1.07207
89	178	1.05696
89	179	1.05913
90	79	1.02789
90	84	0.986786
90	110	1.0204
90	139	1.00103
90	140	1.07392
90	144	0.977671
90	148	0.97701
90	149	1.00122
90	150	0.710222
90	152	0.970983
90	155	1.01787
90	156	1.01172
90	159	0.99848
90	161	1.03577
90	168	1.02068
90	170	1.01725
90	172	1.00262
90	175	1.11996
90	176	1.04277
90	177	1.01824
90	180	1.04331
91	11	0.936935
91	79	1.00643
91	81	1.01686
91	89	0.991134
91	94	0.935327
91	107	0.738659
91	115	1.06155
91	119	1.01755
91	123	1.08157
91	125	0.983258
91	135	1.06497
91	151	0.988122
91	161	1.04786
91	162	1.03667
91	163	1.03926
91	164	1.05077
91	169	1.02431
91	172	1.11756
91	173	1.07881
91	174	0.750978
91	176	1.06561
92	43	1.03141
92	65	0.958998
92	71	0.798216
92	109	1.07206
92	132	1.0866
92	141	0.799597
92	143	0.82283
92	149	0.924324
92	153	1.06025
92	154	1.06701
92	161	0.832059
92	166	1.09366
92	167	1.11214
92	169	1.10515
92	171	1.09793
92	172	0.93597
92	175	1.10705
92	177	1.12917
92	178	1.11406
92	179	1.11623
92	180	0.917865
93	9	0.962951
93	96	1.05335
93	106	0.947142
93	111	0.733397
93	116	1.02477
93	118	1.15367
93	126	0.945903
93	127	0.994425
93	129	0.938397
93	133	1.00433
93	143	1.02866
93	154	0.990425
93	157	1.01941
93	166	1.01707
93	167	1.03556
93	169	1.02856
93	171	1.02134
93	175	1.03046
93	177	1.05258
93	178	1.03747
93	179	1.03964
94	12	0.960349
94	51	0.97216
94	66	1.11574
94	81	0.967682
94	91	0.935327
94	95	0.899557
94	102	0.943037
94	119	0.968372
94	120	0.92823
94	122	0.968755
94	134	0.689968
94	146	1.01379
94	154	1.10059
94	158	1.01086
94	159	1.09299
94	161	0.998686
94	162	0.987496
94	164	1.00159
94	172	1.13142
94	173	1.02963
94	178	1.08069
94	180	1.11332
95	27	0.952071
95	60	0.934752
95	68	1.01596
95	74	0.991465
95	79	0.970658
95	94	0.899557
95	114	1.05146
95	120	0.941635
95	121	1.17962
95	122	0.982161
95	146	1.02719
95	151	0.952352
95	153	1.17225
95	158	1.02427
95	161	1.01209
95	163	1.00349
95	164	1.015
95	173	1.04304
95	174	0.715208
95	176	1.11601
95	177	1.04652
95	179	1.09715
96	12	0.81395
96	39	0.772707
96	56	0.948281
96	93	1.05335
96	118	1.02534
96	121	0.993905
96	125	0.997878
96	131	1.01775
96	147	1.03849
96	148	1.03274
96	149	1.05695
96	155	1.0736
96	156	1.06745
96	158	0.966367
96	159	1.05421
96	160	1.03532
96	167	0.94722
96	170	1.07298
96	172	1.05835
96	177	0.8976
96	179	0.948229
96	180	1.09904
97	25	0.945012
97	52	0.812225
97	57	1.09848
97	74	1.01598
97	85	1.06393
97	99	0.906021
97	109	0.971621
97	126	0.922052
97	128	0.926707
97	140	1.12154
97	145	0.985641
97	148	1.13293
97	154	0.966574
97	157	0.995557
97	161	1.08339
97	165	0.987448
97	169	1.00471
97	171	0.99749
97	175	1.00661
97	177	1.02873
97	178	1.01362
97	179	1.01579
98	7	0.837531
98	12	0.979463
98	51	0.991274
98	72	0.906464
98	74	0.997174
98	88	0.970152
98	102	0.962151
98	113	1.04263
98	122	0.987869
98	125	0.953197
98	138	1.23806
98	140	1.02017
98	143	1.04746
98	151	0.95806
98	161	1.0178
98	163	1.0092
98	164	1.02071
98	168	1.06466
98	170	1.11315
98	171	1.07533
98	173	1.04875
98	174	0.720917
99	36	1.12192
99	86	0.929163
99	97	0.906021
99	114	0.981546
99	132	0.993066
99	137	0.698585
99	144	1.10889
99	145	0.992543
99	147	1.13987
99	154	0.973475
99	162	1.15165
99	164	1.16737
99	165	0.994349
99	166	1.00012
99	167	1.01861
99	168	1.10988
99	169	1.01161
99	171	1.00439
99	174	0.715188
99	175	1.01351
99	177	1.03563
99	178	1.02052
99	179	1.02269
100	55	1.07805
100	77	0.935736
100	82	0.917352
100	112	0.992914
100	126	0.967319
100	145	1.03091
100	152	1.04215
100	153	1.00508
100	154	1.01184
100	157	1.04082
100	158	0.923355
100	164	0.937587
100	165	1.03271
100	166	1.03848
100	167	1.05697
100	169	1.04997
100	170	0.92858
100	171	1.04276
100	172	0.976027
100	177	1.07399
100	178	1.05889
100	179	1.06106
100	180	0.957923
101	6	0.493203
101	13	0.472774
101	42	0.808513
101	73	0.494808
101	108	0.516846
101	120	0.731743
101	134	0.493481
101	135	0.819305
101	137	0.488712
101	141	0.496186
101	158	0.814376
101	160	0.754349
101	161	0.802199
101	163	0.793598
101	164	0.805106
101	167	0.808733
101	169	0.801735
101	170	0.792008
101	171	0.794519
101	176	0.817525
101	177	0.825754
101	179	0.812819
101	180	0.818068
102	30	1.07714
102	50	0.907697
102	57	0.962026
102	60	0.978233
102	68	1.05944
102	94	0.943037
102	98	0.962151
102	120	0.985116
102	134	0.746854
102	139	1.02336
102	140	1.05794
102	141	0.749559
102	142	1.06118
102	151	0.995832
102	152	1.11698
102	158	1.06775
102	159	1.01242
102	161	1.05557
102	162	1.04438
102	163	1.04697
102	164	1.05848
102	172	1.05085
102	173	1.08652
102	177	0.929411
103	27	0.964559
103	32	0.945062
103	48	0.984913
103	56	0.909054
103	75	0.990644
103	117	0.951019
103	123	0.997076
103	128	1.09756
103	133	1.02775
103	134	0.735226
103	144	0.994172
103	147	0.999263
103	148	0.993512
103	149	1.01772
103	155	1.03437
103	156	1.02823
103	160	0.996094
103	166	1.0177
103	168	1.03718
103	170	1.03375
103	172	1.01912
103	178	1.04989
103	179	1.02981
103	180	1.05981
104	23	1.28426
104	116	0.96132
104	121	0.927379
104	122	0.951548
104	131	0.951219
104	136	0.956371
104	138	0.941964
104	139	0.990233
104	143	0.984319
104	144	0.966873
104	147	0.971964
104	155	1.00707
104	156	1.00093
104	160	0.968794
104	161	0.963989
104	163	1.03592
104	166	0.984986
104	168	1.00988
104	169	0.974652
104	170	1.00645
104	171	0.982639
104	172	0.991826
104	176	1.03197
104	180	1.03251
105	80	0.506869
105	107	0.491259
105	108	0.515108
105	111	0.504836
105	122	0.77053
105	130	0.50743
105	140	0.80283
105	150	0.483241
105	155	0.790889
105	164	0.803368
105	166	0.788508
105	167	0.806995
105	170	0.79027
105	171	0.792781
105	172	0.775642
105	173	0.831407
105	174	0.503578
105	175	0.801899
105	176	0.815787
105	177	0.824016
105	178	0.80891
105	180	0.81633
106	14	0.89323
106	31	1.00518
106	40	1.01033
106	86	0.946433
106	93	0.947142
106	109	0.995792
106	110	0.974194
106	128	0.950878
106	131	0.998695
106	142	0.99618
106	143	0.951931
106	145	1.00981
106	152	1.1312
106	153	0.983982
106	165	1.01162
106	166	1.01739
106	167	1.03588
106	169	1.02888
106	171	1.02166
106	175	1.03078
106	176	1.01312
106	177	1.0529
106	178	1.03779
106	179	1.03996
107	17	0.504805
107	46	0.48946
107	50	0.654143
107	91	0.738659
107	105	0.491259
107	108	0.516666
107	123	0.755151
107	130	0.508988
107	137	0.488532
107	140	0.804388
107	145	0.78249
107	146	0.817121
107	148	0.751586
107	162	0.790829
107	163	0.793417
107	168	0.795255
107	169	0.801554
107	170	0.791827
107	171	0.794339
107	174	0.505135
107	175	0.803457
107	176	0.817344
107	177	0.825573
107	179	0.812638
107	180	0.817887
108	6	0.516872
108	9	0.798795
108	39	0.515404
108	46	0.513309
108	53	0.513167
108	75	0.772569
108	101	0.516846
108	105	0.515108
108	107	0.516666
108	136	0.765595
108	151	0.766128
108	152	0.769408
108	154	0.787272
108	156	0.81015
108	161	0.825868
108	162	0.814678
108	163	0.817267
108	167	0.832402
108	169	0.825404
108	171	0.818188
108	173	0.856814
108	174	0.528985
108	175	0.827306
108	178	0.834317
108	180	0.841737
109	48	0.839007
109	52	0.884726
109	92	1.07206
109	97	0.971621
109	106	0.995792
109	112	1.02015
109	115	0.866169
109	129	0.987047
109	133	1.05298
109	138	0.999647
109	152	0.988307
109	153	1.03231
109	157	1.06806
109	159	0.883754
109	160	1.01082
109	165	1.05995
109	166	1.06572
109	167	1.08421
109	171	1.06999
109	172	0.922181
109	175	1.07911
109	177	1.10123
109	178	1.08612
109	179	1.08829
109	180	0.904076
110	22	0.948903
110	23	0.90513
110	38	1.05482
110	86	0.973166
110	90	1.0204
110	106	0.974194
110	125	0.967053
110	126	0.972956
110	129	0.96545
110	132	1.03707
110	139	0.960724
110	145	1.03655
110	153	1.01072
110	157	1.04646
110	165	1.03835
110	166	1.04412
110	167	1.06261
110	168	0.892281
110	169	1.05561
110	170	0.940767
110	171	1.04839
110	172	0.988214
110	175	1.05751
110	177	1.07963
110	178	1.06452
110	179	1.06669
111	2	0.499463
111	7	0.635327
111	35	0.626193
111	39	0.505132
111	53	0.502895
111	63	0.68635
111	93	0.733397
111	105	0.504836
111	130	0.522565
111	135	0.832702
111	137	0.502109
111	139	0.789185
111	142	0.821208
111	146	0.830698
111	149	0.789371
111	152	0.759136
111	153	0.770237
111	163	0.806995
111	165	0.797874
111	170	0.805405
111	171	0.807916
111	173	0.846543
111	174	0.518713
111	175	0.817034
111	179	0.826216
111	180	0.831465
112	11	1.13454
112	51	0.898233
112	78	1.02612
112	82	0.920613
112	100	0.992914
112	109	1.02015
112	128	0.975234
112	129	0.963073
112	133	1.029
112	139	0.969715
112	148	0.942838
112	153	1.00834
112	154	1.0151
112	155	0.945852
112	157	1.04408
112	165	1.03597
112	166	1.04174
112	167	1.06023
112	168	0.901272
112	169	1.05323
112	170	0.949758
112	171	1.04602
112	175	1.05514
112	176	0.945255
112	177	1.07725
112	179	1.06432
113	18	0.864075
113	53	0.795828
113	55	0.982739
113	69	0.792419
113	76	1.11041
113	98	1.04263
113	117	0.839933
113	121	1.01926
113	124	1.09478
113	127	1.05729
113	129	0.992757
113	138	1.03385
113	142	0.920642
113	144	1.05876
113	148	1.0581
113	152	1.05207
113	159	1.07957
113	160	1.06068
113	162	0.935371
113	169	0.896285
113	170	1.09834
113	172	1.08371
113	174	0.811646
113	176	1.12385
113	179	0.918722
113	180	1.1244
114	3	0.82581
114	21	0.955575
114	41	1.06438
114	95	1.05146
114	99	0.981546
114	128	1.00223
114	129	0.990071
114	144	0.894064
114	145	1.06117
114	149	0.979342
114	150	0.763475
114	153	1.03534
114	154	1.0421
114	157	1.07108
114	164	0.952548
114	165	1.06297
114	166	1.06874
114	167	1.08723
114	169	1.08023
114	171	1.07302
114	174	0.783812
114	175	1.08213
114	177	1.10425
114	178	1.08914
114	179	1.09131
114	180	0.972884
115	57	0.993168
115	76	1.17236
115	91	1.06155
115	109	0.866169
115	116	0.994921
115	118	0.992412
115	120	1.0598
115	131	0.984821
115	136	0.989973
115	137	0.736759
115	138	0.975566
115	139	1.02383
115	143	1.01792
115	144	1.00047
115	146	0.996034
115	148	0.999814
115	149	1.02402
115	156	1.03453
115	158	0.998812
115	159	1.02128
115	170	1.04005
115	172	1.02543
115	174	0.753363
115	176	1.06557
115	177	0.930045
115	179	0.980674
115	180	1.06611
116	34	0.728173
116	38	0.98853
116	64	0.980506
116	65	1.3045
116	67	0.947758
116	84	1.01524
116	85	1.01275
116	93	1.02477
116	104	0.96132
116	115	0.994921
116	124	1.04214
116	126	0.968736
116	136	0.995623
116	144	1.00613
116	149	1.02967
116	151	0.954632
116	152	0.999437
116	153	0.99474
116	155	1.04632
116	159	1.02693
116	160	1.00805
116	168	1.04913
116	170	1.0457
116	172	1.03108
116	175	0.970736
116	177	0.869019
116	180	1.07176
117	31	1.00271
117	32	1.00839
117	50	0.941222
117	62	0.996087
117	63	1.22938
117	72	0.977762
117	74	1.06847
117	76	0.980731
117	103	0.951019
117	113	0.839933
117	119	1.05878
117	120	1.01864
117	135	1.1062
117	142	1.09471
117	146	1.1042
117	151	1.02936
117	158	1.10127
117	161	1.0891
117	162	1.07791
117	163	1.0805
117	164	1.092
117	167	0.886076
117	173	1.12004
117	174	0.792214
117	176	0.905945
117	177	0.836456
117	179	0.887085
117	180	0.939791
118	27	0.983302
118	33	1.06918
118	61	1.04706
118	67	0.945248
118	78	1.00302
118	84	1.01273
118	85	1.01024
118	93	1.15367
118	96	1.02534
118	115	0.992412
118	130	0.760356
118	131	0.987962
118	136	0.993114
118	143	1.02106
118	144	1.00362
118	148	1.00295
118	149	1.02716
118	150	0.736167
118	160	1.00554
118	165	1.08559
118	168	1.04662
118	170	1.0432
118	172	1.02857
118	173	1.01313
118	174	0.756504
118	176	1.06871
118	178	1.06863
118	180	1.06926
119	11	0.96998
119	17	0.783694
119	24	0.772554
119	26	0.995654
119	71	1.0431
119	72	0.969571
119	78	0.910426
119	79	1.03947
119	81	1.0499
119	85	0.903401
119	86	0.930197
119	91	1.01755
119	94	0.968372
119	117	1.05878
119	122	1.05098
119	125	1.0163
119	128	1.02371
119	135	1.09801
119	136	1.02423
119	140	1.08328
119	151	1.02117
119	156	1.02022
119	157	0.971195
119	158	1.09308
119	162	1.06972
119	164	1.08381
119	169	0.933524
119	171	0.94151
119	173	1.11185
120	31	0.954378
120	35	0.851362
120	50	0.89289
120	58	1.23947
120	64	0.971124
120	68	1.04463
120	73	0.733374
120	74	1.02014
120	77	1.11438
120	79	0.999332
120	94	0.92823
120	95	0.941635
120	101	0.731743
120	102	0.985116
120	115	1.0598
120	117	1.01864
120	133	1.04295
120	135	1.05787
120	142	1.04638
120	146	1.05587
120	151	0.981025
120	155	1.06446
120	161	1.04076
120	162	1.02957
120	163	1.03216
120	167	1.044
120	169	1.02257
120	173	1.07171
120	175	1.09609
121	36	0.950073
121	38	0.95459
121	56	0.887066
121	85	0.978812
121	95	1.17962
121	96	0.993905
121	104	0.927379
121	113	1.01926
121	125	1.09799
121	131	0.956531
121	132	1.01099
121	138	0.947275
121	139	0.995544
121	144	0.972185
121	147	0.977275
121	149	0.995731
121	152	0.965496
121	153	1.12343
121	155	1.01238
121	157	1.06357
121	160	0.974106
121	162	1.06499
121	165	1.08538
121	170	1.01176
121	172	0.997137
121	174	0.725072
121	176	1.03728
121	177	0.99771
121	180	1.03782
122	16	0.867753
122	19	1.19908
122	28	1.00144
122	35	0.891887
122	70	0.772096
122	74	1.06066
122	79	1.03986
122	94	0.968755
122	95	0.982161
122	98	0.987869
122	104	0.951548
122	105	0.77053
122	119	1.05098
122	125	1.01669
122	135	1.0984
122	140	1.08366
122	142	1.0869
122	146	1.09639
122	151	1.02155
122	154	0.960314
122	158	1.09347
122	161	1.08129
122	162	1.0701
122	163	1.07269
122	169	0.897895
122	172	0.991143
122	173	1.11224
122	175	0.971421
122	178	0.940414
123	22	0.988244
123	30	0.997277
123	43	0.942299
123	45	0.858229
123	64	1.06156
123	79	0.959716
123	85	1.02121
123	91	1.08157
123	103	0.997076
123	107	0.755151
123	130	0.771323
123	139	1.03794
123	143	1.03203
123	144	1.01458
123	148	1.01392
123	149	1.03813
123	152	1.00789
123	154	1.04068
123	155	1.05478
123	156	1.04864
123	157	1.01593
123	158	1.01884
123	159	1.03539
123	160	1.0165
123	161	0.967599
123	168	1.05759
123	169	0.978262
123	170	1.05416
123	172	1.03953
123	176	1.07968
124	8	1.06421
124	37	1.10318
124	50	1.19294
124	51	0.872056
124	63	0.968222
124	78	0.854684
124	82	1.03954
124	113	1.09478
124	116	1.04214
124	127	1.04622
124	130	0.804437
124	131	1.03204
124	133	0.898164
124	136	1.03719
124	138	1.02279
124	139	1.07106
124	141	0.791455
124	143	1.06514
124	145	0.904047
124	150	0.780248
124	152	1.04101
124	156	1.08175
124	159	1.06851
124	160	1.04962
124	166	0.888114
124	171	0.885768
124	172	1.07265
124	173	0.864802
124	175	0.951307
124	176	1.11279
124	180	1.11334
125	26	0.961364
125	31	0.96023
125	54	0.749494
125	59	0.938704
125	60	0.969278
125	79	1.00518
125	81	1.01561
125	87	1.01593
125	91	0.983258
125	96	0.997878
125	98	0.953197
125	110	0.967053
125	119	1.0163
125	121	1.09799
125	122	1.01669
125	134	0.7379
125	135	1.06372
125	140	1.04899
125	142	1.05223
125	143	0.973194
125	144	0.989409
125	148	1.03197
125	151	0.986878
125	156	1.07979
125	158	1.05879
125	161	1.04662
125	162	1.03543
125	163	1.03802
125	164	1.04952
125	172	1.08633
125	173	1.07756
126	1	1.00621
126	36	1.00189
126	41	1.15916
126	49	0.967631
126	88	1.04123
126	89	0.965392
126	93	0.945903
126	97	0.922052
126	100	0.967319
126	110	0.972956
126	116	0.968736
126	132	1.0091
126	133	1.00341
126	144	0.988849
126	145	1.00857
126	146	1.03032
126	153	0.982744
126	154	0.989507
126	157	1.01849
126	159	1.04735
126	165	1.01038
126	166	1.01615
126	167	1.03464
126	169	1.02764
126	171	1.02042
126	173	0.979546
126	175	1.02954
126	176	1.03382
126	177	1.05166
126	178	1.03655
126	179	1.03872
127	5	0.907548
127	7	1.78247
127	20	0.90219
127	34	0.732254
127	59	0.959488
127	72	0.954269
127	73	0.752587
127	83	1.0402
127	85	1.01683
127	93	0.994425
127	113	1.05729
127	124	1.04622
127	138	0.985297
127	143	1.02765
127	144	1.01021
127	147	1.0153
127	150	0.742757
127	152	1.00352
127	155	1.05041
127	156	1.04426
127	157	0.904539
127	159	1.03101
127	160	1.01213
127	162	0.905953
127	164	0.921676
127	168	1.05321
127	170	1.04979
127	172	1.03516
127	175	0.940394
127	176	1.0753
127	180	1.07585
128	10	1.01318
128	11	1.24177
128	19	0.87583
128	20	0.993524
128	66	0.924913
128	84	1.01781
128	97	0.926707
128	103	1.09756
128	106	0.950878
128	112	0.975234
128	114	1.00223
128	119	1.02371
128	133	1.00806
128	135	0.917137
128	145	1.01323
128	146	1.04898
128	150	0.715537
128	151	1.06861
128	153	0.987399
128	154	0.994161
128	157	1.02314
128	165	1.01503
128	166	1.0208
128	167	1.03929
128	169	1.03229
128	171	1.02508
128	173	0.998205
128	175	1.0342
128	177	1.05631
128	178	1.04121
128	179	1.04338
128	180	1.08633
129	31	1.05082
129	44	0.997093
129	49	0.960125
129	61	0.930128
129	75	1.16371
129	86	0.937688
129	89	0.957886
129	93	0.938397
129	109	0.987047
129	110	0.96545
129	112	0.963073
129	113	0.992757
129	114	0.990071
129	133	0.995904
129	135	0.923424
129	144	1.01379
129	152	1.17685
129	153	0.975238
129	154	0.982
129	157	1.01098
129	158	1.05805
129	159	1.07229
129	165	1.00287
129	166	1.00864
129	167	1.02713
129	168	1.01479
129	169	1.02013
129	171	1.01292
129	175	1.02203
129	177	1.04415
129	178	1.02905
129	179	1.03122
130	2	0.502057
130	15	0.526899
130	51	0.791665
130	69	0.502081
130	70	0.508997
130	72	0.706855
130	105	0.50743
130	107	0.508988
130	111	0.522565
130	118	0.760356
130	123	0.771323
130	124	0.804437
130	134	0.509473
130	150	0.50097
130	153	0.772831
130	157	0.808577
130	158	0.830367
130	161	0.81819
130	162	0.807
130	163	0.809589
130	164	0.821098
130	165	0.800468
130	166	0.806237
130	167	0.824725
130	168	0.811427
130	172	0.793371
130	173	0.849137
130	174	0.521307
130	176	0.833516
130	178	0.826639
130	179	0.82881
130	180	0.834059
131	36	0.973913
131	37	1.05151
131	49	0.980941
131	66	1.02543
131	84	1.00514
131	89	0.914695
131	96	1.01775
131	104	0.951219
131	106	0.998695
131	115	0.984821
131	118	0.987962
131	121	0.956531
131	124	1.03204
131	138	0.971116
131	142	0.972229
131	144	0.996025
131	147	1.00112
131	148	0.995364
131	152	0.989336
131	153	1.0454
131	155	1.03622
131	156	1.03008
131	157	0.985543
131	159	1.01683
131	160	0.997946
131	165	1.00735
131	168	1.03903
131	170	1.0356
131	172	1.02098
131	173	0.934893
131	176	1.06112
131	178	0.99039
131	180	1.06166
132	28	1.00963
132	45	1.06919
132	47	0.974176
132	61	1.00175
132	77	0.977514
132	78	1.06464
132	85	0.875963
132	86	1.00931
132	92	1.0866
132	99	0.993066
132	110	1.03707
132	121	1.01099
132	126	1.0091
132	133	1.06752
132	134	0.783497
132	135	0.812038
132	136	0.99679
132	153	1.04686
132	157	1.0826
132	164	0.960894
132	165	1.07449
132	166	1.08026
132	167	1.09875
132	169	1.09175
132	170	0.951886
132	171	1.08454
132	172	0.999334
132	173	0.893106
132	174	0.795332
132	175	1.09365
132	176	0.947383
132	177	1.11577
132	178	1.10066
132	179	1.10283
132	180	0.981229
133	2	0.770395
133	23	0.935584
133	25	1.02637
133	33	1.01347
133	66	0.978684
133	84	0.948007
133	86	1.00362
133	93	1.00433
133	103	1.02775
133	109	1.05298
133	112	1.029
133	120	1.04295
133	124	0.898164
133	126	1.00341
133	128	1.00806
133	129	0.995904
133	132	1.06752
133	140	0.968874
133	143	0.921491
133	145	1.067
133	156	1.02808
133	157	1.07691
133	158	0.981958
133	159	0.996203
133	165	1.06881
133	166	1.07458
133	167	1.09306
133	168	0.938697
133	169	1.08606
133	171	1.07885
133	174	0.789645
133	175	1.08797
133	176	0.98268
133	177	1.11008
133	178	1.09498
133	179	1.09715
134	24	0.494151
134	39	0.492039
134	46	0.489945
134	65	0.655891
134	70	0.493309
134	85	0.75936
134	94	0.689968
134	101	0.493481
134	102	0.746854
134	103	0.735226
134	125	0.7379
134	130	0.509473
134	132	0.783497
134	135	0.819609
134	137	0.489017
134	141	0.49649
134	142	0.808115
134	143	0.770178
134	146	0.817605
134	152	0.746043
134	154	0.763907
134	155	0.792931
134	160	0.754653
134	161	0.802503
134	162	0.791313
134	164	0.805411
134	165	0.784781
134	166	0.79055
134	169	0.802039
134	171	0.794823
134	172	0.777684
134	173	0.83345
134	174	0.50562
134	175	0.803941
134	177	0.826058
134	179	0.813123
