1	30	1.61014
1	73	0.863402
1	92	0.898291
1	100	0.822345
1	102	0.860948
1	155	1.1622
1	167	0.854259
1	172	0.811858
1	177	0.904704
1	178	0.809377
1	179	0.803168
1	180	0.793873
2	12	0.76318
2	73	0.685716
2	80	0.68711
2	84	0.675262
2	89	0.726379
2	92	0.720605
2	101	0.697769
2	104	0.697198
2	123	0.708123
2	135	0.672041
2	167	0.676573
2	177	0.727018
3	6	0.895025
3	12	0.916587
3	13	0.906283
3	18	0.777199
3	31	0.763292
3	35	0.846326
3	46	0.830918
3	48	0.824094
3	89	0.879785
3	135	0.825447
3	164	1.78973
3	180	2.61329
4	56	2.66957
4	76	1.58189
4	82	0.900302
4	133	0.880545
4	134	0.83613
4	136	0.854198
4	144	0.842173
4	146	0.843078
4	147	0.840515
4	148	0.853858
4	168	0.766819
4	176	0.766611
5	47	0.857176
5	91	0.828279
5	96	0.819901
5	115	0.876721
5	133	0.880826
5	134	0.836411
5	136	0.854479
5	139	2.3709
5	144	0.842454
5	146	0.843359
5	157	2.00545
5	176	0.766892
6	3	0.895025
6	12	1.01944
6	18	0.880051
6	27	0.970232
6	31	0.866145
6	39	0.937934
6	46	0.933771
6	89	0.982637
6	119	0.92767
6	139	1.55282
6	145	0.941964
6	172	2.12396
7	67	0.88889
7	79	0.939089
7	81	0.927692
7	99	0.942396
7	100	0.906795
7	102	0.945397
7	143	1.55124
7	158	0.911291
7	159	0.957798
7	167	0.938709
7	177	0.989154
7	180	2.21552
8	29	0.787139
8	40	0.850776
8	61	0.803334
8	66	0.85705
8	73	0.845533
8	77	0.845883
8	80	0.846926
8	92	0.880421
8	159	0.855479
8	166	1.92873
8	167	0.83639
8	169	2.42802
9	61	0.918502
9	66	0.972218
9	73	0.960701
9	77	0.961051
9	80	0.962094
9	92	0.995589
9	110	0.646017
9	118	1.52524
9	159	0.970647
9	167	0.951558
9	176	2.27051
10	67	0.788949
10	74	0.841732
10	79	0.839148
10	81	0.827751
10	86	0.887067
10	100	0.806853
10	102	0.845456
10	114	1.32313
10	159	0.857857
10	167	0.838768
10	176	3.05268
10	177	0.889213
11	68	1.56433
11	102	1.33518
11	136	0.868741
11	144	0.856717
11	148	0.868401
11	149	0.862499
11	153	0.880654
11	155	0.868409
11	168	0.781363
11	178	0.813347
11	179	0.807138
11	180	0.797844
12	2	0.76318
12	3	0.916587
12	6	1.01944
12	14	1.01789
12	18	0.901613
12	31	0.887707
12	50	0.951551
12	70	1.6659
12	89	1.0042
12	135	0.949862
12	167	1.09944
12	175	2.01945
13	3	0.906283
13	18	0.891309
13	27	0.98149
13	31	0.877403
13	35	0.960437
13	46	0.945029
13	48	0.938205
13	89	0.993896
13	145	0.953222
13	157	0.849656
13	162	1.33434
13	176	2.58313
14	12	1.01789
14	48	0.925402
14	80	0.741754
14	89	0.981093
14	130	0.954141
14	133	0.847516
14	146	0.980893
14	149	0.935557
14	152	0.925471
14	155	0.941468
14	179	0.880196
14	180	0.870902
15	72	1.88165
15	82	0.981132
15	91	0.908828
15	94	0.947959
15	98	0.902107
15	133	0.961376
15	136	0.935028
15	144	0.923004
15	146	0.923908
15	148	0.934688
15	160	1.22525
15	163	1.64608
16	77	0.845142
16	80	0.846185
16	85	2.14584
16	91	0.819961
16	92	0.87968
16	146	0.83504
16	148	0.84582
16	151	0.81101
16	152	0.829832
16	155	0.845829
16	167	0.835649
16	178	2.19828
17	51	3.16394
17	95	0.780739
17	109	0.789565
17	138	0.783064
17	171	0.782282
17	172	0.761603
17	173	0.772192
17	174	0.737885
17	175	0.755272
17	178	0.759122
17	179	0.752913
17	180	0.743619
18	3	0.777199
18	6	0.880051
18	12	0.901613
18	13	0.891309
18	27	0.852406
18	46	0.815945
18	48	0.80912
18	50	0.812162
18	89	0.864811
18	123	0.846556
18	168	2.63425
18	173	1.79152
19	74	1.08168
19	101	0.683341
19	104	0.978508
19	139	0.933435
19	163	0.946075
19	164	0.955402
19	165	0.896208
19	172	0.906914
19	174	0.883195
19	175	0.900583
19	178	0.904433
19	179	0.898223
19	180	0.888929
20	114	0.748714
20	117	0.746938
20	132	0.689005
20	143	0.717237
20	164	0.732406
20	166	0.714726
20	171	0.704597
20	173	0.694507
20	174	0.6602
20	175	0.677588
20	178	0.681437
20	179	0.675228
20	180	0.665934
21	47	0.928081
21	58	1.28234
21	94	0.938314
21	98	0.892463
21	107	0.911081
21	120	0.940626
21	134	0.907316
21	144	0.913359
21	146	0.914264
21	148	0.925044
21	170	1.49102
21	176	0.837797
21	178	2.16687
22	123	1.71059
22	155	1.10302
22	161	0.884276
22	163	0.876141
22	171	0.857659
22	172	0.83698
22	173	0.847569
22	174	0.813261
22	175	0.830649
22	178	0.834499
22	179	0.82829
22	180	0.818995
23	57	0.911398
23	98	0.889973
23	106	1.6247
23	119	2.02697
23	120	0.938136
23	133	0.949241
23	134	0.904826
23	136	0.922894
23	144	0.910869
23	145	1.35397
23	146	0.911774
23	148	0.922554
23	176	0.835307
24	29	0.857139
24	40	0.920776
24	61	0.873334
24	66	0.92705
24	73	0.915533
24	77	0.915883
24	80	0.916926
24	92	0.950421
24	159	0.925479
24	164	1.37364
24	167	0.90639
24	178	1.77106
24	179	1.95661
25	69	0.999634
25	143	0.94285
25	153	1.09616
25	169	0.90614
25	170	0.939062
25	171	0.930211
25	173	0.920121
25	174	0.885814
25	175	0.903201
25	177	0.698022
25	178	0.907051
25	179	0.900842
25	180	0.891548
26	72	2.59343
26	93	0.816699
26	121	0.82167
26	127	0.834112
26	128	0.828609
26	149	0.834965
26	151	0.806058
26	152	0.82488
26	153	0.853121
26	155	0.840876
26	167	2.11908
26	176	0.753621
26	177	0.881141
27	6	0.970232
27	13	0.98149
27	18	0.852406
27	31	0.838499
27	35	0.921533
27	46	0.906125
27	50	0.902343
27	89	0.954992
27	119	0.900025
27	125	1.8
27	126	1.54294
27	129	1.69171
27	135	0.900654
28	59	0.898466
28	68	0.924075
28	70	1.82351
28	83	0.95714
28	84	0.911379
28	90	0.893263
28	101	0.933886
28	104	0.933316
28	138	1.42496
28	159	0.93178
28	168	0.835824
28	169	1.78674
28	177	0.963136
29	8	0.787139
29	24	0.857139
29	61	0.785481
29	66	0.839197
29	73	0.82768
29	77	0.82803
29	80	0.829073
29	92	0.862568
29	145	1.75667
29	147	0.815366
29	159	0.837626
29	167	0.818537
29	173	2.87454
30	1	1.61014
30	94	0.929588
30	107	0.902355
30	115	0.9389
30	120	0.931899
30	133	0.943005
30	134	0.89859
30	144	0.904633
30	146	0.905537
30	148	0.916318
30	160	0.903773
30	168	0.829279
30	180	2.15951
31	3	0.763292
31	6	0.866145
31	12	0.887707
31	13	0.877403
31	27	0.838499
31	35	0.817446
31	46	0.802038
31	50	0.798256
31	89	0.850905
31	119	0.795938
31	145	0.810232
31	168	2.30373
31	176	2.43346
32	55	1.08061
32	67	0.884736
32	74	0.937519
32	79	0.934935
32	86	0.982855
32	100	0.902641
32	102	0.941243
32	112	1.69725
32	158	0.907137
32	167	0.934555
32	175	2.00436
32	177	0.985
33	87	2.60725
33	121	0.812922
33	127	0.825364
33	137	0.833844
33	141	0.825548
33	149	0.826218
33	151	0.797311
33	152	0.816132
33	153	0.844374
33	155	0.832129
33	158	0.794531
33	161	2.07653
33	177	0.872394
34	113	0.872631
34	121	0.87684
34	131	0.870912
34	137	0.897761
34	141	0.889466
34	149	0.890136
34	151	0.861228
34	152	0.88005
34	153	0.908292
34	155	0.896047
34	165	2.126
34	166	1.30543
34	177	0.936311
34	178	1.92256
35	3	0.846326
35	13	0.960437
35	27	0.921533
35	31	0.817446
35	46	0.885072
35	48	0.878248
35	50	0.88129
35	89	0.933939
35	119	0.878971
35	123	0.915683
35	145	0.893266
35	160	1.48975
35	167	1.6718
35	169	2.2015
36	86	1.56772
36	144	1.77036
36	157	0.84477
36	160	0.885315
36	169	0.806683
36	170	0.839605
36	171	0.830754
36	172	0.810075
36	173	0.820664
36	174	0.786357
36	175	0.803744
36	178	0.807594
36	179	0.801385
36	180	0.79209
37	103	1.48384
37	108	0.89527
37	113	0.876278
37	127	0.892929
37	130	1.64273
37	137	0.901408
37	139	0.873633
37	141	0.893113
37	149	0.893783
37	150	2.02393
37	151	0.864875
37	152	0.883697
37	153	0.911938
37	155	0.899693
38	120	1.77926
38	138	0.833626
38	153	1.62853
38	157	0.84686
38	165	0.80146
38	166	0.842973
38	170	0.841695
38	171	0.832844
38	173	0.822754
38	174	0.788447
38	175	0.805834
38	178	0.809684
38	179	0.803475
38	180	0.794181
39	6	0.937934
39	47	1.45959
39	118	0.905501
39	133	1.21051
39	160	0.959202
39	163	0.923123
39	165	0.873256
39	170	0.913491
39	172	0.883962
39	174	0.860243
39	175	0.877631
39	178	0.881481
39	179	0.875271
39	180	0.865977
40	8	0.850776
40	24	0.920776
40	61	0.849117
40	66	0.902834
40	73	0.891316
40	77	0.891666
40	80	0.89271
40	92	0.926205
40	97	1.68644
40	142	1.56883
40	147	0.879002
40	159	0.901263
40	167	0.882173
40	171	1.9875
41	109	1.75644
41	112	2.17167
41	121	0.879863
41	127	0.892305
41	128	0.886802
41	131	0.873934
41	137	0.900784
41	140	1.38224
41	141	0.892489
41	149	0.893158
41	151	0.864251
41	152	0.883073
41	153	0.911314
41	155	0.899069
42	78	0.869379
42	123	1.86747
42	140	0.848279
42	147	1.93297
42	161	0.83987
42	165	0.781868
42	167	0.834975
42	170	0.822103
42	171	0.813252
42	172	0.792573
42	174	0.768855
42	175	0.786243
42	178	0.790092
42	179	0.783883
42	180	0.774589
43	53	0.883746
43	62	0.854822
43	67	0.825783
43	74	0.878566
43	79	0.875982
43	81	0.864585
43	86	0.923902
43	100	0.843688
43	102	0.88229
43	106	1.71002
43	129	0.897977
43	142	1.81361
43	166	2.08559
43	167	0.875602
43	177	0.926047
44	45	0.877453
44	57	0.868851
44	82	0.926451
44	96	0.845769
44	115	0.902589
44	120	0.895589
44	131	1.61828
44	133	0.906695
44	134	0.86228
44	136	0.880347
44	144	0.868323
44	148	0.880007
44	163	1.52487
44	168	0.792969
44	174	2.53822
45	44	0.877453
45	94	0.898847
45	96	0.851338
45	107	0.871614
45	115	0.908159
45	133	0.912264
45	134	0.867849
45	136	0.885916
45	144	0.873892
45	146	0.874796
45	148	0.885576
45	162	1.77956
45	167	1.55393
45	176	0.79833
45	179	2.38702
46	3	0.830918
46	6	0.933771
46	13	0.945029
46	18	0.815945
46	27	0.906125
46	31	0.802038
46	35	0.885072
46	48	0.86284
46	50	0.865882
46	89	0.918531
46	117	1.51356
46	123	0.900275
46	135	0.864193
46	170	1.90685
46	171	2.11226
47	5	0.857176
47	21	0.928081
47	39	1.45959
47	58	1.7311
47	96	0.856929
47	115	0.91375
47	120	0.906749
47	122	1.98587
47	134	0.87344
47	136	0.891507
47	144	0.879483
47	146	0.880387
47	148	0.891167
47	168	0.804129
47	176	0.803921
48	3	0.824094
48	13	0.938205
48	14	0.925402
48	18	0.80912
48	35	0.878248
48	46	0.86284
48	50	0.859058
48	89	0.911707
48	119	0.856739
48	123	0.893451
48	135	0.857369
48	139	1.67499
48	145	0.871034
48	154	1.6379
48	179	2.4017
49	126	0.806547
49	142	0.792072
49	150	0.777708
49	155	4.08732
49	158	0.746926
49	160	0.807183
49	165	0.721237
49	170	0.761472
49	171	0.752621
49	173	0.742531
49	174	0.708224
49	175	0.725612
49	178	0.729461
49	179	0.723252
49	180	0.713958
50	12	0.951551
50	18	0.812162
50	27	0.902343
50	31	0.798256
50	35	0.88129
50	46	0.865882
50	48	0.859058
50	89	0.914749
50	119	0.859781
50	123	0.896493
50	135	0.860411
50	145	0.874075
50	158	1.99763
50	160	1.39154
50	172	2.25112
51	17	3.16394
51	59	0.863109
51	68	0.888717
51	83	0.921783
51	84	0.876022
51	90	0.857905
51	101	0.898529
51	104	0.897959
51	131	0.862379
51	143	1.15364
51	147	0.874162
51	159	0.896423
51	164	0.994357
51	168	0.800467
51	177	0.927779
52	107	1.24216
52	115	0.952019
52	141	1.14759
52	154	0.913139
52	161	0.913505
52	163	0.90537
52	164	0.914697
52	165	0.855503
52	169	0.862816
52	172	0.866209
52	173	0.876798
52	174	0.84249
52	175	0.859878
52	179	0.857518
52	180	0.848224
53	43	0.883746
53	62	0.855151
53	67	0.826112
53	74	0.878895
53	79	0.876311
53	81	0.864914
53	86	0.92423
53	100	0.844016
53	102	0.882619
53	114	1.47719
53	131	2.0645
53	143	2.14171
53	159	0.89502
53	167	0.875931
53	177	0.926376
54	88	0.875858
54	108	0.885416
54	111	0.879762
54	127	0.883074
54	137	0.891553
54	141	0.883258
54	142	1.40788
54	149	0.883928
54	151	0.85502
54	152	0.873842
54	153	0.902084
54	155	0.889839
54	163	1.88823
54	172	2.32697
54	176	0.802584
55	32	1.08061
55	92	1.28437
55	106	0.92009
55	111	1.60971
55	130	0.907006
55	154	0.888681
55	162	0.872011
55	164	0.890239
55	166	0.872559
55	171	0.86243
55	173	0.85234
55	174	0.818033
55	175	0.835421
55	178	0.83927
55	179	0.833061
55	180	0.823767
56	4	2.66957
56	72	0.816081
56	124	1.75864
56	160	0.861917
56	162	0.816937
56	164	0.835165
56	166	0.817484
56	169	0.783284
56	170	0.816206
56	171	0.807356
56	172	0.786677
56	174	0.762958
56	175	0.780346
56	178	0.784196
56	179	0.777986
56	180	0.768692
57	23	0.911398
57	44	0.868851
57	91	0.851115
57	98	0.844393
57	107	0.863012
57	120	0.892556
57	133	0.903662
57	136	0.877314
57	144	0.86529
57	146	0.866194
57	148	0.876975
57	156	1.99139
57	162	2.07654
57	166	1.88132
57	168	0.789936
57	176	0.789728
58	21	1.28234
58	47	1.7311
58	60	1.44188
58	70	0.88382
58	154	0.902646
58	156	0.880676
58	169	0.852324
58	170	0.885246
58	171	0.876395
58	172	0.855716
58	173	0.866305
58	174	0.831997
58	175	0.849385
58	178	0.853235
58	179	0.847026
58	180	0.837731
59	28	0.898466
59	51	0.863109
59	75	1.62923
59	83	0.898011
59	84	0.85225
59	90	0.834134
59	97	2.04846
59	101	0.874757
59	104	0.874187
59	139	0.837682
59	140	0.866866
59	145	0.862694
59	159	0.872652
59	168	0.776695
59	170	2.1441
59	177	0.904007
60	58	1.44188
60	93	0.906209
60	124	0.939379
60	127	0.923621
60	128	0.918118
60	137	0.9321
60	141	0.923805
60	145	1.06298
60	149	0.924475
60	151	0.895567
60	152	0.914389
60	153	0.942631
60	155	0.930386
60	158	0.892788
60	161	1.52233
60	173	2.18084
60	176	0.843131
61	8	0.803334
61	9	0.918502
61	24	0.873334
61	29	0.785481
61	40	0.849117
61	66	0.855392
61	73	0.843874
61	77	0.844224
61	80	0.845268
61	92	0.878763
61	123	0.866281
61	129	2.16456
61	145	1.82836
61	147	0.83156
61	157	2.18519
61	159	0.853821
61	167	0.834731
62	43	0.854822
62	53	0.855151
62	67	0.797188
62	74	0.849972
62	79	0.847388
62	81	0.835991
62	86	0.895307
62	100	0.815093
62	102	0.853696
62	122	1.63882
62	129	0.869382
62	154	1.69034
62	158	0.81959
62	159	0.866097
62	167	0.847007
62	168	2.96574
62	177	0.897452
63	65	0.892114
63	112	1.67405
63	113	0.909666
63	121	0.913875
63	124	0.942075
63	127	0.926317
63	128	0.920814
63	141	0.926501
63	149	0.927171
63	151	0.898263
63	152	0.917085
63	153	0.945326
63	155	0.933081
63	162	1.28678
63	175	1.98116
63	176	0.845827
63	178	1.70868
64	66	2.47241
64	77	2.06516
64	90	0.786893
64	98	0.783912
64	101	0.827516
64	104	0.826946
64	112	0.78567
64	134	0.798765
64	144	0.804808
64	146	0.805713
64	148	0.816493
64	165	0.753214
64	171	0.784599
64	175	0.757589
64	177	0.856766
64	178	0.761439
64	179	0.755229
64	180	0.745935
65	63	0.892114
65	111	0.837103
65	113	0.823763
65	121	0.827973
65	124	0.856173
65	128	0.834912
65	137	0.848894
65	141	0.840599
65	145	1.48821
65	149	0.841268
65	151	0.812361
65	152	0.831183
65	153	0.859424
65	155	0.847179
65	157	1.84505
65	176	0.759924
65	177	0.887444
65	180	3.17778
66	8	0.85705
66	9	0.972218
66	24	0.92705
66	29	0.839197
66	40	0.902834
66	61	0.855392
66	64	2.47241
66	73	0.897591
66	77	0.897941
66	80	0.898984
66	92	0.932479
66	123	0.919997
66	129	0.717359
66	147	0.885276
66	158	1.42108
66	159	0.907537
66	167	0.888448
66	175	1.91706
67	7	0.88889
67	10	0.788949
67	32	0.884736
67	43	0.825783
67	53	0.826112
67	62	0.797188
67	74	0.820932
67	79	0.818348
67	81	0.806951
67	86	0.866267
67	100	0.786054
67	102	0.824656
67	125	0.84567
67	140	2.43697
67	145	1.9976
67	157	2.35443
67	159	0.837057
67	167	0.817968
67	177	0.868413
68	11	1.56433
68	28	0.924075
68	51	0.888717
68	75	1.29515
68	83	0.92362
68	84	0.877859
68	90	0.859742
68	101	0.900366
68	104	0.899796
68	129	0.901545
68	131	0.864216
68	139	0.863291
68	145	0.888303
68	147	0.876
68	154	1.90763
68	159	0.89826
68	168	0.802304
68	171	2.01543
68	177	0.929616
69	25	0.999634
69	93	0.874084
69	108	0.893838
69	111	0.888185
69	116	2.54126
69	121	0.879055
69	127	0.891497
69	128	0.885994
69	137	0.899976
69	141	0.891681
69	149	0.892351
69	151	0.863443
69	152	0.882265
69	153	0.910506
69	155	0.898261
69	161	1.07369
69	175	2.15024
69	176	0.811007
69	177	0.938526
70	12	1.6659
70	28	1.82351
70	58	0.88382
70	78	0.887895
70	126	0.885693
70	144	1.79756
70	156	0.836049
70	157	0.845784
70	163	0.85025
70	164	0.859577
70	168	0.776623
70	169	0.807696
70	170	0.840618
70	171	0.831767
70	174	0.78737
70	175	0.804758
70	178	0.808608
70	179	0.802398
70	180	0.793104
71	132	0.823432
71	133	1.87621
71	148	1.66693
71	156	0.843306
71	161	0.865642
71	162	0.848606
71	163	0.857507
71	164	0.866834
71	165	0.80764
71	166	0.849153
71	170	0.847875
71	171	0.839025
71	172	0.818346
71	173	0.828935
71	174	0.794627
71	175	0.812015
71	177	1.08581
71	179	0.809656
71	180	0.800361
72	15	1.88165
72	26	2.59343
72	56	0.816081
72	116	0.788386
72	150	0.858154
72	155	1.11224
72	161	0.859685
72	162	0.842648
72	163	0.851549
72	164	0.860876
72	165	0.801683
72	166	0.843196
72	169	0.808996
72	171	0.833067
72	172	0.812388
72	173	0.822977
72	175	0.806058
72	178	0.809907
72	179	0.803698
72	180	0.794404
73	1	0.863402
73	2	0.685716
73	8	0.845533
73	9	0.960701
73	24	0.915533
73	29	0.82768
73	40	0.891316
73	61	0.843874
73	66	0.897591
73	77	0.886423
73	78	1.45157
73	80	0.887467
73	92	0.920962
73	123	0.90848
73	125	1.42523
73	132	2.20825
73	147	0.873759
73	159	0.89602
73	165	2.44761
73	167	0.87693
74	10	0.841732
74	19	1.08168
74	32	0.937519
74	43	0.878566
74	53	0.878895
74	62	0.849972
74	67	0.820932
74	79	0.871132
74	81	0.859735
74	86	0.919051
74	100	0.838837
74	102	0.87744
74	129	0.893126
74	158	0.843334
74	159	0.889841
74	166	1.96493
74	167	0.870751
74	170	1.9062
74	171	2.11161
74	177	0.921196
75	59	1.62923
75	68	1.29515
75	90	1.31751
75	142	0.920584
75	149	1.00598
75	156	0.885415
75	157	0.89515
75	160	0.935695
75	161	0.907751
75	163	0.899616
75	165	0.849749
75	169	0.857062
75	170	0.889984
75	172	0.860455
75	173	0.871044
75	174	0.836736
75	175	0.854124
75	178	0.857974
75	179	0.851765
75	180	0.84247
76	4	1.58189
76	91	1.15975
76	107	1.05546
76	116	0.832139
76	117	0.919162
76	122	0.90499
76	136	1.05716
76	143	0.88946
76	154	0.903072
76	161	0.903438
76	163	0.895303
76	164	0.90463
76	170	0.885672
76	171	0.876821
76	173	0.866731
76	174	0.832423
76	175	0.849811
76	178	0.853661
76	179	0.847452
76	180	0.838157
77	8	0.845883
77	9	0.961051
77	16	0.845142
77	24	0.915883
77	29	0.82803
77	40	0.891666
77	61	0.844224
77	64	2.06516
77	66	0.897941
77	73	0.886423
77	80	0.887817
77	92	0.921312
77	118	1.31895
77	123	0.90883
77	147	0.874109
77	159	0.89637
77	167	0.87728
77	176	2.06422
77	179	1.42289
78	42	0.869379
78	70	0.887895
78	73	1.45157
78	122	0.908638
78	143	0.893109
78	148	1.36467
78	157	0.894486
78	159	1.26835
78	161	0.907087
78	162	0.89005
78	169	0.856398
78	170	0.88932
78	171	0.880469
78	172	0.85979
78	173	0.870379
78	175	0.85346
78	177	0.783557
78	178	0.857309
78	179	0.8511
78	180	0.841806
79	7	0.939089
79	10	0.839148
79	32	0.934935
79	43	0.875982
79	53	0.876311
79	62	0.847388
79	67	0.818348
79	74	0.871132
79	81	0.857151
79	86	0.916467
79	87	1.83136
79	100	0.836253
79	102	0.874856
79	119	1.5143
79	139	1.56357
79	158	0.840749
79	159	0.887257
79	167	0.868167
79	174	2.70931
79	177	0.918612
80	2	0.68711
80	8	0.846926
80	9	0.962094
80	14	0.741754
80	16	0.846185
80	24	0.916926
80	29	0.829073
80	40	0.89271
80	61	0.845268
80	66	0.898984
80	73	0.887467
80	77	0.887817
80	92	0.922355
80	105	1.55805
80	123	0.909873
80	147	0.875153
80	156	1.75374
80	159	0.897413
80	167	0.878324
80	176	3.08767
81	7	0.927692
81	10	0.827751
81	43	0.864585
81	53	0.864914
81	62	0.835991
81	67	0.806951
81	74	0.859735
81	79	0.857151
81	85	2.25919
81	86	0.90507
81	100	0.824856
81	102	0.863459
81	114	1.40896
81	125	0.884473
81	129	0.879145
81	132	2.27571
81	138	1.832
81	158	0.829353
81	159	0.87586
81	167	0.85677
81	177	0.907215
82	4	0.900302
82	15	0.981132
82	44	0.926451
82	91	0.908714
82	96	0.900336
82	107	0.920611
82	115	0.957156
82	119	1.12137
82	120	0.950156
82	131	1.39644
82	134	0.916847
82	136	0.934914
82	144	0.92289
82	146	0.923794
82	147	0.921231
82	148	0.934574
82	163	1.30303
82	168	0.847536
82	174	2.31638
82	176	0.847328
82	180	2.13794
83	28	0.95714
83	51	0.921783
83	59	0.898011
83	68	0.92362
83	84	0.910924
83	87	1.86139
83	90	0.892808
83	97	1.36326
83	101	0.933431
83	104	0.932861
83	122	1.505
83	129	0.934611
83	139	0.896356
83	140	0.925541
83	145	0.921368
83	147	0.909065
83	159	0.931326
83	163	1.72599
83	168	0.835369
83	171	1.66431
83	177	0.962681
84	2	0.675262
84	28	0.911379
84	51	0.876022
84	59	0.85225
84	68	0.877859
84	83	0.910924
84	90	0.847047
84	101	0.887671
84	104	0.8871
84	109	1.93316
84	126	1.30703
84	129	0.88885
84	130	1.27501
84	139	0.850595
84	140	0.87978
84	145	0.875608
84	147	0.863304
84	159	0.885565
84	168	0.789609
84	176	3.20991
84	177	0.91692
85	16	2.14584
85	81	2.25919
85	87	0.827765
85	138	0.825757
85	145	0.855829
85	160	0.879536
85	162	0.834556
85	164	0.852784
85	165	0.79359
85	166	0.835103
85	168	0.76983
85	169	0.800903
85	170	0.833825
85	172	0.804296
85	173	0.814885
85	174	0.780577
85	175	0.797965
85	177	1.52372
85	178	0.801815
85	179	0.795606
85	180	0.786311
86	10	0.887067
86	32	0.982855
86	36	1.56772
86	43	0.923902
86	53	0.92423
86	62	0.895307
86	67	0.866267
86	74	0.919051
86	79	0.916467
86	81	0.90507
86	100	0.884172
86	102	0.922775
86	125	0.943789
86	140	0.851925
86	158	0.888669
86	159	0.935176
86	164	1.27857
86	167	0.916087
86	168	2.37315
86	177	0.966532
86	179	1.86154
87	33	2.60725
87	79	1.83136
87	83	1.86139
87	85	0.827765
87	109	0.834415
87	118	0.827993
87	156	0.831414
87	157	0.841148
87	162	0.836713
87	164	0.854941
87	165	0.795748
87	166	0.837261
87	169	0.803061
87	171	0.827132
87	172	0.806453
87	173	0.817042
87	174	0.782735
87	175	0.800123
87	178	0.803972
87	179	0.797763
87	180	0.788469
88	54	0.875858
88	108	0.869744
88	113	0.850751
88	114	1.70755
88	121	0.85496
88	124	0.88316
88	126	1.53422
88	127	0.867402
88	128	0.861899
88	137	0.875881
88	139	0.848106
88	141	0.867586
88	149	0.868256
88	151	0.839348
88	152	0.85817
88	153	0.886412
88	155	0.874167
88	170	1.93436
88	176	0.786912
88	177	0.914431
88	178	2.61021
89	2	0.726379
89	3	0.879785
89	6	0.982637
89	12	1.0042
89	13	0.993896
89	14	0.981093
89	18	0.864811
89	27	0.954992
89	31	0.850905
89	35	0.933939
89	46	0.918531
89	48	0.911707
89	50	0.914749
89	119	0.91243
89	125	1.2254
89	135	0.91306
89	139	1.50319
89	145	0.926725
89	156	1.53729
89	172	2.07433
89	173	1.89877
90	28	0.893263
90	51	0.857905
90	59	0.834134
90	64	0.786893
90	68	0.859742
90	75	1.31751
90	83	0.892808
90	84	0.847047
90	101	0.869554
90	104	0.868984
90	118	2.58985
90	129	0.870733
90	131	0.833404
90	139	0.832479
90	140	0.861663
90	145	0.857491
90	147	0.845188
90	154	1.92999
90	159	0.867448
90	166	1.89111
90	168	0.771492
90	177	0.898804
91	5	0.828279
91	15	0.908828
91	16	0.819961
91	57	0.851115
91	76	1.15975
91	82	0.908714
91	94	0.875541
91	96	0.828032
91	98	0.82969
91	115	0.884853
91	123	0.883649
91	133	0.888958
91	134	0.844543
91	135	0.847566
91	136	0.86261
91	144	0.850586
91	146	0.85149
91	148	0.862271
91	158	2.17591
91	161	1.59534
91	176	0.775024
91	180	2.82556
92	1	0.898291
92	2	0.720605
92	8	0.880421
92	9	0.995589
92	16	0.87968
92	24	0.950421
92	29	0.862568
92	40	0.926205
92	55	1.28437
92	61	0.878763
92	66	0.932479
92	73	0.920962
92	77	0.921312
92	80	0.922355
92	123	0.943368
92	125	1.11671
92	147	0.908648
92	159	0.930908
92	164	1.53823
92	165	2.13909
92	167	0.911819
92	179	2.1212
93	26	0.816699
93	60	0.906209
93	69	0.874084
93	105	1.97888
93	108	0.859547
93	111	0.853894
93	113	0.840554
93	124	0.872964
93	128	0.851703
93	137	0.865685
93	139	0.83791
93	141	0.85739
93	149	0.858059
93	151	0.829152
93	152	0.847973
93	153	0.876215
93	155	0.86397
93	156	2.17457
93	161	1.87754
93	166	2.0645
93	176	0.776715
93	177	0.904235
94	15	0.947959
94	21	0.938314
94	30	0.929588
94	45	0.898847
94	91	0.875541
94	96	0.867163
94	106	1.17886
94	107	0.887438
94	120	0.916983
94	129	1.24433
94	133	0.928089
94	134	0.883674
94	135	0.886697
94	136	0.901741
94	140	0.904534
94	144	0.889717
94	146	0.890621
94	148	0.901401
94	168	0.814363
94	171	1.70112
94	175	2.44403
94	176	0.814155
94	178	2.17156
95	17	0.780739
95	112	0.82387
95	113	2.1633
95	150	0.847886
95	154	0.84905
95	155	1.48146
95	160	0.87736
95	164	0.850608
95	165	0.791414
95	166	0.832928
95	168	0.767654
95	170	0.83165
95	171	0.822799
95	172	0.80212
95	173	0.812709
95	174	0.778402
95	175	0.795789
95	176	0.767447
95	177	1.77219
95	178	0.799639
95	179	0.79343
95	180	0.784135
96	5	0.819901
96	44	0.845769
96	45	0.851338
96	47	0.856929
96	82	0.900336
96	91	0.828032
96	94	0.867163
96	98	0.821311
96	107	0.83993
96	115	0.876475
96	120	0.869474
96	133	0.88058
96	134	0.836165
96	136	0.854232
96	139	1.83453
96	143	2.13755
96	144	0.842208
96	146	0.843112
96	147	0.84055
96	148	0.853892
96	160	1.54609
96	174	2.98027
96	176	0.766646
97	40	1.68644
97	59	2.04846
97	83	1.36326
97	118	0.854214
97	141	1.42906
97	156	0.857635
97	157	0.86737
97	160	0.907915
97	161	0.879971
97	162	0.862934
97	163	0.871836
97	165	0.821969
97	166	0.863482
97	169	0.829282
97	170	0.862204
97	171	0.853353
97	172	0.832674
97	173	0.843264
97	174	0.808956
97	175	0.826344
97	178	0.830194
97	179	0.823984
97	180	0.81469
98	15	0.902107
98	21	0.892463
98	23	0.889973
98	57	0.844393
98	64	0.783912
98	91	0.82969
98	96	0.821311
98	107	0.841587
98	110	1.9826
98	115	0.878132
98	120	0.871131
98	123	0.876927
98	133	0.882237
98	134	0.837822
98	136	0.855889
98	144	0.843865
98	146	0.844769
98	148	0.85555
98	160	1.95061
98	168	0.768511
98	170	2.10435
98	171	2.30976
98	176	0.768303
99	7	0.942396
99	112	0.901766
99	132	0.885103
99	133	1.51957
99	143	0.913334
99	147	1.11151
99	159	1.21396
99	160	0.955256
99	161	0.927312
99	162	0.910276
99	163	0.919177
99	164	0.928504
99	165	0.86931
99	166	0.910824
99	169	0.876624
99	172	0.880016
99	173	0.890605
99	174	0.856298
99	175	0.873685
99	177	0.729173
99	178	0.877535
99	179	0.871326
99	180	0.862031
100	1	0.822345
100	7	0.906795
100	10	0.806853
100	32	0.902641
100	43	0.843688
100	53	0.844016
100	62	0.815093
100	67	0.786054
100	74	0.838837
100	79	0.836253
100	81	0.824856
100	86	0.884172
100	102	0.842561
100	105	1.99953
100	125	0.863575
100	129	0.858247
100	130	1.59426
100	158	0.808455
100	159	0.854962
100	160	1.87268
100	167	0.835873
100	177	0.886318
100	179	2.88783
101	2	0.697769
101	19	0.683341
101	28	0.933886
101	51	0.898529
101	59	0.874757
101	64	0.827516
101	68	0.900366
101	83	0.933431
101	84	0.887671
101	90	0.869554
101	104	0.909607
101	119	1.59329
101	129	0.911357
101	131	0.874027
101	139	0.873102
101	140	0.902287
101	145	0.898114
101	147	0.885811
101	158	1.96021
101	159	0.908072
101	167	1.53618
101	168	0.812115
101	176	3.01059
101	177	0.939427
102	1	0.860948
102	7	0.945397
102	10	0.845456
102	11	1.33518
102	32	0.941243
102	43	0.88229
102	53	0.882619
102	62	0.853696
102	67	0.824656
102	74	0.87744
102	79	0.874856
102	81	0.863459
102	86	0.922775
102	100	0.842561
102	125	0.902178
102	129	0.89685
102	132	2.22081
102	154	1.67848
102	158	0.847058
102	159	0.893565
102	163	1.84796
102	166	1.6396
102	167	0.874475
102	177	0.92492
103	37	1.48384
103	110	0.925988
103	111	0.994081
103	122	0.911943
103	133	1.09964
103	141	0.933647
103	146	1.23302
103	150	0.90886
103	156	0.888055
103	160	0.938335
103	162	0.893355
103	164	0.911583
103	165	0.852389
103	166	0.893902
103	167	0.905496
103	170	0.892624
103	171	0.883774
103	172	0.863095
103	173	0.873684
103	174	0.839376
103	175	0.856764
103	178	0.860614
103	179	0.854404
103	180	0.84511
104	2	0.697198
104	19	0.978508
104	28	0.933316
104	51	0.897959
104	59	0.874187
104	64	0.826946
104	68	0.899796
104	83	0.932861
104	84	0.8871
104	90	0.868984
104	101	0.909607
104	125	1.65994
104	129	0.910787
104	131	0.873457
104	139	0.872532
104	140	0.901717
104	145	0.897544
104	147	0.885241
104	150	1.75207
104	159	0.907502
104	161	1.6748
104	168	0.811545
104	177	0.938857
104	179	2.66443
105	80	1.55805
105	93	1.97888
105	100	1.99953
105	132	0.829588
105	142	0.884631
105	150	0.870267
105	153	1.27155
105	154	0.871431
105	156	0.849462
105	157	0.859196
105	160	0.899742
105	161	0.871797
105	163	0.863662
105	165	0.813795
105	166	0.855309
105	169	0.821109
105	172	0.824501
105	173	0.83509
105	174	0.800783
105	175	0.81817
105	176	0.789828
105	178	0.82202
105	179	0.815811
105	180	0.806517
106	23	1.6247
106	43	1.71002
106	55	0.92009
106	94	1.17886
106	112	0.883073
106	116	0.83732
106	121	1.30193
106	123	0.900294
106	138	0.882784
106	154	0.908253
106	160	0.936563
106	163	0.900484
106	164	0.909811
106	166	0.89213
106	168	0.826857
106	169	0.85793
106	170	0.890852
106	171	0.882002
106	172	0.861323
106	173	0.871912
106	174	0.837604
106	175	0.854992
106	178	0.858842
106	179	0.852632
106	180	0.843338
107	21	0.911081
107	30	0.902355
107	45	0.871614
107	52	1.24216
107	57	0.863012
107	76	1.05546
107	82	0.920611
107	94	0.887438
107	96	0.83993
107	98	0.841587
107	115	0.89675
107	120	0.88975
107	123	0.895546
107	133	0.900855
107	134	0.85644
107	136	0.874508
107	140	0.8773
107	144	0.862483
107	146	0.863388
107	147	0.860825
107	148	0.874168
107	164	1.89772
107	169	2.1773
107	176	0.786921
107	178	2.29513
108	37	0.89527
108	54	0.885416
108	69	0.893838
108	88	0.869744
108	93	0.859547
108	111	0.873648
108	113	0.860308
108	121	0.864517
108	124	0.892718
108	127	0.876959
108	128	0.871457
108	137	0.885439
108	141	0.877143
108	149	0.877813
108	151	0.848906
108	152	0.867727
108	153	0.895969
108	155	0.883724
108	167	1.12257
108	168	2.46727
108	172	1.80009
108	176	0.796469
108	177	0.923989
108	179	1.95566
108	180	2.19625
109	17	0.789565
109	41	1.75644
109	84	1.93316
109	87	0.834415
109	116	0.786943
109	126	0.885551
109	130	0.876201
109	149	1.74684
109	150	0.856712
109	156	0.835907
109	157	0.845641
109	159	1.61107
109	161	0.858242
109	163	0.850107
109	164	0.859434
109	165	0.800241
109	166	0.841754
109	169	0.807554
109	170	0.840476
109	171	0.831625
109	172	0.810946
109	174	0.787228
109	175	0.804615
109	178	0.808465
109	179	0.802256
109	180	0.792962
110	9	0.646017
110	98	1.9826
110	103	0.925988
110	115	1.20738
110	120	1.32742
110	122	0.894726
110	138	0.867339
110	142	0.906008
110	152	1.45282
110	154	0.892808
110	157	0.880573
110	160	0.921119
110	161	0.893174
110	162	0.876138
110	166	0.876686
110	169	0.842486
110	170	0.875408
110	171	0.866557
110	172	0.845878
110	173	0.856467
110	174	0.82216
110	175	0.839547
110	176	0.811205
110	178	0.843397
110	179	0.837188
110	180	0.827894
111	54	0.879762
111	55	1.60971
111	65	0.837103
111	69	0.888185
111	93	0.853894
111	103	0.994081
111	108	0.873648
111	113	0.854655
111	119	0.862729
111	121	0.858864
111	124	0.887064
111	127	0.871306
111	128	0.865804
111	131	0.852936
111	137	0.879785
111	140	1.43693
111	143	2.02285
111	149	0.87216
111	151	0.843252
111	152	0.862074
111	153	0.890316
111	155	0.878071
111	158	0.840473
111	168	2.95815
111	176	0.790816
111	177	0.918336
112	32	1.69725
112	41	2.17167
112	63	1.67405
112	64	0.78567
112	95	0.82387
112	99	0.901766
112	106	0.883073
112	117	0.867754
112	143	0.838053
112	144	1.84399
112	150	0.8505
112	160	0.879975
112	161	0.852031
112	162	0.834994
112	163	0.843896
112	165	0.794029
112	166	0.835542
112	169	0.801342
112	170	0.834264
112	172	0.804734
112	173	0.815323
112	175	0.798404
112	176	0.770061
112	178	0.802253
112	179	0.796044
112	180	0.78675
113	34	0.872631
113	37	0.876278
113	63	0.909666
113	65	0.823763
113	88	0.850751
113	93	0.840554
113	95	2.1633
113	108	0.860308
113	111	0.854655
113	124	0.873725
113	125	0.882254
113	127	0.857967
113	128	0.852464
113	137	0.866446
113	141	0.858151
113	149	0.85882
113	151	0.829913
113	152	0.848735
113	153	0.876976
113	154	1.38902
113	155	0.864731
113	158	0.827133
113	169	1.84943
113	172	1.99725
113	175	2.23974
113	176	0.777476
113	177	0.904996
114	10	1.32313
114	20	0.748714
114	53	1.47719
114	81	1.40896
114	88	1.70755
114	132	0.852866
114	143	0.881098
114	151	1.81429
114	156	0.87274
114	157	0.882475
114	160	0.92302
114	161	0.895076
114	162	0.87804
114	163	0.886941
114	164	0.896268
114	165	0.837074
114	166	0.878587
114	169	0.844387
114	170	0.877309
114	171	0.868459
114	172	0.84778
114	173	0.858369
114	174	0.824061
114	175	0.841449
114	178	0.845299
114	179	0.839089
114	180	0.829795
115	5	0.876721
115	30	0.9389
115	44	0.902589
115	45	0.908159
115	47	0.91375
115	52	0.952019
115	82	0.957156
115	91	0.884853
115	96	0.876475
115	98	0.878132
115	107	0.89675
115	110	1.20738
115	120	0.926295
115	133	0.9374
115	134	0.892985
115	136	0.911053
115	140	0.913845
115	142	1.11588
115	144	0.899028
115	146	0.899933
115	147	0.89737
115	148	0.910713
115	168	0.823674
115	169	1.88715
115	172	2.03497
115	176	0.823466
115	180	2.43113
116	69	2.54126
116	72	0.788386
116	76	0.832139
116	106	0.83732
116	109	0.786943
116	139	0.785503
116	143	0.7923
116	147	2.62199
116	150	0.804748
116	154	0.805912
116	156	0.783942
116	160	0.834222
116	161	0.806278
116	162	0.789242
116	163	0.798143
116	164	0.80747
116	166	0.789789
116	167	0.801383
116	171	0.779661
116	172	0.758982
116	173	0.769571
116	174	0.735263
116	175	0.752651
116	177	2.23965
116	178	0.756501
116	179	0.750291
116	180	0.740997
117	20	0.746938
117	46	1.51356
117	76	0.919162
117	112	0.867754
117	126	0.920609
117	128	1.27643
117	132	0.851091
117	135	1.34296
117	147	0.889343
117	151	1.64781
117	157	0.880699
117	160	0.921245
117	161	0.893301
117	162	0.876264
117	164	0.894492
117	165	0.835299
117	166	0.876812
117	168	0.811539
117	169	0.842612
117	170	0.875534
117	171	0.866683
117	173	0.856593
117	174	0.822286
117	175	0.839674
117	178	0.843523
117	179	0.837314
117	180	0.82802
118	9	1.52524
118	39	0.905501
118	77	1.31895
118	87	0.827993
118	90	2.58985
118	97	0.854214
118	126	0.879129
118	142	0.864654
118	147	2.04011
118	154	0.851454
118	157	0.839219
118	160	0.879765
118	162	0.834784
118	163	0.843685
118	165	0.793819
118	166	0.835332
118	169	0.801132
118	170	0.834054
118	171	0.825203
118	172	0.804524
118	174	0.780806
118	175	0.798193
118	176	0.769851
118	178	0.802043
118	179	0.795834
118	180	0.78654
119	6	0.92767
119	23	2.02697
119	27	0.900025
119	31	0.795938
119	35	0.878971
119	48	0.856739
119	50	0.859781
119	79	1.5143
119	82	1.12137
119	89	0.91243
119	101	1.59329
119	111	0.862729
119	142	0.880353
119	149	0.866894
119	150	0.86599
119	151	0.837987
119	152	0.856808
119	153	0.88505
119	155	0.872805
119	159	1.47052
119	161	0.86752
119	171	0.840903
119	174	0.796505
119	177	0.91307
119	178	0.817743
119	179	0.811533
119	180	0.802239
120	21	0.940626
120	23	0.938136
120	30	0.931899
120	38	1.77926
120	44	0.895589
120	47	0.906749
120	57	0.892556
120	82	0.950156
120	94	0.916983
120	96	0.869474
120	98	0.871131
120	107	0.88975
120	110	1.32742
120	115	0.926295
120	123	0.92509
120	134	0.885985
120	136	0.904052
120	140	0.906845
120	144	0.892028
120	146	0.892932
120	148	0.903712
120	154	1.54678
120	161	1.32095
120	162	1.70312
120	168	0.816674
120	173	1.97946
120	176	0.816466
121	26	0.82167
121	33	0.812922
121	34	0.87684
121	41	0.879863
121	63	0.913875
121	65	0.827973
121	69	0.879055
121	88	0.85496
121	106	1.30193
121	108	0.864517
121	111	0.858864
121	124	0.877934
121	128	0.856673
121	129	1.3674
121	137	0.870655
121	141	0.86236
121	149	0.863029
121	151	0.834122
121	152	0.852944
121	153	0.881185
121	155	0.86894
121	158	0.831343
121	167	1.64709
121	174	2.89921
121	176	0.781685
121	177	0.909205
121	179	2.48018
122	47	1.98587
122	62	1.63882
122	76	0.90499
122	78	0.908638
122	83	1.505
122	103	0.911943
122	110	0.894726
122	124	1.28088
122	126	0.906437
122	142	0.891962
122	157	0.866527
122	162	0.862092
122	163	0.870993
122	164	0.88032
122	165	0.821127
122	167	0.874234
122	169	0.82844
122	170	0.861362
122	171	0.852511
122	172	0.831832
122	173	0.842421
122	174	0.808114
122	175	0.825502
122	177	0.946396
122	178	0.829351
122	179	0.823142
122	180	0.813848
123	2	0.708123
123	18	0.846556
123	22	1.71059
123	35	0.915683
123	42	1.86747
123	46	0.900275
123	48	0.893451
123	50	0.896493
123	61	0.866281
123	66	0.919997
123	73	0.90848
123	77	0.90883
123	80	0.909873
123	91	0.883649
123	92	0.943368
123	98	0.876927
123	106	0.900294
123	107	0.895546
123	120	0.92509
123	131	1.57763
123	136	0.909848
123	145	0.908469
123	148	0.909509
123	159	0.918426
123	167	0.899337
123	168	0.82247
123	171	1.42255
123	179	2.07854
124	56	1.75864
124	60	0.939379
124	63	0.942075
124	65	0.856173
124	88	0.88316
124	93	0.872964
124	108	0.892718
124	111	0.887064
124	113	0.873725
124	121	0.877934
124	122	1.28088
124	125	0.914663
124	127	0.890376
124	128	0.884874
124	137	0.898855
124	139	0.871081
124	140	1.08657
124	141	0.89056
124	149	0.89123
124	151	0.862322
124	152	0.881144
124	153	0.909386
124	155	0.897141
124	163	1.50188
124	165	2.11409
124	175	2.18312
124	176	0.809886
124	177	0.937406
125	27	1.8
125	67	0.84567
125	73	1.42523
125	81	0.884473
125	86	0.943789
125	89	1.2254
125	92	1.11671
125	100	0.863575
125	102	0.902178
125	104	1.65994
125	113	0.882254
125	124	0.914663
125	137	0.907384
125	141	0.899089
125	144	1.05969
125	151	0.870851
125	152	0.889673
125	153	0.917914
125	155	0.905669
125	162	0.883348
125	165	0.842382
125	167	0.895489
125	171	0.873767
125	173	0.863677
125	175	0.846757
125	177	0.945934
125	178	0.850607
125	179	0.844398
125	180	0.835103
126	27	1.54294
126	49	0.806547
126	70	0.885693
126	84	1.30703
126	88	1.53422
126	109	0.885551
126	117	0.920609
126	118	0.879129
126	122	0.906437
126	127	0.95515
126	137	1.30186
126	142	0.917719
126	150	0.903355
126	152	1.17444
126	154	0.904519
126	156	0.88255
126	157	0.892284
126	162	0.887849
126	164	0.906077
126	165	0.846884
126	166	0.888397
126	169	0.854197
126	170	0.887119
126	172	0.857589
126	173	0.868178
126	174	0.833871
126	175	0.851259
126	178	0.855108
126	179	0.848899
126	180	0.839605
127	26	0.834112
127	33	0.825364
127	37	0.892929
127	41	0.892305
127	54	0.883074
127	60	0.923621
127	63	0.926317
127	69	0.891497
127	88	0.867402
127	108	0.876959
127	111	0.871306
127	113	0.857967
127	124	0.890376
127	126	0.95515
127	128	0.869115
127	131	0.856248
127	132	1.99523
127	139	0.855322
127	141	0.874802
127	143	1.79301
127	149	0.875472
127	151	0.846564
127	152	0.865386
127	153	0.893627
127	155	0.881383
127	165	2.23459
127	167	1.38361
127	174	2.63573
127	176	0.794128
127	177	0.921647
128	26	0.828609
128	41	0.886802
128	60	0.918118
128	63	0.920814
128	65	0.834912
128	69	0.885994
128	88	0.861899
128	93	0.851703
128	108	0.871457
128	111	0.865804
128	113	0.852464
128	117	1.27643
128	121	0.856673
128	124	0.884874
128	127	0.869115
128	135	0.861167
128	137	0.877595
128	141	0.869299
128	149	0.869969
128	151	0.841062
128	152	0.859883
128	153	0.888125
128	155	0.87588
128	157	1.43899
128	158	0.838282
128	164	1.94816
128	169	2.22775
128	170	1.66973
128	175	2.61806
128	176	0.788625
128	177	0.916145
129	27	1.69171
129	43	0.897977
129	61	2.16456
129	62	0.869382
129	66	0.717359
129	68	0.901545
129	74	0.893126
129	81	0.879145
129	83	0.934611
129	84	0.88885
129	90	0.870733
129	94	1.24433
129	100	0.858247
129	101	0.911357
129	102	0.89685
129	104	0.910787
129	121	1.3674
129	137	1.45062
129	156	0.872721
129	158	0.862744
129	165	0.837055
129	167	0.890162
129	168	0.813295
129	169	0.844368
129	171	0.868439
129	175	0.841429
129	177	0.940607
129	178	0.845279
129	179	0.83907
129	180	0.829776
130	14	0.954141
130	37	1.64273
130	55	0.907006
130	84	1.27501
130	100	1.59426
130	109	0.876201
130	132	0.853326
130	137	1.26984
130	138	0.869701
130	142	0.908369
130	147	0.850477
130	151	1.60894
130	154	0.895169
130	156	0.8732
130	160	0.92348
130	161	0.895536
130	162	0.878499
130	163	0.887401
130	164	0.896727
130	165	0.837534
130	168	0.813774
130	169	0.844847
130	170	0.877769
130	172	0.848239
130	173	0.858828
130	174	0.824521
130	175	0.841909
130	176	0.813566
130	178	0.845758
130	179	0.839549
130	180	0.830255
131	34	0.870912
131	41	0.873934
131	44	1.61828
131	51	0.862379
131	53	2.0645
131	68	0.864216
131	82	1.39644
131	90	0.833404
131	101	0.874027
131	104	0.873457
131	111	0.852936
131	123	1.57763
131	127	0.856248
131	135	0.848299
131	136	1.98148
131	151	0.828194
131	152	0.847015
131	155	0.863012
131	159	0.871922
131	166	0.841238
131	168	0.775965
131	169	0.807038
131	170	0.839961
131	171	0.83111
131	174	0.786712
131	175	0.8041
131	177	0.903277
131	178	0.80795
131	179	0.801741
131	180	0.792446
132	20	0.689005
132	71	0.823432
132	73	2.20825
132	81	2.27571
132	99	0.885103
132	102	2.22081
132	105	0.829588
132	114	0.852866
132	117	0.851091
132	127	1.99523
132	130	0.853326
132	138	0.809532
132	140	0.843777
132	143	0.821389
132	154	0.835001
132	162	0.818331
132	163	0.827232
132	164	0.836559
132	166	0.818879
132	167	0.830472
132	169	0.784679
132	170	0.817601
132	172	0.788071
132	173	0.79866
132	174	0.764353
132	175	0.78174
132	178	0.78559
132	179	0.779381
132	180	0.770087
133	4	0.880545
133	5	0.880826
133	14	0.847516
133	15	0.961376
133	23	0.949241
133	30	0.943005
133	39	1.21051
133	44	0.906695
133	45	0.912264
133	57	0.903662
133	71	1.87621
133	91	0.888958
133	94	0.928089
133	96	0.88058
133	98	0.882237
133	99	1.51957
133	103	1.09964
133	107	0.900855
133	115	0.9374
133	134	0.89709
133	135	0.900113
133	136	0.915158
133	140	0.917951
133	144	0.903133
133	146	0.904038
133	147	0.901475
133	148	0.914818
133	160	1.53696
133	163	1.95779
133	168	0.827779
133	176	0.827571
134	4	0.83613
134	5	0.836411
134	21	0.907316
134	23	0.904826
134	30	0.89859
134	44	0.86228
134	45	0.867849
134	47	0.87344
134	64	0.798765
134	82	0.916847
134	91	0.844543
134	94	0.883674
134	96	0.836165
134	98	0.837822
134	107	0.85644
134	115	0.892985
134	120	0.885985
134	133	0.89709
134	135	0.855698
134	136	0.870743
134	142	1.69319
134	144	0.858718
134	146	0.859623
