1	100	1.23452
1	104	0.736284
1	111	1.21772
1	127	1.15812
1	146	1.15017
1	149	1.22372
1	154	1.22782
1	156	1.18793
1	157	0.711403
1	162	0.74785
1	165	0.773212
1	170	0.637801
2	62	1.2367
2	76	1.12801
2	82	1.19785
2	84	1.18635
2	86	1.20756
2	138	1.2306
2	153	1.21294
2	162	0.714243
2	165	0.739605
2	166	0.718455
2	175	0.731421
2	179	0.702756
3	5	1.22443
3	54	1.03651
3	59	1.29453
3	61	1.22655
3	85	1.2049
3	93	1.21994
3	97	0.664202
3	128	0.666243
3	143	0.99019
3	153	1.19314
3	163	0.626619
3	180	0.656669
4	99	0.697675
4	115	1.15219
4	117	1.19241
4	119	1.18201
4	144	1.18756
4	147	0.72771
4	152	1.20743
4	158	0.70238
4	162	0.731817
4	167	1.24332
4	176	0.746886
4	178	1.23507
5	3	1.22443
5	11	1.09287
5	59	1.29396
5	61	1.22597
5	93	1.21937
5	107	1.15083
5	152	1.02047
5	153	1.19257
5	159	0.663039
5	176	0.658186
5	177	0.630523
5	179	0.631629
6	11	1.14475
6	12	1.29366
6	22	1.22733
6	35	1.17251
6	54	1.08781
6	93	1.27124
6	107	1.20271
6	131	0.713091
6	136	0.761124
6	160	0.730139
6	177	0.70218
6	178	0.699977
7	69	0.753936
7	100	0.710057
7	137	1.16198
7	139	0.718863
7	149	0.686862
7	152	1.20375
7	156	0.723837
7	165	1.18003
7	171	1.19193
7	178	1.23139
7	179	1.22628
7	180	1.20463
8	13	0.951409
8	38	1.11767
8	40	0.737901
8	42	0.995128
8	78	1.08
8	81	1.05659
8	102	1.06897
8	105	1.06726
8	142	0.941811
8	151	1.06298
8	172	0.957644
8	177	0.967971
9	33	0.779782
9	39	1.27382
9	76	1.11796
9	84	1.17629
9	86	1.1975
9	96	0.73216
9	113	0.69161
9	134	1.19831
9	143	1.2419
9	156	1.19422
9	165	0.721627
9	178	0.681469
10	92	0.986775
10	114	0.884153
10	127	1.01018
10	134	1.04407
10	140	0.897948
10	143	1.08766
10	145	1.07095
10	148	1.04575
10	149	1.07578
10	167	1.07884
10	171	0.918516
10	180	0.904572
11	5	1.09287
11	6	1.14475
11	22	1.04447
11	23	0.893605
11	35	0.989647
11	48	0.873139
11	54	0.904955
11	85	1.07334
11	93	1.08838
11	128	0.912648
11	130	0.925965
11	153	1.06159
12	6	1.29366
12	35	1.13855
12	40	0.53974
12	54	1.05386
12	61	1.2439
12	85	1.22225
12	93	1.23729
12	130	0.80282
12	153	1.21049
12	164	0.67998
12	166	0.786615
12	176	0.797473
13	8	0.951409
13	57	1.01343
13	74	1.11384
13	78	1.08618
13	79	0.865105
13	90	1.02371
13	102	1.07514
13	105	1.07343
13	121	1.06286
13	171	0.929502
13	172	0.895111
13	180	0.915558
14	17	1.2685
14	29	0.621888
14	41	1.38202
14	87	1.36846
14	109	1.25945
14	110	0.680571
14	118	1.24032
14	129	1.27763
14	161	1.30363
14	175	0.671706
14	177	0.641935
14	178	0.639732
14	180	0.652055
15	27	0.888247
15	44	1.17227
15	56	1.06187
15	63	1.14616
15	73	1.15227
15	75	1.04816
15	77	1.15227
15	112	0.734726
15	125	0.761042
15	126	1.12891
15	164	1.23808
15	174	0.773059
15	177	0.749526
16	37	0.893725
16	63	1.15871
16	69	1.09553
16	73	1.16483
16	75	1.06071
16	77	1.16483
16	96	0.780605
16	118	1.06331
16	126	1.14146
16	160	0.760076
16	164	1.25064
16	178	0.729914
16	180	0.742236
17	14	1.2685
17	18	1.0874
17	41	1.21363
17	88	1.12301
17	109	1.09106
17	118	1.07193
17	124	0.772831
17	128	0.792497
17	129	1.10924
17	157	0.74895
17	161	1.13524
17	166	0.789608
17	175	0.802574
18	17	1.0874
18	34	1.06122
18	45	1.11782
18	70	0.828782
18	87	1.18737
18	88	1.1103
18	108	1.33502
18	109	1.07835
18	135	0.761806
18	161	1.12253
18	176	0.786651
18	179	0.760094
18	180	0.769108
19	42	1.07051
19	64	1.22384
19	78	1.15539
19	79	0.780461
19	81	1.13198
19	90	1.09292
19	102	1.14435
19	105	1.14265
19	151	1.13836
19	164	0.730964
19	170	0.723338
19	173	0.840854
19	180	0.830914
20	28	1.37084
20	76	1.22473
20	82	1.29457
20	84	1.28306
20	95	0.66124
20	104	0.638487
20	133	1.28982
20	135	0.640278
20	138	1.32732
20	153	1.30966
20	160	0.665419
20	175	0.66723
20	178	0.635257
21	34	1.26822
21	55	1.25282
21	87	1.39436
21	109	1.28534
21	113	0.653134
21	114	0.634896
21	118	1.26621
21	129	1.30353
21	150	0.662239
21	161	1.32952
21	169	0.655905
21	179	0.646301
21	180	0.655315
22	6	1.22733
22	11	1.04447
22	54	0.987533
22	59	1.24556
22	61	1.17757
22	93	1.17096
22	107	1.10242
22	112	0.766509
22	153	1.14416
22	157	0.757456
22	166	0.798113
22	171	0.805373
22	178	0.779106
23	11	0.893605
23	93	0.730485
23	102	0.758947
23	146	0.805151
23	149	0.706545
23	162	1.14042
23	164	1.25134
23	173	1.11317
23	175	1.10594
23	176	1.10179
23	177	1.12976
23	179	1.13961
23	180	1.11796
24	78	1.1603
24	81	1.13689
24	83	1.1279
24	90	1.09783
24	96	0.806793
24	102	1.14926
24	105	1.14756
24	121	1.13698
24	131	0.769216
24	150	0.775349
24	151	1.14327
24	160	0.786264
24	169	0.769014
25	36	1.04175
25	47	1.16157
25	50	1.1166
25	51	1.10641
25	68	1.20762
25	126	1.13104
25	141	0.775336
25	146	1.06524
25	160	0.821714
25	163	0.773824
25	164	0.703924
25	165	0.83171
25	170	1.26977
26	92	1.16195
26	125	0.707616
26	127	1.18535
26	138	1.24148
26	139	1.23205
26	143	1.26283
26	145	1.24613
26	151	0.710145
26	154	1.25505
26	156	1.21516
26	157	0.672247
26	162	0.708694
26	166	0.712905
26	177	0.6961
27	15	0.888247
27	39	0.837944
27	71	0.801406
27	87	0.811448
27	89	1.06334
27	111	1.11488
27	126	0.855443
27	127	1.05528
27	138	1.11141
27	160	1.08626
27	174	1.09242
27	175	1.0769
27	179	1.11058
27	180	1.08893
28	20	1.37084
28	62	1.24622
28	76	1.13753
28	82	1.20737
28	84	1.19587
28	86	1.21708
28	133	1.20263
28	135	0.683817
28	153	1.22246
28	155	0.747789
28	169	0.691708
28	173	0.701059
28	174	0.704532
28	178	0.678796
29	14	0.621888
29	42	0.817372
29	71	0.642637
29	126	0.696675
29	129	0.736971
29	132	0.677644
29	155	1.19749
29	160	1.23156
29	171	1.22153
29	172	1.23719
29	174	1.23773
29	175	1.2222
29	176	1.21806
29	180	1.23423
30	60	0.692093
30	91	0.688696
30	101	0.662437
30	115	0.756994
30	122	0.684671
30	129	0.707775
30	163	1.23963
30	173	1.21755
30	174	1.22584
30	175	1.21032
30	176	1.20618
30	177	1.23414
30	179	1.244
30	180	1.22234
31	69	0.873257
31	87	0.773016
31	88	0.877608
31	107	0.868981
31	124	1.11226
31	154	0.800356
31	159	1.08215
31	165	1.06335
31	169	1.09726
31	175	1.07592
31	176	1.07178
31	177	1.09974
31	179	1.1096
31	180	1.08794
32	91	1.0558
32	94	1.10954
32	119	1.05239
32	122	1.08926
32	123	1.13809
32	125	0.853903
32	128	0.862081
32	144	1.05795
32	152	1.07782
32	158	0.825543
32	163	0.822457
32	167	1.1137
32	177	0.842387
32	178	1.10546
33	9	0.779782
33	75	0.839981
33	78	0.825622
33	127	0.903911
33	132	1.13637
33	144	1.05727
33	152	1.07714
33	153	0.845694
33	162	1.10047
33	171	1.06532
33	172	1.08097
33	178	1.10478
33	179	1.09967
33	180	1.07801
34	18	1.06122
34	21	1.26822
34	45	1.10436
34	49	0.979981
34	55	1.03236
34	88	1.09684
34	109	1.06489
34	129	1.08307
34	147	0.840432
34	157	0.808092
34	160	0.859904
34	161	1.10906
34	171	0.856009
34	180	0.842065
35	6	1.17251
35	11	0.989647
35	12	1.13855
35	54	0.932713
35	59	1.19074
35	61	1.12275
35	66	0.823057
35	93	1.11614
35	107	1.04761
35	153	1.08934
35	166	0.842994
35	169	0.836899
35	174	0.849723
35	176	0.853852
36	25	1.04175
36	50	1.09631
36	51	1.08613
36	53	1.08695
36	58	1.03403
36	107	1.04963
36	108	1.02522
36	110	0.824424
36	126	1.11075
36	135	0.788606
36	146	1.04495
36	151	0.799833
36	163	0.765858
36	170	1.24949
37	16	0.893725
37	47	0.746189
37	71	0.824293
37	120	0.902167
37	123	0.828829
37	139	1.09244
37	143	1.12323
37	145	1.10652
37	156	1.07556
37	175	1.06737
37	176	1.06323
37	177	1.0912
37	179	1.10105
37	180	1.0794
38	8	1.11767
38	60	1.24553
38	64	1.32088
38	83	1.22004
38	90	1.18997
38	97	0.727827
38	102	1.2414
38	121	1.22912
38	151	1.23541
38	162	0.722767
38	168	0.712817
38	170	0.612718
38	179	0.711279
38	180	0.720294
39	9	1.27382
39	27	0.837944
39	62	1.25598
39	76	1.14729
39	79	0.658891
39	82	1.21713
39	84	1.20562
39	86	1.22683
39	103	1.2411
39	130	0.732233
39	140	0.702719
39	142	0.673063
39	153	1.23222
39	170	0.601768
40	8	0.737901
40	12	0.53974
40	55	0.619654
40	56	0.603137
40	92	0.613349
40	146	0.574431
40	165	1.37885
40	167	0.505019
40	173	1.39866
40	175	1.39142
40	176	1.38728
40	177	1.41524
40	179	1.4251
40	180	1.40345
41	14	1.38202
41	17	1.21363
41	49	1.11967
41	55	1.17205
41	88	1.23653
41	109	1.20458
41	129	1.22276
41	141	0.690141
41	150	0.725603
41	161	1.24876
41	164	0.618729
41	165	0.746514
41	172	0.698232
41	173	0.72862
42	8	0.995128
42	19	1.07051
42	29	0.817372
42	57	1.05715
42	60	1.12299
42	74	1.15756
42	83	1.0975
42	90	1.06743
42	102	1.11886
42	151	1.11287
42	169	0.848129
42	172	0.827092
42	176	0.865082
42	180	0.847539
43	48	1.10293
43	86	0.846662
43	105	0.853758
43	132	0.812572
43	148	0.865297
43	154	0.814949
43	158	1.1034
43	169	1.09051
43	173	1.0764
43	174	1.08469
43	176	1.06503
43	177	1.09299
43	179	1.10285
43	180	1.08119
44	15	1.17227
44	52	1.21618
44	69	1.19748
44	73	1.26678
44	75	1.16266
44	77	1.26678
44	118	1.16526
44	130	0.723322
44	135	0.69313
44	142	0.664152
44	162	0.702906
44	164	1.35259
44	173	0.710373
44	174	0.713845
45	18	1.11782
45	34	1.10436
45	55	1.08895
45	87	1.2305
45	88	1.15343
45	108	1.37815
45	109	1.12148
45	129	1.13966
45	135	0.729705
45	147	0.735374
45	155	0.793677
45	159	0.759402
45	161	1.16566
45	165	0.764842
45	178	0.724684
46	85	1.17188
46	89	1.12972
46	98	0.761827
46	127	1.12165
46	141	0.719344
46	143	1.19913
46	148	1.15723
46	149	1.18726
46	154	1.19135
46	156	1.15146
46	165	0.775718
46	166	0.754567
46	167	1.19031
46	169	0.748472
46	180	0.747882
47	25	1.16157
47	37	0.746189
47	51	1.20596
47	53	1.20677
47	57	0.989662
47	58	1.15386
47	68	1.30716
47	126	1.23058
47	146	1.16478
47	155	0.651371
47	159	0.617096
47	160	0.61254
47	168	0.587223
47	170	1.36932
48	11	0.873139
48	43	1.10293
48	87	0.652912
48	105	0.719061
48	127	0.787986
48	134	0.741343
48	145	0.718742
48	160	1.17071
48	166	1.17803
48	171	1.16068
48	174	1.17687
48	176	1.15721
48	177	1.18517
48	179	1.19503
48	180	1.17337
49	34	0.979981
49	41	1.11967
49	55	0.964579
49	67	1.03045
49	79	0.865383
49	87	1.10612
49	88	1.02906
49	108	1.25378
49	109	0.997104
49	113	0.913654
49	118	0.977976
49	161	1.04128
49	162	0.918309
49	177	0.905715
49	178	0.903512
50	25	1.1166
50	36	1.09631
50	53	1.1618
50	58	1.10888
50	68	1.26218
50	99	0.730931
50	107	1.12448
50	114	0.74218
50	126	1.1856
50	135	0.755297
50	146	1.1198
50	170	1.32434
50	171	0.776544
50	177	0.752479
50	178	0.750276
51	25	1.10641
51	36	1.08613
51	47	1.20596
51	53	1.15161
51	58	1.0987
51	68	1.252
51	118	1.0541
51	126	1.17542
51	146	1.10962
51	158	0.663936
51	159	0.713295
51	163	0.66085
51	170	1.31415
51	171	0.704844
51	176	0.708442
52	44	1.21618
52	56	1.10578
52	63	1.19006
52	69	1.12688
52	73	1.19618
52	75	1.09207
52	77	1.19618
52	114	0.683791
52	118	1.09467
52	128	0.713784
52	156	1.08753
52	159	0.726605
52	164	1.28199
52	168	0.696733
52	170	0.596634
53	36	1.08695
53	47	1.20677
53	50	1.1618
53	51	1.15161
53	58	1.09952
53	68	1.25282
53	107	1.11512
53	124	0.74643
53	128	0.766096
53	130	0.779412
53	146	1.11044
53	157	0.722549
53	168	0.749045
53	170	1.31497
53	178	0.744199
54	3	1.03651
54	6	1.08781
54	11	0.904955
54	12	1.05386
54	22	0.987533
54	35	0.932713
54	59	1.10604
54	61	1.03806
54	85	1.01641
54	93	1.03145
54	153	1.00465
54	159	0.984421
54	172	0.941579
54	174	0.975439
54	177	0.951906
54	179	0.953011
55	21	1.25282
55	34	1.03236
55	40	0.619654
55	41	1.17205
55	45	1.08895
55	49	0.964579
55	87	1.1585
55	88	1.08144
55	98	0.873789
55	108	1.30615
55	109	1.04948
55	125	0.86124
55	131	0.860635
55	141	0.831306
55	161	1.09366
55	164	0.759894
56	15	1.06187
56	40	0.603137
56	52	1.10578
56	63	1.15025
56	69	1.08707
56	73	1.15637
56	75	1.05225
56	77	1.15637
56	97	0.85086
56	104	0.834235
56	118	1.05486
56	126	1.133
56	160	0.861167
56	163	0.813277
56	164	1.24218
56	169	0.843917
57	13	1.01343
57	42	1.05715
57	47	0.989662
57	64	1.21047
57	74	1.16969
57	78	1.14203
57	81	1.11861
57	83	1.10963
57	98	0.77857
57	99	0.732957
57	102	1.13099
57	105	1.12928
57	121	1.11871
57	142	0.728346
57	155	0.821296
57	179	0.755611
58	36	1.03403
58	47	1.15386
58	50	1.10888
58	51	1.0987
58	53	1.09952
58	66	0.799578
58	68	1.1999
58	99	0.781162
58	107	1.0622
58	126	1.12332
58	146	1.05752
58	170	1.26206
58	172	0.792384
58	176	0.830373
58	178	0.800508
58	179	0.803816
59	3	1.29453
59	5	1.29396
59	22	1.24556
59	35	1.19074
59	54	1.10604
59	61	1.29608
59	93	1.28947
59	107	1.22094
59	153	1.26268
59	159	0.703866
59	160	0.69931
59	169	0.68206
59	171	0.695415
59	172	0.661023
59	174	0.694883
59	179	0.672456
60	30	0.692093
60	38	1.24553
60	42	1.12299
60	74	1.23552
60	78	1.20786
60	81	1.18445
60	83	1.17547
60	90	1.1454
60	102	1.19683
60	104	0.742364
60	105	1.19512
60	114	0.731037
60	136	0.800281
60	151	1.19084
60	164	0.651506
60	178	0.739134
60	180	0.751456
61	3	1.22655
61	5	1.22597
61	12	1.2439
61	22	1.17757
61	35	1.12275
61	54	1.03806
61	59	1.29608
61	93	1.22149
61	107	1.15295
61	121	1.03563
61	153	1.19469
61	171	0.691456
61	173	0.687453
61	174	0.690925
61	177	0.667392
61	178	0.665189
61	179	0.668498
62	2	1.2367
62	28	1.24622
62	39	1.25598
62	76	1.10011
62	82	1.16995
62	84	1.15845
62	86	1.17966
62	113	0.731972
62	133	1.16521
62	138	1.2027
62	153	1.18504
62	163	0.704104
62	168	0.726677
62	169	0.734743
62	172	0.713707
62	173	0.744094
62	175	0.753805
63	15	1.14616
63	16	1.15871
63	52	1.19006
63	56	1.15025
63	69	1.17136
63	73	1.24066
63	75	1.13654
63	77	1.24066
63	97	0.746
63	118	1.13914
63	125	0.739863
63	159	0.760862
63	164	1.32647
63	168	0.73099
63	170	0.630892
63	173	0.748408
63	174	0.75188
64	19	1.22384
64	38	1.32088
64	57	1.21047
64	74	1.31088
64	81	1.2598
64	83	1.25082
64	90	1.22075
64	102	1.27218
64	105	1.27047
64	121	1.2599
64	130	0.703092
64	140	0.673578
64	150	0.687126
64	155	0.736872
64	160	0.698041
64	170	0.572626
64	178	0.667879
64	179	0.671187
65	95	0.677371
65	106	1.27317
65	115	1.20534
65	116	1.2505
65	122	1.27203
65	125	0.665106
65	128	0.673284
65	132	1.31981
65	137	1.21881
65	144	1.24071
65	147	0.662077
65	152	1.26058
65	159	0.686106
65	161	1.27082
65	165	0.691545
65	171	0.677654
65	174	0.677123
65	178	1.28822
66	35	0.823057
66	58	0.799578
66	72	0.802842
66	91	0.734806
66	105	0.735743
66	107	0.76556
66	162	1.16555
66	167	0.731956
66	169	1.15241
66	171	1.13039
66	172	1.14605
66	173	1.1383
66	174	1.14659
66	175	1.13107
66	176	1.12692
66	177	1.15489
66	179	1.16474
66	180	1.14309
67	49	1.03045
67	87	1.22437
67	88	1.14731
67	92	1.09312
67	98	0.810654
67	100	1.19291
67	104	0.787617
67	109	1.11535
67	127	1.11652
67	140	0.790085
67	141	0.768171
67	148	1.1521
67	149	1.18212
67	154	1.18622
67	161	1.15953
67	163	0.766659
67	164	0.696759
67	168	0.789232
68	25	1.20762
68	47	1.30716
68	50	1.26218
68	51	1.252
68	53	1.25282
68	58	1.1999
68	96	0.702147
68	107	1.21551
68	126	1.27662
68	135	0.656477
68	136	0.712603
68	146	1.21083
68	162	0.666252
68	169	0.664368
68	170	1.41536
68	171	0.677723
68	174	0.677192
68	177	0.653658
69	7	0.753936
69	16	1.09553
69	31	0.873257
69	44	1.19748
69	52	1.12688
69	56	1.08707
69	63	1.17136
69	73	1.17748
69	75	1.07336
69	77	1.17748
69	104	0.773996
69	114	0.76267
69	118	1.07597
69	126	1.15411
69	164	1.26329
69	170	0.675513
69	173	0.793029
69	179	0.774074
70	18	0.828782
70	94	0.788997
70	104	1.12668
70	115	0.876031
70	116	0.79538
70	128	1.09529
70	136	1.08522
70	137	0.835402
70	143	0.762859
70	167	0.804883
70	168	1.13243
70	171	1.09207
70	172	1.10772
70	175	1.09274
70	176	1.08859
70	177	1.11656
70	178	1.13153
70	179	1.12641
70	180	1.10476
71	27	0.801406
71	29	0.642637
71	37	0.824293
71	91	1.17666
71	94	1.23039
71	96	0.711173
71	116	1.18859
71	119	1.17325
71	120	1.19779
71	123	1.25894
71	132	1.25791
71	137	1.1569
71	152	1.19868
71	165	0.70064
71	167	1.23456
71	169	0.673394
71	176	0.690347
71	177	0.662684
71	178	1.22632
72	66	0.802842
72	106	1.11709
72	116	1.09443
72	117	1.08949
72	119	1.07909
72	122	1.11595
72	123	1.16478
72	124	0.806003
72	131	0.816887
72	136	0.864919
72	137	1.06274
72	144	1.08464
72	147	0.814462
72	152	1.10451
72	161	1.11475
72	163	0.786045
72	167	1.1404
72	169	0.816685
72	178	1.13215
73	15	1.15227
73	16	1.16483
73	44	1.26678
73	52	1.19618
73	56	1.15637
73	63	1.24066
73	69	1.17748
73	75	1.14266
73	77	1.24678
73	113	0.709389
73	126	1.22341
73	147	0.709937
73	164	1.33259
73	171	0.725514
73	172	0.691123
73	175	0.731221
73	176	0.729112
73	179	0.702556
73	180	0.71157
74	13	1.11384
74	42	1.15756
74	57	1.16969
74	60	1.23552
74	64	1.31088
74	78	1.24243
74	81	1.21902
74	83	1.21003
74	90	1.17996
74	102	1.23139
74	105	1.22969
74	114	0.697326
74	147	0.716112
74	158	0.690781
74	169	0.718334
74	171	0.731689
74	172	0.697298
74	173	0.727685
74	174	0.731158
75	15	1.04816
75	16	1.06071
75	33	0.839981
75	44	1.16266
75	52	1.09207
75	56	1.05225
75	63	1.13654
75	69	1.07336
75	73	1.14266
75	77	1.14266
75	118	1.04115
75	123	1.06167
75	126	1.1193
75	135	0.746689
75	159	0.776386
75	164	1.22847
75	173	0.763931
75	176	0.771533
75	179	0.744977
76	2	1.12801
76	9	1.11796
76	20	1.22473
76	28	1.13753
76	39	1.14729
76	62	1.10011
76	82	1.06126
76	86	1.07097
76	97	0.823008
76	103	1.08524
76	112	0.790555
76	133	1.05652
76	138	1.09401
76	153	1.07636
76	159	0.837871
76	166	0.82216
76	172	0.795028
76	175	0.835126
76	177	0.805355
77	15	1.15227
77	16	1.16483
77	44	1.26678
77	52	1.19618
77	56	1.15637
77	63	1.24066
77	69	1.17748
77	73	1.24678
77	75	1.14266
77	122	1.03595
77	124	0.651492
77	126	1.22341
77	136	0.710409
77	164	1.33259
77	166	0.668269
77	168	0.654107
77	172	0.641137
77	173	0.671525
77	174	0.674997
78	8	1.08
78	13	1.08618
78	19	1.15539
78	24	1.1603
78	33	0.825622
78	57	1.14203
78	60	1.20786
78	74	1.24243
78	81	1.19136
78	83	1.18238
78	90	1.1523
78	95	0.753293
78	105	1.20203
78	124	0.72954
78	151	1.19775
78	172	0.719185
78	174	0.753045
78	175	0.759283
78	177	0.729511
78	180	0.739632
79	13	0.865105
79	19	0.780461
79	39	0.658891
79	49	0.865383
79	90	0.742089
79	94	0.67887
79	103	0.710396
79	122	0.693581
79	160	1.14546
79	162	1.17059
79	168	1.1758
79	169	1.15744
79	170	1.31107
79	171	1.13543
79	172	1.15109
79	173	1.14334
79	176	1.13196
79	177	1.15992
79	179	1.16978
79	180	1.14813
80	91	1.14638
80	115	1.11316
80	119	1.14297
80	120	1.16751
80	122	1.17984
80	128	0.761599
80	132	1.22763
80	137	1.12663
80	142	0.715746
80	144	1.14853
80	152	1.1684
80	160	0.769865
80	161	1.17864
80	167	1.20428
80	171	0.76597
80	172	0.731579
80	175	0.771677
80	177	0.741905
80	178	1.19604
80	180	0.752025
81	8	1.05659
81	19	1.13198
81	24	1.13689
81	57	1.11861
81	60	1.18445
81	64	1.2598
81	74	1.21902
81	78	1.19136
81	96	0.795551
81	98	0.771128
81	102	1.18032
81	105	1.17861
81	114	0.736764
81	121	1.16804
81	136	0.806007
81	151	1.17433
81	158	0.730219
81	164	0.657232
81	166	0.763867
81	168	0.749705
82	2	1.19785
82	20	1.29457
82	28	1.20737
82	39	1.21713
82	62	1.16995
82	76	1.06126
82	84	1.1196
82	86	1.14081
82	103	1.15508
82	125	0.758844
82	133	1.12636
82	138	1.16385
82	141	0.72891
82	147	0.755815
82	153	1.14619
82	158	0.730484
82	165	0.785283
82	178	0.745125
82	179	0.748433
82	180	0.757448
83	24	1.1279
83	38	1.22004
83	42	1.0975
83	57	1.10963
83	60	1.17547
83	64	1.25082
83	74	1.21003
83	78	1.18238
83	90	1.11991
83	102	1.17134
83	105	1.16963
83	135	0.749033
83	136	0.805159
83	150	0.763258
83	151	1.16535
83	160	0.774174
83	170	0.648759
83	173	0.766275
83	179	0.74732
83	180	0.756334
84	2	1.18635
84	9	1.17629
84	20	1.28306
84	28	1.19587
84	39	1.20562
84	62	1.15845
84	82	1.1196
84	86	1.1293
84	101	1.06317
84	103	1.14357
84	110	0.739545
84	113	0.708848
84	133	1.11485
84	135	0.703728
84	138	1.15234
84	142	0.67475
84	151	0.714954
84	153	1.13469
84	177	0.700909
84	179	0.702015
85	3	1.2049
85	11	1.07334
85	12	1.22225
85	46	1.17188
85	54	1.01641
85	91	1.09098
85	93	1.19983
85	99	0.680918
85	111	1.19417
85	139	1.18126
85	140	0.705962
85	145	1.19534
85	153	1.17304
85	156	1.16437
85	158	0.685622
85	166	0.71927
85	167	1.20323
85	173	0.722526
85	177	0.702466
85	178	0.700263
86	2	1.20756
86	9	1.1975
86	28	1.21708
86	39	1.22683
86	43	0.846662
86	62	1.17966
86	76	1.07097
86	82	1.14081
86	84	1.1293
86	95	0.755561
86	103	1.16478
86	130	0.764791
86	133	1.13606
86	138	1.17355
86	153	1.1559
86	164	0.64195
86	171	0.755845
86	174	0.755314
86	176	0.759443
86	178	0.729578
87	14	1.36846
87	18	1.18737
87	21	1.39436
87	27	0.811448
87	31	0.773016
87	45	1.2305
87	48	0.652912
87	49	1.10612
87	55	1.1585
87	67	1.22437
87	88	1.22298
87	109	1.19103
87	118	1.1719
87	129	1.20921
87	140	0.676224
87	151	0.686772
87	160	0.700687
87	161	1.2352
87	172	0.662401
87	178	0.670525
87	179	0.673833
88	17	1.12301
88	18	1.1103
88	31	0.877608
88	34	1.09684
88	41	1.23653
88	45	1.15343
88	49	1.02906
88	55	1.08144
88	67	1.14731
88	87	1.22298
88	109	1.11396
88	118	1.09484
88	129	1.13215
88	150	0.794363
88	151	0.791364
88	159	0.809835
88	161	1.15814
88	162	0.789913
88	164	0.687489
88	168	0.779962
88	179	0.778425
89	27	1.06334
89	46	1.12972
89	92	1.069
89	111	1.15201
89	127	1.0924
89	130	0.825097
89	139	1.1391
89	143	1.16988
89	145	1.15318
89	148	1.12798
89	149	1.15801
89	154	1.1621
89	156	1.12221
89	157	0.768234
89	160	0.820047
89	167	1.16106
89	169	0.802797
89	170	0.694632
89	172	0.78176
89	174	0.81562
89	180	0.802207
90	13	1.02371
90	19	1.09292
90	24	1.09783
90	38	1.18997
90	42	1.06743
90	60	1.1454
90	64	1.22075
90	74	1.17996
90	78	1.1523
90	79	0.742089
90	83	1.11991
90	99	0.760874
90	102	1.14127
90	105	1.13956
90	110	0.821058
90	121	1.12899
90	131	0.793333
90	140	0.785918
90	175	0.812193
90	176	0.810084
90	179	0.783527
91	30	0.688696
91	32	1.0558
91	66	0.734806
91	71	1.17666
91	80	1.14638
91	85	1.09098
91	94	1.15959
91	116	1.11779
91	117	1.11285
91	119	1.10245
91	120	1.12699
91	123	1.18814
91	131	0.74885
91	137	1.0861
91	144	1.108
91	160	0.765898
91	167	1.16376
91	174	0.761472
91	175	0.76771
91	178	1.15551
91	180	0.748059
92	10	0.986775
92	26	1.16195
92	40	0.613349
92	67	1.09312
92	89	1.069
92	95	0.867199
92	100	1.13734
92	127	1.06094
92	134	1.09483
92	139	1.10763
92	145	1.12171
92	147	1.11919
92	148	1.09652
92	150	0.860462
92	151	0.857463
92	154	1.13064
92	156	1.09075
92	158	0.826575
92	159	0.875934
92	167	1.1296
92	173	0.863479
92	179	0.844524
93	3	1.21994
93	5	1.21937
93	6	1.27124
93	11	1.08838
93	12	1.23729
93	22	1.17096
93	23	0.730485
93	35	1.11614
93	54	1.03145
93	59	1.28947
93	61	1.22149
93	85	1.19983
93	107	1.14634
93	124	0.729863
93	147	0.738321
93	153	1.18808
93	163	0.709904
93	171	0.753899
93	172	0.719507
93	176	0.757497
93	179	0.73094
93	180	0.739954
94	32	1.10954
94	70	0.788997
94	71	1.23039
94	79	0.67887
94	91	1.15959
94	106	1.19419
94	110	0.757839
94	116	1.17152
94	117	1.16659
94	122	1.19305
94	123	1.24187
94	124	0.719231
94	132	1.24084
94	137	1.13983
94	144	1.16174
94	152	1.18161
94	160	0.747162
94	163	0.699273
94	168	0.721846
94	175	0.748974
94	176	0.746865
94	178	1.20925
95	20	0.66124
95	65	0.677371
95	78	0.753293
95	86	0.755561
95	92	0.867199
95	108	0.612639
95	128	1.17404
95	129	0.7808
95	130	1.18441
95	132	0.721472
95	144	0.765401
95	162	1.20598
95	165	1.15892
95	166	1.18817
95	169	1.19283
95	171	1.17082
95	172	1.18648
95	174	1.18701
95	176	1.16735
95	177	1.19531
95	179	1.20517
95	180	1.18352
96	9	0.73216
96	16	0.780605
96	24	0.806793
96	68	0.702147
96	71	0.711173
96	81	0.795551
96	135	1.1596
96	139	0.786383
96	153	0.798072
96	158	1.15502
96	160	1.13015
96	161	0.7831
96	166	1.13747
96	168	1.16048
96	170	1.29575
96	171	1.12012
96	172	1.13577
96	174	1.13631
96	175	1.12079
96	176	1.11665
96	177	1.14461
96	179	1.15447
96	180	1.13281
97	3	0.664202
97	38	0.727827
97	56	0.85086
97	63	0.746
97	76	0.823008
97	117	0.789001
97	120	0.758211
97	121	1.14385
97	134	1.13585
97	137	0.783261
97	139	1.14864
97	143	1.17943
97	148	1.13753
97	149	1.16756
97	154	1.17165
97	157	1.16677
97	161	0.752265
97	172	1.13856
97	173	1.13081
97	174	1.1391
97	177	1.1474
97	179	1.15725
97	180	1.1356
98	46	0.761827
98	55	0.873789
98	57	0.77857
98	67	0.810654
98	81	0.771128
98	113	1.14573
98	115	0.830302
98	117	0.795413
98	119	0.806154
98	130	1.11716
98	156	0.766934
98	163	1.13355
98	165	1.09168
98	166	1.12092
98	168	1.14394
98	169	1.12559
98	171	1.10357
98	173	1.11148
98	174	1.11977
98	175	1.10425
98	176	1.1001
98	177	1.12807
98	179	1.13792
98	180	1.11627
99	4	0.697675
99	50	0.730931
99	57	0.732957
99	58	0.781162
99	85	0.680918
99	90	0.760874
99	100	0.707541
99	125	1.21359
99	143	0.671516
99	152	0.717824
99	159	1.18861
99	163	1.21169
99	166	1.19906
99	167	0.713541
99	169	1.20372
99	172	1.19737
99	173	1.18961
99	174	1.1979
99	175	1.18238
99	176	1.17824
99	177	1.2062
99	178	1.22117
99	179	1.21606
99	180	1.1944
100	1	1.23452
100	7	0.710057
100	67	1.19291
100	92	1.13734
100	99	0.707541
100	101	1.19572
100	103	1.20809
100	121	1.20264
100	129	1.17775
100	133	1.17937
100	134	1.19463
100	142	0.70293
100	143	1.23822
100	145	1.22151
100	148	1.19632
100	154	1.23044
100	156	1.19054
100	165	0.767045
100	168	0.731732
100	170	0.631634
100	171	0.753154
100	173	0.74915
100	178	0.726886
100	179	0.730195
101	30	0.662437
101	84	1.06317
101	100	1.19572
101	111	1.17893
101	113	0.719619
101	128	0.731374
101	129	1.13634
101	131	0.722592
101	133	1.13796
101	134	1.15322
101	139	1.16602
101	143	1.1968
101	145	1.1801
101	146	1.11138
101	147	1.17758
101	148	1.1549
101	149	1.18493
101	151	0.725725
101	154	1.18902
101	156	1.14913
101	167	1.18798
101	169	0.72239
101	173	0.731741
101	178	0.709478
101	180	0.7218
102	8	1.06897
102	13	1.07514
102	19	1.14435
102	23	0.758947
102	24	1.14926
102	38	1.2414
102	42	1.11886
102	57	1.13099
102	60	1.19683
102	64	1.27218
102	74	1.23139
102	81	1.18032
102	83	1.17134
102	90	1.14127
102	105	1.19099
102	112	0.743497
102	142	0.732137
102	147	0.766784
102	151	1.18671
102	155	0.825087
102	157	0.734444
102	164	0.668467
102	172	0.74797
102	173	0.778357
102	178	0.756094
103	39	1.2411
103	76	1.08524
103	79	0.710396
103	82	1.15508
103	84	1.14357
103	86	1.16478
103	100	1.20809
103	104	0.751757
103	133	1.15033
103	134	1.16559
103	138	1.18782
103	139	1.17839
103	146	1.12375
103	148	1.16728
103	149	1.1973
103	153	1.17017
103	156	1.1615
103	158	0.733885
103	163	0.730799
103	168	0.753372
103	169	0.761439
103	172	0.740402
103	173	0.77079
103	175	0.7805
103	176	0.778391
104	1	0.736284
104	20	0.638487
104	56	0.834235
104	60	0.742364
104	67	0.787617
104	69	0.773996
104	70	1.12668
104	103	0.751757
104	133	0.762238
104	134	0.762186
104	136	1.15401
104	149	0.706922
104	150	1.17442
104	155	1.13682
104	165	1.14896
104	166	1.1782
104	168	1.20122
104	171	1.16086
104	173	1.16876
104	174	1.17705
104	175	1.16153
104	176	1.15738
104	177	1.18535
104	179	1.1952
104	180	1.17355
105	8	1.06726
105	13	1.07343
105	19	1.14265
105	24	1.14756
105	43	0.853758
105	48	0.719061
105	57	1.12928
105	60	1.19512
105	64	1.27047
105	66	0.735743
105	74	1.22969
105	78	1.20203
105	81	1.17861
105	83	1.16963
105	90	1.13956
105	102	1.19099
105	121	1.17871
105	140	0.742372
105	151	1.185
105	157	0.715023
105	173	0.758937
105	175	0.768647
105	177	0.738876
105	178	0.736673
105	179	0.739982
106	65	1.27317
106	72	1.11709
106	94	1.19419
106	115	1.10723
106	116	1.15239
106	117	1.14745
106	118	1.08328
106	119	1.13705
106	120	1.16159
106	122	1.17391
106	125	0.72148
106	131	0.720875
106	132	1.2217
106	137	1.1207
106	144	1.1426
106	147	0.718451
106	152	1.16247
106	162	0.722558
106	165	0.747919
106	167	1.19836
106	170	0.612509
106	173	0.730025
106	174	0.733497
106	178	1.19011
106	180	0.720084
107	5	1.15083
107	6	1.20271
107	22	1.10242
107	31	0.868981
107	35	1.04761
107	36	1.04963
107	50	1.12448
107	53	1.11512
107	58	1.0622
107	59	1.22094
107	61	1.15295
107	66	0.76556
107	68	1.21551
107	93	1.14634
107	126	1.13892
107	146	1.07313
107	150	0.785736
107	151	0.782737
107	153	1.11955
107	157	0.744839
107	158	0.751849
107	169	0.779402
107	170	1.27766
107	171	0.792757
107	177	0.768692
107	179	0.769798
108	18	1.33502
108	36	1.02522
108	45	1.37815
108	49	1.25378
108	55	1.30615
108	95	0.612639
108	109	1.33868
108	117	1.3576
108	118	1.31955
108	120	1.37174
108	125	0.600374
108	130	0.621869
108	137	1.33085
108	141	0.57044
108	144	1.35275
108	150	0.605902
108	152	1.37262
108	161	1.38286
108	162	0.601452
108	164	0.499028
108	166	0.605663
108	168	0.591501
108	177	0.588858
108	178	1.40026
108	179	0.589964
109	14	1.25945
109	17	1.09106
109	18	1.07835
109	21	1.28534
109	34	1.06489
109	41	1.20458
109	45	1.12148
109	49	0.997104
109	55	1.04948
109	67	1.11535
109	87	1.19103
109	88	1.11396
109	108	1.33868
109	114	0.723124
109	116	1.10959
109	118	1.06288
109	129	1.10019
109	136	0.792367
109	155	0.800213
109	161	1.12619
109	165	0.771379
109	166	0.750228
109	168	0.736066
109	170	0.635968
109	174	0.756956
109	179	0.734529
110	14	0.680571
110	36	0.824424
110	84	0.739545
110	90	0.821058
110	94	0.757839
110	115	0.844873
110	119	0.820725
110	139	0.776531
110	148	0.789052
110	154	0.738704
110	155	1.08988
110	157	1.15779
110	160	1.12395
110	162	1.14908
110	163	1.1439
110	164	1.26
110	165	1.10202
110	166	1.13127
110	168	1.15429
110	169	1.13593
110	173	1.12183
110	174	1.13012
110	175	1.11459
110	176	1.11045
110	179	1.14827
110	180	1.12662
111	1	1.21772
111	27	1.11488
111	85	1.19417
111	89	1.15201
111	101	1.17893
111	112	0.716992
111	127	1.14394
111	134	1.17784
111	138	1.20007
111	139	1.19064
111	145	1.20472
111	146	1.136
111	148	1.17952
111	149	1.20955
111	154	1.21365
111	155	0.798582
111	156	1.17375
111	158	0.714949
111	164	0.641962
111	165	0.769748
111	167	1.21261
111	168	0.734435
111	173	0.751853
111	175	0.761563
111	176	0.759455
111	177	0.731792
111	179	0.732898
112	15	0.734726
112	22	0.766509
112	76	0.790555
112	102	0.743497
112	111	0.716992
112	114	1.19107
112	120	0.725758
112	123	0.65242
112	145	0.723757
112	146	0.789701
112	156	0.728069
112	158	1.19812
112	159	1.17011
112	160	1.17324
112	163	1.1932
112	165	1.15132
112	166	1.18056
112	167	0.720289
112	169	1.18523
112	172	1.17887
112	173	1.17112
112	174	1.17941
112	175	1.16389
112	177	1.18771
112	178	1.20268
112	179	1.19756
112	180	1.17591
113	9	0.69161
113	21	0.653134
113	49	0.913654
113	62	0.731972
113	73	0.709389
113	84	0.708848
113	98	1.14573
113	101	0.719619
113	125	1.20027
113	128	1.17162
113	140	1.18651
113	148	0.758354
113	153	0.757522
113	154	0.708006
113	161	0.74255
113	165	1.1565
113	166	1.18575
113	168	1.20876
113	169	1.19041
113	171	1.1684
113	172	1.18405
113	173	1.1763
113	175	1.16907
113	176	1.16493
113	178	1.20786
113	179	1.20275
113	180	1.18109
114	10	0.884153
114	21	0.634896
114	50	0.74218
114	52	0.683791
114	60	0.731037
114	69	0.76267
114	74	0.697326
114	81	0.736764
114	109	0.723124
114	112	1.19107
114	121	0.707362
114	146	0.794202
114	158	1.189
114	159	1.161
114	160	1.16413
114	169	1.17611
114	170	1.32974
114	171	1.1541
114	172	1.16976
114	173	1.16201
114	174	1.17029
114	175	1.15477
114	176	1.15063
114	177	1.17859
114	178	1.19356
114	179	1.18845
114	180	1.1668
115	4	1.15219
115	30	0.756994
115	65	1.20534
115	70	0.876031
115	80	1.11316
115	98	0.830302
115	106	1.10723
115	110	0.844873
115	116	1.08456
115	117	1.07963
115	119	1.06922
115	120	1.09377
115	122	1.10609
115	123	1.15492
115	132	1.15388
115	137	1.05288
115	140	0.809733
115	144	1.07478
115	152	1.09465
115	157	0.782384
115	161	1.10489
115	163	0.786307
115	167	1.13054
115	168	0.80888
115	172	0.79591
115	178	1.12229
115	180	0.816357
116	65	1.2505
116	70	0.79538
116	71	1.18859
116	72	1.09443
116	91	1.11779
116	94	1.17152
116	106	1.15239
116	109	1.10959
116	115	1.08456
116	120	1.13892
116	122	1.15125
116	123	1.20007
116	132	1.19904
116	137	1.09803
116	141	0.707168
116	144	1.11993
116	147	0.734073
116	152	1.13981
116	155	0.792376
116	158	0.708743
116	161	1.15004
116	162	0.73818
116	167	1.17569
116	170	0.628131
116	173	0.745647
116	177	0.725586
116	178	1.16744
116	179	0.726692
117	4	1.19241
117	72	1.08949
117	91	1.11285
117	94	1.16659
117	97	0.789001
117	98	0.795413
117	106	1.14745
117	108	1.3576
117	115	1.07963
117	119	1.10944
117	120	1.13399
117	123	1.19514
117	132	1.1941
117	137	1.0931
117	144	1.115
117	152	1.13487
117	161	1.14511
117	163	0.751418
117	164	0.681518
117	167	1.17075
117	170	0.673893
117	171	0.795412
117	172	0.761021
117	173	0.791409
117	175	0.801119
117	176	0.79901
117	178	1.16251
117	179	0.772454
118	14	1.24032
118	16	1.06331
118	17	1.07193
118	21	1.26621
118	44	1.16526
118	49	0.977976
118	51	1.0541
118	52	1.09467
118	56	1.05486
118	63	1.13914
118	69	1.07597
118	75	1.04115
118	87	1.1719
118	88	1.09484
118	106	1.08328
118	108	1.31955
118	109	1.06288
118	126	1.1219
118	130	0.755754
118	141	0.704326
118	150	0.739788
118	157	0.698891
118	161	1.10706
118	164	1.23107
118	168	0.725387
118	174	0.746277
118	176	0.750406
118	178	0.720541
118	180	0.732864
119	4	1.18201
119	32	1.05239
119	71	1.17325
119	72	1.07909
119	80	1.14297
119	91	1.10245
119	98	0.806154
119	106	1.13705
119	110	0.820725
119	115	1.06922
119	117	1.10944
119	120	1.12358
119	122	1.13591
119	123	1.18473
119	128	0.801783
119	132	1.1837
119	137	1.08269
119	140	0.785586
119	144	1.10459
119	152	1.12447
119	155	0.84888
119	158	0.765246
119	164	0.692259
119	167	1.16035
119	168	0.784732
119	173	0.80215
119	175	0.81186
119	178	1.15211
119	180	0.792209
120	37	0.902167
120	71	1.19779
120	80	1.16751
120	91	1.12699
120	97	0.758211
120	106	1.16159
120	108	1.37174
120	112	0.725758
120	115	1.09377
120	116	1.13892
120	117	1.13399
120	119	1.12358
120	122	1.16045
120	123	1.20927
120	125	0.752074
120	128	0.760252
120	132	1.20824
120	136	0.799503
120	137	1.10723
120	144	1.12914
120	150	0.757602
120	152	1.14901
120	158	0.723715
120	161	1.15924
120	164	0.650728
120	167	1.18489
120	170	0.643103
120	175	0.770329
120	176	0.768221
120	178	1.17665
121	13	1.06286
121	24	1.13698
121	38	1.22912
121	57	1.11871
121	61	1.03563
121	64	1.2599
121	81	1.16804
121	90	1.12899
121	97	1.14385
121	100	1.20264
121	105	1.17871
121	114	0.707362
121	124	0.717689
121	127	1.12624
121	134	1.16014
121	143	1.20372
121	148	1.16182
121	149	1.19185
121	151	1.17443
121	154	1.19594
121	156	1.15605
121	157	0.693808
121	169	0.728371
121	171	0.741726
121	173	0.737722
121	174	0.741194
121	175	0.747432
121	178	0.715458
121	179	0.718767
121	180	0.727781
122	30	0.684671
122	32	1.08926
122	65	1.27203
122	72	1.11595
122	77	1.03595
122	79	0.693581
122	80	1.17984
122	94	1.19305
122	106	1.17391
122	115	1.10609
122	116	1.15125
122	119	1.13591
122	120	1.16045
122	123	1.2216
122	125	0.74543
122	132	1.22056
122	137	1.11956
122	141	0.715496
122	144	1.14146
122	152	1.16133
122	160	0.761873
122	161	1.17157
122	165	0.771869
122	167	1.19722
122	170	0.636458
122	172	0.723587
122	175	0.763685
122	178	1.18897
122	179	0.735019
122	180	0.744034
123	32	1.13809
123	37	0.828829
123	71	1.25894
123	72	1.16478
123	75	1.06167
123	91	1.18814
123	94	1.24187
123	112	0.65242
123	115	1.15492
123	116	1.20007
123	117	1.19514
123	119	1.18473
123	120	1.20927
123	122	1.2216
123	125	0.678736
123	128	0.686914
123	132	1.26939
123	137	1.16838
123	144	1.19029
123	152	1.21016
123	155	0.73401
123	159	0.699736
123	161	1.22039
123	162	0.679813
123	164	0.57739
123	167	1.24604
123	169	0.67793
123	174	0.690753
123	177	0.66722
123	178	1.2378
123	180	0.67734
124	17	0.772831
124	31	1.11226
124	53	0.74643
124	72	0.806003
124	77	0.651492
124	78	0.72954
124	93	0.729863
124	94	0.719231
124	121	0.717689
124	135	1.20274
124	137	0.765636
124	139	0.737923
124	152	0.739401
124	156	0.742897
124	157	1.20712
124	159	1.17015
124	161	0.73464
124	162	1.19841
124	163	1.19324
124	165	1.15136
124	166	1.1806
124	168	1.20362
124	171	1.16325
124	172	1.17891
124	173	1.17116
124	174	1.17945
124	175	1.16393
124	176	1.15978
124	177	1.18775
124	178	1.20272
124	179	1.1976
124	180	1.17595
125	15	0.761042
125	26	0.707616
125	32	0.853903
125	55	0.86124
125	63	0.739863
125	65	0.665106
125	82	0.758844
125	99	1.21359
125	106	0.72148
125	108	0.600374
125	113	1.20027
125	120	0.752074
125	122	0.74543
125	123	0.678736
125	135	1.19761
125	141	1.20335
125	144	0.753136
125	150	1.17169
125	155	1.13408
125	158	1.19302
125	163	1.1881
125	165	1.14622
125	168	1.19849
125	169	1.18013
125	172	1.17378
125	173	1.16603
125	174	1.17431
125	175	1.15879
125	176	1.15465
125	177	1.18261
125	179	1.19247
125	180	1.17082
126	15	1.12891
126	16	1.14146
126	25	1.13104
126	27	0.855443
126	29	0.696675
126	36	1.11075
126	47	1.23058
126	50	1.1856
126	51	1.17542
126	56	1.133
126	58	1.12332
126	68	1.27662
126	69	1.15411
126	73	1.22341
126	75	1.1193
126	77	1.22341
126	107	1.13892
126	118	1.1219
126	146	1.13424
126	147	0.72521
126	150	0.733766
126	151	0.730767
126	155	0.783513
126	164	1.30922
126	166	0.733527
126	170	1.33878
126	172	0.706396
126	175	0.746494
126	176	0.744385
126	177	0.716722
126	178	0.71452
126	180	0.726842
127	1	1.15812
127	10	1.01018
127	26	1.18535
127	27	1.05528
127	33	0.903911
127	46	1.12165
127	48	0.787986
127	67	1.11652
127	89	1.0924
127	92	1.06094
127	111	1.14394
127	121	1.12624
127	129	1.10136
127	134	1.11823
127	135	0.810619
127	139	1.13103
127	145	1.14511
127	147	1.14259
127	148	1.11992
127	149	1.14994
127	154	1.15404
127	156	1.11415
127	163	0.787871
127	164	0.717971
127	167	1.153
127	169	0.818511
127	170	0.710346
127	176	0.835463
127	177	0.807801
127	178	0.805598
127	179	0.808907
127	180	0.817921
128	3	0.666243
128	11	0.912648
128	17	0.792497
128	32	0.862081
128	52	0.713784
128	53	0.766096
128	65	0.673284
128	70	1.09529
128	80	0.761599
128	95	1.17404
128	101	0.731374
128	113	1.17162
128	119	0.801783
128	120	0.760252
128	123	0.686914
128	148	0.77011
128	150	1.14303
128	157	1.17333
128	159	1.13636
128	163	1.15944
128	166	1.14681
128	168	1.16983
128	169	1.15148
128	170	1.3051
128	171	1.12946
128	172	1.14512
128	173	1.13737
128	174	1.14566
128	175	1.13014
128	176	1.12599
128	177	1.15396
128	179	1.16381
128	180	1.14216
129	14	1.27763
129	17	1.10924
129	21	1.30353
129	29	0.736971
129	30	0.707775
129	34	1.08307
129	41	1.22276
129	45	1.13966
129	87	1.20921
129	88	1.13215
129	95	0.7808
129	100	1.17775
129	101	1.13634
129	109	1.10019
129	127	1.10136
129	133	1.11999
129	134	1.13525
129	139	1.14805
129	145	1.16213
129	146	1.09341
129	148	1.13694
129	149	1.16696
129	151	0.771063
129	159	0.789534
129	161	1.14437
129	162	0.769612
129	163	0.737088
129	165	0.794974
129	168	0.759661
129	172	0.746692
129	173	0.777079
129	175	0.78679
129	178	0.754816
130	11	0.925965
130	12	0.80282
130	39	0.732233
130	44	0.723322
130	53	0.779412
130	64	0.703092
130	86	0.764791
130	89	0.825097
130	95	1.18441
130	98	1.11716
130	108	0.621869
130	118	0.755754
130	136	1.13299
130	140	1.15794
130	143	0.726075
130	158	1.17473
130	159	1.14673
130	161	0.767622
130	163	1.16981
130	165	1.12793
130	167	0.768099
130	168	1.1802
130	169	1.16184
130	171	1.13983
130	172	1.15549
130	173	1.14774
130	174	1.15602
130	175	1.1405
130	176	1.13636
130	177	1.16432
130	178	1.17929
130	179	1.17418
130	180	1.15253
131	6	0.713091
131	24	0.769216
131	55	0.860635
131	72	0.816887
131	90	0.793333
131	91	0.74885
131	101	0.722592
131	106	0.720875
131	134	0.77207
131	142	1.18798
131	143	0.703976
131	146	0.815412
131	150	1.14614
131	154	0.710979
131	155	1.10853
131	158	1.16747
131	159	1.13947
131	161	0.745523
131	164	1.27865
131	165	1.12067
131	166	1.14992
131	168	1.17293
131	169	1.15458
131	171	1.13257
131	172	1.14823
131	173	1.14048
131	174	1.14876
131	175	1.13324
131	176	1.1291
131	177	1.15706
131	178	1.17203
131	179	1.16692
131	180	1.14527
132	29	0.677644
132	33	1.13637
132	43	0.812572
132	65	1.31981
132	71	1.25791
132	80	1.22763
132	94	1.24084
132	95	0.721472
132	106	1.2217
132	115	1.15388
132	116	1.19904
132	117	1.1941
132	119	1.1837
132	120	1.20824
132	122	1.22056
132	123	1.26939
132	137	1.16735
132	141	0.679273
132	144	1.18925
132	147	0.706178
132	151	0.711735
132	152	1.20912
132	161	1.21936
132	166	0.714495
132	167	1.24501
132	168	0.700334
132	169	0.7084
132	170	0.600235
132	174	0.721224
132	175	0.727462
132	176	0.725353
132	178	1.23676
132	180	0.707811
133	20	1.28982
133	28	1.20263
133	62	1.16521
133	76	1.05652
133	82	1.12636
133	84	1.11485
133	86	1.13606
133	100	1.17937
133	101	1.13796
133	103	1.15033
133	104	0.762238
133	129	1.11999
133	138	1.1591
133	139	1.14967
133	142	0.73505
133	145	1.16375
133	147	1.16123
133	149	1.16858
133	153	1.14145
133	154	1.17268
133	155	0.828
133	156	1.13278
133	158	0.744366
133	166	0.778015
133	167	1.17164
133	169	0.77192
133	170	0.663755
133	172	0.750883
133	173	0.781271
133	175	0.790981
133	176	0.788872
133	177	0.76121
133	178	0.759007
134	9	1.19831
134	10	1.04407
134	48	0.741343
134	92	1.09483
134	97	1.13585
134	100	1.19463
134	101	1.15322
134	103	1.16559
134	104	0.762186
134	111	1.17784
134	121	1.16014
134	127	1.11823
134	129	1.13525
134	131	0.77207
134	143	1.19572
134	145	1.17901
134	146	1.11029
134	147	1.17649
134	148	1.15381
134	149	1.18384
134	150	0.778202
134	154	1.18794
134	156	1.14804
134	160	0.789118
134	163	0.741228
134	164	0.671328
134	167	1.1869
134	169	0.771868
134	174	0.784692
134	175	0.79093
134	176	0.788821
134	178	0.758956
134	179	0.762264
135	18	0.761806
135	20	0.640278
135	28	0.683817
135	36	0.788606
135	44	0.69313
135	45	0.729705
135	50	0.755297
135	68	0.656477
135	75	0.746689
