1	12	0.837087
1	60	0.847772
1	71	0.888373
1	95	0.956568
1	98	0.969209
1	99	0.867348
1	103	0.912074
1	112	0.920333
1	144	1.48743
1	154	1.35023
1	170	1.27321
1	176	1.48623
2	24	0.908922
2	102	0.918522
2	108	1.14942
2	117	0.943304
2	124	0.925765
2	129	0.935018
2	146	0.884214
2	154	0.855052
2	156	1.22454
2	166	1.30954
2	174	0.839384
2	180	1.90432
3	12	0.738967
3	53	0.776687
3	60	0.749652
3	95	0.858449
3	98	0.871089
3	99	0.769229
3	103	0.813954
3	112	0.822213
3	154	1.8946
3	165	0.799796
3	170	1.81759
3	172	1.67548
4	70	0.964621
4	94	1.19596
4	107	0.883206
4	109	0.91111
4	110	1.4221
4	126	0.887659
4	138	0.870918
4	143	0.920925
4	147	0.900055
4	148	0.862788
4	171	1.44863
4	174	1.5025
5	56	0.875682
5	68	0.884099
5	71	0.883528
5	88	1.22922
5	95	0.951723
5	99	0.862503
5	103	0.907229
5	112	0.915488
5	134	1.2199
5	165	0.893071
5	166	1.49858
5	177	1.62968
6	19	1.55119
6	25	0.805021
6	96	0.84386
6	102	0.804335
6	105	0.783488
6	117	0.829117
6	124	0.811578
6	129	0.820831
6	157	1.53851
6	160	0.78543
6	174	0.725197
6	180	2.30707
7	15	0.77486
7	16	0.754455
7	65	1.45642
7	78	0.760851
7	93	0.859536
7	115	0.858312
7	120	0.831894
7	125	0.829711
7	161	0.730705
7	166	0.813504
7	171	2.13982
7	172	1.77887
8	36	0.814755
8	62	1.89541
8	73	0.805152
8	107	0.791137
8	109	0.819042
8	126	0.795591
8	134	1.63638
8	138	0.778849
8	143	0.828856
8	147	0.807986
8	148	0.770719
8	160	1.82046
9	43	0.872897
9	49	0.981096
9	78	0.841024
9	89	0.898212
9	93	0.939709
9	108	1.33674
9	110	0.856702
9	115	0.938485
9	120	0.912067
9	134	1.21818
9	154	1.61792
9	160	1.40226
10	104	0.894978
10	106	0.900666
10	114	0.902161
10	128	0.909354
10	133	0.916642
10	137	0.895
10	144	0.872487
10	165	0.902926
10	167	1.24715
10	170	1.14783
10	173	1.51773
10	180	1.69857
11	64	0.836148
11	85	0.797037
11	101	0.803584
11	106	0.793947
11	114	0.795442
11	128	0.802634
11	133	0.809922
11	137	0.788281
11	144	0.765767
11	155	2.02712
11	157	1.65195
11	159	1.72423
12	1	0.837087
12	3	0.738967
12	41	0.781268
12	53	0.758699
12	66	0.819057
12	95	0.840461
12	98	0.853102
12	103	0.795967
12	125	1.55539
12	156	1.70558
12	165	0.781808
12	174	2.10731
13	73	0.808283
13	74	0.853722
13	97	0.784291
13	107	0.794268
13	126	0.798721
13	138	0.78198
13	147	0.811116
13	148	0.77385
13	163	1.59613
13	164	1.77771
13	166	0.794795
13	173	2.03179
14	68	1.4532
14	98	1.25878
14	121	1.45666
14	152	0.806414
14	162	0.866289
14	167	0.815488
14	168	0.822189
14	173	0.783402
14	176	0.798026
14	178	0.75696
14	179	0.805657
14	180	0.751905
15	7	0.77486
15	16	0.745475
15	30	0.816061
15	43	0.783744
15	46	0.89357
15	93	0.850556
15	120	0.822914
15	125	0.820732
15	161	0.721725
15	168	1.74648
15	169	1.88606
15	170	1.7589
16	7	0.754455
16	15	0.745475
16	49	0.871538
16	86	1.64435
16	93	0.830151
16	96	0.841225
16	110	0.747145
16	115	0.828927
16	120	0.802509
16	154	2.01494
16	162	1.69706
16	166	0.78412
17	66	1.52591
17	115	1.3589
17	141	1.26875
17	149	0.812579
17	169	0.808377
17	171	0.794113
17	172	0.846528
17	173	0.782267
17	176	0.796891
17	177	0.81192
17	179	0.804522
17	180	0.75077
18	32	0.966532
18	127	1.06703
18	142	0.95529
18	146	1.05353
18	151	0.927351
18	158	0.947212
18	167	0.91184
18	168	0.91854
18	175	0.840265
18	177	0.909407
18	179	0.902009
18	180	0.848256
19	6	1.55119
19	85	1.37171
19	99	1.46011
19	122	0.828552
19	141	0.839438
19	143	0.844002
19	145	0.840569
19	148	0.785865
19	150	0.821429
19	176	0.765895
19	179	0.773527
19	180	0.719774
20	52	1.09346
20	102	0.921179
20	105	0.900333
20	117	0.945961
20	119	1.53697
20	124	0.928422
20	129	0.937675
20	149	1.58849
20	153	1.33935
20	154	0.857709
20	164	0.864391
20	174	0.842041
21	64	0.828029
21	72	0.800363
21	79	0.820851
21	106	0.785828
21	114	0.787323
21	128	0.794516
21	133	0.801804
21	137	0.780162
21	158	1.67628
21	165	0.788088
21	172	1.64937
21	174	2.06417
22	42	0.856968
22	47	2.69397
22	84	0.868033
22	97	0.856015
22	109	0.893896
22	121	0.834521
22	122	0.88826
22	138	0.853704
22	143	0.90371
22	147	0.88284
22	152	1.29565
22	155	0.818519
22	170	1.12494
23	30	1.61667
23	54	1.5024
23	113	1.55808
23	139	0.849303
23	163	0.823148
23	168	0.801405
23	169	0.788729
23	171	0.774464
23	175	0.72313
23	177	0.792272
23	178	0.736177
23	179	0.784874
23	180	0.731121
24	2	0.908922
24	25	0.869416
24	102	0.868729
24	105	0.847883
24	117	0.893511
24	124	0.875972
24	125	1.16626
24	129	0.885225
24	152	1.61621
24	160	0.849824
24	164	0.811941
24	167	1.54481
24	176	1.65851
25	6	0.805021
25	24	0.869416
25	44	0.955771
25	56	1.49491
25	83	1.36209
25	105	0.858169
25	117	0.903798
25	124	0.886259
25	144	1.72776
25	146	0.844708
25	154	0.815546
25	160	0.860111
25	172	1.37143
26	46	1.03646
26	51	0.854831
26	97	1.10783
26	124	0.906177
26	127	0.894373
26	129	0.91543
26	133	0.997515
26	134	0.926871
26	148	1.34067
26	150	0.895972
26	178	0.799372
26	179	0.84807
26	180	0.794317
27	81	0.884133
27	135	0.860042
27	136	1.28948
27	140	0.852213
27	141	0.889664
27	145	0.890795
27	146	0.840309
27	150	0.871655
27	159	0.867582
27	163	1.4486
27	165	0.856771
27	176	1.72739
27	179	1.54009
28	54	1.00661
28	97	1.21273
28	112	1.11351
28	133	1.10241
28	152	0.877926
28	157	0.933737
28	169	0.881024
28	170	0.901509
28	175	0.815425
28	176	0.869538
28	178	0.828472
28	179	0.877169
28	180	0.823417
29	37	1.1694
29	116	0.932724
29	137	1.19567
29	138	1.14612
29	149	0.890859
29	167	0.892633
29	171	0.872393
29	172	0.924808
29	173	0.860547
29	175	0.821058
29	178	0.834105
29	179	0.882802
29	180	0.829049
30	15	0.816061
30	23	1.61667
30	40	0.938721
30	65	0.934686
30	79	0.887202
30	89	0.85924
30	93	0.900737
30	115	0.899513
30	120	0.873095
30	158	1.28405
30	161	0.771906
30	166	0.854706
30	180	1.94999
31	35	0.884605
31	85	0.864719
31	104	0.855941
31	106	0.861629
31	114	0.863124
31	118	1.61721
31	128	0.870317
31	133	0.877605
31	137	0.855963
31	155	1.62807
31	159	1.32518
31	165	0.863889
31	166	1.42668
32	18	0.966532
32	118	1.66599
32	127	0.876194
32	131	0.848776
32	135	0.86618
32	140	0.85835
32	141	0.895801
32	142	0.883787
32	145	0.896933
32	150	0.877793
32	154	1.59651
32	155	0.815174
32	179	1.54521
33	38	0.860433
33	52	0.934622
33	96	0.913469
33	105	0.853097
33	117	0.898726
33	124	0.881187
33	129	0.89044
33	134	0.901881
33	154	0.810474
33	171	1.51974
33	173	1.67081
33	174	0.794806
33	180	1.85166
34	54	0.915183
34	57	0.88401
34	121	0.833009
34	132	1.25609
34	138	0.852192
34	143	0.902199
34	147	0.881329
34	148	0.844062
34	154	0.819118
34	166	0.865008
34	168	1.52427
34	172	1.39458
34	174	1.80938
35	31	0.884605
35	85	0.864183
35	86	1.29064
35	101	0.87073
35	104	0.855406
35	106	0.861094
35	114	0.862589
35	128	0.869781
35	133	0.877069
35	137	0.855428
35	159	1.43869
35	167	1.68354
35	168	1.5718
36	8	0.814755
36	39	1.39227
36	42	0.856708
36	57	0.885261
36	59	0.885469
36	74	0.925186
36	121	0.834261
36	126	0.870185
36	144	1.76654
36	147	0.88258
36	148	0.845314
36	158	1.43712
36	172	1.41021
37	29	1.1694
37	77	0.905848
37	80	0.902988
37	83	1.45845
37	131	0.859423
37	135	0.876827
37	140	0.868997
37	142	0.894434
37	150	0.88844
37	151	1.57926
37	155	0.825821
37	161	0.791022
37	166	1.56587
38	33	0.860433
38	44	0.941573
38	96	0.904344
38	102	0.864818
38	105	0.843972
38	108	1.38498
38	124	0.872061
38	129	0.881314
38	144	1.80335
38	160	0.845913
38	162	1.34826
38	172	1.44702
38	174	0.78568
39	36	1.39227
39	48	1.08786
39	143	1.15568
39	150	1.3565
39	151	0.868448
39	162	0.903738
39	169	0.846961
39	170	0.867446
39	171	0.832697
39	173	0.820851
39	175	0.781362
39	177	0.850504
39	179	0.843106
39	180	0.789353
40	30	0.938721
40	43	0.906404
40	45	1.12517
40	49	1.0146
40	78	0.874532
40	96	0.984291
40	115	0.971993
40	120	0.945575
40	151	1.27831
40	159	0.93773
40	161	0.844385
40	164	1.42477
40	172	1.16684
40	176	1.52197
41	12	0.781268
41	53	0.818988
41	60	0.791953
41	68	0.833125
41	71	0.832555
41	88	1.25836
41	95	0.900749
41	98	0.91339
41	99	0.81153
41	112	0.864514
41	119	1.64899
41	153	1.45136
41	165	0.842097
41	178	2.00859
42	22	0.856968
42	36	0.856708
42	97	0.823114
42	109	0.860995
42	121	0.801619
42	126	0.837544
42	138	0.820802
42	143	0.870809
42	147	0.849939
42	148	0.812672
42	152	1.70851
42	160	1.39916
42	164	1.65361
42	167	1.63711
43	9	0.872897
43	15	0.783744
43	40	0.906404
43	61	0.874501
43	78	0.769736
43	89	0.826923
43	115	0.867196
43	120	0.840778
43	159	0.832933
43	160	1.28074
43	163	1.35361
43	166	0.822389
43	174	1.69207
43	175	2.06916
44	25	0.955771
44	38	0.941573
44	92	1.33704
44	105	0.934238
44	124	0.962327
44	129	0.97158
44	146	0.920777
44	149	1.24913
44	152	1.29109
44	154	0.891614
44	159	0.974841
44	160	0.936179
44	161	1.75067
44	174	0.875946
45	40	1.12517
45	96	1.19412
45	103	1.4696
45	123	0.879616
45	153	0.891858
45	165	1.28755
45	167	0.855191
45	168	0.861892
45	169	0.849215
45	175	0.783617
45	177	0.852759
45	178	0.796664
45	179	0.845361
45	180	0.791608
46	15	0.89357
46	26	1.03646
46	62	1.35602
46	78	0.879562
46	89	0.93675
46	93	0.978246
46	111	1.32881
46	115	0.977022
46	120	0.950604
46	130	1.06067
46	146	0.915487
46	159	0.94276
46	164	1.53554
46	166	0.932215
47	22	2.69397
47	69	0.637872
47	141	2.70134
47	144	0.712091
47	156	0.75006
47	167	0.719343
47	171	0.699102
47	172	0.751518
47	173	0.687257
47	176	0.70188
47	177	0.71691
47	178	0.660815
47	179	0.709512
47	180	0.655759
48	39	1.08786
48	85	0.933144
48	101	0.939691
48	104	0.924366
48	106	0.930054
48	114	0.931549
48	128	0.938741
48	133	0.946029
48	137	0.924388
48	154	1.32493
48	160	1.10927
48	165	0.932313
48	167	1.34723
48	174	1.52061
49	9	0.981096
49	16	0.871538
49	40	1.0146
49	67	1.11958
49	75	0.918756
49	78	0.877935
49	88	1.11714
49	93	0.97662
49	115	0.975396
49	120	0.948978
49	154	1.50755
49	160	1.29189
49	161	0.847788
49	177	1.51759
50	62	1.4633
50	90	0.844135
50	127	0.850846
50	131	0.823428
50	135	0.840832
50	140	0.833002
50	141	0.870453
50	142	0.858438
50	145	0.871584
50	150	0.852445
50	151	1.49635
50	169	1.65416
50	174	0.776268
50	176	1.74001
51	26	0.854831
51	63	0.843228
51	100	1.37059
51	127	0.829666
51	131	0.802248
51	135	0.819652
51	140	0.811822
51	142	0.837259
51	145	0.850405
51	150	0.831265
51	164	0.777438
51	168	1.70048
51	172	1.57079
51	174	0.755089
51	178	2.14974
52	20	1.09346
52	33	0.934622
52	119	0.920445
52	129	1.13755
52	150	1.15026
52	151	0.937957
52	152	0.913372
52	165	1.10505
52	168	0.929146
52	175	0.850871
52	176	0.904983
52	177	0.920013
52	178	0.863918
52	179	0.912615
52	180	0.858862
53	3	0.776687
53	12	0.758699
53	41	0.818988
53	60	0.769384
53	68	0.810556
53	95	0.878181
53	98	0.890821
53	99	0.788961
53	103	0.833687
53	112	0.841946
53	149	1.72888
53	165	0.819528
53	166	1.55609
53	174	1.87282
53	179	1.62585
54	23	1.5024
54	28	1.00661
54	34	0.915183
54	59	0.912553
54	73	0.906832
54	122	0.915085
54	126	0.89727
54	130	0.925921
54	138	0.880529
54	143	0.930535
54	147	0.909665
54	148	0.872398
54	154	0.847454
54	169	1.41213
54	178	1.7218
55	56	1.46567
55	59	0.912914
55	70	0.974591
55	82	0.919515
55	87	1.11727
55	97	0.8832
55	121	0.861706
55	138	0.880889
55	143	0.930895
55	147	0.910025
55	148	0.872759
55	154	0.847814
55	158	1.36911
55	168	1.47188
55	179	1.51002
56	5	0.875682
56	25	1.49491
56	55	1.46567
56	57	1.31898
56	68	0.816276
56	103	0.839406
56	106	0.822989
56	112	0.847665
56	120	1.35684
56	133	0.838964
56	137	0.817323
56	171	0.78182
56	172	0.834235
56	179	0.79223
56	180	0.738477
57	34	0.88401
57	36	0.885261
57	56	1.31898
57	59	0.88138
57	86	1.04403
57	109	0.889547
57	121	0.830172
57	122	0.883912
57	138	0.849355
57	143	0.899361
57	147	0.878491
57	148	0.841225
57	166	0.862171
57	169	1.46477
57	171	1.55644
57	178	1.77445
58	72	0.886171
58	85	0.874726
58	87	1.17434
58	92	0.826942
58	101	0.881273
58	104	0.865948
58	114	0.873131
58	125	0.890368
58	128	0.880323
58	133	0.887611
58	137	0.86597
58	144	0.843456
58	153	1.42097
58	164	1.65719
58	168	1.52895
58	179	1.56708
59	36	0.885469
59	54	0.912553
59	55	0.912914
59	57	0.88138
59	121	0.83038
59	122	0.884119
59	138	0.849563
59	143	0.899569
59	147	0.878699
59	148	0.841433
59	152	1.58668
59	154	0.816488
59	157	1.19815
59	158	1.30076
59	178	1.8528
59	179	1.44168
60	1	0.847772
60	3	0.749652
60	41	0.791953
60	53	0.769384
60	66	0.829742
60	68	0.783522
60	71	0.782951
60	98	0.863787
60	99	0.761926
60	103	0.806652
60	112	0.814911
60	139	1.46721
60	164	1.8137
60	165	0.792493
60	166	1.65385
60	180	2.24863
61	43	0.874501
61	93	0.941313
61	103	1.20128
61	107	0.894754
61	114	1.0234
61	126	0.899207
61	128	1.0091
61	135	1.17245
61	138	0.882466
61	146	0.878554
61	148	0.874336
61	150	1.06444
61	168	0.878529
61	178	0.8133
61	179	0.861997
61	180	0.808245
62	8	1.89541
62	46	1.35602
62	50	1.4633
62	72	0.826649
62	95	0.873026
62	99	0.783806
62	103	0.828532
62	107	1.48577
62	110	0.777664
62	112	0.836791
62	128	0.820801
62	137	0.806448
62	173	0.7591
62	176	0.773723
62	179	0.781355
62	180	0.727602
63	51	0.843228
63	69	2.04475
63	91	1.09391
63	116	0.90833
63	131	0.855352
63	140	0.864926
63	141	0.902378
63	142	0.890363
63	145	0.903509
63	150	0.884369
63	156	1.08286
63	159	0.880296
63	160	0.868426
63	169	1.33905
63	174	0.808193
63	175	1.86168
64	11	0.836148
64	21	0.828029
64	67	1.29148
64	85	0.883409
64	101	0.889956
64	106	0.880319
64	114	0.881814
64	128	0.889007
64	133	0.896295
64	137	0.874653
64	144	0.85214
64	157	1.38462
64	159	1.4569
64	165	0.882579
64	170	1.60244
64	179	1.62815
65	7	1.45642
65	30	0.934686
65	78	1.35539
65	85	1.11228
65	107	0.890211
65	112	0.927313
65	131	0.876341
65	143	0.927929
65	145	0.924497
65	147	0.907059
65	148	0.869793
65	150	0.905357
65	176	0.849823
65	178	0.808757
65	179	0.857455
65	180	0.803702
66	12	0.819057
66	17	1.52591
66	60	0.829742
66	68	0.870914
66	69	0.775228
66	71	0.870344
66	95	0.938538
66	98	0.951179
66	99	0.849319
66	103	0.894044
66	112	0.902303
66	134	1.06674
66	155	1.54681
66	165	0.879886
66	170	1.38946
66	174	1.66215
67	49	1.11958
67	64	1.29148
67	129	1.19289
67	131	1.31217
67	135	1.31361
67	157	0.908236
67	162	0.9123
67	169	0.855523
67	170	0.876008
67	171	0.841259
67	172	0.893674
67	173	0.829413
67	175	0.789924
67	176	0.844037
67	178	0.802971
67	179	0.851669
67	180	0.797916
68	5	0.884099
68	14	1.4532
68	41	0.833125
68	53	0.810556
68	56	0.816276
68	60	0.783522
68	66	0.870914
68	95	0.892318
68	96	0.891037
68	98	0.904959
68	99	0.803098
68	112	0.856083
68	134	1.19376
68	163	1.45071
68	165	0.833665
68	167	1.6158
68	173	1.88638
69	47	0.637872
69	63	2.04475
69	66	0.775228
69	71	0.728437
69	89	2.26269
69	98	0.809272
69	109	2.05768
69	112	0.760397
69	117	0.780607
69	119	0.712792
69	124	0.763068
69	129	0.772321
69	146	0.721518
69	169	0.708816
69	173	0.682706
69	176	0.697329
69	180	0.651208
70	4	0.964621
70	55	0.974591
70	92	0.876837
70	109	0.951433
70	118	1.42353
70	121	0.892057
70	126	0.927982
70	138	0.91124
70	143	0.961247
70	144	1.49125
70	147	0.940377
70	148	0.90311
70	149	1.40578
70	155	0.876056
70	159	1.1315
70	168	1.26461
70	170	1.27703
71	1	0.888373
71	5	0.883528
71	41	0.832555
71	60	0.782951
71	66	0.870344
71	69	0.728437
71	95	0.891747
71	96	0.890467
71	98	0.904388
71	99	0.802528
71	103	0.847253
71	112	0.855512
71	132	1.37721
71	156	1.52877
71	159	1.51227
71	162	1.41693
71	174	1.93049
72	21	0.800363
72	58	0.886171
72	62	0.826649
72	75	0.843347
72	101	0.86229
72	104	0.846965
72	106	0.852653
72	114	0.854148
72	128	0.861341
72	133	0.868629
72	137	0.846987
72	158	1.19624
72	161	1.94173
72	165	0.854913
72	166	1.2674
72	171	1.53027
72	180	1.86218
73	8	0.805152
73	13	0.808283
73	54	0.906832
73	88	1.3293
73	107	0.856129
73	121	0.824658
73	122	0.878397
73	138	0.843841
73	143	0.893847
73	147	0.872977
73	148	0.835711
73	155	0.808656
73	157	1.42488
73	164	1.75852
73	166	0.856657
73	168	1.63028
73	170	1.6427
74	13	0.853722
74	36	0.925186
74	82	0.927906
74	97	0.891591
74	100	1.12447
74	109	0.929472
74	121	0.870097
74	122	0.923836
74	126	0.906021
74	147	0.918416
74	148	0.88115
74	152	1.6375
74	154	0.856205
74	157	1.24896
74	159	1.32124
74	160	1.32814
74	166	0.902095
74	174	1.73947
75	49	0.918756
75	72	0.843347
75	89	0.835872
75	100	1.41788
75	105	0.828071
75	110	0.794362
75	111	1.66928
75	114	0.830307
75	117	0.873699
75	133	0.844787
75	137	0.823146
75	154	0.785447
75	155	1.91754
75	156	1.63115
75	159	0.841882
75	162	1.51932
75	164	0.792129
75	174	0.769779
76	90	1.61275
76	117	1.53046
76	145	1.57173
76	150	1.70741
76	154	0.756806
76	157	0.825979
76	162	0.830044
76	163	0.807686
76	167	0.779243
76	169	0.773267
76	171	0.759003
76	172	0.811418
76	175	0.707668
76	176	0.76178
76	177	0.77681
76	178	0.720715
76	179	0.769412
76	180	0.715659
77	37	0.905848
77	80	0.904362
77	84	1.32238
77	90	0.881505
77	92	1.79595
77	111	1.48838
77	113	0.89145
77	123	1.4177
77	127	0.888216
77	131	0.860798
77	135	0.878202
77	139	1.34861
77	140	0.870372
77	141	0.907823
77	142	0.895808
77	150	0.889814
77	162	1.33842
77	164	0.835988
77	174	0.813638
78	7	0.760851
78	9	0.841024
78	40	0.874532
78	43	0.769736
78	46	0.879562
78	49	0.877935
78	65	1.35539
78	88	1.50655
78	89	0.795051
78	96	0.847622
78	115	0.835324
78	120	0.808906
78	125	0.806723
78	136	1.59505
78	146	0.773789
78	159	0.801061
78	160	1.6813
78	161	0.707717
78	178	2.25678
79	21	0.820851
79	30	0.887202
79	89	0.880201
79	107	0.875139
79	108	1.28139
79	111	1.39464
79	114	0.874636
79	115	0.920474
79	120	0.894056
79	121	0.843667
79	128	0.881828
79	137	0.867475
79	143	0.912857
79	147	0.891987
79	148	0.85472
79	149	1.6143
79	160	1.34691
79	163	1.41978
79	171	1.70438
80	37	0.902988
80	77	0.904362
80	113	0.88859
80	131	0.857937
80	139	1.25173
80	140	0.867511
80	142	0.892948
80	145	0.906094
80	146	0.855608
80	149	1.61116
80	150	0.886954
80	153	1.36201
80	156	1.35337
80	159	0.882881
80	160	0.871011
80	165	0.87207
80	170	1.4824
80	171	1.70124
80	174	0.810778
81	27	0.884133
81	90	0.876575
81	91	1.18948
81	113	0.88652
81	116	0.908845
81	127	0.883285
81	135	0.873271
81	140	0.865441
81	141	0.902893
81	142	0.890878
81	144	0.83956
81	145	0.904024
81	150	0.884884
81	164	0.831057
81	166	1.26342
81	171	1.52629
81	173	1.67735
81	177	1.39451
81	178	1.74429
82	55	0.919515
82	74	0.927906
82	107	0.868452
82	109	0.896356
82	110	1.61934
82	122	0.890721
82	126	0.872905
82	134	1.10432
82	138	0.856164
82	143	0.90617
82	147	0.8853
82	148	0.848034
82	149	1.5558
82	151	1.3964
82	154	0.823089
82	155	0.820979
82	156	1.29801
82	166	0.86898
82	173	1.79694
83	25	1.36209
83	37	1.45845
83	92	0.790815
83	105	1.41943
83	146	1.45503
83	152	0.805507
83	156	0.845298
83	157	0.861317
83	162	0.865382
83	163	0.843024
83	165	1.31989
83	170	0.829089
83	171	0.79434
83	172	0.846755
83	175	0.743006
83	176	0.797118
83	177	0.812148
83	179	0.80475
83	180	0.750997
84	22	0.868033
84	77	1.32238
84	90	1.16498
84	95	1.10042
84	116	1.11632
84	140	1.25758
84	153	0.919659
84	156	0.91371
84	157	0.929729
84	158	0.918364
84	163	0.911436
84	167	0.882992
84	171	0.862752
84	173	0.850907
84	175	0.811418
84	177	0.88056
84	178	0.824465
84	179	0.873162
84	180	0.819409
85	11	0.797037
85	19	1.37171
85	31	0.864719
85	35	0.864183
85	48	0.933144
85	58	0.874726
85	64	0.883409
85	65	1.11228
85	88	0.864847
85	101	0.850845
85	104	0.83552
85	106	0.841208
85	114	0.842703
85	128	0.849895
85	133	0.857184
85	137	0.835542
85	160	1.4382
85	163	1.51107
85	164	1.69266
85	167	1.67616
86	16	1.64435
86	35	1.29064
86	57	1.04403
86	143	1.02215
86	145	1.08728
86	146	1.31291
86	151	0.878347
86	152	0.853761
86	157	0.909572
86	158	0.898207
86	168	0.869536
86	170	0.877344
86	171	0.842595
86	172	0.89501
86	173	0.83075
86	175	0.79126
86	176	0.845373
86	177	0.860403
86	179	0.853005
86	180	0.799252
87	55	1.11727
87	58	1.17434
87	107	1.18243
87	131	1.2561
87	148	1.3569
87	149	0.855863
87	150	1.14952
87	151	0.873148
87	156	0.888354
87	158	0.893008
87	159	0.891635
87	162	0.908438
87	163	0.88608
87	168	0.864337
87	169	0.85166
87	175	0.786062
87	177	0.855204
87	178	0.799109
87	179	0.847806
87	180	0.794053
88	5	1.22922
88	41	1.25836
88	49	1.11714
88	73	1.3293
88	78	1.50655
88	85	0.864847
88	96	0.921389
88	99	1.35184
88	101	0.871394
88	105	0.861016
88	117	0.906645
88	129	0.898359
88	133	0.877733
88	137	0.856091
88	153	0.877496
88	154	0.818393
88	169	0.834853
88	173	0.808744
88	179	0.830999
88	180	0.777246
89	9	0.898212
89	30	0.85924
89	43	0.826923
89	46	0.93675
89	69	2.26269
89	75	0.835872
89	78	0.795051
89	79	0.880201
89	93	0.893736
89	115	0.892512
89	120	0.866094
89	146	0.830977
89	149	1.55858
89	153	1.30943
89	159	0.858249
89	161	0.764904
89	162	1.18896
89	163	1.36406
89	166	0.847704
89	172	1.28772
90	50	0.844135
90	76	1.61275
90	77	0.881505
90	81	0.876575
90	84	1.16498
90	113	0.865733
90	116	0.888058
90	119	1.49911
90	131	0.83508
90	135	0.852484
90	140	0.844654
90	141	0.882106
90	142	0.870091
90	145	0.883237
90	150	0.864097
90	160	0.848154
90	163	1.35612
90	171	1.64072
90	174	0.787921
90	177	1.50894
91	63	1.09391
91	81	1.18948
91	106	1.41454
91	112	1.27389
91	128	1.34323
91	145	1.26289
91	151	0.862776
91	153	0.88393
91	156	0.877981
91	162	0.898065
91	167	0.847264
91	168	0.853965
91	169	0.841288
91	170	0.861773
91	173	0.815178
91	175	0.775689
91	176	0.829802
91	177	0.844831
91	178	0.788736
91	179	0.837433
91	180	0.783681
92	44	1.33704
92	58	0.826942
92	70	0.876837
92	77	1.79595
92	83	0.790815
92	104	0.787736
92	120	1.59214
92	121	0.763951
92	133	0.8094
92	137	0.787759
92	140	1.73115
92	141	1.34897
92	143	0.833141
92	147	0.812271
92	148	0.775004
92	149	0.770723
92	158	0.807868
92	165	0.795684
92	175	0.700922
92	179	0.762666
92	180	0.708913
93	7	0.859536
93	9	0.939709
93	15	0.850556
93	16	0.830151
93	30	0.900737
93	46	0.978246
93	49	0.97662
93	61	0.941313
93	89	0.893736
93	115	0.934008
93	119	1.32277
93	120	0.90759
93	134	0.922823
93	139	1.01487
93	146	0.872473
93	159	0.899746
93	161	0.806401
93	171	1.46438
93	173	1.61544
93	174	1.51824
93	175	1.89533
94	4	1.19596
94	104	1.47507
94	105	1.53704
94	128	1.42737
94	131	1.58929
94	149	0.810667
94	151	0.827952
94	153	0.849107
94	156	0.843158
94	168	0.819141
94	169	0.806465
94	170	0.82695
94	171	0.7922
94	173	0.780355
94	175	0.740866
94	176	0.794978
94	177	0.810008
94	178	0.753913
94	179	0.80261
94	180	0.748857
95	1	0.956568
95	3	0.858449
95	5	0.951723
95	12	0.840461
95	41	0.900749
95	53	0.878181
95	62	0.873026
95	66	0.938538
95	68	0.892318
95	71	0.891747
95	84	1.10042
95	99	0.870722
95	103	0.915448
95	110	1.54962
95	112	0.923707
95	153	1.23692
95	159	1.21179
95	162	1.11645
95	165	0.90129
95	168	1.3449
95	175	2.00711
96	6	0.84386
96	16	0.841225
96	33	0.913469
96	38	0.904344
96	40	0.984291
96	45	1.19412
96	68	0.891037
96	71	0.890467
96	78	0.847622
96	88	0.921389
96	99	0.869442
96	103	0.914167
96	112	0.922426
96	129	0.934351
96	132	1.09732
96	136	1.15301
96	144	1.59213
96	157	1.1601
96	159	0.91082
96	170	1.37791
96	175	2.02769
97	13	0.784291
97	22	0.856015
97	26	1.10783
97	28	1.21273
97	42	0.823114
97	55	0.8832
97	74	0.891591
97	107	0.832137
97	109	0.860041
97	122	0.854406
97	126	0.83659
97	138	0.819849
97	143	0.869856
97	147	0.848985
97	148	0.811719
97	155	0.784664
97	166	0.832665
97	172	1.34898
97	173	1.86098
97	175	2.14087
97	179	1.5168
98	1	0.969209
98	3	0.871089
98	12	0.853102
98	14	1.25878
98	41	0.91339
98	53	0.890821
98	60	0.863787
98	66	0.951179
98	68	0.904959
98	69	0.809272
98	71	0.904388
98	99	0.883363
98	103	0.928089
98	112	0.936348
98	125	1.04283
98	155	1.47941
98	158	1.20686
98	159	1.17653
98	164	1.43788
98	165	0.91393
98	175	1.97185
99	1	0.867348
99	3	0.769229
99	5	0.862503
99	19	1.46011
99	41	0.81153
99	53	0.788961
99	60	0.761926
99	62	0.783806
99	66	0.849319
99	68	0.803098
99	71	0.802528
99	88	1.35184
99	95	0.870722
99	96	0.869442
99	98	0.883363
99	103	0.826228
99	112	0.834487
99	155	1.82259
99	159	1.51971
99	165	0.81207
99	177	1.7523
99	179	1.69096
100	51	1.37059
100	74	1.12447
100	75	1.41788
100	126	1.02585
100	129	1.16153
100	130	0.933517
100	132	0.920958
100	136	0.937405
100	140	1.17217
100	152	0.854127
100	165	1.12903
100	167	0.863201
100	168	0.869902
100	169	0.857225
100	170	0.87771
100	171	0.842961
100	172	0.895376
100	175	0.791626
100	176	0.845739
100	177	0.860769
100	178	0.804673
100	179	0.853371
100	180	0.799618
101	11	0.803584
101	35	0.87073
101	48	0.939691
101	58	0.881273
101	64	0.889956
101	72	0.86229
101	85	0.850845
101	88	0.871394
101	104	0.842067
101	106	0.847755
101	114	0.84925
101	118	1.48173
101	125	0.866488
101	128	0.856443
101	133	0.863731
101	137	0.842089
101	155	1.49258
101	157	1.11741
101	161	1.96552
101	165	0.850015
101	167	1.43455
101	173	1.70513
101	177	1.42229
102	2	0.918522
102	6	0.804335
102	20	0.921179
102	24	0.868729
102	38	0.864818
102	105	0.857483
102	110	0.823774
102	117	0.903111
102	123	1.14587
102	124	0.885572
102	129	0.894825
102	134	0.906266
102	144	1.52168
102	146	0.844022
102	154	0.814859
102	155	1.46481
102	159	1.16192
102	160	0.859424
102	161	1.93775
102	164	0.821541
102	174	0.799191
102	176	1.52047
102	180	1.8582
103	1	0.912074
103	3	0.813954
103	5	0.907229
103	12	0.795967
103	45	1.4696
103	53	0.833687
103	56	0.839406
103	60	0.806652
103	61	1.20128
103	62	0.828532
103	66	0.894044
103	71	0.847253
103	95	0.915448
103	96	0.914167
103	98	0.928089
103	99	0.826228
103	112	0.879213
103	118	1.79989
103	130	1.29434
103	132	1.3728
103	134	1.33067
103	165	0.856796
103	179	1.67911
104	10	0.894978
104	31	0.855941
104	35	0.855406
104	48	0.924366
104	58	0.865948
104	72	0.846965
104	85	0.83552
104	92	0.787736
104	94	1.47507
104	101	0.842067
104	106	0.83243
104	114	0.833925
104	125	0.851163
104	128	0.841118
104	132	1.22831
104	133	0.848406
104	137	0.826764
104	144	0.804251
104	149	1.63766
104	160	1.37026
104	165	0.83469
104	172	1.3668
104	175	2.15869
104	179	1.53462
105	6	0.783488
105	20	0.900333
105	24	0.847883
105	25	0.858169
105	33	0.853097
105	38	0.843972
105	44	0.934238
105	75	0.828071
105	83	1.41943
105	88	0.861016
105	94	1.53704
105	102	0.857483
105	110	0.802928
105	117	0.882265
105	124	0.864726
105	129	0.873979
105	146	0.823175
105	162	1.33001
105	163	1.50511
105	164	0.800694
105	166	1.52684
105	168	1.55846
105	169	1.69804
105	174	0.778345
106	10	0.900666
106	11	0.793947
106	21	0.785828
106	31	0.861629
106	35	0.861094
106	48	0.930054
106	56	0.822989
106	64	0.880319
106	72	0.852653
106	85	0.841208
106	91	1.41454
106	101	0.847755
106	104	0.83243
106	114	0.839613
106	128	0.846806
106	133	0.854094
106	136	1.30763
106	137	0.832452
106	144	0.809939
106	151	1.50188
106	155	1.68988
106	170	1.53252
106	176	1.74554
106	177	1.61958
107	4	0.883206
107	8	0.791137
107	13	0.794268
107	61	0.894754
107	62	1.48577
107	65	0.890211
107	73	0.856129
107	79	0.875139
107	82	0.868452
107	87	1.18243
107	97	0.832137
107	108	1.34531
107	121	0.810643
107	122	0.864382
107	126	0.846567
107	138	0.829826
107	143	0.879832
107	147	0.858962
107	148	0.821696
107	155	0.794641
107	158	1.43427
107	160	1.41082
107	173	1.91936
107	174	1.82216
108	2	1.14942
108	9	1.33674
108	38	1.38498
108	79	1.28139
108	107	1.34531
108	132	0.91426
108	137	1.43202
108	151	0.872015
108	161	0.797157
108	162	0.907304
108	165	1.26718
108	167	0.856503
108	168	0.863204
108	169	0.850527
108	170	0.871012
108	171	0.836263
108	172	0.888678
108	173	0.824418
108	175	0.784928
108	176	0.839041
108	177	0.854071
108	178	0.797976
108	179	0.846673
108	180	0.79292
109	4	0.91111
109	8	0.819042
109	22	0.893896
109	42	0.860995
109	57	0.889547
109	69	2.05768
109	70	0.951433
109	74	0.929472
109	82	0.896356
109	97	0.860041
109	121	0.838547
109	122	0.892287
109	126	0.874471
109	136	0.999926
109	138	0.85773
109	143	0.907736
109	144	1.43904
109	147	0.886866
109	148	0.8496
109	160	1.08618
109	161	1.85512
109	166	0.870546
109	172	1.08271
109	173	1.59472
109	177	1.31188
110	4	1.4221
110	9	0.856702
110	16	0.747145
110	62	0.777664
110	75	0.794362
110	82	1.61934
110	95	1.54962
110	102	0.823774
110	105	0.802928
110	120	0.824584
110	122	1.63792
110	124	0.831017
110	129	0.84027
110	130	0.853056
110	143	1.50803
110	161	0.723395
110	164	0.766986
110	165	1.66363
110	166	0.806194
110	172	0.814916
110	174	0.744636
110	175	0.711166
110	177	0.780308
110	179	0.77291
110	180	0.719157
111	46	1.32881
111	75	1.66928
111	77	1.48838
111	79	1.39464
111	117	1.24869
111	119	0.835257
111	141	1.04139
111	143	1.22482
111	151	0.852768
111	153	0.873923
111	156	0.867974
111	160	0.859385
111	163	0.8657
111	167	0.837257
111	168	0.843957
111	169	0.831281
111	170	0.851766
111	172	0.869432
111	173	0.805171
111	175	0.765682
111	176	0.819794
111	177	0.834824
111	178	0.778729
111	179	0.827426
111	180	0.773673
112	1	0.920333
112	3	0.822213
112	5	0.915488
112	28	1.11351
112	41	0.864514
112	53	0.841946
112	56	0.847665
112	60	0.814911
112	62	0.836791
112	65	0.927313
112	66	0.902303
112	68	0.856083
112	69	0.760397
112	71	0.855512
112	91	1.27389
112	95	0.923707
112	96	0.922426
112	98	0.936348
112	99	0.834487
112	103	0.879213
112	153	1.27148
112	165	0.865055
112	170	1.39187
112	175	2.04166
112	179	1.41759
112	180	1.94262
113	23	1.55808
113	77	0.89145
113	80	0.88859
113	81	0.88652
113	90	0.865733
113	116	0.898003
113	127	0.872443
113	131	0.845025
113	135	0.862429
113	136	1.11576
113	140	0.854599
113	141	0.892051
113	142	0.880036
113	145	0.893182
113	150	0.874042
113	157	1.12284
113	159	0.869969
113	160	0.858099
113	163	1.27489
113	164	0.820215
113	165	0.859158
113	166	1.29662
113	174	0.797866
113	175	1.99044
113	176	1.55367
113	180	1.8914
114	10	0.902161
114	11	0.795442
114	21	0.787323
114	31	0.863124
114	35	0.862589
114	48	0.931549
114	58	0.873131
114	61	1.0234
114	64	0.881814
114	72	0.854148
114	75	0.830307
114	79	0.874636
114	85	0.842703
114	101	0.84925
114	104	0.833925
114	106	0.839613
114	128	0.848301
114	133	0.855589
114	137	0.833947
114	152	1.64623
114	153	1.35511
114	160	1.33687
114	164	1.59133
114	165	0.841873
114	169	1.60267
114	171	1.69434
114	178	1.91234
115	7	0.858312
115	9	0.938485
115	16	0.828927
115	17	1.3589
115	30	0.899513
115	40	0.971993
115	43	0.867196
115	46	0.977022
115	49	0.975396
115	78	0.835324
115	79	0.920474
115	89	0.892512
115	93	0.934008
115	120	0.906367
115	125	0.904184
115	144	1.43667
115	146	0.871249
115	152	1.39317
115	153	1.10206
115	155	1.37981
115	159	0.898522
115	161	0.805177
115	166	0.887977
115	168	1.21004
115	173	1.59235
115	174	1.49515
115	176	1.43547
116	29	0.932724
116	63	0.90833
116	81	0.908845
116	84	1.11632
116	90	0.888058
116	113	0.898003
116	119	1.45045
116	127	0.894769
116	131	0.867351
116	134	0.927266
116	135	0.884754
116	140	0.876925
116	141	0.914376
116	142	0.902361
116	145	0.915507
116	146	0.865021
116	150	0.896367
116	155	0.833748
116	159	0.892294
116	160	0.880424
116	161	0.798949
116	162	1.13235
116	164	0.842541
116	166	1.32919
116	177	1.46028
116	178	1.81006
116	179	1.39894
116	180	1.92397
117	2	0.943304
117	6	0.829117
117	20	0.945961
117	24	0.893511
117	25	0.903798
117	33	0.898726
117	69	0.780607
117	75	0.873699
117	76	1.53046
117	88	0.906645
117	102	0.903111
117	105	0.882265
117	111	1.24869
117	124	0.910355
117	129	0.919607
117	134	0.931048
117	139	1.10893
117	146	0.868804
117	151	1.30895
117	154	0.839641
117	160	0.884207
117	164	0.846323
117	166	1.29556
117	167	1.43892
117	170	1.3396
117	174	0.823974
117	177	1.42666
117	180	1.89034
118	31	1.61721
118	32	1.66599
118	70	1.42353
118	101	1.48173
118	103	1.79989
118	136	0.872495
118	141	1.2788
118	144	0.791039
118	145	1.52736
118	149	0.796517
118	152	0.789217
118	153	0.834957
118	156	0.829008
118	158	0.833662
118	162	0.849092
118	163	0.826734
118	167	0.79829
118	169	0.792314
118	170	0.812799
118	171	0.77805
118	172	0.830465
118	173	0.766205
118	174	0.760186
118	175	0.726716
118	176	0.780828
118	177	0.795858
118	179	0.78846
118	180	0.734707
119	20	1.53697
119	41	1.64899
119	52	0.920445
119	69	0.712792
119	90	1.49911
119	93	1.32277
119	111	0.835257
119	116	1.45045
119	136	0.868466
119	138	1.66384
119	139	0.84886
119	146	1.68371
119	151	0.809774
119	157	0.840999
119	162	0.845063
119	163	0.822705
119	167	0.794262
119	169	0.788286
119	170	0.808771
119	171	0.774022
119	172	0.826437
119	173	0.762176
119	175	0.722687
119	176	0.7768
119	177	0.79183
119	178	0.735734
119	179	0.784431
119	180	0.730679
120	7	0.831894
120	9	0.912067
120	15	0.822914
120	16	0.802509
120	30	0.873095
120	40	0.945575
120	43	0.840778
120	46	0.950604
120	49	0.948978
120	56	1.35684
120	78	0.808906
120	79	0.894056
120	89	0.866094
120	92	1.59214
120	93	0.90759
120	110	0.824584
120	115	0.906367
120	123	1.21389
120	125	0.877766
120	146	0.844831
120	152	1.54619
120	155	1.53283
120	158	1.26028
120	159	0.872104
120	161	0.778759
120	162	1.13461
120	166	0.861559
120	179	1.40119
120	180	1.92622
121	14	1.45666
121	22	0.834521
121	34	0.833009
121	36	0.834261
121	42	0.801619
121	55	0.861706
121	57	0.830172
121	59	0.83038
121	70	0.892057
121	73	0.824658
121	74	0.870097
121	79	0.843667
121	92	0.763951
121	107	0.810643
121	109	0.838547
121	122	0.832911
121	126	0.815096
121	136	1.29504
121	138	0.798355
121	143	0.848361
121	144	1.73415
121	147	0.827491
121	148	0.790225
121	156	1.3909
121	158	1.40474
121	161	2.15023
121	166	0.811171
121	168	1.50752
121	180	2.07068
122	19	0.828552
122	22	0.88826
122	54	0.915085
122	57	0.883912
122	59	0.884119
122	73	0.878397
122	74	0.923836
122	82	0.890721
122	97	0.854406
122	107	0.864382
122	109	0.892287
122	110	1.63792
122	121	0.832911
122	126	0.868836
122	134	1.12291
122	138	0.852094
122	143	0.902101
122	147	0.881231
122	148	0.843964
122	152	1.61635
122	154	0.81902
122	155	0.81691
122	157	1.22781
122	166	0.86491
122	168	1.43321
122	169	1.57279
122	172	1.30352
122	174	1.71832
122	177	1.53269
123	45	0.879616
123	77	1.4177
123	102	1.14587
123	120	1.21389
123	124	1.27239
123	127	1.4584
123	131	1.46154
123	132	0.878443
123	139	0.875285
123	140	1.35289
123	152	0.811613
123	153	0.857353
123	154	0.79825
123	156	0.851405
123	158	0.856059
123	162	0.871488
123	163	0.84913
123	165	1.30975
123	167	0.820687
123	169	0.814711
123	170	0.835196
123	171	0.800447
123	172	0.852862
123	173	0.788601
123	176	0.803225
123	177	0.818255
123	178	0.762159
123	179	0.810856
123	180	0.757104
124	2	0.925765
124	6	0.811578
124	20	0.928422
124	24	0.875972
124	25	0.886259
124	26	0.906177
124	33	0.881187
124	38	0.872061
124	44	0.962327
124	69	0.763068
124	102	0.885572
124	105	0.864726
124	110	0.831017
124	117	0.910355
124	123	1.27239
124	129	0.902068
124	136	1.20908
124	146	0.851265
124	154	0.822102
124	158	1.31878
124	159	1.28845
124	160	0.866667
124	162	1.19311
124	164	0.828784
124	172	1.29187
124	174	0.806434
124	175	2.08376
124	176	1.64699
124	178	1.87081
125	7	0.829711
125	12	1.55539
125	15	0.820732
125	24	1.16626
125	58	0.890368
125	78	0.806723
125	98	1.04283
125	101	0.866488
125	104	0.851163
125	115	0.904184
125	120	0.877766
125	128	0.865538
125	129	1.22461
125	131	1.3439
125	133	0.872826
125	137	0.851185
125	142	1.22902
125	146	0.842649
125	148	1.4447
125	150	1.23732
125	158	0.871294
125	166	0.859376
125	170	0.850431
125	173	0.803837
125	175	0.764348
125	178	0.777395
125	179	0.826092
125	180	0.772339
126	4	0.887659
126	8	0.795591
126	13	0.798721
126	36	0.870185
126	42	0.837544
126	54	0.89727
126	61	0.899207
126	70	0.927982
126	74	0.906021
126	82	0.872905
126	97	0.83659
126	100	1.02585
126	107	0.846567
126	109	0.874471
126	121	0.815096
126	122	0.868836
126	138	0.834279
126	143	0.884285
126	147	0.863415
126	148	0.826149
126	149	1.49692
126	151	1.33752
126	154	0.801204
126	161	1.99846
126	166	0.847095
126	167	1.46748
126	169	1.49532
126	177	1.45522
126	179	1.39388
126	180	1.91891
127	18	1.06703
127	26	0.894373
127	32	0.876194
127	50	0.850846
127	51	0.829666
127	77	0.888216
127	81	0.883285
127	113	0.872443
127	116	0.894769
127	123	1.4584
127	131	0.841791
127	135	0.859194
127	136	1.39509
127	139	1.38932
127	140	0.851365
127	141	0.888816
127	142	0.876801
127	144	0.825484
127	145	0.889947
127	146	0.839461
127	150	0.870807
127	154	1.69701
127	156	1.49096
127	159	0.866734
127	161	0.773389
127	162	1.37912
127	164	0.816981
127	174	0.794631
127	176	1.833
127	179	1.64571
128	10	0.909354
128	11	0.802634
128	21	0.794516
128	31	0.870317
128	35	0.869781
128	48	0.938741
128	58	0.880323
128	61	1.0091
128	62	0.820801
128	64	0.889007
128	72	0.861341
128	79	0.881828
128	85	0.849895
128	91	1.34323
128	94	1.42737
128	101	0.856443
128	104	0.841118
128	106	0.846806
128	114	0.848301
128	125	0.865538
128	133	0.862781
128	137	0.84114
128	144	0.818626
128	155	1.61856
128	159	1.31567
128	165	0.849065
128	166	1.41717
128	176	1.67422
128	178	1.89804
128	179	1.48692
129	2	0.935018
129	6	0.820831
129	20	0.937675
129	24	0.885225
129	26	0.91543
129	33	0.89044
129	38	0.881314
129	44	0.97158
129	52	1.13755
129	67	1.19289
129	69	0.772321
129	88	0.898359
129	96	0.934351
129	100	1.16153
129	102	0.894825
129	105	0.873979
129	110	0.84027
129	117	0.919607
129	124	0.902068
129	125	1.22461
129	134	0.922762
129	146	0.860518
129	151	1.4732
129	158	1.38864
129	160	0.87592
129	162	1.26297
129	164	0.838037
129	167	1.60316
129	168	1.49142
129	169	1.631
129	174	0.815687
130	46	1.06067
130	54	0.925921
130	100	0.933517
130	103	1.29434
130	110	0.853056
130	135	1.26552
130	138	1.22757
130	139	0.921176
130	143	0.956681
130	145	1.02182
130	146	1.24744
130	147	1.05409
130	148	1.36488
130	149	0.864804
130	151	0.882089
130	152	0.857504
130	156	0.897295
130	158	0.901949
130	162	0.917379
130	163	0.895021
130	166	0.890031
130	167	0.866577
130	168	0.873278
130	170	0.881087
130	171	0.846337
130	172	0.898752
130	173	0.834492
130	176	0.849115
130	177	0.864145
130	178	0.80805
130	179	0.856747
130	180	0.802994
131	32	0.848776
131	37	0.859423
131	50	0.823428
131	51	0.802248
131	63	0.855352
131	65	0.876341
131	67	1.31217
131	77	0.860798
131	80	0.857937
131	87	1.2561
131	90	0.83508
131	94	1.58929
131	113	0.845025
131	116	0.867351
131	123	1.46154
131	125	1.3439
131	127	0.841791
131	135	0.831777
131	140	0.823947
131	141	0.861398
131	142	0.849383
131	145	0.862529
131	146	0.812043
131	150	0.843389
131	153	1.50273
131	154	1.70014
131	160	0.827446
131	161	0.745971
131	164	0.789563
131	169	1.75029
131	174	0.767213
131	179	1.64884
132	34	1.25609
132	71	1.37721
132	96	1.09732
132	100	0.920958
132	103	1.3728
132	104	1.22831
132	108	0.91426
132	123	0.878443
132	133	1.10018
132	135	1.34397
132	139	0.908617
132	141	0.851709
132	147	1.13255
132	148	1.44334
132	151	0.86953
132	153	0.890685
132	155	0.829471
132	156	0.884736
132	157	0.900755
132	158	0.88939
132	163	0.882462
132	167	0.854018
132	168	0.860719
132	170	0.868527
132	171	0.833778
132	172	0.886193
132	173	0.821933
132	175	0.782444
132	176	0.836556
132	177	0.851586
132	178	0.795491
132	179	0.844188
132	180	0.790435
133	10	0.916642
133	11	0.809922
133	21	0.801804
133	26	0.997515
133	28	1.10241
133	31	0.877605
133	35	0.877069
133	48	0.946029
133	56	0.838964
133	58	0.887611
133	64	0.896295
133	72	0.868629
133	75	0.844787
133	85	0.857184
133	88	0.877733
133	92	0.8094
133	101	0.863731
133	104	0.848406
133	106	0.854094
133	114	0.855589
133	125	0.872826
133	128	0.862781
133	132	1.10018
133	136	1.15588
133	137	0.848428
133	144	0.825914
133	161	2.01107
133	164	1.49659
133	165	0.856353
133	171	1.59961
133	173	1.75067
133	177	1.46783
133	180	1.93152
134	5	1.2199
134	8	1.63638
134	9	1.21818
134	26	0.926871
134	33	0.901881
134	66	1.06674
134	68	1.19376
134	82	1.10432
134	93	0.922823
134	102	0.906266
134	103	1.33067
134	116	0.927266
134	117	0.931048
134	122	1.12291
134	129	0.922762
134	135	0.891692
134	136	0.939437
134	140	0.883862
134	141	0.921313
134	142	0.909299
134	143	0.993007
134	145	0.922444
134	148	1.40121
134	150	0.903305
134	157	0.911969
134	160	0.887361
134	163	0.893676
134	164	0.849478
134	171	0.844992
134	173	0.833147
134	174	0.827128
134	178	0.806705
134	179	0.855402
134	180	0.801649
135	27	0.860042
135	32	0.86618
135	37	0.876827
135	50	0.840832
135	51	0.819652
135	61	1.17245
135	67	1.31361
135	77	0.878202
135	81	0.873271
135	90	0.852484
135	113	0.862429
135	116	0.884754
135	127	0.859194
135	130	1.26552
135	131	0.831777
135	132	1.34397
135	134	0.891692
135	140	0.84135
135	141	0.878802
135	142	0.866787
135	145	0.879933
135	146	0.829447
135	149	1.75332
135	150	0.860793
135	154	1.70158
135	155	0.798174
135	160	0.84485
135	161	0.763375
135	162	1.3837
135	163	1.5588
135	165	0.845909
135	170	1.62457
135	174	0.784617
135	179	1.65028
136	27	1.28948
136	78	1.59505
136	96	1.15301
136	100	0.937405
136	106	1.30763
136	109	0.999926
136	113	1.11576
136	118	0.872495
136	119	0.868466
136	121	1.29504
136	124	1.20908
136	127	1.39509
136	133	1.15588
136	134	0.939437
136	142	1.28335
136	149	0.868693
136	152	0.861392
136	153	0.907133
136	157	0.917203
136	158	0.905838
136	162	0.921267
136	163	0.898909
136	164	0.854711
136	167	0.870466
136	168	0.877167
136	169	0.86449
136	170	0.884975
136	172	0.902641
136	173	0.83838
136	175	0.798891
136	176	0.853004
136	177	0.868034
136	178	0.811938
136	179	0.860636
