1	99	0.859993
1	110	1.68563
1	139	0.83064
1	160	1.74909
1	165	0.830922
1	169	0.856341
1	171	0.884324
1	173	0.834676
1	174	0.832356
1	176	0.826247
1	179	0.84316
1	180	0.797514
2	64	1.05931
2	65	0.979453
2	72	1.04643
2	86	1.09528
2	91	1.05387
2	94	1.1073
2	101	1.02478
2	107	1.06477
2	128	0.941912
2	161	0.989953
2	167	0.941094
2	179	1.08528
3	36	0.922407
3	65	0.867743
3	72	0.934721
3	86	0.983574
3	91	0.942159
3	93	0.939495
3	101	0.913072
3	107	0.953064
3	145	0.952041
3	161	1.28735
3	168	1.22716
3	174	1.36652
4	31	0.907085
4	38	1.30258
4	54	0.969685
4	59	0.941841
4	74	0.97614
4	79	0.887315
4	80	0.884757
4	85	0.945686
4	142	1.27619
4	149	1.26589
4	162	0.93297
4	170	0.983955
5	26	1.1313
5	66	0.929494
5	94	0.996511
5	97	0.92577
5	109	0.930485
5	138	0.95903
5	140	1.18939
5	158	0.962977
5	164	0.943877
5	178	0.943105
5	179	0.926954
5	180	0.881308
6	19	0.940775
6	44	0.883405
6	121	0.929745
6	123	0.926583
6	130	1.15524
6	138	0.938829
6	139	1.28314
6	157	0.919636
6	163	0.941227
6	164	0.923676
6	172	0.981247
6	176	1.41915
7	36	1.00281
7	90	1.02067
7	143	0.786519
7	150	1.07254
7	152	1.11054
7	160	0.736789
7	172	0.705454
7	174	1.0448
7	175	1.02001
7	176	1.03869
7	178	1.07176
7	180	1.00996
8	69	0.851943
8	109	0.848407
8	139	1.04737
8	157	0.798628
8	162	0.735249
8	166	1.06231
8	171	1.10105
8	174	1.04908
8	175	1.02429
8	176	1.04298
8	179	1.05989
8	180	1.01424
9	12	1.01915
9	106	1.05428
9	108	0.87739
9	116	1.00587
9	135	0.969212
9	144	1.05481
9	146	1.05808
9	157	1.04364
9	158	1.06678
9	160	1.05634
9	164	1.04768
9	165	1.08785
10	146	1.14727
10	158	1.16674
10	166	0.927797
10	167	0.95402
10	168	0.956178
10	171	0.966535
10	172	1.01467
10	173	0.916887
10	177	0.931311
10	178	0.941522
10	179	0.925371
10	180	0.879725
11	47	0.799729
11	61	0.736691
11	68	0.903364
11	83	0.802949
11	102	1.06174
11	105	1.06141
11	110	1.10813
11	160	1.05486
11	163	1.06376
11	177	1.03523
11	178	1.04544
11	180	0.983639
12	9	1.01915
12	68	0.952839
12	83	0.988035
12	87	0.987793
12	105	1.07617
12	143	1.01795
12	170	1.02049
12	172	1.01325
12	174	0.92795
12	176	0.921842
12	180	0.893109
13	121	0.927253
13	124	1.12628
13	141	0.941898
13	146	0.931582
13	153	0.858575
13	156	1.38958
13	157	0.917144
13	158	0.940284
13	160	0.929841
13	163	0.938735
13	172	0.978755
13	178	1.33817
14	17	1.02958
14	26	1.02814
14	61	1.06475
14	63	0.957267
14	70	1.02686
14	81	0.97029
14	82	0.97022
14	115	0.937964
14	154	1.02351
14	169	1.0633
14	172	1.06798
14	173	1.17906
14	178	1.07218
15	33	1.08048
15	37	0.954335
15	48	1.04239
15	52	0.930246
15	62	1.00039
15	133	0.885607
15	140	1.00271
15	145	0.93604
15	148	0.972473
15	170	1.0607
15	172	1.05346
15	175	1.17539
15	180	1.26313
16	41	1.12978
16	80	1.00269
16	81	0.996961
16	82	0.99689
16	122	1.09116
16	147	0.855323
16	157	1.03304
16	164	1.03708
16	170	1.10189
16	172	1.09465
16	177	0.974915
16	179	1.04204
17	14	1.02958
17	26	1.02656
17	61	1.06317
17	63	0.955685
17	70	1.02527
17	81	0.968708
17	82	0.968637
17	133	0.949618
17	150	1.11885
17	154	1.02193
17	172	1.06639
17	177	1.11726
17	178	1.07883
18	21	1.00579
18	24	1.03066
18	40	0.983701
18	49	1.07213
18	50	0.963737
18	66	0.996039
18	75	1.06203
18	78	1.06133
18	97	0.992316
18	103	1.00929
18	115	1.01244
18	162	1.02425
18	166	1.18534
19	6	0.940775
19	29	0.758
19	88	1.43502
19	119	1.01976
19	136	0.973105
19	141	1.02746
19	144	1.01388
19	146	1.01715
19	152	1.00563
19	158	1.02585
19	160	1.01541
19	163	1.0243
19	164	1.00675
20	28	1.10472
20	33	1.10846
20	37	0.982322
20	46	1.13238
20	48	1.07038
20	52	0.958233
20	62	1.02837
20	134	0.84964
20	145	0.968844
20	152	1.00527
20	170	1.08869
20	172	1.08145
21	18	1.00579
21	42	1.07361
21	49	1.04673
21	50	0.938336
21	75	1.03663
21	78	1.03593
21	97	0.966915
21	135	1.02218
21	143	1.03528
21	148	1.02184
21	153	1.1942
21	162	0.998847
21	169	1.02529
22	112	1.33905
22	114	0.884924
22	127	0.880216
22	132	0.897336
22	141	0.92637
22	144	0.912789
22	146	0.916054
22	149	1.3659
22	158	0.924755
22	160	0.914312
22	163	0.923207
22	164	0.905655
22	171	1.44678
23	36	1.00271
23	64	1.0279
23	65	0.948042
23	72	1.01502
23	91	1.02246
23	93	1.01979
23	94	1.07589
23	101	0.993371
23	107	1.03336
23	126	0.992514
23	139	1.05128
23	147	0.937827
23	180	1.2673
24	18	1.03066
24	28	0.74889
24	62	0.974658
24	125	0.940885
24	143	0.863998
24	150	1.03086
24	166	1.01634
24	168	1.04473
24	171	1.05508
24	173	1.00543
24	177	1.01986
24	179	1.01392
24	180	0.968273
25	79	0.975154
25	81	0.966868
25	82	0.966797
25	85	1.03352
25	103	0.98269
25	123	1.00989
25	131	1.05741
25	147	1.0389
25	150	1.16008
25	157	1.00294
25	164	1.00698
25	170	1.07179
25	172	1.06455
26	5	1.1313
26	14	1.02814
26	17	1.02656
26	61	1.06173
26	63	0.95425
26	70	1.02384
26	81	0.967273
26	82	0.967203
26	131	0.9511
26	154	1.0205
26	155	0.973529
26	172	1.06496
26	174	1.10314
27	47	1.07499
27	56	0.966847
27	60	0.942946
27	68	1.00865
27	83	1.04385
27	87	1.04361
27	140	1.01831
27	148	0.988075
27	150	1.0182
27	153	1.13822
27	154	1.0246
27	176	1.14647
27	178	0.978181
28	20	1.10472
28	24	0.74889
28	33	1.15508
28	37	1.02894
28	48	1.11699
28	52	1.00485
28	62	1.07499
28	148	1.04707
28	159	1.13029
28	167	0.826251
28	170	1.1353
28	172	1.12806
28	174	0.954279
28	177	0.903314
29	19	0.758
29	35	0.972628
29	85	0.789017
29	90	1.05492
29	158	0.761019
29	167	1.1185
29	168	1.12066
29	170	0.598871
29	171	1.13101
29	175	1.05426
29	176	1.07294
29	178	1.106
29	179	1.08985
29	180	1.0442
30	35	0.962849
30	47	1.04124
30	56	0.933095
30	57	1.04116
30	60	0.909194
30	68	0.9749
30	83	1.0101
30	87	1.00985
30	112	1.03019
30	115	1.07689
30	128	1.17329
30	137	1.23501
30	148	0.954323
30	154	0.990848
31	4	0.907085
31	53	1.02903
31	59	1.00029
31	74	1.03459
31	77	1.38636
31	79	0.945763
31	80	0.943205
31	85	1.00413
31	151	0.992145
31	153	0.914982
31	162	0.991417
31	170	1.0424
31	173	1.07254
31	175	1.12624
32	113	2.18701
32	116	0.930201
32	121	0.978077
32	122	0.853747
32	138	0.987161
32	141	0.992722
32	146	0.982406
32	157	0.967968
32	158	0.991107
32	160	0.980664
32	161	0.709299
32	163	0.989559
32	164	0.972008
32	176	0.867366
33	15	1.08048
33	20	1.10846
33	28	1.15508
33	37	1.03268
33	52	1.0086
33	62	1.07873
33	77	1.27065
33	148	1.05082
33	152	0.807595
33	161	0.860169
33	165	0.956601
33	170	1.13905
33	171	0.776765
33	172	1.13181
34	70	1.00754
34	111	0.94382
34	117	0.980829
34	133	1.08234
34	154	0.814424
34	162	0.847624
34	167	1.03723
34	169	1.02176
34	174	0.997772
34	176	0.991663
34	177	1.01452
34	179	1.00858
34	180	0.96293
35	29	0.972628
35	30	0.962849
35	47	1.03827
35	56	0.930118
35	57	1.03818
35	60	0.906217
35	68	0.971922
35	83	1.00712
35	87	1.00688
35	130	1.16699
35	134	1.06463
35	140	0.981581
35	154	0.98787
35	169	1.25373
36	3	0.922407
36	7	1.00281
36	23	1.00271
36	64	0.983675
36	72	0.970794
36	86	1.01965
36	91	0.978231
36	93	0.975568
36	94	1.03166
36	101	0.949145
36	107	0.989137
36	168	1.14632
36	171	1.12311
36	178	1.19629
37	15	0.954335
37	20	0.982322
37	28	1.02894
37	33	1.03268
37	38	0.99913
37	48	0.994599
37	52	0.882454
37	62	0.952593
37	140	0.954916
37	170	1.01291
37	172	1.00567
37	174	1.2059
37	178	1.11651
37	179	1.22206
38	4	1.30258
38	37	0.99913
38	54	0.866691
38	86	1.02129
38	93	0.977212
38	98	0.906939
38	107	0.990781
38	150	0.975723
38	158	0.994809
38	161	0.976218
38	163	0.99326
38	164	0.975709
38	178	0.974937
38	180	0.91314
39	96	0.958463
39	119	0.98509
39	122	1.24271
39	127	0.94664
39	131	1.02539
39	144	0.979213
39	146	0.982478
39	157	0.96804
39	158	0.991179
39	160	0.980736
39	164	0.97208
39	172	1.02965
39	174	1.17744
39	177	1.12647
40	18	0.983701
40	42	1.05152
40	50	0.916245
40	58	0.988032
40	66	0.948546
40	75	1.01454
40	78	1.01384
40	92	1.26677
40	97	0.944823
40	131	0.953177
40	142	0.990251
40	143	1.01318
40	162	0.976755
40	175	1.2946
41	16	1.12978
41	104	1.09295
41	111	1.0758
41	114	1.06162
41	125	1.17216
41	150	0.875209
41	157	1.07831
41	158	1.10145
41	160	1.09101
41	163	1.0999
41	164	1.08235
41	168	0.785221
41	176	1.00348
41	178	0.835191
42	21	1.07361
42	40	1.05152
42	66	1.06386
42	75	1.12985
42	78	1.12915
42	92	1.04397
42	97	1.06014
42	131	1.06849
42	143	1.1285
42	145	0.832441
42	161	0.92144
42	162	1.09207
42	171	0.838036
42	179	1.01677
43	45	0.956278
43	67	0.992798
43	73	0.992358
43	84	0.941274
43	95	0.965435
43	98	0.998554
43	102	0.988836
43	105	0.988508
43	110	1.03522
43	145	1.07192
43	161	1.16092
43	162	0.987128
43	165	1.25735
43	171	1.07751
44	6	0.883405
44	55	1.46534
44	58	0.955291
44	111	0.942822
44	132	0.941059
44	138	0.964532
44	144	0.956512
44	146	0.959777
44	157	0.945339
44	160	0.958036
44	163	0.96693
44	164	0.949379
44	170	1.01419
44	173	1.20816
44	179	1.20683
45	43	0.956278
45	46	1.11924
45	67	0.992122
45	73	0.991683
45	84	0.940599
45	95	0.964759
45	98	0.997879
45	102	0.988161
45	105	0.987832
45	110	1.03454
45	153	1.19452
45	162	0.986452
45	174	1.12387
45	179	1.14004
46	20	1.13238
46	45	1.11924
46	74	1.027
46	103	1.00066
46	155	0.968562
46	164	1.06073
46	168	0.975602
46	169	0.957976
46	171	0.985959
46	173	0.936311
46	175	0.9092
46	177	0.950736
46	178	0.960946
46	179	0.944795
46	180	0.899149
47	11	0.799729
47	27	1.07499
47	30	1.04124
47	35	1.03827
47	56	1.00851
47	57	1.11658
47	60	0.984611
47	68	1.05032
47	83	1.08551
47	87	1.08527
47	118	0.943722
47	120	1.07004
47	147	0.937472
47	148	1.02974
47	156	1.07005
48	15	1.04239
48	20	1.07038
48	28	1.11699
48	37	0.994599
48	52	0.97051
48	62	1.04065
48	140	1.04297
48	145	0.92738
48	148	1.01274
48	149	0.85209
48	166	1.04483
48	170	1.10096
48	172	1.09372
48	173	1.11303
48	178	1.00616
49	18	1.07213
49	21	1.04673
49	50	1.00467
49	66	1.03697
49	77	0.982426
49	78	1.10226
49	97	1.03325
49	131	1.0416
49	143	1.10161
49	162	1.06518
49	167	0.90337
49	171	0.868825
49	173	1.04888
49	178	0.94201
49	180	1.19032
50	18	0.963737
50	21	0.938336
50	40	0.916245
50	49	1.00467
50	66	0.928582
50	75	0.994577
50	77	0.874035
50	78	0.993874
50	97	0.924859
50	108	1.13731
50	115	1.1069
50	139	1.27341
50	143	0.99322
50	162	0.956791
50	174	1.33051
51	93	0.939018
51	94	0.99511
51	95	0.929649
51	101	0.912595
51	102	0.95305
51	105	0.952722
51	107	0.952587
51	110	0.999434
51	135	1.27369
51	136	1.2108
51	147	1.20451
51	149	1.13161
51	163	0.955066
51	164	0.937515
51	170	1.00233
52	15	0.930246
52	20	0.958233
52	28	1.00485
52	33	1.0086
52	37	0.882454
52	48	0.97051
52	62	0.928504
52	89	1.68038
52	140	0.930827
52	148	0.900592
52	149	0.955017
52	150	1.14911
52	169	1.10021
52	170	0.988819
52	172	0.981578
53	31	1.02903
53	54	1.09163
53	59	1.06378
53	74	1.09808
53	77	1.32603
53	79	1.00926
53	80	1.0067
53	85	1.06763
53	129	0.850046
53	137	0.929233
53	153	0.978476
53	162	1.05491
53	168	0.855365
53	170	1.1059
53	174	0.994723
54	4	0.969685
54	38	0.866691
54	53	1.09163
54	59	1.06289
54	74	1.09719
54	79	1.00836
54	80	1.00581
54	85	1.06673
54	133	0.854854
54	136	0.909189
54	140	1.04701
54	155	0.943842
54	159	1.24947
54	162	1.05402
54	170	1.105
55	44	1.46534
55	77	0.812117
55	86	0.926629
55	93	0.88255
55	95	0.87318
55	101	0.856127
55	102	0.896582
55	105	0.896253
55	110	0.942965
55	116	1.46374
55	156	0.849246
55	161	0.881557
55	163	1.39737
55	179	0.864124
55	180	0.818479
56	27	0.966847
56	30	0.933095
56	35	0.930118
56	47	1.00851
56	57	1.00843
56	60	0.876463
56	68	0.942168
56	83	0.977364
56	87	0.977122
56	131	1.12705
56	145	1.11092
56	148	0.921592
56	154	0.958117
56	169	1.18082
56	180	1.43801
57	30	1.04116
57	35	1.03818
57	47	1.11658
57	56	1.00843
57	60	0.984529
57	68	1.05023
57	76	0.914371
57	83	1.08543
57	87	1.08519
57	124	0.872669
57	133	0.955348
57	140	1.05989
57	148	1.02966
57	161	1.09478
57	177	1.12299
58	40	0.988032
58	44	0.955291
58	116	0.95369
58	152	1.0722
58	156	1.00238
58	163	0.887321
58	166	1.01969
58	171	1.05842
58	172	0.75294
58	173	1.00878
58	174	1.00646
58	175	0.981666
58	177	1.0232
58	178	1.03341
58	179	1.01726
58	180	0.971615
59	4	0.941841
59	31	1.00029
59	53	1.06378
59	54	1.06289
59	74	1.06934
59	76	0.843898
59	79	0.980519
59	80	0.977962
59	85	1.03889
59	153	0.949739
59	162	1.02617
59	170	1.07716
59	171	0.940903
59	174	1.10348
59	179	1.11964
59	180	1.2624
60	27	0.942946
60	30	0.909194
60	35	0.906217
60	47	0.984611
60	56	0.876463
60	57	0.984529
60	68	0.918268
60	83	0.953464
60	87	0.953221
60	112	1.15251
60	140	0.927926
60	145	1.25465
60	148	0.897691
60	154	0.934216
60	165	1.44008
60	167	1.29479
61	11	0.736691
61	14	1.06475
61	17	1.06317
61	26	1.06173
61	63	0.990859
61	70	1.06045
61	81	1.00388
61	82	1.00381
61	143	1.09425
61	154	1.05711
61	172	1.10157
61	176	1.12389
61	177	0.994025
61	178	0.955602
61	179	1.06115
62	15	1.00039
62	20	1.02837
62	24	0.974658
62	28	1.07499
62	33	1.07873
62	37	0.952593
62	48	1.04065
62	52	0.928504
62	126	1.06418
62	140	1.00097
62	142	0.946884
62	148	0.970731
62	167	1.05202
62	170	1.05896
62	172	1.05172
62	177	1.12908
63	14	0.957267
63	17	0.955685
63	26	0.95425
63	61	0.990859
63	70	0.952963
63	81	0.896398
63	82	0.896327
63	112	0.948716
63	117	1.30056
63	129	1.1506
63	143	0.986767
63	154	0.949622
63	166	1.24456
63	168	1.15592
63	172	0.994083
64	2	1.05931
64	23	1.0279
64	36	0.983675
64	86	1.04484
64	91	1.00343
64	93	1.00076
64	94	1.05685
64	101	0.97434
64	107	1.01433
64	112	1.01146
64	126	0.978223
64	130	0.909081
64	145	1.01331
64	156	1.05611
64	177	1.04313
64	180	1.25301
65	2	0.979453
65	3	0.867743
65	23	0.948042
65	72	0.916129
65	86	0.964982
65	91	0.923567
65	93	0.920904
65	94	0.976995
65	101	0.894481
65	107	0.934472
65	108	1.17485
65	112	0.931604
65	145	0.933449
65	168	1.22869
65	176	1.44694
65	177	1.31708
66	5	0.929494
66	18	0.996039
66	40	0.948546
66	42	1.06386
66	49	1.03697
66	50	0.928582
66	75	1.02688
66	78	1.02618
66	97	0.957161
66	108	0.942852
66	131	0.965515
66	143	1.02552
66	153	1.2067
66	161	1.05688
66	162	0.989093
66	165	1.15331
66	176	1.21495
67	43	0.992798
67	45	0.992122
67	73	1.0282
67	84	0.977119
67	95	1.00128
67	98	1.0344
67	102	1.02468
67	105	1.02435
67	110	1.07106
67	136	0.937878
67	143	1.0594
67	148	1.00043
67	153	1.17279
67	156	1.06416
67	162	1.02297
67	166	1.05143
68	11	0.903364
68	12	0.952839
68	27	1.00865
68	30	0.9749
68	35	0.971922
68	47	1.05032
68	56	0.942168
68	57	1.05023
68	60	0.918268
68	83	1.01917
68	87	1.01893
68	99	1.1449
68	140	0.993632
68	154	0.999921
68	161	1.13249
68	169	1.11339
68	177	1.1607
69	8	0.851943
69	104	0.992134
69	111	0.974983
69	114	0.960807
69	138	0.996692
69	139	1.14354
69	141	1.00225
69	146	0.991937
69	154	0.994649
69	157	0.977499
69	160	0.990196
69	161	1.12147
69	163	0.99909
69	164	0.981539
69	167	1.07261
69	172	1.03911
69	175	1.27182
70	14	1.02686
70	17	1.02527
70	26	1.02384
70	34	1.00754
70	61	1.06045
70	63	0.952963
70	81	0.965986
70	82	0.965915
70	103	1.0171
70	112	1.0183
70	118	1.07956
70	124	0.942584
70	143	1.05635
70	145	1.0757
70	154	1.01921
70	172	1.06367
71	76	0.897485
71	111	0.978264
71	119	0.997831
71	121	0.99089
71	123	0.987728
71	127	0.959382
71	132	0.976501
71	144	0.991955
71	157	0.980781
71	159	1.33308
71	160	0.993478
71	163	1.00237
71	164	0.984821
71	170	1.04963
71	171	0.99449
71	176	1.23596
71	177	1.1061
72	2	1.04643
72	3	0.934721
72	23	1.01502
72	36	0.970794
72	65	0.916129
72	86	1.03196
72	91	0.990545
72	93	0.987882
72	94	1.04397
72	101	0.961459
72	107	1.00145
72	117	1.16823
72	137	1.09746
72	145	1.00043
72	155	1.03333
72	171	1.00038
72	176	1.24185
73	43	0.992358
73	45	0.991683
73	67	1.0282
73	84	0.976679
73	89	1.54706
73	95	1.00084
73	98	1.03396
73	102	1.02424
73	105	1.02391
73	110	1.07062
73	129	0.920484
73	134	0.777787
73	143	1.05896
73	162	1.02253
73	165	1.08242
73	167	0.937133
74	4	0.97614
74	31	1.03459
74	46	1.027
74	53	1.09808
74	54	1.09719
74	59	1.06934
74	79	1.01482
74	80	1.01226
74	85	1.07319
74	118	0.867328
74	130	0.846624
74	140	1.05347
74	153	0.984037
74	156	0.993654
74	159	1.20765
74	162	1.06047
74	170	1.11146
74	171	0.869061
75	18	1.06203
75	21	1.03663
75	40	1.01454
75	42	1.12985
75	50	0.994577
75	66	1.02688
75	78	1.09217
75	89	1.14645
75	97	1.02316
75	109	1.02787
75	113	2.06309
75	131	1.03151
75	143	1.09152
75	150	0.615177
75	162	1.05509
75	166	0.613832
75	176	0.743444
75	180	0.823466
76	57	0.914371
76	59	0.843898
76	71	0.897485
76	86	0.721724
76	106	0.885993
76	138	0.857276
76	156	1.03808
76	159	1.0097
76	161	1.07039
76	165	1.04072
76	166	1.05538
76	167	1.0816
76	168	1.08376
76	173	1.04447
76	175	1.01736
76	177	1.0589
76	178	1.06911
76	180	1.00731
77	31	1.38636
77	33	1.27065
77	49	0.982426
77	50	0.874035
77	53	1.32603
77	55	0.812117
77	86	1.31261
77	97	0.902614
77	114	0.899988
77	157	0.91668
77	162	0.934546
77	163	0.938271
77	164	0.92072
77	175	0.868202
77	176	0.886884
77	177	0.909738
77	179	0.903797
77	180	0.858151
78	18	1.06133
78	21	1.03593
78	40	1.01384
78	42	1.12915
78	49	1.10226
78	50	0.993874
78	66	1.02618
78	75	1.09217
78	97	1.02245
78	109	1.02717
78	115	0.898076
78	120	1.08369
78	128	0.994474
78	131	1.03081
78	147	0.951128
78	162	1.05438
78	167	0.993656
78	168	0.982326
79	4	0.887315
79	25	0.975154
79	31	0.945763
79	53	1.00926
79	54	1.00836
79	59	0.980519
79	74	1.01482
79	80	0.923435
79	85	0.984364
79	92	1.2163
79	120	1.13495
79	128	1.04573
79	140	0.964641
79	153	0.895212
79	162	0.971647
79	165	1.1902
79	170	1.02263
79	175	1.24412
80	4	0.884757
80	16	1.00269
80	31	0.943205
80	53	1.0067
80	54	1.00581
80	59	0.977962
80	74	1.01226
80	79	0.923435
80	85	0.981807
80	137	1.20123
80	140	0.962084
80	147	1.09616
80	151	1.20381
80	153	0.892655
80	155	1.1371
80	162	0.96909
80	170	1.02008
80	178	1.17733
81	14	0.97029
81	16	0.996961
81	17	0.968708
81	25	0.966868
81	26	0.967273
81	61	1.00388
81	63	0.896398
81	70	0.965986
81	82	0.90935
81	112	0.961739
81	143	0.99979
81	154	0.962645
81	155	1.09616
81	156	1.18779
81	166	1.17506
81	169	1.1275
81	172	1.00711
81	179	1.24194
82	14	0.97022
82	16	0.99689
82	17	0.968637
82	25	0.966797
82	26	0.967203
82	61	1.00381
82	63	0.896327
82	70	0.965915
82	81	0.90935
82	112	0.961668
82	126	1.15284
82	142	1.03554
82	143	0.999719
82	154	0.962574
82	155	1.13909
82	172	1.00704
82	175	1.33989
82	178	1.17932
83	11	0.802949
83	12	0.988035
83	27	1.04385
83	30	1.0101
83	35	1.00712
83	47	1.08551
83	56	0.977364
83	57	1.08543
83	60	0.953464
83	68	1.01917
83	87	1.05412
83	140	1.02883
83	148	0.998592
83	152	0.979504
83	154	1.03512
83	165	1.12851
83	171	0.948674
83	174	1.11125
83	175	1.18243
84	43	0.941274
84	45	0.940599
84	67	0.977119
84	73	0.976679
84	95	0.949756
84	98	0.982875
84	102	0.973157
84	105	0.972829
84	109	0.944231
84	110	1.01954
84	117	1.25229
84	131	0.94787
84	134	0.959641
84	142	1.01385
84	143	1.00788
84	153	1.31766
84	162	0.971449
84	176	1.32591
85	4	0.945686
85	25	1.03352
85	29	0.789017
85	31	1.00413
85	53	1.06763
85	54	1.06673
85	59	1.03889
85	74	1.07319
85	79	0.984364
85	80	0.981807
85	137	1.1029
85	139	1.11128
85	140	1.02301
85	145	1.00022
85	153	0.953583
85	155	1.03877
85	162	1.03002
85	170	1.081
85	178	1.079
86	2	1.09528
86	3	0.983574
86	36	1.01965
86	38	1.02129
86	55	0.926629
86	64	1.04484
86	65	0.964982
86	72	1.03196
86	76	0.721724
86	77	1.31261
86	91	1.0394
86	93	1.03673
86	94	1.09283
86	101	1.01031
86	107	1.0503
86	168	0.841944
86	175	1.05248
86	179	0.997465
86	180	1.14022
87	12	0.987793
87	27	1.04361
87	30	1.00985
87	35	1.00688
87	47	1.08527
87	56	0.977122
87	57	1.08519
87	60	0.953221
87	68	1.01893
87	83	1.05412
87	100	1.20619
87	128	0.949091
87	139	1.0192
87	140	1.02859
87	148	0.99835
87	154	1.03487
87	166	1.02559
87	177	1.02534
87	178	0.986913
88	19	1.43502
88	107	1.41141
88	113	0.755556
88	122	0.898239
88	149	0.947591
88	159	0.855606
88	160	1.31731
88	165	0.886623
88	166	0.901288
88	167	0.927511
88	168	0.929669
88	172	1.28597
88	173	0.890377
88	174	0.888057
88	175	0.863267
88	176	0.881948
88	178	0.915013
88	179	0.898861
88	180	0.853216
89	52	1.68038
89	73	1.54706
89	75	1.14645
89	122	0.875261
89	125	0.802849
89	129	0.904964
89	135	0.87965
89	147	0.915168
89	154	1.53265
89	165	0.863644
89	168	0.90669
89	169	0.889063
89	171	0.917046
89	174	0.865078
89	175	0.840288
89	176	0.85897
89	177	0.881823
89	178	0.892034
89	179	0.875883
89	180	0.830237
90	7	1.02067
90	29	1.05492
90	93	1.22987
90	98	1.15661
90	105	1.17051
90	110	0.999104
90	151	0.918039
90	159	0.877614
90	161	0.938302
90	167	0.949519
90	170	1.02115
90	171	0.962033
90	173	0.912385
90	174	0.910065
90	175	0.885275
90	176	0.903956
90	177	0.92681
90	178	0.937021
90	179	0.920869
90	180	0.875223
91	2	1.05387
91	3	0.942159
91	23	1.02246
91	36	0.978231
91	64	1.00343
91	65	0.923567
91	72	0.990545
91	86	1.0394
91	93	0.995319
91	94	1.05141
91	101	0.968896
91	107	1.00889
91	108	0.758158
91	112	1.00602
91	113	2.3499
91	145	1.00787
91	149	0.707899
91	152	0.819615
91	173	0.968842
91	179	0.96752
92	40	1.26677
92	42	1.04397
92	79	1.2163
92	99	0.947031
92	121	1.21095
92	136	0.976936
92	152	0.985133
92	154	1.09411
92	159	0.886943
92	166	0.932624
92	169	0.943379
92	171	0.971362
92	173	0.921714
92	174	0.919394
92	175	0.894603
92	176	0.913285
92	177	0.936139
92	178	0.946349
92	179	0.930198
92	180	0.884552
93	3	0.939495
93	23	1.01979
93	36	0.975568
93	38	0.977212
93	51	0.939018
93	55	0.88255
93	64	1.00076
93	65	0.920904
93	72	0.987882
93	86	1.03673
93	90	1.22987
93	91	0.995319
93	94	1.04875
93	101	0.966233
93	107	1.00622
93	122	1.25224
93	133	0.968362
93	145	1.0052
93	161	1.10779
93	171	1.02439
93	174	1.18696
94	2	1.1073
94	5	0.996511
94	23	1.07589
94	36	1.03166
94	51	0.99511
94	64	1.05685
94	65	0.976995
94	72	1.04397
94	86	1.09283
94	91	1.05141
94	93	1.04875
94	101	1.02232
94	107	1.06232
94	112	1.05945
94	145	1.06129
94	152	0.836611
94	153	1.039
94	159	1.14437
94	161	0.889185
94	174	0.968356
94	179	0.984517
95	43	0.965435
95	45	0.964759
95	51	0.929649
95	55	0.87318
95	67	1.00128
95	73	1.00084
95	84	0.949756
95	98	1.00704
95	102	0.997318
95	105	0.996989
95	109	0.968391
95	110	1.0437
95	126	1.12284
95	131	0.972031
95	134	0.951333
95	143	1.03204
95	148	1.13699
95	162	0.995609
95	171	1.07613
95	175	1.30989
95	179	1.25487
96	39	0.958463
96	99	1.16135
96	104	0.986628
96	106	0.982629
96	116	0.934227
96	121	0.982103
96	127	0.950595
96	131	1.07607
96	134	0.940741
96	138	0.991187
96	141	0.996748
96	144	0.983167
96	151	1.1652
96	154	0.989143
96	157	0.971994
96	158	0.995134
96	160	0.984691
96	163	0.993585
96	164	0.976034
96	168	1.08876
96	180	1.38703
97	5	0.92577
97	18	0.992316
97	21	0.966915
97	40	0.944823
97	42	1.06014
97	49	1.03325
97	50	0.924859
97	66	0.957161
97	75	1.02316
97	77	0.902614
97	78	1.02245
97	109	0.958152
97	131	0.961791
97	134	0.998193
97	143	1.0218
97	147	1.11501
97	148	1.18385
97	151	1.22266
97	162	0.98537
97	167	1.15754
97	168	1.14621
98	38	0.906939
98	43	0.998554
98	45	0.997879
98	67	1.0344
98	73	1.03396
98	84	0.982875
98	90	1.15661
98	95	1.00704
98	102	1.03044
98	105	1.03011
98	109	1.00151
98	110	1.07682
98	112	0.843393
98	131	1.00515
98	137	1.04821
98	143	1.06516
98	147	0.943148
98	162	1.02873
98	179	1.12987
99	1	0.859993
99	68	1.1449
99	92	0.947031
99	96	1.16135
99	107	1.047
99	125	0.899603
99	130	1.00771
99	135	0.976404
99	136	1.01938
99	155	0.996404
99	158	1.07363
99	167	1.00129
99	170	0.911479
99	172	0.921557
99	173	0.964153
99	174	0.961833
99	175	0.937042
99	176	0.955724
99	177	0.978578
99	178	0.988788
99	179	0.972637
99	180	0.926991
100	87	1.20619
100	103	0.967052
100	106	1.27546
100	113	0.767884
100	121	1.29747
100	139	0.898669
100	147	0.950475
100	157	1.27721
100	159	0.867934
100	161	0.928622
100	164	1.19525
100	165	0.898951
100	166	0.913616
100	167	0.939839
100	171	0.952353
100	174	0.900385
100	175	0.875595
100	176	0.894277
100	177	0.91713
100	178	0.927341
100	179	0.91119
100	180	0.865544
101	2	1.02478
101	3	0.913072
101	23	0.993371
101	36	0.949145
101	51	0.912595
101	55	0.856127
101	64	0.97434
101	65	0.894481
101	72	0.961459
101	86	1.01031
101	91	0.968896
101	93	0.966233
101	94	1.02232
101	107	0.979802
101	112	0.976933
101	134	0.921152
101	145	0.978779
101	153	1.27917
101	167	1.0805
101	173	1.22601
101	175	1.27971
101	180	1.36744
102	11	1.06174
102	43	0.988836
102	45	0.988161
102	51	0.95305
102	55	0.896582
102	67	1.02468
102	73	1.02424
102	84	0.973157
102	95	0.997318
102	98	1.03044
102	105	1.02039
102	109	0.991793
102	110	1.0671
102	131	0.995432
102	142	0.955678
102	143	1.05544
102	145	1.02067
102	149	0.945381
102	150	1.13947
102	152	1.0571
102	153	1.25949
102	156	1.15086
102	162	1.01901
103	18	1.00929
103	25	0.98269
103	46	1.00066
103	70	1.0171
103	100	0.967052
103	123	0.954416
103	137	1.00774
103	138	0.890091
103	151	1.00884
103	160	0.792894
103	161	1.0291
103	163	0.89594
103	166	1.01409
103	168	1.04247
103	169	1.02485
103	173	1.00318
103	174	1.00086
103	175	0.976072
103	176	0.994754
103	177	1.01761
103	178	1.02782
103	179	1.01167
103	180	0.966021
104	41	1.09295
104	69	0.992134
104	96	0.986628
104	106	1.00684
104	116	0.958438
104	118	1.02728
104	119	1.01325
104	121	1.00631
104	127	0.974805
104	131	1.03954
104	132	0.991924
104	133	0.972984
104	136	1.02732
104	144	1.00738
104	146	1.01064
104	157	0.996204
104	158	1.01934
104	160	1.0089
104	163	1.0178
104	164	1.00024
104	167	1.06356
104	169	1.09332
104	175	1.26277
105	11	1.06141
105	12	1.07617
105	43	0.988508
105	45	0.987832
105	51	0.952722
105	55	0.896253
105	67	1.02435
105	73	1.02391
105	84	0.972829
105	90	1.17051
105	95	0.996989
105	98	1.03011
105	102	1.02039
105	109	0.991464
105	110	1.06677
105	115	0.903997
105	126	1.01174
105	131	0.995104
105	143	1.05511
105	153	1.19825
105	162	1.01868
105	169	1.02933
105	171	0.965031
106	9	1.05428
106	76	0.885993
106	96	0.982629
106	100	1.27546
106	104	1.00684
106	121	1.00231
106	123	0.999153
106	127	0.970806
106	132	0.987926
106	138	1.0114
106	141	1.01696
106	142	0.912409
106	144	1.00338
106	146	1.00664
106	148	1.04386
106	149	0.902112
106	155	1.01596
106	157	0.992206
106	158	1.01535
106	160	1.0049
106	163	1.0138
106	164	0.996246
106	180	1.30449
107	2	1.06477
107	3	0.953064
107	23	1.03336
107	36	0.989137
107	38	0.990781
107	51	0.952587
107	64	1.01433
107	65	0.934472
107	72	1.00145
107	86	1.0503
107	88	1.41141
107	91	1.00889
107	93	1.00622
107	94	1.06232
107	99	1.047
107	101	0.979802
107	112	1.01693
107	124	0.812479
107	130	0.92875
107	145	1.01877
107	167	0.985732
107	169	1.01549
107	173	1.13124
108	9	0.87739
108	50	1.13731
108	65	1.17485
108	66	0.942852
108	91	0.758158
108	129	1.02888
108	132	0.871212
108	152	1.05474
108	155	1.02357
108	157	0.954127
108	159	0.956547
108	165	0.987564
108	167	1.02845
108	168	1.03061
108	169	1.01298
108	171	1.04097
108	173	0.991319
108	174	0.988998
108	175	0.964208
108	177	1.00574
108	178	1.01595
108	179	0.999803
108	180	0.954157
109	5	0.930485
109	8	0.848407
109	75	1.02787
109	78	1.02717
109	84	0.944231
109	95	0.968391
109	97	0.958152
109	98	1.00151
109	102	0.991793
109	105	0.991464
109	110	1.03818
109	129	1.05243
109	141	0.996972
109	144	0.983392
109	156	1.15913
109	157	0.972218
109	158	0.995358
109	160	0.984915
109	162	0.990084
109	164	0.976258
109	168	1.05775
109	177	1.14614
109	178	1.10772
109	180	1.35602
110	1	1.68563
110	11	1.10813
110	43	1.03522
110	45	1.03454
110	51	0.999434
110	55	0.942965
110	67	1.07106
110	73	1.07062
110	84	1.01954
110	90	0.999104
110	95	1.0437
110	98	1.07682
110	102	1.0671
110	105	1.06677
110	109	1.03818
110	118	0.791894
110	128	0.82899
110	131	1.04182
110	133	0.737597
110	143	1.10182
110	152	0.824456
110	162	1.06539
110	178	0.866812
110	179	0.972362
111	34	0.94382
111	41	1.0758
111	44	0.942822
111	69	0.974983
111	71	0.978264
111	116	0.941287
111	120	1.14215
111	121	0.989163
111	123	0.986001
111	127	0.957654
111	132	0.974773
111	135	1.07876
111	136	1.01588
111	138	0.998246
111	141	1.00381
111	144	0.990227
111	155	1.05053
111	157	0.979053
111	158	1.00219
111	160	0.99175
111	163	1.00064
111	164	0.983093
111	166	1.12943
111	180	1.33906
112	22	1.33905
112	30	1.03019
112	60	1.15251
112	63	0.948716
112	64	1.01146
112	65	0.931604
112	70	1.0183
112	81	0.961739
112	82	0.961668
112	91	1.00602
112	94	1.05945
112	98	0.843393
112	101	0.976933
112	107	1.01693
112	138	0.846543
112	156	0.970052
112	158	0.87008
112	163	0.852391
112	171	1.02609
112	172	1.05942
112	173	0.976447
112	175	0.949336
112	179	0.984931
112	180	0.939285
113	32	2.18701
113	75	2.06309
113	88	0.755556
113	91	2.3499
113	100	0.767884
113	122	0.811877
113	133	0.886266
113	135	0.816266
113	136	0.859237
113	150	0.829436
113	159	0.769243
113	165	0.800261
113	167	0.841148
113	168	0.843306
113	169	0.82568
113	173	0.804015
113	174	0.801694
113	175	0.776904
113	176	0.795586
113	177	0.818439
113	179	0.812499
113	180	0.766853
114	22	0.884924
114	41	1.06162
114	69	0.960807
114	77	0.899988
114	116	0.927111
114	118	1.0347
114	121	0.974987
114	123	0.971825
114	127	0.943479
114	138	0.984071
114	144	0.976051
114	146	0.979316
114	147	1.02845
114	148	1.09729
114	154	0.982028
114	157	0.964878
114	158	0.988018
114	160	0.977575
114	163	0.986469
114	164	0.968918
114	169	1.10073
114	172	1.02649
114	173	1.21649
114	176	1.2779
114	180	1.35792
115	14	0.937964
115	18	1.01244
115	30	1.07689
115	50	1.1069
115	78	0.898076
115	105	0.903997
115	120	0.992787
115	128	1.03699
115	136	1.05015
115	139	0.990887
115	144	0.922776
115	151	1.00058
115	155	1.02717
115	161	1.02084
115	167	1.03206
115	168	1.03421
115	169	1.01659
115	170	0.754635
115	171	1.04457
115	173	0.994924
115	174	0.992603
115	175	0.967813
115	177	1.00935
115	178	1.01956
115	179	1.00341
115	180	0.957762
116	9	1.00587
116	32	0.930201
116	55	1.46374
116	58	0.95369
116	96	0.934227
116	104	0.958438
116	111	0.941287
116	114	0.927111
116	127	0.922404
116	131	1.03703
116	132	0.939523
116	138	0.962996
116	141	0.968557
116	144	0.954977
116	146	0.958241
116	154	0.960953
116	156	1.15109
116	157	0.943803
116	158	0.966943
116	160	0.9565
116	161	1.1099
116	163	0.965394
116	164	0.947843
116	170	1.01265
116	174	1.18907
116	180	1.34799
117	34	0.980829
117	63	1.30056
117	72	1.16823
117	84	1.25229
117	132	1.06969
117	137	0.924128
117	143	1.07466
117	147	0.967342
117	152	0.982992
117	154	1.05603
117	156	0.913179
117	159	0.884802
117	165	0.915819
117	166	0.930483
117	167	0.956707
117	169	0.941238
117	171	0.969221
117	174	0.917253
117	175	0.892462
117	176	0.911144
117	177	0.933998
117	178	0.944208
117	179	0.928057
117	180	0.882411
118	47	0.943722
118	70	1.07956
118	74	0.867328
118	104	1.02728
118	110	0.791894
118	114	1.0347
118	129	1.03671
118	130	1.0427
118	139	0.995108
118	147	1.04691
118	149	1.05636
118	153	0.961942
118	156	0.99275
118	159	0.964373
118	161	1.02506
118	162	0.919642
118	163	0.958396
118	166	1.01005
118	169	1.02081
118	171	1.04879
118	175	0.972034
118	176	0.990716
118	177	1.01357
118	178	1.02378
118	179	1.00763
118	180	0.961983
119	19	1.01976
119	39	0.98509
119	71	0.997831
119	104	1.01325
119	121	1.00873
119	122	1.23048
119	123	1.00557
119	126	1.04933
119	132	0.99434
119	133	0.946596
119	138	1.01781
119	142	0.932036
119	144	1.00979
119	145	1.01671
119	146	1.01306
119	153	0.940051
119	157	0.99862
119	158	1.02176
119	160	1.01132
119	163	1.02021
119	164	1.00266
119	166	1.11448
119	169	1.06693
119	170	1.06747
119	177	1.11423
119	178	1.07581
120	47	1.07004
120	78	1.08369
120	79	1.13495
120	111	1.14215
120	115	0.992787
120	125	0.872149
120	133	1.01895
120	134	1.02153
120	137	0.941254
120	149	0.993913
120	154	1.01275
120	155	0.96895
120	156	0.930305
120	161	0.962616
120	162	1.04596
120	164	1.02737
120	165	0.932945
120	168	0.97599
120	169	0.958364
120	171	0.986347
120	174	0.934379
120	176	0.92827
120	177	0.951124
120	178	0.961334
120	179	0.945183
120	180	0.899537
121	6	0.929745
121	13	0.927253
121	32	0.978077
121	71	0.99089
121	92	1.21095
121	96	0.982103
121	100	1.29747
121	104	1.00631
121	106	1.00231
121	111	0.989163
121	114	0.974987
121	119	1.00873
121	124	0.866308
121	132	0.987399
121	141	1.01643
121	146	1.00612
121	148	1.06588
121	151	1.10468
121	152	1.03585
121	157	0.991679
121	158	1.01482
121	160	1.00438
121	163	1.01327
121	164	0.995719
121	167	1.03956
121	170	1.06053
121	171	1.00502
122	16	1.09116
122	32	0.853747
122	39	1.24271
122	88	0.898239
122	89	0.875261
122	93	1.25224
122	113	0.811877
122	119	1.23048
122	135	0.958949
122	139	0.942662
122	142	0.995706
122	147	0.994467
122	151	0.952352
122	158	1.20567
122	161	0.972615
122	165	0.942944
122	167	0.983831
122	168	0.985989
122	169	0.968363
122	170	1.04352
122	173	0.946698
122	175	0.919587
122	176	0.938269
122	177	0.961123
122	178	0.971333
122	179	0.955182
122	180	0.909536
123	6	0.926583
123	25	1.00989
123	71	0.987728
123	103	0.954416
123	106	0.999153
123	111	0.986001
123	114	0.971825
123	119	1.00557
123	127	0.967118
123	132	0.984237
123	134	0.893806
123	138	1.00771
123	144	0.999691
123	145	1.00661
123	150	1.13181
123	151	1.11827
123	153	0.929948
123	157	0.988517
123	158	1.01166
123	160	1.00121
123	163	1.01011
123	164	0.992557
123	166	1.13046
123	170	1.05737
123	174	1.18118
123	177	1.13021
123	179	1.19734
124	13	1.12628
124	57	0.872669
124	70	0.942584
124	107	0.812479
124	121	0.866308
124	125	0.959987
124	127	0.893048
124	135	1.03679
124	136	1.07976
124	137	1.02909
124	140	0.859955
124	150	1.04996
124	152	1.08796
124	158	0.83911
124	159	0.989765
124	163	0.821421
124	165	1.02078
124	166	1.03545
124	169	1.0462
124	171	1.07418
124	173	1.02454
124	174	1.02222
124	175	0.997426
124	176	1.01611
124	177	1.03896
124	178	1.04917
124	179	1.03302
124	180	0.987375
125	24	0.940885
125	41	1.17216
125	89	0.802849
125	99	0.899603
125	120	0.872149
125	124	0.959987
125	127	1.44191
125	132	1.31199
125	134	0.959114
125	137	0.878841
125	149	0.9315
125	155	0.906537
125	161	0.900203
125	162	1.33153
125	163	1.37028
125	164	1.31294
125	165	0.870532
125	166	0.885196
125	168	0.913577
125	169	0.895951
125	173	0.874286
125	174	0.871966
125	175	0.847175
125	176	0.865857
125	177	0.888711
125	178	0.898922
125	179	0.88277
125	180	0.837124
126	23	0.992514
126	62	1.06418
126	64	0.978223
126	82	1.15284
126	95	1.12284
126	105	1.01174
126	119	1.04933
126	129	1.00567
126	135	0.980352
126	137	0.972656
126	142	1.01711
126	154	0.934878
126	156	0.961707
126	159	0.93333
126	161	0.994018
126	165	0.964347
126	166	0.979012
126	167	1.00523
126	168	1.00739
126	169	0.989766
126	171	1.01775
126	173	0.968101
126	175	0.940991
126	176	0.959672
126	177	0.982526
126	178	0.992737
126	179	0.976585
126	180	0.93094
127	22	0.880216
127	39	0.94664
127	71	0.959382
127	96	0.950595
127	104	0.974805
127	106	0.970806
127	111	0.957654
127	114	0.943479
127	116	0.922404
127	123	0.967118
127	124	0.893048
127	125	1.44191
127	128	1.06712
127	132	0.955891
127	141	0.984925
127	144	0.971344
127	146	0.974609
127	157	0.960171
127	158	0.983311
127	160	0.972868
127	163	0.981762
127	164	0.964211
127	165	1.21159
127	168	1.05497
127	170	1.02902
127	172	1.02178
127	173	1.21181
127	177	1.14336
127	179	1.21049
128	2	0.941912
128	30	1.17329
128	78	0.994474
128	79	1.04573
128	87	0.949091
128	110	0.82899
128	115	1.03699
128	127	1.06712
128	129	1.01847
128	130	1.02446
128	139	0.976868
128	147	1.02867
128	149	1.03812
128	150	1.00633
128	155	1.01316
128	159	0.946133
128	162	0.956738
128	165	0.97715
128	166	0.991815
128	168	1.0202
128	169	1.00257
128	171	1.03055
128	172	0.861112
128	173	0.980904
128	174	0.978584
128	176	0.972476
128	177	0.995329
128	178	1.00554
128	179	0.989389
128	180	0.943743
129	53	0.850046
129	63	1.1506
129	73	0.920484
129	89	0.904964
129	108	1.02888
129	109	1.05243
129	118	1.03671
129	126	1.00567
129	128	1.01847
129	132	0.919735
129	133	1.05865
129	136	1.03162
129	137	0.980957
129	149	1.03362
129	151	0.982056
129	155	1.00865
129	157	1.00265
129	163	0.978026
129	165	0.972647
129	166	0.987312
129	167	1.01354
129	168	1.01569
129	170	0.833566
129	171	1.02605
129	172	0.843645
129	173	0.976402
129	174	0.974081
129	178	1.00104
129	179	0.984886
129	180	0.93924
130	6	1.15524
130	35	1.16699
130	64	0.909081
130	74	0.846624
130	99	1.00771
130	107	0.92875
130	118	1.0427
130	128	1.02446
130	135	0.994647
130	136	1.03762
130	141	0.952353
130	142	1.0314
130	150	1.00782
130	158	0.95538
130	159	0.947624
130	161	1.00831
130	163	0.937692
130	166	0.993306
130	167	1.01953
130	169	1.00406
130	170	0.793233
130	171	1.03204
130	173	0.982396
130	174	0.980075
130	175	0.955285
130	176	0.973967
130	177	0.99682
130	178	1.00703
130	179	0.99088
130	180	0.945234
131	25	1.05741
131	26	0.9511
131	39	1.02539
131	40	0.953177
131	42	1.06849
131	49	1.0416
131	56	1.12705
131	66	0.965515
131	75	1.03151
131	78	1.03081
131	84	0.94787
131	95	0.972031
131	96	1.07607
131	97	0.961791
131	98	1.00515
131	102	0.995432
131	104	1.03954
131	105	0.995104
131	110	1.04182
131	116	1.03703
131	146	0.968877
131	155	0.986742
131	156	0.948097
131	162	0.993724
131	167	0.991624
131	169	0.976156
131	172	0.836278
131	174	0.95217
131	176	0.946062
131	179	0.962975
131	180	0.917329
132	22	0.897336
132	44	0.941059
132	71	0.976501
132	104	0.991924
132	106	0.987926
132	108	0.871212
132	111	0.974773
132	116	0.939523
132	117	1.06969
132	119	0.99434
132	121	0.987399
132	123	0.984237
132	125	1.31199
132	127	0.955891
132	129	0.919735
132	138	0.996483
132	141	1.00204
132	144	0.988464
132	145	0.995379
132	146	0.991728
132	151	1.0015
132	158	1.00043
132	159	1.24043
132	160	0.989987
132	163	0.998881
132	164	0.98133
132	170	1.04614
132	172	1.0389
132	174	1.06441
132	175	1.13559
132	176	1.14331
133	15	0.885607
133	17	0.949618
133	34	1.08234
133	54	0.854854
133	57	0.955348
133	93	0.968362
133	104	0.972984
133	110	0.737597
133	113	0.886266
133	119	0.946596
133	120	1.01895
133	129	1.05865
133	135	1.03334
133	141	0.918761
133	149	1.0783
133	150	1.04651
133	152	1.08451
133	156	1.01469
133	157	0.928725
133	161	1.047
133	166	1.032
133	168	1.06038
133	169	1.04275
133	171	1.07073
133	173	1.02109
133	175	0.993976
133	176	1.01266
133	177	1.03551
133	178	1.04572
133	179	1.02957
133	180	0.983925
134	20	0.84964
134	35	1.06463
134	73	0.777787
134	84	0.959641
134	95	0.951333
134	96	0.940741
134	97	0.998193
134	101	0.921152
134	120	1.02153
134	123	0.893806
134	125	0.959114
134	137	1.02822
134	142	1.07267
134	149	1.08088
134	151	1.02932
134	156	1.01727
134	158	0.853017
134	161	1.04958
134	165	1.01991
134	167	1.0608
134	168	1.06295
134	169	1.04533
134	171	1.07331
134	173	1.02366
134	174	1.02134
134	175	0.996553
134	176	1.01523
134	177	1.03809
134	178	1.0483
134	179	1.03215
134	180	0.986502
135	9	0.969212
135	21	1.02218
135	51	1.27369
135	89	0.87965
135	99	0.976404
135	111	1.07876
135	113	0.816266
135	122	0.958949
135	124	1.03679
135	126	0.980352
135	130	0.994647
135	133	1.03334
135	138	1.01548
135	141	1.03598
135	146	1.01954
135	148	0.953079
135	151	0.956741
135	155	0.983338
135	156	0.944693
135	157	1.04595
135	162	0.982569
135	165	0.947333
135	167	0.98822
135	168	0.990378
135	169	0.972752
135	171	1.00073
135	173	0.951087
135	174	0.948767
135	176	0.942658
135	177	0.965512
135	178	0.975722
135	179	0.959571
135	180	0.913925
136	19	0.973105
136	51	1.2108
136	54	0.909189
136	67	0.937878
136	92	0.976936
136	99	1.01938
136	104	1.02732
136	111	1.01588
136	113	0.859237
136	115	1.05015
136	124	1.07976
136	129	1.03162
136	130	1.03762
136	137	0.998613
136	141	0.973096
136	142	1.04307
136	150	1.01948
136	153	0.956856
136	160	0.855389
136	165	0.990304
136	166	1.00497
136	167	1.03119
136	168	1.03335
136	169	1.01572
136	170	0.813976
136	172	0.824055
136	173	0.994058
136	175	0.966947
136	176	0.985629
136	177	1.00848
136	178	1.01869
136	179	1.00254
136	180	0.956896
137	30	1.23501
137	53	0.929233
137	72	1.09746
137	80	1.20123
137	85	1.1029
137	98	1.04821
137	103	1.00774
137	117	0.924128
137	120	0.941254
137	124	1.02909
137	125	0.878841
137	126	0.972656
137	129	0.980957
137	134	1.02822
137	136	0.998613
137	139	0.939355
137	144	1.08089
137	149	1.0006
137	152	1.00681
137	155	0.975642
137	156	0.936997
137	159	0.908619
137	164	0.999873
137	168	0.982682
137	169	0.965056
137	172	0.922832
137	173	0.943391
137	174	0.94107
137	176	0.934962
137	177	0.957816
137	178	0.968026
137	179	0.951875
137	180	0.906229
138	5	0.95903
138	6	0.938829
138	32	0.987161
138	44	0.964532
138	69	0.996692
138	76	0.857276
138	96	0.991187
138	103	0.890091
138	106	1.0114
138	111	0.998246
138	112	0.846543
138	114	0.984071
138	116	0.962996
138	119	1.01781
138	123	1.00771
138	132	0.996483
138	135	1.01548
138	141	1.02552
138	142	0.883692
138	146	1.0152
138	154	1.01791
138	157	1.00076
138	158	1.0239
138	159	1.29287
138	160	1.01346
138	163	1.02235
138	164	1.0048
138	170	1.06961
138	172	1.06237
138	175	1.18804
138	177	1.06589
138	179	1.13302
138	180	1.27577
139	1	0.83064
139	6	1.28314
139	8	1.04737
139	23	1.05128
139	50	1.27341
139	69	1.14354
139	85	1.11128
139	87	1.0192
139	100	0.898669
139	115	0.990887
139	118	0.995108
139	122	0.942662
139	128	0.976868
139	137	0.939355
139	142	0.983808
139	146	1.06382
139	150	0.960221
139	155	0.967051
139	156	0.928406
139	161	0.960716
139	163	1.0656
139	165	0.931045
139	166	0.94571
