1	17	0.575198
1	19	0.653318
1	110	1.18989
1	115	0.579632
1	116	1.17583
1	120	1.21005
1	128	1.24358
1	149	1.18141
1	160	1.18885
1	177	0.593915
1	178	1.1991
1	180	1.21128
2	5	1.28324
2	48	0.605011
2	136	1.39554
2	142	1.35287
2	153	1.39566
2	156	1.40031
2	169	0.435925
2	170	0.449961
2	173	0.478308
2	174	1.39346
2	175	1.37892
2	178	0.440597
3	106	1.08081
3	136	1.07407
3	142	1.03139
3	144	1.08621
3	148	1.06354
3	150	0.821011
3	153	1.07419
3	156	1.07883
3	169	0.77869
3	172	1.05352
3	175	1.05745
3	179	0.80227
4	47	0.719705
4	50	1.24289
4	62	1.21988
4	141	1.14842
4	143	1.2051
4	158	1.18541
4	163	0.544438
4	165	0.564209
4	172	0.575689
4	176	1.22613
4	179	1.17971
4	180	1.19246
5	2	1.28324
5	95	1.0425
5	117	1.01109
5	144	1.05618
5	156	1.04881
5	159	1.035
5	164	1.05772
5	167	0.790197
5	172	1.02349
5	174	1.04196
5	178	0.798169
5	179	0.817078
6	23	1.21788
6	32	0.673554
6	34	0.521854
6	49	0.560879
6	67	1.17632
6	141	1.15985
6	143	1.21653
6	158	1.19684
6	172	0.651112
6	176	1.23756
6	179	1.19113
6	180	1.20389
7	33	0.835959
7	58	0.754815
7	75	1.03741
7	88	1.08821
7	98	1.04198
7	111	1.04386
7	131	1.10149
7	139	1.1011
7	147	1.0522
7	160	1.03883
7	168	0.814869
7	176	1.09493
8	93	1.06014
8	102	1.09799
8	114	1.0271
8	123	1.11711
8	133	1.08085
8	146	0.810792
8	148	1.05096
8	153	1.0616
8	157	0.773033
8	167	0.821741
8	174	1.05939
8	175	1.04486
9	19	0.612329
9	41	0.558916
9	87	1.22217
9	94	0.599591
9	148	0.622163
9	161	1.20609
9	166	1.2245
9	167	1.20194
9	168	1.18586
9	170	1.19302
9	173	1.16938
9	177	1.19703
10	18	0.539782
10	142	0.646712
10	145	1.20782
10	149	0.615442
10	162	0.591911
10	165	1.18529
10	167	1.21537
10	168	1.19928
10	169	1.2153
10	171	1.18368
10	173	1.18281
10	177	1.21045
11	57	1.11982
11	67	1.19055
11	72	0.663691
11	78	1.19612
11	119	1.22821
11	143	1.23076
11	158	1.21106
11	165	0.614729
11	166	0.543421
11	178	0.586188
11	179	1.20536
11	180	1.21812
12	88	0.564754
12	128	0.595728
12	140	1.21878
12	155	0.607117
12	158	0.624671
12	167	1.20872
12	168	1.19263
12	169	1.20865
12	170	1.1998
12	173	1.17616
12	177	1.2038
12	179	1.19147
13	31	1.18497
13	36	0.636489
13	105	0.615278
13	113	0.563926
13	163	1.20026
13	165	1.18794
13	166	1.24058
13	171	1.18633
13	173	1.18546
13	177	1.21311
13	178	1.20135
13	180	0.576193
14	18	0.802664
14	126	1.12994
14	134	1.08846
14	137	1.03805
14	139	0.768618
14	144	0.823832
14	167	1.07234
14	169	1.07227
14	170	1.06342
14	171	1.04065
14	173	1.03978
14	179	1.05509
15	22	0.596877
15	47	0.703338
15	115	1.23621
15	135	1.1674
15	163	1.19744
15	164	0.545522
15	169	1.21514
15	172	1.19292
15	173	1.18264
15	176	0.547684
15	177	1.21029
15	179	1.19796
16	19	1.10012
16	38	1.12855
16	78	1.04028
16	103	1.02875
16	123	0.774187
16	138	0.813417
16	157	1.09195
16	163	1.04901
16	164	0.806724
16	165	1.0367
16	167	1.06678
16	170	1.05786
17	1	0.575198
17	27	1.07762
17	38	1.27786
17	80	0.566242
17	96	1.18904
17	103	1.17807
17	119	1.22169
17	171	0.62978
17	174	0.630224
17	176	1.24527
17	179	1.19885
17	180	1.2116
18	10	0.539782
18	14	0.802664
18	85	1.16593
18	98	1.1297
18	111	1.13158
18	131	1.18921
18	138	1.14565
18	139	1.18882
18	147	1.13992
18	160	1.12655
18	171	0.659819
18	176	1.18265
18	177	0.601248
19	1	0.653318
19	9	0.612329
19	16	1.10012
19	27	1.05468
19	67	1.1611
19	141	1.14463
19	143	1.20131
19	154	0.656627
19	158	1.18161
19	162	1.19198
19	165	0.681344
19	179	1.17591
19	180	1.18867
20	51	0.601579
20	82	1.18341
20	100	0.596919
20	122	0.749939
20	149	1.13001
20	150	1.15572
20	155	1.14898
20	160	1.13744
20	164	1.17632
20	174	1.16055
20	178	1.1477
20	179	0.656029
20	180	1.15988
21	117	1.13441
21	136	1.16737
21	137	0.701328
21	140	0.6316
21	142	1.12469
21	144	1.17951
21	148	1.15684
21	153	1.16749
21	156	1.17213
21	167	0.635161
21	172	1.14682
21	175	1.15075
21	177	0.639659
22	15	0.596877
22	98	1.133
22	111	1.13487
22	125	1.13955
22	131	1.1925
22	138	1.14894
22	139	1.19212
22	147	1.14322
22	160	1.12984
22	166	0.631684
22	170	0.683816
22	176	1.18595
22	179	0.69336
23	6	1.21788
23	42	1.21398
23	48	0.748638
23	57	1.06652
23	97	0.649982
23	103	1.13128
23	119	1.17491
23	141	1.12078
23	158	1.15776
23	163	0.592993
23	175	0.61601
23	179	1.15206
23	180	1.16482
24	99	0.70901
24	109	1.12597
24	120	1.15396
24	128	1.18749
24	132	1.17023
24	152	0.659413
24	155	1.14429
24	157	0.59373
24	160	1.13275
24	162	1.1585
24	164	1.17163
24	169	0.645739
24	180	1.15519
25	116	1.01551
25	118	1.06041
25	127	1.04626
25	146	0.848795
25	149	1.02109
25	150	1.04679
25	153	0.893938
25	155	1.04006
25	159	0.859378
25	160	1.02852
25	174	1.05163
25	178	1.03878
25	180	1.05096
26	38	0.595356
26	82	0.60967
26	112	1.13788
26	147	0.707837
26	152	1.15609
26	156	0.680296
26	161	1.17755
26	163	1.15563
26	168	1.15732
26	170	1.16448
26	171	1.14171
26	173	1.14084
26	177	1.16849
27	17	1.07762
27	19	1.05468
27	38	1.08311
27	44	1.09986
27	103	0.983311
27	158	1.00979
27	162	1.02016
27	163	0.88868
27	166	0.837144
27	176	1.05051
27	178	0.879911
27	179	1.00409
27	180	1.01685
28	127	1.15561
28	132	1.17535
28	140	0.635469
28	149	1.13044
28	150	1.15615
28	154	0.650827
28	155	1.14941
28	162	1.16363
28	169	0.642332
28	174	1.16098
28	175	0.67879
28	178	1.14813
28	180	1.16031
29	46	0.731698
29	50	0.601674
29	64	1.08529
29	124	1.1608
29	131	0.617037
29	143	0.642354
29	163	1.1562
29	166	1.19653
29	167	1.17397
29	170	1.16505
29	172	1.15169
29	173	1.14141
29	177	1.16906
30	66	1.12089
30	75	1.11178
30	89	1.06848
30	98	1.11635
30	111	1.11823
30	125	1.12291
30	134	0.670812
30	138	1.1323
30	147	1.12657
30	160	1.1132
30	166	0.658018
30	172	0.740806
30	173	0.738497
30	176	1.1693
31	13	1.18497
31	33	1.0922
31	61	0.659045
31	81	0.679973
31	88	0.705489
31	122	1.06788
31	140	1.13683
31	155	0.747852
31	161	1.13091
31	166	1.14932
31	167	1.12677
31	171	1.09507
31	173	1.0942
31	177	1.12185
32	6	0.673554
32	44	0.676385
32	87	1.14612
32	126	1.1835
32	137	1.09161
32	149	0.742845
32	159	1.11511
32	161	1.13004
32	163	1.10813
32	170	1.11698
32	171	1.0942
32	173	1.09333
32	177	1.12098
32	180	0.702883
33	7	0.835959
33	31	1.0922
33	38	0.580531
33	40	1.17413
33	114	0.719499
33	126	1.18286
33	135	1.07745
33	136	0.659513
33	167	1.12526
33	169	1.12518
33	170	1.11633
33	171	1.09356
33	173	1.09269
33	177	1.12034
34	6	0.521854
34	112	1.23051
34	127	0.570805
34	151	0.569549
34	162	0.567613
34	163	1.24826
34	165	1.23594
34	168	1.24994
34	170	1.25711
34	171	1.23433
34	173	1.23346
34	174	0.563177
34	177	1.26111
34	178	1.24935
35	66	1.10922
35	89	1.05681
35	98	1.10469
35	111	1.10656
35	131	1.16419
35	138	1.12063
35	139	1.16381
35	145	0.698152
35	147	1.11491
35	160	1.10153
35	166	0.65584
35	173	0.736318
35	176	1.15764
35	179	0.717516
36	13	0.636489
36	50	1.1747
36	78	1.10227
36	86	1.15507
36	90	1.05201
36	99	0.759317
36	108	1.12477
36	141	1.08023
36	145	0.700262
36	158	1.11722
36	170	0.710082
36	176	1.15794
36	179	1.11152
36	180	1.12427
37	42	1.16863
37	67	1.0919
37	108	1.11997
37	119	1.12956
37	141	1.07543
37	154	0.715237
37	158	1.11241
37	159	0.703074
37	162	1.12278
37	166	0.668646
37	170	0.720778
37	176	1.15313
37	179	1.10671
37	180	1.11947
38	16	1.12855
38	17	1.27786
38	26	0.595356
38	27	1.08311
38	33	0.580531
38	71	1.20734
38	86	1.24789
38	129	0.612789
38	135	0.662569
38	141	1.17305
38	145	0.554725
38	158	1.21003
38	176	1.25075
38	179	1.20433
38	180	1.21709
39	40	0.68624
39	42	1.1415
39	78	1.07033
39	86	1.12313
39	96	1.06977
39	103	1.0588
39	141	1.0483
39	143	1.10497
39	158	1.08528
39	163	0.793986
39	166	0.742449
39	176	1.126
39	178	0.785216
39	179	1.07958
39	180	1.09233
40	33	1.17413
40	39	0.68624
40	71	0.603707
40	78	0.631768
40	118	0.544691
40	140	1.21876
40	145	1.20115
40	165	1.17861
40	166	1.23125
40	167	1.20869
40	168	1.19261
40	169	1.20862
40	170	1.19977
40	172	1.18641
40	176	0.526282
41	9	0.558916
41	100	0.559188
41	109	1.17193
41	110	1.17976
41	118	1.2106
41	128	1.23345
41	155	1.19025
41	162	1.20447
41	164	1.21759
41	172	0.63941
41	174	1.20182
41	175	0.631177
41	178	1.18897
41	179	0.618299
41	180	1.20115
42	23	1.21398
42	37	1.16863
42	39	1.1415
42	44	1.28301
42	50	1.25042
42	71	1.19025
42	137	0.633925
42	141	1.15596
42	158	1.19294
42	162	1.20331
42	165	0.604271
42	166	0.532963
42	171	0.630827
42	175	0.607517
42	180	1.2
43	51	1.14134
43	53	1.05793
43	59	1.1164
43	75	1.06865
43	89	1.02535
43	94	1.08912
43	138	1.08917
43	139	1.13235
43	147	1.08344
43	152	0.762479
43	154	0.7573
43	157	0.696796
43	160	1.07007
43	173	0.791187
43	176	1.12618
44	27	1.09986
44	32	0.676385
44	42	1.28301
44	57	1.13555
44	65	0.514303
44	90	1.16159
44	96	1.21129
44	136	0.65121
44	141	1.18981
44	157	0.557243
44	158	1.22679
44	159	0.605584
44	162	1.23716
44	179	1.22109
44	180	1.23385
45	123	0.55134
45	126	1.26016
45	145	1.19501
45	146	1.17794
45	148	0.623418
45	153	0.583877
45	160	0.648302
45	161	1.20671
45	163	1.18479
45	164	0.583877
45	166	1.22512
45	168	1.18647
45	172	1.18027
45	177	1.19764
45	178	1.18588
46	29	0.731698
46	63	1.10952
46	113	1.11789
46	116	1.0521
46	127	1.08285
46	128	1.11985
46	129	0.800286
46	150	1.08338
46	155	1.07665
46	159	0.734338
46	162	1.09086
46	164	1.10399
46	177	0.739203
46	178	1.07537
46	180	1.08755
47	4	0.719705
47	15	0.703338
47	63	1.11374
47	70	0.798028
47	73	0.782586
47	110	1.07037
47	120	1.09053
47	127	1.08706
47	128	1.12406
47	132	1.1068
47	149	1.06189
47	151	1.07911
47	162	1.09508
47	178	1.07958
47	180	1.09177
48	2	0.605011
48	23	0.748638
48	66	1.08547
48	75	1.07636
48	117	0.83808
48	124	1.09154
48	137	1.07042
48	138	1.09688
48	160	1.07778
48	165	1.07463
48	168	1.08862
48	169	1.10464
48	176	1.13388
48	177	1.09979
48	180	0.804835
49	6	0.560879
49	116	0.651764
49	125	0.617946
49	128	0.580081
49	136	0.583949
49	161	1.21477
49	163	1.19285
49	165	1.18054
49	166	1.23318
49	167	1.21062
49	170	1.2017
49	171	1.17893
49	172	1.18834
49	177	1.2057
49	179	1.19337
50	4	1.24289
50	29	0.601674
50	36	1.1747
50	42	1.25042
50	65	0.513034
50	77	1.15287
50	90	1.12899
50	91	1.23126
50	154	0.616478
50	158	1.1942
50	159	0.604315
50	174	0.668194
50	176	1.23492
50	179	1.1885
50	180	1.20125
51	20	0.601579
51	43	1.14134
51	85	1.2166
51	88	1.2266
51	94	1.19627
51	111	1.18225
51	116	0.666435
51	138	1.19632
51	139	1.23949
51	147	1.19059
51	154	0.565157
51	160	1.17722
51	170	0.570698
51	172	0.601353
51	176	1.23332
52	92	1.13603
52	123	1.26396
52	143	0.595073
52	147	0.6094
52	149	0.622121
52	153	1.20845
52	162	0.598589
52	167	1.21006
52	168	1.19397
52	169	1.20999
52	171	1.17837
52	172	1.18778
52	174	1.20624
52	176	0.566996
52	177	1.20515
53	43	1.05793
53	59	1.14014
53	75	1.09239
53	85	1.1332
53	94	1.11287
53	131	1.15647
53	139	1.15609
53	141	0.754795
53	147	1.10718
53	160	1.09381
53	163	0.671985
53	175	0.695003
53	176	1.14992
53	179	0.682124
54	87	0.580371
54	99	0.639669
54	104	0.58039
54	109	1.17725
54	113	1.2368
54	149	1.17659
54	150	1.2023
54	151	1.19381
54	155	1.19556
54	162	1.20978
54	167	0.573097
54	171	0.636167
54	174	1.20714
54	178	1.19429
54	180	1.20647
55	72	0.712691
55	81	1.18265
55	109	1.13699
55	112	0.649111
55	118	1.17566
55	132	1.18125
55	146	0.616267
55	149	1.13634
55	150	1.16204
55	155	1.15531
55	164	1.18265
55	166	0.592421
55	168	0.639449
55	174	1.16688
55	178	1.15403
55	180	1.16621
56	61	0.716837
56	75	0.82609
56	135	1.02701
56	143	1.08296
56	149	0.844344
56	155	0.805644
56	158	1.06326
56	162	1.07363
56	167	1.07481
56	168	1.05872
56	169	1.07474
56	171	1.04312
56	176	1.10398
56	177	1.06989
56	179	1.05756
56	180	1.07032
57	11	1.11982
57	23	1.06652
57	44	1.13555
57	71	1.04278
57	78	1.03053
57	108	1.05303
57	112	0.808889
57	119	1.06262
57	143	1.06517
57	158	1.04548
57	161	0.78493
57	165	0.823507
57	169	0.790295
57	176	1.0862
57	179	1.03978
57	180	1.05253
58	7	0.754815
58	110	0.633246
58	124	1.15249
58	130	1.19691
58	140	1.17572
58	144	0.570097
58	146	1.14104
58	157	1.19083
58	158	0.603444
58	160	0.631728
58	165	1.13558
58	166	1.18822
58	168	1.14957
58	169	1.16559
58	170	1.15674
58	175	1.14731
59	43	1.1164
59	53	1.14014
59	74	1.15137
59	89	1.10756
59	107	0.658441
59	111	1.15731
59	131	1.21494
59	138	1.17138
59	139	1.21456
59	147	1.16565
59	159	0.620673
59	160	1.15228
59	176	1.20839
59	177	0.625538
59	178	0.629012
59	180	0.672558
60	62	1.08856
60	65	0.714823
60	71	1.05139
60	86	1.09194
60	96	1.03858
60	108	1.06164
60	119	1.07123
60	143	1.07378
60	158	1.05409
60	162	1.06446
60	170	0.823808
60	172	0.854464
60	176	1.09481
60	178	0.814444
60	179	1.04839
60	180	1.06114
61	31	0.659045
61	56	0.716837
61	72	0.630378
61	113	1.19349
61	119	0.611487
61	127	1.15846
61	128	1.19546
61	149	1.13328
61	150	1.15899
61	151	1.1505
61	155	1.15225
61	164	1.1796
61	174	1.16383
61	175	0.584662
61	178	1.15098
61	180	1.16316
62	4	1.21988
62	60	1.08856
62	71	1.1685
62	77	1.12987
62	90	1.10599
62	108	1.17875
62	115	0.620201
62	158	1.1712
62	162	1.18157
62	163	0.646729
62	175	0.669746
62	176	1.21192
62	177	0.634484
62	178	0.637959
62	179	1.1655
62	180	1.17825
63	46	1.10952
63	47	1.11374
63	82	1.19632
63	110	1.15141
63	113	1.20314
63	118	1.18225
63	127	1.1681
63	129	0.696443
63	150	1.16863
63	159	0.630495
63	161	0.628797
63	166	0.596066
63	174	1.17347
63	178	1.16062
63	179	0.657742
63	180	1.1728
64	29	1.08529
64	82	0.723858
64	108	0.814952
64	134	1.08726
64	137	1.03685
64	142	0.866015
64	150	0.788888
64	154	1.06509
64	157	1.0963
64	163	1.05337
64	165	1.04105
64	166	1.09369
64	168	1.05505
64	169	1.07106
64	170	1.06222
64	175	1.05278
65	44	0.514303
65	50	0.513034
65	60	0.714823
65	70	1.22024
65	85	0.549889
65	120	1.2417
65	123	0.490939
65	142	0.612031
65	146	1.22281
65	152	1.23011
65	155	1.23203
65	164	1.25937
65	165	1.21734
65	169	1.24735
65	174	1.2436
65	177	1.24251
65	180	1.24293
66	30	1.12089
66	35	1.10922
66	48	1.08547
66	74	1.11273
66	85	1.15303
66	94	1.1327
66	125	1.12335
66	129	0.702793
66	131	1.1763
66	139	1.17592
66	147	1.12701
66	160	1.11364
66	167	0.637211
66	171	0.700281
66	175	0.676971
66	176	1.16975
66	180	0.68873
67	6	1.17632
67	11	1.19055
67	19	1.1611
67	37	1.0919
67	86	1.15406
67	96	1.1007
67	100	0.638376
67	141	1.07923
67	143	1.1359
67	158	1.11621
67	162	1.12658
67	169	0.673906
67	170	0.687942
67	171	0.733674
67	176	1.15693
67	177	0.675103
67	179	1.11051
68	73	0.690788
68	92	1.06895
68	93	1.1399
68	95	1.1397
68	112	0.703037
68	126	0.63774
68	133	1.16062
68	136	1.14125
68	142	1.09857
68	144	1.15338
68	148	1.13072
68	153	1.14136
68	156	1.14601
68	164	1.15492
68	168	0.693375
68	169	0.684443
68	175	1.12462
69	84	1.16265
69	93	0.652908
69	119	0.684547
69	120	0.641576
69	129	1.10453
69	141	0.717514
69	147	0.696721
69	157	1.16258
69	161	1.14156
69	165	1.10733
69	166	1.15998
69	167	1.13742
69	169	1.13735
69	170	1.1285
69	173	1.10486
69	177	1.1325
69	178	1.12074
70	47	0.798028
70	65	1.22024
70	82	0.586611
70	95	0.653032
70	134	1.14876
70	140	1.1427
70	148	0.679753
70	151	0.675904
70	161	1.13678
70	163	1.11486
70	165	1.10255
70	167	1.13263
70	168	1.11655
70	169	1.13256
70	170	1.12371
70	171	1.10094
70	177	1.12772
71	38	1.20734
71	40	0.603707
71	42	1.19025
71	57	1.04278
71	60	1.05139
71	62	1.1685
71	80	0.694242
71	90	1.06882
71	108	1.14158
71	119	1.15117
71	137	0.760878
71	157	0.646003
71	158	1.13403
71	176	1.17475
71	178	0.702683
71	179	1.12832
71	180	1.14108
72	11	0.663691
72	55	0.712691
72	61	0.630378
72	81	0.651306
72	127	0.737546
72	133	1.15886
72	140	1.15128
72	156	1.14425
72	164	1.15317
72	165	1.11114
72	170	1.1323
72	171	1.10953
72	172	1.11894
72	174	1.1374
72	175	1.12287
72	177	1.1363
72	179	1.12397
73	47	0.782586
73	68	0.690788
73	104	1.15152
73	131	0.629691
73	134	1.16361
73	144	0.627564
73	148	0.664311
73	152	1.13017
73	165	1.1174
73	167	1.14749
73	168	1.1314
73	171	1.11579
73	172	1.1252
73	173	1.11492
73	175	1.12913
73	177	1.14257
73	178	1.13081
74	59	1.15137
74	66	1.11273
74	75	1.10361
74	88	1.15442
74	94	1.12409
74	111	1.11006
74	131	1.1677
74	138	1.12413
74	139	1.16731
74	145	0.677556
74	147	1.11841
74	160	1.10504
74	168	0.682273
74	176	1.16114
74	177	0.674537
74	178	0.678012
74	179	0.69692
75	7	1.03741
75	30	1.11178
75	43	1.06865
75	48	1.07636
75	53	1.09239
75	56	0.82609
75	74	1.10361
75	94	1.12358
75	98	1.10768
75	111	1.10956
75	112	0.676052
75	122	0.774947
75	124	0.678831
75	138	1.12363
75	139	1.16681
75	147	1.1179
75	161	0.652092
75	176	1.16064
76	96	1.0955
76	101	1.08656
76	132	0.730354
76	139	0.657957
76	141	1.07402
76	144	0.713171
76	148	0.749918
76	158	1.111
76	161	1.1267
76	163	1.10478
76	169	1.12248
76	170	1.11363
76	172	1.10027
76	173	1.08999
76	174	0.739696
76	176	1.15172
76	179	1.1053
76	180	1.11806
77	50	1.15287
77	62	1.12987
77	86	1.13325
77	103	1.06891
77	106	1.11195
77	114	1.07082
77	143	1.11509
77	144	1.11735
77	145	0.718409
77	146	0.699943
77	153	1.10533
77	164	1.11889
77	165	0.747405
77	170	0.728229
77	172	1.08466
77	175	1.08859
77	177	0.71539
77	180	1.10245
78	11	1.19612
78	16	1.04028
78	36	1.10227
78	39	1.07033
78	40	0.631768
78	57	1.03053
78	90	1.05657
78	91	1.15884
78	122	1.07443
78	143	1.14147
78	154	0.734568
78	158	1.12177
78	163	0.739514
78	172	0.770764
78	176	1.16249
78	178	0.730744
78	179	1.11607
78	180	1.12883
79	85	0.651865
79	86	0.616319
79	92	1.10901
79	101	1.14705
79	139	0.573032
79	153	1.18143
79	155	0.644038
79	156	1.18607
79	157	1.20821
79	158	0.661593
79	161	1.18719
79	167	1.18304
79	170	1.17412
79	171	1.15135
79	173	1.15048
79	174	1.17922
79	175	1.16469
79	177	1.17813
79	180	0.642777
80	17	0.566242
80	71	0.694242
80	125	0.659718
80	130	1.21476
80	135	1.13571
80	136	0.62572
80	156	0.631679
80	157	1.20868
80	163	1.16575
80	165	1.15343
80	168	1.16743
80	170	1.1746
80	171	1.15183
80	173	1.15095
80	175	1.16516
80	176	0.616817
80	177	1.1786
80	178	1.16684
80	179	1.16627
81	31	0.679973
81	55	1.18265
81	72	0.651306
81	107	0.603232
81	113	1.19761
81	120	1.16604
81	127	1.16257
81	128	1.19957
81	132	1.18231
81	135	0.681192
81	149	1.13739
81	151	1.15462
81	155	1.15637
81	162	1.17058
81	168	0.578064
81	172	0.613824
81	174	1.16794
81	178	1.15509
81	180	1.16727
82	20	1.18341
82	26	0.60967
82	63	1.19632
82	64	0.723858
82	70	0.586611
82	116	1.1389
82	118	1.1838
82	125	1.16162
82	127	1.16965
82	142	0.684271
82	151	1.1617
82	155	1.16345
82	160	1.15192
82	162	1.17767
82	172	0.609515
82	174	1.17503
82	178	1.16217
82	179	0.588403
82	180	1.17435
83	104	1.09815
83	121	1.10952
83	125	0.761643
83	151	0.752272
83	160	0.781006
83	161	1.09827
83	162	0.750336
83	165	1.06404
83	166	1.11668
83	167	1.09412
83	168	1.07804
83	169	1.09405
83	170	1.0852
83	171	1.06243
83	172	1.07184
83	173	1.06156
83	174	0.7459
83	177	1.08921
83	179	1.07687
84	69	1.16265
84	92	0.73856
84	99	1.14781
84	122	1.12617
84	124	1.17188
84	131	0.597633
84	134	1.20118
84	155	0.611299
84	156	0.609737
84	157	1.21022
84	161	1.1892
84	165	1.15497
84	168	1.16897
84	169	1.18498
84	170	1.17613
84	171	1.15336
84	173	1.15249
84	174	0.622032
84	180	0.610038
85	18	1.16593
85	51	1.2166
85	53	1.1332
85	65	0.549889
85	66	1.15303
85	79	0.651865
85	88	1.19472
85	89	1.10061
85	111	1.15037
85	126	0.598134
85	131	1.208
85	138	1.16444
85	139	1.20761
85	147	1.15871
85	160	1.14534
85	172	0.689529
85	176	1.20144
85	178	0.649509
85	179	0.668418
86	36	1.15507
86	38	1.24789
86	39	1.12313
86	60	1.09194
86	67	1.15406
86	77	1.13325
86	79	0.616319
86	91	1.21164
86	96	1.15907
86	99	0.672562
86	103	1.14809
86	109	0.667172
86	119	1.19172
86	124	0.630665
86	143	1.19427
86	158	1.17458
86	167	0.60599
86	176	1.21529
86	178	0.613963
87	9	1.22217
87	32	1.14612
87	54	0.580371
87	99	1.1428
87	110	0.68834
87	123	0.589861
87	151	0.658089
87	157	1.20521
87	164	0.622398
87	165	1.14996
87	166	1.20261
87	168	1.16396
87	170	1.17113
87	171	1.14836
87	173	1.14748
87	174	0.651717
87	175	1.16169
87	177	1.17513
87	178	1.16337
88	7	1.08821
88	12	0.564754
88	31	0.705489
88	51	1.2266
88	74	1.15442
88	85	1.19472
88	89	1.11061
88	94	1.17439
88	98	1.15849
88	101	0.654365
88	125	1.16504
88	138	1.17443
88	139	1.21761
88	147	1.16871
88	160	1.15533
88	161	0.589283
88	171	0.654416
88	172	0.639339
88	176	1.21144
89	30	1.06848
89	35	1.05681
89	43	1.02535
89	59	1.10756
89	85	1.10061
89	88	1.11061
89	94	1.08028
89	98	1.06438
89	111	1.06626
89	131	1.12389
89	138	1.08033
89	139	1.1235
89	147	1.0746
89	166	0.708123
89	170	0.760255
89	173	0.788601
89	175	0.782677
89	176	1.11733
89	179	0.769799
90	36	1.05201
90	44	1.16159
90	50	1.12899
90	62	1.10599
90	71	1.06882
90	78	1.05657
90	91	1.10858
90	96	1.05601
90	104	0.760267
90	108	1.07907
90	134	0.730972
90	141	1.03453
90	143	1.09121
90	154	0.76477
90	159	0.752608
90	172	0.800967
90	176	1.11224
90	179	1.06582
90	180	1.07857
91	50	1.23126
91	78	1.15884
91	86	1.21164
91	90	1.10858
91	99	0.700061
91	103	1.1473
91	108	1.18134
91	119	1.19093
91	122	1.12645
91	134	0.611487
91	141	1.1368
91	157	0.584781
91	158	1.17379
91	161	0.631425
91	162	1.18415
91	167	0.633488
91	170	0.650826
91	179	1.16808
91	180	1.18084
92	52	1.13603
92	68	1.06895
92	79	1.10901
92	84	0.73856
92	102	1.12056
92	105	1.08264
92	114	1.04967
92	117	1.0511
92	123	1.13968
92	137	0.827138
92	142	1.04138
92	144	1.09619
92	148	1.07353
92	156	1.08882
92	157	0.712263
92	159	1.07501
92	167	0.760971
92	175	1.06743
92	178	0.768943
93	8	1.06014
93	68	1.1399
93	69	0.652908
93	103	0.751058
93	105	1.15359
93	114	1.12063
93	117	1.12206
93	133	1.17438
93	136	1.15501
93	144	1.16715
93	153	1.15513
93	154	1.1507
93	156	1.15978
93	163	0.632619
93	164	1.16869
93	172	1.13446
93	175	1.13839
93	176	0.652232
93	179	0.642758
93	180	0.667395
94	9	0.599591
94	43	1.08912
94	51	1.19627
94	53	1.11287
94	66	1.1327
94	74	1.12409
94	75	1.12358
94	88	1.17439
94	89	1.08028
94	98	1.12816
94	129	0.697674
94	131	1.18767
94	138	1.14411
94	139	1.18728
94	147	1.13838
94	162	0.700041
94	173	0.677776
94	175	0.671852
94	176	1.18111
94	179	0.658974
95	5	1.0425
95	68	1.1397
95	70	0.653032
95	97	0.701675
95	106	1.16155
95	117	1.12185
95	133	1.17418
95	144	1.16694
95	151	1.13939
95	153	1.15492
95	156	1.15957
95	159	1.14576
95	164	1.16848
95	170	0.645281
95	171	0.691013
95	172	1.13425
95	174	1.15272
95	175	1.13818
95	178	0.635916
95	180	0.679462
96	17	1.18904
96	39	1.06977
96	44	1.21129
96	60	1.03858
96	67	1.1007
96	76	1.0955
96	86	1.15907
96	90	1.05601
96	103	1.09473
96	119	1.13836
96	141	1.08423
96	143	1.14091
96	152	0.712716
96	161	0.693677
96	162	1.13159
96	165	0.732254
96	166	0.660946
96	169	0.699042
96	170	0.713078
96	176	1.16194
96	180	1.12827
97	23	0.649982
97	95	0.701675
97	101	1.09323
97	108	0.726347
97	116	1.08928
97	117	0.739425
97	128	1.15703
97	133	0.684131
97	140	1.13929
97	150	1.12056
97	151	1.11208
97	154	1.12318
97	155	1.11383
97	163	1.11146
97	166	1.15178
97	169	1.12915
97	171	1.09753
97	176	0.691017
97	177	1.12431
97	178	1.11255
97	180	1.12473
98	7	1.04198
98	18	1.1297
98	22	1.133
98	30	1.11635
98	35	1.10469
98	75	1.10768
98	88	1.15849
98	89	1.06438
98	94	1.12816
98	125	1.11881
98	131	1.17177
98	137	0.739276
98	138	1.1282
98	147	1.12248
98	154	0.684905
98	160	1.10911
98	167	0.673108
98	171	0.736178
98	176	1.16521
98	177	0.677607
98	179	0.69999
99	24	0.70901
99	36	0.759317
99	54	0.639669
99	84	1.14781
99	86	0.672562
99	87	1.1428
99	91	0.700061
99	121	1.13797
99	152	1.10526
99	157	1.14774
99	158	0.717836
99	166	1.14513
99	167	1.12257
99	168	1.10648
99	169	1.1225
99	170	1.11365
99	171	1.09088
99	173	1.09001
99	175	1.10422
99	177	1.11766
99	179	1.10532
100	20	0.596919
100	41	0.559188
100	67	0.638376
100	102	0.583787
100	107	1.20711
100	135	1.16741
100	141	0.648252
100	152	1.1979
100	153	0.582894
100	159	1.20443
100	163	1.19744
100	165	1.18513
100	166	1.23777
100	167	1.21521
100	168	1.19913
100	169	1.21514
100	171	1.18352
100	173	1.18265
100	175	1.19686
100	176	0.585056
100	177	1.2103
101	76	1.08656
101	79	1.14705
101	88	0.654365
101	97	1.09323
101	102	1.1586
101	109	0.705131
101	110	0.744085
101	120	0.667563
101	123	1.17772
101	142	1.07941
101	143	0.708381
101	144	1.13423
101	162	0.711897
101	166	1.14639
101	167	1.12383
101	170	1.11491
101	171	1.09214
101	172	1.10154
101	174	1.12
101	175	1.10547
101	177	1.11891
102	8	1.09799
102	92	1.12056
102	100	0.583787
102	101	1.1586
102	105	1.19144
102	112	0.637912
102	114	1.15847
102	117	1.1599
102	118	0.670781
102	123	1.24849
102	142	1.15018
102	145	0.623534
102	148	1.18233
102	152	0.632992
102	154	1.18855
102	156	1.19762
102	164	1.20654
102	167	0.616016
102	172	1.17231
102	174	1.19077
102	175	1.17624
102	179	0.642898
103	16	1.02875
103	17	1.17807
103	23	1.13128
103	27	0.983311
103	39	1.0588
103	77	1.06891
103	86	1.14809
103	91	1.1473
103	93	0.751058
103	96	1.09473
103	108	1.1178
103	119	1.12738
103	122	1.0629
103	124	0.740786
103	140	0.71255
103	158	1.11024
103	162	1.12061
103	168	0.728345
103	175	0.755871
103	177	0.720609
103	179	1.10454
103	180	1.11729
104	54	0.58039
104	73	1.15152
104	83	1.09815
104	90	0.760267
104	111	0.680942
104	112	1.12833
104	115	1.18485
104	129	1.13096
104	143	0.652654
104	145	1.1563
104	152	1.14654
104	153	0.622416
104	157	1.18902
104	161	1.168
104	162	0.656171
104	166	1.18641
104	168	1.14776
104	170	1.15493
104	171	1.13216
104	173	1.13129
104	178	1.14718
104	179	1.1466
104	180	0.639741
105	13	0.615278
105	92	1.08264
105	93	1.15359
105	102	1.19144
105	106	1.16168
105	115	0.661748
105	123	1.21057
105	126	0.628132
105	134	0.649532
105	142	1.11226
105	144	1.16707
105	148	1.14441
105	151	1.13952
105	153	1.15505
105	154	1.15062
105	156	1.1597
105	159	1.14589
105	161	0.66947
105	165	0.708047
105	172	1.13438
105	174	1.15285
105	175	1.13831
105	178	0.679506
106	3	1.08081
106	77	1.11195
106	95	1.16155
106	105	1.16168
106	117	1.13014
106	123	1.21872
106	124	0.670899
106	129	1.13194
106	136	1.16309
106	145	0.653741
106	148	1.15257
106	151	1.14768
106	153	1.16321
106	154	1.15878
106	156	1.16786
106	163	0.662966
106	166	0.611429
106	171	0.709293
106	172	1.14254
106	174	1.161
106	175	1.14647
106	177	0.650722
106	178	0.654197
107	59	0.658441
107	81	0.603232
107	100	1.20711
107	130	1.18296
107	133	0.647801
107	138	0.659217
107	140	1.16178
107	151	0.688216
107	153	0.652525
107	157	1.17688
107	161	1.15586
107	163	1.13395
107	165	1.12163
107	166	1.17428
107	168	1.13563
107	169	1.15164
107	170	1.1428
107	171	1.12003
107	173	1.11915
107	174	0.681844
107	177	1.1468
107	178	1.13504
107	179	1.13447
108	36	1.12477
108	37	1.11997
108	57	1.05303
108	60	1.06164
108	62	1.17875
108	64	0.814952
108	71	1.14158
108	90	1.07907
108	91	1.18134
108	97	0.726347
108	103	1.1178
108	122	1.09694
108	130	0.63334
108	141	1.10729
108	143	1.16397
108	157	0.603908
108	158	1.14428
108	162	1.15465
108	170	0.669953
108	172	0.700608
108	176	1.185
108	178	0.660588
108	179	1.13858
108	180	1.15133
109	24	1.12597
109	41	1.17193
109	54	1.17725
109	55	1.13699
109	86	0.667172
109	101	0.705131
109	110	1.10022
109	113	1.15195
109	121	0.653132
109	128	1.15391
109	132	1.13665
109	135	0.757473
109	136	0.687371
109	149	1.09174
109	150	1.11744
109	151	1.10896
109	155	1.11071
109	162	1.12493
109	164	1.13805
109	168	0.654345
109	174	1.12228
109	175	0.681871
109	178	1.10943
109	180	1.12161
110	1	1.18989
110	41	1.17976
110	47	1.07037
110	58	0.633246
110	63	1.15141
110	87	0.68834
110	101	0.744085
110	109	1.10022
110	115	0.671281
110	116	1.09399
110	118	1.13888
110	125	1.1167
110	128	1.16174
110	149	1.09956
110	150	1.12527
110	151	1.11678
110	152	0.698042
110	162	1.13275
110	164	1.14588
110	166	0.646271
110	173	0.72675
110	174	1.13011
110	178	1.11726
110	180	1.12944
111	7	1.04386
111	18	1.13158
111	22	1.13487
111	30	1.11823
111	35	1.10656
111	51	1.18225
111	59	1.15731
111	74	1.11006
111	75	1.10956
111	85	1.15037
111	89	1.06626
111	104	0.680942
111	114	0.778895
111	125	1.12069
111	130	0.654373
111	131	1.17364
111	138	1.13008
111	139	1.17326
111	147	1.12435
111	157	0.624942
111	165	0.710162
111	169	0.67695
111	176	1.16709
111	178	0.681622
112	26	1.13788
112	34	1.23051
112	55	0.649111
112	57	0.808889
112	68	0.703037
112	75	0.676052
112	102	0.637912
112	104	1.12833
112	126	1.1819
112	127	0.673966
112	130	1.15555
112	136	0.648085
112	140	1.13436
112	146	1.09968
112	166	1.14686
112	167	1.1243
112	168	1.10821
112	169	1.12423
112	170	1.11538
112	171	1.09261
112	172	1.10202
112	173	1.09174
112	177	1.11938
112	179	1.10705
113	13	0.563926
113	46	1.11789
113	54	1.2368
113	61	1.19349
113	63	1.20314
113	81	1.19761
113	109	1.15195
113	116	1.14572
113	118	1.19061
113	125	1.16843
113	149	1.15129
113	155	1.17026
113	160	1.15873
113	161	0.618117
113	162	1.18448
113	164	1.19761
113	168	0.632415
113	169	0.623482
113	170	0.637518
113	173	0.665865
113	174	1.18184
113	177	0.624679
113	178	1.16899
113	179	0.647062
113	180	1.18117
114	8	1.0271
114	33	0.719499
114	77	1.07082
114	92	1.04967
114	93	1.12063
114	102	1.15847
114	111	0.778895
114	121	0.697196
114	123	1.1776
114	133	1.14134
114	136	1.12197
114	142	1.07929
114	148	1.11144
114	153	1.12209
114	154	1.11766
114	156	1.12673
114	159	1.11292
114	161	0.684112
114	164	1.13565
114	167	0.686176
114	171	0.749245
114	172	1.10142
114	174	1.11988
114	175	1.10535
114	178	0.694148
115	1	0.579632
115	15	1.23621
115	62	0.620201
115	104	1.18485
115	105	0.661748
115	110	0.671281
115	128	0.612536
115	130	1.21207
115	134	1.19695
115	145	1.17328
115	152	1.16351
115	159	1.17004
115	161	1.18497
115	163	1.16305
115	164	0.605338
115	165	1.15074
115	167	1.18082
115	168	1.16474
115	170	1.1719
115	172	1.15854
115	173	1.14826
115	174	0.634658
115	176	0.6075
115	177	1.17591
115	178	1.16415
116	1	1.17583
116	25	1.01551
116	46	1.0521
116	49	0.651764
116	51	0.666435
116	82	1.1389
116	97	1.08928
116	110	1.09399
116	113	1.14572
116	118	1.12482
116	127	1.11068
116	128	1.14768
116	132	1.13042
116	150	1.11121
116	155	1.10448
116	156	0.745222
116	160	1.09294
116	164	1.13182
116	165	0.730517
116	171	0.757073
116	174	1.11605
116	176	0.73036
116	178	1.1032
116	179	0.720885
116	180	1.11538
117	5	1.01109
117	21	1.13441
117	48	0.83808
117	92	1.0511
117	93	1.12206
117	95	1.12185
117	97	0.739425
117	102	1.1599
117	106	1.13014
117	129	1.09224
117	133	1.14277
117	134	0.643692
117	136	1.1234
117	142	1.08072
117	148	1.11287
117	153	1.12351
117	154	1.11909
117	156	1.12816
117	164	1.13708
117	168	0.677927
117	171	0.728763
117	172	1.10285
117	173	0.711377
117	175	1.10677
117	177	0.670191
118	25	1.06041
118	40	0.544691
118	41	1.2106
118	55	1.17566
118	63	1.18225
118	82	1.1838
118	102	0.670781
118	110	1.13888
118	113	1.19061
118	116	1.12482
118	120	1.15904
118	127	1.15558
118	132	1.17531
118	149	1.1304
118	150	1.15611
118	155	1.14937
118	160	1.13784
118	168	0.647928
118	169	0.638996
118	170	0.653032
118	171	0.698764
118	173	0.681378
118	174	1.16095
118	175	0.675454
118	178	1.1481
118	180	1.16028
119	11	1.22821
119	17	1.22169
119	23	1.17491
119	37	1.12956
119	57	1.06262
119	60	1.07123
119	61	0.611487
119	69	0.684547
119	71	1.15117
119	86	1.19172
119	91	1.19093
119	96	1.13836
119	103	1.12738
119	126	0.604113
119	141	1.11688
119	143	1.17356
119	158	1.15387
119	159	0.647148
119	162	1.16424
119	163	0.664257
119	165	0.684028
119	168	0.659748
119	176	1.19459
119	178	0.655487
119	179	1.14817
119	180	1.16092
120	1	1.21005
120	24	1.15396
120	47	1.09053
120	65	1.2417
120	69	0.641576
120	81	1.16604
120	101	0.667563
120	118	1.15904
120	122	0.725335
120	127	1.1449
120	128	1.1819
120	132	1.16464
120	137	0.670711
120	149	1.11972
120	150	1.14543
120	152	0.62152
120	155	1.13869
120	160	1.12716
120	162	1.15291
120	164	1.16604
120	174	1.15027
120	175	0.644303
120	177	0.609042
120	178	1.13742
120	179	0.631425
120	180	1.1496
121	83	1.10952
121	99	1.13797
121	109	0.653132
121	114	0.697196
121	124	1.16205
121	125	0.671206
121	135	1.12741
121	140	1.18528
121	146	1.1506
121	153	0.626144
121	155	0.64473
121	157	1.20038
121	163	1.15745
121	164	0.626143
121	165	1.14513
121	169	1.17514
121	170	1.1663
121	171	1.14353
121	172	1.15293
121	173	1.14265
121	175	1.15686
121	176	0.628306
121	177	1.1703
121	178	1.15854
121	179	1.15797
121	180	0.643468
122	20	0.749939
122	31	1.06788
122	75	0.774947
122	78	1.07443
122	84	1.12617
122	91	1.12645
122	103	1.0629
122	108	1.09694
122	120	0.725335
122	139	0.683494
122	143	1.10908
122	145	1.09338
122	148	0.775455
122	150	0.747343
122	158	1.08938
122	164	0.735914
122	166	1.12349
122	167	1.10093
122	169	1.10086
122	171	1.06924
122	173	1.06837
122	176	1.1301
122	177	1.09602
122	178	1.08426
122	179	1.08368
122	180	1.09644
123	8	1.11711
123	16	0.774187
123	45	0.55134
123	52	1.26396
123	65	0.490939
123	87	0.589861
123	92	1.13968
123	101	1.17772
123	102	1.24849
123	105	1.21057
123	106	1.21872
123	114	1.1776
123	136	1.21198
123	148	1.20146
123	151	1.19657
123	153	1.2121
123	154	1.20767
123	156	1.21675
123	159	1.20293
123	162	0.650535
123	165	0.619099
123	166	0.547792
123	167	0.582586
123	170	0.599923
123	172	1.19143
123	174	1.20989
123	175	1.19536
124	29	1.1608
124	48	1.09154
124	58	1.15249
124	75	0.678831
124	84	1.17188
124	86	0.630665
124	103	0.740786
124	106	0.670899
124	121	1.16205
124	135	1.09884
124	137	1.11236
124	146	1.12203
124	152	1.12934
124	160	0.704223
124	161	1.1508
124	163	1.12888
124	165	1.11656
124	166	1.16921
124	167	1.14665
124	168	1.13056
124	169	1.14658
124	170	1.13773
124	174	0.669118
124	176	0.64196
124	177	1.14173
124	178	1.12997
124	180	0.657123
125	22	1.13955
125	30	1.12291
125	49	0.617946
125	66	1.12335
125	80	0.659718
125	82	1.16162
125	83	0.761643
125	88	1.16504
125	98	1.11881
125	110	1.1167
125	111	1.12069
125	113	1.16843
125	121	0.671206
125	131	1.17832
125	138	1.13476
125	147	1.12903
125	149	1.10822
125	150	1.13393
125	155	1.12719
125	160	1.11566
125	161	0.658122
125	165	0.696699
125	170	0.677523
125	176	1.17176
125	177	0.664684
125	178	1.12592
125	180	1.1381
126	14	1.12994
126	32	1.1835
126	33	1.18286
126	45	1.26016
126	68	0.63774
126	85	0.598134
126	105	0.628132
126	112	1.1819
126	119	0.604113
126	132	0.591699
126	144	0.574515
126	150	0.58315
126	159	1.20664
126	165	1.18734
126	166	1.23998
126	167	1.21742
126	168	1.20133
126	169	1.21735
126	170	1.2085
126	171	1.18573
126	173	1.18486
126	174	0.601041
126	175	1.19907
126	176	0.573884
126	177	1.2125
126	178	1.20075
126	179	1.20017
127	25	1.04626
127	28	1.15561
127	34	0.570805
127	46	1.08285
127	47	1.08706
127	61	1.15846
127	63	1.1681
127	72	0.737546
127	81	1.16257
127	82	1.16965
127	112	0.673966
127	116	1.11068
127	118	1.15558
127	120	1.1449
127	132	1.16117
127	135	0.767431
127	140	0.648509
127	145	0.659588
127	149	1.11626
127	150	1.14196
127	159	0.651704
127	162	1.14944
127	164	1.16257
127	172	0.700063
127	174	1.1468
127	178	1.13395
127	180	1.14613
128	1	1.24358
128	12	0.595728
128	24	1.18749
128	41	1.23345
128	46	1.11985
128	47	1.12406
128	49	0.580081
128	61	1.19546
128	81	1.19957
128	97	1.15703
128	109	1.15391
128	110	1.16174
128	115	0.612536
128	116	1.14768
128	120	1.1819
128	129	0.687903
128	132	1.19817
128	154	0.634118
128	155	1.17223
128	161	0.620257
128	162	1.18644
128	164	1.19957
128	166	0.587527
128	169	0.625622
128	173	0.668005
128	174	1.1838
128	178	1.17095
128	180	1.18313
129	38	0.612789
129	46	0.800286
129	63	0.696443
129	66	0.702793
129	69	1.10453
129	94	0.697674
129	104	1.13096
129	106	1.13194
129	117	1.09224
129	128	0.687903
129	132	0.700682
129	133	1.14457
129	136	1.1252
129	144	1.13734
129	148	1.11467
129	153	1.12532
129	159	1.11615
129	166	1.14949
129	167	1.12693
129	168	1.11084
129	169	1.12686
129	172	1.10465
129	173	1.09437
129	174	1.12311
129	175	1.10858
129	177	1.12201
129	178	1.11026
129	180	0.69803
130	58	1.19691
130	80	1.21476
130	107	1.18296
130	108	0.63334
130	111	0.654373
130	112	1.15555
130	115	1.21207
130	131	0.600769
130	138	0.60254
130	146	1.16645
130	156	0.612872
130	160	0.660273
130	161	1.19521
130	162	0.629603
130	163	1.1733
130	164	0.595848
130	165	1.16098
130	168	1.17498
130	169	1.19099
130	170	1.18214
130	171	1.15937
130	172	1.16878
130	173	1.1585
130	175	1.17271
130	176	0.59801
130	177	1.18615
130	178	1.17439
130	179	1.17381
131	7	1.10149
131	18	1.18921
131	22	1.1925
131	29	0.617037
131	35	1.16419
131	53	1.15647
131	59	1.21494
131	66	1.1763
131	73	0.629691
131	74	1.1677
131	84	0.597633
131	85	1.208
131	89	1.12389
131	94	1.18767
131	98	1.17177
131	111	1.17364
131	125	1.17832
131	130	0.600769
131	134	0.598043
131	138	1.18771
131	139	1.23089
131	147	1.18198
131	160	1.16861
131	169	0.623345
131	172	0.668037
131	176	1.22472
131	178	0.628017
131	179	0.646925
132	24	1.17023
132	28	1.17535
132	47	1.1068
132	55	1.18125
132	76	0.730354
132	81	1.18231
132	109	1.13665
132	116	1.13042
132	118	1.17531
132	120	1.16464
132	126	0.591699
132	127	1.16117
132	128	1.19817
132	129	0.700682
132	149	1.13599
132	150	1.1617
132	151	1.15322
132	155	1.15496
132	157	0.586393
132	160	1.14343
132	164	1.18231
132	166	0.600306
132	167	0.635101
132	170	0.652438
132	174	1.16654
132	175	0.67486
132	177	0.639599
132	178	1.15369
132	180	1.16587
133	8	1.08085
133	68	1.16062
133	72	1.15886
133	93	1.17438
133	95	1.17418
133	97	0.684131
133	107	0.647801
133	114	1.14134
133	117	1.14277
133	129	1.14457
133	135	0.725761
133	136	1.17572
133	142	1.13304
133	144	1.18786
133	148	1.1652
133	151	1.16031
133	153	1.17584
133	156	1.18049
133	159	1.16667
133	161	0.608336
133	164	1.1894
133	166	0.575605
133	171	0.673469
133	172	1.15517
133	174	1.17363
133	175	1.1591
133	177	0.614897
133	178	0.618372
133	180	0.661918
134	14	1.08846
134	30	0.670812
134	64	1.08726
134	70	1.14876
134	73	1.16361
134	84	1.20118
134	90	0.730972
134	91	0.611487
134	105	0.649532
134	115	1.19695
134	117	0.643692
134	131	0.598043
134	135	1.12814
134	146	1.15133
134	152	1.15863
134	156	0.610146
134	157	1.20111
134	160	0.657547
134	161	1.18009
134	163	1.15818
134	165	1.14586
134	166	1.1985
134	167	1.17595
134	169	1.17587
134	170	1.16702
134	173	1.14338
134	174	0.622441
134	177	1.17103
134	179	1.15869
135	15	1.1674
135	33	1.07745
135	38	0.662569
135	56	1.02701
135	80	1.13571
135	81	0.681192
135	100	1.16741
135	109	0.757473
135	121	1.12741
135	124	1.09884
135	127	0.767431
135	133	0.725761
135	134	1.12814
135	138	0.737177
135	145	1.10447
135	146	1.0874
135	163	1.09425
135	164	0.730485
135	165	1.08193
135	166	1.13457
135	167	1.11202
135	168	1.09593
135	170	1.10309
135	171	1.08032
135	173	1.07945
135	176	0.732647
135	177	1.1071
135	178	1.09534
135	179	1.09476
136	2	1.39554
136	3	1.07407
136	21	1.16737
136	33	0.659513
136	44	0.65121
136	49	0.583949
136	68	1.14125
136	80	0.62572
136	93	1.15501
136	106	1.16309
136	109	0.687371
136	112	0.648085
136	114	1.12197
136	117	1.1234
136	123	1.21198
136	129	1.1252
136	133	1.17572
136	142	1.11367
136	144	1.16849
136	148	1.14583
136	153	1.15647
136	156	1.16112
136	164	1.17003
136	172	1.1358
136	174	1.15426
136	175	1.13973
136	176	0.662544
136	177	0.630687
136	179	0.65307
137	14	1.03805
137	21	0.701328
137	32	1.09161
137	42	0.633925
137	48	1.07042
137	64	1.03685
137	71	0.760878
137	92	0.827138
137	98	0.739276
137	120	0.670711
137	124	1.11236
137	140	1.13559
137	152	1.10822
137	157	1.15069
137	158	0.717431
137	159	1.11475
137	160	0.745715
137	161	1.12968
137	163	1.10776
137	165	1.09544
137	166	1.14809
137	167	1.12553
137	171	1.09384
137	172	1.10324
137	173	1.09297
137	175	1.10717
137	177	1.12061
137	178	1.10885
137	179	1.10828
138	16	0.813417
138	18	1.14565
138	22	1.14894
138	30	1.1323
138	35	1.12063
138	43	1.08917
138	48	1.09688
138	51	1.19632
138	59	1.17138
138	74	1.12413
138	75	1.12363
138	85	1.16444
138	88	1.17443
138	89	1.08033
138	94	1.14411
138	98	1.1282
138	107	0.659217
138	111	1.13008
138	125	1.13476
138	130	0.60254
138	131	1.18771
138	135	0.737177
138	139	1.18733
138	140	0.618255
138	146	0.610867
138	147	1.13842
138	163	0.638558
138	173	0.6675
138	175	0.661576
138	176	1.18116
139	7	1.1011
139	14	0.768618
139	18	1.18882
139	22	1.19212
139	35	1.16381
139	43	1.13235
139	51	1.23949
139	53	1.15609
139	59	1.21456
139	66	1.17592
139	74	1.16731
139	75	1.16681
139	76	0.657957
139	79	0.573032
139	85	1.20761
139	88	1.21761
139	89	1.1235
139	94	1.18728
139	111	1.17326
139	122	0.683494
139	131	1.23089
139	138	1.18733
139	147	1.1816
139	154	0.5745
139	160	1.16823
139	170	0.580041
139	172	0.610696
139	175	0.602463
139	176	1.22433
139	178	0.570676
139	179	0.589585
140	12	1.21878
140	21	0.6316
140	28	0.635469
140	31	1.13683
140	40	1.21876
140	58	1.17572
140	70	1.1427
140	72	1.15128
140	97	1.13929
140	103	0.71255
140	107	1.16178
140	112	1.13436
140	121	1.18528
140	127	0.648509
140	137	1.13559
140	138	0.618255
140	149	0.668849
140	150	0.622991
140	157	1.19505
140	161	1.17403
140	164	0.611562
140	166	1.19244
140	167	1.16988
140	168	1.15379
140	169	1.16981
140	171	1.13819
140	173	1.13732
140	175	1.15153
140	176	0.613724
140	177	1.16497
140	179	1.15263
140	180	0.628887
141	4	1.14842
141	6	1.15985
141	19	1.14463
141	23	1.12078
141	36	1.08023
141	37	1.07543
141	38	1.17305
141	39	1.0483
141	42	1.15596
141	44	1.18981
141	53	0.754795
141	67	1.07923
