1	5	1.09604
1	16	0.93556
1	75	0.995262
1	85	1.01638
1	96	1.01535
1	130	0.936824
1	157	1.12932
1	159	1.04782
1	163	1.08472
1	164	0.984724
1	175	1.12226
1	177	1.47152
2	13	0.925238
2	21	0.914085
2	50	0.816072
2	74	0.951108
2	86	0.862637
2	87	0.993832
2	102	0.871509
2	105	0.947132
2	108	0.917264
2	166	1.46111
2	170	1.40223
2	173	1.59787
3	11	1.1111
3	16	0.936001
3	42	0.989796
3	85	1.01682
3	96	1.01579
3	128	0.93695
3	140	1.51771
3	148	0.991461
3	156	1.26108
3	159	1.04826
3	163	1.08516
3	164	0.931313
4	57	1.03897
4	99	0.983196
4	133	1.03125
4	145	1.03675
4	147	1.02015
4	151	1.05126
4	153	1.04035
4	155	1.04087
4	161	1.00436
4	162	0.992006
4	171	1.34297
4	176	1.24121
5	1	1.09604
5	16	0.927795
5	47	1.09257
5	75	0.987497
5	85	1.00862
5	96	1.00759
5	116	0.990397
5	135	1.01964
5	161	0.968811
5	163	1.07695
5	168	1.34813
5	173	1.30138
6	8	1.08928
6	9	0.940858
6	32	1.68668
6	61	1.02008
6	66	1.14035
6	78	1.07808
6	138	1.07938
6	139	1.06963
6	143	1.02691
6	165	0.844395
6	168	0.925912
6	175	0.976829
7	69	0.918793
7	76	1.08966
7	77	0.920149
7	92	1.06373
7	93	1.02539
7	124	1.05406
7	128	1.10372
7	134	1.15346
7	159	1.04932
7	163	1.08622
7	174	1.40785
7	176	0.95299
8	6	1.08928
8	20	0.932339
8	61	1.01926
8	73	1.12343
8	78	1.07726
8	126	1.01159
8	143	1.0261
8	154	1.08487
8	160	1.29326
8	162	1.04241
8	168	0.925093
8	170	1.1917
9	6	0.940858
9	23	0.805415
9	34	0.888916
9	52	0.960843
9	61	0.87084
9	65	1.36082
9	66	0.991112
9	73	0.975013
9	148	1.30416
9	161	1.25704
9	168	0.776676
9	174	1.55377
10	53	1.01198
10	69	0.932586
10	92	1.07752
10	93	1.03919
10	113	0.890002
10	158	1.0334
10	159	1.06311
10	163	1.10002
10	170	1.12914
10	175	1.11671
10	176	0.966782
10	177	1.46597
11	3	1.1111
11	16	0.942412
11	42	0.996206
11	64	0.888713
11	75	1.00211
11	85	1.02323
11	96	1.02221
11	150	0.908928
11	163	1.09157
11	166	1.15678
11	175	1.08548
11	180	1.58802
12	118	1.09318
12	120	1.01713
12	124	0.907579
12	127	1.04048
12	129	1.05925
12	136	1.02959
12	137	1.02945
12	138	1.19169
12	162	0.952289
12	171	1.30326
12	176	0.937479
12	178	1.28929
13	2	0.925238
13	32	1.48481
13	41	0.968201
13	86	1.03006
13	102	1.03893
13	105	1.11456
13	108	1.08469
13	110	1.03323
13	115	0.879035
13	168	1.02978
13	171	0.989071
13	180	1.2775
14	44	1.07794
14	58	1.02951
14	64	1.07402
14	82	1.02229
14	104	1.01613
14	106	1.01588
14	110	1.12159
14	130	1.07734
14	131	1.0017
14	141	1.07997
14	160	0.947538
14	169	1.32764
15	54	1.1555
15	84	0.934646
15	122	1.06179
15	127	0.991006
15	153	0.991723
15	158	0.991799
15	173	0.882814
15	175	0.946736
15	177	0.843499
15	178	0.872924
15	179	0.863035
15	180	0.818766
16	1	0.93556
16	3	0.936001
16	5	0.927795
16	11	0.942412
16	42	0.821112
16	96	0.847111
16	111	1.16662
16	150	1.30233
16	158	1.39558
16	159	0.879574
16	163	0.916476
16	176	1.59123
17	64	1.02886
17	93	1.02256
17	103	1.016
17	109	1.0615
17	119	0.987337
17	130	1.04019
17	136	1.04226
17	137	1.04213
17	154	1.13123
17	163	1.08339
17	176	0.950155
17	178	1.42577
18	19	0.815552
18	28	0.825359
18	29	0.882109
18	44	0.971576
18	82	0.915925
18	101	0.994666
18	104	0.909773
18	106	0.909521
18	125	1.24923
18	139	1.55445
18	153	1.37314
18	163	0.942184
19	18	0.815552
19	25	0.966559
19	58	0.91156
19	82	0.904335
19	101	0.983076
19	104	0.898183
19	106	0.897931
19	113	1.13206
19	146	1.27608
19	160	0.829587
19	175	1.35877
19	177	1.70803
20	8	0.932339
20	32	2.0285
20	34	0.881216
20	61	0.86314
20	66	0.983411
20	73	0.967312
20	78	0.921139
20	113	1.09194
20	141	1.12783
20	143	0.869978
20	149	1.23159
20	168	0.768975
21	2	0.914085
21	41	0.957048
21	74	1.10738
21	86	1.01891
21	102	1.02778
21	105	1.1034
21	108	1.07354
21	138	1.03476
21	149	0.845157
21	168	1.18703
21	173	1.14028
21	180	1.43475
22	30	1.16512
22	33	1.02241
22	54	0.973071
22	60	0.99976
22	83	1.01539
22	103	1.01679
22	109	1.06229
22	130	0.866439
22	138	1.15443
22	166	1.12318
22	176	1.16422
22	179	1.33054
23	9	0.805415
23	34	0.90271
23	52	0.974636
23	61	0.884634
23	66	1.00491
23	78	0.942633
23	115	1.47401
23	130	1.18449
23	143	0.891472
23	165	1.2375
23	168	0.790469
23	178	1.57008
24	30	1.14675
24	54	0.9547
24	60	0.981388
24	63	1.1225
24	83	0.997018
24	103	0.998423
24	109	1.04392
24	139	1.1285
24	162	0.898839
24	169	1.09254
24	172	1.1953
24	179	1.31436
25	19	0.966559
25	28	0.976366
25	29	1.03312
25	48	0.992488
25	77	1.00787
25	101	1.14567
25	104	1.06078
25	106	1.06053
25	110	1.17415
25	113	1.09664
25	126	1.15566
25	162	1.18649
26	69	0.918793
26	76	1.08966
26	92	1.06373
26	93	1.02539
26	124	1.04199
26	134	1.14139
26	150	1.047
26	159	1.04932
26	163	1.08622
26	165	1.09113
26	167	1.31382
26	176	0.95299
27	41	0.949271
27	46	0.82134
27	50	0.964567
27	59	1.02246
27	74	1.0996
27	102	1.02
27	105	1.09563
27	108	1.06576
27	138	1.31525
27	152	1.11389
27	162	1.07584
27	169	1.26955
28	18	0.825359
28	25	0.976366
28	48	0.839698
28	82	0.914143
28	88	1.1441
28	101	0.992883
28	104	0.90799
28	106	0.907738
28	158	1.28918
28	160	0.839394
28	169	1.42934
28	178	1.57263
29	18	0.882109
29	25	1.03312
29	82	0.970892
29	101	1.04963
29	104	0.96474
29	106	0.964488
29	130	1.02595
29	160	0.896144
29	167	1.16766
29	170	1.08982
29	175	1.0774
29	177	1.42666
29	178	1.27754
30	22	1.16512
30	24	1.14675
30	37	1.02168
30	55	1.11882
30	83	1.07778
30	103	1.07918
30	109	1.12468
30	134	1.1016
30	140	1.37876
30	149	0.842851
30	162	0.793051
30	166	1.00121
30	173	1.13798
31	114	0.991243
31	117	1.03347
31	121	1.02535
31	127	0.974443
31	129	0.993216
31	136	0.963553
31	137	0.96342
31	164	0.948197
31	170	1.09816
31	171	1.29985
31	174	1.25796
31	176	0.871444
31	177	1.43499
32	6	1.68668
32	13	1.48481
32	20	2.0285
32	135	0.852127
32	136	0.818668
32	137	0.818535
32	147	0.816616
32	151	0.847725
32	152	0.801727
32	155	0.837341
32	178	0.698086
32	179	0.688198
32	180	0.643928
33	22	1.02241
33	55	0.976118
33	60	0.919442
33	63	1.06055
33	83	0.935071
33	103	0.936476
33	109	0.981974
33	126	0.98577
33	149	1.06698
33	153	1.06552
33	157	1.16109
33	168	1.40885
33	174	1.32626
34	9	0.888916
34	20	0.881216
34	23	0.90271
34	52	1.05814
34	66	1.08841
34	73	1.07231
34	78	1.02613
34	110	1.00603
34	152	1.05642
34	160	1.26921
34	161	1.03072
34	168	0.87397
34	180	1.65777
35	56	1.13697
35	81	1.09556
35	91	1.12145
35	97	1.12893
35	98	1.12906
35	135	0.916011
35	143	1.12133
35	156	1.18191
35	164	0.852148
35	166	1.07015
35	167	1.07995
35	170	1.00211
35	174	1.16191
36	70	1.20654
36	79	1.10231
36	81	1.08668
36	84	1.1026
36	97	1.12005
36	98	1.12018
36	115	1.12751
36	161	0.898926
36	165	0.890997
36	166	1.06127
36	167	1.11369
36	175	1.02343
36	176	1.13578
37	30	1.02168
37	51	1.12348
37	71	1.24736
37	99	1.32926
37	148	0.944607
37	161	0.961841
37	165	0.959853
37	172	0.843334
37	174	0.833091
37	175	0.891164
37	177	0.787928
37	178	0.817353
37	180	0.763194
38	61	1.13047
38	102	0.908587
38	103	1.24562
38	108	0.954342
38	121	0.995522
38	127	1.1659
38	145	0.922223
38	151	0.936735
38	153	0.905896
38	155	0.926351
38	177	0.757672
38	179	0.777208
38	180	0.732938
39	117	1.05212
39	118	1.04579
39	120	0.969752
39	129	1.01187
39	136	0.982205
39	137	0.982071
39	157	1.1359
39	164	0.99131
39	165	0.996414
39	168	0.871377
39	172	1.28845
39	176	0.890096
39	180	1.63139
40	53	0.948397
40	69	0.869005
40	76	1.03987
40	92	1.01394
40	93	0.975605
40	107	0.866408
40	159	0.999533
40	161	1.05457
40	163	1.03643
40	165	1.04664
40	173	1.38715
40	176	0.903201
40	180	1.68162
41	13	0.968201
41	21	0.957048
41	27	0.949271
41	50	0.859035
41	59	0.916925
41	86	0.9056
41	102	0.914472
41	105	0.990095
41	108	0.960227
41	119	1.02185
41	132	1.18944
41	134	1.17797
41	170	1.27257
41	180	1.76268
42	3	0.989796
42	11	0.996206
42	16	0.821112
42	51	1.00015
42	75	0.880814
42	85	0.901934
42	96	0.900906
42	131	0.994638
42	139	1.35653
42	150	1.08717
42	159	0.933369
42	163	0.970271
42	176	1.37607
42	177	1.61299
43	99	0.896109
43	100	0.980049
43	122	0.967193
43	123	0.881043
43	131	1.14792
43	133	0.94416
43	142	1.25882
43	144	0.922841
43	151	0.964172
43	152	1.31821
43	155	0.953788
43	162	1.28016
43	166	0.874108
43	175	1.41701
44	14	1.07794
44	18	0.971576
44	48	0.985915
44	58	1.06758
44	82	1.06036
44	101	1.1391
44	104	1.05421
44	106	1.05396
44	110	0.943999
44	116	0.990278
44	161	0.968692
44	164	0.955659
44	177	1.44246
44	178	1.29334
45	107	0.816428
45	123	0.990672
45	132	1.0584
45	135	1.05542
45	144	1.03247
45	145	1.05929
45	147	1.04269
45	148	1.05171
45	151	1.0738
45	155	1.06342
45	159	1.04897
45	163	1.08587
45	164	0.991559
45	180	1.63164
46	27	0.82134
46	71	0.764227
46	83	0.905195
46	100	0.766351
46	102	0.866878
46	151	0.699782
46	164	1.17651
46	167	1.06911
46	172	1.05178
46	175	1.09961
46	177	0.996373
46	178	1.0258
46	179	1.01591
46	180	0.971639
47	5	1.09257
47	51	1.11113
47	75	0.991797
47	85	1.01292
47	96	1.01189
47	110	1.03533
47	115	1.26971
47	125	0.953225
47	153	1.07713
47	158	1.08233
47	159	1.04435
47	163	1.08125
47	164	1.0281
47	175	1.16564
48	25	0.992488
48	28	0.839698
48	44	0.985915
48	58	0.937489
48	82	0.930264
48	101	1.009
48	104	0.924111
48	106	0.92386
48	140	1.63834
48	146	1.1068
48	160	0.855516
48	161	1.06498
48	166	1.26079
48	174	1.36171
49	80	1.13756
49	94	1.01807
49	123	0.998887
49	128	1.02853
49	135	1.08676
49	141	0.969614
49	144	1.04068
49	151	1.08202
49	153	1.07192
49	154	1.06604
49	155	1.07163
49	159	1.05718
49	166	0.991951
49	178	1.36058
50	2	0.816072
50	27	0.964567
50	41	0.859035
50	59	0.93222
50	74	1.00937
50	86	0.920896
50	102	0.929767
50	105	1.00539
50	108	0.975522
50	141	0.987532
50	160	1.29234
50	169	1.2352
50	171	1.39246
50	177	1.52761
51	37	1.12348
51	42	1.00015
51	47	1.11113
51	75	1.00605
51	85	1.02717
51	96	1.02615
51	110	1.04959
51	135	0.958033
51	142	0.873521
51	156	1.22394
51	159	1.05861
51	163	1.09551
51	170	1.04414
51	174	1.20393
52	9	0.960843
52	23	0.974636
52	34	1.05814
52	61	1.04006
52	66	1.16033
52	73	1.14423
52	78	1.09806
52	115	1.22045
52	126	0.94869
52	150	0.939816
52	158	1.03307
52	168	0.945897
52	169	1.17322
52	172	1.27598
53	10	1.01198
53	40	0.948397
53	69	0.810169
53	76	0.981033
53	92	0.955108
53	93	0.916768
53	130	1.01904
53	159	0.940696
53	160	1.31846
53	163	0.977598
53	171	1.41859
53	175	1.20448
53	176	0.844365
53	179	1.48314
54	15	1.1555
54	22	0.973071
54	24	0.9547
54	55	0.926776
54	60	0.8701
54	63	1.01121
54	103	0.887134
54	107	1.00609
54	109	0.932632
54	110	1.16956
54	126	0.936427
54	134	0.909557
54	138	1.42131
54	178	1.5189
55	30	1.11882
55	33	0.976118
55	54	0.926776
55	60	0.953464
55	63	1.09457
55	83	0.969094
55	103	0.970498
55	109	1.016
55	115	1.33166
55	134	0.992922
55	141	1.03677
55	150	1.05103
55	152	1.12878
55	165	1.09515
55	176	1.33993
56	35	1.13697
56	67	1.08825
56	79	0.969235
56	81	0.95361
56	84	0.969532
56	91	0.9795
56	97	0.986973
56	98	0.987106
56	132	1.00357
56	144	0.616105
56	166	0.928194
56	167	1.16453
56	173	1.28234
56	174	1.2465
56	179	1.35294
57	4	1.03897
57	94	0.965266
57	133	1.0092
57	139	1.15082
57	140	1.50688
57	144	0.987882
57	145	1.0147
57	147	0.998103
57	151	1.02921
57	154	0.963625
57	155	1.01883
57	164	0.920485
57	166	0.939149
57	169	1.11487
57	179	1.33669
58	14	1.02951
58	19	0.91156
58	44	1.06758
58	48	0.937489
58	82	1.01193
58	101	1.09067
58	104	1.00578
58	106	1.00553
58	134	0.962551
58	138	1.14727
58	158	0.961415
58	160	0.937185
58	174	1.21694
58	177	1.39398
58	179	1.32338
59	27	1.02246
59	41	0.916925
59	50	0.93222
59	74	1.06726
59	86	0.978786
59	88	0.983194
59	102	0.987657
59	105	1.06328
59	108	1.03341
59	111	0.897506
59	130	1.02433
59	146	1.12709
59	164	1.07224
59	176	1.32212
59	177	1.55903
60	22	0.99976
60	24	0.981388
60	33	0.919442
60	54	0.8701
60	55	0.953464
60	63	1.03789
60	83	0.912417
60	87	1.05849
60	103	0.913822
60	109	0.95932
60	132	1.06317
60	150	0.957314
60	166	1.20517
60	169	1.19072
60	173	1.34194
60	180	1.63641
61	6	1.02008
61	8	1.01926
61	9	0.87084
61	20	0.86314
61	23	0.884634
61	38	1.13047
61	52	1.04006
61	66	1.07033
61	78	1.00806
61	143	0.956897
61	150	0.942282
61	167	1.2091
61	168	0.855894
61	176	1.23118
61	178	1.31898
61	179	1.3975
62	71	1.03348
62	112	0.986683
62	122	0.974009
62	128	1.00632
62	133	0.950976
62	144	0.929657
62	145	0.956476
62	147	0.939878
62	148	1.06083
62	151	0.970988
62	155	0.960604
62	166	0.880924
62	173	1.34629
62	174	1.31044
62	176	1.25057
62	179	1.41688
63	24	1.1225
63	33	1.06055
63	54	1.01121
63	55	1.09457
63	60	1.03789
63	83	1.05352
63	103	1.05493
63	109	1.10043
63	116	0.84071
63	134	1.07735
63	156	1.13586
63	160	1.05762
63	166	1.01493
63	173	1.1517
63	178	1.14377
63	179	1.22229
64	11	0.888713
64	14	1.07402
64	17	1.02886
64	114	0.962765
64	120	1.026
64	129	0.923941
64	164	1.08858
64	167	0.981184
64	171	0.948001
64	172	0.963852
64	174	0.953609
64	175	1.01168
64	177	0.908446
64	178	0.937871
64	179	0.927982
64	180	0.883712
65	9	1.36082
65	74	1.03702
65	75	1.1626
65	115	0.950228
65	140	0.859028
65	144	1.10604
65	155	1.05135
65	171	0.871829
65	172	0.88768
65	173	0.871589
65	174	0.877437
65	175	0.935511
65	177	0.832274
65	178	0.861699
65	179	0.85181
65	180	0.80754
66	6	1.14035
66	9	0.991112
66	20	0.983411
66	23	1.00491
66	34	1.08841
66	52	1.16033
66	61	1.07033
66	73	1.1745
66	130	0.778532
66	166	1.03527
66	167	1.05423
66	168	0.976166
66	172	1.12357
66	173	1.17204
66	178	1.16411
66	179	1.24264
67	56	1.08825
67	79	1.06247
67	81	1.04685
67	84	1.06277
67	91	1.07274
67	97	1.08021
67	98	1.08034
67	111	0.735729
67	143	1.07261
67	157	1.05505
67	160	1.16198
67	164	0.910458
67	166	1.02143
67	170	1.06042
67	177	1.39726
67	178	1.24814
68	95	1.00116
68	116	0.961341
68	120	1.07765
68	121	1.1519
68	127	1.10099
68	129	1.11977
68	136	1.0901
68	137	1.08997
68	142	0.906072
68	152	0.965455
68	156	1.25649
68	166	1.13556
68	168	0.979275
68	173	1.27233
68	175	1.06426
68	176	0.997994
69	7	0.918793
69	10	0.932586
69	26	0.918793
69	40	0.869005
69	53	0.810169
69	76	0.901641
69	92	0.875716
69	93	0.837377
69	124	1.24901
69	152	1.33177
69	154	1.33617
69	159	0.861304
69	163	0.898206
69	168	1.68539
69	176	0.764973
69	178	1.63071
70	36	1.20654
70	79	1.04769
70	81	1.03206
70	84	1.04798
70	91	1.05795
70	97	1.06543
70	98	1.06556
70	110	0.92435
70	138	1.1761
70	143	1.05783
70	161	0.949043
70	162	0.936693
70	166	1.00665
70	169	1.1304
70	174	1.24577
70	176	1.18589
71	37	1.24736
71	46	0.764227
71	62	1.03348
71	94	1.04005
71	116	1.05266
71	123	1.02087
71	133	1.08398
71	142	0.997395
71	144	1.06267
71	145	1.08948
71	147	1.07289
71	148	1.07819
71	151	1.104
71	155	1.09361
71	158	1.07228
71	164	1.01804
72	87	0.86881
72	95	0.890158
72	114	1.00679
72	118	1.04269
72	119	1.02649
72	120	0.96665
72	127	0.989993
72	129	1.00877
72	136	0.979103
72	137	0.97897
72	149	1.17773
72	168	0.868275
72	169	1.32163
72	174	1.43701
72	176	0.886994
72	179	1.54345
73	8	1.12343
73	9	0.975013
73	20	0.967312
73	34	1.07231
73	52	1.14423
73	66	1.1745
73	78	1.11223
73	116	0.977298
73	143	1.06107
73	153	0.991707
73	160	1.1942
73	164	0.942679
73	168	0.960067
73	169	1.13707
73	172	1.23982
73	175	1.08022
74	2	0.951108
74	21	1.10738
74	27	1.0996
74	50	1.00937
74	59	1.06726
74	65	1.03702
74	86	1.05593
74	102	1.0648
74	105	1.14043
74	108	1.11056
74	138	1.1603
74	149	0.970692
74	156	1.24998
74	161	0.933242
74	165	0.925314
74	166	1.12905
75	1	0.995262
75	5	0.987497
75	11	1.00211
75	42	0.880814
75	47	0.991797
75	51	1.00605
75	65	1.1626
75	85	0.907842
75	96	0.906813
75	132	1.11263
75	138	1.28587
75	146	1.10064
75	159	0.939277
75	163	0.976179
75	169	1.24017
75	172	1.34293
76	7	1.08966
76	26	1.08966
76	40	1.03987
76	53	0.981033
76	69	0.901641
76	88	1.06402
76	92	1.04658
76	93	1.00824
76	111	0.980143
76	119	1.05412
76	130	1.10697
76	152	1.19361
76	159	1.03217
76	163	1.06907
76	165	1.15998
76	166	1.36371
76	176	0.935837
77	7	0.920149
77	25	1.00787
77	81	0.866999
77	84	0.782432
77	101	0.695931
77	104	0.943465
77	105	0.729255
77	127	1.0818
77	136	1.07092
77	137	1.07078
77	145	1.08546
77	147	1.06886
77	155	1.08959
77	174	0.966071
77	178	0.950333
77	179	0.940445
77	180	0.896175
78	6	1.07808
78	8	1.07726
78	20	0.921139
78	23	0.942633
78	34	1.02613
78	52	1.09806
78	61	1.00806
78	73	1.11223
78	88	0.859442
78	140	1.53668
78	141	0.89701
78	143	1.0149
78	158	1.00453
78	160	1.20182
78	168	0.913893
78	169	1.14468
78	178	1.28797
79	36	1.10231
79	56	0.969235
79	67	1.06247
79	70	1.04769
79	81	0.927829
79	84	0.943751
79	91	0.953719
79	97	0.961193
79	98	0.961326
79	143	0.953595
79	153	0.986354
79	158	0.991561
79	166	0.902414
79	167	1.16513
79	168	1.32968
79	176	1.18721
79	177	1.42413
79	178	1.27501
80	49	1.13756
80	113	0.821016
80	122	1.10006
80	123	1.01391
80	133	1.07703
80	134	1.06414
80	144	1.05571
80	145	1.08253
80	146	0.965037
80	147	1.06593
80	148	0.970332
80	151	1.09704
80	154	0.953325
80	155	1.08666
80	168	1.30254
80	171	1.26183
80	174	1.21995
80	175	1.04772
81	35	1.09556
81	36	1.08668
81	56	0.95361
81	67	1.04685
81	70	1.03206
81	77	0.866999
81	79	0.927829
81	84	0.928126
81	91	0.938094
81	97	0.945568
81	98	0.945701
81	148	1.10508
81	154	1.08808
81	156	1.3747
81	166	0.886789
81	170	1.1949
81	171	1.39659
81	175	1.18247
82	14	1.02229
82	18	0.915925
82	19	0.904335
82	28	0.914143
82	29	0.970892
82	44	1.06036
82	48	0.930264
82	58	1.01193
82	87	0.956246
82	101	1.08345
82	104	0.998556
82	106	0.998305
82	111	1.03995
82	124	1.17066
82	153	1.26371
82	161	1.22771
82	165	1.21979
82	176	1.46457
83	22	1.01539
83	24	0.997018
83	30	1.07778
83	33	0.935071
83	46	0.905195
83	55	0.969094
83	60	0.912417
83	63	1.05352
83	103	0.929451
83	109	0.97495
83	126	0.978745
83	134	0.951875
83	141	1.10573
83	142	1.13836
83	162	1.1597
83	164	1.15901
83	170	1.30898
83	176	1.4089
84	15	0.934646
84	36	1.1026
84	56	0.969532
84	67	1.06277
84	70	1.04798
84	77	0.782432
84	79	0.943751
84	81	0.928126
84	91	0.954016
84	97	0.96149
84	98	0.961623
84	143	0.953892
84	160	1.21189
84	166	0.902711
84	169	1.15476
84	172	1.25751
84	175	1.09791
84	180	1.60045
85	1	1.01638
85	3	1.01682
85	5	1.00862
85	11	1.02323
85	42	0.901934
85	47	1.01292
85	51	1.02717
85	75	0.907842
85	96	0.927934
85	130	0.971932
85	149	1.07032
85	159	0.960397
85	162	1.02052
85	163	0.997299
85	168	1.41219
85	169	1.21422
85	171	1.37148
85	172	1.31697
86	2	0.862637
86	13	1.03006
86	21	1.01891
86	41	0.9056
86	50	0.920896
86	59	0.978786
86	74	1.05593
86	102	0.976333
86	105	1.05196
86	108	1.02209
86	110	0.970629
86	124	0.880784
86	166	1.13365
86	169	1.1192
86	172	1.22195
86	173	1.27042
86	176	1.17469
86	180	1.56489
87	2	0.993832
87	60	1.05849
87	72	0.86881
87	82	0.956246
87	91	1.09209
87	93	0.871473
87	97	1.09956
87	98	1.09969
87	103	1.07552
87	109	1.12102
87	122	0.82908
87	136	0.799108
87	145	0.78779
87	163	0.669491
87	166	1.04078
87	177	0.951783
87	178	0.981208
87	179	0.971319
87	180	0.927049
88	28	1.1441
88	59	0.983194
88	76	1.06402
88	78	0.859442
88	102	0.980741
88	103	1.0056
88	105	1.05636
88	106	0.971253
88	108	1.0265
88	112	1.02459
88	120	0.994387
88	127	0.925879
88	133	0.988878
88	147	0.97778
88	155	0.998506
88	171	0.869381
88	178	0.859251
88	179	0.849362
88	180	0.805092
89	92	0.959551
89	93	0.921212
89	107	0.973602
89	118	1.00451
89	129	0.97058
89	133	0.949962
89	135	1.2126
89	136	0.940917
89	137	0.940784
89	145	0.955463
89	149	1.19922
89	151	0.969974
89	155	0.95959
89	158	1.20297
89	162	1.14942
89	163	0.982042
89	174	1.4585
89	176	0.848808
89	179	1.56494
90	99	0.900225
90	100	0.984165
90	112	0.983983
90	113	1.06898
90	122	0.971308
90	131	1.0266
90	133	0.948275
90	144	0.926957
90	145	0.953775
90	147	0.937178
90	150	1.11913
90	151	0.968287
90	152	1.19689
90	155	0.957903
90	163	0.980355
90	166	0.878223
90	167	1.38595
90	168	1.55051
90	176	1.40804
91	35	1.12145
91	56	0.9795
91	67	1.07274
91	70	1.05795
91	79	0.953719
91	81	0.938094
91	84	0.954016
91	87	1.09209
91	97	0.971458
91	98	0.971591
91	130	0.881325
91	132	0.996068
91	134	0.984595
91	143	0.96386
91	156	1.25899
91	166	0.912679
91	168	1.32158
91	172	1.22637
91	177	1.41602
91	178	1.26691
92	7	1.06373
92	10	1.07752
92	26	1.06373
92	40	1.01394
92	53	0.955108
92	69	0.875716
92	76	1.04658
92	89	0.959551
92	93	0.982316
92	125	0.887724
92	134	1.01797
92	154	1.00574
92	157	1.10719
92	158	1.01683
92	159	1.00624
92	163	1.04315
92	171	1.31425
92	176	0.909912
92	179	1.3788
92	180	1.60268
93	7	1.02539
93	10	1.03919
93	17	1.02256
93	26	1.02539
93	40	0.975605
93	53	0.916768
93	69	0.837377
93	76	1.00824
93	87	0.871473
93	89	0.921212
93	92	0.982316
93	113	1.04074
93	134	1.18528
93	148	1.19006
93	156	1.45968
93	159	0.967904
93	162	1.13059
93	163	1.00481
93	172	1.42705
93	175	1.26745
93	176	0.871573
94	49	1.01807
94	57	0.965266
94	71	1.04005
94	99	0.909493
94	100	0.993432
94	112	0.993251
94	123	0.894427
94	131	0.984269
94	133	0.957543
94	144	0.936225
94	148	1.17597
94	149	1.1663
94	151	0.977555
94	153	1.16485
94	155	0.967171
94	159	0.95272
94	161	1.12885
94	163	0.989622
94	170	1.26578
94	173	1.46143
94	176	1.3657
95	68	1.00116
95	72	0.890158
95	114	0.922131
95	117	0.964356
95	118	0.95803
95	119	1.14574
95	120	0.881988
95	121	0.956238
95	127	0.90533
95	129	0.924104
95	136	0.894441
95	137	0.894307
95	152	1.28522
95	160	0.830354
95	161	1.25952
95	164	1.24649
95	167	1.47429
95	168	0.783613
95	172	1.54363
95	173	1.5921
95	176	0.802332
96	1	1.01535
96	3	1.01579
96	5	1.00759
96	11	1.02221
96	16	0.847111
96	42	0.900906
96	47	1.01189
96	51	1.02615
96	75	0.906813
96	85	0.927934
96	110	0.950351
96	128	1.14925
96	130	1.09571
96	131	1.01206
96	132	1.21045
96	159	0.959368
96	162	1.14429
96	163	0.99627
96	164	1.14361
96	173	1.48922
96	178	1.48129
97	35	1.12893
97	36	1.12005
97	56	0.986973
97	67	1.08021
97	70	1.06543
97	79	0.961193
97	81	0.945568
97	84	0.96149
97	87	1.09956
97	91	0.971458
97	98	0.979064
97	124	0.926265
97	135	1.03415
97	138	1.21038
97	143	0.971334
97	149	1.02077
97	153	1.01932
97	157	1.11488
97	166	0.920152
97	167	1.19809
97	169	1.16468
97	180	1.61037
98	35	1.12906
98	36	1.12018
98	56	0.987106
98	67	1.08034
98	70	1.06556
98	79	0.961326
98	81	0.945701
98	84	0.961623
98	87	1.09969
98	91	0.971591
98	97	0.979064
98	107	0.798151
98	115	1.2149
98	130	0.925382
98	142	0.952633
98	143	0.971466
98	153	1.02231
98	160	1.22481
98	166	0.920285
98	171	1.32493
98	176	1.22317
98	180	1.61336
99	4	0.983196
99	37	1.32926
99	43	0.896109
99	90	0.900225
99	94	0.909493
99	100	0.989316
99	122	0.97646
99	123	0.89031
99	144	0.932108
99	145	0.958927
99	147	0.942329
99	151	0.973439
99	154	1.14308
99	155	0.963055
99	160	1.35147
99	162	1.10063
99	163	0.985506
99	165	1.10505
99	166	0.883375
99	170	1.24991
99	171	1.45159
99	175	1.23748
100	43	0.980049
100	46	0.766351
100	90	0.984165
100	94	0.993432
100	99	0.989316
100	110	1.00851
100	111	0.845439
100	112	1.07307
100	116	1.05479
100	123	0.97425
100	133	1.03737
100	144	1.01605
100	145	1.04287
100	147	1.02627
100	151	1.05738
100	154	1.06331
100	155	1.04699
100	160	1.27169
100	166	0.967315
100	174	1.32993
100	176	1.27005
100	177	1.50697
101	18	0.994666
101	19	0.983076
101	25	1.14567
101	28	0.992883
101	29	1.04963
101	44	1.1391
101	48	1.009
101	58	1.09067
101	77	0.695931
101	82	1.08345
101	104	1.0773
101	106	1.07705
101	113	0.7847
101	130	1.1385
101	139	1.10421
101	160	1.0087
101	164	0.873869
101	166	1.08271
101	168	1.26622
101	170	1.02383
101	171	1.22552
101	177	1.36067
101	179	1.29007
102	2	0.871509
102	13	1.03893
102	21	1.02778
102	27	1.02
102	38	0.908587
102	41	0.914472
102	46	0.866878
102	50	0.929767
102	59	0.987657
102	74	1.0648
102	86	0.976333
102	88	0.980741
102	105	1.06083
102	108	1.03096
102	110	0.979501
102	113	1.03153
102	125	1.04582
102	132	1.18754
102	141	1.06741
102	149	1.17118
102	157	1.26529
102	168	1.51305
102	176	1.37058
103	17	1.016
103	22	1.01679
103	24	0.998423
103	30	1.07918
103	33	0.936476
103	38	1.24562
103	54	0.887134
103	55	0.970498
103	60	0.913822
103	63	1.05493
103	83	0.929451
103	87	1.07552
103	88	1.0056
103	107	0.92132
103	109	0.976354
103	125	1.02158
103	126	0.98015
103	134	0.95328
103	146	1.1513
103	153	1.14548
103	164	1.09645
103	167	1.32425
103	173	1.44206
104	14	1.01613
104	18	0.909773
104	19	0.898183
104	25	1.06078
104	28	0.90799
104	29	0.96474
104	44	1.05421
104	48	0.924111
104	58	1.00578
104	77	0.943465
104	82	0.998556
104	101	1.0773
104	106	0.992152
104	125	1.04653
104	126	1.09126
104	130	1.05361
104	131	0.989853
104	139	1.35174
104	160	0.923808
104	164	1.1214
104	165	1.12651
104	166	1.33024
104	168	1.51376
105	2	0.947132
105	13	1.11456
105	21	1.1034
105	27	1.09563
105	41	0.990095
105	50	1.00539
105	59	1.06328
105	74	1.14043
105	77	0.729255
105	86	1.05196
105	88	1.05636
105	102	1.06083
105	108	1.10658
105	110	1.05512
105	126	0.877049
105	157	1.05178
105	158	0.961427
105	165	0.912297
105	166	1.11603
105	167	1.13499
105	172	1.20433
105	177	1.39399
105	179	1.3234
106	14	1.01588
106	18	0.909521
106	19	0.897931
106	25	1.06053
106	28	0.907738
106	29	0.964488
106	44	1.05396
106	48	0.92386
106	58	1.00553
106	82	0.998305
106	88	0.971253
106	101	1.07705
106	104	0.992152
106	126	1.03196
106	130	1.05336
106	139	1.29244
106	157	1.20669
106	160	0.923557
106	161	1.07514
106	162	1.06279
106	166	1.27094
106	170	1.21207
106	178	1.39979
107	40	0.866408
107	45	0.816428
107	54	1.00609
107	89	0.973602
107	98	0.798151
107	103	0.92132
107	143	0.792743
107	144	0.814095
107	151	0.778469
107	155	0.759406
107	164	1.17525
107	165	1.16704
107	167	1.06785
107	169	1.08044
107	170	1.09291
107	171	1.03467
107	173	1.03443
107	174	1.04028
107	175	1.09835
107	177	0.995117
107	178	1.02454
107	179	1.01465
107	180	0.970383
108	2	0.917264
108	13	1.08469
108	21	1.07354
108	27	1.06576
108	38	0.954342
108	41	0.960227
108	50	0.975522
108	59	1.03341
108	74	1.11056
108	86	1.02209
108	88	1.0265
108	102	1.03096
108	105	1.10658
108	110	1.02526
108	119	0.867649
108	128	0.974037
108	135	1.03226
108	152	1.00713
108	158	1.02263
108	166	1.17724
108	168	1.36076
108	173	1.31401
108	175	1.10594
108	179	1.3846
109	17	1.0615
109	22	1.06229
109	24	1.04392
109	30	1.12468
109	33	0.981974
109	54	0.932632
109	55	1.016
109	60	0.95932
109	63	1.10043
109	83	0.97495
109	87	1.12102
109	103	0.976354
109	126	1.02565
109	134	0.998778
109	141	0.979534
109	142	1.01217
109	152	1.07155
109	153	1.08184
109	157	1.17741
109	161	1.04585
109	166	1.24165
109	170	1.18278
109	175	1.17035
109	176	1.2827
110	13	1.03323
110	14	1.12159
110	25	1.17415
110	34	1.00603
110	44	0.943999
110	47	1.03533
110	51	1.04959
110	54	1.16956
110	70	0.92435
110	86	0.970629
110	96	0.950351
110	100	1.00851
110	102	0.979501
110	105	1.05512
110	108	1.02526
110	118	0.954469
110	133	0.958885
110	159	0.982814
110	163	1.01972
110	171	0.86814
110	175	0.931822
110	178	0.85801
110	179	0.848122
110	180	0.803852
111	16	1.16662
111	59	0.897506
111	67	0.735729
111	76	0.980143
111	82	1.03995
111	100	0.845439
111	143	0.793145
111	145	0.871497
111	152	1.09142
111	159	0.847414
111	162	1.12637
111	163	0.753198
111	165	1.13028
111	167	1.0311
111	169	1.04368
111	170	1.05615
111	171	0.997914
111	173	0.997673
111	174	1.00352
111	175	1.0616
111	177	0.958359
111	178	0.987784
111	179	0.977895
111	180	0.933625
112	62	0.986683
112	88	1.02459
112	90	0.983983
112	94	0.993251
112	100	1.07307
112	122	1.06022
112	123	0.974068
112	124	0.924367
112	128	0.97403
112	133	1.03718
112	144	1.01587
112	145	1.04268
112	147	1.02609
112	148	1.02854
112	150	0.929375
112	151	1.0572
112	155	1.04681
112	163	1.06926
112	164	0.968393
112	167	1.19619
112	171	1.32004
112	172	1.26553
112	176	1.21828
112	177	1.45519
113	10	0.890002
113	19	1.13206
113	20	1.09194
113	25	1.09664
113	80	0.821016
113	90	1.06898
113	93	1.04074
113	101	0.7847
113	102	1.03153
113	118	0.876961
113	154	1.07655
113	158	1.07429
113	162	1.094
113	165	1.09791
113	167	0.998726
113	169	1.01131
113	171	0.965543
113	172	0.981394
113	173	0.965303
113	174	0.971151
113	175	1.02922
113	177	0.925988
113	178	0.955413
113	179	0.945524
113	180	0.901254
114	31	0.991243
114	64	0.962765
114	72	1.00679
114	95	0.922131
114	117	1.08099
114	118	1.07467
114	120	0.998624
114	121	1.07287
114	127	1.02197
114	129	1.04074
114	134	1.07737
114	136	1.01108
114	137	1.01094
114	139	1.25234
114	143	1.00125
114	148	1.08214
114	149	1.07248
114	160	0.946989
114	162	1.02268
114	164	1.022
114	167	1.2498
114	168	0.900248
114	172	1.31914
114	176	0.918968
114	179	1.4382
115	13	0.879035
115	23	1.47401
115	36	1.12751
115	47	1.26971
115	52	1.22045
115	55	1.33166
115	65	0.950228
115	98	1.2149
115	120	1.32685
115	138	0.916517
115	148	0.958005
115	150	0.992138
115	156	0.875885
115	161	0.97524
115	167	0.874065
115	169	0.886646
115	170	0.899122
115	172	0.856733
115	173	0.840641
115	174	0.84649
115	175	0.904563
115	177	0.801327
115	178	0.830752
115	179	0.820863
115	180	0.776593
116	5	0.990397
116	44	0.990278
116	63	0.84071
116	68	0.961341
116	71	1.05266
116	73	0.977298
116	100	1.05479
116	137	1.10346
116	140	0.940204
116	141	1.10017
116	155	0.969156
116	156	0.988008
116	157	1.04865
116	163	0.962546
116	167	0.986188
116	169	0.998769
116	170	1.01124
116	171	0.953005
116	172	0.968856
116	173	0.952764
116	174	0.958613
116	175	1.01669
116	177	0.91345
116	178	0.942875
116	179	0.932986
116	180	0.888716
117	31	1.03347
117	39	1.05212
117	95	0.964356
117	114	1.08099
117	118	1.11689
117	120	1.04085
117	121	1.1151
117	126	0.971368
117	127	1.06419
117	128	1.00715
117	129	1.08296
117	134	1.05688
117	135	1.06538
117	136	1.0533
117	137	1.05317
117	141	0.94823
117	143	1.04348
117	156	1.33128
117	160	0.989214
117	165	1.00662
117	166	1.21035
117	168	0.942473
117	170	1.15148
117	175	1.13905
117	176	0.961193
117	178	1.33919
118	12	1.09318
118	39	1.04579
118	72	1.04269
118	89	1.00451
118	95	0.95803
118	110	0.954469
118	113	0.876961
118	114	1.07467
118	117	1.11689
118	120	1.03452
118	121	1.10877
118	127	1.05786
118	129	1.07664
118	131	0.83458
118	134	1.0215
118	135	1.02999
118	136	1.04698
118	137	1.04684
118	140	1.55252
118	157	1.11072
118	162	0.966812
118	165	0.971233
118	167	1.19393
118	168	0.936147
118	176	0.954867
118	179	1.38233
119	17	0.987337
119	41	1.02185
119	72	1.02649
119	76	1.05412
119	95	1.14574
119	108	0.867649
119	120	0.984486
119	127	0.915977
119	150	1.0858
119	159	0.921392
119	162	1.063
119	163	0.827176
119	164	1.07512
119	165	1.06692
119	167	0.967731
119	169	0.980312
119	170	0.992787
119	171	0.934547
119	172	0.950399
119	173	0.934307
119	174	0.940155
119	175	0.998229
119	177	0.894993
119	178	0.924417
119	179	0.914529
119	180	0.870259
120	12	1.01713
120	39	0.969752
120	64	1.026
120	68	1.07765
120	72	0.96665
120	88	0.994387
120	95	0.881988
120	114	0.998624
120	115	1.32685
120	117	1.04085
120	118	1.03452
120	119	0.984486
120	121	1.03273
120	126	1.05509
120	127	0.981823
120	129	1.0006
120	135	1.1491
120	136	0.970934
120	137	0.9708
120	142	1.06459
120	149	1.13572
120	160	0.906847
120	164	1.08524
120	168	0.860105
120	176	0.878825
120	177	1.57204
121	31	1.02535
121	38	0.995522
121	68	1.1519
121	95	0.956238
121	114	1.07287
121	117	1.1151
121	118	1.10877
121	120	1.03273
121	127	1.05607
121	129	1.07485
121	134	0.901723
121	136	1.04518
121	137	1.04505
121	140	1.43275
121	143	1.03536
121	148	0.906501
121	156	1.17612
121	160	0.981097
121	164	0.846354
121	166	1.05519
121	168	0.934356
121	175	0.983891
121	176	0.953075
121	177	1.33315
121	178	1.18404
121	179	1.26256
122	15	1.06179
122	43	0.967193
122	62	0.974009
122	80	1.10006
122	87	0.82908
122	90	0.971308
122	99	0.97646
122	112	1.06022
122	123	0.961394
122	133	1.02451
122	135	1.15138
122	144	1.00319
122	145	1.03001
122	146	1.14237
122	147	1.01341
122	149	1.138
122	150	1.0485
122	151	1.04452
122	154	1.13066
122	155	1.03414
122	159	1.01969
122	161	1.10055
122	163	1.05659
122	165	1.09262
122	166	0.954458
122	167	1.31532
122	169	1.2819
123	43	0.881043
123	45	0.990672
123	49	0.998887
123	71	1.02087
123	80	1.01391
123	94	0.894427
123	99	0.89031
123	100	0.97425
123	112	0.974068
123	122	0.961394
123	125	1.02402
123	133	0.938361
123	142	1.07825
123	144	0.917042
123	145	0.943861
123	147	0.927263
123	148	1.15904
123	150	1.05988
123	151	0.958373
123	155	0.947989
123	163	0.97044
123	164	1.09889
123	165	1.104
123	171	1.45054
123	175	1.23643
123	179	1.5151
123	180	1.73897
124	7	1.05406
124	12	0.907579
124	26	1.04199
124	69	1.24901
124	82	1.17066
124	86	0.880784
124	97	0.926265
124	112	0.924367
124	143	0.923848
124	149	1.05672
124	158	1.04011
124	159	0.978117
124	162	1.05982
124	164	1.07194
124	165	1.06373
124	169	0.977126
124	170	0.989601
124	171	0.931362
124	172	0.947213
124	173	0.931121
124	174	0.936969
124	175	0.995043
124	177	0.891807
124	178	0.921231
124	179	0.911343
124	180	0.867073
125	18	1.24923
125	47	0.953225
125	92	0.887724
125	102	1.04582
125	103	1.02158
125	104	1.04653
125	123	1.02402
125	127	0.941854
125	142	1.0579
125	145	0.971351
125	147	0.926479
125	148	1.04004
125	152	1.01643
125	154	1.03393
125	155	0.859661
125	157	1.01857
125	164	1.0635
125	166	0.972363
125	167	0.956101
125	170	0.981158
125	171	0.922918
125	172	0.938769
125	173	0.922678
125	174	0.928526
125	175	0.9866
125	177	0.883363
125	178	0.912788
125	179	0.902899
125	180	0.858629
126	8	1.01159
126	25	1.15566
126	33	0.98577
126	52	0.94869
126	54	0.936427
126	83	0.978745
126	103	0.98015
126	104	1.09126
126	105	0.877049
126	106	1.03196
126	109	1.02565
126	117	0.971368
126	120	1.05509
126	127	0.986585
126	133	1.01546
126	136	1.0274
126	143	0.93773
126	144	0.994142
126	145	1.02096
126	146	1.00348
126	147	1.00436
126	151	1.03547
126	155	1.02509
126	158	1.00471
126	170	0.954203
126	177	0.856409
126	178	0.885833
126	179	0.875945
126	180	0.831675
127	12	1.04048
127	15	0.991006
127	31	0.974443
127	38	1.1659
127	68	1.10099
127	72	0.989993
127	77	1.0818
127	88	0.925879
127	95	0.90533
127	114	1.02197
127	117	1.06419
127	118	1.05786
127	119	0.915977
127	120	0.981823
127	121	1.05607
127	125	0.941854
127	126	0.986585
127	129	1.02394
127	130	0.968829
127	136	0.994276
127	137	0.994142
127	143	0.984451
127	154	1.05987
127	160	0.930189
127	162	1.01741
127	166	1.22557
127	168	0.883448
127	173	1.36234
127	176	0.902167
127	179	1.43293
128	3	0.93695
128	7	1.10372
128	49	1.02853
128	62	1.00632
128	96	1.14925
128	108	0.974037
128	112	0.97403
128	117	1.00715
128	132	1.02733
128	133	0.976182
128	135	1.06503
128	147	1.00699
128	152	1.01463
128	154	1.03213
128	161	1.05548
128	163	0.933564
128	164	1.0617
128	167	0.954303
128	169	0.966884
128	170	0.97936
128	171	0.92112
128	172	0.936971
128	173	0.920879
128	174	0.926728
128	175	0.984801
128	177	0.881565
128	178	0.91099
128	179	0.901101
128	180	0.856831
129	12	1.05925
129	31	0.993216
129	39	1.01187
129	64	0.923941
129	68	1.11977
129	72	1.00877
129	89	0.97058
129	95	0.924104
129	114	1.04074
129	117	1.08296
129	118	1.07664
129	120	1.0006
129	121	1.07485
129	127	1.02394
129	132	1.05002
129	134	1.03854
129	136	1.01305
129	137	1.01292
129	138	1.22326
129	143	1.00322
129	149	1.03366
129	150	0.944156
129	158	1.03741
129	160	0.948962
129	161	0.996207
129	166	1.19201
129	168	0.902221
129	170	1.13314
129	172	1.28032
129	173	1.32878
129	176	0.920941
129	180	1.62325
130	1	0.936824
130	14	1.07734
130	17	1.04019
130	22	0.866439
130	23	1.18449
130	29	1.02595
130	53	1.01904
130	59	1.02433
130	66	0.778532
130	76	1.10697
130	85	0.971932
130	91	0.881325
130	96	1.09571
130	98	0.925382
130	101	1.1385
130	104	1.05361
130	106	1.05336
130	127	0.968829
130	144	1.03683
130	147	1.04705
130	151	1.07816
130	153	1.04732
130	155	1.06778
130	159	1.05333
130	160	0.985016
130	169	0.984416
130	170	0.996892
130	173	0.938411
130	177	0.899097
130	178	0.928522
130	179	0.918633
130	180	0.874363
131	14	1.0017
131	42	0.994638
131	43	1.14792
131	90	1.0266
131	94	0.984269
131	96	1.01206
131	104	0.989853
131	118	0.83458
131	137	0.937289
131	145	0.914677
131	150	1.09005
131	151	0.82205
131	152	1.03231
131	154	1.04981
131	155	0.802987
131	156	0.9738
131	159	0.890594
131	161	1.07316
131	162	1.06725
131	164	1.07937
131	165	1.07117
131	167	0.97198
131	169	0.984561
131	170	0.997037
131	171	0.938797
131	172	0.954648
131	173	0.938557
131	174	0.944405
131	175	1.00248
131	177	0.899242
131	178	0.928667
131	179	0.918778
131	180	0.874508
132	41	1.18944
132	45	1.0584
132	56	1.00357
132	60	1.06317
132	75	1.11263
132	91	0.996068
132	96	1.21045
132	102	1.18754
132	128	1.02733
132	129	1.05002
132	133	1.03739
132	135	1.01261
132	139	0.920224
132	142	1.00367
132	145	1.11307
132	147	1.0682
132	149	0.99406
132	153	0.977366
132	157	0.964346
132	158	0.977442
132	164	1.00927
132	165	1.00107
132	167	0.90188
132	169	0.914461
132	170	0.926936
132	171	0.868697
132	172	0.884548
132	173	0.868456
132	174	0.874304
132	175	0.932378
132	177	0.829142
132	178	0.858566
132	179	0.848678
132	180	0.804408
133	4	1.03125
133	43	0.94416
133	57	1.0092
133	62	0.950976
133	71	1.08398
133	80	1.07703
133	88	0.988878
133	89	0.949962
133	90	0.948275
133	94	0.957543
133	100	1.03737
133	110	0.958885
133	112	1.03718
133	122	1.02451
133	123	0.938361
133	126	1.01546
133	128	0.976182
133	132	1.03739
133	134	0.98859
133	144	0.980159
133	145	1.00698
133	146	1.0254
133	147	0.990379
133	151	1.02149
133	152	1.00928
133	155	1.0111
133	156	1.30031
133	157	1.11514
133	165	0.975649
133	168	1.3629
133	170	1.12051
133	172	1.26769
133	174	1.28031
133	175	1.10808
133	178	1.30823
134	7	1.15346
134	26	1.14139
134	30	1.1016
134	41	1.17797
134	54	0.909557
134	55	0.992922
134	58	0.962551
134	63	1.07735
134	80	1.06414
134	83	0.951875
134	91	0.984595
134	92	1.01797
134	93	1.18528
134	103	0.95328
134	109	0.998778
134	114	1.07737
134	117	1.05688
134	118	1.0215
134	121	0.901723
134	129	1.03854
134	133	0.98859
134	136	1.11291
134	144	0.967272
134	145	0.99409
134	146	0.976605
134	147	0.977493
134	151	1.0086
134	152	0.962603
134	155	0.998218
134	171	0.869093
134	172	0.884944
134	177	0.829539
134	178	0.858963
134	179	0.849075
134	180	0.804805
135	5	1.01964
135	32	0.852127
135	35	0.916011
135	45	1.05542
135	49	1.08676
135	51	0.958033
135	89	1.2126
135	97	1.03415
135	108	1.03226
135	117	1.06538
135	118	1.02999
135	120	1.1491
135	122	1.15138
135	128	1.06503
135	132	1.01261
135	136	1.12141
135	138	0.982029
135	140	0.893593
135	141	1.05356
135	156	0.941396
135	158	1.01514
135	162	1.03485
135	164	1.04697
135	165	1.03876
135	167	0.939577
135	169	0.952158
135	170	0.964633
135	172	0.922245
135	173	0.906153
135	174	0.912001
135	175	0.970075
135	177	0.866839
135	178	0.896263
135	179	0.886375
135	180	0.842105
136	12	1.02959
136	17	1.04226
136	31	0.963553
136	32	0.818668
136	39	0.982205
136	68	1.0901
136	72	0.979103
136	77	1.07092
136	87	0.799108
136	89	0.940917
136	95	0.894441
136	114	1.01108
136	117	1.0533
136	118	1.04698
136	120	0.970934
136	121	1.04518
136	126	1.0274
136	127	0.994276
136	129	1.01305
136	134	1.11291
136	135	1.12141
136	137	0.983253
136	142	1.0369
136	143	0.973561
136	146	1.1124
136	153	1.10657
136	156	1.38731
136	160	0.9193
136	161	1.07058
136	165	1.06265
136	168	0.872559
136	170	1.20751
136	172	1.35469
136	175	1.19508
136	176	0.891278
136	179	1.47375
137	12	1.02945
137	17	1.04213
137	31	0.96342
137	32	0.818535
137	39	0.982071
137	68	1.08997
137	72	0.97897
137	77	1.07078
137	89	0.940784
137	95	0.894307
137	114	1.01094
137	116	1.10346
137	117	1.05317
137	118	1.04684
137	120	0.9708
137	121	1.04505
137	127	0.994142
137	129	1.01292
137	131	0.937289
137	136	0.983253
137	141	1.01556
137	143	0.973428
137	146	1.12369
137	149	1.11932
137	153	1.11787
137	154	1.11198
137	160	0.919166
137	161	1.08187
137	165	1.07394
137	166	1.27768
137	168	0.872425
137	169	1.26323
137	171	1.42049
137	172	1.36598
137	174	1.3786
137	176	0.891144
138	6	1.07938
138	12	1.19169
138	21	1.03476
138	22	1.15443
138	27	1.31525
138	54	1.42131
138	58	1.14727
138	70	1.1761
138	74	1.1603
138	75	1.28587
138	97	1.21038
138	115	0.916517
138	129	1.22326
138	135	0.982029
138	140	0.825318
138	141	0.985289
138	148	0.955242
138	149	0.963482
138	150	0.989375
138	153	0.946788
138	156	0.873122
138	161	0.972477
138	162	0.966573
138	164	0.978696
138	165	0.970488
138	169	0.883883
138	170	0.896358
138	171	0.838119
138	172	0.85397
138	173	0.837878
138	174	0.843726
138	175	0.9018
138	177	0.798564
138	178	0.827989
138	179	0.8181
138	180	0.77383
139	6	1.06963
139	18	1.55445
139	24	1.1285
139	42	1.35653
139	57	1.15082
139	101	1.10421
139	104	1.35174
139	106	1.29244
139	114	1.25234
139	132	0.920224
139	147	1.23169
139	148	0.931135
139	149	0.939374
139	153	0.92268
139	154	0.925019
139	155	1.16488
139	157	0.90966
139	158	0.922756
139	161	0.948369
139	162	0.942466
139	164	0.954588
139	165	0.946381
139	166	0.863456
139	167	0.847194
139	169	0.859775
139	170	0.872251
139	171	0.814011
139	172	0.829862
139	173	0.81377
139	174	0.819619
139	175	0.877693
139	177	0.774456
139	178	0.803881
139	179	0.793992
139	180	0.749722
140	3	1.51771
140	30	1.37876
140	48	1.63834
140	57	1.50688
140	65	0.859028
140	78	1.53668
140	116	0.940204
140	118	1.55252
140	121	1.43275
140	135	0.893593
140	138	0.825318
140	142	0.884661
