1	4	1.03478
1	10	1.03478
1	12	0.908778
1	19	1.0163
1	64	0.958488
1	109	0.962314
1	110	0.978907
1	114	0.875335
1	121	0.900968
1	127	0.942292
1	166	0.965965
1	173	1.4324
2	36	0.742938
2	94	0.925274
2	139	1.0727
2	155	0.727079
2	161	1.05804
2	162	1.08263
2	163	1.06433
2	165	1.05732
2	167	1.06818
2	171	1.0615
2	178	1.07237
2	179	1.06293
3	101	1.03355
3	113	0.776598
3	120	1.06055
3	135	1.05868
3	143	1.06694
3	147	0.857649
3	156	1.06472
3	165	1.0664
3	170	1.09569
3	178	1.08145
3	179	1.07201
3	180	0.765173
4	1	1.03478
4	10	1.1458
4	12	1.01979
4	19	1.12732
4	64	1.06951
4	102	1.04051
4	108	1.10481
4	109	1.07333
4	111	0.570462
4	121	1.01199
4	166	1.07698
4	173	0.746192
5	100	0.929936
5	120	0.947327
5	142	0.970043
5	143	0.953719
5	144	1.21827
5	150	0.968685
5	153	1.17964
5	157	0.974031
5	162	0.978485
5	163	0.960189
5	166	0.958802
5	179	0.958784
6	11	0.931025
6	131	0.930087
6	143	0.959937
6	156	0.957712
6	158	1.15252
6	160	0.968019
6	161	0.960114
6	163	0.966406
6	170	0.988677
6	171	0.963575
6	175	1.24738
6	178	0.974447
7	89	1.09978
7	124	0.989406
7	131	0.924282
7	138	0.94557
7	149	0.932903
7	157	0.974443
7	160	0.962213
7	162	0.978897
7	167	0.964451
7	178	0.968641
7	179	0.959195
7	180	1.29553
8	36	1.07397
8	38	1.0673
8	102	0.887839
8	136	1.07785
8	142	0.740349
8	144	1.05548
8	160	0.774395
8	174	1.05772
8	175	1.06309
8	176	1.06617
8	177	1.07261
8	180	1.06579
9	121	0.895751
9	123	0.983203
9	126	0.972921
9	137	1.23316
9	158	0.96789
9	159	0.965565
9	167	1.16766
9	174	0.955578
9	175	0.960949
9	176	0.96403
9	177	0.970471
9	180	0.963643
10	1	1.03478
10	4	1.1458
10	12	1.01979
10	19	1.12732
10	64	1.06951
10	92	1.22913
10	102	1.04051
10	109	1.07333
10	111	0.60066
10	121	1.01199
10	148	0.589021
10	166	1.07698
11	6	0.931025
11	65	0.948725
11	107	0.990192
11	115	0.964869
11	141	0.951649
11	145	0.897116
11	157	0.989402
11	161	0.969268
11	169	1.1573
11	172	1.24098
11	178	0.9836
11	179	0.974154
12	1	0.908778
12	4	1.01979
12	10	1.01979
12	19	1.00131
12	64	0.943502
12	79	0.995222
12	109	0.947328
12	110	1.23435
12	121	0.885983
12	127	0.927306
12	166	0.950979
12	170	1.1716
13	40	1.02269
13	68	0.889
13	73	0.965626
13	79	1.02872
13	83	0.926792
13	84	0.997844
13	85	0.93321
13	87	0.931239
13	139	1.07637
13	148	0.955696
13	166	1.33078
13	168	0.949182
14	126	1.17857
14	130	1.2229
14	133	0.954914
14	142	0.963461
14	146	0.966254
14	156	0.944913
14	160	0.95522
14	162	0.971903
14	163	0.953607
14	170	0.975878
14	178	0.961648
14	179	0.952202
15	23	0.994144
15	31	1.06497
15	56	1.1178
15	61	1.11064
15	62	1.02329
15	86	1.07678
15	111	1.05715
15	128	1.0689
15	168	1.0045
15	169	1.08633
15	173	1.0871
15	180	0.319378
16	36	0.969526
16	96	0.940856
16	129	0.966997
16	138	1.16585
16	143	1.23793
16	153	0.956169
16	158	0.965586
16	172	0.956356
16	174	0.953275
16	176	0.961727
16	177	0.968168
16	180	0.96134
17	23	0.969469
17	30	1.04491
17	44	1.03123
17	47	1.02608
17	50	1.03685
17	56	1.09313
17	61	1.08596
17	62	0.998619
17	86	1.0521
17	112	1.04039
17	145	1.37576
17	169	1.06165
17	176	0.192878
18	66	1.07618
18	96	1.02438
18	150	0.848324
18	151	1.01026
18	154	1.02969
18	155	1.03563
18	170	0.855892
18	172	1.03988
18	175	1.04217
18	176	1.04525
18	177	1.05169
18	178	0.897965
18	180	1.04486
19	1	1.0163
19	4	1.12732
19	10	1.12732
19	12	1.00131
19	64	1.05102
19	102	1.02203
19	114	0.967871
19	121	0.993504
19	127	1.03483
19	148	0.993745
19	166	1.0585
19	173	1.18111
19	175	0.434963
20	75	1.11943
20	106	0.911257
20	120	0.9373
20	132	0.943935
20	142	0.960015
20	149	0.922464
20	156	0.941467
20	163	0.950161
20	167	0.954011
20	170	0.972432
20	178	0.958202
20	179	0.948756
20	180	1.47959
21	26	0.903937
21	55	0.953407
21	77	0.992131
21	81	0.991367
21	89	0.970027
21	94	0.957423
21	98	0.959114
21	105	0.939606
21	153	0.931173
21	166	1.47421
21	169	0.987336
21	173	0.945652
22	115	1.31909
22	130	0.946945
22	135	1.28208
22	144	0.937558
22	152	0.942069
22	153	0.942689
22	158	0.952107
22	172	0.942876
22	174	0.939795
22	175	0.945166
22	176	0.948247
22	177	0.954688
22	180	0.94786
23	15	0.994144
23	17	0.969469
23	30	0.944141
23	47	0.925309
23	50	0.936082
23	54	0.84323
23	56	0.992361
23	61	0.985193
23	62	0.897851
23	86	0.951334
23	117	1.31945
23	169	0.960885
23	180	1.27957
24	29	1.12643
24	48	1.06424
24	54	0.971828
24	73	1.04818
24	83	1.00935
24	84	1.0804
24	85	1.01577
24	87	1.0138
24	146	0.687788
24	148	1.03825
24	166	0.800084
24	168	1.03174
24	173	1.12596
25	64	0.878328
25	82	2.19396
25	121	0.820808
25	154	0.873531
25	163	0.887192
25	166	0.885805
25	176	0.889087
25	177	0.895528
25	178	0.895232
25	179	0.885787
25	180	0.888701
26	21	0.903937
26	55	0.93574
26	77	0.974465
26	81	0.9737
26	82	0.959
26	89	0.952361
26	94	0.939756
26	98	0.941448
26	105	0.921939
26	121	1.61574
26	166	0.996526
26	169	0.969669
26	173	0.927986
27	131	1.03187
27	134	1.02703
27	147	1.04496
27	155	1.03876
27	162	0.74768
27	168	1.00981
27	171	0.8217
27	172	1.04301
27	174	1.03993
27	175	1.0453
27	176	1.04838
27	177	1.05482
27	180	1.048
28	101	1.00561
28	119	1.02732
28	140	0.793385
28	141	1.02157
28	142	1.05533
28	147	0.903423
28	154	0.903665
28	157	1.05932
28	163	1.04548
28	165	1.03847
28	167	1.04933
28	178	1.05352
28	179	1.04407
29	24	1.12643
29	48	1.06478
29	54	0.972364
29	83	1.00989
29	84	1.08094
29	85	1.0163
29	87	1.01433
29	112	1.20033
29	127	1.0439
29	148	1.03879
29	168	1.03228
29	173	1.05779
29	176	0.352816
30	17	1.04491
30	23	0.944141
30	31	1.01496
30	46	0.967463
30	47	1.00075
30	50	1.01152
30	56	1.0678
30	61	1.06063
30	62	0.973291
30	86	1.02677
30	128	1.0189
30	158	0.54057
30	168	1.29898
30	169	1.03632
31	15	1.06497
31	30	1.01496
31	47	0.99613
31	50	1.0069
31	56	1.06318
31	61	1.05601
31	62	0.968672
31	86	1.02215
31	102	0.97278
31	108	1.26075
31	111	1.00253
31	130	0.171473
31	145	1.38004
31	169	1.03171
32	48	0.595288
32	118	0.998717
32	126	1.02857
32	152	1.0135
32	159	1.02122
32	164	1.03075
32	171	1.1
32	172	1.01431
32	174	1.01123
32	175	1.0166
32	176	1.01968
32	177	1.02612
32	179	1.10343
32	180	1.0193
33	38	0.641626
33	67	1.07247
33	69	0.989081
33	81	1.04953
33	82	1.03482
33	89	1.02819
33	94	1.01558
33	98	1.01727
33	105	0.997765
33	145	0.945987
33	166	0.963799
33	168	1.20707
33	169	1.04549
33	173	1.00381
34	39	0.958531
34	50	0.929963
34	61	0.979073
34	62	0.891732
34	67	1.12093
34	83	1.67715
34	86	0.945214
34	92	0.86348
34	119	0.91554
34	122	0.955767
34	140	0.937222
34	170	0.955972
34	179	0.932296
34	180	0.93521
35	91	0.990228
35	119	0.905278
35	130	1.02308
35	134	1.00304
35	147	1.02096
35	151	0.989397
35	153	1.01883
35	158	1.02824
35	174	1.01593
35	175	1.0213
35	176	1.02439
35	177	1.03083
35	179	0.90718
35	180	1.024
36	2	0.742938
36	8	1.07397
36	16	0.969526
36	97	0.996603
36	107	0.921239
36	119	1.13797
36	147	1.01911
36	164	1.0336
36	173	1.00002
36	174	1.01408
36	175	1.01945
36	176	1.02253
36	177	1.02897
36	180	1.02214
37	66	0.966992
37	96	0.915189
37	116	0.924876
37	149	1.40781
37	153	0.930503
37	154	0.920504
37	155	0.926437
37	159	0.937595
37	172	0.930689
37	175	0.932979
37	176	0.93606
37	177	0.942501
37	179	1.39286
37	180	0.935674
38	8	1.0673
38	33	0.641626
38	52	1.04701
38	136	1.02753
38	148	0.983792
38	158	1.01971
38	159	1.01739
38	167	1.11175
38	172	1.01048
38	174	1.0074
38	175	1.01277
38	176	1.01585
38	177	1.02229
38	180	1.01547
39	34	0.958531
39	59	0.998631
39	135	0.894587
39	143	1.06841
39	151	1.00268
39	152	1.03149
39	153	1.03211
39	168	0.999089
39	170	0.84088
39	172	1.03229
39	174	1.02921
39	175	1.03458
39	177	1.04411
39	180	1.03728
40	13	1.02269
40	45	1.05604
40	48	1.0436
40	68	0.95091
40	73	1.02754
40	83	0.988702
40	84	1.05975
40	85	0.995119
40	87	0.993148
40	92	1.31486
40	128	1.05141
40	145	1.34003
40	168	1.01109
40	174	0.156254
41	65	0.995304
41	134	1.02662
41	141	0.998228
41	149	0.994441
41	161	1.01585
41	162	1.04043
41	165	1.01513
41	167	1.02599
41	170	1.04441
41	171	1.01931
41	174	0.886099
41	176	0.886991
41	178	1.03018
41	179	1.02073
42	90	0.908268
42	115	0.989257
42	125	1.01137
42	138	0.984917
42	139	1.00832
42	143	0.993479
42	160	1.00156
42	161	0.993656
42	163	0.999948
42	165	0.992938
42	167	1.0038
42	170	1.02222
42	174	1.0651
42	175	1.02481
42	179	0.998543
43	120	1.05036
43	140	1.00146
43	152	0.993658
43	154	0.984281
43	155	0.990213
43	158	1.0037
43	162	0.988025
43	164	1.0109
43	165	0.962647
43	169	1.019
43	172	0.994465
43	175	0.996755
43	176	0.999836
43	177	1.00628
43	180	0.99945
44	17	1.03123
44	62	0.959617
44	69	1.07224
44	77	0.528078
44	90	0.991496
44	94	1.38125
44	102	0.963725
44	163	1.00159
44	164	1.01455
44	169	1.02265
44	171	0.998755
44	176	1.00348
44	178	1.00963
44	179	1.00018
44	180	1.0031
45	40	1.05604
45	48	1.01504
45	73	0.998976
45	83	0.960143
45	84	1.03119
45	85	0.96656
45	87	0.964589
45	110	1.01888
45	121	1.31032
45	127	0.994152
45	128	1.02285
45	148	0.989046
45	166	0.691106
45	168	0.982532
45	173	1.01698
46	30	0.967463
46	68	0.911732
46	90	0.982734
46	110	1.00826
46	116	1.0476
46	138	0.993562
46	150	1.01709
46	156	0.999898
46	163	1.00859
46	167	1.01244
46	170	1.03086
46	171	1.00576
46	173	0.987974
46	178	1.01663
46	179	1.00719
47	17	1.02608
47	23	0.925309
47	30	1.00075
47	31	0.99613
47	50	0.99269
47	56	1.04897
47	61	1.0418
47	62	0.954459
47	86	1.00794
47	111	0.988319
47	121	1.58265
47	128	1.00006
47	163	0.903509
47	169	1.01749
47	180	0.521594
48	24	1.06424
48	29	1.06478
48	32	0.595288
48	40	1.0436
48	45	1.01504
48	73	0.986529
48	83	0.947695
48	84	1.01875
48	85	0.954113
48	87	0.952142
48	110	1.00643
48	129	0.5878
48	145	1.82103
48	148	0.976599
48	168	0.970085
49	121	0.863843
49	144	0.921432
49	151	0.897133
49	152	0.925943
49	155	0.922498
49	158	0.935981
49	163	1.56375
49	165	1.43844
49	169	0.95129
49	172	0.926751
49	174	0.92367
49	175	0.929041
49	176	0.932121
49	177	0.938562
49	180	0.931735
50	17	1.03685
50	23	0.936082
50	30	1.01152
50	31	1.0069
50	34	0.929963
50	47	0.99269
50	56	1.05974
50	61	1.05257
50	62	0.965232
50	102	0.96934
50	128	1.01084
50	166	1.04901
50	168	1.29229
50	169	1.02827
50	176	0.669919
51	62	0.662268
51	66	1.13259
51	92	1.02954
51	109	0.754255
51	134	1.08031
51	149	0.74415
51	154	1.08611
51	156	0.839251
51	158	1.10552
51	168	1.06309
51	174	1.09321
51	175	1.09858
51	176	1.10166
51	177	1.1081
51	180	1.10128
52	38	1.04701
52	70	1.02484
52	132	0.997026
52	135	0.988518
52	137	0.984538
52	138	0.988222
52	141	0.979342
52	157	1.01709
52	163	1.00325
52	165	0.996242
52	167	1.0071
52	170	1.02552
52	178	1.01129
52	179	1.00185
52	180	0.927343
53	72	0.94949
53	93	0.968604
53	97	1.04093
53	107	1.00199
53	111	0.979244
53	134	1.18059
53	157	1.0012
53	160	0.988966
53	161	0.981062
53	162	1.00565
53	167	0.991204
53	171	0.984522
53	173	0.966734
53	178	0.995394
53	179	0.985948
53	180	0.978216
54	23	0.84323
54	24	0.971828
54	29	0.972364
54	61	0.959721
54	73	0.894113
54	85	0.861697
54	86	0.925862
54	128	0.917984
54	141	0.890439
54	163	0.914349
54	164	1.54743
54	168	0.877669
54	169	0.935413
54	172	1.65169
54	178	0.922389
54	179	0.912944
55	21	0.953407
55	26	0.93574
55	67	1.04612
55	69	0.962726
55	77	1.02393
55	82	1.00847
55	89	1.00183
55	94	0.989226
55	97	0.978954
55	98	0.990917
55	105	0.971409
55	145	0.919631
55	148	1.49659
55	164	0.728357
55	169	1.01914
55	173	0.977455
56	15	1.1178
56	17	1.09313
56	23	0.992361
56	30	1.0678
56	31	1.06318
56	47	1.04897
56	50	1.05974
56	61	1.10885
56	62	1.02151
56	86	1.07499
56	112	1.10027
56	128	1.06712
56	147	0.282488
56	168	0.87513
56	169	1.08454
56	173	0.957732
57	70	1.17322
57	115	0.977759
57	125	0.999867
57	131	0.95213
57	132	0.982224
57	156	0.979755
57	157	1.00229
57	160	0.990062
57	163	0.98845
57	164	0.887853
57	165	0.981439
57	168	0.951769
57	170	1.01072
57	176	1.13848
57	178	0.99649
57	179	0.987044
58	59	1.12762
58	113	1.10978
58	131	0.937045
58	132	0.967138
58	137	0.95465
58	149	0.945666
58	150	0.98186
58	156	0.964669
58	157	0.987206
58	162	0.99166
58	163	0.973364
58	167	0.977214
58	170	0.995635
58	171	0.970532
58	176	1.16111
58	178	0.981404
58	179	0.971959
59	39	0.998631
59	58	1.12762
59	140	0.977322
59	144	0.965008
59	147	0.972273
59	148	0.943635
59	152	0.969519
59	153	0.970139
59	154	0.960141
59	160	1.1394
59	163	1.13529
59	172	0.970326
59	174	0.967245
59	175	0.972616
59	176	0.975697
59	177	0.982138
59	180	0.97531
60	91	1.20436
60	97	0.948736
60	129	0.979935
60	134	0.953317
60	138	1.16881
60	153	0.969107
60	158	0.978524
60	159	0.976199
60	164	0.98573
60	167	1.02985
60	169	0.993832
60	172	0.969293
60	173	0.952149
60	174	0.966212
60	175	0.971583
60	177	0.981105
60	180	0.974278
61	15	1.11064
61	17	1.08596
61	23	0.985193
61	30	1.06063
61	31	1.05601
61	34	0.979073
61	47	1.0418
61	50	1.05257
61	54	0.959721
61	56	1.10885
61	62	1.01434
61	86	1.06783
61	148	1.09322
61	169	1.07738
61	173	1.28059
61	175	0.534441
61	177	0.501612
62	15	1.02329
62	17	0.998619
62	23	0.897851
62	30	0.973291
62	31	0.968672
62	34	0.891732
62	44	0.959617
62	47	0.954459
62	50	0.965232
62	51	0.662268
62	56	1.02151
62	61	1.01434
62	86	0.980484
62	111	0.960861
62	118	1.04068
62	168	1.70173
62	169	0.990034
63	79	0.730575
63	107	1.059
63	125	1.05578
63	127	1.0359
63	132	1.03814
63	149	1.01667
63	155	0.860571
63	156	1.03567
63	159	0.768484
63	162	1.06266
63	165	1.03735
63	166	1.04298
63	167	1.04821
63	170	1.06664
63	171	1.04153
63	178	1.05241
63	179	1.04296
64	1	0.958488
64	4	1.06951
64	10	1.06951
64	12	0.943502
64	19	1.05102
64	25	0.878328
64	79	1.04493
64	102	0.964215
64	109	0.997039
64	110	1.0548
64	114	0.91006
64	121	0.935693
64	127	0.977016
64	148	1.32093
64	154	0.833294
64	166	1.00069
65	11	0.948725
65	41	0.995304
65	76	0.967572
65	91	0.977328
65	100	0.953852
65	112	0.932117
65	136	1.10914
65	149	0.956408
65	155	1.31994
65	156	0.975411
65	161	0.977814
65	162	1.0024
65	165	0.977095
65	168	0.947425
65	171	0.981274
65	178	0.992146
65	179	0.9827
66	18	1.07618
66	37	0.966992
66	51	1.13259
66	106	0.932503
66	130	1.04436
66	132	0.787687
66	134	1.02432
66	138	0.806503
66	143	0.878581
66	153	1.04011
66	164	1.05673
66	169	1.06483
66	173	1.02315
66	174	1.03721
66	175	1.04258
66	176	1.04566
66	180	1.04528
67	33	1.07247
67	34	1.12093
67	55	1.04612
67	69	1.02363
67	77	1.08484
67	82	1.06938
67	89	1.06274
67	94	1.05013
67	98	1.05182
67	105	1.03232
67	108	1.00761
67	134	0.596798
67	145	0.980538
67	148	0.97477
67	161	0.711548
67	169	1.08005
67	173	1.03836
68	13	0.889
68	40	0.95091
68	46	0.911732
68	77	1.73668
68	81	1.64887
68	87	0.859456
68	133	0.915386
68	148	0.883913
68	151	0.880986
68	168	0.877399
68	170	0.93635
68	171	0.911248
68	172	0.910604
68	175	0.912894
68	177	0.922415
68	178	0.92212
68	180	0.915588
69	33	0.989081
69	44	1.07224
69	55	0.962726
69	67	1.02363
69	77	1.00145
69	81	1.00069
69	82	0.985986
69	89	0.979347
69	94	0.966742
69	98	0.968434
69	105	0.948925
69	108	0.924215
69	111	1.24575
69	145	0.897147
69	166	1.09561
69	169	0.996655
69	173	0.954972
70	52	1.02484
70	57	1.17322
70	123	0.994654
70	134	0.954133
70	151	0.940492
70	154	0.959925
70	155	0.965857
70	158	0.97934
70	159	0.977016
70	163	1.20352
70	164	0.986547
70	172	0.97011
70	174	0.967029
70	175	0.9724
70	176	0.975481
70	177	0.981922
70	180	0.975094
71	95	1.01536
71	111	0.965949
71	117	0.958295
71	137	1.11579
71	140	0.977579
71	143	1.26132
71	150	1.02622
71	152	0.969776
71	153	0.970397
71	154	0.960398
71	155	0.966331
71	172	0.970583
71	173	0.953439
71	174	0.967502
71	175	0.972873
71	176	0.975954
71	180	0.975568
72	53	0.94949
72	75	0.952255
72	88	1.1448
72	91	0.9663
72	141	0.949167
72	146	0.985723
72	149	0.94538
72	150	0.981573
72	161	0.966785
72	162	0.991373
72	163	0.973077
72	165	0.966067
72	167	0.976927
72	170	0.995348
72	177	1.30115
72	178	0.981118
72	179	0.971672
73	13	0.965626
73	24	1.04818
73	40	1.02754
73	45	0.998976
73	48	0.986529
73	54	0.894113
73	83	0.931635
73	84	1.00269
73	85	0.938052
73	87	0.936081
73	110	0.990373
73	112	1.65901
73	127	0.965644
73	148	0.960539
73	164	0.560865
73	166	1.19059
73	168	0.954024
74	102	0.924854
74	119	0.944554
74	120	0.949854
74	124	0.991521
74	126	1.2231
74	133	0.964023
74	135	0.947981
74	141	0.938805
74	156	0.954021
74	157	0.976557
74	160	0.964328
74	167	0.966565
74	170	0.984987
74	171	0.959884
74	172	1.14675
74	178	0.970756
74	179	0.96131
74	180	1.23036
75	20	1.11943
75	72	0.952255
75	91	0.806434
75	95	1.06596
75	126	1.03545
75	129	1.03183
75	144	1.01587
75	154	1.01101
75	158	1.03042
75	164	1.03763
75	166	1.02328
75	172	1.02119
75	174	1.01811
75	175	1.02348
75	176	1.02656
75	177	1.033
75	179	0.723387
75	180	1.02618
76	65	0.967572
76	88	1.03132
76	101	0.959828
76	111	1.03173
76	113	1.02738
76	117	1.02407
76	121	0.973451
76	123	1.0609
76	134	1.02038
76	140	1.04335
76	144	1.03104
76	151	1.00674
76	156	0.881699
76	163	0.794124
76	172	1.03636
76	174	1.03328
76	175	1.03865
76	180	1.04134
77	21	0.992131
77	26	0.974465
77	44	0.528078
77	55	1.02393
77	67	1.08484
77	68	1.73668
77	69	1.00145
77	81	1.06189
77	82	1.04719
77	89	1.04056
77	94	1.02795
77	98	1.02964
77	105	1.01013
77	109	1.03176
77	166	0.551442
77	168	0.794717
77	169	1.05786
77	173	1.01618
78	80	1.04844
78	117	0.898974
78	119	1.01397
78	127	1.0749
78	143	1.02566
78	156	1.02343
78	160	1.03374
78	163	1.03213
78	165	1.02512
78	167	1.03598
78	168	0.995447
78	170	1.0544
78	171	1.0293
78	172	0.775481
78	173	1.01151
78	177	0.847836
78	178	1.04017
78	179	1.03072
79	12	0.995222
79	13	1.02872
79	63	0.730575
79	64	1.04493
79	83	0.994727
79	85	1.00114
79	87	0.999173
79	119	0.992111
79	127	1.02874
79	144	1.045
79	146	0.964126
79	153	1.05013
79	154	1.04014
79	162	0.916562
79	166	1.05241
79	168	1.01712
79	174	1.04724
79	180	1.05531
80	78	1.04844
80	132	1.02103
80	135	1.01252
80	137	1.00854
80	142	1.03711
80	144	0.870489
80	146	1.0399
80	159	0.88144
80	160	1.02887
80	161	1.02097
80	163	1.02726
80	165	1.02025
80	170	1.04953
80	171	1.02443
80	172	0.849444
80	174	0.994916
80	178	1.0353
80	179	1.02585
81	21	0.991367
81	26	0.9737
81	33	1.04953
81	68	1.64887
81	69	1.00069
81	77	1.06189
81	82	1.04643
81	92	0.965814
81	94	1.02719
81	98	1.02888
81	105	1.00937
81	109	1.031
81	112	0.984047
81	114	1.68662
81	126	0.0145152
81	145	0.957591
81	166	0.463623
81	169	1.0571
81	173	1.01542
82	25	2.19396
82	26	0.959
82	33	1.03482
82	55	1.00847
82	67	1.06938
82	69	0.985986
82	77	1.04719
82	81	1.04643
82	89	1.02509
82	94	1.01249
82	98	1.01418
82	105	0.994669
82	109	1.0163
82	121	0.891298
82	145	0.942891
82	163	0.212161
82	168	0.515362
82	169	1.0424
82	173	1.00072
83	13	0.926792
83	24	1.00935
83	29	1.00989
83	34	1.67715
83	40	0.988702
83	45	0.960143
83	48	0.947695
83	73	0.931635
83	79	0.994727
83	84	0.963853
83	85	0.899218
83	87	0.897248
83	110	0.951539
83	116	0.920526
83	127	0.92681
83	128	0.955506
83	148	0.921705
83	168	0.91519
83	170	1.20211
84	13	0.997844
84	24	1.0804
84	29	1.08094
84	40	1.05975
84	45	1.03119
84	48	1.01875
84	73	1.00269
84	83	0.963853
84	85	0.97027
84	87	0.968299
84	108	1.07255
84	110	1.02259
84	114	1.61104
84	127	0.997862
84	128	1.02656
84	143	0.425209
84	148	0.992757
84	168	0.986242
84	173	0.713923
85	13	0.93321
85	24	1.01577
85	29	1.0163
85	40	0.995119
85	45	0.96656
85	48	0.954113
85	54	0.861697
85	73	0.938052
85	79	1.00114
85	83	0.899218
85	84	0.97027
85	87	0.903665
85	92	1.45601
85	108	1.36189
85	127	0.933228
85	128	0.961923
85	148	0.928122
85	168	0.921608
85	173	1.00327
86	15	1.07678
86	17	1.0521
86	23	0.951334
86	30	1.02677
86	31	1.02215
86	34	0.945214
86	47	1.00794
86	54	0.925862
86	56	1.07499
86	61	1.06783
86	62	0.980484
86	102	0.984592
86	111	1.01434
86	114	1.70233
86	128	1.02609
86	145	1.28313
86	169	1.04352
86	173	0.805212
86	177	0.0262309
87	13	0.931239
87	24	1.0138
87	29	1.01433
87	40	0.993148
87	45	0.964589
87	48	0.952142
87	68	0.859456
87	73	0.936081
87	79	0.999173
87	83	0.897248
87	84	0.968299
87	85	0.903665
87	110	0.955985
87	111	1.41601
87	127	0.931257
87	128	0.959952
87	140	0.806457
87	168	0.919637
87	173	1.59174
88	72	1.1448
88	76	1.03132
88	91	0.998979
88	113	0.989971
88	116	0.993139
88	118	0.983358
88	147	1.0009
88	152	0.998145
88	153	0.998766
88	155	0.9947
88	158	1.00818
88	159	1.00586
88	160	0.942529
88	172	0.998953
88	173	0.981808
88	174	0.995872
88	176	1.00432
88	177	1.01076
88	179	0.915931
88	180	1.00394
89	7	1.09978
89	21	0.970027
89	26	0.952361
89	33	1.02819
89	55	1.00183
89	67	1.06274
89	69	0.979347
89	77	1.04056
89	82	1.02509
89	94	1.00585
89	98	1.00754
89	105	0.98803
89	109	1.00966
89	110	0.84259
89	112	0.962707
89	145	0.936252
89	157	0.856047
89	168	1.21348
89	169	1.03576
89	173	0.994076
90	42	0.908268
90	44	0.991496
90	46	0.982734
90	100	1.09326
90	116	0.991561
90	130	1.00144
90	132	1.01724
90	140	1.00437
90	144	0.992056
90	147	0.999322
90	152	0.996568
90	159	1.00428
90	164	1.01381
90	166	0.999463
90	172	0.997375
90	174	0.994294
90	175	0.999665
90	176	1.00275
90	177	1.00919
90	180	1.00236
91	35	0.990228
91	60	1.20436
91	65	0.977328
91	72	0.9663
91	75	0.806434
91	88	0.998979
91	107	1.0188
91	119	0.986002
91	132	0.997937
91	142	1.01402
91	143	0.997694
91	156	0.995468
91	160	1.00578
91	162	1.02246
91	167	1.00801
91	168	0.967483
91	170	1.02643
91	171	1.00133
91	178	1.0122
91	179	1.00276
92	10	1.22913
92	34	0.86348
92	40	1.31486
92	51	1.02954
92	81	0.965814
92	85	1.45601
92	94	0.931869
92	98	0.933561
92	105	0.914053
92	150	0.949215
92	165	0.933709
92	170	0.96299
92	173	0.920099
92	174	0.934162
92	175	0.939533
92	176	0.942614
92	177	0.949055
92	178	0.948759
92	179	0.939314
92	180	0.942228
93	53	0.968604
93	107	1.00682
93	122	0.954683
93	131	0.955872
93	132	0.985965
93	135	0.977457
93	137	0.973477
93	139	1.00056
93	141	0.968281
93	146	1.00484
93	159	1.05341
93	162	1.01049
93	165	0.985181
93	167	0.996041
93	170	1.01446
93	171	0.98936
93	172	1.02142
93	173	0.971572
93	174	1.16689
93	178	1.00023
93	179	0.990786
94	2	0.925274
94	21	0.957423
94	26	0.939756
94	33	1.01558
94	44	1.38125
94	55	0.989226
94	67	1.05013
94	69	0.966742
94	77	1.02795
94	81	1.02719
94	82	1.01249
94	89	1.00585
94	92	0.931869
94	98	0.994933
94	105	0.975425
94	108	0.950715
94	112	0.950103
94	155	1.00324
94	158	0.88948
94	169	1.02315
94	173	0.981472
95	71	1.01536
95	75	1.06596
95	104	1.06366
95	113	1.03978
95	130	1.05283
95	147	1.05071
95	151	1.01914
95	154	1.03858
95	159	1.05567
95	163	0.899266
95	164	1.0652
95	167	0.785326
95	169	1.0733
95	170	0.768823
95	171	0.873352
95	172	1.04876
95	174	1.04568
95	175	1.05105
95	177	1.06057
95	179	0.876783
95	180	1.05375
96	16	0.940856
96	18	1.02438
96	37	0.915189
96	104	1.00339
96	123	1.01303
96	131	1.27353
96	147	0.990437
96	153	0.988303
96	154	0.978305
96	155	0.984237
96	158	0.997721
96	159	0.995396
96	162	0.989342
96	164	1.00493
96	165	0.963964
96	167	0.975336
96	174	0.985409
96	175	0.99078
96	176	0.993861
96	177	1.0003
96	180	0.993474
97	36	0.996603
97	53	1.04093
97	55	0.978954
97	60	0.948736
97	99	1.01395
97	116	0.977619
97	126	0.997694
97	130	0.987501
97	140	0.990428
97	152	0.982625
97	158	0.992663
97	159	0.990339
97	164	0.999869
97	170	1.0383
97	171	1.14283
97	172	0.983433
97	174	0.980352
97	175	0.985723
97	176	0.988803
97	177	0.995244
97	180	0.988417
98	21	0.959114
98	26	0.941448
98	33	1.01727
98	55	0.990917
98	67	1.05182
98	69	0.968434
98	77	1.02964
98	81	1.02888
98	82	1.01418
98	89	1.00754
98	92	0.933561
98	94	0.994933
98	105	0.977117
98	110	0.889351
98	111	1.16711
98	112	0.951794
98	145	0.925339
98	157	0.902807
98	168	1.26024
98	169	1.02485
98	173	0.983163
99	97	1.01395
99	100	0.991163
99	115	0.869227
99	120	0.871353
99	123	1.05905
99	126	1.04877
99	129	1.04515
99	134	1.01853
99	151	1.00489
99	153	1.03432
99	154	1.02432
99	155	1.03025
99	159	1.04141
99	164	1.05094
99	165	0.783642
99	172	1.03451
99	174	1.03143
99	175	1.0368
99	176	1.03988
99	177	1.04632
99	179	0.886471
99	180	1.03949
100	5	0.929936
100	65	0.953852
100	90	1.09326
100	99	0.991163
100	115	0.969997
100	124	1.00949
100	125	0.992105
100	129	1.20064
100	135	0.965953
100	138	0.965657
100	141	0.956777
100	142	0.990541
100	143	0.974218
100	150	0.989184
100	157	0.994529
100	158	1.11494
100	161	0.974396
100	167	0.984537
100	170	1.00296
100	171	0.977856
100	178	0.988728
100	179	0.979282
101	3	1.03355
101	28	1.00561
101	76	0.959828
101	107	0.985711
101	115	0.960388
101	128	1.09464
101	137	0.952365
101	139	0.97945
101	146	0.983725
101	149	0.943381
101	150	0.979575
101	160	0.972691
101	161	0.964787
101	162	0.989375
101	164	1.08385
101	165	0.964068
101	167	0.974929
101	170	0.99335
101	171	0.968247
101	177	1.26047
101	178	0.979119
101	179	0.969673
102	4	1.04051
102	8	0.887839
102	10	1.04051
102	19	1.02203
102	31	0.97278
102	44	0.963725
102	50	0.96934
102	64	0.964215
102	74	0.924854
102	86	0.984592
102	111	0.964969
102	114	0.881062
102	123	1.12573
102	144	1.16101
102	151	1.22318
102	162	0.991375
102	165	0.966069
102	166	0.971692
102	169	0.994143
102	170	0.99535
102	178	0.981119
102	179	0.971674
103	115	0.969069
103	119	0.961598
103	137	0.961046
103	139	0.988131
103	142	0.989613
103	143	0.97329
103	149	0.952062
103	156	0.971065
103	158	1.0323
103	160	0.981372
103	161	0.973468
103	162	0.998055
103	163	0.97976
103	165	0.972749
103	167	0.983609
103	170	1.00203
103	171	0.976928
103	174	1.16745
103	177	1.09433
103	178	0.9878
103	179	0.978354
103	180	1.10559
104	95	1.06366
104	96	1.00339
104	118	1.00329
104	123	1.04343
104	125	0.766269
104	136	1.03594
104	142	0.927864
104	144	1.01357
104	151	0.989271
104	152	1.01808
104	154	1.0087
104	156	1.04537
104	157	0.903563
104	158	1.02812
104	159	1.02579
104	160	0.96191
104	164	1.03533
104	166	1.02098
104	172	1.01889
104	174	1.01581
104	175	1.02118
104	177	1.0307
104	180	1.02387
105	21	0.939606
105	26	0.921939
105	33	0.997765
105	55	0.971409
105	67	1.03232
105	69	0.948925
105	77	1.01013
105	81	1.00937
105	82	0.994669
105	89	0.98803
105	92	0.914053
105	94	0.975425
105	98	0.977117
105	108	0.932898
105	109	0.979236
105	112	0.932286
105	123	0.65352
105	145	0.90583
105	148	1.33173
105	166	1.19322
105	168	1.4365
105	169	1.00534
105	173	0.963655
106	20	0.911257
106	66	0.932503
106	124	1.00084
106	131	0.935718
106	133	0.973344
106	137	0.953323
106	139	0.980408
106	149	0.944339
106	150	0.980533
106	156	0.963342
106	160	0.973649
106	161	0.965745
106	162	0.990332
106	163	0.972037
106	164	1.06916
106	165	0.965026
106	167	0.975886
106	170	0.994308
106	171	0.969205
106	175	1.27861
106	176	1.31979
106	178	0.980077
106	179	0.970631
107	11	0.990192
107	36	0.921239
107	53	1.00199
107	63	1.059
107	91	1.0188
107	93	1.00682
107	101	0.985711
107	110	1.02524
107	117	0.904788
107	118	0.888979
107	132	1.01935
107	134	1.06729
107	135	1.01084
107	139	1.03394
107	152	0.815338
107	160	1.02719
107	161	1.01928
107	162	1.04387
107	167	1.02942
107	170	1.04784
107	171	1.02274
107	178	1.03361
107	179	1.02417
108	4	1.10481
108	31	1.26075
108	67	1.00761
108	69	0.924215
108	84	1.07255
108	85	1.36189
108	94	0.950715
108	105	0.932898
108	115	0.948874
108	123	0.980633
108	134	0.940112
108	158	0.965319
108	162	0.97786
108	164	0.972525
108	165	0.952554
108	167	0.963414
108	169	0.980628
108	171	0.956733
108	173	0.938945
108	175	0.958379
108	176	0.961459
108	177	0.9679
108	179	0.958159
108	180	0.961073
109	1	0.962314
109	4	1.07333
109	10	1.07333
109	12	0.947328
109	51	0.754255
109	64	0.997039
109	77	1.03176
109	81	1.031
109	82	1.0163
109	89	1.00966
109	105	0.979236
109	122	0.958255
109	128	0.931513
109	130	1.14567
109	150	1.0144
109	153	1.0074
109	157	1.01974
109	161	0.99961
109	166	1.00452
109	167	1.00975
109	169	1.02697
109	173	0.985283
109	178	1.01394
109	179	1.0045
110	1	0.978907
110	12	1.23435
110	45	1.01888
110	46	1.00826
110	48	1.00643
110	64	1.0548
110	73	0.990373
110	83	0.951539
110	84	1.02259
110	87	0.955985
110	89	0.84259
110	98	0.889351
110	107	1.02524
110	113	0.998152
110	115	0.999918
110	152	1.00633
110	153	1.00695
110	154	0.996948
110	163	1.01061
110	168	0.973928
110	173	0.989989
110	174	1.00405
110	176	1.0125
110	179	1.0092
110	180	1.01212
111	4	0.570462
111	10	0.60066
111	15	1.05715
111	31	1.00253
111	47	0.988319
111	53	0.979244
111	62	0.960861
111	69	1.24575
111	71	0.965949
111	76	1.03173
111	86	1.01434
111	87	1.41601
111	98	1.16711
111	102	0.964969
111	126	1.01362
111	137	0.984117
111	141	0.978921
111	146	1.01548
111	152	0.998548
111	155	0.995103
111	158	1.00859
111	169	1.02389
111	178	1.01087
111	179	1.00143
111	180	1.00434
112	17	1.04039
112	29	1.20033
112	56	1.10027
112	65	0.932117
112	73	1.65901
112	81	0.984047
112	89	0.962707
112	94	0.950103
112	98	0.951794
112	105	0.932286
112	114	0.866935
112	129	0.966118
112	152	0.954669
112	156	0.950257
112	164	0.971914
112	165	0.951942
112	169	0.980016
112	171	0.956121
112	172	0.955477
112	173	0.938333
112	174	0.952396
112	175	0.957767
112	178	0.966993
112	179	0.957547
112	180	0.960461
113	3	0.776598
113	58	1.10978
113	76	1.02738
113	88	0.989971
113	95	1.03978
113	110	0.998152
113	116	0.989195
113	117	0.98272
113	118	0.979414
113	129	1.00565
113	130	0.999077
113	133	1.01282
113	149	1.10992
113	153	0.994821
113	154	0.984823
113	158	1.00424
113	159	1.00191
113	164	1.01144
113	165	0.992138
113	172	0.995008
113	174	0.991927
113	175	0.997298
113	176	1.00038
113	177	1.00682
113	180	0.999992
114	1	0.875335
114	19	0.967871
114	64	0.91006
114	81	1.68662
114	84	1.61104
114	86	1.70233
114	102	0.881062
114	112	0.866935
114	120	0.906062
114	127	0.893863
114	135	0.904189
114	141	0.895013
114	142	0.928777
114	144	0.91013
114	145	0.840479
114	157	0.932766
114	159	0.922354
114	164	0.931885
114	165	0.911913
114	166	0.917537
114	175	0.917738
114	176	0.920819
114	177	0.92726
114	179	0.917518
114	180	0.920432
115	11	0.964869
115	22	1.31909
115	42	0.989257
115	57	0.977759
115	99	0.869227
115	100	0.969997
115	101	0.960388
115	103	0.969069
115	108	0.948874
115	110	0.999918
115	133	1.00156
115	135	0.985516
115	136	0.895968
115	137	0.981536
115	140	1.04874
115	157	1.01409
115	161	0.993958
115	162	1.01855
115	163	1.00025
115	165	0.99324
115	167	1.0041
115	170	1.02252
115	171	0.997419
115	178	1.00829
115	179	0.998845
115	180	1.0663
116	37	0.924876
116	46	1.0476
116	83	0.920526
116	88	0.993139
116	90	0.991561
116	97	0.977619
116	113	0.989195
116	121	0.935268
116	126	1.01244
116	127	0.976591
116	134	0.9822
116	136	1.01523
116	138	1.10093
116	147	1.00012
116	153	0.99799
116	154	0.987991
116	159	1.00508
116	160	1.08003
116	166	1.00026
116	172	0.998176
116	174	0.995095
116	175	1.00047
116	176	1.00355
116	177	1.00999
116	179	1.05343
116	180	1.00316
117	23	1.31945
117	71	0.958295
117	76	1.02407
117	78	0.898974
117	107	0.904788
117	113	0.98272
117	122	1.01724
117	127	0.970116
117	130	0.99577
117	140	0.998697
117	144	0.986383
117	147	0.993649
117	151	0.962084
117	153	0.991515
117	155	0.987449
117	164	1.00814
117	165	1.02059
117	166	0.99379
117	168	0.958496
117	172	0.991701
117	174	0.98862
117	175	0.993991
117	176	0.997072
117	177	1.00351
117	178	1.05753
117	180	0.996686
118	32	0.998717
118	62	1.04068
118	88	0.983358
118	104	1.00329
118	107	0.888979
118	113	0.979414
118	122	1.01394
118	128	0.995506
118	130	0.992464
118	134	0.972419
118	144	0.983077
118	147	0.990343
118	152	0.987588
118	154	0.97821
118	155	0.984143
118	159	0.995301
118	160	1.13421
118	162	1.03016
118	166	0.990484
118	172	0.988395
118	174	0.985314
118	175	0.990685
118	176	0.993766
118	177	1.00021
118	179	1.10761
118	180	0.99338
119	28	1.02732
119	34	0.91554
119	35	0.905278
119	36	1.13797
119	74	0.944554
119	78	1.01397
119	79	0.992111
119	91	0.986002
119	103	0.961598
119	120	0.979918
119	133	0.994087
119	142	1.00263
119	143	0.98631
119	144	1.01907
119	146	1.00543
119	150	1.00128
119	156	0.984085
119	157	1.00662
119	162	1.01108
119	165	0.985769
119	167	0.996629
119	170	1.01505
119	171	0.989948
119	176	1.14439
119	178	1.00082
119	179	0.991374
120	3	1.06055
120	5	0.947327
120	20	0.9373
120	43	1.05036
120	74	0.949854
120	99	0.871353
120	114	0.906062
120	119	0.979918
120	124	1.02688
120	125	1.0095
120	126	1.06116
120	141	0.974169
120	142	1.00793
120	146	1.01073
120	149	0.970381
120	154	1.16114
120	156	0.989384
120	157	1.01192
120	160	0.999692
120	163	0.998079
120	167	1.00193
120	170	1.02035
120	171	0.995248
120	177	1.05716
120	178	1.00612
120	179	0.996674
121	1	0.900968
121	4	1.01199
121	9	0.895751
121	10	1.01199
121	12	0.885983
121	19	0.993504
121	25	0.820808
121	26	1.61574
121	45	1.31032
121	47	1.58265
121	49	0.863843
121	64	0.935693
121	76	0.973451
121	82	0.891298
121	116	0.935268
121	146	0.957203
121	153	0.940895
121	156	0.935862
121	163	0.944557
121	166	0.94317
121	170	0.966828
121	172	0.941082
121	176	0.946452
121	177	0.952893
121	178	0.952598
121	179	0.943152
121	180	0.946066
122	34	0.955767
122	93	0.954683
122	109	0.958255
122	117	1.01724
122	118	1.01394
122	129	1.04017
122	130	1.0336
122	132	0.961873
122	136	1.04658
122	139	0.76119
122	140	1.03653
122	147	1.03148
122	152	1.02872
122	154	1.01935
122	155	1.02528
122	157	0.901443
122	158	1.03876
122	159	1.03644
122	164	1.04597
122	166	1.03162
122	172	1.02953
122	174	1.02645
122	175	1.03182
122	176	1.0349
122	177	1.04134
122	178	0.867306
122	180	1.03452
123	9	0.983203
123	70	0.994654
123	76	1.0609
123	96	1.01303
123	99	1.05905
123	102	1.12573
123	104	1.04343
123	105	0.65352
123	108	0.980633
123	124	0.809155
123	126	1.0428
123	140	1.03553
123	147	1.03048
123	153	1.02835
123	154	1.01835
123	155	1.02428
123	158	1.03776
123	159	1.03544
123	162	0.908233
123	164	1.04497
123	172	1.02853
123	175	1.03082
123	176	1.0339
123	177	1.04035
123	178	0.919797
123	179	0.985684
123	180	1.03352
124	7	0.989406
124	74	0.991521
124	100	1.00949
124	106	1.00084
124	120	1.02688
124	123	0.809155
124	129	0.919414
124	133	1.04105
124	134	1.10939
124	135	1.02501
124	136	0.736682
124	137	1.02103
124	138	1.02471
124	139	1.04812
124	146	1.05239
124	149	1.01205
124	150	1.04824
124	154	0.99973
124	156	1.03105
124	161	1.03345
124	163	1.03975
124	166	1.03836
124	167	1.0436
124	171	1.03691
124	172	0.823397
124	178	1.04779
124	179	1.03834
125	42	1.01137
125	57	0.999867
125	63	1.05578
125	100	0.992105
125	104	0.766269
125	120	1.0095
125	127	1.1303
125	129	0.926901
125	137	1.00364
125	138	1.00733
125	143	1.01589
125	146	1.035
125	149	0.994661
125	150	1.03085
125	154	1.00722
125	157	1.0362
125	160	1.02397
125	161	1.01607
125	162	1.04065
125	163	1.02236
125	165	1.01535
125	166	1.02097
125	167	1.02621
125	171	1.01953
125	172	0.830883
125	173	1.00174
125	175	0.936067
125	179	1.02095
126	9	0.972921
126	14	1.17857
126	32	1.02857
126	74	1.2231
126	75	1.03545
126	81	0.0145152
126	97	0.997694
126	99	1.04877
126	111	1.01362
126	116	1.01244
126	120	1.06116
126	123	1.0428
126	134	1.00227
126	137	1.05032
126	147	1.0202
126	151	0.988634
126	152	1.01744
126	153	1.01806
126	154	1.00807
126	158	1.02748
126	164	1.03469
126	171	1.07284
126	172	1.01825
126	174	1.01517
126	175	1.02054
126	176	1.02362
126	177	1.03006
126	180	1.02324
127	1	0.942292
127	12	0.927306
127	19	1.03483
127	29	1.0439
127	45	0.994152
127	63	1.0359
127	64	0.977016
127	73	0.965644
127	78	1.0749
127	79	1.02874
127	83	0.92681
127	84	0.997862
127	85	0.933228
127	87	0.931257
127	114	0.893863
127	116	0.976591
127	117	0.970116
127	125	1.1303
127	139	1.12734
127	159	0.989311
127	166	0.984493
127	168	0.9492
127	174	0.979324
127	175	0.984695
127	176	0.987775
127	177	0.994216
127	178	1.23345
127	180	0.987389
128	15	1.0689
128	30	1.0189
128	40	1.05141
128	45	1.02285
128	47	1.00006
128	50	1.01084
128	54	0.917984
128	56	1.06712
128	83	0.955506
128	84	1.02656
128	85	0.961923
128	86	1.02609
128	87	0.959952
128	101	1.09464
128	109	0.931513
128	118	0.995506
128	131	1.11319
128	143	1.02602
128	152	1.01029
128	159	1.01801
128	168	0.977895
128	169	1.03564
128	170	0.798491
128	172	1.0111
128	174	1.00802
128	176	1.01647
128	177	1.02291
128	178	0.840564
128	180	1.01608
129	16	0.966997
129	48	0.5878
129	60	0.979935
129	75	1.03183
129	99	1.04515
129	100	1.20064
129	112	0.966118
129	113	1.00565
129	122	1.04017
129	124	0.919414
129	125	0.926901
129	134	0.998655
129	136	1.03168
129	137	1.06999
129	145	0.939663
129	147	1.01658
129	151	0.985014
129	152	1.01382
129	153	1.01444
129	154	1.00445
129	155	1.01038
129	158	1.02386
129	164	1.03107
129	174	1.01155
129	175	1.01692
129	176	1.02
129	177	1.02644
129	179	1.09594
129	180	1.01962
130	14	1.2229
130	22	0.946945
130	31	0.171473
130	35	1.02308
130	66	1.04436
130	90	1.00144
130	95	1.05283
130	97	0.987501
130	109	1.14567
130	113	0.999077
130	117	0.99577
130	118	0.992464
130	122	1.0336
130	136	1.02511
130	144	1.00274
130	146	1.09072
130	151	0.978441
130	152	1.00725
130	154	0.997873
130	158	1.01729
130	164	1.0245
130	171	1.11718
130	172	1.00806
130	174	1.00498
130	175	1.01035
130	176	1.01343
130	177	1.01987
130	178	1.05472
130	180	1.01304
131	6	0.930087
131	7	0.924282
131	27	1.03187
131	57	0.95213
131	58	0.937045
131	93	0.955872
131	96	1.27353
131	106	0.935718
131	128	1.11319
131	133	0.975929
131	137	0.955908
131	138	0.959591
131	139	0.982993
131	141	0.950711
131	143	0.968152
131	146	0.987268
131	150	0.983118
131	156	0.965927
131	157	0.988464
131	160	0.976234
131	162	0.992917
131	163	0.974622
131	164	1.1024
131	167	0.978471
131	170	0.996893
131	171	0.97179
131	177	1.27902
131	178	0.982662
131	179	0.973216
132	20	0.943935
132	52	0.997026
132	57	0.982224
132	58	0.967138
132	63	1.03814
132	66	0.787687
132	80	1.02103
132	90	1.01724
132	91	0.997937
132	93	0.985965
132	107	1.01935
132	122	0.961873
132	135	0.98998
132	143	0.998245
132	148	0.974549
132	150	1.01321
132	151	1.11182
132	156	0.99602
132	157	1.01856
132	160	1.00633
132	161	0.998423
132	162	1.02301
132	163	1.00471
132	165	0.997705
132	167	1.00856
132	169	0.944927
132	171	1.00188
132	176	1.17497
132	178	1.01276
132	179	1.00331
133	14	0.954914
133	68	0.915386
133	74	0.964023
133	106	0.973344
133	113	1.01282
133	115	1.00156
133	119	0.994087
133	124	1.04105
133	131	0.975929
133	139	1.02062
133	141	0.988337
133	142	1.0221
133	146	1.02489
133	149	0.98455
133	157	1.02609
133	161	1.00596
133	162	1.03054
133	163	1.01225
133	165	1.00524
133	166	1.01086
133	167	1.0161
133	169	0.834105
133	171	1.00942
133	173	0.991628
133	174	1.06326
133	175	1.02297
133	176	1.06415
133	178	1.02029
133	179	1.01084
133	180	1.0014
134	27	1.02703
134	35	1.00304
134	41	1.02662
134	51	1.08031
134	53	1.18059
134	60	0.953317
134	66	1.02432
134	67	0.596798
134	70	0.954133
134	76	1.02038
134	99	1.01853
134	107	1.06729
134	108	0.940112
134	116	0.9822
134	118	0.972419
134	124	1.10939
134	126	1.00227
134	129	0.998655
134	147	0.989961
134	151	0.958396
134	154	0.977828
134	155	0.983761
134	159	0.994919
134	164	1.00445
134	168	0.954808
134	172	0.988013
134	174	0.984932
134	176	0.993384
134	177	0.999825
134	178	1.22003
134	180	0.992997
135	3	1.05868
135	22	1.28208
135	39	0.894587
135	52	0.988518
135	74	0.947981
135	80	1.01252
135	93	0.977457
135	100	0.965953
135	107	1.01084
135	114	0.904189
135	115	0.985516
135	124	1.02501
135	132	0.98998
135	138	0.981175
135	141	0.972296
135	143	0.989737
135	150	1.0047
135	156	0.987511
135	157	1.01005
135	158	0.955996
135	160	0.997819
135	161	0.989914
135	165	0.989196
135	167	1.00006
135	170	1.01848
135	171	0.993375
135	172	0.945673
135	174	1.09114
135	178	1.00425
135	179	0.994801
135	180	1.02929
136	8	1.07785
136	38	1.02753
136	65	1.10914
136	104	1.03594
136	115	0.895968
136	116	1.01523
136	122	1.04658
136	124	0.736682
136	129	1.03168
136	130	1.02511
136	140	1.02804
136	144	1.01572
136	148	0.994349
136	151	0.991423
136	152	1.02023
136	153	1.02085
136	155	1.01679
136	156	1.02327
136	157	0.881462
136	158	1.03027
136	164	1.03748
136	168	0.987835
136	169	1.04558
136	171	0.909781
136	172	1.02104
136	173	1.0039
136	174	1.01796
136	175	1.02333
136	176	1.02641
136	177	1.03285
136	178	0.847325
136	180	1.02602
137	9	1.23316
137	52	0.984538
137	58	0.95465
137	71	1.11579
137	80	1.00854
137	93	0.973477
137	101	0.952365
137	103	0.961046
137	106	0.953323
137	111	0.984117
137	115	0.981536
137	124	1.02103
137	125	1.00364
137	126	1.05032
137	129	1.06999
137	131	0.955908
137	138	0.977196
137	140	1.04002
137	146	1.00487
137	149	0.964529
137	150	1.00072
137	157	1.00607
137	160	0.993839
137	161	0.985935
137	162	1.01052
137	168	0.955546
137	169	0.890291
137	170	1.0145
137	171	0.989395
137	173	0.971607
137	178	1.00027
137	179	0.990821
138	7	0.94557
138	16	1.16585
138	42	0.984917
138	46	0.993562
138	52	0.988222
138	60	1.16881
138	66	0.806503
138	100	0.965657
138	116	1.10093
138	124	1.02471
138	125	1.00733
138	131	0.959591
138	135	0.981175
138	137	0.977196
138	139	1.00428
138	141	0.972
138	143	0.989441
138	145	0.917466
138	148	0.965744
138	149	0.968212
138	156	0.987215
138	157	1.00975
138	160	0.997522
138	163	0.99591
138	165	0.9889
138	167	0.99976
138	168	0.959229
138	169	0.963743
138	170	1.01818
138	174	1.19289
138	178	1.00395
138	179	0.994505
139	2	1.0727
139	13	1.07637
139	42	1.00832
139	93	1.00056
