1	29	1.52841
1	107	0.790366
1	116	0.829042
1	124	0.799343
1	132	0.777271
1	141	1.61952
1	149	0.795222
1	150	0.820866
1	151	1.65666
1	153	0.784108
1	155	0.806285
1	180	0.797498
2	8	0.846664
2	17	0.92782
2	61	0.917198
2	75	0.87789
2	94	0.890934
2	128	0.918862
2	154	1.22181
2	157	1.2273
2	161	1.269
2	164	1.09225
2	177	0.913147
2	179	0.907453
3	41	1.2553
3	72	1.28293
3	119	0.879716
3	164	0.920353
3	168	0.892641
3	169	1.14306
3	170	0.907671
3	172	0.900345
3	173	0.891761
3	174	0.905633
3	178	0.901895
3	179	1.10753
4	46	0.888339
4	63	0.825081
4	74	0.75417
4	108	0.825509
4	115	0.77279
4	117	0.766989
4	141	0.786805
4	155	1.60032
4	164	1.49483
4	175	1.70791
4	179	0.791234
4	180	0.789108
5	8	0.72974
5	54	0.823147
5	82	0.816912
5	92	0.839226
5	94	0.77401
5	96	1.61258
5	112	0.835484
5	121	0.788999
5	128	0.801937
5	149	1.56865
5	167	1.61708
5	179	0.790529
6	37	1.31728
6	64	1.09321
6	122	0.895738
6	156	0.903975
6	166	1.19371
6	168	0.894278
6	169	1.19187
6	170	0.909308
6	171	0.88981
6	173	0.893398
6	176	0.909978
6	178	0.903532
7	55	1.12145
7	116	0.929088
7	132	0.877316
7	137	0.891523
7	143	0.895415
7	145	1.17339
7	149	0.895268
7	150	0.920912
7	153	0.884154
7	155	0.906331
7	175	1.28288
7	179	1.22385
8	2	0.846664
8	5	0.72974
8	49	1.66396
8	85	1.50748
8	92	0.847065
8	94	0.781849
8	121	0.796839
8	126	1.6381
8	128	0.809777
8	169	0.785644
8	177	0.804062
8	179	0.798368
9	60	0.936408
9	67	1.57204
9	71	1.6603
9	73	0.752304
9	75	0.760802
9	94	0.773845
9	121	0.788835
9	123	0.799594
9	128	0.801773
9	150	1.57053
9	177	0.796059
9	179	0.790364
10	46	0.88873
10	58	1.6926
10	63	0.825472
10	68	0.78368
10	74	0.754561
10	108	0.825901
10	115	0.773182
10	117	0.767381
10	149	1.48977
10	175	1.61983
10	179	0.791625
10	180	0.7895
11	54	0.828483
11	73	0.757804
11	75	0.766301
11	82	0.822247
11	92	0.844561
11	121	0.794335
11	127	1.53861
11	128	0.807273
11	148	1.5943
11	169	0.78314
11	179	0.795864
11	180	1.67212
12	33	0.904805
12	42	0.97838
12	67	0.891462
12	68	0.891401
12	74	0.862282
12	79	1.09485
12	117	0.875102
12	158	1.24302
12	159	1.2979
12	172	1.16349
12	179	0.899346
12	180	0.897221
13	97	0.790713
13	99	0.778705
13	103	0.862152
13	115	0.786251
13	117	0.78045
13	137	0.796548
13	146	1.53721
13	153	0.789179
13	155	0.811356
13	167	1.60444
13	171	1.65596
13	179	0.804694
14	17	0.922285
14	73	0.863857
14	75	0.872355
14	77	1.25709
14	82	0.9283
14	87	0.890331
14	102	1.15966
14	128	0.913326
14	161	1.2323
14	174	1.16356
14	177	0.907612
14	179	0.901917
15	49	1.21454
15	118	0.885107
15	124	0.904223
15	132	0.88215
15	141	1.19766
15	143	0.900248
15	150	0.925745
15	153	0.888987
15	154	1.21218
15	155	0.911165
15	170	1.18708
15	180	0.902377
16	82	1.14914
16	83	1.18886
16	115	0.885721
16	143	1.23573
16	149	1.21922
16	165	0.895403
16	166	0.905641
16	167	0.90564
16	170	0.910295
16	171	0.890797
16	178	0.904519
16	180	0.902039
17	2	0.92782
17	14	0.922285
17	54	0.912143
17	92	0.928221
17	121	0.877995
17	161	1.27969
17	164	1.10294
17	169	0.866801
17	176	1.24033
17	177	0.885219
17	178	1.18715
17	179	0.879524
18	55	0.951305
18	81	0.850316
18	86	0.917347
18	100	0.919698
18	120	0.86759
18	127	1.12295
18	140	1.23034
18	157	1.22724
18	175	0.888345
18	176	1.22958
18	177	0.90661
18	180	0.898791
19	36	1.21777
19	60	1.0298
19	73	0.845694
19	75	0.854192
19	92	0.932452
19	121	0.882225
19	128	0.895163
19	136	1.27114
19	161	1.16478
19	169	0.871031
19	177	0.889449
19	180	1.15229
20	29	0.815257
20	43	0.790438
20	58	0.761052
20	69	0.80581
20	79	1.54521
20	97	0.789525
20	99	0.777518
20	103	0.860964
20	115	1.70709
20	136	0.773468
20	162	0.825991
20	164	1.55133
21	28	0.910072
21	35	0.912523
21	100	0.921061
21	120	0.868954
21	131	1.15636
21	155	1.19171
21	168	1.26345
21	169	0.889556
21	174	1.19423
21	175	0.889709
21	177	0.907974
21	180	0.900155
22	42	0.972023
22	52	1.27875
22	68	0.885044
22	108	0.927264
22	115	0.874546
22	117	0.868745
22	135	1.11368
22	141	0.88856
22	157	1.17571
22	166	1.23209
22	179	0.892989
22	180	0.890864
23	80	1.43227
23	138	0.861771
23	144	0.857378
23	146	0.881675
23	151	1.27425
23	158	0.88018
23	160	0.867806
23	163	0.864263
23	165	0.855498
23	166	0.865735
23	167	0.865735
23	168	1.2993
23	178	1.20628
24	57	1.40338
24	91	1.21846
24	122	0.860339
24	135	0.872497
24	144	1.3377
24	164	0.886592
24	167	1.22941
24	168	0.85888
24	171	0.854412
24	172	0.866583
24	173	0.858
24	176	0.874579
24	178	0.868133
25	82	1.21633
25	106	0.856733
25	116	0.898887
25	118	0.850073
25	123	1.32325
25	132	0.847116
25	137	0.861323
25	141	1.31843
25	149	0.865067
25	150	0.890711
25	153	0.853953
25	155	0.876131
25	176	1.34078
26	51	1.43824
26	100	1.19631
26	124	1.24794
26	129	0.867916
26	145	0.877197
26	168	0.856957
26	170	0.871987
26	171	0.852489
26	172	0.86466
26	174	0.869949
26	176	0.872656
26	177	1.30977
26	178	0.86621
27	98	1.64637
27	106	0.771846
27	110	0.762197
27	118	0.765186
27	124	0.784301
27	137	0.776436
27	143	0.780327
27	149	0.78018
27	150	0.805824
27	155	0.791243
27	172	1.75791
27	174	1.80341
27	180	0.782456
28	21	0.910072
28	34	1.35808
28	81	0.81635
28	86	0.88338
28	96	1.37844
28	101	0.896604
28	105	1.16369
28	109	0.886542
28	120	0.833624
28	169	0.854226
28	172	1.31401
28	175	0.854379
28	180	0.864824
29	1	1.52841
29	20	0.815257
29	31	1.2258
29	43	0.85784
29	45	0.852892
29	69	0.873212
29	97	0.856927
29	99	0.844919
29	103	0.928366
29	109	0.890501
29	123	0.880138
29	126	1.18844
29	161	1.25913
30	99	1.46501
30	122	1.29043
30	138	0.864201
30	144	0.859808
30	146	0.884105
30	159	0.860745
30	160	0.870236
30	163	0.866693
30	165	0.857928
30	166	0.868165
30	167	0.868165
30	170	1.22365
30	174	1.22719
31	29	1.2258
31	102	1.30598
31	140	1.34002
31	142	0.85176
31	146	0.883236
31	152	0.878333
31	157	1.33691
31	159	0.859876
31	160	0.869367
31	163	0.865824
31	165	0.857059
31	166	0.867296
31	167	0.867296
32	70	1.65995
32	118	1.77539
32	126	1.77014
32	133	0.762587
32	134	0.787755
32	139	0.77947
32	146	0.79756
32	159	0.7742
32	160	0.783691
32	163	0.780148
32	165	0.771383
32	166	0.781621
32	167	0.78162
33	12	0.904805
33	63	0.898463
33	68	0.856671
33	74	0.827552
33	108	0.898891
33	114	1.31633
33	115	0.846173
33	117	0.840371
33	137	1.29571
33	175	1.36073
33	178	1.23186
33	179	0.864616
33	180	0.862491
34	28	1.35808
34	148	0.865358
34	150	1.20975
34	154	0.872339
34	167	1.29648
34	168	0.858016
34	170	0.873046
34	171	0.853548
34	172	0.865719
34	174	0.871008
34	176	0.873715
34	178	0.867269
34	180	1.3293
35	21	0.912523
35	59	0.831498
35	66	1.20501
35	87	1.30069
35	90	1.30822
35	101	0.899054
35	120	0.836075
35	141	0.864971
35	151	1.3881
35	169	0.856676
35	175	0.856829
35	177	0.875095
35	180	0.867275
36	19	1.21777
36	64	1.3791
36	127	0.854705
36	151	0.823217
36	156	0.839991
36	164	0.858005
36	165	1.52351
36	169	1.47776
36	170	0.845323
36	171	0.825825
36	172	0.837997
36	173	0.829413
36	176	0.845993
36	178	0.839547
37	6	1.31728
37	112	1.37886
37	138	0.835809
37	139	0.837624
37	145	1.47703
37	152	0.85081
37	158	0.854218
37	159	0.832353
37	160	0.841845
37	162	1.43028
37	163	0.838302
37	165	0.829537
37	166	0.839774
37	167	0.839774
38	82	1.34836
38	98	0.859169
38	102	0.84048
38	103	1.29982
38	147	0.819732
38	149	1.41844
38	154	0.842822
38	164	0.856211
38	168	0.828499
38	169	1.525
38	170	0.843529
38	173	0.827619
38	176	0.844198
38	178	0.837752
39	68	1.34399
39	97	0.827041
39	123	0.850251
39	132	0.818669
39	142	1.42789
39	153	0.825507
39	156	0.84182
39	162	0.863506
39	165	1.45704
39	174	0.845115
39	176	0.847823
39	177	1.36324
39	178	0.841377
39	180	0.838896
40	58	0.799313
40	83	0.858827
40	93	0.88749
40	113	1.39161
40	118	0.822372
40	132	0.819415
40	140	1.39896
40	143	0.837513
40	149	0.837367
40	150	0.86301
40	153	0.826252
40	155	0.84843
40	171	1.44378
40	174	1.36882
41	3	1.2553
41	46	0.932977
41	68	0.827927
41	120	0.802546
41	123	1.48013
41	130	0.831016
41	149	0.831471
41	153	0.820357
41	155	0.842534
41	172	1.42278
41	177	0.841566
41	178	1.44447
41	179	0.835872
41	180	0.833747
42	12	0.97838
42	22	0.972023
42	65	0.868049
42	74	0.901127
42	108	0.972466
42	111	1.02248
42	115	0.919747
42	117	0.913946
42	133	1.25499
42	161	1.14614
42	174	1.0774
42	176	1.10678
42	179	0.93819
42	180	0.936065
43	20	0.790438
43	29	0.85784
43	45	0.828073
43	65	0.775947
43	69	0.848392
43	77	1.4924
43	99	0.8201
43	103	0.903546
43	112	0.891044
43	136	0.81605
43	141	1.4059
43	146	1.35508
43	162	0.868573
43	172	1.35338
44	80	1.24446
44	121	1.1062
44	122	1.10551
44	128	1.04839
44	139	0.930492
44	152	0.943679
44	158	0.947086
44	159	0.925222
44	160	0.934713
44	163	0.93117
44	165	0.922405
44	166	0.932642
44	167	0.932642
44	180	1.09853
45	29	0.852892
45	43	0.828073
45	49	1.37511
45	69	0.843445
45	78	1.54732
45	80	0.809579
45	97	0.82716
45	99	0.815152
45	103	0.898599
45	123	0.850371
45	136	0.811102
45	138	1.44514
45	162	0.863626
45	164	1.24319
46	4	0.888339
46	10	0.88873
46	41	0.932977
46	74	0.919198
46	98	0.96314
46	108	0.990537
46	109	1.05622
46	115	0.937819
46	117	0.932018
46	152	1.13875
46	173	1.22571
46	175	1.22524
46	179	0.956262
46	180	0.954137
47	54	1.21049
47	91	1.42527
47	102	0.842755
47	109	0.859266
47	151	0.823697
47	154	0.845097
47	157	0.842726
47	166	1.49619
47	171	0.826306
47	173	0.829894
47	174	0.843766
47	176	0.846474
47	178	0.840028
47	179	1.45882
48	85	1.32969
48	90	1.42654
48	104	1.44566
48	125	0.837228
48	142	0.825022
48	146	0.856498
48	150	1.39897
48	158	0.855002
48	159	0.833138
48	160	0.842629
48	163	0.839086
48	165	0.830321
48	166	0.840558
48	167	0.840558
49	8	1.66396
49	15	1.21454
49	45	1.37511
49	129	0.843274
49	140	0.837906
49	147	0.823548
49	151	0.825239
49	162	0.863699
49	172	0.840019
49	173	0.831435
49	174	0.845307
49	176	0.848015
49	178	0.841569
49	179	1.34442
50	133	0.822868
50	141	1.39304
50	144	0.833545
50	145	1.38159
50	148	1.36445
50	152	0.852938
50	158	0.856346
50	159	0.834481
50	160	0.843973
50	163	0.84043
50	165	0.831665
50	166	0.841902
50	167	0.841902
50	169	1.46758
51	26	1.43824
51	55	0.894187
51	56	0.808821
51	59	0.805897
51	81	0.793199
51	86	0.86023
51	93	1.27963
51	100	0.86258
51	101	0.873453
51	120	0.810473
51	131	1.39858
51	177	0.849493
51	179	1.4825
51	180	0.841674
52	22	1.27875
52	119	1.42672
52	122	1.46779
52	140	1.43468
52	142	0.826016
52	144	0.833195
52	152	0.852589
52	158	0.855996
52	159	0.834132
52	160	0.843623
52	163	0.84008
52	165	0.831315
52	166	0.841552
52	167	0.841552
53	105	1.26244
53	109	1.3943
53	138	0.839428
53	142	0.827857
53	144	0.835035
53	145	1.45383
53	151	1.50242
53	152	0.854429
53	159	0.835972
53	160	0.845463
53	163	0.84192
53	165	0.833155
53	166	0.843392
53	167	0.843392
54	5	0.823147
54	11	0.828483
54	17	0.912143
54	47	1.21049
54	60	1.03782
54	92	0.940473
54	94	0.875257
54	95	1.23462
54	99	1.31
54	121	0.890246
54	128	0.903184
54	170	1.06864
54	175	1.17725
54	177	0.89747
54	179	0.891776
55	7	1.12145
55	18	0.951305
55	51	0.894187
55	56	0.874567
55	81	0.858945
55	100	0.928327
55	120	0.87622
55	126	1.21616
55	131	1.18023
55	157	1.24514
55	167	1.24155
55	169	0.896822
55	175	0.896975
55	177	0.91524
55	180	0.90742
56	51	0.808821
56	55	0.874567
56	59	0.786277
56	81	0.773579
56	101	0.853833
56	120	0.790853
56	129	1.46549
56	143	1.4921
56	154	1.52213
56	157	1.52762
56	161	0.837074
56	169	0.811455
56	175	0.811608
56	177	0.829873
56	180	0.822054
57	24	1.40338
57	130	1.54849
57	134	0.823816
57	139	0.815531
57	144	0.809324
57	146	0.833621
57	152	0.828718
57	157	1.49892
57	159	0.810261
57	160	0.819752
57	163	0.816209
57	165	0.807444
57	166	0.817682
57	167	0.817681
57	169	1.55345
58	10	1.6926
58	20	0.761052
58	40	0.799313
58	103	0.874161
58	108	1.32672
58	123	0.825932
58	149	0.812302
58	155	0.823365
58	162	0.839187
58	167	1.47575
58	171	0.803336
58	174	0.820796
58	176	0.823504
58	178	0.817058
58	179	1.49835
59	35	0.831498
59	51	0.805897
59	56	0.786277
59	76	1.32971
59	77	1.63256
59	100	0.840036
59	101	0.850909
59	120	0.787929
59	161	0.83415
59	169	0.808531
59	170	1.53548
59	175	0.808684
59	177	0.826949
59	178	1.51523
59	180	0.819129
60	9	0.936408
60	19	1.0298
60	54	1.03782
60	73	0.96714
60	121	1.00367
60	128	1.01661
60	130	0.986913
60	144	1.04203
60	165	1.03761
60	169	0.992476
60	171	0.98527
60	175	1.01537
60	176	0.939681
60	177	1.01089
60	179	1.0052
61	2	0.917198
61	73	0.830842
61	75	0.839339
61	82	0.895285
61	92	0.917599
61	94	0.852383
61	121	0.867373
61	127	1.22559
61	128	0.880311
61	162	1.25167
61	164	1.19484
61	169	0.856178
61	175	1.40792
61	176	1.33222
61	177	0.874596
61	179	0.868902
62	103	1.11477
62	125	1.33345
62	131	0.890289
62	135	0.879583
62	140	0.871556
62	147	0.857198
62	163	1.32239
62	167	1.28182
62	168	0.865965
62	169	1.33995
62	170	0.880995
62	171	0.861497
62	172	0.873669
62	173	0.865085
62	174	0.878957
62	178	0.875219
63	4	0.825081
63	10	0.825472
63	33	0.898463
63	65	0.822862
63	68	0.885059
63	108	0.927279
63	115	0.874561
63	117	0.86876
63	129	1.23043
63	141	0.888575
63	168	1.33474
63	171	1.34049
63	174	1.26552
63	178	1.24172
63	179	0.893004
63	180	0.890879
64	6	1.09321
64	36	1.3791
64	104	0.863594
64	106	0.867121
64	110	0.857472
64	124	0.879576
64	132	0.857504
64	137	0.871711
64	142	1.35553
64	143	0.875602
64	149	0.875455
64	150	0.901099
64	152	1.27595
64	153	0.864341
64	155	0.886519
64	160	1.29197
65	42	0.868049
65	43	0.775947
65	63	0.822862
65	69	0.791319
65	99	0.763027
65	103	0.846473
65	111	1.57076
65	115	0.770572
65	119	1.64786
65	135	1.59069
65	158	0.804936
65	163	0.789019
65	166	0.790492
65	167	0.790492
65	178	1.60188
65	180	0.78689
66	35	1.20501
66	71	1.16203
66	85	1.00297
66	109	1.0716
66	133	0.910063
66	134	0.93523
66	142	0.91356
66	145	1.13113
66	152	0.940132
66	158	0.94354
66	159	0.921676
66	160	0.931167
66	163	0.927624
66	165	0.918859
66	166	0.929096
66	167	0.929096
66	173	1.24108
67	9	1.57204
67	12	0.891462
67	68	0.843328
67	115	0.83283
67	120	1.46749
67	128	1.21881
67	143	0.847019
67	149	0.846872
67	150	0.872516
67	153	0.835758
67	166	1.2961
67	167	1.23613
67	171	0.837906
67	172	0.850078
67	173	0.841494
67	178	0.851628
67	180	0.849148
68	10	0.78368
68	12	0.891401
68	22	0.885044
68	33	0.856671
68	39	1.34399
68	41	0.827927
68	63	0.885059
68	67	0.843328
68	74	0.814148
68	108	0.885487
68	117	0.826967
68	136	1.46383
68	147	1.37929
68	148	1.26717
68	168	1.35795
68	179	0.851212
68	180	0.849086
69	20	0.80581
69	29	0.873212
69	43	0.848392
69	45	0.843445
69	65	0.791319
69	79	1.23928
69	87	0.849875
69	97	0.84748
69	99	0.835472
69	103	0.918919
69	123	0.870691
69	126	1.35146
69	136	0.831422
69	142	1.45157
69	162	0.883945
69	172	1.30792
69	173	1.45894
70	32	1.65995
70	76	0.890325
70	111	0.870193
70	120	1.41713
70	126	0.835322
70	145	0.858581
70	147	0.829574
70	165	1.28964
70	168	0.838341
70	170	0.853371
70	171	0.833873
70	173	0.837461
70	174	0.851333
70	176	0.85404
70	178	0.847594
70	179	1.20837
70	180	1.21858
71	9	1.6603
71	66	1.16203
71	85	0.866124
71	104	1.28436
71	144	1.43268
71	145	0.860183
71	146	1.25717
71	147	0.831176
71	164	0.867655
71	168	0.839943
71	170	0.854973
71	171	0.835475
71	172	0.847647
71	173	0.839063
71	174	0.852935
71	176	0.855643
71	178	0.849197
72	3	1.28293
72	80	1.6981
72	96	1.51485
72	105	1.3001
72	127	1.41865
72	138	0.827242
72	139	0.829056
72	142	0.815671
72	144	0.822849
72	146	0.847146
72	152	0.842243
72	158	0.845651
72	159	0.823786
72	160	0.833277
72	163	0.829734
72	165	0.820969
72	166	0.831207
72	167	0.831206
73	9	0.752304
73	11	0.757804
73	14	0.863857
73	19	0.845694
73	60	0.96714
73	61	0.830842
73	82	0.847479
73	94	0.804577
73	118	1.41694
73	121	0.819567
73	123	0.830326
73	124	1.38534
73	128	0.832505
73	170	1.41011
73	175	1.51872
73	177	0.826791
73	179	0.821096
73	180	1.46991
74	4	0.75417
74	10	0.754561
74	12	0.862282
74	33	0.827552
74	42	0.901127
74	46	0.919198
74	68	0.814148
74	76	1.28085
74	108	0.856368
74	112	0.867048
74	115	0.80365
74	117	0.797849
74	148	1.46861
74	156	1.49056
74	158	1.52421
74	172	1.44468
74	179	0.822093
74	180	0.819968
75	2	0.87789
75	9	0.760802
75	11	0.766301
75	14	0.872355
75	19	0.854192
75	61	0.839339
75	82	0.855977
75	89	1.38443
75	94	0.813075
75	102	1.36222
75	121	0.828065
75	123	0.838824
75	128	0.841003
75	136	1.54122
75	147	1.45668
75	169	0.81687
75	175	1.47119
75	177	0.835288
76	59	1.32971
76	70	0.890325
76	74	1.28085
76	114	0.892923
76	120	1.31995
76	129	0.904303
76	138	1.15909
76	148	0.900686
76	150	1.00186
76	156	0.903041
76	158	1.09919
76	170	0.908374
76	171	0.888876
76	172	0.901047
76	173	0.892464
76	174	0.906336
76	176	0.909044
76	178	0.902597
77	14	1.25709
77	43	1.4924
77	59	1.63256
77	115	0.816848
77	117	0.811047
77	149	1.34302
77	153	1.47065
77	163	0.835296
77	165	0.826531
77	166	0.836768
77	167	0.836768
77	168	0.826393
77	170	0.841423
77	173	0.825513
77	174	0.839385
77	178	0.835646
77	179	0.835292
77	180	0.833166
78	45	1.54732
78	84	1.41058
78	115	0.816991
78	116	1.37939
78	117	0.81119
78	124	1.44228
78	133	0.817877
78	150	1.4073
78	165	0.826673
78	166	0.836911
78	167	0.83691
78	170	0.841565
78	173	0.825655
78	174	0.839527
78	176	0.842235
78	178	0.835789
78	179	0.835434
78	180	0.833309
79	12	1.09485
79	20	1.54521
79	69	1.23928
79	91	0.900531
79	108	1.03475
79	112	1.05775
79	121	1.22426
79	137	0.895084
79	155	0.909892
79	163	0.903234
79	165	0.894469
79	166	0.904707
79	167	0.904706
79	169	0.890506
79	171	0.889863
79	173	0.893451
79	176	0.910031
79	178	0.903585
80	23	1.43227
80	44	1.24446
80	45	0.809579
80	72	1.6981
80	97	0.813614
80	99	0.801606
80	103	0.885053
80	108	1.35108
80	121	0.826066
80	128	0.839004
80	134	1.46917
80	135	0.832314
80	141	0.823166
80	164	0.846408
80	176	0.834396
80	177	0.833289
80	178	0.82795
80	179	0.827595
81	18	0.850316
81	28	0.81635
81	51	0.793199
81	55	0.858945
81	56	0.773579
81	85	1.3941
81	86	0.824988
81	100	0.827339
81	101	0.838211
81	107	1.54231
81	120	0.775231
81	130	0.803701
81	161	0.821453
81	162	1.4755
81	168	1.5959
81	171	1.60164
81	175	0.795986
81	177	0.814251
81	180	0.806432
82	5	0.816912
82	11	0.822247
82	14	0.9283
82	16	1.14914
82	25	1.21633
82	38	1.34836
82	61	0.895285
82	73	0.847479
82	75	0.855977
82	92	0.934237
82	94	0.869021
82	121	0.884011
82	128	0.896949
82	136	1.3545
82	169	0.872816
82	171	1.25437
82	173	1.28493
82	177	0.891234
82	179	0.88554
83	16	1.18886
83	40	0.858827
83	93	0.921939
83	116	0.905635
83	118	0.856821
83	124	0.875936
83	132	0.853864
83	137	0.868071
83	143	0.871962
83	149	0.871815
83	150	0.897459
83	153	0.860701
83	155	0.882879
83	167	1.24256
83	173	1.32465
83	175	1.32419
83	177	1.25263
83	179	1.26516
83	180	0.874091
84	78	1.41058
84	104	0.868896
84	106	0.872423
84	107	0.875902
84	110	0.862774
84	118	0.865763
84	124	0.884879
84	132	0.862806
84	137	0.877013
84	143	0.880904
84	149	0.880758
84	150	0.906401
84	153	0.869643
84	155	0.891821
84	156	1.21485
84	157	1.2415
84	170	1.21092
84	173	1.32
84	174	1.21446
85	8	1.50748
85	48	1.32969
85	66	1.00297
85	71	0.866124
85	81	1.3941
85	111	0.899393
85	131	0.891864
85	135	0.881158
85	141	0.87201
85	151	0.860464
85	155	1.13938
85	168	0.867541
85	169	1.22346
85	170	0.882571
85	171	0.863073
85	172	0.875244
85	174	0.880532
85	176	0.88324
85	178	0.876794
86	18	0.917347
86	28	0.88338
86	51	0.86023
86	81	0.824988
86	100	0.894369
86	101	0.905242
86	109	0.895181
86	120	0.842262
86	122	1.28846
86	130	0.870732
86	154	1.24676
86	159	1.31413
86	161	0.888483
86	162	1.17404
86	163	1.28923
86	168	1.29444
86	175	0.863017
86	177	0.881282
86	180	0.873463
87	14	0.890331
87	35	1.30069
87	69	0.849875
87	92	0.896268
87	97	0.833589
87	99	0.821582
87	103	0.905028
87	120	1.48603
87	125	1.3063
87	143	1.22275
87	144	1.36295
87	148	0.846014
87	157	0.850623
87	162	0.870055
87	166	1.31464
87	170	0.853702
87	171	0.834204
87	177	0.853265
87	178	0.847925
87	179	0.847571
88	119	1.37513
88	128	1.35907
88	129	1.31786
88	134	0.863245
88	138	0.853146
88	139	0.85496
88	142	0.841575
88	144	0.848753
88	146	0.87305
88	148	1.33139
88	152	0.868147
88	158	0.871555
88	159	0.84969
88	160	0.859181
88	163	0.855638
88	164	1.24494
88	165	0.846873
88	166	0.857111
88	167	0.85711
88	176	1.38233
89	75	1.38443
89	116	1.20159
89	131	0.871962
89	140	0.853229
89	145	0.867879
89	147	0.838872
89	149	1.2678
89	151	0.840562
89	154	0.861962
89	157	0.85959
89	164	0.875351
89	165	1.4201
89	166	1.3762
89	168	0.847638
89	172	0.855342
89	173	0.846759
89	174	0.86063
89	176	0.863338
89	178	0.856892
89	179	1.33883
90	35	1.30822
90	48	1.42654
90	111	0.878666
90	136	0.825674
90	141	0.851284
90	142	1.33691
90	145	0.867054
90	148	0.854157
90	154	0.861137
90	164	0.874526
90	165	1.36606
90	168	0.846814
90	170	0.861844
90	172	0.854518
90	173	0.845934
90	174	0.859806
90	176	0.862514
90	177	1.27227
90	178	0.856068
90	179	1.28479
91	24	1.21846
91	47	1.42527
91	79	0.900531
91	93	0.90218
91	107	0.847201
91	110	0.834073
91	118	0.837062
91	124	0.856178
91	132	0.834105
91	137	0.848312
91	143	0.852203
91	149	0.852056
91	150	0.8777
91	151	1.33113
91	153	0.840942
91	155	0.86312
91	156	1.28735
91	161	1.3557
91	175	1.39203
91	180	0.854332
92	5	0.839226
92	8	0.847065
92	11	0.844561
92	17	0.928221
92	19	0.932452
92	54	0.940473
92	61	0.917599
92	82	0.934237
92	87	0.896268
92	94	0.891335
92	121	0.906325
92	128	0.919263
92	130	1.23531
92	148	1.13714
92	159	1.24761
92	162	1.10753
92	169	0.89513
92	171	1.23367
92	173	1.26424
92	176	1.18808
92	179	0.907854
93	40	0.88749
93	51	1.27963
93	83	0.921939
93	91	0.90218
93	104	0.888617
93	106	0.892145
93	107	0.895623
93	114	1.17831
93	124	0.9046
93	132	0.882527
93	137	0.896734
93	143	0.900626
93	149	0.900479
93	150	0.926123
93	153	0.889365
93	155	0.911542
93	161	1.18638
93	173	1.22317
93	175	1.22271
93	177	1.15116
93	179	1.16368
94	2	0.890934
94	5	0.77401
94	8	0.781849
94	9	0.773845
94	54	0.875257
94	61	0.852383
94	73	0.804577
94	75	0.813075
94	82	0.869021
94	92	0.891335
94	112	0.887593
94	116	1.3173
94	121	0.841109
94	127	1.33124
94	128	0.854047
94	132	1.49734
94	146	1.36471
94	151	1.45266
94	176	1.43787
94	177	0.848332
94	179	0.842638
95	54	1.23462
95	99	1.67473
95	102	1.43301
95	105	1.2411
95	118	1.4402
95	133	0.822205
95	134	0.847373
95	138	0.837274
95	139	0.839088
95	142	0.825703
95	144	0.832881
95	146	0.857178
95	152	0.852275
95	158	0.855683
95	159	0.833818
95	160	0.843309
95	162	1.38573
95	163	0.839766
95	165	0.831001
95	166	0.841238
95	167	0.841238
96	5	1.61258
96	28	1.37844
96	72	1.51485
96	131	0.852106
96	140	0.833374
96	145	0.848023
96	149	1.26842
96	154	0.842106
96	155	1.29089
96	156	0.83748
96	157	0.839734
96	158	1.32745
96	161	0.849577
96	164	0.855495
96	168	0.827783
96	170	0.842813
96	171	0.823315
96	173	0.826903
96	174	0.840775
96	176	0.843483
96	178	0.837036
97	13	0.790713
97	20	0.789525
97	29	0.856927
97	39	0.827041
97	45	0.82716
97	69	0.84748
97	80	0.813614
97	87	0.833589
97	99	0.819187
97	103	0.902634
97	109	0.864769
97	110	1.49028
97	112	0.890131
97	123	0.854405
97	135	1.32409
97	136	0.815137
97	148	1.33753
97	160	1.39369
97	161	1.42783
97	162	0.86766
97	171	1.43406
98	27	1.64637
98	38	0.859169
98	46	0.96314
98	120	1.37224
98	131	0.896354
98	135	0.885648
98	138	1.21138
98	145	0.89227
98	148	0.879373
98	151	0.864954
98	156	0.881728
98	157	0.883982
98	158	1.15147
98	164	0.899742
98	165	1.24475
98	166	1.20085
98	168	0.87203
98	171	0.867562
98	172	0.879734
98	173	0.87115
98	174	0.885022
98	178	0.881284
99	13	0.778705
99	20	0.777518
99	29	0.844919
99	30	1.46501
99	43	0.8201
99	45	0.815152
99	54	1.31
99	65	0.763027
99	69	0.835472
99	80	0.801606
99	87	0.821582
99	95	1.67473
99	97	0.819187
99	103	0.890626
99	109	0.852761
99	112	0.878124
99	123	0.842398
99	129	1.4772
99	135	1.47729
99	136	0.80313
99	162	0.855653
99	164	1.40428
100	18	0.919698
100	21	0.921061
100	26	1.19631
100	51	0.86258
100	55	0.928327
100	59	0.840036
100	81	0.827339
100	86	0.894369
100	101	0.907593
100	120	0.844613
100	125	1.2696
100	129	1.15944
100	136	1.36963
100	140	1.22467
100	141	0.87351
100	144	1.32626
100	161	0.890834
100	168	1.26375
100	169	0.865215
100	175	0.865368
100	177	0.883633
100	180	0.875813
101	28	0.896604
101	35	0.899054
101	51	0.873453
101	56	0.853833
101	59	0.850909
101	81	0.838211
101	86	0.905242
101	100	0.907593
101	114	1.33143
101	118	1.27406
101	120	0.855485
101	141	0.884382
101	143	1.26228
101	146	1.22698
101	161	0.901707
101	162	1.21959
101	169	0.876087
101	170	1.26722
101	172	1.22527
101	175	0.87624
101	177	0.894505
101	180	0.886686
102	14	1.15966
102	31	1.30598
102	38	0.84048
102	47	0.842755
102	75	1.36222
102	95	1.43301
102	111	0.885193
102	126	0.850322
102	127	0.877753
102	131	0.877664
102	135	0.866958
102	154	0.867664
102	157	0.865292
102	163	1.33459
102	167	1.29401
102	170	0.868371
102	171	0.848872
102	172	0.861044
102	174	0.866332
102	175	0.849668
102	176	0.86904
102	177	1.30409
102	178	0.862594
103	13	0.862152
103	20	0.860964
103	29	0.928366
103	38	1.29982
103	43	0.903546
103	45	0.898599
103	58	0.874161
103	62	1.11477
103	65	0.846473
103	69	0.918919
103	80	0.885053
103	87	0.905028
103	97	0.902634
103	99	0.890626
103	109	0.936208
103	112	0.96157
103	136	0.886576
103	141	1.13789
103	142	1.22902
103	159	1.21977
103	161	1.1996
103	162	0.939099
103	169	1.21243
103	180	1.18711
104	48	1.44566
104	64	0.863594
104	71	1.28436
104	84	0.868896
104	93	0.888617
104	107	0.833637
104	110	0.82051
104	116	0.872313
104	120	1.51268
104	124	0.842614
104	132	0.820542
104	137	0.834749
104	143	0.83864
104	147	1.34843
104	149	0.838493
104	150	0.864137
104	153	0.827379
104	155	0.849557
104	162	0.865379
104	166	1.34128
104	169	0.830171
104	173	1.36341
104	179	1.30391
104	180	0.840769
105	28	1.16369
105	53	1.26244
105	72	1.3001
105	95	1.2411
105	108	0.934001
105	112	0.944681
105	114	0.890406
105	115	0.881282
105	117	0.875481
105	133	1.25624
105	137	0.89158
105	141	0.895297
105	143	0.895471
105	148	0.89817
105	149	0.895325
105	150	0.920968
105	151	0.88375
105	153	0.884211
105	157	0.902778
105	160	1.11325
105	163	1.14267
105	176	0.906527
105	177	1.11217
105	178	0.90008
106	25	0.856733
106	27	0.771846
106	64	0.867121
106	84	0.872423
106	93	0.892145
106	111	1.2957
106	116	0.875841
106	123	1.36248
106	124	0.846142
106	130	0.841566
106	131	1.31276
106	132	0.824069
106	136	1.52573
106	137	0.838276
106	143	0.842168
106	149	0.842021
106	150	0.867665
106	153	0.830907
106	155	0.853084
106	156	1.35102
106	161	1.41937
106	169	0.833698
106	170	1.34708
106	180	0.844297
107	1	0.790366
107	81	1.54231
107	84	0.875902
107	91	0.847201
107	93	0.895623
107	104	0.833637
107	110	0.827516
107	111	1.23518
107	114	1.35077
107	116	0.879319
107	118	0.830505
107	124	0.84962
107	132	0.827548
107	133	1.46769
107	137	0.841754
107	143	0.845646
107	149	0.845499
107	150	0.871143
107	153	0.834385
107	155	0.856562
107	174	1.2901
107	175	1.39517
107	177	1.32362
107	180	0.847775
108	4	0.825509
108	10	0.825901
108	22	0.927264
108	33	0.898891
108	42	0.972466
108	46	0.990537
108	58	1.32672
108	63	0.927279
108	68	0.885487
108	74	0.856368
108	79	1.03475
108	80	1.35108
108	105	0.934001
108	112	0.938388
108	115	0.874989
108	117	0.869188
108	131	1.11101
108	141	0.889003
108	162	1.09771
108	165	1.2762
108	171	1.22385
108	177	1.1824
108	179	0.893432
108	180	0.891307
109	28	0.886542
109	29	0.890501
109	46	1.05622
109	47	0.859266
109	53	1.3943
109	66	1.0716
109	86	0.895181
109	97	0.864769
109	99	0.852761
109	103	0.936208
109	120	0.845424
109	128	1.21664
109	133	1.3881
109	144	1.34225
109	153	1.31317
109	155	1.208
109	161	0.891645
109	162	0.901234
109	164	0.897563
109	168	0.869851
109	170	0.884881
109	172	0.877555
109	176	0.885551
109	177	0.884444
109	180	0.876625
110	27	0.762197
110	64	0.857472
110	84	0.862774
110	91	0.834073
110	97	1.49028
110	104	0.82051
110	107	0.827516
110	116	0.866192
110	118	0.817377
110	130	0.831916
110	132	0.81442
110	141	1.41269
110	143	0.832518
110	149	0.832372
110	150	0.858015
110	153	0.821257
110	155	0.843435
110	157	1.4327
110	162	0.859257
110	166	1.48907
110	169	0.824049
110	172	1.36017
110	177	1.43918
110	178	1.38186
110	180	0.834647
111	42	1.02248
111	65	1.57076
111	70	0.870193
111	85	0.899393
111	90	0.878666
111	102	0.885193
111	106	1.2957
111	107	1.23518
111	112	1.11695
111	122	0.874672
111	131	0.897535
111	147	0.864445
111	151	0.866135
111	154	0.887535
111	156	0.882909
111	157	0.885163
111	158	1.25358
111	164	0.900924
111	167	1.24298
111	171	0.868744
111	172	0.880915
111	174	0.886204
111	176	0.888911
111	177	1.25306
111	178	0.882465
112	5	0.835484
112	37	1.37886
112	43	0.891044
112	74	0.867048
112	79	1.05775
112	94	0.887593
112	97	0.890131
112	99	0.878124
112	103	0.96157
112	105	0.944681
112	108	0.938388
112	111	1.11695
112	117	0.879868
112	121	0.902583
112	125	1.24695
112	127	1.09462
112	128	0.915521
112	136	0.874074
112	145	1.16746
112	152	1.19045
112	162	0.926597
112	169	0.891389
112	173	1.27741
112	175	1.27695
112	177	0.909807
112	179	0.904112
112	180	0.901987
113	40	1.39161
113	125	0.864401
113	127	1.22001
113	133	0.848698
113	134	0.873865
113	138	0.863767
113	139	0.865581
113	142	0.852195
113	144	0.859374
113	146	0.883671
113	148	1.27571
113	152	0.878768
113	154	1.31882
113	158	0.882175
113	159	0.860311
113	160	0.869802
113	162	1.24609
113	163	0.866259
113	165	0.857494
113	166	0.867731
113	167	0.867731
113	168	1.36649
113	176	1.32665
113	177	0.871949
113	178	1.27347
113	179	0.866254
114	33	1.31633
114	76	0.892923
114	93	1.17831
114	101	1.33143
114	105	0.890406
114	107	1.35077
114	132	1.42398
114	140	0.84653
114	142	1.4333
114	145	0.861179
114	147	0.832172
114	148	0.848281
114	151	0.833862
114	154	0.855262
114	156	0.850636
114	160	1.36973
114	164	0.868651
114	168	0.840939
114	170	0.855969
114	171	0.836471
114	172	0.848642
114	173	0.840059
114	174	0.853931
114	175	0.837267
114	176	0.856639
114	178	0.850192
114	180	1.39139
115	4	0.77279
115	10	0.773182
115	13	0.786251
115	16	0.885721
115	20	1.70709
115	22	0.874546
115	33	0.846173
115	42	0.919747
115	46	0.937819
115	63	0.874561
115	65	0.770572
115	67	0.83283
115	74	0.80365
115	77	0.816848
115	78	0.816991
115	105	0.881282
115	108	0.874989
115	117	0.816469
115	134	1.31473
115	141	0.836285
115	142	1.42038
115	148	1.30066
115	161	1.39095
115	170	1.31867
115	171	1.39718
115	177	1.35573
115	179	0.840714
115	180	0.838588
116	1	0.829042
116	7	0.929088
116	25	0.898887
116	78	1.37939
116	83	0.905635
116	89	1.20159
116	94	1.3173
116	104	0.872313
116	106	0.875841
116	107	0.879319
116	110	0.866192
116	118	0.869181
116	130	0.88372
116	132	0.866224
116	137	0.88043
116	143	0.884322
116	145	1.17885
116	149	0.884175
116	150	0.909819
116	153	0.873061
116	155	0.895238
116	156	1.18366
116	161	1.25201
116	162	0.91106
116	166	1.26668
116	168	1.25249
116	170	1.17973
116	180	0.886451
117	4	0.766989
117	10	0.767381
117	12	0.875102
117	13	0.78045
117	22	0.868745
117	33	0.840371
117	42	0.913946
117	46	0.932018
117	63	0.86876
117	68	0.826967
117	74	0.797849
117	77	0.811047
117	78	0.81119
117	105	0.875481
117	108	0.869188
117	112	0.879868
117	115	0.816469
117	119	1.36565
117	125	1.41855
117	141	0.830484
117	161	1.41222
117	163	1.40749
117	168	1.4127
117	172	1.29799
117	173	1.44901
117	175	1.44855
117	179	0.834913
117	180	0.832787
118	15	0.885107
118	25	0.850073
118	27	0.765186
118	32	1.77539
118	40	0.822372
118	73	1.41694
118	83	0.856821
118	84	0.865763
118	91	0.837062
118	95	1.4402
118	101	1.27406
118	107	0.830505
118	110	0.817377
118	116	0.869181
118	124	0.839482
118	137	0.831616
118	143	0.835507
118	149	0.835361
118	150	0.861004
118	153	0.824247
118	154	1.29931
118	155	0.846424
118	157	1.3048
118	159	1.36667
118	162	0.862246
118	169	0.827038
118	179	1.3238
118	180	0.837636
119	3	0.879716
119	52	1.42672
119	65	1.64786
119	88	1.37513
119	117	1.36565
119	121	1.36057
119	126	0.825416
119	131	0.852758
119	135	0.842052
119	140	0.834025
119	142	1.3948
119	145	0.848675
119	148	0.835777
119	151	0.821358
119	154	0.842758
119	155	1.29412
119	156	0.838132
119	157	0.840386
119	160	1.33124
119	164	0.856146
119	168	0.828434
119	170	0.843465
119	171	0.823966
119	172	0.836138
119	173	0.827554
119	174	0.841426
119	176	0.844134
119	178	0.837688
120	18	0.86759
120	21	0.868954
120	28	0.833624
120	35	0.836075
120	41	0.802546
120	51	0.810473
120	55	0.87622
120	56	0.790853
120	59	0.787929
120	67	1.46749
120	70	1.41713
120	76	1.31995
120	81	0.775231
120	86	0.842262
120	87	1.48603
120	98	1.37224
120	100	0.844613
120	101	0.855485
120	104	1.51268
120	109	0.845424
120	130	0.820975
120	141	0.821402
120	143	1.52079
120	161	0.838727
120	169	0.813108
120	175	0.81326
120	177	0.831526
120	178	1.50547
120	180	0.823706
121	5	0.788999
121	8	0.796839
121	9	0.788835
121	11	0.794335
121	17	0.877995
121	19	0.882225
121	44	1.1062
121	54	0.890246
121	60	1.00367
121	61	0.867373
121	73	0.819567
121	75	0.828065
121	79	1.22426
121	80	0.826066
121	82	0.884011
121	92	0.906325
121	94	0.841109
121	112	0.902583
121	119	1.36057
121	123	0.866857
121	128	0.869036
121	136	1.5135
121	138	1.43234
121	139	1.35805
121	143	1.32992
121	155	1.33588
121	169	0.844904
121	174	1.3384
121	177	0.863322
121	179	0.857628
122	6	0.895738
122	24	0.860339
122	30	1.29043
122	44	1.10551
122	52	1.46779
122	86	1.28846
122	111	0.874672
122	127	0.867232
122	135	0.856437
122	139	1.35737
122	140	0.84841
122	145	0.863059
122	147	0.834052
122	148	0.850162
122	149	1.31272
122	152	1.35628
122	156	0.852517
122	157	0.854771
122	159	1.42662
122	162	0.874203
122	164	0.870531
122	168	0.842819
122	170	0.857849
122	171	0.838351
122	172	0.850523
122	173	0.841939
122	174	0.855811
122	176	0.858519
122	178	0.852073
122	179	1.38375
123	9	0.799594
123	25	1.32325
123	29	0.880138
123	39	0.850251
123	41	1.48013
123	45	0.850371
123	58	0.825932
123	69	0.870691
123	73	0.830326
123	75	0.838824
123	97	0.854405
123	99	0.842398
123	106	1.36248
123	121	0.866857
123	128	0.879795
123	151	1.33049
123	154	1.30787
123	156	1.28672
123	158	0.884308
123	159	0.862443
123	160	0.871934
123	163	0.868391
123	165	0.859626
123	166	0.869863
123	167	0.869863
123	168	1.35555
123	169	0.855663
123	170	1.28278
123	174	1.28633
123	179	0.868387
124	1	0.799343
124	15	0.904223
124	26	1.24794
124	27	0.784301
124	64	0.879576
124	73	1.38534
124	78	1.44228
124	83	0.875936
124	84	0.884879
124	91	0.856178
124	93	0.9046
124	104	0.842614
124	106	0.846142
124	107	0.84962
124	118	0.839482
124	137	0.850731
124	140	1.2763
124	143	0.854623
124	149	0.854476
124	150	0.88012
124	153	0.843362
124	154	1.26771
124	155	0.865539
124	161	1.3149
124	162	0.881362
124	165	1.37347
124	169	0.846153
124	173	1.3517
124	175	1.35123
124	180	0.856752
125	48	0.837228
125	62	1.33345
125	87	1.3063
125	100	1.2696
125	112	1.24695
125	113	0.864401
125	117	1.41855
125	131	1.31167
125	133	0.839747
125	134	0.864915
125	137	1.38959
125	138	0.854816
125	139	0.85663
125	140	1.37968
125	142	0.843244
125	144	0.850423
125	146	0.87472
125	152	0.869817
125	158	0.873225
125	159	0.85136
125	160	0.860851
125	161	0.870199
125	163	0.857308
125	165	0.848543
125	166	0.85878
125	167	0.85878
125	174	1.34954
125	175	0.844733
125	177	0.862998
125	179	0.857304
126	8	1.6381
126	29	1.18844
126	32	1.77014
126	55	1.21616
126	69	1.35146
126	70	0.835322
126	102	0.850322
126	119	0.825416
126	127	0.862753
126	131	0.862665
126	135	0.851959
126	137	1.31257
126	140	0.843932
126	147	0.829574
126	148	0.845684
126	151	0.831265
126	152	1.29109
126	156	0.848039
126	157	0.850293
126	164	0.866053
126	167	1.29596
126	168	0.838341
126	170	0.853371
126	171	0.833873
126	172	0.846045
126	173	0.837461
126	174	0.851333
126	175	0.834669
126	176	0.854041
126	178	0.847595
126	180	1.32878
127	11	1.53861
127	18	1.12295
127	36	0.854705
127	61	1.22559
127	72	1.41865
127	94	1.33124
127	102	0.877753
127	112	1.09462
127	113	1.22001
127	122	0.867232
127	126	0.862753
127	129	0.87673
127	131	0.890095
127	136	0.844632
127	138	1.29115
127	145	0.886012
127	148	0.873114
127	151	0.858695
127	153	1.29986
127	154	0.880095
127	156	0.875469
127	157	0.877723
127	164	0.893484
127	168	0.865772
127	170	0.880802
127	171	0.861304
127	172	0.873475
127	173	0.864892
127	174	0.878764
127	176	0.881471
127	178	0.875025
127	180	1.25347
128	2	0.918862
128	5	0.801937
128	8	0.809777
128	9	0.801773
128	11	0.807273
128	14	0.913326
128	19	0.895163
128	44	1.04839
128	54	0.903184
128	60	1.01661
128	61	0.880311
128	67	1.21881
128	73	0.832505
128	75	0.841003
128	80	0.839004
128	82	0.896949
128	88	1.35907
128	92	0.919263
128	94	0.854047
128	109	1.21664
128	112	0.915521
128	121	0.869036
128	123	0.879795
128	154	1.30214
128	161	1.34932
128	162	1.22941
128	168	1.34981
128	169	0.857842
128	171	1.35555
128	175	1.38566
128	177	0.87626
128	179	0.870566
129	26	0.867916
129	49	0.843274
129	56	1.46549
129	63	1.23043
129	76	0.904303
129	88	1.31786
129	99	1.4772
129	100	1.15944
129	127	0.87673
129	133	1.41696
129	135	0.865936
129	136	0.831178
129	137	1.27943
129	140	0.857909
129	147	0.843551
129	148	0.859661
129	151	0.845242
129	154	0.866642
129	156	0.862016
129	157	0.86427
129	158	1.27342
129	160	1.27397
129	161	0.874113
129	164	0.88003
129	168	0.852318
129	170	0.867348
129	171	0.84785
129	172	0.860022
129	173	0.851438
129	175	0.848646
129	176	0.868018
129	178	0.861572
129	180	1.29564
130	41	0.831016
130	57	1.54849
130	60	0.986913
130	81	0.803701
130	86	0.870732
130	92	1.23531
130	106	0.841566
130	110	0.831916
130	116	0.88372
130	120	0.820975
130	134	1.34359
130	139	1.37074
130	140	0.850993
130	141	0.849872
130	143	0.850047
130	149	0.8499
130	150	0.875544
130	152	1.36965
130	153	0.838786
130	155	0.860963
130	157	0.857354
130	159	1.43999
130	163	1.41509
130	164	0.873114
130	165	1.47839
130	168	0.845402
130	169	0.841577
130	172	0.853106
130	173	0.844522
130	174	0.858394
130	177	0.859995
130	178	0.854656
130	179	1.39712
130	180	0.852176
131	21	1.15636
131	51	1.39858
131	55	1.18023
131	62	0.890289
131	85	0.891864
131	89	0.871962
131	96	0.852106
131	98	0.896354
131	102	0.877664
131	106	1.31276
131	108	1.11101
131	111	0.897535
131	119	0.852758
131	125	1.31167
131	126	0.862665
131	127	0.890095
131	132	1.32544
131	133	1.41418
131	140	0.871274
131	143	1.22812
131	148	0.873026
131	151	0.858606
131	154	0.880006
131	156	0.875381
131	157	0.877635
131	167	1.26004
131	168	0.865683
131	170	0.880713
131	171	0.861215
131	172	0.873387
131	173	0.864803
131	174	0.878675
131	176	0.881383
131	178	0.874937
131	180	1.29285
132	1	0.777271
132	7	0.877316
132	15	0.88215
132	25	0.847116
132	39	0.818669
132	40	0.819415
132	64	0.857504
132	83	0.853864
132	84	0.862806
132	91	0.834105
132	93	0.882527
132	94	1.49734
132	104	0.820542
132	106	0.824069
132	107	0.827548
132	110	0.81442
132	114	1.42398
132	116	0.866224
132	131	1.32544
132	134	1.35582
132	135	1.32832
132	137	0.828659
132	139	1.38297
132	143	0.83255
132	147	1.45387
132	149	0.832404
132	150	0.858047
132	153	0.821289
132	155	0.843467
132	162	0.859289
132	168	1.43254
132	169	0.824081
132	175	1.46839
132	178	1.33951
132	180	0.834679
133	32	0.762587
133	42	1.25499
133	50	0.822868
133	66	0.910063
133	78	0.817877
133	95	0.822205
133	105	1.25624
133	107	1.46769
133	109	1.3881
133	113	0.848698
133	125	0.839747
133	129	1.41696
133	131	1.41418
133	134	0.849211
133	138	0.839112
133	139	0.840926
133	140	1.48219
133	142	0.827541
133	144	0.83472
133	146	0.859017
133	152	0.854113
133	158	0.857521
133	159	0.835656
133	160	0.845147
133	161	0.854496
133	163	0.841604
133	164	1.34404
133	165	0.832839
133	166	0.843077
133	167	0.843077
133	173	1.55759
133	175	0.829029
133	177	0.847294
133	178	1.42825
133	179	0.8416
134	32	0.787755
134	57	0.823816
134	66	0.93523
134	80	1.46917
134	88	0.863245
134	95	0.847373
134	113	0.873865
134	115	1.31473
134	125	0.864915
134	130	1.34359
134	132	1.35582
134	133	0.849211
134	135	1.23198
134	138	0.86428
134	139	0.866094
134	142	0.852709
134	144	0.859887
134	146	0.884184
134	151	1.31114
134	152	0.879281
134	158	0.882689
134	159	0.860824
134	160	0.870315
134	161	0.879663
134	162	1.2158
134	163	0.866772
134	165	0.858007
134	166	0.868245
134	167	0.868244
134	170	1.26343
134	173	1.37251
134	175	0.854197
134	176	1.29636
134	177	0.872462
134	178	1.24318
134	179	0.866768
135	22	1.11368
135	24	0.872497
135	62	0.879583
135	65	1.59069
135	80	0.832314
135	85	0.881158
135	97	1.32409
135	98	0.885648
135	99	1.47729
135	102	0.866958
135	119	0.842052
135	122	0.856437
135	126	0.851959
135	129	0.865936
135	132	1.32832
135	134	1.23198
135	140	0.860568
135	145	0.875217
135	147	0.84621
135	148	0.86232
135	150	1.17618
135	151	0.8479
135	152	1.25804
135	153	1.34212
135	154	0.8693
135	156	0.864674
135	157	0.866928
135	158	1.27351
135	164	0.882689
135	170	0.870007
135	172	0.862681
135	173	0.854097
135	174	0.867969
135	176	0.870677
135	177	1.27299
135	178	0.86423
136	19	1.27114
136	20	0.773468
136	43	0.81605
136	45	0.811102
136	68	1.46383
136	69	0.831422
136	75	1.54122
136	82	1.3545
136	90	0.825674
136	97	0.815137
136	99	0.80313
136	100	1.36963
136	103	0.886576
