1	16	0.757561
1	88	1.17083
1	93	1.22307
1	104	0.823327
1	114	0.735297
1	139	1.18795
1	146	1.21407
1	147	1.19127
1	156	1.21062
1	170	1.20346
1	175	0.616752
1	178	0.667051
2	52	0.72451
2	62	0.827579
2	65	1.17829
2	74	1.20573
2	97	0.681636
2	107	0.76734
2	110	1.18933
2	125	1.18714
2	146	1.22129
2	147	1.19849
2	156	1.21784
2	174	0.601306
3	74	0.701188
3	121	0.745752
3	128	1.17858
3	139	0.746181
3	146	0.71256
3	150	1.21021
3	152	0.694085
3	161	1.19354
3	171	1.24249
3	178	1.19341
3	179	1.19809
3	180	1.18912
4	91	1.22979
4	114	1.19908
4	143	1.18651
4	149	1.20663
4	151	0.838633
4	152	1.2022
4	155	1.18076
4	162	1.19604
4	169	0.801408
4	173	0.622114
4	174	0.672581
4	175	0.666179
5	47	0.711517
5	51	0.842747
5	89	1.2239
5	95	0.669698
5	108	1.19136
5	113	1.22981
5	152	1.20268
5	155	1.18124
5	159	1.17635
5	162	1.19652
5	163	0.750476
5	172	0.630699
6	30	0.864174
6	68	1.19393
6	103	0.740427
6	124	0.651238
6	142	1.20102
6	143	1.19965
6	147	0.783992
6	152	1.21534
6	155	1.1939
6	159	1.18902
6	162	1.20918
6	168	0.559058
7	69	0.809932
7	114	1.20964
7	137	0.705823
7	142	1.19844
7	143	1.19707
7	152	1.21276
7	155	1.19132
7	159	1.18644
7	162	1.2066
7	175	0.660345
7	178	0.710643
7	179	0.715211
8	67	0.791151
8	88	1.17561
8	115	1.20233
8	124	0.686851
8	134	0.673088
8	137	0.721992
8	139	1.19273
8	146	1.21885
8	147	1.19605
8	156	1.21539
8	164	0.730498
8	166	1.19958
9	96	0.731274
9	141	0.727734
9	151	0.746788
9	156	0.683684
9	158	0.706032
9	174	1.23426
9	175	1.23806
9	176	1.172
9	177	1.23504
9	178	1.17607
9	179	1.18075
9	180	1.17178
10	49	0.718249
10	61	0.840423
10	83	1.17318
10	89	1.21696
10	96	0.710042
10	145	0.666977
10	152	1.19574
10	156	1.20283
10	161	0.659887
10	177	1.24603
10	178	1.18706
10	180	1.18277
11	31	0.857768
11	95	0.891452
11	102	0.9565
11	116	1.08944
11	123	1.08286
11	125	1.02705
11	139	1.03508
11	146	1.0612
11	147	1.0384
11	156	1.05774
11	163	1.00935
11	174	0.897229
12	40	1.18803
12	77	1.15724
12	101	0.766131
12	103	1.21721
12	105	0.711919
12	117	1.20476
12	136	0.764217
12	145	1.20538
12	154	1.21611
12	158	1.21069
12	177	0.650176
12	180	0.710327
13	40	0.921709
13	98	0.911094
13	110	1.03558
13	129	1.02502
13	139	1.04143
13	144	0.842392
13	146	1.06755
13	149	1.06143
13	156	1.06409
13	166	1.04827
13	167	0.922658
13	170	1.05694
14	96	1.22168
14	104	1.13052
14	118	0.723
14	119	1.26575
14	133	1.20757
14	138	1.1817
14	150	0.817129
14	151	0.857477
14	153	0.600446
14	160	1.18906
14	161	1.20541
14	168	0.603181
15	59	0.825254
15	104	0.831648
15	133	0.764958
15	135	0.712598
15	170	0.761754
15	173	1.20459
15	174	1.16227
15	175	1.16608
15	176	1.10002
15	177	1.16305
15	178	1.10408
15	179	1.10876
15	180	1.0998
16	1	0.757561
16	26	1.28344
16	49	1.08539
16	73	0.764442
16	87	1.12919
16	98	1.12618
16	136	1.10701
16	141	0.864769
16	148	0.839985
16	149	1.13279
16	161	1.11981
16	164	1.11477
16	172	0.672994
17	26	1.30486
17	53	1.09609
17	64	1.13601
17	71	1.07785
17	86	0.792757
17	98	1.14761
17	104	1.06634
17	120	0.709767
17	136	1.12843
17	146	0.827643
17	161	1.14124
17	179	0.784807
17	180	0.789672
18	22	0.789584
18	32	1.21298
18	43	0.765261
18	52	0.845439
18	128	1.12083
18	131	0.792043
18	136	1.12299
18	138	1.11208
18	144	1.12752
18	149	1.14877
18	160	1.11944
18	161	1.13579
18	175	0.715833
19	22	0.770472
19	71	0.933248
19	100	0.786863
19	101	1.12102
19	108	1.14152
19	143	1.13715
19	152	1.15284
19	155	1.1314
19	157	0.634002
19	159	1.12652
19	162	1.14668
19	163	0.778122
19	166	1.14412
20	53	0.825509
20	57	0.719511
20	111	0.79295
20	143	1.13189
20	145	0.791414
20	156	1.15467
20	159	1.12126
20	162	1.14142
20	166	1.13886
20	171	0.768028
20	178	1.13891
20	179	1.14358
20	180	1.13462
21	105	0.75206
21	109	0.754072
21	121	0.82163
21	132	1.15841
21	136	0.804357
21	145	1.12532
21	148	1.12466
21	151	1.12025
21	152	0.769964
21	154	1.13605
21	158	1.13063
21	169	1.1389
21	171	1.16768
22	18	0.789584
22	19	0.770472
22	55	0.754131
22	83	0.800488
22	170	0.780993
22	173	1.20459
22	174	1.16227
22	175	1.16608
22	176	1.10002
22	177	1.16305
22	178	1.10408
22	179	1.10876
22	180	1.0998
23	84	0.576197
23	116	0.628614
23	117	0.655798
23	126	0.74636
23	170	0.666855
23	171	0.620662
23	174	1.33426
23	175	1.33806
23	176	1.272
23	177	1.33504
23	178	1.27607
23	179	1.28075
23	180	1.27178
24	99	1.13876
24	113	1.17254
24	121	1.1411
24	124	0.701639
24	128	0.817353
24	131	0.767511
24	142	1.13109
24	143	1.12972
24	145	0.805176
24	152	1.14541
24	155	1.12397
24	159	1.11909
24	167	0.809144
25	70	1.26853
25	103	0.677318
25	104	1.25448
25	124	0.588128
25	128	1.31442
25	136	1.31658
25	138	1.30567
25	152	0.65702
25	159	0.713849
25	160	1.31303
25	161	1.32938
25	163	0.659192
25	166	0.606008
26	16	1.28344
26	17	1.30486
26	48	0.689635
26	81	0.690556
26	104	1.24841
26	113	0.639925
26	136	1.31051
26	138	1.2996
26	161	1.32331
26	163	0.652338
26	166	0.599154
26	170	1.33179
26	180	0.63067
27	78	0.764994
27	102	1.11694
27	141	1.06442
27	148	1.07598
27	151	1.07157
27	152	0.877805
27	154	1.08737
27	158	1.08195
27	160	0.934735
27	166	0.826793
27	167	1.09442
27	169	1.09022
27	171	1.119
27	177	0.798158
28	61	1.01547
28	77	1.05661
28	94	1.05454
28	111	1.0873
28	130	0.801787
28	141	1.09253
28	150	1.11483
28	152	0.928919
28	158	1.11006
28	161	0.956475
28	165	0.747239
28	167	1.12253
28	168	0.767848
28	171	1.14711
29	79	0.736958
29	117	0.69228
29	138	0.708401
29	146	0.66436
29	148	0.695272
29	150	0.698763
29	173	1.29209
29	174	1.24977
29	175	1.25358
29	176	1.18752
29	177	1.25055
29	178	1.19158
29	179	1.19626
29	180	1.1873
30	6	0.864174
30	50	1.04081
30	67	0.908471
30	78	0.760252
30	83	1.06898
30	100	1.13619
30	115	1.08556
30	116	1.13032
30	129	1.05956
30	137	0.839312
30	144	0.831411
30	146	1.10209
30	147	1.07928
30	156	1.09863
31	11	0.857768
31	149	0.640749
31	151	0.709955
31	156	0.64685
31	158	0.669199
31	169	0.67273
31	173	1.29209
31	174	1.24977
31	175	1.25358
31	176	1.18752
31	177	1.25055
31	178	1.19158
31	179	1.19626
31	180	1.1873
32	18	1.21298
32	36	0.731122
32	57	1.32705
32	79	1.20324
32	104	1.16197
32	120	0.648004
32	128	1.22191
32	136	1.22407
32	138	1.21316
32	155	0.79186
32	161	1.23687
32	172	0.629801
32	174	0.674578
32	176	0.728928
33	108	1.08809
33	114	1.09629
33	121	1.0951
33	127	0.815343
33	130	0.77965
33	133	1.09302
33	140	0.946803
33	142	1.08509
33	152	1.09941
33	155	1.07797
33	159	1.07309
33	162	1.09325
33	173	0.783489
33	178	0.877852
34	49	0.832922
34	73	0.720848
34	98	0.774054
34	102	1.20138
34	107	1.09865
34	122	1.16461
34	141	1.14887
34	150	1.17117
34	154	1.17181
34	156	0.777125
34	158	1.16639
34	169	1.17466
34	171	1.20345
34	175	0.667776
34	180	0.727508
35	119	0.686055
35	133	0.766987
35	138	0.768847
35	155	0.750786
35	158	0.7588
35	170	0.763784
35	172	1.24595
35	173	1.2239
35	174	1.18158
35	175	1.18538
35	176	1.11932
35	177	1.18236
35	178	1.12339
35	179	1.12807
35	180	1.1191
36	32	0.731122
36	103	0.733033
36	107	0.805943
36	119	0.692458
36	158	0.765204
36	160	0.769665
36	172	1.24595
36	173	1.2239
36	174	1.18158
36	175	1.18538
36	176	1.11932
36	177	1.18236
36	178	1.12339
36	179	1.12807
36	180	1.1191
37	65	0.83322
37	111	1.13977
37	132	1.19031
37	141	1.145
37	145	1.15722
37	148	1.15655
37	154	1.16794
37	167	1.17499
37	168	0.673389
37	169	1.17079
37	171	1.19958
37	172	0.716856
37	173	0.711166
37	176	0.815983
37	177	0.754813
38	72	0.81418
38	77	0.757717
38	87	1.18075
38	129	0.761076
38	136	1.15857
38	155	1.15848
38	158	0.723993
38	159	1.15359
38	161	1.17137
38	162	1.17375
38	167	0.710138
38	169	0.727524
38	176	1.16717
38	179	1.17591
38	180	1.16695
39	42	1.17206
39	91	1.20175
39	122	0.814739
39	142	1.15984
39	144	1.15734
39	152	1.17416
39	155	1.15272
39	159	1.14784
39	162	1.168
39	163	0.761459
39	164	0.734042
39	166	1.16544
39	169	0.815287
39	172	0.641682
39	179	0.734925
40	12	1.18803
40	13	0.921709
40	111	1.13806
40	131	0.763664
40	141	1.14329
40	149	0.790702
40	150	1.16559
40	154	1.16623
40	157	0.624734
40	158	1.16081
40	166	0.715671
40	167	1.17328
40	169	1.16908
40	171	1.19787
40	175	0.687454
41	76	0.73288
41	107	1.10698
41	140	1.16365
41	141	1.1572
41	144	0.720003
41	145	1.16942
41	146	0.78013
41	149	0.785674
41	150	1.1795
41	154	1.18014
41	158	1.17472
41	167	1.1872
41	169	1.18299
41	176	0.743178
41	180	0.742159
42	39	1.17206
42	91	1.20227
42	102	0.771138
42	108	1.16336
42	129	0.874246
42	142	1.16036
42	143	1.15898
42	152	1.17468
42	153	0.62089
42	155	1.15324
42	159	1.14835
42	162	1.16852
42	163	0.786867
42	167	0.823309
42	168	0.623624
43	18	0.765261
43	50	0.772781
43	74	0.70632
43	87	0.776575
43	93	0.714231
43	138	0.761733
43	143	1.15486
43	151	1.16352
43	159	1.14423
43	162	1.16439
43	167	1.18637
43	171	1.21095
43	176	1.15781
43	179	1.16655
43	180	1.15759
44	50	1.11814
44	83	1.14632
44	84	1.22805
44	108	0.769051
44	116	1.20765
44	129	1.13689
44	139	1.1533
44	146	1.17942
44	147	1.15661
44	154	0.779752
44	156	1.17596
44	158	0.774008
44	164	0.696295
44	169	0.777539
44	180	0.702043
45	68	1.15406
45	85	1.24401
45	101	1.14364
45	131	0.775704
45	142	1.16114
45	152	1.17546
45	155	1.15402
45	159	1.14914
45	160	1.15056
45	162	1.1693
45	164	0.753479
45	165	0.597043
45	170	0.836175
45	171	0.789983
45	178	0.749793
46	103	1.16963
46	136	0.839363
46	145	1.15781
46	148	1.15714
46	149	0.828989
46	158	1.16311
46	164	1.14617
46	165	0.62329
46	166	0.753958
46	167	1.17558
46	169	1.17138
46	170	1.1597
46	171	1.20017
46	174	0.732142
46	177	0.725323
47	5	0.711517
47	54	0.798704
47	79	0.783305
47	160	0.749162
47	170	0.749684
47	171	0.703492
47	172	1.24595
47	173	1.2239
47	174	1.18158
47	175	1.18538
47	176	1.11932
47	177	1.18236
47	178	1.12339
47	179	1.12807
47	180	1.1191
48	26	0.689635
48	79	0.859561
48	99	0.807438
48	132	0.805994
48	167	0.807102
48	168	1.23444
48	170	0.82594
48	172	1.18658
48	173	1.16453
48	174	1.12221
48	175	1.12601
48	176	1.05995
48	177	1.12298
48	178	1.06402
48	179	1.0687
48	180	1.05973
49	10	0.718249
49	16	1.08539
49	34	0.832922
49	79	1.09162
49	82	1.16275
49	87	1.13464
49	98	1.13163
49	104	1.05036
49	119	1.1856
49	122	0.870388
49	138	1.10155
49	161	1.12526
49	163	0.817109
49	170	1.13374
49	171	0.826196
49	175	0.735708
50	30	1.04081
50	43	0.772781
50	44	1.11814
50	74	1.12103
50	90	0.836615
50	100	1.17069
50	112	1.14551
50	114	0.841898
50	125	1.10244
50	127	0.711143
50	138	0.865098
50	146	1.13659
50	147	1.11378
50	156	1.13313
50	166	1.11732
50	178	0.773652
51	5	0.842747
51	76	0.794686
51	116	0.842673
51	122	1.11072
51	135	1.14484
51	138	0.885977
51	140	1.10142
51	150	1.11727
51	151	1.10212
51	154	1.11792
51	158	1.1125
51	166	0.772449
51	167	1.12497
51	168	0.66239
51	169	1.12077
51	171	1.14955
52	2	0.72451
52	18	0.845439
52	115	0.792213
52	119	0.759119
52	129	0.868947
52	140	1.11919
52	143	1.11123
52	155	1.10548
52	161	0.806952
52	162	1.12076
52	167	1.14274
52	169	1.13854
52	176	1.11418
52	178	1.11824
52	179	1.12292
52	180	1.11395
53	17	1.09609
53	20	0.825509
53	70	1.05368
53	80	1.18465
53	96	1.13079
53	98	1.1209
53	119	1.17487
53	124	0.728868
53	138	1.09082
53	151	0.890984
53	161	1.11453
53	163	0.799932
53	164	1.10949
53	166	0.746747
53	170	1.12301
53	171	0.809019
54	47	0.798704
54	70	1.06548
54	82	1.16382
54	87	1.13571
54	128	1.11136
54	136	1.11352
54	138	1.10261
54	146	0.853965
54	149	1.1393
54	160	1.10997
54	161	1.12632
54	162	0.865319
54	170	1.13481
54	173	0.712196
54	177	0.755843
54	180	0.815994
55	22	0.754131
55	120	0.660207
55	124	0.690717
55	129	1.21857
55	143	1.23485
55	147	1.23829
55	151	1.24351
55	155	1.22911
55	156	1.25763
55	159	1.22422
55	167	1.26636
55	168	0.598538
55	171	1.29095
55	174	0.686782
55	177	0.679962
55	179	0.735247
56	72	0.869682
56	75	0.777537
56	87	0.804384
56	154	0.785239
56	155	0.771481
56	168	1.23444
56	170	0.784479
56	172	1.18658
56	173	1.16453
56	174	1.12221
56	175	1.12601
56	176	1.05995
56	177	1.12298
56	178	1.06402
56	179	1.0687
56	180	1.05973
57	20	0.719511
57	32	1.32705
57	70	1.18902
57	98	1.25624
57	104	1.17496
57	119	1.3102
57	128	1.2349
57	138	1.22615
57	139	0.743857
57	148	0.741147
57	156	0.721882
57	160	1.23351
57	161	1.24986
57	163	0.693933
57	173	0.568467
57	177	0.612115
58	82	1.21868
58	88	0.830268
58	124	0.708788
58	128	1.16623
58	154	1.1985
58	155	1.1683
58	158	1.19308
58	159	1.16341
58	161	1.18119
58	162	1.18357
58	165	0.596
58	169	1.20135
58	171	1.23014
58	175	0.698451
58	176	0.759202
58	179	0.753317
58	180	0.758183
59	15	0.825254
59	67	1.06072
59	80	0.762913
59	103	1.08708
59	140	1.06948
59	141	1.06303
59	150	1.08533
59	151	1.07018
59	154	1.08598
59	155	0.894424
59	156	0.880091
59	158	1.08056
59	160	0.9069
59	167	1.09303
59	169	1.08883
59	171	1.11761
59	180	0.830474
60	64	0.754784
60	84	0.719396
60	113	1.22474
60	121	1.1933
60	142	1.18329
60	145	0.787247
60	149	1.20205
60	152	1.19761
60	155	1.17617
60	159	1.17129
60	160	1.17271
60	162	1.19145
60	164	0.727357
60	166	1.18889
60	170	0.810053
60	173	0.629308
60	177	0.672955
61	10	0.840423
61	28	1.01547
61	122	1.0871
61	132	1.11666
61	133	1.07914
61	140	1.0778
61	141	1.07136
61	148	1.08291
61	150	1.09366
61	151	1.0785
61	153	0.773305
61	157	0.795162
61	160	0.994041
61	166	0.886099
61	167	1.10135
61	169	1.09715
61	173	0.813817
62	2	0.827579
62	67	1.0551
62	73	0.856308
62	92	0.89088
62	108	0.929976
62	132	1.10273
62	135	1.10729
62	140	1.06387
62	145	1.06964
62	148	1.06897
62	150	1.07972
62	157	0.740516
62	167	1.08742
62	169	1.08321
62	170	1.07153
62	171	1.112
62	179	0.858103
63	101	0.719908
63	112	0.684832
63	125	0.770828
63	128	0.730422
63	133	0.744256
63	140	0.723621
63	167	0.722214
63	168	1.30444
63	172	1.25658
63	173	1.23453
63	174	1.19221
63	175	1.19601
63	176	1.12995
63	177	1.19298
63	178	1.13402
63	179	1.1387
63	180	1.12973
64	17	1.13601
64	60	0.754784
64	79	1.12082
64	85	0.694433
64	94	0.84421
64	101	0.767509
64	136	1.14165
64	139	1.14743
64	142	0.789493
64	145	0.765847
64	148	0.780587
64	156	1.17009
64	161	1.15445
64	163	1.12169
64	176	1.15025
64	178	1.15432
64	179	1.159
64	180	1.15003
65	2	1.17829
65	37	0.83322
65	89	0.726578
65	96	1.15203
65	111	0.76396
65	119	1.19611
65	135	0.736074
65	136	1.12297
65	140	0.767799
65	147	1.13206
65	156	1.1514
65	159	0.784608
65	161	1.13577
65	169	0.783778
65	176	1.13157
65	178	1.13563
65	179	1.14031
65	180	1.13135
66	68	1.13338
66	90	0.851777
66	108	1.14347
66	113	1.18192
66	114	1.15167
66	142	1.14047
66	143	1.1391
66	152	1.15479
66	155	1.13335
66	157	0.675796
66	159	1.12847
66	162	1.14863
66	163	0.819916
66	166	1.14607
66	168	0.656673
66	169	0.873744
66	177	0.738098
66	178	0.788814
67	8	0.791151
67	30	0.908471
67	59	1.06072
67	62	1.0551
67	112	0.765659
67	118	0.723175
67	135	1.19597
67	140	1.15255
67	141	1.1461
67	148	1.15766
67	149	0.788446
67	151	1.15325
67	154	1.16905
67	158	1.16363
67	167	1.1761
67	169	1.1719
67	175	0.685198
67	179	0.740065
68	6	1.19393
68	45	1.15406
68	66	1.13338
68	89	1.17659
68	90	0.802833
68	126	1.10615
68	129	0.858351
68	143	1.13967
68	145	0.803446
68	152	1.15537
68	155	1.13393
68	159	1.12904
68	160	1.13047
68	162	1.1492
68	164	0.743556
68	167	0.807414
68	174	0.695973
68	175	0.689571
69	7	0.809932
69	118	0.758126
69	132	1.16563
69	135	1.17019
69	141	1.12032
69	144	0.757725
69	145	1.13254
69	150	1.14262
69	151	1.12746
69	158	1.13784
69	166	0.748365
69	167	1.15031
69	169	1.14611
69	170	1.13443
69	171	1.1749
69	176	0.7809
69	178	0.770447
69	180	0.779881
70	25	1.26853
70	53	1.05368
70	54	1.06548
70	57	1.18902
70	104	1.02394
70	113	0.858386
70	119	1.15917
70	128	1.08387
70	134	0.785972
70	136	1.08603
70	138	1.07512
70	144	1.09056
70	145	0.903273
70	146	0.887102
70	153	0.704822
70	161	1.09883
70	166	0.817615
70	170	1.10732
70	173	0.745333
71	17	1.07785
71	19	0.933248
71	122	1.10641
71	123	1.13705
71	130	0.759185
71	139	1.08927
71	144	1.08802
71	146	1.11539
71	149	1.10927
71	153	0.722511
71	156	1.11193
71	158	1.10819
71	159	0.943146
71	161	1.09629
71	168	0.725245
71	169	1.11646
71	171	1.14524
71	173	0.763023
71	178	0.857387
72	38	0.81418
72	56	0.869682
72	94	1.05263
72	131	0.868655
72	132	1.13593
72	139	0.92377
72	144	0.830022
72	148	1.10218
72	150	1.11292
72	151	1.09777
72	153	0.707869
72	154	1.11357
72	158	1.10815
72	164	1.09121
72	165	0.689994
72	167	1.12062
72	169	1.11642
72	170	1.10474
72	171	1.1452
73	16	0.764442
73	34	0.720848
73	62	0.856308
73	119	0.682585
73	128	0.749684
73	136	0.737256
73	149	0.726881
73	157	1.21983
73	165	1.29489
73	168	1.26295
73	170	0.760314
73	172	1.21509
73	173	1.19303
73	174	1.15071
73	175	1.15452
73	176	1.08846
73	177	1.15149
73	178	1.09252
73	179	1.0972
73	180	1.08824
74	2	1.20573
74	3	0.701188
74	43	0.70632
74	50	1.12103
74	83	1.14921
74	116	1.21054
74	123	1.20397
74	124	0.66723
74	125	1.14816
74	129	1.13979
74	138	0.798637
74	139	1.15619
74	146	1.18231
74	147	1.1595
74	150	0.788998
74	154	0.794334
74	156	1.17885
74	160	1.14686
74	162	0.76595
74	167	0.774735
75	56	0.777537
75	109	0.763637
75	120	0.680127
75	122	1.16118
75	133	1.15321
75	135	1.1953
75	144	0.737877
75	145	1.15765
75	146	0.798003
75	148	1.15698
75	151	1.15258
75	154	1.16838
75	158	1.16296
75	164	1.14602
75	166	0.728516
75	167	1.17543
75	169	1.17122
75	171	1.20001
75	176	0.761051
75	180	0.760032
76	41	0.73288
76	51	0.794686
76	121	0.75191
76	148	0.74963
76	154	0.758456
76	157	1.21983
76	165	1.29489
76	167	0.738857
76	168	1.26295
76	170	0.757695
76	171	0.711503
76	172	1.21509
76	173	1.19303
76	174	1.15071
76	175	1.15452
76	176	1.08846
76	177	1.15149
76	178	1.09252
76	179	1.0972
76	180	1.08824
77	12	1.15724
77	28	1.05661
77	38	0.757717
77	80	0.728154
77	128	0.862033
77	134	0.732556
77	135	1.16236
77	136	0.849604
77	137	1.12923
77	145	1.12471
77	148	1.12405
77	151	1.11964
77	154	1.13544
77	156	0.845331
77	158	1.13002
77	159	0.87204
77	164	1.11308
77	167	1.14249
77	168	0.65414
77	169	1.13829
77	171	1.16707
78	27	0.764994
78	30	0.760252
78	91	0.681359
78	122	0.671659
78	138	0.678723
78	147	0.68007
78	151	0.709432
78	154	0.67442
78	157	1.27817
78	159	0.673037
78	165	1.35323
78	168	1.32128
78	172	1.27342
78	173	1.25136
78	174	1.20904
78	175	1.21285
78	176	1.14679
78	177	1.20982
78	178	1.15086
78	179	1.15553
78	180	1.14657
79	29	0.736958
79	32	1.20324
79	47	0.783305
79	48	0.859561
79	49	1.09162
79	64	1.12082
79	82	1.16354
79	87	1.13543
79	96	1.14231
79	98	1.13242
79	112	0.821324
79	128	1.11109
79	136	1.11324
79	138	1.10234
79	149	1.13903
79	154	0.878304
79	161	1.12605
79	163	0.822263
79	164	1.121
79	172	0.702487
79	173	0.696797
80	53	1.18465
80	59	0.762913
80	77	0.728154
80	83	1.21579
80	89	0.640761
80	94	0.754971
80	98	1.23618
80	123	1.27056
80	132	0.679468
80	138	1.20609
80	139	1.22277
80	142	0.700253
80	145	0.676607
80	147	1.22609
80	159	0.698791
80	161	1.2298
80	171	0.653221
80	176	1.2256
80	178	1.22967
80	179	1.23435
80	180	1.22538
81	26	0.690556
81	88	1.15771
81	115	1.18442
81	120	0.670007
81	128	0.816231
81	130	0.642277
81	131	0.76639
81	138	0.831924
81	142	1.17608
81	145	1.18845
81	147	1.17815
81	148	1.18778
81	151	1.18337
81	155	1.16897
81	156	1.19749
81	159	1.16408
81	162	1.18424
81	169	1.20202
81	171	1.23081
81	174	0.696581
81	176	0.750931
81	178	0.740479
82	49	1.16275
82	54	1.16382
82	58	1.21868
82	79	1.16354
82	90	1.14918
82	96	1.21344
82	97	1.19311
82	98	1.20355
82	103	0.767255
82	117	0.793353
82	118	0.705706
82	128	1.18222
82	131	0.743939
82	135	0.755254
82	136	1.18438
82	138	1.17347
82	153	0.583152
82	161	1.19718
82	164	1.19213
82	169	0.802958
82	176	0.72848
82	179	0.722596
83	10	1.17318
83	22	0.800488
83	30	1.06898
83	44	1.14632
83	74	1.14921
83	80	1.21579
83	106	0.771874
83	115	1.14824
83	120	0.706564
83	123	1.18643
83	125	1.13062
83	129	1.12224
83	137	0.772215
83	139	1.13865
83	140	0.845987
83	142	0.864258
83	146	1.16477
83	147	1.14196
83	156	1.16131
83	157	0.664017
83	161	0.833522
83	168	0.644895
83	170	1.15416
84	23	0.576197
84	44	1.22805
84	60	0.719396
84	90	0.729845
84	97	0.703315
84	112	1.25543
84	115	1.22997
84	116	1.27474
84	118	1.2331
84	123	1.26816
84	125	1.21235
84	129	1.20398
84	133	0.756469
84	146	1.2465
84	149	1.24039
84	156	1.24304
84	162	0.725642
84	166	1.22723
84	167	0.734426
84	170	1.23589
84	171	0.707073
84	173	0.572519
84	180	0.676317
85	45	1.24401
85	64	0.694433
85	89	1.26654
85	91	1.27291
85	97	0.699753
85	99	1.23866
85	101	1.2135
85	109	0.676359
85	111	0.728432
85	121	1.24101
85	127	0.600811
85	129	0.781802
85	130	0.565118
85	137	0.6585
85	142	1.231
85	143	1.22963
85	152	1.24532
85	155	1.22388
85	159	1.219
85	162	1.23916
85	166	1.23659
85	169	0.74825
85	170	0.749703
86	17	0.792757
86	107	0.805814
86	110	0.7395
86	115	0.725424
86	117	0.759001
86	133	0.773262
86	134	1.09958
86	141	0.786777
86	153	1.21093
86	157	1.20221
86	160	0.769536
86	162	0.742435
86	165	1.27727
86	168	1.24533
86	172	1.19747
86	173	1.17541
86	174	1.13309
86	175	1.1369
86	176	1.07084
86	177	1.13387
86	178	1.0749
86	179	1.07958
86	180	1.07061
87	16	1.12919
87	38	1.18075
87	43	0.776575
87	49	1.13464
87	54	1.13571
87	56	0.804384
87	79	1.13543
87	104	1.09417
87	115	0.819194
87	128	1.1541
87	133	1.17122
87	135	0.814672
87	136	1.15626
87	137	1.18017
87	138	1.14535
87	144	1.16079
87	145	0.841022
87	153	0.642571
87	160	1.15271
87	161	1.16906
87	172	0.688772
87	175	0.727147
87	180	0.78688
88	1	1.17083
88	8	1.17561
88	58	0.830268
88	81	1.15771
88	93	1.16362
88	95	0.703002
88	100	1.18873
88	110	1.12266
88	117	0.828002
88	123	1.17629
88	129	1.1121
88	137	0.747857
88	139	1.1285
88	144	0.739955
88	146	1.15463
88	147	1.13182
88	149	1.14851
88	156	1.15117
88	159	0.838437
88	160	1.11918
88	175	0.702379
88	178	0.752677
88	180	0.762111
89	5	1.2239
89	10	1.21696
89	65	0.726578
89	68	1.17659
89	80	0.640761
89	85	1.26654
89	94	0.840827
89	99	1.19134
89	105	0.709914
89	113	1.22513
89	114	1.19488
89	121	1.19369
89	133	1.1916
89	144	1.18118
89	150	0.780695
89	152	1.198
89	155	1.17656
89	159	1.17167
89	162	1.19184
89	163	0.72999
89	164	0.702573
89	174	0.65499
89	176	0.70934
89	180	0.708321
90	50	0.836615
90	66	0.851777
90	68	0.802833
90	82	1.14918
90	84	0.729845
90	96	1.12794
90	104	1.03678
90	111	1.10082
90	114	0.802367
90	115	0.775869
90	135	1.15592
90	138	1.08797
90	147	0.826914
90	152	0.763052
90	154	1.12899
90	155	0.807505
90	161	1.11168
90	167	1.13605
90	171	1.16063
90	176	1.10748
90	177	1.17051
90	178	1.11155
90	179	1.11623
90	180	1.10726
91	4	1.22979
91	39	1.20175
91	42	1.20227
91	78	0.681359
91	85	1.27291
91	101	1.17255
91	114	1.20124
91	116	0.813382
91	121	1.20005
91	134	0.711516
91	142	1.19004
91	143	1.18867
91	152	1.20436
91	155	1.18293
91	159	1.17804
91	160	1.17946
91	162	1.1982
91	164	0.768926
91	168	0.633099
91	172	0.676566
91	174	0.721343
91	175	0.714942
91	177	0.714524
91	179	0.769808
92	62	0.89088
92	110	0.764328
92	115	0.750252
92	125	0.824663
92	126	0.874391
92	131	0.993046
92	134	1.07862
92	135	0.74573
92	148	0.78682
92	149	0.761453
92	153	1.18996
92	157	1.18125
92	165	1.25631
92	168	1.22436
92	170	0.794886
92	172	1.17651
92	173	1.15445
92	174	1.11213
92	175	1.11593
92	176	1.04987
92	177	1.11291
92	178	1.05394
92	179	1.05862
92	180	1.04965
93	1	1.22307
93	43	0.714231
93	88	1.16362
93	100	1.24096
93	103	0.764329
93	109	0.72814
93	110	1.1749
93	112	1.21579
93	115	1.19034
93	116	1.2351
93	123	1.22853
93	137	0.710281
93	139	1.18074
93	141	0.818202
93	147	1.18406
93	149	1.20075
93	150	0.796909
93	156	1.20341
93	160	1.17142
93	164	0.718787
93	165	0.562352
93	166	1.18759
93	174	0.671204
93	179	0.719669
94	28	1.05454
94	64	0.84421
94	72	1.05263
94	80	0.754971
94	89	0.840827
94	99	0.880978
94	101	0.878336
94	107	1.06021
94	113	0.831786
94	117	1.12203
94	122	1.12617
94	132	1.15573
94	135	1.16029
94	140	1.11687
94	150	1.13272
94	151	1.11757
94	154	1.13337
94	158	1.12795
94	165	0.660348
94	166	0.791016
94	167	1.14042
94	169	1.13622
94	171	1.165
94	173	0.718734
95	5	0.669698
95	11	0.891452
95	88	0.703002
95	96	0.728124
95	122	0.705865
95	123	0.687449
95	134	1.14958
95	138	0.712929
95	142	0.708705
95	153	1.26093
95	154	0.708626
95	157	1.25221
95	161	0.677969
95	165	1.32727
95	168	1.29533
95	172	1.24747
95	173	1.22541
95	174	1.18309
95	175	1.1869
95	176	1.12084
95	177	1.18387
95	178	1.1249
95	179	1.12958
95	180	1.12061
96	9	0.731274
96	10	0.710042
96	14	1.22168
96	53	1.13079
96	65	1.15203
96	79	1.14231
96	82	1.21344
96	90	1.12794
96	95	0.728124
96	104	1.10104
96	106	0.772638
96	107	0.899937
96	119	1.23628
96	128	1.16098
96	132	0.844236
96	136	1.16314
96	138	1.15223
96	144	1.16767
96	153	0.642924
96	157	0.664781
96	161	1.17594
96	164	1.1709
96	170	1.18443
96	175	0.727501
96	179	0.782367
97	2	0.681636
97	82	1.19311
97	84	0.703315
97	85	0.699753
97	108	0.784033
97	110	0.763415
97	115	0.749339
97	121	0.788188
97	136	1.14281
97	138	1.1319
97	140	1.15643
97	150	1.17228
97	156	0.766642
97	159	0.793351
97	161	1.15561
97	162	0.76635
97	167	1.17998
97	169	1.17577
97	170	1.16409
97	171	1.20456
97	176	1.15141
97	177	1.21444
97	178	1.15548
97	179	1.16016
97	180	1.15119
98	13	0.911094
98	16	1.12618
98	17	1.14761
98	34	0.774054
98	49	1.13163
98	53	1.1209
98	57	1.25624
98	79	1.13242
98	80	1.23618
98	82	1.20355
98	109	0.740176
98	112	0.7573
98	119	1.22639
98	127	0.664629
98	128	1.15109
98	136	1.15325
98	138	1.14234
98	144	1.15778
98	146	0.774543
98	156	0.786188
98	160	1.1497
98	161	1.16605
98	163	0.75824
98	166	0.705056
98	173	0.632774
99	24	1.13876
99	48	0.807438
99	85	1.23866
99	89	1.19134
99	94	0.880978
99	101	1.1383
99	108	1.1588
99	113	1.19725
99	120	0.668567
99	121	1.1658
99	132	0.805475
99	142	1.1558
99	143	1.15442
99	149	1.17455
99	152	1.17012
99	155	1.14868
99	159	1.14379
99	162	1.16396
99	164	0.742724
99	166	1.16139
99	170	0.825421
99	172	0.650364
99	174	0.695142
99	177	0.688322
99	178	0.739039
100	19	0.786863
100	30	1.13619
100	50	1.17069
100	88	1.18873
100	93	1.24096
100	106	0.70584
100	110	1.2
100	112	1.24089
100	115	1.21544
100	116	1.2602
100	123	1.25363
100	125	1.19782
100	127	0.648492
100	132	0.777438
100	139	1.20585
100	140	0.779952
100	146	1.23197
100	147	1.20916
100	148	0.789318
100	156	1.22851
100	164	0.714687
100	165	0.558252
100	170	1.22136
100	174	0.667104
100	175	0.660703
100	179	0.715569
101	12	0.766131
101	19	1.12102
101	45	1.14364
101	63	0.719908
101	64	0.767509
101	85	1.2135
101	91	1.17255
101	94	0.878336
101	99	1.1383
101	108	1.13364
101	121	1.14064
101	126	1.09573
101	142	1.13064
101	143	1.12926
101	152	1.14496
101	154	0.823539
101	155	1.12352
101	158	0.817795
101	159	1.11863
101	160	1.12006
101	162	1.13879
101	164	0.740082
101	166	1.13623
101	170	0.822778
101	171	0.776586
101	177	0.68568
102	11	0.9565
102	27	1.11694
102	34	1.20138
102	42	0.771138
102	104	0.842808
102	105	0.697558
102	117	1.21253
102	135	1.2508
102	140	1.20738
102	141	1.20093
102	145	1.21315
102	148	1.21249
102	150	1.22323
102	151	1.20808
102	154	1.22388
102	157	0.573513
102	158	1.21846
102	161	0.743018
102	167	1.23093
102	168	0.554391
102	169	1.22673
102	171	1.25551
102	173	0.592168
102	178	0.686532
102	179	0.6911
102	180	0.695966
103	6	0.740427
103	12	1.21721
103	25	0.677318
103	36	0.733033
103	46	1.16963
103	59	1.08708
103	82	0.767255
103	93	0.764329
103	117	1.18407
103	122	1.18821
103	126	1.13742
103	140	1.17891
103	141	1.17247
103	144	0.707664
103	145	1.18469
103	147	0.813179
103	148	1.18402
103	150	1.19477
103	151	1.17961
103	154	1.19541
103	161	0.776872
103	167	1.20246
103	169	1.19826
103	171	1.22704
103	174	0.676489
103	178	0.720386
103	179	0.724954
104	1	0.823327
104	14	1.13052
104	15	0.831648
104	17	1.06634
104	25	1.25448
104	26	1.24841
104	32	1.16197
104	49	1.05036
104	57	1.17496
104	70	1.02394
104	87	1.09417
104	90	1.03678
104	96	1.10104
104	102	0.842808
104	118	0.815113
104	119	1.14512
104	120	0.756963
104	128	1.06982
104	137	1.09589
104	142	0.914656
104	148	0.905751
104	160	1.06843
104	161	1.08478
104	165	0.674685
104	166	0.805352
104	170	1.09327
104	173	0.733071
105	12	0.711919
105	21	0.75206
105	89	0.709914
105	102	0.697558
105	113	0.700873
105	119	1.23385
105	128	1.15855
105	129	1.15009
105	138	1.1498
105	139	1.16649
105	141	0.785286
105	146	1.19261
105	147	1.1698
105	150	0.763992
105	152	0.711115
105	155	0.755569
105	156	1.18915
105	161	1.17351
105	162	0.740944
105	164	1.16847
105	169	0.767115
105	175	1.23537
105	176	1.16931
105	177	1.23235
105	178	1.17338
105	179	1.17806
105	180	1.16909
106	83	0.771874
106	96	0.772638
106	100	0.70584
106	110	0.721821
106	113	0.684685
106	116	0.714139
106	128	0.741749
106	130	1.16839
106	131	1.0551
106	134	1.14067
106	148	0.744313
106	153	1.25201
106	157	1.2433
106	160	0.751857
106	165	1.31836
106	167	0.733541
106	168	1.28641
106	170	0.752379
106	172	1.23855
106	173	1.2165
106	174	1.17418
106	175	1.17798
106	176	1.11192
106	177	1.17496
106	178	1.11599
106	179	1.12067
106	180	1.1117
107	2	0.76734
107	34	1.09865
107	36	0.805943
107	41	1.10698
107	86	0.805814
107	94	1.06021
107	96	0.899937
107	117	1.1098
107	122	1.11395
107	135	1.14807
107	140	1.10465
107	145	1.11042
107	148	1.10975
107	150	1.1205
107	151	1.10535
107	154	1.12115
107	155	0.86668
107	158	1.11573
107	160	0.879156
107	163	1.07107
107	167	1.1282
107	169	1.12399
107	171	1.15278
107	175	0.742997
107	177	0.742579
107	178	0.793296
107	179	0.797864
108	5	1.19136
108	19	1.14152
108	33	1.08809
108	42	1.16336
108	44	0.769051
108	62	0.929976
108	66	1.14347
108	97	0.784033
108	99	1.1588
108	101	1.13364
108	113	1.19259
108	114	1.16233
108	121	1.16114
108	123	0.813565
108	137	0.74278
108	142	1.15113
108	143	1.14976
108	152	1.16545
108	155	1.14402
108	159	1.13913
108	162	1.15929
108	163	0.778702
108	164	0.751286
108	165	0.59485
108	166	1.15673
108	169	0.83253
108	172	0.658926
108	178	0.7476
109	21	0.754072
109	75	0.763637
109	85	0.676359
109	93	0.72814
109	98	0.740176
109	125	0.800356
109	126	0.850085
109	127	1.12863
109	130	1.14155
109	131	1.02825
109	134	1.11383
109	138	0.775643
109	147	0.77699
109	153	1.22517
109	155	0.757581
109	157	1.21646
109	165	1.29152
109	168	1.25957
109	170	0.770579
109	172	1.21171
109	173	1.18965
109	174	1.14733
109	175	1.15114
109	176	1.08508
109	177	1.14811
109	178	1.08914
109	179	1.09382
109	180	1.08486
110	2	1.18933
110	13	1.03558
110	86	0.7395
110	88	1.12266
110	92	0.764328
110	93	1.1749
110	97	0.763415
110	100	1.2
110	106	0.721821
110	112	1.17483
110	115	1.14938
110	116	1.19414
110	123	1.18757
110	125	1.13175
110	129	1.12338
110	139	1.13978
110	141	0.830083
110	145	0.790558
110	146	1.1659
110	147	1.1431
110	149	1.15979
110	151	0.849137
110	156	1.16245
110	161	0.783468
110	162	0.785741
110	166	1.14663
110	173	0.632619
110	176	0.737435
111	20	0.79295
111	28	1.0873
111	37	1.13977
111	40	1.13806
111	65	0.76396
111	85	0.728432
111	90	1.10082
111	114	0.804516
111	129	0.854752
111	132	1.1885
111	134	0.682546
111	137	1.15993
111	140	1.14964
111	145	1.15541
111	146	0.783675
111	148	1.15474
111	149	0.78922
111	150	1.16549
111	151	1.15034
111	154	1.16614
111	158	1.16072
111	164	1.14378
111	166	0.714188
111	167	1.17319
111	169	1.16898
111	171	1.19777
111	176	0.746723
111	179	0.740838
112	50	1.14551
112	63	0.684832
112	67	0.765659
112	79	0.821324
112	84	1.25543
112	93	1.21579
112	98	0.7573
112	100	1.24089
112	110	1.17483
112	115	1.19027
112	116	1.23503
112	121	0.781918
112	123	1.22846
112	125	1.17264
112	126	1.14703
112	127	0.638812
112	129	1.16427
112	139	1.18067
112	144	0.688599
112	146	1.20679
112	147	1.18399
112	149	1.20068
112	155	0.774705
112	156	1.20334
112	162	0.76008
112	163	1.15494
112	164	0.705007
112	172	0.612647
112	176	0.711774
113	5	1.22981
113	24	1.17254
113	26	0.639925
113	60	1.22474
113	66	1.18192
113	70	0.858386
113	89	1.22513
113	94	0.831786
113	99	1.19725
113	105	0.700873
113	106	0.684685
113	108	1.19259
113	121	1.19959
113	122	0.774229
113	126	1.15468
113	137	0.685027
113	142	1.18959
113	143	1.18821
113	144	1.18709
113	146	0.737252
113	152	1.20391
113	155	1.18247
113	159	1.17758
113	162	1.19774
113	163	0.720949
113	166	1.19518
113	171	0.730037
113	176	0.7003
113	177	0.63913
114	1	0.735297
114	4	1.19908
114	7	1.20964
114	33	1.09629
114	50	0.841898
114	66	1.15167
114	89	1.19488
114	90	0.802367
114	91	1.20124
114	108	1.16233
114	111	0.804516
114	120	0.668933
114	121	1.16934
114	133	1.16726
114	142	1.15933
114	143	1.15796
114	149	1.17809
114	152	1.17365
114	153	0.604529
114	155	1.15221
114	158	0.820803
114	159	1.14733
114	160	1.14875
114	162	1.16749
114	163	0.770506
114	164	0.74309
114	166	1.16493
114	171	0.779594
114	177	0.688688
114	179	0.743972
115	8	1.20233
115	30	1.08556
115	52	0.792213
115	81	1.18442
115	83	1.14824
115	84	1.22997
115	86	0.725424
115	87	0.819194
115	90	0.775869
115	92	0.750252
115	93	1.19034
115	97	0.749339
115	100	1.21544
115	110	1.14938
115	112	1.19027
115	125	1.14719
115	127	0.650397
115	129	1.13882
115	133	0.802492
115	137	0.708086
115	139	1.15522
115	146	1.18134
115	147	1.15854
115	156	1.17788
115	158	0.794305
115	160	1.1459
115	163	1.12949
115	164	0.716592
115	170	1.17073
115	179	0.717474
116	11	1.08944
116	23	0.628614
116	30	1.13032
116	44	1.20765
116	51	0.842673
116	74	1.21054
116	84	1.27474
116	91	0.813382
116	93	1.2351
116	100	1.2602
116	106	0.714139
116	110	1.19414
116	112	1.23503
116	118	1.2127
116	123	1.24777
116	124	0.679339
116	125	1.19195
116	128	0.795053
116	129	1.18358
116	139	1.19998
116	146	1.2261
116	147	1.2033
116	156	1.22265
116	157	0.606282
116	163	1.17425
116	169	0.80423
116	172	0.630626
116	175	0.669002
116	176	0.729753
116	177	0.668584
116	179	0.723868
117	12	1.20476
117	23	0.655798
117	29	0.69228
117	82	0.793353
117	86	0.759001
117	88	0.828002
117	94	1.12203
117	102	1.21253
117	103	1.18407
117	107	1.1098
117	118	0.734162
117	122	1.17577
117	130	0.648282
117	132	1.20533
117	135	1.20989
117	141	1.16002
117	145	1.17224
117	147	0.839276
117	148	1.17157
117	150	1.18232
117	151	1.16717
117	154	1.18297
117	155	0.819868
117	158	1.17755
117	166	0.724402
117	167	1.19002
117	169	1.18581
117	170	1.17414
117	171	1.2146
117	172	0.657809
117	177	0.695767
117	180	0.755917
118	14	0.723
118	67	0.723175
118	69	0.758126
118	82	0.705706
118	84	1.2331
118	104	0.815113
118	116	1.2127
118	117	0.734162
118	121	1.16961
118	129	1.14195
118	132	0.725274
118	138	0.750283
118	141	0.761938
118	142	1.1596
118	146	1.18447
118	147	1.16166
118	152	1.17392
118	155	1.15248
118	158	0.740236
118	159	1.1476
118	161	0.715323
118	162	1.16776
118	169	0.743767
118	170	1.17386
118	171	0.699027
118	174	1.22343
118	175	1.22723
118	176	1.16117
118	177	1.22421
118	178	1.16524
118	179	1.16992
118	180	1.16095
119	14	1.26575
119	35	0.686055
119	36	0.692458
119	49	1.1856
119	52	0.759119
119	53	1.17487
119	57	1.3102
119	65	1.19611
119	70	1.15917
119	73	0.682585
119	96	1.23628
119	98	1.22639
119	104	1.14512
119	105	1.23385
119	128	1.20506
119	129	0.798293
119	133	1.22217
119	136	1.20722
119	137	1.23112
119	142	0.767033
119	143	0.75158
119	149	1.233
119	151	0.801966
119	152	0.708742
119	160	1.20367
119	161	1.22002
119	162	0.73857
119	163	0.710914
119	164	1.21498
119	165	0.527062
119	170	1.2285
119	172	0.591137
119	179	0.684379
120	17	0.709767
120	32	0.648004
120	55	0.660207
120	75	0.680127
120	81	0.670007
120	83	0.706564
120	99	0.668567
120	104	0.756963
120	114	0.668933
120	124	1.20631
120	126	0.766575
120	127	1.22233
120	130	1.23524
120	131	1.12194
120	134	1.20752
120	143	0.672455
120	153	1.31886
120	154	0.68783
120	157	1.31015
120	162	0.659446
120	165	1.38521
120	168	1.35326
120	171	0.640877
120	172	1.3054
120	173	1.28335
120	174	1.24102
120	175	1.24483
120	176	1.17877
120	177	1.2418
120	178	1.18284
120	179	1.18752
120	180	1.17855
121	3	0.745752
121	21	0.82163
121	24	1.1411
121	33	1.0951
121	60	1.1933
121	76	0.75191
121	85	1.24101
121	89	1.19369
121	91	1.20005
121	97	0.788188
121	99	1.1658
121	101	1.14064
121	108	1.16114
121	112	0.781918
121	113	1.19959
121	114	1.16934
121	118	1.16961
121	122	0.836137
121	142	1.15814
121	143	1.15677
121	144	1.15564
121	149	1.17689
121	152	1.17246
121	155	1.15102
121	159	1.14614
121	160	1.14756
121	162	1.1663
121	163	0.782857
121	164	0.755441
121	165	0.599005
121	167	0.819299
121	168	0.619614
121	171	0.791945
121	174	0.707858
121	175	0.701457
122	34	1.16461
122	39	0.814739
122	49	0.870388
122	51	1.11072
122	61	1.0871
122	71	1.10641
122	75	1.16118
122	78	0.671659
122	94	1.12617
122	95	0.705865
122	103	1.18821
122	107	1.11395
122	113	0.774229
122	117	1.17577
122	121	0.836137
122	127	0.693031
122	132	1.20947
122	135	1.21403
122	140	1.17061
122	141	1.16417
122	142	0.842762
122	145	1.17639
122	146	0.802945
122	147	0.848333
122	148	1.17572
122	150	1.18646
122	154	1.18711
122	158	1.18169
122	165	0.602791
122	167	1.19416
122	169	1.18996
122	171	1.21874
122	172	0.666866
122	173	0.661177
122	174	0.711643
123	11	1.08286
123	71	1.13705
123	74	1.20397
123	80	1.27056
123	83	1.18643
123	84	1.26816
123	88	1.17629
123	93	1.22853
123	95	0.687449
123	100	1.25363
123	108	0.813565
123	110	1.18757
123	112	1.22846
123	116	1.24777
123	125	1.18538
123	126	1.15976
123	127	0.674614
123	129	1.17701
123	137	0.732303
123	139	1.19341
123	143	0.808892
123	146	1.21953
123	152	0.766054
123	153	0.602248
123	154	0.824266
123	156	1.21607
123	163	1.16767
123	164	0.740809
123	165	0.584374
123	166	1.20026
123	170	1.20892
123	172	0.648449
123	174	0.693226
123	176	0.747576
123	178	0.737124
123	180	0.746558
124	6	0.651238
124	8	0.686851
124	24	0.701639
124	25	0.588128
124	53	0.728868
124	55	0.690717
124	58	0.708788
124	74	0.66723
124	116	0.679339
124	120	1.20631
124	127	1.22238
124	130	1.2353
124	131	1.122
124	134	1.20757
124	153	1.31891
124	157	1.3102
124	159	0.716956
124	160	0.717057
124	162	0.689956
124	165	1.38526
124	167	0.698741
124	168	1.35331
124	171	0.671387
124	172	1.30546
124	173	1.2834
124	174	1.24108
124	175	1.24488
124	176	1.17882
124	177	1.24186
124	178	1.18289
124	179	1.18757
124	180	1.1786
125	2	1.18714
125	11	1.02705
125	50	1.10244
125	63	0.770828
125	74	1.14816
125	83	1.13062
125	84	1.21235
125	92	0.824663
125	100	1.19782
125	109	0.800356
125	110	1.13175
125	112	1.17264
125	115	1.14719
125	116	1.19195
125	123	1.18538
125	126	1.10395
125	129	1.1212
125	131	0.813228
125	134	0.733592
125	139	1.1376
125	140	0.856268
125	144	0.774595
125	146	1.16372
125	147	1.14091
125	152	0.816248
125	156	1.16026
125	157	0.674299
125	160	1.12827
125	163	1.11186
125	164	0.791003
125	165	0.634567
125	166	1.14445
125	170	1.15311
125	171	0.827507
125	173	0.692953
125	180	0.796751
126	23	0.74636
126	68	1.10615
126	92	0.874391
126	101	1.09573
126	103	1.13742
126	109	0.850085
126	112	1.14703
126	113	1.15468
126	120	0.766575
126	123	1.15976
126	125	1.10395
126	129	1.09558
126	130	0.738844
126	132	1.15868
126	134	0.783321
126	139	1.11198
126	140	1.11982
126	142	1.11323
126	147	1.1153
126	151	1.12052
126	152	1.12755
126	154	1.13632
126	155	1.10611
126	156	1.13464
126	158	1.1309
126	159	1.10123
126	161	0.893532
126	162	1.12139
126	165	0.684296
126	168	0.704905
126	169	1.13917
126	171	1.16795
126	173	0.742682
126	175	0.786747
126	176	0.847499
126	179	0.841614
126	180	0.84648
127	33	0.815343
127	50	0.711143
127	85	0.600811
127	98	0.664629
127	100	0.648492
127	109	1.12863
127	112	0.638812
127	115	0.650397
127	120	1.22233
127	122	0.693031
127	123	0.674614
127	124	1.22238
127	130	1.25131
127	131	1.13801
127	134	1.22359
127	139	0.689676
127	146	0.656054
127	147	0.701442
127	150	0.690456
127	153	1.33493
127	156	0.6677
127	157	1.32622
127	160	0.694509
127	165	1.40128
127	168	1.36933
127	172	1.32147
127	173	1.29941
127	174	1.25709
127	175	1.2609
127	176	1.19484
127	177	1.25787
127	178	1.1989
127	179	1.20358
127	180	1.19462
128	3	1.17858
128	18	1.12083
128	24	0.817353
128	25	1.31442
128	32	1.22191
128	54	1.11136
128	57	1.2349
128	58	1.16623
128	63	0.730422
128	70	1.08387
128	73	0.749684
128	77	0.862033
128	79	1.11109
128	81	0.816231
128	82	1.18222
128	87	1.1541
128	96	1.16098
128	98	1.15109
128	104	1.06982
128	105	1.15855
128	106	0.741749
128	116	0.795053
128	119	1.20506
128	136	1.13192
128	137	1.15582
128	138	1.12101
128	145	0.810487
128	150	0.828718
128	160	1.12837
128	161	1.14472
128	164	1.13968
128	165	0.594161
128	166	0.724829
128	168	0.61477
128	169	0.831841
128	170	1.1532
128	171	0.787101
128	175	0.696612
129	13	1.02502
129	30	1.05956
129	38	0.761076
129	42	0.874246
129	44	1.13689
129	52	0.868947
129	55	1.21857
129	68	0.858351
129	74	1.13979
129	83	1.12224
129	84	1.20398
129	85	0.781802
129	88	1.1121
129	105	1.15009
129	110	1.12338
129	111	0.854752
129	112	1.16427
129	115	1.13882
129	116	1.18358
129	118	1.14195
129	119	0.798293
129	123	1.17701
129	125	1.1212
129	126	1.09558
129	134	0.735915
129	139	1.12923
129	144	0.776918
129	146	1.15535
129	149	1.14923
129	153	0.654764
129	156	1.15189
129	157	0.676621
129	160	1.1199
129	164	0.793325
129	166	1.13607
129	168	0.657499
129	169	0.87457
129	170	1.14474
129	177	0.738923
130	28	0.801787
130	33	0.77965
130	71	0.759185
130	81	0.642277
