1	20	0.959217
1	49	0.998067
1	82	0.925134
1	84	0.931088
1	85	0.910039
1	95	0.896392
1	111	0.947946
1	117	0.92686
1	136	0.911383
1	173	1.09758
1	178	1.39678
1	180	2.01877
2	34	1.02867
2	50	1.01572
2	81	1.06662
2	115	1.06094
2	127	0.775631
2	141	1.14557
2	142	1.04831
2	150	1.06333
2	155	1.28763
2	157	1.06953
2	162	1.04471
2	174	1.57916
3	76	0.832068
3	111	3.28551
3	116	0.83455
3	133	0.873089
3	164	0.775809
3	171	0.734454
3	173	0.764028
3	175	0.71176
3	177	0.718602
3	178	0.727286
3	179	0.725867
3	180	0.692736
4	16	0.940561
4	114	1.50189
4	121	0.946276
4	125	0.928541
4	127	0.925612
4	129	0.930326
4	131	0.931237
4	138	0.934012
4	139	0.920355
4	158	0.968973
4	172	0.87878
4	175	2.05562
5	7	0.99806
5	11	0.997555
5	14	1.01969
5	18	0.847236
5	25	0.918539
5	68	0.893551
5	80	0.952122
5	136	0.919211
5	156	1.36244
5	168	0.872253
5	172	1.30489
5	178	1.82458
6	102	1.05066
6	105	1.02566
6	109	1.02691
6	119	1.02891
6	120	1.07817
6	123	1.08395
6	124	1.08105
6	148	1.07319
6	152	0.975611
6	165	1.37082
6	169	1.26744
6	172	1.11962
7	5	0.99806
7	25	1.04209
7	63	1.14006
7	68	1.0171
7	80	1.07567
7	127	0.850544
7	128	1.07692
7	135	0.951228
7	136	1.04276
7	168	0.995801
7	169	1.3309
7	174	1.65407
8	49	1.00161
8	66	0.927744
8	69	0.899209
8	87	0.914596
8	95	0.899933
8	96	0.964086
8	111	0.951487
8	117	0.930401
8	136	0.914924
8	173	1.50119
8	176	1.20686
8	178	1.80038
9	69	1.02766
9	82	1.05712
9	84	1.06308
9	85	1.04203
9	87	1.04304
9	95	1.02838
9	107	1.08087
9	111	1.07993
9	117	1.05885
9	135	1.09604
9	144	1.15288
9	168	1.46819
10	39	1.03063
10	88	1.05897
10	102	1.06376
10	110	1.08199
10	119	1.04202
10	120	1.09127
10	124	1.09415
10	130	0.8593
10	146	0.948315
10	167	1.04552
10	173	1.28002
10	179	1.59467
11	5	0.997555
11	15	1.0645
11	63	1.13955
11	68	1.0166
11	80	1.07517
11	116	1.27422
11	127	0.895989
11	128	1.07642
11	133	1.18623
11	136	1.04225
11	159	1.40208
11	168	0.995296
12	34	0.986443
12	56	0.942435
12	77	1.06062
12	81	1.0244
12	104	0.937079
12	115	1.01872
12	128	1.03137
12	133	1.13494
12	147	1.29135
12	150	1.02111
12	157	1.02731
12	162	1.00248
12	179	1.7124
13	99	0.976433
13	101	1.0078
13	103	1.17892
13	104	1.14234
13	112	1.04065
13	129	1.03406
13	131	1.03497
13	138	1.03774
13	139	1.02408
13	151	1.18761
13	160	0.944641
13	172	0.98251
13	173	1.603
14	5	1.01969
14	18	0.992417
14	25	1.06372
14	68	1.03873
14	80	1.0973
14	128	1.09855
14	130	0.869149
14	136	1.06439
14	155	1.24882
14	156	1.12692
14	168	1.01743
14	174	1.54035
15	11	1.0645
15	18	0.914178
15	58	1.09743
15	63	1.08345
15	68	0.960493
15	80	1.01906
15	128	1.02031
15	136	0.986152
15	149	1.0743
15	153	1.28566
15	160	1.53854
15	168	0.939194
15	176	1.20442
16	4	0.940561
16	64	1.04402
16	121	1.03672
16	125	1.01899
16	129	1.02077
16	131	1.02168
16	137	1.02748
16	138	1.02446
16	139	1.0108
16	159	1.27506
16	171	1.76485
16	172	0.969225
16	176	1.02768
17	20	1.04355
17	72	0.971399
17	82	1.00947
17	84	1.01542
17	87	0.995387
17	95	0.980724
17	96	1.04488
17	111	1.03228
17	117	1.01119
17	132	1.02558
17	147	1.32013
17	159	1.37957
17	168	1.34631
18	5	0.847236
18	14	0.992417
18	15	0.914178
18	25	0.891264
18	57	0.944377
18	63	0.989234
18	68	0.866276
18	80	0.924847
18	128	0.926097
18	136	0.891935
18	163	1.35998
18	168	0.844977
18	180	2.50675
19	78	1.02623
19	83	1.05473
19	90	0.940861
19	112	1.02044
19	125	1.01206
19	129	1.01385
19	131	1.01476
19	138	1.01753
19	139	1.00388
19	145	1.0483
19	148	1.01646
19	171	2.01952
19	172	0.962303
20	1	0.959217
20	17	1.04355
20	66	1.02456
20	69	0.996029
20	72	0.987427
20	85	1.0104
20	87	1.01142
20	111	1.04831
20	117	1.02722
20	126	0.929171
20	156	1.22963
20	166	1.55722
20	173	1.39257
21	99	0.864842
21	121	0.938415
21	125	0.92068
21	129	0.922465
21	131	0.923376
21	138	0.926151
21	139	0.912494
21	154	1.53215
21	158	0.961112
21	160	0.83305
21	161	1.71654
21	172	0.870919
21	173	1.54997
22	31	0.766985
22	76	1.55865
22	88	0.977789
22	93	1.22314
22	94	1.03591
22	102	0.982579
22	109	0.958829
22	110	1.00081
22	119	0.960833
22	120	1.01009
22	123	1.01587
22	124	1.01297
22	146	0.867131
22	163	1.6452
23	26	1.04255
23	27	1.04028
23	37	1.12011
23	44	1.1558
23	46	1.10462
23	59	1.07617
23	67	1.11054
23	86	0.821641
23	113	1.12004
23	140	0.984111
23	142	1.07587
23	162	1.03161
23	171	1.74802
23	172	1.08469
24	28	0.979942
24	48	0.951812
24	53	1.05499
24	55	0.914371
24	60	0.914371
24	74	0.960551
24	75	1.05513
24	104	1.15723
24	145	1.0895
24	150	0.9958
24	158	1.03386
24	162	1.34431
24	166	1.78253
24	176	0.976516
25	5	0.918539
25	7	1.04209
25	14	1.06372
25	18	0.891264
25	47	1.27151
25	62	1.18475
25	63	1.06054
25	68	0.937579
25	80	0.99615
25	128	0.9974
25	136	0.963238
25	168	0.91628
25	172	1.3172
25	173	1.5377
26	23	1.04255
26	27	0.912765
26	35	1.04284
26	37	0.992587
26	38	0.991814
26	59	0.948653
26	67	0.983019
26	90	0.982724
26	104	1.01738
26	113	0.992523
26	142	0.948355
26	156	1.31509
26	172	1.25754
26	179	1.7927
27	23	1.04028
27	26	0.912765
27	35	1.04057
27	37	0.990321
27	38	0.989547
27	44	1.02601
27	46	0.974833
27	59	0.946386
27	67	0.980753
27	142	0.946089
27	164	1.36633
27	165	1.43548
27	172	1.18428
27	173	1.40478
28	24	0.979942
28	54	0.921102
28	55	0.914425
28	60	0.914425
28	71	1.29261
28	73	1.04754
28	74	0.960605
28	75	1.05518
28	116	1.46591
28	140	1.31964
28	144	1.24519
28	150	0.995854
28	158	1.03391
28	176	0.976571
29	34	0.952242
29	41	0.935531
29	77	1.02642
29	81	0.990197
29	91	0.978232
29	115	0.984519
29	127	1.16127
29	128	0.997165
29	140	1.39324
29	143	1.32658
29	150	0.986905
29	157	0.993106
29	162	0.968283
29	172	1.49382
30	44	0.578066
30	81	0.566896
30	87	0.73086
30	97	1.26804
30	128	0.457948
30	157	0.465785
30	165	1.10496
30	169	1.125
30	173	1.08989
30	175	1.03763
30	177	1.04447
30	178	1.05315
30	179	1.05173
30	180	1.0186
31	22	0.766985
31	36	1.16309
31	44	0.328305
31	54	0.565941
31	92	0.370118
31	154	1.13859
31	165	1.11743
31	169	1.13747
31	171	1.07279
31	173	1.10236
31	177	1.05694
31	178	1.06562
31	179	1.0642
31	180	1.03107
32	83	0.937223
32	102	1.10265
32	109	1.0789
32	110	1.12088
32	119	1.0809
32	120	1.13015
32	123	1.13594
32	124	1.13304
32	134	1.13369
32	141	1.27608
32	145	0.930787
32	146	0.9872
32	152	1.0276
32	168	1.37896
33	64	1.00458
33	99	0.923706
33	112	0.987923
33	121	0.997279
33	131	0.98224
33	138	0.985015
33	139	0.971358
33	141	1.31613
33	145	0.970842
33	148	0.983941
33	158	1.01998
33	161	1.6658
33	169	1.42655
33	172	0.929784
34	2	1.02867
34	12	0.986443
34	29	0.952242
34	51	1.02059
34	71	0.817043
34	81	0.980341
34	91	0.968376
34	115	0.974663
34	141	0.982047
34	146	1.87088
34	153	0.946641
34	157	0.98325
34	162	0.958427
34	177	1.68237
35	26	1.04284
35	27	1.04057
35	38	1.11962
35	46	1.10491
35	59	1.07646
35	67	1.11083
35	86	0.87143
35	90	1.11053
35	113	1.12033
35	133	1.09217
35	142	1.07616
35	156	1.19203
35	165	1.38568
35	172	1.13448
36	31	1.16309
36	50	0.846545
36	51	0.937694
36	65	1.53715
36	77	0.933669
36	81	0.89745
36	91	0.885485
36	115	0.891772
36	142	0.879142
36	150	0.894159
36	153	0.86375
36	157	0.900359
36	162	0.875536
36	172	2.04638
37	23	1.12011
37	26	0.992587
37	27	0.990321
37	38	1.06937
37	44	1.10583
37	46	1.05466
37	57	0.761829
37	59	1.02621
37	67	1.06057
37	113	1.07008
37	118	1.09691
37	133	1.14021
37	142	1.02591
37	165	1.43372
37	166	1.56766
38	26	0.991814
38	27	0.989547
38	35	1.11962
38	37	1.06937
38	44	1.10506
38	46	1.05388
38	59	1.02544
38	67	1.0598
38	89	0.977459
38	113	1.06931
38	130	1.145
38	135	1.11336
38	142	1.02514
38	151	1.15032
38	154	1.5479
39	10	1.03063
39	40	1.01204
39	52	0.973779
39	83	0.85867
39	102	0.937569
39	109	0.913819
39	119	0.915823
39	120	0.965076
39	123	0.970859
39	124	0.967959
39	127	0.827583
39	152	0.862522
39	157	0.964274
39	170	2.32426
39	178	1.67982
40	39	1.01204
40	52	1.08138
40	94	1.09851
40	105	0.642111
40	110	1.06341
40	119	1.02343
40	120	1.07268
40	122	0.935598
40	123	1.07846
40	124	1.07556
40	146	0.929726
40	157	1.07188
40	165	0.987276
40	175	1.53354
40	180	1.87776
41	29	0.935531
41	50	0.912724
41	51	1.00387
41	77	0.999848
41	81	0.96363
41	91	0.951665
41	115	0.957952
41	142	0.945322
41	143	1.16131
41	152	1.64539
41	153	0.92993
41	157	0.966539
41	162	0.941716
41	163	1.32346
41	173	1.54904
42	66	1.06064
42	69	1.0321
42	72	1.0235
42	82	1.06157
42	85	1.04647
42	87	1.04749
42	95	1.03283
42	96	1.09698
42	97	0.576002
42	105	0.814871
42	117	1.0633
42	136	1.04782
42	160	1.16912
42	174	1.37982
42	180	2.05052
43	104	1.09798
43	113	0.771661
43	131	0.888657
43	148	0.773606
43	151	1.06379
43	152	0.949091
43	157	0.856629
43	159	0.976018
43	163	1.00819
43	173	0.938387
43	175	0.886119
43	177	0.892961
43	178	0.901645
43	179	0.900226
43	180	0.867095
44	23	1.1558
44	27	1.02601
44	30	0.578066
44	31	0.328305
44	37	1.10583
44	38	1.10506
44	46	1.09035
44	59	1.0619
44	67	1.09626
44	90	1.09597
44	141	1.249
44	142	1.0616
44	167	1.1976
44	178	1.73129
45	71	0.496208
45	78	1.07166
45	101	1.03302
45	121	1.07523
45	129	1.05928
45	131	1.06019
45	138	1.06296
45	139	1.04931
45	146	1.55004
45	155	0.803265
45	158	1.09792
45	160	0.969863
45	172	1.00773
45	177	1.36154
45	180	1.7655
46	23	1.10462
46	27	0.974833
46	35	1.10491
46	37	1.05466
46	38	1.05388
46	44	1.09035
46	59	1.01072
46	67	1.04509
46	90	1.04479
46	97	0.871553
46	100	1.10311
46	116	1.25008
46	142	1.01042
46	144	1.02936
46	174	1.67537
47	25	1.27151
47	54	1.40354
47	87	1.3187
47	135	1.00872
47	141	0.932703
47	151	0.987849
47	165	0.877516
47	166	0.862679
47	167	0.920447
47	170	0.798482
47	174	0.8509
47	175	0.810177
47	178	0.825704
47	179	0.824285
47	180	0.791154
48	24	0.951812
48	54	0.892972
48	55	0.886296
48	60	0.886296
48	61	0.984018
48	73	1.01941
48	74	0.932475
48	75	1.02705
48	150	0.967724
48	158	1.00578
48	161	1.43024
48	167	1.02918
48	172	1.04318
48	176	0.948441
48	180	2.18486
49	1	0.998067
49	8	1.00161
49	69	1.03488
49	72	1.02628
49	82	1.06435
49	84	1.0703
49	96	1.09976
49	111	1.08716
49	117	1.06607
49	136	1.05059
49	144	0.748975
49	145	0.616106
49	169	1.07181
49	170	2.08813
49	179	1.45915
50	2	1.01572
50	36	0.846545
50	41	0.912724
50	51	1.00763
50	77	1.00361
50	91	0.955425
50	115	0.961712
50	126	1.06506
50	142	0.949082
50	153	0.93369
50	157	0.970299
50	160	1.56825
50	162	0.945476
50	176	1.23413
50	179	1.84312
51	34	1.02059
51	36	0.937694
51	41	1.00387
51	50	1.00763
51	56	0.976577
51	86	1.17578
51	100	1.02617
51	115	1.05286
51	127	1.10629
51	135	1.20697
51	150	1.05525
51	153	1.02484
51	157	1.06145
51	162	1.03663
51	167	1.42483
51	176	1.365
52	39	0.973779
52	40	1.08138
52	57	0.918786
52	88	1.00212
52	94	1.06025
52	102	1.00691
52	109	0.983164
52	110	1.02515
52	119	0.985168
52	120	1.03442
52	123	1.0402
52	127	1.00693
52	153	1.34687
52	157	1.03362
52	159	1.51302
52	164	1.52152
53	24	1.05499
53	54	0.996148
53	55	0.989472
53	60	0.989472
53	61	1.08719
53	73	1.12259
53	74	1.03565
53	137	1.00404
53	149	0.87413
53	150	1.0709
53	158	1.10896
53	168	1.21837
53	173	1.29858
53	176	1.05162
53	179	1.61324
54	28	0.921102
54	31	0.565941
54	47	1.40354
54	48	0.892972
54	53	0.996148
54	55	0.855531
54	60	0.855531
54	61	0.953253
54	73	0.988649
54	74	0.901711
54	75	0.996289
54	150	0.93696
54	152	1.76608
54	154	1.65191
54	158	0.975018
54	176	0.917677
55	24	0.914371
55	28	0.914425
55	48	0.886296
55	53	0.989472
55	54	0.855531
55	61	0.946577
55	73	0.981973
55	74	0.895034
55	75	0.989613
55	89	1.14924
55	137	1.44296
55	150	0.930283
55	154	1.71968
55	158	0.968342
55	168	1.65729
55	176	0.911
56	12	0.942435
56	51	0.976577
56	77	0.972551
56	81	0.936333
56	90	1.18919
56	91	0.924368
56	100	0.90396
56	115	0.930655
56	130	1.4043
56	141	1.64191
56	142	0.918024
56	147	1.71862
56	150	0.933041
56	153	0.902633
56	157	0.939242
56	162	0.914419
57	18	0.944377
57	37	0.761829
57	52	0.918786
57	94	0.790485
57	109	0.775057
57	126	1.18504
57	166	1.02461
57	167	1.08238
57	170	0.960413
57	171	0.994802
57	173	1.02438
57	174	1.01283
57	175	0.972108
57	178	0.987635
57	179	0.986216
57	180	0.953085
58	15	1.09743
58	63	1.17248
58	66	0.671075
58	68	1.04953
58	75	0.477898
58	79	0.673152
58	80	1.1081
58	88	0.908984
58	150	0.615847
58	165	1.0079
58	168	1.02823
58	175	0.940562
58	177	0.947405
58	178	0.956089
58	179	0.95467
58	180	0.921539
59	23	1.07617
59	26	0.948653
59	27	0.946386
59	35	1.07646
59	37	1.02621
59	38	1.02544
59	44	1.0619
59	46	1.01072
59	67	1.01664
59	83	0.852798
59	113	1.02614
59	142	0.981977
59	154	1.35693
59	155	1.33371
59	164	1.3363
59	165	1.40545
60	24	0.914371
60	28	0.914425
60	48	0.886296
60	53	0.989472
60	54	0.855531
60	61	0.946577
60	73	0.981973
60	74	0.895034
60	75	0.989613
60	118	1.46922
60	145	1.24694
60	150	0.930283
60	153	1.56223
60	158	0.968342
60	169	1.70265
60	176	0.911
61	48	0.984018
61	53	1.08719
61	54	0.953253
61	55	0.946577
61	60	0.946577
61	73	1.07969
61	74	0.992757
61	75	1.08733
61	107	0.848358
61	150	1.02801
61	158	1.06606
61	160	1.35567
61	162	1.04231
61	168	1.23568
61	176	1.00872
61	177	1.83312
62	25	1.18475
62	77	1.00861
62	84	0.875164
62	85	1.11783
62	104	1.06476
62	159	0.9428
62	163	0.974973
62	164	0.916951
62	166	0.905403
62	167	0.963171
62	171	0.875595
62	173	0.905169
62	174	0.893624
62	177	0.859744
62	178	0.868428
62	179	0.867008
62	180	0.833878
63	7	1.14006
63	11	1.13955
63	15	1.08345
63	18	0.989234
63	25	1.06054
63	58	1.17248
63	68	1.03555
63	80	1.09412
63	106	0.848849
63	128	1.09537
63	136	1.06121
63	144	1.00347
63	145	0.870606
63	160	1.43878
63	168	1.01425
63	169	1.32631
63	173	1.399
64	16	1.04402
64	33	1.00458
64	98	1.03394
64	101	1.00752
64	107	0.637966
64	121	1.04973
64	125	1.032
64	126	0.642095
64	129	1.03378
64	138	1.03747
64	139	1.02381
64	146	1.81123
64	152	1.20184
64	160	0.944368
64	172	0.982237
64	180	2.02668
65	36	1.53715
65	73	0.783338
65	78	0.599931
65	107	1.13093
65	113	0.505118
65	114	1.05107
65	134	1.09204
65	158	0.506784
65	159	1.01747
65	164	0.991625
65	165	0.994914
65	170	0.91588
65	173	0.979843
65	175	0.927575
65	178	0.943102
65	179	0.941683
65	180	0.908552
66	8	0.927744
66	20	1.02456
66	42	1.06064
66	58	0.671075
66	72	0.952414
66	82	0.990481
66	84	0.996435
66	85	0.975387
66	87	0.976402
66	95	0.961739
66	96	1.02589
66	111	1.01329
66	117	0.992207
66	122	1.35101
66	152	1.46833
66	172	1.15149
66	174	1.62247
67	23	1.11054
67	26	0.983019
67	27	0.980753
67	35	1.11083
67	37	1.06057
67	38	1.0598
67	44	1.09626
67	46	1.04509
67	59	1.01664
67	90	1.05071
67	100	0.987262
67	113	1.06051
67	135	0.856685
67	140	0.987964
67	142	1.01634
67	161	1.4756
67	162	1.03546
67	177	1.82627
68	5	0.893551
68	7	1.0171
68	11	1.0166
68	14	1.03873
68	15	0.960493
68	18	0.866276
68	25	0.937579
68	58	1.04953
68	63	1.03555
68	80	0.971162
68	93	1.11722
68	106	1.21471
68	128	0.972412
68	134	1.43937
68	136	0.93825
68	144	1.36934
68	164	1.72641
68	168	0.891292
69	8	0.899209
69	9	1.02766
69	20	0.996029
69	42	1.0321
69	49	1.03488
69	72	0.923879
69	84	0.9679
69	87	0.947867
69	95	0.933204
69	106	1.06459
69	108	0.932962
69	111	0.984758
69	117	0.963672
69	136	0.948195
69	151	1.19935
69	167	1.38024
69	176	1.32041
69	179	1.9294
70	80	0.937828
70	112	0.689899
70	123	0.822506
70	125	0.737875
70	132	1.08315
70	144	1.10332
70	157	0.734575
70	164	0.980133
70	166	0.968585
70	167	1.02635
70	170	0.904388
70	173	0.968351
70	174	0.956806
70	175	0.916083
70	177	0.922926
70	178	0.93161
70	179	0.93019
70	180	0.89706
71	28	1.29261
71	34	0.817043
71	45	0.496208
71	78	0.981558
71	88	1.26179
71	107	1.11118
71	141	1.03035
71	155	1.02473
71	161	0.959045
71	167	1.01809
71	169	0.995195
71	171	0.930515
71	173	0.960089
71	175	0.907821
71	177	0.914664
71	178	0.923348
71	179	0.921928
71	180	0.888797
72	17	0.971399
72	20	0.987427
72	42	1.0235
72	49	1.02628
72	66	0.952414
72	69	0.923879
72	82	0.953344
72	83	1.28947
72	84	0.959298
72	85	0.93825
72	87	0.939265
72	96	0.988755
72	107	1.34389
72	111	0.976156
72	117	0.95507
72	145	1.28303
72	149	1.38697
72	167	1.57692
73	28	1.04754
73	48	1.01941
73	53	1.12259
73	54	0.988649
73	55	0.981973
73	60	0.981973
73	61	1.07969
73	65	0.783338
73	74	1.02815
73	75	1.12273
73	86	1.02952
73	104	1.0524
73	150	1.0634
73	158	1.10146
73	162	1.23949
73	163	1.28749
73	164	1.47462
73	176	1.04412
74	24	0.960551
74	28	0.960605
74	48	0.932475
74	53	1.03565
74	54	0.901711
74	55	0.895034
74	60	0.895034
74	61	0.992757
74	73	1.02815
74	75	1.03579
74	93	0.990886
74	100	1.31675
74	132	1.23758
74	150	0.976463
74	158	1.01452
74	162	1.36495
74	176	0.95718
74	178	1.93772
75	24	1.05513
75	28	1.05518
75	48	1.02705
75	54	0.996289
75	55	0.989613
75	58	0.477898
75	60	0.989613
75	61	1.08733
75	73	1.12273
75	74	1.03579
75	130	0.758091
75	150	1.07104
75	152	1.27516
75	158	1.1091
75	171	1.62164
75	172	0.958313
75	175	1.75577
75	176	1.05176
76	3	0.832068
76	22	1.55865
76	92	1.16178
76	99	1.19545
76	115	0.948801
76	140	0.969827
76	151	0.992645
76	155	0.931878
76	156	0.933007
76	159	0.904872
76	164	0.879022
76	169	0.902347
76	171	0.837666
76	172	0.921363
76	173	0.86724
76	174	0.855695
76	177	0.821815
76	179	0.82908
76	180	0.795949
77	12	1.06062
77	29	1.02642
77	36	0.933669
77	41	0.999848
77	50	1.00361
77	56	0.972551
77	62	1.00861
77	81	1.05451
77	91	1.04255
77	115	1.04884
77	142	1.03621
77	143	0.973825
77	149	0.937106
77	153	1.02081
77	157	1.05742
77	160	1.40134
77	162	1.0326
77	171	1.80439
77	176	1.06722
78	19	1.02623
78	45	1.07166
78	65	0.599931
78	71	0.981558
78	79	1.04089
78	92	1.04547
78	99	0.965292
78	101	0.996654
78	103	0.905583
78	114	1.3529
78	121	1.03886
78	129	1.02292
78	131	1.02383
78	138	1.0266
78	139	1.01294
78	156	1.16671
78	158	1.06156
78	172	0.971369
78	175	1.90663
79	58	0.673152
79	78	1.04089
79	86	1.06668
79	98	1.02866
79	99	0.970884
79	112	1.0351
79	121	1.04446
79	131	1.02942
79	135	0.921706
79	137	1.07952
79	138	1.03219
79	139	1.01854
79	148	1.03112
79	151	0.958668
79	158	1.06715
79	160	0.939092
79	172	0.976961
79	177	1.89129
79	178	1.67325
80	5	0.952122
80	7	1.07567
80	11	1.07517
80	14	1.0973
80	15	1.01906
80	18	0.924847
80	25	0.99615
80	58	1.1081
80	63	1.09412
80	68	0.971162
80	70	0.937828
80	100	1.20129
80	126	1.05967
80	128	1.03098
80	136	0.996821
80	151	1.10767
80	165	1.55377
80	168	0.949863
80	172	1.30257
81	2	1.06662
81	12	1.0244
81	29	0.990197
81	30	0.566896
81	34	0.980341
81	36	0.89745
81	41	0.96363
81	56	0.936333
81	77	1.05451
81	91	1.00633
81	115	1.01262
81	118	1.11482
81	128	1.02526
81	133	1.15812
81	137	1.12639
81	150	1.015
81	157	1.0212
81	162	0.996381
81	166	1.58557
81	177	1.93815
82	1	0.925134
82	9	1.05712
82	17	1.00947
82	42	1.06157
82	49	1.06435
82	66	0.990481
82	72	0.953344
82	84	0.997366
82	85	0.976317
82	95	0.962669
82	96	1.02682
82	108	0.962428
82	111	1.01422
82	116	1.10536
82	117	0.993137
82	137	0.985622
82	143	0.892428
82	146	1.98589
82	162	1.00658
82	177	1.79739
83	19	1.05473
83	32	0.937223
83	39	0.85867
83	59	0.852798
83	72	1.28947
83	103	1.11569
83	130	1.09673
83	143	1.08517
83	144	1.09217
83	155	1.02184
83	158	0.714558
83	161	0.956159
83	163	1.02701
83	164	0.968984
83	173	0.957203
83	175	0.904935
83	176	1.04418
83	177	0.911777
83	178	0.920461
83	180	0.885911
84	1	0.931088
84	9	1.06308
84	17	1.01542
84	49	1.0703
84	62	0.875164
84	66	0.996435
84	69	0.9679
84	72	0.959298
84	82	0.997366
84	85	0.982271
84	95	0.968623
84	96	1.03278
84	111	1.02018
84	117	0.999092
84	134	0.902624
84	136	0.983615
84	164	1.18966
84	165	1.25882
84	177	1.74534
84	178	1.5273
85	1	0.910039
85	9	1.04203
85	20	1.0104
85	42	1.04647
85	62	1.11783
85	66	0.975387
85	72	0.93825
85	82	0.976317
85	84	0.982271
85	87	0.962238
85	95	0.947575
85	96	1.01173
85	104	1.01012
85	108	0.947334
85	111	0.999129
85	117	0.978043
85	136	0.962566
85	145	0.942387
85	160	1.51056
85	164	1.43233
85	178	1.76997
86	23	0.821641
86	35	0.87143
86	51	1.17578
86	73	1.02952
86	79	1.06668
86	96	0.757871
86	98	1.04886
86	125	1.04692
86	131	1.04962
86	136	1.04918
86	138	1.05239
86	139	1.03873
86	154	0.979265
86	164	0.954818
86	169	0.978143
86	172	0.997159
86	175	0.890769
86	177	0.897611
86	178	0.906295
86	179	0.904876
86	180	0.871745
87	8	0.914596
87	9	1.04304
87	17	0.995387
87	20	1.01142
87	30	0.73086
87	42	1.04749
87	47	1.3187
87	66	0.976402
87	69	0.947867
87	72	0.939265
87	85	0.962238
87	89	0.99663
87	95	0.94859
87	96	1.01274
87	108	0.948349
87	111	1.00014
87	117	0.979058
87	130	1.16417
87	136	0.963582
87	145	1.0565
87	175	2.16185
88	10	1.05897
88	22	0.977789
88	52	1.00212
88	58	0.908984
88	71	1.26179
88	94	1.01925
88	97	1.05656
88	100	1.28812
88	102	0.965915
88	109	0.942165
88	110	0.984147
88	116	0.950685
88	119	0.944169
88	120	0.993422
88	123	0.999205
88	124	0.996305
88	148	0.988443
88	152	0.890868
88	157	0.992619
88	159	1.56294
88	167	1.37539
89	38	0.977459
89	55	1.14924
89	87	0.99663
89	121	0.831014
89	129	0.82882
89	145	1.15146
89	147	1.01965
89	158	0.648252
89	164	0.989931
89	165	0.99322
89	167	1.03615
89	170	0.914186
89	171	0.948575
89	172	1.03227
89	173	0.978149
89	174	0.966604
89	175	0.925881
89	177	0.932724
89	178	0.941408
89	179	0.939989
89	180	0.906858
90	19	0.940861
90	26	0.982724
90	35	1.11053
90	44	1.09597
90	46	1.04479
90	56	1.18919
90	67	1.05071
90	95	0.90445
90	113	1.06022
90	115	0.6251
90	128	0.676151
90	129	0.781254
90	142	1.01605
90	151	1.05021
90	161	0.923764
90	171	0.895234
90	173	0.924808
90	174	0.913263
90	175	0.87254
90	179	0.886648
90	180	0.853517
91	29	0.978232
91	34	0.968376
91	36	0.885485
91	41	0.951665
91	50	0.955425
91	56	0.924368
91	77	1.04255
91	81	1.00633
91	114	1.24636
91	115	1.00065
91	126	0.759714
91	128	1.0133
91	134	0.897628
91	142	0.988022
91	150	1.00304
91	153	0.97263
91	157	1.00924
91	161	1.38968
91	162	0.984416
91	171	1.66594
91	180	2.1443
92	31	0.370118
92	76	1.16178
92	78	1.04547
92	93	0.826268
92	99	0.97547
92	101	1.00683
92	112	1.03969
92	113	1.06283
92	121	1.04904
92	125	1.03131
92	129	1.03309
92	131	1.034
92	138	1.03678
92	139	1.02312
92	143	1.08618
92	148	1.03571
92	158	1.07174
92	160	0.943679
92	161	1.64047
92	163	1.24833
92	172	0.981548
92	174	1.72439
93	22	1.22314
93	68	1.11722
93	74	0.990886
93	92	0.826268
93	103	1.16447
93	111	0.128712
93	125	0.675475
93	133	1.11505
93	139	0.72412
93	149	1.14955
93	163	1.07579
93	164	1.01777
93	165	1.02106
93	166	1.00622
93	168	1.04139
93	170	0.942027
93	173	1.00599
93	174	0.994445
93	177	0.960565
93	178	0.969249
93	179	0.96783
93	180	0.934699
94	22	1.03591
94	40	1.09851
94	52	1.06025
94	57	0.790485
94	88	1.01925
94	109	1.00029
94	110	1.04227
94	116	1.00881
94	119	1.00229
94	120	1.05154
94	123	1.05733
94	124	1.05443
94	144	1.03615
94	146	0.908588
94	147	1.32527
94	148	1.04656
94	149	1.00722
94	152	0.948989
94	157	1.05074
94	159	1.38471
94	160	1.47145
94	168	1.35146
95	1	0.896392
95	8	0.899933
95	9	1.02838
95	17	0.980724
95	42	1.03283
95	66	0.961739
95	69	0.933204
95	82	0.962669
95	84	0.968623
95	85	0.947575
95	87	0.94859
95	90	0.90445
95	96	0.99808
95	108	0.933686
95	111	0.985481
95	117	0.964395
95	136	0.948918
95	147	1.43388
95	153	1.32718
95	163	1.3147
95	176	1.24594
95	179	1.85493
96	8	0.964086
96	17	1.04488
96	42	1.09698
96	49	1.09976
96	66	1.02589
96	72	0.988755
96	82	1.02682
96	84	1.03278
96	85	1.01173
96	86	0.757871
96	87	1.01274
96	95	0.99808
96	103	0.817341
96	108	0.997839
96	111	1.04963
96	117	1.02855
96	133	0.978614
96	136	1.01307
96	146	1.94715
96	149	0.816967
96	166	1.40606
96	171	1.68425
97	30	1.26804
97	42	0.576002
97	46	0.871553
97	88	1.05656
97	110	0.852858
97	125	0.769784
97	127	1.1545
97	133	1.0864
97	138	0.883092
97	154	1.01357
97	155	1.04198
97	158	0.683181
97	161	0.976299
97	163	1.04715
97	165	0.992414
97	166	0.977578
97	170	0.91338
97	174	0.965798
97	175	0.925075
97	177	0.931918
97	178	0.940602
97	179	0.939183
97	180	0.906052
98	64	1.03394
98	79	1.02866
98	86	1.04886
98	99	0.95307
98	101	0.984432
98	112	1.01729
98	113	1.04043
98	121	1.02664
98	125	1.00891
98	129	1.01069
98	131	1.0116
98	138	1.01438
98	139	1.00072
98	143	1.09099
98	148	1.0133
98	151	1.06333
98	159	1.43177
98	160	0.921278
98	162	1.20514
98	163	1.25315
98	172	0.959147
98	174	1.72921
98	176	1.18439
99	13	0.976433
99	21	0.864842
99	33	0.923706
99	76	1.19545
99	78	0.965292
99	79	0.970884
99	92	0.97547
99	98	0.95307
99	112	0.959507
99	121	0.968863
99	122	1.4866
99	125	0.951128
99	129	0.952913
99	131	0.953824
99	132	1.10664
99	138	0.956599
99	139	0.942942
99	158	0.99156
99	160	0.863498
99	167	1.27308
99	172	0.901367
99	175	2.08454
99	176	1.21325
100	46	1.10311
100	51	1.02617
100	56	0.90396
100	67	0.987262
100	74	1.31675
100	80	1.20129
100	88	1.28812
100	115	0.980245
100	125	1.00134
100	126	1.03704
100	128	0.992892
100	132	0.99117
100	142	0.967615
100	143	1.00435
100	150	0.982632
100	153	0.952223
100	162	0.964009
100	167	0.934377
100	169	0.911482
100	175	0.824107
100	177	0.83095
100	178	0.839634
100	179	0.838215
100	180	0.805084
101	13	1.0078
101	45	1.03302
101	64	1.00752
101	78	0.996654
101	92	1.00683
101	98	0.984432
101	112	0.990869
101	113	1.01401
101	121	1.00022
101	125	0.98249
101	129	0.984276
101	131	0.985186
101	138	0.987961
101	139	0.974304
101	147	1.16176
101	148	0.986887
101	151	0.852757
101	152	1.3645
101	160	0.89486
101	169	1.19547
101	170	2.21178
101	172	0.93273
101	174	1.51864
101	176	0.973819
102	6	1.05066
102	10	1.06376
102	22	0.982579
102	32	1.10265
102	39	0.937569
102	52	1.00691
102	88	0.965915
102	105	0.998408
102	108	0.952074
102	109	0.946954
102	110	0.988936
102	118	1.00676
102	119	0.948958
102	120	0.998211
102	123	1.00399
102	124	1.00109
102	141	1.12977
102	146	0.855256
102	148	0.993232
102	155	1.27183
102	156	1.14992
102	157	0.997409
102	161	1.47943
102	170	2.2565
103	13	1.17892
103	78	0.905583
103	83	1.11569
103	93	1.16447
103	96	0.817341
103	111	0.352275
103	118	1.03782
103	119	0.925502
103	126	1.11835
103	128	0.8879
103	147	0.999187
103	149	1.10124
103	150	0.89268
103	156	1.02345
103	166	0.957917
103	170	0.893719
103	171	0.928108
103	173	0.957682
103	174	0.946137
103	175	0.905414
103	177	0.912257
103	178	0.920941
103	179	0.919522
103	180	0.886391
104	12	0.937079
104	13	1.14234
104	24	1.15723
104	26	1.01738
104	43	1.09798
104	62	1.06476
104	73	1.0524
104	85	1.01012
104	131	0.891181
104	141	1.02905
104	154	0.995025
104	159	0.996428
104	160	0.975049
104	161	0.957752
104	165	0.973867
104	167	1.0168
104	170	0.894833
104	171	0.929222
104	174	0.947251
104	175	0.906528
104	176	1.04577
104	177	0.913371
104	178	0.922055
104	179	0.920635
104	180	0.887505
105	6	1.02566
105	40	0.642111
105	42	0.814871
105	102	0.998408
105	106	1.10934
105	118	1.03185
105	122	0.983759
105	124	1.14607
105	133	1.06078
105	139	1.0573
105	152	0.962423
105	154	0.987947
105	158	0.92205
105	161	0.950674
105	164	0.9635
105	166	0.951952
105	168	0.987115
105	169	0.986825
105	171	0.922144
105	174	0.940173
105	175	0.89945
105	176	1.03869
105	178	0.914977
105	179	0.913558
105	180	0.880427
106	63	0.848849
106	68	1.21471
106	69	1.06459
106	105	1.10934
106	108	0.765161
106	131	0.801696
106	133	1.06588
106	137	1.07694
106	139	0.821613
106	142	0.779882
106	147	0.998326
106	156	1.02259
106	163	1.02663
106	164	0.968603
106	166	0.957056
106	169	0.991928
106	170	0.892858
106	171	0.927248
106	173	0.956822
106	174	0.945276
106	175	0.904554
106	177	0.911396
106	178	0.92008
106	179	0.918661
106	180	0.88553
107	9	1.08087
107	61	0.848358
107	64	0.637966
107	65	1.13093
107	71	1.11118
107	72	1.34389
107	120	0.926446
107	134	1.06249
107	135	1.09656
107	138	0.968891
107	146	0.920591
107	148	0.76926
107	159	0.987918
107	164	0.962069
107	165	0.965358
107	166	0.950521
107	167	1.00829
107	170	0.886324
107	173	0.950287
107	174	0.938742
107	175	0.898019
107	177	0.904862
107	178	0.913546
107	179	0.912126
107	180	0.878995
108	69	0.932962
108	82	0.962428
108	85	0.947334
108	87	0.948349
108	95	0.933686
108	96	0.997839
108	102	0.952074
108	106	0.765161
108	109	0.928324
108	110	0.970306
108	111	0.98524
108	117	0.964154
108	119	0.930328
108	120	0.979581
108	123	0.985364
108	124	0.982464
108	136	0.948677
108	148	0.974602
108	149	0.890857
108	152	0.877027
108	153	1.10221
108	157	0.978779
108	164	1.27686
108	166	1.47995
108	170	2.25894
108	177	1.83254
109	6	1.02691
109	22	0.958829
109	32	1.0789
109	39	0.913819
109	52	0.983164
109	57	0.775057
109	88	0.942165
109	94	1.00029
109	102	0.946954
109	108	0.928324
109	110	0.965186
109	116	0.931724
109	119	0.925208
109	120	0.974461
109	123	0.980244
109	124	0.977344
109	135	0.963884
109	146	0.831506
109	148	0.969482
109	152	0.871907
109	157	0.973659
109	165	1.44694
109	168	1.33603
109	173	1.41624
109	177	1.93347
109	179	1.7309
110	10	1.08199
110	22	1.00081
110	32	1.12088
110	40	1.06341
110	52	1.02515
110	88	0.984147
110	94	1.04227
110	97	0.852858
110	102	0.988936
110	108	0.970306
110	109	0.965186
110	116	0.973706
110	119	0.96719
110	120	1.01644
110	123	1.02223
110	124	1.01933
110	132	1.00525
110	143	1.01846
110	148	1.01146
110	152	0.913889
110	154	1.38836
110	155	1.36514
110	157	1.01564
110	160	1.44597
110	176	1.11186
110	178	1.70538
111	1	0.947946
111	3	3.28551
111	8	0.951487
111	9	1.07993
111	17	1.03228
111	20	1.04831
111	49	1.08716
111	66	1.01329
111	69	0.984758
111	72	0.976156
111	82	1.01422
111	84	1.02018
111	85	0.999129
111	87	1.00014
111	93	0.128712
111	95	0.985481
111	96	1.04963
111	103	0.352275
111	108	0.98524
111	114	0.799591
111	117	1.01595
111	136	1.00047
111	154	0.758528
111	163	0.550775
111	170	1.71998
111	180	1.69754
112	13	1.04065
112	19	1.02044
112	33	0.987923
112	70	0.689899
112	79	1.0351
112	92	1.03969
112	98	1.01729
112	99	0.959507
112	101	0.990869
112	121	1.03308
112	125	1.01534
112	129	1.01713
112	131	1.01804
112	134	0.94965
112	138	1.02082
112	139	1.00716
112	143	0.887406
112	148	1.01974
112	158	1.05578
112	160	0.927715
112	161	1.4417
112	162	1.00156
112	168	1.19493
112	172	0.965584
112	174	1.52563
112	180	2.19632
113	23	1.12004
113	26	0.992523
113	35	1.12033
113	37	1.07008
113	38	1.06931
113	43	0.771661
113	59	1.02614
113	65	0.505118
113	67	1.06051
113	90	1.06022
113	92	1.06283
113	98	1.04043
113	101	1.01401
113	114	1.25809
113	125	1.03849
113	129	1.04028
113	131	1.04119
113	133	0.972042
113	139	1.0303
113	142	1.02585
113	153	1.02175
113	155	1.1938
113	158	1.07892
113	166	1.39949
113	172	0.98873
113	178	1.53404
113	179	1.5495
114	4	1.50189
114	65	1.05107
114	78	1.3529
114	91	1.24636
114	111	0.799591
114	113	1.25809
114	133	0.979484
114	141	0.940681
114	149	1.01398
114	151	0.995827
114	156	0.93619
114	157	1.34305
114	159	0.908054
114	160	0.886676
114	163	0.940227
114	167	0.928425
114	169	0.905529
114	170	0.80646
114	171	0.840849
114	172	0.924545
114	174	0.858878
114	176	0.957396
114	177	0.824998
114	178	0.833682
114	179	0.832262
114	180	0.799132
115	2	1.06094
115	12	1.01872
115	29	0.984519
115	34	0.974663
115	36	0.891772
115	41	0.957952
115	50	0.961712
115	51	1.05286
115	56	0.930655
115	76	0.948801
115	77	1.04884
115	81	1.01262
115	90	0.6251
115	91	1.00065
115	100	0.980245
115	128	1.01959
115	142	0.994309
115	150	1.00933
115	152	1.35727
115	153	0.978917
115	154	1.2431
115	155	1.21988
115	157	1.01553
115	162	0.990703
115	164	1.22248
115	166	1.42557
115	175	1.83789
116	3	0.83455
116	11	1.27422
116	28	1.46591
116	46	1.25008
116	82	1.10536
116	88	0.950685
116	94	1.00881
116	109	0.931724
116	110	0.973706
116	119	0.933728
116	121	1.24447
116	123	0.988764
116	124	0.985864
116	131	1.17704
116	146	0.840026
116	151	0.995126
116	152	0.880427
116	157	0.982179
116	170	0.805759
116	172	0.923845
116	173	0.869722
116	174	0.858177
116	175	0.817454
116	177	0.824297
116	178	0.832981
116	179	0.831562
116	180	0.798431
117	1	0.92686
117	8	0.930401
117	9	1.05885
117	17	1.01119
117	20	1.02722
117	42	1.0633
117	49	1.06607
117	66	0.992207
117	69	0.963672
117	72	0.95507
117	82	0.993137
117	84	0.999092
117	85	0.978043
117	87	0.979058
117	95	0.964395
117	96	1.02855
117	108	0.964154
117	111	1.01595
117	130	1.18022
117	132	1.2
117	136	0.979387
117	144	1.20542
117	149	1.17649
117	162	1.32736
117	167	1.36644
117	172	1.38045
117	173	1.60094
118	37	1.09691
118	60	1.46922
118	81	1.11482
118	102	1.00676
118	103	1.03782
118	105	1.03185
118	127	1.05649
118	128	1.00587
118	129	1.11097
118	132	0.994128
118	134	0.991534
118	140	0.981921
118	141	0.949592
118	144	1.01431
118	149	1.02289
118	154	0.915562
118	157	1.01371
118	165	0.894404
118	167	0.937335
118	169	0.91444
118	170	0.81537
118	171	0.84976
118	173	0.879334
118	174	0.867789
118	175	0.827066
118	177	0.833908
118	178	0.842592
118	179	0.841173
118	180	0.808042
119	6	1.02891
119	10	1.04202
119	22	0.960833
119	32	1.0809
119	39	0.915823
119	40	1.02343
119	52	0.985168
119	88	0.944169
119	94	1.00229
119	102	0.948958
119	103	0.925502
119	108	0.930328
119	109	0.925208
119	110	0.96719
119	116	0.933728
119	120	0.976465
119	123	0.982248
119	124	0.979348
119	146	0.83351
119	148	0.971486
119	152	0.873911
119	155	1.30853
119	157	0.975663
119	162	1.076
119	165	1.38028
119	166	1.51422
119	173	1.34958
119	174	1.60007
119	178	1.64877
120	6	1.07817
120	10	1.09127
120	22	1.01009
120	32	1.13015
120	39	0.965076
120	40	1.07268
120	52	1.03442
120	88	0.993422
120	94	1.05154
120	102	0.998211
120	107	0.926446
120	108	0.979581
120	109	0.974461
120	110	1.01644
120	119	0.976465
120	123	1.0315
120	124	1.0286
120	133	1.13117
120	144	0.998457
120	146	0.882763
120	148	1.02074
120	152	0.923164
120	153	1.18088
120	157	1.02492
120	161	1.56054
120	162	1.1204
120	164	1.35553
120	176	1.09965
120	179	1.70863
121	4	0.946276
121	16	1.03672
121	21	0.938415
121	33	0.997279
121	45	1.07523
121	64	1.04973
121	78	1.03886
121	79	1.04446
121	89	0.831014
121	92	1.04904
121	98	1.02664
121	99	0.968863
121	101	1.00022
121	112	1.03308
121	116	1.24447
121	125	1.0247
121	129	1.02649
121	132	1.01833
121	138	1.03017
121	139	1.01651
121	151	1.00388
121	153	1.20617
121	154	1.40145
121	158	1.06513
121	160	0.937071
121	162	1.14569
121	163	1.1937
121	172	0.97494
121	178	1.71847
122	40	0.935598
122	66	1.35101
122	99	1.4866
122	105	0.983759
122	126	0.991909
122	127	1.0084
122	129	1.3961
122	133	0.940302
122	139	1.35078
122	143	0.959212
122	145	1.00455
122	147	0.872746
122	149	0.974799
122	153	0.907089
122	154	0.86747
122	156	0.897008
122	157	1.29884
122	159	0.868873
122	163	0.901046
122	164	0.843023
122	165	0.846312
122	167	0.889243
122	170	0.767278
122	171	0.801667
122	174	0.819696
122	177	0.785816
122	178	0.7945
122	179	0.793081
122	180	0.75995
123	6	1.08395
123	22	1.01587
123	32	1.13594
123	39	0.970859
123	40	1.07846
123	52	1.0402
123	70	0.822506
123	88	0.999205
123	94	1.05733
123	102	1.00399
123	108	0.985364
123	109	0.980244
123	110	1.02223
123	116	0.988764
123	119	0.982248
123	120	1.0315
123	124	1.03438
123	135	0.955389
123	137	1.11321
123	140	1.08667
123	141	1.22465
123	146	0.888546
123	148	1.02652
123	149	0.983294
123	152	0.928947
123	157	1.0307
123	167	1.17325
123	175	1.98471
123	179	1.7224
124	6	1.08105
124	10	1.09415
124	22	1.01297
124	32	1.13304
124	39	0.967959
124	40	1.07556
124	88	0.996305
124	94	1.05443
124	102	1.00109
124	105	1.14607
124	108	0.982464
124	109	0.977344
124	110	1.01933
124	116	0.985864
124	119	0.979348
124	120	1.0286
124	123	1.03438
124	137	1.16599
124	143	1.0728
124	146	0.885646
124	148	1.02362
124	149	1.03608
124	151	1.04514
124	152	0.926047
124	153	1.24743
124	157	1.0278
124	160	1.50032
124	165	1.49123
124	169	1.38785
125	4	0.928541
125	16	1.01899
125	19	1.01206
125	21	0.92068
125	64	1.032
125	70	0.737875
125	86	1.04692
125	92	1.03131
125	93	0.675475
125	97	0.769784
125	98	1.00891
125	99	0.951128
125	100	1.00134
125	101	0.98249
125	112	1.01534
125	113	1.03849
125	121	1.0247
125	127	0.770074
125	129	1.00875
125	131	1.00966
125	138	1.01244
125	139	0.998779
125	148	1.01136
125	156	1.16017
125	158	1.0474
125	159	1.27616
125	160	0.919336
125	170	2.26675
125	172	0.957205
125	177	1.84034
126	20	0.929171
126	50	1.06506
126	57	1.18504
126	64	0.642095
126	80	1.05967
126	91	0.759714
126	100	1.03704
126	103	1.11835
126	122	0.991909
126	127	1.13702
126	132	1.07466
126	142	0.866627
126	150	0.853355
126	151	1.08527
126	152	0.970573
126	155	1.02451
126	157	0.856412
126	158	0.77311
126	161	0.958824
126	163	1.02967
126	164	0.97165
126	166	0.960102
126	169	0.994974
126	170	0.895904
126	171	0.930294
126	173	0.959868
126	177	0.914442
126	178	0.923127
126	179	0.921707
126	180	0.888576
127	2	0.775631
127	4	0.925612
127	7	0.850544
127	11	0.895989
127	29	1.16127
127	39	0.827583
127	51	1.10629
127	52	1.00693
127	97	1.1545
127	118	1.05649
127	122	1.0084
127	125	0.770074
127	126	1.13702
127	136	0.979685
127	143	1.10432
127	145	1.14966
127	149	1.11991
127	151	1.10176
127	156	1.04212
127	161	0.97531
127	164	0.988136
127	165	0.991425
127	168	1.01175
127	169	1.01146
127	170	0.912391
127	171	0.94678
127	173	0.976354
127	174	0.964809
127	177	0.930929
127	178	0.939613
127	179	0.938194
127	180	0.905063
128	7	1.07692
128	11	1.07642
128	12	1.03137
128	14	1.09855
128	15	1.02031
128	18	0.926097
128	25	0.9974
128	29	0.997165
128	30	0.457948
128	63	1.09537
128	68	0.972412
128	80	1.03098
128	81	1.02526
128	90	0.676151
128	91	1.0133
128	100	0.992892
128	103	0.8879
128	115	1.01959
128	118	1.00587
128	136	0.998071
128	142	1.00696
128	150	1.02197
128	151	0.896582
128	152	1.40832
128	153	0.991564
128	157	1.02817
128	162	1.00335
128	167	1.07748
128	168	0.951113
128	169	1.23929
128	175	1.88894
128	177	1.8292
129	4	0.930326
129	13	1.03406
129	16	1.02077
129	19	1.01385
129	21	0.922465
129	45	1.05928
129	64	1.03378
129	78	1.02292
129	89	0.82882
129	90	0.781254
129	92	1.03309
129	98	1.01069
129	99	0.952913
129	101	0.984276
129	112	1.01713
129	113	1.04028
129	118	1.11097
129	121	1.02649
129	122	1.3961
129	125	1.00875
129	130	0.996362
129	131	1.01145
129	134	1.09159
129	135	0.964723
129	138	1.01422
129	139	1.00057
129	148	1.01315
129	158	1.04918
129	160	0.921122
129	163	1.1915
129	166	1.58172
129	172	0.958991
129	178	1.71627
130	10	0.8593
130	14	0.869149
130	38	1.145
130	56	1.4043
130	75	0.758091
130	83	1.09673
130	87	1.16417
130	117	1.18022
130	129	0.996362
130	131	0.931125
130	132	1.05352
130	135	1.08501
130	143	1.0667
130	147	0.980233
130	149	1.08229
130	155	1.00337
130	159	0.97636
130	160	0.954982
130	161	0.937685
130	163	1.00853
130	166	0.938963
130	167	0.99673
130	169	0.973835
130	170	0.874765
130	173	0.938729
130	174	0.927183
130	175	0.886461
130	176	1.0257
130	177	0.893303
130	178	0.901987
130	179	0.900568
130	180	0.867437
131	4	0.931237
131	13	1.03497
131	16	1.02168
131	19	1.01476
131	21	0.923376
131	33	0.98224
131	43	0.888657
131	45	1.06019
131	78	1.02383
131	79	1.02942
131	86	1.04962
131	92	1.034
131	98	1.0116
131	99	0.953824
131	101	0.985186
131	104	0.891181
131	106	0.801696
131	112	1.01804
131	113	1.04119
131	116	1.17704
131	125	1.00966
131	129	1.01145
131	130	0.931125
131	132	0.9509
131	134	1.02635
131	138	1.01513
131	139	1.00148
131	158	1.05009
131	159	1.30489
131	160	0.922032
131	163	1.12627
131	172	0.959902
131	180	2.27303
132	17	1.02558
132	70	1.08315
132	74	1.23758
132	99	1.10664
132	100	0.99117
132	110	1.00525
132	117	1.2
132	118	0.994128
132	121	1.01833
132	126	1.07466
132	130	1.05352
132	131	0.9509
132	137	1.03411
132	140	1.01658
132	141	0.984253
132	142	0.929087
132	143	1.04196
132	145	1.0873
132	147	0.955499
132	154	0.950223
132	155	0.978632
132	158	0.835569
132	164	0.925776
132	165	0.929065
132	167	0.971996
132	171	0.88442
132	173	0.913994
132	174	0.902449
132	175	0.861726
132	177	0.868569
132	178	0.877253
132	179	0.875834
132	180	0.842703
133	3	0.873089
133	11	1.18623
133	12	1.13494
133	35	1.09217
133	37	1.14021
133	81	1.15812
133	93	1.11505
133	96	0.978614
133	97	1.0864
133	105	1.06078
133	106	1.06588
133	113	0.972042
133	114	0.979484
133	120	1.13117
133	122	0.940302
133	137	1.02838
133	139	1.10896
133	147	0.949766
133	151	1.03367
133	154	0.94449
133	161	0.907217
133	163	0.978066
133	166	0.908496
133	167	0.966263
133	171	0.878687
133	172	0.962384
133	173	0.908261
133	174	0.896716
133	175	0.855993
133	176	0.995234
133	177	0.862836
133	178	0.87152
133	179	0.870101
133	180	0.83697
134	32	1.13369
134	65	1.09204
134	68	1.43937
134	84	0.902624
134	91	0.897628
134	107	1.06249
134	112	0.94965
134	118	0.991534
134	129	1.09159
134	131	1.02635
134	135	1.05768
134	137	1.03152
134	138	1.11093
134	139	1.04627
134	143	1.03937
134	145	1.08471
134	147	0.952905
134	155	0.976038
134	156	0.977167
134	159	0.949032
134	160	0.927653
134	161	0.910356
134	163	0.981205
134	165	0.926471
134	167	0.969402
134	170	0.847437
134	171	0.881826
134	173	0.9114
134	174	0.899855
134	175	0.859132
134	177	0.865975
134	178	0.874659
134	179	0.87324
134	180	0.840109
135	7	0.951228
135	9	1.09604
135	38	1.11336
135	47	1.00872
135	51	1.20697
135	67	0.856685
135	79	0.921706
135	107	1.09656
135	109	0.963884
135	123	0.955389
135	129	0.964723
135	130	1.08501
135	134	1.05768
135	141	1.01574
135	144	1.08045
135	149	1.08904
135	150	0.864401
135	151	1.07088
135	155	1.01011
135	156	1.01124
135	163	1.01528
135	164	0.957259
