1	76	0.81866
1	92	0.397013
1	135	0.559102
1	139	0.62284
1	167	1.06041
1	169	1.07738
1	171	1.07145
1	173	1.05602
1	174	1.00583
1	176	1.06854
1	179	1.04196
1	180	1.02934
2	29	0.622029
2	61	1.08738
2	67	1.055
2	70	1.05499
2	73	1.02448
2	74	1.05498
2	148	1.0686
2	152	1.07463
2	153	1.13971
2	167	1.46765
2	170	0.977131
2	180	1.58679
3	34	1.0483
3	60	1.02741
3	63	1.02565
3	65	1.08446
3	66	1.0847
3	80	1.0364
3	81	1.03662
3	83	1.03672
3	147	1.06611
3	162	1.08781
3	176	1.21888
3	180	1.45836
4	120	0.842563
4	138	0.852097
4	145	0.951389
4	159	1.0224
4	167	0.937961
4	171	0.949005
4	172	0.903469
4	173	0.933574
4	174	0.883383
4	176	0.946097
4	178	0.926598
4	180	0.906896
5	60	1.02053
5	63	1.01877
5	65	1.07757
5	66	1.07782
5	80	1.02952
5	81	1.02974
5	83	1.02983
5	103	1.09244
5	122	0.95059
5	150	1.01586
5	154	1.56449
5	155	1.30852
6	15	0.934195
6	139	0.888447
6	143	0.878609
6	150	1.07946
6	161	0.938992
6	167	0.922982
6	171	0.934026
6	172	0.88849
6	173	0.918595
6	176	0.931118
6	179	0.904534
6	180	0.891917
7	61	1.08738
7	67	1.055
7	70	1.05499
7	73	1.02448
7	74	1.05498
7	147	1.15752
7	148	1.0686
7	152	1.07463
7	155	1.07723
7	162	1.17922
7	167	1.43063
7	170	0.977131
8	11	1.11635
8	35	1.15489
8	40	1.0361
8	56	1.02966
8	58	1.02996
8	62	1.01019
8	69	1.06881
8	124	0.650064
8	157	1.25997
8	173	1.37066
8	175	1.59318
8	177	0.958525
9	50	1.08184
9	118	1.02863
9	119	1.02763
9	128	1.07142
9	136	1.0462
9	142	1.03704
9	143	1.03427
9	145	1.05966
9	150	0.880046
9	159	1.08873
9	164	1.3262
9	178	1.56601
10	89	0.919391
10	94	0.959435
10	109	0.951066
10	114	1.00815
10	121	0.965669
10	130	0.998644
10	134	0.925872
10	157	0.870292
10	164	1.58189
10	168	1.34748
10	169	1.59892
10	175	0.816374
11	8	1.11635
11	30	1.03459
11	49	1.07697
11	56	1.04417
11	58	1.04448
11	62	1.02471
11	69	1.08333
11	97	0.694955
11	131	1.23857
11	147	1.36455
11	176	1.51732
11	177	0.973043
12	47	1.10888
12	63	1.00634
12	65	1.06514
12	66	1.06539
12	80	1.01709
12	81	1.01731
12	83	1.0174
12	103	1.08001
12	127	1.00681
12	140	0.984117
12	156	1.18273
12	179	1.63331
13	22	0.793784
13	33	0.950864
13	76	0.973649
13	84	0.950929
13	96	0.978737
13	101	0.957781
13	104	1.0016
13	110	1.04141
13	139	0.958931
13	154	0.875221
13	155	1.50363
13	180	1.97617
14	54	1.08857
14	67	1.05515
14	70	1.05515
14	73	1.02463
14	74	1.05513
14	98	0.641026
14	148	1.06876
14	152	1.07479
14	170	0.977287
14	175	1.49732
14	179	1.31857
14	180	1.4087
15	6	0.934195
15	51	0.963927
15	118	0.901725
15	120	0.949662
15	128	0.944509
15	133	0.922375
15	136	0.919291
15	137	0.953127
15	143	0.907366
15	145	0.932748
15	147	1.48917
15	179	1.79129
16	28	1.17665
16	89	1.02352
16	114	1.11228
16	138	1.05984
16	144	1.0653
16	146	1.0217
16	149	1.02974
16	159	0.819035
16	162	1.005
16	174	1.76368
16	175	0.920505
16	178	1.29632
17	60	0.985816
17	80	0.994808
17	81	0.995028
17	83	0.995124
17	103	1.05773
17	133	1.01528
17	136	1.0122
17	143	1.00027
17	145	1.02566
17	151	0.678335
17	165	1.09958
17	173	1.4321
17	174	1.95413
18	27	1.02489
18	85	1.01857
18	114	1.09481
18	116	1.05538
18	134	1.01253
18	141	1.10046
18	144	1.04783
18	146	1.00423
18	151	1.06168
18	157	0.956954
18	162	1.5788
18	168	1.39589
18	175	0.903035
19	87	0.977445
19	88	1.04667
19	90	0.990986
19	128	1.03091
19	136	1.00569
19	137	1.03952
19	142	0.996524
19	143	0.993763
19	145	1.01914
19	147	1.51768
19	150	1.14472
19	153	1.46285
19	162	0.959855
20	67	1.54488
20	109	1.73731
20	112	0.913061
20	150	0.952115
20	157	0.830776
20	164	0.813207
20	167	0.795639
20	168	0.861397
20	169	0.812617
20	173	0.791252
20	178	0.784276
20	179	0.777192
20	180	0.764574
21	72	0.692096
21	73	1.06561
21	79	0.764178
21	116	0.609957
21	136	0.651135
21	148	1.10973
21	152	1.11576
21	168	1.03861
21	170	1.01826
21	172	0.938359
21	174	0.918273
21	179	0.954403
21	180	0.941786
22	13	0.793784
22	37	0.837196
22	76	0.841563
22	82	0.821645
22	84	0.818842
22	96	0.846651
22	97	0.903425
22	101	0.825694
22	104	0.869518
22	139	0.826845
22	151	2.09863
22	154	0.743135
22	158	2.42778
23	24	1.03936
23	71	1.03635
23	94	1.03018
23	114	1.07889
23	132	1.09744
23	134	0.996612
23	138	1.02645
23	144	1.03191
23	146	0.988307
23	151	1.08527
23	153	1.52586
23	158	1.41442
23	175	0.887114
24	23	1.03936
24	72	1.03158
24	89	0.988425
24	94	1.02847
24	126	0.928137
24	135	1.03403
24	138	1.02474
24	139	1.01482
24	146	0.986601
24	147	0.967576
24	152	1.14104
24	160	1.46528
24	164	1.59701
25	33	1.00682
25	82	1.00969
25	84	1.00688
25	96	1.03469
25	101	1.01374
25	103	1.04819
25	104	1.05756
25	108	0.872529
25	127	1.17149
25	139	1.01489
25	147	1.49587
25	154	0.931178
25	164	1.56907
26	34	1.00098
26	47	1.08087
26	55	1.04775
26	60	0.980087
26	63	0.978328
26	65	1.03713
26	80	0.989079
26	81	0.989299
26	83	0.989395
26	141	0.915671
26	159	1.20804
26	162	1.39401
26	173	1.63065
27	18	1.02489
27	72	1.00119
27	107	0.950328
27	109	0.989714
27	121	1.00432
27	130	1.03729
27	134	0.96452
27	139	0.984436
27	141	0.938303
27	146	0.956215
27	156	1.24648
27	157	0.908941
27	171	1.45169
27	180	1.78719
28	16	1.17665
28	99	0.791002
28	109	1.124
28	113	0.796631
28	134	1.09881
28	144	1.1341
28	146	1.0905
28	147	1.07148
28	155	1.06212
28	157	1.04323
28	170	1.29164
28	175	0.98931
28	176	1.40397
28	177	1.44844
29	2	0.622029
29	33	0.857668
29	76	1.06673
29	129	0.754609
29	153	1.04823
29	166	0.998323
29	169	1.00404
29	172	0.95257
29	173	0.982675
29	174	0.932484
29	176	0.995198
29	178	0.975699
29	179	0.968614
29	180	0.955997
30	11	1.03459
30	32	1.08346
30	35	1.07313
30	40	0.954338
30	49	0.980689
30	56	0.947896
30	58	0.948203
30	62	0.928429
30	69	0.987053
30	149	1.1712
30	155	1.33762
30	159	1.25364
30	167	1.69102
30	177	0.876764
31	55	0.790841
31	59	0.660339
31	69	0.707034
31	108	1.15856
31	142	0.802772
31	153	1.01553
31	156	1.00951
31	165	1.00201
31	167	0.954353
31	174	0.899775
31	176	0.962489
31	178	0.94299
31	179	0.935905
31	180	0.923288
32	30	1.08346
32	49	1.12584
32	53	1.07646
32	56	1.09304
32	58	1.09335
32	62	1.07358
32	69	1.1322
32	78	1.09404
32	112	0.922745
32	147	1.19929
32	152	0.816516
32	173	1.45763
32	176	1.35206
32	177	1.02191
33	13	0.950864
33	25	1.00682
33	29	0.857668
33	37	0.994276
33	76	0.998642
33	82	0.978725
33	96	1.00373
33	101	0.982774
33	104	1.0266
33	139	0.983925
33	140	1.08311
33	154	0.900215
33	161	1.54635
33	177	1.62742
34	3	1.0483
34	26	1.00098
34	47	1.03643
34	60	0.93565
34	63	0.93389
34	65	0.992693
34	66	0.992939
34	80	0.944641
34	81	0.944861
34	83	0.944957
34	112	1.19062
34	124	1.00491
34	156	1.31871
34	175	1.94803
35	8	1.15489
35	30	1.07313
35	40	1.08916
35	49	1.11551
35	56	1.08271
35	57	0.629031
35	58	1.08302
35	62	1.06325
35	69	1.12187
35	126	0.710528
35	166	1.41353
35	170	1.34664
35	173	1.56454
35	177	1.01158
36	116	1.01937
36	119	0.965637
36	121	1.01632
36	126	1.15096
36	133	0.987289
36	134	0.976526
36	137	1.01804
36	143	0.972281
36	145	0.997663
36	146	0.96822
36	151	1.25121
36	152	1.36386
36	165	1.67245
36	175	0.867027
37	22	0.837196
37	33	0.994276
37	76	1.01706
37	82	0.997143
37	84	0.994341
37	96	1.02215
37	101	1.00119
37	104	1.04502
37	139	1.00234
37	149	1.17985
37	152	1.04378
37	154	0.918633
37	171	1.4833
37	179	1.72867
38	42	0.978824
38	88	1.00899
38	105	0.959372
38	119	0.949443
38	120	0.998382
38	128	0.99323
38	136	0.968011
38	142	0.958848
38	143	0.956087
38	145	0.981469
38	148	1.0065
38	149	1.46166
38	151	1.21294
38	171	1.76511
39	54	1.04585
39	61	1.04482
39	67	1.01243
39	70	1.01243
39	73	0.98191
39	74	1.01241
39	148	1.02604
39	152	1.03207
39	154	1.257
39	157	1.22899
39	170	0.934566
39	177	1.27858
39	178	1.39434
40	8	1.0361
40	30	0.954338
40	35	1.08916
40	49	0.996713
40	53	0.947335
40	56	0.96392
40	58	0.964227
40	62	0.944453
40	69	1.00308
40	108	0.667073
40	164	1.36362
40	171	1.34716
40	174	2.07079
40	177	0.892788
41	42	0.629724
41	91	1.12494
41	107	1.0678
41	109	1.10719
41	114	1.16427
41	134	1.082
41	135	1.12112
41	138	1.11183
41	146	1.07369
41	151	0.863842
41	154	1.53493
41	159	1.19499
41	175	0.972498
41	176	1.51203
42	38	0.978824
42	41	0.629724
42	59	0.607008
42	116	0.673969
42	133	0.702291
42	156	1.09892
42	160	1.09695
42	168	1.10952
42	171	1.05481
42	173	1.03938
42	174	0.989186
42	176	1.0519
42	178	1.0324
42	179	1.02532
42	180	1.0127
43	119	0.929898
43	127	0.950817
43	129	0.972277
43	133	0.951551
43	136	0.948467
43	137	0.982303
43	142	0.939304
43	143	0.936542
43	145	0.961925
43	148	0.986955
43	149	1.40508
43	152	1.26901
43	162	0.902635
43	165	1.57761
43	168	1.49058
44	71	0.613665
44	74	0.353775
44	76	0.724164
44	88	0.834755
44	142	0.563902
44	161	1.07652
44	163	1.05343
44	164	1.07808
44	166	1.07177
44	171	1.07156
44	172	1.02602
44	174	1.00594
44	178	1.04915
44	179	1.04207
44	180	1.02945
45	74	1.1064
45	89	1.23497
45	143	1.27113
45	147	0.936102
45	156	0.927869
45	164	0.890284
45	166	0.883977
45	169	0.889694
45	171	0.88376
45	172	0.838224
45	174	0.818138
45	176	0.880852
45	178	0.861353
45	179	0.854268
45	180	0.841651
46	93	0.975937
46	105	0.940548
46	106	1.02006
46	118	0.931621
46	128	0.974405
46	129	0.972997
46	133	0.952271
46	137	0.983023
46	142	0.940024
46	143	0.937262
46	145	0.962645
46	151	1.01952
46	155	1.43465
46	162	0.903355
46	174	2.29532
47	12	1.10888
47	26	1.08087
47	34	1.03643
47	60	1.01554
47	63	1.01378
47	65	1.07258
47	66	1.07283
47	80	1.02453
47	81	1.02475
47	83	1.02485
47	111	1.05565
47	117	1.14967
47	123	1.11216
47	149	1.24724
47	165	1.41977
48	75	1.06449
48	88	1.08027
48	105	1.03065
48	120	1.06966
48	129	1.0631
48	142	1.03012
48	143	1.02736
48	145	1.05274
48	148	1.07777
48	158	0.721392
48	162	0.993455
48	173	1.146
48	174	1.66803
48	175	1.36852
48	178	1.20067
49	11	1.07697
49	30	0.980689
49	32	1.12584
49	35	1.11551
49	40	0.996713
49	56	0.990271
49	58	0.990578
49	62	0.970803
49	69	1.02943
49	78	0.991266
49	95	0.660886
49	160	1.1309
49	163	1.62064
49	173	1.44777
49	177	0.919139
49	179	1.49155
50	9	1.08184
50	93	1.02991
50	106	0.696985
50	119	0.984592
50	120	1.03353
50	127	1.00551
50	129	1.02697
50	133	1.00624
50	136	1.00316
50	142	0.993997
50	143	0.991236
50	145	1.01662
50	155	1.11157
50	170	1.2323
50	172	1.65616
50	175	1.67273
51	15	0.963927
51	77	1.00971
51	86	1.05992
51	102	1.0617
51	105	1.00352
51	119	0.993588
51	125	0.85073
51	136	1.01216
51	137	1.04599
51	143	1.00023
51	145	1.02561
51	148	1.05064
51	157	1.51633
51	162	0.966324
51	166	1.476
51	169	1.45891
52	59	1.0253
52	88	1.04738
52	93	1.03315
52	98	0.993293
52	117	1.02445
52	128	1.03162
52	129	1.03021
52	133	1.00948
52	137	1.04024
52	142	0.997236
52	143	0.994475
52	145	1.01986
52	147	1.36873
52	160	1.31019
52	162	0.960567
52	167	1.64183
53	32	1.07646
53	40	0.947335
53	62	0.921425
53	64	1.19452
53	69	0.98005
53	82	0.95295
53	84	0.950147
53	87	1.17555
53	96	0.977955
53	101	0.956999
53	104	1.00082
53	154	0.87444
53	156	1.56732
53	171	1.77253
53	177	0.869761
54	14	1.08857
54	39	1.04585
54	61	1.08308
54	67	1.0507
54	70	1.05069
54	73	1.02017
54	74	1.05068
54	100	0.940883
54	115	0.875768
54	131	1.28597
54	148	1.0643
54	150	1.03899
54	152	1.07033
54	170	0.97283
54	175	1.89281
55	26	1.04775
55	31	0.790841
55	60	0.982425
55	66	1.03971
55	80	0.991417
55	81	0.991637
55	82	1.01584
55	83	0.991733
55	97	1.09762
55	101	1.01989
55	104	1.06372
55	106	0.97217
55	154	0.937333
55	155	1.38676
55	157	1.6147
55	158	1.30079
56	8	1.02966
56	11	1.04417
56	30	0.947896
56	32	1.09304
56	35	1.08271
56	40	0.96392
56	49	0.990271
56	58	0.957785
56	62	0.938011
56	69	0.996635
56	78	0.958474
56	100	1.15956
56	124	1.16837
56	151	1.1352
56	159	1.46635
56	166	1.73795
56	177	0.886346
57	35	0.629031
57	58	0.944369
57	88	1.07266
57	102	0.73611
57	104	0.622205
57	115	1.12706
57	134	1.03624
57	144	1.07154
57	146	1.02794
57	147	1.00891
57	160	0.998708
57	165	0.99318
57	172	0.911033
57	173	0.941138
57	175	0.926743
57	178	0.934162
57	180	0.91446
58	8	1.02996
58	11	1.04448
58	30	0.948203
58	32	1.09335
58	35	1.08302
58	40	0.964227
58	49	0.990578
58	56	0.957785
58	57	0.944369
58	62	0.938317
58	64	1.10028
58	69	0.996942
58	78	0.95878
58	127	1.29716
58	155	1.54125
58	159	1.45727
58	177	0.886653
59	31	0.660339
59	42	0.607008
59	52	1.0253
59	75	1.01162
59	93	1.01317
59	100	0.865484
59	118	0.96885
59	119	0.967848
59	127	0.988766
59	136	0.986416
59	137	1.02025
59	142	0.977253
59	143	0.974492
59	145	0.999874
59	162	0.940584
59	172	1.80085
59	174	2.11693
60	3	1.02741
60	5	1.02053
60	17	0.985816
60	26	0.980087
60	34	0.93565
60	47	1.01554
60	55	0.982425
60	63	0.912999
60	65	0.971801
60	66	0.972048
60	80	0.92375
60	81	0.92397
60	83	0.924066
60	140	1.10309
60	150	1.0772
60	154	1.62583
60	165	1.37598
60	178	1.76317
61	2	1.08738
61	7	1.08738
61	39	1.04482
61	54	1.08308
61	67	1.04967
61	70	1.04966
61	73	1.01914
61	74	1.04965
61	78	1.02076
61	95	0.590885
61	98	0.744002
61	148	1.06327
61	152	1.0693
61	165	1.04525
61	170	0.971801
61	174	1.89981
61	175	1.6003
61	179	1.42155
62	8	1.01019
62	11	1.02471
62	30	0.928429
62	32	1.07358
62	35	1.06325
62	40	0.944453
62	49	0.970803
62	53	0.921425
62	56	0.938011
62	58	0.938317
62	69	0.977168
62	78	0.939006
62	99	1.2693
62	110	1.18698
62	125	1.21155
62	140	1.38242
62	161	1.84566
62	177	0.866879
63	3	1.02565
63	5	1.01877
63	12	1.00634
63	26	0.978328
63	34	0.93389
63	47	1.01378
63	60	0.912999
63	65	0.970041
63	66	0.970288
63	80	0.92199
63	81	0.92221
63	83	0.922306
63	103	0.984914
63	112	1.20809
63	115	0.948459
63	153	1.42981
63	167	1.75775
63	169	1.57487
64	53	1.19452
64	58	1.10028
64	135	0.858424
64	137	0.821447
64	144	0.777476
64	151	1.05839
64	160	0.99099
64	165	0.985462
64	166	0.949068
64	168	1.00356
64	169	0.954785
64	171	0.948851
64	172	0.903315
64	173	0.93342
64	174	0.883229
64	176	0.945943
64	178	0.926444
64	179	0.919359
64	180	0.906742
65	3	1.08446
65	5	1.07757
65	12	1.06514
65	26	1.03713
65	34	0.992693
65	47	1.07258
65	60	0.971801
65	63	0.970041
65	66	1.02909
65	80	0.980793
65	81	0.981013
65	83	0.981108
65	103	1.04372
65	123	0.977905
65	131	1.23371
65	150	0.986732
65	167	1.6328
65	168	1.19849
65	176	1.51246
66	3	1.0847
66	5	1.07782
66	12	1.06539
66	34	0.992939
66	47	1.07283
66	55	1.03971
66	60	0.972048
66	63	0.970288
66	65	1.02909
66	80	0.981039
66	81	0.981259
66	83	0.981355
66	99	0.83058
66	103	1.04396
66	115	0.754595
66	158	1.12451
66	163	1.72198
66	167	1.56389
66	173	1.54911
67	2	1.055
67	7	1.055
67	14	1.05515
67	20	1.54488
67	39	1.01243
67	54	1.0507
67	61	1.04967
67	70	1.01728
67	73	0.98676
67	74	1.01726
67	78	0.988375
67	112	0.904316
67	147	1.18087
67	148	1.03089
67	152	1.03692
67	158	1.0146
67	160	1.12233
67	170	0.939416
67	179	1.48298
68	96	0.67692
68	117	1.04447
68	133	0.869396
68	139	0.880989
68	142	0.916547
68	145	0.818781
68	150	1.09006
68	163	0.9265
68	164	0.95115
68	165	0.981237
68	166	0.944843
68	167	0.933582
68	171	0.944626
68	173	0.929195
68	174	0.879004
68	176	0.941718
68	178	0.922219
68	179	0.915134
68	180	0.902517
69	8	1.06881
69	11	1.08333
69	30	0.987053
69	31	0.707034
69	32	1.1322
69	35	1.12187
69	40	1.00308
69	49	1.02943
69	53	0.98005
69	56	0.996635
69	58	0.996942
69	62	0.977168
69	78	0.997631
69	99	0.923048
69	126	0.787567
69	154	1.55891
69	162	1.40494
69	175	1.86411
69	177	0.925503
70	2	1.05499
70	7	1.05499
70	14	1.05515
70	39	1.01243
70	54	1.05069
70	61	1.04966
70	67	1.01728
70	73	0.986754
70	74	1.01726
70	78	0.98837
70	148	1.03088
70	152	1.03691
70	157	1.40286
70	158	1.08894
70	159	1.09093
70	165	1.18103
70	170	0.93941
70	171	1.31195
70	173	1.51355
71	23	1.03635
71	44	0.613665
71	79	1.00668
71	89	0.985414
71	91	1.03484
71	94	1.02546
71	109	1.01709
71	121	1.03169
71	135	1.03102
71	138	1.02173
71	144	1.02719
71	146	0.98359
71	149	0.991627
71	150	1.15579
71	151	1.03332
71	154	1.70441
71	155	0.955205
71	156	1.38028
71	161	1.64491
71	175	0.882397
72	21	0.692096
72	24	1.03158
72	27	1.00119
72	79	1.00362
72	89	0.98235
72	100	1.06198
72	116	1.03167
72	121	1.02863
72	122	1.04742
72	134	0.988831
72	135	1.02795
72	138	1.01867
72	144	1.02412
72	146	0.980526
72	152	1.10287
72	155	0.952141
72	164	1.55885
72	166	1.59297
72	171	1.5424
72	175	0.879333
73	2	1.02448
73	7	1.02448
73	14	1.02463
73	21	1.06561
73	39	0.98191
73	54	1.02017
73	61	1.01914
73	67	0.98676
73	70	0.986754
73	74	0.98674
73	78	0.957854
73	100	0.877692
73	148	1.00037
73	152	1.0064
73	155	1.26846
73	161	1.46493
73	164	1.42195
73	168	1.18755
73	170	0.908894
73	178	1.66176
74	2	1.05498
74	7	1.05498
74	14	1.05513
74	39	1.01241
74	44	0.353775
74	45	1.1064
74	54	1.05068
74	61	1.04965
74	67	1.01726
74	70	1.01726
74	73	0.98674
74	78	0.988355
74	148	1.03087
74	149	1.02215
74	152	1.0369
74	169	1.35909
74	170	0.939396
74	176	1.42162
74	180	1.6611
75	48	1.06449
75	59	1.01162
75	90	0.978018
75	106	0.922239
75	110	0.874601
75	118	0.975154
75	119	0.974151
75	120	1.02309
75	129	1.01653
75	133	0.995804
75	136	0.99272
75	137	1.02656
75	142	0.983557
75	143	0.980795
75	145	1.00618
75	157	1.56477
75	159	1.25285
75	162	0.946888
75	166	1.52444
75	179	1.71924
76	1	0.81866
76	13	0.973649
76	22	0.841563
76	29	1.06673
76	33	0.998642
76	37	1.01706
76	44	0.724164
76	82	1.00151
76	84	0.998708
76	96	1.02652
76	97	1.08329
76	101	1.00556
76	102	1.04402
76	103	1.04001
76	104	1.04938
76	139	1.00671
76	151	1.14382
76	153	1.58441
76	154	0.923
76	160	1.58071
77	51	1.00971
77	101	0.972151
77	116	1.04454
77	129	0.968155
77	139	1.08446
77	151	1.01792
77	154	0.924257
77	158	0.971584
77	160	0.950518
77	162	0.949899
77	164	0.914903
77	165	0.94499
77	166	0.908596
77	169	0.914313
77	171	0.908379
77	172	0.862843
77	173	0.892948
77	176	0.905471
77	178	0.885972
77	179	0.878887
77	180	0.86627
78	32	1.09404
78	49	0.991266
78	56	0.958474
78	58	0.95878
78	61	1.02076
78	62	0.939006
78	67	0.988375
78	69	0.997631
78	70	0.98837
78	73	0.957854
78	74	0.988355
78	87	0.972229
78	122	1.07424
78	132	1.02921
78	148	1.00198
78	152	1.00801
78	156	1.36401
78	170	0.91051
78	173	1.77081
78	177	0.887342
78	180	1.90471
79	21	0.764178
79	71	1.00668
79	72	1.00362
79	85	0.972991
79	107	0.952759
79	112	0.993656
79	114	1.04923
79	116	1.00979
79	124	1.09547
79	130	1.03972
79	132	1.07448
79	134	0.966951
79	135	1.00607
79	139	0.986867
79	144	1.00224
79	146	0.958646
79	157	0.911371
79	161	1.6739
79	162	1.57943
79	169	1.64796
79	175	0.857453
80	3	1.0364
80	5	1.02952
80	12	1.01709
80	17	0.994808
80	26	0.989079
80	34	0.944641
80	47	1.02453
80	55	0.991417
80	60	0.92375
80	63	0.92199
80	65	0.980793
80	66	0.981039
80	81	0.932961
80	83	0.933057
80	103	0.995665
80	110	1.00142
80	125	1.02599
80	127	1.21956
80	149	1.29723
80	162	1.56564
80	172	2.00824
81	3	1.03662
81	5	1.02974
81	12	1.01731
81	17	0.995028
81	26	0.989299
81	34	0.944861
81	47	1.02475
81	55	0.991637
81	60	0.92397
81	63	0.92221
81	65	0.981013
81	66	0.981259
81	80	0.932961
81	83	0.933277
81	103	0.995886
81	131	1.06865
81	159	1.03036
81	163	1.62584
81	170	1.23507
81	171	1.25138
81	174	1.97501
82	22	0.821645
82	25	1.00969
82	33	0.978725
82	37	0.997143
82	53	0.95295
82	55	1.01584
82	76	1.00151
82	84	0.97879
82	96	1.0066
82	98	0.9666
82	101	0.985642
82	102	1.0241
82	103	1.02009
82	104	1.02947
82	139	0.986793
82	149	1.09532
82	154	0.903083
82	158	1.17577
82	173	1.60037
82	175	1.82289
82	177	1.53927
83	3	1.03672
83	5	1.02983
83	12	1.0174
83	17	0.995124
83	26	0.989395
83	34	0.944957
83	47	1.02485
83	55	0.991733
83	60	0.924066
83	63	0.922306
83	65	0.981108
83	66	0.981355
83	80	0.933057
83	81	0.933277
83	103	0.995981
83	106	1.01278
83	123	1.12587
83	127	1.18328
83	140	1.16059
83	172	1.97196
83	176	1.66043
84	13	0.950929
84	22	0.818842
84	25	1.00688
84	37	0.994341
84	53	0.950147
84	76	0.998708
84	82	0.97879
84	96	1.0038
84	97	1.06057
84	99	1.00694
84	101	0.982839
84	102	1.0213
84	103	1.01729
84	104	1.02666
84	131	1.34115
84	139	0.98399
84	154	0.90028
84	156	1.31868
84	157	1.61479
84	168	1.30593
84	169	1.55737
85	18	1.01857
85	79	0.972991
85	92	1.00316
85	106	1.07751
85	109	0.983396
85	113	0.897474
85	121	0.997999
85	130	1.03097
85	134	0.958202
85	135	0.997323
85	138	0.988036
85	144	0.993495
85	146	0.949896
85	147	0.930871
85	149	0.957934
85	152	0.969264
85	161	1.46821
85	169	1.44227
85	172	1.81634
85	175	0.848703
85	177	1.54928
86	51	1.05992
86	93	1.04203
86	105	1.00664
86	118	0.997717
86	119	0.996715
86	120	1.04565
86	128	1.0405
86	129	1.03909
86	132	0.836813
86	133	1.01837
86	136	1.01528
86	137	1.04912
86	142	1.00612
86	145	1.02874
86	148	1.05377
86	150	0.947106
86	157	1.46772
86	162	0.969451
86	168	1.15886
86	170	1.3605
86	176	1.47283
86	177	1.51731
87	19	0.977445
87	53	1.17555
87	78	0.972229
87	92	0.67736
87	109	0.83305
87	119	1.05856
87	140	1.0811
87	156	0.99615
87	158	1.01525
87	161	0.957008
87	165	0.988652
87	166	0.952258
87	167	0.940997
87	168	1.00675
87	169	0.957975
87	171	0.952041
87	172	0.906505
87	173	0.93661
87	176	0.949133
87	178	0.929634
87	179	0.922549
87	180	0.909932
88	19	1.04667
88	38	1.00899
88	44	0.834755
88	48	1.08027
88	52	1.04738
88	57	1.07266
88	93	1.03525
88	95	1.22129
88	108	1.12649
88	111	1.31153
88	115	1.21366
88	118	0.990938
88	119	0.989935
88	120	1.03887
88	128	1.03372
88	129	1.03231
88	133	1.01159
88	141	1.2932
88	142	0.99934
88	143	0.996579
88	145	1.02196
88	148	1.04699
89	10	0.919391
89	16	1.02352
89	24	0.988425
89	45	1.23497
89	71	0.985414
89	72	0.98235
89	91	0.98862
89	92	0.990634
89	111	0.95912
89	114	1.02796
89	116	0.988522
89	121	0.985477
89	131	1.27144
89	135	0.984801
89	144	0.980973
89	146	0.937374
89	155	0.908989
89	157	0.8901
89	166	1.50475
89	170	1.43786
89	175	0.836181
89	178	1.71043
90	19	0.990986
90	75	0.978018
90	105	0.94418
90	118	0.935253
90	119	0.93425
90	120	0.98319
90	128	0.978037
90	129	0.976629
90	133	0.955903
90	136	0.952819
90	137	0.986655
90	142	0.943656
90	143	0.940894
90	145	0.966276
90	148	0.991306
90	152	0.941956
90	156	1.17627
90	160	1.2662
90	162	0.906987
90	163	1.75594
90	167	1.59784
90	180	1.71698
91	41	1.12494
91	71	1.03484
91	89	0.98862
91	92	1.04006
91	98	1.05979
91	107	0.980909
91	112	1.02181
91	116	1.03794
91	124	0.972964
91	135	1.03422
91	138	1.02494
91	139	1.01502
91	144	1.0304
91	146	0.986796
91	147	0.967771
91	149	0.994833
91	151	0.939798
91	156	1.28676
91	157	0.939522
91	160	1.37669
91	166	1.54254
91	172	1.89952
91	175	0.885603
92	1	0.397013
92	85	1.00316
92	87	0.67736
92	89	0.990634
92	91	1.04006
92	94	1.03068
92	107	0.982924
92	114	1.07939
92	116	1.03996
92	121	1.03691
92	130	1.06989
92	135	1.03624
92	144	1.03241
92	146	0.98881
92	149	0.996847
92	154	1.39327
92	155	0.960425
92	157	0.941536
92	160	1.15906
92	172	1.68189
92	175	0.887617
92	179	1.51972
92	180	1.60984
93	46	0.975937
93	50	1.02991
93	52	1.03315
93	59	1.01317
93	86	1.04203
93	88	1.03525
93	100	1.03895
93	105	0.985632
93	119	0.975702
93	120	1.02464
93	124	1.04776
93	126	0.914341
93	128	1.01949
93	129	1.01808
93	136	0.994271
93	140	1.16295
93	142	0.985108
93	143	0.982346
93	145	1.00773
93	158	1.34375
93	162	0.948439
93	173	1.76836
93	178	1.82303
94	10	0.959435
94	23	1.03018
94	24	1.02847
94	71	1.02546
94	92	1.03068
94	98	1.22367
94	107	0.971532
94	108	0.975761
94	109	1.01092
94	114	1.068
94	127	1.27472
94	130	1.0585
94	134	0.985724
94	135	1.02485
94	138	1.01556
94	141	1.14247
94	144	1.02102
94	146	0.977419
94	147	0.958394
94	152	1.21633
94	155	0.949034
94	160	1.54057
94	164	1.6723
95	49	0.660886
95	61	0.590885
95	88	1.22129
95	109	0.844738
95	130	0.757493
95	137	0.814161
95	148	0.751281
95	153	1.05844
95	158	1.07151
95	159	1.0817
95	164	1.01483
95	165	1.04492
95	167	0.997265
95	169	1.01424
95	171	1.00831
95	172	0.962773
95	173	0.992878
95	174	0.942687
95	175	0.978483
95	176	1.0054
95	178	0.985902
95	179	0.978817
95	180	0.9662
96	13	0.978737
96	22	0.846651
96	25	1.03469
96	33	1.00373
96	37	1.02215
96	53	0.977955
96	68	0.67692
96	76	1.02652
96	82	1.0066
96	84	1.0038
96	97	1.08838
96	101	1.01065
96	102	1.04911
96	103	1.0451
96	104	1.05447
96	139	1.0118
96	141	0.782717
96	154	0.928088
96	170	1.27979
96	171	1.2961
96	178	1.55236
96	179	1.54147
96	180	1.6316
97	11	0.694955
97	22	0.903425
97	55	1.09762
97	76	1.08329
97	84	1.06057
97	96	1.08838
97	101	1.06742
97	104	1.11125
97	119	0.929203
97	128	0.66821
97	136	0.775091
97	138	0.612329
97	143	0.76399
97	148	0.610234
97	154	0.984863
97	158	1.03219
97	167	0.95794
97	168	1.0237
97	171	0.968984
97	173	0.953553
97	174	0.903362
97	179	0.939493
97	180	0.926875
98	14	0.641026
98	52	0.993293
98	61	0.744002
98	82	0.9666
98	91	1.05979
98	94	1.22367
98	105	0.947761
98	156	1.05022
98	159	1.0795
98	160	1.04825
98	161	1.01108
98	163	0.987982
98	164	1.01263
98	167	0.995064
98	168	1.06082
98	169	1.01204
98	171	1.00611
98	172	0.960573
98	173	0.990677
98	174	0.940487
98	176	1.0032
98	179	0.976617
98	180	0.963999
99	28	0.791002
99	62	1.2693
99	66	0.83058
99	69	0.923048
99	84	1.00694
99	104	0.839183
99	145	0.921021
99	150	1.12745
99	156	1.02612
99	159	1.0554
99	164	0.988538
99	165	1.01863
99	166	0.982231
99	167	0.97097
99	170	1.01638
99	171	0.982014
99	172	0.936478
99	174	0.916392
99	175	0.952188
99	176	0.979106
99	177	0.993213
99	178	0.959607
99	179	0.952522
99	180	0.939905
100	54	0.940883
100	56	1.15956
100	59	0.865484
100	72	1.06198
100	73	0.877692
100	93	1.03895
100	107	1.01112
100	134	1.02531
100	135	1.06443
100	137	0.871645
100	138	1.05514
100	139	1.04523
100	146	1.017
100	148	0.808765
100	153	0.995766
100	155	0.988619
100	166	0.945854
100	167	0.934593
100	168	1.00035
100	170	0.980004
100	176	0.942729
100	178	0.92323
100	179	0.916145
100	180	0.903528
101	13	0.957781
101	22	0.825694
101	25	1.01374
101	33	0.982774
101	37	1.00119
101	53	0.956999
101	55	1.01989
101	76	1.00556
101	77	0.972151
101	82	0.985642
101	84	0.982839
101	96	1.01065
101	97	1.06742
101	102	1.02815
101	103	1.02414
101	104	1.03351
101	139	0.990842
101	140	0.984048
101	149	1.08441
101	154	0.907132
101	155	1.25083
101	167	1.60423
101	177	1.52836
101	178	1.64413
102	51	1.0617
102	57	0.73611
102	76	1.04402
102	82	1.0241
102	84	1.0213
102	96	1.04911
102	101	1.02815
102	104	1.07197
102	110	0.870765
102	118	0.999498
102	120	1.04744
102	123	1.0315
102	129	1.04087
102	133	1.02015
102	139	1.0293
102	140	1.06621
102	142	1.0079
102	143	1.00514
102	145	1.03052
102	148	1.05555
102	150	1.04032
102	154	0.945591
102	163	1.84449
102	171	1.47003
102	176	1.56605
103	5	1.09244
103	12	1.08001
103	17	1.05773
103	25	1.04819
103	63	0.984914
103	65	1.04372
103	66	1.04396
103	76	1.04001
103	80	0.995665
103	81	0.995886
103	82	1.02009
103	83	0.995981
103	84	1.01729
103	96	1.0451
103	101	1.02414
103	104	1.06796
103	106	0.932393
103	141	0.970635
103	150	1.05431
103	153	1.37244
103	154	0.941581
103	159	1.263
103	160	1.36874
103	166	1.5346
103	170	1.46771
104	13	1.0016
104	22	0.869518
104	25	1.05756
104	33	1.0266
104	37	1.04502
104	53	1.00082
104	55	1.06372
104	57	0.622205
104	76	1.04938
104	82	1.02947
104	84	1.02666
104	96	1.05447
104	97	1.11125
104	99	0.839183
104	101	1.03351
104	102	1.07197
104	103	1.06796
104	106	0.804498
104	139	1.03467
104	149	1.05267
104	154	0.950956
104	157	1.44703
104	166	1.4067
104	177	1.49662
104	180	1.69163
105	38	0.959372
105	46	0.940548
105	48	1.03065
105	51	1.00352
105	86	1.00664
105	90	0.94418
105	93	0.985632
105	98	0.947761
105	112	1.04664
105	118	0.941315
105	128	0.9841
105	129	0.982692
105	133	0.961965
105	136	0.958881
105	137	0.992718
105	142	0.949718
105	143	0.946957
105	145	0.972339
105	148	0.997369
105	153	1.26836
105	162	0.913049
105	164	1.39639
105	167	1.5963
105	176	1.47596
105	178	1.6362
106	46	1.02006
106	50	0.696985
106	55	0.97217
106	75	0.922239
106	83	1.01278
106	85	1.07751
106	103	0.932393
106	104	0.804498
106	112	1.09818
106	116	1.11431
106	129	0.832243
106	130	1.14424
106	135	1.11059
106	144	1.10676
106	146	1.06317
106	159	1.06519
106	168	1.04651
106	171	0.991799
106	172	0.946263
106	173	0.976367
106	174	0.926177
106	175	0.961973
106	178	0.969391
106	179	0.962307
106	180	0.949689
107	27	0.950328
107	41	1.0678
107	79	0.952759
107	91	0.980909
107	92	0.982924
107	94	0.971532
107	100	1.01112
107	112	0.964675
107	114	1.02025
107	130	1.01074
107	134	0.937969
107	138	0.967803
107	144	0.973263
107	146	0.929664
107	147	0.910639
107	149	0.937701
107	150	1.08181
107	153	1.39994
107	155	0.901279
107	157	0.882389
107	161	1.57094
107	162	1.47646
107	168	1.29356
107	170	1.4952
107	175	0.828471
107	177	1.65201
108	25	0.872529
108	31	1.15856
108	40	0.667073
108	88	1.12649
108	94	0.975761
108	118	0.855508
108	128	0.714462
108	145	0.757873
108	146	0.860886
108	151	1.09552
108	156	1.03008
108	160	1.02811
108	161	0.990942
108	163	0.967849
108	164	0.992499
108	165	1.02259
108	166	0.986192
108	167	0.974931
108	169	0.991909
108	171	0.985975
108	172	0.940439
108	173	0.970544
108	174	0.920353
108	176	0.983067
108	178	0.963568
108	179	0.956484
108	180	0.943866
109	10	0.951066
109	20	1.73731
109	27	0.989714
109	28	1.124
109	41	1.10719
109	71	1.01709
109	85	0.983396
109	87	0.83305
109	94	1.01092
109	95	0.844738
109	110	0.830769
109	116	1.0202
109	121	1.01715
109	130	1.05013
109	134	0.977355
109	138	1.00719
109	144	1.01265
109	146	0.96905
109	147	0.950025
109	149	0.977087
109	150	1.00033
109	155	0.940665
109	157	0.921775
109	168	1.21208
109	170	1.41373
109	175	0.867857
109	180	1.76553
110	13	1.04141
110	62	1.18698
110	75	0.874601
110	80	1.00142
110	102	0.870765
110	109	0.830769
110	111	1.08668
110	113	1.0897
110	135	0.837168
110	145	0.838699
110	149	1.04867
110	150	1.1147
110	151	1.07881
110	156	1.01338
110	159	1.04266
110	161	0.974235
110	163	0.951142
110	165	1.00588
110	167	0.958224
110	169	0.975202
110	171	0.969268
110	172	0.923732
110	173	0.953837
110	174	0.903646
110	178	0.946861
110	179	0.939776
110	180	0.927159
111	47	1.05565
111	88	1.31153
111	89	0.95912
111	110	1.08668
111	116	0.965204
111	126	1.11749
111	129	0.888818
111	130	0.847736
111	138	0.843619
111	149	0.989628
111	150	1.05566
111	153	0.960353
111	158	0.973429
111	159	0.983614
111	165	0.946835
111	166	0.910441
111	167	0.89918
111	168	0.964938
111	169	0.916158
111	171	0.910224
111	172	0.864688
111	173	0.894793
111	175	0.880398
111	176	0.907316
111	178	0.887817
111	179	0.880732
111	180	0.868115
112	20	0.913061
112	32	0.922745
112	34	1.19062
112	63	1.20809
112	67	0.904316
112	79	0.993656
112	91	1.02181
112	105	1.04664
112	106	1.09818
112	107	0.964675
112	116	1.02171
112	129	1.05058
112	130	1.05164
112	135	1.01799
112	136	1.16814
112	144	1.01416
112	146	0.970561
112	161	0.904161
112	163	0.881068
112	165	0.935805
112	169	0.905128
112	173	0.883763
112	174	0.833572
112	175	0.869368
112	176	0.896286
112	178	0.876787
112	180	0.857085
113	28	0.796631
113	85	0.897474
113	110	1.0897
113	121	1.04505
113	124	1.10039
113	135	0.925119
113	137	0.888142
113	141	1.0784
113	142	1.02442
113	143	0.979019
113	147	0.965593
113	158	0.976456
113	159	0.986641
113	160	0.95539
113	161	0.918218
113	163	0.895125
113	165	0.949862
113	166	0.913468
113	168	0.967965
113	172	0.867715
113	173	0.89782
113	174	0.847629
113	176	0.910343
113	177	0.92445
113	178	0.890844
113	179	0.883759
113	180	0.871142
114	10	1.00815
114	16	1.11228
114	18	1.09481
114	23	1.07889
114	41	1.16427
114	79	1.04923
114	89	1.02796
114	92	1.07939
114	94	1.068
114	107	1.02025
114	123	0.828303
114	131	1.08411
114	134	1.03444
114	138	1.06427
114	139	1.05435
114	144	1.06973
114	146	1.02613
114	149	1.03417
114	152	0.827312
114	157	0.978857
114	162	1.23179
114	164	1.28329
114	169	1.30032
114	171	1.26684
114	172	1.67439
114	175	0.924939
114	176	1.36286
115	54	0.875768
115	57	1.12706
115	63	0.948459
115	66	0.754595
115	88	1.21366
115	117	1.06315
115	134	0.713112
115	139	0.907244
115	143	0.897406
115	145	0.845037
115	151	1.07285
115	155	1.00629
115	156	1.00742
115	163	0.945181
115	164	0.969831
115	165	0.999919
115	166	0.963525
115	168	1.01802
115	169	0.969242
115	171	0.963308
115	172	0.917772
115	173	0.947877
115	174	0.897686
115	176	0.9604
115	177	0.974507
115	178	0.9409
115	179	0.933816
115	180	0.921199
116	18	1.05538
116	21	0.609957
116	36	1.01937
116	42	0.673969
116	72	1.03167
116	77	1.04454
116	79	1.00979
116	89	0.988522
116	91	1.03794
116	92	1.03996
116	106	1.11431
116	109	1.0202
116	111	0.965204
116	112	1.02171
116	121	1.0348
116	130	1.06777
116	132	0.920257
116	135	1.03413
116	138	1.02484
116	144	1.0303
116	146	0.986698
116	149	0.994735
116	154	1.57918
116	155	0.958313
116	157	0.939424
116	165	1.32933
116	168	1.2423
116	172	1.86781
116	175	0.885505
117	47	1.14967
117	52	1.02445
117	68	1.04447
117	115	1.06315
117	130	0.941764
117	139	1.09915
117	140	1.02172
117	141	1.05781
117	144	0.954461
117	145	1.03694
117	148	0.935552
117	156	0.936767
117	158	0.955864
117	159	0.966049
117	161	0.897626
117	163	0.874533
117	165	0.92927
117	166	0.892876
117	167	0.881615
117	168	0.947373
117	169	0.898593
117	172	0.847123
117	173	0.877228
117	174	0.827037
117	176	0.889751
117	177	0.903858
117	178	0.870252
117	179	0.863167
117	180	0.85055
118	9	1.02863
118	15	0.901725
118	46	0.931621
118	59	0.96885
118	75	0.975154
118	86	0.997717
118	88	0.990938
118	90	0.935253
118	102	0.999498
118	105	0.941315
118	108	0.855508
118	120	0.980325
118	126	0.883175
118	127	0.952304
118	128	0.975173
118	129	0.973765
118	133	0.953038
118	136	0.949954
118	137	0.983791
118	142	0.940791
118	143	0.93803
118	145	0.963412
118	148	0.988442
118	151	0.983429
118	155	1.39856
118	157	1.6265
118	165	1.40467
118	175	1.95971
118	178	1.79186
119	9	1.02763
119	36	0.965637
119	38	0.949443
119	43	0.929898
119	50	0.984592
119	51	0.993588
119	59	0.967848
119	75	0.974151
119	86	0.996715
119	87	1.05856
119	88	0.989935
119	90	0.93425
119	93	0.975702
119	97	0.929203
119	122	1.16057
119	125	1.08085
119	129	0.972762
119	133	0.952036
119	136	0.948952
119	137	0.982788
119	142	0.939789
119	143	0.937028
119	145	0.96241
119	148	0.98744
119	149	1.35209
119	154	1.77447
119	155	1.51851
119	162	0.90312
119	164	1.672
120	4	0.842563
120	15	0.949662
120	38	0.998382
120	48	1.06966
120	50	1.03353
120	75	1.02309
120	86	1.04565
120	88	1.03887
120	90	0.98319
120	93	1.02464
120	102	1.04744
120	118	0.980325
120	124	0.810134
120	127	1.00024
120	128	1.02311
120	129	1.0217
120	133	1.00098
120	136	0.997891
120	137	1.03173
120	145	1.01135
120	148	1.03638
120	158	1.10613
120	162	0.952059
120	163	1.7036
120	165	1.19821
120	168	1.11119
120	169	1.36262
120	171	1.32914
120	175	1.75325
121	10	0.965669
121	27	1.00432
121	36	1.01632
121	71	1.03169
121	72	1.02863
121	85	0.997999
121	89	0.985477
121	92	1.03691
121	109	1.01715
121	113	1.04505
121	116	1.0348
121	122	1.06139
121	127	1.17524
121	130	1.06473
121	134	0.991958
121	135	1.03108
121	138	1.02179
121	139	1.01187
121	144	1.02725
121	146	0.983653
121	147	0.964628
121	150	1.12666
121	151	1.0042
121	155	0.955268
121	157	0.936378
121	158	1.33335
121	159	1.33535
121	169	1.58985
121	175	0.88246
121	179	1.80174
122	5	0.95059
122	72	1.04742
122	78	1.07424
122	119	1.16057
122	121	1.06139
122	127	1.02549
122	130	0.847814
122	140	1.06485
122	144	0.860511
122	146	1.046
122	149	1.01519
122	151	1.04533
122	159	1.00918
122	160	0.977928
122	161	0.940755
122	163	0.917662
122	164	0.942313
122	165	0.9724
122	166	0.936006
122	168	0.990503
122	169	0.941723
122	171	0.935789
122	172	0.890253
122	173	0.920358
122	174	0.870167
122	176	0.932881
122	177	0.946988
122	178	0.913381
122	179	0.906297
122	180	0.89368
123	47	1.11216
123	65	0.977905
123	83	1.12587
123	102	1.0315
123	114	0.828303
123	124	1.12334
123	142	1.0972
123	145	0.99943
123	148	0.898043
123	150	1.08163
123	153	0.98633
123	156	0.980309
123	160	0.97834
123	162	0.977721
123	163	0.918074
123	164	0.942725
123	165	0.972812
123	166	0.936418
123	167	0.925157
123	168	0.990915
123	169	0.942135
123	170	0.970568
123	171	0.936201
123	172	0.890665
123	173	0.92077
123	174	0.870579
123	176	0.933293
123	178	0.913794
123	179	0.906709
123	180	0.894092
124	8	0.650064
124	34	1.00491
124	56	1.16837
124	79	1.09547
124	91	0.972964
124	93	1.04776
124	113	1.10039
124	120	0.810134
124	123	1.12334
124	134	0.787036
124	148	0.817573
124	151	1.0895
124	153	1.03008
124	155	1.02294
124	158	1.04316
124	159	1.05335
124	163	0.961829
124	164	0.986479
124	166	0.980172
124	167	0.968911
124	168	1.03467
124	169	0.98589
124	171	0.979956
124	172	0.93442
124	173	0.964524
124	174	0.914334
124	175	0.95013
124	176	0.977048
124	178	0.957548
124	180	0.937846
125	51	0.85073
125	62	1.21155
125	80	1.02599
125	119	1.08085
125	133	0.913882
125	136	0.926737
125	144	0.780788
125	146	0.966279
125	150	1.08489
125	151	1.049
125	154	0.955337
125	157	0.963551
125	158	1.00266
125	159	1.01285
125	160	0.981598
125	163	0.921332
125	164	0.945982
125	166	0.939676
125	167	0.928415
125	168	0.994172
125	169	0.945393
125	170	0.973826
125	171	0.939459
125	172	0.893923
125	173	0.924028
125	174	0.873837
125	176	0.936551
125	178	0.917051
125	179	0.909967
125	180	0.89735
126	24	0.928137
126	35	0.710528
126	36	1.15096
126	69	0.787567
126	93	0.914341
126	111	1.11749
126	118	0.883175
126	128	0.742129
126	132	1.14029
126	138	0.686248
126	143	0.83791
126	144	0.703062
126	151	1.10963
126	156	1.04419
126	158	1.06329
126	160	1.04222
126	161	1.00505
126	163	0.98196
126	164	1.00661
126	165	1.0367
126	166	1.0003
126	168	1.0548
126	169	1.00602
126	171	1.00009
126	172	0.95455
126	173	0.984655
126	174	0.934464
126	176	0.997178
126	177	1.01128
126	178	0.977679
126	179	0.970594
126	180	0.957977
127	12	1.00681
127	25	1.17149
127	43	0.950817
127	50	1.00551
127	58	1.29716
127	59	0.988766
127	80	1.21956
127	83	1.18328
127	94	1.27472
127	118	0.952304
127	120	1.00024
127	121	1.17524
127	122	1.02549
127	128	0.995089
127	133	0.972954
127	137	1.00371
127	138	0.957541
127	142	0.960707
127	143	0.957946
127	145	0.983328
127	152	1.01439
127	155	0.9255
127	161	0.887485
127	169	0.888452
127	171	0.882518
127	172	0.836982
127	173	0.867087
127	175	0.852692
127	176	0.879611
127	178	0.860111
127	179	0.853027
127	180	0.840409
128	9	1.07142
128	15	0.944509
128	19	1.03091
128	38	0.99323
128	46	0.974405
128	52	1.03162
128	86	1.0405
128	88	1.03372
128	90	0.978037
128	93	1.01949
128	97	0.66821
128	105	0.9841
128	108	0.714462
128	118	0.975173
128	120	1.02311
128	126	0.742129
128	127	0.995089
128	129	1.01655
128	133	0.995823
128	136	0.992739
128	137	1.02658
128	142	0.983576
128	143	0.980814
128	145	1.0062
128	148	1.03123
128	152	0.955028
128	156	1.18934
128	162	0.946907
128	163	1.76901
128	165	1.26362
128	176	1.49057
128	178	1.65081
128	179	1.63992
129	29	0.754609
129	43	0.972277
129	46	0.972997
129	48	1.0631
129	50	1.02697
129	52	1.03021
129	75	1.01653
129	77	0.968155
129	86	1.03909
129	88	1.03231
129	90	0.976629
129	93	1.01808
129	102	1.04087
129	105	0.982692
129	106	0.832243
129	111	0.888818
129	112	1.05058
129	118	0.973765
129	119	0.972762
129	120	1.0217
129	128	1.01655
129	133	0.994415
129	136	0.991331
129	137	1.02517
129	142	0.982168
129	143	0.979406
129	145	1.00479
129	153	1.27229
129	162	0.945499
129	165	1.25294
129	166	1.43445
129	167	1.60023
129	171	1.38387
130	10	0.998644
130	27	1.03729
130	79	1.03972
130	85	1.03097
130	92	1.06989
130	94	1.0585
130	95	0.757493
130	106	1.14424
130	107	1.01074
130	109	1.05013
130	111	0.847736
130	112	1.05164
130	116	1.06777
130	117	0.941764
130	121	1.06473
130	122	0.847814
130	134	1.02493
130	135	1.06405
130	138	1.05477
130	139	1.04485
130	141	0.829403
130	144	1.06023
130	146	1.01663
130	147	0.997602
130	149	1.02466
130	150	0.913082
130	155	0.988242
130	157	0.969353
130	162	1.30774
130	165	1.21186
130	168	1.12484
130	173	1.54438
130	174	2.06642
130	175	0.915434
131	11	1.23857
131	54	1.28597
131	65	1.23371
131	81	1.06865
131	84	1.34115
131	89	1.27144
131	114	1.08411
131	132	1.03479
131	146	1.35825
131	150	1.04002
131	155	0.937568
131	156	0.938694
131	157	0.918678
131	158	0.95779
131	159	0.967976
131	160	0.936724
131	161	0.899552
131	162	0.936105
131	163	0.876459
131	164	0.901109
131	165	0.931197
131	167	0.883541
131	168	0.949299
131	169	0.900519
131	170	0.928952
131	171	0.894586
131	172	0.84905
131	173	0.879154
131	174	0.828964
131	176	0.891678
131	177	0.905784
131	178	0.872178
131	179	0.865094
131	180	0.852476
132	23	1.09744
132	78	1.02921
132	79	1.07448
132	86	0.836813
132	116	0.920257
132	126	1.14029
132	131	1.03479
132	139	0.960171
132	143	0.950333
132	146	1.00098
132	148	0.796577
132	150	1.07846
132	151	1.04257
132	153	0.983153
132	156	0.977132
132	158	0.996229
132	159	1.00641
132	160	0.975163
132	161	0.937991
132	164	0.939548
132	165	0.969635
132	166	0.933241
132	167	0.92198
132	168	0.987738
132	169	0.938958
132	171	0.933024
132	172	0.887488
132	173	0.917593
132	174	0.867402
132	176	0.930116
132	178	0.910617
132	179	0.903532
132	180	0.890915
133	15	0.922375
133	17	1.01528
133	36	0.987289
133	42	0.702291
133	43	0.951551
133	46	0.952271
133	50	1.00624
133	52	1.00948
133	68	0.869396
133	75	0.995804
133	86	1.01837
133	88	1.01159
133	90	0.955903
133	102	1.02015
133	105	0.961965
133	118	0.953038
133	119	0.952036
133	120	1.00098
