1	51	0.476299
1	92	0.45912
1	138	1.35723
1	144	1.39597
1	152	1.3714
1	161	0.506284
1	162	1.36567
1	167	1.38915
1	170	1.34843
1	172	1.3722
1	174	0.478577
1	176	0.484329
2	21	0.623132
2	75	1.26216
2	83	0.544674
2	100	0.583965
2	153	1.18723
2	165	1.21244
2	167	1.19659
2	170	1.15588
2	172	1.17964
2	177	1.17789
2	178	1.22834
2	179	0.648862
3	27	1.34799
3	43	1.28702
3	50	1.37962
3	94	1.39716
3	120	1.38414
3	127	0.800875
3	142	1.37463
3	143	1.42877
3	156	0.286235
3	158	0.272635
3	164	0.235163
3	178	0.805663
4	79	0.493431
4	118	0.490252
4	121	1.41141
4	127	1.42849
4	132	0.476222
4	153	1.35664
4	157	0.459082
4	165	1.38185
4	170	1.32529
4	172	1.34905
4	176	0.482754
4	177	1.3473
5	29	1.34933
5	138	1.35279
5	150	0.477691
5	151	0.46863
5	153	1.37535
5	155	1.35803
5	156	0.50968
5	167	1.38471
5	171	1.41375
5	175	0.474181
5	176	0.475792
5	177	1.36601
6	58	0.608395
6	76	0.572711
6	145	0.634917
6	147	1.20716
6	148	1.19842
6	156	1.18493
6	166	1.18858
6	173	1.18493
6	175	1.21672
6	178	0.579975
6	179	1.20629
6	180	1.21318
7	93	0.657449
7	104	0.574555
7	136	1.22938
7	146	1.20034
7	149	1.21246
7	153	0.574716
7	157	1.21139
7	158	1.16695
7	159	1.18871
7	163	1.18941
7	166	0.596241
7	176	1.20171
8	24	0.496539
8	60	0.460658
8	111	1.38568
8	133	1.35361
8	141	1.38798
8	154	0.499052
8	157	0.456898
8	164	1.35972
8	165	1.40138
8	170	1.34482
8	177	1.36683
8	179	0.484442
9	29	0.500878
9	60	1.41784
9	65	0.481594
9	69	1.34744
9	78	1.30695
9	84	1.32995
9	91	1.39591
9	165	0.462482
9	168	0.48294
9	171	1.41582
9	176	1.38601
9	180	0.469265
10	49	1.35636
10	65	0.495195
10	73	0.53079
10	116	1.36259
10	141	0.476148
10	143	0.452055
10	173	1.35549
10	174	1.37778
10	175	1.38728
10	178	0.438531
10	179	1.37685
10	180	1.38375
11	48	1.37326
11	102	0.538497
11	122	1.34937
11	124	1.33008
11	129	1.3799
11	131	1.37954
11	134	1.41754
11	142	1.37064
11	165	0.471748
11	174	0.485544
11	177	0.470022
11	178	0.434196
12	95	1.38851
12	103	0.487481
12	121	0.453456
12	130	0.494602
12	152	0.487209
12	154	1.35398
12	156	1.35526
12	157	0.47421
12	173	1.35526
12	175	1.38705
12	179	1.37662
12	180	1.38351
13	64	0.466409
13	144	1.4823
13	146	1.47334
13	152	1.45773
13	154	0.44269
13	163	1.46241
13	164	1.44966
13	169	0.431278
13	173	0.438188
13	176	1.4747
13	179	0.42808
14	71	1.41208
14	123	1.45056
14	133	1.33421
14	148	0.488978
14	151	0.467651
14	160	0.480033
14	161	0.496768
14	163	0.472446
14	164	1.34032
14	167	1.36613
14	172	1.34918
14	177	1.34743
15	84	0.608548
15	99	1.24112
15	103	0.599831
15	125	1.21328
15	136	0.583257
15	142	1.18436
15	145	0.608075
15	148	1.19233
15	167	1.19586
15	169	1.18889
15	177	1.17715
15	180	1.20709
16	29	0.510964
16	126	0.465219
16	137	0.468506
16	146	0.475348
16	156	1.35522
16	165	0.472568
16	169	1.36528
16	173	1.35523
16	174	1.37752
16	175	1.38702
16	179	1.37659
16	180	1.38348
17	67	1.27832
17	68	0.464271
17	78	1.23856
17	82	0.55536
17	84	1.26156
17	91	1.32752
17	97	1.33246
17	109	1.33887
17	155	0.522379
17	165	0.516591
17	166	1.30502
17	176	1.31762
17	179	0.540011
18	49	0.64174
18	127	1.2169
18	132	1.15336
18	136	1.18132
18	145	1.10836
18	146	1.15228
18	149	1.16439
18	157	1.16332
18	158	1.11889
18	163	1.14135
18	166	0.653145
18	170	0.657745
18	180	0.650438
19	111	1.50514
19	117	0.429363
19	140	0.448883
19	153	1.49563
19	161	0.448312
19	162	1.48151
19	164	1.47918
19	170	1.46427
19	172	1.48804
19	175	0.424746
19	176	0.426357
19	177	1.48629
19	179	0.430229
20	22	0.471635
20	38	1.23133
20	94	1.32499
20	119	1.30624
20	120	1.31196
20	124	1.26189
20	129	1.31171
20	134	1.34935
20	138	0.540849
20	142	1.30245
20	144	0.526737
20	171	0.506829
20	175	0.555544
21	2	0.623132
21	78	0.538408
21	118	1.3022
21	144	0.464203
21	145	0.492464
21	148	1.29542
21	161	1.28926
21	167	0.479123
21	173	1.28193
21	174	1.30422
21	175	1.31372
21	179	1.30329
21	180	1.31018
22	20	0.471635
22	27	0.471415
22	111	0.413149
22	126	0.404063
22	128	1.49789
22	137	0.40735
22	150	1.48388
22	169	1.47734
22	170	0.425502
22	173	1.46729
22	174	1.48958
22	179	1.48865
22	180	1.49554
23	28	0.527033
23	55	0.475829
23	85	0.547914
23	105	0.531831
23	140	1.28152
23	156	1.28342
23	161	1.29075
23	164	0.513665
23	171	1.32948
23	173	1.28342
23	175	1.31521
23	179	1.30478
23	180	1.31167
24	8	0.496539
24	96	0.590155
24	108	0.516622
24	114	1.27567
24	130	1.28276
24	136	1.32176
24	143	1.33749
24	146	1.29271
24	149	1.30483
24	157	1.30376
24	159	1.28109
24	171	0.482122
24	180	0.519684
25	53	0.47987
25	93	0.570716
25	109	0.514333
25	117	0.522572
25	125	1.32103
25	138	1.27168
25	162	1.28012
25	165	1.31945
25	167	1.3036
25	171	1.33264
25	172	1.28665
25	176	0.519566
25	177	1.2849
26	100	1.42635
26	103	1.33101
26	106	1.37229
26	107	1.38816
26	109	0.482488
26	110	1.35015
26	112	1.35013
26	114	0.492381
26	150	0.48962
26	166	0.477663
26	172	0.460123
26	178	1.38199
27	3	1.34799
27	22	0.471415
27	117	1.29252
27	120	1.30219
27	122	1.2714
27	124	1.25211
27	131	1.30157
27	134	1.33957
27	135	0.50714
27	142	1.29268
27	160	0.562155
27	171	0.506609
27	176	0.556935
28	23	0.527033
28	85	0.529727
28	115	0.508229
28	121	1.33344
28	122	0.524216
28	125	1.30546
28	127	1.35052
28	152	1.27029
28	165	1.30388
28	170	1.24732
28	176	0.512663
28	177	1.26933
28	178	1.31978
29	5	1.34933
29	9	0.500878
29	16	0.510964
29	109	0.530095
29	139	1.28945
29	152	1.28916
29	153	1.29755
29	155	1.28023
29	162	1.28342
29	165	1.32276
29	177	1.28821
29	179	0.539201
29	180	0.522564
30	38	1.2294
30	59	0.506911
30	100	0.495445
30	114	1.29284
30	121	0.512044
30	129	1.30978
30	163	1.29895
30	168	1.31238
30	170	0.551013
30	172	0.528872
30	174	1.31729
30	179	1.31636
30	180	1.32325
31	50	0.485808
31	90	1.43124
31	106	0.430659
31	128	0.470931
31	138	1.38382
31	141	1.41819
31	155	1.38906
31	164	1.38993
31	167	1.41574
31	168	0.475219
31	170	1.37502
31	177	1.39704
31	179	0.478181
31	180	0.461544
32	67	1.37221
32	69	1.37294
32	84	1.35545
32	91	1.42141
32	97	1.42635
32	101	0.501624
32	111	0.435197
32	154	0.47149
32	156	0.486895
32	166	1.39891
32	168	0.453918
32	171	1.44132
32	176	1.41151
32	179	0.45688
33	47	1.23346
33	73	1.15271
33	100	1.31397
33	103	1.21863
33	104	0.552384
33	106	1.25991
33	107	1.27578
33	110	1.23777
33	112	1.23776
33	117	0.587134
33	126	0.557232
33	149	0.571005
33	171	0.533802
33	178	1.26961
34	128	1.25632
34	132	1.24169
34	136	1.26965
34	146	1.24061
34	157	1.25165
34	158	1.20722
34	159	1.22898
34	163	1.22968
34	164	0.559195
34	171	0.526053
34	173	0.590359
34	174	0.570628
34	177	0.555107
34	178	1.27449
35	41	1.32804
35	81	0.55495
35	141	1.2488
35	152	1.22861
35	153	1.23699
35	162	1.22287
35	163	0.560365
35	164	1.22054
35	165	1.2622
35	167	1.24635
35	168	0.563643
35	170	1.20564
35	173	0.576712
35	180	0.549967
36	79	0.480595
36	80	1.40024
36	88	0.418765
36	91	0.458372
36	102	0.51712
36	143	1.44932
36	145	1.36062
36	149	1.41666
36	155	0.456159
36	157	1.41559
36	158	1.37115
36	159	1.39291
36	163	1.39361
36	175	0.468307
37	93	0.514474
37	108	0.447498
37	126	1.41653
37	144	1.42145
37	159	0.456196
37	162	1.39115
37	164	1.38882
37	167	1.41463
37	168	0.464235
37	170	1.37391
37	172	1.39768
37	175	0.461713
37	176	0.463324
37	177	1.39593
38	20	1.23133
38	30	1.2294
38	52	1.2572
38	75	0.523458
38	105	1.2571
38	119	1.25197
38	124	1.20762
38	131	1.25708
38	142	1.24818
38	163	0.575085
38	166	0.567394
38	168	1.26005
38	174	0.5717
38	180	0.564688
39	41	0.431023
39	116	0.50533
39	121	0.447154
39	130	1.39633
39	145	1.36237
39	157	1.41733
39	158	1.3729
39	159	1.39466
39	166	0.481522
39	168	1.40879
39	171	0.441253
39	176	1.40765
39	178	1.44017
39	179	0.495452
40	58	1.42426
40	64	0.501352
40	70	1.45019
40	77	0.516178
40	87	0.491871
40	109	0.453918
40	117	1.39056
40	119	1.3945
40	124	1.35015
40	127	0.397264
40	129	1.39998
40	131	1.39962
40	142	1.39072
40	166	0.449093
41	35	1.32804
41	39	0.431023
41	43	0.545688
41	150	0.457821
41	153	1.41462
41	163	0.453555
41	164	1.39816
41	165	1.43983
41	167	1.42398
41	170	1.38326
41	172	1.40703
41	176	0.455922
41	177	1.40527
41	179	0.459794
42	89	0.575454
42	111	0.561541
42	113	1.17074
42	150	1.2548
42	153	0.547769
42	154	1.23693
42	160	1.26472
42	169	1.24826
42	172	0.551754
42	173	1.23821
42	174	1.2605
42	177	0.558079
42	179	1.25957
42	180	1.26646
43	3	1.28702
43	41	0.545688
43	56	1.14987
43	70	1.29118
43	99	1.28846
43	120	1.24122
43	123	0.525916
43	124	1.19114
43	129	1.24096
43	134	1.2786
43	136	0.57927
43	142	1.23171
43	171	0.555919
43	180	0.593481
44	81	0.497493
44	82	0.524496
44	103	0.494873
44	132	1.33963
44	136	1.36759
44	145	1.29463
44	146	1.33855
44	149	1.35066
44	154	0.523757
44	157	1.34959
44	158	1.30516
44	159	1.32692
44	160	0.510494
44	163	1.32762
44	171	0.454948
45	63	0.456736
45	102	0.545386
45	110	1.33201
45	112	1.33199
45	122	1.29933
45	131	1.32951
45	134	1.3675
45	161	0.520139
45	163	0.495817
45	165	1.34795
45	172	1.31515
45	174	0.492432
45	175	0.496573
45	177	1.3134
45	178	1.36385
46	70	0.473801
46	80	0.50641
46	85	0.53226
46	110	0.500299
46	117	1.3242
46	140	1.31693
46	144	0.484777
46	148	1.33232
46	164	0.49801
46	169	1.32888
46	173	1.31883
46	174	1.34112
46	175	1.35062
46	179	1.34019
46	180	1.34709
47	33	1.23346
47	62	0.538934
47	73	1.25274
47	95	0.516552
47	100	1.414
47	103	1.31866
47	106	1.35994
47	107	1.37581
47	110	1.3378
47	112	1.33779
47	127	0.464138
47	136	0.499049
47	146	0.509258
47	171	0.475699
47	178	1.36964
48	11	1.37326
48	56	1.24009
48	99	1.37868
48	105	1.33084
48	122	1.30065
48	127	0.460959
48	129	1.33118
48	135	0.473051
48	137	1.34702
48	142	1.32192
48	143	1.37606
48	151	0.515685
48	166	0.512788
48	174	0.517095
48	179	0.526719
49	10	1.35636
49	18	0.64174
49	128	1.33973
49	137	0.471408
49	145	0.49286
49	157	0.471345
49	160	1.33564
49	167	0.479519
49	169	1.31918
49	173	1.30913
49	174	1.33142
49	175	1.34092
49	178	0.437917
49	179	1.33049
49	180	1.33738
50	3	1.37962
50	31	0.485808
50	56	1.24247
50	70	1.38377
50	122	1.30303
50	124	1.28374
50	127	0.466091
50	129	1.33356
50	134	1.3712
50	135	0.478183
50	142	1.3243
50	143	1.37844
50	159	0.52085
50	166	0.51792
50	169	0.535048
51	1	0.476299
51	66	0.502748
51	73	0.543608
51	81	1.32803
51	130	0.505169
51	132	0.501917
51	143	0.464873
51	147	1.33849
51	154	1.31499
51	168	1.33365
51	173	1.31626
51	174	1.33855
51	175	1.34805
51	179	1.33763
51	180	1.34452
52	38	1.2572
52	61	0.514533
52	68	0.459786
52	99	1.38507
52	105	1.33723
52	119	1.3321
52	122	1.30704
52	129	1.33758
52	134	1.37521
52	142	1.32832
52	154	0.550135
52	166	0.521594
52	168	1.34018
52	171	0.481326
52	178	0.474553
53	25	0.47987
53	67	1.39921
53	78	1.35945
53	84	1.38245
53	91	1.44841
53	97	1.45334
53	104	1.42436
53	127	0.414896
53	159	0.469655
53	166	1.42591
53	171	1.46832
53	173	0.490763
53	174	0.471032
53	176	1.43851
53	177	0.45551
53	178	0.419684
54	57	1.419
54	72	0.443851
54	73	1.32953
54	82	0.388683
54	98	0.406709
54	100	1.49079
54	103	1.39545
54	106	1.43673
54	107	1.4526
54	110	1.41459
54	112	1.41457
54	125	0.356606
54	135	0.869611
54	163	0.367095
54	178	1.44643
54	179	0.373334
55	23	0.475829
55	85	1.38871
55	92	1.44732
55	95	0.451985
55	132	1.43703
55	140	0.483985
55	144	0.431041
55	145	1.39203
55	146	1.43595
55	157	1.447
55	158	1.40256
55	159	1.42432
55	160	0.466678
55	163	1.42502
55	165	0.441911
55	166	0.4514
56	43	1.14987
56	48	1.24009
56	50	1.24247
56	58	1.27102
56	70	1.29695
56	105	1.24639
56	120	1.24699
56	122	1.2162
56	124	1.19691
56	129	1.24674
56	131	1.24637
56	146	0.557797
56	148	0.588729
56	156	0.608451
56	174	0.568812
56	178	0.517464
56	180	0.561799
57	54	1.419
57	73	1.26146
57	100	1.42272
57	103	1.32738
57	106	1.36866
57	107	1.38453
57	110	1.34652
57	112	1.3465
57	127	0.443556
57	133	0.495731
57	139	0.489214
57	143	0.461867
57	147	0.512296
57	151	1.34465
57	162	0.488189
57	168	0.506354
57	178	1.37836
58	6	0.608395
58	40	1.42426
58	56	1.27102
58	61	0.470681
58	70	1.41232
58	99	1.4096
58	120	1.36236
58	122	1.33157
58	124	1.31228
58	127	0.425913
58	129	1.36211
58	131	1.36174
58	142	1.35285
58	158	0.508087
58	177	0.466527
58	178	0.4307
58	179	0.491672
59	30	0.506911
59	68	1.45866
59	75	1.41297
59	98	0.504169
59	101	0.515537
59	121	1.39281
59	138	1.31549
59	139	1.32994
59	152	1.32966
59	153	1.33804
59	154	0.485403
59	159	0.459793
59	165	1.36325
59	172	1.33045
59	173	0.480901
59	177	1.3287
59	180	0.454156
60	8	0.460658
60	9	1.41784
60	67	1.33329
60	69	1.33401
60	78	1.29353
60	84	1.31652
60	91	1.38248
60	97	1.38742
60	147	0.503421
60	148	0.510733
60	151	0.489406
60	166	1.35998
60	171	1.40239
60	173	0.510548
60	174	0.490816
60	176	1.37258
60	178	0.439468
61	52	0.514533
61	58	0.470681
61	99	0.475006
61	112	0.481311
61	119	0.495053
61	120	0.489698
61	134	0.469151
61	139	1.34989
61	149	1.37733
61	159	1.35359
61	161	1.35766
61	163	1.35429
61	170	1.32663
61	175	1.38212
61	177	1.34865
61	179	1.37169
61	180	1.37858
62	47	0.538934
62	73	0.564548
62	78	0.573175
62	83	0.429072
62	116	1.30025
62	147	1.31538
62	154	1.29188
62	155	0.515629
62	160	1.31967
62	161	1.30049
62	169	1.3032
62	172	0.501791
62	173	1.29315
62	174	1.31544
62	175	1.32494
62	178	0.472289
62	179	1.31451
62	180	1.32141
63	45	0.456736
63	71	0.429611
63	108	1.47495
63	123	0.394701
63	131	0.483746
63	144	0.444613
63	147	1.43997
63	149	0.461908
63	150	1.43433
63	154	1.41647
63	155	0.461272
63	167	0.459533
63	169	1.42779
63	171	1.4638
63	173	1.41774
63	174	1.44003
63	179	1.4391
63	180	1.446
64	13	0.466409
64	40	0.501352
64	79	1.30697
64	90	0.533318
64	137	0.535071
64	144	0.528262
64	148	1.30505
64	150	1.30815
64	153	0.527097
64	156	1.29155
64	160	1.31807
64	161	1.29889
64	169	1.30161
64	174	1.31385
64	175	1.32335
64	178	0.501581
64	179	1.31292
64	180	1.31981
65	9	0.481594
65	10	0.495195
65	87	0.548763
65	121	1.36196
65	141	1.31899
65	144	1.32337
65	155	1.28986
65	160	0.521264
65	162	1.29306
65	164	1.29073
65	165	1.3324
65	167	1.31655
65	168	0.516955
65	169	0.523114
65	170	1.27583
65	172	1.2996
65	177	1.29784
65	179	0.519916
66	51	0.502748
66	126	1.32335
66	141	1.3239
66	152	1.30371
66	153	1.31209
66	155	1.29477
66	156	0.544666
66	158	0.531066
66	163	0.508412
66	164	1.29564
66	165	1.3373
66	167	1.32145
66	170	1.28073
66	172	1.3045
66	174	0.505027
66	177	1.30275
66	179	0.514651
66	180	0.498014
67	17	1.27832
67	32	1.37221
67	53	1.39921
67	60	1.33329
67	78	1.2224
67	83	0.426797
67	84	1.2454
67	91	1.31136
67	97	1.3163
67	116	0.540863
67	122	0.538667
67	129	0.522328
67	134	0.496905
67	166	1.28886
67	169	0.534183
67	171	1.33127
67	173	0.541093
67	176	1.30146
68	17	0.464271
68	52	0.459786
68	59	1.45866
68	109	0.439379
68	111	1.4537
68	126	1.45545
68	128	0.441235
68	138	1.42163
68	155	1.42686
68	156	0.4785
68	160	0.449832
68	162	1.43006
68	163	0.442245
68	165	1.4694
68	170	1.41283
68	172	1.4366
68	177	1.43484
68	180	0.431848
69	9	1.34744
69	32	1.37294
69	60	1.33401
69	78	1.22313
69	84	1.24612
69	91	1.31209
69	95	0.517112
69	97	1.31702
69	109	1.32344
69	115	0.522152
69	135	0.476791
69	148	0.540751
69	164	0.509401
69	166	1.28959
69	168	0.527497
69	171	1.33199
69	176	1.30219
69	180	0.513821
70	40	1.45019
70	43	1.29118
70	46	0.473801
70	50	1.38377
70	56	1.29695
70	58	1.41232
70	91	0.463539
70	94	1.40131
70	99	1.43553
70	115	0.470651
70	120	1.38829
70	122	1.3575
70	128	1.40386
70	142	1.37878
70	154	0.493567
70	158	0.495372
70	166	0.465027
70	174	0.469333
70	175	0.473474
71	14	1.41208
71	63	0.429611
71	74	0.451784
71	101	0.519676
71	102	0.518261
71	128	0.467681
71	132	0.464527
71	138	1.35633
71	141	1.39069
71	162	1.36476
71	164	1.36243
71	167	1.38824
71	170	1.34753
71	171	1.41729
71	172	1.37129
71	173	0.485039
71	176	0.471059
71	177	1.36954
71	178	1.41999
72	54	0.443851
72	76	0.526505
72	102	1.22075
72	118	1.27328
72	119	0.586562
72	140	1.2511
72	141	0.571386
72	143	0.547293
72	147	1.27523
72	154	1.25173
72	159	0.583741
72	161	1.26034
72	171	1.29906
72	173	1.253
72	174	1.27529
72	175	1.28479
72	178	0.533769
72	179	1.27437
72	180	1.28126
73	10	0.53079
73	33	1.15271
73	47	1.25274
73	51	0.543608
73	54	1.32953
73	57	1.26146
73	62	0.564548
73	100	1.33325
73	103	1.23791
73	106	1.27919
73	107	1.29506
73	110	1.25705
73	111	0.533828
73	112	1.25703
73	128	0.548261
73	151	1.25518
73	164	0.534454
73	174	0.545887
73	178	1.28889
74	71	0.451784
74	130	0.493924
74	140	1.36494
74	142	0.497575
74	143	0.453628
74	150	1.38343
74	153	0.465621
74	154	1.36556
74	157	0.473532
74	160	1.39336
74	162	0.47995
74	165	0.477657
74	168	1.38423
74	169	1.37689
74	173	1.36684
74	175	1.39863
74	176	1.38309
74	179	1.3882
74	180	1.39509
75	2	1.26216
75	38	0.523458
75	59	1.41297
75	79	0.473161
75	89	1.36387
75	103	0.452084
75	108	0.446658
75	113	0.520685
75	149	0.449362
75	152	1.39012
75	155	1.38118
75	164	1.38205
75	165	1.42371
75	168	0.463395
75	170	1.36715
75	171	1.4369
75	172	1.39091
75	173	0.476465
75	177	1.38916
76	6	0.572711
76	72	0.526505
76	90	1.40262
76	105	0.453097
76	121	1.43253
76	125	1.40454
76	128	0.448738
76	155	1.36043
76	162	1.36363
76	164	1.3613
76	165	1.40297
76	167	1.38712
76	170	1.3464
76	172	1.37017
76	173	0.466095
76	174	0.446364
76	176	0.452116
76	177	1.36841
76	180	0.439351
77	40	0.516178
77	96	1.1963
77	118	1.27614
77	126	0.546609
77	136	0.54653
77	144	0.543088
77	148	1.26936
77	150	1.27245
77	154	1.25459
77	156	1.25586
77	160	1.28238
77	167	0.558007
77	169	1.26591
77	170	0.568048
77	174	1.27815
77	175	1.28765
77	178	0.516406
77	179	1.27723
77	180	1.28412
78	9	1.30695
78	17	1.23856
78	21	0.538408
78	53	1.35945
78	60	1.29353
78	62	0.573175
78	67	1.2224
78	69	1.22313
78	84	1.20564
78	91	1.2716
78	97	1.27654
78	118	0.567764
78	123	0.479936
78	130	0.556986
78	164	0.543081
78	166	1.2491
78	171	1.29151
78	176	1.2617
78	177	0.538992
79	4	0.493431
79	36	0.480595
79	64	1.30697
79	75	0.473161
79	89	0.523258
79	113	1.2562
79	122	0.538709
79	136	0.50018
79	147	1.3459
79	152	0.516483
79	156	1.32366
79	160	1.35018
79	161	1.331
79	169	1.33372
79	171	1.36973
79	174	1.34596
79	176	1.33992
79	178	0.470056
79	179	1.34503
79	180	1.35192
80	36	1.40024
80	46	0.50641
80	82	0.526916
80	85	1.28649
80	101	0.556311
80	112	0.489645
80	130	1.32377
80	136	1.36277
80	138	0.491388
80	145	1.2898
80	146	1.33373
80	149	1.34584
80	157	1.34477
80	158	1.30034
80	159	1.3221
80	163	1.3228
80	167	0.492196
80	171	0.457368
80	172	0.480096
80	178	1.36761
81	35	0.55495
81	44	0.497493
81	51	1.32803
81	82	1.32515
81	90	0.483335
81	125	0.495842
81	126	0.481801
81	133	0.498985
81	147	1.34225
81	156	1.32002
81	158	0.528984
81	161	1.32735
81	166	1.32367
81	169	1.33007
81	173	1.32002
81	174	1.34231
81	175	1.35181
81	178	0.451597
81	179	1.34138
81	180	1.34827
82	17	0.55536
82	44	0.524496
82	54	0.388683
82	80	0.526916
82	81	1.32515
82	83	0.435385
82	94	1.34145
82	99	1.37567
82	130	0.532421
82	131	1.32781
82	141	1.33285
82	142	1.31891
82	144	1.33723
82	149	0.522577
82	157	0.512029
82	161	1.32072
82	167	1.33041
82	172	1.31346
82	179	1.33475
82	180	1.34164
83	2	0.544674
83	62	0.429072
83	67	0.426797
83	82	0.435385
83	117	1.39577
83	118	0.423661
83	130	1.39533
83	136	1.43433
83	145	1.36137
83	146	1.40529
83	147	0.423016
83	149	1.41741
83	157	1.41634
83	158	1.3719
83	159	1.39366
83	163	1.39436
83	165	0.396615
83	168	1.40779
83	170	0.410706
83	171	0.711458
83	176	1.40666
84	9	1.32995
84	15	0.608548
84	17	1.26156
84	32	1.35545
84	53	1.38245
84	60	1.31652
84	67	1.2454
84	69	1.24612
84	78	1.20564
84	91	1.2946
84	97	1.29953
84	109	1.30595
84	113	0.572996
84	138	0.498489
84	143	0.471219
84	150	0.516694
84	152	0.504122
84	162	0.49754
84	166	1.2721
84	173	0.528775
84	176	1.2847
85	23	0.547914
85	28	0.529727
85	46	0.53226
85	55	1.38871
85	80	1.28649
85	104	0.5018
85	114	1.27374
85	130	1.28083
85	132	1.29187
85	136	1.31983
85	139	0.517315
85	145	1.24687
85	146	1.29079
85	149	1.30291
85	157	1.30184
85	158	1.2574
85	159	1.27916
85	163	1.27986
85	164	0.516359
85	166	0.523486
85	175	0.531933
86	90	0.441419
86	114	1.38535
86	131	0.475497
86	132	1.40348
86	136	1.43144
86	140	0.489308
86	145	1.35848
86	146	1.4024
86	149	1.41452
86	154	0.485264
86	157	1.41345
86	158	1.36901
86	159	1.39077
86	160	0.472002
86	161	0.488737
86	163	1.39147
86	169	0.473852
86	170	0.461325
86	171	0.416456
86	176	1.40376
86	178	1.43628
87	40	0.491871
87	65	0.548763
87	90	0.523836
87	93	1.22637
87	115	1.31019
87	129	0.544414
87	139	0.532969
87	140	1.27801
87	143	0.505623
87	147	1.30214
87	150	1.2965
87	153	0.517615
87	160	1.30642
87	161	1.28724
87	169	1.28996
87	173	1.27991
87	174	1.3022
87	175	1.3117
87	177	0.527925
87	179	1.30127
87	180	1.30816
88	36	0.418765
88	115	0.460893
88	116	0.479077
88	117	0.468333
88	139	1.39609
88	141	1.416
88	144	1.42038
88	152	1.39581
88	155	1.38687
88	156	0.499214
88	161	0.487281
88	162	1.39007
88	164	1.38774
88	165	1.4294
88	167	1.41355
88	169	0.472396
88	170	1.37284
88	172	1.3966
88	174	0.459575
88	176	0.465327
88	177	1.39485
89	42	0.575454
89	75	1.36387
89	79	0.523258
89	111	1.29845
89	116	0.526331
89	117	0.515587
89	133	1.26638
89	144	1.30513
89	147	0.519434
89	150	0.51448
89	153	1.28894
89	155	1.27162
89	162	1.27482
89	164	1.27249
89	165	1.31415
89	166	1.28494
89	167	1.2983
89	168	0.513492
89	169	0.519651
89	172	1.28135
89	177	1.2796
90	31	1.43124
90	64	0.533318
90	76	1.40262
90	81	0.483335
90	86	0.441419
90	87	0.523836
90	130	0.487837
90	133	1.32587
90	136	0.464141
90	139	1.34033
90	141	1.36024
90	144	1.36462
90	151	0.483955
90	152	1.34005
90	155	1.33111
90	160	0.496336
90	162	1.33431
90	164	1.33198
90	167	1.35779
90	172	1.34084
90	175	0.489505
90	177	1.33909
91	9	1.39591
91	17	1.32752
91	32	1.42141
91	36	0.458372
91	53	1.44841
91	60	1.38248
91	67	1.31136
91	69	1.31209
91	70	0.463539
91	78	1.2716
91	84	1.2946
91	97	1.36549
91	108	0.489107
91	160	0.510153
91	165	0.485386
91	166	1.33806
91	171	1.38047
91	173	0.518914
91	175	0.503322
91	176	1.35066
91	177	0.483661
91	180	0.492169
92	1	0.45912
92	55	1.44732
92	114	1.33235
92	130	1.33944
92	132	1.35048
92	136	1.37844
92	140	0.513797
92	145	1.30547
92	146	1.3494
92	147	0.498123
92	149	1.36151
92	157	1.36044
92	158	1.31601
92	159	1.33777
92	161	0.513225
92	163	1.33847
92	165	0.471723
92	167	0.475772
92	169	0.49834
92	174	0.485519
92	175	0.489659
92	178	1.38328
93	7	0.657449
93	25	0.570716
93	37	0.514474
93	87	1.22637
93	102	1.22246
93	113	1.18725
93	123	0.487299
93	137	0.54402
93	140	1.25281
93	143	0.524053
93	146	0.550862
93	150	1.27131
93	156	1.25471
93	157	0.543957
93	160	1.28123
93	161	1.26205
93	169	1.26477
93	173	1.25472
93	174	1.277
93	175	1.2865
93	179	1.27608
93	180	1.28297
94	3	1.39716
94	20	1.32499
94	70	1.40131
94	82	1.34145
94	105	1.35075
94	107	0.480405
94	119	1.34562
94	120	1.35135
94	121	0.471536
94	124	1.30128
94	127	0.454075
94	129	1.3511
94	131	1.35074
94	134	1.38874
94	142	1.34184
94	150	0.51786
94	151	0.5088
94	153	0.484378
94	155	0.502203
94	168	1.3537
94	171	0.465635
94	176	0.515962
95	12	1.38851
95	47	0.516552
95	55	0.451985
95	69	0.517112
95	101	1.29906
95	118	1.36178
95	131	0.515721
95	140	1.33961
95	143	0.46343
95	146	0.490239
95	150	1.3581
95	156	1.3415
95	159	0.499878
95	161	1.34884
95	162	0.489751
95	169	1.35156
95	173	1.34151
95	174	1.3638
95	175	1.3733
95	178	0.449906
95	179	1.36287
95	180	1.36976
96	24	0.590155
96	77	1.1963
96	98	1.2438
96	99	0.549832
96	106	0.530536
96	116	1.25579
96	123	0.493856
96	145	0.572029
96	146	0.557419
96	148	1.26219
96	154	1.24742
96	156	1.24869
96	160	1.27521
96	169	1.25874
96	172	0.546588
96	173	1.24869
96	174	1.27098
96	175	1.28048
96	176	1.26494
96	177	0.552913
96	179	1.27006
96	180	1.27695
97	17	1.33246
97	32	1.42635
97	53	1.45334
97	60	1.38742
97	67	1.3163
97	69	1.31702
97	78	1.27654
97	84	1.29953
97	91	1.36549
97	104	1.34145
97	124	0.541013
97	132	0.48777
97	137	0.470693
97	159	0.487174
97	162	0.477047
97	166	1.34299
97	170	0.488845
97	171	1.3854
97	173	0.508282
97	176	1.35559
97	178	0.437202
97	179	0.498174
98	54	0.406709
98	59	0.504169
98	96	1.2438
98	112	0.535678
98	116	1.31046
98	118	1.32364
98	123	0.473397
98	139	0.537498
98	140	1.30146
98	147	1.32559
98	149	0.540604
98	160	1.32988
98	161	1.3107
98	162	0.536472
98	168	1.32075
98	169	1.31341
98	172	0.526129
98	173	1.30336
98	174	1.32565
98	175	1.33515
98	177	0.532454
98	179	1.32473
98	180	1.33162
99	15	1.24112
99	43	1.28846
99	48	1.37868
99	52	1.38507
99	58	1.4096
99	61	0.475006
99	70	1.43553
99	82	1.37567
99	96	0.549832
99	105	1.38498
99	119	1.37984
99	124	1.3355
99	128	1.40114
99	129	1.38532
99	134	1.42296
99	135	0.44233
99	138	0.475819
99	142	1.37606
99	150	0.494023
99	157	0.468453
99	167	0.476627
99	171	0.441799
99	174	0.486373
99	176	0.492125
100	2	0.583965
100	26	1.42635
100	30	0.495445
100	33	1.31397
100	47	1.414
100	54	1.49079
100	57	1.42272
100	73	1.33325
100	103	1.39917
100	106	1.44045
100	107	1.45632
100	110	1.41831
100	112	1.41829
100	135	0.405659
100	148	0.469619
100	151	1.41644
100	165	0.435907
100	166	0.445396
100	172	0.427856
100	174	0.449702
100	176	0.455454
100	177	0.434181
100	178	1.45015
101	32	0.501624
101	59	0.515537
101	71	0.519676
101	80	0.556311
101	95	1.29906
101	106	0.521446
101	117	1.27117
101	126	0.538199
101	133	0.555384
101	140	1.26391
101	148	1.2793
101	150	1.2824
101	154	1.26453
101	156	1.2658
101	160	1.29232
101	161	1.27314
101	162	0.547841
101	169	1.27586
101	172	0.537498
101	173	1.26581
101	174	1.2881
101	175	1.2976
101	179	1.28717
101	180	1.29406
102	11	0.538497
102	36	0.51712
102	45	0.545386
102	71	0.518261
102	72	1.22075
102	93	1.22246
102	113	1.20853
102	116	1.2831
102	127	1.3555
102	138	0.547375
102	148	1.28949
102	154	1.27472
102	156	1.276
102	157	0.540009
102	160	1.30251
102	161	1.28333
102	164	0.546496
102	172	0.536083
102	173	1.276
102	174	1.29829
102	175	1.30779
102	178	0.506581
102	179	1.29736
102	180	1.30425
103	12	0.487481
103	15	0.599831
103	26	1.33101
103	33	1.21863
103	44	0.494873
103	47	1.31866
103	54	1.39545
103	57	1.32738
103	73	1.23791
103	75	0.452084
103	100	1.39917
103	106	1.34511
103	107	1.36098
103	110	1.32297
103	112	1.32296
103	115	1.33632
103	123	1.40749
103	143	0.462502
103	145	0.503921
103	147	0.512931
103	151	1.32111
103	161	0.528033
103	163	0.503711
103	171	0.455752
103	178	1.35481
104	7	0.574555
104	33	0.552384
104	53	1.42436
104	85	0.5018
104	97	1.34145
104	105	0.485716
104	110	0.469839
104	142	0.485106
104	145	0.482578
104	146	0.467968
104	148	1.32386
104	149	0.471612
104	152	1.30964
104	158	0.505022
104	164	1.30157
104	165	1.34323
104	166	1.31401
104	167	1.32738
104	170	1.28667
104	171	1.35642
104	174	1.33265
104	175	1.34215
104	176	1.32661
104	179	1.33173
104	180	1.33862
105	23	0.531831
105	38	1.2571
105	48	1.33084
105	52	1.33723
105	56	1.24639
105	76	0.453097
105	94	1.35075
105	99	1.38498
105	104	0.485716
105	119	1.332
105	122	1.30695
105	129	1.33748
105	131	1.33712
105	134	1.37512
105	135	0.467665
105	137	1.35332
105	140	0.539987
105	142	1.32822
105	143	1.38236
105	154	0.535943
105	163	0.515094
105	167	0.501962
105	168	1.34008
105	174	0.511709
105	178	0.460361
106	26	1.37229
106	31	0.430659
106	33	1.25991
106	47	1.35994
106	54	1.43673
106	57	1.36866
106	73	1.27919
106	96	0.530536
106	100	1.44045
106	101	0.521446
106	103	1.34511
106	107	1.40226
106	110	1.36425
106	112	1.36423
106	118	0.480328
106	123	1.44877
106	128	0.469452
106	136	0.445854
106	151	1.36238
106	152	0.462156
106	156	0.506717
106	173	0.486809
106	175	0.471218
106	178	1.39609
107	26	1.38816
107	33	1.27578
107	47	1.37581
107	54	1.4526
107	57	1.38453
107	73	1.29506
107	94	0.480405
107	100	1.45632
107	103	1.36098
107	106	1.40226
107	108	0.465095
107	110	1.38012
107	112	1.3801
107	115	1.39347
107	123	1.46464
107	126	0.454026
107	128	0.477544
107	148	0.495087
107	151	1.37826
107	157	0.45725
107	168	0.481833
107	172	0.453324
107	174	0.47517
107	176	0.480922
107	178	1.41196
107	179	0.484794
108	24	0.516622
108	37	0.447498
108	63	1.47495
108	75	0.446658
108	91	0.489107
108	107	0.465095
108	123	0.420323
108	141	0.48117
108	146	0.483885
108	148	1.37895
108	149	0.487529
108	150	1.38205
108	151	1.38052
108	154	1.36418
108	156	1.36546
108	157	0.47698
108	160	1.39198
108	161	1.37279
108	168	1.38285
108	169	1.37551
108	173	1.36546
108	174	1.38775
108	175	1.39725
108	177	0.479379
108	179	1.38682
108	180	1.39371
109	17	1.33887
109	25	0.514333
109	26	0.482488
109	29	0.530095
109	40	0.453918
109	68	0.439379
109	69	1.32344
109	84	1.30595
109	129	0.506461
109	145	1.31672
109	149	1.37276
109	154	1.34448
109	157	1.37169
109	158	1.32725
109	161	1.35309
109	163	1.34971
109	164	0.494061
109	167	0.495747
109	169	1.35581
109	170	0.505788
109	171	1.39182
109	172	0.483648
109	173	1.34576
109	176	1.36201
109	177	0.489973
109	179	1.36712
109	180	1.37401
110	26	1.35015
110	33	1.23777
110	45	1.33201
110	46	0.500299
110	47	1.3378
110	54	1.41459
110	57	1.34652
110	73	1.25705
110	100	1.41831
110	103	1.32297
110	104	0.469839
110	106	1.36425
110	107	1.38012
110	112	1.34209
110	115	1.35546
110	123	1.42663
110	134	0.471374
110	135	0.451788
110	138	0.485277
110	141	0.4821
110	150	0.503482
110	151	1.34025
110	158	0.52187
110	168	0.502494
110	170	0.496126
110	173	0.515563
110	178	1.37395
111	8	1.38568
111	19	1.50514
111	22	0.413149
111	32	0.435197
111	42	0.561541
111	68	1.4537
111	73	0.533828
111	89	1.29845
111	116	0.512419
111	130	0.495389
111	133	1.31052
111	141	1.34489
111	146	0.481902
111	152	1.3247
111	155	1.31576
111	157	0.474997
111	162	1.31896
111	164	1.31663
111	165	1.35829
111	167	1.34244
111	170	1.30172
111	172	1.32549
111	174	0.492917
111	176	0.498669
111	177	1.32374
111	178	1.37419
111	179	0.502541
112	26	1.35013
112	33	1.23776
112	45	1.33199
112	47	1.33779
112	54	1.41457
112	57	1.3465
112	61	0.481311
112	73	1.25703
112	80	0.489645
112	98	0.535678
112	100	1.41829
112	103	1.32296
112	106	1.36423
112	107	1.3801
112	110	1.34209
112	113	0.556631
112	115	1.35545
112	123	1.42661
112	127	0.436543
112	141	0.478948
112	142	0.498802
112	151	1.34023
112	162	0.481176
112	171	0.448104
112	174	0.492679
112	178	1.37393
112	179	0.502303
113	42	1.17074
113	75	0.520685
113	79	1.2562
113	84	0.572996
113	93	1.18725
113	102	1.20853
113	112	0.556631
113	116	1.24789
113	147	1.26302
113	148	1.25428
113	154	1.23951
113	155	0.560921
113	156	1.24079
113	157	0.551008
113	158	0.594967
113	160	1.26731
113	161	1.24812
113	162	0.557425
113	163	0.572313
113	165	0.555132
113	168	1.25818
113	169	1.25084
113	173	1.24079
113	174	1.26308
113	175	1.27258
113	177	0.553407
113	179	1.26215
113	180	1.26904
114	24	1.27567
114	26	0.492381
114	30	1.29284
114	85	1.27374
114	86	1.38535
114	92	1.33235
114	118	0.528637
114	129	0.516354
114	130	1.31102
114	132	1.32206
114	136	1.35002
114	143	1.36576
114	145	1.27706
114	146	1.32098
114	148	0.535304
114	149	1.3331
114	151	1.32116
114	153	0.489555
114	157	1.33203
114	158	1.28759
114	159	1.30935
114	161	0.543093
114	163	1.31005
114	164	0.503954
114	169	0.528208
114	171	0.470812
114	172	0.493541
114	177	0.499866
115	28	0.508229
115	69	0.522152
115	70	0.470651
115	87	1.31019
115	88	0.460893
115	103	1.33632
115	107	1.39347
115	110	1.35546
115	112	1.35545
115	125	0.49919
115	138	0.495739
115	144	0.481627
115	145	1.3095
115	153	0.480462
115	157	1.36447
115	158	1.32003
115	159	1.34179
115	163	1.34249
115	165	0.492497
115	167	0.496547
115	169	1.34859
115	172	0.484447
115	173	1.33853
115	175	1.37032
115	178	1.3873
115	179	1.3599
115	180	1.36679
116	10	1.36259
116	39	0.50533
116	62	1.30025
116	67	0.540863
116	88	0.479077
116	89	0.526331
116	96	1.25579
116	98	1.31046
116	102	1.2831
116	111	0.512419
116	113	1.24789
116	118	1.33563
116	122	0.541783
116	123	0.449899
116	140	1.31345
116	141	0.510746
116	142	0.5306
116	150	1.33194
116	154	1.31408
116	156	1.31535
116	160	1.34187
116	161	1.32269
116	170	0.524772
116	174	1.33764
116	175	1.34714
116	178	0.473129
116	179	1.33672
116	180	1.34361
117	19	0.429363
117	25	0.522572
117	27	1.29252
117	33	0.587134
117	40	1.39056
117	46	1.3242
117	83	1.39577
117	88	0.468333
117	89	0.515587
117	101	1.27117
117	119	1.32293
117	121	0.475059
117	124	1.27858
117	126	0.492588
117	127	1.39313
117	131	1.32805
117	139	0.503256
117	142	1.31915
117	146	1.32851
117	149	1.34062
117	155	0.505726
117	159	1.31688
117	162	0.50223
117	172	0.491887
117	173	1.31362
117	175	1.34541
117	177	0.498212
117	178	1.36239
117	179	1.33499
117	180	1.34188
118	4	0.490252
118	21	1.3022
118	72	1.27328
118	77	1.27614
118	78	0.567764
118	83	0.423661
118	95	1.36178
118	98	1.32364
118	106	0.480328
118	114	0.528637
118	116	1.33563
118	126	0.497081
118	143	0.480402
118	148	1.34202
118	150	1.34512
118	154	1.32726
118	156	1.32853
118	158	0.544265
118	160	1.35505
118	162	0.506723
118	165	0.50443
118	169	1.33858
118	173	1.32853
118	174	1.35082
118	175	1.36032
118	176	1.34478
118	177	0.502704
118	178	0.466878
118	179	1.34989
118	180	1.35678
119	20	1.30624
119	38	1.25197
119	40	1.3945
119	52	1.3321
119	61	0.495053
119	72	0.586562
119	94	1.34562
119	99	1.37984
119	105	1.332
119	117	1.32293
119	120	1.3326
119	121	0.467746
119	122	1.30182
119	124	1.28253
119	127	0.450285
119	129	1.33235
119	131	1.33199
119	134	1.36998
119	135	0.462377
119	137	1.34819
119	142	1.32309
119	143	1.37723
119	150	0.514071
119	151	0.50501
119	152	0.501499
119	166	0.502114
119	168	1.33495
119	175	0.510561
119	176	0.512172
119	180	0.499408
120	3	1.38414
120	20	1.31196
120	27	1.30219
120	43	1.24122
120	56	1.24699
120	58	1.36236
120	61	0.489698
120	70	1.38829
120	94	1.35135
120	119	1.3326
120	122	1.30754
120	124	1.28825
120	125	0.493962
120	128	1.3539
120	129	1.33808
120	131	1.33772
120	134	1.37571
120	136	0.479842
120	137	1.35392
120	143	1.38296
120	144	0.476399
120	154	0.525299
120	158	0.527104
120	161	0.528772
120	163	0.50445
120	166	0.496759
120	168	1.34068
120	169	0.513887
120	171	0.456491
120	179	0.510689
121	4	1.41141
121	12	0.453456
121	28	1.33344
121	30	0.512044
121	39	0.447154
121	59	1.39281
121	65	1.36196
121	76	1.43253
121	94	0.471536
121	117	0.475059
121	119	0.467746
121	124	0.518764
121	125	1.40513
121	126	1.38961
121	138	1.35579
121	139	1.37025
121	140	0.494579
121	141	1.39015
121	144	1.39453
121	153	1.37834
121	155	1.36102
121	164	1.36189
121	166	1.37434
121	168	0.472964
121	170	1.34699
121	172	1.37075
121	173	0.486033
121	176	0.472053
121	177	1.369
121	179	0.475925
121	180	0.459289
122	11	1.34937
122	27	1.2714
122	28	0.524216
122	45	1.29933
122	48	1.30065
122	50	1.30303
122	52	1.30704
122	56	1.2162
122	58	1.33157
122	67	0.538667
122	70	1.3575
122	79	0.538709
122	105	1.30695
122	116	0.541783
122	119	1.30182
122	120	1.30754
122	124	1.25747
122	127	0.466145
122	128	1.32311
122	129	1.30729
122	131	1.30693
122	133	0.518321
122	134	1.34493
122	135	0.478237
122	142	1.29803
122	147	0.534885
122	152	0.51736
122	154	0.546515
122	168	1.3099
122	175	0.526421
122	178	0.470933
123	14	1.45056
123	43	0.525916
123	63	0.394701
123	78	0.479936
123	93	0.487299
123	96	0.493856
123	98	0.473397
123	103	1.40749
123	106	1.44877
123	107	1.46464
123	108	0.420323
123	110	1.42663
123	112	1.42661
123	116	0.449899
123	124	0.48286
123	130	1.41463
123	150	0.438048
123	153	1.41736
123	157	1.43563
123	158	1.3912
123	159	1.41296
123	161	0.458104
123	163	1.41366
123	164	1.40091
123	168	1.42709
123	169	0.443219
123	170	1.386
123	172	1.40977
123	175	0.434538
123	177	1.40802
123	178	1.45847
123	180	0.423385
124	11	1.33008
124	20	1.26189
124	27	1.25211
124	38	1.20762
124	40	1.35015
124	43	1.19114
124	50	1.28374
124	56	1.19691
124	58	1.31228
124	94	1.30128
124	97	0.541013
124	99	1.3355
124	117	1.27858
124	119	1.28253
124	120	1.28825
124	121	0.518764
124	122	1.25747
124	123	0.48286
124	129	1.288
124	131	1.28764
124	132	0.556658
124	134	1.32564
124	135	0.513395
124	142	1.27874
124	162	0.545935
124	164	0.546005
124	166	0.553132
124	168	1.29061
124	171	0.512864
124	175	0.561579
124	176	0.56319
124	178	0.50609
125	15	1.21328
125	25	1.32103
125	28	1.30546
125	54	0.356606
125	76	1.40454
125	81	0.495842
125	115	0.49919
125	120	0.493962
125	121	1.40513
125	126	1.36162
125	133	1.32779
125	144	1.36654
125	147	0.510477
125	152	1.34197
125	153	1.35036
125	154	0.522106
125	155	1.33303
125	161	0.525579
125	162	1.33623
125	164	1.3339
125	165	1.37557
125	167	1.35972
125	168	0.504535
125	171	1.38876
125	172	1.34277
125	174	0.497872
125	175	0.502013
125	176	0.503624
125	177	1.34101
125	178	1.39146
125	179	0.507496
125	180	0.490859
126	16	0.465219
126	22	0.404063
126	33	0.557232
126	37	1.41653
126	66	1.32335
126	68	1.45545
126	77	0.546609
126	81	0.481801
126	101	0.538199
126	107	0.454026
126	117	0.492588
126	118	0.497081
126	121	1.38961
126	125	1.36162
126	128	0.486205
126	137	1.3578
126	138	1.31228
126	139	1.32674
126	141	1.34664
126	148	0.503748
126	152	1.32645
126	153	1.33483
126	155	1.31751
126	162	1.32071
126	163	0.487216
126	164	1.31838
126	165	1.36004
126	168	0.490493
126	170	1.30348
126	172	1.32724
126	177	1.32549
126	178	1.37594
127	3	0.800875
127	4	1.42849
127	18	1.2169
127	28	1.35052
127	40	0.397264
127	47	0.464138
127	48	0.460959
127	50	0.466091
127	53	0.414896
127	57	0.443556
127	58	0.425913
127	94	0.454075
127	102	1.3555
127	112	0.436543
127	117	1.39313
127	119	0.450285
127	122	0.466145
127	131	0.463307
127	142	0.454963
127	150	1.40435
127	154	1.38649
127	157	1.41369
127	158	1.36926
127	163	1.39172
127	165	1.42063
127	167	1.40478
127	172	1.38783
127	174	1.41005
127	175	1.41955
127	177	1.38608
127	178	1.43653
127	179	1.40912
127	180	1.41602
128	22	1.49789
128	31	0.470931
128	34	1.25632
128	49	1.33973
128	68	0.441235
128	70	1.40386
128	71	0.467681
128	73	0.548261
128	76	0.448738
128	99	1.40114
128	106	0.469452
128	107	0.477544
128	120	1.3539
128	122	1.32311
128	126	0.486205
128	129	1.35365
128	132	1.35483
128	134	1.39128
128	135	1.36769
128	139	0.496872
128	142	1.34439
128	151	1.35392
128	152	0.502428
128	157	1.36479
128	158	1.32036
128	159	1.34212
128	162	0.495847
128	163	1.34282
128	164	0.495916
128	170	0.507644
128	172	0.485503
128	174	1.36115
128	179	1.36022
128	180	1.36712
129	11	1.3799
129	20	1.31171
129	30	1.30978
129	40	1.39998
129	43	1.24096
129	48	1.33118
129	50	1.33356
129	52	1.33758
129	56	1.24674
129	58	1.36211
129	67	0.522328
129	87	0.544414
129	94	1.3511
129	99	1.38532
129	105	1.33748
129	109	0.506461
129	114	0.516354
129	119	1.33235
129	120	1.33808
129	122	1.30729
129	124	1.288
129	128	1.35365
129	131	1.33747
129	134	1.37546
129	135	0.461899
129	157	0.488022
129	159	0.504566
129	166	0.501636
129	167	0.496196
129	168	1.34043
129	170	0.506237
129	171	0.461368
129	173	0.525674
129	176	0.511694
129	178	0.454594
130	12	0.494602
130	24	1.28276
130	39	1.39633
130	51	0.505169
130	74	0.493924
130	78	0.556986
130	80	1.32377
130	82	0.532421
130	83	1.39533
130	85	1.28083
130	90	0.487837
130	92	1.33944
130	111	0.495389
130	114	1.31102
130	123	1.41463
130	132	1.32915
130	134	0.482991
130	136	1.35711
130	141	0.493717
130	145	1.28415
130	146	1.32807
130	149	1.34018
130	150	0.515098
130	151	1.32824
130	157	1.33911
130	158	1.29468
130	159	1.31644
130	163	1.31714
130	168	1.33057
130	171	0.462873
130	172	0.485601
130	176	1.32943
130	177	0.491926
130	178	1.36195
130	180	0.500435
131	11	1.37954
131	27	1.30157
131	38	1.25708
131	40	1.39962
131	45	1.32951
131	56	1.24637
131	58	1.36174
131	63	0.483746
131	82	1.32781
131	86	0.475497
131	94	1.35074
131	95	0.515721
131	105	1.33712
131	117	1.32805
131	119	1.33199
131	120	1.33772
131	122	1.30693
131	124	1.28764
131	127	0.463307
131	129	1.33747
131	134	1.3751
131	135	0.475399
131	137	1.35331
131	142	1.32821
131	143	1.38234
131	151	0.518032
131	152	0.514521
131	166	0.515136
131	167	0.509696
131	168	1.34007
131	172	0.497596
131	176	0.525194
131	178	0.468094
131	179	0.529067
131	180	0.51243
132	4	0.476222
132	18	1.15336
132	34	1.24169
132	44	1.33963
132	51	0.501917
132	55	1.43703
132	71	0.464527
132	85	1.29187
132	86	1.40348
132	92	1.35048
132	97	0.48777
132	114	1.32206
132	124	0.556658
132	128	1.35483
132	130	1.32915
132	136	1.36815
132	140	0.532473
132	143	1.38389
132	145	1.29519
132	146	1.33911
132	149	1.35122
132	157	1.35015
132	158	1.30572
132	160	0.515167
132	163	1.32818
132	165	0.4904
132	167	0.494449
132	168	1.34161
132	169	0.517017
132	171	0.459621
132	174	0.504195
132	175	0.508336
132	176	1.34047
132	178	1.37299
132	180	0.497183
133	8	1.35361
133	14	1.33421
133	57	0.495731
133	81	0.498985
133	89	1.26638
133	90	1.32587
133	101	0.555384
133	111	1.31052
133	122	0.518321
133	125	1.32779
133	139	1.29291
133	143	1.35302
133	144	1.31719
133	146	0.49
133	148	0.520932
133	151	0.499605
133	152	1.29263
133	153	1.30101
133	154	0.52525
133	155	1.28369
133	156	0.540655
133	161	0.528722
133	162	1.28689
133	164	1.28456
133	165	1.32622
133	166	1.297
133	167	1.31037
133	169	0.513837
133	170	1.26965
133	171	1.33941
133	172	1.29342
133	175	0.505156
133	176	0.506767
133	177	1.29167
133	178	1.34212
133	179	0.51064
134	11	1.41754
134	20	1.34935
