1	15	0.99927
1	21	0.998216
1	24	0.998416
1	25	0.909025
1	85	2.23243
1	87	0.975865
1	111	1.34261
1	114	2.32437
1	123	0.970178
1	165	0.902346
1	178	0.946857
2	3	0.907601
2	13	0.904849
2	14	0.981929
2	19	0.888008
2	22	0.887605
2	29	0.981037
2	32	0.981499
2	33	0.958271
2	108	2.17444
2	138	1.31848
2	157	0.937839
2	159	3.02196
3	2	0.907601
3	9	0.906226
3	13	0.79192
3	14	0.869
3	19	0.775079
3	22	0.774676
3	29	0.868108
3	32	0.86857
3	33	0.845342
3	95	1.73676
3	157	0.82491
3	177	3.99873
4	47	0.916295
4	50	0.915685
4	51	0.915036
4	53	0.987805
4	56	0.914043
4	65	0.97201
4	66	0.971712
4	121	0.923288
4	122	0.918291
4	130	1.20708
4	148	2.6029
4	160	3.00518
5	48	0.844707
5	54	2.15827
5	62	0.82841
5	68	0.888505
5	70	0.821391
5	71	0.881517
5	74	0.881013
5	75	0.821168
5	77	0.87127
5	142	3.14793
5	148	0.787488
5	154	0.801991
6	7	0.998226
6	15	0.95995
6	20	0.9706
6	21	0.958896
6	24	0.959095
6	25	0.869705
6	87	0.936545
6	97	1.64938
6	135	2.45696
6	141	2.28132
6	165	0.863026
6	178	0.907537
7	6	0.998226
7	15	0.958553
7	20	0.969203
7	21	0.957499
7	24	0.957699
7	25	0.868308
7	97	1.18271
7	123	0.929461
7	134	2.20035
7	140	3.11447
7	165	0.861629
7	178	0.90614
8	11	0.824739
8	35	0.865718
8	59	0.828688
8	81	0.869689
8	82	0.85341
8	91	0.835465
8	96	0.877221
8	130	3.17364
8	143	0.796516
8	149	0.855883
8	152	2.19231
8	178	0.826963
9	3	0.906226
9	13	0.903474
9	14	0.980554
9	19	0.886633
9	22	0.88623
9	29	0.979662
9	32	0.980124
9	33	0.956896
9	133	2.24505
9	138	2.58934
9	157	0.936464
9	166	1.53561
10	47	0.92057
10	50	0.919959
10	51	0.919311
10	53	0.992079
10	56	0.918318
10	65	0.976285
10	66	0.975986
10	113	0.890078
10	122	0.922565
10	152	1.42778
10	166	1.9066
10	180	2.95992
11	8	0.824739
11	35	0.851982
11	59	0.814952
11	79	0.861433
11	81	0.855953
11	82	0.839674
11	88	0.891104
11	91	0.821729
11	96	0.863485
11	157	1.21104
11	178	0.813227
11	179	4.19978
12	16	0.759408
12	18	0.758321
12	26	0.835383
12	37	0.642026
12	54	0.802954
12	100	0.821907
12	120	0.663758
12	123	0.776264
12	131	0.823537
12	136	0.822379
12	143	0.722496
12	162	4.58661
13	2	0.904849
13	3	0.79192
13	9	0.903474
13	14	0.866248
13	19	0.772327
13	22	0.771923
13	29	0.865356
13	32	0.865817
13	33	0.84259
13	157	0.822158
13	162	2.19698
13	172	5.4203
14	2	0.981929
14	3	0.869
14	9	0.980554
14	13	0.866248
14	19	0.849407
14	22	0.849003
14	29	0.942436
14	32	0.942898
14	33	0.91967
14	116	1.89364
14	143	2.72598
14	157	0.899238
14	161	2.5282
15	1	0.99927
15	6	0.95995
15	7	0.958553
15	20	0.930927
15	21	0.919223
15	24	0.919422
15	25	0.830031
15	117	1.18889
15	118	3.23612
15	123	0.891185
15	135	2.21311
15	165	0.823353
15	178	0.867863
16	12	0.759408
16	18	0.827293
16	26	0.904355
16	37	0.710998
16	54	0.871927
16	100	0.890879
16	119	3.0728
16	120	0.732731
16	123	0.845236
16	131	0.892509
16	136	0.891351
16	143	0.791468
16	155	2.92687
17	23	1.06114
17	34	0.884645
17	38	0.947232
17	42	0.94648
17	108	2.98004
17	121	0.944553
17	136	0.990813
17	149	0.950298
17	157	1.5579
17	159	0.84956
17	164	0.856132
17	173	2.83679
18	12	0.758321
18	16	0.827293
18	26	0.903268
18	37	0.709911
18	54	0.870839
18	100	0.889792
18	120	0.731643
18	123	0.844149
18	131	0.891422
18	136	0.890263
18	143	0.790381
18	157	2.63301
18	170	3.04474
19	2	0.888008
19	3	0.775079
19	9	0.886633
19	13	0.772327
19	14	0.849407
19	22	0.755082
19	29	0.848515
19	32	0.848976
19	33	0.825749
19	54	0.835479
19	113	2.22056
19	157	0.805317
19	169	3.81838
20	6	0.9706
20	7	0.969203
20	15	0.930927
20	21	0.929873
20	24	0.930073
20	25	0.840682
20	60	1.1698
20	87	0.907522
20	123	0.901835
20	154	2.07253
20	159	3.70071
20	165	0.834003
20	178	0.878514
21	1	0.998216
21	6	0.958896
21	7	0.957499
21	15	0.919223
21	20	0.929873
21	24	0.918368
21	25	0.828977
21	101	1.40613
21	123	0.890131
21	150	3.44892
21	163	2.69343
21	165	0.822299
21	178	0.866809
22	2	0.887605
22	3	0.774676
22	9	0.88623
22	13	0.771923
22	14	0.849003
22	19	0.755082
22	29	0.848111
22	32	0.848573
22	33	0.825345
22	54	0.835076
22	157	0.804913
22	166	2.10679
22	173	3.87323
23	17	1.06114
23	34	0.918479
23	38	0.981066
23	42	0.980314
23	54	1.43947
23	125	2.14699
23	136	1.02465
23	149	0.984132
23	159	0.883394
23	164	0.889966
23	166	2.22983
24	1	0.998416
24	6	0.959095
24	7	0.957699
24	15	0.919422
24	20	0.930073
24	21	0.918368
24	25	0.829177
24	123	0.89033
24	124	2.15455
24	147	3.23596
24	165	0.822498
24	173	2.20074
24	178	0.867009
25	1	0.909025
25	6	0.869705
25	7	0.868308
25	15	0.830031
25	20	0.840682
25	21	0.828977
25	24	0.829177
25	87	0.806626
25	123	0.800939
25	144	2.236
25	151	3.90952
25	165	0.733108
25	178	0.777618
26	12	0.835383
26	16	0.904355
26	18	0.903268
26	54	0.947902
26	100	0.966854
26	120	0.808706
26	123	0.921211
26	131	0.968484
26	136	0.967326
26	143	0.867443
26	151	2.37771
26	158	2.2254
26	179	2.56337
27	30	0.917468
27	31	0.899029
27	36	0.893309
27	39	0.892443
27	63	0.947622
27	64	0.947344
27	98	0.768705
27	124	2.50854
27	131	0.935498
27	135	1.38442
27	136	0.93434
27	148	0.830911
27	157	0.884753
27	177	3.76411
28	67	0.876928
28	72	0.862318
28	78	0.788907
28	93	0.855407
28	102	0.879914
28	103	0.835627
28	106	2.98064
28	107	0.854398
28	112	0.814344
28	115	0.8449
28	132	3.01494
28	159	0.730796
28	164	0.737368
28	177	0.743073
29	2	0.981037
29	3	0.868108
29	9	0.979662
29	13	0.865356
29	14	0.942436
29	19	0.848515
29	22	0.848111
29	32	0.942006
29	33	0.918778
29	146	1.50542
29	157	0.898346
29	174	4.73268
29	180	1.29909
30	27	0.917468
30	31	0.902139
30	36	0.896419
30	39	0.895553
30	63	0.950732
30	64	0.950454
30	98	0.771814
30	101	1.25178
30	121	0.89119
30	136	0.93745
30	147	3.14394
30	148	0.834021
30	157	0.887863
30	177	3.3181
31	27	0.899029
31	30	0.902139
31	36	0.87798
31	39	0.877114
31	63	0.932293
31	64	0.932015
31	113	2.39937
31	117	0.823522
31	121	0.87275
31	131	0.920169
31	136	0.91901
31	148	0.815582
31	157	0.869424
31	176	3.82454
32	2	0.981499
32	3	0.86857
32	9	0.980124
32	13	0.865817
32	14	0.942898
32	19	0.848976
32	22	0.848573
32	29	0.942006
32	33	0.91924
32	119	1.49572
32	157	0.898808
32	169	2.53805
32	175	3.37693
33	2	0.958271
33	3	0.845342
33	9	0.956896
33	13	0.84259
33	14	0.91967
33	19	0.825749
33	22	0.825345
33	29	0.918778
33	32	0.91924
33	54	0.905742
33	125	1.48012
33	150	4.82709
33	157	0.87558
33	162	1.84245
34	17	0.884645
34	23	0.918479
34	38	0.804571
34	42	0.80382
34	87	0.807725
34	97	0.861291
34	100	0.847681
34	121	0.801892
34	136	0.848153
34	149	0.807638
34	159	0.706899
34	164	0.713471
34	177	4.46538
34	178	1.78261
35	8	0.865718
35	11	0.851982
35	46	0.872006
35	59	0.855931
35	79	0.902411
35	81	0.896932
35	82	0.880652
35	88	0.932083
35	91	0.862707
35	123	0.877526
35	145	2.71937
35	149	0.883126
35	155	1.64025
35	165	3.21694
35	178	0.854205
36	27	0.893309
36	30	0.896419
36	31	0.87798
36	39	0.871394
36	63	0.926573
36	64	0.926295
36	98	0.747655
36	121	0.86703
36	131	0.914449
36	136	0.913291
36	148	0.809862
36	151	2.70279
36	156	2.94138
36	157	0.863704
36	165	2.15911
37	12	0.642026
37	16	0.710998
37	18	0.709911
37	63	0.787251
37	64	0.786973
37	89	0.679481
37	92	0.725564
37	116	0.716269
37	143	0.674086
37	148	0.67054
37	153	0.623352
37	157	0.724382
37	161	0.706207
37	179	0.66032
37	180	0.705888
38	17	0.947232
38	23	0.981066
38	34	0.804571
38	42	0.866407
38	87	0.870313
38	97	0.923878
38	100	0.910268
38	121	0.86448
38	127	1.99606
38	133	1.78483
38	136	0.91074
38	149	0.870225
38	159	0.769487
38	164	0.776059
38	169	3.82098
39	27	0.892443
39	30	0.895553
39	31	0.877114
39	36	0.871394
39	63	0.925707
39	64	0.925429
39	98	0.746789
39	109	2.79837
39	121	0.866164
39	131	0.913583
39	136	0.912425
39	142	1.83193
39	148	0.808996
39	157	0.862838
39	180	2.68594
40	41	0.8939
40	45	0.887923
40	52	0.886994
40	57	0.940394
40	58	0.877431
40	61	0.871995
40	69	0.919528
40	76	0.91306
40	80	0.912904
40	113	0.843607
40	138	2.01324
40	165	0.813406
40	171	3.62027
40	177	0.798376
40	180	2.01283
41	40	0.8939
41	45	0.881441
41	52	0.880513
41	57	0.933913
41	58	0.870949
41	61	0.865514
41	69	0.913046
41	76	0.906578
41	80	0.906422
41	126	0.900016
41	144	2.14351
41	164	3.78129
41	165	0.806924
41	177	0.791894
41	178	1.5583
42	17	0.94648
42	23	0.980314
42	34	0.80382
42	38	0.866407
42	87	0.869561
42	97	0.923126
42	100	0.909517
42	121	0.863728
42	136	0.909989
42	148	2.52257
42	149	0.869473
42	158	3.02372
42	159	0.768735
42	164	0.775307
42	173	2.39069
43	46	0.860965
43	59	0.84489
43	79	0.89137
43	81	0.885891
43	82	0.869611
43	88	0.921042
43	96	0.893423
43	97	0.925738
43	100	0.912128
43	143	0.812717
43	149	0.872085
43	169	3.22143
43	176	3.04877
43	178	0.843164
43	180	1.52917
44	48	0.877995
44	49	0.873136
44	62	0.861697
44	68	0.921792
44	70	0.854679
44	71	0.914805
44	74	0.914301
44	75	0.854456
44	77	0.904558
44	126	0.90335
44	135	1.65432
44	148	0.820776
44	151	3.60998
44	154	0.835278
44	168	2.28826
45	40	0.887923
45	41	0.881441
45	52	0.874535
45	57	0.927935
45	58	0.864971
45	61	0.859536
45	69	0.907068
45	76	0.9006
45	80	0.900445
45	120	0.756272
45	126	0.894038
45	144	1.23385
45	165	0.800946
45	169	3.10116
45	175	3.94005
45	177	0.785916
46	35	0.872006
46	43	0.860965
46	79	0.881457
46	81	0.875977
46	82	0.859698
46	88	0.911128
46	91	0.841753
46	96	0.883509
46	114	2.95073
46	122	0.851429
46	123	0.856572
46	126	0.881832
46	142	2.31944
46	143	0.802804
46	170	2.28057
46	178	0.833251
47	4	0.916295
47	10	0.92057
47	50	0.847205
47	51	0.846556
47	53	0.919325
47	56	0.845564
47	65	0.903531
47	66	0.903232
47	95	0.810069
47	108	0.796883
47	113	0.817324
47	121	0.854808
47	122	0.849811
47	148	2.17703
47	163	3.68202
47	165	2.28682
48	5	0.844707
48	44	0.877995
48	49	0.857044
48	62	0.845605
48	68	0.9057
48	70	0.838586
48	71	0.898712
48	74	0.898208
48	75	0.838363
48	77	0.888465
48	117	2.06697
48	131	0.90927
48	135	3.09119
48	148	0.804683
48	154	0.819186
48	157	2.24377
49	44	0.873136
49	48	0.857044
49	62	0.840746
49	68	0.900841
49	70	0.833727
49	71	0.893853
49	74	0.893349
49	75	0.833504
49	77	0.883607
49	95	2.61985
49	126	0.882399
49	127	2.82667
49	131	0.904411
49	148	0.799825
49	154	0.814327
49	178	2.19907
50	4	0.915685
50	10	0.919959
50	47	0.847205
50	51	0.845946
50	53	0.918715
50	56	0.844953
50	65	0.90292
50	66	0.902622
50	95	0.809459
50	108	0.796273
50	113	0.816714
50	119	2.15335
50	121	0.854198
50	122	0.849201
50	125	1.49317
50	164	4.09206
51	4	0.915036
51	10	0.919311
51	47	0.846556
51	50	0.845946
51	53	0.918066
51	56	0.844305
51	65	0.902272
51	66	0.901973
51	95	0.80881
51	108	0.795624
51	113	0.816065
51	121	0.853549
51	122	0.848552
51	147	2.35019
51	167	3.37956
51	177	2.52435
52	40	0.886994
52	41	0.880513
52	45	0.874535
52	57	0.927007
52	58	0.864043
52	61	0.858608
52	69	0.90614
52	76	0.899672
52	80	0.899516
52	120	0.755344
52	126	0.89311
52	165	0.800018
52	170	1.04085
52	171	3.54117
52	176	3.45334
52	177	0.784988
53	4	0.987805
53	10	0.992079
53	47	0.919325
53	50	0.918715
53	51	0.918066
53	56	0.917073
53	65	0.97504
53	66	0.974742
53	104	1.01093
53	106	2.28494
53	108	0.868393
53	113	0.888833
53	121	0.926317
53	122	0.92132
53	134	2.39138
53	180	2.63852
54	5	2.15827
54	12	0.802954
54	16	0.871927
54	18	0.870839
54	19	0.835479
54	22	0.835076
54	23	1.43947
54	26	0.947902
54	33	0.905742
54	121	0.186354
54	157	0.88531
54	166	0.884556
54	169	0.823085
54	176	0.829141
54	179	0.821248
54	180	0.866816
55	67	0.925075
55	72	0.910466
55	78	0.837054
55	94	0.849169
55	97	1.56519
55	102	0.928062
55	105	0.920498
55	107	0.902545
55	112	0.862491
55	115	0.893047
55	154	0.83127
55	157	1.52535
55	159	0.778943
55	164	0.785515
55	177	0.79122
55	179	4.51409
56	4	0.914043
56	10	0.918318
56	47	0.845564
56	50	0.844953
56	51	0.844305
56	53	0.917073
56	65	0.901279
56	66	0.900981
56	95	0.807817
56	108	0.794632
56	113	0.815072
56	121	0.852556
56	122	0.847559
56	127	3.16007
56	157	1.98811
56	170	2.39984
57	40	0.940394
57	41	0.933913
57	45	0.927935
57	52	0.927007
57	58	0.917443
57	61	0.912008
57	69	0.95954
57	76	0.953072
57	80	0.952916
57	108	3.24553
57	113	0.883619
57	122	0.916107
57	145	2.84638
57	155	1.76726
57	157	1.08454
57	165	0.853418
57	177	0.838388
58	40	0.877431
58	41	0.870949
58	45	0.864971
58	52	0.864043
58	57	0.917443
58	61	0.849044
58	69	0.896576
58	76	0.890108
58	80	0.889952
58	113	0.820656
58	120	0.74578
58	122	0.853143
58	146	2.96173
58	159	3.35353
58	165	0.790454
58	168	1.8264
58	177	0.775424
59	8	0.828688
59	11	0.814952
59	35	0.855931
59	43	0.84489
59	79	0.865381
59	82	0.843623
59	88	0.895053
59	91	0.825678
59	96	0.867434
59	97	0.899749
59	122	0.835354
59	126	0.865757
59	149	0.846096
59	162	2.47481
59	170	1.46108
59	178	0.817176
59	179	4.03809
60	20	1.1698
60	81	0.91112
60	83	0.796247
60	114	0.859775
60	116	0.87327
60	127	0.852761
60	129	0.880094
60	135	0.874553
60	144	0.886574
60	155	0.880463
60	159	0.789716
60	166	0.880629
60	168	0.856133
60	172	0.791432
60	176	0.825214
60	179	0.817321
60	180	0.862888
61	40	0.871995
61	41	0.865514
61	45	0.859536
61	52	0.858608
61	57	0.912008
61	58	0.849044
61	69	0.891141
61	76	0.884673
61	80	0.884517
61	92	3.13433
61	120	0.740345
61	122	0.847708
61	126	0.878111
61	165	0.785019
61	166	2.21208
61	177	0.769989
61	178	2.50514
62	5	0.82841
62	44	0.861697
62	48	0.845605
62	49	0.840746
62	68	0.889402
62	70	0.822288
62	71	0.882414
62	74	0.88191
62	75	0.822065
62	77	0.872168
62	119	1.43085
62	126	0.87096
62	131	0.892972
62	148	0.788386
62	154	0.802888
62	158	3.25298
62	177	3.82933
63	27	0.947622
63	30	0.950732
63	31	0.932293
63	36	0.926573
63	37	0.787251
63	39	0.925707
63	64	0.980608
63	73	1.25222
63	98	0.801968
63	106	2.53441
63	121	0.921343
63	131	0.968762
63	136	0.967604
63	148	0.864175
63	152	1.35584
63	157	0.918017
63	161	3.51659
64	27	0.947344
64	30	0.950454
64	31	0.932015
64	36	0.926295
64	37	0.786973
64	39	0.925429
64	63	0.980608
64	97	1.31037
64	98	0.80169
64	110	1.01612
64	121	0.921066
64	131	0.968484
64	136	0.967326
64	137	4.92941
64	148	0.863897
64	157	0.917739
64	173	2.10197
65	4	0.97201
65	10	0.976285
65	47	0.903531
65	50	0.90292
65	51	0.902272
65	53	0.97504
65	56	0.901279
65	66	0.958948
65	85	2.13407
65	95	0.865784
65	108	0.852599
65	113	0.873039
65	121	0.910523
65	122	0.905526
65	130	1.89792
65	133	2.10485
65	154	2.52444
66	4	0.971712
66	10	0.975986
66	47	0.903232
66	50	0.902622
66	51	0.901973
66	53	0.974742
66	56	0.900981
66	65	0.958948
66	95	0.865486
66	97	1.19235
66	108	0.8523
66	111	1.25264
66	113	0.872741
66	121	0.910225
66	122	0.905228
66	175	4.98827
66	178	1.69687
67	28	0.876928
67	55	0.925075
67	78	0.876058
67	83	0.923194
67	93	0.942558
67	94	0.888173
67	103	0.922778
67	105	0.959501
67	107	0.941549
67	112	0.901495
67	115	0.932051
67	116	1.51254
67	144	1.34345
67	148	2.3635
67	150	4.62399
67	154	0.870274
67	164	0.824519
67	177	0.830224
68	5	0.888505
68	44	0.921792
68	48	0.9057
68	49	0.900841
68	62	0.889402
68	70	0.882383
68	71	0.942509
68	74	0.942005
68	75	0.88216
68	77	0.932263
68	108	0.847724
68	124	1.80253
68	131	0.953067
68	140	1.80258
68	148	0.848481
68	154	0.862983
68	158	2.48175
68	167	3.91331
69	40	0.919528
69	41	0.913046
69	45	0.907068
69	52	0.90614
69	57	0.95954
69	58	0.896576
69	61	0.891141
69	76	0.932205
69	80	0.932049
69	111	1.65641
69	113	0.862753
69	122	0.89524
69	126	0.925643
69	144	2.68585
69	157	1.55628
69	165	0.832551
69	173	3.57402
69	177	0.817521
70	5	0.821391
70	44	0.854679
70	48	0.838586
70	49	0.833727
70	62	0.822288
70	68	0.882383
70	71	0.875396
70	74	0.874892
70	75	0.815047
70	77	0.865149
70	108	0.78061
70	126	0.863941
70	129	2.68482
70	131	0.885954
70	146	4.27257
70	148	0.781367
70	152	1.42834
70	154	0.795869
71	5	0.881517
71	44	0.914805
71	48	0.898712
71	49	0.893853
71	62	0.882414
71	68	0.942509
71	70	0.875396
71	74	0.935018
71	75	0.875173
71	77	0.925275
71	85	1.6335
71	99	1.45875
71	108	0.840737
71	126	0.924067
71	131	0.94608
71	154	0.855995
71	161	1.30004
71	172	7.51907
72	28	0.862318
72	55	0.910466
72	84	0.919646
72	86	0.905007
72	90	1.00331
72	94	0.873564
72	102	0.952456
72	103	0.908168
72	105	0.944892
72	107	0.926939
72	112	0.886886
72	115	0.917442
72	125	1.39624
72	144	2.35734
72	159	0.803337
72	166	1.47907
72	176	4.052
72	177	0.815615
73	63	1.25222
73	82	1.80855
73	118	0.849849
73	123	0.684156
73	138	0.87987
73	154	0.85383
73	158	0.844595
73	163	0.829227
73	167	0.821601
73	170	0.873507
73	171	0.841971
73	172	0.803218
73	174	0.807083
73	175	0.817561
73	176	0.837
73	177	0.81378
73	179	0.829107
73	180	0.874674
74	5	0.881013
74	44	0.914301
74	48	0.898208
74	49	0.893349
74	62	0.88191
74	68	0.942005
74	70	0.874892
74	71	0.935018
74	75	0.874669
74	77	0.924771
74	89	3.95385
74	126	0.923563
74	127	1.91719
74	131	0.945576
74	148	0.840989
74	154	0.855491
74	155	1.42794
74	161	2.67845
75	5	0.821168
75	44	0.854456
75	48	0.838363
75	49	0.833504
75	62	0.822065
75	68	0.88216
75	70	0.815047
75	71	0.875173
75	74	0.874669
75	77	0.864926
75	108	0.780387
75	126	0.863718
75	128	2.19676
75	131	0.885731
75	140	3.79606
75	148	0.781144
75	154	0.795646
75	170	2.23619
76	40	0.91306
76	41	0.906578
76	45	0.9006
76	52	0.899672
76	57	0.953072
76	58	0.890108
76	61	0.884673
76	69	0.932205
76	80	0.925581
76	95	2.54339
76	113	0.856285
76	120	0.781409
76	122	0.888772
76	126	0.919175
76	133	2.53898
76	152	1.35072
76	154	2.95857
76	165	0.826083
76	177	0.811053
77	5	0.87127
77	44	0.904558
77	48	0.888465
77	49	0.883607
77	62	0.872168
77	68	0.932263
77	70	0.865149
77	71	0.925275
77	74	0.924771
77	75	0.864926
77	101	2.36623
77	108	0.83049
77	126	0.91382
77	131	0.935833
77	148	0.831246
77	154	0.845749
77	161	3.13866
77	168	2.6868
77	178	1.74979
78	28	0.788907
78	55	0.837054
78	67	0.876058
78	83	0.835173
78	84	0.846234
78	86	0.831596
78	93	0.854537
78	94	0.800152
78	102	0.879045
78	103	0.834757
78	105	0.871481
78	107	0.853528
78	112	0.813474
78	115	0.84403
78	132	2.45026
78	139	2.64876
78	143	3.5959
78	149	0.830664
78	177	0.742203
79	11	0.861433
79	35	0.902411
79	43	0.89137
79	46	0.881457
79	59	0.865381
79	81	0.906382
79	82	0.890103
79	88	0.941533
79	91	0.872158
79	96	0.913914
79	122	0.881834
79	123	0.886977
79	126	0.912237
79	141	1.52627
79	143	0.833209
79	160	1.72678
79	172	5.66062
79	174	3.35234
79	178	0.863656
80	40	0.912904
80	41	0.906422
80	45	0.900445
80	52	0.899516
80	57	0.952916
80	58	0.889952
80	61	0.884517
80	69	0.932049
80	76	0.925581
80	111	1.68112
80	113	0.856129
80	120	0.781253
80	122	0.888616
80	125	1.74945
80	126	0.919019
80	165	0.825927
80	168	3.06236
80	177	0.810897
80	180	2.8856
81	8	0.869689
81	11	0.855953
81	35	0.896932
81	43	0.885891
81	46	0.875977
81	60	0.91112
81	79	0.906382
81	82	0.884624
81	88	0.936054
81	91	0.866679
81	96	0.908435
81	122	0.876355
81	123	0.881498
81	126	0.906758
81	132	1.41887
81	149	0.887097
81	167	4.51585
81	168	1.91489
81	178	0.858177
82	8	0.85341
82	11	0.839674
82	35	0.880652
82	43	0.869611
82	46	0.859698
82	59	0.843623
82	73	1.80855
82	79	0.890103
82	81	0.884624
82	88	0.919775
82	91	0.850399
82	96	0.892155
82	97	0.924471
82	100	0.910861
82	104	1.81673
82	117	1.9629
82	123	0.865218
82	141	2.81148
82	149	0.870818
82	178	0.841897
83	60	0.796247
83	67	0.923194
83	78	0.835173
83	84	0.89337
83	86	0.878731
83	90	0.977033
83	93	0.901673
83	94	0.847288
83	102	0.92618
83	103	0.881893
83	105	0.918616
83	107	0.900664
83	112	0.86061
83	115	0.891166
83	119	1.14729
83	139	1.5025
83	154	0.829389
83	159	0.777062
83	174	6.16262
83	177	0.789339
84	72	0.919646
84	78	0.846234
84	83	0.89337
84	86	0.889793
84	90	0.988094
84	93	0.912734
84	94	0.858349
84	98	0.763741
84	103	0.892954
84	105	0.929678
84	107	0.911725
84	112	0.871671
84	115	0.902227
84	129	2.90345
84	154	0.84045
84	164	0.794695
84	166	2.12579
84	170	2.28623
84	177	0.8004
84	178	2.41886
85	1	2.23243
85	65	2.13407
85	71	1.6335
85	114	0.841844
85	130	0.855413
85	135	0.856622
85	137	0.778559
85	140	0.824163
85	142	0.866896
85	151	0.813079
85	152	0.912836
85	153	0.762421
85	155	0.862532
85	159	0.771785
85	167	0.791884
85	168	0.838202
85	171	0.812253
85	175	0.787843
85	179	0.799389
85	180	0.844957
86	72	0.905007
86	78	0.831596
86	83	0.878731
86	84	0.889793
86	87	0.87431
86	93	0.898096
86	94	0.843711
86	102	0.922603
86	103	0.878315
86	105	0.915039
86	107	0.897086
86	112	0.857032
86	115	0.887588
86	129	1.32156
86	149	0.874223
86	159	0.773484
86	164	0.780056
86	171	2.02045
86	174	4.95236
86	175	2.94416
86	177	0.785761
87	1	0.975865
87	6	0.936545
87	20	0.907522
87	25	0.806626
87	34	0.807725
87	38	0.870313
87	42	0.869561
87	86	0.87431
87	102	0.921759
87	107	0.896242
87	112	0.856189
87	115	0.886745
87	118	2.21219
87	149	0.873379
87	159	0.772641
87	164	0.779213
87	165	0.799948
87	176	3.16597
87	178	0.844458
87	179	3.33049
87	180	1.64637
88	11	0.891104
88	35	0.932083
88	43	0.921042
88	46	0.911128
88	59	0.895053
88	79	0.941533
88	81	0.936054
88	82	0.919775
88	91	0.90183
88	92	1.64854
88	96	0.943586
88	100	0.962291
88	113	1.87404
88	123	0.916649
88	126	0.941909
88	130	1.22879
88	143	0.862881
88	149	0.922248
88	164	3.24234
88	171	3.38704
88	178	0.893328
89	37	0.679481
89	74	3.95385
89	109	0.774426
89	131	0.846327
89	133	0.800546
89	138	0.796949
89	139	0.795047
89	140	0.770959
89	144	0.815438
89	150	0.737991
89	151	0.759875
89	152	0.859631
89	155	0.809328
89	156	0.748885
89	161	0.792072
89	162	0.775777
89	171	0.759049
89	172	0.720297
89	174	0.724161
89	176	0.754078
89	179	0.746185
89	180	0.791753
90	72	1.00331
90	83	0.977033
90	84	0.988094
90	92	2.11714
90	93	0.996397
90	94	0.942012
90	102	1.0209
90	103	0.976617
90	105	1.01334
90	107	0.995387
90	112	0.955334
90	115	0.98589
90	116	2.24224
90	128	1.31589
90	141	1.61537
90	146	3.56029
90	149	0.972524
90	154	0.924113
90	155	1.6263
90	159	0.871786
90	164	0.878358
90	177	0.884063
91	8	0.835465
91	11	0.821729
91	35	0.862707
91	46	0.841753
91	59	0.825678
91	79	0.872158
91	81	0.866679
91	82	0.850399
91	88	0.90183
91	96	0.874211
91	97	0.906526
91	100	0.892916
91	120	8.7
91	122	0.84213
91	123	0.847273
91	126	0.872533
91	143	0.793505
91	149	0.852873
91	161	1.23805
91	168	2.51451
91	173	1.32257
91	178	0.823952
92	37	0.725564
92	61	3.13433
92	88	1.64854
92	90	2.11714
92	109	0.820508
92	116	0.848217
92	128	0.850164
92	134	0.85528
92	140	0.817041
92	147	0.806921
92	150	0.784074
92	158	0.807756
92	167	0.784762
92	169	0.794105
92	170	0.836668
92	171	0.805132
92	172	0.766379
92	173	0.819162
92	174	0.770244
92	175	0.780722
92	176	0.800161
92	179	0.792268
92	180	0.837835
93	28	0.855407
93	67	0.942558
93	78	0.854537
93	83	0.901673
93	84	0.912734
93	86	0.898096
93	90	0.996397
93	94	0.866652
93	102	0.945545
93	103	0.901257
93	105	0.937981
93	107	0.920028
93	110	1.42991
93	111	1.41495
93	112	0.879974
93	115	0.91053
93	141	1.9866
93	142	1.76542
93	149	0.897164
93	154	0.848753
93	164	0.802998
93	175	5.15058
93	177	0.808703
94	55	0.849169
94	67	0.888173
94	72	0.873564
94	78	0.800152
94	83	0.847288
94	84	0.858349
94	86	0.843711
94	90	0.942012
94	93	0.866652
94	102	0.89116
94	103	0.846872
94	105	0.883596
94	107	0.865643
94	112	0.825589
94	115	0.856145
94	130	2.99257
94	149	0.842779
94	152	2.01124
94	154	0.794368
94	155	2.92148
94	164	0.748613
94	170	2.6505
94	177	0.754318
95	3	1.73676
95	47	0.810069
95	49	2.61985
95	50	0.809459
95	51	0.80881
95	56	0.807817
95	65	0.865784
95	66	0.865486
95	76	2.54339
95	102	0.871187
95	103	0.8269
95	106	0.791939
95	107	0.84567
95	112	0.805617
95	115	0.836173
95	124	0.820635
95	135	0.806906
95	156	0.752373
95	173	0.776567
95	174	0.727649
95	177	0.734346
95	179	0.749673
95	180	0.795241
96	8	0.877221
96	11	0.863485
96	43	0.893423
96	46	0.883509
96	59	0.867434
96	79	0.913914
96	81	0.908435
96	82	0.892155
96	88	0.943586
96	91	0.874211
96	97	0.948282
96	98	7.2
96	100	0.934672
96	117	1.38257
96	122	0.883887
96	123	0.88903
96	124	2.02531
96	126	0.91429
96	143	0.835261
96	149	0.894629
96	171	1.71182
96	176	1.62398
96	178	0.865709
97	6	1.64938
97	7	1.18271
97	34	0.861291
97	38	0.923878
97	42	0.923126
97	43	0.925738
97	55	1.56519
97	59	0.899749
97	64	1.31037
97	66	1.19235
97	82	0.924471
97	91	0.906526
97	96	0.948282
97	99	0.922998
97	149	0.926944
97	155	0.916953
97	159	0.826206
97	163	0.853931
97	164	0.832778
97	175	0.842264
97	178	0.898024
97	179	0.85381
97	180	0.899378
98	27	0.768705
98	30	0.771814
98	36	0.747655
98	39	0.746789
98	63	0.801968
98	64	0.80169
98	84	0.763741
98	96	7.2
98	102	0.796551
98	103	0.752264
98	108	0.684501
98	112	0.730981
98	115	0.761537
98	124	0.745999
98	141	0.733941
98	143	0.688803
98	157	0.739099
98	160	0.698102
98	172	0.649149
98	175	0.663491
98	176	0.68293
98	177	0.65971
98	179	0.675037
98	180	0.720605
99	71	1.45875
99	97	0.922998
99	101	0.875588
99	102	1.16702
99	104	0.900464
99	115	0.889825
99	123	1.09794
99	127	0.831651
99	133	0.850571
99	139	0.845073
99	141	0.855115
99	151	0.809901
99	152	0.909657
99	155	0.859354
99	163	0.796331
99	164	0.775179
99	166	0.859519
99	167	0.788706
99	169	0.798048
99	173	0.823105
99	174	0.774187
99	175	0.784665
99	176	0.804104
99	179	0.796211
99	180	0.841779
100	12	0.821907
100	16	0.890879
100	18	0.889792
100	26	0.966854
100	34	0.847681
100	38	0.910268
100	42	0.909517
100	43	0.912128
100	82	0.910861
100	88	0.962291
100	91	0.892916
100	96	0.934672
100	132	1.8462
100	134	1.91833
100	136	0.95385
100	139	2.0447
100	143	0.853967
100	149	0.913334
100	156	3.90252
100	159	0.812596
100	164	0.819168
100	178	0.884414
100	180	2.16547
101	21	1.40613
101	30	1.25178
101	77	2.36623
101	99	0.875588
101	103	1.41073
101	109	0.834641
101	116	0.862349
101	134	0.869413
101	138	0.857164
101	141	0.865304
101	145	0.845821
101	155	0.869543
101	158	0.821888
101	163	0.80652
101	168	0.845213
101	169	0.808237
101	170	0.850801
101	171	0.819264
101	172	0.780512
101	173	0.833294
101	174	0.784377
101	175	0.794854
101	176	0.814293
101	179	0.8064
101	180	0.851968
102	28	0.879914
102	55	0.928062
102	72	0.952456
102	78	0.879045
102	83	0.92618
102	86	0.922603
102	87	0.921759
102	90	1.0209
102	93	0.945545
102	94	0.89116
102	95	0.871187
102	98	0.796551
102	99	1.16702
102	103	0.925764
102	105	0.962488
102	107	0.944535
102	112	0.904481
102	115	0.935037
102	132	2.06973
102	139	2.26823
102	148	3.234
102	149	0.921671
102	159	0.820933
102	177	0.83321
102	178	1.62874
102	180	2.389
103	28	0.835627
103	67	0.922778
103	72	0.908168
103	78	0.834757
103	83	0.881893
103	84	0.892954
103	86	0.878315
103	90	0.976617
103	93	0.901257
103	94	0.846872
103	95	0.8269
103	98	0.752264
103	101	1.41073
103	102	0.925764
103	105	0.9182
103	107	0.900248
103	112	0.860194
103	115	0.89075
103	142	1.56077
103	149	0.877384
103	156	3.29161
103	159	0.776646
103	160	2.80183
103	163	3.90455
103	164	0.783218
103	177	0.788923
104	53	1.01093
104	82	1.81673
104	99	0.900464
104	111	0.963518
104	114	0.873732
104	125	0.924914
104	128	0.889173
104	131	0.300942
104	136	0.142415
104	146	0.845229
104	149	0.830495
104	155	0.89442
104	156	0.833977
104	158	0.846765
104	160	0.854342
104	162	0.860869
104	166	0.894585
104	168	0.870089
104	169	0.833114
104	170	0.875678
104	171	0.844141
104	173	0.858171
104	174	0.809253
104	175	0.819731
104	179	0.831277
104	180	0.876845
105	55	0.920498
105	67	0.959501
105	72	0.944892
105	78	0.871481
105	83	0.918616
105	84	0.929678
105	86	0.915039
105	90	1.01334
105	93	0.937981
105	94	0.883596
105	102	0.962488
105	103	0.9182
105	107	0.936971
105	112	0.896917
105	114	1.39085
105	115	0.927474
105	143	2.43995
105	145	2.07079
105	149	0.914108
105	154	0.865696
105	159	0.813369
105	160	2.86085
105	164	0.819941
105	167	4.39128
105	177	0.825646
105	178	1.66335
106	28	2.98064
106	53	2.28494
106	63	2.53441
106	95	0.791939
106	119	0.853841
106	124	0.840252
106	132	0.828278
106	137	0.74846
106	141	0.828194
106	142	0.836797
106	145	0.80871
106	151	0.78298
106	152	0.882736
106	153	0.732322
106	160	0.792355
106	163	0.76941
106	164	0.748258
106	167	0.761785
106	170	0.813691
106	171	0.782154
106	172	0.743402
106	174	0.747266
106	175	0.757744
106	176	0.777183
106	179	0.76929
106	180	0.814858
107	28	0.854398
107	55	0.902545
107	67	0.941549
107	72	0.926939
107	78	0.853528
107	83	0.900664
107	84	0.911725
107	86	0.897086
107	87	0.896242
107	90	0.995387
107	93	0.920028
107	94	0.865643
107	95	0.84567
107	102	0.944535
107	103	0.900248
107	105	0.936971
107	109	2.66919
107	111	1.35228
107	112	0.878965
107	114	2.33404
107	115	0.909521
107	134	2.30963
107	149	0.896155
107	152	1.02462
107	159	0.795416
107	164	0.801988
107	177	0.807694
107	179	4.24089
108	2	2.17444
108	17	2.98004
108	47	0.796883
108	50	0.796273
108	51	0.795624
108	53	0.868393
108	56	0.794632
108	57	3.24553
108	65	0.852599
108	66	0.8523
108	68	0.847724
108	70	0.78061
108	71	0.840737
108	75	0.780387
108	77	0.83049
108	98	0.684501
108	127	0.771928
108	131	0.851294
108	137	0.715657
108	142	0.803994
108	148	0.746708
108	150	0.728294
108	154	0.76121
108	172	0.710599
108	175	0.724941
108	176	0.744381
108	179	0.736487
108	180	0.782055
109	39	2.79837
109	89	0.774426
109	92	0.820508
109	101	0.834641
109	107	2.66919
109	110	0.859032
109	114	0.797719
109	120	0.710293
109	126	1.93399
109	130	0.811288
109	144	0.824517
109	145	0.794684
109	146	0.769217
109	147	0.769917
109	154	0.779987
109	156	0.757964
109	160	0.778329
109	161	0.801151
109	163	0.755384
109	166	0.818573
109	168	0.794076
109	170	0.799665
109	171	0.768128
109	172	0.729376
109	174	0.73324
109	176	0.763157
109	179	0.755264
109	180	0.800832
110	64	1.01612
110	93	1.42991
110	109	0.859032
110	114	0.873246
110	121	0.840511
110	125	0.924428
110	126	0.63205
110	128	0.888687
110	133	0.885152
110	134	0.893804
110	137	0.809961
110	139	0.879653
110	142	0.898298
110	149	1.26856
110	158	0.84628
110	160	0.853857
110	161	0.876679
110	163	0.830912
110	166	0.8941
110	170	0.875192
110	172	0.804903
110	173	0.857685
110	174	0.808768
110	175	0.819245
110	176	0.838685
110	179	0.830791
110	180	0.876359
111	1	1.34261
111	66	1.25264
111	69	1.65641
111	80	1.68112
111	93	1.41495
111	104	0.963518
111	107	1.35228
111	128	0.91716
111	146	0.873217
111	150	0.851071
111	151	0.872954
111	155	0.922407
111	156	0.861964
111	157	0.923327
111	160	0.88233
111	162	0.888856
111	163	0.859385
111	168	0.898077
111	169	0.861101
111	170	0.903665
111	172	0.833376
111	173	0.886158
111	174	0.837241
111	175	0.847718
111	176	0.867158
111	177	0.843937
111	178	0.903478
111	179	0.859264
111	180	0.904832
112	28	0.814344
112	55	0.862491
112	67	0.901495
112	72	0.886886
112	78	0.813474
112	83	0.86061
112	84	0.871671
112	86	0.857032
112	87	0.856189
112	90	0.955334
112	93	0.879974
112	94	0.825589
112	95	0.805617
112	98	0.730981
112	102	0.904481
112	103	0.860194
112	105	0.896917
112	107	0.878965
112	115	0.869467
112	116	3.05158
112	128	2.12522
112	149	0.856101
112	154	0.80769
112	159	0.755363
112	164	0.761935
112	165	4.01233
112	166	2.00422
112	177	0.76764
112	178	2.29728
113	10	0.890078
113	19	2.22056
113	31	2.39937
113	40	0.843607
113	47	0.817324
113	50	0.816714
113	51	0.816065
113	53	0.888833
113	56	0.815072
113	57	0.883619
113	58	0.820656
113	65	0.873039
113	66	0.872741
113	69	0.862753
113	76	0.856285
113	80	0.856129
113	88	1.87404
113	131	0.406212
113	132	0.815916
113	159	0.729324
113	165	0.756631
113	172	0.73104
113	173	0.783822
113	174	0.734904
113	175	0.745382
113	176	0.764821
113	177	0.741601
113	179	0.756928
113	180	0.802496
114	1	2.32437
114	46	2.95073
114	60	0.859775
114	85	0.841844
114	104	0.873732
114	105	1.39085
114	107	2.33404
114	109	0.797719
114	110	0.873246
114	132	0.828466
114	134	0.832491
114	135	0.826711
114	141	0.828382
114	142	0.836985
114	147	0.784131
114	151	0.783168
114	152	0.882924
114	155	0.832621
114	159	0.741874
114	160	0.792543
114	162	0.79907
114	167	0.761973
114	169	0.771315
114	171	0.782342
114	173	0.796372
114	174	0.747455
114	175	0.757932
114	176	0.777371
114	179	0.769478
114	180	0.815046
115	28	0.8449
115	55	0.893047
115	67	0.932051
115	72	0.917442
115	78	0.84403
115	83	0.891166
115	84	0.902227
115	86	0.887588
115	87	0.886745
115	90	0.98589
115	93	0.91053
115	94	0.856145
115	95	0.836173
115	98	0.761537
115	99	0.889825
115	102	0.935037
115	103	0.89075
115	105	0.927474
115	107	0.909521
115	112	0.869467
115	141	1.47896
115	143	2.93817
115	149	0.886657
115	154	0.838246
115	155	1.4899
115	159	0.785919
115	164	0.792491
115	171	3.71924
115	176	3.6314
115	177	0.798196
116	14	1.89364
116	37	0.716269
116	60	0.87327
116	67	1.51254
116	90	2.24224
116	92	0.848217
116	101	0.862349
116	112	3.05158
116	124	0.853934
116	128	0.840868
116	129	0.845746
116	130	0.838996
116	132	0.841961
116	133	0.837333
116	138	0.833736
116	140	0.807746
116	150	0.774779
116	153	0.746004
116	155	0.846115
116	156	0.785672
116	158	0.798461
116	161	0.82886
116	162	0.812564
116	173	0.809866
116	174	0.760949
116	175	0.771426
116	176	0.790866
116	179	0.782972
116	180	0.82854
117	15	1.18889
117	31	0.823522
117	48	2.06697
117	82	1.9629
117	96	1.38257
117	119	0.929174
117	129	0.907396
117	130	0.900647
117	138	0.895387
117	140	0.869396
117	141	0.903527
117	145	0.884043
117	147	0.859276
117	149	0.976668
117	150	0.836429
117	156	0.847323
117	158	0.860111
117	159	0.817019
117	160	0.867688
117	161	0.89051
117	166	0.907931
117	167	0.837118
117	169	0.84646
117	171	0.857487
117	172	0.818735
117	173	0.871517
117	174	0.822599
117	176	0.852516
117	178	0.888836
117	179	0.844623
117	180	0.890191
118	15	3.23612
118	73	0.849849
118	87	2.21219
118	120	0.702794
118	122	2.49326
118	128	0.805662
118	132	0.806754
118	133	0.802126
118	134	0.810778
118	144	0.817019
118	146	0.761718
118	150	0.739572
118	152	0.861212
118	156	0.750465
118	157	0.811828
118	158	0.763254
118	160	0.770831
118	161	0.793653
118	162	0.777358
118	163	0.747886
118	167	0.74026
118	168	0.786578
118	170	0.792166
118	171	0.760629
118	173	0.77466
118	174	0.725742
118	175	0.736219
118	176	0.755659
118	179	0.747766
118	180	0.793333
119	16	3.0728
119	32	1.49572
119	50	2.15335
119	62	1.43085
119	83	1.14729
119	106	0.853841
119	117	0.929174
119	133	0.865935
119	139	0.860437
119	140	0.836348
119	146	0.825527
119	147	0.826228
119	150	0.803381
119	152	0.925021
119	153	0.774606
119	155	0.874717
119	161	0.857462
119	162	0.841166
119	163	0.811695
119	167	0.804069
119	168	0.850387
119	169	0.813411
119	171	0.824438
119	172	0.785686
119	173	0.838469
119	174	0.789551
119	175	0.800028
119	176	0.819468
119	177	0.796247
119	179	0.811574
119	180	0.857142
120	12	0.663758
120	16	0.732731
120	18	0.731643
120	26	0.808706
120	45	0.756272
120	52	0.755344
120	58	0.74578
120	61	0.740345
120	76	0.781409
120	80	0.781253
120	91	8.7
120	109	0.710293
120	118	0.702794
120	123	0.749587
120	129	0.744825
120	131	0.796859
120	136	0.795701
120	143	0.695818
120	147	0.696705
120	151	0.695742
120	164	0.66102
120	165	0.681755
120	166	0.745361
120	169	0.683889
120	172	0.656164
120	176	0.689945
120	177	0.666725
120	179	0.682052
120	180	0.72762
121	4	0.923288
121	17	0.944553
121	30	0.89119
121	31	0.87275
121	34	0.801892
121	36	0.86703
121	38	0.86448
121	39	0.866164
121	42	0.863728
121	47	0.854808
121	50	0.854198
121	51	0.853549
121	53	0.926317
121	54	0.186354
121	56	0.852556
121	63	0.921343
121	64	0.921066
121	65	0.910523
121	66	0.910225
121	110	0.840511
121	131	0.909219
121	136	0.908061
121	137	5.57059
121	149	0.867546
121	157	0.858474
121	159	0.766808
121	162	2.15087
121	164	0.77338
121	168	2.20678
121	180	2.03003
122	4	0.918291
122	10	0.922565
122	46	0.851429
122	47	0.849811
122	50	0.849201
122	51	0.848552
122	53	0.92132
122	56	0.847559
122	57	0.916107
122	58	0.853143
122	59	0.835354
122	61	0.847708
122	65	0.905526
122	66	0.905228
122	69	0.89524
122	76	0.888772
122	79	0.881834
122	80	0.888616
122	81	0.876355
122	91	0.84213
122	96	0.883887
122	118	2.49326
122	134	1.6803
122	145	2.38466
122	149	0.862549
122	154	2.00314
122	156	3.66449
122	162	2.04828
122	165	0.789118
122	177	0.774088
122	178	0.833629
123	1	0.970178
123	7	0.929461
123	12	0.776264
123	15	0.891185
123	16	0.845236
123	18	0.844149
123	20	0.901835
123	21	0.890131
123	24	0.89033
123	25	0.800939
123	26	0.921211
123	35	0.877526
123	46	0.856572
123	73	0.684156
123	79	0.886977
123	81	0.881498
123	82	0.865218
123	88	0.916649
123	91	0.847273
123	96	0.88903
123	99	1.09794
123	120	0.749587
123	129	2.04426
123	131	0.909365
123	136	0.908207
123	140	2.9869
123	143	0.808324
123	154	2.39562
123	159	4.0238
123	165	0.794261
123	178	0.838771
124	24	2.15455
124	27	2.50854
124	68	1.80253
124	95	0.820635
124	96	2.02531
124	98	0.745999
124	106	0.840252
124	116	0.853934
124	125	0.891622
124	131	0.996084
124	133	0.852346
124	134	0.860998
124	135	0.855218
124	139	0.846847
124	141	0.856889
124	144	0.867238
124	145	0.837405
124	151	0.811675
124	153	0.761017
124	156	0.800685
124	160	0.82105
124	161	0.843872
124	162	0.827577
124	166	0.861294
124	167	0.79048
124	168	0.836798
124	170	0.842386
124	172	0.772097
124	175	0.786439
124	176	0.805878
124	177	0.782658
124	179	0.797985
124	180	0.843553
125	23	2.14699
125	33	1.48012
125	50	1.49317
125	72	1.39624
125	80	1.74945
125	104	0.924914
125	110	0.924428
125	124	0.891622
125	127	0.8561
125	128	0.878556
125	136	0.633847
125	141	0.879564
125	142	0.888167
125	146	0.834612
125	147	0.835313
125	151	0.83435
125	152	0.934106
125	154	0.845383
125	156	0.82336
125	157	0.884722
125	160	0.843725
125	161	0.866547
125	162	0.850252
125	163	0.82078
125	167	0.813155
125	168	0.859472
125	170	0.865061
125	171	0.833524
125	172	0.794772
125	174	0.798636
125	175	0.809114
125	179	0.82066
125	180	0.866228
126	41	0.900016
126	44	0.90335
126	45	0.894038
126	46	0.881832
126	49	0.882399
126	52	0.89311
126	59	0.865757
126	61	0.878111
126	62	0.87096
126	69	0.925643
126	70	0.863941
126	71	0.924067
126	74	0.923563
126	75	0.863718
126	76	0.919175
126	77	0.91382
126	79	0.912237
126	80	0.919019
126	81	0.906758
126	88	0.941909
126	91	0.872533
126	96	0.91429
126	109	1.93399
126	110	0.63205
126	129	1.54591
126	138	1.82197
126	145	2.27879
126	147	3.56991
126	148	0.830038
126	164	3.28431
126	165	0.819521
126	177	0.804491
126	178	0.864031
127	38	1.99606
127	49	2.82667
127	56	3.16007
127	60	0.852761
127	74	1.91719
127	99	0.831651
127	108	0.771928
127	125	0.8561
127	130	0.818487
127	132	0.821452
127	138	0.813228
127	142	0.829971
127	144	0.831717
127	146	0.776416
127	148	0.772684
127	152	0.87591
127	154	0.787187
127	155	0.825607
127	156	0.765164
127	158	0.777952
127	161	0.808351
127	166	0.825772
127	167	0.754959
127	168	0.801276
127	171	0.775328
127	172	0.736576
127	173	0.789358
127	174	0.74044
127	175	0.750918
127	176	0.770357
127	177	0.747137
127	179	0.762464
127	180	0.808032
128	75	2.19676
128	90	1.31589
128	92	0.850164
128	104	0.889173
128	110	0.888687
128	111	0.91716
128	112	2.12522
128	116	0.840868
128	118	0.805662
128	125	0.878556
128	129	0.847692
128	132	0.843907
128	136	0.837686
128	141	0.843823
128	145	0.82434
128	147	0.799573
128	149	1.52577
128	150	0.776726
128	155	0.848062
128	156	0.787619
128	160	0.807985
128	162	0.814511
128	163	0.78504
128	166	0.848228
128	167	0.777414
128	168	0.823732
128	169	0.786756
128	170	0.82932
128	171	0.797783
128	174	0.762896
128	176	0.792813
128	179	0.784919
128	180	0.830487
129	60	0.880094
129	70	2.68482
129	84	2.90345
129	86	1.32156
129	116	0.845746
129	117	0.907396
129	120	0.744825
129	123	2.04426
129	126	1.54591
129	128	0.847692
129	130	0.84582
129	132	0.848785
129	140	0.81457
129	141	0.8487
129	143	0.803563
129	144	0.85905
129	145	0.829217
129	146	0.803749
129	147	0.80445
129	150	0.781603
129	151	0.803486
129	156	0.792496
129	162	0.819389
129	165	0.789499
129	167	0.782291
129	168	0.828609
129	169	0.791634
129	170	0.834197
129	171	0.80266
129	173	0.816691
129	174	0.767773
129	175	0.77825
129	176	0.79769
129	179	0.789797
129	180	0.835364
130	4	1.20708
130	8	3.17364
130	65	1.89792
130	85	0.855413
130	88	1.22879
130	94	2.99257
130	109	0.811288
130	116	0.838996
130	117	0.900647
130	127	0.818487
130	129	0.84582
130	133	0.837408
130	135	0.84028
130	138	0.833811
130	139	0.831909
130	140	0.807821
130	143	0.796813
130	144	0.8523
130	148	0.793267
130	152	0.896493
130	163	0.783167
130	166	0.846355
130	167	0.775542
130	168	0.821859
130	169	0.784884
130	170	0.827448
130	171	0.795911
130	172	0.757159
130	174	0.761023
130	175	0.771501
130	176	0.79094
130	177	0.76772
130	178	0.82726
130	179	0.783047
130	180	0.828615
131	12	0.823537
131	16	0.892509
131	18	0.891422
131	26	0.968484
131	27	0.935498
131	31	0.920169
131	36	0.914449
131	39	0.913583
131	48	0.90927
131	49	0.904411
131	62	0.892972
131	63	0.968762
131	64	0.968484
131	68	0.953067
131	70	0.885954
131	71	0.94608
131	74	0.945576
131	75	0.885731
131	77	0.935833
131	89	0.846327
131	104	0.300942
131	108	0.851294
131	113	0.406212
131	120	0.796859
131	121	0.909219
131	123	0.909365
131	124	0.996084
131	136	0.95548
131	142	1.07451
131	143	0.855597
131	148	0.852051
131	152	1.78322
131	153	11.7
131	157	0.905893
131	179	2.01328
132	28	3.01494
132	78	2.45026
132	81	1.41887
132	100	1.8462
132	102	2.06973
132	106	0.828278
