1	65	1.12324
1	68	1.028
1	70	1.03848
1	78	1.07818
1	82	1.07845
1	83	1.07876
1	136	1.05332
1	143	1.07782
1	144	1.07702
1	150	0.949041
1	164	1.76127
1	166	1.00736
2	4	1.0179
2	15	1.02343
2	17	1.10343
2	25	1.00466
2	30	1.11685
2	39	1.08484
2	103	1.02976
2	132	1.12637
2	138	0.592169
2	145	1.10511
2	149	1.14468
2	160	2.36015
3	4	0.9032
3	15	0.908728
3	17	0.988728
3	23	1.03765
3	25	0.889963
3	30	1.00215
3	39	0.970137
3	94	1.3491
3	103	0.915058
3	122	1.87758
3	145	0.990406
3	149	1.02998
4	2	1.0179
4	3	0.9032
4	15	0.894158
4	17	0.974158
4	23	1.02308
4	25	0.875392
4	30	0.987578
4	39	0.955566
4	130	1.70864
4	145	0.975835
4	147	1.69805
4	149	1.01541
5	16	1.04961
5	32	0.901226
5	34	0.898483
5	47	0.970239
5	50	0.966269
5	54	0.954968
5	63	1.02114
5	103	0.921082
5	107	0.962948
5	108	1.74768
5	120	0.970822
5	161	1.72003
6	7	0.919057
6	10	0.927734
6	12	1.03982
6	19	1.04591
6	37	0.991856
6	42	0.889326
6	55	0.937941
6	107	0.953834
6	114	0.948579
6	134	0.973277
6	138	1.75806
6	149	1.53087
7	6	0.919057
7	10	0.9352
7	12	1.04728
7	18	0.900118
7	19	1.05337
7	37	0.999322
7	42	0.896792
7	55	0.945408
7	107	0.9613
7	134	0.980743
7	156	1.76249
7	161	1.70135
8	19	1.78348
8	125	0.984597
8	164	0.88429
8	168	0.826557
8	170	0.896423
8	171	0.894348
8	175	0.858213
8	176	0.854332
8	177	0.840921
8	178	0.82725
8	179	0.855415
8	180	0.855433
9	13	0.930053
9	27	1.01826
9	29	0.822945
9	31	0.895307
9	43	0.993702
9	48	1.01715
9	51	0.968136
9	53	0.968336
9	58	1.0412
9	105	1.41415
9	114	0.958172
9	122	1.78719
10	6	0.927734
10	7	0.9352
10	12	1.05596
10	18	0.908796
10	35	0.983095
10	37	1.008
10	42	0.90547
10	55	0.954085
10	114	0.964723
10	131	0.840427
10	134	0.989421
10	172	2.76878
11	16	1.04715
11	32	0.898768
11	34	0.896025
11	38	0.995586
11	47	0.96778
11	50	0.963811
11	54	0.95251
11	63	1.01869
11	103	0.918624
11	120	0.968364
11	129	1.52374
11	159	1.74701
12	6	1.03982
12	7	1.04728
12	10	1.05596
12	18	1.02088
12	35	1.09518
12	55	1.06617
12	96	1.12105
12	114	1.07681
12	124	0.753137
12	134	1.1015
12	160	1.71951
12	175	1.76068
13	9	0.930053
13	27	1.01754
13	29	0.822222
13	31	0.894584
13	43	0.99298
13	48	1.01643
13	51	0.967414
13	53	0.967614
13	58	1.04048
13	114	0.95745
13	130	0.932011
13	176	2.62405
14	24	1.02116
14	68	1.03622
14	78	1.0864
14	82	1.08667
14	83	1.08699
14	120	1.08471
14	124	2.16785
14	126	0.980785
14	129	0.716435
14	143	1.08604
14	144	1.08524
14	166	1.01558
15	2	1.02343
15	3	0.908728
15	4	0.894158
15	23	1.0286
15	25	0.88092
15	30	0.993106
15	39	0.961094
15	103	0.906015
15	145	0.981363
15	149	1.02094
15	150	1.2231
15	171	2.14913
16	5	1.04961
16	11	1.04715
16	32	1.02102
16	34	1.01828
16	47	1.09003
16	50	1.08606
16	54	1.07476
16	63	1.14094
16	107	1.08274
16	125	1.07333
16	150	1.17798
16	177	4.07822
17	2	1.10343
17	3	0.988728
17	4	0.974158
17	23	1.1086
17	25	0.96092
17	30	1.07311
17	39	1.04109
17	76	0.855041
17	103	0.986015
17	119	1.50131
17	126	1.53339
17	145	1.06136
17	149	1.10094
18	7	0.900118
18	10	0.908796
18	12	1.02088
18	19	1.02697
18	35	0.948013
18	37	0.972918
18	42	0.870388
18	55	0.919003
18	96	0.973889
18	114	0.929641
18	134	0.954339
18	150	1.38218
18	156	2.22314
19	6	1.04591
19	7	1.05337
19	8	1.78348
19	18	1.02697
19	35	1.10127
19	42	1.02364
19	55	1.07226
19	107	1.08815
19	114	1.0829
19	134	1.10759
19	153	0.60263
19	169	1.13256
20	49	0.404993
20	89	0.578601
20	123	1.13222
20	154	0.300709
20	164	1.04835
20	168	0.990616
20	169	1.09021
20	173	1.01454
20	174	1.05291
20	175	1.02227
20	178	0.991309
20	179	1.01947
20	180	1.01949
21	38	0.450726
21	55	0.73603
21	96	0.300863
21	138	1.16804
21	165	1.08414
21	173	1.01302
21	174	1.05139
21	175	1.02075
21	176	1.01687
21	177	1.00346
21	178	0.989787
21	179	1.01795
21	180	1.01797
22	33	1.06784
22	68	1.00384
22	70	1.01433
22	78	1.05403
22	82	1.0543
22	83	1.05461
22	120	1.05233
22	125	0.786607
22	142	1.52841
22	143	1.05366
22	144	1.05287
22	161	1.67107
22	166	0.983211
23	3	1.03765
23	4	1.02308
23	15	1.0286
23	17	1.1086
23	25	1.00984
23	39	1.09001
23	103	1.03493
23	116	0.79638
23	119	1.17257
23	128	1.77616
23	145	1.11028
23	149	1.14986
24	14	1.02116
24	28	0.895531
24	65	0.995034
24	70	0.910277
24	78	0.949977
24	82	0.950244
24	83	0.950559
24	120	0.94828
24	143	0.949611
24	144	0.948814
24	158	1.299
24	166	0.879157
24	167	2.51826
25	2	1.00466
25	3	0.889963
25	4	0.875392
25	15	0.88092
25	17	0.96092
25	23	1.00984
25	30	0.974341
25	39	0.942329
25	103	0.88725
25	145	0.962598
25	149	1.00217
25	160	2.42197
25	166	1.37252
26	29	0.914167
26	31	0.986529
26	51	1.05936
26	53	1.05956
26	58	1.13243
26	86	1.04488
26	87	1.04483
26	91	1.09811
26	129	1.25451
26	149	1.15528
26	154	1.06477
26	155	0.996672
26	159	1.47777
27	9	1.01826
27	13	1.01754
27	29	0.910427
27	31	0.982789
27	43	1.08118
27	48	1.10464
27	51	1.05562
27	53	1.05582
27	58	1.12869
27	114	1.04565
27	121	0.843088
27	159	0.636755
27	172	2.68085
28	24	0.895531
28	33	0.97458
28	65	1.00583
28	68	0.910588
28	70	0.921075
28	78	0.960775
28	82	0.961041
28	83	0.961356
28	131	1.37376
28	143	0.960409
28	144	0.959611
28	152	2.24944
28	166	0.889954
29	9	0.822945
29	13	0.822222
29	26	0.914167
29	27	0.910427
29	31	0.787476
29	43	0.885872
29	48	0.909324
29	51	0.860306
29	53	0.860506
29	58	0.933372
29	60	0.846609
29	114	0.850341
29	127	3.14018
30	2	1.11685
30	3	1.00215
30	4	0.987578
30	15	0.993106
30	17	1.07311
30	25	0.974341
30	39	1.05451
30	103	0.999436
30	137	1.0558
30	145	1.07478
30	149	1.11436
30	151	1.21066
30	158	1.86708
31	9	0.895307
31	13	0.894584
31	26	0.986529
31	27	0.982789
31	29	0.787476
31	43	0.958234
31	48	0.981686
31	51	0.932668
31	53	0.932868
31	58	1.00573
31	60	0.918971
31	114	0.922703
31	137	1.02986
31	160	2.89836
32	5	0.901226
32	11	0.898768
32	16	1.02102
32	34	0.869891
32	38	0.969453
32	47	0.941647
32	54	0.926376
32	61	0.925129
32	63	0.992552
32	103	0.89249
32	107	0.934356
32	120	0.94223
32	147	1.06325
32	173	2.71603
33	22	1.06784
33	28	0.97458
33	65	1.07408
33	68	0.978839
33	69	1.59252
33	70	0.989326
33	78	1.02903
33	82	1.02929
33	83	1.02961
33	125	0.969063
33	143	1.02866
33	144	1.02786
33	158	1.78226
33	166	0.958205
34	5	0.898483
34	11	0.896025
34	16	1.01828
34	32	0.869891
34	38	0.966709
34	47	0.938903
34	50	0.934934
34	54	0.923633
34	63	0.989808
34	103	0.889747
34	107	0.931613
34	120	0.939487
34	133	2.09813
34	141	1.66688
35	10	0.983095
35	12	1.09518
35	18	0.948013
35	19	1.10127
35	37	1.04722
35	42	0.944687
35	55	0.993302
35	96	1.04819
35	100	1.18115
35	107	1.00919
35	114	1.00394
35	134	1.02864
35	148	1.43116
35	180	2.19737
36	59	0.926891
36	75	0.96691
36	90	0.929398
36	104	0.950526
36	106	0.884571
36	109	0.924793
36	110	0.914389
36	111	0.964013
36	116	1.18188
36	118	0.906442
36	135	2.61106
36	144	0.940756
36	145	0.96583
36	154	0.942465
37	6	0.991856
37	7	0.999322
37	10	1.008
37	18	0.972918
37	35	1.04722
37	42	0.969592
37	55	1.01821
37	74	0.625758
37	96	1.07309
37	107	1.0341
37	114	1.02885
37	134	1.05354
37	151	1.55776
37	155	2.0242
38	11	0.995586
38	21	0.450726
38	32	0.969453
38	34	0.966709
38	47	1.03846
38	50	1.0345
38	54	1.02319
38	61	1.02195
38	63	1.08937
38	103	0.989308
38	107	1.03117
38	120	1.03905
38	139	1.57134
38	140	1.7488
39	2	1.08484
39	3	0.970137
39	4	0.955566
39	15	0.961094
39	17	1.04109
39	23	1.09001
39	25	0.942329
39	30	1.05451
39	103	0.967424
39	145	1.04277
39	149	1.08235
39	172	1.53157
39	176	1.67855
39	180	1.38532
40	62	1.03787
40	64	1.0132
40	66	1.0365
40	67	0.996443
40	86	1.01936
40	87	1.01931
40	91	1.07259
40	128	0.987921
40	143	1.03833
40	154	1.03925
40	155	0.971151
40	162	2.02934
40	169	1.17182
40	174	1.36723
41	62	1.03787
41	64	1.0132
41	66	1.0365
41	67	0.996443
41	86	1.01936
41	87	1.01931
41	91	1.07259
41	128	0.987921
41	136	1.48771
41	143	1.03833
41	154	1.03925
41	155	0.971151
41	177	2.5091
41	178	2.71571
42	6	0.889326
42	7	0.896792
42	10	0.90547
42	18	0.870388
42	19	1.02364
42	35	0.944687
42	37	0.969592
42	52	0.714475
42	55	0.915677
42	96	0.970562
42	107	0.93157
42	114	0.926315
42	134	0.951013
42	180	2.96625
43	9	0.993702
43	13	0.99298
43	27	1.08118
43	29	0.885872
43	31	0.958234
43	48	1.08008
43	51	1.03106
43	53	1.03126
43	58	1.10413
43	60	1.01737
43	98	1.00515
43	114	1.0211
43	138	0.981892
43	161	2.28578
44	71	0.977733
44	73	0.973233
44	77	0.956204
44	84	1.01217
44	85	1.01343
44	92	1.04738
44	93	0.986499
44	95	1.0468
44	97	1.04565
44	99	0.985174
44	102	1.02142
44	132	1.74943
44	141	0.582821
44	147	0.98212
44	174	2.21697
45	49	0.99936
45	75	1.03085
45	76	0.753478
45	106	0.948512
45	109	0.988733
45	110	0.97833
45	111	1.02795
45	112	1.02758
45	116	1.02355
45	118	0.970383
45	142	2.45666
45	144	1.0047
45	145	1.02977
45	146	0.994868
45	154	1.00641
46	71	0.978036
46	73	0.973537
46	77	0.956507
46	80	1.04575
46	84	1.01248
46	92	1.04768
46	93	0.986803
46	95	1.04711
46	97	1.04596
46	99	0.985478
46	102	1.02172
46	113	1.34222
46	137	1.90471
46	146	1.00381
46	147	0.982424
47	5	0.970239
47	11	0.96778
47	16	1.09003
47	32	0.941647
47	34	0.938903
47	38	1.03846
47	50	1.00669
47	54	0.995388
47	63	1.06156
47	103	0.961502
47	107	1.00337
47	120	1.01124
47	129	0.787719
47	165	1.5588
47	175	2.81074
48	9	1.01715
48	13	1.01643
48	27	1.10464
48	29	0.909324
48	31	0.981686
48	43	1.08008
48	51	1.05452
48	53	1.05472
48	58	1.12758
48	114	1.04455
48	165	0.989983
48	177	2.24
48	178	2.44661
49	20	0.404993
49	45	0.99936
49	72	0.9784
49	88	0.988526
49	90	0.996199
49	96	1.03814
49	104	1.01733
49	106	0.951372
49	109	0.991594
49	111	1.03081
49	112	1.03044
49	118	0.973243
49	145	1.03263
49	162	2.51068
49	165	1.40403
50	5	0.966269
50	11	0.963811
50	16	1.08606
50	34	0.934934
50	38	1.0345
50	47	1.00669
50	54	0.991419
50	61	0.990172
50	63	1.05759
50	79	1.06654
50	103	0.957533
50	107	0.999399
50	120	1.00727
50	125	1.52341
50	147	1.68774
51	9	0.968136
51	13	0.967414
51	26	1.05936
51	27	1.05562
51	29	0.860306
51	31	0.932668
51	43	1.03106
51	48	1.05452
51	53	1.0057
51	57	3.2
51	58	1.07856
51	60	0.9918
51	114	0.995533
51	158	0.94745
51	165	0.793892
52	42	0.714475
52	55	1.36555
52	132	1.05893
52	145	0.135027
52	150	1.06364
52	160	1.0032
52	168	0.956279
52	170	1.02615
52	172	1.00148
52	175	0.987935
52	176	0.984054
52	177	0.970643
52	178	0.956972
52	179	0.985137
52	180	0.985155
53	9	0.968336
53	13	0.967614
53	26	1.05956
53	27	1.05582
53	29	0.860506
53	31	0.932868
53	43	1.03126
53	48	1.05472
53	51	1.0057
53	58	1.07876
53	60	0.992
53	114	0.995733
53	138	1.05893
53	151	1.63513
53	163	1.81718
54	5	0.954968
54	11	0.95251
54	16	1.07476
54	32	0.926376
54	34	0.923633
54	38	1.02319
54	47	0.995388
54	50	0.991419
54	61	0.978871
54	63	1.04629
54	103	0.946232
54	107	0.988098
54	113	1.13758
54	119	1.38304
54	120	0.995972
54	153	2.07698
55	6	0.937941
55	7	0.945408
55	10	0.954085
55	12	1.06617
55	18	0.919003
55	19	1.07226
55	21	0.73603
55	35	0.993302
55	37	1.01821
55	42	0.915677
55	52	1.36555
55	96	1.01918
55	107	0.980185
55	114	0.97493
55	115	1.4443
55	134	0.999628
56	59	0.982632
56	88	0.977466
56	89	0.974942
56	90	0.98514
56	104	1.00627
56	106	0.940312
56	109	0.980534
56	110	0.970131
56	111	1.01975
56	112	1.01938
56	118	0.962183
56	123	0.668152
56	124	1.61093
56	145	1.02157
56	146	0.986669
56	173	2.52401
57	51	3.2
57	132	0.887357
57	139	0.962706
57	140	0.930559
57	148	0.887172
57	152	0.875759
57	153	0.890076
57	160	0.831622
57	167	0.828372
57	172	0.8299
57	174	0.846998
57	176	0.812478
57	177	0.799067
57	178	0.785396
57	179	0.813561
57	180	0.813579
58	9	1.0412
58	13	1.04048
58	26	1.13243
58	27	1.12869
58	29	0.933372
58	31	1.00573
58	43	1.10413
58	48	1.12758
58	51	1.07856
58	53	1.07876
58	60	1.06487
58	101	1.46671
58	114	1.0686
58	126	0.93778
58	138	0.801382
58	155	1.84402
59	36	0.926891
59	56	0.982632
59	72	0.969871
59	75	1.02518
59	89	0.977473
59	90	0.987671
59	96	1.02961
59	104	1.0088
59	106	0.942844
59	110	0.972662
59	111	1.02229
59	112	1.02191
59	117	1.45303
59	118	0.964714
59	157	1.91043
59	171	1.50518
60	29	0.846609
60	31	0.918971
60	43	1.01737
60	51	0.9918
60	53	0.992
60	58	1.06487
60	85	0.995594
60	95	1.02897
60	97	1.02782
60	99	0.96734
60	102	1.00359
60	116	1.15002
60	137	1.84323
60	146	0.98567
60	147	0.964286
60	159	1.5172
61	32	0.925129
61	38	1.02195
61	50	0.990172
61	54	0.978871
61	63	1.04505
61	77	0.93813
61	85	0.995355
61	93	0.968425
61	95	1.02873
61	99	0.9671
61	100	1.54182
61	101	0.957812
61	102	1.00335
61	120	0.994725
61	155	1.60754
61	170	1.94873
62	40	1.03787
62	41	1.03787
62	64	0.98889
62	66	1.01219
62	67	0.972132
62	86	0.995046
62	87	0.995
62	91	1.04828
62	101	1.2398
62	128	0.96361
62	143	1.01402
62	151	1.15067
62	154	1.01493
62	155	0.94684
62	174	2.09807
63	5	1.02114
63	11	1.01869
63	16	1.14094
63	32	0.992552
63	34	0.989808
63	38	1.08937
63	47	1.06156
63	50	1.05759
63	54	1.04629
63	61	1.04505
63	103	1.01241
63	107	1.05427
63	120	1.06215
63	148	1.26341
63	163	0.794712
63	169	1.36466
63	176	2.32285
64	40	1.0132
64	41	1.0132
64	62	0.98889
64	66	0.987524
64	67	0.947467
64	74	1.05856
64	86	0.970381
64	87	0.970335
64	91	1.02362
64	121	0.582606
64	128	0.938945
64	143	0.989357
64	154	0.990269
64	155	0.922175
64	170	1.66479
64	176	2.56734
65	1	1.12324
65	24	0.995034
65	28	1.00583
65	33	1.07408
65	68	1.01009
65	70	1.02058
65	78	1.06028
65	82	1.06054
65	83	1.06086
65	108	1.25314
65	120	1.05858
65	143	1.05991
65	144	1.05911
65	156	1.28662
65	166	0.989457
65	169	1.24978
65	179	1.87453
66	40	1.0365
66	41	1.0365
66	62	1.01219
66	64	0.987524
66	67	0.970765
66	86	0.99368
66	87	0.993633
66	91	1.04692
66	116	1.04817
66	123	1.70073
66	128	0.962243
66	133	1.64074
66	143	1.01265
66	154	1.01357
66	155	0.945473
67	40	0.996443
67	41	0.996443
67	62	0.972132
67	64	0.947467
67	66	0.970765
67	76	1.04915
67	79	0.966308
67	86	0.953623
67	87	0.953577
67	91	1.00686
67	98	1.61814
67	128	0.922186
67	141	1.48433
67	143	0.972598
67	154	0.97351
67	155	0.905416
67	159	1.69019
68	1	1.028
68	14	1.03622
68	22	1.00384
68	28	0.910588
68	33	0.978839
68	65	1.01009
68	70	0.925334
68	78	0.965034
68	82	0.9653
68	83	0.965615
68	115	1.34342
68	120	0.963336
68	121	1.82495
68	143	0.964667
68	144	0.96387
68	166	0.894213
68	168	5.33978
69	33	1.59252
69	113	1.07469
69	141	1.03405
69	143	1.04982
69	157	0.897276
69	159	0.978633
69	162	0.883272
69	167	0.880636
69	168	0.836968
69	169	0.936562
69	171	0.904759
69	172	0.882164
69	174	0.899262
69	178	0.83766
69	179	0.865825
69	180	0.865843
70	1	1.03848
70	22	1.01433
70	24	0.910277
70	28	0.921075
70	33	0.989326
70	65	1.02058
70	68	0.925334
70	78	0.97552
70	82	0.975787
70	83	0.976102
70	117	1.98441
70	120	0.973823
70	143	0.975154
70	144	0.974357
70	148	1.81338
70	163	1.34469
70	166	0.9047
71	44	0.977733
71	46	0.978036
71	73	0.937195
71	77	0.920165
71	79	1.17032
71	84	0.976135
71	85	0.97739
71	92	1.01134
71	93	0.95046
71	95	1.01076
71	97	1.00962
71	102	0.985381
71	113	1.06662
71	134	0.988329
71	146	0.967466
71	147	0.946082
71	156	2.57279
72	49	0.9784
72	59	0.969871
72	89	0.962181
72	90	0.972379
72	104	0.993506
72	106	0.927552
72	109	0.967773
72	110	0.95737
72	112	1.00662
72	118	0.949422
72	130	0.966365
72	144	0.983736
72	146	0.973908
72	152	1.04101
72	154	0.985446
72	172	1.33554
72	177	4.18313
73	44	0.973233
73	46	0.973537
73	71	0.937195
73	84	0.971636
73	85	0.97289
73	92	1.00684
73	93	0.945961
73	95	1.00626
73	97	1.00512
73	99	0.944636
73	102	0.980882
73	119	0.96035
73	134	0.983829
73	139	1.03798
73	141	0.694968
73	146	0.962966
73	167	3.2574
74	37	0.625758
74	64	1.05856
74	86	1.06472
74	87	1.06467
74	91	1.11796
74	99	0.810969
74	118	0.378871
74	143	1.0837
74	144	0.416764
74	154	1.08461
74	155	1.01651
74	162	0.985885
74	163	1.03761
74	166	1.01324
74	175	0.971235
74	178	0.940272
74	179	0.968437
74	180	0.968455
75	36	0.96691
75	45	1.03085
75	59	1.02518
75	88	1.02002
75	89	1.01749
75	104	1.04882
75	109	1.02308
75	110	1.01268
75	111	1.0623
75	112	1.06193
75	118	1.00473
75	132	1.50136
75	144	1.03905
75	145	1.06412
75	146	1.02922
75	151	1.0215
75	155	1.48794
75	158	1.67792
76	17	0.855041
76	45	0.753478
76	67	1.04915
76	86	1.07207
76	87	1.07202
76	91	1.1253
76	103	0.688596
76	104	0.398222
76	143	1.09104
76	154	1.09196
76	155	1.02386
76	169	1.04652
76	173	0.970856
76	176	0.974704
76	177	0.961293
76	178	0.947622
76	179	0.975786
76	180	0.975804
77	44	0.956204
77	46	0.956507
77	61	0.93813
77	71	0.920165
77	84	0.954606
77	85	0.955861
77	92	0.989809
77	93	0.928931
77	95	0.989235
77	97	0.988087
77	99	0.927606
77	101	0.918318
77	102	0.963852
77	134	0.9668
77	136	1.53194
77	146	0.945937
77	147	0.924553
77	148	2.13053
77	153	1.70185
78	1	1.07818
78	14	1.0864
78	22	1.05403
78	24	0.949977
78	28	0.960775
78	33	1.02903
78	65	1.06028
78	68	0.965034
78	70	0.97552
78	82	1.01549
78	83	1.0158
78	100	1.01841
78	120	1.01352
78	143	1.01485
78	144	1.01406
78	156	1.15495
78	166	0.9444
78	168	4.86022
78	177	2.18955
79	50	1.06654
79	67	0.966308
79	71	1.17032
79	86	0.989223
79	87	0.989177
79	91	1.04246
79	99	1.12933
79	143	1.0082
79	154	1.00911
79	155	0.941016
79	156	0.943374
79	159	1.00575
79	161	0.935961
79	174	0.926377
79	176	0.891858
79	177	0.878447
79	178	0.864775
79	179	0.89294
79	180	0.892958
80	46	1.04575
80	89	1.05316
80	95	0.339403
80	97	0.668295
80	102	0.415498
80	106	1.01853
80	109	1.05875
80	110	1.04835
80	111	1.09797
80	118	1.0404
80	124	1.04557
80	154	1.07642
80	164	0.989129
80	172	0.976593
80	173	0.955324
80	176	0.959171
80	177	0.94576
80	179	0.960254
80	180	0.960272
81	82	0.190064
81	84	0.607707
81	97	0.67673
81	108	1.04673
81	110	0.472916
81	119	1.0836
81	142	1.03117
81	156	1.03202
81	158	1.04954
81	162	0.999035
81	169	1.05232
81	170	1.0226
81	171	1.02052
81	173	0.976657
81	176	0.980505
81	177	0.967094
81	178	0.953423
81	179	0.981588
81	180	0.981606
82	1	1.07845
82	14	1.08667
82	22	1.0543
82	24	0.950244
82	28	0.961041
82	33	1.02929
82	65	1.06054
82	68	0.9653
82	70	0.975787
82	78	1.01549
82	81	0.190064
82	83	1.01607
82	120	1.01379
82	122	1.00715
82	143	1.01512
82	144	1.01432
82	151	1.19544
82	166	0.944667
82	176	2.90562
83	1	1.07876
83	14	1.08699
83	22	1.05461
83	24	0.950559
83	28	0.961356
83	33	1.02961
83	65	1.06086
83	68	0.965615
83	70	0.976102
83	78	1.0158
83	82	1.01607
83	113	0.576755
83	120	1.0141
83	121	1.01954
83	143	1.01544
83	144	1.01464
83	161	2.02178
83	164	2.0542
83	166	0.944982
84	44	1.01217
84	46	1.01248
84	71	0.976135
84	73	0.971636
84	77	0.954606
84	81	0.607707
84	85	1.01183
84	92	1.04578
84	93	0.984901
84	95	1.0452
84	97	1.04406
84	99	0.983576
84	101	0.974288
84	102	1.01982
84	119	0.999291
84	131	1.24794
84	139	1.26935
84	146	1.00191
84	147	0.980523
84	164	2.37319
85	44	1.01343
85	60	0.995594
85	61	0.995355
85	71	0.97739
85	73	0.97289
85	77	0.955861
85	84	1.01183
85	92	1.04703
85	93	0.986156
85	97	1.04531
85	99	0.984831
85	101	0.975543
85	102	1.02108
85	119	1.00055
85	130	0.832173
85	134	1.02402
85	135	1.39514
85	146	1.00316
85	169	1.56602
85	175	2.56884
86	26	1.04488
86	40	1.01936
86	41	1.01936
86	62	0.995046
86	64	0.970381
86	66	0.99368
86	67	0.953623
86	74	1.06472
86	76	1.07207
86	79	0.989223
86	87	0.976491
86	91	1.02977
86	128	0.945101
86	131	0.747789
86	143	0.995513
86	154	0.996425
86	155	0.928331
86	159	0.632052
86	162	2.72245
86	174	2.06034
87	26	1.04483
87	40	1.01931
87	41	1.01931
87	62	0.995
87	64	0.970335
87	66	0.993633
87	67	0.953577
87	74	1.06467
87	76	1.07202
87	79	0.989177
87	86	0.976491
87	91	1.02973
87	128	0.945054
87	135	1.29188
87	143	0.995466
87	148	1.36151
87	154	0.996379
87	155	0.928285
87	157	1.98993
87	174	1.65818
88	49	0.988526
88	56	0.977466
88	75	1.02002
88	89	0.972308
88	90	0.982505
88	104	1.00363
88	105	1.20032
88	106	0.937678
88	109	0.9779
88	110	0.967496
88	111	1.01712
88	112	1.01674
88	118	0.959549
88	119	1.28977
88	130	0.976491
88	133	1.50614
88	144	0.993863
88	145	1.01894
88	146	0.984035
88	154	0.995572
88	165	2.26451
89	20	0.578601
89	56	0.974942
89	59	0.977473
89	72	0.962181
89	75	1.01749
89	80	1.05316
89	88	0.972308
89	90	0.979981
89	100	0.858623
89	104	1.00111
89	106	0.935154
89	109	0.975375
89	110	0.964972
89	111	1.0146
89	112	1.01422
89	118	0.957024
89	145	1.01641
89	146	0.98151
89	154	0.993048
89	165	0.960766
89	178	5.07531
90	36	0.929398
90	49	0.996199
90	56	0.98514
90	59	0.987671
90	72	0.972379
90	88	0.982505
90	89	0.979981
90	104	1.01131
90	106	0.945351
90	109	0.985573
90	110	0.975169
90	111	1.02479
90	112	1.02442
90	118	0.967222
90	131	1.36
90	145	1.02661
90	146	0.991708
90	149	0.92177
90	154	1.00325
90	163	1.9072
90	165	2.22802
91	26	1.09811
91	40	1.07259
91	41	1.07259
91	62	1.04828
91	64	1.02362
91	66	1.04692
91	67	1.00686
91	74	1.11796
91	76	1.1253
91	79	1.04246
91	86	1.02977
91	87	1.02973
91	113	0.56485
91	128	0.998336
91	139	0.756611
91	142	1.68538
91	143	1.04875
91	154	1.04966
91	155	0.981566
91	166	1.76453
91	170	1.90798
92	44	1.04738
92	46	1.04768
92	71	1.01134
92	73	1.00684
92	77	0.989809
92	84	1.04578
92	85	1.04703
92	93	1.0201
92	95	1.08041
92	97	1.07926
92	99	1.01878
92	101	1.00949
92	102	1.05502
92	119	1.03449
92	128	1.51058
92	130	1.39701
92	134	1.05797
92	136	1.43103
92	146	1.03711
92	147	1.01573
92	149	0.575492
92	152	1.8894
93	44	0.986499
93	46	0.986803
93	61	0.968425
93	71	0.95046
93	73	0.945961
93	77	0.928931
93	84	0.984901
93	85	0.986156
93	92	1.0201
93	95	1.01953
93	97	1.01838
93	99	0.957902
93	101	0.948614
93	102	0.994147
93	119	0.973616
93	128	1.38633
93	134	0.997095
93	139	0.910887
93	146	0.976232
93	147	0.954848
93	153	1.47669
93	180	2.67157
94	3	1.3491
94	110	0.76153
94	129	1.11905
94	130	1.03223
94	134	0.6045
94	141	1.10337
94	145	0.25309
94	150	1.01365
94	153	1.01166
94	160	0.953205
94	161	0.978164
94	164	0.964019
94	171	0.974078
94	172	0.951483
94	173	0.930213
94	174	0.968581
94	175	0.937942
94	176	0.934061
94	177	0.92065
94	178	0.906979
94	179	0.935144
94	180	0.935162
95	44	1.0468
95	46	1.04711
95	60	1.02897
95	61	1.02873
95	71	1.01076
95	73	1.00626
95	77	0.989235
95	80	0.339403
95	84	1.0452
95	92	1.08041
95	93	1.01953
95	97	1.07869
95	99	1.0182
95	102	1.05445
95	119	1.03392
95	134	1.0574
95	138	0.77702
95	141	0.66647
95	146	1.03654
95	147	1.01515
95	153	1.57528
95	173	3.01356
96	12	1.12105
96	18	0.973889
96	21	0.300863
96	35	1.04819
96	37	1.07309
96	42	0.970562
96	49	1.03814
96	55	1.01918
96	59	1.02961
96	105	1.20389
96	106	0.987294
96	107	1.03507
96	110	1.01711
96	111	1.06674
96	112	1.06636
96	118	1.00916
96	130	1.02611
96	134	1.05451
96	141	1.07847
96	150	1.71309
96	154	1.04519
96	163	1.94726
97	44	1.04565
97	46	1.04596
97	60	1.02782
97	71	1.00962
97	73	1.00512
97	77	0.988087
97	80	0.668295
97	81	0.67673
97	84	1.04406
97	85	1.04531
97	92	1.07926
97	93	1.01838
97	95	1.07869
97	99	1.01706
97	102	1.0533
97	119	1.03277
97	126	1.24231
97	134	1.05625
97	146	1.03539
97	147	1.014
97	149	0.878728
97	166	2.34629
98	43	1.00515
98	67	1.61814
98	100	1.08109
98	120	0.677501
98	142	0.984809
98	143	0.0301968
98	151	1.04812
98	152	0.997429
98	153	1.01175
98	156	0.985665
98	162	0.952678
98	164	0.964106
98	165	1.00142
98	169	1.00597
98	170	0.976239
98	172	0.95157
98	173	0.9303
98	174	0.968667
98	176	0.934148
98	178	0.907066
98	179	0.93523
98	180	0.935248
99	44	0.985174
99	46	0.985478
99	60	0.96734
99	61	0.9671
99	73	0.944636
99	74	0.810969
99	77	0.927606
99	79	1.12933
99	84	0.983576
99	85	0.984831
99	92	1.01878
99	93	0.957902
99	95	1.0182
99	97	1.01706
99	101	0.947289
99	102	0.992823
99	105	1.18165
99	119	0.972291
99	132	2.22283
99	134	0.99577
99	146	0.974907
99	147	0.953523
100	35	1.18115
100	61	1.54182
100	78	1.01841
100	89	0.858623
100	98	1.08109
100	124	1.01514
100	127	0.947549
100	131	1.06035
100	142	0.97941
100	150	1.00834
100	159	1.04264
100	162	0.947279
100	166	0.974635
100	167	0.944642
100	168	0.900974
100	170	0.97084
100	172	0.946171
100	174	0.963268
100	176	0.928749
100	177	0.915338
100	178	0.901666
100	179	0.929831
100	180	0.929849
101	58	1.46671
101	61	0.957812
101	62	1.2398
101	77	0.918318
101	84	0.974288
101	85	0.975543
101	92	1.00949
101	93	0.948614
101	99	0.947289
101	102	0.983535
101	136	0.951007
101	144	1.4379
101	147	0.944235
101	150	0.939492
101	155	0.909063
101	168	0.832129
101	169	0.931723
101	171	0.89992
101	176	0.859904
101	177	0.846493
101	178	0.832822
101	179	0.860986
101	180	0.861004
102	44	1.02142
102	46	1.02172
102	60	1.00359
102	61	1.00335
102	71	0.985381
102	73	0.980882
102	77	0.963852
102	80	0.415498
102	84	1.01982
102	85	1.02108
102	92	1.05502
102	93	0.994147
102	95	1.05445
102	97	1.0533
102	99	0.992823
102	101	0.983535
102	113	0.711972
102	119	1.00854
102	123	1.2338
102	134	1.03202
102	140	1.26304
102	146	1.01115
102	147	0.989769
102	175	3.18412
103	2	1.02976
103	3	0.915058
103	5	0.921082
103	11	0.918624
103	15	0.906015
103	17	0.986015
103	23	1.03493
103	25	0.88725
103	30	0.999436
103	32	0.89249
103	34	0.889747
103	38	0.989308
103	39	0.967424
103	47	0.961502
103	50	0.957533
103	54	0.946232
103	63	1.01241
103	76	0.688596
103	120	0.962086
103	138	1.23055
103	145	0.987693
103	149	1.02727
103	150	1.75462
103	170	2.61438
104	36	0.950526
104	49	1.01733
104	56	1.00627
104	59	1.0088
104	72	0.993506
104	75	1.04882
104	76	0.398222
104	88	1.00363
104	89	1.00111
104	90	1.01131
104	106	0.966478
104	109	1.0067
104	110	0.996297
104	111	1.04592
104	112	1.04555
104	118	0.988349
104	122	1.32808
104	127	2.85982
104	130	1.00529
104	140	1.35009
104	144	1.02266
104	145	1.04774
104	146	1.01284
104	149	0.712989
105	9	1.41415
105	88	1.20032
105	96	1.20389
105	99	1.18165
105	117	0.984377
105	128	0.97568
105	132	0.984631
105	137	0.999122
105	139	1.05998
105	153	0.987349
105	155	0.95891
105	158	0.978785
105	165	0.977023
105	167	0.925645
105	169	0.981571
105	170	0.951843
105	172	0.927174
105	173	0.905904
105	174	0.944271
105	175	0.913632
105	176	0.909752
105	177	0.896341
105	178	0.88267
105	179	0.910834
105	180	0.910852
106	36	0.884571
106	45	0.948512
106	49	0.951372
106	56	0.940312
106	59	0.942844
106	72	0.927552
106	80	1.01853
106	88	0.937678
106	89	0.935154
106	90	0.945351
106	96	0.987294
106	104	0.966478
106	109	0.940746
106	110	0.930342
106	111	0.979966
106	112	0.979591
106	118	0.922395
106	140	1.02513
106	144	0.956709
106	145	0.981783
106	146	0.946881
106	154	0.958418
106	163	1.37345
106	166	1.85559
106	176	2.90158
107	5	0.962948
107	6	0.953834
107	7	0.9613
107	16	1.08274
107	19	1.08815
107	32	0.934356
107	34	0.931613
107	35	1.00919
107	37	1.0341
107	38	1.03117
107	42	0.93157
107	47	1.00337
107	50	0.999399
107	54	0.988098
107	55	0.980185
107	63	1.05427
107	96	1.03507
107	114	0.990823
107	120	1.00395
107	134	1.01552
107	140	0.667201
107	163	1.01552
107	169	1.58547
107	179	2.21021
107	180	2.25043
108	5	1.74768
108	65	1.25314
108	81	1.04673
108	117	0.922655
108	129	1.03302
108	131	0.979635
108	133	0.952424
108	137	0.937401
108	138	0.999197
108	145	1.7252
108	151	0.961998
108	156	0.899547
108	157	0.880564
108	159	0.961921
108	162	0.86656
108	167	0.863923
108	168	0.820255
108	170	0.890121
108	173	0.844182
108	174	0.88255
108	175	0.851911
108	176	0.84803
108	177	0.834619
108	178	0.820948
108	179	0.849113
108	180	0.84913
109	36	0.924793
109	45	0.988733
109	49	0.991594
109	56	0.980534
109	72	0.967773
109	75	1.02308
109	80	1.05875
109	88	0.9779
109	89	0.975375
109	90	0.985573
109	104	1.0067
109	106	0.940746
109	110	0.970564
109	111	1.02019
109	112	1.01981
109	118	0.962616
109	124	1.46808
109	130	0.979559
109	135	1.30192
109	144	0.99693
109	145	1.022
109	146	0.987102
109	152	1.23134
109	154	0.99864
109	170	1.52845
109	175	2.47562
110	36	0.914389
110	45	0.97833
110	56	0.970131
110	59	0.972662
110	72	0.95737
110	75	1.01268
110	80	1.04835
110	81	0.472916
110	88	0.967496
110	89	0.964972
110	90	0.975169
110	94	0.76153
110	96	1.01711
110	104	0.996297
110	106	0.930342
110	109	0.970564
110	111	1.00978
110	112	1.00941
110	118	0.952213
110	130	0.969155
110	141	0.791547
110	144	0.986527
110	145	1.0116
110	146	0.976699
110	152	1.98882
110	154	0.988236
110	179	2.85503
111	36	0.964013
111	45	1.02795
111	49	1.03081
111	56	1.01975
111	59	1.02229
111	75	1.0623
111	80	1.09797
111	88	1.01712
111	89	1.0146
111	90	1.02479
111	96	1.06674
111	104	1.04592
111	106	0.979966
111	109	1.02019
111	110	1.00978
111	112	1.05903
111	118	1.00184
111	119	0.453305
111	130	1.01878
111	133	0.669684
111	144	1.03615
111	146	1.02632
111	147	0.956628
111	149	0.906986
111	154	1.03786
111	167	2.22064
111	178	4.96236
112	45	1.02758
112	49	1.03044
112	56	1.01938
112	59	1.02191
112	72	1.00662
112	75	1.06193
112	88	1.01674
112	89	1.01422
112	90	1.02442
112	96	1.06636
112	104	1.04555
112	106	0.979591
112	109	1.01981
112	110	1.00941
112	111	1.05903
112	115	0.623318
112	118	1.00146
112	126	0.601021
112	130	1.0184
112	144	1.03578
112	145	1.06085
112	146	1.02595
112	154	1.03749
112	162	2.13753
112	167	2.4037
112	170	1.33565
112	172	2.09122
113	46	1.34222
113	54	1.13758
113	69	1.07469
113	71	1.06662
113	83	0.576755
113	91	0.56485
113	102	0.711972
113	123	1.10559
113	125	1.12202
113	148	1.06645
113	153	1.06935
113	156	1.04327
113	161	1.03586
113	162	1.01029
113	163	1.06201
113	167	1.00765
113	168	0.963981
113	169	1.06357
113	171	1.03177
113	172	1.00918
113	173	0.987908
113	175	0.995636
113	176	0.991755
113	177	0.978344
113	178	0.964673
113	179	0.992838
113	180	0.992856
114	6	0.948579
114	9	0.958172
114	10	0.964723
114	12	1.07681
114	13	0.95745
114	18	0.929641
114	19	1.0829
114	27	1.04565
114	29	0.850341
114	31	0.922703
114	35	1.00394
114	37	1.02885
114	42	0.926315
114	43	1.0211
114	48	1.04455
114	51	0.995533
114	53	0.995733
114	55	0.97493
114	58	1.0686
114	107	0.990823
114	115	0.75594
114	130	1.53017
114	134	1.01027
114	140	1.34575
114	159	1.03114
114	180	2.92897
115	55	1.4443
115	68	1.34342
115	112	0.623318
115	114	0.75594
115	117	1.00765
115	118	0.554789
115	126	1.08703
115	133	1.03741
115	137	1.02239
115	139	1.08325
115	141	1.10233
115	151	1.04699
115	158	1.00205
115	161	0.977124
115	162	0.951551
115	163	1.00328
115	169	1.00484
115	170	0.975112
115	171	0.973037
115	172	0.950443
115	175	0.936901
115	176	0.933021
115	177	0.91961
115	178	0.905938
115	179	0.934103
115	180	0.934121
116	23	0.79638
116	36	1.18188
116	45	1.02355
116	60	1.15002
116	66	1.04817
116	121	1.08822
116	123	1.05775
116	131	1.07553
116	135	1.01766
116	150	1.02351
116	151	1.05789
116	153	1.02152
116	157	0.976456
116	160	0.963066
116	162	0.962452
116	168	0.916147
116	169	1.01574
116	170	0.986013
116	171	0.983938
116	172	0.961344
116	173	0.940074
116	174	0.978442
116	176	0.943922
116	177	0.930511
116	179	0.945005
116	180	0.945022
117	59	1.45303
117	70	1.98441
117	105	0.984377
117	108	0.922655
117	115	1.00765
117	143	1.4049
117	148	0.931126
117	153	0.93403
117	156	0.907949
117	158	0.925465
117	159	0.970323
117	160	0.875576
117	163	0.926692
117	164	0.88639
117	165	0.923704
117	167	0.872326
117	168	0.828657
117	169	0.928251
117	172	0.873854
117	173	0.852584
117	174	0.890952
117	175	0.860313
117	176	0.856432
117	177	0.843021
117	178	0.82935
117	179	0.857515
117	180	0.857533
118	36	0.906442
118	45	0.970383
118	49	0.973243
118	56	0.962183
118	59	0.964714
118	72	0.949422
118	74	0.378871
118	75	1.00473
118	80	1.0404
118	88	0.959549
118	89	0.957024
118	90	0.967222
118	96	1.00916
118	104	0.988349
118	106	0.922395
118	109	0.962616
118	110	0.952213
118	111	1.00184
118	112	1.00146
118	115	0.554789
118	130	0.961208
118	139	0.967136
118	144	0.978579
118	145	1.00365
118	146	0.968751
118	154	0.980289
118	157	2.59003
118	179	2.68761
119	17	1.50131
119	23	1.17257
119	54	1.38304
119	73	0.96035
119	81	1.0836
119	84	0.999291
119	85	1.00055
119	88	1.28977
119	92	1.03449
119	93	0.973616
119	95	1.03392
119	97	1.03277
119	99	0.972291
119	102	1.00854
119	111	0.453305
119	127	0.903707
119	129	1.0699
119	132	0.959786
119	134	1.01148
119	146	0.990621
119	147	0.969238
119	152	0.948187
119	163	0.955166
119	172	0.902328
119	176	0.884906
119	177	0.871495
119	178	0.857824
119	179	0.885989
119	180	0.886007
120	5	0.970822
120	11	0.968364
120	14	1.08471
120	22	1.05233
120	24	0.94828
120	32	0.94223
120	34	0.939487
120	38	1.03905
120	47	1.01124
120	50	1.00727
120	54	0.995972
120	61	0.994725
120	63	1.06215
120	65	1.05858
120	68	0.963336
120	70	0.973823
120	78	1.01352
120	82	1.01379
120	83	1.0141
120	98	0.677501
120	103	0.962086
120	107	1.00395
120	129	0.526291
120	139	0.886702
120	143	1.01316
120	144	1.01236
120	147	1.238
120	157	2.5096
120	166	0.942703
120	179	2.60718
121	27	0.843088
121	64	0.582606
121	68	1.82495
121	83	1.01954
121	116	1.08822
121	124	1.0125
121	132	1.00098
121	135	0.999841
121	136	1.01721
121	144	1.07421
121	150	1.00569
121	155	0.975263
121	156	0.977621
121	157	0.958638
121	161	0.970207
121	163	0.996364
121	164	0.956062
121	165	0.993375
121	167	0.941998
121	168	0.898329
121	171	0.96612
121	172	0.943526
121	173	0.922256
121	174	0.960624
121	176	0.926104
121	177	0.912693
121	178	0.899022
121	179	0.927187
121	180	0.927204
122	3	1.87758
122	9	1.78719
122	82	1.00715
122	104	1.32808
122	124	0.959992
122	127	0.892397
122	129	1.05859
122	137	0.962967
122	138	1.02476
122	142	0.924258
122	148	0.94829
122	150	0.953184
122	152	0.936877
122	153	0.951194
122	156	0.925113
122	159	0.987487
122	160	0.89274
122	162	0.892126
122	163	0.943856
122	167	0.88949
122	169	0.945416
122	171	0.913613
122	173	0.869749
122	174	0.908116
122	175	0.877477
122	176	0.873596
122	177	0.860185
122	178	0.846514
122	179	0.874679
122	180	0.874697
123	20	1.13222
123	56	0.668152
123	66	1.70073
123	102	1.2338
123	113	1.10559
123	116	1.05775
123	125	1.0259
123	137	0.985009
123	138	1.04681
123	145	0.77434
123	150	0.975227
123	152	0.95892
123	153	0.973236
123	154	0.601367
123	156	0.947156
123	158	0.964672
123	160	0.914782
123	165	0.96291
123	168	0.867864
123	169	0.967458
123	170	0.93773
123	171	0.935655
123	172	0.913061
123	173	0.891791
123	174	0.930158
123	175	0.899519
123	176	0.895639
123	177	0.882228
123	179	0.896721
123	180	0.896739
124	12	0.753137
124	14	2.16785
124	56	1.61093
124	80	1.04557
124	100	1.01514
124	109	1.46808
124	121	1.0125
124	122	0.959992
124	126	1.02221
124	133	0.972597
124	137	0.957574
124	142	0.918865
124	153	0.945801
124	155	0.917362
124	156	0.91972
124	158	0.937236
124	160	0.887347
124	161	0.912306
124	164	0.898161
124	165	0.935474
124	167	0.884097
124	172	0.885625
124	173	0.864355
124	174	0.902723
124	175	0.872084
124	176	0.868203
124	177	0.854792
124	178	0.841121
124	179	0.869286
124	180	0.869303
125	8	0.984597
125	16	1.07333
125	22	0.786607
125	33	0.969063
125	50	1.52341
125	113	1.12202
125	123	1.0259
125	140	1.03015
125	141	1.08138
125	142	0.962733
125	144	1.19199
125	148	0.986765
125	158	0.981105
125	160	0.931215
125	162	0.930602
125	163	0.982331
125	164	0.94203
125	165	0.979343
125	167	0.927965
125	168	0.884297
125	169	0.983891
125	172	0.929494
125	173	0.908224
125	174	0.946591
125	175	0.915952
125	176	0.912072
125	177	0.898661
125	178	0.88499
125	179	0.913154
125	180	0.913172
126	14	0.980785
126	17	1.53339
126	58	0.93778
126	97	1.24231
126	112	0.601021
126	115	1.08703
126	124	1.02221
126	133	1.04021
126	135	1.00955
126	139	1.08604
126	140	1.0539
126	142	0.986478
126	148	1.01051
126	152	0.999097
126	154	0.357082
126	158	1.00485
126	159	1.04971
126	160	0.95496
126	161	0.979919
126	163	1.00608
126	165	1.00309
126	169	1.00764
126	171	0.975832
126	172	0.953238
126	174	0.970336
126	175	0.939697
126	176	0.935816
126	177	0.922405
126	178	0.908734
126	179	0.936899
126	180	0.936916
127	29	3.14018
127	100	0.947549
127	104	2.85982
127	119	0.903707
127	122	0.892397
127	129	0.985598
127	132	0.875487
127	139	0.950835
127	148	0.875301
127	150	0.880195
127	151	0.914575
127	153	0.878205
127	155	0.849766
127	156	0.852124
127	157	0.833141
127	158	0.869641
127	165	0.867879
127	167	0.816501
127	169	0.872427
127	170	0.842699
127	171	0.840624
127	172	0.818029
127	173	0.79676
127	174	0.835127
127	175	0.804488
127	176	0.800607
127	177	0.787196
127	178	0.773525
127	179	0.80169
127	180	0.801708
128	23	1.77616
128	40	0.987921
128	41	0.987921
128	62	0.96361
128	64	0.938945
128	66	0.962243
128	67	0.922186
128	86	0.945101
128	87	0.945054
128	91	0.998336
128	92	1.51058
128	93	1.38633
128	105	0.97568
128	139	0.997963
128	143	0.964076
128	146	0.960533
128	147	0.932067
128	151	0.961703
128	154	0.964988
128	155	0.896894
128	157	0.880269
128	163	0.917995
128	168	0.819961
128	170	0.889827
128	172	0.865157
128	175	0.851616
128	176	0.847736
128	177	0.834324
128	178	0.820653
128	179	0.848818
128	180	0.848836
129	11	1.52374
129	14	0.716435
129	26	1.25451
129	47	0.787719
129	94	1.11905
129	108	1.03302
129	119	1.0699
129	120	0.526291
129	122	1.05859
129	127	0.985598
129	131	1.0984
129	137	1.05617
129	138	1.11796
129	144	0.644618
129	146	0.12468
129	152	1.03008
129	153	1.0444
129	157	0.999332
129	160	0.985941
129	163	1.03706
129	164	0.996756
129	165	1.03407
129	167	0.982691
129	168	0.939023
129	169	1.03862
129	172	0.98422
129	173	0.96295
129	174	1.00132
129	176	0.966798
129	177	0.953387
129	178	0.939716
129	179	0.96788
129	180	0.967898
130	4	1.70864
130	13	0.932011
130	72	0.966365
130	85	0.832173
130	88	0.976491
130	92	1.39701
130	94	1.03223
130	96	1.02611
130	104	1.00529
130	109	0.979559
130	110	0.969155
130	111	1.01878
130	112	1.0184
130	114	1.53017
130	118	0.961208
130	144	0.995522
130	145	1.0206
130	146	0.985694
130	154	0.997231
130	160	0.899122
130	161	0.924082
130	162	0.898508
130	165	0.94725
130	167	0.895872
130	173	0.876131
130	174	0.914498
130	175	0.883859
130	176	0.879979
130	177	0.866567
130	178	0.852896
130	179	0.881061
130	180	0.881079
131	10	0.840427
131	28	1.37376
131	84	1.24794
131	86	0.747789
131	90	1.36
131	100	1.06035
131	108	0.979635
131	116	1.07553
131	129	1.0984
131	135	0.987149
131	136	1.00452
131	137	1.00278
131	140	1.03149
131	146	0.463679
131	149	1.09361
131	150	0.993001
131	151	1.02738
131	158	0.982446
131	159	1.0273
131	160	0.932556
131	161	0.957516
131	163	0.983672
131	164	0.943371
131	165	0.980684
131	167	0.929306
131	168	0.885638
131	170	0.955504
131	173	0.909565
131	175	0.917293
131	177	0.900001
131	178	0.88633
131	179	0.914495
131	180	0.914513
132	2	1.12637
132	44	1.74943
132	52	1.05893
132	57	0.887357
132	75	1.50136
132	99	2.22283
132	105	0.984631
132	119	0.959786
132	121	1.00098
132	127	0.875487
132	136	0.947789
132	137	0.946057
132	142	0.907348
132	148	0.93138
132	151	0.970654
132	152	0.919967
132	156	0.908203
132	158	0.92572
132	159	0.970577
132	163	0.926946
132	164	0.886644
132	167	0.87258
132	168	0.828911
132	169	0.928505
132	171	0.896702
132	172	0.874108
132	173	0.852838
132	175	0.860567
132	176	0.856686
132	177	0.843275
132	178	0.829604
132	179	0.857769
132	180	0.857787
133	34	2.09813
133	66	1.64074
133	88	1.50614
133	108	0.952424
133	111	0.669684
133	115	1.03741
133	124	0.972597
133	126	1.04021
133	135	0.959937
133	139	1.03643
133	141	1.05551
133	142	0.936863
133	143	0.327636
133	152	0.949482
133	155	0.93536
133	157	0.918735
133	158	0.955234
133	159	1.00009
133	162	0.904731
133	163	0.956461
133	164	0.916159
133	165	0.953472
133	167	0.902095
133	168	0.858426
133	170	0.928292
133	172	0.903623
133	173	0.882353
133	174	0.920721
133	175	0.890082
133	176	0.886201
133	177	0.87279
133	178	0.859119
133	179	0.887284
133	180	0.887301
134	6	0.973277
134	7	0.980743
134	10	0.989421
134	12	1.1015
134	18	0.954339
134	19	1.10759
134	35	1.02864
134	37	1.05354
134	42	0.951013
134	55	0.999628
134	71	0.988329
134	73	0.983829
134	77	0.9668
134	85	1.02402
134	92	1.05797
134	93	0.997095
134	94	0.6045
134	95	1.0574
134	96	1.05451
134	97	1.05625
134	99	0.99577
134	102	1.03202
134	107	1.01552
134	114	1.01027
134	119	1.01148
134	137	1.16641
134	141	0.634518
134	146	1.0141
134	147	0.992717
134	149	0.517885
134	164	2.08137
134	171	2.19518
134	174	2.26867
135	36	2.61106
135	85	1.39514
135	87	1.29188
135	109	1.30192
135	116	1.01766
135	121	0.999841
135	126	1.00955
135	131	0.987149
135	133	0.959937
135	136	0.946647
135	137	0.944914
135	139	1.00577
135	148	0.930237
135	153	0.933141
135	157	0.888077
135	159	0.969435
135	160	0.874687
135	161	0.899646
135	162	0.874073
135	164	0.885502
135	166	0.90143
135	168	0.827769
135	170	0.897635
135	171	0.89556
135	172	0.872965
135	173	0.851696
135	174	0.890063
135	175	0.859424
135	176	0.855544
135	177	0.842132
135	178	0.828461
135	179	0.856626
135	180	0.856644
136	1	1.05332
136	41	1.48771
136	77	1.53194
136	92	1.43103
136	101	0.951007
136	121	1.01721
136	131	1.00452
136	132	0.947789
136	135	0.946647
136	137	0.962281
136	138	1.02408
136	139	1.02314
136	140	0.990991
136	141	1.04222
136	145	1.02201
136	152	0.936191
136	157	0.905444
136	158	0.941943
136	159	0.986801
136	160	0.892054
136	161	0.917013
136	162	0.89144
136	163	0.94317
136	164	0.902868
136	165	0.940181
136	167	0.888804
136	171	0.912926
136	172	0.890332
136	174	0.90743
136	175	0.876791
136	176	0.87291
136	177	0.859499
136	178	0.845828
136	179	0.873993
136	180	0.87401
137	30	1.0558
137	31	1.02986
137	46	1.90471
