1	2	0.93832
1	18	0.867585
1	35	0.960163
1	42	0.823946
1	53	0.897207
1	73	0.915455
1	91	0.892103
1	99	0.90522
1	154	1.24404
1	167	1.17759
1	171	1.18488
1	179	1.1936
2	1	0.93832
2	18	1.03883
2	24	1.03614
2	42	0.995193
2	53	1.06845
2	99	1.07647
2	147	1.04659
2	158	0.952542
2	162	0.930701
2	170	0.984247
2	172	0.975294
2	174	0.960296
3	24	1.00186
3	79	1.05831
3	84	1.00704
3	87	1.00622
3	88	1.05259
3	90	1.0182
3	102	1.00737
3	107	1.00635
3	133	0.907457
3	158	0.931615
3	161	1.05096
3	179	0.956173
4	7	0.924986
4	27	0.994441
4	30	1.08349
4	63	0.988
4	74	1.01343
4	76	1.02097
4	77	1.11765
4	98	0.893164
4	143	0.967612
4	154	1.00243
4	158	1.04504
4	179	0.95198
5	33	1.05852
5	51	1.00728
5	87	1.0005
5	95	1.08617
5	102	1.00165
5	107	1.00063
5	140	0.949981
5	143	0.972234
5	154	1.00705
5	159	0.921825
5	161	1.04525
5	176	0.946072
6	31	0.903351
6	75	1.10727
6	98	1.03074
6	128	0.997874
6	136	0.972199
6	155	0.940475
6	166	0.978321
6	170	0.995173
6	172	1.01394
6	173	1.02724
6	174	1.01217
6	178	1.01348
7	4	0.924986
7	16	0.892891
7	27	0.845625
7	30	0.934676
7	74	0.864611
7	76	0.87215
7	77	0.968837
7	88	1.17177
7	142	1.23322
7	154	1.22644
7	158	0.896222
7	178	1.17169
8	106	0.981922
8	109	1.00558
8	118	0.974106
8	121	1.07616
8	122	1.04911
8	123	1.01261
8	126	1.02444
8	132	1.05801
8	135	0.948123
8	143	0.97491
8	169	0.941619
8	172	0.957473
9	23	1.03574
9	74	0.862645
9	76	0.870183
9	84	1.25061
9	86	1.16556
9	88	0.898015
9	158	0.894255
9	170	1.20688
9	174	1.18293
9	175	0.88487
9	179	0.871613
9	180	0.882682
10	20	0.988368
10	133	0.921259
10	135	0.95882
10	153	1.00361
10	159	1.04202
10	161	0.936072
10	162	1.04944
10	169	1.02399
10	171	1.01654
10	176	1.02269
10	179	1.01713
10	180	1.0282
11	27	0.973137
11	30	1.06219
11	74	0.992123
11	76	0.999661
11	77	1.09635
11	83	1.05281
11	125	0.963181
11	145	0.938533
11	158	1.02373
11	165	0.970465
11	174	0.954124
11	177	0.980294
12	42	1.0635
12	81	0.90242
12	126	0.925668
12	137	0.946918
12	144	1.0476
12	145	1.04538
12	149	1.02157
12	153	1.01375
12	157	1.00289
12	173	1.04608
12	176	0.955587
12	177	1.02273
13	79	0.935698
13	126	0.941528
13	141	1.04637
13	150	1.04153
13	156	1.00236
13	169	0.964318
13	173	1.04048
13	174	1.02541
13	176	0.971447
13	177	1.01712
13	178	1.02672
13	179	0.981977
14	75	0.98121
14	86	0.900661
14	126	1.20451
14	133	0.912324
14	134	1.16459
14	139	0.880408
14	152	1.21508
14	156	0.863066
14	159	1.21018
14	167	0.888794
14	174	0.886112
14	178	0.887424
15	62	1.0984
15	68	0.982688
15	137	0.985821
15	141	1.01126
15	159	0.987231
15	160	0.985966
15	165	1.05168
15	171	0.961751
15	175	0.975594
15	176	0.967895
15	177	1.06151
15	179	0.962338
15	180	0.973406
16	7	0.892891
16	37	0.930268
16	54	0.994613
16	74	0.981332
16	89	1.06139
16	91	1.01337
16	141	1.01618
16	145	1.02467
16	167	1.04106
16	170	1.06421
16	176	0.995858
16	179	0.990301
16	180	1.00137
17	33	0.97581
17	93	1.0198
17	136	1.07539
17	159	1.0397
17	160	1.02744
17	164	0.976146
17	170	0.951535
17	172	0.970305
17	173	0.983599
17	174	0.968529
17	177	0.960244
17	178	0.969842
17	179	1.07447
18	1	0.867585
18	2	1.03883
18	42	0.924458
18	53	0.997719
18	54	0.973856
18	73	1.01597
18	99	1.00573
18	128	1.07928
18	147	0.975853
18	158	1.02813
18	163	1.02702
18	175	1.02841
18	180	1.03318
19	94	0.95534
19	112	1.09288
19	115	0.954509
19	141	0.994859
19	145	0.988262
19	155	1.04458
19	163	1.04972
19	170	0.956904
19	172	0.975674
19	173	0.988969
19	175	1.05111
19	177	0.965613
19	178	0.975211
20	10	0.988368
20	34	1.14456
20	64	0.938509
20	114	1.07695
20	132	0.945173
20	133	0.999341
20	140	1.03972
20	141	0.994089
20	164	0.980745
20	172	0.974905
20	174	0.973128
20	177	0.964843
20	178	0.974441
21	35	0.774178
21	37	1.00321
21	79	0.798425
21	88	0.840487
21	107	0.864545
21	111	0.91333
21	123	1.10774
21	132	1.15314
21	157	1.09151
21	166	1.10436
21	174	1.11963
21	179	1.10628
21	180	1.11735
22	46	1.08075
22	68	0.985304
22	146	0.974541
22	150	1.03984
22	159	0.991167
22	167	1.03875
22	168	0.966184
22	169	0.973133
22	170	1.0619
22	175	0.97953
22	176	0.971831
22	179	0.966273
22	180	0.977342
23	9	1.03574
23	27	1.10716
23	46	0.892912
23	74	1.12614
23	87	1.11514
23	151	0.873548
23	165	0.866451
23	171	1.13453
23	172	0.865109
23	173	0.833921
23	177	0.87628
23	179	1.13511
23	180	1.14618
24	2	1.03614
24	3	1.00186
24	37	0.906819
24	53	0.995028
24	74	1.07172
24	87	1.0593
24	112	1.09113
24	132	0.972472
24	153	0.962939
24	168	0.966763
24	172	0.98198
24	176	0.97241
24	180	0.977921
25	28	1.09583
25	29	1.11231
25	62	1.07458
25	78	0.807663
25	104	1.21114
25	108	0.850058
25	111	1.08731
25	112	1.11139
25	114	1.10745
25	125	0.897402
25	164	0.876417
25	173	0.872157
25	178	0.900853
26	66	0.948768
26	98	0.993948
26	102	1.07379
26	136	1.06921
26	145	0.989744
26	150	0.991495
26	157	0.947262
26	170	0.958385
26	174	0.97538
26	175	1.04401
26	176	1.05776
26	177	0.967094
26	178	0.976692
27	4	0.994441
27	7	0.845625
27	11	0.973137
27	23	1.10716
27	63	1.09759
27	74	0.934066
27	76	0.941605
27	77	1.03829
27	108	1.00648
27	148	1.02933
27	158	0.965677
27	173	1.02857
27	180	1.04206
28	25	1.09583
28	29	0.947637
28	64	1.08066
28	69	0.900561
28	104	1.04647
28	106	1.04455
28	111	0.922638
28	112	0.946715
28	114	0.942783
28	143	0.99737
28	149	1.05517
28	169	1.00424
28	172	1.0201
29	25	1.11231
29	28	0.947637
29	52	0.977969
29	62	0.926387
29	81	1.01839
29	94	0.962039
29	112	0.963195
29	114	0.959263
29	137	1.06288
29	142	0.958376
29	154	0.954865
29	167	1.06607
29	170	1.08923
30	4	1.08349
30	7	0.934676
30	11	1.06219
30	74	1.02312
30	76	1.03066
30	77	1.12734
30	83	1.0838
30	106	0.961509
30	108	0.883774
30	119	0.883514
30	147	0.966881
30	154	0.989313
30	158	1.05473
30	174	0.922062
31	6	0.903351
31	76	1.02589
31	77	1.12258
31	93	0.851769
31	103	0.970578
31	123	1.02879
31	132	1.07418
31	158	1.04997
31	170	0.967172
31	172	0.958219
31	176	1.03288
31	178	0.955728
31	179	1.02732
31	180	1.03839
32	144	0.907469
32	146	1.05263
32	151	0.949386
32	152	1.05382
32	156	0.978254
32	161	0.908848
32	166	1.04244
32	171	1.04378
32	174	0.925948
32	175	1.05762
32	176	1.04992
32	178	0.938455
32	179	1.04436
32	180	1.05543
33	5	1.05852
33	17	0.97581
33	49	1.02506
33	57	1.23724
33	87	0.989066
33	90	1.00105
33	95	1.07474
33	101	1.02512
33	107	0.989198
33	130	0.916304
33	141	0.888408
33	153	0.962923
33	177	0.938654
33	178	0.924992
34	20	1.14456
34	98	1.06735
34	128	0.920994
34	138	0.948831
34	159	0.950047
34	168	0.925065
34	170	1.13331
34	171	0.924568
34	172	1.12436
34	175	0.938411
34	176	0.930711
34	177	1.13553
34	179	0.925154
34	180	0.936223
35	1	0.960163
35	21	0.774178
35	37	1.00209
35	42	1.01704
35	54	1.06643
35	63	0.993443
35	73	1.10854
35	91	1.08519
35	99	1.09831
35	124	1.06224
35	141	0.916543
35	154	1.00787
35	163	0.931755
35	168	0.977383
36	96	1.01571
36	109	1.03191
36	118	1.00043
36	121	1.10248
36	122	1.07543
36	123	1.03894
36	125	0.918965
36	126	1.05076
36	132	1.08433
36	143	0.942344
36	154	0.97716
36	171	0.918002
36	176	0.916182
36	179	0.926712
37	16	0.930268
37	21	1.00321
37	24	0.906819
37	35	1.00209
37	42	0.865871
37	53	0.939133
37	73	0.957381
37	91	0.934028
37	93	1.0782
37	99	0.947145
37	125	1.17871
37	147	0.917267
37	152	1.15657
37	165	1.18599
38	48	1.10308
38	110	0.966577
38	115	1.15736
38	124	1.12023
38	137	0.942264
38	162	0.951093
38	165	1.12159
38	166	0.916864
38	171	0.918195
38	174	1.10525
38	175	0.932038
38	176	0.924339
38	179	0.918781
38	180	0.92985
39	56	0.963262
39	82	0.889934
39	100	1.11607
39	104	1.0172
39	111	0.89336
39	112	0.917438
39	114	0.913505
39	119	1.1007
39	143	0.968092
39	147	0.928105
39	154	0.909108
39	164	1.12732
39	173	1.12306
39	180	1.13654
40	45	1.06206
40	127	0.911909
40	131	0.847822
40	142	0.953732
40	153	0.930142
40	155	1.05804
40	160	1.06413
40	166	1.03858
40	169	1.04736
40	170	0.903655
40	175	1.05376
40	176	1.04606
40	179	1.0405
40	180	1.05157
41	58	1.01149
41	71	0.898858
41	73	0.887553
41	149	1.04481
41	150	1.07037
41	153	1.03699
41	155	0.907572
41	164	1.06187
41	165	1.04715
41	168	0.958334
41	170	1.03726
41	176	0.927844
41	177	1.04597
41	178	1.05557
42	1	0.823946
42	2	0.995193
42	12	1.0635
42	18	0.924458
42	35	1.01704
42	37	0.865871
42	54	0.930217
42	63	1.16135
42	91	0.948975
42	99	0.962093
42	127	1.14074
42	147	0.932214
42	171	1.11662
42	178	1.12104
43	62	1.02004
43	82	1.02935
43	111	1.03277
43	112	1.05685
43	114	1.05292
43	119	0.898617
43	125	0.946221
43	142	1.05203
43	143	1.10751
43	148	0.921733
43	154	1.04852
43	173	0.920975
43	177	0.963334
43	179	0.953968
44	62	1.20392
44	104	1.02879
44	110	1.08782
44	145	0.949593
44	155	1.12686
44	156	0.912184
44	164	0.942846
44	165	0.928129
44	170	0.918235
44	173	0.9503
44	174	0.935229
44	176	1.14713
44	177	0.926944
44	178	0.936542
45	40	1.06206
45	120	1.09992
45	132	1.09234
45	135	0.939581
45	141	0.953885
45	149	0.923481
45	153	0.91566
45	162	1.14711
45	165	0.925823
45	172	0.9347
45	173	0.947994
45	177	0.924639
45	178	0.934237
45	179	1.1935
46	22	1.08075
46	23	0.892912
46	67	0.977873
46	97	1.04743
46	139	0.98924
46	144	1.01153
46	160	1.00692
46	161	1.00637
46	162	1.00755
46	165	0.987843
46	170	0.977949
46	172	0.99672
46	175	1.02967
46	177	0.986658
46	178	0.996256
47	113	1.03921
47	118	1.07139
47	135	0.994323
47	138	1.00742
47	141	0.964598
47	144	0.970195
47	147	1.03349
47	162	1.01606
47	166	0.981831
47	169	0.990608
47	173	0.972485
47	175	0.997005
47	176	0.989305
47	179	0.983748
47	180	0.994817
48	38	1.10308
48	125	1.00379
48	133	1.02673
48	134	0.928605
48	150	1.01663
48	153	0.983255
48	156	0.977473
48	157	0.972401
48	159	0.974202
48	162	0.96258
48	166	1.01602
48	172	1.0023
48	173	1.01559
48	178	1.00183
48	179	1.00898
49	33	1.02506
49	51	0.973817
49	56	0.986825
49	79	1.01913
49	84	1.06553
49	90	0.979029
49	95	1.05271
49	101	1.00309
49	102	0.968193
49	107	0.967172
49	119	0.959305
49	161	1.01179
49	164	0.985925
49	174	0.997853
49	178	1.01036
50	52	0.994867
50	58	1.09836
50	95	0.938148
50	116	0.970234
50	134	0.944867
50	139	0.998253
50	151	1.00721
50	154	0.977918
50	168	1.0452
50	170	0.986962
50	172	1.00573
50	173	1.01903
50	174	1.00396
50	177	0.995671
50	178	1.00527
51	5	1.00728
51	49	0.973817
51	57	1.186
51	88	0.984195
51	95	1.02349
51	101	0.973875
51	102	0.938975
51	107	0.937954
51	124	0.993366
51	125	0.974415
51	139	1.01801
51	149	1.02846
51	150	0.980269
51	178	0.990894
51	179	0.99519
52	29	0.977969
52	50	0.994867
52	76	1.00148
52	103	1.00813
52	110	1.0292
52	112	0.977048
52	114	0.973116
52	121	1.04641
52	126	0.994695
52	132	1.02826
52	157	1.0361
52	164	0.968845
52	171	0.98082
52	172	0.995772
52	180	0.992475
53	1	0.897207
53	2	1.06845
53	18	0.997719
53	24	0.995028
53	37	0.939133
53	73	1.04559
53	91	1.02224
53	99	1.03535
53	124	0.99928
53	143	1.02463
53	158	0.984443
53	167	0.992992
53	170	1.01615
53	175	0.984724
53	176	0.998471
54	16	0.994613
54	18	0.973856
54	35	1.06643
54	42	0.930217
54	73	1.02173
54	91	0.998373
54	99	1.01149
54	108	1.02168
54	130	0.997659
54	144	0.97536
54	147	0.981612
54	153	1.04428
54	172	1.00884
54	175	0.986366
54	180	0.991135
55	103	1.01775
55	151	1.01383
55	155	1.00916
55	160	1.01525
55	165	1.00674
55	166	0.989704
55	169	0.998481
55	171	0.991035
55	172	1.00539
55	173	0.974205
55	174	0.990394
55	175	1.00488
55	176	0.997179
55	179	0.991621
55	180	1.00269
56	39	0.963262
56	49	0.986825
56	62	0.97129
56	69	0.961945
56	82	0.980596
56	97	0.937937
56	104	1.10786
56	111	0.984021
56	112	1.0081
56	114	1.00417
56	147	1.01877
56	156	1.03562
56	157	1.03864
56	166	1.00716
56	172	0.998312
57	33	1.23724
57	51	1.186
57	79	1.23132
57	87	1.17922
57	90	1.19121
57	101	1.21528
57	102	1.18038
57	107	1.17935
57	142	0.85485
57	143	0.813257
57	149	0.830898
57	150	0.782704
57	158	0.773067
57	162	0.751227
57	168	0.817585
57	180	0.778117
58	41	1.01149
58	50	1.09836
58	73	1.05024
58	150	1.08614
58	155	0.968452
58	159	0.975803
58	163	0.963315
58	164	1.07233
58	168	0.95082
58	169	0.957769
58	171	0.950323
58	174	1.08426
58	175	0.964166
58	176	0.956467
58	179	0.950909
58	180	0.961978
59	85	0.995929
59	94	1.01826
59	96	0.920354
59	104	1.00943
59	109	0.936555
59	118	0.90508
59	121	1.00713
59	122	0.98008
59	123	0.943584
59	126	0.955411
59	129	1.09074
59	132	0.98898
59	134	1.05793
59	158	1.11374
59	161	0.966899
59	173	1.10531
60	72	1.0393
60	129	1.00273
60	130	1.07879
60	136	0.938871
60	148	1.05953
60	151	1.0984
60	161	1.05787
60	162	0.979441
60	163	0.959535
60	168	0.94704
60	169	0.953989
60	174	1.07497
60	175	0.960386
60	176	0.952687
60	179	0.947129
60	180	0.958198
61	84	1.11866
61	135	1.05663
61	140	0.956601
61	147	1.09581
61	152	0.961537
61	160	0.975706
61	163	0.964484
61	164	1.03906
61	168	0.951989
61	171	0.951491
61	173	1.0348
61	175	0.965335
61	176	0.957635
61	178	1.06349
61	179	0.952078
61	180	0.963147
62	15	1.0984
62	25	1.07458
62	29	0.926387
62	43	1.02004
62	44	1.20392
62	56	0.97129
62	68	1.00475
62	82	0.897962
62	104	1.02522
62	111	0.901388
62	112	0.925465
62	113	0.992206
62	114	0.921533
62	119	1.01885
62	147	0.936133
62	166	1.08125
63	4	0.988
63	27	1.09759
63	35	0.993443
63	42	1.16135
63	101	1.02404
63	111	1.13259
63	118	0.914093
63	122	0.989093
63	126	0.964425
63	135	0.971144
63	167	0.967169
63	171	0.950549
63	175	0.964392
63	178	0.965799
63	179	0.951135
63	180	0.962204
64	20	0.938509
64	28	1.08066
64	103	0.951841
64	112	1.1042
64	116	1.0317
64	137	1.06751
64	138	1.04729
64	139	0.957368
64	150	0.979187
64	158	0.972363
64	165	0.955971
64	167	0.965754
64	170	0.946077
64	173	0.978142
64	175	1.06243
64	177	0.954786
65	83	0.999642
65	133	1.03107
65	134	0.987314
65	146	0.953605
65	151	1.08642
65	155	0.96288
65	156	1.11529
65	160	0.968966
65	162	0.977649
65	169	0.952197
65	170	1.08693
65	171	0.944751
65	176	0.950895
65	177	1.08915
65	179	0.945338
65	180	0.956406
66	26	0.948768
66	89	0.91275
66	123	0.91413
66	131	0.859743
66	139	0.931251
66	142	0.965653
66	145	0.876033
66	155	1.07708
66	163	1.07194
66	166	1.05762
66	169	1.06639
66	171	1.05895
66	175	1.07279
66	176	1.06509
66	179	1.05953
66	180	1.0706
67	46	0.977873
67	70	0.922713
67	80	1.05383
67	85	1.05593
67	96	0.980354
67	109	0.996555
67	118	0.96508
67	121	1.06713
67	122	1.04008
67	123	1.00358
67	125	0.944128
67	126	1.01541
67	132	1.04898
67	137	0.932676
67	143	0.967507
67	154	1.00232
67	161	1.0269
68	15	0.982688
68	22	0.985304
68	62	1.00475
68	89	1.01854
68	128	0.985093
68	145	1.03362
68	148	1.04288
68	149	1.00981
68	151	1.02251
68	156	0.996212
68	169	0.940837
68	170	1.00226
68	173	1.03433
68	174	1.01926
68	178	1.02057
68	179	0.958497
68	180	0.938988
69	28	0.900561
69	56	0.961945
69	82	0.888617
69	98	1.10969
69	104	1.01588
69	111	0.892042
69	112	0.91612
69	114	0.912187
69	119	1.11316
69	125	1.16076
69	133	1.11979
69	142	0.9113
69	143	0.966774
69	147	0.926787
69	154	0.90779
69	164	1.13978
69	178	1.16421
70	67	0.922713
70	101	0.95886
70	106	1.00926
70	117	0.974302
70	130	1.03057
70	137	0.979588
70	140	0.992167
70	145	1.03562
70	157	0.993135
70	161	1.03268
70	167	1.02394
70	170	1.00426
70	171	0.990077
70	173	1.03632
70	174	1.02125
70	175	0.97451
70	177	1.01297
71	41	0.898858
71	141	0.947553
71	142	1.04566
71	151	0.995068
71	155	1.02923
71	161	0.95453
71	162	1.044
71	163	1.02409
71	166	1.00977
71	168	1.0116
71	169	1.01854
71	170	0.995581
71	171	1.0111
71	174	0.97163
71	176	1.01724
71	179	1.01168
71	180	1.02275
72	60	1.0393
72	74	0.973552
72	92	0.966239
72	113	0.893479
72	140	0.968857
72	141	1.03901
72	150	1.03417
72	156	0.995006
72	165	1.01095
72	167	1.02073
72	168	0.995437
72	172	1.01983
72	173	1.03312
72	174	1.01805
72	177	1.00977
72	178	1.01936
72	180	0.955969
73	1	0.915455
73	18	1.01597
73	35	1.10854
73	37	0.957381
73	41	0.887553
73	53	1.04559
73	54	1.02173
73	58	1.05024
73	91	1.04048
73	99	1.0536
73	119	0.921778
73	124	1.01753
73	143	0.992761
73	147	1.02372
73	157	1.01566
73	158	0.952571
73	170	0.984277
74	4	1.01343
74	7	0.864611
74	9	0.862645
74	11	0.992123
74	16	0.981332
74	23	1.12614
74	24	1.07172
74	27	0.934066
74	30	1.02312
74	72	0.973552
74	76	0.960591
74	77	1.05728
74	92	1.01679
74	143	1.04166
74	147	1.05404
74	158	0.984663
74	169	1.00836
74	177	1.03539
75	6	1.10727
75	14	0.98121
75	109	0.931779
75	129	0.8695
75	137	0.897868
75	139	1.08709
75	145	1.10715
75	153	1.07553
75	155	0.886265
75	163	0.891399
75	169	0.899408
75	170	1.0758
75	172	1.09457
75	174	1.09279
75	177	1.0845
75	178	1.0941
75	179	0.917067
75	180	0.897559
76	4	1.02097
76	7	0.87215
76	9	0.870183
76	11	0.999661
76	27	0.941605
76	30	1.03066
76	31	1.02589
76	52	1.00148
76	74	0.960591
76	77	1.06482
76	83	1.02128
76	116	0.976846
76	149	1.06512
76	153	1.06549
76	156	1.06735
76	158	0.992201
76	160	0.984822
76	177	1.04122
77	4	1.11765
77	7	0.968837
77	11	1.09635
77	27	1.03829
77	30	1.12734
77	31	1.12258
77	74	1.05728
77	76	1.06482
77	78	0.8254
77	81	0.85919
77	83	1.11796
77	115	0.958194
77	143	0.938519
77	148	0.890652
77	158	1.08889
77	167	0.906878
77	175	0.89861
77	179	0.922887
78	25	0.807663
78	77	0.8254
78	136	1.06689
78	139	0.953286
78	146	1.08342
78	149	0.963737
78	163	1.08756
78	164	0.901731
78	165	0.93
78	168	1.07506
78	169	1.08201
78	171	1.07457
78	172	0.928658
78	173	0.89747
78	175	1.08841
78	176	1.08071
78	179	1.07515
78	180	1.08622
79	3	1.05831
79	13	0.935698
79	21	0.798425
79	49	1.01913
79	57	1.23132
79	87	0.98314
79	88	1.02951
79	90	0.995129
79	95	1.06881
79	101	1.01919
79	102	0.984292
79	107	0.983272
79	154	1.03212
79	158	0.957113
79	159	0.946894
79	161	1.02789
79	170	0.988818
79	172	0.979865
79	174	0.964867
80	67	1.05383
80	83	1.04977
80	117	0.966223
80	128	0.928581
80	129	0.988336
80	141	1.08903
80	143	0.979037
80	144	1.09463
80	159	0.957634
80	160	0.956369
80	161	1.09601
80	166	0.930823
80	171	0.932154
80	172	1.1281
80	173	1.09692
80	175	0.945997
80	176	0.938298
80	179	0.93274
80	180	0.943809
81	12	0.90242
81	29	1.01839
81	77	0.85919
81	100	0.92427
81	107	0.984094
81	137	1.05109
81	138	1.05128
81	151	0.970887
81	152	1.03707
81	163	1.04001
81	166	1.02569
81	168	1.02752
81	170	0.971401
81	171	1.02702
81	175	1.04086
81	176	1.03317
81	177	0.973619
81	179	1.02761
81	180	1.03868
82	39	0.889934
82	43	1.02935
82	56	0.980596
82	62	0.897962
82	69	0.888617
82	83	0.990847
82	93	1.00908
82	104	1.03453
82	108	1.06224
82	111	0.910693
82	112	0.934771
82	114	0.930838
82	140	1.11071
82	143	0.985425
82	154	0.926441
82	158	1.09278
82	169	1.09968
82	176	1.10681
82	179	1.11734
83	11	1.05281
83	30	1.0838
83	65	0.999642
83	76	1.02128
83	77	1.11796
83	80	1.04977
83	82	0.990847
83	111	0.994272
83	146	0.933491
83	149	1.02662
83	152	0.917922
83	154	1.01002
83	159	0.91303
83	162	0.901408
83	165	1.02896
83	169	0.930147
83	174	1.03606
83	178	1.03737
83	179	0.947806
84	3	1.00704
84	9	1.25061
84	49	1.06553
84	61	1.11866
84	115	0.933277
84	127	0.954107
84	130	0.961981
84	139	0.946964
84	148	0.976291
84	156	0.929621
84	157	0.924549
84	160	1.03179
84	172	0.954443
84	173	0.967737
84	174	0.952667
84	175	1.05454
84	176	1.06829
84	177	0.944382
84	178	0.95398
85	59	0.995929
85	67	1.05593
85	96	1.00303
85	109	1.01923
85	118	0.987754
85	121	1.0898
85	122	1.06275
85	123	1.02626
85	126	1.03809
85	130	0.936876
85	132	1.07165
85	150	0.934939
85	154	1.00031
85	157	0.988387
85	161	1.04957
85	164	0.921128
85	171	0.94115
85	174	0.933057
85	179	0.94986
86	9	1.16556
86	14	0.900661
86	127	1.01368
86	138	0.954352
86	144	1.02883
86	146	0.97946
86	148	1.03586
86	149	1.0028
86	155	0.962973
86	156	0.989195
86	157	0.984123
86	162	0.947377
86	164	1.01986
86	168	1.01374
86	170	0.995246
86	174	1.01224
86	177	1.00395
86	178	1.01355
86	179	0.993775
86	180	0.974267
87	3	1.00622
87	5	1.0005
87	23	1.11514
87	24	1.0593
87	33	0.989066
87	57	1.17922
87	79	0.98314
87	88	0.977418
87	90	0.943034
87	101	0.967098
87	102	0.932198
87	107	0.931177
87	141	0.972724
87	150	0.998683
87	160	0.966575
87	161	0.975794
87	171	1.00489
87	174	0.996801
87	178	1.00931
87	180	0.994096
88	3	1.05259
88	7	1.17177
88	9	0.898015
88	21	0.840487
88	51	0.984195
88	79	1.02951
88	87	0.977418
88	90	0.989408
88	95	1.06309
88	100	0.98375
88	101	1.01347
88	102	0.978571
88	107	0.97755
88	125	1.01401
88	158	0.999175
88	161	1.02217
88	163	0.998065
88	164	0.995
88	167	1.00772
88	169	1.00607
89	16	1.06139
89	66	0.91275
89	68	1.01854
89	105	1.01962
89	110	0.962432
89	116	0.977267
89	127	0.998418
89	130	1.00629
89	135	1.00364
89	138	0.992849
89	139	0.991275
89	145	1.01134
89	151	1.00023
89	165	0.989877
89	167	0.99966
89	168	1.05223
89	170	0.979984
89	173	1.01205
89	177	0.988692
89	180	1.01276
90	3	1.0182
90	33	1.00105
90	49	0.979029
90	57	1.19121
90	79	0.995129
90	87	0.943034
90	88	0.989408
90	95	1.02871
90	101	0.979087
90	102	0.944187
90	107	0.943166
90	124	0.996951
90	147	1.02679
90	154	1.04922
90	158	0.974217
90	161	0.987783
90	164	0.970043
90	169	0.981116
90	177	1.00814
90	179	0.998775
91	1	0.892103
91	16	1.01337
91	35	1.08519
91	37	0.934028
91	42	0.948975
91	53	1.02224
91	54	0.998373
91	73	1.04048
91	99	1.03025
91	108	1.04044
91	124	0.994176
91	125	0.981368
91	143	1.00475
91	147	1.00037
91	154	1.03956
91	156	1.02462
91	166	0.996161
91	170	0.996264
91	171	0.980405
91	176	0.978586
92	72	0.966239
92	74	1.01679
92	99	0.962924
92	117	1.02599
92	140	0.997034
92	146	1.00078
92	148	0.986476
92	152	1.00197
92	157	1.05724
92	166	0.990593
92	168	0.992421
92	169	0.99937
92	171	0.991924
92	173	0.985718
92	174	1.00191
92	175	1.00577
92	176	0.998067
92	177	1.02808
92	179	0.99251
92	180	1.00358
93	17	1.0198
93	31	0.851769
93	37	1.0782
93	82	1.00908
93	117	0.89521
93	127	1.0504
93	129	0.872128
93	130	1.05828
93	141	1.06992
93	144	1.06555
93	158	1.05825
93	165	1.04186
93	166	0.926739
93	168	0.939655
93	170	1.03197
93	173	1.06403
93	174	1.04896
93	177	1.04068
93	178	1.05028
93	179	0.919695
93	180	0.900186
94	19	0.95534
94	29	0.962039
94	59	1.01826
94	105	1.03761
94	115	0.943213
94	124	0.906082
94	131	0.859221
94	140	1.04692
94	146	1.05066
94	151	0.914541
94	157	0.946433
94	160	1.06603
94	162	1.07471
94	166	1.04048
94	168	1.04231
94	171	1.04181
94	175	1.05565
94	176	1.04795
94	178	0.90361
94	179	1.0424
94	180	1.05347
95	5	1.08617
95	33	1.07474
95	49	1.05271
95	50	0.938148
95	51	1.02349
95	79	1.06881
95	88	1.06309
95	90	1.02871
95	100	0.900875
95	101	1.05277
95	102	1.01787
95	107	1.01685
95	120	0.847273
95	125	1.05331
95	149	0.974131
95	152	0.910973
95	153	0.974492
95	154	0.991305
95	158	0.9163
95	161	1.06147
95	177	0.950223
96	36	1.01571
96	59	0.920354
96	67	0.980354
96	85	1.00303
96	109	0.943655
96	118	0.912179
96	121	1.01423
96	122	0.987179
96	123	0.950684
96	126	0.962511
96	131	1.02421
96	132	0.99608
96	133	1.02418
96	135	1.06174
96	142	0.940044
96	158	1.04834
96	161	0.973998
96	165	1.07243
96	169	1.05524
96	171	1.06418
96	174	1.05609
97	46	1.04743
97	56	0.937937
97	110	0.895929
97	120	0.872185
97	129	0.918202
97	144	1.06677
97	146	0.951454
97	148	1.07381
97	152	0.935885
97	157	1.02207
97	160	0.91874
97	165	1.04308
97	166	0.972814
97	167	1.05287
97	168	0.985729
97	170	1.03319
97	172	1.05196
97	173	1.06525
97	174	1.05018
97	177	1.0419
97	178	1.0515
98	4	0.893164
98	6	1.03074
98	26	0.993948
98	34	1.06735
98	69	1.10969
98	103	1.00503
98	121	0.888608
98	128	0.99573
98	135	1.02292
98	141	1.03722
98	149	1.00682
98	153	0.998996
98	158	1.02555
98	166	0.976178
98	167	1.01894
98	171	0.960423
98	172	1.01804
98	174	1.01626
98	175	0.944856
98	176	0.958604
98	177	1.00797
98	178	1.01757
99	1	0.90522
99	2	1.07647
99	18	1.00573
99	35	1.09831
99	37	0.947145
99	42	0.962093
99	53	1.03535
99	54	1.01149
99	73	1.0536
99	91	1.03025
99	92	0.962924
99	108	1.05356
99	124	1.00729
99	142	1.02939
99	143	0.987794
99	147	1.01349
99	148	0.939927
99	156	1.00766
99	161	0.938259
99	168	0.992122
99	177	0.981528
99	178	0.967866
100	39	1.11607
100	81	0.92427
100	88	0.98375
100	95	0.900875
100	122	0.948086
100	128	1.01456
100	131	1.05187
100	144	1.02786
100	146	0.973652
100	148	1.0349
100	149	1.00183
100	151	1.01453
100	156	0.988229
100	164	1.01889
100	167	1.01396
100	169	0.970308
100	170	0.99428
100	172	1.01305
100	173	1.02634
100	174	1.01127
100	175	0.96369
100	177	1.00299
101	33	1.02512
101	49	1.00309
101	51	0.973875
101	57	1.21528
101	63	1.02404
101	70	0.95886
101	79	1.01919
101	87	0.967098
101	88	1.01347
101	90	0.979087
101	95	1.05277
101	102	0.968251
101	107	0.96723
101	119	0.932671
101	125	1.00369
101	152	0.958138
101	154	1.03847
101	161	1.01185
101	167	0.972013
101	170	0.99517
101	173	0.955029
101	174	0.971219
102	3	1.00737
102	5	1.00165
102	26	1.07379
102	49	0.968193
102	51	0.938975
102	57	1.18038
102	79	0.984292
102	87	0.932198
102	88	0.978571
102	90	0.944187
102	95	1.01787
102	101	0.968251
102	107	0.93233
102	108	0.978362
102	115	1.06876
102	119	0.978102
102	125	0.968791
102	158	1.0089
102	161	0.976947
102	169	1.01579
102	172	1.03165
102	179	1.03345
102	180	1.01394
103	31	0.970578
103	52	1.00813
103	55	1.01775
103	64	0.951841
103	98	1.00503
103	128	1.0651
103	140	1.03188
103	141	1.00742
103	150	1.00258
103	151	0.989714
103	157	0.958343
103	164	0.994077
103	165	0.97936
103	170	0.969466
103	172	0.988236
103	173	1.00153
103	174	0.98646
103	175	1.01423
103	176	1.02797
103	177	0.978175
103	178	0.987773
103	179	1.0385
103	180	1.01899
104	25	1.21114
104	28	1.04647
104	39	1.0172
104	44	1.02879
104	56	1.10786
104	59	1.00943
104	62	1.02522
104	69	1.01588
104	82	1.03453
104	111	1.03795
104	112	1.06203
104	114	1.0581
104	125	0.891334
104	127	0.914483
104	137	0.879883
104	142	1.05721
104	147	1.0727
104	148	0.866847
104	149	0.932355
104	151	0.905716
104	154	1.0537
104	172	0.897276
104	180	0.879573
105	89	1.01962
105	94	1.03761
105	117	0.999687
105	127	1.0307
105	129	1.0218
105	140	0.970728
105	141	0.974414
105	142	1.07252
105	157	1.05382
105	159	0.991098
105	160	0.989833
105	162	0.998517
105	166	0.964288
105	167	0.999285
105	168	0.966116
105	170	1.02244
105	171	0.965619
105	172	1.01349
105	175	0.979462
105	176	0.971762
105	177	1.02466
105	179	0.966205
105	180	0.977274
106	8	0.981922
106	28	1.04455
106	30	0.961509
106	70	1.00926
106	133	1.01192
106	148	1.00933
106	149	0.97626
106	151	0.988958
106	153	0.968439
106	157	0.957586
106	162	1.0042
106	163	1.02493
106	164	0.99332
106	165	0.978603
106	168	1.07055
106	169	1.03293
106	170	0.968709
106	171	1.04188
106	172	0.98748
106	174	0.985703
106	177	0.977418
106	178	0.987016
106	180	1.03109
107	3	1.00635
107	5	1.00063
107	21	0.864545
107	33	0.989198
107	49	0.967172
107	51	0.937954
107	57	1.17935
107	79	0.983272
107	81	0.984094
107	87	0.931177
107	88	0.97755
107	90	0.943166
107	95	1.01685
107	101	0.96723
107	102	0.93233
107	125	0.96777
107	143	1.06342
107	145	1.0154
107	156	1.08329
107	157	1.08632
107	158	1.02323
107	177	1.05716
107	180	1.02828
108	25	0.850058
108	27	1.00648
108	30	0.883774
108	54	1.02168
108	82	1.06224
108	91	1.04044
108	99	1.05356
108	102	0.978362
108	111	1.04148
108	112	0.99035
108	122	0.932978
108	123	0.978561
108	124	1.01748
108	131	1.07131
108	132	0.87169
108	147	1.02368
108	157	1.0026
108	166	1.01545
108	175	1.03062
108	176	1.02292
108	177	1.02243
108	178	1.03203
108	179	1.01737
108	180	1.02844
109	8	1.00558
109	36	1.03191
109	59	0.936555
109	67	0.996555
109	75	0.931779
109	85	1.01923
109	96	0.943655
109	118	0.928381
109	121	1.03043
109	122	1.00338
109	123	0.966885
109	126	0.978712
109	132	1.01228
109	142	0.956246
109	154	1.09311
109	158	1.0181
109	161	0.9902
109	164	1.01393
109	167	1.02665
109	172	1.04086
109	175	1.01838
109	178	1.03836
109	180	1.02315
110	38	0.966577
110	44	1.08782
110	52	1.0292
110	89	0.962432
110	97	0.895929
110	120	1.08181
110	133	0.909393
110	136	1.01053
110	138	1.04246
110	146	1.02705
110	150	0.943188
110	156	0.993612
110	157	0.996636
110	160	1.04241
110	162	1.0511
110	169	1.02564
110	171	1.0182
110	173	0.925116
110	174	0.941306
110	175	1.03204
110	176	1.02434
110	178	0.953813
110	179	1.01878
110	180	1.02985
111	21	0.91333
111	25	1.08731
111	28	0.922638
111	39	0.89336
111	43	1.03277
111	56	0.984021
111	62	0.901388
111	63	1.13259
111	69	0.892042
111	82	0.910693
111	83	0.994272
111	104	1.03795
111	108	1.04148
111	112	0.938196
111	114	0.934264
111	131	1.04789
111	139	1.1194
111	142	0.933377
111	143	0.98885
111	145	1.06418
111	147	0.948864
111	157	1.1351
111	161	1.06267
111	178	1.09228
112	19	1.09288
112	24	1.09113
112	25	1.11139
112	28	0.946715
112	29	0.963195
112	39	0.917438
112	43	1.05685
112	52	0.977048
112	56	1.0081
112	62	0.925465
112	64	1.1042
112	69	0.91612
112	82	0.934771
112	104	1.06203
112	108	0.99035
112	111	0.938196
112	114	0.958342
112	119	0.99009
112	142	0.957455
112	147	0.972942
112	154	0.953944
112	158	1.02088
112	172	1.04364
112	173	1.01245
112	175	1.02116
112	176	1.03491
113	47	1.03921
113	62	0.992206
113	72	0.893479
113	127	0.961353
113	130	0.932967
113	137	1.04993
113	138	1.05012
113	139	0.968774
113	140	1.03097
113	152	1.03591
113	153	0.979586
113	159	1.05134
113	160	1.05008
113	161	0.912048
113	162	1.05876
113	163	1.03885
113	165	0.945489
113	167	0.929942
113	169	1.03331
113	171	1.02586
113	175	1.0397
113	176	1.032
113	177	0.955317
113	178	0.941655
113	179	1.02645
113	180	1.03752
114	20	1.07695
114	25	1.10745
114	28	0.942783
114	29	0.959263
114	39	0.913505
114	43	1.05292
114	52	0.973116
114	56	1.00417
114	62	0.921533
114	69	0.912187
114	82	0.930838
114	104	1.0581
114	111	0.934264
114	112	0.958342
114	119	1.00321
114	125	1.05081
114	142	0.953522
114	143	1.009
114	147	0.969009
114	152	1.02868
114	161	1.02466
114	163	1.03289
114	166	1.06561
114	173	1.02557
114	178	1.05427
114	180	1.03905
115	19	0.954509
115	38	1.15736
115	77	0.958194
115	84	0.933277
115	94	0.943213
115	102	1.06876
115	131	1.01889
115	140	1.05664
115	145	0.992666
115	146	1.04894
115	150	0.994417
115	156	0.955257
115	157	0.950184
115	160	1.01623
115	164	0.985919
115	165	0.971202
115	167	0.980984
115	169	1.0456
115	170	0.961308
115	171	1.05455
115	172	0.980078
115	173	0.993372
115	174	0.978302
115	177	0.970017
115	178	0.979615
115	180	1.04375
116	50	0.970234
116	64	1.0317
116	76	0.976846
116	89	0.977267
116	127	0.988346
116	128	1.00224
116	136	0.998144
116	139	0.995767
116	140	1.01093
116	144	0.937661
116	146	1.01467
116	147	1.00096
116	152	1.01586
116	155	1.02395
116	160	1.03003
116	163	1.01881
116	166	1.00449
116	168	1.00631
116	169	1.01326
116	170	0.980092
116	171	1.00582
116	175	1.01966
116	176	1.01196
116	177	0.98231
116	178	0.968648
116	179	1.0064
116	180	1.01747
117	70	0.974302
117	80	0.966223
117	92	1.02599
117	93	0.89521
117	105	0.999687
117	123	1.00917
117	131	0.95478
117	137	1.02796
117	140	1.009
117	141	0.962584
117	151	1.0101
117	155	1.02201
117	157	1.04199
117	160	1.0281
117	162	1.03678
117	163	1.01688
117	164	0.974733
117	167	0.987455
117	168	1.00438
117	169	1.01133
117	171	1.00389
117	172	1.00166
117	175	1.01773
117	176	1.01003
117	178	0.999168
117	179	1.00447
117	180	1.01554
118	8	0.974106
118	36	1.00043
118	47	1.07139
118	59	0.90508
118	63	0.914093
118	67	0.96508
118	85	0.987754
118	96	0.912179
118	109	0.928381
118	119	0.961025
118	121	0.998956
118	122	0.971905
118	123	0.93541
118	124	0.934062
118	125	1.08612
118	126	0.947237
118	132	0.980806
118	138	1.05444
118	142	0.92477
118	146	1.07955
118	150	1.07894
118	158	1.06931
118	161	0.958724
118	165	1.0934
118	172	1.09206
118	174	1.07706
118	177	1.10323
119	30	0.883514
119	39	1.1007
119	43	0.898617
119	49	0.959305
119	62	1.01885
119	69	1.11316
119	73	0.921778
119	101	0.932671
119	102	0.978102
119	112	0.99009
119	114	1.00321
119	118	0.961025
119	120	1.06109
119	122	1.03602
119	123	0.999529
119	126	1.01136
119	130	1.02073
119	132	1.04493
119	144	1.02801
119	157	0.9833
119	159	1.02296
119	168	0.997978
119	174	1.01142
119	175	1.01132
119	177	1.00313
119	179	0.998067
119	180	1.00914
120	45	1.09992
120	95	0.847273
120	97	0.872185
120	110	1.08181
120	119	1.06109
120	123	0.940068
120	127	0.949767
120	129	1.08961
120	131	0.88568
120	137	1.0575
120	147	0.962381
120	154	1.02132
120	155	1.05156
120	156	0.969868
120	159	1.05891
120	160	1.05764
120	161	0.900462
120	163	1.04642
120	165	0.933903
120	168	1.03392
120	169	1.04087
120	171	1.03343
120	172	0.93256
120	174	0.917562
120	175	1.04727
120	176	1.03957
120	179	1.03401
120	180	1.04508
121	8	1.07616
121	36	1.10248
121	52	1.04641
121	59	1.00713
121	67	1.06713
121	85	1.0898
121	96	1.01423
121	98	0.888608
121	109	1.03043
121	118	0.998956
121	122	1.07396
121	123	1.03746
121	124	1.03611
121	126	1.04929
121	132	1.08286
121	136	0.948346
121	138	0.908001
121	142	1.02682
121	143	0.963056
121	144	0.912141
121	146	0.933109
121	161	1.06077
121	163	0.921756
121	166	0.954468
121	171	0.938713
121	177	0.95679
121	178	0.943127
121	180	0.927916
122	8	1.04911
122	36	1.07543
122	59	0.98008
122	63	0.989093
122	67	1.04008
122	85	1.06275
122	96	0.987179
122	100	0.948086
122	108	0.932978
122	109	1.00338
122	118	0.971905
122	119	1.03602
122	121	1.07396
122	123	1.01041
122	124	1.00906
122	126	1.02224
122	128	1.01467
122	132	1.05581
122	138	0.948646
122	142	0.99977
122	145	0.955674
122	150	0.973148
122	158	0.963511
122	160	0.941039
122	161	1.03372
122	166	0.995113
122	173	0.955076
122	178	0.983773
122	179	0.988069
123	8	1.01261
123	21	1.10774
123	31	1.02879
123	36	1.03894
123	59	0.943584
123	66	0.91413
123	67	1.00358
123	85	1.02626
123	96	0.950684
123	108	0.978561
123	109	0.966885
123	117	1.00917
123	118	0.93541
123	119	0.999529
123	120	0.940068
123	121	1.03746
123	122	1.01041
123	124	0.972567
123	126	0.985741
123	132	1.01931
123	142	0.963275
123	146	1.01934
123	148	1.00142
123	154	1.0841
123	158	1.00909
123	159	0.998876
123	161	0.997229
123	172	1.03185
123	173	1.00066
123	180	1.01414
124	35	1.06224
124	38	1.12023
124	51	0.993366
124	53	0.99928
124	73	1.01753
124	90	0.996951
124	91	0.994176
124	94	0.906082
124	99	1.00729
124	108	1.01748
124	118	0.934062
124	121	1.03611
124	122	1.00906
124	123	0.972567
124	126	0.984394
124	132	1.01796
124	134	0.945752
124	138	0.986702
124	148	1.00808
124	162	0.979727
124	163	1.00046
124	164	0.992072
124	171	1.01741
124	172	0.986232
124	173	0.999526
124	175	1.00185
124	176	1.0156
124	177	0.97617
124	178	0.985768
124	179	1.02613
125	11	0.963181
125	25	0.897402
125	36	0.918965
125	37	1.17871
125	43	0.946221
125	48	1.00379
125	51	0.974415
125	67	0.944128
125	69	1.16076
125	88	1.01401
125	91	0.981368
125	95	1.05331
125	101	1.00369
125	102	0.968791
125	104	0.891334
125	107	0.96777
125	114	1.05081
125	118	1.08612
125	126	0.979754
125	128	0.98345
125	151	1.00422
125	159	1.0125
125	163	1.00002
125	164	1.00858
125	169	0.99447
125	172	1.00274
125	173	1.01603
125	175	1.00087
125	177	0.992676
125	180	0.998679
126	8	1.02444
126	12	0.925668
126	13	0.941528
126	14	1.20451
126	36	1.05076
126	52	0.994695
126	59	0.955411
126	63	0.964425
126	67	1.01541
126	85	1.03809
126	96	0.962511
126	109	0.978712
126	118	0.947237
126	119	1.01136
126	121	1.04929
126	122	1.02224
126	123	0.985741
126	124	0.984394
126	125	0.979754
126	132	1.03114
126	139	1.01032
126	142	0.975102
126	143	1.00313
126	150	0.97258
126	151	0.994135
126	154	1.03795
126	158	0.962943
126	161	1.00906
126	176	0.976971
126	177	0.996867
127	40	0.911909
127	42	1.14074
127	84	0.954107
127	86	1.01368
127	89	0.998418
127	93	1.0504
127	104	0.914483
127	105	1.0307
127	113	0.961353
127	116	0.988346
127	120	0.949767
127	133	1.02534
127	138	1.00393
127	139	0.993429
127	146	1.02904
127	148	1.02276
127	151	1.00239
127	153	0.981868
127	156	0.976087
127	162	0.996953
127	165	0.992032
127	167	1.00181
127	170	0.982138
127	172	1.00091
127	173	1.0142
127	174	0.999132
127	177	0.990847
127	178	1.00044
127	179	1.04335
127	180	1.02384
128	6	0.997874
128	18	1.07928
128	34	0.920994
128	68	0.985093
128	80	0.928581
128	98	0.99573
128	100	1.01456
128	103	1.0651
128	116	1.00224
128	122	1.01467
128	125	0.98345
128	129	1.02243
128	134	1.00881
128	138	0.990506
128	146	0.975097
128	152	0.976289
128	155	0.984373
128	156	1.09005
128	159	0.991723
128	161	1.02064
128	162	0.999142
128	163	0.979236
128	164	1.02581
128	165	1.05408
128	169	0.97369
128	171	0.966243
128	175	0.980087
128	176	0.972387
128	177	1.06391
128	179	0.96683
128	180	0.977899
129	59	1.09074
129	60	1.00273
129	75	0.8695
129	80	0.988336
129	93	0.872128
129	97	0.918202
129	105	1.0218
129	120	1.08961
129	128	1.02243
129	131	0.931698
129	133	0.931667
129	145	0.947988
129	150	0.965462
129	152	1.03604
129	155	1.04413
129	160	1.05021
129	162	1.0589
129	163	1.03899
129	165	0.97992
129	166	1.02467
129	167	0.964374
129	168	1.0265
129	169	1.03345
129	170	0.987531
129	171	1.026
129	174	0.963579
129	175	1.03984
129	176	1.03214
129	177	0.989749
129	179	1.02659
129	180	1.03765
130	33	0.916304
130	54	0.997659
130	60	1.07879
130	70	1.03057
130	84	0.961981
130	85	0.936876
130	89	1.00629
130	93	1.05828
130	113	0.932967
130	119	1.02073
130	131	1.0476
130	145	1.02137
130	148	1.03063
130	151	1.01026
130	156	0.98396
130	157	0.978888
130	159	0.980189
130	160	0.967936
130	162	0.968568
130	164	1.01462
130	165	0.999905
130	170	0.990012
130	171	1.00625
130	172	1.00878
130	173	1.02208
130	174	1.00701
130	175	0.990688
130	176	1.00444
130	177	0.99872
130	178	1.00832
130	179	1.01497
130	180	0.995457
131	40	0.847822
131	66	0.859743
131	94	0.859221
131	96	1.02421
131	100	1.05187
131	108	1.07131
131	111	1.04789
131	115	1.01889
131	117	0.95478
131	120	0.88568
131	129	0.931698
131	130	1.0476
131	133	1.0645
131	145	1.05265
131	146	0.96495
131	148	1.06191
131	150	1.0544
131	153	1.02102
131	155	0.948463
131	156	1.01524
131	163	0.953597
131	164	1.0459
131	165	1.03118
131	166	0.986309
131	167	1.04097
131	170	1.02129
131	172	1.04006
131	173	1.05335
131	174	1.03828
131	176	0.968735
131	177	1.03
131	178	1.0396
131	180	0.959756
132	8	1.05801
132	20	0.945173
132	21	1.15314
132	24	0.972472
132	31	1.07418
132	36	1.08433
132	45	1.09234
132	52	1.02826
132	59	0.98898
132	67	1.04898
132	85	1.07165
132	96	0.99608
132	108	0.87169
132	109	1.01228
132	118	0.980806
132	119	1.04493
132	121	1.08286
132	122	1.05581
132	123	1.01931
132	124	1.01796
132	126	1.03114
132	142	1.00867
132	143	0.942413
132	148	0.894546
132	149	0.960054
132	150	0.91186
132	154	0.977229
132	157	0.965307
132	161	1.04263
132	165	0.926318
132	172	0.924976
132	175	0.902504
132	178	0.922484
133	3	0.907457
133	10	0.921259
133	14	0.912324
133	20	0.999341
133	48	1.02673
133	65	1.03107
133	69	1.11979
133	96	1.02418
133	106	1.01192
133	110	0.909393
133	127	1.02534
133	129	0.931667
133	131	1.0645
133	135	1.03056
133	141	1.04487
133	146	0.964918
133	148	1.04753
133	149	1.01446
133	151	1.02716
133	156	1.00086
133	160	0.932204
133	164	1.03152
133	166	0.986278
133	167	1.02659
133	170	1.00691
133	171	0.970523
133	172	1.02568
133	173	1.03897
133	174	1.0239
133	175	0.954956
133	177	1.01562
133	178	1.02522
133	179	0.979233
133	180	0.959725
134	14	1.16459
134	48	0.928605
134	50	0.944867
134	59	1.05793
134	65	0.987314
134	124	0.945752
134	128	1.00881
134	135	0.936422
134	136	1.00471
134	138	1.03664
134	139	0.9704
134	142	1.0048
134	146	1.02123
134	147	0.975593
134	148	0.915342
134	152	1.02243
134	153	0.981211
134	154	1.00028
134	158	1.03561
134	159	1.03786
134	160	1.03659
134	161	0.913673
134	162	1.04528
134	163	1.02537
134	166	1.01105
134	168	1.01288
134	169	1.01983
134	171	1.01238
134	174	0.930773
134	175	1.02622
134	176	1.01852
134	178	0.94328
134	179	1.01297
134	180	1.02403
135	8	0.948123
135	10	0.95882
135	45	0.939581
135	47	0.994323
135	61	1.05663
135	63	0.971144
135	89	1.00364
135	96	1.06174
135	98	1.02292
135	133	1.03056
135	134	0.936422
135	136	1.01772
135	138	0.977372
135	145	1.01871
135	146	1.00248
135	148	1.02797
135	149	0.994906
135	150	1.02046
135	151	1.0076
135	153	0.987085
135	154	0.97831
135	155	0.985992
135	156	0.981304
135	164	1.01197
135	165	0.997249
135	167	1.00703
135	168	1.03675
135	169	0.999135
135	170	0.987355
135	171	1.00808
135	172	1.00613
135	174	1.00435
135	176	1.00626
135	177	0.996064
135	178	1.00566
136	6	0.972199
136	17	1.07539
136	26	1.06921
136	60	0.938871
136	78	1.06689
136	110	1.01053
136	116	0.998144
136	121	0.948346
136	134	1.00471
136	135	1.01772
136	137	0.986214
136	138	0.986408
136	140	0.967255
136	142	1.0861
136	146	0.970998
136	148	0.996637
136	149	1.06215
136	152	0.97219
136	153	1.06251
136	155	0.980274
136	159	0.987625
136	160	0.986359
136	161	0.994969
136	162	0.995043
136	163	0.975137
136	165	1.02841
136	166	0.960814
136	169	0.969591
136	170	1.03602
136	171	0.962145
136	175	0.975988
136	176	0.968288
136	177	1.03824
136	178	1.02458
136	179	0.962731
136	180	0.9738
137	12	0.946918
137	15	0.985821
137	29	1.06288
137	38	0.942264
137	64	1.06751
137	67	0.932676
137	70	0.979588
137	75	0.897868
137	81	1.05109
137	104	0.879883
137	113	1.04993
137	117	1.02796
137	120	1.0575
137	136	0.986214
137	140	0.998996
137	142	1.06598
137	150	0.99383
137	152	1.00393
137	155	1.01202
137	158	1.01711
137	159	1.01937
137	160	1.0181
137	161	0.974847
137	162	1.02678
