1	71	0.992492
1	81	1.01206
1	93	1.03198
1	97	1.00193
1	103	1.00679
1	108	1.09229
1	111	1.03233
1	155	1.04969
1	161	1.0534
1	164	0.975283
1	168	0.986305
1	180	1.02035
2	41	0.959923
2	44	0.945337
2	59	0.911277
2	83	0.906881
2	98	0.847178
2	155	1.01185
2	170	1.05703
2	175	1.05758
2	177	1.00496
2	178	1.05745
2	179	0.985548
2	180	1.02414
3	39	0.986189
3	76	0.924972
3	101	1.06596
3	118	0.995869
3	124	1.04245
3	127	1.05288
3	130	1.05317
3	134	0.992173
3	149	1.01733
3	151	1.03298
3	164	0.982065
3	179	1.12193
4	15	1.02123
4	42	1.11871
4	61	1.01258
4	66	1.07188
4	67	0.982142
4	72	0.982733
4	80	1.00509
4	133	0.970262
4	145	0.963223
4	150	1.08489
4	173	1.06474
4	174	0.97559
5	58	0.978503
5	59	1.04344
5	83	1.02876
5	116	1.01786
5	117	1.01835
5	128	1.07548
5	129	1.01271
5	150	1.07148
5	161	1.06407
5	162	1.01331
5	166	0.874254
5	177	1.08967
6	23	0.840302
6	60	1.02947
6	77	1.03869
6	116	1.00509
6	117	1.00558
6	128	1.06271
6	153	1.02146
6	154	1.2901
6	161	1.0513
6	172	0.905674
6	175	0.971878
6	180	1.04591
7	18	0.950104
7	60	1.02567
7	116	1.0013
7	117	1.00179
7	128	1.05892
7	135	1.01659
7	146	1.07469
7	153	1.01766
7	160	1.10634
7	173	1.02803
7	174	0.938876
7	176	1.05093
8	48	1.06146
8	53	1.05368
8	69	0.978461
8	98	1.05554
8	99	0.981201
8	100	0.981248
8	132	0.941558
8	170	0.99475
8	172	1.08808
8	176	1.08997
8	178	0.984168
8	180	1.05181
9	11	0.888272
9	64	0.761074
9	102	1.02731
9	116	1.03043
9	121	0.875751
9	156	1.05194
9	163	1.04285
9	176	1.01436
9	177	1.00917
9	178	1.06166
9	179	0.989759
9	180	1.02835
10	52	0.906399
10	64	0.72636
10	70	0.979345
10	74	0.959535
10	139	0.981827
10	160	1.00275
10	170	1.06598
10	175	1.06653
10	176	1.0191
10	177	1.01391
10	179	0.994495
10	180	1.03308
11	9	0.888272
11	17	1.0953
11	29	1.05568
11	40	1.09251
11	50	1.00353
11	68	1.01279
11	75	0.971441
11	79	1.02633
11	143	1.08209
11	156	0.999726
11	166	1.05628
11	169	0.92952
12	69	1.05653
12	74	1.11537
12	98	1.1336
12	99	1.05927
12	100	1.05932
12	140	0.878977
12	156	0.919214
12	158	0.894486
12	172	1.16615
12	179	1.03154
12	180	0.936741
13	45	1.00382
13	51	1.04541
13	85	1.00443
13	97	0.989351
13	105	1.04169
13	108	1.07971
13	111	1.03525
13	140	0.965507
13	161	1.04082
13	172	0.883034
13	176	1.06143
13	179	1.11807
14	76	0.995933
14	88	1.02805
14	92	1.02962
14	96	1.00468
14	119	1.06562
14	120	1.03818
14	129	1.07473
14	139	1.0141
14	148	1.04091
14	157	1.02899
14	165	1.00661
14	166	0.936272
15	4	1.02123
15	38	0.981685
15	42	1.05891
15	61	0.952781
15	67	0.922347
15	72	0.922939
15	78	0.981657
15	80	0.945295
15	95	1.04689
15	158	1.13116
15	169	1.08569
15	174	1.09952
15	175	1.09939
16	48	1.1511
16	63	1.11146
16	70	1.07496
16	98	1.14518
16	99	1.07084
16	100	1.07089
16	144	0.878288
16	147	0.839301
16	156	0.933333
16	167	0.922453
16	170	0.893797
16	172	1.17772
16	179	1.04566
17	11	1.0953
17	46	1.0306
17	64	1.26825
17	68	1.09836
17	75	1.05701
17	79	1.1119
17	111	0.968208
17	151	0.962076
17	158	0.91397
17	166	1.14185
17	170	0.899163
17	174	0.882331
17	178	0.888582
18	7	0.950104
18	43	1.10665
18	65	0.91135
18	115	1.01225
18	119	1.01269
18	120	0.985252
18	153	1.04462
18	157	0.976059
18	161	0.972309
18	174	1.00693
18	177	0.933108
18	179	0.913697
18	180	0.952285
19	28	0.978026
19	33	0.983977
19	38	0.984787
19	65	1.07755
19	67	0.92545
19	72	0.926041
19	78	0.98476
19	80	0.948397
19	109	1.13309
19	129	1.11846
19	141	1.14163
19	172	1.00158
19	175	1.06779
20	82	1.07548
20	115	1.13131
20	119	1.13175
20	120	1.10431
20	122	1.15172
20	135	1.09318
20	149	1.09545
20	154	1.11399
20	159	0.814262
20	173	0.885058
20	176	0.907963
20	177	0.923398
20	180	0.869803
21	43	1.01102
21	76	0.909863
21	102	1.01562
21	106	1.1019
21	110	1.1019
21	111	1.024
21	114	1.03882
21	121	1.08244
21	157	1.04319
21	170	0.954958
21	173	1.00347
21	177	1.06561
21	178	0.944377
21	180	1.01202
22	73	1.0695
22	106	1.07913
22	110	1.07913
22	114	1.01605
22	121	1.05967
22	125	1.00793
22	131	1.0363
22	138	1.06705
22	145	0.953064
22	160	1.13289
22	165	0.947847
22	166	0.877507
22	168	1.00528
22	173	0.980694
23	6	0.840302
23	54	0.886965
23	74	0.91762
23	90	1.14609
23	113	0.978222
23	121	1.10294
23	146	0.833456
23	149	0.887027
23	154	0.961521
23	157	1.06368
23	173	1.02396
23	176	1.02592
23	178	1.07322
23	179	1.00132
24	55	0.869651
24	82	1.01735
24	86	1.10827
24	88	1.03605
24	92	1.03763
24	115	1.07318
24	119	1.07362
24	120	1.04618
24	157	1.03699
24	164	1.02394
24	165	0.977522
24	167	1.04059
24	168	1.03496
24	171	0.971486
25	90	0.996115
25	102	0.886138
25	106	0.972419
25	110	0.972419
25	114	0.90934
25	121	0.952961
25	136	0.913672
25	141	1.23419
25	157	0.913705
25	166	1.07256
25	167	1.20597
25	168	1.20034
25	169	1.14665
25	173	0.873987
26	41	1.03285
26	53	1.08071
26	69	1.00549
26	74	1.06433
26	98	1.08257
26	99	1.00823
26	100	1.00828
26	126	0.963614
26	147	0.949692
26	148	1.00407
26	165	0.969772
26	168	1.02721
26	170	1.00419
26	172	1.11511
27	31	0.941977
27	34	0.953637
27	47	1.17866
27	76	1.15358
27	85	0.905375
27	93	0.920343
27	94	0.92849
27	103	0.895151
27	105	0.942637
27	108	0.980656
27	132	1.14548
27	147	1.14418
27	161	0.941765
27	162	1.23298
28	19	0.978026
28	33	0.99436
28	42	1.0724
28	65	1.08794
28	66	1.02557
28	67	0.935833
28	72	0.936424
28	78	0.995143
28	80	0.95878
28	125	1.09689
28	133	1.04906
28	147	1.01673
28	155	1.15763
28	166	0.966468
28	171	1.03077
29	11	1.05568
29	46	0.990975
29	49	1.04617
29	56	1.04319
29	62	1.10924
29	75	1.01739
29	79	1.07228
29	126	0.962715
29	144	0.98778
29	159	1.00481
29	166	1.10223
29	168	1.02631
29	169	0.972618
29	171	0.962837
30	52	1.02711
30	89	0.993429
30	91	1.00933
30	113	0.958785
30	118	0.969437
30	123	1.01791
30	124	1.01602
30	127	1.02645
30	130	1.02674
30	153	0.989701
30	154	1.25388
30	160	1.10326
30	164	0.964628
30	169	0.921959
30	177	1.06329
31	27	0.941977
31	81	0.981694
31	85	0.986649
31	93	1.00162
31	103	0.976425
31	105	1.02391
31	107	0.991468
31	108	1.06193
31	132	1.00231
31	134	1.07761
31	144	1.03999
31	150	1.14797
31	161	1.02304
31	168	1.07852
31	172	0.972326
32	47	1.0521
32	76	1.02702
32	92	0.986327
32	96	0.961379
32	115	1.02188
32	119	1.02232
32	120	0.994883
32	122	1.0423
32	135	0.983749
32	136	0.985656
32	144	1.0566
32	149	0.986025
32	169	1.04144
32	170	1.07211
32	175	1.05514
33	19	0.983977
33	28	0.99436
33	38	1.00112
33	61	0.972218
33	65	1.09389
33	66	1.03152
33	67	0.941784
33	78	1.00109
33	80	0.964731
33	129	1.05807
33	132	0.971179
33	141	1.08124
33	163	1.06787
33	176	1.11959
33	178	1.01379
34	27	0.953637
34	51	1.03929
34	71	0.973789
34	81	0.993354
34	87	0.980939
34	93	1.01328
34	94	1.02142
34	97	0.983229
34	103	0.988084
34	126	0.987843
34	158	1.04322
34	160	1.17905
34	161	1.0347
34	172	0.945241
34	179	1.18028
35	73	1.02814
35	102	0.95148
35	106	1.03776
35	110	1.03776
35	114	0.974682
35	121	1.0183
35	138	1.02569
35	152	0.958651
35	157	0.979048
35	158	1.05035
35	170	1.03554
35	172	0.952366
35	173	0.93933
35	176	1.13076
35	179	1.1874
36	89	0.983719
36	91	1.06666
36	111	1.079
36	112	1.01304
36	113	0.949075
36	123	1.0082
36	127	1.01674
36	130	1.01703
36	131	0.996748
36	146	1.03702
36	149	0.981191
36	164	1.02196
36	165	0.975544
36	170	1.00996
36	179	1.16182
37	56	0.847663
37	89	0.917272
37	96	0.956024
37	98	0.846708
37	103	0.933661
37	114	1.06521
37	121	1.10883
37	123	0.804356
37	173	1.02985
37	176	1.03181
37	177	1.02662
37	178	1.07911
37	179	1.00721
37	180	1.0458
38	15	0.981685
38	19	0.984787
38	33	1.00112
38	61	0.973028
38	65	1.0947
38	66	1.03233
38	72	0.943186
38	78	1.0019
38	80	0.965541
38	87	1.02343
38	163	1.11441
38	165	1.03649
38	171	1.03046
38	174	1.05407
38	175	1.05394
39	3	0.986189
39	101	0.983028
39	112	0.966251
39	113	0.902285
39	118	0.912937
39	123	0.961405
39	124	0.959522
39	125	1.09438
39	127	0.969952
39	130	0.970242
39	146	0.990232
39	160	1.21935
39	162	1.10302
39	167	1.09737
39	172	0.985539
39	179	1.22058
40	11	1.09251
40	97	1.20493
40	105	1.15737
40	123	1.12647
40	139	1.22078
40	163	0.898122
40	165	0.946706
40	167	0.90305
40	170	0.916516
40	174	0.938266
40	175	0.917069
40	176	0.869636
40	177	0.864446
40	179	0.845035
40	180	0.883623
41	2	0.959923
41	26	1.03285
41	48	0.992404
41	63	0.952766
41	69	0.909405
41	70	0.916258
41	74	0.968244
41	76	1.10416
41	87	1.10177
41	98	0.986481
41	99	0.912145
41	100	0.912192
41	133	1.12709
41	172	1.01902
41	173	1.22157
41	178	1.13867
42	4	1.11871
42	15	1.05891
42	28	1.0724
42	61	1.05026
42	66	1.10956
42	67	1.01982
42	72	1.02041
42	76	0.932814
42	78	1.07913
42	80	1.04277
42	147	0.923413
42	163	1.02141
42	170	0.977909
42	171	0.937457
42	172	0.894734
42	176	1.07313
43	18	1.10665
43	21	1.01102
43	90	1.01512
43	102	0.905142
43	106	0.991424
43	110	0.991424
43	114	0.928344
43	121	0.971966
43	131	0.948602
43	157	0.93271
43	165	1.07784
43	171	1.07181
43	173	0.892992
43	175	1.09529
43	176	1.20748
43	178	1.10168
44	2	0.945337
44	60	0.956448
44	77	0.965666
44	83	0.942968
44	87	1.08719
44	107	0.946708
44	117	0.932562
44	125	0.945158
44	128	0.989691
44	137	1.11716
44	141	1.19154
44	146	1.00547
44	151	1.19758
44	153	0.948437
44	161	0.978278
44	178	1.12408
45	13	1.00382
45	71	0.924915
45	81	0.944481
45	85	0.949435
45	94	0.972549
45	97	0.934355
45	103	0.939211
45	105	0.986696
45	107	0.954255
45	148	1.12753
45	161	0.985825
45	165	1.09323
45	168	1.15066
45	172	1.04447
45	178	1.11706
45	180	1.1847
46	17	1.0306
46	29	0.990975
46	49	0.935514
46	50	0.938826
46	56	0.932541
46	62	0.998588
46	68	0.94809
46	75	0.90674
46	79	0.961631
46	144	1.05947
46	151	1.13789
46	164	1.08698
46	166	0.991577
46	170	1.07498
46	176	1.1702
46	177	1.18564
47	27	1.17866
47	32	1.0521
47	57	0.976748
47	78	1.00559
47	127	0.983527
47	136	0.994453
47	164	0.982365
47	168	0.960439
47	170	0.97734
47	171	0.994507
47	173	0.928502
47	175	0.977893
47	176	0.93046
47	178	0.977758
47	179	0.905859
47	180	0.944447
48	8	1.06146
48	16	1.1511
48	41	0.992404
48	53	1.04026
48	63	1.0084
48	69	0.965041
48	70	0.971894
48	99	0.967781
48	100	0.967828
48	137	0.983861
48	160	1.152
48	163	1.04486
48	167	1.03002
48	169	0.970694
48	170	1.00136
48	172	1.07466
48	175	0.984393
49	29	1.04617
49	46	0.935514
49	50	0.994017
49	56	0.987732
49	62	1.05378
49	64	1.17317
49	68	1.00328
49	75	0.961931
49	79	1.01682
49	132	0.924098
49	134	0.999396
49	155	1.0637
49	160	1.12792
49	166	1.04677
49	167	1.00595
49	174	0.960457
49	177	1.08795
50	11	1.00353
50	46	0.938826
50	49	0.994017
50	56	0.991045
50	62	1.05709
50	64	1.17648
50	68	1.00659
50	75	0.965243
50	79	1.02013
50	91	1.04748
50	126	0.950203
50	151	1.05369
50	164	1.00277
50	166	1.05008
50	170	0.990776
50	178	0.980194
50	179	1.14264
51	13	1.04541
51	34	1.03929
51	85	0.991026
51	93	1.00599
51	94	1.01414
51	97	0.975946
51	103	0.980802
51	105	1.02829
51	108	1.06631
51	134	1.03721
51	137	0.997598
51	150	1.10757
51	156	1.05464
51	161	1.02742
51	165	0.980686
51	169	0.984431
51	178	1.00452
52	10	0.906399
52	30	1.02711
52	57	1.03424
52	101	1.05038
52	113	0.96964
52	118	0.980293
52	123	1.02876
52	124	1.02688
52	127	1.03731
52	130	1.0376
52	131	1.01731
52	144	0.997522
52	158	1.02784
52	171	0.97258
52	173	1.08535
52	177	1.12369
52	178	1.00245
53	8	1.05368
53	26	1.08071
53	48	1.04026
53	70	0.964118
53	74	1.0161
53	98	1.03434
53	99	0.960005
53	100	0.960052
53	104	1.02469
53	125	1.06154
53	132	0.98268
53	145	1.00667
53	152	0.958981
53	170	1.03587
53	172	1.06688
53	173	1.10819
53	175	1.0189
54	23	0.886965
54	58	0.960656
54	77	1.03361
54	87	0.988035
54	107	1.01465
54	116	1.00002
54	117	1.00051
54	128	1.05764
54	132	0.98232
54	135	1.01531
54	144	1.02
54	146	1.07341
54	153	1.01638
54	159	1.03703
54	161	1.04622
54	173	1.10783
54	180	1.09257
55	24	0.869651
55	63	0.887272
55	81	0.941366
55	85	0.967579
55	94	0.925583
55	103	0.981173
55	148	1.05502
55	154	0.9371
55	157	0.906454
55	159	1.06378
55	169	1.05831
55	170	1.04838
55	176	1.0015
55	177	0.996308
55	178	1.0488
55	179	0.976897
55	180	1.01548
56	29	1.04319
56	37	0.847663
56	46	0.932541
56	49	0.987732
56	50	0.991045
56	62	1.05081
56	64	1.1702
56	68	1.00031
56	75	0.958958
56	79	1.01385
56	95	0.96799
56	129	1.07116
56	142	1.02021
56	166	1.0438
56	167	1.06612
56	171	0.997009
56	177	1.14812
57	47	0.976748
57	52	1.03424
57	76	0.951664
57	84	1.19083
57	101	1.04665
57	113	0.96591
57	118	0.976563
57	123	1.02503
57	124	1.02315
57	127	1.03358
57	130	1.03387
57	146	1.05386
57	153	0.996827
57	165	0.962343
57	171	0.956307
57	174	0.979926
57	176	1.09198
58	5	0.978503
58	54	0.960656
58	60	0.91543
58	83	0.90195
58	116	0.891054
58	117	0.891544
58	125	0.90414
58	128	0.948674
58	132	1.13387
58	146	0.964449
58	153	0.907419
58	159	1.18859
58	161	0.93726
58	162	1.22137
58	168	1.21009
58	170	1.18707
58	178	1.17648
59	2	0.911277
59	5	1.04344
59	60	0.980371
59	77	0.98959
59	83	0.966891
59	91	1.15731
59	107	0.970631
59	116	0.955996
59	117	0.956485
59	122	1.00091
59	128	1.01362
59	135	0.971286
59	153	0.972361
59	161	1.0022
59	164	1.1126
59	175	1.08363
59	178	1.09002
59	180	1.15767
60	6	1.02947
60	7	1.02567
60	44	0.956448
60	58	0.91543
60	59	0.980371
60	84	1.15015
60	104	0.998034
60	107	0.969427
60	116	0.954791
60	128	1.01241
60	129	0.989782
60	153	0.971156
60	154	1.25733
60	161	1.001
60	176	1.0513
60	177	1.06674
60	178	0.945498
60	179	1.10794
61	4	1.01258
61	15	0.952781
61	33	0.972218
61	38	0.973028
61	42	1.05026
61	65	1.06579
61	66	1.00343
61	67	0.91369
61	72	0.914282
61	78	0.973
61	80	0.936638
61	109	1.10692
61	156	1.09812
61	159	1.06011
61	160	1.20922
61	168	1.08161
61	172	0.975412
61	174	1.04175
62	29	1.10924
62	46	0.998588
62	49	1.05378
62	50	1.05709
62	56	1.05081
62	64	1.23624
62	68	1.06635
62	75	1.025
62	79	1.0799
62	122	0.8387
62	134	0.9605
62	137	0.920891
62	143	1.06029
62	148	0.938278
62	166	1.10984
62	167	0.96705
62	171	0.897942
62	176	1.03362
63	16	1.11146
63	41	0.952766
63	48	1.0084
63	55	0.887272
63	69	0.925403
63	70	0.932256
63	74	0.984243
63	91	1.08626
63	98	1.00248
63	99	0.928143
63	100	0.92819
63	104	0.992832
63	154	1.33081
63	167	1.05821
63	172	1.03502
63	174	1.01273
63	175	1.01259
63	176	1.12478
64	9	0.761074
64	10	0.72636
64	17	1.26825
64	49	1.17317
64	50	1.17648
64	56	1.1702
64	62	1.23624
64	68	1.18574
64	75	1.14439
64	79	1.19929
64	132	0.779801
64	143	0.95489
64	156	0.872528
64	159	0.834513
64	162	0.867294
64	163	0.876493
64	166	1.22923
64	180	0.890055
65	18	0.91135
65	19	1.07755
65	28	1.08794
65	33	1.09389
65	38	1.0947
65	61	1.06579
65	66	1.12509
65	67	1.03536
65	72	1.03595
65	78	1.09467
65	80	1.05831
65	148	0.916838
65	155	1.00336
65	159	0.918475
65	172	0.83378
65	174	0.900122
65	176	1.01218
65	179	1.06882
66	4	1.07188
66	28	1.02557
66	33	1.03152
66	38	1.03233
66	42	1.10956
66	61	1.00343
66	65	1.12509
66	67	0.972991
66	72	0.973583
66	78	1.0323
66	80	0.995939
66	125	1.00165
66	126	0.935409
66	148	0.975866
66	162	1.01028
66	171	0.935531
66	173	1.0483
66	177	1.08664
66	180	1.03304
67	4	0.982142
67	15	0.922347
67	19	0.92545
67	28	0.935833
67	33	0.941784
67	42	1.01982
67	61	0.91369
67	65	1.03536
67	66	0.972991
67	72	0.883848
67	78	0.942566
67	80	0.906204
67	95	1.05831
67	134	1.14989
67	150	1.22025
67	167	1.15644
67	169	1.09711
67	171	1.08733
67	173	1.2001
68	11	1.01279
68	17	1.09836
68	46	0.94809
68	49	1.00328
68	50	1.00659
68	56	1.00031
68	62	1.06635
68	64	1.18574
68	75	0.974507
68	79	1.0294
68	134	1.00728
68	147	0.930682
68	159	0.986698
68	165	0.950762
68	166	1.05934
68	167	1.01383
68	168	1.0082
68	176	1.0804
68	180	1.04224
69	8	0.978461
69	12	1.05653
69	26	1.00549
69	41	0.909405
69	48	0.965041
69	63	0.925403
69	70	0.888895
69	74	0.940882
69	98	0.959119
69	99	0.884782
69	100	0.884829
69	122	1.04487
69	147	1.09007
69	155	1.23097
69	166	1.03981
69	171	1.10411
69	172	0.991661
69	173	1.21688
69	176	1.23979
70	10	0.979345
70	16	1.07496
70	41	0.916258
70	48	0.971894
70	53	0.964118
70	63	0.932256
70	69	0.888895
70	74	0.947735
70	91	1.14268
70	98	0.965972
70	99	0.891636
70	100	0.891683
70	104	0.956325
70	151	1.14889
70	156	1.12551
70	160	1.23661
70	171	1.04553
70	172	0.998515
70	179	1.23784
71	1	0.992492
71	34	0.973789
71	45	0.924915
71	81	0.920573
71	85	0.925527
71	93	0.940495
71	94	0.948641
71	97	0.910447
71	103	0.915303
71	105	0.962789
71	108	1.00081
71	125	1.14136
71	145	1.08649
71	151	1.17861
71	152	1.0388
71	161	0.961917
71	164	1.12769
71	173	1.18801
71	176	1.21092
72	4	0.982733
72	15	0.922939
72	19	0.926041
72	28	0.936424
72	38	0.943186
72	42	1.02041
72	61	0.914282
72	65	1.03595
72	66	0.973583
72	67	0.883848
72	78	0.943158
72	80	0.906796
72	95	1.04696
72	125	1.14209
72	163	1.15993
72	168	1.13945
72	171	1.07598
72	173	1.18874
72	177	1.22708
73	22	1.0695
73	35	1.02814
73	90	1.09638
73	102	0.986399
73	106	1.07268
73	110	1.07268
73	114	1.0096
73	121	1.05322
73	136	1.01393
73	145	0.940991
73	157	1.01397
73	158	0.984998
73	159	0.971711
73	160	1.12082
73	162	1.00449
73	163	1.01369
73	173	0.974249
73	178	0.959609
73	180	1.02725
74	10	0.959535
74	12	1.11537
74	23	0.91762
74	26	1.06433
74	41	0.968244
74	53	1.0161
74	63	0.984243
74	69	0.940882
74	70	0.947735
74	95	0.996697
74	98	1.01796
74	99	0.943622
74	100	0.943669
74	104	1.00831
74	167	1.09482
74	169	1.0355
74	172	1.0505
74	173	1.13848
74	175	1.0492
74	180	1.12323
75	11	0.971441
75	17	1.05701
75	29	1.01739
75	46	0.90674
75	49	0.961931
75	50	0.965243
75	56	0.958958
75	62	1.025
75	64	1.14439
75	68	0.974507
75	79	0.988048
75	122	0.93013
75	126	0.989251
75	145	1.00062
75	147	0.975329
75	150	1.12229
75	160	1.18046
75	166	1.01799
75	177	1.14048
75	180	1.08689
76	3	0.924972
76	14	0.995933
76	21	0.909863
76	27	1.15358
76	32	1.02702
76	41	1.10416
76	42	0.932814
76	57	0.951664
76	132	1.04244
76	143	0.980442
76	158	1.01749
76	164	1.02098
76	169	1.02589
76	170	1.01596
76	175	1.01651
76	176	0.969076
76	177	0.963886
76	178	1.01637
76	179	0.944475
76	180	0.983062
77	6	1.03869
77	44	0.965666
77	54	1.03361
77	59	0.98959
77	83	0.974905
77	84	1.19347
77	116	0.964009
77	125	0.977095
77	128	1.02163
77	134	0.997869
77	141	1.05627
77	146	1.0374
77	153	0.980374
77	155	1.08581
77	159	1.00092
77	161	1.01021
77	165	0.964983
77	172	0.916224
77	176	1.09462
77	177	1.11005
78	15	0.981657
78	19	0.98476
78	28	0.995143
78	33	1.00109
78	38	1.0019
78	42	1.07913
78	47	1.00559
78	61	0.973
78	65	1.09467
78	66	1.0323
78	67	0.942566
78	72	0.943158
78	80	0.965514
78	125	1.05127
78	144	1.0101
78	155	1.11201
78	163	1.06911
78	165	0.991189
78	176	1.12083
78	178	1.01502
79	11	1.02633
79	17	1.1119
79	29	1.07228
79	46	0.961631
79	49	1.01682
79	50	1.02013
79	56	1.01385
79	62	1.0799
79	64	1.19929
79	68	1.0294
79	75	0.988048
79	84	1.14904
79	109	1.00331
79	122	0.855278
79	129	0.988674
79	142	0.937721
79	143	1.07687
79	164	0.96697
79	166	1.07289
79	170	0.954971
79	174	0.938139
80	4	1.00509
80	15	0.945295
80	19	0.948397
80	28	0.95878
80	33	0.964731
80	38	0.965541
80	42	1.04277
80	61	0.936638
80	65	1.05831
80	66	0.995939
80	67	0.906204
80	72	0.906796
80	78	0.965514
80	122	1.02067
80	140	1.11967
80	162	1.15467
80	165	1.08595
80	166	1.01561
80	174	1.10353
80	175	1.1034
80	176	1.21559
81	1	1.01206
81	31	0.981694
81	34	0.993354
81	45	0.944481
81	55	0.941366
81	71	0.920573
81	85	0.945093
81	93	0.960061
81	94	0.968207
81	97	0.930013
81	103	0.934869
81	105	0.982354
81	108	1.02037
81	125	1.10932
81	156	1.12319
81	161	0.981483
81	162	1.11795
81	168	1.10667
81	169	1.05298
81	170	1.08365
81	179	1.23551
82	20	1.07548
82	24	1.01735
82	86	1.01652
82	88	0.944301
82	96	0.920924
82	115	0.98143
82	119	0.981865
82	120	0.954429
82	135	0.943295
82	136	0.945201
82	139	0.930347
82	149	0.94557
82	157	0.945235
82	158	1.07945
82	162	1.09895
82	163	1.10815
82	169	1.03397
82	170	1.06464
82	173	1.13696
82	177	1.1753
82	180	1.12171
83	2	0.906881
83	5	1.02876
83	44	0.942968
83	58	0.90195
83	59	0.966891
83	77	0.974905
83	116	0.941311
83	117	0.9418
83	125	0.954396
83	128	0.99893
83	133	1.07405
83	134	0.975171
83	137	1.07871
83	146	1.01471
83	147	1.04171
83	150	1.18868
83	151	1.15912
83	153	0.957675
83	161	0.987516
83	167	1.12486
83	176	1.19143
84	57	1.19083
84	60	1.15015
84	77	1.19347
84	79	1.14904
84	123	1.18822
84	130	1.15914
84	136	1.20853
84	151	0.884352
84	152	0.962658
84	154	0.808029
84	158	0.920844
84	162	0.903679
84	164	0.924332
84	169	0.929241
84	174	0.941058
84	175	0.919861
84	176	0.872428
84	177	0.867237
84	178	0.919726
84	179	0.847826
84	180	0.886414
85	13	1.00443
85	27	0.905375
85	31	0.986649
85	45	0.949435
85	51	0.991026
85	55	0.967579
85	71	0.925527
85	81	0.945093
85	93	0.965015
85	94	0.973161
85	97	0.934967
85	105	0.987308
85	108	1.02533
85	142	1.09261
85	152	1.03297
85	161	0.986437
85	167	1.13852
85	170	1.10986
85	171	1.06941
85	174	1.09303
85	179	1.26173
86	24	1.10827
86	82	1.01652
86	88	1.03523
86	96	1.01185
86	115	1.07236
86	119	1.07279
86	120	1.04536
86	122	1.09277
86	126	0.895125
86	136	1.03613
86	139	1.02127
86	149	1.0365
86	150	1.02816
86	155	1.02211
86	157	1.03616
86	168	0.958719
86	174	0.918865
86	177	1.04635
86	178	0.925116
86	179	1.08756
86	180	0.99276
87	34	0.980939
87	38	1.02343
87	41	1.10177
87	44	1.08719
87	54	0.988035
87	106	0.868174
87	116	1.05488
87	127	0.956061
87	129	1.00042
87	138	0.945063
87	154	0.894808
87	156	0.996786
87	158	1.00762
87	163	0.987692
87	165	1.03628
87	170	1.00609
87	171	1.02325
87	175	1.00664
87	176	0.959207
87	177	0.954016
87	178	1.0065
87	179	0.934605
87	180	0.973193
88	14	1.02805
88	24	1.03605
88	82	0.944301
88	86	1.03523
88	92	0.964578
88	96	0.93963
88	115	1.00014
88	119	1.00057
88	120	0.973134
88	122	1.02055
88	133	1.04518
88	136	0.963907
88	137	1.04984
88	139	0.949053
88	148	1.06723
88	149	0.964276
88	152	0.990454
88	154	1.36859
88	157	0.963941
88	158	1.08215
88	166	0.962587
88	172	0.984169
88	180	1.12441
89	30	0.993429
89	36	0.983719
89	37	0.917272
89	101	1.0167
89	112	0.999922
89	113	0.935956
89	118	0.946609
89	123	0.995077
89	124	0.993194
89	127	1.00362
89	130	1.00391
89	131	0.98363
89	132	1.05388
89	133	1.08491
89	138	1.01438
89	139	0.95285
89	145	1.07787
89	149	0.968073
89	152	1.03018
89	169	1.0764
89	170	1.10707
89	173	1.17939
89	174	1.09024
90	23	1.14609
90	25	0.996115
90	43	1.01512
90	73	1.09638
90	102	1.01972
90	106	1.106
90	110	1.106
90	114	1.04292
90	121	1.08654
90	131	1.06318
90	136	1.04725
90	141	0.997662
90	157	1.04728
90	161	1.33553
90	163	0.98429
90	165	0.906374
90	166	0.836033
90	167	0.969445
90	169	0.910119
90	171	0.900338
90	172	0.857615
90	173	1.00757
90	174	0.923957
91	30	1.00933
91	36	1.06666
91	50	1.04748
91	59	1.15731
91	63	1.08626
91	70	1.14268
91	131	1.08855
91	149	1.09228
91	152	1.0058
91	155	0.917276
91	160	0.899221
91	167	0.948985
91	170	0.962451
91	171	0.979618
91	173	0.913614
91	174	0.984202
91	175	0.963005
91	176	0.915572
91	177	0.910381
91	178	0.96287
91	179	0.89097
91	180	0.929558
92	14	1.02962
92	24	1.03763
92	32	0.986327
92	88	0.964578
92	96	0.941202
92	115	1.00171
92	119	1.00214
92	120	0.974706
92	122	1.02212
92	133	1.05076
92	135	0.963573
92	136	0.965479
92	139	0.950625
92	142	1.05567
92	143	1.19482
92	149	0.965848
92	152	0.996034
92	157	0.965513
92	163	1.11642
92	167	1.10158
92	171	1.03247
92	174	1.05609
92	178	1.06234
93	1	1.03198
93	27	0.920343
93	31	1.00162
93	34	1.01328
93	51	1.00599
93	71	0.940495
93	81	0.960061
93	85	0.965015
93	94	0.988129
93	97	0.949935
93	103	0.954791
93	105	1.00228
93	108	1.0403
93	126	1.03753
93	144	1.0626
93	145	1.04891
93	148	1.07799
93	152	1.00121
93	158	1.09291
93	161	1.0014
93	163	1.12161
93	175	1.06113
93	176	1.17333
94	27	0.92849
94	34	1.02142
94	45	0.972549
94	51	1.01414
94	55	0.925583
94	71	0.948641
94	81	0.968207
94	85	0.973161
94	93	0.988129
94	97	0.958081
94	103	0.962937
94	105	1.01042
94	107	0.977981
94	108	1.04844
94	132	1.01468
94	137	1.05037
94	141	1.12474
94	152	0.990979
94	154	1.36912
94	161	1.00955
94	163	1.11137
94	172	0.984695
94	175	1.0509
95	15	1.04689
95	56	0.96799
95	67	1.05831
95	72	1.04696
95	74	0.996697
95	126	1.03502
95	128	0.925858
95	131	0.962373
95	135	0.996732
95	150	0.959488
95	157	0.979269
95	160	0.938125
95	162	0.985727
95	163	0.982962
95	164	1.00638
95	168	0.984456
95	171	1.01852
95	174	1.02311
95	175	1.00191
95	177	0.949286
95	178	1.00177
95	179	0.929875
95	180	0.968463
96	14	1.00468
96	32	0.961379
96	37	0.956024
96	82	0.920924
96	86	1.01185
96	88	0.93963
96	92	0.941202
96	115	0.976758
96	119	0.977194
96	120	0.949758
96	122	0.997173
96	135	0.938624
96	136	0.94053
96	139	0.925676
96	140	1.14512
96	142	1.12857
96	145	1.11662
96	149	0.940899
96	155	1.23223
96	157	0.940564
96	165	1.11141
96	166	1.04107
96	167	1.17448
96	169	1.11515
97	1	1.00193
97	13	0.989351
97	34	0.983229
97	40	1.20493
97	45	0.934355
97	51	0.975946
97	71	0.910447
97	81	0.930013
97	85	0.934967
97	93	0.949935
97	94	0.958081
97	103	0.924743
97	105	0.972228
97	107	0.939787
97	108	1.01025
97	142	1.05536
97	143	1.19451
97	148	1.07249
97	152	0.995719
97	161	0.971357
97	169	1.04194
97	175	1.05564
97	176	1.16783
97	179	1.22447
98	2	0.847178
98	8	1.05554
98	12	1.1336
98	16	1.14518
98	26	1.08257
98	37	0.846708
98	41	0.986481
98	53	1.03434
98	63	1.00248
98	69	0.959119
98	70	0.965972
98	74	1.01796
98	99	0.961859
98	100	0.961906
98	104	1.02655
98	125	1.06217
98	137	1.019
98	158	1.05131
98	164	1.0485
98	169	1.00584
98	172	1.06874
98	174	1.01967
98	178	1.02592
98	180	1.09357
99	8	0.981201
99	12	1.05927
99	16	1.07084
99	26	1.00823
99	41	0.912145
99	48	0.967781
99	53	0.960005
99	63	0.928143
99	69	0.884782
99	70	0.891636
99	74	0.943622
99	98	0.961859
99	100	0.88757
99	104	0.952212
99	133	1.03448
99	143	1.17854
99	156	1.09617
99	162	1.09094
99	172	0.994401
99	173	1.12895
99	177	1.16729
99	178	1.04606
99	179	1.2085
99	180	1.1137
100	8	0.981248
100	12	1.05932
100	16	1.07089
100	26	1.00828
100	41	0.912192
100	48	0.967828
100	53	0.960052
100	63	0.92819
100	69	0.884829
100	70	0.891683
100	74	0.943669
100	98	0.961906
100	99	0.88757
100	104	0.952259
100	150	1.19846
100	152	1.0291
100	155	1.1924
100	158	1.1208
100	159	1.10751
100	170	1.10599
100	171	1.06554
100	172	0.994448
100	174	1.08916
100	180	1.16306
101	3	1.06596
101	39	0.983028
101	52	1.05038
101	57	1.04665
101	89	1.0167
101	111	1.05471
101	112	1.04602
101	113	0.982055
101	118	0.992707
101	123	1.04118
101	124	1.03929
101	127	1.04972
101	130	1.05001
101	133	0.963508
101	140	0.984967
101	149	1.01417
101	150	1.07813
101	151	1.04858
101	152	0.908778
101	153	1.01297
101	159	0.987189
101	166	0.880912
101	176	1.08089
101	179	1.13753
102	9	1.02731
102	21	1.01562
102	25	0.886138
102	35	0.95148
102	43	0.905142
102	73	0.986399
102	90	1.01972
102	106	0.996021
102	109	1.14756
102	110	0.996021
102	114	0.932941
102	121	0.976563
102	126	1.05865
102	131	0.953199
102	136	0.937273
102	138	0.983948
102	141	1.1561
102	156	1.13876
102	157	0.937307
102	158	1.11403
102	172	1.01605
102	173	0.897589
102	177	1.20988
102	180	1.15629
103	1	1.00679
103	27	0.895151
103	31	0.976425
103	34	0.988084
103	37	0.933661
103	45	0.939211
103	51	0.980802
103	55	0.981173
103	71	0.915303
103	81	0.934869
103	93	0.954791
103	94	0.962937
103	97	0.924743
103	105	0.977084
103	107	0.944643
103	108	1.0151
103	133	1.1013
103	142	1.10621
103	156	1.16299
103	158	1.13827
103	161	0.976213
103	171	1.08301
103	179	1.27532
103	180	1.18052
104	53	1.02469
104	60	0.998034
104	63	0.992832
104	70	0.956325
104	74	1.00831
104	98	1.02655
104	99	0.952212
104	100	0.952259
104	117	0.974148
104	122	0.934071
104	125	0.986743
104	126	0.993192
104	128	1.03128
104	134	1.00752
104	153	0.990023
104	156	1.0733
104	160	1.1844
104	161	1.01986
104	163	1.07727
104	167	1.06242
104	168	1.05679
104	170	1.03377
104	172	1.05909
104	178	1.02318
104	180	1.09083
105	13	1.04169
105	27	0.942637
105	31	1.02391
105	40	1.15737
105	45	0.986696
105	51	1.02829
105	71	0.962789
105	81	0.982354
105	85	0.987308
105	93	1.00228
105	94	1.01042
105	97	0.972228
105	103	0.977084
105	107	0.992128
105	108	1.06259
105	122	0.925357
105	134	1.04716
105	140	1.02435
105	147	0.970555
105	148	1.02493
105	161	1.0237
105	173	1.09737
105	175	1.00808
105	177	1.13571
105	180	1.08211
106	21	1.1019
106	22	1.07913
106	25	0.972419
106	35	1.03776
106	43	0.991424
106	73	1.07268
106	87	0.868174
106	90	1.106
106	102	0.996021
106	114	1.01922
106	121	1.06284
106	131	1.03948
106	136	1.02356
106	138	1.07023
106	140	0.91495
106	143	1.03755
106	147	0.861156
106	150	1.00812
106	155	1.00206
106	157	1.02359
106	159	0.917172
106	161	1.31039
106	164	0.92765
106	173	0.983871
106	178	0.905069
106	179	1.06751
107	31	0.991468
107	44	0.946708
107	45	0.954255
107	54	1.01465
107	59	0.970631
107	60	0.969427
107	94	0.977981
107	97	0.939787
107	103	0.944643
107	105	0.992128
107	108	1.03015
107	116	0.945051
107	117	0.94554
107	122	1.01078
107	126	1.0699
107	128	1.00267
107	133	1.08832
107	134	0.978911
107	142	1.09323
107	155	1.19688
107	161	0.991256
107	166	1.00572
107	169	1.07981
107	173	1.18279
107	175	1.09351
107	178	1.09989
108	1	1.09229
108	13	1.07971
108	27	0.980656
108	31	1.06193
108	51	1.06631
108	71	1.00081
108	81	1.02037
108	85	1.02533
108	93	1.0403
108	94	1.04844
108	97	1.01025
108	103	1.0151
108	105	1.06259
108	107	1.03015
108	137	0.966729
108	152	0.907342
108	158	0.999039
108	160	1.13486
108	161	1.06172
108	162	1.01853
108	167	1.01289
108	168	1.00725
108	172	0.901057
108	174	0.967399
108	177	1.09489
108	178	0.97365
109	19	1.13309
109	61	1.10692
109	79	1.00331
109	102	1.14756
109	119	1.01155
109	128	1.04366
109	149	1.08391
109	150	0.906438
109	152	0.991657
109	153	1.09856
109	157	1.09707
109	162	0.932677
109	163	0.929912
109	165	0.978497
109	167	0.934841
109	168	0.931406
109	170	0.948306
109	171	0.965473
109	174	0.970057
109	175	0.94886
109	176	0.901427
109	177	0.896236
109	178	0.948725
109	179	0.876825
109	180	0.915413
110	21	1.1019
110	22	1.07913
110	25	0.972419
110	35	1.03776
110	43	0.991424
110	73	1.07268
110	90	1.106
110	102	0.996021
110	114	1.01922
110	121	1.06284
110	125	0.984737
110	131	1.03948
110	134	0.981178
110	136	1.02356
110	138	1.07023
110	141	1.01594
110	145	0.929873
110	147	0.904577
110	152	0.882182
110	154	1.26032
110	157	1.02359
110	160	1.1097
110	164	0.971071
110	172	0.875897
110	173	0.983871
110	177	1.06973
111	1	1.03233
111	13	1.03525
111	17	0.968208
111	21	1.024
111	36	1.079
111	101	1.05471
111	114	1.15363
111	115	1.08536
111	127	1.07258
111	133	0.974144
111	136	1.08351
111	151	0.929657
111	160	0.901381
111	162	0.948983
111	164	0.969636
111	167	0.951146
111	168	0.947711
111	169	0.974545
111	171	0.981779
111	172	1.02369
111	174	0.986362
111	175	0.965165
111	176	0.917732
111	177	0.912542
111	178	0.96503
111	179	0.893131
111	180	0.931718
112	36	1.01304
112	39	0.966251
112	89	0.999922
112	101	1.04602
112	113	0.965278
112	118	0.975931
112	123	1.0244
112	124	1.02252
112	127	1.03295
112	130	1.03323
112	131	1.01295
112	134	1.03971
112	138	1.0437
112	139	0.982172
112	146	1.05322
112	147	0.963109
112	149	0.997395
112	151	1.08052
112	153	0.996195
112	160	1.16824
112	169	0.986934
112	171	0.977153
112	172	0.93443
112	173	1.08992
112	175	1.00063
112	177	1.12826
112	178	1.00702
113	23	0.978222
113	30	0.958785
113	36	0.949075
113	39	0.902285
113	52	0.96964
113	57	0.96591
113	89	0.935956
113	101	0.982055
113	112	0.965278
113	118	0.911964
113	123	0.960432
113	124	0.958549
113	127	0.968979
113	130	0.969269
113	139	0.918205
113	141	1.18364
113	142	1.10952
113	146	0.989259
113	149	0.933428
113	151	1.18968
113	153	0.932228
113	168	1.14979
113	171	1.08632
113	172	1.04359
113	174	1.10994
113	177	1.23742
113	180	1.18383
114	21	1.03882
114	22	1.01605
114	25	0.90934
114	35	0.974682
114	37	1.06521
114	43	0.928344
114	73	1.0096
114	90	1.04292
114	102	0.932941
114	106	1.01922
114	110	1.01922
114	111	1.15363
114	121	0.999765
114	131	0.976401
114	136	0.960475
114	137	1.06708
114	138	1.00715
114	144	1.06908
114	152	1.0077
114	157	0.960509
114	164	1.09659
114	165	1.05017
114	166	0.97983
114	168	1.10761
114	170	1.08459
114	171	1.04413
114	173	0.920791
114	175	1.06762
115	18	1.01225
115	20	1.13131
115	24	1.07318
115	32	1.02188
115	82	0.98143
115	86	1.07236
115	88	1.00014
115	92	1.00171
115	96	0.976758
115	111	1.08536
115	119	1.0377
115	120	1.01026
115	122	1.05768
115	135	0.999129
115	136	1.00104
115	137	0.998816
115	139	0.986181
115	147	0.961824
115	148	1.0162
115	149	1.0014
115	152	0.939429
115	155	1.10273
115	157	1.00107
115	164	1.02832
115	166	0.911563
115	170	1.01632
115	175	0.999348
115	176	1.11154
115	178	1.00574
116	5	1.01786
116	6	1.00509
116	7	1.0013
116	9	1.03043
116	54	1.00002
116	58	0.891054
116	59	0.955996
116	60	0.954791
116	77	0.964009
116	83	0.941311
116	87	1.05488
116	107	0.945051
116	117	0.930905
116	125	0.9435
116	128	0.988034
116	134	0.964275
116	135	0.945705
116	137	1.08485
116	146	1.00381
116	147	1.04786
116	153	0.94678
116	159	1.10387
116	161	0.976621
116	167	1.13101
116	169	1.07168
116	174	1.08552
116	175	1.08538
116	177	1.21301
116	180	1.15941
117	5	1.01835
117	6	1.00558
117	7	1.00179
117	44	0.932562
117	54	1.00051
117	58	0.891544
117	59	0.956485
117	83	0.9418
117	104	0.974148
117	107	0.94554
117	116	0.930905
117	125	0.94399
117	128	0.988524
117	134	0.964765
117	135	0.946195
117	141	1.12823
117	142	1.05411
117	144	1.05585
117	145	1.04216
117	146	1.0043
117	151	1.13427
117	153	0.94727
117	159	1.07288
117	161	0.97711
117	167	1.10001
117	174	1.05452
117	177	1.18201
117	179	1.22322
117	180	1.12842
118	3	0.995869
118	30	0.969437
118	39	0.912937
118	52	0.980293
118	57	0.976563
118	89	0.946609
118	101	0.992707
118	112	0.975931
118	113	0.911964
118	122	0.991611
118	123	0.971085
118	124	0.969202
118	127	0.979631
118	130	0.979921
118	138	0.990387
118	139	0.928858
118	144	1.0758
118	146	0.999911
118	149	0.944081
118	150	1.18377
118	153	0.942881
118	163	1.13481
118	164	1.1033
118	165	1.05689
118	168	1.11433
118	172	1.00813
118	176	1.18653
118	178	1.08072
118	179	1.24317
119	14	1.06562
119	18	1.01269
119	20	1.13175
119	24	1.07362
119	32	1.02232
119	82	0.981865
119	86	1.07279
119	88	1.00057
119	92	1.00214
119	96	0.977194
119	109	1.01155
119	115	1.0377
119	120	1.0107
119	129	0.996914
119	135	0.999565
119	136	1.00147
119	139	0.986617
119	141	1.02008
119	143	1.08511
119	148	0.963096
119	149	1.00184
119	151	1.02612
119	154	1.26446
119	156	1.00275
119	157	1.0015
119	158	0.978019
119	159	0.964733
119	162	0.997514
119	166	0.858455
120	14	1.03818
120	18	0.985252
120	20	1.10431
120	24	1.04618
120	32	0.994883
120	82	0.954429
120	86	1.04536
120	88	0.973134
120	92	0.974706
120	96	0.949758
120	115	1.01026
120	119	1.0107
120	121	1.3718
120	122	1.03068
120	129	1.04101
120	134	1.02941
120	135	0.972128
120	136	0.974035
120	139	0.959181
120	144	0.991796
120	149	0.974404
120	157	0.974068
120	158	1.02211
120	159	1.00883
120	160	1.15794
120	162	1.04161
120	163	1.05081
120	166	0.902549
120	172	0.92413
120	178	0.996723
121	9	0.875751
121	21	1.08244
121	22	1.05967
121	23	1.10294
121	25	0.952961
121	35	1.0183
121	37	1.10883
121	43	0.971966
121	73	1.05322
121	90	1.08654
121	102	0.976563
121	106	1.06284
121	110	1.06284
121	114	0.999765
121	120	1.3718
121	129	0.981371
121	131	1.02002
121	136	1.0041
121	138	1.05077
121	142	0.930418
121	143	1.06957
121	148	0.947553
121	157	1.00413
121	158	0.962476
121	159	0.94919
121	164	0.959668
121	166	0.842913
121	173	0.964413
121	174	0.930836
121	176	1.04289
121	179	1.09953
122	20	1.15172
122	32	1.0423
122	59	1.00091
122	62	0.8387
122	69	1.04487
122	75	0.93013
122	79	0.855278
122	80	1.02067
122	86	1.09277
122	88	1.02055
122	92	1.02212
122	96	0.997173
122	104	0.934071
122	105	0.925357
122	107	1.01078
122	115	1.05768
122	118	0.991611
122	120	1.03068
122	131	0.93215
122	146	0.882309
122	157	1.02148
122	159	1.04601
122	161	0.87822
122	168	1.0137
122	169	1.04054
122	171	1.04777
122	175	1.03116
122	176	0.983724
122	178	1.03102
122	179	0.959122
122	180	0.99771
123	30	1.01791
123	36	1.0082
123	37	0.804356
123	39	0.961405
123	40	1.12647
123	52	1.02876
123	57	1.02503
123	84	1.18822
123	89	0.995077
123	101	1.04118
123	112	1.0244
123	113	0.960432
123	118	0.971085
123	124	1.01767
123	126	0.953581
123	127	1.0281
123	130	1.02839
123	131	1.00811
123	137	0.976651
123	138	1.03885
123	139	0.977326
123	146	1.04838
123	149	0.992549
123	153	0.991349
123	160	1.14479
123	166	0.889397
123	168	1.01717
123	172	0.910979
123	175	0.977183
123	176	1.08938
123	177	1.10481
123	179	1.14602
124	3	1.04245
124	30	1.01602
124	39	0.959522
124	52	1.02688
124	57	1.02315
124	89	0.993194
124	101	1.03929
124	112	1.02252
124	113	0.958549
124	118	0.969202
124	123	1.01767
124	127	1.02622
124	130	1.02651
124	131	1.00622
124	133	0.989691
124	138	1.03697
124	139	0.975443
124	140	1.01115
124	141	1.06872
124	144	0.996343
124	146	1.0465
124	149	0.990666
124	150	1.10432
124	153	0.989466
124	159	1.01337
124	163	1.05535
124	167	1.04051
124	169	0.981181
124	171	0.9714
124	173	1.08417
124	174	0.995019
124	179	1.16371
125	22	1.00793
125	28	1.09689
125	39	1.09438
125	44	0.945158
125	53	1.06154
125	58	0.90414
125	66	1.00165
125	71	1.14136
125	72	1.14209
125	77	0.977095
125	78	1.05127
125	81	1.10932
125	83	0.954396
125	98	1.06217
125	104	0.986743
125	110	0.984737
125	116	0.9435
125	117	0.94399
125	128	1.00112
125	130	0.99074
125	135	0.95879
125	161	0.989706
125	162	0.954221
125	165	1.00004
125	167	0.956384
125	168	0.952949
125	171	0.987017
125	174	0.9916
125	177	0.91778
125	178	0.970268
125	179	0.898369
125	180	0.936957
126	26	0.963614
126	29	0.962715
126	34	0.987843
126	50	0.950203
126	66	0.935409
126	75	0.989251
126	86	0.895125
126	93	1.03753
126	95	1.03502
126	102	1.05865
126	104	0.993192
126	107	1.0699
126	123	0.953581
126	138	0.951967
126	143	0.981266
126	147	1.06226
126	150	0.974912
126	159	1.03218
126	160	0.95355
126	164	1.0218
126	165	1.04697
126	168	0.99988
126	169	1.02671
126	170	1.01678
126	171	1.03395
126	172	1.07586
126	174	1.03853
126	176	0.969901
126	177	0.96471
126	178	1.0172
126	179	0.945299
126	180	0.983887
127	3	1.05288
127	30	1.02645
127	36	1.01674
127	39	0.969952
127	47	0.983527
127	52	1.03731
127	57	1.03358
127	87	0.956061
127	89	1.00362
127	101	1.04972
127	111	1.07258
127	112	1.03295
127	113	0.968979
127	118	0.979631
127	123	1.0281
127	124	1.02622
127	130	1.03694
127	131	1.01665
127	134	1.02564
127	138	1.0474
127	139	0.985872
127	145	0.974339
127	146	1.05693
127	149	1.0011
127	153	0.999895
127	156	1.04307
127	159	1.00506
127	162	1.03784
127	165	0.969122
127	169	0.972868
127	174	0.986705
127	175	0.986567
127	176	1.09876
127	180	1.0606
128	5	1.07548
128	6	1.06271
128	7	1.05892
128	44	0.989691
128	54	1.05764
128	58	0.948674
128	59	1.01362
128	60	1.01241
128	77	1.02163
128	83	0.99893
128	95	0.925858
128	104	1.03128
128	107	1.00267
128	109	1.04366
128	116	0.988034
128	117	0.988524
128	125	1.00112
128	129	1.02903
128	134	1.02189
128	135	1.00332
128	145	0.966129
128	146	1.06143
128	151	1.05824
128	153	1.0044
128	154	1.29658
128	158	1.01014
128	160	1.14596
128	161	1.03424
128	164	1.00733
128	165	0.960913
128	166	0.890572
128	168	1.01835
128	169	0.964658
128	172	0.912154
129	5	1.01271
129	14	1.07473
129	19	1.11846
129	33	1.05807
129	56	1.07116
129	60	0.989782
129	79	0.988674
129	87	1.00042
129	119	0.996914
129	120	1.04101
129	121	0.981371
129	128	1.02903
129	136	1.04817
129	140	0.981882
129	145	0.993177
129	148	0.984087
129	151	0.942488
129	153	1.08392
129	156	0.968143
129	158	0.978979
129	164	0.982468
129	166	1.0373
129	168	0.960543
129	169	0.987377
129	170	0.977443
129	171	0.99461
129	173	0.928606
129	174	0.999193
129	175	0.977996
129	176	0.930564
129	177	0.925373
129	178	0.977861
129	179	0.905962
129	180	0.94455
130	3	1.05317
130	30	1.02674
130	36	1.01703
130	39	0.970242
130	52	1.0376
130	57	1.03387
130	84	1.15914
130	89	1.00391
130	101	1.05001
130	112	1.03323
130	113	0.969269
130	118	0.979921
130	123	1.02839
130	124	1.02651
130	125	0.99074
130	127	1.03694
130	131	1.01694
130	134	0.987181
130	138	1.04769
130	139	0.986162
130	142	0.947824
130	146	1.05722
130	149	1.00139
130	153	1.00019
130	154	1.26632
130	155	1.05148
130	162	0.999376
130	165	0.930659
130	169	0.934405
130	171	0.924623
130	175	0.948104
130	176	1.0603
130	177	1.07573
130	178	0.954493
131	22	1.0363
131	36	0.996748
131	43	0.948602
131	52	1.01731
131	89	0.98363
131	90	1.06318
131	91	1.08855
131	95	0.962373
131	102	0.953199
131	106	1.03948
131	110	1.03948
131	112	1.01295
131	114	0.976401
131	121	1.02002
131	122	0.93215
131	123	1.00811
131	124	1.00622
131	127	1.01665
131	130	1.01694
131	132	0.978652
131	136	0.980733
131	139	0.965879
131	148	1.03173
131	151	1.09476
131	153	0.979902
131	155	1.11825
131	157	0.980767
131	163	1.07534
131	168	1.05486
131	170	1.03184
131	171	0.991392
131	173	0.941049
131	175	1.01487
131	178	1.02126
131	179	1.18371
132	8	0.941558
132	27	1.14548
132	31	1.00231
132	33	0.971179
132	49	0.924098
132	53	0.98268
132	54	0.98232
132	58	1.13387
132	64	0.779801
132	76	1.04244
132	89	1.05388
132	94	1.01468
132	131	0.978652
132	141	0.974734
