1	21	1.11445
1	53	1.00921
1	73	0.905478
1	74	1.05215
1	93	1.08424
1	98	1.05949
1	103	1.03682
1	105	1.03735
1	112	0.932269
1	142	1.23321
1	145	1.11032
1	155	1.09493
2	53	1.12879
2	76	1.29298
2	98	1.17907
2	100	0.675606
2	103	1.1564
2	105	1.15693
2	106	1.23154
2	136	0.737016
2	138	0.761293
2	145	1.2299
2	155	1.2145
2	171	1.16939
3	26	1.20714
3	36	1.16063
3	48	1.20955
3	52	1.20989
3	58	1.21028
3	63	1.2906
3	81	0.423733
3	96	0.660984
3	167	1.3009
3	170	1.10255
3	173	1.19114
3	180	0.974195
4	49	0.716051
4	66	0.409788
4	117	0.540127
4	154	1.12635
4	165	1.053
4	167	1.06414
4	168	1.0748
4	169	1.0582
4	175	1.01186
4	177	1.10974
4	178	1.06862
4	179	1.0306
5	23	1.0852
5	26	1.07314
5	36	1.02664
5	48	1.07555
5	52	1.0759
5	58	1.07628
5	63	1.1566
5	143	0.724638
5	157	0.85306
5	170	0.968552
5	173	1.05714
5	179	1.54563
6	92	1.21314
6	116	1.18933
6	118	1.24394
6	123	1.22266
6	125	1.20556
6	128	1.20644
6	130	1.19043
6	134	0.629961
6	156	0.750718
6	158	1.01388
6	162	0.95954
6	176	1.15025
7	35	1.20036
7	38	1.02755
7	54	1.10515
7	60	1.07042
7	62	1.07153
7	71	1.08646
7	140	1.1184
7	153	1.1493
7	168	1.19351
7	176	0.817893
7	177	0.916845
8	55	0.86384
8	111	0.784413
8	115	0.761162
8	116	1.17453
8	123	1.20786
8	125	1.19075
8	128	1.19164
8	130	1.17563
8	140	1.23208
8	143	1.27968
8	176	1.13545
8	177	0.98705
9	32	1.18557
9	43	1.15752
9	55	0.476461
9	68	1.19717
9	91	1.21153
9	101	1.24679
9	102	1.16775
9	108	1.22163
9	139	0.840021
9	152	1.22389
9	172	0.736786
9	175	1.37767
10	80	1.252
10	82	1.13912
10	84	1.21217
10	86	1.1216
10	99	1.24478
10	111	0.72012
10	134	1.27028
10	142	1.1305
10	145	1.21891
10	151	0.632548
10	170	0.961237
10	171	1.03301
11	14	1.1538
11	24	1.20074
11	49	1.21765
11	66	1.19136
11	73	0.571176
11	83	1.23648
11	87	1.2291
11	94	1.20484
11	151	0.792991
11	153	0.706087
11	156	1.20511
11	160	1.26898
12	57	1.01024
12	90	1.09168
12	97	1.14075
12	107	1.0325
12	109	1.0888
12	120	1.08939
12	151	0.756121
12	152	1.0855
12	155	1.0877
12	158	1.05477
12	168	1.323
12	180	0.962313
13	36	1.21853
13	48	1.26744
13	52	1.26778
13	58	1.26817
13	63	1.34849
13	133	0.335112
13	139	0.8997
13	169	1.07766
13	170	1.16044
13	173	1.24903
13	178	0.874833
14	11	1.1538
14	83	1.13049
14	87	1.12311
14	94	1.09885
14	117	1.12766
14	127	1.07501
14	139	0.996877
14	143	0.79377
14	147	0.896569
14	156	1.09912
14	170	1.22275
15	31	0.385116
15	46	0.555687
15	112	1.38216
15	140	0.18549
15	145	0.30742
15	159	1.25617
15	165	1.1497
15	171	1.17513
15	172	1.19658
15	175	1.10856
15	177	1.20644
15	179	1.1273
16	24	1.16128
16	49	1.17819
16	66	1.1519
16	73	0.69099
16	83	1.19702
16	87	1.18964
16	94	1.16538
16	113	1.07345
16	131	1.15079
16	134	0.827541
16	139	1.06341
16	141	0.924547
16	156	1.16565
17	51	1.18523
17	61	1.14752
17	68	1.13978
17	91	1.15414
17	102	1.11036
17	104	1.19404
17	108	1.16424
17	127	1.13797
17	135	0.933649
17	146	0.488333
17	152	1.1665
17	164	1.4208
17	170	0.746055
18	33	1.14516
18	41	1.10853
18	42	0.554634
18	79	1.22284
18	80	1.22831
18	82	1.11543
18	84	1.18848
18	86	1.09791
18	99	1.22109
18	122	0.869271
18	142	1.10681
18	154	1.18163
18	177	0.956879
19	31	1.13518
19	57	1.11173
19	88	1.17654
19	97	1.24225
19	107	1.134
19	120	1.19089
19	133	0.473922
19	152	1.187
19	155	1.18919
19	168	1.07483
19	177	0.79816
19	179	1.22864
19	180	1.06381
20	45	1.11538
20	81	0.891116
20	90	1.04669
20	97	1.09576
20	107	0.987506
20	109	1.04381
20	120	1.0444
20	150	1.04798
20	152	1.04051
20	155	1.04271
20	173	1.10955
20	177	1.29828
20	180	0.917323
21	1	1.11445
21	29	0.783044
21	47	1.18566
21	53	1.09747
21	93	1.17249
21	103	1.12507
21	105	1.12561
21	106	1.20021
21	142	0.907772
21	145	1.19858
21	155	1.18318
21	156	0.83735
21	176	0.993115
22	75	1.11727
22	114	1.2033
22	118	1.17465
22	119	1.18452
22	123	1.15338
22	126	1.03852
22	130	1.12115
22	131	1.14292
22	133	1.22979
22	136	0.596864
22	162	0.873088
22	166	1.05825
22	176	1.08097
23	5	1.0852
23	26	1.17149
23	36	1.12498
23	48	1.1739
23	52	1.17424
23	58	1.17463
23	63	1.25495
23	124	0.555509
23	141	0.633268
23	165	1.24481
23	170	1.0669
23	173	1.15549
23	178	1.12722
24	11	1.20074
24	16	1.16128
24	49	1.15861
24	83	1.17744
24	87	1.17006
24	94	1.1458
24	127	1.12196
24	131	1.13121
24	146	0.759306
24	148	0.80935
24	153	0.601435
24	156	1.14606
24	179	1.40903
25	37	1.09992
25	46	1.11156
25	54	1.17844
25	60	1.14371
25	62	1.14482
25	71	1.15975
25	110	1.17784
25	140	1.19169
25	142	0.973277
25	143	0.767068
25	144	0.889333
25	153	1.22259
25	156	0.902855
26	3	1.20714
26	5	1.07314
26	23	1.17149
26	44	0.659021
26	48	1.16184
26	52	1.16219
26	58	1.16257
26	63	1.24289
26	133	0.770959
26	170	1.05484
26	173	1.14343
26	176	0.996246
26	177	1.0952
27	41	1.08967
27	79	1.20398
27	82	1.09657
27	84	1.16962
27	86	1.07905
27	99	1.20223
27	121	1.1628
27	134	1.22773
27	144	0.668559
27	145	1.17635
27	153	0.559685
27	163	1.0642
27	165	1.26987
28	32	1.12762
28	61	1.14697
28	68	1.13923
28	101	1.18885
28	102	1.10981
28	104	1.19349
28	108	1.16369
28	110	1.16751
28	132	0.725614
28	152	1.16595
28	153	0.671046
28	157	0.786078
28	165	1.38123
29	21	0.783044
29	74	0.703018
29	94	0.626257
29	115	1.1948
29	162	1.10858
29	168	1.02522
29	171	1.02885
29	172	1.0503
29	174	0.971523
29	175	0.962273
29	177	1.06016
29	178	1.01904
29	179	0.981016
30	47	1.13513
30	72	1.11795
30	74	1.08987
30	78	1.18286
30	98	1.09721
30	103	1.07454
30	105	1.07507
30	106	1.14968
30	111	0.730017
30	145	1.14804
30	146	0.713412
30	155	1.13264
30	156	0.677937
30	164	1.64588
31	15	0.385116
31	19	1.13518
31	45	1.18231
31	67	1.19459
31	77	1.15752
31	88	1.09698
31	90	1.11362
31	109	1.11074
31	121	1.11148
31	150	1.11491
31	156	0.771517
31	168	1.3029
31	170	1.06471
31	180	0.984255
32	9	1.18557
32	28	1.12762
32	43	1.05457
32	44	0.63553
32	51	1.13967
32	61	1.10196
32	101	1.14384
32	102	1.06479
32	104	1.14848
32	108	1.11868
32	141	0.793239
32	152	1.12094
32	166	1.21097
32	177	1.07171
33	18	1.14516
33	41	1.05772
33	44	0.714956
33	80	1.1775
33	81	0.743965
33	82	1.06462
33	84	1.13767
33	86	1.04709
33	96	0.981216
33	99	1.17028
33	134	1.19578
33	142	1.056
33	145	1.1444
33	171	1.26138
34	95	0.600827
34	111	0.788552
34	114	1.29158
34	116	1.20833
34	118	1.26293
34	119	1.2728
34	123	1.24166
34	128	1.22543
34	130	1.20943
34	132	0.668644
34	133	1.31806
34	173	0.80245
34	176	1.16924
34	180	1.13448
35	7	1.20036
35	37	1.18027
35	38	1.18119
35	54	1.25879
35	56	1.39
35	60	1.22406
35	62	1.22517
35	65	0.490505
35	140	1.27204
35	143	0.558458
35	153	1.30294
35	158	0.957404
35	162	0.903067
35	172	1.08608
36	3	1.16063
36	5	1.02664
36	13	1.21853
36	23	1.12498
36	48	1.11534
36	52	1.11568
36	58	1.11607
36	63	1.19639
36	95	0.64219
36	161	1.01583
36	166	1.17182
36	170	1.00834
36	173	1.09693
36	176	0.9336
37	25	1.09992
37	35	1.18027
37	38	1.00747
37	46	1.01819
37	54	1.08506
37	56	1.21627
37	62	1.05144
37	71	1.06638
37	100	0.738294
37	110	1.08446
37	112	0.63659
37	140	1.09831
37	153	1.12921
37	176	1.02287
37	179	1.55231
38	7	1.02755
38	35	1.18119
38	37	1.00747
38	54	1.08598
38	56	1.21719
38	60	1.05125
38	62	1.05236
38	71	1.0673
38	77	0.792908
38	110	1.08538
38	140	1.09923
38	143	0.781997
38	153	1.13013
38	172	1.30962
38	176	1.07355
39	114	1.2558
39	116	1.17254
39	118	1.22714
39	119	1.23701
39	123	1.20587
39	125	1.18876
39	128	1.18965
39	130	1.17364
39	136	0.64723
39	146	0.750105
39	149	0.729616
39	150	1.22215
39	158	0.977791
39	176	1.13346
39	180	1.11264
40	93	0.371862
40	110	0.609921
40	114	0.448503
40	155	0.359973
40	157	1.2994
40	160	1.14337
40	163	1.12788
40	166	1.12805
40	171	1.10756
40	174	1.05024
40	175	1.04099
40	177	1.13888
40	178	1.09776
40	179	1.05973
41	18	1.10853
41	27	1.08967
41	33	1.05772
41	65	0.713501
41	79	1.1354
41	80	1.14087
41	84	1.10104
41	86	1.01047
41	99	1.13365
41	121	1.09422
41	132	0.849413
41	142	1.01937
41	145	1.10777
41	151	0.881748
41	165	1.50503
42	18	0.554634
42	87	0.469828
42	90	0.735754
42	131	0.510091
42	163	1.11998
42	166	1.12015
42	167	1.08538
42	168	1.09603
42	171	1.09966
42	172	1.12112
42	174	1.04234
42	175	1.03309
42	178	1.08986
42	179	1.05183
42	180	1.13393
43	9	1.15752
43	32	1.05457
43	51	1.11162
43	68	1.06617
43	91	1.08053
43	101	1.11579
43	102	1.03675
43	104	1.12043
43	108	1.09063
43	127	1.06437
43	129	0.85185
43	149	0.84108
43	152	1.0929
43	159	1.05555
43	163	1.20822
44	26	0.659021
44	32	0.63553
44	33	0.714956
44	46	0.760629
44	142	1.17967
44	165	1.06761
44	166	1.11351
44	169	1.0728
44	170	1.14598
44	171	1.09303
44	174	1.03571
44	175	1.02646
44	177	1.12435
44	178	1.08322
44	179	1.0452
45	20	1.11538
45	31	1.18231
45	64	1.21647
45	88	1.22367
45	107	1.18113
45	109	1.23744
45	120	1.23803
45	132	0.541645
45	134	0.488717
45	150	1.24161
45	152	1.23414
45	159	0.838927
45	167	1.33419
45	172	1.00131
45	180	1.11095
46	15	0.555687
46	25	1.11156
46	37	1.01819
46	44	0.760629
46	56	1.22792
46	60	1.06198
46	66	1.07639
46	71	1.07802
46	83	1.1215
46	94	1.08986
46	134	0.821332
46	139	0.98789
46	153	1.14086
46	156	1.09013
46	180	1.3401
47	21	1.18566
47	30	1.13513
47	72	1.15144
47	76	1.24461
47	78	1.21635
47	85	0.660393
47	93	1.15545
47	98	1.1307
47	103	1.10803
47	105	1.10856
47	106	1.18317
47	129	0.741567
47	149	0.730798
47	155	1.16614
47	171	1.08078
47	178	1.18601
48	3	1.20955
48	5	1.07555
48	13	1.26744
48	23	1.1739
48	26	1.16184
48	36	1.11534
48	52	1.16459
48	58	1.16498
48	63	1.2453
48	113	0.738987
48	149	0.628818
48	156	0.613833
48	161	0.851825
48	170	1.05725
48	173	1.14584
48	174	1.57493
49	4	0.716051
49	11	1.21765
49	16	1.17819
49	24	1.15861
49	66	1.14923
49	77	0.716451
49	83	1.19434
49	87	1.18697
49	94	1.1627
49	117	1.19152
49	131	1.14812
49	139	1.06073
49	144	0.827804
49	151	0.805833
49	156	1.16297
49	177	1.09604
50	77	0.736139
50	117	1.0878
50	118	1.07614
50	119	1.08601
50	125	1.03776
50	128	1.03864
50	130	1.02263
50	131	1.0444
50	133	1.13127
50	140	1.07908
50	143	1.12668
50	150	1.07115
50	166	1.255
50	171	1.22598
50	173	0.926992
50	176	0.982453
51	17	1.18523
51	32	1.13967
51	43	1.11162
51	68	1.15127
51	91	1.16563
51	101	1.20089
51	102	1.12185
51	104	1.20553
51	108	1.17573
51	127	1.14946
51	133	0.605214
51	152	1.17799
51	154	1.1542
51	157	0.667371
51	171	1.0397
51	177	0.929453
52	3	1.20989
52	5	1.0759
52	13	1.26778
52	23	1.17424
52	26	1.16219
52	36	1.11568
52	48	1.16459
52	58	1.16533
52	63	1.24565
52	132	0.647094
52	141	0.691172
52	156	0.714922
52	168	1.24631
52	170	1.0576
52	171	1.07989
52	173	1.14618
53	1	1.00921
53	2	1.12879
53	21	1.09747
53	72	1.06325
53	74	1.03517
53	78	1.12816
53	89	0.752082
53	93	1.06726
53	98	1.04251
53	103	1.01984
53	105	1.02037
53	106	1.09498
53	138	1.01636
53	153	0.937088
53	155	1.07794
53	171	1.42445
54	7	1.10515
54	25	1.17844
54	35	1.25879
54	37	1.08506
54	38	1.08598
54	56	1.29479
54	60	1.12885
54	62	1.12996
54	71	1.1449
54	85	0.434206
54	140	1.17683
54	153	1.20773
54	161	0.727618
54	163	0.871749
54	172	0.881458
54	175	1.52234
55	8	0.86384
55	9	0.476461
55	62	0.757784
55	82	0.570435
55	135	1.13565
55	158	1.13025
55	159	1.14201
55	167	1.04668
55	169	1.04074
55	171	1.06097
55	172	1.08242
55	174	1.00365
55	175	0.994397
55	177	1.09229
55	178	1.05116
55	179	1.01314
56	35	1.39
56	37	1.21627
56	38	1.21719
56	46	1.22792
56	54	1.29479
56	60	1.26006
56	62	1.26117
56	71	1.27611
56	122	0.689823
56	140	1.30804
56	143	0.386928
56	144	0.509192
56	153	1.33894
56	173	0.588692
56	175	1.55543
56	180	0.920726
57	12	1.01024
57	19	1.11173
57	64	1.06633
57	88	1.07354
57	90	1.09018
57	107	1.031
57	109	1.0873
57	113	0.753518
57	120	1.08789
57	121	1.08804
57	152	1.084
57	155	1.08619
57	169	1.30139
57	172	1.0202
57	178	1.09856
57	180	0.960812
58	3	1.21028
58	5	1.07628
58	13	1.26817
58	23	1.17463
58	26	1.16257
58	36	1.11607
58	48	1.16498
58	52	1.16533
58	63	1.24604
58	133	0.777029
58	144	0.833029
58	153	0.724154
58	157	0.839186
58	170	1.05799
58	172	1.23838
58	173	1.14657
59	92	0.560083
59	107	0.656231
59	113	1.15997
59	119	0.636785
59	123	0.552276
59	160	1.08089
59	163	1.0654
59	164	0.994523
59	167	1.03079
59	168	1.04145
59	169	1.02485
59	172	1.06653
59	174	0.987757
59	175	0.978507
59	176	1.12131
59	178	1.03527
59	179	0.99725
60	7	1.07042
60	25	1.14371
60	35	1.22406
60	38	1.05125
60	46	1.06198
60	54	1.12885
60	56	1.26006
60	62	1.09523
60	71	1.11017
60	95	0.657821
60	110	1.12825
60	126	1.16772
60	140	1.1421
60	142	0.863889
60	153	1.173
60	159	1.02292
60	173	0.859444
61	17	1.14752
61	28	1.14697
61	32	1.10196
61	68	1.11356
61	91	1.12792
61	101	1.16318
61	102	1.08414
61	104	1.16783
61	108	1.13802
61	110	1.14184
61	124	0.776126
61	127	1.11176
61	134	0.75688
61	152	1.14029
61	153	0.75524
61	158	1.1408
61	170	1.17083
62	7	1.07153
62	25	1.14482
62	35	1.22517
62	37	1.05144
62	38	1.05236
62	54	1.12996
62	55	0.757784
62	56	1.26117
62	60	1.09523
62	71	1.11128
62	110	1.12936
62	122	0.793386
62	135	1.10707
62	140	1.14321
62	146	0.661751
62	153	1.17411
62	160	1.06677
63	3	1.2906
63	5	1.1566
63	13	1.34849
63	23	1.25495
63	26	1.24289
63	36	1.19639
63	48	1.2453
63	52	1.24565
63	58	1.24604
63	65	0.601693
63	100	0.676621
63	129	0.831188
63	135	1.28622
63	138	0.762309
63	143	0.669646
63	170	1.1383
63	173	1.22689
64	45	1.21647
64	57	1.06633
64	91	1.12923
64	101	1.16449
64	102	1.08545
64	104	1.16913
64	108	1.13933
64	113	0.972434
64	120	1.14548
64	133	0.777759
64	148	0.932799
64	150	1.14907
64	152	1.1416
64	155	1.14379
64	173	0.913258
64	176	1.00305
64	180	1.01841
65	35	0.490505
65	41	0.713501
65	63	0.601693
65	104	0.544911
65	121	0.577603
65	126	1.22386
65	160	1.16785
65	161	1.21817
65	163	1.15236
65	164	1.08148
65	165	1.10661
65	171	1.13204
65	174	1.07471
65	175	1.06546
65	177	1.16335
65	178	1.12223
65	179	1.08421
66	4	0.409788
66	11	1.19136
66	16	1.1519
66	46	1.07639
66	49	1.14923
66	83	1.16806
66	87	1.16068
66	94	1.13642
66	117	1.16523
66	127	1.11258
66	129	0.560818
66	131	1.12183
66	139	1.03444
66	156	1.13668
66	160	0.975555
66	174	1.49616
66	180	0.933075
67	31	1.19459
67	69	0.451716
67	90	1.2526
67	97	1.30167
67	107	1.19341
67	109	1.24971
67	120	1.25031
67	121	1.25045
67	150	1.25389
67	152	1.24642
67	155	1.24861
67	163	0.970447
67	166	0.982305
67	173	0.654302
67	176	0.744089
67	178	1.05852
67	180	1.12323
68	9	1.19717
68	17	1.13978
68	28	1.13923
68	43	1.06617
68	51	1.15127
68	61	1.11356
68	91	1.12018
68	101	1.15544
68	102	1.0764
68	104	1.16008
68	108	1.13028
68	115	0.738855
68	151	0.674532
68	152	1.13254
68	162	0.918848
68	172	1.10186
68	178	1.18023
69	67	0.451716
69	99	0.374589
69	116	0.480723
69	125	0.600905
69	130	0.479531
69	162	1.21605
69	165	1.11089
69	166	1.1568
69	168	1.13268
69	169	1.11608
69	170	1.18926
69	171	1.13631
69	174	1.07899
69	175	1.06974
69	177	1.16763
69	178	1.12651
69	179	1.08848
70	75	0.802698
70	78	0.571357
70	125	0.640778
70	138	1.20258
70	148	1.19311
70	150	0.424202
70	151	1.2074
70	164	0.968311
70	165	0.993443
70	166	1.03935
70	167	1.00458
70	172	1.04032
70	174	0.961544
70	175	0.952295
70	177	1.05018
70	178	1.00906
70	179	0.971037
71	7	1.08646
71	25	1.15975
71	37	1.06638
71	38	1.0673
71	46	1.07802
71	54	1.1449
71	56	1.27611
71	60	1.11017
71	62	1.11128
71	77	0.577457
71	110	1.1443
71	140	1.15815
71	142	0.772754
71	147	0.669345
71	153	1.18905
71	154	1.1818
71	179	1.38753
72	30	1.11795
72	47	1.15144
72	53	1.06325
72	74	1.10619
72	76	1.22744
72	89	0.655983
72	93	1.13828
72	98	1.11353
72	103	1.09086
72	105	1.09139
72	106	1.16599
72	124	0.861875
72	141	0.939635
72	145	1.16436
72	147	0.930398
72	155	1.14896
72	159	1.19284
73	1	0.905478
73	11	0.571176
73	16	0.69099
73	145	0.436515
73	146	1.29071
73	149	1.28142
73	152	0.313335
73	157	1.28246
73	164	1.04007
73	172	1.11208
73	174	1.0333
73	175	1.02405
73	176	1.16686
73	177	1.12194
73	178	1.08082
73	179	1.04279
73	180	1.12489
74	1	1.05215
74	29	0.703018
74	30	1.08987
74	53	1.03517
74	72	1.10619
74	76	1.19936
74	78	1.1711
74	93	1.1102
74	98	1.08545
74	100	0.628512
74	103	1.06278
74	105	1.06331
74	106	1.13791
74	145	1.13628
74	155	1.12088
74	160	1.19782
74	161	0.995316
74	170	1.05052
75	22	1.11727
75	70	0.802698
75	92	1.09601
75	114	1.15547
75	116	1.07221
75	117	1.13847
75	119	1.13668
75	123	1.10554
75	125	1.08843
75	128	1.08932
75	130	1.07331
75	138	0.856307
75	140	1.12976
75	143	1.17736
75	146	0.934906
75	151	0.863939
75	162	1.10825
75	176	1.03313
76	2	1.29298
76	47	1.24461
76	72	1.22744
76	74	1.19936
76	78	1.29235
76	93	1.23145
76	98	1.2067
76	103	1.18403
76	105	1.18456
76	106	1.25916
76	112	0.50921
76	133	0.670205
76	153	0.617329
76	155	1.24213
76	157	0.732361
76	169	1.41275
76	176	0.895491
77	31	1.15752
77	38	0.792908
77	49	0.716451
77	50	0.736139
77	71	0.577457
77	109	1.21264
77	120	1.21323
77	128	0.531444
77	150	1.21681
77	155	1.21154
77	164	1.00133
77	165	1.02647
77	166	1.07237
77	168	1.04826
77	177	1.08321
77	178	1.04208
77	179	1.00406
77	180	1.08615
78	30	1.18286
78	47	1.21635
78	53	1.12816
78	70	0.571357
78	74	1.1711
78	76	1.29235
78	93	1.20319
78	98	1.17844
78	103	1.15577
78	105	1.1563
78	106	1.2309
78	137	0.849271
78	145	1.22927
78	155	1.21387
78	156	0.668091
78	171	1.03306
78	173	0.734069
78	177	0.922808
79	18	1.22284
79	27	1.20398
79	41	1.1354
79	80	1.25518
79	82	1.1423
79	84	1.21535
79	86	1.12477
79	99	1.24796
79	121	1.20852
79	134	1.27346
79	142	1.13367
79	145	1.22208
79	148	0.49202
79	154	0.885971
79	161	0.644494
79	165	0.994293
79	167	1.13122
79	168	0.937885
80	10	1.252
80	18	1.22831
80	33	1.1775
80	41	1.14087
80	79	1.25518
80	82	1.14777
80	84	1.22082
80	86	1.13024
80	99	1.25343
80	121	1.214
80	138	0.706338
80	141	0.725712
80	142	1.13915
80	145	1.22755
80	147	0.716475
80	156	0.749462
80	159	0.978916
80	163	1.13159
81	3	0.423733
81	20	0.891116
81	33	0.743965
81	105	0.692133
81	137	1.18596
81	138	1.26054
81	142	1.16347
81	150	0.368485
81	158	1.1461
81	163	1.09715
81	164	1.02627
81	165	1.0514
81	167	1.06254
81	172	1.09828
81	175	1.01025
81	177	1.10814
81	178	1.06702
81	180	1.11109
82	10	1.13912
82	18	1.11543
82	27	1.09657
82	33	1.06462
82	55	0.570435
82	79	1.1423
82	80	1.14777
82	84	1.10794
82	86	1.01736
82	99	1.14055
82	121	1.10112
82	134	1.16605
82	135	0.919719
82	142	1.02627
82	145	1.11467
82	161	0.67692
82	168	0.97031
82	175	1.47164
83	11	1.23648
83	14	1.13049
83	16	1.19702
83	24	1.17744
83	46	1.1215
83	49	1.19434
83	66	1.16806
83	87	1.2058
83	94	1.18153
83	127	1.15769
83	131	1.16695
83	136	0.734667
83	139	1.07956
83	144	0.788546
83	148	0.887586
83	156	1.1818
83	157	0.794703
83	170	1.09526
83	176	0.957833
84	10	1.21217
84	18	1.18848
84	27	1.16962
84	33	1.13767
84	41	1.10104
84	79	1.21535
84	80	1.22082
84	82	1.10794
84	86	1.09041
84	96	0.606827
84	99	1.2136
84	134	1.2391
84	142	1.09932
84	145	1.18772
84	157	0.514662
84	159	0.75148
84	166	0.916007
84	175	1.55474
84	180	0.920038
85	47	0.660393
85	54	0.434206
85	86	0.761883
85	120	0.606704
85	131	0.6022
85	161	1.16636
85	162	1.15996
85	163	1.10054
85	165	1.0548
85	168	1.07659
85	169	1.05999
85	170	1.13317
85	171	1.08022
85	172	1.10167
85	174	1.0229
85	175	1.01365
85	177	1.11154
85	178	1.07041
85	179	1.03239
86	10	1.1216
86	18	1.09791
86	27	1.07905
86	33	1.04709
86	41	1.01047
86	79	1.12477
86	80	1.13024
86	82	1.01736
86	84	1.09041
86	85	0.761883
86	99	1.12302
86	115	0.846131
86	121	1.08359
86	134	1.14852
86	136	0.749901
86	142	1.00874
86	145	1.09715
86	154	1.29677
86	170	1.1105
87	11	1.2291
87	14	1.12311
87	16	1.18964
87	24	1.17006
87	42	0.469828
87	49	1.18697
87	66	1.16068
87	83	1.2058
87	94	1.17416
87	117	1.20297
87	127	1.15031
87	131	1.15957
87	136	0.549955
87	139	1.07218
87	148	0.702875
87	156	1.17442
87	167	1.34207
87	177	0.872073
87	178	1.08756
88	19	1.17654
88	31	1.09698
88	45	1.22367
88	57	1.07354
88	90	1.15498
88	97	1.20406
88	107	1.0958
88	109	1.1521
88	120	1.15269
88	121	1.15284
88	136	0.51327
88	144	0.567149
88	148	0.666189
88	150	1.15627
88	152	1.1488
88	155	1.151
88	157	0.573306
88	164	1.54862
88	175	1.61339
88	180	1.02561
89	53	0.752082
89	72	0.655983
89	98	0.585119
89	99	0.203795
89	117	0.358
89	121	0.47394
89	144	1.31607
89	151	1.29946
89	160	1.14673
89	162	1.19065
89	163	1.13124
89	165	1.08549
89	166	1.1314
89	167	1.09663
89	168	1.10729
89	172	1.13237
89	175	1.04435
89	177	1.14224
89	178	1.10111
89	179	1.06309
90	12	1.09168
90	20	1.04669
90	31	1.11362
90	42	0.735754
90	57	1.09018
90	67	1.2526
90	88	1.15498
90	97	1.2207
90	107	1.11244
90	109	1.16875
90	120	1.16934
90	124	0.781772
90	134	0.762526
90	150	1.17292
90	152	1.16545
90	153	0.760886
90	155	1.16764
90	156	0.883282
90	163	1.26541
90	180	1.04226
91	9	1.21153
91	17	1.15414
91	43	1.08053
91	51	1.16563
91	61	1.12792
91	64	1.12923
91	68	1.12018
91	101	1.1698
91	102	1.09076
91	104	1.17444
91	108	1.14464
91	110	1.14846
91	127	1.11837
91	132	0.679985
91	142	0.818235
91	151	0.71232
91	152	1.1469
91	157	0.740449
91	165	1.3356
91	180	1.14582
92	6	1.21314
92	59	0.560083
92	75	1.09601
92	114	1.18205
92	116	1.09879
92	118	1.15339
92	119	1.16326
92	122	0.768854
92	123	1.13212
92	125	1.11502
92	126	0.976003
92	128	1.1159
92	130	1.09989
92	133	1.20853
92	137	0.782925
92	143	1.20394
92	150	1.1484
92	166	0.995726
92	168	1.13313
92	176	1.05971
93	1	1.08424
93	21	1.17249
93	40	0.371862
93	47	1.15545
93	53	1.06726
93	72	1.13828
93	74	1.1102
93	76	1.23145
93	78	1.20319
93	98	1.11754
93	103	1.09487
93	105	1.0954
93	106	1.17
93	145	1.16837
93	148	0.586631
93	155	1.15297
93	160	0.941605
93	174	1.46221
93	178	0.971312
93	180	0.899124
94	11	1.20484
94	14	1.09885
94	16	1.16538
94	24	1.1458
94	29	0.626257
94	46	1.08986
94	49	1.1627
94	66	1.13642
94	83	1.18153
94	87	1.17416
94	117	1.17871
94	127	1.12605
94	131	1.13531
94	133	0.611041
94	135	1.16135
94	139	1.04792
94	153	0.558166
94	156	1.15016
94	161	0.918554
94	169	1.35358
95	34	0.600827
95	36	0.64219
95	60	0.657821
95	110	0.603526
95	120	0.526478
95	146	1.29591
95	152	0.434997
95	157	1.28766
95	158	1.1651
95	161	1.18196
95	163	1.11615
95	164	1.04527
95	167	1.08154
95	168	1.09219
95	169	1.07559
95	172	1.11728
95	174	1.0385
95	175	1.02925
95	177	1.12714
95	178	1.08602
95	179	1.04799
96	3	0.660984
96	33	0.981216
96	84	0.606827
96	102	0.808331
96	109	0.649451
96	112	1.20445
96	124	1.24245
96	136	1.24458
96	154	1.04534
96	158	1.0667
96	161	1.08356
96	162	1.07716
96	164	0.946864
96	169	0.977192
96	171	0.997422
96	174	0.940098
96	175	0.930849
96	176	1.07365
96	177	1.02874
96	178	0.987615
96	179	0.949591
97	12	1.14075
97	19	1.24225
97	20	1.09576
97	67	1.30167
97	88	1.20406
97	90	1.2207
97	107	1.16151
97	109	1.21782
97	120	1.21841
97	121	1.21856
97	122	0.819037
97	134	0.531172
97	148	0.737446
97	150	1.22199
97	152	1.21452
97	155	1.21671
97	158	0.915088
97	163	1.03405
97	170	0.945124
97	177	0.906645
97	180	1.09133
98	1	1.05949
98	2	1.17907
98	30	1.09721
98	47	1.1307
98	53	1.04251
98	72	1.11353
98	74	1.08545
98	76	1.2067
98	78	1.17844
98	89	0.585119
98	93	1.11754
98	103	1.07011
98	105	1.07065
98	106	1.14525
98	112	0.662006
98	122	1.05963
98	132	0.824693
98	145	1.14362
98	155	1.12822
98	156	0.892521
98	178	1.36272
99	10	1.24478
99	18	1.22109
99	27	1.20223
99	33	1.17028
99	41	1.13365
99	69	0.374589
99	79	1.24796
99	80	1.25343
99	82	1.14055
99	84	1.2136
99	86	1.12302
99	89	0.203795
99	121	1.20677
99	134	1.2717
99	135	0.991988
99	142	1.13192
99	145	1.22033
99	148	0.596715
99	154	0.990666
99	161	0.749189
99	175	1.54391
100	2	0.675606
100	37	0.738294
100	63	0.676621
100	74	0.628512
100	123	0.465127
100	127	0.523754
100	137	1.21818
100	141	1.27836
100	161	1.19518
100	164	1.05849
100	165	1.08362
100	166	1.12953
100	167	1.09476
100	168	1.10541
100	171	1.10904
100	172	1.1305
100	174	1.05172
100	175	1.04247
100	177	1.14036
100	178	1.09924
100	179	1.06121
101	9	1.24679
101	28	1.18885
101	32	1.14384
101	43	1.11579
101	51	1.20089
101	61	1.16318
101	64	1.16449
101	68	1.15544
101	91	1.1698
101	102	1.12602
101	104	1.2097
101	108	1.1799
101	110	1.18372
101	124	0.477864
101	127	1.15363
101	144	0.565852
101	147	0.546387
101	152	1.18216
101	154	1.05884
101	160	1.01987
101	165	1.16717
101	179	1.26458
102	9	1.16775
102	17	1.11036
102	28	1.10981
102	32	1.06479
102	43	1.03675
102	51	1.12185
102	61	1.08414
102	64	1.08545
102	68	1.0764
102	91	1.09076
102	96	0.808331
102	101	1.12602
102	104	1.13066
102	108	1.10086
102	110	1.10468
102	127	1.07459
102	148	0.809049
102	152	1.10312
102	153	0.601135
102	171	1.0885
102	176	0.879296
102	179	1.40873
103	1	1.03682
103	2	1.1564
103	21	1.12507
103	30	1.07454
103	47	1.10803
103	53	1.01984
103	72	1.09086
103	74	1.06278
103	76	1.18403
103	78	1.15577
103	93	1.09487
103	98	1.07011
103	105	1.04798
103	106	1.12258
103	137	0.946201
103	143	0.629234
103	145	1.12095
103	146	0.800495
103	155	1.10555
103	157	0.757656
103	161	1.00301
103	164	1.73297
104	17	1.19404
104	28	1.19349
104	32	1.14848
104	43	1.12043
104	51	1.20553
104	61	1.16783
104	64	1.16913
104	65	0.544911
104	68	1.16008
104	91	1.17444
104	101	1.2097
104	102	1.13066
104	108	1.18454
104	110	1.18836
104	127	1.15828
104	134	0.627894
104	139	1.24372
104	143	0.612864
104	147	0.715663
104	149	0.763636
104	152	1.18681
104	165	1.33644
105	1	1.03735
105	2	1.15693
105	21	1.12561
105	30	1.07507
105	47	1.10856
105	53	1.02037
105	72	1.09139
105	74	1.06331
105	76	1.18456
105	78	1.1563
105	81	0.692133
105	93	1.0954
105	98	1.07065
105	103	1.04798
105	106	1.12311
105	115	0.873413
105	137	1.02576
105	145	1.12148
105	149	0.859569
105	155	1.10608
105	173	0.910562
105	180	1.2426
106	2	1.23154
106	21	1.20021
106	30	1.14968
106	47	1.18317
106	53	1.09498
106	72	1.16599
106	74	1.13791
106	76	1.25916
106	78	1.2309
106	93	1.17
106	98	1.14525
106	103	1.12258
106	105	1.12311
106	115	0.741096
106	129	0.738022
106	142	0.782689
106	145	1.19609
106	155	1.18069
106	158	0.975427
106	159	0.941721
106	172	1.1041
106	173	0.778245
107	12	1.0325
107	19	1.134
107	20	0.987506
107	45	1.18113
107	57	1.031
107	59	0.656231
107	67	1.19341
107	88	1.0958
107	90	1.11244
107	97	1.16151
107	109	1.10956
107	120	1.11015
107	121	1.1103
107	139	1.19296
107	150	1.11373
107	152	1.10626
107	155	1.10846
107	161	0.935885
107	162	0.906715
107	163	1.08002
107	176	0.853658
107	180	0.983073
108	9	1.22163
108	17	1.16424
108	28	1.16369
108	32	1.11868
108	43	1.09063
108	51	1.17573
108	61	1.13802
108	64	1.13933
108	68	1.13028
108	91	1.14464
108	101	1.1799
108	102	1.10086
108	104	1.18454
108	110	1.15856
108	127	1.12847
108	136	0.607319
108	137	0.8559
108	141	0.650969
108	152	1.157
108	163	1.05684
108	167	1.39943
108	170	0.967916
108	173	0.740698
109	12	1.0888
109	20	1.04381
109	31	1.11074
109	45	1.23744
109	57	1.0873
109	67	1.24971
109	77	1.21264
109	88	1.1521
109	90	1.16875
109	96	0.649451
109	97	1.21782
109	107	1.10956
109	120	1.16645
109	146	0.600124
109	150	1.17004
109	152	1.16257
109	155	1.16476
109	162	0.773473
109	169	1.23767
109	172	0.956482
109	177	0.819367
109	178	1.03485
109	180	1.03938
110	25	1.17784
110	28	1.16751
110	37	1.08446
110	38	1.08538
110	40	0.609921
110	60	1.12825
110	61	1.14184
110	62	1.12936
110	71	1.1443
110	91	1.14846
110	95	0.603526
110	101	1.18372
110	102	1.10468
110	104	1.18836
110	108	1.15856
110	124	0.637661
110	134	0.618415
110	140	1.17623
110	152	1.16082
110	153	1.20713
110	161	0.977163
110	162	0.947993
110	179	1.42437
111	8	0.784413
111	10	0.72012
111	30	0.730017
111	34	0.788552
111	112	1.21916
111	131	0.709699
111	135	1.08681
111	138	1.19585
111	141	1.18145
111	142	1.09877
111	147	1.22709
111	150	0.573015
111	154	1.06006
111	161	1.09827
111	163	1.03245
111	164	0.961576
111	166	1.03262
111	167	0.997847
111	169	0.991904
111	174	0.95481
111	177	1.04345
111	178	1.00233
111	179	0.964303
111	180	1.0464
112	1	0.932269
112	15	1.38216
112	37	0.63659
112	76	0.50921
112	96	1.20445
112	98	0.662006
112	111	1.21916
112	113	1.16628
112	116	0.386816
112	118	0.428205
112	125	0.506997
112	135	1.12607
112	138	1.23511
112	147	1.26635
112	159	1.13243
112	160	1.0872
112	162	1.13113
112	165	1.02597
112	169	1.03116
112	172	1.07285
112	175	0.984818
112	177	1.08271
112	178	1.04158
112	179	1.00356
113	16	1.07345
113	48	0.738987
113	57	0.753518
113	59	1.15997
113	64	0.972434
113	112	1.16628
113	137	1.06838
113	144	1.16439
113	145	0.818975
113	146	1.15933
113	157	1.15108
113	159	1.04028
113	162	1.03898
113	166	0.979729
113	167	0.944959
113	169	0.939017
113	171	0.959246
113	172	0.9807
113	174	0.901923
113	175	0.892673
113	177	0.990562
113	178	0.949439
113	179	0.911416
114	22	1.2033
114	34	1.29158
114	39	1.2558
114	40	0.448503
114	75	1.15547
114	92	1.18205
114	116	1.15824
114	118	1.21285
114	119	1.22272
114	123	1.19157
114	125	1.17447
114	128	1.17535
114	130	1.15934
114	140	1.21579
114	142	0.648176
114	143	1.26339
114	147	0.544766
114	149	0.592738
114	150	1.20786
114	157	0.570389
114	165	1.16554
114	166	0.971734
114	174	1.53885
114	176	1.11916
115	8	0.761162
115	29	1.1948
115	68	0.738855
115	86	0.846131
115	105	0.873413
115	106	0.741096
115	133	1.23536
115	149	1.20111
115	151	1.19885
115	152	0.599471
115	157	1.20215
115	159	1.09135
115	162	1.09005
115	166	1.0308
115	167	0.996026
115	168	1.00668
115	169	0.990083
115	171	1.01031
115	172	1.03177
115	174	0.952989
115	175	0.94374
115	177	1.04163
115	178	1.00051
115	179	0.962482
116	6	1.18933
116	8	1.17453
116	34	1.20833
116	39	1.17254
116	69	0.480723
116	75	1.07221
116	92	1.09879
116	112	0.386816
116	114	1.15824
116	117	1.14125
116	118	1.12959
116	119	1.13946
116	123	1.10832
116	125	1.09121
116	128	1.09209
116	130	1.07609
116	139	1.1124
116	143	1.18013
116	149	0.632316
116	150	1.1246
116	162	0.826153
116	174	1.57843
116	176	1.0359
116	180	1.01534
117	4	0.540127
117	14	1.12766
117	49	1.19152
117	50	1.0878
117	66	1.16523
117	75	1.13847
117	87	1.20297
117	89	0.358
117	94	1.17871
117	116	1.14125
117	123	1.17458
117	127	1.15486
117	128	1.15836
117	130	1.14235
117	131	1.16412
117	139	1.07673
117	146	0.700877
117	156	1.17897
117	158	0.928562
117	160	1.10589
117	172	1.05723
117	176	1.10217
117	178	1.1356
118	6	1.24394
118	22	1.17465
118	34	1.26293
118	39	1.22714
118	50	1.07614
118	92	1.15339
118	112	0.428205
118	114	1.21285
118	116	1.12959
118	119	1.19406
118	123	1.16292
118	125	1.14581
118	126	1.03298
118	128	1.1467
118	129	0.684475
118	130	1.13069
118	131	1.15246
118	133	1.23933
118	143	1.23474
118	153	0.536324
118	159	0.888174
118	162	0.867543
118	169	1.33174
118	176	1.09051
118	177	0.913437
119	22	1.18452
119	34	1.2728
119	39	1.23701
119	50	1.08601
119	59	0.636785
119	75	1.13668
119	92	1.16326
119	114	1.22272
119	116	1.13946
119	118	1.19406
119	125	1.15568
119	128	1.15657
119	129	0.704203
119	130	1.14056
119	131	1.16233
119	140	1.197
119	141	0.654697
119	143	1.24461
119	147	0.645461
119	150	1.18907
119	168	1.20983
119	173	0.744426
119	176	1.10038
119	177	0.933165
119	178	1.14865
120	12	1.08939
120	19	1.19089
120	20	1.0444
120	45	1.23803
120	57	1.08789
120	64	1.14548
120	67	1.25031
120	77	1.21323
120	85	0.606704
120	88	1.15269
120	90	1.16934
120	95	0.526478
120	97	1.21841
120	107	1.11015
120	109	1.16645
120	121	1.16719
120	129	0.687878
120	136	0.594722
120	146	0.697597
120	150	1.17063
120	152	1.16316
120	155	1.16535
120	162	0.870945
120	166	1.0561
120	174	1.62322
120	180	1.03997
121	27	1.1628
121	31	1.11148
121	41	1.09422
121	57	1.08804
121	65	0.577603
121	67	1.25045
121	79	1.20852
121	80	1.214
121	82	1.10112
121	86	1.08359
121	88	1.15284
121	89	0.47394
121	97	1.21856
121	99	1.20677
121	107	1.1103
121	120	1.16719
121	133	0.711821
121	134	1.23227
121	145	1.1809
121	149	0.796328
121	151	0.74585
121	152	1.1633
121	159	1.0108
121	163	1.16347
121	171	1.14631
121	180	1.04011
122	18	0.869271
122	56	0.689823
122	62	0.793386
122	92	0.768854
122	97	0.819037
122	98	1.05963
122	138	1.21033
122	146	1.22669
122	160	1.06242
122	161	1.11275
122	162	1.10635
122	163	1.04693
122	164	0.976055
122	165	1.00119
122	166	1.04709
122	167	1.01233
122	168	1.02298
122	169	1.00638
122	171	1.02661
122	172	1.04807
122	175	0.960039
122	177	1.05793
122	178	1.01681
122	179	0.978781
122	180	1.06088
123	6	1.22266
123	8	1.20786
123	22	1.15338
123	34	1.24166
123	39	1.20587
123	59	0.552276
123	75	1.10554
123	92	1.13212
123	100	0.465127
123	114	1.19157
123	116	1.10832
123	117	1.17458
123	118	1.16292
123	125	1.12454
123	128	1.12542
123	130	1.10941
123	131	1.13118
123	132	0.526111
123	138	0.550815
123	140	1.16586
123	150	1.15793
123	167	1.31865
123	169	1.26696
123	172	0.985771
123	176	1.06923
123	180	0.99195
124	23	0.555509
124	61	0.776126
124	72	0.861875
124	90	0.781772
124	96	1.24245
124	101	0.477864
124	110	0.637661
124	146	1.28947
124	148	1.26363
124	150	0.419426
124	155	0.387714
124	157	1.28122
124	159	1.17043
124	161	1.17553
124	162	1.16912
124	163	1.10971
124	165	1.06396
124	166	1.10987
124	168	1.08576
124	169	1.06916
124	171	1.08939
124	174	1.03206
124	175	1.02282
124	176	1.16562
124	177	1.1207
124	178	1.07958
124	179	1.04156
125	6	1.20556
125	8	1.19075
125	39	1.18876
125	50	1.03776
125	69	0.600905
125	70	0.640778
125	75	1.08843
125	92	1.11502
125	112	0.506997
125	114	1.17447
125	116	1.09121
125	118	1.14581
125	119	1.15568
125	123	1.12454
125	128	1.10832
125	130	1.09231
125	131	1.11408
125	133	1.20095
125	140	1.14876
125	143	1.19636
125	149	0.752497
125	150	1.14082
125	156	0.737512
125	157	0.730148
125	162	0.946335
125	174	1.69861
125	176	1.05213
126	22	1.03852
126	60	1.16772
126	65	1.22386
126	92	0.976003
126	118	1.03298
126	139	0.98698
126	147	1.15115
126	152	0.9449
126	154	0.984109
126	156	1.08922
126	158	1.00546
126	160	0.971998
126	161	1.02232
126	162	1.01592
126	163	0.956508
126	166	0.95667
126	167	0.9219
126	168	0.932555
126	169	0.915957
126	171	0.936186
126	172	0.95764
126	174	0.878863
126	175	0.869613
126	176	1.01242
126	177	0.967503
126	178	0.92638
126	179	0.888356
127	14	1.07501
127	17	1.13797
127	24	1.12196
127	43	1.06437
127	51	1.14946
127	61	1.11176
127	66	1.11258
127	83	1.15769
127	87	1.15031
127	91	1.11837
127	94	1.12605
127	100	0.523754
127	101	1.15363
127	102	1.07459
127	104	1.15828
127	108	1.12847
127	117	1.15486
127	131	1.11147
127	138	0.609442
127	139	1.02408
127	151	0.617073
127	152	1.13074
127	156	1.12632
127	157	0.645201
127	167	1.37728
127	171	1.01753
127	175	1.68528
127	176	0.808331
128	6	1.20644
128	8	1.19164
128	34	1.22543
128	39	1.18965
128	50	1.03864
128	75	1.08932
128	77	0.531444
128	92	1.1159
128	114	1.17535
128	116	1.09209
128	117	1.15836
128	118	1.1467
128	119	1.15657
128	123	1.12542
128	125	1.10832
128	130	1.09319
128	131	1.11496
128	132	0.588491
128	133	1.20183
128	134	0.535563
128	138	0.613195
128	140	1.14964
128	143	1.19724
128	147	0.623332
128	150	1.14171
128	161	0.894312
128	164	1.62426
128	168	1.1877
128	176	1.05301
128	179	1.34152
129	43	0.85185
129	47	0.741567
129	63	0.831188
129	66	0.560818
129	106	0.738022
129	118	0.684475
129	119	0.704203
129	120	0.687878
129	135	1.15506
129	154	1.1283
129	157	1.27222
129	158	1.14966
129	160	1.11619
129	161	1.16652
129	162	1.16012
129	163	1.1007
129	164	1.02982
129	166	1.10086
129	167	1.06609
129	168	1.07675
129	169	1.06015
129	171	1.08038
129	172	1.10183
129	174	1.02306
129	175	1.01381
129	176	1.15661
129	177	1.1117
129	178	1.07057
129	179	1.03255
130	6	1.19043
130	8	1.17563
130	22	1.12115
130	34	1.20943
130	39	1.17364
130	50	1.02263
130	69	0.479531
130	75	1.07331
130	92	1.09989
130	114	1.15934
130	116	1.07609
130	117	1.14235
130	118	1.13069
130	119	1.14056
130	123	1.10941
130	125	1.09231
130	128	1.09319
130	131	1.09895
130	132	0.54831
130	133	1.18582
130	139	1.1112
130	140	1.13363
130	143	1.18123
130	150	1.1257
130	151	0.580646
130	158	0.879298
130	169	1.28916
130	172	1.00797
130	173	0.682116
130	174	1.57724
130	176	1.037
131	16	1.15079
131	22	1.14292
131	24	1.13121
131	42	0.510091
131	49	1.14812
131	50	1.0444
131	66	1.12183
131	83	1.16695
131	85	0.6022
131	87	1.15957
131	94	1.13531
131	111	0.709699
131	117	1.16412
131	118	1.15246
131	119	1.16233
131	123	1.13118
131	125	1.11408
131	127	1.11147
131	128	1.11496
131	130	1.09895
131	139	1.03334
131	140	1.1554
131	146	0.693094
131	149	0.672605
131	150	1.14747
131	156	1.13557
131	166	1.0516
131	167	1.38233
131	176	1.05877
131	177	0.912336
131	178	1.12782
132	28	0.725614
132	34	0.668644
132	41	0.849413
132	45	0.541645
132	52	0.647094
132	91	0.679985
132	98	0.824693
132	123	0.526111
132	128	0.588491
132	130	0.54831
132	135	1.16797
132	136	1.34045
132	148	1.26753
132	151	1.28182
132	153	1.29705
132	157	1.28512
132	159	1.17432
132	161	1.17942
132	162	1.17302
132	163	1.11361
132	165	1.06786
132	166	1.11377
132	167	1.079
132	168	1.08966
132	169	1.07306
132	170	1.14623
132	171	1.09329
132	172	1.11474
132	174	1.03596
132	175	1.02671
132	177	1.1246
132	178	1.08348
132	179	1.04546
133	13	0.335112
133	19	0.473922
133	22	1.22979
133	26	0.770959
133	34	1.31806
133	50	1.13127
133	51	0.605214
133	58	0.777029
133	64	0.777759
133	76	0.670205
133	92	1.20853
133	94	0.611041
133	115	1.23536
133	118	1.23933
133	121	0.711821
133	125	1.20095
133	128	1.20183
133	130	1.18582
133	143	1.28987
133	145	0.624301
133	150	1.23434
133	160	1.10522
133	166	1.08989
133	168	1.06578
133	169	1.04918
133	171	1.06941
133	172	1.09087
133	175	1.00284
133	176	1.14564
133	177	1.10073
133	178	1.05961
133	179	1.02158
133	180	1.10368
134	6	0.629961
134	10	1.27028
134	16	0.827541
134	27	1.22773
134	33	1.19578
134	45	0.488717
134	46	0.821332
134	61	0.75688
134	79	1.27346
134	82	1.16605
134	84	1.2391
134	86	1.14852
134	90	0.762526
134	97	0.531172
134	99	1.2717
134	104	0.627894
134	110	0.618415
134	121	1.23227
134	128	0.535563
134	142	1.15742
134	145	1.24583
134	151	1.25932
134	158	1.14006
134	164	1.02022
134	165	1.04536
134	166	1.09127
134	167	1.0565
134	168	1.06715
134	171	1.07078
134	174	1.01346
134	177	1.1021
134	178	1.06098
134	179	1.02295
135	17	0.933649
135	55	1.13565
135	62	1.10707
135	63	1.28622
135	82	0.919719
135	94	1.16135
135	99	0.991988
135	111	1.08681
135	112	1.12607
135	129	1.15506
135	132	1.16797
135	142	1.00568
135	143	1.1395
135	154	0.966964
135	159	1.00008
135	160	0.954853
135	161	1.00518
135	163	0.939363
135	164	0.868484
135	167	0.904754
135	168	0.91541
135	169	0.898812
135	170	0.971988
135	171	0.919041
135	172	0.940495
135	173	1.06058
135	174	0.861718
135	175	0.852468
135	177	0.950357
135	178	0.909234
135	179	0.871211
135	180	0.953306
136	2	0.737016
136	22	0.596864
136	39	0.64723
136	83	0.734667
136	86	0.749901
136	87	0.549955
136	88	0.51327
136	96	1.24458
136	108	0.607319
136	120	0.594722
136	132	1.34045
136	138	1.27524
136	145	0.626421
136	148	1.26576
136	149	1.28231
136	154	1.13944
136	157	1.28336
136	158	1.1608
136	160	1.12733
136	161	1.17766
136	162	1.17126
136	163	1.11184
136	164	1.04096
136	167	1.07723
136	168	1.08789
136	169	1.07129
136	171	1.09152
136	174	1.0342
136	175	1.02495
136	177	1.12284
136	178	1.08171
136	179	1.04369
136	180	1.12578
137	78	0.849271
137	81	1.18596
137	92	0.782925
137	100	1.21818
137	103	0.946201
137	105	1.02576
137	108	0.8559
137	113	1.06838
137	141	1.12281
137	144	1.15864
137	148	1.12774
137	150	0.702116
137	151	1.14203
137	152	0.751822
137	157	1.14533
137	160	0.989308
137	161	1.03963
137	162	1.03323
137	163	0.973818
137	164	0.902939
137	165	0.928072
137	166	0.973979
137	167	0.93921
137	169	0.933267
137	170	1.00644
137	172	0.97495
137	173	1.09503
137	174	0.896173
137	175	0.886923
137	177	0.984812
137	178	0.94369
137	179	0.905666
138	2	0.761293
138	53	1.01636
138	63	0.762309
138	70	1.20258
138	75	0.856307
138	80	0.706338
138	81	1.26054
138	111	1.19585
138	112	1.23511
138	122	1.21033
138	123	0.550815
138	127	0.609442
138	128	0.613195
138	136	1.27524
138	144	1.23322
138	148	1.20232
138	150	0.477812
138	154	1.076
138	158	1.09735
138	160	1.06389
138	162	1.10781
138	163	1.0484
138	164	0.97752
138	165	1.00265
138	168	1.02445
138	171	1.02808
138	172	1.04953
138	174	0.970753
138	175	0.961504
138	176	1.10431
138	177	1.05939
138	178	1.01827
138	179	0.980246
139	9	0.840021
139	13	0.8997
139	14	0.996877
139	16	1.06341
139	46	0.98789
139	49	1.06073
139	66	1.03444
139	83	1.07956
139	87	1.07218
139	94	1.04792
139	104	1.24372
139	107	1.19296
139	116	1.1124
139	117	1.07673
139	126	0.98698
139	127	1.02408
139	130	1.1112
139	131	1.03334
139	147	1.11011
139	154	0.943076
139	156	1.04819
139	158	0.96443
139	161	0.981291
139	167	0.880867
139	168	0.891522
139	171	0.895153
139	173	1.03669
139	174	0.83783
139	175	0.82858
139	177	0.926469
139	179	0.847323
139	180	0.929418
140	7	1.1184
140	8	1.23208
140	15	0.18549
140	25	1.19169
140	35	1.27204
140	37	1.09831
140	38	1.09923
140	50	1.07908
140	54	1.17683
140	56	1.30804
140	60	1.1421
140	62	1.14321
140	71	1.15815
140	75	1.12976
140	110	1.17623
140	114	1.21579
140	119	1.197
140	123	1.16586
140	125	1.14876
140	128	1.14964
140	130	1.13363
140	131	1.1554
140	150	1.18214
140	151	0.536399
140	153	1.22098
140	160	1.01238
140	161	0.809884
140	163	0.954015
140	166	0.965873
140	170	0.865088
140	176	1.09345
140	177	0.826609
140	178	1.04209
140	179	1.25709
140	180	0.969904
141	16	0.924547
