1	6	0.926614
1	35	0.951588
1	66	0.821262
1	67	0.920458
1	100	0.874928
1	102	0.920979
1	109	1.34491
1	134	1.19706
1	138	0.892441
1	140	1.25826
1	163	0.894509
1	179	1.16533
2	17	1.10142
2	24	0.914867
2	69	1.00846
2	147	1.11208
2	149	1.10736
2	151	1.14113
2	156	1.13137
2	157	0.889937
2	161	0.851945
2	178	0.98499
2	180	0.959159
3	23	1.15183
3	74	1.00828
3	83	1.04544
3	101	0.936752
3	111	1.02927
3	117	1.00057
3	123	1.03039
3	144	1.00301
3	152	0.993799
3	168	0.99988
3	174	0.974769
3	179	1.03522
4	84	0.974641
4	86	1.03791
4	89	1.09297
4	90	1.07987
4	126	0.912508
4	136	1.10098
4	151	1.14912
4	158	0.886683
4	160	1.13902
4	170	0.795448
4	171	1.03328
5	19	0.923822
5	22	1.056
5	68	1.05084
5	78	1.0275
5	81	0.985531
5	101	1.1779
5	124	1.04986
5	128	1.06206
5	165	0.976113
5	169	0.911426
5	170	1.0961
5	173	0.889937
6	1	0.926614
6	53	1.04079
6	75	1.01584
6	100	1.03418
6	102	1.08023
6	138	1.05169
6	146	1.01198
6	163	1.05376
6	167	1.06646
6	168	1.0093
6	169	0.920148
6	177	0.999413
7	33	0.952102
7	40	1.09093
7	48	1.03325
7	68	1.04281
7	78	1.01947
7	81	0.977499
7	144	1.02865
7	157	1.00232
7	164	0.977064
7	169	0.936371
7	170	1.08807
7	179	1.06086
8	39	0.969917
8	69	0.95428
8	105	1.00443
8	141	0.927153
8	147	1.0579
8	149	1.05318
8	151	1.08695
8	156	1.07719
8	159	1.10045
8	168	0.972679
8	176	0.999098
8	179	1.00802
9	11	1.14419
9	73	0.94837
9	92	1.06404
9	103	1.05384
9	118	0.997226
9	119	1.06678
9	122	1.04778
9	145	1.08834
9	162	1.01968
9	169	0.887342
9	173	0.865853
9	180	1.02251
10	37	0.96734
10	65	0.928593
10	85	0.984003
10	124	1.08244
10	132	1.03115
10	137	1.04338
10	143	1.05265
10	144	1.03628
10	146	1.03584
10	149	1.05066
10	160	1.07433
10	170	0.920262
11	9	1.14419
11	98	1.21321
11	137	1.19961
11	151	1.1188
11	167	0.88207
11	169	0.951981
11	174	0.923392
11	175	0.878214
11	177	0.911821
11	178	0.877163
11	179	0.8858
11	180	0.885739
12	98	1.00217
12	103	1.05228
12	113	1.01542
12	118	0.995669
12	119	1.06522
12	122	1.04622
12	155	0.970315
12	162	1.01813
12	165	1.01772
12	173	0.931543
12	174	1.01707
12	176	1.0686
13	32	0.924138
13	42	1.11679
13	43	1.04035
13	56	0.993575
13	57	1.00065
13	114	1.02574
13	138	1.05308
13	145	0.976588
13	155	0.946116
13	157	0.994777
13	178	1.08983
13	179	1.05332
14	73	0.825487
14	98	0.880842
14	103	0.930954
14	118	0.874343
14	119	0.943896
14	122	0.924893
14	128	0.919288
14	145	1.36971
14	152	1.25177
14	161	1.19666
14	162	0.8968
14	173	1.14722
15	38	0.965031
15	66	0.827499
15	67	0.926694
15	100	0.881165
15	102	0.927215
15	131	0.878649
15	138	0.898677
15	139	1.25827
15	163	0.900745
15	169	1.22163
15	173	1.20014
15	174	1.28566
16	18	1.0944
16	56	0.99195
16	57	0.999022
16	72	1.08848
16	105	1.00425
16	112	0.919699
16	138	1.05146
16	140	1.12093
16	142	1.00828
16	145	0.974962
16	158	0.971001
16	177	0.982775
17	2	1.10142
17	31	1.06384
17	69	0.91576
17	139	0.930572
17	142	0.998705
17	145	1.09493
17	147	1.01938
17	149	1.01466
17	151	1.04843
17	154	0.87263
17	156	1.03867
17	159	1.11085
18	16	1.0944
18	43	1.04773
18	56	1.00095
18	57	1.00802
18	101	1.13656
18	105	1.01325
18	138	1.06046
18	145	0.983963
18	165	0.934767
18	167	1.01639
18	174	0.934117
18	176	0.985647
19	5	0.923822
19	20	0.935731
19	40	0.937557
19	48	0.879883
19	78	0.866098
19	81	0.82413
19	128	0.900662
19	134	1.31483
19	154	1.1373
19	170	0.934701
19	176	1.27417
19	177	1.23787
20	19	0.935731
20	33	0.972042
20	68	1.06275
20	78	1.03941
20	79	0.93246
20	81	0.997439
20	116	1.08946
20	165	0.94639
20	170	1.10801
20	171	1.09579
20	175	1.02783
20	179	1.00619
21	23	0.82358
21	83	0.895999
21	94	0.978424
21	108	0.977215
21	129	0.918901
21	164	1.04736
21	169	1.06914
21	174	1.04055
21	176	1.01347
21	177	1.02898
21	178	0.994319
21	180	1.00289
22	5	1.056
22	33	0.930911
22	40	1.06974
22	78	0.998277
22	116	1.04833
22	128	1.03284
22	139	0.974358
22	146	1.02955
22	152	1.02079
22	161	0.965671
22	170	1.06688
22	177	1.01698
23	3	1.15183
23	21	0.82358
23	49	1.11274
23	83	1.12859
23	111	1.11242
23	114	1.09891
23	117	1.08372
23	123	1.11354
23	146	0.889879
23	159	1.01496
23	163	0.854327
23	166	0.937503
23	168	0.887195
24	2	0.914867
24	51	1.0547
24	117	1.06265
24	119	0.981485
24	162	1.02684
24	166	0.963414
24	169	1.02993
24	175	0.956167
24	176	0.974263
24	177	0.989775
24	178	0.955116
24	179	0.963754
24	180	0.963692
25	27	0.844144
25	29	0.989035
25	64	0.885118
25	80	0.841807
25	86	0.782841
25	87	1.27692
25	89	0.837902
25	136	0.845917
25	151	0.894057
25	160	0.883953
25	161	1.33192
25	169	1.30397
25	175	1.45009
26	82	1.01228
26	83	0.968854
26	91	1.01668
26	111	0.952685
26	114	0.939173
26	117	0.923988
26	123	0.95381
26	129	1.03248
26	140	1.22925
26	152	1.0949
26	161	1.03979
26	164	1.05253
26	170	0.98809
27	25	0.844144
27	55	0.982312
27	64	1.02928
27	80	0.985974
27	86	0.927008
27	90	0.968977
27	142	1.06211
27	151	1.03822
27	159	1.17425
27	160	1.02812
27	172	1.04056
27	177	1.0366
27	180	1.0925
28	96	0.953841
28	97	1.02946
28	106	1.10336
28	125	0.971115
28	126	1.07746
28	130	0.981891
28	133	0.940007
28	137	0.968147
28	143	0.977416
28	147	0.98015
28	150	1.06434
28	153	1.08853
28	168	1.07329
29	25	0.989035
29	58	1.19192
29	86	1.0719
29	89	1.12696
29	90	1.11387
29	124	0.986081
29	126	0.940965
29	136	1.13498
29	144	0.939927
29	154	0.826348
29	160	1.17301
29	163	0.90393
29	169	0.84765
30	31	1.03968
30	39	0.907236
30	69	0.891599
30	79	1.04434
30	105	0.941749
30	142	1.09836
30	147	0.995218
30	149	0.990494
30	151	1.02427
30	156	1.01451
30	158	1.06107
30	163	1.04986
30	178	1.15458
31	17	1.06384
31	30	1.03968
31	39	0.986518
31	69	0.970881
31	120	0.990842
31	141	0.956373
31	147	1.0745
31	149	1.06978
31	151	1.10355
31	154	0.891448
31	156	1.09379
31	161	0.940702
31	177	0.992015
31	178	1.07375
32	13	0.924138
32	103	0.910598
32	129	0.888674
32	151	0.85726
32	160	0.879895
32	161	1.09136
32	162	0.931275
32	168	1.05841
32	172	1.05995
32	175	1.03109
32	176	1.04919
32	178	1.03004
32	179	1.03868
32	180	1.03861
33	7	0.952102
33	20	0.972042
33	22	0.930911
33	68	0.925754
33	78	0.902409
33	81	0.860441
33	116	0.952458
33	127	1.17044
33	128	0.936973
33	135	1.15645
33	158	1.14985
33	161	1.11031
33	170	0.971012
33	180	1.21752
34	94	0.899287
34	95	0.913283
34	107	0.930965
34	108	0.926167
34	110	0.924611
34	115	0.975176
34	121	0.913289
34	148	1.18818
34	153	1.1825
34	154	1.05681
34	162	0.92934
34	166	1.21757
34	172	1.16134
34	173	0.992828
35	1	0.951588
35	66	1.00549
35	67	1.10468
35	100	1.05916
35	102	1.10521
35	126	1.04519
35	131	1.05664
35	153	0.993063
35	158	0.956164
35	163	1.07874
35	172	0.971901
35	173	0.867184
35	175	1.0348
35	180	1.02384
36	49	0.920587
36	59	0.870689
36	74	0.899271
36	82	0.97986
36	93	1.00092
36	111	0.920262
36	117	0.891565
36	123	0.921387
36	129	1.00006
36	139	1.09976
36	166	1.20258
36	170	1.03938
36	171	1.27722
36	179	1.18761
37	10	0.96734
37	51	0.929857
37	88	0.940728
37	120	1.17225
37	125	0.932961
37	130	0.943737
37	132	0.917765
37	133	0.901853
37	137	0.929993
37	143	0.939262
37	165	1.15884
37	168	1.1833
37	170	1.07041
37	179	1.21865
38	15	0.965031
38	66	1.0127
38	75	1.04802
38	100	1.06636
38	102	1.11241
38	109	1.09443
38	126	1.05239
38	131	1.06385
38	145	0.991358
38	163	1.08594
38	166	0.929814
38	168	0.879506
38	171	1.00445
38	178	0.951355
39	8	0.969917
39	30	0.907236
39	31	0.986518
39	69	0.838438
39	105	0.888587
39	127	1.17242
39	147	0.942057
39	149	0.937333
39	151	0.971106
39	156	0.961349
39	157	1.15028
39	164	1.12503
39	165	1.14902
39	179	1.20883
40	7	1.09093
40	19	0.937557
40	22	1.06974
40	48	1.05502
40	68	1.06458
40	81	0.999265
40	128	1.0758
40	141	0.958131
40	156	0.923791
40	169	0.914508
40	170	1.10984
40	172	0.997737
40	174	0.978545
40	178	1.07551
41	72	1.10624
41	88	0.942805
41	96	0.917764
41	120	1.18574
41	125	0.935039
41	130	0.945814
41	132	0.919842
41	133	0.90393
41	135	1.18175
41	137	0.93207
41	143	0.941339
41	160	0.963018
41	169	1.10765
41	176	1.22322
42	13	1.11679
42	43	1.06849
42	56	1.02171
42	57	1.02878
42	105	1.03401
42	114	1.05388
42	138	1.08122
42	145	1.00472
42	161	0.93809
42	164	0.950831
42	170	0.886393
42	175	1.05626
42	176	1.02571
42	177	0.989403
43	13	1.04035
43	18	1.04773
43	42	1.06849
43	56	0.945275
43	57	0.952347
43	72	1.0418
43	87	0.900807
43	114	0.977442
43	134	1.08408
43	138	1.00479
43	140	1.14527
43	145	0.928288
43	159	1.14477
43	173	0.906366
43	180	1.06302
44	47	0.991669
44	97	1.05179
44	126	1.04303
44	127	1.03779
44	130	1.00421
44	132	0.978243
44	133	0.96233
44	137	0.99047
44	143	0.99974
44	147	1.00247
44	160	1.02142
44	161	0.977666
44	177	1.02898
44	179	1.07421
44	180	1.08488
45	50	0.999742
45	54	1.00069
45	62	1.00831
45	92	1.03917
45	98	0.978856
45	113	0.992105
45	118	0.972357
45	122	1.02291
45	142	1.02265
45	148	1.02794
45	150	0.998075
45	153	1.02227
45	159	1.13479
45	162	0.994813
45	179	1.04237
46	59	0.941838
46	71	1.00136
46	83	1.00758
46	91	1.05541
46	93	1.07207
46	111	0.991411
46	114	0.977898
46	117	0.962714
46	123	0.992535
46	134	1.09804
46	148	1.05188
46	150	1.02201
46	153	1.04621
46	169	0.941816
46	175	1.08794
47	44	0.991669
47	51	1.0071
47	52	0.992554
47	76	1.0165
47	96	0.992925
47	127	1.05013
47	130	1.02097
47	132	0.995003
47	133	0.979091
47	137	1.00723
47	142	1.06682
47	143	1.0165
47	173	0.940559
47	176	1.07762
47	180	1.09721
48	7	1.03325
48	19	0.879883
48	40	1.05502
48	68	1.0069
48	78	0.98356
48	81	0.941592
48	104	1.1526
48	109	1.20159
48	116	1.03361
48	128	1.01812
48	168	0.98667
48	169	0.897521
48	170	1.05216
48	177	0.976786
48	180	1.03269
49	23	1.11274
49	36	0.920587
49	82	1.04978
49	83	1.00635
49	84	1.11602
49	93	1.07085
49	101	0.897668
49	111	0.990184
49	117	0.961487
49	123	0.991309
49	155	0.977851
49	158	1.02806
49	167	1.10688
49	173	0.939079
49	176	1.07614
50	45	0.999742
50	73	0.927541
50	92	1.04321
50	98	0.982897
50	112	0.963283
50	113	0.996145
50	118	0.976398
50	119	1.04595
50	122	1.02695
50	135	1.02119
50	148	1.05716
50	162	0.998854
50	165	1.01178
50	178	1.10809
50	180	1.08226
51	24	1.0547
51	37	0.929857
51	47	1.0071
51	96	0.991591
51	124	1.10226
51	125	1.00887
51	130	1.01964
51	133	0.977757
51	143	1.01517
51	149	1.01318
51	154	0.942527
51	160	1.03685
51	168	1.05298
51	169	0.963828
51	179	1.08832
52	47	0.992554
52	97	1.05267
52	125	0.994324
52	130	1.0051
52	132	0.979128
52	133	0.963216
52	137	0.991356
52	143	1.00062
52	145	1.10094
52	152	0.983004
52	157	0.965881
52	160	1.0223
52	166	1.03939
52	171	1.11403
52	175	1.04606
53	6	1.04079
53	66	0.935434
53	67	1.03463
53	75	0.970756
53	100	0.9891
53	102	1.03515
53	131	0.986584
53	138	1.00661
53	156	0.984252
53	163	1.00868
53	169	0.97497
53	171	1.18906
53	173	0.953481
53	176	1.09054
53	177	1.05423
54	45	1.00069
54	73	0.92849
54	98	0.983846
54	103	1.03396
54	113	0.997094
54	118	0.977347
54	119	1.0469
54	122	1.0279
54	150	1.0106
54	162	0.999803
54	168	1.01955
54	169	0.930402
54	171	1.14449
54	175	1.07653
54	180	1.06557
55	27	0.982312
55	58	1.04104
55	64	1.02329
55	77	1.08047
55	80	0.979976
55	89	0.97607
55	90	0.962979
55	136	0.984086
55	151	1.03223
55	154	0.920147
55	160	1.02212
55	163	0.997729
55	171	1.15554
55	172	1.02468
55	179	1.06594
56	13	0.993575
56	16	0.99195
56	18	1.00095
56	42	1.02171
56	43	0.945275
56	57	0.905573
56	72	0.995028
56	104	1.26541
56	105	0.910801
56	134	1.16655
56	138	0.958011
56	145	0.881514
56	163	1.06661
56	166	1.14979
56	169	1.01033
56	170	0.986586
57	13	1.00065
57	16	0.999022
57	18	1.00802
57	42	1.02878
57	43	0.952347
57	56	0.905573
57	105	0.917872
57	114	0.937739
57	134	1.19538
57	138	0.965083
57	145	0.888585
57	156	1.04844
57	157	1.1051
57	164	1.07985
57	173	1.01767
57	178	1.20015
58	29	1.19192
58	55	1.04104
58	64	1.08801
58	80	1.0447
58	86	0.985731
58	89	1.04079
58	90	1.0277
58	151	1.09695
58	152	0.916678
58	160	1.08684
58	166	0.973067
58	167	0.979924
58	174	0.897647
58	175	0.979736
58	176	0.949178
58	178	0.994608
59	36	0.870689
59	46	0.941838
59	71	0.950238
59	82	0.999885
59	91	1.00428
59	93	1.02095
59	111	0.940287
59	117	0.91159
59	123	0.941411
59	129	1.02008
59	145	1.21909
59	153	1.12248
59	164	1.05878
59	166	1.15754
59	170	0.994342
59	177	1.09735
60	70	1.02732
60	94	0.985164
60	95	0.999159
60	106	1.044
60	107	1.01684
60	108	1.01204
60	110	1.01049
60	112	0.940978
60	115	1.06105
60	121	0.999165
60	156	0.934071
60	162	1.01522
60	170	0.901043
60	171	1.13888
60	173	1.0787
60	176	1.04036
60	178	1.08579
61	63	1.02199
61	94	0.984098
61	107	1.01578
61	108	1.01098
61	110	1.00942
61	115	1.05999
61	121	0.9981
61	124	1.02595
61	127	0.975602
61	136	1.01312
61	141	0.931145
61	152	0.97059
61	159	1.10444
61	162	1.01415
61	173	1.07764
61	175	1.03365
61	178	1.04852
62	45	1.00831
62	72	0.938775
62	92	1.05178
62	98	0.991468
62	99	1.01867
62	103	1.04158
62	113	1.00472
62	118	0.984969
62	119	1.05452
62	122	1.03552
62	139	0.976829
62	144	1.03247
62	162	1.00743
62	164	0.980882
62	168	1.02934
62	176	1.05576
62	180	1.07536
63	61	1.02199
63	107	1.00339
63	108	0.998593
63	110	0.997037
63	115	1.0476
63	121	0.985715
63	129	1.07953
63	136	1.00073
63	145	1.1527
63	162	1.00177
63	163	1.00798
63	164	0.992389
63	168	1.04084
63	169	0.951696
63	170	0.927951
63	173	1.06525
63	174	1.01573
64	25	0.885118
64	27	1.02928
64	55	1.02329
64	58	1.08801
64	80	1.02695
64	86	0.967982
64	87	0.928664
64	89	1.02304
64	90	1.00995
64	148	1.06578
64	151	1.0792
64	156	0.964996
64	160	1.06909
64	165	1.0204
64	173	0.934224
64	179	1.0802
64	180	1.09088
65	10	0.928593
65	81	1.01767
65	88	0.920827
65	96	0.911594
65	107	1.02798
65	108	1.02319
65	114	0.958948
65	121	1.01031
65	147	0.901464
65	149	0.916027
65	162	1.02636
65	173	1.08985
65	176	1.00907
65	177	1.02458
65	178	0.989921
65	179	0.998558
65	180	0.998497
66	1	0.821262
66	15	0.827499
66	35	1.00549
66	38	1.0127
66	53	0.935434
66	75	0.910486
66	100	0.928829
66	102	0.97488
66	126	0.914861
66	131	0.926314
66	157	1.12273
66	159	1.2737
66	163	0.94841
66	167	1.2031
66	174	1.12083
66	177	1.13605
66	180	1.19196
67	1	0.920458
67	15	0.926694
67	35	1.10468
67	53	1.03463
67	75	1.00968
67	100	1.02802
67	102	1.07408
67	124	1.06851
67	126	1.01406
67	135	1.00418
67	138	1.04554
67	139	0.966724
67	157	0.996029
67	163	1.04761
67	170	0.906339
67	178	1.09108
67	179	1.05458
68	5	1.05084
68	7	1.04281
68	20	1.06275
68	33	0.925754
68	40	1.06458
68	48	1.0069
68	78	0.99312
68	81	0.951152
68	116	1.04317
68	134	1.06241
68	153	1.01058
68	163	0.96247
68	167	1.0525
68	170	1.06172
68	172	0.989418
68	174	0.970227
68	180	1.04136
69	2	1.00846
69	8	0.95428
69	17	0.91576
69	30	0.891599
69	31	0.970881
69	39	0.838438
69	105	0.87295
69	141	1.13758
69	147	0.92642
69	149	0.921696
69	151	0.955469
69	155	1.11125
69	156	0.945712
69	168	1.18311
69	174	1.158
69	175	1.24009
69	179	1.21845
70	60	1.02732
70	94	0.975979
70	95	0.989974
70	106	1.04717
70	107	1.00766
70	110	1.0013
70	115	1.05187
70	120	1.00605
70	121	0.98998
70	129	1.08379
70	144	1.02023
70	148	1.03802
70	157	0.993898
70	162	1.00603
70	164	0.968647
70	172	1.01118
70	173	1.06952
71	46	1.00136
71	59	0.950238
71	74	0.97882
71	82	1.05941
71	83	1.01598
71	91	1.06381
71	93	1.08047
71	117	0.971114
71	123	1.00094
71	129	1.07961
71	135	1.02267
71	154	0.927271
71	156	0.957855
71	157	1.01452
71	165	1.01326
71	166	1.08803
71	176	1.06414
72	16	1.08848
72	41	1.10624
72	43	1.0418
72	56	0.995028
72	62	0.938775
72	114	1.02719
72	119	0.889198
72	122	0.938981
72	128	0.926389
72	145	0.97804
72	151	0.86054
72	162	0.934555
72	171	0.980738
72	176	1.02545
72	177	1.04096
72	178	1.0063
72	180	1.01488
73	9	0.94837
73	14	0.825487
73	50	0.927541
73	54	0.92849
73	77	1.28935
73	87	1.12328
73	103	0.956767
73	112	1.16651
73	113	0.919904
73	118	0.900157
73	119	0.96971
73	122	0.950706
73	128	0.945102
73	154	1.12902
73	162	0.922613
73	163	1.20661
73	170	1.12658
74	3	1.00828
74	36	0.899271
74	71	0.97882
74	79	1.08432
74	82	1.02847
74	91	1.03286
74	93	1.04953
74	101	0.876351
74	111	0.968868
74	117	0.940171
74	123	0.969993
74	129	1.04866
74	142	1.13833
74	150	1.11376
74	154	1.01226
74	165	1.09825
74	169	1.03356
74	170	1.00982
75	6	1.01584
75	38	1.04802
75	53	0.970756
75	66	0.910486
75	67	1.00968
75	100	0.964152
75	102	1.0102
75	126	0.950183
75	131	0.961636
75	138	0.981664
75	142	1.06081
75	153	1.06043
75	158	1.02353
75	163	0.983733
75	165	1.02072
75	171	1.17013
75	177	1.0353
75	178	1.11703
76	47	1.0165
76	91	0.937444
76	102	0.945243
76	105	1.09216
76	108	1.00614
76	130	0.968411
76	138	0.985249
76	158	1.01318
76	159	0.941228
76	167	0.967245
76	168	0.990713
76	172	0.992248
76	174	1.00857
76	175	0.963388
76	176	0.981484
76	177	0.996996
76	179	0.970975
76	180	0.970914
77	55	1.08047
77	73	1.28935
77	116	1.04587
77	132	1.07538
77	138	1.06982
77	162	1.07499
77	164	0.953256
77	165	0.947269
77	171	0.874648
77	173	1.00014
77	174	0.946441
77	175	0.901262
77	176	0.919358
77	177	0.93487
77	178	0.900212
77	179	0.908849
77	180	0.908788
78	5	1.0275
78	7	1.01947
78	19	0.866098
78	20	1.03941
78	22	0.998277
78	33	0.902409
78	48	0.98356
78	68	0.99312
78	81	0.927807
78	112	1.04966
78	128	1.00434
78	139	1.07011
78	154	1.01217
78	155	1.05075
78	164	1.07416
78	170	1.03838
78	172	1.1167
78	177	1.11273
79	20	0.93246
79	30	1.04434
79	74	1.08432
79	95	1.00496
79	102	0.941546
79	133	1.03632
79	153	0.979137
79	159	0.936597
79	161	1.01903
79	162	0.986726
79	165	1.00476
79	166	0.966004
79	172	0.987617
79	174	1.00394
79	176	0.976853
79	177	0.992365
79	179	0.966344
79	180	0.966283
80	25	0.841807
80	27	0.985974
80	55	0.979976
80	58	1.0447
80	64	1.02695
80	86	0.924672
80	89	0.979732
80	90	0.96664
80	136	0.987748
80	141	1.02065
80	151	1.03589
80	153	1.08141
80	157	1.04297
80	160	1.02578
80	166	1.11648
80	172	1.06025
80	177	1.05629
80	180	1.11219
81	5	0.985531
81	7	0.977499
81	19	0.82413
81	20	0.997439
81	33	0.860441
81	40	0.999265
81	48	0.941592
81	65	1.01767
81	68	0.951152
81	78	0.927807
81	116	0.977855
81	124	1.17151
81	128	0.962371
81	158	1.10057
81	167	1.1794
81	169	1.03308
81	170	0.99641
81	171	1.24717
81	174	1.09712
82	26	1.01228
82	36	0.97986
82	49	1.04978
82	59	0.999885
82	71	1.05941
82	74	1.02847
82	91	1.11345
82	111	1.04946
82	114	1.03594
82	117	1.02076
82	123	1.05058
82	154	0.911617
82	163	0.989199
82	165	0.997605
82	169	0.932918
82	173	0.911429
82	175	1.07904
82	177	1.01218
82	178	1.09392
83	3	1.04544
83	21	0.895999
83	23	1.12859
83	26	0.968854
83	46	1.00758
83	49	1.00635
83	71	1.01598
83	91	1.07002
83	93	1.08669
83	104	1.12555
83	117	0.977331
83	123	1.00715
83	129	1.08582
83	144	0.962743
83	145	1.07147
83	148	0.980535
83	161	0.898419
83	165	0.935154
83	167	1.01678
84	4	0.974641
84	49	1.11602
84	92	1.04509
84	97	0.999755
84	100	1.0922
84	114	1.12981
84	157	0.976797
84	159	0.909426
84	160	1.04004
84	166	0.938833
84	169	1.00535
84	171	0.904971
84	172	0.960445
84	174	0.976765
84	176	0.949682
84	177	0.965194
84	178	0.930535
84	179	0.939172
84	180	0.939111
85	10	0.984003
85	88	0.95739
85	96	0.93235
85	106	1.17694
85	112	1.07392
85	120	1.13582
85	124	1.19616
85	125	0.949624
85	130	0.960399
85	131	0.932371
85	132	0.934427
85	133	0.918515
85	137	0.946655
85	143	0.955925
85	149	0.953935
85	160	0.977603
85	165	1.12241
85	172	1.14096
85	173	1.03624
86	4	1.03791
86	25	0.782841
86	27	0.927008
86	29	1.0719
86	58	0.985731
86	64	0.967982
86	80	0.924672
86	89	0.920766
86	90	0.907674
86	120	1.11841
86	124	1.17874
86	136	0.928781
86	151	0.976922
86	155	1.0576
86	156	1.0496
86	160	0.966817
86	163	1.09659
86	168	1.12946
86	171	1.25441
87	25	1.27692
87	43	0.900807
87	64	0.928664
87	73	1.12328
87	91	0.855941
87	107	0.941361
87	109	0.918288
87	128	0.900754
87	132	0.909303
87	146	1.02131
87	154	1.05628
87	166	0.985696
87	168	1.00577
87	169	1.05222
87	171	0.951835
87	172	1.00731
87	174	1.02363
87	177	1.01206
87	178	0.977399
87	180	0.985975
88	37	0.940728
88	41	0.942805
88	65	0.920827
88	85	0.95739
88	96	1.00246
88	125	1.01974
88	127	1.02432
88	132	1.00454
88	133	0.988628
88	137	1.01677
88	140	1.15366
88	143	1.02604
88	147	1.02877
88	148	1.04631
88	149	1.02405
88	160	1.04772
88	165	1.00093
88	166	1.0757
88	171	1.15033
88	173	0.914752
89	4	1.09297
89	25	0.837902
89	29	1.12696
89	55	0.97607
89	58	1.04079
89	64	1.02304
89	80	0.979732
89	86	0.920766
89	90	0.962735
89	136	0.983842
89	140	1.14616
89	141	0.972369
89	142	1.03352
89	146	1.02058
89	151	1.03198
89	155	0.94603
89	159	1.14566
89	160	1.02188
89	172	1.01198
89	179	1.05324
90	4	1.07987
90	27	0.968977
90	29	1.11387
90	55	0.962979
90	58	1.0277
90	64	1.00995
90	80	0.96664
90	86	0.907674
90	89	0.962735
90	104	1.21397
90	136	0.97075
90	151	1.01889
90	157	1.02483
90	160	1.00879
90	164	0.999578
90	165	1.02357
90	168	1.04803
90	172	1.04211
90	173	0.937396
90	177	1.03815
91	26	1.01668
91	46	1.05541
91	59	1.00428
91	71	1.06381
91	74	1.03286
91	76	0.937444
91	82	1.11345
91	83	1.07002
91	87	0.855941
91	101	0.961339
91	104	1.13807
91	111	1.05386
91	114	1.04034
91	123	1.05498
91	129	1.13365
91	146	0.974822
91	152	0.966058
91	161	0.910942
91	164	0.923683
91	169	0.88299
91	171	1.09708
92	9	1.06404
92	45	1.03917
92	50	1.04321
92	62	1.05178
92	84	1.04509
92	98	1.02232
92	103	1.07244
92	113	1.03557
92	118	1.01583
92	119	1.08538
92	122	1.06637
92	128	1.06077
92	139	0.926284
92	146	0.981476
92	156	0.898927
92	157	0.955588
92	162	1.03828
92	173	0.868155
92	175	1.03577
92	177	0.968909
92	178	1.05064
93	36	1.00092
93	46	1.07207
93	49	1.07085
93	59	1.02095
93	71	1.08047
93	74	1.04953
93	83	1.08669
93	101	0.978005
93	111	1.07052
93	114	1.05701
93	117	1.04182
93	123	1.07165
93	145	1.08975
93	150	0.968945
93	153	0.993136
93	157	0.954691
93	158	0.956237
93	161	0.916698
93	172	0.971975
93	174	0.952783
93	177	0.968011
94	21	0.978424
94	34	0.899287
94	60	0.985164
94	61	0.984098
94	70	0.975979
94	95	0.947816
94	99	0.975114
94	107	0.965499
94	108	0.9607
94	115	1.00971
94	121	0.947822
94	126	1.04621
94	134	1.10911
94	136	0.962839
94	145	1.15389
94	162	0.963873
94	171	1.16698
94	173	1.02736
94	176	1.06846
94	179	1.07738
94	180	1.08806
95	34	0.913283
95	60	0.999159
95	70	0.989974
95	79	1.00496
95	94	0.947816
95	99	0.98911
95	107	0.979494
95	108	0.974696
95	110	0.97314
95	115	1.0237
95	121	0.961818
95	129	1.05563
95	136	0.976835
95	139	0.990844
95	142	1.05898
95	145	1.1552
95	152	1.03727
95	162	0.977869
95	166	1.09366
95	168	1.04335
95	173	1.04136
95	177	1.03347
95	178	1.1152
96	28	0.953841
96	41	0.917764
96	47	0.992925
96	51	0.991591
96	65	0.911594
96	85	0.93235
96	88	1.00246
96	97	1.05304
96	101	1.19348
96	109	1.23108
96	125	0.994696
96	132	0.979499
96	133	0.963587
96	137	0.991727
96	143	1.001
96	147	1.00373
96	159	1.14392
96	160	1.02268
96	172	1.01024
96	173	0.905519
96	176	1.04257
96	177	1.00627
96	178	1.08801
97	28	1.02946
97	44	1.05179
97	52	1.05267
97	84	0.999755
97	96	1.05304
97	101	1.11078
97	106	0.963519
97	112	0.860495
97	116	1.09927
97	125	1.07032
97	130	1.08109
97	131	1.05307
97	132	1.05512
97	133	1.03921
97	137	1.06735
97	143	1.07662
97	148	0.954374
97	149	1.07463
97	155	0.861589
97	161	0.872258
97	176	0.959873
97	178	1.0053
97	180	0.979472
98	11	1.21321
98	12	1.00217
98	14	0.880842
98	45	0.978856
98	50	0.982897
98	54	0.983846
98	62	0.991468
98	92	1.02232
98	103	1.01212
98	113	0.975259
98	118	0.955512
98	119	1.02506
98	122	1.00606
98	128	1.00046
98	135	1.03046
98	150	1.03656
98	161	0.984313
98	162	0.977968
98	170	0.932616
98	174	1.0204
98	175	1.10249
98	178	1.11736
98	180	1.09153
99	62	1.01867
99	94	0.975114
99	95	0.98911
99	110	1.00044
99	113	1.00246
99	115	1.051
99	118	0.982711
99	119	1.05226
99	121	0.989116
99	122	1.03326
99	126	1.01839
99	128	1.02766
99	134	1.08129
99	142	1.02984
99	145	1.12607
99	153	1.02946
99	158	0.992561
99	162	1.00517
99	170	0.901325
99	173	1.06866
99	174	0.989107
99	177	1.00434
100	1	0.874928
100	6	1.03418
100	15	0.881165
100	35	1.05916
100	38	1.06636
100	53	0.9891
100	66	0.928829
100	67	1.02802
100	75	0.964152
100	84	1.0922
100	102	1.02855
100	104	1.19183
100	106	1.05596
100	126	0.968527
100	131	0.97998
100	138	1.00001
100	152	1.01982
100	155	0.954032
100	158	1.00424
100	163	1.00208
100	166	1.07621
100	179	1.06124
100	180	1.07192
101	3	0.936752
101	5	1.1779
101	18	1.13656
101	49	0.897668
101	74	0.876351
101	91	0.961339
101	93	0.978005
101	96	1.19348
101	97	1.11078
101	104	0.821984
101	111	0.897343
101	113	1.21104
101	123	0.898467
101	132	1.20283
101	133	1.25204
101	158	0.91378
101	160	1.15106
101	166	0.871235
101	172	0.892848
101	173	0.962864
101	175	0.863988
101	176	0.882084
101	179	0.871575
101	180	0.871514
102	1	0.920979
102	6	1.08023
102	15	0.927215
102	35	1.10521
102	38	1.11241
102	53	1.03515
102	66	0.97488
102	67	1.07408
102	75	1.0102
102	76	0.945243
102	79	0.941546
102	100	1.02855
102	126	1.01458
102	131	1.02603
102	138	1.04606
102	153	0.995179
102	159	1.1077
102	163	1.04813
102	165	0.955476
102	166	1.03025
102	168	0.979937
102	174	0.954826
102	176	1.00636
102	179	1.01528
103	9	1.05384
103	12	1.05228
103	14	0.930954
103	32	0.910598
103	54	1.03396
103	62	1.04158
103	73	0.956767
103	92	1.07244
103	98	1.01212
103	113	1.02537
103	118	1.00562
103	119	1.07518
103	122	1.05617
103	128	1.05057
103	157	0.981236
103	161	0.943244
103	162	1.02808
103	164	0.955985
103	166	1.05475
103	167	1.06161
103	172	0.99852
103	176	1.03086
103	177	0.994557
103	179	1.03978
104	48	1.1526
104	56	1.26541
104	83	1.12555
104	90	1.21397
104	91	1.13807
104	100	1.19183
104	101	0.821984
104	117	1.22686
104	121	1.20615
104	153	0.901526
104	159	0.858986
104	164	0.93314
104	165	0.927153
104	167	0.885003
104	169	0.954914
104	171	0.854532
104	173	0.980022
104	174	0.926325
104	175	0.881146
104	176	0.899242
104	177	0.914754
104	178	0.880096
104	179	0.888733
104	180	0.888672
105	8	1.00443
105	16	1.00425
105	18	1.01325
105	30	0.941749
105	39	0.888587
105	42	1.03401
105	56	0.910801
105	57	0.917872
105	69	0.87295
105	76	1.09216
105	135	1.1118
105	138	0.97031
105	142	1.14248
105	145	0.893813
105	147	0.97657
105	149	0.971846
105	151	1.00562
105	155	1.05499
105	156	0.995861
105	164	1.0784
105	168	1.12685
105	169	1.03771
105	174	1.10174
105	175	1.18383
106	28	1.10336
106	60	1.044
106	70	1.04717
106	85	1.17694
106	97	0.963519
106	100	1.05596
106	109	0.889635
106	119	1.00982
106	130	1.03317
106	134	0.916265
106	143	1.04164
106	146	0.992656
106	164	1.00179
106	165	0.995803
106	166	0.957043
106	168	0.977121
106	171	0.923182
106	172	0.978656
106	175	0.949796
106	176	0.967892
106	177	0.983404
106	178	0.948746
106	179	0.957383
106	180	0.957322
107	34	0.930965
107	60	1.01684
107	61	1.01578
107	63	1.00339
107	65	1.02798
107	70	1.00766
107	87	0.941361
107	94	0.965499
107	95	0.979494
107	108	0.992379
107	110	0.990823
107	115	1.04139
107	121	0.9795
107	135	1.04251
107	136	0.994517
107	146	1.06024
107	156	0.977693
107	158	1.0359
107	161	0.996362
107	162	0.995551
107	163	1.02469
107	168	1.05756
107	173	1.05904
107	178	1.12941
107	180	1.10358
108	21	0.977215
108	34	0.926167
108	60	1.01204
108	61	1.01098
108	63	0.998593
108	65	1.02319
108	76	1.00614
108	94	0.9607
108	95	0.974696
108	107	0.992379
108	110	0.986024
108	115	1.03659
108	120	1.02977
108	121	0.974702
108	129	1.06851
108	136	0.989719
108	140	1.1691
108	150	1.03188
108	155	0.968965
108	162	0.990753
108	163	1.00796
108	168	1.04083
108	170	0.927937
108	171	1.16577
108	173	1.05424
109	1	1.34491
109	38	1.09443
109	48	1.20159
109	87	0.918288
109	96	1.23108
109	106	0.889635
109	124	0.858729
109	130	1.21803
109	131	1.26092
109	136	1.24775
109	138	1.23486
109	144	0.912874
109	165	0.908996
109	166	0.870236
109	167	0.866846
109	168	0.890313
109	171	0.836375
109	172	0.891849
109	174	0.908168
109	175	0.862989
109	176	0.881085
109	177	0.896597
109	178	0.861938
109	179	0.870576
109	180	0.870515
110	34	0.924611
110	60	1.01049
110	61	1.00942
110	63	0.997037
110	70	1.0013
110	95	0.97314
110	99	1.00044
110	107	0.990823
110	108	0.986024
110	115	1.03503
110	121	0.973146
110	129	1.06696
110	136	0.988163
110	141	0.966335
110	150	1.00291
110	159	1.13963
110	162	0.989197
110	164	0.963405
110	166	1.06217
110	167	1.06903
110	168	1.01186
110	173	1.05269
110	175	1.06884
110	178	1.08371
110	179	1.0472
111	3	1.02927
111	23	1.11242
111	26	0.952685
111	36	0.920262
111	46	0.991411
111	49	0.990184
111	59	0.940287
111	74	0.968868
111	82	1.04946
111	91	1.05386
111	93	1.07052
111	101	0.897343
111	117	0.961163
111	123	0.990984
111	129	1.06965
111	134	1.07029
111	140	1.13148
111	144	1.00634
111	158	0.981556
111	159	1.13098
111	167	1.06038
111	170	0.89032
111	175	1.06019
111	176	1.02963
111	180	1.04923
112	16	0.919699
112	50	0.963283
112	60	0.940978
112	73	1.16651
112	78	1.04966
112	85	1.07392
112	97	0.860495
112	117	0.987964
112	125	0.968876
112	134	0.947156
112	140	0.942588
112	149	0.947631
112	157	1.0259
112	159	0.958528
112	164	1.03268
112	166	0.987934
112	169	1.05446
112	170	1.0726
112	174	1.02587
112	175	0.980687
112	176	0.998784
112	177	1.0143
112	178	0.979637
112	179	0.988274
112	180	0.988213
113	12	1.01542
113	45	0.992105
113	50	0.996145
113	54	0.997094
113	62	1.00472
113	73	0.919904
113	92	1.03557
113	98	0.975259
113	99	1.00246
113	101	1.21104
113	103	1.02537
113	118	0.96876
113	119	1.03831
113	122	1.01931
113	126	1.03788
113	128	1.01371
113	150	1.02476
113	152	1.02763
113	162	0.991217
113	163	1.00084
113	164	0.985254
113	170	0.920816
113	171	1.15865
113	173	0.923072
113	180	1.07973
114	13	1.02574
114	23	1.09891
114	26	0.939173
114	42	1.05388
114	43	0.977442
114	46	0.977898
114	57	0.937739
114	65	0.958948
114	72	1.02719
114	82	1.03594
114	84	1.12981
114	91	1.04034
114	93	1.05701
114	117	0.94765
114	120	1.05245
114	123	0.977471
114	138	0.990177
114	142	1.07914
114	145	0.91368
114	154	0.953061
114	164	1.01506
114	172	1.05759
114	173	0.952874
114	174	1.0384
114	176	1.08993
115	34	0.975176
115	60	1.06105
115	61	1.05999
115	63	1.0476
115	70	1.05187
115	94	1.00971
115	95	1.0237
115	99	1.051
115	107	1.04139
115	108	1.03659
115	110	1.03503
115	121	1.02371
115	136	1.03873
115	141	0.938833
115	142	0.999983
115	150	0.975409
115	156	0.904493
115	158	0.962701
115	162	1.03976
115	164	0.935903
115	166	1.03467
115	173	1.10325
115	175	1.04134
115	176	1.01078
115	179	1.0197
115	180	1.03038
116	20	1.08946
116	22	1.04833
116	33	0.952458
116	48	1.03361
116	68	1.04317
116	77	1.04587
116	81	0.977855
116	97	1.09927
116	125	1.04092
116	128	1.05439
116	130	1.0517
116	132	1.02572
116	133	1.00981
116	135	0.980944
116	137	1.03795
116	139	0.943488
116	143	1.04722
116	146	0.99868
116	156	0.916131
116	158	0.97434
116	161	0.934801
116	169	0.906849
116	170	1.08843
116	172	0.990077
116	175	1.05297
116	178	1.06785
117	3	1.00057
117	23	1.08372
117	24	1.06265
117	26	0.923988
117	36	0.891565
117	46	0.962714
117	49	0.961487
117	59	0.91159
117	71	0.971114
117	74	0.940171
117	82	1.02076
117	83	0.977331
117	93	1.04182
117	104	1.22686
117	111	0.961163
117	112	0.987964
117	114	0.94765
117	120	1.04987
117	123	0.962287
117	127	1.05986
117	129	1.04096
117	140	1.18919
117	144	1.06405
117	155	0.989058
117	161	0.999727
117	172	1.055
118	9	0.997226
118	12	0.995669
118	14	0.874343
118	45	0.972357
118	50	0.976398
118	54	0.977347
118	62	0.984969
118	73	0.900157
118	92	1.01583
118	98	0.955512
118	99	0.982711
118	103	1.00562
118	113	0.96876
118	119	1.01857
118	122	0.999562
118	141	1.02867
118	150	1.06524
118	162	0.971469
118	167	1.13136
118	172	1.06827
118	173	0.963555
118	174	1.04908
118	175	1.13117
118	178	1.14604
118	179	1.10954
118	180	1.12021
119	9	1.06678
119	12	1.06522
119	14	0.943896
119	24	0.981485
119	50	1.04595
119	54	1.0469
119	62	1.05452
119	72	0.889198
119	73	0.96971
119	92	1.08538
119	98	1.02506
119	99	1.05226
119	103	1.07518
119	106	1.00982
119	113	1.03831
119	118	1.01857
119	122	1.06911
119	140	1.10803
119	144	0.982888
119	152	0.973679
119	156	0.899894
119	161	0.918563
119	162	1.04102
119	168	0.97976
119	177	0.969876
119	179	1.0151
120	31	0.990842
120	37	1.17225
120	41	1.18574
120	70	1.00605
120	85	1.13582
120	86	1.11841
120	108	1.02977
120	114	1.05245
120	117	1.04987
120	122	1.01849
120	140	0.893187
120	155	0.997404
120	161	0.991556
120	164	0.983281
120	165	0.977294
120	166	0.938534
120	167	0.935144
120	168	0.958611
120	169	1.00505
120	171	0.904673
120	172	0.960146
120	175	0.931287
120	176	0.949383
120	177	0.964895
120	178	0.930236
120	179	0.938874
120	180	0.938812
121	34	0.913289
121	60	0.999165
121	61	0.9981
121	63	0.985715
121	65	1.01031
121	70	0.98998
121	94	0.947822
121	95	0.961818
121	99	0.989116
121	104	1.20615
121	107	0.9795
121	108	0.974702
121	110	0.973146
121	115	1.02371
121	129	1.05564
121	136	0.976841
121	141	0.994691
121	144	1.04335
121	148	1.06114
121	150	1.03127
121	152	1.03414
121	154	0.929767
121	158	1.01856
121	162	0.977875
121	171	1.16516
121	173	1.04136
121	175	1.09719
121	177	1.03033
122	9	1.04778
122	12	1.04622
122	14	0.924893
122	45	1.02291
122	50	1.02695
122	54	1.0279
122	62	1.03552
122	72	0.938981
122	73	0.950706
122	92	1.06637
122	98	1.00606
122	99	1.03326
122	103	1.05617
122	113	1.01931
122	118	0.999562
122	119	1.06911
122	120	1.01849
122	128	1.04451
122	144	1.03267
122	146	1.03223
122	155	0.957678
122	161	0.968347
122	162	1.02202
122	163	0.996675
122	165	1.00508
122	173	0.918906
122	176	1.05596
122	177	1.01966
122	179	1.06489
123	3	1.03039
123	23	1.11354
123	26	0.95381
123	36	0.921387
123	46	0.992535
123	49	0.991309
123	59	0.941411
123	71	1.00094
123	74	0.969993
123	82	1.05058
123	83	1.00715
123	91	1.05498
123	93	1.07165
123	101	0.898467
123	111	0.990984
123	114	0.977471
123	117	0.962287
123	126	1.05119
123	129	1.07078
123	154	0.936577
123	156	0.967161
123	164	0.998571
123	167	1.10419
123	168	1.04703
123	169	0.957878
123	171	1.17197
123	172	1.04111
123	174	1.02192
123	175	1.104
123	180	1.09304
124	5	1.04986
124	10	1.08244
124	29	0.986081
124	51	1.10226
124	61	1.02595
124	67	1.06851
124	81	1.17151
124	85	1.19616
124	86	1.17874
124	109	0.858729
124	135	0.944315
124	139	0.965622
124	141	0.9821
124	147	1.05531
124	148	0.94587
124	151	1.00038
124	155	0.985007
124	158	0.968682
124	159	0.89673
124	161	0.979159
124	164	0.970884
124	167	0.922747
124	169	0.992658
124	170	1.01081
124	171	0.892276
124	174	0.964069
124	177	0.952498
124	178	0.91784
124	179	0.926477
124	180	0.926416
125	28	0.971115
125	37	0.932961
125	41	0.935039
125	51	1.00887
125	52	0.994324
125	85	0.949624
125	88	1.01974
125	96	0.994696
125	97	1.07032
125	112	0.968876
125	116	1.04092
125	130	1.02275
125	131	0.994717
125	132	0.996773
125	133	0.980861
125	137	1.009
125	143	1.01827
125	144	1.04496
125	147	1.021
125	152	1.03575
125	160	1.03995
125	163	1.00897
125	165	1.01737
125	167	1.099
125	170	0.928942
125	172	1.03592
125	175	1.09881
125	176	1.06825
125	177	1.03195
125	178	1.11368
126	4	0.912508
126	28	1.07746
126	29	0.940965
126	35	1.04519
126	38	1.05239
126	44	1.04303
126	66	0.914861
126	67	1.01406
126	75	0.950183
126	94	1.04621
126	99	1.01839
126	100	0.968527
126	102	1.01458
126	113	1.03788
126	123	1.05119
126	137	1.03608
126	138	0.98604
126	143	1.01574
126	146	0.981715
126	149	1.02476
126	155	1.00497
126	158	0.988646
126	162	1.02928
126	163	0.988108
126	167	0.942711
126	168	0.966179
126	172	0.967714
126	174	0.984033
126	175	0.938855
126	179	0.946441
126	180	0.94638
127	33	1.17044
127	39	1.17242
127	44	1.03779
127	47	1.05013
127	61	0.975602
127	88	1.02432
127	117	1.05986
127	128	1.01588
127	136	1.03176
127	138	1.01888
127	140	0.898594
127	141	0.999903
127	143	1.01051
127	154	1.01452
127	159	0.914534
127	161	0.996962
127	162	1.02405
127	164	0.988687
127	165	0.9827
127	166	0.94394
127	167	0.94055
127	168	0.964018
127	169	1.01046
127	171	0.910079
127	172	0.965553
127	174	0.981872
127	175	0.936693
127	176	0.95479
127	177	0.970301
127	178	0.935643
127	179	0.94428
127	180	0.944219
128	5	1.06206
128	14	0.919288
128	19	0.900662
128	22	1.03284
128	33	0.936973
128	40	1.0758
128	48	1.01812
128	72	0.926389
128	73	0.945102
128	78	1.00434
128	81	0.962371
128	87	0.900754
128	92	1.06077
128	98	1.00046
128	99	1.02766
128	103	1.05057
128	113	1.01371
128	116	1.05439
128	122	1.04451
128	127	1.01588
128	135	1.0019
128	148	1.03787
128	157	0.993747
128	162	1.01641
128	164	0.968496
128	170	1.07294
128	171	1.14189
128	174	0.99184
128	175	1.07393
128	176	1.04337
128	179	1.05229
128	180	1.06297
129	21	0.918901
129	26	1.03248
129	32	0.888674
129	36	1.00006
129	59	1.02008
129	63	1.07953
129	70	1.08379
129	71	1.07961
129	74	1.04866
129	83	1.08582
129	91	1.13365
129	95	1.05563
129	108	1.06851
129	110	1.06696
129	111	1.06965
129	117	1.04096
129	121	1.05564
129	123	1.07078
129	135	0.967463
129	141	0.93699
129	148	1.00344
129	150	0.973567
129	155	0.910651
129	157	0.959312
129	162	1.07169
129	163	0.949648
129	170	0.869623
129	172	0.976596
129	173	1.13518
129	174	0.957405
129	176	1.00894
129	177	0.972633
130	28	0.981891
130	37	0.943737
130	41	0.945814
130	44	1.00421
130	47	1.02097
130	51	1.01964
130	52	1.0051
130	76	0.968411
130	85	0.960399
130	97	1.08109
130	106	1.03317
130	109	1.21803
130	116	1.0517
130	125	1.02275
130	131	1.00549
130	132	1.00755
130	133	0.991636
130	137	1.01978
130	143	1.02905
130	144	1.00623
130	147	1.03178
130	149	1.02706
130	155	0.93124
130	160	1.05072
130	163	0.970237
130	164	0.954649
130	167	1.06027
130	170	0.890212
130	171	1.12805
130	172	0.997185
130	174	0.977993
130	178	1.07495
131	15	0.878649
131	35	1.05664
131	38	1.06385
131	53	0.986584
131	66	0.926314
131	75	0.961636
131	85	0.932371
131	97	1.05307
131	100	0.97998
131	102	1.02603
131	109	1.26092
131	125	0.994717
131	130	1.00549
131	132	0.97952
131	133	0.963608
131	137	0.991748
131	138	0.997492
131	143	1.00102
131	146	1.04868
131	147	1.00375
131	149	0.999028
131	156	0.966131
131	163	0.99956
131	166	1.0963
131	167	1.10316
131	168	1.046
131	169	0.956849
131	170	0.933104
131	173	0.93536
131	175	1.10297
131	177	1.03611
131	178	1.11785
131	180	1.09201
132	10	1.03115
132	37	0.917765
132	41	0.919842
132	44	0.978243
132	47	0.995003
132	52	0.979128
132	77	1.07538
132	85	0.934427
132	87	0.909303
132	88	1.00454
132	96	0.979499
132	97	1.05512
132	101	1.20283
132	116	1.02572
132	125	0.996773
132	130	1.00755
132	131	0.97952
132	133	0.965665
132	134	1.09257
132	137	0.993805
132	140	1.15377
132	143	1.00307
132	147	1.00581
132	148	1.04642
132	149	1.00108
132	154	0.91505
132	159	1.15327
132	160	1.02475
132	163	0.992632
132	165	1.00104
132	167	1.08267
132	170	0.912607
132	180	1.07152
133	28	0.940007
133	37	0.901853
133	41	0.90393
133	44	0.96233
133	47	0.979091
133	51	0.977757
133	52	0.963216
133	79	1.03632
133	85	0.918515
133	88	0.988628
133	96	0.963587
133	97	1.03921
133	101	1.25204
133	116	1.00981
133	125	0.980861
133	130	0.991636
133	131	0.963608
133	132	0.965665
133	137	0.977892
133	143	0.987162
133	145	1.18656
133	147	0.989896
133	149	0.985172
133	152	1.06863
133	155	1.00285
133	158	1.05305
133	160	1.00884
133	164	1.02625
133	165	1.05025
133	167	1.13188
133	169	0.985562
133	174	1.0496
133	176	1.10113
133	179	1.11005
134	1	1.19706
134	19	1.31483
134	43	1.08408
134	46	1.09804
134	56	1.16655
134	57	1.19538
134	68	1.06241
134	94	1.10911
134	99	1.08129
134	106	0.916265
134	111	1.07029
134	112	0.947156
134	132	1.09257
134	138	1.08702
134	144	0.939504
134	146	0.932479
134	148	0.916599
134	154	0.96745
134	155	0.955736
134	158	0.939411
134	163	0.938872
134	164	0.941613
134	165	0.935626
134	168	0.916943
134	169	0.963387
134	171	0.863005
134	173	0.988495
134	174	0.934798
134	175	0.889619
134	176	0.907715
134	177	0.923227
134	178	0.888568
134	179	0.897206
134	180	0.897145
135	33	1.15645
135	41	1.18175
135	50	1.02119
135	67	1.00418
135	71	1.02267
135	98	1.03046
135	105	1.1118
135	107	1.04251
135	116	0.980944
135	124	0.944315
135	128	1.0019
135	129	0.967463
135	141	1.01178
135	142	0.963814
135	144	0.998461
135	147	0.990973
135	148	0.975555
135	149	1.00554
135	150	0.98331
135	152	0.975906
135	156	1.02131
135	157	0.993786
135	166	0.955822
135	167	0.952432
135	168	0.9759
135	171	0.921961
135	172	0.977435
135	174	0.993754
135	175	0.948575
135	176	0.966671
135	177	0.982183
135	178	0.947525
135	179	0.956162
135	180	0.956101
136	4	1.10098
136	25	0.845917
136	29	1.13498
136	55	0.984086
136	61	1.01312
136	63	1.00073
136	80	0.987748
136	86	0.928781
136	89	0.983842
136	90	0.97075
136	94	0.962839
136	95	0.976835
136	107	0.994517
136	108	0.989719
136	109	1.24775
136	110	0.988163
136	115	1.03873
136	121	0.976841
136	127	1.03176
136	139	0.980324
136	151	1.04
136	155	0.960968
136	156	0.952967
136	160	1.02989
136	162	0.992891
136	163	0.999965
136	167	1.09
136	170	0.91994
136	172	1.02691
136	173	1.05638
136	174	1.00772
136	175	1.08981
136	176	1.05925
136	177	1.02295
136	178	1.10468
137	10	1.04338
137	11	1.19961
137	28	0.968147
137	37	0.929993
137	41	0.93207
137	44	0.99047
137	47	1.00723
137	52	0.991356
137	85	0.946655
137	88	1.01677
137	96	0.991727
137	97	1.06735
137	116	1.03795
137	125	1.009
137	126	1.03608
137	130	1.01978
137	131	0.991748
137	132	0.993805
137	133	0.977892
137	139	0.979408
