1	3	0.807553
1	5	0.804926
1	12	0.805709
1	19	0.895458
1	20	0.879172
1	22	0.785565
1	24	0.872706
1	35	0.855651
1	124	1.94719
1	129	0.851373
1	130	0.876136
1	173	3.77671
2	30	0.974101
2	33	0.951009
2	36	0.950715
2	39	0.952246
2	40	0.951992
2	50	0.930576
2	51	0.930558
2	104	1.27815
2	127	0.927678
2	147	3.20161
2	151	1.8913
2	156	0.84819
3	1	0.807553
3	5	0.806954
3	12	0.807737
3	20	0.881201
3	22	0.787593
3	24	0.874734
3	35	0.857679
3	96	0.861544
3	129	0.853401
3	130	0.878164
3	140	6.16676
3	151	2.3874
4	63	0.877934
4	68	0.857402
4	75	0.844145
4	90	0.809636
4	93	0.804906
4	97	2.41458
4	98	0.844929
4	99	3.07427
4	101	0.854255
4	106	0.865931
4	108	0.821034
4	114	0.854556
5	1	0.804926
5	3	0.806954
5	12	0.80511
5	19	0.894858
5	20	0.878573
5	22	0.784965
5	35	0.855052
5	96	0.858917
5	129	0.850774
5	130	0.875537
5	140	4.03324
5	166	3.7448
6	63	0.874199
6	75	0.84041
6	85	0.872805
6	87	0.810663
6	90	0.805901
6	101	0.85052
6	106	0.862196
6	114	0.85082
6	118	0.844404
6	131	0.823408
6	133	1.91465
6	160	3.69642
7	13	0.79494
7	26	0.781803
7	28	0.86687
7	37	0.860576
7	38	0.840536
7	45	0.828004
7	47	0.828242
7	55	0.987588
7	127	0.831207
7	151	0.818721
7	158	2.83939
7	169	3.78076
8	10	0.911397
8	25	0.981119
8	54	0.934467
8	56	0.934058
8	57	0.933796
8	58	0.933661
8	59	0.93362
8	95	0.924339
8	105	1.65647
8	108	0.935889
8	139	1.16382
8	176	4.28314
9	23	0.900035
9	29	0.896034
9	32	0.862088
9	34	0.776734
9	43	0.840174
9	46	0.840128
9	48	0.84019
9	49	0.840309
9	70	2.97063
9	131	0.844058
9	138	2.59668
9	170	0.782727
10	8	0.911397
10	25	0.873399
10	31	0.865044
10	54	0.826747
10	56	0.826339
10	57	0.826077
10	58	0.825941
10	59	0.8259
10	95	0.81662
10	108	0.828169
10	110	3.64814
10	154	2.24128
11	17	0.798377
11	30	0.886578
11	33	0.863486
11	36	0.863192
11	39	0.864723
11	40	0.864468
11	50	0.843053
11	51	0.843035
11	124	1.93932
11	127	0.840154
11	156	0.760667
11	170	3.57346
12	1	0.805709
12	3	0.807737
12	5	0.80511
12	20	0.879356
12	22	0.785748
12	24	0.87289
12	35	0.855835
12	96	0.8597
12	111	2.50442
12	129	0.851557
12	130	0.87632
12	152	3.07907
13	7	0.79494
13	14	0.880634
13	26	0.778485
13	37	0.857259
13	41	0.837358
13	45	0.824686
13	47	0.824924
13	55	0.98427
13	127	0.827889
13	151	0.815403
13	153	2.19369
13	167	3.66573
14	13	0.880634
14	37	0.94627
14	38	0.92623
14	41	0.926369
14	45	0.913698
14	47	0.913936
14	55	1.07328
14	120	1.63786
14	123	1.61356
14	127	0.916901
14	151	0.904415
14	174	4.67292
15	25	0.956086
15	31	0.947731
15	54	0.909434
15	56	0.909025
15	57	0.908763
15	58	0.908628
15	59	0.908587
15	69	0.890198
15	95	0.899306
15	99	0.892338
15	129	1.94531
15	144	3.16405
15	149	1.87995
16	21	0.888621
16	52	0.827184
16	60	0.812286
16	64	0.813045
16	67	0.811915
16	79	0.841978
16	80	0.841628
16	86	0.887974
16	107	2.44531
16	119	0.861408
16	128	2.8479
16	144	0.799456
16	179	0.753708
17	11	0.798377
17	30	0.868802
17	33	0.84571
17	36	0.845416
17	39	0.846947
17	40	0.846693
17	50	0.825277
17	51	0.825259
17	88	0.856377
17	113	2.8498
17	121	3.66667
17	127	0.822378
17	156	0.742891
18	32	1.03947
18	34	0.954116
18	43	1.01756
18	46	1.01751
18	48	1.01757
18	49	1.01769
18	104	1.06016
18	111	1.62979
18	131	1.02144
18	150	1.24001
18	153	2.3919
18	170	0.960109
18	173	2.90854
19	1	0.895458
19	5	0.894858
19	20	0.969105
19	22	0.875497
19	24	0.962638
19	35	0.945583
19	96	0.949449
19	115	1.65494
19	129	0.941305
19	130	0.966068
19	162	1.91071
19	178	4.22981
20	1	0.879172
20	3	0.881201
20	5	0.878573
20	12	0.879356
20	19	0.969105
20	22	0.859212
20	24	0.946353
20	35	0.929298
20	121	2.41457
20	129	0.92502
20	130	0.949783
20	137	1.91284
20	169	4.83415
21	16	0.888621
21	52	0.923324
21	60	0.908426
21	64	0.909185
21	67	0.908055
21	79	0.938118
21	80	0.937769
21	86	0.984114
21	109	2.30347
21	129	2.20404
21	139	2.49775
21	144	0.895596
21	179	0.849848
22	1	0.785565
22	3	0.787593
22	5	0.784965
22	12	0.785748
22	19	0.875497
22	20	0.859212
22	24	0.852745
22	35	0.83569
22	96	0.839556
22	129	0.831412
22	130	0.856175
22	161	2.37932
22	168	3.97
23	9	0.900035
23	29	0.972834
23	32	0.938887
23	34	0.853533
23	43	0.916974
23	46	0.916928
23	48	0.91699
23	49	0.917109
23	97	1.59513
23	131	0.920858
23	170	0.859527
23	178	3.42982
23	180	3.22473
24	1	0.872706
24	3	0.874734
24	12	0.87289
24	19	0.962638
24	20	0.946353
24	22	0.852745
24	35	0.922832
24	96	0.926697
24	115	2.28118
24	116	2.7631
24	128	1.71901
24	129	0.918554
24	130	0.943317
25	8	0.981119
25	10	0.873399
25	15	0.956086
25	31	0.934766
25	54	0.896469
25	56	0.89606
25	57	0.895798
25	58	0.895663
25	59	0.895622
25	107	1.46148
25	108	0.897891
25	112	3.15413
25	133	1.64941
26	7	0.781803
26	13	0.778485
26	28	0.850415
26	37	0.844121
26	38	0.824081
26	41	0.82422
26	45	0.811549
26	47	0.811787
26	55	0.971133
26	127	0.814752
26	136	1.50972
26	146	4.86942
26	151	0.802266
27	52	0.921901
27	60	0.907003
27	64	0.907761
27	67	0.906631
27	79	0.936694
27	80	0.936345
27	86	0.98269
27	117	1.42614
27	123	0.901695
27	138	1.49592
27	144	0.894172
27	176	4.37463
27	179	0.848424
28	7	0.86687
28	26	0.850415
28	37	0.929189
28	38	0.909148
28	41	0.909288
28	45	0.896616
28	47	0.896854
28	55	1.0562
28	127	0.89982
28	133	1.59847
28	136	2.34244
28	145	2.86601
28	151	0.887333
29	9	0.896034
29	23	0.972834
29	34	0.849533
29	43	0.912974
29	46	0.912927
29	48	0.91299
29	49	0.913108
29	104	0.955574
29	131	0.916857
29	145	2.4797
29	150	1.98078
29	151	2.11414
29	170	0.855526
30	2	0.974101
30	11	0.886578
30	17	0.868802
30	33	0.933911
30	36	0.933617
30	50	0.913478
30	51	0.913459
30	88	0.944578
30	122	1.54667
30	127	0.910579
30	150	2.02685
30	156	0.831092
30	175	5.26234
31	10	0.865044
31	15	0.947731
31	25	0.934766
31	54	0.888114
31	56	0.887705
31	57	0.887443
31	58	0.887308
31	59	0.887267
31	69	0.868878
31	99	0.871018
31	107	1.35889
31	108	0.889536
31	111	1.87922
31	180	4.78508
32	9	0.862088
32	18	1.03947
32	23	0.938887
32	34	0.815586
32	43	0.879027
32	46	0.87898
32	48	0.879043
32	49	0.879161
32	100	2.16784
32	104	0.921627
32	131	0.88291
32	139	1.37701
32	167	3.69769
32	170	0.821579
33	2	0.951009
33	11	0.863486
33	17	0.84571
33	30	0.933911
33	36	0.910525
33	39	0.912056
33	40	0.911802
33	50	0.890386
33	51	0.890368
33	127	0.887488
33	154	1.71703
33	156	0.808
33	159	3.88466
33	180	2.5211
34	9	0.776734
34	18	0.954116
34	23	0.853533
34	29	0.849533
34	32	0.815586
34	43	0.793673
34	46	0.793626
34	48	0.793689
34	49	0.793807
34	102	2.95421
34	104	0.836273
34	131	0.797556
34	170	0.736225
34	174	4.50924
35	1	0.855651
35	3	0.857679
35	5	0.855052
35	12	0.855835
35	19	0.945583
35	20	0.929298
35	22	0.83569
35	24	0.922832
35	96	0.909642
35	107	1.13458
35	129	0.901499
35	130	0.926262
35	151	2.22448
35	152	3.05554
36	2	0.950715
36	11	0.863192
36	17	0.845416
36	30	0.933617
36	33	0.910525
36	39	0.911762
36	40	0.911508
36	50	0.890092
36	51	0.890074
36	116	1.91797
36	125	3.06079
36	127	0.887194
36	156	0.807706
36	161	2.36139
37	7	0.860576
37	13	0.857259
37	14	0.94627
37	26	0.844121
37	28	0.929189
37	38	0.902854
37	41	0.902994
37	45	0.890322
37	47	0.89056
37	127	0.893525
37	135	2.90252
37	144	1.77966
37	151	0.881039
37	156	3.20361
38	7	0.840536
38	14	0.92623
38	26	0.824081
38	28	0.909148
38	37	0.902854
38	41	0.882953
38	45	0.870282
38	47	0.87052
38	55	1.02987
38	127	0.873485
38	147	2.38965
38	151	0.860998
38	157	6.52795
38	178	2.36852
39	2	0.952246
39	11	0.864723
39	17	0.846947
39	33	0.912056
39	36	0.911762
39	40	0.913039
39	50	0.891623
39	51	0.891605
39	88	0.922723
39	127	0.888725
39	128	1.59459
39	149	2.09272
39	152	3.11295
39	156	0.809237
40	2	0.951992
40	11	0.864468
40	17	0.846693
40	33	0.911802
40	36	0.911508
40	39	0.913039
40	50	0.891368
40	51	0.89135
40	88	0.922468
40	127	0.88847
40	151	1.58267
40	156	0.808983
40	168	3.05507
40	180	3.82645
41	13	0.837358
41	14	0.926369
41	26	0.82422
41	28	0.909288
41	37	0.902994
41	38	0.882953
41	45	0.870421
41	47	0.870659
41	55	1.03
41	81	2.52547
41	127	0.873624
41	148	1.7169
41	151	0.861138
41	166	5.74889
42	53	0.879543
42	65	0.868321
42	66	0.860961
42	70	2.42937
42	71	0.918004
42	72	0.914755
42	73	0.901557
42	78	0.890411
42	83	0.878512
42	84	0.878711
42	91	0.922715
42	92	0.922999
42	99	1.9106
42	148	3.14725
43	9	0.840174
43	18	1.01756
43	23	0.916974
43	29	0.912974
43	32	0.879027
43	34	0.793673
43	46	0.857067
43	48	0.85713
43	49	0.857248
43	104	0.899713
43	121	2.01875
43	131	0.860997
43	132	2.01252
43	170	0.799666
43	175	4.86692
44	61	0.847207
44	65	0.854132
44	66	0.846772
44	71	0.903815
44	72	0.900566
44	73	0.887368
44	76	0.876076
44	77	6
44	78	0.876222
44	83	0.864322
44	84	0.864522
44	91	0.908526
44	92	0.90881
44	125	2.16896
44	175	2.28155
45	7	0.828004
45	13	0.824686
45	14	0.913698
45	26	0.811549
45	28	0.896616
45	37	0.890322
45	38	0.870282
45	41	0.870421
45	47	0.857988
45	55	1.01733
45	89	2.02685
45	127	0.860953
45	151	0.848466
45	164	4.12496
45	168	2.97531
46	9	0.840128
46	18	1.01751
46	23	0.916928
46	29	0.912927
46	32	0.87898
46	34	0.793626
46	43	0.857067
46	48	0.857083
46	49	0.857202
46	94	1.8643
46	100	3.00156
46	104	0.899667
46	131	0.860951
46	160	2.92064
46	170	0.79962
47	7	0.828242
47	13	0.824924
47	14	0.913936
47	26	0.811787
47	28	0.896854
47	37	0.89056
47	38	0.87052
47	41	0.870659
47	45	0.857988
47	55	1.01757
47	127	0.861191
47	138	2.06684
47	144	2.75127
47	151	0.848705
47	165	2.88495
48	9	0.84019
48	18	1.01757
48	23	0.91699
48	29	0.91299
48	32	0.879043
48	34	0.793689
48	43	0.85713
48	46	0.857083
48	49	0.857264
48	74	2.36272
48	104	0.89973
48	113	2.69681
48	131	0.861013
48	155	2.81855
48	170	0.799682
49	9	0.840309
49	18	1.01769
49	23	0.917109
49	29	0.913108
49	32	0.879161
49	34	0.793807
49	43	0.857248
49	46	0.857202
49	48	0.857264
49	81	1.47904
49	104	0.899848
49	131	0.861132
49	141	1.25481
49	170	0.799801
49	172	5.13628
50	2	0.930576
50	11	0.843053
50	17	0.825277
50	30	0.913478
50	33	0.890386
50	36	0.890092
50	39	0.891623
50	40	0.891368
50	51	0.869934
50	88	0.901053
50	127	0.867054
50	156	0.787567
50	163	4.40076
50	169	2.71058
50	179	2.4476
51	2	0.930558
51	11	0.843035
51	17	0.825259
51	30	0.913459
51	33	0.890368
51	36	0.890074
51	39	0.891605
51	40	0.89135
51	50	0.869934
51	88	0.901035
51	127	0.867036
51	136	2.04032
51	149	2.00915
51	156	0.787549
51	165	3.42692
52	16	0.827184
52	21	0.923324
52	27	0.921901
52	60	0.846989
52	64	0.847748
52	67	0.846618
52	69	0.836616
52	79	0.876681
52	80	0.876332
52	86	0.922677
52	119	0.896111
52	120	3.29577
52	144	0.834159
52	160	1.93843
52	168	3.44953
52	179	0.788411
53	42	0.879543
53	61	0.831799
53	65	0.838724
53	66	0.831364
53	71	0.888407
53	73	0.87196
53	76	0.860668
53	78	0.860814
53	83	0.848914
53	84	0.849114
53	91	0.893118
53	92	0.893402
53	96	0.881727
53	113	2.55339
53	157	6.37205
53	169	2.25217
54	8	0.934467
54	10	0.826747
54	15	0.909434
54	25	0.896469
54	31	0.888114
54	56	0.849408
54	57	0.849146
54	58	0.849011
54	59	0.84897
54	69	0.830581
54	95	0.839689
54	99	0.832721
54	105	1.81377
54	108	0.851239
54	155	2.84015
54	156	3.67012
55	7	0.987588
55	13	0.98427
55	14	1.07328
55	26	0.971133
55	28	1.0562
55	38	1.02987
55	41	1.03
55	45	1.01733
55	47	1.01757
55	102	3.64579
55	122	1.44515
55	127	1.02054
55	137	1.60051
55	142	2.13749
55	151	1.00805
55	179	4.46926
56	8	0.934058
56	10	0.826339
56	15	0.909025
56	25	0.89606
56	31	0.887705
56	54	0.849408
56	57	0.848738
56	58	0.848603
56	59	0.848562
56	69	0.830172
56	95	0.839281
56	99	0.832313
56	108	0.85083
56	128	1.38973
56	161	2.87724
56	170	3.41682
57	8	0.933796
57	10	0.826077
57	15	0.908763
57	25	0.895798
57	31	0.887443
57	54	0.849146
57	56	0.848738
57	58	0.84834
57	59	0.848299
57	69	0.82991
57	95	0.839019
57	99	0.83205
57	108	0.850568
57	142	2.82818
57	154	2.82243
57	162	2.6476
58	8	0.933661
58	10	0.825941
58	15	0.908628
58	25	0.895663
58	31	0.887308
58	54	0.849011
58	56	0.848603
58	57	0.84834
58	59	0.848164
58	69	0.829775
58	95	0.838884
58	99	0.831915
58	108	0.850433
58	129	1.07851
58	165	1.3846
58	171	5.82122
59	8	0.93362
59	10	0.8259
59	15	0.908587
59	25	0.895622
59	31	0.887267
59	54	0.84897
59	56	0.848562
59	57	0.848299
59	58	0.848164
59	69	0.829734
59	95	0.838843
59	97	1.56519
59	99	0.831874
59	108	0.850392
59	158	4.87699
59	170	2.35454
60	16	0.812286
60	21	0.908426
60	27	0.907003
60	52	0.846989
60	64	0.83285
60	67	0.83172
60	79	0.861783
60	80	0.861433
60	86	0.907779
60	97	0.863582
60	119	0.881213
60	123	0.826784
60	144	0.819261
60	145	1.77296
60	156	3.92627
60	165	2.636
60	179	0.773513
61	44	0.847207
61	53	0.831799
61	65	0.820577
61	71	0.87026
61	72	0.867011
61	73	0.853813
61	76	0.842521
61	78	0.842667
61	83	0.830768
61	84	0.830967
61	91	0.874971
61	92	0.875255
61	96	0.86358
61	116	1.9498
61	118	0.860262
61	134	3.53918
61	155	3.28192
62	68	0.871658
62	75	0.858402
62	81	1.99549
62	82	0.836705
62	85	0.890796
62	87	0.828654
62	90	0.823893
62	93	0.819162
62	98	0.859186
62	101	0.868512
62	103	0.846218
62	106	0.880188
62	108	0.83529
62	114	0.868812
62	118	0.862395
62	162	2.1786
62	176	4.41954
63	4	0.877934
63	6	0.874199
63	68	0.945929
63	82	0.910976
63	85	0.965068
63	87	0.902926
63	93	0.893433
63	98	0.933457
63	103	0.920489
63	106	0.954459
63	108	0.909561
63	109	0.901861
63	114	0.943083
63	117	2.36168
63	124	1.72662
63	141	2.6619
63	145	2.38653
64	16	0.813045
64	21	0.909185
64	27	0.907761
64	52	0.847748
64	60	0.83285
64	74	0.80947
64	79	0.862541
64	80	0.862192
64	86	0.908537
64	97	0.86434
64	119	0.881971
64	123	0.827542
64	144	0.820019
64	148	3.36307
64	150	1.72739
64	173	3.39592
64	179	0.774271
65	42	0.868321
65	44	0.854132
65	53	0.838724
65	61	0.820577
65	66	0.820142
65	71	0.877185
65	73	0.860738
65	76	0.849445
65	78	0.849592
65	83	0.837692
65	84	0.837892
65	91	0.881896
65	92	0.88218
65	95	0.828532
65	104	2.18581
65	119	2.35028
65	141	3.43989
66	42	0.860961
66	44	0.846772
66	53	0.831364
66	65	0.820142
66	71	0.869825
66	72	0.866575
66	73	0.853378
66	76	0.842085
66	78	0.842231
66	83	0.830332
66	84	0.830532
66	91	0.874536
66	92	0.87482
66	118	0.859826
66	132	4.05154
66	139	1.84363
66	162	2.72201
67	16	0.811915
67	21	0.908055
67	27	0.906631
67	52	0.846618
67	60	0.83172
67	69	0.821346
67	79	0.861411
67	80	0.861062
67	86	0.907407
67	89	2.09907
67	97	0.86321
67	119	0.880841
67	123	0.826412
67	144	0.818889
67	154	2.23496
67	177	6.80131
67	179	0.773141
68	4	0.857402
68	62	0.871658
68	63	0.945929
68	74	3.03728
68	75	0.912141
68	82	0.890443
68	85	0.944535
68	87	0.882393
68	90	0.877631
68	93	0.872901
68	98	0.912925
68	103	0.899957
68	106	0.933927
68	112	2.40696
68	114	0.922551
68	118	0.916134
68	119	1.35553
68	162	2.85247
69	15	0.890198
69	31	0.868878
69	52	0.836616
69	54	0.830581
69	56	0.830172
69	57	0.82991
69	58	0.829775
69	59	0.829734
69	67	0.821346
69	79	0.851409
69	80	0.85106
69	86	0.897405
69	99	0.813485
69	109	2.42919
69	119	0.87084
69	143	3.76192
69	149	2.26441
69	179	0.763139
70	9	2.97063
70	42	2.42937
70	105	0.875994
70	116	0.857659
70	135	0.827607
70	164	0.774022
70	165	0.80525
70	166	0.752015
70	168	0.787486
70	169	0.775953
70	171	0.753343
70	173	0.800196
70	174	0.759936
70	175	0.760498
70	176	0.769149
70	177	0.735041
70	178	0.771611
70	180	0.771027
71	42	0.918004
71	44	0.903815
71	53	0.888407
71	61	0.87026
71	65	0.877185
71	66	0.869825
71	72	0.923618
71	73	0.910421
71	76	0.899129
71	78	0.899275
71	83	0.887375
71	84	0.887575
71	91	0.931579
71	92	0.931863
71	134	2.65611
71	147	2.02026
71	160	1.58974
71	178	4.07731
72	42	0.914755
72	44	0.900566
72	61	0.867011
72	66	0.866575
72	71	0.923618
72	73	0.907171
72	76	0.895879
72	78	0.896025
72	83	0.884126
72	84	0.884326
72	91	0.92833
72	92	0.928613
72	95	0.874965
72	118	0.91362
72	120	3.46637
72	137	1.9211
72	145	1.5948
72	173	2.7644
73	42	0.901557
73	44	0.887368
73	53	0.87196
73	61	0.853813
73	65	0.860738
73	66	0.853378
73	71	0.910421
73	72	0.907171
73	76	0.882681
73	78	0.882828
73	83	0.870928
73	84	0.871128
73	89	2.47407
73	91	0.915132
73	92	0.915416
73	118	0.900422
73	125	3.47025
73	149	1.78147
73	150	1.83727
74	48	2.36272
74	64	0.80947
74	68	3.03728
74	79	0.838403
74	80	0.838054
74	86	0.884399
74	116	0.835615
74	123	0.803404
74	144	0.795881
74	154	0.798717
74	155	0.784554
74	172	0.737093
74	173	0.778152
74	175	0.738454
74	176	0.747105
74	177	0.712997
74	179	0.750133
74	180	0.748983
75	4	0.844145
75	6	0.84041
75	62	0.858402
75	68	0.912141
75	82	0.877187
75	85	0.931279
75	87	0.869137
75	93	0.859645
75	98	0.899668
75	101	0.908994
75	103	0.8867
75	106	0.92067
75	114	0.909295
75	115	1.13101
75	130	0.922816
75	131	0.881882
75	142	2.48499
75	167	3.74671
75	173	2.79131
76	44	0.876076
76	53	0.860668
76	61	0.842521
76	65	0.849445
76	66	0.842085
76	71	0.899129
76	72	0.895879
76	73	0.882681
76	78	0.871535
76	83	0.859636
76	84	0.859836
76	91	0.90384
76	92	0.904123
76	95	0.850475
76	96	0.892448
76	107	1.39973
76	118	0.88913
76	129	1.5503
76	165	2.90271
76	176	4.96332
77	44	6
77	99	0.773391
77	110	0.745466
77	146	0.733271
77	153	0.768302
77	154	0.771629
77	158	0.73117
77	159	0.71946
77	161	0.782648
77	164	0.72489
77	168	0.738354
77	169	0.726821
77	170	0.736688
77	172	0.710005
77	173	0.751064
77	175	0.711366
77	176	0.720017
77	177	0.685909
77	178	0.722479
77	180	0.721895
78	42	0.890411
78	44	0.876222
78	53	0.860814
78	61	0.842667
78	65	0.849592
78	66	0.842231
78	71	0.899275
78	72	0.896025
78	73	0.882828
78	76	0.871535
78	83	0.859782
78	84	0.859982
78	91	0.903986
78	92	0.90427
78	95	0.850622
78	96	0.892594
78	112	1.93892
78	123	2.38371
78	137	2.02804
78	167	3.82674
79	16	0.841978
79	21	0.938118
79	27	0.936694
79	52	0.876681
79	60	0.861783
79	64	0.862541
79	67	0.861411
79	69	0.851409
79	74	0.838403
79	80	0.891125
79	86	0.93747
79	97	0.893273
79	116	1.46913
79	119	0.910905
79	123	0.856475
79	144	0.848952
79	164	3.4752
79	172	4.45704
79	173	1.46981
79	179	0.803204
80	16	0.841628
80	21	0.937769
80	27	0.936345
80	52	0.876332
80	60	0.861433
80	64	0.862192
80	67	0.861062
80	69	0.85106
80	74	0.838054
80	79	0.891125
80	86	0.937121
80	97	0.892924
80	105	2.42374
80	115	1.63608
80	119	0.910555
80	123	0.856126
80	144	0.848603
80	154	2.98431
80	170	3.101
80	179	0.802855
81	41	2.52547
81	49	1.47904
81	62	1.99549
81	109	0.864969
81	112	0.86
81	125	0.839693
81	132	0.828806
81	137	0.887753
81	154	0.85239
81	158	0.81193
81	165	0.836879
81	166	0.783644
81	167	0.810099
81	168	0.819115
81	173	0.831825
81	175	0.792127
81	176	0.800778
81	177	0.76667
81	178	0.80324
81	180	0.802656
82	62	0.836705
82	63	0.910976
82	68	0.890443
82	75	0.877187
82	85	0.909581
82	87	0.84744
82	88	0.893821
82	90	0.842678
82	93	0.837947
82	98	0.877971
82	101	0.887297
82	103	0.865003
82	106	0.898973
82	111	1.78657
82	114	0.887597
82	130	0.901118
82	131	0.860185
82	135	3.74793
82	143	2.83849
82	160	2.40994
83	42	0.878512
83	44	0.864322
83	53	0.848914
83	61	0.830768
83	65	0.837692
83	66	0.830332
83	71	0.887375
83	72	0.884126
83	73	0.870928
83	76	0.859636
83	78	0.859782
83	84	0.848083
83	91	0.892086
83	92	0.89237
83	95	0.838722
83	96	0.880695
83	118	0.877377
83	126	2.61686
83	150	1.3997
83	167	3.06314
83	176	3.86177
84	42	0.878711
84	44	0.864522
84	53	0.849114
84	61	0.830967
84	65	0.837892
84	66	0.830532
84	71	0.887575
84	72	0.884326
84	73	0.871128
84	76	0.859836
84	78	0.859982
84	83	0.848083
84	91	0.892286
84	92	0.89257
84	95	0.838922
84	96	0.880895
84	105	1.60602
84	118	0.877577
84	123	1.99102
84	149	1.67229
84	171	6.6087
85	6	0.872805
85	62	0.890796
85	63	0.965068
85	68	0.944535
85	75	0.931279
85	82	0.909581
85	87	0.901531
85	88	0.947913
85	90	0.89677
85	93	0.892039
85	98	0.932063
85	103	0.919095
85	106	0.953065
85	109	0.900467
85	114	0.941689
85	131	0.914277
85	139	1.42426
85	141	2.04792
85	143	1.52707
85	169	5.02233
85	178	3.58609
86	16	0.887974
86	21	0.984114
86	27	0.98269
86	52	0.922677
86	60	0.907779
86	64	0.908537
86	67	0.907407
86	69	0.897405
86	74	0.884399
86	79	0.93747
86	80	0.937121
86	97	0.939269
86	104	1.4325
86	109	2.02127
86	119	0.9569
86	123	0.902471
86	129	1.92184
86	137	2.73752
86	144	0.894948
86	153	3.06418
86	179	0.8492
87	6	0.810663
87	62	0.828654
87	63	0.902926
87	68	0.882393
87	75	0.869137
87	82	0.84744
87	85	0.901531
87	90	0.834628
87	93	0.829897
87	98	0.869921
87	101	0.879247
87	103	0.856953
87	106	0.890923
87	108	0.846025
87	114	0.879547
87	117	2.03394
87	118	0.87313
87	122	3.20976
87	130	0.893068
87	153	2.71176
87	165	2.92183
88	17	0.856377
88	30	0.944578
88	39	0.922723
88	40	0.922468
88	50	0.901053
88	51	0.901035
88	82	0.893821
88	85	0.947913
88	90	0.881009
88	98	0.916303
88	101	0.925628
88	103	0.903335
88	104	1.02035
88	108	0.892407
88	114	0.925929
88	127	0.898154
88	130	0.93945
88	139	1.89353
88	142	1.87259
88	156	0.818667
88	179	5.18438
88	180	3.80602
89	45	2.02685
89	67	2.09907
89	73	2.47407
89	120	0.839522
89	134	0.855679
89	141	0.866243
89	157	0.778669
89	158	0.809333
89	161	0.860811
89	163	0.785608
89	164	0.803054
89	167	0.807501
89	169	0.804984
89	172	0.788168
89	173	0.829228
89	174	0.788968
89	175	0.789529
89	176	0.79818
89	177	0.764073
89	178	0.800642
89	179	0.801209
89	180	0.800059
90	4	0.809636
90	6	0.805901
90	62	0.823893
90	68	0.877631
90	82	0.842678
90	85	0.89677
90	87	0.834628
90	88	0.881009
90	93	0.825136
90	98	0.865159
90	100	1.7306
90	101	0.874485
90	103	0.852191
90	106	0.886161
90	109	0.833563
90	114	0.874785
90	118	0.868369
90	130	0.888306
90	131	0.847373
90	142	1.47675
90	147	1.55822
90	177	8.66821
91	42	0.922715
91	44	0.908526
91	53	0.893118
91	61	0.874971
91	65	0.881896
91	66	0.874536
91	71	0.931579
91	72	0.92833
91	73	0.915132
91	76	0.90384
91	78	0.903986
91	83	0.892086
91	84	0.892286
91	92	0.936574
91	95	0.882926
91	96	0.924899
91	97	1.3251
91	118	0.921581
91	163	4.70218
91	174	3.48059
91	176	1.49759
91	179	2.74902
92	42	0.922999
92	44	0.90881
92	53	0.893402
92	61	0.875255
92	65	0.88218
92	66	0.87482
92	71	0.931863
92	72	0.928613
92	73	0.915416
92	76	0.904123
92	78	0.90427
92	83	0.89237
92	84	0.89257
92	91	0.936574
92	95	0.88321
92	96	0.925182
92	117	1.97824
92	118	0.921864
92	126	3.68182
92	136	1.47952
92	161	2.43773
92	162	2.68579
93	4	0.804906
93	62	0.819162
93	63	0.893433
93	68	0.872901
93	75	0.859645
93	82	0.837947
93	85	0.892039
93	87	0.829897
93	90	0.825136
93	98	0.860429
93	101	0.869754
93	103	0.847461
93	106	0.881431
93	109	0.828833
93	114	0.870055
93	118	0.863638
93	119	1.27129
93	130	0.883576
93	131	0.842643
93	160	1.54484
93	168	3.05594
93	174	5.93724
94	46	1.8643
94	101	0.743397
94	111	0.92598
94	118	0.180481
94	131	1.09262
94	132	0.857851
94	134	0.887321
94	138	0.907589
94	150	0.93563
94	153	0.878108
94	161	0.892454
94	164	0.834696
94	165	0.865924
94	166	0.812689
94	168	0.84816
94	171	0.814017
94	174	0.82061
94	175	0.821172
94	176	0.829823
94	177	0.795715
94	178	0.832285
94	180	0.831701
95	8	0.924339
95	10	0.81662
95	15	0.899306
95	54	0.839689
95	56	0.839281
95	57	0.839019
95	58	0.838884
95	59	0.838843
95	65	0.828532
95	72	0.874965
95	76	0.850475
95	78	0.850622
95	83	0.838722
95	84	0.838922
95	91	0.882926
95	92	0.88321
95	108	0.841111
95	118	0.868216
95	136	1.46337
95	150	1.48801
95	152	2.45243
95	158	5.48361
96	3	0.861544
96	5	0.858917
96	12	0.8597
96	19	0.949449
96	22	0.839556
96	24	0.926697
96	35	0.909642
96	53	0.881727
96	61	0.86358
96	76	0.892448
96	78	0.892594
96	83	0.880695
96	84	0.880895
96	91	0.924899
96	92	0.925182
96	109	1.04608
96	118	0.910189
96	129	0.905364
96	130	0.930127
96	148	2.57278
96	155	2.75937
96	161	1.87067
96	178	4.43783
97	4	2.41458
97	23	1.59513
97	59	1.56519
97	60	0.863582
97	64	0.86434
97	67	0.86321
97	79	0.893273
97	80	0.892924
97	86	0.939269
97	91	1.3251
97	123	0.858274
97	124	0.914091
97	136	0.909358
97	144	0.850751
97	165	0.838076
97	167	0.811296
97	168	0.820312
97	175	0.793324
97	176	0.801975
97	177	0.767867
97	178	0.804437
97	179	0.805003
97	180	0.803853
98	4	0.844929
98	62	0.859186
98	63	0.933457
98	68	0.912925
98	75	0.899668
98	82	0.877971
98	85	0.932063
98	87	0.869921
98	88	0.916303
98	90	0.865159
98	93	0.860429
98	101	0.909778
98	103	0.887484
98	106	0.921454
98	108	0.876557
98	114	0.910079
98	119	1.29788
98	130	0.9236
98	131	0.882666
98	132	3.23594
98	144	1.95307
98	173	2.39331
98	180	4.02043
99	4	3.07427
99	15	0.892338
99	31	0.871018
99	42	1.9106
99	54	0.832721
99	56	0.832313
99	57	0.83205
99	58	0.831915
99	59	0.831874
99	69	0.813485
99	77	0.773391
99	106	0.720232
99	108	0.834143
99	154	0.813863
99	155	0.799701
99	162	0.814783
99	167	0.771572
99	172	0.752239
99	175	0.7536
99	176	0.762251
99	177	0.728143
99	178	0.764713
99	180	0.764129
100	32	2.16784
100	46	3.00156
100	90	1.7306
100	109	0.850409
100	120	0.82756
100	126	0.833296
100	137	0.873192
100	140	0.783047
100	141	0.85428
100	145	0.852188
100	146	0.799471
100	152	0.830549
100	157	0.766707
100	166	0.769083
100	168	0.804554
100	171	0.770412
100	172	0.776205
100	173	0.817265
100	175	0.777566
100	176	0.786217
100	177	0.75211
100	178	0.78868
100	180	0.788096
101	4	0.854255
101	6	0.85052
101	62	0.868512
101	75	0.908994
101	82	0.887297
101	87	0.879247
101	88	0.925628
101	90	0.874485
101	93	0.869754
101	94	0.743397
101	98	0.909778
101	103	0.89681
101	106	0.93078
101	108	0.885882
101	109	0.878182
101	114	0.919404
101	118	0.912988
101	124	1.59326
101	130	0.932925
101	131	0.891992
101	147	2.23025
101	153	1.93847
101	175	6.15213
102	34	2.95421
102	55	3.64579
102	107	0.868564
102	115	0.863406
102	133	0.86711
102	134	0.789705
102	138	0.809973
102	141	0.800269
102	143	0.777544
102	147	0.803269
102	155	0.769656
102	157	0.712696
102	158	0.743359
102	165	0.768308
102	166	0.715073
102	168	0.750544
102	171	0.716401
102	173	0.763254
102	175	0.723556
102	177	0.698099
102	178	0.734669
102	180	0.734085
103	62	0.846218
103	63	0.920489
103	68	0.899957
103	75	0.8867
103	82	0.865003
103	85	0.919095
103	87	0.856953
103	88	0.903335
103	90	0.852191
103	93	0.847461
103	98	0.887484
103	101	0.89681
103	104	1.58319
103	106	0.908486
103	108	0.863589
103	109	0.855888
103	114	0.897111
103	118	0.890694
103	123	2.41171
103	130	0.910632
103	131	0.869698
103	143	2.67252
103	161	2.16438
103	164	4.90473
104	2	1.27815
104	18	1.06016
104	29	0.955574
104	32	0.921627
104	34	0.836273
104	43	0.899713
104	46	0.899667
104	48	0.89973
104	49	0.899848
104	65	2.18581
104	86	1.4325
104	88	1.02035
104	103	1.58319
104	131	0.903597
104	133	0.960499
104	144	0.874372
104	157	0.806084
104	163	0.813023
104	170	0.842266
104	172	0.815583
104	174	0.816383
104	176	0.825595
104	177	0.791488
104	178	0.828057
104	180	0.827474
105	8	1.65647
105	54	1.81377
105	70	0.875994
105	80	2.42374
105	84	1.60602
105	136	0.923106
105	141	0.883785
105	146	0.828976
105	148	0.859753
105	159	0.815165
105	163	0.80315
105	164	0.820596
105	165	0.851823
105	166	0.798588
105	167	0.825043
105	168	0.83406
105	169	0.822527
105	170	0.832393
105	172	0.805711
105	173	0.84677
105	174	0.80651
105	176	0.815723
105	177	0.781615
105	178	0.818185
105	180	0.817601
106	4	0.865931
106	6	0.862196
106	62	0.880188
106	63	0.954459
106	68	0.933927
106	75	0.92067
106	82	0.898973
106	85	0.953065
106	87	0.890923
106	90	0.886161
106	93	0.881431
106	98	0.921454
106	99	0.720232
106	101	0.93078
106	103	0.908486
106	108	0.897559
106	109	0.889858
106	114	0.931081
106	118	0.924664
106	130	0.944602
106	131	0.903668
106	136	1.36463
106	141	1.09548
106	159	4.9804
106	162	1.50282
106	164	3.99511
107	16	2.44531
107	25	1.46148
107	31	1.35889
107	35	1.13458
107	76	1.39973
107	102	0.868564
107	120	0.886577
107	121	0.891139
107	139	0.958221
107	140	0.842064
107	147	0.916297
107	148	0.889265
107	150	0.951042
107	157	0.825724
107	164	0.850108
107	166	0.8281
107	168	0.863572
107	169	0.852039
107	170	0.861905
107	172	0.835223
107	173	0.876282
107	175	0.836583
107	176	0.845235
107	177	0.811127
107	178	0.847697
107	180	0.847113
108	4	0.821034
108	8	0.935889
108	10	0.828169
108	25	0.897891
108	31	0.889536
108	54	0.851239
108	56	0.85083
108	57	0.850568
108	58	0.850433
108	59	0.850392
108	62	0.83529
108	63	0.909561
108	87	0.846025
108	88	0.892407
108	95	0.841111
108	98	0.876557
108	99	0.834143
108	101	0.885882
108	103	0.863589
108	106	0.897559
108	114	0.886183
108	124	1.1936
108	133	1.87413
108	138	2.15254
108	166	7.60632
108	180	3.61618
109	21	2.30347
109	63	0.901861
109	69	2.42919
109	81	0.864969
109	85	0.900467
109	86	2.02127
109	90	0.833563
109	93	0.828833
109	96	1.04608
109	100	0.850409
109	101	0.878182
109	103	0.855888
109	106	0.889858
109	114	0.878482
109	131	0.85107
109	154	0.824681
109	159	0.772511
109	162	0.8256
109	165	0.809169
109	168	0.791406
109	169	0.779873
109	171	0.757263
109	176	0.773069
109	177	0.738961
109	178	0.775531
109	180	0.774947
110	10	3.64814
110	77	0.745466
110	113	0.785359
110	118	2.98698
110	119	0.845055
110	126	0.781405
110	135	0.792784
110	139	0.847312
110	140	0.731156
110	142	0.807657
110	147	0.805389
110	152	0.778658
110	158	0.745479
110	163	0.721754
110	164	0.7392
110	165	0.770427
110	166	0.717192
110	167	0.743647
110	168	0.752663
110	169	0.74113
110	171	0.718521
110	172	0.724314
110	175	0.725675
110	177	0.700219
110	178	0.736789
110	180	0.736205
111	12	2.50442
111	18	1.62979
111	31	1.87922
111	82	1.78657
111	94	0.92598
111	132	0.833062
111	147	0.876097
111	153	0.853319
111	155	0.842484
111	159	0.804477
111	161	0.867665
111	162	0.857566
111	163	0.792461
111	164	0.809907
111	165	0.841135
111	166	0.7879
111	167	0.814355
111	168	0.823371
111	169	0.811838
111	173	0.836081
111	174	0.795821
111	175	0.796383
111	176	0.805034
111	177	0.770926
111	178	0.807496
111	180	0.806912
112	25	3.15413
112	68	2.40696
112	78	1.93892
112	81	0.86
112	121	0.814003
112	122	0.841309
112	125	0.807014
112	133	0.903002
112	145	0.834069
112	153	0.816384
112	154	0.819711
112	156	0.766251
112	159	0.767542
112	162	0.820631
112	163	0.755526
112	164	0.772972
112	165	0.8042
112	167	0.77742
112	174	0.758886
112	175	0.759448
112	176	0.768099
112	177	0.733991
112	178	0.770561
112	179	0.771128
112	180	0.769977
113	17	2.8498
113	48	2.69681
113	53	2.55339
113	110	0.785359
113	123	0.81621
113	125	0.798825
113	135	0.818368
113	136	0.867293
113	137	0.846885
113	138	0.837676
113	141	0.827972
113	147	0.830973
113	155	0.79736
113	157	0.740399
113	158	0.771063
113	159	0.759353
113	162	0.812442
113	168	0.778247
113	171	0.744105
113	173	0.790957
113	174	0.750697
113	175	0.751259
113	176	0.75991
113	177	0.725802
113	178	0.762372
113	179	0.762939
113	180	0.761788
114	4	0.854556
114	6	0.85082
114	62	0.868812
114	63	0.943083
114	68	0.922551
114	75	0.909295
114	82	0.887597
114	85	0.941689
114	87	0.879547
114	88	0.925929
114	90	0.874785
114	93	0.870055
114	98	0.910079
114	101	0.919404
114	103	0.897111
114	106	0.931081
114	108	0.886183
114	109	0.878482
114	118	0.913288
114	119	1.82502
114	130	0.933226
114	131	0.892293
114	134	1.75527
114	135	2.02689
114	146	3.0108
114	159	4.33494
114	179	4.34974
115	19	1.65494
115	24	2.28118
115	75	1.13101
115	80	1.63608
115	102	0.863406
115	117	0.929389
115	118	0.231892
115	121	0.88598
115	138	0.917842
115	140	0.836906
115	146	0.85333
115	149	0.923021
115	158	0.851229
115	162	0.892608
115	163	0.827503
115	165	0.876177
115	167	0.849397
115	168	0.858413
115	169	0.84688
115	171	0.824271
115	172	0.830064
115	173	0.871123
115	174	0.830864
115	175	0.831425
115	177	0.805968
115	178	0.842538
115	180	0.841954
116	24	2.7631
116	36	1.91797
116	61	1.9498
116	70	0.857659
116	74	0.835615
116	79	1.46913
116	141	0.86545
116	142	0.870718
116	150	0.903195
116	153	0.845673
116	154	0.849
116	159	0.79683
116	161	0.860018
116	162	0.849919
116	166	0.780253
116	167	0.806708
116	168	0.815725
116	170	0.814058
116	171	0.781582
116	172	0.787376
116	174	0.788175
116	175	0.788736
116	176	0.797388
116	177	0.76328
116	178	0.79985
116	179	0.800416
116	180	0.799266
117	27	1.42614
117	63	2.36168
117	87	2.03394
117	92	1.97824
117	115	0.929389
117	126	0.845269
117	128	0.8965
117	137	0.885165
117	145	0.86416
117	148	0.84222
117	154	0.849802
117	159	0.797632
117	160	0.854728
117	162	0.850722
117	163	0.785617
117	165	0.834291
117	166	0.781056
117	168	0.816527
117	170	0.814861
117	171	0.782384
117	174	0.788977
117	175	0.789539
117	176	0.79819
117	177	0.764082
117	178	0.800652
117	180	0.800068
118	6	0.844404
118	61	0.860262
118	62	0.862395
118	66	0.859826
118	68	0.916134
118	72	0.91362
118	73	0.900422
118	76	0.88913
118	83	0.877377
118	84	0.877577
118	87	0.87313
118	90	0.868369
118	91	0.921581
118	92	0.921864
118	93	0.863638
118	94	0.180481
118	95	0.868216
118	96	0.910189
118	101	0.912988
118	103	0.890694
118	106	0.924664
118	110	2.98698
118	114	0.913288
118	115	0.231892
118	126	2.40132
118	130	0.926809
118	144	1.45195
118	172	4.87942
119	16	0.861408
119	52	0.896111
119	60	0.881213
119	64	0.881971
119	65	2.35028
119	67	0.880841
119	68	1.35553
119	69	0.87084
119	79	0.910905
119	80	0.910555
119	86	0.9569
119	93	1.27129
119	98	1.29788
119	110	0.845055
119	114	1.82502
119	123	0.875905
119	144	0.868383
119	154	0.871218
119	155	0.857055
119	157	0.800095
119	167	0.828927
119	172	0.809594
119	176	0.819606
119	177	0.785498
119	178	0.822068
119	179	0.822635
119	180	0.821484
120	14	1.63786
120	52	3.29577
120	72	3.46637
120	89	0.839522
120	100	0.82756
120	107	0.886577
120	138	0.827986
120	140	0.747049
120	144	0.798996
120	145	0.81619
120	149	0.833164
120	152	0.794551
120	153	0.798504
120	157	0.730709
120	160	0.806758
120	161	0.81285
120	162	0.802751
120	168	0.768556
120	169	0.757023
120	171	0.734414
120	173	0.781267
120	174	0.741007
120	175	0.741568
120	176	0.750219
120	177	0.716112
120	178	0.752682
120	179	0.753248
120	180	0.752098
121	17	3.66667
121	20	2.41457
121	43	2.01875
121	107	0.891139
121	112	0.814003
121	115	0.88598
121	134	0.812279
121	136	0.862164
121	140	0.751611
121	141	0.822844
121	142	0.828112
121	147	0.825844
121	152	0.799113
121	157	0.73527
121	158	0.765934
121	164	0.759654
121	165	0.790882
121	166	0.737647
121	168	0.773118
121	169	0.761585
121	172	0.744769
121	173	0.785828
121	175	0.74613
121	176	0.754781
121	177	0.720673
121	178	0.757243
121	180	0.756659
122	30	1.54667
122	55	1.44515
122	87	3.20976
122	112	0.841309
122	128	0.880397
122	130	0.934622
122	134	0.839585
122	139	0.895073
122	141	0.85015
122	145	0.848057
122	150	0.887895
122	152	0.826419
122	157	0.762576
122	159	0.78153
122	161	0.844718
122	162	0.834619
122	163	0.769514
122	165	0.818188
122	168	0.800424
122	169	0.788891
122	171	0.766282
122	172	0.772075
122	173	0.813134
122	174	0.772875
122	175	0.773436
122	176	0.782087
122	177	0.747979
122	178	0.784549
122	180	0.783965
123	14	1.61356
123	27	0.901695
123	60	0.826784
123	64	0.827542
123	67	0.826412
123	74	0.803404
123	78	2.38371
123	79	0.856475
123	80	0.856126
123	84	1.99102
123	86	0.902471
123	97	0.858274
123	103	2.41171
123	113	0.81621
123	119	0.875905
123	124	0.877293
123	143	0.810514
123	144	0.813953
123	154	0.816789
123	161	0.827807
123	163	0.752604
123	173	0.796224
123	174	0.755964
123	175	0.756526
123	177	0.731069
123	178	0.767639
123	179	0.768205
123	180	0.767055
124	1	1.94719
124	11	1.93932
124	63	1.72662
124	97	0.914091
124	101	1.59326
124	108	1.1936
124	123	0.877293
124	125	0.859908
124	128	0.919304
124	139	0.933979
124	143	0.86633
124	146	0.834247
124	153	0.869278
124	154	0.872606
124	156	0.819146
124	157	0.801483
124	160	0.877532
124	161	0.883624
124	162	0.873525
124	163	0.808421
124	165	0.857094
124	166	0.803859
124	167	0.830314
124	169	0.827797
124	176	0.820993
124	177	0.786886
124	178	0.823456
124	180	0.822872
125	36	3.06079
125	44	2.16896
125	73	3.47025
125	81	0.839693
125	112	0.807014
125	113	0.798825
125	124	0.859908
125	128	0.846102
125	132	0.77582
125	135	0.80625
125	148	0.791823
125	149	0.830737
125	150	0.8536
125	157	0.728281
125	160	0.80433
125	161	0.810423
125	163	0.735219
125	165	0.783893
125	166	0.730658
125	167	0.757113
125	169	0.754596
125	173	0.778839
125	174	0.738579
125	175	0.739141
125	176	0.747792
125	177	0.713684
125	178	0.750254
125	179	0.750821
125	180	0.74967
126	83	2.61686
126	92	3.68182
126	100	0.833296
126	110	0.781405
126	117	0.845269
126	118	2.40132
126	136	0.863339
126	137	0.842931
126	138	0.833723
126	146	0.76921
126	150	0.861764
126	152	0.800288
126	156	0.754109
126	157	0.736445
126	158	0.767109
126	163	0.743384
126	165	0.792057
126	166	0.738822
126	167	0.765277
126	168	0.774293
126	171	0.740151
126	172	0.745944
126	173	0.787004
126	175	0.747305
126	176	0.755956
126	177	0.721849
126	178	0.758418
126	179	0.758985
126	180	0.757835
127	2	0.927678
127	7	0.831207
127	11	0.840154
127	13	0.827889
127	14	0.916901
127	17	0.822378
127	26	0.814752
127	28	0.89982
127	30	0.910579
127	33	0.887488
127	36	0.887194
127	37	0.893525
127	38	0.873485
127	39	0.888725
127	40	0.88847
127	41	0.873624
127	45	0.860953
127	47	0.861191
127	50	0.867054
127	51	0.867036
127	55	1.02054
127	88	0.898154
127	133	1.43755
127	135	1.52265
127	151	0.85167
127	156	0.784669
127	161	1.50927
127	171	4.97008
127	172	3.82726
127	175	4.53706
128	16	2.8479
128	24	1.71901
128	39	1.59459
128	56	1.38973
128	117	0.8965
128	122	0.880397
128	124	0.919304
128	125	0.846102
128	130	1.08126
128	138	0.884954
128	139	0.920174
128	145	0.873158
128	154	0.8588
128	156	0.80534
128	160	0.863726
128	161	0.869818
128	162	0.859719
128	163	0.794615
128	165	0.843288
128	166	0.790053
128	168	0.825525
128	171	0.791382
128	172	0.797175
128	173	0.838235
128	174	0.797975
128	175	0.798536
128	176	0.807188
128	177	0.77308
128	178	0.80965
128	180	0.809066
129	1	0.851373
129	3	0.853401
129	5	0.850774
129	12	0.851557
129	15	1.94531
129	19	0.941305
129	20	0.92502
129	21	2.20404
129	22	0.831412
129	24	0.918554
129	35	0.901499
129	58	1.07851
129	76	1.5503
129	86	1.92184
129	96	0.905364
129	130	0.921984
129	134	0.860547
129	146	0.816302
129	151	0.868202
129	157	0.783538
129	165	0.83915
129	169	0.809853
129	171	0.787243
129	172	0.793037
129	174	0.793836
129	175	0.794398
129	177	0.768941
129	178	0.805511
129	180	0.804927
130	1	0.876136
130	3	0.878164
130	5	0.875537
130	12	0.87632
130	19	0.966068
130	20	0.949783
130	22	0.856175
130	24	0.943317
130	35	0.926262
130	75	0.922816
130	82	0.901118
130	87	0.893068
130	88	0.93945
130	90	0.888306
130	93	0.883576
130	96	0.930127
130	98	0.9236
130	101	0.932925
130	103	0.910632
130	106	0.944602
130	114	0.933226
130	118	0.926809
130	122	0.934622
130	128	1.08126
130	129	0.921984
130	133	1.12578
130	146	2.61979
130	165	1.84299
130	170	1.95418
130	177	9.13048
131	6	0.823408
131	9	0.844058
131	18	1.02144
131	23	0.920858
131	29	0.916857
131	32	0.88291
131	34	0.797556
131	43	0.860997
131	46	0.860951
131	48	0.861013
131	49	0.861132
131	75	0.881882
131	82	0.860185
131	85	0.914277
131	90	0.847373
131	93	0.842643
131	94	1.09262
131	98	0.882666
131	101	0.891992
131	103	0.869698
131	104	0.903597
131	106	0.903668
131	109	0.85107
131	114	0.892293
131	134	1.94943
131	138	1.58802
131	163	6.49706
131	168	2.39416
131	170	0.80355
131	178	3.37063
132	43	2.01252
132	66	4.05154
132	81	0.828806
132	94	0.857851
132	98	3.23594
132	111	0.833062
132	125	0.77582
132	135	0.795363
132	141	0.804967
132	142	0.810235
132	145	0.802875
132	147	0.807968
132	148	0.780936
132	149	0.81985
132	150	0.842713
132	152	0.781237
132	154	0.788517
132	158	0.748058
132	159	0.736348
132	162	0.789437
132	163	0.724332
132	164	0.741778
132	165	0.773006
132	166	0.719771
132	169	0.743709
132	174	0.727692
132	175	0.728254
132	176	0.736905
132	177	0.702797
132	178	0.739367
132	180	0.738783
133	6	1.91465
133	25	1.64941
133	28	1.59847
133	102	0.86711
133	104	0.960499
133	108	1.87413
133	112	0.903002
133	127	1.43755
133	130	1.12578
133	140	0.84061
133	141	0.911843
133	143	0.889118
133	148	0.887811
133	153	0.892066
133	157	0.82427
133	159	0.843223
133	160	0.900319
133	164	0.848654
133	166	0.826646
133	167	0.853101
133	169	0.850585
133	170	0.860451
133	171	0.827975
133	172	0.833769
133	173	0.874828
133	174	0.834568
133	175	0.835129
133	176	0.843781
133	177	0.809673
133	178	0.846243
133	179	0.846809
133	180	0.845659
134	61	3.53918
134	71	2.65611
134	89	0.855679
134	94	0.887321
134	102	0.789705
134	114	1.75527
134	121	0.812279
134	122	0.839585
134	129	0.860547
134	131	1.94943
134	137	0.85335
134	138	0.844142
134	148	0.810406
134	149	0.84932
134	155	0.803825
134	157	0.746865
134	158	0.777528
134	159	0.765818
134	160	0.822914
134	162	0.818907
134	163	0.753803
134	167	0.775696
134	168	0.784712
134	170	0.783046
134	171	0.75057
134	172	0.756363
134	174	0.757163
134	175	0.757724
134	176	0.766376
134	177	0.732268
134	178	0.768838
134	179	0.769404
134	180	0.768254
135	37	2.90252
135	70	0.827607
135	82	3.74793
135	110	0.792784
135	113	0.818368
135	114	2.02689
135	125	0.80625
135	127	1.52265
135	132	0.795363
135	139	0.880321
135	141	0.835398
135	143	0.812672
135	145	0.833305
135	146	0.780589
135	148	0.811366
135	149	0.85028
135	150	0.873143
135	152	0.811667
135	155	0.804785
135	157	0.747824
135	158	0.778488
135	164	0.772208
135	166	0.750201
135	168	0.785672
135	169	0.774139
