1	2	0.888523
1	44	0.835524
1	53	0.889869
1	63	2.0434
1	71	0.858804
1	77	0.85737
1	90	0.824842
1	99	0.859264
1	156	3.14019
1	164	0.780173
1	170	0.75298
1	176	0.841222
2	1	0.888523
2	24	0.96782
2	53	0.99453
2	75	1.71546
2	77	0.962031
2	87	1.40675
2	90	0.929503
2	99	0.963925
2	164	0.884834
2	169	3.02188
2	170	0.857641
2	176	0.945883
3	50	0.875756
3	55	0.854341
3	60	0.786262
3	61	0.853607
3	72	0.912033
3	76	0.893668
3	147	1.97667
3	154	3.24266
3	160	0.871186
3	161	0.813724
3	168	0.756733
3	170	0.785846
4	76	2.94891
4	131	0.79628
4	163	0.829821
4	165	0.767934
4	171	0.746561
4	172	0.780361
4	174	0.769079
4	175	0.754004
4	177	0.747517
4	178	0.762458
4	179	0.745067
4	180	0.74354
5	80	0.177604
5	93	0.874411
5	165	0.948724
5	171	0.927351
5	172	0.961151
5	174	0.949868
5	175	0.934794
5	176	0.110443
5	177	0.928307
5	178	0.943248
5	179	0.925856
5	180	0.92433
6	48	1.07371
6	100	0.132077
6	141	0.636234
6	171	0.925897
6	172	0.959697
6	173	0.963685
6	174	0.948415
6	175	0.93334
6	177	0.926853
6	178	0.941794
6	179	0.924403
6	180	0.922876
7	63	0.936028
7	70	0.908255
7	85	0.93714
7	86	0.934096
7	108	0.94818
7	115	0.930698
7	123	0.944077
7	127	0.923764
7	141	0.94373
7	164	0.912446
7	170	2.15731
7	179	3.42727
8	22	0.893561
8	28	0.800026
8	34	0.858798
8	48	0.839151
8	71	0.877576
8	90	0.843615
8	99	0.878037
8	164	0.798945
8	170	0.771753
8	173	2.31018
8	175	3.13153
8	176	0.859995
9	16	0.817137
9	67	0.886843
9	86	0.837566
9	94	0.839341
9	101	2.00212
9	108	0.85165
9	115	0.834167
9	123	0.847546
9	128	0.79834
9	141	0.847199
9	164	3.17946
9	176	0.852892
10	33	0.953914
10	51	0.449127
10	65	1.02454
10	111	1.02406
10	121	0.212495
10	169	0.977149
10	170	0.948562
10	176	1.0368
10	178	0.940859
10	179	0.923467
10	180	0.921941
11	19	0.779158
11	26	0.91121
11	68	0.831272
11	83	0.880021
11	91	0.86453
11	93	0.844436
11	97	0.8429
11	111	0.853125
11	146	1.8575
11	161	0.805504
11	167	8.34744
11	169	0.806214
12	20	0.809048
12	21	1.81783
12	27	0.899172
12	73	0.884191
12	78	0.819624
12	79	0.812337
12	104	0.857064
12	114	0.842398
12	120	0.829917
12	126	0.846118
12	137	0.78315
12	178	3.45462
13	100	0.962132
13	103	0.956261
13	125	0.939072
13	129	0.920567
13	132	2.11693
13	139	0.949235
13	144	0.937287
13	145	0.959071
13	156	2.16097
13	163	1.67002
13	168	0.833691
13	176	0.951046
14	70	0.915554
14	75	0.939062
14	115	0.937997
14	123	0.951376
14	127	0.931064
14	128	0.902169
14	141	0.951029
14	155	1.35912
14	157	2.34318
14	162	2.67101
14	169	0.897067
14	176	0.956721
15	75	0.862931
15	84	0.848268
15	99	0.821661
15	108	0.879348
15	113	0.856789
15	114	1.39027
15	141	0.874898
15	144	0.866831
15	145	0.888616
15	178	0.784646
15	179	0.767254
15	180	0.765728
16	9	0.817137
16	70	0.82166
16	85	0.850545
16	108	0.861585
16	115	0.844103
16	123	0.857482
16	127	0.83717
16	141	0.857135
16	159	3.05639
16	163	2.23465
16	169	0.803173
16	176	0.862827
17	77	0.681913
17	78	1.64653
17	143	0.88673
17	165	0.840515
17	167	0.788081
17	171	0.819142
17	172	0.852942
17	174	0.841659
17	175	0.826585
17	177	0.820098
17	178	0.835039
17	179	0.817647
17	180	0.816121
18	68	2.02286
18	123	0.351945
18	142	0.882881
18	144	0.889338
18	145	0.911122
18	164	0.842048
18	170	0.814855
18	176	0.903097
18	177	0.792211
18	178	0.807152
18	179	0.789761
18	180	0.788234
19	11	0.779158
19	32	2.79352
19	93	0.79044
19	139	0.81006
19	140	0.805153
19	142	0.791656
19	144	0.798113
19	145	0.819897
19	167	0.668969
19	169	0.752218
19	174	0.722548
19	179	0.698536
19	180	0.697009
20	12	0.809048
20	36	0.864284
20	42	0.853509
20	56	0.835624
20	78	0.808837
20	112	0.84095
20	120	0.819129
20	121	0.818025
20	126	0.83533
20	131	3.62153
20	134	1.78174
20	149	0.775765
20	160	0.845519
21	12	1.81783
21	89	0.89716
21	113	1.18134
21	167	0.784219
21	171	0.81528
21	172	0.84908
21	173	0.853068
21	174	0.837798
21	175	0.822723
21	177	0.816236
21	178	0.831177
21	179	0.813786
21	180	0.81226
22	8	0.893561
22	37	0.824061
22	48	0.911304
22	53	0.980796
22	54	1.70683
22	77	0.948296
22	90	0.915769
22	99	0.950191
22	137	3.19822
22	146	1.31236
22	164	0.871099
22	170	0.843907
22	176	0.932148
23	37	0.821754
23	120	0.602567
23	141	1.42115
23	166	0.836029
23	171	0.818
23	172	0.8518
23	173	0.855788
23	174	0.840518
23	175	0.825443
23	177	0.818956
23	178	0.833897
23	179	0.816506
23	180	0.814979
24	2	0.96782
24	34	0.919322
24	44	0.914821
24	48	0.899675
24	71	0.938101
24	90	0.904139
24	98	1.0626
24	99	0.938561
24	116	4.01149
24	159	2.02818
24	164	0.85947
24	170	0.832277
24	176	0.920519
25	81	1.41493
25	113	0.895697
25	118	0.893628
25	122	0.922658
25	124	0.914039
25	125	0.907525
25	129	0.889019
25	139	0.917687
25	144	0.905739
25	145	0.927524
25	151	2.0055
25	158	2.91626
25	176	0.919498
26	11	0.91121
26	52	1.80783
26	58	0.916137
26	68	0.909328
26	91	0.942586
26	93	0.922493
26	95	0.919164
26	97	0.920957
26	111	0.931181
26	161	0.883561
26	163	1.53228
26	169	0.88427
26	178	2.79096
27	12	0.899172
27	65	0.901881
27	79	0.891674
27	84	2.04218
27	89	2.63618
27	112	0.931074
27	114	0.921735
27	120	0.909253
27	121	0.90815
27	126	0.925454
27	149	0.86589
27	151	1.68258
27	160	0.935643
28	8	0.800026
28	44	0.832915
28	53	0.88726
28	71	0.856194
28	77	0.854761
28	82	2.07965
28	90	0.822233
28	99	0.856655
28	107	0.79444
28	159	3.5217
28	164	0.777563
28	170	0.750371
28	176	0.838613
29	49	2.8347
29	159	0.796273
29	163	0.831372
29	167	0.717052
29	172	0.781913
29	173	0.7859
29	174	0.77063
29	175	0.755556
29	177	0.749069
29	178	0.76401
29	179	0.746618
29	180	0.745092
30	47	2.18477
30	51	0.960912
30	55	0.922654
30	60	0.854576
30	61	0.921921
30	72	0.980347
30	76	0.961982
30	149	2.81191
30	156	1.74122
30	160	0.9395
30	161	0.882038
30	168	0.825047
30	170	0.85416
31	50	0.945756
31	55	0.924341
31	60	0.856262
31	61	0.923607
31	72	0.982033
31	76	0.963668
31	98	1.25011
31	134	2.03682
31	150	2.52919
31	160	0.941186
31	161	0.883724
31	168	0.826733
31	170	0.855846
32	19	2.79352
32	65	0.873461
32	69	0.875205
32	78	0.87054
32	96	0.882942
32	104	0.90798
32	112	0.902653
32	114	0.893314
32	120	0.880833
32	121	0.879729
32	126	0.897033
32	132	1.5476
32	160	0.907222
32	177	2.43805
33	10	0.953914
33	59	0.803197
33	68	0.781096
33	74	0.852322
33	83	0.829846
33	91	0.814354
33	93	0.794261
33	95	0.790932
33	98	0.875887
33	107	0.771519
33	111	0.802949
33	165	2.77965
33	169	0.756038
33	170	3.15331
34	8	0.858798
34	24	0.919322
34	44	0.891687
34	53	0.946032
34	71	0.914967
34	77	0.913533
34	90	0.881005
34	99	0.915427
34	101	1.33899
34	155	2.64135
34	164	0.836336
34	170	0.809143
34	172	2.70968
34	176	0.897385
35	37	4.2
35	57	0.895585
35	65	0.876217
35	73	0.937863
35	78	0.873296
35	112	0.90541
35	114	0.89607
35	120	0.883589
35	121	0.882485
35	126	0.89979
35	134	0.750221
35	137	0.836822
35	160	0.909979
35	163	1.58641
36	20	0.864284
36	42	0.919533
36	56	0.901648
36	65	0.877781
36	79	0.867573
36	112	0.906974
36	114	0.897635
36	120	0.885153
36	121	0.884049
36	126	0.901354
36	128	2.31473
36	148	1.60971
36	160	0.911543
36	161	2.72667
37	22	0.824061
37	23	0.821754
37	35	4.2
37	125	0.77852
37	139	0.788683
37	144	0.776735
37	145	0.798519
37	153	0.772375
37	170	0.702252
37	173	0.71644
37	176	0.790494
37	177	0.679608
37	178	0.694549
37	180	0.675632
38	39	0.846237
38	41	2.45705
38	49	0.896793
38	67	0.943714
38	85	0.897482
38	86	0.894437
38	94	0.896213
38	119	2.34269
38	123	0.904418
38	127	0.884106
38	141	0.904071
38	148	1.97357
38	169	0.85011
38	176	0.909764
39	38	0.846237
39	64	0.864071
39	70	0.793888
39	94	0.821505
39	108	0.833813
39	115	0.816331
39	117	2.28911
39	123	0.82971
39	127	0.809398
39	133	3.18125
39	141	0.829363
39	149	0.7624
39	169	0.775401
39	176	0.835056
40	70	1.95164
40	144	0.914117
40	149	0.831582
40	162	0.824605
40	163	0.875656
40	166	0.810425
40	167	0.761335
40	171	0.792396
40	172	0.826196
40	173	0.830184
40	175	0.799839
40	177	0.793352
40	178	0.808293
40	179	0.790902
40	180	0.789376
41	38	2.45705
41	69	0.762347
41	159	0.85714
41	165	0.830352
41	166	0.827007
41	167	0.777918
41	171	0.808979
41	173	0.846766
41	174	0.831497
41	175	0.816422
41	177	0.809935
41	178	0.824876
41	179	0.807485
41	180	0.805958
42	20	0.853509
42	36	0.919533
42	56	0.890873
42	57	0.886374
42	65	0.867006
42	78	0.864085
42	79	0.856798
42	84	1.76306
42	120	0.874378
42	121	0.873274
42	126	0.890579
42	148	1.08059
42	149	0.831014
42	160	0.900768
42	177	4.27979
43	49	0.856251
43	107	0.825049
43	115	0.850498
43	123	0.863877
43	125	1.08567
43	129	1.94944
43	141	0.86353
43	160	0.86632
43	161	0.808859
43	168	0.751867
43	170	0.780981
43	177	0.758337
43	178	0.773278
43	179	0.755886
43	180	0.75436
44	1	0.835524
44	24	0.914821
44	28	0.832915
44	34	0.891687
44	48	0.87204
44	71	0.910465
44	77	0.909032
44	90	0.876504
44	99	0.910926
44	150	1.46217
44	154	2.84218
44	164	0.831834
44	169	2.60524
44	170	0.804642
44	176	0.892884
45	100	0.894532
45	102	0.899035
45	106	0.846151
45	109	0.873194
45	118	0.857575
45	122	0.886606
45	124	0.877986
45	128	2.31092
45	129	0.852967
45	139	0.881634
45	144	0.869687
45	145	0.891471
45	147	1.81379
45	158	2.83953
45	176	0.883446
46	63	0.957041
46	101	1.42487
46	113	0.946634
46	122	0.973596
46	124	0.964976
46	125	0.958462
46	128	2.34382
46	129	0.939957
46	139	0.968624
46	142	2.01124
46	144	0.956676
46	145	0.978461
46	147	1.8467
46	168	0.85308
46	176	0.970436
47	30	2.18477
47	71	1.2774
47	108	0.853903
47	128	0.800593
47	129	0.824666
47	139	0.853333
47	141	0.849452
47	144	0.841386
47	145	0.86317
47	169	0.795491
47	176	0.855145
47	177	0.744259
47	178	0.7592
47	179	0.741809
47	180	0.740282
48	6	1.07371
48	8	0.839151
48	22	0.911304
48	24	0.899675
48	44	0.87204
48	53	0.926385
48	71	0.89532
48	77	0.893886
48	90	0.861358
48	99	0.89578
48	134	2.03164
48	140	2.94901
48	164	0.816689
48	170	0.789496
48	176	0.877738
49	29	2.8347
49	38	0.896793
49	43	0.856251
49	67	0.919562
49	85	0.873329
49	94	0.87206
49	96	0.858428
49	108	0.884369
49	123	0.880265
49	127	0.859953
49	141	0.879919
49	153	1.17546
49	154	2.12197
49	169	0.825957
49	176	0.885611
50	3	0.875756
50	31	0.945756
50	51	0.918761
50	55	0.880503
50	60	0.812425
50	61	0.87977
50	72	0.938196
50	76	0.91983
50	101	2.13401
50	135	1.8489
50	142	2.72038
50	160	0.897348
50	161	0.839887
50	168	0.782895
50	170	0.812009
51	10	0.449127
51	30	0.960912
51	50	0.918761
51	55	0.897345
51	60	0.829267
51	61	0.896611
51	72	0.955038
51	76	0.936672
51	153	2.36699
51	160	0.91419
51	161	0.856729
51	168	0.799737
51	170	0.828851
51	178	3.53599
52	26	1.80783
52	99	2.31108
52	137	0.811276
52	153	0.869216
52	156	0.835598
52	162	0.807702
52	165	0.796866
52	166	0.793522
52	172	0.809293
52	173	0.813281
52	174	0.798011
52	175	0.782936
52	177	0.776449
52	178	0.79139
52	179	0.773999
52	180	0.772472
53	1	0.889869
53	2	0.99453
53	22	0.980796
53	28	0.88726
53	34	0.946032
53	48	0.926385
53	71	0.964811
53	90	0.930849
53	99	0.965271
53	132	1.56971
53	142	1.05755
53	164	0.88618
53	169	1.92205
53	170	0.858987
53	176	0.947229
53	180	3.51778
54	22	1.70683
54	139	1.01629
54	158	0.901503
54	159	0.897762
54	166	0.86763
54	167	0.818541
54	171	0.849602
54	172	0.883402
54	173	0.887389
54	174	0.872119
54	175	0.857045
54	176	0.450802
54	177	0.850558
54	178	0.865499
54	179	0.848107
54	180	0.846581
55	3	0.854341
55	30	0.922654
55	31	0.924341
55	50	0.880503
55	51	0.897345
55	60	0.791009
55	61	0.858354
55	72	0.91678
55	76	0.898414
55	132	2.08811
55	160	0.875932
55	161	0.818471
55	168	0.76148
55	169	2.44046
55	170	0.790593
55	173	2.7793
56	20	0.835624
56	36	0.901648
56	42	0.890873
56	65	0.849121
56	69	0.850865
56	92	0.882363
56	112	0.878314
56	114	0.868975
56	120	0.856493
56	126	0.872694
56	137	0.809726
56	149	0.813129
56	159	1.51417
56	160	0.882883
56	164	1.21816
56	168	4.69147
57	35	0.895585
57	42	0.886374
57	69	0.846366
57	73	0.906268
57	78	0.841702
57	79	0.834414
57	112	0.873815
57	114	0.864476
57	120	0.851994
57	121	0.85089
57	126	0.868195
57	130	1.81392
57	134	1.36713
57	149	0.80863
57	160	0.878384
57	166	4.0154
58	26	0.916137
58	66	0.910145
58	68	0.836199
58	74	0.907424
58	83	0.884948
58	91	0.869457
58	93	0.849363
58	95	0.846035
58	97	0.847828
58	111	0.858052
58	133	0.919759
58	134	0.896943
58	161	0.810431
58	165	2.54938
58	169	0.811141
58	177	3.91396
59	33	0.803197
59	66	0.925438
59	68	0.851491
59	74	0.922716
59	83	0.90024
59	91	0.884749
59	93	0.864656
59	95	0.861327
59	97	0.86312
59	104	1.53159
59	107	0.841914
59	111	0.873344
59	152	2.8307
59	161	0.825723
59	169	0.826433
59	172	2.92803
60	3	0.786262
60	30	0.854576
60	31	0.856262
60	50	0.812425
60	51	0.829267
60	55	0.791009
60	61	0.790275
60	72	0.848702
60	76	0.830336
60	92	0.807334
60	160	0.807854
60	161	0.750393
60	168	0.693401
60	170	0.722515
60	174	3.00233
60	175	3.59335
61	3	0.853607
61	30	0.921921
61	31	0.923607
61	50	0.87977
61	51	0.896611
61	55	0.858354
61	60	0.790275
61	72	0.916046
61	76	0.897681
61	88	1.75339
61	146	1.83528
61	160	0.875199
61	161	0.817737
61	168	0.760746
61	170	0.789859
61	172	3.5156
62	102	0.885576
62	106	0.832692
62	109	0.859735
62	118	0.844117
62	122	0.873147
62	124	0.864528
62	125	0.858013
62	128	2.63052
62	129	0.839508
62	139	0.868175
62	144	0.856228
62	145	0.878012
62	148	1.9255
62	155	3.01393
62	164	0.808938
62	168	0.752632
62	176	0.869987
63	1	2.0434
63	7	0.936028
63	46	0.957041
63	76	1.15054
63	97	0.371089
63	123	0.879842
63	127	0.85953
63	129	0.854708
63	139	0.883376
63	141	0.879495
63	144	0.871428
63	145	0.893213
63	173	0.811133
63	175	0.780789
63	177	0.774302
63	178	0.789243
63	180	0.770325
64	39	0.864071
64	67	0.961548
64	70	0.88643
64	81	1.51936
64	82	1.60443
64	85	0.915316
64	94	0.914047
64	98	0.987792
64	123	0.922252
64	127	0.90194
64	134	0.953746
64	136	2.44124
64	141	0.921905
64	149	0.854942
64	156	2.71571
64	169	0.867944
64	176	0.927598
65	10	1.02454
65	27	0.901881
65	32	0.873461
65	35	0.876217
65	36	0.877781
65	42	0.867006
65	56	0.849121
65	78	0.822333
65	79	0.815046
65	114	0.845107
65	117	1.46567
65	120	0.832626
65	121	0.831522
65	126	0.848826
65	137	0.785859
65	160	0.859016
65	164	3.91944
66	58	0.910145
66	59	0.925438
66	68	0.903337
66	75	1.83569
66	81	1.63746
66	83	0.952086
66	91	0.936595
66	93	0.916501
66	95	0.913173
66	97	0.914965
66	98	0.998127
66	111	0.92519
66	137	0.861874
66	142	2.27761
66	153	2.43254
66	161	0.877569
66	169	0.878279
67	9	0.886843
67	38	0.943714
67	49	0.919562
67	64	0.961548
67	84	0.90021
67	86	0.917206
67	104	0.896549
67	108	0.93129
67	123	0.927187
67	127	0.906875
67	141	0.92684
67	149	0.859877
67	169	0.872878
67	171	3.12881
67	173	1.90189
67	175	2.72324
67	176	0.932533
68	11	0.831272
68	18	2.02286
68	26	0.909328
68	33	0.781096
68	58	0.836199
68	59	0.851491
68	66	0.903337
68	74	0.900616
68	83	0.87814
68	95	0.839226
68	97	0.841019
68	104	2.79103
68	111	0.851243
68	117	1.54035
68	134	0.890134
68	137	0.787927
68	161	0.803623
69	32	0.875205
69	41	0.762347
69	56	0.850865
69	57	0.846366
69	73	0.888644
69	78	0.824078
69	82	0.843797
69	104	0.861518
69	112	0.856191
69	114	0.846852
69	120	0.83437
69	121	0.833266
69	126	0.850571
69	137	0.787603
69	160	0.86076
69	161	1.39583
69	168	4.71559
70	7	0.908255
70	14	0.915554
70	16	0.82166
70	39	0.793888
70	40	1.95164
70	64	0.88643
70	75	0.839755
70	85	0.845133
70	94	0.843864
70	108	0.856172
70	115	0.83869
70	127	0.831757
70	135	1.54507
70	141	0.851722
70	155	3.13254
70	169	0.79776
70	176	0.857414
71	1	0.858804
71	8	0.877576
71	24	0.938101
71	28	0.856194
71	34	0.914967
71	44	0.910465
71	47	1.2774
71	48	0.89532
71	53	0.964811
71	77	0.932311
71	90	0.899784
71	99	0.934206
71	149	1.90454
71	157	1.97769
71	164	0.855114
71	170	0.827922
71	176	0.916164
71	177	3.1044
72	3	0.912033
72	30	0.980347
72	31	0.982033
72	50	0.938196
72	51	0.955038
72	55	0.91678
72	60	0.848702
72	61	0.916046
72	76	0.956107
72	104	1.68083
72	133	1.32228
72	135	1.42146
72	160	0.933625
72	161	0.876164
72	168	0.819172
72	170	0.848286
72	174	3.72661
73	12	0.884191
73	35	0.937863
73	57	0.906268
73	69	0.888644
73	78	0.88398
73	79	0.876693
73	84	2.19476
73	96	0.896381
73	112	0.916093
73	114	0.906754
73	120	0.894272
73	121	0.893168
73	126	0.910473
73	149	0.850909
73	151	1.83516
73	153	2.03966
73	160	0.920662
73	161	2.62925
74	33	0.852322
74	58	0.907424
74	59	0.922716
74	68	0.900616
74	83	0.949365
74	91	0.933873
74	93	0.91378
74	95	0.910452
74	97	0.912244
74	110	1.16476
74	111	0.922468
74	128	0.880659
74	137	0.859152
74	147	1.74654
74	161	0.874848
74	164	2.50205
74	169	0.875557
74	178	3.23501
75	2	1.71546
75	14	0.939062
75	15	0.862931
75	66	1.83569
75	70	0.839755
75	90	1.0247
75	115	0.862198
75	129	0.850443
75	139	0.879111
75	141	0.87523
75	144	0.867163
75	145	0.888948
75	173	0.806868
75	176	0.880922
75	177	0.770037
75	178	0.784978
75	179	0.767586
75	180	0.76606
76	3	0.893668
76	4	2.94891
76	30	0.961982
76	31	0.963668
76	50	0.91983
76	51	0.936672
76	55	0.898414
76	60	0.830336
76	61	0.897681
76	63	1.15054
76	72	0.956107
76	92	0.914739
76	130	1.36698
76	150	1.41256
76	160	0.915259
76	161	0.857798
76	168	0.800807
76	170	0.82992
77	1	0.85737
77	2	0.962031
77	17	0.681913
77	22	0.948296
77	28	0.854761
77	34	0.913533
77	44	0.909032
77	48	0.893886
77	71	0.932311
77	90	0.89835
77	99	0.932772
77	107	0.870556
77	134	0.764502
77	143	2.13272
77	164	0.85368
77	170	0.826488
77	176	0.91473
77	177	4.3622
78	12	0.819624
78	17	1.64653
78	20	0.808837
78	32	0.87054
78	35	0.873296
78	42	0.864085
78	57	0.841702
78	65	0.822333
78	69	0.824078
78	73	0.88398
78	112	0.851526
78	114	0.842187
78	120	0.829705
78	121	0.828602
78	126	0.845906
78	136	2.7818
78	137	0.782938
78	163	2.56532
79	12	0.812337
79	27	0.891674
79	36	0.867573
79	42	0.856798
79	57	0.834414
79	65	0.815046
79	73	0.876693
79	96	0.824527
79	98	1.4954
79	112	0.844239
79	114	0.8349
79	120	0.822418
79	121	0.821314
79	126	0.838619
79	149	0.779054
79	150	2.77449
79	160	0.848808
79	163	3.11831
80	5	0.177604
80	103	0.913013
80	106	0.870503
80	109	0.897546
80	113	0.883997
80	118	0.881927
80	124	0.902339
80	125	0.895824
80	129	0.877319
80	139	0.905986
80	144	0.894039
80	145	0.915823
80	159	2.55567
80	160	0.904896
80	164	0.846748
80	168	0.790443
80	169	2.53319
80	176	0.907798
80	178	2.99261
81	25	1.41493
81	64	1.51936
81	66	1.63746
81	157	0.905853
81	158	0.921956
81	163	0.953314
81	165	0.891427
81	166	0.888083
81	167	0.838993
81	171	0.870054
81	172	0.903854
81	173	0.907842
81	174	0.892572
81	175	0.877497
81	176	0.312179
81	177	0.87101
81	178	0.885951
81	179	0.86856
81	180	0.867034
82	28	2.07965
82	64	1.60443
82	69	0.843797
82	114	0.861906
82	120	0.849425
82	121	0.848321
82	124	0.873258
82	125	0.866743
82	126	0.865625
82	127	1.12809
82	139	0.876905
82	144	0.864958
82	145	0.886742
82	164	0.817667
82	171	0.766875
82	174	0.789393
82	175	0.774318
82	177	0.767831
82	180	0.763854
83	11	0.880021
83	33	0.829846
83	58	0.884948
83	59	0.90024
83	66	0.952086
83	68	0.87814
83	74	0.949365
83	91	0.911398
83	93	0.891304
83	95	0.887976
83	97	0.889768
83	111	0.899993
83	117	0.933748
83	128	0.858184
83	153	1.66057
83	161	0.852372
83	169	0.853081
83	174	2.9393
83	180	3.96587
84	15	0.848268
84	27	2.04218
84	42	1.76306
84	67	0.90021
84	73	2.19476
84	108	0.865017
84	118	0.840389
84	127	0.840601
84	139	0.864448
84	141	0.860567
84	144	0.8525
84	145	0.874284
84	154	0.796684
84	164	0.80521
84	172	0.788217
84	176	0.866259
84	177	0.755373
84	178	0.770314
84	179	0.752923
84	180	0.751397
85	7	0.93714
85	16	0.850545
85	38	0.897482
85	49	0.873329
85	64	0.915316
85	70	0.845133
85	86	0.870974
85	94	0.872749
85	115	0.867575
85	123	0.880954
85	127	0.860642
85	131	2.58181
85	134	0.912448
85	137	2.50284
85	138	2.67877
85	141	0.880607
85	149	0.813644
85	151	1.4634
85	169	0.826646
85	176	0.8863
86	7	0.934096
86	9	0.837566
86	38	0.894437
86	67	0.917206
86	85	0.870974
86	94	0.869705
86	96	0.856072
86	108	0.882013
86	115	0.864531
86	123	0.87791
86	127	0.857598
86	130	1.92308
86	134	0.909403
86	141	0.877563
86	146	1.35125
86	149	0.8106
86	151	2.19767
86	165	3.70942
86	169	0.823601
86	176	0.883256
87	2	1.40675
87	92	0.371184
87	122	0.244778
87	124	1.18994
87	153	0.950638
87	157	0.892714
87	159	0.905076
87	162	0.889124
87	165	0.878289
87	166	0.874944
87	167	0.825854
87	171	0.856916
87	172	0.890715
87	173	0.894703
87	174	0.879433
87	175	0.864359
87	177	0.857871
87	178	0.872812
87	179	0.855421
87	180	0.853895
88	61	1.75339
88	99	0.992407
88	118	1.01398
88	154	0.896369
88	155	0.915822
88	157	0.889901
88	158	0.906004
88	162	0.886311
88	163	0.937362
88	166	0.872131
88	167	0.823042
88	171	0.854103
88	172	0.887903
88	174	0.87662
88	175	0.861546
88	176	0.617038
88	177	0.855059
88	178	0.87
88	179	0.852608
88	180	0.851082
89	21	0.89716
89	27	2.63618
89	100	2.15029
89	158	0.808679
89	159	0.804938
89	162	0.788986
89	163	0.840037
89	165	0.778151
89	166	0.774806
89	167	0.725717
89	171	0.756778
89	172	0.790578
89	173	0.794565
89	174	0.779295
89	175	0.764221
89	177	0.757734
89	178	0.772675
89	179	0.755284
89	180	0.753757
90	1	0.824842
90	2	0.929503
90	8	0.843615
90	22	0.915769
90	24	0.904139
90	28	0.822233
90	34	0.881005
90	44	0.876504
90	48	0.861358
90	53	0.930849
90	71	0.899784
90	75	1.0247
90	77	0.89835
90	99	0.900244
90	119	1.4633
90	164	0.821153
90	170	0.793961
90	173	2.66996
90	175	3.49131
90	176	0.882202
91	11	0.86453
91	26	0.942586
91	33	0.814354
91	58	0.869457
91	59	0.884749
91	66	0.936595
91	74	0.933873
91	83	0.911398
91	95	0.872484
91	97	0.874277
91	107	0.853071
91	111	0.884501
91	128	0.842692
91	137	0.821185
91	150	2.51655
91	161	0.83688
91	162	2.50459
91	167	9.95256
91	169	0.83759
91	179	1.3256
92	56	0.882363
92	60	0.807334
92	76	0.914739
92	87	0.371184
92	112	0.887688
92	114	0.878349
92	120	0.865867
92	121	0.864764
92	123	0.889814
92	126	0.882068
92	127	0.869502
92	141	0.889467
92	160	0.892257
92	161	0.834796
92	162	3.1497
92	166	2.99914
92	168	0.777804
92	169	0.835505
92	170	0.806918
92	176	0.895159
92	178	2.44574
93	5	0.874411
93	11	0.844436
93	19	0.79044
93	26	0.922493
93	33	0.794261
93	58	0.849363
93	59	0.864656
93	66	0.916501
93	74	0.91378
93	83	0.891304
93	95	0.852391
93	96	1.83183
93	97	0.854183
93	98	0.937345
93	107	0.832977
93	111	0.864408
93	132	2.87765
93	134	0.903298
93	161	0.816787
93	164	2.95646
93	169	0.817497
94	9	0.839341
94	38	0.896213
94	39	0.821505
94	49	0.87206
94	64	0.914047
94	70	0.843864
94	85	0.872749
94	86	0.869705
94	96	0.857848
94	108	0.883789
94	115	0.866306
94	123	0.879685
94	127	0.859373
94	137	2.1709
94	138	2.34684
94	141	0.879339
94	146	1.11859
94	149	0.812375
94	169	0.825377
94	176	0.885031
94	179	4.28683
95	26	0.919164
95	33	0.790932
95	58	0.846035
95	59	0.861327
95	66	0.913173
95	68	0.839226
95	74	0.910452
95	83	0.887976
95	91	0.872484
95	93	0.852391
95	97	0.850855
95	98	0.934017
95	111	0.861079
95	134	0.89997
95	137	0.797763
95	156	1.82888
95	157	2.97272
95	161	0.813459
95	163	1.33792
95	169	0.814168
95	171	3.70294
96	32	0.882942
96	49	0.858428
96	73	0.896381
96	79	0.824527
96	86	0.856072
96	93	1.83183
96	94	0.857848
96	102	1.68964
96	114	0.854588
96	121	0.841003
96	126	0.858308
96	127	0.845741
96	139	0.984153
96	141	0.865706
96	174	0.782075
96	175	0.767
96	177	0.760513
96	178	0.775454
96	179	0.758063
96	180	0.756536
97	11	0.8429
97	26	0.920957
97	58	0.847828
97	59	0.86312
97	63	0.371089
97	66	0.914965
97	68	0.841019
97	74	0.912244
97	83	0.889768
97	91	0.874277
97	93	0.854183
97	95	0.850855
97	107	0.831441
97	111	0.862872
97	128	0.821063
97	134	0.901763
97	154	2.01313
97	161	0.815251
97	164	1.50265
97	168	4.97596
97	169	0.815961
98	24	1.0626
98	31	1.25011
98	33	0.875887
98	64	0.987792
98	66	0.998127
98	79	1.4954
98	93	0.937345
98	95	0.934017
98	108	0.957534
98	115	0.940052
98	127	0.933119
98	129	0.980518
98	137	0.882718
98	141	0.953084
98	160	0.285564
98	169	0.899123
98	171	0.846935
98	173	0.884722
98	177	0.847891
98	178	0.862832
98	179	0.845441
98	180	0.843914
99	1	0.859264
99	2	0.963925
99	8	0.878037
99	15	0.821661
99	22	0.950191
99	24	0.938561
99	28	0.856655
99	34	0.915427
99	44	0.910926
99	48	0.89578
99	52	2.31108
99	53	0.965271
99	71	0.934206
99	77	0.932772
99	88	0.992407
99	90	0.900244
99	107	0.872451
99	136	2.25202
99	147	1.80575
99	164	0.855575
99	170	0.828382
99	176	0.916624
100	6	0.132077
100	13	0.962132
100	45	0.894532
100	89	2.15029
100	103	0.914883
100	106	0.872373
100	109	0.899416
100	113	0.885867
100	118	0.883797
100	122	0.912828
100	124	0.904209
100	125	0.897694
100	129	0.879189
100	139	0.907856
100	144	0.895909
100	145	0.917693
100	153	1.40119
100	158	2.10745
100	160	0.906766
100	164	0.848618
100	168	0.792313
100	176	0.909668
100	180	3.70649
101	9	2.00212
101	34	1.33899
101	46	1.42487
101	50	2.13401
101	153	0.915097
101	154	0.863642
101	155	0.883095
101	156	0.881479
101	157	0.857174
101	162	0.853584
101	163	0.904635
101	165	0.842748
101	166	0.839404
101	167	0.790314
101	171	0.821375
101	172	0.855175
101	173	0.859163
101	174	0.843893
101	175	0.828818
101	177	0.822331
101	178	0.837272
101	179	0.819881
101	180	0.818354
102	45	0.899035
102	62	0.885576
102	96	1.68964
102	103	0.919386
102	105	2.52314
102	106	0.876876
102	109	0.903919
102	113	0.89037
102	118	0.888301
102	122	0.917331
102	124	0.908712
102	125	0.902197
102	129	0.883692
102	133	1.25264
102	139	0.91236
102	140	2.36972
102	142	2.2233
102	144	0.900412
102	145	0.922196
102	160	0.911269
102	164	0.853122
102	168	0.796816
102	176	0.914171
103	13	0.956261
103	80	0.913013
103	100	0.914883
103	102	0.919386
103	106	0.866502
103	109	0.893545
103	113	0.879996
103	118	0.877927
103	122	0.906957
103	124	0.898338
103	125	0.891823
103	129	0.873318
103	133	0.980642
103	139	0.901986
103	144	0.890038
103	145	0.911822
103	149	2.81017
103	160	0.900895
103	166	3.0606
103	168	0.786442
103	169	2.04777
103	173	2.38662
103	176	0.903797
104	12	0.857064
104	32	0.90798
104	59	1.53159
104	67	0.896549
104	68	2.79103
104	69	0.861518
104	72	1.68083
104	109	0.886186
104	112	0.888966
104	121	0.866042
104	122	0.899598
104	126	0.883346
104	129	0.865959
104	139	0.894626
104	144	0.882678
104	145	0.904463
104	171	0.784596
104	172	0.818396
104	175	0.792039
104	177	0.785552
104	178	0.800493
104	179	0.783102
104	180	0.781575
105	102	2.52314
105	131	0.828223
105	154	0.820771
105	155	0.840224
105	156	0.838609
105	157	0.814303
105	158	0.830406
105	159	0.826665
105	160	1.42375
105	162	0.810713
105	163	0.861764
105	166	0.796533
105	167	0.747444
105	171	0.778505
105	172	0.812305
105	173	0.816292
105	174	0.801022
105	175	0.785948
105	176	1.25217
105	177	0.779461
105	178	0.794402
105	179	0.777011
105	180	0.775484
106	45	0.846151
106	62	0.832692
106	80	0.870503
106	100	0.872373
106	102	0.876876
106	103	0.866502
106	113	0.837486
106	118	0.835417
106	122	0.864447
106	124	0.855828
106	125	0.849313
106	129	0.830808
106	139	0.859475
106	144	0.847528
106	145	0.869312
106	146	1.0887
106	160	0.858385
106	164	0.800238
106	168	0.743932
106	172	1.85388
106	176	0.861287
106	179	4.17535
106	180	3.52979
107	28	0.79444
107	33	0.771519
107	43	0.825049
107	59	0.841914
107	77	0.870556
107	91	0.853071
107	93	0.832977
107	97	0.831441
107	99	0.872451
107	111	0.841666
107	118	1.69414
107	123	1.43451
107	145	1.76933
107	155	0.804287
107	164	0.793359
107	170	0.766167
107	173	0.780354
107	174	0.765085
107	175	0.75001
107	176	0.854409
107	177	0.743523
107	178	0.758464
107	179	0.741073
107	180	0.739546
108	7	0.94818
108	9	0.85165
108	15	0.879348
108	16	0.861585
108	39	0.833813
108	47	0.853903
108	49	0.884369
108	67	0.93129
108	70	0.856172
108	84	0.865017
108	86	0.882013
108	94	0.883789
108	98	0.957534
108	110	1.67204
108	115	0.878615
108	127	0.871682
108	134	0.923488
108	141	0.891647
108	143	3.01564
108	146	1.52237
108	148	2.04592
108	164	3.00934
108	169	0.837686
108	176	0.89734
109	45	0.873194
109	62	0.859735
109	80	0.897546
109	100	0.899416
109	102	0.903919
109	103	0.893545
109	104	0.886186
109	113	0.864529
109	116	3.48851
109	118	0.862459
109	122	0.89149
109	124	0.882871
109	125	0.876356
109	129	0.857851
109	139	0.886518
109	144	0.874571
109	145	0.896355
109	158	1.4794
109	160	0.885428
109	162	2.64609
109	164	0.827281
109	168	0.770975
109	170	2.45405
109	174	2.05188
109	176	0.88833
110	74	1.16476
110	108	1.67204
110	113	0.747877
110	125	0.928079
110	152	0.912151
110	154	0.892067
110	156	0.909905
110	157	0.885599
110	158	0.901702
110	159	0.897961
110	160	0.377579
110	162	0.882009
110	163	0.93306
110	165	0.871173
110	166	0.867829
110	167	0.818739
110	171	0.8498
110	172	0.8836
110	173	0.887588
110	174	0.872318
110	175	0.857243
110	177	0.850756
110	178	0.865697
110	179	0.848306
110	180	0.84678
111	10	1.02406
111	11	0.853125
111	26	0.931181
111	33	0.802949
111	58	0.858052
111	59	0.873344
111	66	0.92519
111	68	0.851243
111	74	0.922468
111	83	0.899993
111	91	0.884501
111	93	0.864408
111	95	0.861079
111	97	0.862872
111	107	0.841666
111	128	0.831287
111	134	0.911987
111	136	1.03442
111	137	0.80978
111	140	0.899114
111	161	0.825475
111	168	4.81697
111	169	0.826185
111	172	1.53701
111	177	3.57944
112	20	0.84095
112	27	0.931074
112	32	0.902653
112	35	0.90541
112	36	0.906974
112	56	0.878314
112	57	0.873815
112	69	0.856191
112	73	0.916093
112	78	0.851526
112	79	0.844239
112	92	0.887688
112	104	0.888966
112	114	0.8743
112	120	0.861819
112	121	0.860715
112	126	0.878019
112	137	0.815052
112	140	1.62796
112	149	0.818455
112	152	2.16853
112	159	2.36851
112	160	0.888208
112	161	2.22605
112	162	3.50941
113	15	0.856789
113	21	1.18134
113	25	0.895697
113	46	0.946634
113	80	0.883997
113	100	0.885867
113	102	0.89037
113	103	0.879996
113	106	0.837486
113	109	0.864529
113	110	0.747877
113	118	0.84891
113	122	0.877941
113	124	0.869322
113	125	0.862807
113	129	0.844302
113	139	0.872969
113	144	0.861022
113	145	0.882806
113	160	0.871878
113	164	0.813731
113	168	0.757426
113	169	2.3587
113	173	2.69754
113	175	3.51889
113	176	0.874781
114	12	0.842398
114	15	1.39027
114	27	0.921735
114	32	0.893314
114	35	0.89607
114	36	0.897635
114	56	0.868975
114	57	0.864476
114	65	0.845107
114	69	0.846852
114	73	0.906754
114	78	0.842187
114	79	0.8349
114	82	0.861906
114	92	0.878349
114	96	0.854588
114	112	0.8743
114	120	0.852479
114	121	0.851376
114	126	0.86868
114	134	1.76795
114	135	1.66742
114	146	1.6429
114	149	0.809116
114	160	0.878869
114	170	4.37473
115	7	0.930698
115	9	0.834167
115	14	0.937997
115	16	0.844103
115	39	0.816331
115	43	0.850498
115	70	0.83869
115	75	0.862198
115	85	0.867575
115	86	0.864531
115	94	0.866306
115	98	0.940052
115	108	0.878615
115	123	0.874512
115	127	0.854199
115	128	0.825305
115	134	0.906005
115	135	1.28397
115	141	0.874165
115	149	0.807201
115	157	3.12776
115	158	2.2889
115	169	0.820203
115	172	2.21204
115	176	0.879857
115	180	3.88794
116	24	4.01149
116	109	3.48851
116	132	0.825377
116	138	0.7913
116	153	0.821745
116	154	0.770289
116	155	0.789742
116	156	0.788127
116	157	0.763821
116	158	0.779924
116	159	0.776183
116	162	0.760231
116	163	0.811282
116	165	0.749396
116	166	0.746051
116	167	0.696961
116	171	0.728023
116	172	0.761822
116	173	0.76581
116	174	0.75054
116	175	0.735465
116	177	0.728978
116	178	0.743919
116	179	0.726528
116	180	0.725002
117	39	2.28911
117	65	1.46567
117	68	1.54035
117	83	0.933748
117	129	0.675377
117	152	0.933818
117	153	0.96519
117	154	0.913734
117	156	0.931571
117	157	0.907266
117	158	0.923368
117	159	0.919628
117	162	0.903676
117	163	0.954727
117	165	0.89284
117	166	0.889496
117	167	0.840406
117	171	0.871467
117	172	0.905267
117	173	0.909255
117	174	0.893985
117	175	0.87891
117	176	0.381327
117	177	0.872423
117	178	0.887364
117	179	0.869973
117	180	0.868446
118	25	0.893628
118	45	0.857575
118	62	0.844117
118	80	0.881927
118	84	0.840389
118	88	1.01398
118	100	0.883797
118	102	0.888301
118	103	0.877927
118	106	0.835417
118	107	1.69414
118	109	0.862459
118	113	0.84891
118	122	0.875872
118	124	0.867252
118	125	0.860738
118	129	0.842232
118	139	0.8709
118	144	0.858952
118	145	0.880737
118	147	1.82732
118	155	2.70785
118	160	0.869809
118	164	0.811662
118	168	0.755356
118	176	0.872711
118	178	3.31579
119	38	2.34269
119	90	1.4633
119	141	1.70659
119	152	0.855275
119	153	0.886646
119	154	0.835191
119	155	0.854644
119	156	0.853028
119	157	0.828723
119	158	0.844825
119	159	0.841085
119	162	0.825133
119	163	0.876184
119	165	0.814297
119	166	0.810953
119	167	0.761863
119	168	0.787411
119	171	0.792924
119	172	0.826724
119	173	0.830712
119	174	0.815442
119	175	0.800367
119	176	0.949002
119	177	0.79388
119	178	0.808821
119	179	0.79143
119	180	0.789903
120	12	0.829917
120	20	0.819129
120	23	0.602567
120	27	0.909253
120	32	0.880833
120	35	0.883589
120	36	0.885153
120	42	0.874378
120	56	0.856493
120	57	0.851994
120	65	0.832626
120	69	0.83437
120	73	0.894272
120	78	0.829705
120	79	0.822418
120	82	0.849425
120	92	0.865867
120	112	0.861819
120	114	0.852479
120	121	0.838894
120	126	0.856199
120	137	0.793231
120	149	0.796634
120	152	1.57832
120	160	0.866388
120	162	2.91921
120	171	3.32159
120	179	3.99712
121	10	0.212495
121	20	0.818025
121	27	0.90815
121	32	0.879729
121	35	0.882485
121	36	0.884049
121	42	0.873274
121	57	0.85089
121	65	0.831522
121	69	0.833266
121	73	0.893168
121	78	0.828602
121	79	0.821314
121	82	0.848321
121	92	0.864764
121	96	0.841003
121	104	0.866042
121	112	0.860715
121	114	0.851376
121	120	0.838894
121	126	0.855095
121	137	0.792127
121	147	1.58323
121	149	0.79553
121	151	1.6982
121	160	0.865284
121	171	4.17803
121	180	4.208
122	25	0.922658
122	45	0.886606
122	46	0.973596
122	62	0.873147
122	87	0.244778
122	100	0.912828
122	102	0.917331
122	103	0.906957
122	104	0.899598
122	106	0.864447
122	109	0.89149
122	113	0.877941
122	118	0.875872
122	124	0.896283
122	125	0.889768
122	129	0.871263
122	139	0.899931
122	143	1.59269
122	144	0.887983
122	145	0.909767
122	155	1.7114
122	157	2.69545
122	160	0.89884
122	164	0.840693
122	166	2.87273
122	168	0.784387
122	176	0.901742
122	177	3.82216
123	7	0.944077
123	9	0.847546
123	14	0.951376
123	16	0.857482
123	18	0.351945
123	38	0.904418
123	39	0.82971
123	43	0.863877
123	49	0.880265
123	63	0.879842
123	64	0.922252
123	67	0.927187
123	85	0.880954
123	86	0.87791
123	92	0.889814
123	94	0.879685
123	107	1.43451
123	115	0.874512
123	127	0.867579
123	128	0.838684
123	134	0.919384
123	141	0.887544
123	149	0.820581
123	153	1.88716
123	156	2.28843
123	165	3.1944
123	169	0.833582
123	173	2.93557
123	176	0.893236
124	25	0.914039
124	45	0.877986
124	46	0.964976
124	62	0.864528
124	80	0.902339
124	82	0.873258
124	87	1.18994
124	100	0.904209
124	102	0.908712
124	103	0.898338
124	106	0.855828
124	109	0.882871
124	113	0.869322
124	118	0.867252
124	122	0.896283
124	125	0.881149
124	129	0.862644
124	135	1.06909
124	139	0.891311
124	144	0.879364
124	145	0.901148
124	148	1.56813
124	149	3.56746
124	160	0.89022
124	161	2.68509
124	164	0.832073
124	168	0.775768
124	172	2.7249
124	176	0.893123
125	13	0.939072
125	25	0.907525
125	37	0.77852
125	43	1.08567
125	46	0.958462
125	62	0.858013
125	80	0.895824
125	82	0.866743
125	100	0.897694
125	102	0.902197
125	103	0.891823
125	106	0.849313
125	109	0.876356
125	110	0.928079
125	113	0.862807
125	118	0.860738
125	122	0.889768
125	124	0.881149
125	129	0.856129
125	138	2.8402
125	139	0.884797
125	144	0.872849
125	145	0.894633
125	148	1.30196
125	160	0.883706
125	164	0.825559
125	165	3.13658
125	168	0.769253
125	174	3.10807
125	176	0.886608
126	12	0.846118
126	20	0.83533
126	27	0.925454
126	32	0.897033
126	35	0.89979
126	36	0.901354
126	42	0.890579
126	56	0.872694
126	57	0.868195
126	65	0.848826
126	69	0.850571
126	73	0.910473
126	78	0.845906
126	79	0.838619
126	82	0.865625
126	92	0.882068
126	96	0.858308
126	104	0.883346
126	112	0.878019
126	114	0.86868
126	120	0.856199
126	121	0.855095
126	137	0.809432
126	140	1.17552
126	149	0.812835
126	160	0.882588
126	166	2.90642
126	171	3.45936
126	173	2.23244
126	174	2.46276
126	178	2.35303
127	7	0.923764
127	14	0.931064
127	16	0.83717
127	38	0.884106
127	39	0.809398
127	49	0.859953
127	63	0.85953
127	64	0.90194
127	67	0.906875
127	70	0.831757
127	82	1.12809
127	84	0.840601
127	85	0.860642
127	86	0.857598
127	92	0.869502
127	94	0.859373
127	96	0.845741
127	98	0.933119
127	108	0.871682
127	115	0.854199
127	123	0.867579
127	128	0.818372
127	134	0.899072
127	141	0.867232
127	150	1.40459
127	152	2.37015
127	157	3.3832
127	169	0.81327
127	172	2.46748
127	173	2.8865
127	176	0.872924
128	9	0.79834
128	14	0.902169
128	36	2.31473
128	45	2.31092
128	46	2.34382
128	47	0.800593
128	62	2.63052
128	74	0.880659
128	83	0.858184
128	91	0.842692
128	97	0.821063
128	111	0.831287
128	115	0.825305
128	123	0.838684
128	127	0.818372
128	134	0.870178
128	137	0.767971
128	141	0.838338
128	149	0.771374
128	153	0.825911
128	161	0.783666
128	166	0.750217
128	169	0.784376
128	171	0.732188
128	172	0.765988
128	173	0.769976
128	175	0.739631
128	176	0.84403
128	177	0.733144
128	178	0.748085
128	179	0.730694
128	180	0.729168
129	13	0.920567
129	25	0.889019
129	43	1.94944
129	45	0.852967
129	46	0.939957
129	47	0.824666
129	62	0.839508
129	63	0.854708
129	75	0.850443
129	80	0.877319
129	98	0.980518
129	100	0.879189
129	102	0.883692
129	103	0.873318
129	104	0.865959
129	106	0.830808
129	109	0.857851
129	113	0.844302
129	117	0.675377
129	118	0.842232
129	122	0.871263
129	124	0.862644
129	125	0.856129
129	133	1.56751
129	137	3.52804
129	139	0.866291
129	144	0.854344
129	145	0.876128
129	160	0.865201
129	161	3.28269
129	168	0.750748
129	176	0.868103
130	57	1.81392
130	76	1.36698
130	86	1.92308
130	145	1.7429
130	147	0.900653
130	148	0.913969
130	150	0.890934
130	151	0.894191
130	152	0.854398
130	153	0.885769
130	154	0.834313
130	155	0.853766
130	156	0.852151
130	157	0.827845
130	158	0.843948
130	159	0.840207
130	160	0.799742
130	162	0.824255
130	163	0.875306
130	165	0.81342
130	166	0.810075
130	167	0.760986
130	171	0.792047
130	172	0.825847
130	173	0.829834
130	174	0.814564
130	175	0.79949
130	177	0.793003
130	178	0.807944
130	179	0.790552
130	180	0.789026
131	4	0.79628
131	20	3.62153
131	85	2.58181
131	105	0.828223
131	139	2.58666
131	140	0.82974
131	147	0.833223
131	148	0.846539
131	150	0.823504
131	151	0.826762
131	152	0.786968
131	153	0.818339
131	154	0.766884
131	155	0.786337
131	156	0.784721
131	157	0.760416
131	158	0.776518
131	159	0.772778
131	162	0.756826
131	163	0.807877
131	165	0.74599
131	166	0.742646
131	167	0.693556
131	171	0.724617
131	172	0.758417
131	173	0.762405
131	174	0.747135
131	175	0.73206
131	177	0.725573
131	178	0.740514
131	179	0.723123
131	180	0.721596
132	13	2.11693
132	32	1.5476
132	53	1.56971
132	55	2.08811
132	93	2.87765
132	116	0.825377
132	136	0.862821
132	146	0.926157
132	147	0.880859
132	148	0.894176
132	150	0.871141
132	151	0.874398
132	152	0.834604
132	153	0.865976
132	154	0.81452
132	155	0.833973
132	156	0.832358
132	157	0.808052
132	158	0.824155
132	159	0.820414
132	162	0.804462
132	163	0.855513
132	165	0.793627
132	166	0.790282
132	167	0.741192
132	171	0.772253
132	172	0.806053
132	173	0.810041
132	174	0.794771
132	175	0.779696
132	177	0.773209
132	178	0.78815
132	179	0.770759
132	180	0.769233
133	39	3.18125
133	58	0.919759
133	72	1.32228
133	102	1.25264
133	103	0.980642
133	129	1.56751
133	142	0.919842
133	143	0.895804
133	144	0.408363
133	146	0.98212
133	148	0.950138
133	150	0.927103
133	151	0.93036
133	152	0.890567
133	153	0.921938
133	154	0.870483
133	155	0.889936
133	156	0.88832
133	157	0.864015
133	158	0.880117
133	159	0.876377
133	162	0.860425
133	163	0.911476
133	165	0.849589
133	166	0.846245
133	167	0.797155
133	171	0.828216
133	172	0.862016
133	173	0.866004
133	174	0.850734
133	175	0.835659
133	177	0.829172
133	178	0.844113
133	179	0.826722
133	180	0.825195
134	20	1.78174
134	31	2.03682
134	35	0.750221
134	48	2.03164
134	57	1.36713
134	58	0.896943
134	64	0.953746
134	68	0.890134
134	77	0.764502
134	85	0.912448
134	86	0.909403
134	93	0.903298
134	95	0.89997
134	97	0.901763
134	108	0.923488
134	111	0.911987
134	114	1.76795
134	115	0.906005
134	123	0.919384
134	127	0.899072
134	128	0.870178
134	141	0.919037
134	161	0.864366
134	165	0.834261
134	169	0.865076
134	171	0.812888
134	172	0.846688
134	173	0.850676
134	174	0.835406
134	175	0.820331
134	176	0.92473
134	177	0.813844
134	178	0.828785
134	179	0.811394
134	180	0.809867
135	50	1.8489
135	70	1.54507
135	72	1.42146
135	114	1.66742
135	115	1.28397
135	124	1.06909
135	142	0.911599
135	143	0.887561
135	145	1.19558
135	146	0.973877
135	147	0.928579
135	148	0.941896
135	150	0.91886
135	151	0.922118
135	152	0.882324
135	153	0.913696
135	154	0.86224
135	155	0.881693
135	156	0.880078
135	157	0.855772
135	158	0.871874
135	159	0.868134
135	162	0.852182
135	163	0.903233
135	165	0.841346
135	166	0.838002
135	167	0.788912
135	171	0.819973
135	172	0.853773
135	173	0.857761
135	174	0.842491
135	175	0.827416
135	177	0.820929
135	178	0.83587
135	179	0.818479
135	180	0.816952
136	64	2.44124
