1	16	1.44989
1	46	0.800899
1	49	0.806628
1	82	0.798894
1	95	0.799567
1	109	0.806496
1	116	0.773121
1	135	0.805409
1	141	0.804179
1	163	0.804806
1	173	1.61134
1	178	1.74415
2	70	1.51148
2	150	0.79523
2	160	0.797821
2	162	0.79538
2	164	1.6603
2	165	0.818067
2	171	1.6229
2	176	0.802915
2	177	0.80226
2	178	0.785863
2	179	0.803723
2	180	0.798739
3	7	0.857718
3	14	1.63595
3	21	1.39816
3	50	0.804585
3	54	0.795833
3	55	0.796504
3	80	0.780003
3	91	0.739808
3	93	0.793947
3	97	0.813464
3	100	0.818139
3	178	1.76947
4	49	0.897655
4	66	0.870352
4	85	0.939888
4	98	1.30067
4	119	1.2605
4	141	0.895206
4	144	1.08733
4	147	1.16059
4	170	0.895969
4	172	0.896044
4	173	0.917512
4	175	0.887374
5	16	1.43797
5	147	1.70183
5	155	1.66623
5	157	0.816074
5	161	0.796794
5	164	0.792757
5	166	0.793273
5	167	0.816622
5	170	0.79857
5	171	0.797291
5	172	0.798645
5	175	0.789975
6	8	1.15207
6	13	1.07724
6	27	1.03421
6	38	0.916058
6	43	0.893577
6	45	0.948122
6	76	0.99581
6	101	0.968133
6	105	1.01294
6	174	1.00976
7	3	0.857718
7	29	1.34611
7	54	0.908366
7	80	0.892536
7	91	0.85234
7	93	0.906479
7	97	0.925996
7	100	0.930672
7	137	0.925893
7	169	1.12874
7	173	1.09173
7	174	1.24128
8	6	1.15207
8	13	1.07724
8	38	0.916058
8	43	0.893577
8	45	0.948122
8	48	1.12218
8	104	0.919655
8	105	1.01294
8	168	1.00029
8	180	0.962054
9	43	0.824809
9	44	0.898315
9	45	0.879354
9	49	1.28108
9	51	0.884632
9	69	0.919765
9	125	1.2201
9	166	1.17097
9	167	1.1212
9	176	0.938118
9	178	0.921066
9	180	0.933942
10	76	1.68778
10	148	1.50675
10	159	0.794392
10	161	0.798296
10	164	0.794258
10	167	0.818123
10	168	0.804445
10	170	0.800071
10	171	0.798792
10	172	0.800146
10	175	0.791477
10	179	1.61176
11	82	0.795661
11	89	1.58592
11	94	0.802166
11	109	0.803263
11	113	0.787756
11	117	0.805883
11	135	0.802176
11	137	1.52662
11	141	0.800947
11	149	0.800574
11	163	0.801573
11	168	1.68945
12	15	1.21637
12	46	0.902093
12	77	0.910987
12	95	0.900761
12	109	0.907689
12	113	0.892182
12	116	0.874314
12	133	1.22288
12	135	0.906602
12	141	0.905372
12	173	1.13432
12	180	1.2339
13	6	1.07724
13	8	1.07724
13	38	0.841229
13	43	0.818748
13	45	0.873293
13	74	0.974144
13	105	0.938114
13	151	1.11145
13	163	1.14673
13	173	0.999733
13	174	1.14929
14	3	1.63595
14	49	0.874507
14	82	0.866773
14	95	0.867446
14	109	0.874375
14	112	1.29366
14	113	0.858867
14	116	0.841
14	135	0.873288
14	141	0.872058
14	149	0.871685
14	173	1.08637
14	180	1.18595
15	12	1.21637
15	132	0.871307
15	151	0.870662
15	152	1.39068
15	165	0.882749
15	168	1.30696
15	170	1.28105
15	174	0.85837
15	176	0.867598
15	177	0.866942
15	178	0.850545
15	179	0.868406
15	180	0.863421
16	1	1.44989
16	5	1.43797
16	45	1.16819
16	122	0.838848
16	125	1.14131
16	147	0.876226
16	169	0.878231
16	174	0.863605
16	176	0.872833
16	177	0.872178
16	178	0.855781
16	179	0.873641
16	180	0.868657
17	37	1.10779
17	40	0.958256
17	44	0.894947
17	47	0.890921
17	51	0.881264
17	69	0.916397
17	140	0.950423
17	154	1.14679
17	158	1.07621
17	176	1.11025
17	179	1.07449
18	23	1.09018
18	77	1.29166
18	91	1.51751
18	98	0.842478
18	162	0.86621
18	169	0.879143
18	174	0.864517
18	175	1.29384
18	176	0.873745
18	177	0.87309
18	178	0.856693
18	179	0.874553
18	180	0.869569
19	98	1.37568
19	119	1.33551
19	161	0.86492
19	162	1.26453
19	164	0.860882
19	166	0.861398
19	167	0.884748
19	168	0.871069
19	170	0.866695
19	171	0.865416
19	172	0.86677
19	175	0.858101
19	180	1.23277
20	59	0.83704
20	62	0.841778
20	64	0.844805
20	65	1.40697
20	79	0.842792
20	84	0.910203
20	85	0.908716
20	149	0.863662
20	162	1.28493
20	163	0.864661
20	173	0.88634
20	174	1.30315
20	179	1.21316
21	3	1.39816
21	24	1.15393
21	31	0.964441
21	54	1.11049
21	100	0.966235
21	116	0.904483
21	117	0.940479
21	141	0.935542
21	171	0.935026
21	172	0.93638
21	175	0.92771
21	177	0.940813
21	179	0.942276
21	180	0.937292
22	28	0.92606
22	50	0.839883
22	54	0.831131
22	80	0.815301
22	83	0.806924
22	88	1.26304
22	91	0.775106
22	93	0.829245
22	97	0.848762
22	100	0.853437
22	127	0.874151
22	141	1.46427
22	163	1.45396
22	170	1.41888
23	18	1.09018
23	53	1.11825
23	79	0.911488
23	84	0.9789
23	116	0.901673
23	135	0.933961
23	141	0.932731
23	154	1.15696
23	159	0.927815
23	170	0.933494
23	173	0.955037
23	175	0.9249
23	178	1.15789
23	179	1.08466
24	21	1.15393
24	59	0.817161
24	62	0.8219
24	64	0.824927
24	66	0.819302
24	79	0.822913
24	84	0.890325
24	85	0.888837
24	110	0.803391
24	128	1.55864
24	137	1.36743
24	163	0.844783
24	173	0.866462
24	178	1.52525
25	131	1.13186
25	134	1.16816
25	135	1.11146
25	156	0.907896
25	157	1.05477
25	162	0.93166
25	172	1.12446
25	173	0.955575
25	174	0.929968
25	176	0.939195
25	177	0.93854
25	178	0.922143
25	179	0.940003
25	180	0.935019
26	38	0.891582
26	43	0.869101
26	45	0.923646
26	47	0.938581
26	51	0.928924
26	69	0.964057
26	91	0.918772
26	93	0.972911
26	97	0.992428
26	103	1.31659
26	154	1.11943
26	158	1.04885
26	172	1.13312
26	173	0.987558
27	6	1.03421
27	38	1.59671
27	79	0.819491
27	83	1.50786
27	94	1.4555
27	134	0.844715
27	163	0.841361
27	170	0.841497
27	173	0.86304
27	174	0.837432
27	175	0.832903
27	178	0.829608
27	179	0.847468
27	180	0.842484
28	22	0.92606
28	54	0.94141
28	55	0.942081
28	80	0.92558
28	83	0.917203
28	91	0.885385
28	93	0.939524
28	97	0.959041
28	100	0.963716
28	101	1.13697
28	158	1.09033
28	162	1.16039
28	165	1.09271
28	180	1.12863
29	7	1.34611
29	84	1.32081
29	92	1.43602
29	123	1.49076
29	133	0.8509
29	138	0.818884
29	147	0.847359
29	169	0.849364
29	174	0.834738
29	176	0.843966
29	177	0.843311
29	178	0.826914
29	179	0.844774
29	180	0.83979
30	38	0.83828
30	43	0.815799
30	45	0.870345
30	83	0.897288
30	97	0.939126
30	100	0.943802
30	113	1.30885
30	164	1.18105
30	167	1.16425
30	171	1.14366
30	172	1.19304
30	177	0.928453
30	178	0.912056
30	179	0.929917
30	180	0.924933
31	21	0.964441
31	59	0.875276
31	62	0.880014
31	66	0.877416
31	79	0.881027
31	84	0.948439
31	85	0.946952
31	88	1.15902
31	110	0.861505
31	120	1.24086
31	149	0.901898
31	163	0.902897
31	164	1.33652
31	173	0.924576
31	180	1.30253
32	150	1.26907
32	155	1.16528
32	160	1.2499
32	161	0.896096
32	164	0.892058
32	166	0.892575
32	167	0.915924
32	168	0.902246
32	169	1.13548
32	170	0.897872
32	171	0.896592
32	172	0.897946
32	173	0.919414
32	175	0.889277
32	177	1.1902
33	61	1.39946
33	73	0.839159
33	124	0.819103
33	125	0.812282
33	130	0.83736
33	138	1.64091
33	164	0.80637
33	167	0.830235
33	168	0.816557
33	169	1.47272
33	170	0.812183
33	171	0.810904
33	172	0.812258
33	175	0.803589
33	179	1.49528
34	73	0.841459
34	120	1.4494
34	125	0.814583
34	134	0.817702
34	139	0.827727
34	145	1.57649
34	164	0.808671
34	166	0.809187
34	167	0.832536
34	170	0.814484
34	171	0.813205
34	172	0.814559
34	175	0.805889
34	179	1.47105
34	180	1.51106
35	40	0.855404
35	44	0.792096
35	47	0.788069
35	68	1.33768
35	69	0.813545
35	107	1.64932
35	116	0.794914
35	135	0.827203
35	141	0.825973
35	162	1.54671
35	168	0.83111
35	170	0.826735
35	172	0.82681
35	175	0.818141
35	179	1.47494
36	96	1.22208
36	107	1.28951
36	131	0.906033
36	139	0.913136
36	146	1.13254
36	149	1.21593
36	161	0.898117
36	164	0.894079
36	166	0.894596
36	168	0.904267
36	170	0.899893
36	171	0.898613
36	172	0.899967
36	175	0.891298
36	176	1.15089
37	17	1.10779
37	40	1.05826
37	44	0.994947
37	47	0.990921
37	51	0.981264
37	69	1.0164
37	114	0.891393
37	125	1.12343
37	137	0.882754
37	140	1.05042
37	173	0.907761
37	177	0.99949
38	6	0.916058
38	8	0.916058
38	13	0.841229
38	26	0.891582
38	27	1.59671
38	30	0.83828
38	41	0.820438
38	42	0.816773
38	43	0.657569
38	45	0.712115
38	74	0.812965
38	105	0.776935
38	129	1.58828
38	137	1.3977
38	173	1.42271
39	41	1.15882
39	110	1.49883
39	119	0.863324
39	134	1.25054
39	152	1.28283
39	154	0.874212
39	160	0.870163
39	165	0.890408
39	168	1.19911
39	169	0.880655
39	174	0.866029
39	176	0.875257
39	177	0.874602
39	178	0.858204
39	179	0.876065
39	180	0.871081
40	17	0.958256
40	35	0.855404
40	37	1.05826
40	44	0.84541
40	47	0.841383
40	51	0.831727
40	69	0.866859
40	74	0.927299
40	88	0.91452
40	114	1.15896
40	121	1.21648
40	140	0.900885
40	148	1.12989
40	158	1.23661
40	177	1.26705
41	38	0.820438
41	39	1.15882
41	43	0.797957
41	44	0.871463
41	45	0.852502
41	47	0.867437
41	51	0.85778
41	61	1.14837
41	69	0.892913
41	122	1.47134
41	124	0.913023
41	145	1.34963
41	167	0.924155
41	171	0.904824
41	175	0.897508
41	176	1.27996
42	38	0.816773
42	43	0.794292
42	45	0.848838
42	68	1.07951
42	75	1.51886
42	83	0.875781
42	91	0.843963
42	93	0.898102
42	96	1.32372
42	100	0.922295
42	142	1.27205
42	170	0.902438
42	171	0.901159
42	172	0.902513
42	175	0.893844
42	179	1.21677
43	6	0.893577
43	8	0.893577
43	9	0.824809
43	13	0.818748
43	26	0.869101
43	30	0.815799
43	38	0.657569
43	41	0.797957
43	42	0.794292
43	45	0.689634
43	74	0.790484
43	105	0.754454
43	158	1.61361
43	169	1.58933
43	173	1.55232
43	180	1.6519
44	9	0.898315
44	17	0.894947
44	35	0.792096
44	37	0.994947
44	40	0.84541
44	41	0.871463
44	47	0.778075
44	51	0.768418
44	69	0.803551
44	74	0.863991
44	88	0.851211
44	101	1.39232
44	140	0.837577
44	155	1.3512
44	167	1.40117
44	173	1.28439
44	177	1.37612
45	6	0.948122
45	8	0.948122
45	9	0.879354
45	13	0.873293
45	16	1.16819
45	26	0.923646
45	30	0.870345
45	38	0.712115
45	41	0.852502
45	42	0.848838
45	43	0.689634
45	74	0.84503
45	104	1.38682
45	105	0.808999
45	139	1.3943
45	176	1.42497
45	180	1.42922
46	1	0.800899
46	12	0.902093
46	72	0.874553
46	77	0.85219
46	82	0.84129
46	94	0.847794
46	95	0.841963
46	113	0.833385
46	117	0.851512
46	122	1.51079
46	135	0.847805
46	141	0.846575
46	150	1.39468
46	158	0.85994
46	159	1.38832
46	165	1.28774
46	173	1.22408
47	17	0.890921
47	26	0.938581
47	35	0.788069
47	37	0.990921
47	40	0.841383
47	41	0.867437
47	44	0.778075
47	51	0.764392
47	52	1.41498
47	69	0.799524
47	74	0.859964
47	88	0.847184
47	90	1.34367
47	137	1.22788
47	140	0.83355
47	150	1.42349
47	163	1.39989
48	8	1.12218
48	56	1.46214
48	87	0.822829
48	97	1.39369
48	129	0.83561
48	130	1.39112
48	133	0.863058
48	147	0.859516
48	157	1.42267
48	160	0.851029
48	169	0.861521
48	174	0.846895
48	176	0.856123
48	177	0.855468
48	178	0.839071
48	179	0.856931
48	180	0.851947
49	1	0.806628
49	4	0.897655
49	9	1.28108
49	14	0.874507
49	60	0.833297
49	77	0.857919
49	109	0.854621
49	113	0.839114
49	116	0.821246
49	117	0.857241
49	121	1.4049
49	135	0.853534
49	140	1.3242
49	141	0.852304
49	148	1.31831
49	149	0.851932
49	170	1.47566
50	3	0.804585
50	22	0.839883
50	54	0.855233
50	55	0.855903
50	63	1.4705
50	80	0.839403
50	83	0.831025
50	91	0.799207
50	93	0.853346
50	97	0.872863
50	100	0.877539
50	114	1.29681
50	127	0.898252
50	137	0.872761
50	158	1.37446
50	169	1.35018
50	173	1.31318
51	9	0.884632
51	17	0.881264
51	26	0.928924
51	37	0.981264
51	40	0.831727
51	41	0.85778
51	44	0.768418
51	47	0.764392
51	69	0.789868
51	74	0.850308
51	88	0.837528
51	101	1.37592
51	114	1.25163
51	128	1.4342
51	140	0.823894
51	158	1.32929
51	172	1.41356
52	47	1.41498
52	70	1.23394
52	93	1.36504
52	121	0.866897
52	143	1.4185
52	148	0.874334
52	150	0.843066
52	156	0.819451
52	165	0.865902
52	169	0.856149
52	170	1.3611
52	174	0.841523
52	176	0.850751
52	177	0.850096
52	178	0.833698
52	179	0.851559
52	180	0.846575
53	23	1.11825
53	59	1.44041
53	79	1.39734
53	98	0.821773
53	113	1.44163
53	125	1.39592
53	126	0.881018
53	133	0.859974
53	150	0.845355
53	162	0.845505
53	169	0.858438
53	174	0.843812
53	176	0.85304
53	177	0.852385
53	178	0.835988
53	179	0.853848
53	180	0.848864
54	3	0.795833
54	7	0.908366
54	21	1.11049
54	22	0.831131
54	28	0.94141
54	50	0.855233
54	55	0.847152
54	80	0.830651
54	83	0.822274
54	91	0.790456
54	93	0.844595
54	97	0.864112
54	100	0.868787
54	173	1.34899
54	174	1.49855
54	177	1.44072
54	179	1.40857
55	3	0.796504
55	28	0.942081
55	50	0.855903
55	54	0.847152
55	80	0.831322
55	83	0.822945
55	91	0.791127
55	93	0.845266
55	97	0.864783
55	100	0.869458
55	104	0.86878
55	120	1.35304
55	137	0.86468
55	140	1.27557
55	142	1.42997
55	158	1.37641
55	179	1.37469
56	48	1.46214
56	65	1.45581
56	70	0.871735
56	124	0.853892
56	130	0.872148
56	139	0.860215
56	142	1.31728
56	152	0.826091
56	159	0.841292
56	161	0.845196
56	162	1.33377
56	168	0.851345
56	169	1.23944
56	170	0.846971
56	171	0.845692
56	172	0.847046
56	175	0.838377
57	90	1.35013
57	131	0.85298
57	142	1.3742
57	143	0.835571
57	146	1.33633
57	153	0.853566
57	154	1.39122
57	157	0.864344
57	159	0.841161
57	166	0.841543
57	167	0.864892
57	170	0.84684
57	171	0.845561
57	172	0.846915
57	173	0.868383
57	175	0.838245
57	180	1.35893
58	75	1.32667
58	111	0.921296
58	131	0.934136
58	142	1.07986
58	143	0.916727
58	151	1.07673
58	152	0.907115
58	157	0.945499
58	160	1.11644
58	166	0.922698
58	167	0.946048
58	168	0.932369
58	170	0.927995
58	171	0.926716
58	174	1.11457
58	175	0.919401
58	178	1.09782
59	20	0.83704
59	24	0.817161
59	31	0.875276
59	53	1.44041
59	62	0.800604
59	64	0.803631
59	66	0.798006
59	79	0.801617
59	84	0.869029
59	85	0.867542
59	101	0.838954
59	149	0.822488
59	151	1.45896
59	158	1.40853
59	163	0.823487
59	173	0.845166
59	175	1.48891
59	179	1.40682
60	49	0.833297
60	72	0.858826
60	82	0.825563
60	94	0.832067
60	95	0.826236
60	109	0.833165
60	113	0.817657
60	116	0.79979
60	117	0.835785
60	126	1.40805
60	135	0.832078
60	137	1.37512
60	140	1.36058
60	141	0.830848
60	143	1.56944
60	149	0.830475
60	158	0.844212
60	177	1.49186
61	33	1.39946
61	41	1.14837
61	75	0.854415
61	127	1.07349
61	143	1.22015
61	148	0.930354
61	151	0.909835
61	155	0.907431
61	156	0.875472
61	168	1.18866
61	169	0.912169
61	170	1.16275
61	174	0.897543
61	176	0.906771
61	177	0.906116
61	178	0.889719
61	179	0.907579
61	180	0.902595
62	20	0.841778
62	24	0.8219
62	31	0.880014
62	59	0.800604
62	64	0.808369
62	66	0.802744
62	79	0.806356
62	84	0.873767
62	85	0.87228
62	110	0.786833
62	114	1.35421
62	125	1.58625
62	140	1.33103
62	149	0.827226
62	158	1.43186
62	162	1.50192
62	163	0.828225
62	173	0.849904
63	50	1.4705
63	75	1.60607
63	99	0.861376
63	112	0.829413
63	115	0.817264
63	153	0.835329
63	157	0.846107
63	160	1.39584
63	161	0.826827
63	163	1.39142
63	164	0.82279
63	166	0.823306
63	168	0.832977
63	170	0.828603
63	171	0.827324
63	172	0.828678
63	175	0.820008
63	180	1.344
64	20	0.844805
64	24	0.824927
64	59	0.803631
64	62	0.808369
64	66	0.805771
64	79	0.809382
64	84	0.876794
64	85	0.875307
64	88	1.3483
64	101	0.846719
64	104	1.44941
64	110	0.78986
64	114	1.37586
64	135	1.52479
64	142	1.50707
64	149	0.830253
64	163	0.831252
64	173	0.852931
65	20	1.40697
65	56	1.45581
65	89	0.840076
65	99	1.37099
65	144	0.853453
65	148	0.854685
65	150	0.823416
65	156	0.799802
65	160	0.826008
65	164	1.47404
65	165	0.846253
65	172	1.48603
65	174	0.821874
65	176	0.831102
65	177	0.830447
65	178	0.814049
65	179	0.83191
65	180	0.826926
66	4	0.870352
66	24	0.819302
66	31	0.877416
66	59	0.798006
66	62	0.802744
66	64	0.805771
66	79	0.803758
66	84	0.871169
66	85	0.869682
66	88	1.36866
66	104	1.46977
66	110	0.784236
66	140	1.37304
66	146	1.48957
66	149	0.824628
66	163	0.825627
66	173	0.847306
66	176	1.50791
67	108	0.894784
67	110	1.44994
67	123	1.16168
67	129	0.883587
67	136	1.21316
67	142	0.902012
67	153	1.10986
67	162	0.896566
67	165	0.919252
67	167	1.12917
67	169	0.909499
67	170	1.12431
67	174	0.894873
67	176	0.904101
67	177	0.903445
67	178	0.887048
67	179	0.904909
67	180	0.899924
68	35	1.33768
68	42	1.07951
68	74	1.06975
68	76	0.894623
68	82	1.31706
68	115	1.22552
68	131	1.16235
68	146	0.913801
68	155	0.90253
68	160	0.896776
68	162	0.894335
68	165	0.917021
68	174	0.892642
68	176	0.90187
68	177	0.901215
68	178	0.884817
68	179	0.902678
68	180	0.897694
69	9	0.919765
69	17	0.916397
69	26	0.964057
69	35	0.813545
69	37	1.0164
69	40	0.866859
69	41	0.892913
69	44	0.803551
69	47	0.799524
69	51	0.789868
69	74	0.88544
69	88	0.87266
69	104	1.25563
69	140	0.859026
69	146	1.27543
69	147	1.30086
69	158	1.25973
69	165	1.26211
69	179	1.25802
70	2	1.51148
70	52	1.23394
70	56	0.871735
70	117	1.24596
70	118	0.880719
70	124	0.883064
70	128	1.23804
70	131	0.882285
70	139	0.889387
70	153	0.88287
70	159	0.870465
70	161	0.874368
70	162	1.20319
70	164	0.870331
70	170	0.876144
70	171	0.874865
70	172	0.876219
70	175	0.867549
70	180	1.17143
71	106	0.893684
71	111	0.871529
71	122	1.40749
71	123	0.883696
71	132	1.22064
71	149	1.28115
71	152	0.857348
71	159	0.872549
71	161	0.876453
71	162	1.25213
71	164	0.872415
71	166	0.872931
71	167	0.896281
71	170	0.878228
71	171	0.876949
71	172	0.878303
71	174	1.27034
71	175	0.869634
71	179	1.18036
72	46	0.874553
72	60	0.858826
72	77	0.883448
72	82	0.872548
72	94	0.879052
72	104	1.24289
72	108	1.31247
72	109	0.88015
72	113	0.864642
72	117	0.88277
72	135	0.879063
72	141	0.877833
72	149	0.87746
72	158	0.891197
72	161	1.33559
72	163	0.878459
72	165	1.24937
72	173	1.18571
72	176	1.28104
73	33	0.839159
73	34	0.841459
73	94	1.35493
73	126	1.16845
73	133	1.24909
73	139	0.8916
73	151	1.27225
73	157	0.89586
73	159	0.872677
73	161	0.876581
73	163	1.30753
73	167	0.896408
73	168	0.88273
73	170	0.878356
73	171	0.877077
73	172	0.878431
73	173	0.899899
73	175	0.869762
73	176	1.25586
74	13	0.974144
74	38	0.812965
74	40	0.927299
74	43	0.790484
74	44	0.863991
74	45	0.84503
74	47	0.859964
74	51	0.850308
74	68	1.06975
74	69	0.88544
74	113	1.40881
74	149	1.30781
74	168	0.903004
74	170	0.89863
74	172	0.898705
74	174	1.29699
74	175	0.890036
74	176	1.24277
74	178	1.28025
75	42	1.51886
75	58	1.32667
75	61	0.854415
75	63	1.60607
75	111	1.5541
75	144	0.831702
75	148	0.832934
75	150	0.801666
75	151	0.812415
75	162	0.801816
75	165	0.824502
75	169	0.814749
75	174	0.800123
75	175	1.59041
75	176	0.809351
75	177	0.808696
75	178	0.792298
75	179	0.810159
75	180	0.805175
76	6	0.99581
76	10	1.68778
76	68	0.894623
76	85	1.27766
76	90	0.857368
76	119	0.842527
76	126	0.882438
76	146	0.866391
76	154	0.853415
76	157	1.29856
76	162	0.846925
76	169	0.859858
76	172	1.36825
76	174	0.845232
76	175	1.36435
76	176	0.85446
76	177	0.853805
76	178	0.837407
76	179	0.855268
76	180	0.850284
77	12	0.910987
77	18	1.29166
77	46	0.85219
77	49	0.857919
77	72	0.883448
77	82	0.850185
77	95	0.850858
77	103	1.5556
77	109	0.857787
77	110	0.814705
77	116	0.824412
77	117	0.860407
77	135	0.8567
77	141	0.85547
77	153	1.32404
77	158	0.868834
77	163	0.856097
77	173	1.22657
77	176	1.3219
77	179	1.28614
78	111	0.853649
78	112	0.861159
78	115	0.84901
78	121	1.2731
78	132	1.3318
78	135	1.3645
78	136	0.848125
78	143	0.84908
78	159	0.85467
78	163	1.37894
78	164	0.854536
78	165	1.29561
78	166	0.855052
78	167	0.878401
78	168	0.864723
78	170	0.860349
78	171	0.85907
78	172	0.860424
78	175	0.851754
78	178	1.36475
79	20	0.842792
79	23	0.911488
79	24	0.822913
79	27	0.819491
79	31	0.881027
79	53	1.39734
79	59	0.801617
79	62	0.806356
79	64	0.809382
79	66	0.803758
79	84	0.874781
79	85	0.873293
79	101	0.844705
79	104	1.36135
79	133	1.39274
79	149	0.828239
79	158	1.36546
79	160	1.4556
79	163	0.829238
79	173	0.850918
79	178	1.43698
80	3	0.780003
80	7	0.892536
80	22	0.815301
80	28	0.92558
80	50	0.839403
80	54	0.830651
80	55	0.831322
80	83	0.806444
80	91	0.774626
80	93	0.828765
80	97	0.848282
80	100	0.852957
80	104	0.85228
80	127	0.873671
80	137	0.848179
80	140	1.30073
80	156	1.5589
80	158	1.40157
80	169	1.37729
80	173	1.34028
80	177	1.43201
81	98	0.872476
81	118	1.19987
81	123	1.20796
81	127	1.08133
81	132	0.907452
81	134	1.24793
81	144	0.926094
81	154	0.902698
81	156	0.872443
81	159	1.22292
81	160	0.898649
81	165	0.918894
81	166	1.22522
81	169	0.909141
81	174	0.894515
81	175	1.20034
81	176	0.903743
81	177	0.903088
81	178	0.88669
81	179	0.904551
81	180	0.899567
82	1	0.798894
82	11	0.795661
82	14	0.866773
82	46	0.84129
82	60	0.825563
82	68	1.31706
82	72	0.872548
82	77	0.850185
82	88	1.35082
82	94	0.845789
82	95	0.839958
82	109	0.846887
82	113	0.831379
82	117	0.849507
82	135	0.8458
82	137	1.36974
82	141	0.84457
82	163	0.845196
82	169	1.43176
82	173	1.39475
82	174	1.5443
83	22	0.806924
83	27	1.50786
83	28	0.917203
83	30	0.897288
83	42	0.875781
83	50	0.831025
83	54	0.822274
83	55	0.822945
83	80	0.806444
83	91	0.766248
83	93	0.820387
83	97	0.839904
83	100	0.84458
83	104	0.843902
83	114	1.31749
83	127	0.865293
83	137	0.839802
83	158	1.39514
83	169	1.37087
83	173	1.33386
83	174	1.48341
84	20	0.910203
84	23	0.9789
84	24	0.890325
84	29	1.32081
84	31	0.948439
84	59	0.869029
84	62	0.873767
84	64	0.876794
84	66	0.871169
84	79	0.874781
84	85	0.940705
84	110	0.855258
84	145	1.23142
84	147	1.16883
84	149	0.895651
84	158	1.12771
84	160	1.21785
84	163	0.89665
84	167	1.1832
84	173	0.918329
84	177	1.15815
85	4	0.939888
85	20	0.908716
85	24	0.888837
85	31	0.946952
85	59	0.867542
85	62	0.87228
85	64	0.875307
85	66	0.869682
85	76	1.27766
85	79	0.873293
85	84	0.940705
85	89	1.17635
85	101	0.91063
85	120	1.17997
85	126	1.14997
85	132	1.24191
85	140	1.10251
85	149	0.894164
85	163	0.895163
85	168	1.27988
85	173	0.916842
86	103	1.56024
86	119	1.43353
86	125	0.839616
86	132	1.33107
86	134	0.842735
86	138	1.43641
86	139	0.85276
86	144	1.26036
86	149	1.39158
86	152	0.818636
86	157	0.857021
86	159	0.833838
86	161	0.837741
86	164	0.833704
86	166	0.83422
86	167	0.857569
86	168	0.843891
86	170	0.839517
86	171	0.838238
86	172	0.839592
86	175	0.830922
87	48	0.822829
87	102	1.43726
87	117	1.51947
87	129	0.807899
87	132	0.832122
87	145	0.818585
87	146	0.840344
87	147	0.831805
87	148	0.851996
87	153	1.44282
87	156	0.797113
87	160	0.823319
87	169	0.833811
87	170	1.45727
87	171	1.44154
87	172	1.49092
87	174	0.819185
87	176	0.828413
87	177	0.827758
87	178	0.811361
87	179	0.829221
87	180	0.824237
88	22	1.26304
88	31	1.15902
88	40	0.91452
88	44	0.851211
88	47	0.847184
88	51	0.837528
88	64	1.3483
88	66	1.36866
88	69	0.87266
88	82	1.35082
88	97	1.09005
88	117	1.21727
88	167	0.903903
88	169	0.896412
88	170	0.885851
88	171	0.884571
88	172	0.885925
88	175	0.877256
88	177	0.890358
88	178	0.873961
88	179	0.891822
88	180	0.886838
89	11	1.58592
89	65	0.840076
89	85	1.17635
89	95	1.39681
89	120	0.880788
89	122	0.836696
89	132	0.874391
89	138	0.8456
89	150	0.862996
89	156	0.839382
89	162	0.863146
89	166	1.28792
89	168	1.2592
89	169	0.876079
89	171	1.21756
89	172	1.26694
89	173	0.887061
89	174	0.861454
89	176	0.870681
89	177	0.870026
89	178	0.853629
89	179	0.871489
89	180	0.866505
90	47	1.34367
90	57	1.35013
90	76	0.857368
90	92	1.27241
90	96	0.854589
90	128	0.848
90	130	1.22218
90	131	1.33082
90	145	0.854788
90	148	0.888199
90	150	0.85693
90	151	0.86768
90	155	0.865276
90	159	1.34211
90	161	1.32775
90	165	0.879767
90	169	0.870014
90	174	0.855388
90	176	0.864615
90	177	0.86396
90	178	0.847563
90	179	0.865424
90	180	0.860439
91	3	0.739808
91	7	0.85234
91	18	1.51751
91	22	0.775106
91	26	0.918772
91	28	0.885385
91	42	0.843963
91	50	0.799207
91	54	0.790456
91	55	0.791127
91	80	0.774626
91	83	0.766248
91	93	0.78857
91	97	0.808086
91	100	0.812762
91	101	1.56034
91	104	0.812084
91	114	1.43605
91	127	0.833476
91	137	0.807984
91	151	1.56414
91	152	1.67397
91	173	1.45242
92	29	1.43602
92	90	1.27241
92	96	1.34816
92	112	0.860257
92	123	0.864914
92	129	1.3472
92	130	0.884624
92	137	0.874525
92	139	0.87269
92	152	0.838566
92	153	0.866173
92	161	0.857671
92	164	0.853633
92	166	0.85415
92	168	0.863821
92	169	1.21864
92	170	0.859447
92	171	0.858167
92	172	0.859522
92	173	0.880989
92	175	0.850852
92	177	1.27336
92	178	1.31444
93	3	0.793947
93	7	0.906479
93	22	0.829245
93	26	0.972911
93	28	0.939524
93	42	0.898102
93	50	0.853346
93	52	1.36504
93	54	0.844595
93	55	0.845266
93	80	0.828765
93	83	0.820387
93	91	0.78857
93	97	0.862225
93	100	0.866901
93	108	1.3297
93	127	0.887615
93	128	1.36914
93	137	0.862123
93	158	1.26423
93	168	1.34076
93	173	1.20294
93	178	1.33575
94	11	0.802166
94	27	1.4555
94	46	0.847794
94	60	0.832067
94	72	0.879052
94	73	1.35493
94	82	0.845789
94	95	0.846462
94	105	0.863056
94	109	0.853391
94	110	0.810309
94	113	0.837883
94	114	0.886487
94	116	0.820016
94	117	0.856011
94	135	0.852304
94	141	0.851074
94	158	0.864438
94	163	0.851701
94	165	1.34516
94	173	1.28149
94	176	1.37682
94	178	1.4143
94	180	1.38107
95	1	0.799567
95	12	0.900761
95	14	0.867446
95	46	0.841963
95	60	0.826236
95	77	0.850858
95	82	0.839958
95	89	1.39681
95	94	0.846462
95	109	0.84756
95	113	0.832053
95	116	0.814185
95	117	0.85018
95	127	0.886576
95	135	0.846473
95	137	1.33752
95	140	1.32298
95	141	0.845243
95	148	1.31709
95	151	1.47424
95	158	0.858607
95	163	0.84587
95	169	1.39953
95	173	1.36252
96	36	1.22208
96	42	1.32372
96	90	0.854589
96	92	1.34816
96	107	0.814082
96	113	1.51498
96	126	0.879659
96	128	0.835065
96	133	0.858615
96	134	1.44287
96	138	0.826599
96	148	0.875264
96	151	0.854745
96	156	0.820381
96	162	0.844145
96	168	1.39143
96	169	0.857079
96	171	1.34979
96	174	0.842453
96	176	0.85168
96	177	0.851025
96	178	0.834628
96	179	0.852489
96	180	0.847504
97	3	0.813464
97	7	0.925996
97	22	0.848762
97	26	0.992428
97	28	0.959041
97	30	0.939126
97	48	1.39369
97	50	0.872863
97	54	0.864112
97	55	0.864783
97	80	0.848282
97	83	0.839904
97	88	1.09005
97	91	0.808086
97	93	0.862225
97	100	0.886418
97	101	1.2419
97	104	0.88574
97	114	1.11761
97	122	1.42068
97	127	0.907131
97	134	1.32323
97	137	0.88164
97	160	1.2854
97	173	1.13397
98	4	1.30067
98	18	0.842478
98	19	1.37568
98	53	0.821773
98	81	0.872476
98	120	0.840546
98	145	0.820612
98	146	0.842371
98	150	0.822754
98	151	0.833504
98	161	1.47946
98	162	0.822904
98	165	0.845591
98	166	1.49612
98	169	0.835838
98	170	1.44149
98	171	1.42576
98	173	0.846819
98	174	0.821212
98	175	1.47124
98	176	0.830439
98	177	0.829784
98	178	0.813387
98	179	0.831248
98	180	0.826263
99	63	0.861376
99	65	1.37099
99	102	0.894664
99	119	1.31993
99	123	0.889621
99	125	0.884252
99	133	1.20618
99	134	0.887372
99	136	0.87193
99	143	0.872885
99	145	1.28262
99	146	1.19459
99	152	0.863273
99	157	0.901657
99	161	0.882378
99	164	0.87834
99	166	0.878857
99	167	0.902206
99	168	0.888528
99	171	0.882874
99	172	0.884228
99	175	0.875559
99	176	1.21294
99	178	1.25042
99	179	1.17718
100	3	0.818139
100	7	0.930672
100	21	0.966235
100	22	0.853437
100	28	0.963716
100	30	0.943802
100	42	0.922295
100	50	0.877539
100	54	0.868787
100	55	0.869458
100	80	0.852957
100	83	0.84458
100	91	0.812762
100	93	0.866901
100	97	0.886418
100	104	0.890415
100	112	1.41203
100	127	0.911807
100	137	0.886315
100	140	1.16519
100	163	1.35174
100	165	1.2684
100	169	1.24175
100	176	1.30007
100	180	1.30432
101	6	0.968133
101	28	1.13697
101	44	1.39232
101	51	1.37592
101	59	0.838954
101	64	0.846719
101	79	0.844705
101	85	0.91063
101	91	1.56034
101	97	1.2419
101	117	1.36912
101	141	1.35231
101	163	0.866575
101	166	0.861414
101	167	0.884763
101	170	0.866711
101	171	0.865432
101	172	0.866786
101	173	0.888254
101	174	0.862646
101	175	0.858117
101	176	0.871874
101	177	0.871219
101	178	0.854822
101	179	0.872682
101	180	0.867698
102	87	1.43726
102	99	0.894664
102	118	0.866466
102	127	0.902461
102	128	1.34519
102	129	1.34456
102	136	0.849668
102	139	0.875134
102	143	0.850622
102	144	1.20814
102	150	1.34959
102	153	0.868617
102	157	0.879395
102	159	0.856212
102	161	0.860115
102	164	0.856078
102	165	1.24265
102	166	0.856594
102	167	0.879943
102	168	0.866265
102	169	1.216
102	170	0.861891
102	171	0.860612
102	172	0.861966
102	175	0.853296
102	177	1.27072
103	26	1.31659
103	77	1.5556
103	86	1.56024
103	108	0.813701
103	121	0.839164
103	122	0.789031
103	127	1.43877
103	132	0.826727
103	133	0.829952
103	139	1.48078
103	140	0.83869
103	142	0.820929
103	145	0.81319
103	147	0.82641
103	148	0.8466
103	156	0.791717
103	160	0.817923
103	165	0.838169
103	170	1.52803
103	171	1.5123
103	174	0.813789
103	176	0.823017
103	177	0.822362
103	178	0.805965
103	179	0.823825
103	180	0.818841
104	8	0.919655
104	45	1.38682
104	55	0.86878
104	64	1.44941
104	66	1.46977
104	69	1.25563
104	72	1.24289
104	79	1.36135
104	80	0.85228
104	83	0.843902
104	91	0.812084
104	97	0.88574
104	100	0.890415
104	109	1.3129
104	159	0.86488
104	162	0.868187
104	167	0.888611
104	168	0.874933
104	171	0.86928
104	172	0.870634
104	174	0.866494
104	175	0.861965
104	177	0.875067
104	178	0.85867
104	179	0.87653
104	180	0.871546
105	6	1.01294
105	8	1.01294
105	13	0.938114
105	38	0.776935
105	43	0.754454
105	45	0.808999
105	94	0.863056
105	113	0.848647
105	116	0.830779
105	117	0.866774
105	124	0.869521
105	135	0.863067
105	138	1.41556
105	141	0.861837
105	143	0.851331
105	146	1.28734
105	147	1.31277
105	148	1.16492
105	155	1.27716
105	170	0.8626
105	171	0.861321
105	172	0.862675
105	175	0.854006
105	176	1.30569
105	178	1.34316
105	180	1.30994
106	71	0.893684
106	111	0.860137
106	112	0.867646
106	122	1.444
106	124	0.873757
106	125	0.866935
106	129	1.32286
106	136	0.854613
106	143	0.855568
106	146	1.23428
106	152	0.845956
106	156	1.37591
106	157	0.88434
106	159	0.861157
106	160	1.30872
106	164	0.861023
106	165	1.22096
106	166	0.861539
106	167	0.884888
106	168	0.87121
106	170	0.866836
106	171	0.865557
106	172	0.866911
106	175	0.858242
106	176	1.25262
106	180	1.25688
107	35	1.64932
107	36	1.28951
107	96	0.814082
107	109	1.48966
107	115	1.53715
107	128	0.807492
107	136	1.5218
107	142	0.82202
107	144	0.846459
107	146	0.83604
107	150	0.816423
107	151	0.827172
107	156	0.792808
107	159	1.48528
107	160	0.819014
107	162	0.816573
107	163	0.818809
107	165	0.839259
107	169	0.829506
107	171	1.41722
107	174	0.81488
107	176	0.824108
107	177	0.823453
107	178	0.807056
107	179	0.824916
107	180	0.819932
108	67	0.894784
108	72	1.31247
108	93	1.3297
108	103	0.813701
108	117	1.38796
108	129	0.831877
108	132	0.8561
108	133	0.859325
108	145	0.842563
108	146	0.864322
108	147	0.855783
108	148	0.875974
108	152	1.43539
108	154	0.851346
108	157	1.28972
108	162	0.844855
108	164	1.34742
108	165	0.867542
108	167	1.33062
108	169	0.857789
108	174	0.843163
108	175	1.35551
108	176	0.85239
108	177	0.851735
108	178	0.835338
108	179	0.853199
108	180	0.848214
109	1	0.806496
109	11	0.803263
109	12	0.907689
109	14	0.874375
109	49	0.854621
109	60	0.833165
109	72	0.88015
109	77	0.857787
109	82	0.846887
109	94	0.853391
109	95	0.84756
109	104	1.3129
109	107	1.48966
109	113	0.838981
109	116	0.821113
109	117	0.857109
109	127	0.893505
109	135	0.853402
109	140	1.21617
109	141	0.852172
109	153	1.35318
109	154	1.38758
109	158	0.865536
109	162	1.38706
109	163	0.852798
109	173	1.25571
109	174	1.40527
110	24	0.803391
110	31	0.861505
110	39	1.49883
110	62	0.786833
110	64	0.78986
110	66	0.784236
110	67	1.44994
110	77	0.814705
110	84	0.855258
110	94	0.810309
110	116	0.778031
110	117	0.814026
110	135	0.810319
110	141	0.80909
110	144	1.55378
110	148	1.47919
110	152	0.788972
110	166	0.804556
110	167	0.827905
110	170	0.809852
110	171	0.808573
110	172	0.809927
110	173	0.831395
110	175	0.801258
110	176	1.61996
110	179	1.5842
110	180	1.62421
111	58	0.921296
111	71	0.871529
111	75	1.5541
111	78	0.853649
111	106	0.860137
111	112	0.845491
111	115	0.833342
111	116	1.46505
111	118	0.849257
111	123	0.850149
111	131	0.850822
111	142	1.30729
111	143	0.833413
111	153	0.851407
111	154	1.32432
111	155	1.25925
111	157	0.862185
111	159	0.839003
111	164	0.838868
111	168	0.849056
111	170	0.844681
111	171	0.843402
111	173	0.866224
111	175	0.836087
111	177	1.28418
111	178	1.32525
111	180	1.29203
112	14	1.29366
112	63	0.829413
112	78	0.861159
112	92	0.860257
112	100	1.41203
112	106	0.867646
112	111	0.845491
112	123	0.857658
112	126	1.30229
112	133	1.38294
112	134	0.855409
112	136	0.839967
112	148	1.24894
112	149	1.45474
112	152	0.83131
112	153	0.858917
112	157	0.869694
112	161	0.850415
112	166	0.846894
112	167	0.870243
112	168	0.856565
112	169	1.33138
112	170	0.852191
112	171	0.850911
112	172	0.852265
112	175	0.843596
112	177	1.3861
113	11	0.787756
113	12	0.892182
113	14	0.858867
113	30	1.30885
113	46	0.833385
113	49	0.839114
113	53	1.44163
113	60	0.817657
113	72	0.864642
113	74	1.40881
113	82	0.831379
113	94	0.837883
113	95	0.832053
113	96	1.51498
113	105	0.848647
113	109	0.838981
113	114	0.872077
113	116	0.805606
113	117	0.841601
113	121	1.38961
113	135	0.837894
113	137	1.32345
113	141	0.836664
113	149	0.836292
113	158	0.850029
113	163	0.837291
113	165	1.41212
113	179	1.40803
114	37	0.891393
114	40	1.15896
114	50	1.29681
114	51	1.25163
114	62	1.35421
114	64	1.37586
114	83	1.31749
114	91	1.43605
114	94	0.886487
114	97	1.11761
114	113	0.872077
114	116	0.854209
114	117	0.890205
114	135	0.886498
114	141	0.885268
114	153	0.892757
114	159	0.880352
114	168	0.890405
114	169	0.896592
114	171	0.884751
114	172	0.886105
114	174	0.881966
114	175	0.877436
114	176	0.891194
114	177	0.890539
114	178	0.874141
114	179	0.892002
114	180	0.887018
115	63	0.817264
115	68	1.22552
115	78	0.84901
115	107	1.53715
115	111	0.833342
115	118	0.844617
115	125	0.840141
115	130	0.865219
115	134	0.84326
115	136	0.827818
115	139	0.853285
115	152	0.819161
115	153	0.846768
115	161	0.838266
115	163	1.45021
115	164	0.834228
115	165	1.36687
115	166	0.834745
115	167	0.858094
115	168	0.844416
115	169	1.34021
115	170	0.840042
115	171	0.838762
115	172	0.840116
115	174	1.45276
115	175	0.831447
115	178	1.43601
115	180	1.40279
116	1	0.773121
116	12	0.874314
116	14	0.841
116	21	0.904483
116	23	0.901673
116	35	0.794914
116	49	0.821246
116	60	0.79979
116	77	0.824412
116	94	0.820016
116	95	0.814185
116	105	0.830779
116	109	0.821113
116	110	0.778031
116	111	1.46505
116	113	0.805606
116	114	0.854209
116	117	0.823733
116	118	1.50089
116	127	0.860129
116	128	1.52589
116	135	0.820026
116	137	1.33469
116	141	0.818796
116	149	0.818424
116	160	1.51112
116	171	1.45588
116	173	1.35969
116	177	1.45142
117	11	0.805883
117	21	0.940479
117	46	0.851512
117	49	0.857241
117	60	0.835785
117	70	1.24596
117	72	0.88277
117	77	0.860407
117	82	0.849507
117	87	1.51947
117	88	1.21727
117	94	0.856011
117	95	0.85018
117	101	1.36912
117	105	0.866774
117	108	1.38796
117	109	0.857109
117	110	0.814026
117	113	0.841601
117	114	0.890205
117	116	0.823733
117	122	1.54791
117	127	0.896125
117	135	0.856022
117	137	1.23619
117	140	1.22165
117	141	0.854792
117	149	0.854419
117	163	0.855418
117	173	1.2612
118	70	0.880719
118	81	1.19987
118	102	0.866466
118	111	0.849257
118	115	0.844617
118	116	1.50089
118	123	0.861424
118	130	0.881133
118	131	0.862097
118	132	1.32813
118	134	0.859174
118	136	0.843733
118	139	0.869199
118	143	0.844687
118	145	1.39328
118	146	1.30526
118	152	0.835075
118	157	0.87346
118	159	0.850277
118	161	0.854181
118	164	0.850143
118	168	0.86033
118	169	1.26529
118	170	0.855956
118	171	0.854677
118	172	0.856031
118	174	1.37783
118	175	0.847362
118	176	1.32361
118	177	1.32001
119	4	1.2605
119	19	1.33551
119	39	0.863324
119	76	0.842527
119	86	1.43353
119	99	1.31993
119	122	0.815788
119	130	1.33372
119	132	0.853484
119	133	0.856709
119	136	1.49017
119	138	0.824692
119	139	1.35407
119	147	0.853167
119	151	0.852838
119	154	0.848729
119	155	0.850434
119	156	0.818475
119	160	0.84468
119	162	0.842239
119	163	0.844475
119	165	0.864926
119	166	1.45595
119	167	1.40618
119	169	0.855172
119	174	0.840546
119	176	0.849774
119	177	0.849119
119	178	0.832722
119	179	0.850582
119	180	0.845598
120	31	1.24086
120	34	1.4494
120	55	1.35304
120	85	1.17997
120	89	0.880788
120	98	0.840546
120	126	0.899792
120	132	0.875523
120	133	0.878748
120	136	1.32577
120	142	0.869725
120	144	0.894164
120	147	0.875206
120	148	0.895397
120	151	0.874878
120	154	0.870769
120	155	0.872474
120	156	0.840514
120	157	1.20088
120	159	1.28925
120	160	0.86672
120	165	0.886965
120	167	1.24178
120	169	0.877212
120	170	1.23692
120	172	1.27057
120	174	0.862586
120	176	0.871814
120	177	0.871158
120	178	0.854761
120	179	0.872622
120	180	0.867637
121	40	1.21648
121	49	1.4049
121	52	0.866897
121	78	1.2731
121	103	0.839164
121	113	1.38961
121	122	0.843868
121	123	1.27752
121	126	0.905831
121	130	1.17256
121	132	0.881563
121	138	0.852772
121	144	0.900204
121	145	0.868026
121	147	0.881246
121	151	0.880918
121	153	1.22571
121	154	0.876809
121	156	0.846554
121	159	1.29249
121	160	0.872759
121	162	0.870318
121	165	0.893005
121	168	1.26607
121	169	0.883251
121	174	0.868625
121	175	1.26991
121	176	0.877853
121	177	0.877198
121	178	0.860801
121	179	0.878661
121	180	0.873677
122	16	0.838848
122	41	1.47134
122	46	1.51079
122	71	1.40749
122	89	0.836696
122	97	1.42068
122	103	0.789031
122	106	1.444
122	117	1.54791
122	119	0.815788
122	121	0.843868
122	124	1.48931
122	127	1.39645
122	128	0.811105
122	135	1.50636
122	138	0.80264
122	144	0.850072
122	145	0.817894
122	147	0.831114
122	150	0.820036
122	151	0.830786
122	154	0.826677
122	155	0.828381
122	160	0.822627
122	163	0.822422
122	165	0.842873
122	169	0.833119
122	174	0.818493
122	176	0.827721
122	177	0.827066
122	178	0.810669
122	179	0.828529
122	180	0.823545
123	29	1.49076
123	67	1.16168
123	71	0.883696
123	81	1.20796
123	92	0.864914
123	99	0.889621
123	111	0.850149
123	112	0.857658
123	118	0.861424
123	121	1.27752
123	131	0.862989
123	136	0.844625
123	139	0.870092
123	144	1.26552
123	149	1.39674
123	150	1.40697
123	152	0.835968
123	153	0.863574
123	157	0.874352
123	159	0.851169
123	161	0.855073
123	164	0.851035
123	165	1.30003
123	166	0.851551
123	167	0.874901
123	168	0.861222
123	170	0.856848
123	171	0.855569
123	172	0.856923
123	173	0.878391
123	175	0.848254
123	178	1.36918
123	180	1.33595
124	33	0.819103
124	41	0.913023
124	56	0.853892
124	70	0.883064
124	105	0.869521
124	106	0.873757
124	122	1.48931
124	131	0.864442
124	133	1.29117
124	134	0.861519
124	136	0.846078
124	139	0.871544
124	143	0.847032
124	146	1.27959
124	147	1.30502
124	152	0.83742
124	153	0.865027
124	154	1.33448
124	155	1.26941
124	157	0.875805
124	159	0.852622
124	160	1.35403
124	161	0.856525
124	164	0.852488
124	166	0.853004
124	167	0.876353
124	168	0.862675
124	171	0.857022
124	172	0.858376
124	175	0.849707
124	176	1.29794
124	178	1.33541
124	179	1.26218
125	9	1.2201
125	16	1.14131
125	33	0.812282
125	34	0.814583
125	37	1.12343
125	53	1.39592
125	62	1.58625
125	86	0.839616
125	99	0.884252
125	106	0.866935
125	115	0.840141
125	130	0.876657
125	134	0.854698
125	136	0.839256
125	139	0.864723
125	143	0.840211
125	147	1.40517
125	152	0.830599
125	153	0.858206
125	155	1.36956
125	156	1.52138
125	157	0.868983
125	159	0.845801
125	161	0.849704
125	164	0.845666
125	166	0.846183
125	167	0.869532
125	168	0.855854
125	170	0.85148
125	171	0.8502
125	172	0.851554
125	174	1.45231
125	175	0.842885
125	177	1.39449
126	53	0.881018
126	60	1.40805
126	73	1.16845
126	76	0.882438
126	85	1.14997
126	96	0.879659
126	112	1.30229
126	120	0.899792
126	121	0.905831
126	129	0.869171
126	138	0.864603
126	145	0.879857
126	147	0.893077
126	151	0.892749
126	154	0.88864
126	155	0.890345
126	157	1.17088
126	158	0.897123
126	160	0.884591
126	161	1.24489
126	162	0.88215
126	166	1.26154
126	167	1.21178
126	169	0.895083
126	171	1.19119
126	172	1.24057
126	173	0.906065
126	174	0.880457
126	175	1.23667
126	176	0.889685
126	177	0.88903
126	178	0.872633
126	179	0.890493
126	180	0.885509
127	22	0.874151
127	50	0.898252
127	61	1.07349
127	80	0.873671
127	81	1.08133
127	83	0.865293
127	91	0.833476
127	93	0.887615
127	95	0.886576
127	97	0.907131
127	100	0.911807
127	102	0.902461
127	103	1.43877
127	109	0.893505
127	116	0.860129
127	117	0.896125
127	122	1.39645
127	135	0.892418
127	138	1.31494
127	141	0.891188
127	143	0.880682
127	147	1.21215
127	151	1.22146
127	153	0.898677
127	158	0.904552
127	161	0.890175
127	164	0.886138
127	170	0.891951
127	171	0.890672
127	174	1.25929
127	175	0.883356
127	176	1.20507
127	177	1.20147
127	180	1.20932
128	24	1.55864
128	51	1.4342
128	70	1.23804
128	90	0.848
128	93	1.36914
128	96	0.835065
128	102	1.34519
128	107	0.807492
128	116	1.52589
128	122	0.811105
128	129	0.824577
128	137	0.855006
128	145	0.835263
128	146	0.857022
128	147	0.848483
128	148	0.868674
128	150	0.837406
128	154	0.844046
128	155	0.845751
128	156	0.813791
128	160	0.839997
128	162	0.837556
128	163	0.839791
128	164	1.38686
128	165	0.860242
128	166	1.41983
128	169	0.850489
128	170	1.3652
128	171	1.34947
128	174	0.835863
128	176	0.845091
128	177	0.844436
128	178	0.828039
128	179	0.845899
128	180	0.840915
129	38	1.58828
129	48	0.83561
129	67	0.883587
129	87	0.807899
129	92	1.3472
129	102	1.34456
129	106	1.32286
129	108	0.831877
129	126	0.869171
129	128	0.824577
129	136	1.45342
129	138	0.816111
129	139	1.31732
129	142	0.839105
129	144	0.863544
129	145	0.831366
129	148	0.864777
129	150	0.833508
129	155	0.841853
129	156	0.809894
129	160	0.836099
129	161	1.40254
129	162	0.833658
129	165	0.856345
129	166	1.4192
129	169	0.846591
129	172	1.39822
129	173	0.857573
129	174	0.831965
129	175	1.39432
129	176	0.841193
129	177	0.840538
129	178	0.824141
129	179	0.842001
129	180	0.837017
130	33	0.83736
130	48	1.39112
130	56	0.872148
130	90	1.22218
130	92	0.884624
130	115	0.865219
130	118	0.881133
130	119	1.33372
130	121	1.17256
