1	11	0.806969
1	15	0.816244
1	21	0.79818
1	28	0.874524
1	39	0.849478
1	46	0.828134
1	65	0.880478
1	77	0.856746
1	80	0.855245
1	132	1.778
1	139	0.831822
1	161	2.28065
2	118	1.4945
2	137	0.900154
2	149	0.854402
2	151	1.60819
2	157	0.838436
2	170	0.834734
2	172	0.883953
2	173	0.798108
2	174	0.870357
2	177	0.803381
2	179	0.8057
2	180	0.810682
3	13	1.49909
3	103	0.947795
3	108	0.934736
3	116	0.919388
3	133	1.49296
3	136	0.922163
3	148	0.936983
3	153	0.952009
3	159	0.924571
3	162	0.931472
3	163	0.931472
3	174	1.33363
4	88	0.840791
4	118	0.829234
4	123	1.60455
4	130	0.849644
4	145	0.837865
4	148	0.842624
4	152	0.838073
4	153	0.85765
4	159	0.830213
4	162	0.837113
4	163	0.837114
4	168	2.46961
5	92	1.30632
5	132	0.969931
5	135	0.952289
5	138	0.952806
5	149	0.946173
5	157	0.930207
5	164	0.93875
5	169	0.896507
5	171	0.96651
5	176	0.644117
5	179	0.897472
5	180	0.902453
6	34	0.943232
6	73	0.89141
6	81	1.77558
6	121	0.952164
6	127	0.928577
6	134	0.955841
6	138	0.922881
6	141	0.936782
6	144	0.924179
6	161	1.32124
6	171	1.26397
6	176	0.945377
7	64	1.54263
7	80	0.776836
7	161	0.984527
7	164	0.951654
7	170	0.93941
7	173	0.902784
7	174	0.975032
7	176	0.570677
7	177	0.908057
7	178	0.912467
7	179	0.910376
7	180	0.915357
8	104	0.961109
8	136	0.935178
8	139	0.92967
8	148	0.949998
8	152	0.945447
8	155	1.26201
8	159	0.937587
8	162	0.944487
8	163	0.944488
8	165	1.43844
8	170	1.6147
8	175	0.85258
9	10	0.903085
9	14	0.807335
9	25	0.858526
9	36	0.829052
9	44	0.818614
9	45	0.897318
9	53	0.808957
9	57	1.8812
9	59	0.808946
9	97	0.784556
9	132	2.12966
9	166	0.882415
10	9	0.903085
10	16	0.910004
10	36	0.935968
10	38	1.34201
10	44	0.92553
10	45	1.00423
10	53	0.915873
10	59	0.915862
10	76	0.899839
10	107	1.50694
10	137	1.46151
10	166	0.989332
11	1	0.806969
11	21	0.778644
11	23	0.879115
11	28	0.854989
11	51	1.80821
11	65	0.860942
11	67	0.864164
11	72	0.849309
11	77	0.837211
11	80	0.83571
11	113	0.831992
11	135	2.27338
12	20	0.974298
12	61	0.893554
12	110	0.93297
12	125	0.936443
12	126	0.900629
12	132	0.909298
12	137	1.15809
12	144	0.918057
12	151	0.926704
12	166	0.978471
12	176	0.939255
12	179	2.22357
13	3	1.49909
13	34	0.858715
13	78	0.851267
13	110	0.854575
13	151	0.84831
13	152	1.86687
13	161	0.87016
13	167	0.860683
13	176	0.86086
13	178	0.7981
13	179	0.796009
13	180	0.80099
14	9	0.807335
14	16	0.814254
14	25	0.869692
14	36	0.840218
14	44	0.82978
14	45	0.908484
14	53	0.820123
14	59	0.820112
14	97	0.795722
14	166	0.893581
14	172	1.54303
14	173	2.55654
15	1	0.816244
15	17	1.31955
15	23	0.88839
15	26	0.772899
15	32	0.852999
15	39	0.839217
15	67	0.873439
15	72	0.858583
15	77	0.846485
15	98	0.828496
15	139	0.821561
15	179	2.76695
16	10	0.910004
16	14	0.814254
16	18	0.884654
16	25	0.865445
16	45	0.904238
16	53	0.815877
16	59	0.815866
16	76	0.799843
16	122	1.79476
16	154	2.01433
16	166	0.889335
17	15	1.31955
17	30	0.889307
17	79	0.921132
17	115	0.906886
17	117	0.91327
17	124	0.905316
17	144	1.09814
17	151	0.997232
17	156	0.949404
17	162	0.921836
17	163	0.921837
17	170	0.897747
17	180	0.873694
18	16	0.884654
18	25	0.940091
18	36	0.910617
18	44	0.90018
18	45	0.978884
18	53	0.890523
18	59	0.890511
18	76	0.874489
18	97	0.866122
18	111	1.64709
18	149	1.12761
18	166	0.963981
18	173	1.86017
19	113	1.70462
19	142	0.871921
19	149	0.846344
19	151	1.70725
19	157	0.830378
19	161	0.871794
19	164	0.838921
19	168	0.819668
19	174	0.862299
19	175	0.758859
19	178	0.799734
19	179	0.797643
19	180	0.802624
20	12	0.974298
20	46	1.39728
20	50	1.07063
20	127	0.908473
20	134	0.935737
20	141	0.916679
20	151	0.912722
20	153	0.699925
20	167	0.925095
20	172	0.938674
20	178	0.862513
20	179	0.860422
20	180	0.865403
21	1	0.79818
21	11	0.778644
21	23	0.870325
21	32	0.834935
21	65	0.852153
21	67	0.855374
21	72	0.840519
21	77	0.828421
21	80	0.82692
21	98	0.810431
21	112	2.37008
21	139	0.803497
21	167	2.00649
22	37	1.85566
22	61	0.87494
22	111	1.59338
22	125	0.917828
22	127	0.903841
22	128	0.911648
22	134	0.931105
22	135	1.17627
22	138	0.898144
22	144	0.899443
22	150	0.89574
22	151	0.90809
22	166	0.959857
23	11	0.879115
23	15	0.88839
23	21	0.870325
23	26	0.855306
23	46	0.90028
23	65	0.952624
23	67	0.955846
23	72	0.94099
23	77	0.928892
23	80	0.927391
23	107	1.50587
23	143	1.52759
23	174	1.60134
24	49	1.7744
24	90	0.776416
24	104	0.864015
24	112	0.818014
24	128	1.62211
24	152	0.848353
24	159	0.840493
24	162	0.847393
24	163	0.847394
24	172	0.872523
24	177	0.791951
24	179	0.79427
24	180	0.799251
25	9	0.858526
25	14	0.869692
25	16	0.865445
25	18	0.940091
25	36	0.891409
25	44	0.880971
25	45	0.959675
25	53	0.871314
25	59	0.871303
25	97	0.846913
25	143	1.37737
25	166	0.944773
25	167	1.29767
25	178	2.2533
26	15	0.772899
26	23	0.855306
26	28	0.831179
26	32	0.819916
26	65	0.837133
26	67	0.840355
26	72	0.825499
26	77	0.813401
26	80	0.8119
26	98	0.795412
26	113	0.808182
26	139	0.788477
26	140	2.60941
26	156	2.08408
27	121	1.06644
27	123	0.945712
27	142	0.933507
27	148	1.3689
27	149	0.90793
27	167	0.923903
27	168	0.881254
27	170	0.888263
27	173	0.851637
27	174	0.923885
27	175	0.820445
27	176	1.07573
27	179	0.859229
27	180	0.86421
28	1	0.874524
28	11	0.854989
28	26	0.831179
28	39	0.897497
28	46	0.876153
28	65	0.928497
28	67	0.931719
28	72	0.916864
28	77	0.904765
28	80	0.903264
28	139	0.879841
28	140	0.690804
28	175	2.8831
28	179	1.39192
29	107	0.866543
29	120	0.782746
29	127	1.58046
29	128	2.10417
29	140	0.852734
29	167	0.863106
29	168	0.820457
29	169	0.797468
29	170	0.827466
29	173	0.79084
29	177	0.796113
29	178	0.800523
29	179	0.798432
29	180	0.803414
30	17	0.889307
30	105	1.96706
30	119	0.835821
30	160	0.842413
30	166	1.73032
30	168	0.803146
30	169	0.780157
30	170	0.810155
30	171	0.850159
30	172	0.859373
30	177	0.778802
30	178	0.783212
30	179	0.781121
30	180	0.786102
31	36	0.895041
31	44	0.884603
31	53	0.874946
31	58	1.00315
31	59	0.874935
31	78	1.55913
31	87	0.914575
31	127	0.847265
31	156	0.925028
31	166	0.948404
31	168	0.866362
31	172	0.922589
31	179	0.844337
31	180	0.849318
32	15	0.852999
32	21	0.834935
32	26	0.819916
32	39	0.886233
32	46	0.86489
32	65	0.917234
32	72	0.9056
32	77	0.893502
32	80	0.892001
32	98	0.875512
32	113	0.888283
32	139	0.868578
32	165	1.69925
32	170	1.87551
32	171	1.6605
33	42	0.946101
33	64	0.921669
33	69	0.961173
33	74	0.862811
33	78	0.956799
33	110	0.960107
33	121	0.973179
33	128	0.9574
33	141	0.957798
33	144	0.945194
33	151	0.953841
33	168	1.6103
33	174	1.09795
33	176	0.966392
33	178	1.90014
34	6	0.943232
34	13	0.858715
34	42	0.867794
34	61	0.842384
34	73	0.834118
34	93	0.853711
34	120	2.56143
34	125	0.885273
34	138	0.865589
34	141	0.87949
34	144	0.866887
34	151	0.875534
34	166	0.927301
34	174	0.925191
34	180	1.75854
35	84	1.20901
35	92	1.48827
35	95	0.89006
35	112	0.867883
35	119	0.898839
35	148	1.11924
35	154	0.888959
35	155	0.908186
35	161	0.918291
35	169	0.843175
35	173	0.836547
35	174	0.908796
35	178	0.84623
35	179	0.844139
35	180	0.849121
36	9	0.829052
36	10	0.935968
36	14	0.840218
36	18	0.910617
36	25	0.891409
36	31	0.895041
36	44	0.851497
36	45	0.930201
36	53	0.84184
36	59	0.841829
36	97	0.817439
36	111	1.89115
36	166	0.915298
36	171	1.24951
36	173	2.10423
37	22	1.85566
37	112	0.795344
37	154	0.81642
37	158	0.853159
37	165	0.827221
37	167	0.836274
37	168	0.793625
37	170	0.800634
37	172	0.849853
37	174	0.836257
37	176	2.40995
37	177	0.769281
37	178	0.773691
37	179	0.7716
37	180	0.776582
38	10	1.34201
38	54	0.822712
38	62	1.31912
38	144	1.36055
38	158	0.924413
38	160	0.904146
38	164	0.884132
38	167	0.907528
38	169	0.841889
38	170	0.871888
38	171	0.911892
38	173	0.835262
38	174	0.90751
38	177	0.840535
38	180	0.847835
39	1	0.849478
39	15	0.839217
39	28	0.897497
39	32	0.886233
39	46	0.851107
39	65	0.903451
39	67	0.906673
39	72	0.891817
39	77	0.879719
39	80	0.878218
39	87	1.36019
39	90	2.91185
39	98	0.86173
39	106	0.998015
39	139	0.854795
40	109	0.879897
40	115	0.855712
40	118	0.862783
40	119	1.86569
40	136	0.861353
40	139	0.855846
40	143	1.77365
40	145	0.871415
40	148	0.876174
40	152	0.871623
40	159	0.863762
40	162	0.870663
40	163	0.870663
40	171	1.90309
40	175	0.778756
40	176	0.882391
41	61	0.909925
41	78	0.946033
41	92	0.922996
41	93	0.921252
41	107	1.18246
41	117	1.28766
41	126	0.917
41	127	0.938826
41	138	0.93313
41	141	0.947031
41	143	1.20418
41	144	0.934428
41	150	0.930726
41	151	0.943075
41	176	0.955626
41	177	2.10492
42	33	0.946101
42	34	0.867794
42	58	0.89227
42	69	0.864719
42	73	0.815972
42	78	0.860346
42	92	0.837309
42	93	0.835565
42	119	1.04489
42	126	0.831313
42	134	0.880403
42	141	0.861344
42	144	0.848741
42	151	0.857388
42	160	1.06596
42	175	3.44237
43	68	0.843031
43	79	0.866869
43	91	0.867557
43	105	0.883726
43	136	0.858264
43	140	1.99679
43	145	0.868326
43	148	0.873085
43	150	1.8028
43	153	0.88811
43	158	1.74407
43	159	0.860673
43	162	0.867574
43	163	0.867574
43	175	0.775667
43	176	0.879302
44	9	0.818614
44	10	0.92553
44	14	0.82978
44	18	0.90018
44	25	0.880971
44	31	0.884603
44	36	0.851497
44	45	0.919764
44	53	0.831402
44	59	0.831391
44	76	0.815369
44	97	0.807002
44	157	1.91898
44	161	1.82158
44	165	1.80306
44	166	0.904861
45	9	0.897318
45	10	1.00423
45	14	0.908484
45	16	0.904238
45	18	0.978884
45	25	0.959675
45	36	0.930201
45	44	0.919764
45	53	0.910107
45	59	0.910096
45	76	0.894073
45	123	1.22361
45	137	1.43543
45	165	1.67076
45	166	0.983565
45	167	1.42287
46	1	0.828134
46	20	1.39728
46	23	0.90028
46	28	0.876153
46	32	0.86489
46	39	0.851107
46	65	0.882107
46	67	0.885329
46	72	0.870473
46	77	0.858375
46	80	0.856874
46	98	0.840386
46	113	0.853156
46	139	0.833451
46	142	1.67705
46	170	2.20202
47	71	1.00491
47	102	0.925247
47	108	1.06796
47	114	0.964504
47	148	0.887202
47	157	0.93781
47	161	0.979225
47	167	0.969748
47	169	0.90411
47	172	0.983327
47	174	0.969731
47	175	0.86629
47	177	0.902755
47	178	0.907165
47	179	0.905074
47	180	0.910055
48	52	0.835561
48	57	0.878605
48	74	0.917309
48	86	0.859423
48	145	1.46894
48	146	0.908778
48	152	1.39814
48	163	1.22801
48	164	0.869077
48	169	0.826834
48	172	0.906051
48	173	0.820206
48	174	0.892455
48	177	0.825479
48	179	0.827799
48	180	0.83278
49	24	1.7744
49	94	0.912211
49	102	0.877491
49	121	0.882142
49	125	0.872543
49	126	0.836729
49	127	0.858555
49	129	0.763248
49	134	0.885819
49	138	0.852859
49	141	0.86676
49	144	0.854157
49	151	0.862804
49	157	1.86635
49	174	1.65599
49	176	0.875355
50	20	1.07063
50	66	0.884809
50	83	0.872386
50	116	0.846068
50	118	0.850272
50	130	0.870682
50	136	0.848842
50	145	0.858903
50	148	0.863662
50	152	0.859112
50	153	0.878688
50	159	0.851251
50	161	1.71763
50	162	0.858151
50	163	0.858152
50	173	2.51508
51	11	1.80821
51	71	1.67626
51	136	0.862281
51	148	0.877101
51	153	0.892127
51	159	0.86469
51	160	0.879759
51	162	0.87159
51	163	0.871591
51	165	0.874088
51	166	0.844436
51	170	0.847501
51	172	0.896719
51	178	0.820558
51	179	0.818467
51	180	0.823448
52	48	0.835561
52	83	2.27698
52	112	0.792033
52	142	0.842568
52	143	0.842986
52	149	0.816991
52	150	0.808241
52	153	2.03839
52	158	0.849849
52	169	0.767325
52	171	0.837328
52	175	0.729506
52	177	0.765971
52	178	0.770381
52	179	0.76829
52	180	0.773271
53	9	0.808957
53	10	0.915873
53	14	0.820123
53	16	0.815877
53	18	0.890523
53	25	0.871314
53	31	0.874946
53	36	0.84184
53	44	0.831402
53	45	0.910107
53	59	0.821734
53	76	0.805712
53	97	0.797345
53	142	1.46177
53	150	1.74553
53	166	0.895204
53	173	2.62645
54	38	0.822712
54	59	2.15556
54	86	0.772009
54	133	0.803086
54	137	0.834838
54	143	0.815081
54	155	0.804432
54	157	0.773121
54	158	0.821944
54	161	0.814537
54	162	2.47122
54	165	0.796006
54	171	0.809423
54	174	0.805042
54	178	0.742476
54	179	0.740385
54	180	0.745367
55	66	0.938154
55	85	2.48438
55	91	0.91148
55	99	0.93309
55	115	0.896546
55	139	0.896679
55	145	0.912248
55	147	1.20823
55	148	0.917007
55	152	0.912457
55	153	0.932033
55	159	0.904596
55	162	0.911496
55	163	0.911497
55	168	1.42249
55	171	0.965836
55	176	0.923224
56	68	1.52188
56	106	0.882072
56	116	1.53597
56	119	0.864955
56	150	0.850206
56	154	0.855074
56	156	0.890946
56	165	0.865876
56	171	0.879293
56	172	0.888507
56	173	0.802663
56	174	0.874912
56	176	1.30962
56	177	0.807936
56	178	0.812346
56	179	0.810255
56	180	0.815236
57	9	1.8812
57	48	0.878605
57	64	1.78414
57	85	0.791281
57	99	0.886051
57	141	0.957545
57	153	0.884994
57	155	0.875381
57	159	0.857557
57	162	0.864457
57	163	0.864458
57	167	0.876008
57	170	0.840368
57	171	0.880372
57	175	0.77255
57	179	0.811334
57	180	0.816315
58	31	1.00315
58	42	0.89227
58	62	0.940666
58	94	0.949418
58	102	0.914698
58	110	0.906276
58	121	0.919349
58	125	0.90975
58	127	0.895762
58	128	0.903569
58	140	1.35936
58	141	0.903967
58	151	0.900011
58	164	1.39688
58	166	0.951778
58	169	2.09871
58	176	0.912562
59	9	0.808946
59	10	0.915862
59	14	0.820112
59	16	0.815866
59	18	0.890511
59	25	0.871303
59	31	0.874935
59	36	0.841829
59	44	0.831391
59	45	0.910096
59	53	0.821734
59	54	2.15556
59	60	1.30726
59	76	0.8057
59	97	0.797334
59	166	0.895193
59	179	2.12251
60	59	1.30726
60	123	0.898443
60	128	1.61305
60	154	0.856779
60	155	0.876006
60	159	1.68846
60	164	0.853238
60	167	0.876633
60	168	0.833984
60	171	0.880998
60	172	0.890212
60	173	0.804367
60	174	0.876616
60	177	0.80964
60	178	0.81405
60	179	0.811959
60	180	0.816941
61	12	0.893554
61	22	0.87494
61	34	0.842384
61	41	0.909925
61	73	0.790563
61	92	0.811899
61	94	0.881386
61	110	0.838244
61	126	0.805903
61	134	0.854993
61	141	0.835934
61	151	0.831978
61	166	0.883745
61	171	1.71153
61	174	1.65584
61	176	0.844529
61	177	2.48283
62	38	1.31912
62	58	0.940666
62	69	0.913115
62	93	0.883961
62	94	0.955191
62	107	1.48406
62	121	0.925122
62	126	0.879709
62	127	0.901535
62	134	0.928799
62	144	0.897137
62	150	0.893435
62	151	0.905784
62	158	1.55028
62	166	0.957551
62	172	1.47642
62	176	0.918335
63	82	0.853547
63	83	0.856827
63	87	1.5365
63	90	3.08815
63	91	0.842576
63	105	0.858744
63	114	1.5605
63	115	0.827642
63	124	0.826072
63	130	0.855123
63	145	0.843344
63	148	0.848104
63	153	0.863129
63	159	0.835692
63	162	0.842592
63	163	0.842593
63	175	0.750686
63	176	0.854321
64	7	1.54263
64	33	0.921669
64	57	1.78414
64	78	0.835914
64	92	0.812877
64	94	0.882363
64	121	0.852294
64	122	2.33338
64	125	0.842695
64	127	0.828707
64	128	0.836514
64	129	0.733399
64	134	0.855971
64	138	0.823011
64	144	0.824309
64	150	0.820607
64	166	0.884723
64	176	0.845507
65	1	0.880478
65	11	0.860942
65	21	0.852153
65	23	0.952624
65	26	0.837133
65	28	0.928497
65	32	0.917234
65	39	0.903451
65	46	0.882107
65	67	0.937673
65	72	0.922817
65	77	0.910719
65	80	0.909218
65	95	1.71172
65	96	1.35945
65	113	0.9055
65	131	1.63552
65	146	1.60271
66	50	0.884809
66	55	0.938154
66	103	0.909755
66	104	0.910053
66	105	0.909583
66	118	0.885552
66	124	0.876911
66	148	0.898943
66	152	0.894392
66	153	0.913968
66	154	1.75751
66	159	0.886531
66	162	0.893431
66	163	0.893432
66	167	1.47341
66	172	1.52375
66	174	1.62686
66	176	0.90516
67	11	0.864164
67	15	0.873439
67	21	0.855374
67	23	0.955846
67	26	0.840355
67	28	0.931719
67	39	0.906673
67	46	0.885329
67	65	0.937673
67	72	0.926039
67	74	1.29132
67	77	0.913941
67	80	0.91244
67	113	0.908722
67	114	1.68967
67	131	1.33302
67	139	0.889017
67	168	2.03881
68	43	0.843031
68	56	1.52188
68	82	0.853186
68	84	0.856635
68	87	1.80182
68	89	0.841356
68	100	0.868184
68	105	0.858383
68	116	0.830148
68	130	0.854762
68	139	0.827414
68	152	0.843191
68	159	0.835331
68	162	0.842231
68	163	0.842232
68	175	0.750324
68	176	0.853959
68	179	2.58719
69	33	0.961173
69	42	0.864719
69	62	0.913115
69	81	2.00018
69	93	0.850637
69	94	0.921867
69	125	0.882198
69	126	0.846385
69	127	0.868211
69	128	0.876018
69	134	0.895475
69	138	0.862514
69	141	0.876416
69	151	0.87246
69	160	1.47224
69	164	1.69388
69	165	1.52733
69	166	0.924227
69	176	0.88501
70	73	0.84768
70	92	0.869017
70	102	0.903783
70	121	0.908433
70	125	0.898834
70	126	0.86302
70	127	0.884847
70	128	0.892654
70	134	0.912111
70	138	0.87915
70	141	0.893052
70	144	0.880448
70	150	0.876746
70	151	0.889095
70	160	1.22649
70	161	1.3001
70	169	2.14996
70	176	0.901646
70	180	2.02048
71	47	1.00491
71	51	1.67626
71	78	0.888385
71	92	0.865348
71	93	0.863604
71	125	0.895166
71	126	0.859352
71	127	0.881178
71	128	0.888985
71	131	0.891518
71	134	0.908442
71	138	0.875482
71	141	0.889383
71	150	0.873078
71	151	0.885427
71	155	1.77922
71	166	0.937194
71	167	1.70776
71	176	0.897978
72	11	0.849309
72	15	0.858583
72	21	0.840519
72	23	0.94099
72	26	0.825499
72	28	0.916864
72	32	0.9056
72	39	0.891817
72	46	0.870473
72	65	0.922817
72	67	0.926039
72	77	0.899085
72	80	0.897585
72	98	0.881096
72	129	3.6747
72	139	0.874161
72	158	0.393668
72	179	1.3475
72	180	1.25626
73	6	0.89141
73	34	0.834118
73	42	0.815972
73	61	0.790563
73	70	0.84768
73	93	0.80189
73	94	0.87312
73	102	0.8384
73	125	0.833451
73	127	0.819464
73	128	0.827271
73	134	0.846728
73	138	0.813767
73	141	0.827669
73	142	1.66667
73	144	0.815066
73	151	0.823713
73	165	2.01538
73	177	2.74793
74	33	0.862811
74	48	0.917309
74	67	1.29132
74	102	1.54641
74	111	0.881315
74	131	0.908429
74	138	1.52388
74	140	0.904339
74	149	0.898739
74	161	0.924189
74	165	0.905659
74	170	0.879072
74	171	0.919076
74	173	0.842446
74	174	0.914694
74	177	0.847719
74	178	0.852129
74	179	0.850038
74	180	0.855019
75	120	0.779606
75	130	1.6381
75	132	0.867751
75	140	0.849594
75	141	1.94081
75	147	0.8452
75	158	0.876851
75	160	0.856585
75	161	0.869443
75	166	1.3745
75	167	0.859966
75	168	0.817317
75	169	0.794328
75	170	0.824326
75	172	0.873545
75	177	0.792973
75	178	0.797383
75	179	0.795292
75	180	0.800273
76	10	0.899839
76	16	0.799843
76	18	0.874489
76	44	0.815369
76	45	0.894073
76	53	0.805712
76	59	0.8057
76	99	1.40854
76	121	1.65978
76	152	1.92013
76	158	0.856662
76	160	0.836395
76	164	0.816381
76	166	0.87917
76	171	0.844141
76	174	0.839759
76	178	0.777194
76	179	0.775103
76	180	0.780084
77	1	0.856746
77	11	0.837211
77	15	0.846485
77	21	0.828421
77	23	0.928892
77	26	0.813401
77	28	0.904765
77	32	0.893502
77	39	0.879719
77	46	0.858375
77	65	0.910719
77	67	0.913941
77	72	0.899085
77	80	0.885486
77	113	0.881768
77	139	0.862063
77	147	1.27947
77	161	1.09435
77	164	1.24238
77	175	3.39715
78	13	0.851267
78	31	1.55913
78	33	0.956799
78	41	0.946033
78	42	0.860346
78	64	0.835914
78	71	0.888385
78	92	0.848007
78	110	0.874352
78	121	0.887424
78	126	0.842011
78	127	0.863837
78	128	0.871645
78	133	1.8512
78	134	0.891101
78	144	0.859439
78	150	0.855737
78	151	0.868086
78	171	1.74756
78	172	1.58876
79	17	0.921132
79	43	0.866869
79	82	0.877024
79	83	0.880304
79	97	1.86224
79	103	0.882393
79	104	0.882691
79	109	0.875303
79	113	0.870957
79	120	2.56461
79	124	0.849549
79	130	0.8786
79	148	0.87158
79	149	1.10623
79	152	0.86703
79	153	0.886606
79	159	0.859169
79	162	0.866069
79	163	0.86607
79	168	1.44072
80	1	0.855245
80	7	0.776836
80	11	0.83571
80	21	0.82692
80	23	0.927391
80	26	0.8119
80	28	0.903264
80	32	0.892001
80	39	0.878218
80	46	0.856874
80	65	0.909218
80	67	0.91244
80	72	0.897585
80	77	0.885486
80	98	0.867497
80	113	0.880267
80	133	1.81583
80	139	0.860562
80	150	1.68598
80	178	2.45868
81	6	1.77558
81	69	2.00018
81	106	0.852009
81	118	1.97364
81	131	0.838582
81	132	0.852651
81	143	0.854887
81	154	0.825011
81	156	0.860882
81	158	0.86175
81	160	0.841484
81	164	0.82147
81	165	0.835812
81	168	0.802216
81	169	0.779227
81	171	0.84923
81	177	0.777872
81	178	0.782282
81	179	0.780191
81	180	0.785173
82	63	0.853547
82	68	0.853186
82	79	0.877024
82	89	0.876853
82	91	0.877712
82	104	0.89435
82	116	0.865645
82	118	0.869849
82	124	0.861208
82	130	0.890259
82	137	1.39818
82	145	0.87848
82	152	0.878688
82	153	0.898265
82	159	0.870828
82	160	1.57843
82	162	0.877728
82	163	0.877729
82	174	1.53908
82	179	2.46367
83	50	0.872386
83	52	2.27698
83	63	0.856827
83	79	0.880304
83	84	0.895412
83	91	0.880992
83	99	0.902602
83	115	0.866058
83	116	0.868925
83	119	1.49083
83	143	1.3988
83	145	0.88176
83	148	0.886519
83	152	0.881969
83	153	0.901545
83	159	0.874108
83	162	0.881008
83	163	0.881009
83	165	1.56699
83	175	0.789101
84	35	1.20901
84	68	0.856635
84	83	0.895412
84	88	0.884855
84	99	0.902771
84	105	0.897329
84	115	0.866227
84	116	0.869093
84	124	0.864657
84	136	0.871868
84	143	1.75953
84	145	0.881929
84	152	0.882137
84	153	0.901714
84	157	2.04364
84	159	0.874277
84	162	0.881177
84	163	0.881178
84	172	1.73017
84	175	0.78927
85	55	2.48438
85	57	0.791281
85	111	0.771752
85	136	2.98285
85	137	0.834928
85	142	0.814753
85	155	0.804522
85	157	0.77321
85	158	0.822034
85	160	0.801767
85	161	0.814626
85	165	0.796096
85	167	0.805148
85	169	0.73951
85	170	0.769509
85	173	0.732882
85	178	0.742566
85	179	0.740475
85	180	0.745456
86	48	0.859423
86	54	0.772009
86	103	1.6065
86	120	0.776466
86	139	1.84102
86	145	1.85099
86	147	0.842059
86	149	0.840853
86	154	0.836971
86	155	0.856199
86	156	0.872842
86	164	0.83343
86	168	0.814177
86	169	0.791187
86	171	0.86119
86	172	0.870404
86	177	0.789832
86	178	0.794242
86	179	0.792152
86	180	0.797133
87	31	0.914575
87	39	1.36019
87	63	1.5365
87	68	1.80182
87	125	1.34648
87	155	0.894813
87	156	0.911457
87	158	0.912325
87	160	0.892058
87	164	0.872044
87	165	0.886387
87	167	0.895439
87	168	0.852791
87	169	0.829801
87	173	0.823174
87	174	0.895422
87	175	0.791982
87	177	0.828447
87	178	0.832857
87	179	0.830766
87	180	0.835747
88	4	0.840791
88	84	0.884855
88	89	0.869577
88	100	0.896405
88	106	1.57915
88	108	0.873716
88	109	0.879686
88	113	0.87534
88	115	0.855501
88	116	0.858368
88	124	0.853931
88	130	0.882983
88	146	1.57587
88	148	0.875963
88	152	0.871412
88	156	1.50026
88	159	0.863551
88	162	0.870452
88	163	0.870452
88	175	0.778545
88	178	2.6043
89	68	0.841356
89	82	0.876853
89	88	0.869577
89	91	0.865882
89	97	2.41918
89	100	0.891851
89	103	0.882222
89	104	0.88252
89	112	1.69546
89	136	0.856589
89	145	0.86665
89	147	1.7834
89	148	0.87141
89	152	0.866859
89	153	0.886435
89	159	0.858998
89	162	0.865898
89	163	0.865899
89	172	1.38221
89	175	0.773992
89	176	0.877627
90	24	0.776416
90	39	2.91185
90	63	3.08815
90	95	0.788594
90	129	0.695417
90	132	0.815132
90	140	0.796975
90	142	0.816951
90	155	0.80672
90	160	0.803966
90	164	0.783952
90	165	0.798294
90	167	0.807347
90	168	0.764698
90	169	0.741709
90	170	0.771707
90	173	0.735081
90	174	0.80733
90	179	0.742673
90	180	0.747655
91	43	0.867557
91	55	0.91148
91	63	0.842576
91	82	0.877712
91	83	0.880992
91	89	0.865882
91	103	0.88308
91	115	0.851806
91	124	0.850236
91	145	0.867509
91	149	1.81983
91	152	0.867717
91	153	0.887294
91	159	0.859856
91	162	0.866757
91	163	0.866758
91	164	1.90297
91	170	1.91268
91	174	1.64198
91	175	0.77485
91	176	0.878485
92	5	1.30632
92	35	1.48827
92	41	0.922996
92	42	0.837309
92	61	0.811899
92	64	0.812877
92	70	0.869017
92	71	0.865348
92	78	0.848007
92	94	0.894457
92	96	1.64303
92	102	0.859736
92	125	0.854788
92	127	0.8408
92	128	0.848608
92	131	0.85114
92	138	0.835104
92	141	0.849006
92	151	0.845049
92	166	0.896816
92	168	2.62488
92	176	0.8576
93	34	0.853711
93	41	0.921252
93	42	0.835565
93	62	0.883961
93	69	0.850637
93	71	0.863604
93	73	0.80189
93	94	0.892713
93	102	0.857992
93	110	0.849571
93	119	2.00926
93	121	0.862643
93	126	0.81723
93	138	0.83336
93	141	0.847262
93	144	0.834658
93	151	0.843305
93	156	1.68912
93	166	0.895072
93	172	1.88787
93	174	1.99098
93	176	0.855856
94	49	0.912211
94	58	0.949418
94	61	0.881386
94	62	0.955191
94	64	0.882363
94	69	0.921867
94	73	0.87312
94	92	0.894457
94	93	0.892713
94	102	0.929223
94	110	0.920801
94	129	0.814979
94	131	0.920626
94	133	1.04856
94	138	0.90459
94	144	0.905889
94	151	0.914536
94	161	1.00219
94	172	0.786125
94	175	3.305
94	176	0.927086
94	177	1.71623
95	35	0.89006
95	65	1.71172
95	90	0.788594
95	96	0.899011
95	117	0.851004
95	143	0.881144
95	146	0.887427
95	148	1.62627
95	149	0.855149
95	156	0.887139
95	159	1.46188
95	160	0.86774
95	161	0.880599
95	162	1.39635
95	167	0.871121
95	169	0.805483
95	170	0.835482
95	173	0.798856
95	174	0.871104
95	177	0.804129
95	178	0.808539
95	179	0.806448
95	180	0.811429
96	65	1.35945
96	92	1.64303
96	95	0.899011
96	100	1.37775
96	122	0.893968
96	142	0.927369
96	146	0.93407
96	153	0.764456
96	154	0.89791
96	156	0.933782
96	157	0.885827
96	161	0.927242
96	162	1.04408
96	164	0.894369
96	165	0.908712
96	170	0.882125
96	171	0.922129
96	172	0.931343
96	173	0.845499
96	177	0.850772
96	178	0.855182
96	179	0.853091
96	180	0.858072
97	9	0.784556
97	14	0.795722
97	18	0.866122
97	25	0.846913
97	36	0.817439
97	44	0.807002
97	53	0.797345
97	59	0.797334
97	79	1.86224
97	89	2.41918
97	150	0.806687
97	156	0.847427
97	164	0.808014
97	165	0.822357
97	166	0.870803
97	169	0.765771
97	171	0.835774
97	173	0.759143
97	176	2.3842
97	177	0.764416
97	178	0.768827
97	179	0.766736
97	180	0.771717
98	15	0.828496
98	21	0.810431
98	26	0.795412
98	32	0.875512
98	39	0.86173
98	46	0.840386
98	72	0.881096
98	80	0.867497
98	99	0.880485
98	108	0.862156
98	113	0.863779
98	115	0.843941
98	117	1.97409
98	118	0.851012
98	124	0.842371
98	150	1.99385
98	152	0.859851
98	154	2.09502
98	159	0.851991
98	162	0.858891
98	163	0.858892
98	167	1.81091
98	175	0.766984
99	55	0.93309
99	57	0.886051
99	76	1.40854
99	83	0.902602
99	84	0.902771
99	98	0.880485
99	100	0.91432
99	105	0.904519
99	109	0.897601
99	114	1.35303
99	115	0.873417
99	116	0.876284
99	124	0.871847
99	145	0.889119
99	146	0.963569
99	148	0.893878
99	152	0.889328
99	153	0.908904
99	162	0.888367
99	163	0.888368
99	169	2.15264
99	176	0.900096
99	177	2.01682
100	68	0.868184
100	88	0.896405
100	89	0.891851
100	96	1.37775
100	99	0.91432
100	101	1.37346
100	104	0.909348
100	108	0.895991
100	109	0.90196
100	116	0.880643
100	118	0.884847
100	136	0.883417
100	145	0.893478
100	148	0.898237
100	152	0.893687
100	153	0.913263
100	156	1.5454
100	158	1.81802
100	159	0.885826
100	162	0.892726
100	163	0.892727
100	172	1.74416
100	176	0.904455
101	100	1.37346
101	108	1.45046
101	112	0.868176
101	122	0.88531
101	123	0.930916
101	137	0.938886
101	144	1.14715
101	146	0.925412
101	147	0.89434
101	151	1.04625
101	152	1.22761
101	165	0.900054
101	167	0.909106
101	168	0.866458
101	169	0.843468
101	170	0.873467
101	171	0.913471
101	172	0.922685
101	173	0.836841
101	174	0.909089
101	177	0.842113
101	178	0.846524
101	179	0.844433
101	180	0.849414
102	47	0.925247
102	49	0.877491
102	58	0.914698
102	70	0.903783
102	73	0.8384
102	74	1.54641
102	92	0.859736
102	93	0.857992
102	94	0.929223
102	110	0.886081
102	112	1.99169
102	125	0.889554
102	126	0.85374
102	127	0.875567
102	128	0.883374
102	131	0.885906
102	134	0.902831
102	144	0.871168
102	150	0.867466
102	151	0.879815
102	155	1.69956
102	158	1.75231
102	166	0.931582
102	176	0.892366
103	3	0.947795
103	66	0.909755
103	79	0.882393
103	86	1.6065
103	89	0.882222
103	91	0.88308
103	108	0.886361
103	109	0.892331
103	115	0.868146
103	117	1.53745
103	118	0.875217
103	123	1.175
103	130	0.895628
103	136	0.873788
103	145	0.883849
103	148	0.888608
103	153	0.903633
103	159	0.876196
103	162	0.883097
103	163	0.883097
103	168	2.04006
103	170	1.79841
103	175	0.79119
103	176	0.894825
104	8	0.961109
104	24	0.864015
104	66	0.910053
104	79	0.882691
104	82	0.89435
104	89	0.88252
104	100	0.909348
104	112	1.74278
104	114	1.69586
104	116	0.871312
104	118	0.875516
104	124	0.866875
104	130	0.895926
104	143	1.4589
104	145	0.884147
104	148	0.888906
104	152	0.884356
104	157	1.74301
104	159	0.876495
104	162	0.883395
104	163	0.883396
104	164	1.79364
104	175	0.791488
104	176	0.895123
105	30	1.96706
105	43	0.883726
105	63	0.858744
105	66	0.909583
105	68	0.858383
105	84	0.897329
105	99	0.904519
105	108	0.88619
105	109	0.892159
105	116	0.870842
105	118	0.875046
105	130	0.895456
105	139	0.868108
105	145	0.883677
105	148	0.888437
105	149	1.44397
105	152	0.883886
105	153	0.903462
105	159	0.876025
105	162	0.882925
105	163	0.882926
105	171	1.32181
105	174	1.26612
105	179	2.19071
106	39	0.998015
106	56	0.882072
106	81	0.852009
106	88	1.57915
106	112	0.856088
106	118	1.18339
106	142	0.906623
106	145	1.54924
106	146	0.913324
106	152	1.47844
106	155	0.896392
106	157	0.86508
106	158	0.913904
106	161	0.906496
106	165	0.887966
106	167	0.897018
106	168	0.85437
106	169	0.83138
106	171	0.901383
106	172	0.910597
106	173	0.824752
106	174	0.897001
106	178	0.834436
106	179	0.832345
106	180	0.837326
107	10	1.50694
107	23	1.50587
107	29	0.866543
107	41	1.18246
107	62	1.48406
107	116	1.58122
107	117	0.873194
107	132	0.901097
107	133	0.891338
107	135	0.883455
107	142	0.902916
107	149	0.877339
107	157	0.861373
107	158	0.910197
107	160	0.88993
107	161	0.902789
107	164	0.869916
107	167	0.893311
107	170	0.857672
107	172	0.90689
107	174	0.893294
107	177	0.826319
107	178	0.830729
107	179	0.828638
107	180	0.833619
108	3	0.934736
108	47	1.06796
108	88	0.873716
108	98	0.862156
108	100	0.895991
108	101	1.45046
108	103	0.886361
108	105	0.88619
108	115	0.855088
108	118	0.862159
108	124	0.853518
108	130	0.882569
108	136	0.860729
108	139	0.855221
108	145	0.87079
108	146	1.69801
108	148	0.875549
108	152	0.870998
108	153	0.890575
108	154	2.05492
108	159	0.863138
108	160	1.96361
108	162	0.870038
108	163	0.870039
108	176	0.881766
109	40	0.879897
109	79	0.875303
109	88	0.879686
109	99	0.897601
109	100	0.90196
109	103	0.892331
109	105	0.892159
109	115	0.861057
109	116	0.863924
109	122	1.47625
109	124	0.859487
109	130	0.888538
109	135	1.84538
109	139	0.86119
109	146	1.33891
109	148	0.881519
109	152	0.876968
109	153	0.896544
109	159	0.869107
109	162	0.876007
109	163	0.876008
109	169	2.52798
109	174	1.56516
109	175	0.784101
109	176	0.887736
110	12	0.93297
110	13	0.854575
110	33	0.960107
110	58	0.906276
110	61	0.838244
110	78	0.874352
110	93	0.849571
110	94	0.920801
110	102	0.886081
110	121	0.890732
110	125	0.881133
110	126	0.845319
110	128	0.874952
110	129	0.771837
110	138	0.861449
110	141	0.87535
110	144	0.862747
110	150	0.859045
110	151	0.871394
110	156	1.26675
110	157	1.77897
110	171	1.6243
110	174	1.56861
110	176	0.883945
110	179	2.4932
111	18	1.64709
111	22	1.59338
111	36	1.89115
111	74	0.881315
111	85	0.771752
111	114	0.851235
111	119	0.846505
111	121	2.13839
111	123	0.878288
111	129	0.744549
111	155	0.855852
111	156	0.872496
111	158	0.873364
111	160	0.853097
111	161	0.865956
111	165	0.847426
111	168	0.81383
111	169	0.79084
111	171	0.860843
111	172	0.870057
111	173	0.784213
111	174	0.856461
111	178	0.793896
111	179	0.791805
111	180	0.796786
112	21	2.37008
112	24	0.818014
112	35	0.867883
112	37	0.795344
112	52	0.792033
112	89	1.69546
112	101	0.868176
112	102	1.99169
112	104	1.74278
112	106	0.856088
112	123	0.870754
112	133	0.846971
112	146	0.86525
112	158	0.86583
112	160	0.845563
112	161	0.858422
112	165	0.839892
112	168	0.806296
112	169	0.783306
112	170	0.813305
112	172	0.862523
112	173	0.776679
112	174	0.848927
112	175	0.745487
112	179	0.784271
112	180	0.789252
113	11	0.831992
113	19	1.70462
113	26	0.808182
113	32	0.888283
113	46	0.853156
113	65	0.9055
113	67	0.908722
113	77	0.881768
113	79	0.870957
113	80	0.880267
113	88	0.87534
113	98	0.863779
113	136	0.862352
113	137	1.37652
113	139	0.856844
113	148	0.877173
113	150	1.5469
113	152	0.872622
113	153	0.892198
113	159	0.864761
113	162	0.871661
113	163	0.871662
113	170	1.78812
113	175	0.779754
113	176	0.88339
113	180	2.35076
114	47	0.964504
114	63	1.5605
114	67	1.68967
114	99	1.35303
114	104	1.69586
114	111	0.851235
114	120	0.804272
114	122	0.860835
114	124	1.55127
114	132	0.892417
114	142	0.894236
114	147	0.869865
114	149	0.868659
114	158	0.901517
114	160	0.88125
114	161	0.894109
114	164	0.861236
114	168	0.841983
114	170	0.848992
114	171	0.888996
114	172	0.89821
114	173	0.812365
114	175	0.781174
114	177	0.817638
114	178	0.822049
114	179	0.819958
114	180	0.824939
115	17	0.906886
115	40	0.855712
115	55	0.896546
115	63	0.827642
115	83	0.866058
115	84	0.866227
115	88	0.855501
115	91	0.851806
115	98	0.843941
115	99	0.873417
115	103	0.868146
115	108	0.855088
115	109	0.861057
115	124	0.835303
115	136	0.842514
115	148	0.857334
115	150	1.52506
115	152	0.852783
115	153	0.87236
115	158	1.46633
115	159	0.844923
115	161	1.60853
115	162	0.851823
115	163	0.851824
115	173	2.40598
115	176	0.863551
115	180	2.32892
116	3	0.919388
116	50	0.846068
116	56	1.53597
116	68	0.830148
116	82	0.865645
116	83	0.868925
116	84	0.869093
116	88	0.858368
116	99	0.876284
116	100	0.880643
116	104	0.871312
116	105	0.870842
116	107	1.58122
116	109	0.863924
116	118	0.846811
116	131	1.48325
116	145	0.855442
116	148	0.860201
116	152	0.85565
116	153	0.875227
116	159	0.847789
116	160	1.71604
116	162	0.85469
116	163	0.854691
116	175	0.762783
116	176	0.866418
116	177	2.50368
117	17	0.91327
117	41	1.28766
117	95	0.851004
117	98	1.97409
117	103	1.53745
117	107	0.873194
117	125	1.21699
117	132	0.877543
117	133	0.867784
117	135	0.859901
117	140	0.859385
117	149	0.853785
117	154	0.849903
117	155	0.869131
117	159	1.58885
117	160	0.866376
117	161	0.879235
117	164	0.846362
117	165	0.860705
117	167	0.869757
117	168	0.827109
117	170	0.834118
117	171	0.874122
117	172	0.883336
117	174	0.86974
117	179	0.805084
117	180	0.810065
118	2	1.4945
118	4	0.829234
118	40	0.862783
118	50	0.850272
118	66	0.885552
118	81	1.97364
118	82	0.869849
118	98	0.851012
118	100	0.884847
118	103	0.875217
118	104	0.875516
118	105	0.875046
118	106	1.18339
118	108	0.862159
118	116	0.846811
118	130	0.871425
118	136	0.849585
118	147	1.70443
118	148	0.864405
118	152	0.859854
118	153	0.879431
118	159	0.851994
118	162	0.858894
118	163	0.858895
118	175	0.766987
118	176	0.870622
118	180	2.2397
119	30	0.835821
119	35	0.898839
119	40	1.86569
119	42	1.04489
119	56	0.864955
119	83	1.49083
119	93	2.00926
119	111	0.846505
119	121	1.45934
119	123	0.901711
119	133	0.877928
119	154	0.860047
119	155	0.879274
119	156	0.895918
119	157	0.847963
119	161	0.889378
119	164	0.856506
119	165	0.870848
119	167	0.879901
119	168	0.837252
119	169	0.814263
119	171	0.884265
119	172	0.89348
119	177	0.812908
119	178	0.817318
119	179	0.815227
119	180	0.820209
120	29	0.782746
120	34	2.56143
120	75	0.779606
120	79	2.56461
120	86	0.776466
120	114	0.804272
120	122	0.785719
120	124	3.02429
120	135	0.799658
120	149	0.793543
120	154	0.789661
120	155	0.808889
120	157	0.777577
120	158	0.8264
120	160	0.806134
120	161	0.818993
120	165	0.800463
120	167	0.809515
120	168	0.766867
120	171	0.81388
120	172	0.823094
120	173	0.737249
120	174	0.809498
120	175	0.706058
120	177	0.742522
120	178	0.746932
120	179	0.744842
120	180	0.749823
121	6	0.952164
121	27	1.06644
121	33	0.973179
121	49	0.882142
121	58	0.919349
121	62	0.925122
121	64	0.852294
121	70	0.908433
121	76	1.65978
121	78	0.887424
121	93	0.862643
121	110	0.890732
121	111	2.13839
121	119	1.45934
121	126	0.858391
121	127	0.880217
121	128	0.888025
121	129	0.78491
121	134	0.907481
121	138	0.874521
121	141	0.888422
121	142	1.18678
121	144	0.875819
121	150	0.872117
121	151	0.884466
121	155	1.35906
121	166	0.936233
121	176	0.897017
122	16	1.79476
122	64	2.33338
122	96	0.893968
122	101	0.88531
122	109	1.47625
122	114	0.860835
122	120	0.785719
122	126	1.40825
122	131	0.859796
122	132	0.873864
122	133	0.864105
122	134	0.871941
122	143	0.876101
122	147	0.851312
122	155	0.865452
122	156	0.882095
122	157	0.83414
122	158	0.882964
122	160	0.862697
122	161	0.875556
122	165	0.857026
122	167	0.866078
122	171	0.870443
122	172	0.879657
122	175	0.762621
122	178	0.803495
122	179	0.801405
122	180	0.806386
123	4	1.60455
123	27	0.945712
123	45	1.22361
123	60	0.898443
123	101	0.930916
123	103	1.175
123	111	0.878288
123	112	0.870754
123	119	0.901711
123	133	0.909711
123	139	1.40952
123	140	0.901312
123	146	0.92799
123	147	0.896919
123	151	1.16734
123	154	0.89183
123	157	0.879746
123	158	0.92857
123	165	0.902632
123	170	0.876045
123	171	0.916049
123	173	0.839419
123	174	0.911667
123	176	1.09763
123	177	0.844692
123	178	0.849102
123	179	0.847011
123	180	0.851992
124	17	0.905316
124	63	0.826072
124	66	0.876911
124	79	0.849549
124	82	0.861208
124	84	0.864657
124	88	0.853931
124	91	0.850236
124	98	0.842371
124	99	0.871847
124	104	0.866875
124	108	0.853518
124	109	0.859487
124	114	1.55127
124	115	0.835303
124	120	3.02429
124	133	1.54739
124	136	0.840944
124	148	0.855764
124	150	1.41754
124	152	0.851213
124	153	0.87079
124	157	1.59842
124	159	0.843353
124	162	0.850253
124	163	0.850254
124	175	0.758346
124	176	0.861981
125	12	0.936443
125	22	0.917828
125	34	0.885273
125	49	0.872543
125	58	0.90975
125	64	0.842695
125	69	0.882198
125	70	0.898834
125	71	0.895166
125	73	0.833451
125	87	1.34648
125	92	0.854788
125	102	0.889554
125	110	0.881133
125	117	1.21699
125	126	0.848792
125	128	0.878425
125	131	0.880958
125	134	0.897882
125	135	1.48748
125	138	0.864922
125	141	0.878823
125	150	0.862518
125	151	0.874867
125	164	1.46826
125	166	0.926634
125	169	2.17008
125	176	0.887418
125	178	2.00945
126	12	0.900629
126	41	0.917
126	42	0.831313
126	49	0.836729
126	61	0.805903
126	62	0.879709
126	69	0.846385
126	70	0.86302
126	71	0.859352
126	78	0.842011
126	93	0.81723
126	102	0.85374
126	110	0.845319
126	121	0.858391
126	122	1.40825
126	125	0.848792
126	127	0.834804
126	129	0.739497
126	134	0.862068
126	138	0.829108
126	141	0.843009
126	144	0.830406
126	150	0.826704
126	151	0.839053
126	160	1.53651
126	166	0.89082
126	168	2.00951
126	173	2.40757
126	177	2.32416
127	6	0.928577
127	20	0.908473
127	22	0.903841
127	29	1.58046
127	31	0.847265
127	41	0.938826
127	49	0.858555
127	58	0.895762
127	62	0.901535
127	64	0.828707
127	69	0.868211
127	70	0.884847
127	71	0.881178
127	73	0.819464
127	78	0.863837
127	92	0.8408
127	102	0.875567
127	121	0.880217
127	126	0.834804
127	128	0.864438
127	134	0.883895
127	135	1.26022
127	141	0.864836
127	144	0.852232
127	150	0.84853
127	151	0.860879
127	154	1.11066
127	166	0.912646
127	175	3.39577
127	180	1.81335
128	22	0.911648
128	24	1.62211
128	29	2.10417
128	33	0.9574
128	58	0.903569
128	60	1.61305
128	64	0.836514
128	69	0.876018
128	70	0.892654
128	71	0.888985
128	73	0.827271
128	78	0.871645
128	92	0.848608
128	102	0.883374
128	110	0.874952
128	121	0.888025
128	125	0.878425
128	127	0.864438
128	129	0.76913
128	131	0.874777
128	134	0.891702
128	138	0.858741
128	140	1.72718
128	141	0.872643
128	144	0.86004
128	146	1.27746
128	151	0.868687
128	166	0.920454
128	172	1.4006
128	176	0.881237
129	49	0.763248
129	64	0.733399
129	72	3.6747
129	90	0.695417
129	94	0.814979
129	110	0.771837
129	111	0.744549
129	121	0.78491
129	126	0.739497
129	128	0.76913
129	132	0.785731
129	138	0.755627
129	141	0.769528
129	144	0.756925
129	151	0.765572
129	153	4.48576
129	156	0.793962
129	157	0.746007
129	165	0.768892
129	168	0.735296
129	170	0.742305
129	171	0.782309
129	172	0.791524
129	173	0.705679
129	175	0.674487
129	176	0.778123
129	179	0.713271
129	180	0.718253
130	4	0.849644
130	50	0.870682
130	63	0.855123
130	68	0.854762
130	75	1.6381
130	79	0.8786
130	82	0.890259
130	88	0.882983
130	103	0.895628
130	104	0.895926
130	105	0.895456
130	108	0.882569
130	109	0.888538
130	118	0.871425
130	136	0.869995
130	139	0.864487
130	140	1.51646
130	145	0.880056
130	147	1.59106
130	148	0.884815
130	152	0.880265
130	153	0.899841
130	159	0.872404
130	162	0.879304
130	163	0.879305
130	172	1.18988
130	175	0.787397
130	176	0.891033
130	178	2.09517
130	179	2.21757
131	65	1.63552
131	67	1.33302
131	71	0.891518
131	74	0.908429
131	81	0.838582
131	92	0.85114
131	94	0.920626
131	102	0.885906
131	116	1.48325
131	122	0.859796
131	125	0.880958
131	128	0.874777
131	132	0.891378
131	134	0.894234
131	136	1.21519
131	143	0.893615
131	144	0.862572
131	148	1.55007
131	150	0.85887
131	151	0.871219
131	159	1.38568
131	164	0.860197
131	166	0.922986
131	168	0.840944
131	169	0.817954
131	170	0.847952
131	174	0.883575
131	176	0.88377
131	177	0.816599
131	179	0.818918
131	180	0.8239
132	1	1.778
132	5	0.969931
132	9	2.12966
132	12	0.909298
132	75	0.867751
132	81	0.852651
132	90	0.815132
132	107	0.901097
132	114	0.892417
132	117	0.877543
132	122	0.873864
132	129	0.785731
132	131	0.891378
132	140	0.887288
132	145	1.38251
132	147	0.882894
132	148	1.35382
132	149	0.881688
132	156	0.913677
132	164	0.874265
132	165	0.888608
132	167	0.89766
132	168	0.855012
132	169	0.832022
132	173	0.825394
132	174	0.897643
132	176	1.06065
132	177	0.830667
132	178	0.835077
132	179	0.832987
132	180	0.837968
133	3	1.49296
133	54	0.803086
133	78	1.8512
133	80	1.81583
133	94	1.04856
133	107	0.891338
133	112	0.846971
133	117	0.867784
133	119	0.877928
133	122	0.864105
133	123	0.909711
133	124	1.54739
133	143	0.897924
133	147	0.873136
133	149	0.871929
133	150	0.863179
133	154	0.868047
133	155	0.887275
133	157	0.855963
133	164	0.864506
133	165	0.878849
133	167	0.887901
133	168	0.845253
133	170	0.852262
133	171	0.892266
133	173	0.815636
133	174	0.887884
133	176	1.60967
