1	4	1.10884
1	31	1.03601
1	35	1.03561
1	44	1.0012
1	58	1.0715
1	61	1.07181
1	138	1.11652
1	148	0.979052
1	159	1.35756
1	166	1.69479
1	172	1.42773
1	177	0.961497
2	4	0.891253
2	21	0.861307
2	31	0.81842
2	35	0.81802
2	43	0.894623
2	44	0.78361
2	58	0.853918
2	61	0.854221
2	137	2.15833
2	138	0.898932
2	150	2.36185
2	177	0.743911
3	27	0.939248
3	28	0.938926
3	41	0.93484
3	45	0.90565
3	56	0.975531
3	62	0.975866
3	105	0.943281
3	106	1.7712
3	114	0.954709
3	156	1.49696
3	171	0.863088
3	172	1.76861
4	1	1.10884
4	2	0.891253
4	39	1.28217
4	43	1.12092
4	44	1.00991
4	58	1.08022
4	61	1.08052
4	135	1.16896
4	138	1.12523
4	158	1.45855
4	159	1.51238
4	177	0.97021
5	18	0.939854
5	34	0.916407
5	42	1.02651
5	73	0.887139
5	77	0.887495
5	83	0.946184
5	132	0.908138
5	133	0.941673
5	142	1.45108
5	145	0.939478
5	156	1.45605
5	180	2.11252
6	12	1.01414
6	91	1.05065
6	92	1.05071
6	95	1.09715
6	97	1.0489
6	98	1.07999
6	140	1.05166
6	145	1.08465
6	154	0.967553
6	157	1.08692
6	167	1.23834
6	178	2.16214
7	49	0.881523
7	57	0.848362
7	75	0.978241
7	78	0.948746
7	79	0.948964
7	99	1.3817
7	114	0.941354
7	132	0.911969
7	139	1.53946
7	148	0.936959
7	153	0.99839
7	158	1.99582
8	12	0.891267
8	25	0.975736
8	29	0.956319
8	91	0.927774
8	92	0.927836
8	95	0.974278
8	98	0.957116
8	107	1.06254
8	123	1.2495
8	145	0.961774
8	154	0.84468
8	175	2.68839
9	16	1.10815
9	20	0.970683
9	32	1.05638
9	36	1.05346
9	47	1.01505
9	59	1.08646
9	63	1.09222
9	65	0.55116
9	68	1.05647
9	159	1.08464
9	162	1.69544
9	175	2.09786
10	57	1.10756
10	65	0.820948
10	75	1.23744
10	78	1.20794
10	79	1.20816
10	116	1.07541
10	119	1.0677
10	132	1.17116
10	135	1.011
10	143	1.92099
10	148	1.19615
10	153	1.25758
11	19	1.00325
11	22	0.945487
11	50	0.993645
11	51	0.881383
11	64	0.951574
11	102	0.930253
11	105	0.933821
11	107	1.214
11	115	1.34366
11	122	0.953546
11	162	2.43744
11	180	0.822059
12	6	1.01414
12	8	0.891267
12	29	0.943828
12	46	0.99905
12	91	0.915283
12	92	0.915344
12	98	0.944624
12	138	1.43567
12	145	0.949283
12	149	1.73055
12	154	0.832189
12	158	1.82689
13	110	1.08337
13	118	1.05335
13	126	1.07304
13	128	1.05761
13	134	1.07885
13	136	1.07899
13	149	0.831408
13	158	0.927744
13	159	1.0005
13	163	1.42346
13	165	0.966706
13	173	2.32184
14	22	1.05986
14	33	1.13638
14	50	1.10801
14	51	0.995751
14	64	1.06594
14	102	1.04462
14	108	0.748556
14	122	1.06791
14	165	1.34799
14	167	1.3948
14	175	2.04716
14	180	0.936427
15	46	1.11818
15	66	1.04657
15	91	1.03441
15	92	1.03448
15	95	1.08092
15	98	1.06376
15	108	1.38631
15	125	1.44787
15	144	1.2087
15	145	1.06841
15	147	1.48169
15	154	0.95132
16	9	1.10815
16	36	1.02534
16	47	0.986928
16	59	1.05834
16	63	1.0641
16	68	1.02835
16	94	1.10609
16	104	1.03916
16	124	0.872583
16	137	0.913082
16	149	1.13413
16	178	2.56897
17	24	0.921053
17	52	0.956468
17	57	0.812199
17	71	1.38695
17	75	0.942078
17	78	0.912583
17	79	0.912801
17	114	0.905191
17	132	0.875806
17	148	0.900796
17	150	1.68154
17	153	0.962227
17	166	2.18647
18	5	0.939854
18	40	1.09811
18	72	1.04815
18	73	0.967826
18	77	0.968182
18	80	1.10883
18	83	1.02687
18	115	0.966935
18	132	0.988825
18	133	1.02236
18	145	1.02017
18	154	1.91548
18	166	1.78715
19	11	1.00325
19	22	1.07412
19	33	1.15064
19	51	1.01001
19	64	1.0802
19	102	1.05888
19	122	1.08217
19	133	0.845208
19	158	1.23411
19	170	1.78938
19	179	1.62464
19	180	0.950687
20	9	0.970683
20	32	0.890784
20	36	0.887868
20	47	0.849457
20	59	0.920864
20	63	0.926631
20	68	0.890879
20	94	0.968622
20	101	0.921723
20	104	0.901693
20	148	1.33564
20	165	2.02821
20	171	1.96481
21	2	0.861307
21	31	1.01477
21	35	1.01437
21	43	1.09098
21	44	0.979963
21	58	1.05027
21	61	1.05057
21	71	1.01515
21	90	1.19286
21	138	1.09528
21	146	1.61308
21	177	0.940264
21	180	1.93244
22	11	0.945487
22	14	1.05986
22	19	1.07412
22	33	1.09288
22	50	1.06451
22	51	0.952251
22	64	1.02244
22	105	1.00469
22	117	1.77968
22	124	1.21152
22	139	1.11305
22	159	1.62325
22	180	0.892927
23	34	0.989831
23	42	1.09994
23	72	1.04089
23	73	0.960563
23	77	0.960919
23	83	1.01961
23	132	0.981562
23	133	1.0151
23	138	0.768172
23	144	0.750236
23	145	1.0129
23	165	1.52728
23	176	2.74004
24	17	0.921053
24	49	0.971911
24	57	0.938749
24	75	1.06863
24	76	0.560052
24	78	1.03913
24	79	1.03935
24	86	0.863009
24	132	1.00236
24	148	1.02735
24	153	1.08878
24	164	1.89396
24	168	2.34488
25	8	0.975736
25	46	1.08352
25	67	1.01474
25	91	0.999752
25	92	0.999813
25	95	1.04626
25	98	1.02909
25	117	1.175
25	145	1.03375
25	151	1.79459
25	154	0.916658
25	165	1.33262
25	170	1.52
26	34	0.99094
26	40	1.09196
26	72	1.042
26	73	0.961672
26	77	0.962027
26	83	1.02072
26	123	1.08908
26	132	0.982671
26	133	1.01621
26	142	1.3083
26	145	1.01401
26	146	1.65039
26	157	1.7242
27	3	0.939248
27	28	0.984635
27	30	0.975913
27	41	0.980549
27	45	0.951359
27	54	1.05171
27	56	1.02124
27	62	1.02158
27	114	1.00042
27	133	1.25504
27	155	1.29917
27	156	1.4963
27	167	2.05864
27	171	0.908797
28	3	0.938926
28	27	0.984635
28	30	0.975591
28	41	0.980227
28	45	0.951037
28	54	1.05138
28	56	1.02092
28	62	1.02125
28	99	1.02259
28	105	0.988668
28	155	1.29193
28	159	1.69054
28	164	1.9895
28	171	0.908475
29	8	0.956319
29	12	0.943828
29	66	0.992491
29	67	0.995322
29	91	0.980335
29	92	0.980396
29	95	1.02684
29	98	1.00968
29	145	1.01433
29	151	1.50848
29	154	0.897241
29	167	1.09332
29	168	1.48233
29	173	2.07271
30	27	0.975913
30	28	0.975591
30	41	0.971505
30	45	0.942315
30	54	1.04266
30	56	1.0122
30	62	1.01253
30	99	0.843457
30	105	0.979946
30	114	0.991374
30	150	1.3437
30	163	1.95328
30	166	1.84864
30	171	0.899753
31	1	1.03601
31	2	0.81842
31	21	1.01477
31	35	0.971486
31	43	1.04809
31	44	0.937076
31	58	1.00738
31	61	1.00769
31	119	1.15638
31	138	1.0524
31	149	1.29293
31	163	1.88498
31	164	1.74206
31	177	0.897377
32	9	1.05638
32	20	0.890784
32	36	0.973561
32	47	0.935151
32	59	1.00656
32	63	1.01232
32	66	0.976289
32	68	0.976573
32	101	1.00742
32	104	0.987387
32	147	0.834789
32	170	1.52622
32	178	2.30945
32	180	1.47977
33	14	1.13638
33	19	1.15064
33	22	1.09288
33	50	1.14104
33	51	1.02878
33	64	1.09897
33	105	1.08122
33	122	1.10094
33	142	0.759818
33	159	0.966269
33	165	1.28033
33	166	1.3035
33	178	2.25094
33	180	0.969454
34	5	0.916407
34	23	0.989831
34	26	0.99094
34	72	1.02471
34	73	0.944379
34	77	0.944735
34	83	1.00342
34	132	0.965378
34	133	0.998913
34	145	0.996718
34	150	1.10073
34	161	1.67649
34	164	1.56739
34	180	1.72342
35	1	1.03561
35	2	0.81802
35	21	1.01437
35	31	0.971486
35	43	1.04769
35	44	0.936676
35	58	1.00698
35	61	1.00729
35	111	1.16071
35	119	1.43338
35	135	1.37668
35	138	1.052
35	167	2.08097
35	177	0.896977
36	9	1.05346
36	16	1.02534
36	20	0.887868
36	32	0.973561
36	47	0.932234
36	59	1.00364
36	63	1.00941
36	66	0.973373
36	68	0.973657
36	80	1.41935
36	99	1.09249
36	103	1.36795
36	104	0.984471
36	166	2.09767
37	109	0.951659
37	118	0.972275
37	120	1.00878
37	121	1.00761
37	126	0.991967
37	130	1.01063
37	131	0.98365
37	134	0.997775
37	136	0.99792
37	137	1.03114
37	142	1.19591
37	161	1.81042
37	162	2.01316
37	165	0.885632
38	85	1.02008
38	113	0.787414
38	118	0.966162
38	121	1.0015
38	126	0.985854
38	127	1.0206
38	128	0.970424
38	131	0.977537
38	134	0.991663
38	136	0.991807
38	146	1.34906
38	160	1.2433
38	165	0.87952
38	176	2.74023
39	4	1.28217
39	43	1.02604
39	89	0.943412
39	141	1.01469
39	148	0.982346
39	152	0.926051
39	158	0.920727
39	161	0.870197
39	167	0.882053
39	169	0.830813
39	170	0.870313
39	175	0.816162
39	178	0.814284
39	179	0.858808
40	18	1.09811
40	26	1.09196
40	72	1.12572
40	73	1.0454
40	77	1.04575
40	83	1.10444
40	103	1.12246
40	112	0.965315
40	124	1.10323
40	132	1.06639
40	133	1.09993
40	145	1.09773
40	149	1.36478
40	161	1.92301
41	3	0.93484
41	27	0.980549
41	28	0.980227
41	30	0.971505
41	45	0.946951
41	54	1.0473
41	56	1.01683
41	62	1.01717
41	114	0.99601
41	129	0.955867
41	159	1.53355
41	163	1.97543
41	171	0.904389
41	172	1.60373
42	5	1.02651
42	23	1.09994
42	72	1.13481
42	73	1.05448
42	77	1.05484
42	80	0.599327
42	83	1.11353
42	132	1.07548
42	133	1.10902
42	145	1.10682
42	160	0.970292
42	167	1.30128
42	169	1.76669
42	175	1.95364
43	2	0.894623
43	4	1.12092
43	21	1.09098
43	31	1.04809
43	35	1.04769
43	39	1.02604
43	44	1.01328
43	58	1.08359
43	61	1.08389
43	119	0.96953
43	138	1.1286
43	140	1.43044
43	158	1.20242
43	170	1.75769
43	177	0.97358
44	1	1.0012
44	2	0.78361
44	4	1.00991
44	21	0.979963
44	31	0.937076
44	35	0.936676
44	43	1.01328
44	58	0.972574
44	61	0.972877
44	113	1.28833
44	138	1.01759
44	155	1.31573
44	160	1.74422
44	177	0.862568
44	179	2.05103
45	3	0.90565
45	27	0.951359
45	28	0.951037
45	30	0.942315
45	41	0.946951
45	54	1.01811
45	56	0.987643
45	62	0.987977
45	105	0.955392
45	106	1.32298
45	114	0.96682
45	125	1.0264
45	159	1.25021
45	171	0.875199
45	176	2.77703
46	12	0.99905
46	15	1.11818
46	25	1.08352
46	67	1.05055
46	91	1.03556
46	92	1.03562
46	95	1.08206
46	98	1.0649
46	99	0.815496
46	107	0.870813
46	111	0.924054
46	145	1.06956
46	154	0.952463
46	163	1.92532
46	168	2.23332
47	9	1.01505
47	16	0.986928
47	20	0.849457
47	32	0.935151
47	36	0.932234
47	59	0.965231
47	63	0.970998
47	68	0.935246
47	94	1.01299
47	101	0.96609
47	104	0.94606
47	113	1.63796
47	129	1.48629
47	139	1.55378
47	148	1.68546
48	100	1.07329
48	120	1.08299
48	136	0.976287
48	139	1.0095
48	149	0.975648
48	157	0.897743
48	168	0.854292
48	170	0.876958
48	172	0.912722
48	173	0.823983
48	174	0.82841
48	175	0.822807
48	176	0.798356
48	178	0.820928
48	179	0.865453
49	7	0.881523
49	24	0.971911
49	52	1.00733
49	57	0.863056
49	75	0.992936
49	78	0.963441
49	79	0.963659
49	93	0.954216
49	114	0.956048
49	132	0.926664
49	146	1.46271
49	148	0.951654
49	153	1.01308
49	172	1.39725
49	178	2.61175
50	11	0.993645
50	14	1.10801
50	22	1.06451
50	33	1.14104
50	51	1.00041
50	64	1.0706
50	102	1.04928
50	105	1.05285
50	122	1.07257
50	123	0.645701
50	147	0.881382
50	154	1.53694
50	167	1.43224
50	173	2.41163
50	180	0.941084
51	11	0.881383
51	14	0.995751
51	19	1.01001
51	22	0.952251
51	33	1.02878
51	50	1.00041
51	64	0.958337
51	102	0.937016
51	105	0.940585
51	122	0.960309
51	125	1.17668
51	135	1.05707
51	166	1.73773
51	174	2.38549
51	180	0.828822
52	17	0.956468
52	49	1.00733
52	57	0.974164
52	75	1.10404
52	78	1.07455
52	79	1.07477
52	114	1.06716
52	132	1.03777
52	137	0.96288
52	138	0.88905
52	148	1.06276
52	153	1.12419
52	160	1.36398
52	162	1.94491
52	167	1.69496
53	55	0.800788
53	60	0.970119
53	69	0.861498
53	70	0.957518
53	74	0.835504
53	81	0.893172
53	82	0.892739
53	84	0.892511
53	97	0.842956
53	102	0.861752
53	103	1.97967
53	104	0.867958
53	133	1.92942
53	147	0.887716
53	155	1.97355
54	27	1.05171
54	28	1.05138
54	30	1.04266
54	41	1.0473
54	45	1.01811
54	56	1.08799
54	62	1.08832
54	90	1.30714
54	105	1.05574
54	114	1.06717
54	124	1.18001
54	139	1.08154
54	152	1.67048
54	158	1.5379
54	171	0.975545
55	53	0.800788
55	60	1.03329
55	69	0.924666
55	70	1.02069
55	74	0.898673
55	81	0.95634
55	82	0.955907
55	84	0.955679
55	97	0.906125
55	102	0.924921
55	104	0.931126
55	113	1.17771
55	125	1.3799
55	147	0.950885
55	162	2.21453
55	164	1.90268
56	3	0.975531
56	27	1.02124
56	28	1.02092
56	30	1.0122
56	41	1.01683
56	45	0.987643
56	54	1.08799
56	62	1.05786
56	105	1.02527
56	108	0.69962
56	114	1.0367
56	141	0.690551
56	171	0.945081
56	172	1.05517
56	176	2.51181
56	178	2.26967
57	7	0.848362
57	10	1.10756
57	17	0.812199
57	24	0.938749
57	49	0.863056
57	52	0.974164
57	75	0.959774
57	76	1.03961
57	78	0.930279
57	79	0.930497
57	114	0.922887
57	139	1.56437
57	144	1.61158
57	148	0.918492
57	153	0.979923
57	165	2.38862
58	1	1.0715
58	2	0.853918
58	4	1.08022
58	21	1.05027
58	31	1.00738
58	35	1.00698
58	43	1.08359
58	44	0.972574
58	61	1.04319
58	138	1.0879
58	142	0.983452
58	146	1.32554
58	156	0.988425
58	171	1.44056
58	177	0.932875
58	178	2.47457
59	9	1.08646
59	16	1.05834
59	20	0.920864
59	32	1.00656
59	36	1.00364
59	47	0.965231
59	63	1.0424
59	65	0.99045
59	66	1.00637
59	68	1.00665
59	94	1.0844
59	101	1.0375
59	150	1.35622
59	155	1.12532
59	158	1.47009
59	162	2.13473
60	53	0.970119
60	55	1.03329
60	69	1.094
60	70	1.19002
60	74	1.068
60	81	1.12567
60	82	1.12524
60	84	1.12501
60	144	0.720417
60	147	1.12022
60	160	0.769591
60	164	1.03867
60	173	2.07997
60	178	2.02438
61	1	1.07181
61	2	0.854221
61	4	1.08052
61	21	1.05057
61	31	1.00769
61	35	1.00729
61	43	1.08389
61	44	0.972877
61	58	1.04319
61	108	1.16246
61	113	1.02183
61	135	1.10441
61	138	1.0882
61	151	2.22386
61	171	1.6985
61	177	0.933178
62	3	0.975866
62	27	1.02158
62	28	1.02125
62	30	1.01253
62	41	1.01717
62	45	0.987977
62	54	1.08832
62	56	1.05786
62	105	1.02561
62	108	0.723632
62	114	1.03704
62	133	0.566271
62	151	1.78503
62	169	1.83528
62	171	0.945415
62	173	2.34927
63	9	1.09222
63	16	1.0641
63	20	0.926631
63	32	1.01232
63	36	1.00941
63	47	0.970998
63	59	1.0424
63	66	1.01214
63	68	1.01242
63	93	1.02334
63	101	1.04326
63	104	1.02323
63	106	1.46897
63	138	0.951149
63	152	1.47495
63	169	2.22247
64	11	0.951574
64	14	1.06594
64	19	1.0802
64	22	1.02244
64	33	1.09897
64	50	1.0706
64	51	0.958337
64	102	1.00721
64	105	1.01078
64	108	1.0191
64	122	1.0305
64	157	1.51393
64	163	1.74636
64	171	1.55514
64	172	1.37466
64	180	0.899013
65	9	0.55116
65	10	0.820948
65	59	0.99045
65	70	0.632247
65	110	0.88494
65	163	1.0187
65	164	1.04156
65	165	1.03228
65	169	0.989777
65	171	1.05408
65	172	1.06504
65	173	0.976302
65	175	0.975126
65	176	0.950675
65	177	1.0492
65	179	1.01777
66	15	1.04657
66	29	0.992491
66	32	0.976289
66	36	0.973373
66	59	1.00637
66	63	1.01214
66	67	0.978933
66	68	0.976385
66	94	1.05413
66	95	1.01045
66	98	0.993287
66	141	1.22782
66	146	1.65791
66	152	1.60102
66	154	0.880852
66	155	1.12366
66	177	1.82704
67	25	1.01474
67	29	0.995322
67	46	1.05055
67	66	0.978933
67	86	1.08534
67	91	0.966777
67	92	0.966839
67	94	1.05696
67	95	1.01328
67	97	0.965029
67	98	0.996119
67	135	1.47391
67	141	1.52289
67	142	1.61088
67	145	1.00078
67	150	1.64963
67	154	0.883684
68	9	1.05647
68	16	1.02835
68	20	0.890879
68	32	0.976573
68	36	0.973657
68	47	0.935246
68	59	1.00665
68	63	1.01242
68	66	0.976385
68	94	1.05441
68	101	1.00751
68	104	0.987482
68	113	0.90806
68	148	0.955561
68	152	1.41282
68	170	1.8355
68	175	2.34729
69	53	0.861498
69	55	0.924666
69	60	1.094
69	70	1.0814
69	74	0.959383
69	81	1.01705
69	82	1.01662
69	84	1.01639
69	86	0.99235
69	97	0.966835
69	104	0.991836
69	116	1.11591
69	123	0.969257
69	147	1.01159
69	160	1.42481
69	167	1.7558
69	169	2.2212
70	53	0.957518
70	55	1.02069
70	60	1.19002
70	65	0.632247
70	69	1.0814
70	74	1.0554
70	81	1.11307
70	82	1.11264
70	84	1.11241
70	86	1.08837
70	102	1.08165
70	112	0.61609
70	147	1.10761
70	156	0.964244
70	160	1.1956
70	168	1.9156
70	174	2.15072
71	17	1.38695
71	21	1.01515
71	101	0.951345
71	136	0.821562
71	143	0.931976
71	146	0.970438
71	155	1.02652
71	160	0.987991
71	166	0.90792
71	170	0.916323
71	172	0.952087
71	173	0.863348
71	174	0.867775
71	175	0.862172
71	176	0.837721
71	178	0.860294
71	179	0.904818
72	18	1.04815
72	23	1.04089
72	26	1.042
72	34	1.02471
72	40	1.12572
72	42	1.13481
72	73	0.995438
72	77	0.995793
72	83	1.05448
72	99	0.717095
72	132	1.01644
72	133	1.04997
72	145	1.04778
72	154	1.53231
72	165	1.3808
72	175	2.07997
72	177	1.37152
72	179	1.40343
73	5	0.887139
73	18	0.967826
73	23	0.960563
73	26	0.961672
73	34	0.944379
73	40	1.0454
73	42	1.05448
73	72	0.995438
73	77	0.915467
73	83	0.974156
73	116	1.28586
73	132	0.93611
73	133	0.969645
73	142	1.35843
73	145	0.96745
73	146	1.70052
73	171	1.81554
73	172	1.63506
74	53	0.835504
74	55	0.898673
74	60	1.068
74	69	0.959383
74	70	1.0554
74	81	0.991057
74	82	0.990624
74	84	0.990396
74	86	0.966357
74	97	0.940841
74	102	0.959637
74	104	0.965843
74	137	0.891552
74	147	0.985601
74	161	1.67084
74	165	1.57683
74	168	2.01265
74	179	1.59946
75	7	0.978241
75	10	1.23744
75	17	0.942078
75	24	1.06863
75	49	0.992936
75	52	1.10404
75	57	0.959774
75	78	1.06016
75	79	1.06038
75	132	1.02338
75	135	1.1107
75	139	0.943936
75	148	1.04837
75	150	1.28643
75	152	1.53288
75	153	1.1098
75	172	1.52431
75	177	1.7589
76	24	0.560052
76	57	1.03961
76	77	0.370459
76	88	0.66388
76	98	0.567604
76	132	0.390114
76	157	1.09081
76	158	1.12044
76	162	1.0446
76	163	1.05944
76	166	1.06162
76	167	1.08176
76	173	1.01705
76	174	1.02147
76	175	1.01587
76	176	0.99142
76	178	1.01399
76	179	1.05852
77	5	0.887495
77	18	0.968182
77	23	0.960919
77	26	0.962027
77	34	0.944735
77	40	1.04575
77	42	1.05484
77	72	0.995793
77	73	0.915467
77	76	0.370459
77	83	0.974512
77	124	0.993692
77	132	0.936466
77	133	0.970001
77	145	0.967806
77	149	1.25524
77	176	2.93223
77	177	1.71018
78	7	0.948746
78	10	1.20794
78	17	0.912583
78	24	1.03913
78	49	0.963441
78	52	1.07455
78	57	0.930279
78	75	1.06016
78	79	1.03088
78	114	1.02327
78	116	0.767351
78	132	0.993887
78	148	1.01888
78	151	1.82239
78	153	1.08031
78	165	1.36043
78	172	1.11655
78	174	2.03136
78	180	1.50136
79	7	0.948964
79	10	1.20816
79	17	0.912801
79	24	1.03935
79	49	0.963659
79	52	1.07477
79	57	0.930497
79	75	1.06038
79	78	1.03088
79	108	0.657454
79	114	1.02349
79	117	1.09927
79	132	0.994105
79	147	0.752838
79	148	1.01909
79	153	1.08053
79	174	1.92783
79	175	1.95605
79	178	2.2275
80	18	1.10883
80	36	1.41935
80	42	0.599327
80	123	1.11847
80	128	1.03271
80	144	1.12073
80	151	0.950318
80	153	0.574868
80	162	0.923323
80	164	0.961021
80	166	0.94034
80	168	0.926076
80	170	0.948743
80	173	0.895767
80	174	0.900194
80	175	0.894591
80	176	0.87014
80	178	0.892713
80	179	0.937237
81	53	0.893172
81	55	0.95634
81	60	1.12567
81	69	1.01705
81	70	1.11307
81	74	0.991057
81	82	1.04829
81	84	1.04806
81	86	1.02402
81	90	1.22462
81	97	0.998508
81	102	1.0173
81	104	1.02351
81	124	1.09749
81	143	2.07578
81	147	1.04327
81	148	1.13071
81	155	1.11061
81	165	1.82327
82	53	0.892739
82	55	0.955907
82	60	1.12524
82	69	1.01662
82	70	1.11264
82	74	0.990624
82	81	1.04829
82	84	1.04763
82	86	1.02359
82	97	0.998075
82	102	1.01687
82	104	1.02308
82	138	0.805401
82	141	0.956005
82	147	1.04284
82	168	2.00033
82	170	1.75189
82	172	1.32063
82	180	1.70544
83	5	0.946184
83	18	1.02687
83	23	1.01961
83	26	1.02072
83	34	1.00342
83	40	1.10444
83	42	1.11353
83	72	1.05448
83	73	0.974156
83	77	0.974512
83	90	1.17172
83	103	1.06382
83	106	1.52908
83	123	1.03064
83	132	0.995155
83	133	1.02869
83	145	1.0265
83	154	1.92188
83	164	1.75527
84	53	0.892511
84	55	0.955679
84	60	1.12501
84	69	1.01639
84	70	1.11241
84	74	0.990396
84	81	1.04806
84	82	1.04763
84	86	1.02336
84	97	0.997847
84	102	1.01664
84	104	1.02285
84	139	1.01687
84	144	1.06407
84	147	1.04261
84	155	1.12845
84	159	1.52706
84	162	2.13787
84	172	1.59724
85	38	1.02008
85	93	1.37706
85	96	0.995875
85	110	1.04627
85	115	1.26694
85	118	1.01624
85	120	1.05274
85	121	1.05157
85	127	1.07067
85	129	1.17224
85	130	1.05459
85	131	1.02762
85	134	1.04174
85	136	1.04189
85	142	1.54347
85	148	1.37142
85	159	0.963388
85	160	1.7798
85	165	0.929598
86	24	0.863009
86	67	1.08534
86	69	0.99235
86	70	1.08837
86	74	0.966357
86	81	1.02402
86	82	1.02359
86	84	1.02336
86	96	1.02661
86	101	0.681641
86	132	0.693071
86	147	1.01857
86	150	0.951903
86	163	0.880594
86	168	0.868508
86	170	0.891174
86	174	0.842626
86	178	0.835145
86	179	0.879669
87	93	0.874662
87	108	0.950889
87	116	0.901669
87	121	2.72375
87	130	2.32115
87	138	0.916285
87	141	0.885716
87	146	0.795457
87	152	0.797081
87	161	0.741226
87	166	0.73294
87	167	0.753083
87	173	0.688368
87	174	0.692795
87	175	0.687192
87	176	0.662741
87	177	0.761265
87	178	0.685313
87	179	0.729838
87	180	0.73458
88	76	0.66388
88	96	0.968585
88	100	1.0184
88	107	1.0862
88	109	0.968336
88	116	1.41981
88	120	1.02545
88	122	1.02403
88	123	1.27316
88	127	1.04338
88	128	0.993213
88	130	1.0273
88	131	1.00033
88	134	1.01445
88	136	1.0146
88	153	1.07277
88	157	1.90828
88	159	0.936099
88	165	0.902309
88	177	2.0036
89	39	0.943412
89	100	1.01746
89	109	0.967396
89	118	0.988011
89	120	1.02451
89	126	1.0077
89	127	1.04244
89	128	0.992273
89	130	1.02636
89	131	0.999386
89	134	1.01351
89	136	1.01366
89	138	0.728578
89	153	1.07183
89	154	1.6392
89	157	1.38308
89	159	0.935159
89	165	0.901369
89	174	2.15862
89	179	1.51032
90	21	1.19286
90	54	1.30714
90	81	1.22462
90	83	1.17172
90	99	1.12726
90	134	0.917518
90	146	0.968857
90	151	0.916318
90	159	0.951539
90	160	0.986411
90	163	0.904163
90	168	0.892076
90	169	0.875242
90	170	0.914742
90	172	0.950506
90	173	0.861767
90	174	0.866194
90	175	0.860591
90	176	0.83614
90	178	0.858713
90	179	0.903237
91	6	1.05065
91	8	0.927774
91	12	0.915283
91	15	1.03441
91	25	0.999752
91	29	0.980335
91	46	1.03556
91	67	0.966777
91	92	0.951851
91	94	1.04197
91	95	0.998293
91	97	0.950041
91	98	0.981131
91	99	1.02717
91	141	1.40067
91	142	1.48867
91	144	1.23213
91	145	0.985789
91	152	1.77387
91	154	0.868696
91	161	2.10318
92	6	1.05071
92	8	0.927836
92	12	0.915344
92	15	1.03448
92	25	0.999813
92	29	0.980396
92	46	1.03562
92	67	0.966839
92	91	0.951851
92	94	1.04203
92	95	0.998355
92	97	0.950103
92	98	0.981193
92	112	1.13971
92	119	1.40262
92	145	0.985851
92	148	1.31084
92	154	0.868757
92	157	1.89879
92	158	1.63551
92	159	1.68935
93	49	0.954216
93	63	1.02334
93	85	1.37706
93	87	0.874662
93	131	1.0557
93	140	0.973939
93	145	0.938245
93	150	0.977071
93	151	0.917919
93	156	1.01709
93	161	0.916226
93	163	0.905763
93	165	0.919349
93	166	0.90794
93	167	0.928083
93	168	0.893676
93	172	0.952107
93	174	0.867795
93	175	0.862192
93	178	0.860313
93	179	0.904838
94	16	1.10609
94	20	0.968622
94	47	1.01299
94	59	1.0844
94	66	1.05413
94	67	1.05696
94	68	1.05441
94	91	1.04197
94	92	1.04203
94	95	1.08848
94	98	1.07131
94	101	1.08526
94	104	1.06522
94	115	0.860049
94	125	1.11921
94	138	0.897979
94	154	0.958878
94	166	1.68026
94	171	1.59369
94	177	1.6478
94	180	1.79802
95	6	1.09715
95	8	0.974278
95	15	1.08092
95	25	1.04626
95	29	1.02684
95	46	1.08206
95	66	1.01045
95	67	1.01328
95	91	0.998293
95	92	0.998355
95	94	1.08848
95	97	0.996545
95	98	1.02763
95	112	1.11557
95	124	1.25348
95	133	1.22246
95	138	1.22015
95	141	1.37076
95	145	1.03229
95	154	0.915199
95	159	1.6652
95	179	2.00189
96	85	0.995875
96	86	1.02661
96	88	0.968585
96	103	1.36611
96	109	0.921341
96	110	0.971982
96	118	0.941956
96	120	0.978457
96	121	0.977289
96	126	0.961648
96	127	0.996389
96	128	0.946218
96	129	1.18092
96	130	0.980309
96	131	0.953331
96	134	0.967456
96	135	1.41518
96	136	0.967601
96	138	1.31355
96	153	1.02577
96	165	0.855314
96	169	2.58487
97	6	1.0489
97	53	0.842956
97	55	0.906125
97	67	0.965029
97	69	0.966835
97	74	0.940841
97	81	0.998508
97	82	0.998075
97	84	0.997847
97	91	0.950041
97	92	0.950103
97	95	0.996545
97	98	0.979383
97	111	0.835633
97	125	1.17121
97	145	0.984041
97	147	0.993053
97	154	0.866947
97	155	0.996416
97	168	2.1449
97	175	2.40825
97	180	1.85001
98	6	1.07999
98	8	0.957116
98	12	0.944624
98	15	1.06376
98	25	1.02909
98	29	1.00968
98	46	1.0649
98	66	0.993287
98	67	0.996119
98	76	0.567604
98	91	0.981131
98	92	0.981193
98	94	1.07131
98	95	1.02763
98	97	0.979383
98	111	1.04317
98	125	1.37874
98	137	1.23134
98	144	1.13957
98	145	1.01513
98	154	0.898037
98	155	1.20395
98	176	3.12937
99	7	1.3817
99	28	1.02259
99	30	0.843457
99	36	1.09249
99	46	0.815496
99	72	0.717095
99	90	1.12726
99	91	1.02717
99	117	1.05094
99	149	1.09423
99	160	1.06721
99	161	0.995422
99	163	0.984959
99	164	1.00782
99	166	0.987136
99	167	1.00728
99	170	0.995539
99	172	1.0313
99	174	0.94699
99	175	0.941388
99	176	0.916937
99	178	0.939509
99	179	0.984034
100	48	1.07329
100	88	1.0184
100	89	1.01746
100	109	0.97116
100	110	1.0218
100	118	0.991776
100	120	1.02828
100	121	1.02711
100	127	1.04621
100	128	0.996037
100	129	0.803176
100	130	1.03013
100	131	1.00315
100	134	1.01728
100	136	1.01742
100	140	1.55504
100	143	1.94742
100	144	0.917871
100	153	1.07559
100	159	0.938923
100	165	0.905133
100	177	1.68563
100	179	1.71755
101	20	0.921723
101	32	1.00742
101	47	0.96609
101	59	1.0375
101	63	1.04326
101	68	1.00751
101	71	0.951345
101	86	0.681641
101	94	1.08526
101	104	1.01833
101	112	0.864005
101	126	1.02003
101	128	1.0046
101	130	1.03869
101	131	1.01171
101	134	1.02584
101	136	1.02598
101	147	1.22364
101	151	2.18966
101	157	1.62308
101	159	0.947487
101	165	0.913697
101	179	1.75033
102	11	0.930253
102	14	1.04462
102	19	1.05888
102	50	1.04928
102	51	0.937016
102	53	0.861752
102	55	0.924921
102	64	1.00721
102	70	1.08165
102	74	0.959637
102	81	1.0173
102	82	1.01687
102	84	1.01664
102	105	0.989454
102	122	1.00918
102	129	0.822283
102	147	1.01185
102	151	2.17599
102	155	1.00136
102	160	1.42984
102	165	1.71402
102	167	1.76083
102	171	1.65062
102	180	0.877692
103	36	1.36795
103	40	1.12246
103	53	1.97967
103	83	1.06382
103	96	1.36611
103	135	0.996954
103	137	1.01913
103	146	0.943644
103	158	0.939944
103	159	0.926326
103	162	0.86411
103	163	0.87895
103	166	0.881127
103	168	0.866863
103	170	0.88953
103	171	0.914336
103	172	0.925294
103	173	0.836555
103	174	0.840981
103	175	0.835379
103	176	0.810928
103	178	0.8335
103	179	0.878025
104	16	1.03916
104	20	0.901693
104	32	0.987387
104	36	0.984471
104	47	0.94606
104	53	0.867958
104	55	0.931126
104	63	1.02323
104	68	0.987482
104	69	0.991836
104	74	0.965843
104	81	1.02351
104	82	1.02308
104	84	1.02285
104	94	1.06522
104	101	1.01833
104	124	0.987987
104	144	0.93672
104	147	1.01805
104	148	1.0212
104	149	1.24954
104	157	1.60915
104	176	2.92652
104	179	1.7364
105	3	0.943281
105	11	0.933821
105	22	1.00469
105	28	0.988668
105	30	0.979946
105	33	1.08122
105	45	0.955392
105	50	1.05285
105	51	0.940585
105	54	1.05574
105	56	1.02527
105	62	1.02561
105	64	1.01078
105	102	0.989454
105	119	1.06859
105	122	1.01275
105	141	1.06086
105	148	0.976802
105	156	1.15383
105	163	1.79719
105	168	2.10518
105	171	0.91283
105	174	2.3403
105	180	0.881261
106	3	1.7712
106	45	1.32298
106	63	1.46897
106	83	1.52908
106	108	1.0599
106	129	1.03809
106	130	0.917305
106	149	0.949045
106	154	0.851644
106	155	0.960554
106	156	0.951103
106	161	0.850239
106	164	0.862634
106	166	0.841952
106	167	0.862096
106	168	0.827689
106	170	0.850355
106	171	0.875162
106	172	0.886119
106	173	0.79738
106	174	0.801807
106	175	0.796204
106	176	0.771753
106	178	0.794326
106	179	0.83885
107	8	1.06254
107	11	1.214
107	46	0.870813
107	88	1.0862
107	122	0.527747
107	129	1.14441
107	134	0.589477
107	139	1.08921
107	145	0.698476
107	146	1.01079
107	149	1.05536
107	152	1.01241
107	157	0.977456
107	161	0.956554
107	169	0.91717
107	170	0.956671
107	171	0.981477
107	172	0.992435
107	173	0.903695
107	174	0.908122
107	175	0.902519
107	176	0.878068
107	178	0.900641
107	179	0.945165
107	180	0.949907
108	14	0.748556
108	15	1.38631
108	56	0.69962
108	61	1.16246
108	62	0.723632
108	64	1.0191
108	79	0.657454
108	87	0.950889
108	106	1.0599
108	111	1.16177
108	119	1.12159
108	134	0.916731
108	135	1.09999
108	151	0.994146
108	155	1.10277
108	164	1.00485
108	166	0.984167
108	168	0.969904
108	169	0.95307
108	170	0.99257
108	172	1.02833
108	174	0.944022
108	176	0.913968
108	178	0.936541
108	179	0.981065
108	180	0.985807
109	37	0.951659
109	88	0.968336
109	89	0.967396
109	96	0.921341
109	100	0.97116
109	110	0.971732
109	118	0.941707
109	120	0.978208
109	122	0.976781
109	126	0.961398
109	127	0.99614
109	128	0.945968
109	130	0.980059
109	131	0.953081
109	133	1.15056
109	134	0.967207
109	136	0.967351
109	149	1.44313
109	150	1.4256
109	153	1.02552
109	156	1.39182
109	157	1.80275
109	159	0.888854
109	165	0.855064
109	166	1.93053
109	167	1.95416
110	13	1.08337
110	65	0.88494
110	85	1.04627
110	96	0.971982
110	100	1.0218
110	109	0.971732
110	112	0.868784
110	115	0.935435
110	118	0.992348
110	120	1.02885
110	121	1.02768
110	126	1.01204
110	127	1.04678
110	128	0.99661
110	130	1.0307
110	131	1.00372
110	134	1.01785
110	136	1.01799
110	140	1.5926
110	141	1.12397
110	143	1.98498
110	153	1.07616
110	159	0.939495
110	165	0.905705
110	166	1.75565
110	170	1.91985
111	35	1.16071
111	46	0.924054
111	97	0.835633
111	98	1.04317
111	108	1.16177
111	114	0.866129
111	121	0.68775
111	127	0.873868
111	150	1.01296
111	157	0.973012
111	158	1.00264
111	160	1.02389
111	161	0.95211
111	162	0.926807
111	164	0.964506
111	166	0.943824
111	167	0.963967
111	169	0.912727
111	173	0.899252
111	174	0.903679
111	175	0.898076
111	176	0.873625
111	177	0.972149
111	178	0.896197
111	179	0.940722
111	180	0.945464
112	40	0.965315
112	70	0.61609
112	92	1.13971
112	95	1.11557
112	101	0.864005
112	110	0.868784
112	132	0.875435
112	136	0.734222
112	140	1.04851
112	151	0.99249
112	155	1.10111
112	156	1.09166
112	160	1.06258
112	161	0.990798
112	163	0.980335
112	167	1.00265
112	168	0.968248
112	169	0.951414
112	170	0.990915
112	171	1.01572
112	172	1.02668
112	173	0.937939
112	174	0.942366
112	175	0.936763
112	176	0.912312
112	178	0.934885
112	179	0.979409
113	38	0.787414
113	44	1.28833
113	47	1.63796
113	55	1.17771
113	61	1.02183
113	68	0.90806
113	118	0.790526
113	140	1.00197
113	147	1.07177
113	150	1.0051
113	151	0.945946
113	152	1.00011
113	158	0.994785
113	162	0.918951
113	163	0.933791
113	164	0.95665
113	166	0.935968
113	168	0.921704
113	169	0.90487
113	172	0.980135
113	173	0.891396
113	174	0.895823
113	175	0.89022
113	176	0.865769
113	178	0.888341
113	179	0.932866
113	180	0.937608
114	3	0.954709
114	7	0.941354
114	17	0.905191
114	27	1.00042
114	30	0.991374
114	41	0.99601
114	45	0.96682
114	49	0.956048
114	52	1.06716
114	54	1.06717
114	56	1.0367
114	57	0.922887
114	62	1.03704
114	78	1.02327
114	79	1.02349
114	111	0.866129
114	132	0.986494
114	133	0.982781
114	135	1.08209
114	148	1.01148
114	152	1.50427
114	153	1.07292
114	161	1.83358
114	165	1.73958
114	171	0.924258
114	172	1.4957
114	180	1.88051
115	11	1.34366
115	18	0.966935
115	85	1.26694
115	94	0.860049
115	110	0.935435
115	118	0.733553
115	134	0.719128
115	155	1.0661
115	157	0.97669
115	158	1.00632
115	160	1.02757
115	161	0.955788
115	162	0.930485
115	165	0.958911
115	166	0.947502
115	167	0.967645
115	169	0.916404
115	170	0.955905
115	172	0.991669
115	173	0.90293
115	174	0.907356
115	175	0.901754
115	176	0.877303
115	177	0.975827
115	179	0.9444
115	180	0.949142
116	10	1.07541
116	69	1.11591
116	73	1.28586
116	78	0.767351
116	87	0.901669
116	88	1.41981
116	126	0.825625
116	141	1.08772
116	142	1.04245
116	153	0.636938
116	157	0.964135
116	158	0.993764
116	160	1.01502
116	161	0.943234
116	166	0.934947
116	167	0.95509
116	168	0.920684
116	169	0.90385
116	170	0.94335
116	172	0.979114
116	173	0.890375
116	174	0.894802
116	175	0.889199
116	176	0.864748
116	178	0.88732
116	179	0.931845
116	180	0.936587
117	22	1.77968
117	25	1.175
117	79	1.09927
117	99	1.05094
117	119	0.967447
117	128	1.53023
117	132	1.5815
117	135	0.945853
117	146	0.892544
117	150	0.899158
117	155	0.948628
117	157	0.859215
117	161	0.838313
117	162	0.81301
117	164	0.850708
117	166	0.830026
117	167	0.85017
117	168	0.815763
117	169	0.798929
117	170	0.838429
117	172	0.874193
117	174	0.789881
117	175	0.784278
117	176	0.759827
117	177	0.858351
117	178	0.7824
117	179	0.826924
118	13	1.05335
118	37	0.972275
118	38	0.966162
118	85	1.01624
118	89	0.988011
118	96	0.941956
118	100	0.991776
118	109	0.941707
118	110	0.992348
118	113	0.790526
118	115	0.733553
118	120	0.998823
118	121	0.997655
118	126	0.982014
118	128	0.966584
118	130	1.00067
118	131	0.973697
118	134	0.987822
118	136	0.987967
118	148	0.838027
118	153	1.04614
118	156	1.01505
118	158	1.1627
118	159	0.90947
118	165	0.875679
118	168	1.96641
118	173	2.55679
118	174	2.20153
119	10	1.0677
119	31	1.15638
119	35	1.43338
119	43	0.96953
119	92	1.40262
119	105	1.06859
119	108	1.12159
119	117	0.967447
119	126	0.81792
119	140	0.969638
119	144	1.08403
119	146	0.966157
119	156	1.01279
119	158	0.962456
119	166	0.903639
119	167	0.923783
119	168	0.889376
119	169	0.872542
119	170	0.912042
119	171	0.936849
119	172	0.947806
119	173	0.859067
119	174	0.863494
119	175	0.857891
119	176	0.83344
119	177	0.931964
119	178	0.856013
119	179	0.900537
120	37	1.00878
120	48	1.08299
120	85	1.05274
120	88	1.02545
120	89	1.02451
120	96	0.978457
120	100	1.02828
120	109	0.978208
120	110	1.02885
120	118	0.998823
120	121	1.03416
120	123	0.964884
120	125	1.01738
120	126	1.01852
120	127	1.05326
120	130	1.03718
120	131	1.0102
120	134	1.02432
120	136	1.02447
120	137	1.01934
120	140	1.56474
120	143	1.95712
120	144	0.927572
120	149	1.24039
120	153	1.08264
120	159	0.945971
120	163	1.83244
120	165	0.912181
120	180	1.84555
121	37	1.00761
121	38	1.0015
121	85	1.05157
121	87	2.72375
121	96	0.977289
121	100	1.02711
121	110	1.02768
121	111	0.68775
121	118	0.997655
121	120	1.03416
121	122	1.03273
121	125	1.01622
121	126	1.01735
121	127	1.05209
121	128	1.00192
121	130	1.03601
121	131	1.00903
121	134	1.02316
121	136	1.0233
121	137	0.875921
121	138	0.802091
121	143	1.81371
121	147	1.05715
121	149	1.09697
121	152	1.32589
121	153	1.08147
121	159	0.944803
121	165	0.911012
121	179	1.58383
122	11	0.953546
122	14	1.06791
122	19	1.08217
122	33	1.10094
122	50	1.07257
122	51	0.960309
122	64	1.0305
122	88	1.02403
122	102	1.00918
122	105	1.01275
122	107	0.527747
122	109	0.976781
122	121	1.03273
122	127	1.05183
122	128	1.00166
122	130	1.03575
122	131	1.00877
122	134	1.0229
122	136	1.02304
122	147	0.950385
122	154	1.60595
122	157	1.34982
122	164	1.43934
122	165	0.910754
122	166	1.47761
122	172	1.21055
122	173	2.48063
122	179	1.47707
122	180	0.900985
123	8	1.2495
123	26	1.08908
123	50	0.645701
123	69	0.969257
123	80	1.11847
123	83	1.03064
123	88	1.27316
123	120	0.964884
123	129	1.14049
123	131	1.00289
123	135	1.06018
123	140	1.01035
123	157	0.973537
123	160	1.02442
123	162	0.927332
123	163	0.942172
123	165	0.955758
123	166	0.944349
123	167	0.964492
123	169	0.913251
123	170	0.952752
123	172	0.988516
123	173	0.899776
123	174	0.904203
123	175	0.898601
123	176	0.87415
123	178	0.896722
123	179	0.941247
123	180	0.945989
124	16	0.872583
124	22	1.21152
124	40	1.10323
124	54	1.18001
124	77	0.993692
124	81	1.09749
124	95	1.25348
124	104	0.987987
124	139	1.08381
124	143	0.966922
124	149	1.04996
124	150	1.012
124	155	1.06147
124	156	1.05202
124	160	1.02294
124	161	0.951153
124	162	0.92585
124	163	0.940689
124	164	0.963548
124	168	0.928603
124	169	0.911769
124	172	0.987033
124	174	0.902721
124	175	0.897118
124	176	0.872667
124	177	0.971191
124	178	0.89524
124	179	0.939764
124	180	0.944506
125	15	1.44787
125	45	1.0264
125	51	1.17668
125	55	1.3799
125	94	1.11921
125	97	1.17121
125	98	1.37874
125	120	1.01738
125	121	1.01622
125	126	1.00057
125	127	1.03532
125	128	0.985145
125	131	0.992258
125	134	1.00638
125	136	1.00653
125	159	0.92803
125	164	0.903513
125	165	0.89424
125	168	0.868567
125	169	0.851734
125	170	0.891234
125	172	0.926998
125	173	0.838259
125	174	0.842686
125	175	0.837083
125	176	0.812632
125	178	0.835204
125	179	0.879729
125	180	0.884471
126	13	1.07304
126	37	0.991967
126	38	0.985854
126	89	1.0077
126	96	0.961648
126	101	1.02003
126	109	0.961398
126	110	1.01204
126	116	0.825625
126	118	0.982014
126	119	0.81792
126	120	1.01852
126	121	1.01735
126	125	1.00057
126	127	1.03645
126	128	0.986276
126	130	1.02037
126	131	0.993389
126	134	1.00751
126	136	1.00766
126	150	0.936941
126	153	1.06583
126	159	0.929162
126	161	1.51271
126	165	0.895371
126	169	1.93091
126	170	1.60608
126	172	1.17482
126	174	2.08964
126	177	1.40941
127	38	1.0206
127	85	1.07067
127	88	1.04338
127	89	1.04244
127	96	0.996389
127	100	1.04621
127	109	0.99614
127	110	1.04678
127	111	0.873868
127	120	1.05326
127	121	1.05209
127	122	1.05183
127	125	1.03532
127	126	1.03645
127	128	1.02102
127	130	1.05511
127	131	1.02813
127	134	1.04226
127	136	1.0424
127	138	0.988208
127	140	1.60744
127	141	1.13881
127	144	0.970272
127	147	1.24327
127	153	1.10057
127	154	1.89883
127	156	1.23178
127	159	0.963903
127	163	1.87514
127	164	1.73222
127	165	0.930113
128	13	1.05761
128	38	0.970424
128	80	1.03271
128	88	0.993213
128	89	0.992273
128	96	0.946218
128	100	0.996037
128	101	1.0046
128	109	0.945968
128	110	0.99661
128	117	1.53023
128	118	0.966584
128	121	1.00192
128	122	1.00166
128	125	0.985145
128	126	0.986276
128	127	1.02102
128	129	0.796111
128	130	1.00494
128	131	0.977959
128	134	0.992084
128	136	0.992229
128	148	0.995287
128	153	1.0504
128	156	1.17232
128	159	0.913731
128	165	0.879941
128	167	1.73466
128	169	2.20006
128	172	1.44397
128	179	1.71048
129	41	0.955867
129	47	1.48629
129	85	1.17224
129	96	1.18092
129	100	0.803176
129	102	0.822283
129	106	1.03809
129	107	1.14441
129	123	1.14049
129	128	0.796111
129	130	0.266857
129	131	0.850884
129	149	1.06945
129	155	1.08096
129	157	0.991548
129	160	1.04243
129	161	0.970646
129	162	0.945343
129	163	0.960183
129	164	0.983042
129	166	0.96236
129	168	0.948096
129	169	0.931262
129	170	0.970763
129	173	0.917788
129	174	0.922215
129	175	0.916612
129	176	0.892161
129	178	0.914733
129	179	0.959258
129	180	0.964
130	37	1.01063
130	85	1.05459
130	87	2.32115
130	88	1.0273
130	89	1.02636
130	96	0.980309
130	100	1.03013
130	101	1.03869
130	106	0.917305
130	109	0.980059
130	110	1.0307
130	118	1.00067
130	120	1.03718
130	121	1.03601
130	122	1.03575
130	126	1.02037
130	127	1.05511
130	128	1.00494
130	129	0.266857
130	131	1.01205
130	134	1.02617
130	136	1.02632
130	140	1.01872
130	153	1.08449
130	159	0.947822
130	160	0.874416
130	163	1.28642
130	165	0.914032
130	168	1.59441
130	170	1.34597
130	173	2.1848
130	177	1.14931
131	37	0.98365
131	38	0.977537
131	85	1.02762
131	88	1.00033
131	89	0.999386
131	93	1.0557
131	96	0.953331
131	100	1.00315
131	101	1.01171
131	109	0.953081
131	110	1.00372
131	118	0.973697
131	120	1.0102
131	121	1.00903
131	122	1.00877
131	123	1.00289
131	125	0.992258
131	126	0.993389
131	127	1.02813
131	128	0.977959
131	129	0.850884
131	130	1.01205
131	133	0.985827
131	134	0.999197
131	136	0.999342
131	139	0.918372
131	147	1.23857
131	153	1.05751
131	159	0.920845
131	160	1.45844
131	161	1.83663
131	165	0.887054
131	174	2.41356
131	179	1.76525
132	5	0.908138
132	7	0.911969
132	10	1.17116
132	17	0.875806
132	18	0.988825
132	23	0.981562
132	24	1.00236
132	26	0.982671
132	34	0.965378
132	40	1.06639
132	42	1.07548
132	49	0.926664
132	52	1.03777
132	72	1.01644
132	73	0.93611
132	75	1.02338
132	76	0.390114
132	77	0.936466
132	78	0.993887
132	79	0.994105
132	83	0.995155
132	86	0.693071
132	112	0.875435
132	114	0.986494
132	117	1.5815
132	145	0.988449
132	148	0.9821
132	150	1.25736
132	152	1.50382
132	153	1.04353
132	156	1.22359
132	161	1.83313
132	164	1.72402
132	170	1.9265
133	5	0.941673
133	18	1.02236
133	19	0.845208
133	23	1.0151
133	26	1.01621
133	27	1.25504
133	34	0.998913
133	40	1.09993
133	42	1.10902
133	53	1.92942
133	62	0.566271
133	72	1.04997
133	73	0.969645
133	77	0.970001
133	83	1.02869
133	95	1.22246
133	109	1.15056
133	114	0.982781
133	131	0.985827
133	141	1.04797
133	145	1.02198
133	150	0.96433
133	153	0.473217
133	160	0.97527
133	164	0.915881
133	166	0.895199
133	168	0.880935
133	173	0.850627
133	175	0.849451
133	176	0.825
133	178	0.847572
133	179	0.892097
133	180	0.896839
134	13	1.07885
134	37	0.997775
134	38	0.991663
134	85	1.04174
134	88	1.01445
134	89	1.01351
134	90	0.917518
134	96	0.967456
134	100	1.01728
134	101	1.02584
134	107	0.589477
134	108	0.916731
134	109	0.967207
134	110	1.01785
134	115	0.719128
134	118	0.987822
134	120	1.02432
134	121	1.02316
134	122	1.0229
134	125	1.00638
134	126	1.00751
134	127	1.04226
134	128	0.992084
134	130	1.02617
134	131	0.999197
134	136	1.01347
134	141	0.907662
134	153	1.07164
134	158	1.14827
134	159	0.93497
134	160	1.23199
134	165	0.90118
134	169	2.02838
134	170	1.70354
134	171	1.45277
134	173	2.54236
135	4	1.16896
135	10	1.011
135	35	1.37668
135	51	1.05707
135	61	1.10441
135	67	1.47391
135	75	1.1107
135	96	1.41518
135	103	0.996954
135	108	1.09999
135	114	1.08209
135	117	0.945853
135	123	1.06018
135	140	0.948044
135	141	1.03482
135	142	0.989547
135	144	1.06243
135	146	0.944563
135	148	1.00248
135	152	0.946186
135	154	0.891737
135	156	0.991195
135	157	0.911234
135	158	0.940862
135	161	0.890332
135	164	0.902727
135	167	0.902188
135	168	0.867782
135	170	0.890448
135	172	0.926212
135	173	0.837473
135	174	0.8419
135	175	0.836297
135	176	0.811846
135	178	0.834419
135	179	0.878943
136	13	1.07899
136	37	0.99792
136	38	0.991807
136	48	0.976287
136	71	0.821562
136	85	1.04189
136	88	1.0146
136	89	1.01366
136	96	0.967601
136	100	1.01742
136	101	1.02598
136	109	0.967351
136	110	1.01799
136	112	0.734222
136	118	0.987967
136	120	1.02447
136	121	1.0233
136	122	1.02304
136	125	1.00653
136	126	1.00766
136	127	1.0424
136	128	0.992229
136	130	1.02632
136	131	0.999342
136	134	1.01347
136	139	0.77366
136	144	0.820867
136	153	1.07178
136	154	1.74942
136	159	0.935115
136	160	1.31373
136	165	0.901324
136	169	2.11013
136	172	1.35403
136	175	2.29708
136	179	1.62054
137	2	2.15833
137	16	0.913082
137	37	1.03114
137	52	0.96288
137	74	0.891552
137	98	1.23134
