1	47	1.03569
1	106	1.03999
1	115	1.02255
1	133	1.01154
1	136	1.04248
1	142	1.01583
1	157	1.05135
1	163	0.900662
1	170	1.02056
1	176	0.946491
1	177	0.959099
1	180	0.95846
2	60	0.932223
2	79	1.08471
2	90	1.00775
2	115	1.02245
2	121	1.03852
2	135	1.03747
2	148	1.03451
2	161	0.852994
2	169	1.03886
2	170	1.02046
2	171	0.967488
2	177	0.968149
3	63	0.940912
3	81	0.913546
3	112	0.99374
3	128	0.95084
3	156	0.994643
3	171	1.03243
3	175	1.04271
3	176	1.02742
3	177	1.02699
3	178	1.03066
3	179	1.02137
3	180	1.01855
4	15	1.00889
4	26	1.09194
4	29	0.961905
4	84	1.04766
4	100	1.05547
4	104	0.923479
4	109	1.0548
4	112	1.02748
4	116	1.04379
4	150	0.958678
4	162	0.858961
4	174	0.975195
5	38	1.07475
5	63	0.969961
5	99	1.04641
5	103	0.994158
5	124	0.943448
5	134	1.03063
5	138	1.01975
5	147	1.05287
5	151	0.998065
5	174	1.014
5	176	0.930886
5	178	0.925626
6	19	1.00677
6	35	0.921485
6	53	0.996937
6	97	0.946841
6	103	1.01732
6	108	1.05325
6	129	0.998103
6	147	1.07603
6	151	1.02122
6	173	0.965204
6	174	1.03716
6	179	0.968695
7	25	1.07539
7	43	1.05016
7	57	1.04704
7	103	1.01407
7	110	0.974652
7	111	0.945141
7	112	1.01358
7	151	1.01798
7	163	0.884188
7	169	1.03779
7	170	1.01939
7	176	0.930017
8	18	0.993382
8	44	1.01965
8	49	1.02352
8	53	1.03995
8	58	1.04038
8	62	0.778656
8	65	1.00786
8	77	1.05792
8	109	1.02848
8	137	0.956125
8	159	1.03136
8	173	1.02882
9	28	0.845896
9	34	1.09683
9	55	0.991293
9	64	0.981134
9	91	1.08944
9	106	1.0006
9	116	0.901067
9	135	0.978928
9	139	1.05712
9	155	1.01803
9	164	1.02383
9	165	1.01968
10	23	1.04299
10	92	1.04013
10	121	1.02529
10	128	1.03456
10	136	1.02915
10	153	1.00992
10	157	1.03802
10	161	0.895323
10	162	0.880789
10	169	1.02563
10	170	1.00723
10	175	0.977886
11	14	1.02621
11	31	0.888864
11	99	1.05554
11	108	1.03922
11	129	0.984071
11	138	1.02887
11	147	1.062
11	150	0.961189
11	151	1.00719
11	159	0.953999
11	174	1.02313
11	176	0.978555
12	47	0.971673
12	49	1.10267
12	92	0.989437
12	124	1.01618
12	135	0.973545
12	136	0.97846
12	143	0.943095
12	156	1.12252
12	162	0.912635
12	170	0.956538
12	174	0.971061
12	177	1.04232
12	178	1.02446
13	20	1.06788
13	45	0.988535
13	69	0.965025
13	121	1.03917
13	123	1.05436
13	134	1.0329
13	147	1.00924
13	151	0.954435
13	166	0.973213
13	169	0.998797
13	175	0.983157
13	177	0.967442
13	180	0.959002
14	11	1.02621
14	58	0.997793
14	68	0.907495
14	79	1.10424
14	112	0.958562
14	119	1.11182
14	143	0.950931
14	159	0.988766
14	160	0.986498
14	164	1.04546
14	178	0.979631
14	179	0.970346
14	180	0.967529
15	4	1.00889
15	44	0.951738
15	58	0.972472
15	64	1.09156
15	74	0.949435
15	77	0.990009
15	78	1.00594
15	87	1.03367
15	109	0.960567
15	172	1.02456
15	173	0.960905
15	174	1.02211
15	177	1.03557
16	52	0.961259
16	113	0.984234
16	114	0.976241
16	127	1.05302
16	141	0.968388
16	156	0.975135
16	160	1.09712
16	161	0.960716
16	164	0.976029
16	165	0.971878
16	166	0.986844
16	168	1.03123
16	176	1.06326
17	30	0.824394
17	80	0.825373
17	121	0.902469
17	133	0.923382
17	152	0.855078
17	169	0.862092
17	172	1.11807
17	175	1.12844
17	176	1.11314
17	177	1.11272
17	178	1.11638
17	179	1.1071
17	180	1.10428
18	8	0.993382
18	63	0.976908
18	84	0.964238
18	86	1.04242
18	88	1.04222
18	89	1.01795
18	109	0.971381
18	112	0.944055
18	116	0.960365
18	137	1.05471
18	153	1.0612
18	163	1.00332
18	173	0.97172
19	6	1.00677
19	41	1.05899
19	149	1.03944
19	166	1.03425
19	170	1.05389
19	171	0.978386
19	172	0.9783
19	175	0.988668
19	176	0.973377
19	177	0.972954
19	178	0.976616
19	179	0.967331
19	180	0.964514
20	13	1.06788
20	31	0.972448
20	37	0.924609
20	105	0.975216
20	133	0.968395
20	135	0.994418
20	142	0.972684
20	148	0.99146
20	168	1.0301
20	169	0.995811
20	170	0.977411
20	171	1.07409
20	179	1.06203
21	85	0.9774
21	99	1.01002
21	103	0.957758
21	104	1.0054
21	108	0.99369
21	111	1.07309
21	129	0.938545
21	138	0.983346
21	151	0.961665
21	159	1.03341
21	174	0.977601
21	175	1.03798
21	176	1.05797
22	41	0.887763
22	51	0.781032
22	73	0.909884
22	93	0.862494
22	114	0.891937
22	157	0.859117
22	168	1.1273
22	172	1.11826
22	176	1.11333
22	177	1.11291
22	178	1.11657
22	179	1.10729
22	180	1.10447
23	10	1.04299
23	67	1.02878
23	139	0.985058
23	141	1.07803
23	170	1.06105
23	171	0.978386
23	172	0.9783
23	175	0.988668
23	176	0.973377
23	177	0.972954
23	178	0.976616
23	179	0.967331
23	180	0.964514
24	27	0.951415
24	40	1.01339
24	55	1.14836
24	113	1.04576
24	135	1.03339
24	171	0.978386
24	172	0.9783
24	175	0.988668
24	176	0.973377
24	177	0.972954
24	178	0.976616
24	179	0.967331
24	180	0.964514
25	7	1.07539
25	40	1.11919
25	47	1.129
25	128	1.1218
25	149	1.14685
25	168	0.944305
25	171	0.935349
25	172	0.935263
25	175	0.945632
25	176	0.93034
25	177	0.929917
25	178	0.93358
25	179	0.924294
25	180	0.921477
26	4	1.09194
26	71	1.14431
26	106	1.13682
26	115	1.10809
26	146	1.11296
26	168	0.944305
26	171	0.935349
26	172	0.935263
26	175	0.945632
26	176	0.93034
26	177	0.929917
26	178	0.93358
26	179	0.924294
26	180	0.921477
27	24	0.951415
27	84	0.955669
27	98	1.00806
27	122	0.913357
27	124	1.09541
27	135	1.05277
27	136	1.05769
27	138	0.979138
27	146	1.04585
27	169	1.05417
27	170	1.03577
27	174	1.05029
27	175	0.891857
27	176	0.911842
28	9	0.845896
28	47	0.916989
28	101	0.955949
28	115	0.925556
28	123	0.981983
28	145	0.964607
28	168	1.06121
28	171	1.05225
28	175	1.06254
28	176	1.04725
28	177	1.04682
28	178	1.05049
28	179	1.0412
28	180	1.03838
29	4	0.961905
29	57	0.919716
29	62	0.966875
29	66	0.992133
29	77	0.943022
29	84	0.906437
29	89	0.960144
29	112	0.886254
29	115	1.20356
29	137	1.14434
29	159	0.916458
29	173	0.913919
29	179	1.13867
29	180	1.15076
30	17	0.824394
30	55	1.01643
30	73	1.04453
30	78	0.909131
30	101	1.05362
30	127	0.945124
30	131	1.05398
30	139	1.08226
30	141	1.04132
30	156	1.04807
30	157	1.02032
30	166	1.05978
30	173	0.951759
30	174	0.954515
31	11	0.888864
31	20	0.972448
31	71	0.938722
31	145	0.941555
31	164	0.908114
31	165	0.943681
31	171	1.05339
31	172	1.0533
31	175	1.06367
31	176	1.04838
31	177	1.04795
31	178	1.05162
31	179	1.04233
31	180	1.03951
32	68	0.989487
32	98	1.21154
32	107	1.11668
32	142	1.14669
32	146	1.12671
32	168	0.944305
32	171	0.935349
32	172	0.935263
32	175	0.945632
32	176	0.93034
32	177	0.929917
32	178	0.93358
32	179	0.924294
32	180	0.921477
33	72	0.829748
33	82	0.960573
33	105	0.977983
33	151	0.949876
33	164	0.939823
33	168	1.06122
33	169	0.93508
33	172	1.05218
33	175	1.06255
33	176	1.04726
33	177	1.04683
33	178	1.0505
33	179	1.04121
33	180	1.03839
34	9	1.09683
34	80	0.977947
34	94	0.941304
34	115	0.912555
34	116	1.10025
34	121	0.928625
34	122	1.11323
34	124	0.970216
34	143	0.897126
34	152	1.17034
34	160	0.932693
34	169	0.928969
34	170	0.910569
34	171	1.12366
35	6	0.921485
35	76	0.893594
35	88	0.873168
35	142	0.969722
35	145	0.983922
35	164	0.950481
35	171	1.05339
35	172	1.0533
35	175	1.06367
35	176	1.04838
35	177	1.04795
35	178	1.05162
35	179	1.04233
35	180	1.03951
36	43	0.936295
36	72	1.00999
36	99	0.952466
36	103	0.900209
36	120	0.931224
36	124	1.14431
36	125	1.08552
36	129	0.880995
36	138	0.925797
36	147	0.958922
36	151	0.904116
36	175	1.11177
36	176	1.13175
36	179	1.13164
37	20	0.924609
37	68	1.09383
37	96	0.969981
37	124	0.970295
37	133	0.901632
37	135	0.927656
37	148	0.924698
37	157	0.941434
37	167	1.05088
37	168	1.12937
37	169	0.929049
37	170	0.910648
37	178	1.15615
37	180	1.17338
38	5	1.07475
38	75	1.00604
38	85	1.05304
38	108	1.06933
38	110	0.957971
38	112	1.00524
38	129	1.01419
38	137	0.918894
38	147	1.09211
38	151	1.03731
38	153	0.925382
38	159	0.888781
38	173	0.909731
38	174	1.05325
39	45	0.983323
39	87	0.989808
39	96	1.04487
39	123	0.970736
39	126	1.01684
39	136	1.00746
39	143	0.972098
39	148	0.999591
39	149	0.998931
39	152	1.03773
39	158	1.03401
39	169	1.00394
39	170	0.985542
39	172	0.980697
39	179	0.978988
40	24	1.01339
40	25	1.11919
40	41	0.986777
40	44	0.986712
40	66	1.07409
40	69	0.983204
40	81	1.02756
40	109	0.99554
40	154	0.98587
40	156	0.979684
40	163	0.927984
40	169	0.992427
40	170	0.974027
40	176	0.973814
40	180	0.985782
41	19	1.05899
41	22	0.887763
41	40	0.986777
41	78	1.04308
41	86	1.0143
41	92	1.0091
41	126	1.0075
41	136	0.998122
41	146	0.98628
41	160	0.998324
41	168	0.988988
41	169	0.9946
41	170	0.9762
41	172	1.02262
41	180	1.03299
42	87	0.989581
42	97	0.956908
42	105	0.980066
42	118	0.956126
42	124	1.04191
42	128	1.00959
42	135	0.999269
42	143	0.968818
42	152	1.0375
42	157	1.01305
42	160	1.00439
42	165	1.08482
42	169	1.00066
42	170	0.982261
42	179	0.978762
43	7	1.05016
43	36	0.936295
43	46	1.01171
43	53	0.968517
43	104	0.964925
43	125	0.971263
43	129	0.969683
43	138	1.01448
43	147	1.04761
43	150	1.00012
43	151	0.992804
43	154	1.02955
43	171	1.02944
43	173	1.01388
43	174	1.00874
44	8	1.01965
44	15	0.951738
44	40	0.986712
44	63	1.00318
44	65	1.00868
44	89	1.04421
44	100	0.998315
44	102	0.962606
44	109	0.997649
44	133	1.07831
44	159	1.00053
44	170	1.03989
44	173	0.997988
44	174	0.950534
44	180	0.963351
45	13	0.988535
45	39	0.983323
45	85	1.01046
45	90	1.06789
45	92	0.95869
45	93	0.999977
45	94	0.985983
45	151	0.994726
45	155	0.996884
45	156	1.0018
45	165	0.998539
45	169	0.997283
45	177	1.00773
45	179	1.00211
45	180	0.999293
46	43	1.01171
46	48	1.02839
46	53	0.955248
46	72	1.08541
46	75	0.948262
46	77	0.998796
46	99	1.02788
46	129	0.956414
46	137	0.980881
46	138	1.00122
46	147	1.03434
46	151	0.979535
46	168	0.943287
46	170	1.06383
46	177	0.987931
47	1	1.03569
47	12	0.971673
47	25	1.129
47	28	0.916989
47	96	1.03792
47	116	0.97216
47	120	1.00428
47	121	0.996642
47	142	0.973859
47	149	0.991975
47	157	1.00937
47	158	1.03853
47	170	0.978586
47	175	0.963642
47	179	0.983513
48	46	1.02839
48	73	1.09621
48	112	1.07239
48	120	1.06162
48	145	1.08431
48	164	1.05087
48	167	1.01971
48	168	0.964337
48	171	0.955381
48	172	0.955296
48	175	0.965664
48	176	0.950373
48	177	0.949949
48	178	0.953612
48	179	0.944327
48	180	0.941509
49	8	1.02352
49	12	1.10267
49	142	1.09
49	147	1.02848
49	151	1.08081
49	166	1.06924
49	167	1.01971
49	168	0.964337
49	171	0.955381
49	172	0.955296
49	175	0.965664
49	176	0.950373
49	177	0.949949
49	178	0.953612
49	179	0.944327
49	180	0.941509
50	95	1.06169
50	127	0.907907
50	130	1.06303
50	131	1.06971
50	141	1.05705
50	144	0.938383
50	152	1.08649
50	156	1.0638
50	158	1.07301
50	164	1.06469
50	165	1.06054
50	172	0.919742
50	173	0.914542
50	175	0.898162
50	178	0.912887
50	179	0.918033
51	22	0.781032
51	82	1.07056
51	101	1.06562
51	110	0.958928
51	123	1.03549
51	145	1.06714
51	152	1.08275
51	155	1.05515
51	158	1.06927
51	162	0.797211
51	164	1.06096
51	165	1.0568
51	166	1.07177
51	170	1.0028
51	174	0.913445
51	176	0.914294
52	16	0.961259
52	78	1.05136
52	79	0.931615
52	106	0.938546
52	116	1.08612
52	119	0.9446
52	131	0.966798
52	139	0.995074
52	158	0.9701
52	164	0.961783
52	165	0.957632
52	166	0.972597
52	167	0.987058
52	175	1.07761
52	176	1.09759
52	180	1.10956
53	6	0.996937
53	8	1.03995
53	43	0.968517
53	46	0.955248
53	65	1.0741
53	100	0.959931
53	108	0.968364
53	129	0.913218
53	133	1.14373
53	137	1.02236
53	138	0.95802
53	147	0.991144
53	151	0.936339
53	156	1.10961
53	174	0.952275
53	178	1.01155
54	100	1.0689
54	113	0.960839
54	116	1.06706
54	125	1.0323
54	130	0.950966
54	131	0.957649
54	139	0.985924
54	145	0.958814
54	152	0.974428
54	155	0.946828
54	164	0.952633
54	165	0.948482
54	166	0.963448
54	174	1.07768
54	178	1.07327
54	180	1.09049
55	9	0.991293
55	24	1.14836
55	30	1.01643
55	83	0.965124
55	95	0.941015
55	119	0.926831
55	130	0.942346
55	152	0.965808
55	158	0.95233
55	159	1.08424
55	162	0.991708
55	164	0.944013
55	166	0.954828
55	167	0.998257
55	168	1.07675
55	174	1.10794
56	71	0.929749
56	86	0.940814
56	115	1.18616
56	131	0.922444
56	140	1.14478
56	141	0.909787
56	150	0.962515
56	152	0.939224
56	155	0.911623
56	156	0.916535
56	157	1.18635
56	158	0.925745
56	160	1.15525
56	165	0.913277
56	166	0.928243
56	167	1.01086
56	173	1.11779
57	7	1.04704
57	29	0.919716
57	58	1.02452
57	65	1.04783
57	66	1.09117
57	77	1.04206
57	84	1.00547
57	89	1.05918
57	104	0.937966
57	109	1.01261
57	112	0.985288
57	118	0.967781
57	140	1.01391
57	150	0.973165
57	167	0.879997
57	173	1.01295
57	174	0.989682
58	8	1.04038
58	14	0.997793
58	15	0.972472
58	57	1.02452
58	63	1.02391
58	64	1.03143
58	77	1.04782
58	89	1.06495
58	109	1.01838
58	112	0.991057
58	137	0.968387
58	150	0.945464
58	172	0.964425
58	173	1.01872
58	174	0.961981
58	176	0.96283
58	177	0.975437
59	101	0.971222
59	120	0.957184
59	121	0.982073
59	143	0.995534
59	155	0.951842
59	156	0.968864
59	167	1.07971
59	168	1.02434
59	170	0.964564
59	171	1.01538
59	172	1.0153
59	175	1.02566
59	176	1.01037
59	177	1.00995
59	178	1.01361
59	179	1.00433
59	180	1.00151
60	2	0.932223
60	126	0.938644
60	130	0.990098
60	146	0.973744
60	164	0.974486
60	165	1.01005
60	166	0.972962
60	167	1.07971
60	168	1.02434
60	171	1.01538
60	172	1.0153
60	175	1.02566
60	176	1.01037
60	177	1.00995
60	178	1.01361
60	179	1.00433
60	180	1.00151
61	80	1.07481
61	92	1.04033
61	98	0.979721
61	122	0.97058
61	127	0.958825
61	134	1.00243
61	135	1.02444
61	143	0.993988
61	148	1.02148
61	158	1.02397
61	160	1.02955
61	163	0.923235
61	169	1.02583
61	170	1.00743
61	177	0.981672
61	179	0.968951
61	180	0.981034
62	8	0.778656
62	29	0.966875
62	103	0.887945
62	106	1.11168
62	108	0.817584
62	112	0.847415
62	123	1.11356
62	129	0.888671
62	138	0.822808
62	147	0.783615
62	158	1.14324
62	164	1.13492
62	169	1.14677
62	170	1.12837
62	175	1.15568
62	179	1.13434
62	180	1.13152
63	3	0.940912
63	5	0.969961
63	18	0.976908
63	44	1.00318
63	58	1.02391
63	66	1.09056
63	77	1.04145
63	84	1.00486
63	89	1.05857
63	111	0.981622
63	112	0.984678
63	116	1.00099
63	130	1.05249
63	152	1.02512
63	159	1.01488
63	161	0.86395
63	172	0.968093
64	9	0.981134
64	15	1.09156
64	58	1.03143
64	92	1.02307
64	126	1.03056
64	139	1.00854
64	160	1.02988
64	163	1.01788
64	167	1.03792
64	168	0.982549
64	171	0.973593
64	172	0.973507
64	175	0.983876
64	176	0.968584
64	177	0.968161
64	178	0.971824
64	179	0.962538
64	180	0.959721
65	8	1.00786
65	44	1.00868
65	53	1.0741
65	57	1.04783
65	89	0.977663
65	99	1.00353
65	112	1.07662
65	130	0.9762
65	134	0.966317
65	150	1.02295
65	155	0.972062
65	164	0.977867
65	165	0.973716
65	169	0.989716
65	177	0.98291
65	178	0.986573
65	179	0.977288
65	180	0.97447
66	29	0.992133
66	40	1.07409
66	57	1.09117
66	63	1.09056
66	77	1.11447
66	84	1.07789
66	89	1.13159
66	109	1.08503
66	112	1.0577
66	124	0.895832
66	139	0.895783
66	149	0.957321
66	150	0.865904
66	157	0.948225
66	173	1.08537
66	175	0.863284
66	177	0.895877
66	178	0.878009
67	23	1.02878
67	82	0.984277
67	93	1.05199
67	107	1.00588
67	131	0.97969
67	133	1.11059
67	135	1.05005
67	141	0.967033
67	144	1.0039
67	145	0.980856
67	152	0.996469
67	153	0.995707
67	155	0.968869
67	156	0.97378
67	158	0.982991
67	159	0.959105
67	164	0.974674
67	166	0.985489
68	14	0.907495
68	32	0.989487
68	37	1.09383
68	114	1.076
68	119	1.0586
68	130	1.07412
68	139	1.10908
68	141	1.06815
68	152	1.09758
68	155	1.06998
68	158	1.0841
68	161	0.757294
68	164	1.07579
68	166	1.0866
68	171	0.871788
68	173	0.856237
68	174	0.858993
68	180	0.871811
69	13	0.965025
69	40	0.983204
69	114	0.979391
69	126	1.07357
69	131	0.984195
69	139	1.01247
69	141	0.971538
69	144	1.05927
69	155	0.973374
69	156	0.978285
69	158	0.987496
69	159	1.01448
69	161	0.936488
69	165	0.975028
69	166	0.989994
69	176	1.03904
69	178	1.03378
69	180	1.051
70	87	0.891652
70	91	0.885541
70	94	1.0975
70	115	1.06876
70	121	1.08482
70	128	1.0941
70	131	0.956007
70	133	1.05775
70	142	1.06204
70	148	1.08082
70	149	1.08016
70	156	0.973752
70	160	1.08889
70	163	0.835116
70	169	1.08517
70	171	0.892892
70	177	0.893553
70	178	0.875685
71	26	1.14431
71	31	0.938722
71	56	0.929749
71	79	0.958705
71	113	0.997079
71	119	0.97169
71	120	1.00802
71	141	0.981232
71	155	0.983068
71	158	0.99719
71	159	1.00386
71	164	0.988873
71	165	0.984722
71	166	0.999688
71	174	1.02756
71	176	1.02841
71	177	1.04102
71	178	1.02315
72	33	0.829748
72	36	1.00999
72	46	1.08541
72	78	0.841497
72	85	1.08224
72	99	1.11485
72	118	1.1057
72	126	0.922269
72	129	1.04338
72	138	1.08818
72	147	1.12131
72	151	1.0665
72	157	0.952685
72	166	0.956588
72	171	0.899676
72	174	1.08244
72	177	0.900337
72	180	0.899698
73	22	0.909884
73	30	1.04453
73	48	1.09621
73	76	1.02003
73	88	1.03621
73	95	0.969119
73	106	0.948881
73	141	0.964477
73	142	1.13277
73	145	0.978299
73	156	0.971224
73	158	0.980435
73	161	0.940598
73	164	0.972118
73	165	0.967967
73	166	0.982933
73	174	1.0423
73	179	1.04303
74	15	0.949435
74	84	0.988202
74	94	0.998508
74	105	1.05271
74	109	0.995345
74	123	1.06537
74	126	0.978708
74	129	1.07733
74	141	0.972742
74	145	0.986564
74	157	1.00912
74	164	0.980383
74	169	1.00981
74	173	0.995684
74	176	0.98585
74	178	0.989089
74	179	0.979804
74	180	0.976986
75	38	1.00604
75	46	0.948262
75	85	0.945088
75	103	0.925446
75	105	1.21355
75	108	0.961378
75	116	0.941263
75	120	0.956461
75	126	1.13955
75	129	0.906232
75	138	0.951034
75	147	0.984158
75	151	0.929353
75	159	1.08046
75	161	1.00246
75	167	0.994479
75	168	1.07298
75	173	1.10141
75	174	0.945289
76	35	0.893594
76	73	1.02003
76	81	1.07144
76	122	0.942433
76	130	1.0228
76	131	1.02948
76	137	1.04154
76	139	1.05775
76	145	1.03064
76	152	1.04626
76	153	0.952964
76	160	0.974775
76	164	1.02446
76	165	1.02031
76	166	1.03528
76	169	1.00656
76	171	0.952864
76	172	0.942513
76	174	0.940069
77	8	1.05792
77	15	0.990009
77	29	0.943022
77	46	0.998796
77	57	1.04206
77	58	1.04782
77	63	1.04145
77	66	1.11447
77	89	1.08248
77	109	1.03592
77	112	1.00859
77	136	1.01308
77	137	0.956452
77	144	0.97113
77	150	0.933529
77	162	0.833812
77	173	1.03626
77	174	0.950046
77	176	0.950895
78	15	1.00594
78	30	0.909131
78	41	1.04308
78	52	1.05136
78	72	0.841497
78	82	0.972322
78	83	0.93782
78	109	1.05185
78	112	1.02452
78	115	1.03232
78	145	0.985014
78	152	0.939815
78	155	0.956975
78	159	1.05473
78	170	1.03033
78	177	1.04193
78	178	1.04559
78	179	1.03631
78	180	1.03349
79	2	1.08471
79	14	1.10424
79	52	0.931615
79	71	0.958705
79	84	1.10042
79	107	0.977596
79	113	0.954591
79	119	0.929203
79	141	0.938744
79	145	0.952567
79	149	1.13064
79	152	0.96818
79	153	1.06864
79	156	0.945491
79	158	0.954702
79	164	0.946385
79	165	0.942234
79	176	1.05659
79	179	1.05648
80	17	0.825373
80	34	0.977947
80	61	1.07481
80	94	1.06156
80	113	1.03511
80	123	1.01602
80	125	0.910116
80	133	1.02181
80	135	1.04784
80	142	1.0261
80	146	1.04091
80	160	1.05295
80	163	0.910513
80	165	1.06229
80	169	1.04923
80	170	1.03083
80	175	0.936358
80	177	0.96895
80	179	0.956229
81	3	0.913546
81	40	1.02756
81	76	1.07144
81	101	1.02819
81	110	0.983767
81	139	1.05682
81	145	1.02972
81	148	1.00999
81	150	1.06862
81	155	1.01773
81	156	1.02264
81	164	1.02353
81	165	1.01938
81	166	1.03435
81	171	0.951079
81	172	0.940728
81	174	0.938284
81	175	0.919147
81	180	0.951101
82	33	0.960573
82	51	1.07056
82	67	0.984277
82	78	0.972322
82	114	0.986368
82	117	0.972167
82	137	1.00324
82	141	0.978515
82	145	0.992337
82	150	1.03124
82	152	1.00795
82	155	0.98035
82	159	0.993998
82	164	0.986156
82	165	0.982005
82	166	0.99697
82	171	1.0305
82	174	1.01771
82	177	1.03116
82	180	1.03052
83	55	0.965124
83	78	0.93782
83	84	1.02788
83	103	1.11649
83	106	0.974427
83	124	0.996614
83	130	0.995997
83	131	1.00268
83	137	1.01475
83	139	1.03095
83	152	1.01946
83	153	0.996098
83	155	0.991858
83	156	0.99677
83	158	1.00598
83	165	0.993513
83	166	1.00848
83	173	0.980447
83	174	0.983204
83	175	0.964067
84	4	1.04766
84	18	0.964238
84	27	0.955669
84	29	0.906437
84	57	1.00547
84	63	1.00486
84	66	1.07789
84	74	0.988202
84	79	1.10042
84	83	1.02788
84	86	0.964521
84	89	1.0459
84	109	0.999334
84	112	0.972008
84	116	0.988318
84	137	0.976807
84	150	0.953885
84	153	0.983296
84	164	1.04163
84	173	0.999673
85	21	0.9774
85	38	1.05304
85	45	1.01046
85	72	1.08224
85	75	0.945088
85	86	1.00771
85	103	0.972453
85	108	1.00838
85	117	0.975428
85	118	1.01556
85	129	0.953239
85	138	0.998041
85	148	1.09267
85	151	0.97636
85	159	0.99726
85	162	0.904734
85	163	0.975986
85	172	1.02341
85	173	1.01821
85	176	1.02182
86	18	1.04242
86	41	1.0143
86	56	0.940814
86	84	0.964521
86	85	1.00771
86	92	0.947739
86	103	0.988068
86	143	1.04017
86	146	0.990333
86	147	1.04678
86	151	0.991975
86	157	0.985649
86	158	1.00826
86	165	0.995788
86	166	1.01075
86	170	1.0092
86	176	1.00541
86	178	1.00864
86	179	0.999359
86	180	0.996542
87	15	1.03367
87	39	0.989808
87	42	0.989581
87	70	0.891652
87	146	1.00777
87	156	1.03094
87	161	1.06144
87	163	1.03048
87	165	1.04408
87	166	1.00699
87	167	1.05052
87	168	0.995145
87	171	0.986188
87	172	0.986103
87	175	0.996471
87	176	0.98118
87	177	0.980756
87	178	0.984419
87	179	0.975134
87	180	0.972316
88	18	1.04222
88	35	0.873168
88	73	1.03621
88	93	1.06032
88	96	1.08656
88	97	0.898523
88	105	1.02503
88	117	0.874104
88	118	0.897742
88	124	1.08687
88	135	1.04423
88	146	1.03731
88	149	1.04062
88	159	1.05162
88	160	1.04935
88	170	1.02723
88	171	0.932437
88	172	0.922086
88	173	1.04908
88	174	1.04175
88	180	0.93246
89	18	1.01795
89	29	0.960144
89	44	1.04421
89	57	1.05918
89	58	1.06495
89	63	1.05857
89	65	0.977663
89	66	1.13159
89	77	1.08248
89	84	1.0459
89	112	1.02572
89	120	1.00149
89	137	0.925925
89	140	0.943751
89	150	0.903002
89	159	1.05592
89	168	0.88833
89	173	1.05338
89	178	0.915107
89	179	0.920253
89	180	0.932336
90	2	1.00775
90	45	1.06789
90	96	1.01007
90	98	0.923026
90	109	1.10141
90	123	0.93593
90	125	1.01744
90	126	0.982034
90	127	1.05342
90	140	1.08705
90	142	0.946008
90	146	0.960815
90	149	0.964125
90	150	1.00237
90	159	0.975128
90	160	0.972859
90	162	0.946581
90	169	0.969136
90	170	0.950736
90	171	1.07561
90	178	1.0584
91	9	1.08944
91	70	0.885541
91	95	1.03917
91	105	1.04056
91	106	1.01893
91	107	1.07337
91	114	1.04238
91	127	0.921779
91	134	1.03176
91	139	1.07545
91	155	1.03636
91	156	1.04127
91	158	1.05048
91	162	0.814936
91	164	1.04216
91	165	1.03801
91	166	1.05298
91	173	0.928413
91	175	0.912033
91	177	0.944625
91	178	0.926758
92	10	1.04013
92	12	0.989437
92	41	1.0091
92	45	0.95869
92	61	1.04033
92	64	1.02307
92	86	0.947739
92	100	0.944839
92	106	1.04796
92	112	1.04637
92	118	0.93172
92	126	1.02765
92	128	1.02368
92	134	0.991351
92	136	1.01827
92	149	1.00974
92	159	1.02074
92	160	1.01847
92	169	1.01475
92	170	0.99635
92	176	0.954469
92	178	0.949209
93	22	0.862494
93	45	0.999977
93	67	1.05199
93	88	1.06032
93	94	1.02728
93	96	1.05587
93	98	0.968832
93	100	0.986126
93	104	0.943191
93	105	0.994346
93	126	1.02784
93	133	0.987525
93	148	1.01059
93	149	1.00993
93	157	1.02733
93	160	1.01867
93	161	0.893208
93	164	1.06614
93	169	1.01494
93	170	0.996542
93	171	1.0077
93	179	0.995642
94	34	0.941304
94	45	0.985983
94	70	1.0975
94	74	0.998508
94	80	1.06156
94	93	1.02728
94	100	0.972132
94	105	0.99199
94	121	1.01224
94	128	1.02151
94	146	1.00427
94	148	1.00824
94	149	1.00757
94	152	1.04039
94	160	1.01631
94	161	0.879214
94	170	0.994186
94	173	1.01604
94	175	0.961776
94	177	0.994369
94	179	0.981648
94	180	0.99373
95	50	1.06169
95	55	0.941015
95	73	0.969119
95	91	1.03917
95	110	1.04298
95	114	0.973767
95	119	0.956372
95	134	1.09809
95	139	1.00685
95	145	0.979736
95	148	1.0692
95	152	0.995349
95	155	0.967749
95	158	0.981871
95	159	0.97379
95	160	1.0322
95	164	0.973554
95	165	0.969403
95	166	0.984369
95	172	0.999941
95	173	0.994741
95	174	0.997497
95	176	0.998346
96	37	0.969981
96	39	1.04487
96	47	1.03792
96	88	1.08656
96	90	1.01007
96	93	1.05587
96	98	0.995073
96	122	0.951931
96	123	1.00798
96	140	0.9738
96	143	1.00934
96	144	0.970652
96	149	1.03617
96	155	1.0262
96	160	1.04491
96	168	0.918379
96	169	1.04118
96	170	1.02278
96	171	0.962362
96	174	1.03731
96	176	0.950416
96	177	0.963023
96	178	0.945156
96	179	0.950302
97	6	0.946841
97	42	0.956908
97	88	0.898523
97	108	0.967529
97	136	0.967637
97	146	0.975095
97	148	0.976313
97	153	0.997426
97	160	0.939313
97	161	1.08637
97	162	1.10346
97	163	1.0554
97	167	1.07544
97	168	1.02007
97	169	0.971094
97	170	0.993962
97	171	1.01111
97	172	1.01103
97	175	1.0214
97	176	1.00611
97	177	1.00568
97	178	1.00934
97	179	1.00006
97	180	0.997242
98	27	1.00806
98	32	1.21154
98	61	0.979721
98	90	0.923026
98	93	0.968832
98	96	0.995073
98	117	1.0355
98	128	0.963069
98	132	1.08571
98	133	0.926725
98	136	0.957663
98	140	1.10527
98	146	0.945821
98	157	0.966527
98	159	0.960133
98	160	0.957865
98	162	0.964808
98	167	0.971357
98	169	0.954141
98	170	0.935741
98	173	0.957593
98	175	1.06191
98	176	1.08189
98	180	1.09386
99	5	1.04641
99	11	1.05554
99	21	1.01002
99	36	0.952466
99	46	1.02788
99	65	1.00353
99	72	1.11485
99	100	1.03257
99	103	1.00507
99	104	0.893669
99	108	1.041
99	113	1.025
99	119	1.08297
99	129	0.985855
99	138	1.03066
99	147	1.06378
99	150	0.928868
99	151	1.00898
99	163	0.900404
99	168	0.914196
99	171	0.958179
99	173	0.942628
99	174	1.02491
99	180	0.958202
100	4	1.05547
100	44	0.998315
100	53	0.959931
100	54	1.0689
100	92	0.944839
100	93	0.986126
100	94	0.972132
100	99	1.03257
100	108	1.01624
100	109	1.00714
100	112	0.979818
100	128	0.966797
100	129	0.961097
100	133	1.04472
100	138	1.0059
100	145	1.02162
100	155	0.993577
100	166	0.986651
100	170	1.0063
100	173	1.00748
100	176	0.997648
100	177	0.997225
100	178	1.00089
100	179	0.991602
100	180	0.988785
101	28	0.955949
101	30	1.05362
101	51	1.06562
101	59	0.971222
101	81	1.02819
101	107	1.01242
101	111	1.03771
101	118	1.01245
101	119	0.96403
101	130	0.979545
101	132	1.02641
101	141	0.973571
101	145	0.987393
101	152	1.00301
101	156	0.980318
101	158	0.989529
101	159	0.998031
101	164	0.981212
101	165	0.977061
101	166	0.992027
101	167	0.912054
101	171	1.03453
101	173	1.01898
101	174	1.02174
101	177	1.03519
102	44	0.962606
102	130	1.02464
102	135	1.00504
102	146	1.00829
102	147	0.966751
102	148	1.0095
102	153	0.97082
102	154	0.972485
102	160	0.972505
102	161	1.05976
102	162	1.07685
102	163	1.0288
102	164	1.00903
102	167	1.04884
102	168	0.993463
102	169	1.00429
102	170	1.02715
102	171	0.984507
102	172	0.984422
102	175	0.99479
102	176	0.979499
102	177	0.979075
102	178	0.982738
102	179	0.973452
102	180	0.970635
103	5	0.994158
103	6	1.01732
103	7	1.01407
103	21	0.957758
103	36	0.900209
103	62	0.887945
103	75	0.925446
103	83	1.11649
103	85	0.972453
103	86	0.988068
103	99	1.00507
103	108	0.988743
103	114	1.15763
103	120	0.983826
103	129	0.933598
103	137	1.06541
103	138	0.978399
103	147	1.01152
103	150	1.04249
103	151	0.956718
103	159	1.0353
103	161	0.95731
103	168	1.02782
103	172	1.06145
103	173	1.05625
103	174	0.972654
104	4	0.923479
104	21	1.0054
104	43	0.964925
104	57	0.937966
104	93	0.943191
104	99	0.893669
104	131	0.94992
104	138	0.942155
104	153	1.01082
104	154	1.01248
104	155	0.950643
104	161	1.09976
104	162	1.11685
104	163	1.0688
104	166	0.943717
104	167	1.08884
104	168	1.03346
104	169	0.940497
104	171	1.02451
104	172	1.02442
104	175	1.03479
104	176	1.0195
104	177	1.01907
104	178	1.02274
104	179	1.01345
104	180	1.01063
105	20	0.975216
105	33	0.977983
105	42	0.980066
105	74	1.05271
105	75	1.21355
105	88	1.02503
105	91	1.04056
105	93	0.994346
105	94	0.99199
105	123	0.946449
105	133	0.952239
105	134	0.956256
105	140	1.05935
105	142	0.956528
105	143	0.947812
105	144	1.0562
105	149	0.974644
105	154	1.04802
105	157	0.992041
105	160	0.983379
105	167	0.925431
105	168	1.00393
105	169	0.979655
105	170	0.961255
105	173	0.983107
105	178	1.0307
106	1	1.03999
106	9	1.0006
106	26	1.13682
106	52	0.938546
106	62	1.11168
106	73	0.948881
106	83	0.974427
106	91	1.01893
106	92	1.04796
106	113	0.961522
106	114	0.953528
106	130	0.951649
106	139	0.986607
106	145	0.959497
106	152	0.975111
106	153	1.03297
106	156	0.952422
106	164	0.953316
106	165	0.949165
106	166	0.964131
106	168	0.988882
106	169	1.08656
106	173	1.01731
106	174	1.02007
106	178	1.01566
106	179	1.02081
107	32	1.11668
107	67	1.00588
107	79	0.977596
107	91	1.07337
107	101	1.01242
107	113	1.01597
107	119	0.990581
107	130	1.0061
107	131	1.01278
107	137	1.02485
107	141	1.00012
107	145	1.01394
107	152	1.02956
107	154	0.999095
107	156	1.00687
107	161	0.88449
107	163	0.941208
107	164	1.00776
107	165	1.00361
107	166	1.01858
107	167	0.876504
107	169	1.05268
107	171	0.998984
107	172	0.988633
107	175	0.967053
107	176	0.987038
107	177	0.999645
108	6	1.05325
108	11	1.03922
108	21	0.99369
108	38	1.06933
108	53	0.968364
108	62	0.817584
108	75	0.961378
108	85	1.00838
108	97	0.967529
108	99	1.041
108	100	1.01624
108	103	0.988743
108	116	1.00456
108	118	1.03185
108	129	0.96953
108	138	1.01433
108	147	1.04746
108	150	0.972131
108	151	0.99265
108	160	1.02335
108	164	1.05988
108	168	0.957459
108	170	1.078
108	173	0.985891
108	175	0.969511
108	176	0.989497
108	178	0.984236
109	4	1.0548
109	8	1.02848
109	15	0.960567
109	18	0.971381
109	40	0.99554
109	44	0.997649
109	57	1.01261
109	58	1.01838
109	66	1.08503
109	74	0.995345
109	77	1.03592
109	78	1.05185
109	84	0.999334
109	90	1.10141
109	100	1.00714
109	112	0.979151
109	118	0.942417
109	120	1.04629
109	126	0.999705
109	150	0.9478
109	168	0.933129
109	172	0.966761
109	173	1.00682
109	174	0.964317
109	176	0.965166
109	179	0.965052
109	180	0.977135
110	7	0.974652
110	38	0.957971
110	51	0.958928
110	81	0.983767
110	95	1.04298
110	122	0.966998
110	127	0.978842
110	138	1.03935
110	144	0.960224
110	148	1.04292
110	149	1.04611
110	154	0.962822
110	158	1.02696
110	161	1.0501
110	162	1.06719
110	163	1.01913
110	165	1.07801
110	166	1.04092
110	167	1.03917
110	168	0.9838
110	171	0.974844
110	172	0.974759
110	175	0.985127
110	176	0.969836
110	177	0.969412
110	178	0.973075
110	179	0.96379
110	180	0.960972
111	7	0.945141
111	21	1.07309
111	63	0.981622
111	101	1.03771
111	120	1.02367
111	125	0.97945
111	126	0.977086
111	132	0.959432
111	143	1.06202
111	145	1.04637
111	152	1.00117
111	153	0.961559
111	154	0.963224
111	161	1.0505
111	162	1.06759
111	163	1.01954
111	164	1.01293
111	167	1.03957
111	168	0.984202
111	170	1.03105
111	171	0.975246
111	172	0.975161
111	175	0.985529
111	176	0.970238
111	177	0.969814
111	178	0.973477
111	179	0.964192
111	180	0.961374
112	3	0.99374
112	4	1.02748
112	7	1.01358
112	14	0.958562
112	18	0.944055
112	29	0.886254
112	38	1.00524
112	48	1.07239
112	57	0.985288
112	58	0.991057
112	62	0.847415
112	63	0.984678
112	65	1.07662
112	66	1.0577
112	77	1.00859
112	78	1.02452
112	84	0.972008
112	89	1.02572
112	92	1.04637
112	100	0.979818
112	109	0.979151
112	148	1.09018
112	150	1.00196
112	159	0.98203
112	172	1.02092
112	173	0.97949
112	174	1.01848
112	180	1.0313
113	16	0.984234
113	24	1.04576
113	54	0.960839
113	71	0.997079
113	79	0.954591
113	80	1.03511
113	99	1.025
113	106	0.961522
113	107	1.01597
113	114	0.984971
113	120	1.0039
113	129	1.13935
113	130	0.983092
113	131	0.989774
113	136	1.06837
113	139	1.01805
113	141	0.977117
113	150	1.02984
113	155	0.978953
113	156	0.983865
113	159	0.981636
113	165	0.980607
113	166	0.995573
113	167	0.895658
113	171	1.01814
113	174	1.00534
113	175	0.986207
113	179	1.00608
114	16	0.976241
114	22	0.891937
114	68	1.076
114	69	0.979391
114	82	0.986368
114	91	1.04238
114	95	0.973767
114	103	1.15763
114	106	0.953528
114	113	0.984971
114	116	1.01373
114	119	0.959583
114	131	0.981781
114	132	1.02902
114	139	1.01006
114	145	0.982946
114	153	1.03724
114	155	0.97096
114	157	1.09015
114	158	0.985082
114	164	0.976765
114	165	0.972614
114	166	0.98758
114	167	0.914665
114	173	1.02159
114	174	1.02435
114	175	1.00521
114	176	1.0252
115	1	1.02255
115	2	1.02245
115	26	1.10809
115	28	0.925556
115	29	1.20356
115	34	0.912555
115	56	1.18616
115	70	1.06876
115	78	1.03232
115	118	0.969445
115	123	0.950631
115	128	0.992764
115	134	0.960438
115	135	0.982444
115	136	0.987359
115	146	0.975516
115	148	0.979486
115	153	1.00424
115	155	1.06798
115	157	0.996222
115	162	0.875112
115	167	0.881661
115	169	0.983837
115	170	0.965437
115	172	0.99379
115	173	0.987289
115	174	0.97996
115	179	0.99208
116	4	1.04379
116	9	0.901067
116	18	0.960365
116	34	1.10025
116	47	0.97216
116	52	1.08612
116	54	1.06706
116	63	1.00099
116	75	0.941263
116	84	0.988318
116	108	1.00456
116	114	1.01373
116	121	1.02197
116	123	1.03715
116	128	0.964959
116	129	0.949414
116	138	0.994216
116	142	1.00558
116	147	1.02734
116	151	0.972535
116	159	0.99834
116	165	1.0219
116	175	1.00126
116	176	0.985966
116	177	0.985542
116	178	0.989205
116	179	0.979919
116	180	0.977102
117	82	0.972167
117	85	0.975428
117	88	0.874104
117	98	1.0355
117	134	0.980781
117	135	0.947429
117	140	0.986741
117	141	0.986521
117	142	0.970658
117	144	0.997596
117	149	0.955088
117	153	0.998529
117	154	1.00019
117	158	0.935943
117	161	1.08747
117	162	1.10456
117	163	1.05651
117	165	0.986985
117	167	1.07654
117	168	1.02117
117	170	0.969542
117	171	1.01222
117	172	1.01213
117	175	1.0225
117	176	1.00721
117	177	1.00678
117	178	1.01045
117	179	1.00116
117	180	0.998344
118	42	0.956126
118	57	0.967781
118	72	1.1057
118	85	1.01556
118	88	0.897742
118	92	0.93172
118	101	1.01245
118	108	1.03185
118	109	0.942417
118	115	0.969445
118	121	1.01069
118	134	1.00442
118	138	1.0215
118	145	1.01397
118	146	0.974314
118	147	1.05463
118	148	0.975532
118	164	1.00779
118	165	1.00363
118	166	1.0186
118	169	0.970312
118	170	0.993181
118	171	1.01826
118	172	1.01818
118	174	1.01576
118	175	1.02854
118	177	1.01283
118	178	1.01649
118	180	1.00439
119	14	1.11182
119	52	0.9446
119	55	0.926831
119	68	1.0586
119	71	0.97169
119	79	0.929203
119	95	0.956372
119	99	1.08297
119	101	0.96403
119	107	0.990581
119	114	0.959583
119	125	1.01794
119	127	1.05392
119	131	0.964386
119	137	0.976452
119	145	0.965552
119	147	1.09227
119	152	0.981165
119	156	0.958476
119	158	0.967687
119	164	0.95937
119	165	0.955219
119	166	0.970185
119	167	0.953631
119	172	1.06576
119	173	1.06056
119	174	1.06332
119	175	1.04418
119	179	1.06405
120	36	0.931224
120	47	1.00428
120	48	1.06162
120	59	0.957184
120	71	1.00802
120	75	0.956461
120	89	1.00149
120	103	0.983826
120	109	1.04629
120	111	1.02367
120	113	1.0039
120	124	1.04879
120	136	1.01107
120	138	1.00941
120	139	1.02899
120	146	0.999225
120	147	1.04254
120	149	1.00253
120	151	0.987733
120	156	0.994803
120	161	0.906002
120	165	0.991546
120	166	1.00651
120	168	0.976512
120	170	0.989146
120	172	1.01014
120	175	0.988564
120	176	1.00855
120	177	1.02116
120	179	1.00844
121	2	1.03852
121	10	1.02529
121	13	1.03917
121	17	0.902469
121	34	0.928625
121	47	0.996642
121	59	0.982073
121	70	1.08482
121	94	1.01224
121	116	1.02197
121	118	1.01069
121	123	0.966701
121	124	1.04115
121	133	0.97249
121	134	0.976507
121	139	1.04595
121	142	0.976779
121	146	0.991586
121	148	0.995556
121	154	1.0455
121	157	1.01229
121	158	1.08835
121	162	0.916356
121	167	0.922905
121	168	1.0014
121	169	0.999907
121	170	0.981507
121	173	1.00336
121	174	0.99603
121	178	1.02818
122	27	0.913357
122	34	1.11323
122	61	0.97058
122	76	0.942433
122	96	0.951931
122	110	0.966998
122	127	0.993655
122	128	0.977941
122	130	1.01493
122	132	0.973843
122	133	1.05587
122	135	0.995332
122	140	0.964182
122	154	0.977636
122	156	1.02174
122	161	1.06491
122	162	1.082
122	163	1.03395
122	165	1.03489
122	166	0.997796
122	167	1.05399
122	168	0.998614
122	171	0.989658
122	172	0.989572
122	175	0.99994
122	176	0.984649
122	177	0.984226
122	178	0.987888
122	179	0.978603
122	180	0.975786
123	13	1.05436
123	28	0.981983
123	39	0.970736
123	51	1.03549
123	62	1.11356
123	74	1.06537
123	80	1.01602
123	90	0.93593
123	96	1.00798
123	105	0.946449
123	115	0.950631
123	116	1.03715
123	121	0.966701
123	124	1.00829
123	125	1.00239
123	126	0.979943
123	134	0.943646
123	137	0.972278
123	146	0.958724
123	150	1.00028
123	157	0.97943
123	163	1.00279
123	168	1.01658
123	169	0.967045
123	170	0.948645
123	173	0.970497
123	174	0.963168
123	177	1.06123
123	178	1.04336
123	179	1.04851
123	180	1.06059
124	5	0.943448
124	12	1.01618
124	27	1.09541
124	34	0.970216
124	36	1.14431
124	37	0.970295
124	42	1.04191
124	66	0.895832
124	83	0.996614
124	88	1.08687
124	120	1.04879
124	121	1.04115
124	123	1.00829
124	126	1.0544
124	140	0.963369
124	142	1.01837
124	143	1.00965
124	144	0.960221
124	148	1.03715
124	157	1.05388
124	160	1.04522
124	163	0.894156
124	165	1.04593
124	167	0.829452
124	169	1.0415
124	170	1.0231
124	172	0.94158
124	174	1.03762
124	175	0.92
124	178	0.934725
124	179	0.939871
125	36	1.08552
125	43	0.971263
125	54	1.0323
125	80	0.910116
125	90	1.01744
125	111	0.97945
125	119	1.01794
125	123	1.00239
125	128	0.9302
125	136	0.943378
125	140	0.976232
125	141	0.986682
125	144	0.987086
125	153	0.98802
125	154	0.989685
125	155	0.956981
125	161	1.07696
125	162	1.09405
125	163	1.046
125	164	0.951578
125	165	0.987146
125	167	1.06604
125	168	1.01066
125	171	1.00171
125	172	1.00162
125	174	0.999204
125	175	1.01199
125	176	0.996699
125	177	0.996275
125	178	0.999938
125	179	0.990652
125	180	0.987835
126	39	1.01684
126	41	1.0075
126	60	0.938644
126	64	1.03056
126	69	1.07357
126	72	0.922269
126	74	0.978708
126	75	1.13955
126	90	0.982034
126	92	1.02765
126	93	1.02784
126	109	0.999705
126	111	0.977086
126	123	0.979943
126	124	1.0544
126	128	1.02208
126	132	0.965785
126	134	0.98975
126	135	1.01176
126	137	1.01838
126	139	0.974476
126	140	0.985346
126	142	0.990022
126	146	1.00483
126	148	1.0088
126	149	1.00814
126	157	1.02553
126	162	0.84488
126	169	1.01315
126	170	0.994749
126	173	1.0166
126	180	0.973931
127	16	1.05302
127	30	0.945124
127	50	0.907907
127	61	0.958825
127	90	1.05342
127	91	0.921779
127	110	0.978842
127	119	1.05392
127	122	0.993655
127	128	0.966187
127	132	0.985687
127	134	1.01693
127	144	0.98688
127	146	0.986823
127	149	0.991235
127	153	0.987814
127	154	0.989479
127	160	0.951041
127	161	1.07676
127	162	1.09385
127	163	1.04579
127	166	0.986041
127	167	1.06583
127	168	1.01046
127	171	1.0015
127	172	1.00142
127	175	1.01178
127	176	0.996493
127	177	0.996069
127	178	0.999732
127	179	0.990447
127	180	0.987629
128	3	0.95084
128	10	1.03456
128	25	1.1218
128	42	1.00959
128	70	1.0941
128	92	1.02368
128	94	1.02151
128	98	0.963069
128	100	0.966797
128	115	0.992764
128	116	0.964959
128	122	0.977941
128	125	0.9302
128	126	1.02208
128	127	0.966187
128	131	1.05149
128	133	0.981762
128	135	1.00779
128	136	1.0127
128	143	0.977335
128	149	1.00417
128	154	0.988483
128	157	1.02156
128	159	1.01517
128	160	1.0129
128	168	0.944389
128	169	1.00918
128	170	0.990778
128	172	0.978021
128	174	1.0053
128	177	0.989033
128	179	0.976312
129	6	0.998103
129	11	0.984071
129	21	0.938545
129	36	0.880995
129	38	1.01419
129	43	0.969683
129	46	0.956414
129	53	0.913218
129	62	0.888671
129	72	1.04338
129	74	1.07733
129	75	0.906232
129	85	0.953239
129	99	0.985855
129	100	0.961097
129	103	0.933598
129	108	0.96953
129	113	1.13935
129	116	0.949414
129	130	1.14658
129	137	1.06614
129	138	0.959186
129	147	0.99231
129	150	1.04322
129	151	0.937505
129	156	1.15339
129	172	1.06218
129	174	0.953441
129	175	1.0406
129	177	1.07319
129	178	1.05532
129	179	1.06047
130	50	1.06303
130	54	0.950966
130	55	0.942346
130	60	0.990098
130	63	1.05249
130	65	0.9762
130	68	1.07412
130	76	1.0228
130	83	0.995997
130	101	0.979545
130	102	1.02464
130	106	0.951649
130	107	1.0061
130	113	0.983092
130	122	1.01493
130	129	1.14658
130	131	0.979902
130	150	1.01997
130	152	0.996681
130	155	0.969081
130	156	0.973992
130	158	0.983203
130	159	0.988861
130	161	0.910869
130	164	0.974886
130	165	0.970735
130	166	0.985701
130	171	1.02536
130	173	1.00981
130	174	1.01257
130	176	1.01342
130	178	1.00816
130	179	1.0133
131	30	1.05398
131	50	1.06971
131	52	0.966798
131	54	0.957649
131	56	0.922444
131	67	0.97969
131	69	0.984195
131	70	0.956007
131	76	1.02948
131	83	1.00268
131	104	0.94992
131	107	1.01278
131	113	0.989774
131	114	0.981781
131	119	0.964386
131	128	1.05149
131	130	0.979902
131	132	1.00631
131	136	1.06467
131	142	1.09211
131	145	0.98775
131	155	0.975763
131	158	0.989885
131	159	0.977929
131	164	0.981568
131	165	0.977418
131	166	0.992383
131	170	1.09099
131	175	0.982499
131	176	1.00248
131	177	1.01509
131	179	1.00237
131	180	1.01445
132	98	1.08571
132	101	1.02641
132	111	0.959432
132	114	1.02902
132	122	0.973843
132	126	0.965785
132	127	0.985687
132	131	1.00631
132	134	1.03099
132	135	0.997639
132	140	0.956214
132	141	1.03673
132	142	1.02087
132	144	0.967068
132	152	0.989869
132	153	0.968002
132	154	0.969667
132	157	0.996201
132	158	0.986153
132	161	1.05694
132	162	1.07404
132	163	1.02598
132	167	1.04602
132	168	0.990645
132	170	1.01975
132	171	0.981689
132	172	0.981604
132	175	0.991972
132	176	0.976681
132	177	0.976257
132	178	0.97992
132	179	0.970635
132	180	0.967817
133	1	1.01154
133	17	0.923382
133	20	0.968395
133	37	0.901632
133	44	1.07831
133	53	1.14373
133	67	1.11059
133	70	1.05775
133	80	1.02181
133	93	0.987525
133	98	0.926725
133	100	1.04472
133	105	0.952239
133	121	0.97249
133	122	1.05587
