1	127	0.896333
1	131	0.89997
1	134	0.8884
1	137	0.916053
1	139	0.902299
1	142	0.891608
1	148	1.0931
1	158	0.892946
1	160	1.31696
1	169	0.912391
1	174	1.14106
1	178	1.45109
2	92	0.900034
2	114	0.902206
2	122	1.3383
2	130	0.878573
2	136	0.883535
2	155	1.18327
2	163	1.26223
2	168	0.902157
2	174	0.892269
2	175	0.91722
2	177	0.924006
2	180	1.21954
3	59	0.933454
3	86	0.882795
3	111	0.925231
3	120	0.940626
3	141	1.13138
3	145	1.35984
3	150	1.02778
3	171	0.902164
3	173	0.879402
3	176	1.48563
3	178	0.843209
3	179	0.893119
4	24	0.803856
4	43	0.782327
4	62	0.815876
4	63	0.813527
4	65	0.787352
4	67	0.764538
4	72	0.814538
4	112	0.813354
4	138	1.5803
4	151	0.804633
4	162	1.73902
4	168	1.63205
5	88	0.859413
5	99	0.934295
5	126	0.897837
5	132	1.28797
5	140	0.90018
5	144	0.881222
5	147	0.894331
5	160	1.21646
5	166	1.14793
5	169	0.909509
5	177	0.923212
5	178	1.35059
6	18	1.5729
6	64	0.796319
6	92	0.80371
6	93	0.806528
6	130	0.782249
6	136	0.787211
6	149	1.62687
6	159	0.794522
6	168	0.805833
6	174	0.795945
6	177	0.827682
6	180	1.75303
7	83	0.888029
7	94	0.908711
7	118	0.89352
7	123	0.901319
7	138	1.15766
7	140	0.910483
7	144	0.891525
7	147	0.904635
7	156	1.26689
7	167	1.2911
7	173	1.28766
7	174	0.901778
8	22	0.84502
8	32	0.771385
8	45	0.749481
8	46	0.745316
8	51	0.879071
8	54	0.805316
8	66	0.782319
8	132	1.80136
8	133	0.811642
8	151	0.81045
8	154	1.59909
8	174	1.55394
9	107	1.53266
9	127	1.54448
9	142	1.569
9	146	0.834987
9	148	0.830609
9	153	0.777922
9	160	0.781089
9	164	0.793399
9	165	0.807597
9	166	0.786939
9	172	0.789135
9	180	0.798324
10	68	0.744688
10	90	0.821814
10	106	0.780379
10	110	0.817879
10	149	1.45373
10	168	0.802771
10	169	0.810918
10	171	1.59125
10	175	0.817835
10	177	0.824621
10	178	1.9081
10	179	0.779094
11	24	0.803856
11	43	0.782327
11	62	0.815876
11	63	0.813527
11	65	0.787352
11	67	0.764538
11	72	0.814538
11	112	0.813354
11	151	0.804633
11	171	1.65098
11	174	1.65781
11	179	1.64453
12	21	0.794072
12	43	0.784491
12	62	0.818041
12	63	0.815691
12	65	0.789517
12	67	0.766702
12	72	0.816702
12	133	0.807988
12	138	1.59007
12	151	0.806797
12	173	1.72007
12	179	1.64084
13	81	0.871192
13	91	1.13271
13	106	0.879709
13	110	0.917209
13	128	1.28022
13	141	1.29158
13	168	0.902101
13	169	0.910248
13	175	0.917165
13	177	0.923951
13	179	0.878424
13	180	1.29473
14	50	1.12298
14	87	0.897233
14	103	0.895589
14	108	0.847849
14	111	0.884329
14	117	0.873206
14	120	0.899724
14	153	1.51016
14	167	1.42041
14	171	0.861263
14	173	0.8385
14	174	1.35101
14	178	0.802308
15	84	0.854736
15	85	1.3034
15	92	0.877559
15	93	0.880378
15	107	0.89749
15	130	0.856099
15	136	0.861061
15	167	1.30781
15	171	0.86505
15	176	1.57134
15	177	0.901532
15	178	0.806095
15	180	1.22025
16	69	0.823476
16	78	0.844016
16	121	1.29691
16	127	0.871398
16	131	0.875035
16	134	0.863465
16	137	0.891118
16	139	0.877364
16	142	0.866673
16	149	1.27368
16	164	1.43753
16	165	1.39416
16	169	0.887456
17	35	0.927582
17	101	1.11924
17	104	0.88321
17	116	0.84409
17	127	0.849591
17	131	0.853228
17	137	0.869311
17	139	0.855557
17	142	0.844866
17	163	1.33752
17	175	0.872565
17	176	1.64593
17	179	1.29972
18	6	1.5729
18	134	1.14102
18	150	0.915682
18	153	0.847417
18	157	0.897039
18	158	1.15482
18	159	1.17815
18	161	0.866407
18	164	0.862894
18	171	0.87297
18	172	0.85863
18	176	0.811144
18	180	0.867818
19	51	1.11798
19	54	1.33883
19	124	0.904049
19	139	1.25458
19	150	0.912902
19	154	0.866675
19	161	0.863627
19	163	0.870159
19	169	1.28265
19	170	0.853336
19	172	0.85585
19	176	0.808364
19	180	0.865038
20	116	0.857751
20	127	0.863251
20	131	0.866888
20	133	1.33378
20	134	0.855318
20	137	0.882971
20	139	0.869217
20	142	0.858526
20	159	0.859852
20	163	1.37545
20	171	1.34411
20	174	1.35093
20	175	0.886226
21	12	0.794072
21	24	0.878329
21	62	0.890349
21	63	0.888
21	65	0.861825
21	67	0.839011
21	72	0.889011
21	132	1.54613
21	133	0.880297
21	143	1.21711
21	151	0.879106
21	156	1.34389
21	174	1.29871
22	8	0.84502
22	32	0.887334
22	45	0.86543
22	46	0.861265
22	51	0.99502
22	54	0.921265
22	66	0.898268
22	109	1.13422
22	124	1.23339
22	151	0.926399
22	168	1.27629
22	172	1.35889
23	71	1.47612
23	91	1.15561
23	102	0.845541
23	123	0.858633
23	129	0.858036
23	135	0.8824
23	140	0.867798
23	147	0.861949
23	158	0.857683
23	163	1.36032
23	169	0.877128
23	172	1.4061
23	177	0.890831
24	4	0.803856
24	11	0.803856
24	21	0.878329
24	43	0.868747
24	62	0.902297
24	63	0.899947
24	67	0.850958
24	72	0.900958
24	95	1.25978
24	119	1.28086
24	151	0.891053
24	165	1.26538
24	178	1.59927
25	37	1.09734
25	46	0.834619
25	54	0.894619
25	66	0.871622
25	111	1.28656
25	118	1.37157
25	134	0.874746
25	137	0.902399
25	142	0.877954
25	170	0.859104
25	176	0.814132
25	177	1.23925
25	180	0.870806
26	104	0.805237
26	116	0.766118
26	127	0.771618
26	131	0.775255
26	134	0.763685
26	137	0.791338
26	139	0.777584
26	142	0.766894
26	161	1.66892
26	169	0.787676
26	174	1.67537
26	175	0.794593
26	176	2.00829
27	59	0.813417
27	86	0.762758
27	87	0.818098
27	108	0.768714
27	111	0.805194
27	117	0.794072
27	143	1.75395
27	155	1.78111
27	171	0.782128
27	173	0.759365
27	178	0.723173
27	179	0.773083
27	180	1.81738
28	76	0.792899
28	81	0.74741
28	90	0.797362
28	106	0.755927
28	110	0.793427
28	119	1.85515
28	150	1.7386
28	157	1.76062
28	168	0.778319
28	169	0.786466
28	175	0.793382
28	177	0.800169
28	179	0.754641
29	43	1.68464
29	84	1.76599
29	139	1.5943
29	149	0.803511
29	150	0.827404
29	161	0.778128
29	163	0.784661
29	165	0.788813
29	167	0.776889
29	170	0.767837
29	172	0.770352
29	176	0.722865
29	180	0.77954
30	59	1.19908
30	108	1.32463
30	150	0.916454
30	155	0.879559
30	158	1.22427
30	159	1.2476
30	160	0.851355
30	163	0.873711
30	164	0.863666
30	165	0.877863
30	170	0.856887
30	176	0.811915
30	180	0.86859
31	37	0.920089
31	74	0.844171
31	103	0.863341
31	108	0.815601
31	111	0.852081
31	117	0.840959
31	120	0.867477
31	143	1.40157
31	155	1.42873
31	163	1.50769
31	173	0.806252
31	178	0.77006
31	179	0.81997
31	180	1.465
32	8	0.771385
32	22	0.887334
32	45	0.791795
32	46	0.78763
32	51	0.921385
32	54	0.84763
32	66	0.824633
32	112	0.861486
32	132	1.61772
32	133	0.853956
32	151	0.852765
32	162	1.46498
32	171	1.36349
32	179	1.35703
33	45	0.797136
33	66	0.829974
33	123	0.838595
33	124	1.2218
33	126	0.845417
33	144	0.828801
33	147	0.841911
33	151	0.858105
33	166	1.38437
33	175	0.864006
33	176	1.60993
33	177	0.870792
33	178	1.58703
33	179	0.825265
34	48	1.58504
34	107	1.26324
34	134	1.30634
34	145	0.825359
34	161	0.851852
34	162	0.828005
34	164	0.84834
34	165	0.862537
34	166	0.841879
34	167	0.850613
34	169	1.24038
34	170	0.841561
34	176	0.79659
34	180	0.853264
35	17	0.927582
35	78	0.908291
35	116	0.930172
35	127	0.935673
35	131	0.93931
35	133	1.14153
35	134	0.927739
35	139	0.941638
35	142	0.930948
35	163	1.1832
35	173	1.22463
35	174	1.15868
35	175	0.958647
35	179	1.14541
36	61	1.2621
36	86	1.41586
36	118	1.37913
36	149	0.868039
36	153	0.823666
36	156	0.853005
36	159	1.33756
36	162	0.818809
36	164	0.839144
36	165	0.853341
36	166	0.832683
36	170	0.832365
36	172	0.83488
36	180	0.844068
37	25	1.09734
37	31	0.920089
37	59	0.966602
37	87	0.971283
37	103	0.969639
37	108	0.921899
37	122	1.24438
37	156	1.18897
37	168	1.13149
37	171	0.935313
37	173	0.91255
37	174	1.14379
37	178	0.876358
37	179	0.926268
38	48	0.890595
38	118	0.925729
38	123	0.933528
38	135	0.957294
38	144	0.923734
38	146	1.33614
38	147	0.936844
38	159	0.932565
38	160	1.59049
38	162	1.50926
38	174	0.933987
38	175	2.69567e-05
38	177	0.965725
38	179	1.40131
39	44	1.26021
39	78	0.808371
39	104	0.869371
39	127	0.835752
39	131	0.839389
39	134	0.827819
39	137	0.855472
39	138	1.46958
39	139	0.841718
39	142	0.831028
39	159	0.832353
39	164	1.55314
39	175	0.858727
39	179	1.52035
40	56	1.32306
40	74	0.855215
40	86	0.82069
40	103	0.874386
40	108	0.826645
40	111	0.863126
40	117	0.852003
40	120	0.878521
40	161	1.4723
40	167	1.54814
40	173	0.817296
40	178	0.781104
40	179	0.831014
40	180	1.46057
41	68	1.41899
41	114	1.3713
41	126	1.21743
41	144	1.38769
41	154	0.849368
41	155	0.858701
41	156	0.856669
41	160	0.830497
41	161	0.84632
41	167	0.845081
41	170	0.836029
41	172	0.838544
41	176	0.791058
41	180	0.847732
42	56	1.40641
42	79	0.880263
42	98	0.827463
42	112	1.4069
42	113	0.847231
42	121	1.44098
42	130	0.816821
42	136	0.821783
42	158	0.829107
42	159	0.829094
42	174	0.830517
42	175	0.855468
42	177	0.862254
42	179	1.54881
43	4	0.782327
43	11	0.782327
43	12	0.784491
43	24	0.868747
43	29	1.68464
43	62	0.880768
43	65	0.852244
43	67	0.829429
43	72	0.879429
43	133	0.870715
43	151	0.869524
43	167	1.40502
43	171	1.3288
43	174	1.33563
44	39	1.26021
44	48	1.34459
44	87	1.0489
44	129	1.14132
44	145	0.885311
44	154	0.914852
44	155	0.924185
44	162	0.887957
44	166	0.901831
44	167	0.910565
44	169	0.999935
44	170	0.901513
44	172	0.904028
44	176	0.856542
44	180	0.913216
45	8	0.749481
45	22	0.86543
45	32	0.791795
45	33	0.797136
45	46	0.765726
45	51	0.899481
45	54	0.825726
45	57	1.73061
45	66	0.802729
45	91	1.82238
45	112	0.839582
45	133	0.832052
45	151	0.830861
45	173	2.06852
45	175	0.475336
46	8	0.745316
46	22	0.861265
46	25	0.834619
46	32	0.78763
46	45	0.765726
46	51	0.895316
46	54	0.821562
46	66	0.798564
46	77	1.44838
46	112	0.835418
46	133	0.827887
46	151	0.826696
46	156	1.61769
46	157	1.4696
46	162	1.66718
47	78	0.870126
47	124	1.1928
47	127	0.897507
47	131	0.901144
47	134	0.889574
47	137	0.917227
47	139	0.903473
47	142	0.892782
47	146	1.16955
47	158	0.89412
47	160	1.4239
47	168	1.2357
47	169	0.913565
47	175	0.920482
47	180	1.22983
48	34	1.58504
48	38	0.890595
48	44	1.34459
48	88	0.778274
48	94	0.817269
48	118	0.802077
48	123	0.809876
48	125	1.58587
48	128	1.58533
48	129	0.809279
48	144	0.800082
48	147	0.813192
48	159	0.808913
48	169	0.82837
48	177	0.842073
49	68	0.847502
49	81	0.874676
49	90	0.924628
49	106	0.883193
49	110	0.920693
49	128	1.24242
49	143	1.1935
49	149	1.13077
49	163	1.29962
49	168	0.905585
49	169	0.913732
49	170	1.38773
49	175	0.920649
49	177	0.927435
49	179	0.881908
50	14	1.12298
50	52	1.46787
50	110	1.06667
50	138	0.918727
50	140	1.07966
50	156	0.917817
50	162	0.883621
50	165	0.918153
50	166	0.897496
50	167	0.906229
50	170	0.897178
50	172	0.899692
50	176	0.852206
50	177	1.05766
50	180	0.90888
51	8	0.879071
51	19	1.11798
51	22	0.99502
51	32	0.921385
51	45	0.899481
51	46	0.895316
51	54	0.955316
51	66	0.932319
51	133	0.961642
51	151	0.96045
51	156	1.15387
51	163	1.1332
51	167	1.17808
51	170	1.22131
52	50	1.46787
52	73	1.52898
52	97	0.82513
52	98	0.812675
52	112	1.54071
52	113	0.832443
52	130	0.802033
52	136	0.806995
52	143	1.6143
52	158	0.814319
52	159	0.814306
52	173	0.788222
52	174	0.815729
52	175	0.84068
52	177	0.847467
53	56	1.10868
53	68	0.818396
53	76	0.891059
53	81	0.84557
53	90	0.895522
53	106	0.854087
53	110	0.891587
53	122	1.36495
53	145	1.4715
53	168	0.876479
53	169	0.884626
53	170	1.37699
53	172	1.33467
53	175	0.891543
53	177	0.898329
53	179	0.852802
54	8	0.805316
54	19	1.33883
54	22	0.921265
54	25	0.894619
54	32	0.84763
54	45	0.825726
54	46	0.821562
54	51	0.955316
54	66	0.858564
54	112	0.895418
54	133	0.887887
54	146	1.25109
54	151	0.886696
54	156	1.37472
54	171	1.32271
54	179	1.31626
55	57	1.03854
55	68	0.818396
55	76	0.891059
55	81	0.84557
55	90	0.895522
55	106	0.854087
55	110	0.891587
55	168	0.876479
55	169	0.884626
55	171	1.30368
55	173	1.37645
55	174	1.3105
55	175	0.891543
55	177	0.898329
55	178	1.62053
55	179	0.852802
56	40	1.32306
56	42	1.40641
56	53	1.10868
56	66	1.2275
56	82	0.871909
56	97	1.23109
56	135	0.900977
56	137	0.899367
56	139	0.885613
56	140	0.886376
56	142	0.874922
56	147	0.880527
56	164	0.86285
56	172	0.858586
56	176	0.8111
56	180	0.867774
57	45	1.73061
57	55	1.03854
57	93	1.17635
57	98	1.16552
57	114	1.13768
57	120	0.916633
57	131	0.88853
57	134	0.87696
57	139	0.890859
57	142	0.880168
57	148	0.905306
57	172	0.863832
57	176	0.816346
57	178	0.819217
57	179	0.869127
57	180	0.873021
58	59	0.826997
58	86	0.776338
58	87	0.831678
58	103	0.830034
58	108	0.782293
58	111	0.818774
58	117	0.807651
58	120	0.834169
58	125	1.67694
58	143	1.62748
58	149	1.56474
58	163	1.7336
58	171	0.795707
58	173	0.772945
58	178	0.736752
58	179	0.786662
59	3	0.933454
59	27	0.813417
59	30	1.19908
59	37	0.966602
59	58	0.826997
59	108	0.862114
59	111	0.898595
59	117	0.887472
59	148	1.27997
59	154	1.37308
59	162	1.4226
59	171	0.875528
59	173	0.852765
59	174	1.32793
59	178	0.816573
59	179	0.866483
60	92	1.27227
60	135	1.18613
60	141	0.898234
60	142	1.23351
60	157	0.906147
60	159	1.2774
60	160	0.859691
60	163	0.882047
60	164	0.872002
60	165	0.886199
60	166	0.865541
60	169	1.17432
60	170	0.865223
60	172	0.867738
60	176	0.820251
60	180	0.876926
61	36	1.2621
61	70	0.777675
61	83	0.868344
61	102	0.868541
61	123	0.881633
61	129	0.881036
61	140	0.890798
61	144	0.87184
61	147	0.884949
61	158	0.880683
61	159	0.88067
61	165	1.27713
61	166	1.40835
61	168	1.28869
61	173	1.36693
61	177	0.91383
62	4	0.815876
62	11	0.815876
62	12	0.818041
62	21	0.890349
62	24	0.902297
62	43	0.880768
62	63	0.911968
62	65	0.885793
62	67	0.862979
62	72	0.912979
62	124	1.2792
62	149	1.19007
62	151	0.903074
62	167	1.4038
62	170	1.44704
62	174	1.33441
63	4	0.813527
63	11	0.813527
63	12	0.815691
63	21	0.888
63	24	0.899947
63	62	0.911968
63	65	0.883444
63	67	0.860629
63	72	0.910629
63	101	1.08461
63	132	1.52579
63	133	0.901915
63	151	0.900724
63	156	1.32356
63	160	1.45428
63	168	1.26608
64	6	0.796319
64	79	0.903849
64	84	0.839045
64	85	1.43255
64	97	0.863503
64	98	0.851049
64	113	0.870817
64	114	0.86404
64	130	0.840407
64	136	0.845369
64	148	1.31961
64	164	1.38708
64	166	1.47494
64	171	0.849358
64	172	1.43787
64	177	0.88584
64	178	0.790403
65	4	0.787352
65	11	0.787352
65	12	0.789517
65	21	0.861825
65	43	0.852244
65	62	0.885793
65	63	0.883444
65	67	0.834455
65	72	0.884455
65	85	1.48202
65	112	0.883272
65	133	0.875741
65	151	0.87455
65	157	1.31414
65	164	1.43655
65	174	1.41704
65	179	1.40376
66	8	0.782319
66	22	0.898268
66	25	0.871622
66	32	0.824633
66	33	0.829974
66	45	0.802729
66	46	0.798564
66	51	0.932319
66	54	0.858564
66	56	1.2275
66	112	0.87242
66	133	0.86489
66	145	1.59031
66	151	0.863698
66	156	1.42836
66	171	1.37636
66	174	1.38318
67	4	0.764538
67	11	0.764538
67	12	0.766702
67	21	0.839011
67	24	0.850958
67	43	0.829429
67	62	0.862979
67	63	0.860629
67	65	0.834455
67	72	0.861641
67	112	0.860457
67	133	0.852927
67	151	0.851735
67	157	1.33597
67	168	1.42658
67	173	1.50483
67	174	1.43888
67	178	1.7489
68	10	0.744688
68	41	1.41899
68	49	0.847502
68	53	0.818396
68	55	0.818396
68	76	0.83
68	81	0.784511
68	90	0.834463
68	105	1.71051
68	106	0.793028
68	110	0.830528
68	146	1.37888
68	168	0.815421
68	169	0.823568
68	172	1.52763
68	175	0.830484
68	177	0.83727
68	178	1.76736
68	179	0.791743
69	16	0.823476
69	78	0.782378
69	104	0.843379
69	109	1.3753
69	116	0.804259
69	127	0.80976
69	128	1.49698
69	131	0.813397
69	134	0.801827
69	137	0.82948
69	139	0.815726
69	142	0.805035
69	158	0.806373
69	159	0.80636
69	169	0.825818
69	171	1.52284
69	173	1.59562
69	175	0.832734
69	176	1.86259
70	61	0.777675
70	82	0.74355
70	83	0.735562
70	96	0.763364
70	101	0.80847
70	126	0.755673
70	129	0.748254
70	135	0.772618
70	140	0.758016
70	144	0.739058
70	147	0.752167
70	149	1.85327
70	159	0.747888
70	161	1.99116
70	165	1.97375
70	169	0.767346
70	174	0.749311
70	177	0.781048
70	179	1.98433
71	23	1.47612
71	103	1.60178
71	115	1.41978
71	137	1.45297
71	140	1.44802
71	145	0.799043
71	146	0.863612
71	152	0.78892
71	153	0.806547
71	156	0.835885
71	160	0.809714
71	163	0.832069
71	165	0.836222
71	166	0.815564
71	167	0.824297
71	172	0.81776
71	176	0.770274
71	178	0.773145
71	180	0.826949
72	4	0.814538
72	11	0.814538
72	12	0.816702
72	21	0.889011
72	24	0.900958
72	43	0.879429
72	62	0.912979
72	63	0.910629
72	65	0.884455
72	67	0.861641
72	112	0.910457
72	133	0.902927
72	145	1.46473
72	151	0.901735
72	168	1.2453
72	170	1.37022
72	173	1.32355
72	174	1.25759
72	179	1.24432
73	52	1.52898
73	79	1.09824
73	114	1.24273
73	139	1.07836
73	147	1.15105
73	155	0.898159
73	161	0.885779
73	163	0.892312
73	164	0.882266
73	166	0.875806
73	167	0.88454
73	168	0.906974
73	170	0.875488
73	172	0.878003
73	173	0.869579
73	175	1.25006
73	176	0.830516
73	178	0.833387
73	180	0.887191
74	31	0.844171
74	40	0.855215
74	86	0.840026
74	87	0.895365
74	101	1.22152
74	103	0.893722
74	108	0.845981
74	111	0.882462
74	117	0.871339
74	120	0.897857
74	132	0.827045
74	138	1.35124
74	165	1.39143
74	166	1.52266
74	168	1.40299
74	171	0.859395
74	173	0.836632
74	174	1.41528
74	178	0.80044
74	179	0.85035
75	96	1.496
75	120	1.39363
75	128	0.829827
75	135	1.45796
75	138	0.816285
75	141	0.827746
75	146	0.843101
75	148	0.838724
75	150	0.854302
75	156	0.815375
75	157	0.835659
75	159	1.54923
75	160	0.789203
75	166	0.795053
75	167	0.803787
75	169	1.44614
75	170	0.794735
75	176	0.749764
75	180	0.806438
76	28	0.792899
76	53	0.891059
76	55	0.891059
76	68	0.83
76	81	0.857174
76	90	0.907126
76	106	0.865691
76	110	0.903191
76	133	1.29132
76	148	1.26052
76	155	1.25403
76	160	1.48438
76	164	1.32799
76	165	1.28462
76	168	0.888083
76	169	0.89623
76	175	0.903147
76	177	0.909933
76	179	0.864406
77	46	1.44838
77	84	1.29285
77	97	1.26265
77	129	1.29061
77	135	1.16105
77	145	0.838294
77	148	0.898485
77	152	0.828171
77	155	0.877168
77	157	0.89542
77	162	0.84094
77	164	0.861275
77	165	0.875472
77	167	0.863548
77	172	0.857011
77	174	0.876095
77	175	1.29285
77	176	0.809525
77	178	0.812396
77	180	0.866199
78	16	0.844016
78	35	0.908291
78	39	0.808371
78	47	0.870126
78	69	0.782378
78	104	0.863919
78	116	0.8248
78	127	0.8303
78	131	0.833937
78	134	0.822367
78	137	0.85002
78	139	0.836266
78	142	0.825576
78	149	1.21229
78	152	1.5986
78	167	1.42602
78	169	0.846358
78	173	1.42258
78	174	1.35663
78	175	0.853275
78	176	1.68956
79	42	0.880263
79	64	0.903849
79	73	1.09824
79	92	0.911239
79	93	0.914058
79	97	0.912875
79	109	1.11078
79	113	0.920189
79	114	0.913412
79	122	1.36574
79	124	1.20995
79	128	1.23247
79	130	0.889779
79	136	0.894741
79	154	1.3103
79	158	0.902065
79	168	0.913362
79	170	1.37778
79	173	0.875967
79	175	0.928426
79	178	0.839775
80	82	0.829966
80	83	0.821978
80	91	1.23921
80	94	0.84266
80	96	0.84978
80	115	0.831958
80	126	0.842089
80	129	0.83467
80	135	0.859034
80	143	0.832552
80	144	0.825474
80	147	0.838583
80	148	1.37144
80	159	0.834304
80	162	1.51407
80	163	1.44392
80	169	0.853762
80	174	0.835727
80	177	0.867464
80	178	1.72943
80	180	1.40123
81	13	0.871192
81	28	0.74741
81	49	0.874676
81	53	0.84557
81	55	0.84557
81	68	0.784511
81	76	0.857174
81	90	0.861637
81	106	0.820202
81	110	0.857702
81	152	1.60268
81	153	1.51985
81	157	1.2578
81	166	1.46808
81	167	1.4301
81	168	0.842595
81	169	0.850741
81	173	1.42666
81	175	0.857658
81	177	0.864444
81	179	0.818917
82	56	0.871909
82	70	0.74355
82	80	0.829966
82	85	0.825514
82	88	0.815906
82	91	1.27595
82	95	1.42668
82	96	0.86202
82	122	0.83936
82	123	0.847508
82	126	0.854329
82	129	0.84691
82	135	0.871274
82	140	0.856672
82	144	0.837714
82	147	0.850824
82	157	1.35324
82	159	0.846544
82	165	1.43229
82	171	1.44932
82	178	1.76617
83	7	0.888029
83	61	0.868344
83	70	0.735562
83	80	0.821978
83	94	0.846913
83	96	0.854033
83	115	0.836211
83	123	0.83952
83	126	0.846342
83	135	0.863286
83	140	0.848685
83	144	0.829726
83	147	0.842836
83	156	1.39073
83	159	0.838557
83	166	1.45292
83	168	1.33325
83	170	1.45818
83	172	1.41585
83	174	0.839979
83	178	1.65558
84	15	0.854736
84	29	1.76599
84	64	0.839045
84	77	1.29285
84	89	1.28701
84	93	0.849254
84	98	0.835616
84	107	0.866366
84	113	0.855384
84	114	0.848608
84	130	0.824974
84	136	0.829936
84	154	1.46213
84	159	0.837248
84	165	1.39312
84	173	0.811163
84	174	0.83867
84	175	0.863622
84	177	0.870408
84	178	0.774971
84	179	1.4037
85	15	1.3034
85	64	1.43255
85	65	1.48202
85	82	0.825514
85	103	1.52644
85	115	0.827506
85	118	0.823017
85	130	1.45103
85	131	0.836889
85	134	0.825319
85	136	1.45486
85	137	0.852972
85	139	0.839218
85	140	0.839981
85	142	0.828527
85	152	0.783351
85	157	0.8506
85	158	0.829865
85	166	0.809994
85	168	0.841163
85	176	0.764705
85	180	0.821379
86	3	0.882795
86	27	0.762758
86	36	1.41586
86	40	0.82069
86	58	0.776338
86	74	0.840026
86	87	0.86084
86	91	0.848045
86	103	0.859196
86	111	0.847936
86	117	0.836813
86	120	0.863331
86	122	1.55533
86	132	0.792519
86	141	1.43342
86	152	1.69671
86	165	1.43088
86	167	1.52414
86	171	0.824869
86	173	0.802107
86	178	0.765914
86	179	0.815824
87	14	0.897233
87	27	0.818098
87	37	0.971283
87	44	1.0489
87	58	0.831678
87	74	0.895365
87	86	0.86084
87	103	0.914536
87	108	0.866795
87	111	0.903276
87	117	0.892153
87	120	0.918671
87	143	1.24072
87	150	1.19739
87	153	1.48146
87	168	1.31002
87	170	1.43495
87	171	0.880209
87	172	1.39262
87	173	0.857446
87	178	0.821254
87	179	0.871164
88	5	0.859413
88	48	0.778274
88	82	0.815906
88	89	1.37773
88	99	0.864488
88	102	0.808115
88	115	0.817898
88	118	0.813408
88	123	0.821207
88	126	0.828029
88	129	0.82061
88	135	0.844974
88	138	1.44366
88	140	0.830372
88	141	1.48638
88	144	0.811414
88	147	0.824523
88	149	1.36337
88	152	1.74967
88	160	1.6836
88	169	0.839702
88	174	0.821667
89	84	1.28701
89	88	1.37773
89	110	1.16473
89	115	1.14949
89	123	1.22772
89	145	0.868302
89	151	1.18069
89	153	0.875806
89	160	0.878972
89	161	0.894796
89	162	0.870948
89	163	0.901328
89	164	0.891283
89	165	0.90548
89	166	0.884822
89	170	0.884505
89	172	0.887019
89	173	0.878596
89	176	0.839533
89	177	1.15572
89	178	0.842403
89	180	0.896207
90	10	0.821814
90	28	0.797362
90	49	0.924628
90	53	0.895522
90	55	0.895522
90	68	0.834463
90	76	0.907126
90	81	0.861637
90	95	1.23222
90	106	0.870154
90	110	0.907654
90	132	1.5091
90	141	1.24036
90	156	1.30686
90	161	1.25523
90	164	1.2812
90	168	0.892547
90	169	0.900694
90	172	1.33198
90	175	0.90761
90	177	0.914396
90	179	0.868869
91	13	1.13271
91	23	1.15561
91	45	1.82238
91	80	1.23921
91	82	1.27595
91	86	0.848045
91	98	0.869105
91	103	0.901741
91	117	0.879358
91	118	1.23783
91	120	0.905876
91	129	1.23455
91	136	0.863425
91	155	0.873232
91	162	0.837004
91	163	0.867384
91	166	0.850878
91	174	0.872159
91	175	0.89711
91	176	0.805589
91	178	0.808459
91	179	0.85837
91	180	0.862263
92	2	0.900034
92	6	0.80371
92	15	0.877559
92	60	1.27227
92	79	0.911239
92	93	0.872076
92	97	0.870894
92	107	0.889189
92	112	1.21612
92	113	0.878207
92	122	1.47189
92	130	0.847797
92	133	1.35415
92	136	0.852759
92	159	0.86007
92	163	1.39583
92	171	0.856748
92	172	1.44161
92	173	0.833986
92	174	0.861493
92	175	0.886444
92	178	0.797793
92	180	1.35314
93	6	0.806528
93	15	0.880378
93	57	1.17635
93	79	0.914058
93	84	0.849254
93	92	0.872076
93	97	0.873712
93	101	1.25454
93	107	0.892007
93	114	0.874249
93	130	0.850616
93	136	0.855578
93	143	1.36671
93	150	1.32338
93	168	0.874199
93	171	0.859567
93	172	1.51861
93	173	0.836804
93	174	0.864312
93	177	0.896049
93	178	0.800612
93	179	1.43503
93	180	1.43014
94	7	0.908711
94	48	0.817269
94	80	0.84266
94	83	0.846913
94	96	0.874715
94	102	0.847109
94	115	0.856893
94	123	0.860202
94	126	0.867024
94	129	0.859605
94	135	0.883969
94	140	0.869367
94	144	0.850408
94	147	0.863518
94	152	1.56759
94	155	1.27118
94	159	0.859239
94	165	1.30176
94	167	1.39501
94	168	1.31332
94	172	1.39592
94	177	0.892399
94	179	1.31234
95	24	1.25978
95	82	1.42668
95	90	1.23222
95	104	1.22312
95	117	1.35323
95	148	0.898762
95	153	0.846074
95	155	0.877445
95	156	0.875413
95	157	0.895697
95	160	0.849241
95	162	0.841217
95	163	0.871597
95	164	0.861551
95	165	0.875749
95	166	0.855091
95	167	0.863825
95	169	1.24389
95	170	0.854773
95	172	0.857288
95	176	0.809801
95	177	1.25623
95	180	0.866476
96	70	0.763364
96	75	1.496
96	80	0.84978
96	82	0.86202
96	83	0.854033
96	94	0.874715
96	102	0.854229
96	115	0.864013
96	119	1.31484
96	126	0.874144
96	129	0.866725
96	135	0.891089
96	143	0.864607
96	144	0.857528
96	147	0.870638
96	154	1.36836
96	155	1.26877
96	161	1.31677
96	166	1.43059
96	169	0.885816
96	174	0.867781
96	177	0.899519
96	179	1.30994
97	52	0.82513
97	56	1.23109
97	64	0.863503
97	77	1.26265
97	79	0.912875
97	92	0.870894
97	93	0.873712
97	107	0.890825
97	114	0.873066
97	130	0.849433
97	136	0.854395
97	150	1.26185
97	158	0.861719
97	168	0.873017
97	170	1.4994
97	171	0.858384
97	172	1.45708
97	173	0.835622
97	174	0.863129
97	177	0.894867
97	178	0.799429
97	179	1.3735
97	180	1.3686
98	42	0.827463
98	52	0.812675
98	57	1.16552
98	64	0.851049
98	84	0.835616
98	91	0.869105
98	105	1.69066
98	107	0.87837
98	113	0.867388
98	114	0.860612
98	130	0.836979
98	132	0.813579
98	136	0.841941
98	146	1.35903
98	155	1.38304
98	158	0.849264
98	163	1.462
98	168	0.860562
98	171	0.84593
98	173	0.823167
98	174	0.850674
98	175	0.875626
98	179	1.42421
98	180	1.41931
99	5	0.934295
99	88	0.864488
99	102	0.882997
99	115	0.89278
99	118	0.888291
99	126	0.902911
99	129	0.895492
99	133	1.35597
99	135	0.919856
99	140	0.905254
99	141	1.3518
99	143	0.893374
99	144	0.886296
99	147	0.899406
99	153	1.53228
99	158	0.895139
99	161	1.36668
99	165	1.34927
99	169	0.914584
99	174	0.896549
99	175	0.00863836
99	177	0.928287
99	178	1.68316
99	180	1.35496
100	118	1.4408
100	119	0.862419
100	120	1.24363
100	126	1.27856
100	127	1.33082
100	135	1.30795
100	140	1.33048
100	146	0.889093
100	152	0.814401
100	153	0.832028
100	154	0.854066
100	156	0.861366
100	157	0.88165
100	161	0.851018
100	162	0.82717
100	163	0.85755
100	164	0.847505
100	166	0.841045
100	170	0.840727
100	172	0.843241
100	176	0.795755
100	177	1.30848
100	179	0.848536
100	180	0.85243
101	17	1.11924
101	63	1.08461
101	70	0.80847
101	74	1.22152
101	93	1.25454
101	103	1.26769
101	106	0.900383
101	110	0.937883
101	126	0.91925
101	136	1.19612
101	140	0.921593
101	142	1.13879
101	144	0.902635
101	147	0.915744
101	151	1.11689
101	162	0.877733
101	167	0.900341
101	170	0.891289
101	172	0.893804
101	175	0.937839
101	176	0.846317
101	177	0.944626
101	179	0.899098
101	180	0.902992
102	23	0.845541
102	61	0.868541
102	88	0.808115
102	94	0.847109
102	96	0.854229
102	99	0.882997
102	118	0.831918
102	123	0.839717
102	126	0.846538
102	129	0.839119
102	132	1.571
102	135	0.863483
102	140	0.848882
102	144	0.829923
102	146	1.24514
102	147	0.843033
102	154	1.36874
102	156	1.36877
102	158	0.838766
102	166	1.43096
102	171	1.31677
102	174	0.840176
102	176	1.65652
102	177	0.871914
103	14	0.895589
103	31	0.863341
103	37	0.969639
103	40	0.874386
103	58	0.830034
103	71	1.60178
103	74	0.893722
103	85	1.52644
103	86	0.859196
103	87	0.914536
103	91	0.901741
103	101	1.26769
103	108	0.865151
103	111	0.901632
103	117	0.890509
103	120	0.917027
103	161	1.45501
103	164	1.48097
103	171	0.878565
103	173	0.855803
103	174	1.46145
103	177	0.0135336
103	178	0.81961
103	179	0.86952
103	180	1.44328
104	17	0.88321
104	26	0.805237
104	39	0.869371
104	69	0.843379
104	78	0.863919
104	95	1.22312
104	116	0.8858
104	127	0.891301
104	131	0.894938
104	134	0.883368
104	137	0.911021
104	139	0.897267
104	142	0.886576
104	143	0.886149
104	149	1.10825
104	151	0.908375
104	153	1.41173
104	155	1.19814
104	158	0.887914
104	159	0.887901
104	165	1.22873
104	166	1.35996
104	168	1.24029
104	175	0.914275
104	176	1.58551
105	68	1.71051
105	98	1.69066
105	116	1.54093
105	128	0.811044
105	130	1.63923
105	136	1.64306
105	138	0.797501
105	146	0.824318
105	147	1.57114
105	149	0.811626
105	150	0.835519
105	152	0.749627
105	154	0.789291
105	155	0.798623
105	157	0.816876
105	160	0.77042
105	161	0.786243
105	162	0.762396
105	163	0.792776
105	165	0.796928
105	170	0.775952
105	172	0.778467
105	176	0.73098
105	179	0.783761
105	180	0.787655
106	10	0.780379
106	13	0.879709
106	28	0.755927
106	49	0.883193
106	53	0.854087
106	55	0.854087
106	68	0.793028
106	76	0.865691
106	81	0.820202
106	90	0.870154
106	101	0.900383
106	109	1.23886
106	110	0.866219
106	150	1.2683
106	161	1.38678
106	164	1.41274
106	167	1.46262
106	168	0.851111
106	169	0.859258
106	173	1.45917
106	175	0.866175
106	176	1.72615
106	177	0.872961
106	179	0.827434
107	9	1.53266
107	15	0.89749
107	34	1.26324
107	84	0.866366
107	92	0.889189
107	93	0.892007
107	97	0.890825
107	98	0.87837
107	113	0.898138
107	130	0.867728
107	132	0.844329
107	136	0.87269
107	141	1.27489
107	143	1.21462
107	149	1.15188
107	157	1.19331
107	159	0.880001
107	162	1.39089
107	168	0.891312
107	171	0.876679
107	173	0.853916
107	174	0.881424
107	175	0.906375
107	177	0.913161
107	179	1.28294
108	14	0.847849
108	27	0.768714
108	30	1.32463
108	31	0.815601
108	37	0.921899
108	40	0.826645
108	58	0.782293
108	59	0.862114
108	74	0.845981
108	87	0.866795
108	103	0.865151
108	111	0.853891
108	117	0.842769
108	120	0.869287
108	132	0.798475
108	157	1.35057
108	160	1.62938
108	162	1.54815
108	164	1.47299
108	171	0.830825
108	172	1.52378
108	173	0.808062
108	174	1.45348
108	178	0.77187
108	179	0.82178
109	22	1.13422
109	69	1.3753
109	79	1.11078
109	106	1.23886
109	134	1.18495
109	141	0.913945
109	144	1.27166
109	146	0.9293
109	152	0.854609
109	153	0.872235
109	155	0.903606
109	159	1.22208
109	161	0.891225
109	162	0.867378
109	164	0.887713
109	165	0.90191
109	166	0.881252
109	167	0.889986
109	170	0.880934
109	172	0.883449
109	173	0.875025
109	175	1.26261
109	176	0.835962
109	178	0.838833
109	180	0.892637
110	10	0.817879
110	13	0.917209
110	28	0.793427
110	49	0.920693
110	50	1.06667
110	53	0.891587
110	55	0.891587
110	68	0.830528
110	76	0.903191
110	81	0.857702
110	89	1.16473
110	90	0.907654
110	101	0.937883
110	106	0.866219
110	143	1.2131
110	145	1.50183
110	157	1.19179
110	168	0.888611
110	169	0.896758
110	171	1.28788
110	175	0.903675
110	177	0.910461
110	178	1.60473
110	179	0.864934
110	180	1.27653
111	3	0.925231
111	14	0.884329
111	25	1.28656
111	27	0.805194
111	31	0.852081
111	40	0.863126
111	58	0.818774
111	59	0.898595
111	74	0.882462
111	86	0.847936
111	87	0.903276
111	103	0.901632
111	108	0.853891
111	117	0.879249
111	120	0.905767
111	121	1.21189
111	138	1.26896
111	145	1.54013
111	155	1.27856
111	168	1.32071
111	170	1.44563
111	171	0.867305
111	172	1.4033
111	173	0.844543
111	178	0.80835
111	179	0.85826
112	4	0.813354
112	11	0.813354
112	32	0.861486
112	42	1.4069
112	45	0.839582
112	46	0.835418
112	52	1.54071
112	54	0.895418
112	65	0.883272
112	66	0.87242
112	67	0.860457
112	72	0.910457
112	92	1.21612
112	133	0.901743
112	137	1.15746
112	142	1.17737
112	144	1.27084
112	149	0.895576
112	151	0.900552
112	156	0.880542
112	165	0.880878
112	167	0.868954
112	169	1.11817
112	175	1.26179
112	176	0.814931
112	180	0.871605
113	42	0.847231
113	52	0.832443
113	64	0.870817
113	79	0.920189
113	84	0.855384
113	92	0.878207
113	98	0.867388
113	107	0.898138
113	114	0.880379
113	124	1.28227
113	130	0.856746
113	132	0.833347
113	136	0.861708
113	143	1.25587
113	153	1.49662
113	161	1.33102
113	162	1.43214
113	163	1.36199
113	168	0.88033
113	173	0.842935
113	174	0.870442
113	175	0.895393
113	177	0.90218
113	178	0.806742
113	179	1.32419
113	180	1.3193
114	2	0.902206
114	41	1.3713
114	57	1.13768
114	64	0.86404
114	73	1.24273
114	79	0.913412
114	84	0.848608
114	93	0.874249
114	97	0.873066
114	98	0.860612
114	113	0.880379
114	125	1.3775
114	130	0.84997
114	136	0.854932
114	146	1.33119
114	150	1.28472
114	159	0.862243
114	164	1.42916
114	167	1.47904
114	168	0.873553
114	171	0.858921
114	173	0.836158
114	174	0.863665
114	175	0.888617
114	177	0.895403
114	178	0.799966
115	71	1.41978
115	80	0.831958
115	83	0.836211
115	85	0.827506
115	88	0.817898
115	89	1.14949
115	94	0.856893
115	96	0.864013
115	99	0.89278
115	123	0.8495
115	126	0.856322
115	129	0.848903
115	135	0.873267
115	140	0.858665
115	143	0.846785
115	144	0.839706
115	147	0.852816
115	154	1.32461
115	158	0.848549
115	159	0.848537
115	169	0.867994
115	170	1.39209
115	171	1.27264
115	173	1.34541
115	176	1.61239
115	177	0.881697
115	178	1.58949
116	17	0.84409
116	20	0.857751
116	26	0.766118
116	35	0.930172
116	69	0.804259
116	78	0.8248
116	104	0.8858
116	105	1.54093
116	127	0.852181
116	131	0.855818
116	134	0.844248
116	137	0.871901
116	139	0.858147
116	142	0.847457
116	143	0.84703
116	148	1.2398
116	151	0.869255
116	154	1.33291
116	157	1.18485
116	158	0.848795
116	159	0.848782
116	161	1.28131
116	169	0.868239
116	172	1.35806
116	175	0.875156
116	176	1.62068
116	178	1.59779
117	14	0.873206
117	27	0.794072
117	31	0.840959
117	40	0.852003
117	58	0.807651
117	59	0.887472
117	74	0.871339
117	86	0.836813
117	87	0.892153
117	91	0.879358
117	95	1.35323
117	103	0.890509
117	108	0.842769
117	111	0.879249
117	120	0.894645
117	132	0.823833
117	141	1.36137
117	143	1.3011
117	152	1.62467
117	156	1.42788
117	157	1.27979
117	163	1.40721
117	164	1.40221
117	171	0.856183
117	173	0.83342
117	178	0.797228
117	179	0.847138
118	7	0.89352
118	25	1.37157
118	36	1.37913
118	38	0.925729
118	48	0.802077
118	85	0.823017
118	88	0.813408
118	91	1.23783
118	99	0.888291
118	100	1.4408
118	102	0.831918
118	121	1.29691
118	123	0.84501
118	126	0.851832
118	129	0.844413
118	135	0.868777
118	140	0.854175
118	144	0.835217
118	146	1.33957
118	147	0.848326
118	158	0.84406
118	159	0.844047
118	166	1.52539
118	169	0.863505
118	171	1.4112
118	174	0.84547
118	177	0.877207
119	24	1.28086
119	28	1.85515
119	96	1.31484
119	100	0.862419
119	123	1.34931
119	135	1.2768
119	142	1.32418
119	145	0.81602
119	146	0.880589
119	148	0.876211
119	152	0.805898
119	153	0.823524
119	154	0.845562
119	155	0.854894
119	156	0.852863
119	157	0.873147
119	160	0.826691
119	161	0.842514
119	162	0.818667
119	163	0.849047
119	166	0.832541
119	167	0.841275
119	169	1.26498
119	170	0.832223
119	172	0.834738
119	176	0.787251
119	177	1.27732
119	180	0.843926
120	3	0.940626
120	14	0.899724
120	31	0.867477
120	40	0.878521
120	57	0.916633
120	58	0.834169
120	74	0.897857
120	75	1.39363
120	86	0.863331
120	87	0.918671
120	91	0.905876
120	100	1.24363
120	103	0.917027
120	108	0.869287
120	111	0.905767
120	117	0.894645
120	122	1.32143
120	132	0.85035
120	133	1.20369
120	150	1.09592
120	165	1.19699
120	166	1.32822
120	171	0.882701
120	173	0.859938
120	174	1.22085
120	176	1.55377
120	178	0.823746
120	179	0.873656
121	16	1.29691
121	42	1.44098
121	111	1.21189
121	118	1.29691
121	131	1.23448
121	141	0.896361
121	142	1.21144
121	147	1.19686
121	155	0.886021
121	156	0.88399
121	157	0.904274
121	160	0.857818
121	161	0.873641
121	162	0.849794
121	163	0.880173
121	165	0.884326
121	166	0.863668
121	167	0.872402
121	168	0.894836
121	170	0.86335
121	171	0.880204
121	172	0.865865
121	173	0.857441
121	175	1.29587
121	176	0.818378
121	177	1.16459
121	178	0.821249
121	179	0.871159
121	180	0.875053
122	2	1.3383
122	37	1.24438
122	53	1.36495
122	79	1.36574
122	82	0.83936
122	86	1.55533
122	92	1.47189
122	120	1.32143
122	129	0.844064
122	130	1.48664
122	131	0.850735
122	134	0.839165
122	135	0.868428
122	137	0.866818
122	139	0.853064
122	142	0.842373
122	144	0.834868
122	147	0.847977
122	158	0.843711
122	160	0.81799
122	163	0.840346
122	167	0.832574
122	170	0.823522
122	172	0.826037
122	174	0.845121
122	175	0.870072
122	176	0.778551
122	180	0.835225
123	7	0.901319
123	23	0.858633
123	33	0.838595
123	38	0.933528
123	48	0.809876
123	61	0.881633
123	82	0.847508
123	83	0.83952
123	88	0.821207
123	89	1.22772
123	94	0.860202
123	102	0.839717
123	115	0.8495
123	118	0.84501
123	119	1.34931
123	126	0.859631
123	135	0.876576
123	140	0.861974
123	144	0.843016
123	147	0.856125
123	152	1.59966
123	157	1.25479
123	158	0.851859
123	165	1.33383
123	167	1.42708
123	168	1.34539
123	169	0.871303
123	170	1.47032
123	171	1.35087
123	174	0.853269
124	19	0.904049
124	22	1.23339
124	33	1.2218
124	47	1.1928
124	62	1.2792
124	79	1.20995
124	113	1.28227
124	138	0.882794
124	144	1.37083
124	145	0.845042
124	148	0.905233
124	149	0.896918
124	150	0.920811
124	152	0.834919
124	153	0.852546
124	155	0.883916
124	156	0.881884
124	160	0.855712
124	163	0.878068
124	164	0.868023
124	165	0.88222
124	166	0.861562
124	167	0.870296
124	168	0.892731
124	169	1.21815
124	170	0.861244
124	172	0.863759
124	175	1.36177
124	176	0.816273
124	177	1.23049
124	179	0.869053
124	180	0.872947
125	48	1.58587
125	58	1.67694
125	114	1.3775
125	127	1.2759
125	128	0.864078
125	136	1.35774
125	142	1.30041
125	145	0.812783
125	146	0.877352
125	147	1.28583
125	148	0.872974
125	152	0.80266
125	153	0.820287
125	154	0.842325
125	155	0.851657
125	156	0.849626
125	160	0.823454
125	162	0.81543
125	163	0.845809
125	164	0.835764
125	165	0.849962
125	166	0.829304
125	167	0.838038
125	170	0.828986
125	171	0.84584
125	172	0.8315
125	174	0.850584
125	175	1.38484
125	176	0.784014
125	177	1.25356
125	178	0.786885
125	180	0.840689
126	5	0.897837
126	33	0.845417
126	41	1.21743
126	70	0.755673
126	80	0.842089
126	82	0.854329
126	83	0.846342
126	88	0.828029
126	94	0.867024
126	96	0.874144
126	99	0.902911
126	100	1.27856
126	101	0.91925
126	102	0.846538
126	115	0.856322
126	118	0.851832
126	123	0.859631
126	129	0.859034
126	132	1.50319
126	135	0.883398
126	140	0.868796
126	144	0.849837
126	147	0.862947
126	152	1.49775
126	157	1.15287
126	159	0.858668
126	160	1.43168
126	168	1.24348
126	169	0.878125
126	170	1.3684
126	172	1.32608
126	176	1.5887
126	177	0.891828
127	1	0.896333
127	9	1.54448
127	16	0.871398
127	17	0.849591
127	20	0.863251
127	26	0.771618
127	35	0.935673
127	39	0.835752
127	47	0.897507
127	69	0.80976
127	78	0.8303
127	100	1.33082
127	104	0.891301
127	116	0.852181
127	125	1.2759
127	131	0.861319
127	134	0.849749
127	137	0.877402
127	139	0.863648
127	142	0.852957
127	143	0.85253
127	150	1.18311
127	151	0.874756
127	156	1.35322
127	158	0.854295
127	159	0.854282
127	160	1.48394
127	168	1.29574
127	169	0.87374
127	170	1.42066
127	172	1.37834
127	175	0.880656
127	180	1.28986
128	13	1.28022
128	48	1.58533
128	49	1.24242
128	69	1.49698
128	75	0.829827
128	79	1.23247
128	105	0.811044
128	125	0.864078
128	129	1.38206
128	135	1.25249
128	137	1.27997
128	139	1.2126
128	141	0.878634
128	145	0.82942
128	148	0.889611
128	149	0.881297
128	152	0.819298
128	153	0.836924
128	155	0.868294
128	160	0.840091
128	161	0.855914
128	162	0.832067
128	163	0.862447
128	164	0.852401
128	165	0.866599
128	166	0.845941
128	167	0.854675
128	170	0.845623
128	171	0.862477
128	172	0.848138
128	174	0.867222
128	175	1.38429
128	176	0.800651
128	180	0.857326
129	23	0.858036
129	44	1.14132
129	48	0.809279
129	61	0.881036
129	70	0.748254
129	77	1.29061
129	80	0.83467
129	82	0.84691
129	88	0.82061
129	91	1.23455
129	94	0.859605
129	96	0.866725
129	99	0.895492
129	102	0.839119
129	115	0.848903
129	118	0.844413
129	122	0.844064
129	126	0.859034
129	128	1.38206
129	135	0.875979
129	138	1.35069
129	140	0.861377
129	143	0.849497
129	144	0.842419
129	145	1.62187
129	147	0.855528
129	149	1.27041
129	158	0.851262
129	169	0.870706
129	171	1.40792
129	173	1.48069
129	174	0.852672
129	177	0.884409
129	178	1.72477
130	2	0.878573
130	6	0.782249
130	15	0.856099
130	42	0.816821
130	52	0.802033
130	64	0.840407
130	79	0.889779
130	84	0.824974
130	85	1.45103
130	92	0.847797
130	93	0.850616
130	97	0.849433
130	98	0.836979
130	105	1.63923
130	107	0.867728
130	113	0.856746
130	114	0.84997
130	122	1.48664
130	132	0.802938
130	136	0.831299
130	150	1.26112
130	155	1.33161
130	157	1.28315
130	158	0.838622
130	159	0.83861
130	165	1.36219
130	167	1.45544
130	168	0.84992
130	171	0.835288
130	174	0.840032
130	175	0.864984
130	176	1.71898
130	177	0.87177
130	178	0.776333
130	180	1.36788
131	1	0.89997
131	16	0.875035
131	17	0.853228
131	20	0.866888
131	26	0.775255
131	35	0.93931
131	39	0.839389
131	47	0.901144
131	57	0.88853
131	69	0.813397
131	78	0.833937
131	85	0.836889
131	104	0.894938
131	116	0.855818
131	121	1.23448
131	122	0.850735
131	127	0.861319
131	134	0.853386
131	137	0.881039
131	139	0.867285
131	142	0.856594
131	146	1.27714
131	148	1.30763
131	150	1.23066
131	151	0.878393
131	155	1.30115
131	158	0.857932
131	159	0.857919
131	160	1.53149
131	161	1.34914
131	162	1.45026
131	165	1.33173
131	169	0.877377
131	170	1.46822
131	173	1.42154
131	175	0.884293
132	5	1.28797
132	8	1.80136
132	21	1.54613
132	32	1.61772
132	63	1.52579
132	74	0.827045
132	86	0.792519
132	90	1.5091
132	98	0.813579
132	102	1.571
132	107	0.844329
132	108	0.798475
132	113	0.833347
132	117	0.823833
132	120	0.85035
132	126	1.50319
132	130	0.802938
132	134	1.58673
132	136	0.8079
132	150	0.854602
132	152	0.768709
132	161	0.805326
132	162	0.781478
132	166	0.795353
132	167	0.804086
132	170	0.795035
132	171	0.811889
132	172	0.797549
132	173	0.789126
132	175	0.841585
132	176	0.750063
132	177	0.848371
132	178	0.752934
132	179	0.802844
132	180	0.806737
133	8	0.811642
133	12	0.807988
133	20	1.33378
133	21	0.880297
133	32	0.853956
133	35	1.14153
133	43	0.870715
133	45	0.832052
133	46	0.827887
133	51	0.961642
133	54	0.887887
133	63	0.901915
133	65	0.875741
133	66	0.86489
