1	70	1.02061
1	97	1.14953
1	104	1.06508
1	107	1.11502
1	114	0.923106
1	135	0.898539
1	151	0.860306
1	160	0.877482
1	163	0.846684
1	169	1.13438
1	170	1.11727
2	121	0.999704
2	145	1.02286
2	150	0.986622
2	165	0.97629
2	166	0.986131
2	171	1.03042
2	173	1.04521
2	174	1.03566
2	177	0.895159
2	178	0.958058
2	179	1.03816
2	180	1.03103
3	16	1.16792
3	19	1.09656
3	27	1.16848
3	72	0.987245
3	78	0.860895
3	79	1.04737
3	134	0.871676
3	146	0.864853
3	160	0.895953
3	168	0.917346
3	177	1.13275
4	10	1.04752
4	21	0.994605
4	51	1.02441
4	68	1.04404
4	75	1.0003
4	79	0.937642
4	86	1.06008
4	134	1.01472
4	152	0.937908
4	154	1.01237
4	161	0.966329
4	180	0.95996
5	38	1.07682
5	89	1.01438
5	105	1.02414
5	130	1.00129
5	134	0.965981
5	142	0.970397
5	143	1.02068
5	156	0.940577
5	168	1.00544
5	171	0.999642
5	177	1.05818
5	178	0.925812
6	80	1.00714
6	83	1.06816
6	91	1.02456
6	113	1.00102
6	120	1.06485
6	123	1.00366
6	125	1.03412
6	129	0.946203
6	139	0.952554
6	155	0.938107
6	168	0.979205
6	175	0.98828
7	73	1.04976
7	91	1.02498
7	113	1.00144
7	120	1.06527
7	123	1.00408
7	125	1.03454
7	154	1.02099
7	161	0.973477
7	168	0.969008
7	174	0.953364
7	179	0.944608
7	180	0.967108
8	58	1.03215
8	77	0.954443
8	89	1.03471
8	130	1.02162
8	132	1.00892
8	140	1.00688
8	142	0.951204
8	143	1.04101
8	168	1.02577
8	170	1.03659
8	171	0.980449
8	172	0.913793
9	23	0.988556
9	43	1.05092
9	49	1.06512
9	53	1.00343
9	56	1.00832
9	61	1.0733
9	76	1.01787
9	92	0.997492
9	150	0.958593
9	153	0.897675
9	168	1.01587
9	170	0.939253
10	4	1.04752
10	19	0.961191
10	43	0.912281
10	65	0.908568
10	83	0.969945
10	86	1.0545
10	132	1.02922
10	165	1.01452
10	174	1.02384
10	175	1.02606
10	176	1.01921
10	180	1.01921
11	21	1.00176
11	51	1.03156
11	68	1.0512
11	86	1.06724
11	98	0.976943
11	134	1.02188
11	140	1.0068
11	142	0.965211
11	154	1.01952
11	157	0.990791
11	159	0.938213
11	170	0.929849
12	73	1.04358
12	84	1.06186
12	113	0.995249
12	117	0.958899
12	120	1.05908
12	123	0.997895
12	125	1.02835
12	138	0.962219
12	154	1.0148
12	162	0.986561
12	168	0.97749
12	176	0.921703
13	105	0.926892
13	151	1.03848
13	155	0.954314
13	163	0.943222
13	165	1.02132
13	166	1.01425
13	170	1.03476
13	171	0.983404
13	172	1.03199
13	176	1.02601
13	178	1.03547
13	180	0.993513
14	75	1.29535
14	148	0.915305
14	150	1.19963
14	158	0.90142
14	166	1.19914
14	171	0.89211
14	173	0.906904
14	174	0.897354
14	175	0.899577
14	177	1.10817
14	179	0.899854
14	180	0.892729
15	27	1.11884
15	89	0.90229
15	97	1.18347
15	102	1.19613
15	109	0.887814
15	113	1.28715
15	143	0.908587
15	172	0.901401
15	175	0.902271
15	178	0.904886
15	179	0.902549
15	180	0.895423
16	3	1.16792
16	19	1.0968
16	27	1.16873
16	72	0.98749
16	79	1.04761
16	156	0.830082
16	157	0.885481
16	160	0.879763
16	168	0.901156
16	175	0.910231
16	177	1.13299
17	97	0.880465
17	141	1.04106
17	157	1.02453
17	159	0.97899
17	164	0.97528
17	170	0.970627
17	173	1.03538
17	174	1.02583
17	175	1.02805
17	176	0.991456
17	179	1.02833
17	180	1.0212
18	26	1.11975
18	43	1.04011
18	46	0.995437
18	56	0.997502
18	61	1.06248
18	76	1.00705
18	92	0.986676
18	152	0.988131
18	166	0.968475
18	168	1.02624
18	169	0.884981
18	178	0.940402
19	3	1.09656
19	10	0.961191
19	16	1.0968
19	27	1.09736
19	72	0.916122
19	79	0.976243
19	85	0.9559
19	105	0.953559
19	137	0.915487
19	156	0.951005
19	168	1.02208
19	177	1.06162
20	36	0.995313
20	147	1.01951
20	148	0.988494
20	157	0.969243
20	158	0.974609
20	163	0.996718
20	165	1.08714
20	167	1.08167
20	169	1.01349
20	171	0.9653
20	174	0.970543
20	179	0.973044
20	180	0.965919
21	4	0.994605
21	11	1.00176
21	51	0.965912
21	68	0.985545
21	86	1.00158
21	121	1.09689
21	134	0.956227
21	140	0.941146
21	151	1.02203
21	154	0.953872
21	157	1.04492
21	165	0.99299
21	174	1.04495
22	52	1.04438
22	68	0.98148
22	147	1.00343
22	151	0.981534
22	165	0.964374
22	166	0.957303
22	167	0.973042
22	171	1.06351
22	172	0.975041
22	173	1.05354
22	174	1.05987
22	176	0.969064
22	178	0.978527
23	9	0.988556
23	68	0.968318
23	92	0.960043
23	116	0.931201
23	132	0.95487
23	143	0.986957
23	161	1.06682
23	162	1.07142
23	176	0.973793
23	177	1.02446
23	178	0.983256
23	179	1.03795
23	180	1.06045
24	47	1.0888
24	67	1.12166
24	144	0.989589
24	150	0.956664
24	161	1.01008
24	165	0.970842
24	166	0.963771
24	167	0.97951
24	171	0.993597
24	172	0.98151
24	174	0.989962
24	176	0.975532
24	178	0.984995
25	81	0.951416
25	108	1.06306
25	136	1.05279
25	147	0.980993
25	150	1.05895
25	160	1.00119
25	164	1.04427
25	171	0.969225
25	173	0.984019
25	174	0.974469
25	175	0.976692
25	179	0.976969
25	180	0.969844
26	18	1.11975
26	39	1.02042
26	43	1.15549
26	61	1.17786
26	76	1.12243
26	92	1.10205
26	102	0.766096
26	134	0.874542
26	152	1.10351
26	161	0.924681
26	165	0.852606
26	168	0.920212
26	176	0.864425
27	3	1.16848
27	15	1.11884
27	16	1.16873
27	19	1.09736
27	72	0.988051
27	79	1.04817
27	148	0.839853
27	156	0.799081
27	164	0.798192
27	177	1.13355
27	179	0.845755
28	57	0.887684
28	98	1.09902
28	129	1.09554
28	141	0.981722
28	160	0.99321
28	163	0.992665
28	164	1.05658
28	165	1.06094
28	171	0.961246
28	173	0.97604
28	175	0.968713
28	179	0.96899
28	180	0.961865
29	128	1.09139
29	157	0.974152
29	159	1.0539
29	161	0.974023
29	167	1.04907
29	171	0.970208
29	173	0.985002
29	174	0.975452
29	175	0.977675
29	177	0.973414
29	178	1.03631
29	179	0.977952
29	180	0.970827
30	68	1.04241
30	86	1.05845
30	101	0.983233
30	102	1.02792
30	112	1.00346
30	129	0.941405
30	144	0.90616
30	154	1.01074
30	169	1.04902
30	170	1.03191
30	175	0.983482
30	180	0.972508
31	124	1.02928
31	135	0.962102
31	137	1.05364
31	142	0.973824
31	156	1.08916
31	169	1.01897
31	171	0.972089
31	173	0.986883
31	174	0.977333
31	175	0.979556
31	177	1.01149
31	179	0.979833
31	180	0.972708
32	53	0.943167
32	66	1.00004
32	89	1.06159
32	105	1.07134
32	109	1.04711
32	115	0.897938
32	132	1.0358
32	143	1.06788
32	148	0.925306
32	152	0.931656
32	162	0.964679
32	168	1.05264
32	170	1.06346
32	180	0.953708
33	49	0.900146
33	128	0.98765
33	162	1.02786
33	163	1.07579
33	166	0.960646
33	169	0.877151
33	171	1.04437
33	172	0.939747
33	173	1.05916
33	174	1.04961
33	175	1.05184
33	178	0.932572
33	179	1.05211
33	180	1.04499
34	97	0.85755
34	99	0.884666
34	130	0.961309
34	141	1.05972
34	142	1.04098
34	151	0.985759
34	160	1.07121
34	165	0.956722
34	172	0.945664
34	173	1.05404
34	174	1.04449
34	175	1.04671
34	179	1.04699
34	180	1.03986
35	50	1.1065
35	82	1.20833
35	88	1.04687
35	101	0.912204
35	102	0.956895
35	127	0.990861
35	151	0.980104
35	152	0.994722
35	164	0.94671
35	169	0.977989
35	170	0.942058
35	172	0.940009
36	20	0.995313
36	55	1.02949
36	64	1.11416
36	85	0.989231
36	90	1.03154
36	128	0.911365
36	132	1.02536
36	143	1.05745
36	152	0.918175
36	158	0.912773
36	170	1.05303
36	175	0.951201
36	177	1.09495
36	179	0.917726
37	72	0.846272
37	79	0.906392
37	107	1.03967
37	120	0.97296
37	122	1.17869
37	123	0.911775
37	125	0.94223
37	139	1.12114
37	167	0.945082
37	174	1.13214
37	176	0.941105
37	177	0.991772
37	178	0.950568
37	179	1.12339
38	5	1.07682
38	47	0.981172
38	55	1.05098
38	66	1.01111
38	77	0.933041
38	126	1.07624
38	130	1.05956
38	143	1.07895
38	153	0.852863
38	154	0.949013
38	160	0.949663
38	168	1.06371
38	174	0.955411
38	180	0.969156
39	26	1.02042
39	43	0.940773
39	49	0.954966
39	56	0.898167
39	61	0.963147
39	76	0.907719
39	92	0.887342
39	127	0.939821
39	135	1.15072
39	139	1.12441
39	142	1.1098
39	145	1.14979
39	152	0.888797
39	178	1.06522
40	59	1.01432
40	65	1.11257
40	70	0.965947
40	97	1.09486
40	104	1.01042
40	106	0.922092
40	107	1.06036
40	112	0.981982
40	121	0.989226
40	168	0.952934
40	169	1.07972
40	170	1.0626
40	176	0.897147
40	178	0.867095
41	47	0.965424
41	96	0.978404
41	105	1.06666
41	109	1.04242
41	111	0.959054
41	126	1.06049
41	130	1.04381
41	143	1.0632
41	161	0.942424
41	167	0.864876
41	170	1.05878
41	175	0.94703
41	177	1.1007
41	179	0.913555
42	93	0.946646
42	100	0.975166
42	148	1.06863
42	150	0.944837
42	159	0.933859
42	161	1.04925
42	162	1.02893
42	171	1.04544
42	173	1.06023
42	175	1.05291
42	176	0.946324
42	177	0.853374
42	179	1.05318
42	180	1.04606
43	9	1.05092
43	10	0.912281
43	18	1.04011
43	26	1.15549
43	39	0.940773
43	49	1.09003
43	78	0.916718
43	92	1.02241
43	122	1.00407
43	127	1.07489
43	148	0.942867
43	152	1.02387
43	158	0.943815
43	178	0.88733
44	87	0.947361
44	143	0.898355
44	149	1.06981
44	150	1.02886
44	154	0.937292
44	159	1.05014
44	160	0.937942
44	165	1.04304
44	167	1.05171
44	172	1.05371
44	174	0.94369
44	176	1.04773
44	178	1.05719
44	179	0.934934
45	59	1.14224
45	87	1.12857
45	115	1.08288
45	136	0.930011
45	144	0.938495
45	153	0.956196
45	154	1.1185
45	157	1.12487
45	159	0.926848
45	164	0.933046
45	167	0.928416
45	172	0.930416
45	176	0.924438
45	178	0.933901
46	18	0.995437
46	48	0.947702
46	60	0.909126
46	61	0.92839
46	72	0.962434
46	79	1.02256
46	82	0.739526
46	132	1.05931
46	172	1.06324
46	175	1.06412
46	177	1.10793
46	178	1.06673
46	179	1.06439
46	180	1.05727
47	24	1.0888
47	38	0.981172
47	41	0.965424
47	58	0.916178
47	62	1.15394
47	89	0.918735
47	105	0.928493
47	118	1.06919
47	132	0.892945
47	138	1.16949
47	143	0.925032
47	165	1.11715
47	168	0.909794
47	177	0.962535
48	46	0.947702
48	80	1.02364
48	83	1.08466
48	84	1.08413
48	91	1.04106
48	113	1.01752
48	120	1.08135
48	123	1.02017
48	125	1.05062
48	136	0.915062
48	137	0.871913
48	167	0.905426
48	168	0.978505
48	175	0.98758
49	9	1.06512
49	33	0.900146
49	39	0.954966
49	43	1.09003
49	56	1.04743
49	61	1.11241
49	76	1.05698
49	77	0.945283
49	92	1.0366
49	110	0.940535
49	149	0.887464
49	152	1.03806
49	158	0.953943
49	180	0.981397
50	35	1.1065
50	82	1.40704
50	88	1.24559
50	101	1.11092
50	102	1.15561
50	122	0.876874
50	124	0.715022
50	151	0.807403
50	165	0.778365
50	169	1.1767
50	170	0.769356
50	175	0.855046
51	4	1.02441
51	11	1.03156
51	21	0.965912
51	68	1.01535
51	78	0.979699
51	86	1.03139
51	93	0.98995
51	134	0.98603
51	140	0.970949
51	154	0.983675
51	161	1.04062
51	162	1.04522
51	170	0.959534
51	178	0.950311
51	180	1.03425
52	22	1.04438
52	130	1.00741
52	144	1.00218
52	148	1.01916
52	151	1.03186
52	157	0.999914
52	158	1.00528
52	162	0.979459
52	171	0.99597
52	172	0.991767
52	174	1.00121
52	175	1.00344
52	177	0.921694
52	179	1.00371
52	180	0.996589
53	9	1.00343
53	32	0.943167
53	61	0.946752
53	72	0.914439
53	79	0.97456
53	107	0.981005
53	123	1.08372
53	130	1.0261
53	166	0.997511
53	171	1.00865
53	176	1.00927
53	177	1.05994
53	178	1.01874
53	179	1.0164
53	180	1.00927
54	96	1.04402
54	133	0.980806
54	138	0.988298
54	139	0.976918
54	150	0.982152
54	156	1.00179
54	164	1.00963
54	165	0.99633
54	166	0.989259
54	167	1.005
54	172	1.007
54	175	1.01264
54	176	1.00102
54	178	1.01048
54	180	1.00167
55	36	1.02949
55	38	1.05098
55	109	0.974071
55	126	0.992139
55	130	0.975458
55	132	0.962757
55	137	0.948134
55	143	0.994844
55	150	0.997451
55	159	0.986474
55	170	0.990427
55	171	1.04272
55	172	0.976062
55	177	1.03235
55	180	1.05283
56	9	1.00832
56	18	0.997502
56	39	0.898167
56	49	1.04743
56	61	1.05561
56	76	1.00018
56	92	0.979804
56	108	0.97408
56	127	1.03228
56	145	1.02598
56	152	0.98126
56	154	1.00521
56	166	0.969485
56	168	1.02725
56	179	1.00285
57	28	0.887684
57	62	1.07892
57	101	1.09277
57	103	0.844643
57	113	1.10072
57	120	1.16455
57	125	1.13382
57	132	0.84925
57	160	0.839309
57	162	0.869772
57	169	1.15855
57	173	0.838724
57	175	0.869776
57	176	1.13269
57	178	1.14216
58	8	1.03215
58	47	0.916178
58	78	0.976782
58	126	1.01125
58	130	0.994567
58	132	0.981866
58	139	0.990278
58	143	1.01395
58	152	1.00928
58	157	1.01756
58	158	1.00388
58	164	0.961269
58	170	1.00953
58	175	1.04231
58	177	1.05146
59	40	1.01432
59	45	1.14224
59	65	1.01565
59	70	0.869024
59	97	0.997938
59	104	0.913493
59	107	0.963432
59	134	0.946869
59	140	0.931787
59	146	1.05076
59	152	1.0793
59	168	1.10326
59	169	0.982793
59	170	0.965682
59	177	0.954519
59	179	1.07886
60	46	0.909126
60	65	1.12829
60	70	0.981669
60	97	1.11058
60	104	1.02614
60	107	1.07608
60	112	0.968977
60	121	0.976221
60	139	1.05907
60	140	1.04443
60	151	0.90136
60	155	0.89883
60	156	0.868855
60	166	0.882163
60	169	1.09544
60	170	1.07833
61	9	1.0733
61	18	1.06248
61	26	1.17786
61	39	0.963147
61	46	0.92839
61	49	1.11241
61	53	0.946752
61	56	1.05561
61	76	1.06516
61	92	1.04478
61	128	0.928432
61	144	0.890945
61	152	1.04624
61	157	0.943519
61	169	0.817933
61	171	0.947185
62	47	1.15394
62	57	1.07892
62	103	1.05468
62	115	1.01307
62	144	0.956759
62	146	0.939697
62	151	0.955171
62	156	0.943472
62	165	0.938011
62	167	0.94668
62	172	0.948679
62	174	1.0551
62	175	1.07982
62	176	0.942702
62	178	0.952165
62	179	1.04634
63	106	0.969849
63	118	1.04461
63	130	1.09716
63	146	1.10769
63	148	0.973898
63	153	1.04199
63	161	0.954519
63	162	0.934193
63	163	0.982122
63	164	1.08822
63	169	1.01892
63	173	0.965498
63	174	0.955948
63	175	0.958171
63	179	0.958448
63	180	0.951323
64	36	1.11416
64	85	1.01129
64	95	0.963082
64	101	1.02642
64	102	1.07111
64	130	1.06013
64	149	1.08843
64	158	0.89704
64	160	0.905001
64	163	0.874203
64	169	1.0922
64	172	1.07232
64	173	0.904416
64	175	0.935468
64	176	1.06635
64	180	0.924494
65	10	0.908568
65	40	1.11257
65	59	1.01565
65	60	1.12829
65	97	1.09619
65	104	1.01175
65	107	1.06169
65	140	1.03004
65	149	0.873622
65	162	0.978527
65	165	0.901849
65	168	0.969456
65	169	1.08105
65	170	1.06394
65	172	0.890792
65	178	0.883617
66	32	1.00004
66	38	1.01111
66	78	1.0779
66	105	0.958427
66	109	0.934192
66	124	1.0034
66	126	0.95226
66	130	0.935579
66	132	0.922878
66	134	1.08868
66	142	1.0931
66	143	0.954965
66	159	1.0661
66	168	0.939727
66	176	1.07856
66	177	0.992468
67	24	1.12166
67	111	0.911691
67	118	1.10205
67	142	0.921378
67	155	0.937279
67	156	1.14655
67	158	0.928953
67	163	0.951061
67	166	1.15986
67	171	0.919643
67	172	1.13896
67	173	0.934436
67	174	0.924887
67	175	0.927109
67	178	1.13178
67	179	0.927387
67	180	0.920262
68	4	1.04404
68	11	1.0512
68	21	0.985545
68	22	0.98148
68	23	0.968318
68	30	1.04241
68	51	1.01535
68	86	1.05102
68	93	1.00958
68	104	0.995481
68	129	0.974526
68	134	1.00566
68	136	0.944085
68	140	0.990581
68	141	0.952248
68	152	0.983577
68	154	1.00331
69	93	0.971347
69	131	0.963648
69	132	1.01536
69	133	1.01864
69	142	1.0117
69	150	0.969538
69	158	1.01927
69	160	1.04193
69	163	1.04138
69	164	0.95485
69	170	0.950197
69	171	1.00996
69	174	1.01521
69	175	1.01743
69	176	0.971026
69	179	1.01771
69	180	1.01058
70	1	1.02061
70	40	0.965947
70	59	0.869024
70	60	0.981669
70	97	0.949569
70	104	0.865124
70	107	0.915063
70	139	0.898057
70	140	0.883419
70	152	1.16447
70	155	1.14733
70	156	1.11735
70	158	1.15907
70	167	1.11535
70	169	0.934424
70	170	0.917313
70	178	1.10259
71	103	0.979082
71	106	0.964298
71	130	0.932121
71	142	0.953887
71	150	1.00182
71	156	1.02145
71	159	1.02309
71	160	0.973748
71	164	1.02929
71	165	1.01599
71	166	1.00892
71	167	1.02466
71	172	1.02666
71	175	1.00421
71	176	1.02068
71	178	1.03015
71	180	0.99324
72	3	0.987245
72	16	0.98749
72	19	0.916122
72	27	0.988051
72	37	0.846272
72	46	0.962434
72	53	0.914439
72	77	0.930015
72	79	0.866933
72	85	0.84659
72	152	1.15742
72	153	1.06318
72	162	1.19044
72	165	1.11376
72	168	1.18137
72	172	1.10271
72	177	0.952312
73	7	1.04976
73	12	1.04358
73	74	0.917978
73	80	0.986977
73	81	1.01637
73	83	1.048
73	84	1.04746
73	91	1.0044
73	113	0.980855
73	120	1.04469
73	123	0.9835
73	125	1.01396
73	131	0.941456
73	141	0.94934
73	152	0.980668
73	162	1.01369
73	173	0.982642
74	73	0.917978
74	88	0.799564
74	122	1.04582
74	137	1.03699
74	147	1.04258
74	153	1.03997
74	157	0.999246
74	164	1.01682
74	166	0.996447
74	167	1.01219
74	170	1.01695
74	171	1.00291
74	172	1.01419
74	175	1.02399
74	176	1.00821
74	178	1.01767
74	180	1.01302
75	4	1.0003
75	14	1.29535
75	95	1.17669
75	136	0.92743
75	142	1.09875
75	146	0.918853
75	149	0.943938
75	154	1.11796
75	158	1.11065
75	164	0.930465
75	165	0.917167
75	166	0.910096
75	167	0.925835
75	169	0.947715
75	172	0.927834
75	176	0.921857
75	178	0.93132
76	9	1.01787
76	18	1.00705
76	26	1.12243
76	39	0.907719
76	49	1.05698
76	56	1.00018
76	61	1.06516
76	92	0.989356
76	127	1.04184
76	128	0.976398
76	141	0.951879
76	152	0.990812
76	163	0.954969
76	168	1.00716
76	172	0.928495
76	179	0.982759
76	180	1.00526
77	8	0.954443
77	38	0.933041
77	49	0.945283
77	72	0.930015
77	79	0.990136
77	80	1.02916
77	84	0.95768
77	120	0.96703
77	143	1.00257
77	167	1.02883
77	172	1.03083
77	174	1.02947
77	175	1.0317
77	177	1.07552
77	178	1.03431
77	179	1.03197
77	180	1.02485
78	3	0.860895
78	43	0.916718
78	51	0.979699
78	58	0.976782
78	66	1.0779
78	86	0.950337
78	101	0.977966
78	102	1.02266
78	132	1.03366
78	159	1.0203
78	169	1.04375
78	173	1.03207
78	174	1.02252
78	176	1.01789
78	178	1.02736
78	179	1.02502
78	180	1.01789
79	3	1.04737
79	4	0.937642
79	16	1.04761
79	19	0.976243
79	27	1.04817
79	37	0.906392
79	46	1.02256
79	53	0.97456
79	72	0.866933
79	77	0.990136
79	85	0.906711
79	114	1.10158
79	147	0.942109
79	162	1.08642
79	167	1.00427
79	168	1.07734
79	174	1.0617
79	177	1.01243
80	6	1.00714
80	48	1.02364
80	73	0.986977
80	77	1.02916
80	83	1.00579
80	84	1.00526
80	91	0.962192
80	112	1.09622
80	113	0.93865
80	120	1.00248
80	123	0.941296
80	125	0.971751
80	143	1.00619
80	153	0.94898
80	154	0.958203
80	160	1.04578
80	163	1.01498
80	168	1.06717
81	25	0.951416
81	73	1.01637
81	127	0.969093
81	134	1.06765
81	145	0.969872
81	146	1.06082
81	150	1.05604
81	153	0.995123
81	160	1.0094
81	161	0.981247
81	162	0.960921
81	163	1.00885
81	170	1.0367
81	173	0.992226
81	174	0.982676
81	175	0.984899
81	179	0.985176
81	180	0.978051
82	35	1.20833
82	46	0.739526
82	50	1.40704
82	88	1.34741
82	101	1.21274
82	102	1.25743
82	114	0.79456
82	127	1.2914
82	145	0.76906
82	161	0.774798
82	168	0.770329
82	169	1.27853
82	170	0.693714
82	174	0.754685
82	176	0.714542
83	6	1.06816
83	10	0.969945
83	48	1.08466
83	73	1.048
83	80	1.00579
83	84	1.06628
83	91	1.02321
83	93	1.0255
83	114	1.02142
83	119	0.965733
83	123	1.00232
83	125	1.03277
83	127	0.88661
83	146	0.97834
83	149	0.935
83	154	1.01922
83	167	0.957754
83	168	1.03083
83	177	0.882095
84	12	1.06186
84	48	1.08413
84	73	1.04746
84	77	0.95768
84	80	1.00526
84	83	1.06628
84	91	1.02268
84	113	0.999135
84	115	0.938024
84	120	1.06297
84	123	1.00178
84	125	1.03224
84	154	1.01869
84	157	0.98002
84	161	1.00016
84	168	0.995694
84	170	0.919079
84	177	0.846956
84	179	0.971294
85	19	0.9559
85	36	0.989231
85	64	1.01129
85	72	0.84659
85	79	0.906711
85	104	1.1431
85	130	0.935201
85	133	0.949481
85	134	1.10948
85	143	0.954586
85	163	0.972222
85	164	1.08318
85	167	1.08207
85	169	1.01389
85	176	1.09936
85	177	0.99209
85	178	1.06931
85	179	0.948548
85	180	0.941423
86	4	1.06008
86	10	1.0545
86	11	1.06724
86	21	1.00158
86	30	1.05845
86	51	1.03139
86	68	1.05102
86	78	0.950337
86	93	1.02562
86	99	0.867125
86	132	0.995335
86	134	1.0217
86	137	0.900195
86	140	1.00662
86	151	0.968218
86	152	0.982836
86	154	1.01935
86	173	0.98481
86	176	0.951
87	44	0.947361
87	45	1.12857
87	96	0.965399
87	103	1.01321
87	138	0.981917
87	145	0.992543
87	147	0.954354
87	150	1.03231
87	161	1.00392
87	162	0.983592
87	163	1.03152
87	167	1.01651
87	169	0.948329
87	171	1.0001
87	173	1.0149
87	174	1.00535
87	176	1.0338
87	177	0.940851
87	179	1.00785
87	180	1.00072
88	35	1.04687
88	50	1.24559
88	74	0.799564
88	82	1.34741
88	90	1.07847
88	93	1.08507
88	101	1.05129
88	102	1.09598
88	111	0.907305
88	120	0.789689
88	127	1.12995
88	151	0.847637
88	162	0.895277
88	164	0.814243
88	168	0.886206
88	169	1.11708
88	173	0.864228
89	5	1.01438
89	8	1.03471
89	15	0.90229
89	32	1.06159
89	47	0.918735
89	109	0.995736
89	124	0.935586
89	126	1.0138
89	132	0.984422
89	139	0.992835
89	143	1.01651
89	144	0.998287
89	149	0.970702
89	152	1.04258
89	159	0.998282
89	163	1.01434
89	167	0.993456
89	170	1.01209
89	171	1.05453
89	177	1.05401
90	36	1.03154
90	88	1.07847
90	91	1.02028
90	101	0.943802
90	102	0.988492
90	109	0.97612
90	119	1.00165
90	128	1.03599
90	143	0.996893
90	153	0.948559
90	156	0.995677
90	166	1.00899
90	169	1.00959
90	171	0.983111
90	175	0.990577
90	176	1.01096
90	177	1.0344
90	178	0.980913
90	179	0.990855
90	180	0.98373
91	6	1.02456
91	7	1.02498
91	48	1.04106
91	73	1.0044
91	80	0.962192
91	83	1.02321
91	84	1.02268
91	90	1.02028
91	100	1.02814
91	113	0.95607
91	120	1.0199
91	123	0.958715
91	125	0.98917
91	133	1.03232
91	134	1.00942
91	147	0.919853
91	153	0.936896
91	154	0.975622
91	163	1.0029
91	168	1.05509
92	9	0.997492
92	18	0.986676
92	23	0.960043
92	26	1.10205
92	39	0.887342
92	43	1.02241
92	49	1.0366
92	56	0.979804
92	61	1.04478
92	76	0.989356
92	106	1.03205
92	127	1.02146
92	129	1.02989
92	147	0.927657
92	152	0.970434
92	162	1.07196
92	164	0.99093
92	177	0.914155
92	178	0.977054
92	180	1.06099
93	42	0.946646
93	51	0.98995
93	68	1.00958
93	69	0.971347
93	83	1.0255
93	86	1.02562
93	88	1.08507
93	101	0.950404
93	102	0.995094
93	113	0.958356
93	120	1.02219
93	123	0.961002
93	139	1.01944
93	140	0.965183
93	143	0.985117
93	168	1.0461
93	169	1.01619
93	170	0.969481
93	179	1.0217
93	180	1.0442
94	133	1.04957
94	137	0.92233
94	144	0.960674
94	148	1.06409
94	149	0.933089
94	155	1.05853
94	158	1.05021
94	159	0.96067
94	161	1.04471
94	162	1.02439
94	163	1.07231
94	165	0.961316
94	167	0.955843
94	169	0.887663
94	173	1.05569
94	174	1.04614
94	175	1.04836
94	177	0.880185
94	178	0.943083
94	179	1.04864
94	180	1.04152
95	64	0.963082
95	75	1.17669
95	135	0.954411
95	138	0.946212
95	148	0.987593
95	149	1.04242
95	153	1.02006
95	155	0.982035
95	161	0.968213
95	162	0.947887
95	163	0.995816
95	164	1.06629
95	166	1.08048
95	167	1.06517
95	171	0.964398
95	173	0.979192
95	174	0.969642
95	175	0.971865
95	177	0.989512
95	179	0.972142
95	180	0.965017
96	41	0.978404
96	54	1.04402
96	87	0.965399
96	104	1.12996
96	147	1.00678
96	151	1.10344
96	155	0.978173
96	156	1.07094
96	157	0.96448
96	158	0.969847
96	160	0.9925
96	162	0.944025
96	163	0.991955
96	169	1.00075
96	171	0.960537
96	172	1.06335
96	173	0.97533
96	174	0.96578
96	175	0.968003
96	179	0.968281
96	180	0.961156
97	1	1.14953
97	15	1.18347
97	17	0.880465
97	34	0.85755
97	40	1.09486
97	59	0.997938
97	60	1.11058
97	65	1.09619
97	70	0.949569
97	104	0.994038
97	107	1.04398
97	112	0.963832
97	134	1.02741
97	139	1.02697
97	159	0.866531
97	167	0.861705
97	168	0.934784
97	169	1.06334
97	170	1.04623
97	174	0.91914
97	175	0.943858
98	11	0.976943
98	28	1.09902
98	119	0.962333
98	133	1.04928
98	138	1.05677
98	140	1.08646
98	141	1.01676
98	150	0.947432
98	156	0.96707
98	159	0.96871
98	164	0.974908
98	165	0.96161
98	166	0.954539
98	167	0.970278
98	168	0.964226
98	172	0.972278
98	176	0.9663
98	177	1.01697
98	178	0.975763
98	179	1.04764
98	180	1.07014
99	34	0.884666
99	86	0.867125
99	133	0.939136
99	135	0.961564
99	145	0.960631
99	146	1.03933
99	150	1.02346
99	153	1.07409
99	159	1.04474
99	163	0.90971
99	164	1.05094
99	165	1.03764
99	167	1.04631
99	170	1.05108
99	171	0.949891
99	172	1.04831
99	175	0.970975
99	176	1.04233
99	177	1.093
99	178	1.05179
99	180	0.96
100	42	0.975166
100	91	1.02814
100	128	0.951222
100	145	1.07335
100	146	0.963207
100	147	1.00058
100	148	1.04431
100	150	0.947342
100	153	0.997969
100	156	0.966981
100	162	1.08369
100	164	0.974819
100	165	0.96152
100	166	0.95445
100	167	0.970189
100	171	1.06261
100	172	0.972188
100	173	1.05264
100	175	1.08369
100	176	0.966211
100	178	0.975674
101	30	0.983233
101	35	0.912204
101	50	1.11092
101	57	1.09277
101	64	1.02642
101	78	0.977966
101	82	1.21274
101	88	1.05129
101	90	0.943802
101	93	0.950404
101	102	0.961313
101	112	1.05462
101	114	1.0498
101	127	0.99528
101	144	0.95732
101	159	0.957315
101	167	0.952489
101	168	1.02557
101	169	0.982408
101	173	1.00359
101	177	0.87683
101	178	0.939729
102	15	1.19613
102	26	0.766096
102	30	1.02792
102	35	0.956895
102	50	1.15561
102	64	1.07111
102	78	1.02266
102	82	1.25743
102	88	1.09598
102	90	0.988492
102	93	0.995094
102	101	0.961313
102	110	0.904683
102	112	0.976494
102	127	1.03997
102	143	0.886467
102	152	0.923494
102	157	0.931771
102	161	0.951915
102	169	1.0271
102	170	0.87083
103	57	0.844643
103	62	1.05468
103	71	0.979082
103	87	1.01321
103	145	1.00079
103	149	0.98967
103	155	1.02599
103	159	1.01725
103	160	1.04031
103	162	0.991839
103	163	1.03977
103	168	1.0069
103	169	0.944244
103	171	1.00835
103	172	1.00684
103	173	1.02314
103	174	1.01359
103	175	1.01582
103	176	1.02972
103	177	0.936766
103	179	1.01609
103	180	1.00897
104	1	1.06508
104	40	1.01042
104	59	0.913493
104	60	1.02614
104	65	1.01175
104	68	0.995481
104	70	0.865124
104	85	1.1431
104	96	1.12996
104	97	0.994038
104	106	1.05867
104	107	0.959532
104	112	1.11856
104	134	0.942969
104	137	0.982922
104	139	0.942525
104	140	0.927887
104	163	1.03732
104	169	0.978893
104	170	0.961782
104	177	0.940777
105	5	1.02414
105	13	0.926892
105	19	0.953559
105	32	1.07134
105	41	1.06666
105	47	0.928493
105	66	0.958427
105	109	1.00549
105	126	1.02356
105	130	1.00688
105	132	0.994181
105	140	1.04746
105	143	1.02627
105	152	1.00909
105	153	0.914849
105	158	1.00369
105	166	0.975276
105	168	1.01103
105	170	1.02185
105	171	1.02103
105	172	0.954378
105	177	1.06377
106	40	0.922092
106	63	0.969849
106	71	0.964298
106	92	1.03205
106	104	1.05867
106	131	1.00756
106	137	0.964128
106	141	1.03486
106	142	1.01612
106	147	0.935484
106	155	1.03202
106	157	1.01833
106	162	0.997875
106	168	1.01293
106	170	0.994104
106	171	1.01439
106	173	1.02918
106	174	1.01963
106	175	1.02185
106	177	0.921982
106	179	1.02213
106	180	1.01501
107	1	1.11502
107	37	1.03967
107	40	1.06036
107	53	0.981005
107	59	0.963432
107	60	1.07608
107	65	1.06169
107	70	0.915063
107	97	1.04398
107	104	0.959532
107	114	1.01768
107	119	0.928346
107	134	0.992908
107	139	0.992465
107	140	0.977827
107	152	0.969494
107	164	0.921483
107	168	0.993446
107	169	1.02883
107	170	1.01172
107	173	0.971468
107	180	0.991546
108	25	1.06306
108	56	0.97408
108	129	0.968757
108	135	1.04806
108	136	0.984337
108	146	0.97576
108	148	1.01809
108	151	0.991234
108	153	1.01052
108	154	1.02635
108	155	1.00729
108	156	0.979535
108	163	0.996201
108	164	0.987372
108	165	0.974074
108	166	0.967003
108	167	0.982742
108	171	1.03638
108	172	0.984742
108	174	1.03275
108	176	0.978764
108	177	1.02943
108	178	0.988227
109	15	0.887814
109	32	1.04711
109	41	1.04242
109	55	0.974071
109	66	0.934192
109	89	0.995736
109	90	0.97612
109	105	1.00549
109	114	1.06432
109	126	0.999328
109	130	0.982647
109	131	0.976928
109	132	0.969946
109	143	1.00203
109	152	1.01614
109	154	1.01805
109	155	0.998994
109	157	1.02442
109	161	1.04456
109	168	0.986795
109	170	0.997615
109	173	1.01811
109	175	1.04917
110	49	0.940535
110	102	0.904683
110	116	0.941316
110	121	1.09509
110	140	1.07322
110	144	0.997964
110	146	0.980903
110	148	1.0285
110	149	1.00599
110	150	0.965039
110	151	0.996377
110	153	1.01567
110	164	0.992515
110	165	0.979217
110	166	0.972146
110	167	0.987885
110	171	1.04679
110	172	0.989885
110	173	1.03682
110	174	1.04316
110	176	0.983907
110	178	0.99337
110	179	1.0344
111	41	0.959054
111	67	0.911691
111	88	0.907305
111	116	1.10979
111	120	1.02614
111	122	0.960461
111	152	0.975613
111	158	0.996599
111	159	1.05441
111	160	1.01925
111	161	0.991104
111	162	0.970778
111	163	1.01871
111	165	1.05506
111	166	1.0649
111	167	1.04958
111	171	0.987289
111	173	1.00208
111	174	0.992533
111	175	0.994756
111	177	0.973924
111	179	0.995033
111	180	0.987908
112	30	1.00346
112	40	0.981982
112	60	0.968977
112	80	1.09622
112	97	0.963832
112	101	1.05462
112	102	0.976494
112	104	1.11856
112	120	1.03409
112	126	0.988031
112	132	0.958649
112	143	0.990736
112	156	0.978342
112	163	1.00837
112	166	0.965811
112	170	0.986318
112	173	0.991747
112	175	0.98442
112	176	0.977572
112	177	1.02824
112	178	0.987035
112	179	0.984697
112	180	0.977572
113	6	1.00102
113	7	1.00144
113	12	0.995249
113	15	1.28715
113	48	1.01752
113	57	1.10072
113	73	0.980855
113	80	0.93865
113	84	0.999135
113	91	0.95607
113	93	0.958356
113	114	0.954282
113	120	0.996359
113	123	0.935174
113	125	0.965629
113	136	0.975014
113	138	1.02319
113	149	0.942625
113	168	1.03846
113	169	0.897198
113	175	1.04753
113	176	0.982671
113	179	1.01406
114	1	0.923106
114	79	1.10158
114	82	0.79456
114	83	1.02142
114	101	1.0498
114	107	1.01768
114	109	1.06432
114	113	0.954282
114	123	0.956928
114	125	0.987383
114	130	1.06277
114	132	1.11434
114	143	1.06481
114	154	0.973835
114	156	0.987027
114	170	0.995004
114	171	0.985639
114	174	0.990883
114	175	0.993105
114	176	0.986257
114	178	0.99572
114	179	0.993383
114	180	0.986258
115	32	0.897938
115	45	1.08288
115	62	1.01307
115	84	0.938024
115	121	0.997093
115	125	0.976618
115	127	0.89967
115	133	1.03648
115	138	1.00962
115	155	1.04544
115	157	1.03175
115	158	1.03711
115	161	1.03162
115	162	1.01129
115	164	0.971929
115	171	1.0278
115	172	0.965228
115	173	1.0426
115	174	1.03305
115	175	1.03527
115	177	0.895155
115	178	0.958053
115	179	1.03555
115	180	1.02842
116	23	0.931201
116	110	0.941316
116	111	1.10979
116	131	0.952096
116	136	0.959459
116	140	1.10311
116	141	1.03341
116	144	0.967944
116	147	0.988256
116	149	0.975968
116	151	0.966356
116	155	1.04759
116	157	1.07302
116	158	1.05934
116	163	1.0365
116	164	0.962495
116	166	0.942125
116	167	0.957865
116	169	0.979744
116	171	1.07668
116	172	0.959864
116	176	0.953887
116	178	0.96335
116	179	1.06429
117	12	0.958899
117	124	0.952021
117	130	1.01995
117	135	0.983294
117	145	0.98572
117	148	1.01648
117	151	1.0444
117	157	0.997225
117	158	1.00259
117	160	1.02524
117	161	0.997096
117	162	0.976769
117	163	1.0247
117	164	1.01101
117	165	1.01536
117	166	1.02521
117	169	0.941711
117	171	0.993281
117	172	1.00431
117	173	1.00807
117	174	0.998525
117	175	1.00075
117	176	1.02718
117	179	1.00102
117	180	0.9939
118	47	1.06919
118	63	1.04461
118	67	1.10205
118	124	1.0261
118	133	0.963231
118	145	0.984726
118	146	0.989497
118	147	1.02687
118	149	1.01458
118	150	0.973633
118	153	1.02426
118	155	0.944896
118	156	0.993271
118	159	0.994911
118	164	1.00111
118	165	0.987811
118	166	0.98074
118	167	0.996479
118	171	0.973986
118	172	0.998479
118	173	0.964017
118	175	0.995069
118	176	0.992501
118	178	1.00196
118	179	0.961594
119	83	0.965733
119	90	1.00165
119	98	0.962333
119	107	0.928346
119	129	0.982504
119	133	1.0137
119	137	1.0213
119	139	1.00981
119	149	1.01459
119	151	1.00498
119	153	1.02427
119	154	1.01442
119	156	0.993282
119	159	0.994921
119	162	1.04553
119	163	0.984272
119	164	1.00112
119	165	0.987821
119	166	0.98075
119	167	0.996489
119	171	1.02445
119	173	1.01448
119	176	0.992512
119	177	1.04318
119	178	1.00197
120	6	1.06485
120	7	1.06527
120	12	1.05908
120	37	0.97296
120	48	1.08135
120	57	1.16455
120	73	1.04469
120	77	0.96703
120	80	1.00248
120	84	1.06297
120	88	0.789689
120	91	1.0199
120	93	1.02219
120	111	1.02614
120	112	1.03409
120	113	0.996359
120	123	0.999004
120	125	1.02946
120	146	0.952552
120	154	1.01591
120	160	0.983652
120	164	0.933082
120	167	0.931966
120	176	0.949257
120	177	0.856307
120	179	0.980644
121	2	0.999704
121	21	1.09689
121	40	0.989226
121	60	0.976221
121	110	1.09509
121	115	0.997093
121	124	1.00691
121	141	0.985005
121	145	0.956969
121	148	0.987724
121	157	0.968473
121	158	0.973839
121	160	0.996493
121	161	0.968345
121	162	0.948018
121	164	1.06589
121	165	1.07025
121	170	1.06124
121	171	0.96453
121	173	0.979323
121	174	0.969773
121	175	0.971996
121	177	0.989117
121	178	1.05202
121	179	0.972274
121	180	0.965149
122	37	1.17869
122	43	1.00407
122	50	0.876874
122	74	1.04582
122	111	0.960461
122	138	0.950227
122	141	0.988889
122	142	0.970148
122	155	0.98605
122	156	1.06139
122	157	0.972357
122	158	0.977723
122	160	1.00038
122	162	0.951902
122	163	0.999831
122	165	1.06486
122	169	0.991205
122	170	1.05585
122	171	0.968413
122	173	0.983207
122	174	0.973657
122	175	0.97588
122	176	1.07668
122	178	1.04663
122	179	0.976157
122	180	0.969032
123	6	1.00366
123	7	1.00408
123	12	0.997895
123	37	0.911775
123	48	1.02017
123	53	1.08372
123	73	0.9835
123	80	0.941296
123	83	1.00232
123	84	1.00178
123	91	0.958715
123	93	0.961002
123	113	0.935174
123	114	0.956928
123	120	0.999004
123	124	0.965213
123	125	0.968275
123	138	1.08089
123	152	1.07221
123	154	0.954727
123	165	1.02856
123	166	1.0384
123	168	1.09616
123	172	1.0175
123	174	1.08052
123	177	0.947424
124	31	1.02928
124	50	0.715022
124	66	1.0034
124	89	0.935586
124	117	0.952021
124	118	1.0261
124	121	1.00691
124	123	0.965213
124	129	1.02007
124	139	0.943961
124	147	1.06445
124	149	1.05216
124	151	1.04255
124	153	1.06184
124	159	1.03249
124	164	1.03869
124	165	1.02539
124	166	1.01832
124	167	1.03406
124	172	1.03606
124	173	0.948635
124	174	0.954969
124	176	1.03008
124	177	1.08075
124	178	1.03954
124	179	0.946212
125	6	1.03412
125	7	1.03454
125	12	1.02835
125	37	0.94223
125	48	1.05062
125	57	1.13382
125	73	1.01396
125	80	0.971751
125	83	1.03277
125	84	1.03224
125	91	0.98917
125	113	0.965629
125	114	0.987383
125	115	0.976618
125	120	1.02946
125	123	0.968275
125	135	1.03395
125	136	0.970845
125	140	1.04871
125	152	1.01034
125	154	0.985182
125	156	0.963214
125	167	0.961209
125	168	1.03429
125	169	0.893028
125	177	0.88555
125	180	1.03239
126	38	1.07624
126	41	1.06049
126	55	0.992139
126	58	1.01125
126	66	0.95226
126	89	1.0138
126	105	1.02356
126	109	0.999328
126	112	0.988031
126	129	0.989376
126	130	1.00072
126	132	0.988014
126	138	1.00711
126	139	0.996427
126	143	1.0201
126	146	0.969886
126	154	1.00034
126	159	0.954126
126	166	0.964613
126	168	1.00486
126	170	1.01568
126	171	1.01037
126	173	1.0004
126	174	1.00673
126	176	0.966592
126	177	1.0576
126	178	0.93654
127	35	0.990861
127	39	0.939821
127	43	1.07489
127	56	1.03228
127	76	1.04184
127	81	0.969093
127	82	1.2914
127	83	0.88661
127	88	1.12995
127	92	1.02146
127	101	0.99528
127	102	1.03997
127	115	0.89967
127	133	0.934576
127	148	0.927037
127	155	0.916241
127	158	0.927986
127	160	0.935947
127	166	1.02345
127	167	1.03919
127	169	1.06107
127	171	0.945331
127	172	1.04118
127	174	0.941695
127	175	0.966414
127	176	1.03521
127	178	1.04467
127	180	0.95544
128	29	1.09139
128	33	0.98765
128	36	0.911365
128	61	0.928432
128	76	0.976398
128	90	1.03599
128	100	0.951222
128	129	0.971482
128	135	1.07047
128	136	0.987062
128	137	1.01028
128	142	1.02955
128	144	0.995546
128	146	0.978485
128	147	1.01586
128	149	1.00357
128	151	0.993959
128	153	1.01325
128	159	0.983899
128	160	1.04941
128	161	1.07527
128	164	0.990097
128	165	0.976799
128	166	0.969728
128	172	0.987467
128	176	0.981489
128	178	0.990952
128	179	1.0464
129	6	0.946203
129	28	1.09554
129	30	0.941405
129	68	0.974526
129	92	1.02989
129	108	0.968757
129	119	0.982504
129	124	1.02007
129	126	0.989376
129	128	0.971482
129	131	0.98468
129	137	1.01526
129	150	0.967602
129	151	0.99894
129	156	0.987241
129	159	0.988881
129	163	1.01637
129	164	0.995079
129	165	0.98178
129	166	0.97471
129	167	0.990449
129	172	0.992448
129	173	1.04658
129	174	1.05292
129	176	0.986471
129	178	0.995934
129	179	1.04416
129	180	1.06666
130	5	1.00129
130	8	1.02162
130	34	0.961309
130	38	1.05956
130	41	1.04381
130	52	1.00741
130	53	1.0261
130	55	0.975458
130	58	0.994567
130	63	1.09716
130	64	1.06013
130	66	0.935579
130	71	0.932121
130	85	0.935201
130	105	1.00688
130	109	0.982647
130	114	1.06277
130	117	1.01995
130	126	1.00072
130	132	0.971334
130	139	0.979746
130	143	1.00342
130	146	0.98605
130	153	0.92035
130	162	1.04761
130	168	0.988182
130	170	0.999003
130	172	0.959879
130	176	0.982756
130	177	1.04092
131	69	0.963648
131	73	0.941456
131	106	1.00756
131	109	0.976928
131	116	0.952096
131	129	0.98468
131	136	1.00026
131	137	1.02347
131	141	0.983117
131	144	1.00874
131	147	1.02906
131	149	1.01677
131	151	1.00716
131	152	0.982393
131	153	1.02645
131	155	0.997299
131	156	0.995458
131	162	1.04747
131	163	0.986207
131	164	1.0033
131	165	0.989997
131	166	0.982926
131	167	0.998666
131	172	1.00067
131	173	1.01642
131	174	1.02275
131	175	1.04747
131	176	0.994688
131	178	1.00415
131	179	1.014
132	8	1.00892
132	10	1.02922
132	23	0.95487
132	32	1.0358
132	36	1.02536
132	46	1.05931
132	47	0.892945
132	55	0.962757
132	57	0.84925
132	58	0.981866
132	66	0.922878
132	69	1.01536
132	78	1.03366
132	86	0.995335
132	89	0.984422
132	105	0.994181
132	109	0.969946
132	112	0.958649
132	114	1.11434
132	126	0.988014
132	130	0.971334
132	139	0.967045
132	143	0.990719
132	158	1.06076
132	168	0.975482
132	170	0.986302
132	171	1.0781
132	173	1.06813
132	176	1.03432
132	177	1.02822
132	179	1.06571
133	54	0.980806
133	69	1.01864
133	85	0.949481
133	91	1.03232
133	94	1.04957
133	98	1.04928
133	99	0.939136
133	115	1.03648
133	118	0.963231
133	119	1.0137
133	127	0.934576
133	138	0.985732
133	144	1.01055
133	145	0.996358
133	147	0.943563
133	149	0.982965
133	155	1.02155
133	157	1.00786
133	158	1.01323
133	160	1.03588
133	161	1.00773
133	162	0.987407
133	163	1.03534
133	165	1.01119
133	169	0.937538
133	170	1.00218
133	171	1.00392
133	173	1.01871
133	174	1.00916
133	175	1.01138
133	179	1.01166
133	180	1.00454
134	3	0.871676
134	4	1.01472
134	5	0.965981
134	11	1.02188
134	21	0.956227
134	26	0.874542
134	51	0.98603
134	59	0.946869
134	66	1.08868
134	68	1.00566
134	81	1.06765
134	85	1.10948
134	86	1.0217
134	91	1.00942
134	97	1.02741
134	104	0.942969
134	107	0.992908
134	140	0.961264
134	142	1.01464
134	145	1.05462
134	146	0.983407
134	148	1.02559
134	154	0.973989
134	158	1.02654
134	164	0.99502
134	167	0.99039
134	168	0.984338
134	169	1.01227
134	170	0.995158
134	172	0.992389
134	174	1.04025
134	178	0.995875
134	180	1.05399
135	1	0.898539
135	31	0.962102
135	39	1.15072
135	95	0.954411
135	99	0.961564
135	108	1.04806
135	117	0.983294
135	125	1.03395
135	128	1.07047
135	141	1.00573
135	142	0.986989
135	145	0.977694
135	148	1.00845
135	151	1.06266
135	153	0.983034
135	155	1.00289
135	157	0.989198
135	158	0.994564
135	160	1.01722
135	161	0.989069
135	162	0.968743
135	163	1.01667
135	165	1.03362
135	169	0.959967
135	170	1.02461
135	171	0.985254
135	172	1.02256
135	173	1.00005
135	174	0.990498
135	175	0.992721
135	177	0.952489
135	179	0.992998
135	180	0.985873
136	25	1.05279
136	45	0.930011
136	48	0.915062
136	68	0.944085
136	75	0.92743
136	108	0.984337
136	113	0.975014
136	116	0.959459
136	125	0.970845
136	128	0.987062
136	131	1.00026
136	137	1.03084
136	141	0.982838
136	143	0.977139
136	146	0.999047
136	147	1.03642
136	148	1.00782
136	149	1.02413
136	151	1.01452
136	156	1.00282
136	157	1.02244
136	161	1.04259
136	164	1.01066
136	165	0.997361
136	166	0.99029
136	167	1.00603
136	169	1.02791
136	172	1.00803
136	173	1.01614
136	175	1.04719
136	176	1.00205
136	177	1.05272
136	178	1.01151
136	179	1.01372
136	180	1.03622
137	19	0.915487
137	31	1.05364
137	48	0.871913
137	55	0.948134
137	74	1.03699
137	86	0.900195
137	94	0.92233
137	104	0.982922
137	106	0.964128
137	119	1.0213
137	128	1.01028
137	129	1.01526
137	131	1.02347
137	136	1.03084
137	140	1.00939
137	144	1.03932
137	146	1.02226
137	147	1.05963
137	148	0.964668
137	150	1.0064
137	151	1.03773
137	153	1.05702
137	156	1.02603
137	159	1.02767
137	163	0.942779
137	164	1.03387
137	165	1.02057
137	166	1.0135
137	167	1.02924
137	171	0.982961
137	172	1.03124
137	173	0.972992
137	174	0.979326
137	176	1.02526
137	178	1.03473
137	180	0.99307
138	12	0.962219
138	47	1.16949
138	54	0.988298
138	87	0.981917
138	95	0.946212
138	98	1.05677
138	113	1.02319
138	115	1.00962
138	122	0.950227
138	123	1.08089
138	126	1.00711
138	133	0.985732
138	141	0.99753
138	142	0.97879
138	143	1.02531
138	145	0.969494
138	147	0.951055
138	151	1.04772
138	154	0.965251
138	155	0.994691
138	157	0.980998
138	158	0.986364
138	160	1.00902
138	161	0.98087
138	162	0.960543
138	163	1.00847
138	165	1.01868
138	166	1.02853
138	170	1.00968
138	171	0.977055
138	173	0.991848
138	174	0.982298
138	175	0.984521
138	176	1.0305
138	179	0.984799
138	180	0.977674
139	6	0.952554
139	37	1.12114
139	39	1.12441
139	54	0.976918
139	58	0.990278
139	60	1.05907
139	70	0.898057
139	89	0.992835
139	93	1.01944
139	97	1.02697
139	104	0.942525
139	107	0.992465
139	119	1.00981
139	124	0.943961
139	126	0.996427
139	130	0.979746
139	132	0.967045
139	143	0.999132
139	144	1.00666
139	145	0.977789
139	146	1.02242
139	148	1.00854
139	150	1.01764
139	164	1.00295
139	167	1.00183
139	168	0.983894
139	169	1.01183
139	170	0.994715
139	171	0.985349
139	172	0.996246
139	173	1.00014
139	174	0.990593
139	175	0.992816
139	176	1.01912
139	177	1.03664
139	178	0.989072
139	179	0.993094
139	180	0.985969
140	8	1.00688
140	11	1.0068
140	21	0.941146
140	51	0.970949
140	59	0.931787
140	60	1.04443
140	65	1.03004
140	68	0.990581
140	70	0.883419
140	86	1.00662
140	93	0.965183
140	98	1.08646
140	104	0.927887
140	105	1.04746
140	107	0.977827
140	110	1.07322
140	116	1.10311
140	125	1.04871
140	134	0.961264
140	137	1.00939
140	141	0.991187
140	147	0.980747
