1	47	0.930768
1	85	1.28935
1	95	0.925478
1	101	0.920125
1	106	0.958509
1	121	0.918712
1	126	0.949526
1	138	0.924761
1	143	0.941598
1	146	0.930523
1	168	1.22931
1	177	1.08969
2	38	0.861452
2	109	0.853979
2	136	0.838072
2	145	0.845317
2	155	0.819014
2	157	0.836021
2	159	0.836443
2	160	0.828289
2	166	0.84546
2	170	1.68671
2	172	1.91872
2	179	0.835953
3	22	0.796004
3	43	0.78149
3	101	0.746179
3	117	0.759489
3	121	0.744766
3	126	0.77558
3	128	0.751736
3	133	0.769712
3	138	0.750815
3	143	0.767652
3	146	0.756578
3	177	3.60274
4	54	1.72459
4	82	1.86957
4	136	0.84167
4	142	0.828138
4	145	0.848914
4	150	0.829135
4	164	0.834459
4	166	0.849057
4	171	0.844886
4	174	0.845269
4	178	0.83676
4	180	0.841713
5	115	2.03339
5	116	0.834641
5	135	1.57208
5	139	0.862695
5	144	0.822892
5	149	0.847259
5	152	0.83251
5	158	0.844247
5	164	0.831369
5	166	0.845968
5	177	0.841959
5	179	0.83646
6	15	0.807633
6	103	0.823537
6	125	1.75576
6	138	0.834956
6	143	0.851793
6	145	1.83856
6	146	0.840719
6	148	0.865084
6	165	0.850009
6	174	0.846111
6	178	0.837602
6	180	0.842555
7	76	1.87593
7	106	0.864365
7	113	0.845052
7	133	0.849514
7	136	0.838172
7	138	0.830617
7	142	0.824641
7	143	0.847454
7	146	0.83638
7	148	1.72969
7	160	0.828389
7	162	0.835415
8	56	0.835064
8	67	0.876548
8	95	0.829729
8	101	0.824376
8	121	0.822963
8	126	0.853777
8	133	0.847909
8	138	0.829012
8	143	0.845849
8	146	0.834774
8	170	1.68671
8	172	1.91872
9	23	0.960048
9	66	0.848755
9	73	1.49056
9	91	0.929861
9	119	0.928327
9	134	1.26958
9	149	0.940599
9	152	0.92585
9	160	0.922136
9	162	0.929163
9	164	0.924709
9	166	0.939307
10	41	0.779767
10	59	1.10203
10	137	1.04802
10	140	1.11802
10	143	0.588344
10	147	1.05113
10	163	1.05895
10	168	1.04617
10	170	1.05039
10	175	1.04564
10	176	1.04325
10	180	1.05646
11	65	0.815408
11	80	0.861503
11	91	0.841865
11	118	1.76249
11	140	0.832406
11	144	0.828235
11	158	0.84959
11	162	0.841166
11	164	0.836713
11	166	0.851311
11	170	1.84244
11	179	0.841804
12	18	0.890375
12	78	0.84817
12	127	1.76949
12	136	0.833855
12	152	0.827786
12	158	0.839522
12	160	0.824071
12	162	0.831098
12	164	0.826645
12	166	0.841243
12	170	1.83592
12	177	0.837234
13	32	1.63188
13	120	0.839094
13	147	0.838194
13	161	0.832192
13	165	0.850973
13	169	0.830997
13	171	0.846691
13	174	0.847074
13	175	0.832702
13	178	0.838565
13	179	1.96242
13	180	0.843518
14	115	0.735482
14	120	0.765987
14	128	3.59712
14	150	0.757833
14	161	0.759085
14	163	0.7729
14	170	0.764341
14	173	0.774941
14	174	0.773967
14	175	0.759595
14	178	0.765458
14	180	0.770411
15	6	0.807633
15	89	0.845301
15	138	0.837981
15	143	0.854818
15	146	0.843743
15	155	1.75834
15	164	1.83659
15	169	0.833059
15	172	0.841149
15	173	0.850109
15	178	0.840626
15	180	0.845579
16	112	1.49123
16	126	0.813629
16	127	0.942004
16	131	0.930123
16	134	0.913825
16	140	1.28659
16	156	0.945199
16	170	0.931252
16	172	0.932892
16	174	0.940877
16	175	0.926506
16	180	0.937321
17	41	0.946232
17	125	0.944707
17	127	0.997691
17	130	0.933603
17	153	0.92234
17	155	0.919169
17	156	1.30754
17	157	0.936177
17	159	0.936599
17	176	0.925064
17	179	0.936109
17	180	1.30314
18	12	0.890375
18	136	0.936934
18	137	1.21716
18	139	0.961049
18	152	0.930865
18	160	0.92715
18	161	1.29738
18	162	0.934177
18	166	0.944322
18	177	0.940313
18	178	1.09351
18	179	0.934815
19	47	0.928521
19	56	0.928565
19	67	0.97005
19	101	0.917877
19	104	0.51754
19	118	1.37884
19	128	0.923435
19	133	0.941411
19	138	0.922514
19	143	0.939351
19	146	0.928276
19	178	1.70688
20	50	1.65053
20	135	0.84316
20	154	0.834947
20	164	1.94424
20	168	0.833538
20	171	0.846994
20	172	0.839391
20	174	0.847376
20	175	0.833005
20	176	0.830613
20	177	0.847156
20	180	0.84382
21	22	0.949197
21	62	0.886464
21	85	1.25745
21	89	0.911329
21	103	0.89259
21	121	0.89796
21	128	0.904929
21	133	0.922905
21	138	0.904008
21	143	0.920846
21	146	0.909771
21	154	1.27543
21	161	1.37582
22	3	0.796004
22	21	0.949197
22	32	0.93842
22	101	0.905856
22	111	1.31891
22	121	0.904444
22	124	0.940588
22	128	0.911414
22	138	0.910493
22	143	0.92733
22	146	0.916255
22	161	1.37736
22	176	1.21228
23	9	0.960048
23	75	0.86862
23	111	1.40617
23	113	0.915421
23	142	0.895011
23	149	0.917221
23	154	1.36423
23	158	0.914209
23	162	0.905785
23	164	0.901332
23	166	0.91593
23	167	1.13825
23	179	0.906423
24	65	0.888237
24	69	1.44404
24	72	0.876034
24	81	0.923444
24	96	0.911336
24	136	0.916753
24	140	0.905236
24	149	0.925432
24	158	0.922419
24	160	0.906969
24	166	0.92414
24	173	1.19349
24	176	1.27067
25	143	1.88685
25	147	0.823376
25	160	2.00743
25	165	0.836154
25	167	0.832332
25	169	0.816179
25	171	0.831873
25	172	0.82427
25	173	0.83323
25	174	0.832256
25	175	0.817884
25	178	0.823747
25	180	0.8287
26	78	1.95297
26	81	1.9411
26	111	0.837575
26	156	0.835439
26	161	0.816235
26	163	0.83005
26	165	0.835016
26	169	0.81504
26	172	0.823131
26	173	0.832091
26	174	0.831117
26	175	0.816745
26	180	0.827561
27	32	1.11463
27	90	1.39239
27	109	1.38435
27	125	0.921899
27	150	0.902886
27	155	0.896362
27	157	0.913369
27	159	0.913792
27	169	0.902943
27	172	0.911034
27	173	0.919994
27	176	0.902257
27	180	0.915464
28	111	1.42431
28	114	0.875287
28	125	0.923592
28	140	0.905596
28	147	1.21013
28	153	0.901225
28	156	1.27423
28	157	0.915062
28	159	0.915484
28	162	0.914356
28	164	0.909903
28	166	0.924501
28	179	0.914994
29	116	1.23645
29	137	0.902366
29	140	1.57228
29	148	0.933335
29	166	1.08262
29	171	0.913979
29	172	0.906376
29	173	0.915336
29	174	0.914361
29	175	0.89999
29	176	0.897598
29	178	0.905853
29	180	0.910805
30	47	1.88577
30	121	2.00841
30	158	0.833979
30	164	0.821102
30	166	0.8357
30	168	0.818073
30	171	0.831529
30	172	0.823926
30	174	0.831911
30	175	0.81754
30	177	0.831691
30	179	0.826193
30	180	0.828355
31	104	1.64093
31	133	1.06634
31	151	0.910561
31	158	1.18597
31	165	0.919131
31	169	0.899156
31	170	0.905607
31	171	0.914849
31	173	0.916206
31	174	0.915232
31	175	0.90086
31	178	0.906723
31	180	0.911676
32	13	1.63188
32	22	0.93842
32	27	1.11463
32	43	0.923906
32	99	0.884126
32	106	0.926979
32	126	0.917996
32	128	0.894152
32	133	0.912128
32	138	0.893231
32	143	0.910068
32	146	0.898994
32	173	1.15632
33	43	0.844913
33	56	0.82029
33	89	0.821559
33	101	0.809602
33	106	0.847987
33	117	0.822912
33	124	0.844334
33	126	0.839003
33	128	0.81516
33	138	0.814239
33	141	1.78261
33	146	0.820001
33	178	2.12265
34	104	0.904592
34	124	0.93623
34	130	0.909065
34	132	0.921886
34	134	1.69137
34	141	0.940835
34	153	0.897802
34	155	0.894631
34	156	1.2762
34	157	0.911638
34	159	0.912061
34	176	0.900526
34	179	0.91157
35	54	0.828102
35	74	0.858549
35	102	0.873603
35	104	0.81797
35	130	0.822443
35	147	1.92651
35	153	0.81118
35	155	0.808009
35	157	0.825016
35	159	0.825439
35	161	0.815785
35	175	1.97908
35	176	0.813904
36	112	0.860104
36	129	0.898649
36	130	0.896196
36	153	0.884933
36	155	0.881762
36	156	1.40496
36	157	0.898769
36	159	0.899192
36	161	0.889539
36	167	0.904497
36	175	1.39343
36	176	0.887657
36	178	1.40964
36	179	0.898702
37	40	1.2911
37	107	1.34655
37	150	0.880929
37	162	1.55386
37	165	0.900962
37	168	0.883224
37	169	0.880987
37	171	0.89668
37	172	0.889077
37	173	0.898037
37	174	0.897063
37	175	0.882691
37	177	0.896843
37	180	0.893507
38	2	0.861452
38	64	0.885585
38	79	1.79634
38	104	0.894696
38	112	0.863077
38	124	0.926334
38	151	1.20848
38	153	0.887906
38	155	0.884735
38	157	0.901743
38	159	0.902165
38	163	1.20348
38	176	0.89063
38	179	0.901675
39	99	1.49429
39	150	0.8815
39	154	0.885204
39	157	1.31433
39	162	1.3828
39	165	0.901533
39	168	0.883795
39	170	0.888009
39	171	0.897251
39	173	0.898608
39	174	0.897634
39	175	0.883262
39	178	0.889125
39	180	0.894078
40	37	1.2911
40	86	1.68319
40	89	0.891374
40	95	0.88477
40	103	0.872635
40	106	0.917802
40	117	0.892727
40	121	0.878005
40	122	1.23129
40	128	0.884975
40	133	0.902951
40	138	0.884054
40	143	0.900891
40	146	0.889816
41	10	0.779767
41	17	0.946232
41	63	0.872076
41	92	0.887212
41	102	0.934953
41	108	1.724
41	111	1.70222
41	153	0.87253
41	155	0.869359
41	157	0.886366
41	159	0.886789
41	161	0.877135
41	167	0.892094
41	176	0.875254
42	111	0.828397
42	150	0.805804
42	153	2.12983
42	163	0.820872
42	166	2.0645
42	169	0.805862
42	171	0.821556
42	172	0.813953
42	173	0.822913
42	174	0.821938
42	176	0.805175
42	177	0.821718
42	178	0.81343
42	180	0.818382
43	3	0.78149
43	32	0.923906
43	33	0.844913
43	47	0.901986
43	117	0.904652
43	126	0.920743
43	128	0.8969
43	133	0.914876
43	135	1.34448
43	138	0.895979
43	143	0.912816
43	146	0.901741
43	167	1.42761
43	177	1.43595
44	107	1.3221
44	124	1.43144
44	127	0.895326
44	148	0.913173
44	161	0.879317
44	163	0.893132
44	165	0.898098
44	166	1.43795
44	167	0.894276
44	170	0.884574
44	174	0.894199
44	175	0.879827
44	176	0.877436
44	180	0.890643
45	77	1.9432
45	92	1.20407
45	137	0.884687
45	139	1.04428
45	148	0.915656
45	161	0.8818
45	168	0.882843
45	169	0.880606
45	173	0.897656
45	174	0.896682
45	175	0.88231
45	177	0.896462
45	178	0.888173
45	180	0.893126
46	68	0.930735
46	109	1.38738
46	111	0.900166
46	115	0.855223
46	116	1.48218
46	124	1.32184
46	151	0.889036
46	165	0.897606
46	167	0.893784
46	170	0.884082
46	173	0.894682
46	175	0.879336
46	178	0.885199
46	180	0.890151
47	1	0.930768
47	19	0.928521
47	30	1.88577
47	43	0.901986
47	64	0.860657
47	103	0.859892
47	121	0.865263
47	124	0.901407
47	126	0.896076
47	127	1.02234
47	131	1.2974
47	133	0.890208
47	143	0.888148
47	146	0.877074
48	94	0.876049
48	113	1.34567
48	140	1.7774
48	147	0.871559
48	151	0.875767
48	154	0.868009
48	156	0.884761
48	160	1.3683
48	163	0.879372
48	169	0.864362
48	170	0.870813
48	171	0.880056
48	174	0.880439
48	178	0.87193
48	180	0.876883
49	96	0.867762
49	97	0.867535
49	107	0.901949
49	113	0.880058
49	119	0.869585
49	145	0.880423
49	149	0.881858
49	152	0.867109
49	158	0.878845
49	160	0.863395
49	162	0.870421
49	165	1.49655
49	174	1.46813
49	176	1.54362
49	179	0.871059
50	20	1.65053
50	61	1.49749
50	63	0.868852
50	77	0.838869
50	125	0.891673
50	130	0.880569
50	153	0.869306
50	155	0.866136
50	157	0.883143
50	159	0.883565
50	161	0.873912
50	165	1.35781
50	167	0.88887
50	176	0.87203
50	179	0.883075
51	96	1.39173
51	129	0.877276
51	144	1.66093
51	146	1.44053
51	147	0.874167
51	153	0.86356
51	155	0.860389
51	157	0.877396
51	161	0.868165
51	163	0.88198
51	171	0.882664
51	174	0.883047
51	178	0.874538
51	179	0.877328
51	180	0.879491
52	55	1.62591
52	136	0.873573
52	139	0.897689
52	142	0.860042
52	145	0.880818
52	149	0.882252
52	152	0.867504
52	158	0.87924
52	160	0.863789
52	162	0.870816
52	164	0.866363
52	166	0.880961
52	168	1.45846
52	177	0.876952
52	180	1.42392
53	63	0.868865
53	77	0.838882
53	118	0.882416
53	129	0.883036
53	130	0.880582
53	141	1.28665
53	153	0.86932
53	155	0.866149
53	157	0.883156
53	159	0.883579
53	167	0.888884
53	169	1.63323
53	173	1.5883
53	176	0.872044
53	179	0.883088
54	4	1.72459
54	35	0.828102
54	63	0.865106
54	102	0.927984
54	125	0.887927
54	129	0.879276
54	130	0.876823
54	134	1.583
54	153	0.865561
54	155	0.86239
54	157	0.879397
54	159	0.87982
54	168	1.19797
54	176	0.868284
54	179	0.879329
55	52	1.62591
55	126	1.615
55	128	1.25335
55	130	0.876921
55	135	0.880929
55	150	0.869011
55	153	0.865658
55	155	0.862487
55	157	0.879494
55	159	0.879917
55	172	0.877159
55	175	0.870773
55	178	0.876636
55	179	0.879426
55	180	0.881589
56	8	0.835064
56	19	0.928565
56	33	0.82029
56	62	0.853812
56	95	0.872072
56	106	0.905104
56	117	0.880029
56	126	0.89612
56	128	0.872277
56	138	0.871356
56	143	0.888193
56	146	0.877118
56	147	1.4728
56	173	1.50318
56	180	1.53249
57	117	1.70948
57	129	0.877772
57	153	0.864056
57	155	0.860885
57	157	0.877893
57	158	1.43806
57	159	0.878315
57	162	1.34568
57	170	0.873918
57	171	0.883161
57	173	0.884518
57	174	0.883543
57	175	0.869172
57	176	0.86678
57	180	0.879987
58	72	0.820535
58	80	0.878833
58	86	1.87078
58	91	0.859195
58	93	0.861772
58	107	0.890024
58	139	0.885369
58	144	0.845566
58	154	1.52517
58	158	0.866921
58	160	0.85147
58	162	0.858496
58	164	0.854043
58	166	0.868641
58	179	0.859134
58	180	1.41262
59	10	1.10203
59	78	0.877335
59	123	0.849708
59	136	0.86302
59	139	0.887135
59	140	0.851503
59	144	0.847332
59	152	0.856951
59	160	0.853236
59	162	0.860263
59	164	0.85581
59	166	0.870408
59	172	1.863
59	173	1.84068
59	177	0.866399
59	179	0.860901
60	74	0.894866
60	119	0.859792
60	130	0.858759
60	145	0.870629
60	148	1.26207
60	149	0.872064
60	151	1.80719
60	153	0.847497
60	155	0.844326
60	158	0.869052
60	159	0.861756
60	160	0.853601
60	164	0.856174
60	172	1.73911
60	176	0.85022
60	179	0.861265
61	50	1.49749
61	103	1.67939
61	105	0.842299
61	148	0.886464
61	156	0.871812
61	160	1.61736
61	161	0.852609
61	163	0.866424
61	169	0.851414
61	170	0.857865
61	171	0.867108
61	172	0.859505
61	173	0.868465
61	175	0.853119
61	178	0.858982
61	180	0.863934
62	21	0.886464
62	56	0.853812
62	67	0.895296
62	83	1.60997
62	89	0.85508
62	95	0.848477
62	106	0.881508
62	117	0.856434
62	121	0.841711
62	128	0.848681
62	133	0.866657
62	138	0.84776
62	143	0.864597
62	146	0.853523
62	175	1.59563
62	180	1.60275
63	41	0.872076
63	50	0.868852
63	53	0.868865
63	54	0.865106
63	70	0.837418
63	110	1.77951
63	124	0.886612
63	125	0.870551
63	153	0.848184
63	155	0.845013
63	156	1.63597
63	157	0.86202
63	159	0.862443
63	170	1.39255
63	176	0.850908
63	179	0.861952
64	38	0.885585
64	47	0.860657
64	100	2.06532
64	101	0.850014
64	121	0.848602
64	126	0.879415
64	133	0.873547
64	143	0.871487
64	146	0.860413
64	153	0.846317
64	155	0.843146
64	157	0.860154
64	158	0.670501
64	159	0.860576
64	170	2.0667
64	179	0.860086
65	11	0.815408
65	24	0.888237
65	81	0.85859
65	96	0.846483
65	142	0.838368
65	144	0.836211
65	145	0.859144
65	149	0.860578
65	152	0.84583
65	154	1.77711
65	160	0.842115
65	164	0.844689
65	166	0.859287
65	175	1.65743
65	177	0.855278
65	178	1.67364
65	179	0.84978
66	9	0.848755
66	79	0.873079
66	125	1.3709
66	141	0.940625
66	145	1.45369
66	151	0.918877
66	154	0.911118
66	157	1.41805
66	165	0.927447
66	169	0.907472
66	170	0.913923
66	171	0.923166
66	172	0.915563
66	173	0.924522
66	175	0.909177
66	178	0.915039
66	180	0.919992
67	8	0.876548
67	19	0.97005
67	62	0.895296
67	79	1.77497
67	83	1.13324
67	95	0.913557
67	101	0.908204
67	103	0.901421
67	117	0.921514
67	121	0.906792
67	128	0.913761
67	133	0.931737
67	138	0.91284
67	143	0.929677
67	146	0.918603
67	163	1.18211
67	177	1.02093
68	46	0.930735
68	105	0.899447
68	110	0.885748
68	131	0.913885
68	132	0.929236
68	139	1.0956
68	146	1.39038
68	147	0.91576
68	164	1.3693
68	168	0.910801
68	172	0.916654
68	173	0.925614
68	174	0.924639
68	175	0.910268
68	178	0.916131
68	179	1.23475
68	180	0.921083
69	24	1.44404
69	92	1.75805
69	135	0.851662
69	146	1.89304
69	154	0.843448
69	163	0.854811
69	167	0.855954
69	168	0.842039
69	171	0.855495
69	172	0.847892
69	173	0.856852
69	174	0.855878
69	175	0.841506
69	176	0.839115
69	177	0.855658
69	178	0.847369
69	180	0.852322
70	63	0.837418
70	82	0.867941
70	92	0.852554
70	102	0.900295
70	112	0.813043
70	125	0.860239
70	129	0.851588
70	153	0.837872
70	155	0.834701
70	157	0.851708
70	159	0.852131
70	161	0.842478
70	167	0.857436
70	169	1.75051
70	175	1.72777
70	176	0.840596
70	177	1.62981
71	84	0.851415
71	94	0.83996
71	106	1.57125
71	120	0.836369
71	137	0.832354
71	141	0.861427
71	146	1.96021
71	154	0.83192
71	155	1.86088
71	156	0.848671
71	168	0.830511
71	170	0.834724
71	172	0.836364
71	173	0.845324
71	174	0.844349
71	175	0.829978
71	178	0.835841
71	180	0.840793
72	24	0.876034
72	58	0.820535
72	86	2.14604
72	90	0.838388
72	136	0.839696
72	139	0.863811
72	142	0.826165
72	144	0.824008
72	149	0.848375
72	152	0.833627
72	158	0.845363
72	160	0.829912
72	162	0.836939
72	164	0.832486
72	166	0.847084
72	167	1.57446
72	179	0.837577
72	180	1.68788
73	9	1.49056
73	80	1.90692
73	100	0.833257
73	105	0.823524
73	131	0.837961
73	143	1.99685
73	151	0.844044
73	163	0.847649
73	168	0.834877
73	169	0.832639
73	170	0.83909
73	171	0.848333
73	172	0.84073
73	173	0.84969
73	175	0.834344
73	177	0.848495
73	178	0.840207
73	180	0.84516
74	35	0.858549
74	60	0.894866
74	77	0.865569
74	92	0.910689
74	104	0.902797
74	111	1.34839
74	125	0.918374
74	129	0.909723
74	132	0.920091
74	134	1.61347
74	151	1.25499
74	153	0.896007
74	155	0.892836
74	157	0.909844
74	159	0.910266
74	161	0.900613
74	165	1.19469
74	179	0.909776
75	23	0.86862
75	80	0.858072
75	108	1.95793
75	114	0.798667
75	136	0.840493
75	144	0.824805
75	145	0.847737
75	149	0.849172
75	152	0.834423
75	158	0.84616
75	160	0.830709
75	162	0.837735
75	164	0.833282
75	165	1.78244
75	166	0.84788
75	167	1.66823
75	177	0.843872
75	179	0.838373
76	7	1.87593
76	115	0.869763
76	135	0.904031
76	149	1.10266
76	154	0.895817
76	155	1.23469
76	156	0.912569
76	168	0.894408
76	171	0.907865
76	172	0.900262
76	173	0.909221
76	174	0.908247
76	175	0.893876
76	176	0.891484
76	177	0.908027
76	178	0.899738
76	179	1.17839
76	180	0.904691
77	45	1.9432
77	50	0.838869
77	53	0.838882
77	74	0.865569
77	82	0.848269
77	87	0.846943
77	104	0.82499
77	112	0.793371
77	127	1.9705
77	129	0.831916
77	148	1.79191
77	153	0.818201
77	155	0.81503
77	157	0.832037
77	159	0.83246
77	161	0.822806
77	167	0.837764
77	176	0.820924
77	179	0.831969
78	12	0.84817
78	26	1.95297
78	59	0.877335
78	107	0.9235
78	114	0.852903
78	119	0.891136
78	136	0.894729
78	140	0.883213
78	142	0.881198
78	144	0.879042
78	152	0.88866
78	154	1.36703
78	158	0.900396
78	162	0.891972
78	164	0.887519
78	166	0.902117
78	167	1.14106
78	172	1.24748
78	177	0.898108
79	38	1.79634
79	66	0.873079
79	67	1.77497
79	98	0.822783
79	108	0.804057
79	118	0.830752
79	137	0.825148
79	141	0.85422
79	150	0.821009
79	151	0.832472
79	160	2.12584
79	168	0.823304
79	170	0.827517
79	171	0.83676
79	172	0.829157
79	174	0.837143
79	176	0.820379
79	178	0.828634
79	180	0.833587
80	11	0.861503
80	58	0.878833
80	73	1.90692
80	75	0.858072
80	97	0.89235
80	114	0.856168
80	116	0.894054
80	123	0.884681
80	140	0.886477
80	145	0.905238
80	149	0.906673
80	152	0.891924
80	158	0.903661
80	160	0.88821
80	164	0.890783
80	175	1.25925
80	177	0.901373
80	178	1.27545
80	180	1.26637
81	24	0.923444
81	26	1.9411
81	65	0.85859
81	109	0.903012
81	116	0.883166
81	123	0.873793
81	132	1.2693
81	139	0.911221
81	140	0.875589
81	142	0.873574
81	144	0.871418
81	145	0.89435
81	149	0.895785
81	160	0.877322
81	162	0.884348
81	164	0.879895
81	166	0.894493
81	171	1.26249
81	172	1.23562
82	4	1.86957
82	70	0.867941
82	77	0.848269
82	92	0.893389
82	94	1.35636
82	102	0.94113
82	112	0.853878
82	125	0.901073
82	129	0.892423
82	130	0.88997
82	153	0.878707
82	155	0.875536
82	157	0.892543
82	159	0.892966
82	167	0.898271
82	173	1.2791
82	176	0.881431
82	177	1.20333
82	179	0.892475
83	62	1.60997
83	67	1.13324
83	111	0.900877
83	120	0.886438
83	130	1.4639
83	131	0.883664
83	134	0.867366
83	136	1.48712
83	151	0.889747
83	154	0.881989
83	165	0.898317
83	168	0.88058
83	169	0.878342
83	171	0.894036
83	172	0.886433
83	173	0.895393
83	175	0.880047
83	178	0.88591
83	180	0.890862
84	71	0.851415
84	113	1.33707
84	125	1.25496
84	137	0.882683
84	138	1.64147
84	155	1.45529
84	156	0.899
84	165	0.898577
84	167	0.894755
84	168	0.880839
84	169	0.878602
84	170	0.885053
84	172	0.886692
84	173	0.895652
84	174	0.894678
84	175	0.880306
84	177	0.894458
84	178	0.886169
84	180	0.891122
85	1	1.28935
85	21	1.25745
85	103	1.63349
85	142	0.876571
85	154	0.881272
85	156	0.898024
85	157	1.51388
85	158	0.89577
85	160	0.880319
85	162	0.887346
85	164	0.882892
85	165	0.897601
85	166	0.89749
85	169	0.877626
85	175	0.87933
85	176	0.876939
85	177	0.893482
85	178	0.885193
85	180	0.890146
86	40	1.68319
86	58	1.87078
86	72	2.14604
86	137	0.824072
86	141	0.853144
86	147	0.827187
86	151	0.831395
86	154	0.823637
86	163	0.835
86	165	0.839965
86	168	0.822228
86	169	0.81999
86	170	0.826441
86	171	0.835684
86	172	0.828081
86	173	0.837041
86	174	0.836067
86	178	0.827558
86	180	0.832511
87	77	0.846943
87	92	0.892063
87	102	0.939804
87	112	0.852551
87	125	0.899747
87	129	0.891097
87	130	0.888643
87	132	0.901464
87	137	1.84282
87	144	0.386925
87	153	0.877381
87	155	0.87421
87	157	0.891217
87	159	0.89164
87	161	0.881986
87	163	1.76618
87	176	0.880105
87	179	0.891149
87	180	1.71009
88	100	0.864871
88	102	1.05735
88	140	1.6509
88	141	0.897407
88	142	1.62489
88	144	1.65712
88	150	0.864196
88	163	0.879263
88	165	0.884228
88	168	0.866491
88	169	0.864253
88	170	0.870704
88	171	0.879947
88	172	0.872344
88	173	0.881304
88	174	0.88033
88	175	0.865958
88	177	0.88011
88	178	0.871821
88	180	0.876774
89	15	0.845301
89	21	0.911329
89	33	0.821559
89	40	0.891374
89	62	0.85508
89	95	0.873341
89	99	0.86352
89	101	0.867988
89	103	0.861205
89	106	0.906373
89	126	0.897389
89	128	0.873545
89	133	0.891521
89	138	0.872624
89	143	0.889462
89	146	0.878387
89	147	1.57502
89	148	1.15068
89	150	1.68009
89	173	1.6054
90	27	1.39239
90	72	0.838388
90	109	0.895012
90	113	0.885985
90	122	0.866338
90	123	0.865794
90	136	0.879106
90	140	0.867589
90	144	0.863418
90	145	0.886351
90	152	0.873037
90	158	0.884773
90	161	1.67634
90	162	0.876349
90	164	0.871896
90	166	0.886494
90	171	1.48327
90	175	1.45627
90	177	0.882485
90	179	0.876987
91	9	0.929861
91	11	0.841865
91	58	0.859195
91	109	0.894262
91	114	0.83653
91	123	0.865043
91	134	1.86521
91	136	0.878356
91	140	0.866839
91	144	0.862668
91	145	0.8856
91	149	0.887035
91	158	0.884023
91	162	0.875599
91	164	0.871145
91	166	0.885743
91	170	1.20662
91	176	1.4935
91	179	0.876236
91	180	1.44564
92	41	0.887212
92	45	1.20407
92	69	1.75805
92	70	0.852554
92	74	0.910689
92	82	0.893389
92	87	0.892063
92	112	0.838491
92	118	0.876417
92	129	0.877036
92	131	1.50643
92	153	0.86332
92	155	0.86015
92	157	0.877157
92	159	0.877579
92	161	0.867926
92	167	0.882884
92	176	0.866044
92	179	0.877089
92	180	1.53683
93	58	0.861772
93	114	0.839107
93	123	0.867621
93	136	0.880933
93	140	0.869416
93	142	0.867402
93	145	0.888178
93	147	1.44799
93	149	0.889612
93	152	0.874864
93	158	0.8866
93	160	0.871149
93	162	0.878176
93	164	0.873723
93	166	0.888321
93	171	1.52755
93	174	1.48005
93	176	1.55554
93	177	0.884312
93	179	0.878814
94	48	0.876049
94	71	0.83996
94	82	1.35636
94	111	0.889681
94	119	1.49273
94	135	0.879007
94	147	0.874343
94	150	0.867089
94	163	0.882157
94	164	1.69867
94	166	1.44427
94	168	0.869384
94	170	0.873598
94	171	0.88284
94	172	0.875237
94	173	0.884197
94	174	0.883223
94	175	0.868851
94	178	0.874714
94	180	0.879667
95	1	0.925478
95	8	0.829729
95	40	0.88477
95	56	0.872072
95	62	0.848477
95	67	0.913557
95	89	0.873341
95	103	0.854602
95	117	0.874694
95	121	0.859972
95	126	0.890786
95	128	0.866942
95	133	0.884918
95	138	0.866021
95	143	0.882858
95	146	0.871783
95	165	1.56996
95	170	1.33016
95	174	1.54154
95	180	1.56918
96	24	0.911336
96	49	0.867762
96	51	1.39173
96	65	0.846483
96	97	0.869355
96	107	0.903769
96	123	0.861686
96	136	0.874998
96	142	0.861467
96	145	0.882243
96	149	0.883677
96	152	0.868929
96	158	0.880665
96	160	0.865214
96	162	0.872241
96	164	0.867788
96	166	0.882386
96	169	1.63862
96	170	1.38399
96	173	1.59369
97	49	0.867535
97	80	0.89235
97	96	0.869355
97	107	0.903541
97	120	1.56461
97	136	0.874771
97	140	0.863254
97	144	0.859083
97	149	0.88345
97	150	1.52399
97	152	0.868702
97	158	0.880438
97	160	0.864987
97	162	0.872014
97	164	0.867561
97	166	0.882159
97	172	1.47162
97	174	1.45098
97	177	0.87815
97	179	0.872651
98	79	0.822783
98	105	0.848061
98	119	1.55648
98	130	1.56838
98	132	0.87785
98	133	1.57222
98	136	1.59159
98	147	0.864373
98	148	0.892227
98	150	0.857119
98	151	0.868582
98	163	0.872187
98	165	0.877152
98	168	0.859414
98	169	0.857177
98	170	0.863628
98	171	0.87287
98	174	0.873253
98	175	0.858881
98	178	0.864744
98	180	0.869697
99	32	0.884126
99	39	1.49429
99	89	0.86352
99	116	0.859815
99	117	0.864873
99	121	0.850151
99	123	0.850442
99	128	0.85712
99	133	0.875096
99	138	0.856199
99	139	0.88787
99	143	0.873036
99	146	0.861962
99	147	1.53957
99	152	0.857685
99	158	0.869421
99	162	0.860997
99	163	1.65535
99	164	0.856544
99	166	0.871142
99	171	1.61914
100	64	2.06532
100	73	0.833257
100	88	0.864871
100	114	1.72976
100	134	0.845101
100	141	0.889231
100	148	0.891127
100	150	0.856019
100	152	1.34086
100	166	1.15593
100	167	0.87223
100	168	0.858315
100	169	0.856077
100	170	0.862528
100	171	0.871771
100	172	0.864168
100	173	0.873128
100	174	0.872153
100	175	0.857782
100	178	0.863645
100	180	0.868597
101	1	0.920125
101	3	0.746179
101	8	0.824376
101	19	0.917877
101	22	0.905856
101	33	0.809602
101	64	0.850014
101	67	0.908204
101	89	0.867988
101	103	0.849249
101	117	0.869341
101	126	0.885433
101	127	1.484
101	128	0.861589
101	133	0.879565
101	138	0.860668
101	143	0.877505
101	146	0.86643
101	148	1.30542
101	176	1.83731
101	177	1.68437
102	35	0.873603
102	41	0.934953
102	54	0.927984
102	70	0.900295
102	82	0.94113
102	87	0.939804
102	88	1.05735
102	112	0.886232
102	118	0.924158
102	125	0.933428
102	137	1.42516
102	153	0.911062
102	155	0.907891
102	157	0.924898
102	159	0.925321
102	163	1.34852
102	167	0.930625
102	176	0.913785
102	177	1.18735
102	179	0.92483
102	180	1.29243
103	6	0.823537
103	21	0.89259
103	40	0.872635
103	47	0.859892
103	61	1.67939
103	67	0.901421
103	85	1.63349
103	89	0.861205
103	95	0.854602
103	101	0.849249
103	117	0.862559
103	121	0.847837
103	124	0.88398
103	126	0.87865
103	128	0.854806
103	133	0.872782
103	138	0.853885
103	143	0.870722
103	146	0.859648
103	171	1.55879
103	177	1.43384
104	19	0.51754
104	31	1.64093
104	34	0.904592
104	35	0.81797
104	38	0.894696
104	74	0.902797
104	77	0.82499
104	112	0.830599
104	129	0.869144
104	130	0.866691
104	132	0.879512
104	151	2.0962
104	153	0.855428
104	155	0.852257
104	157	0.869264
104	159	0.869687
104	161	0.860034
104	167	0.874992
104	169	2.05073
104	176	0.858152
104	179	0.869197
105	61	0.842299
105	68	0.899447
105	73	0.823524
105	98	0.848061
105	129	1.66577
105	151	0.857749
105	153	1.64458
105	154	0.849991
105	156	0.866742
105	163	0.861354
105	166	1.57925
105	168	0.848582
105	169	0.846344
105	170	0.852795
105	171	0.862038
105	172	0.854435
105	173	0.863395
105	174	0.86242
105	175	0.848049
105	178	0.853912
105	179	1.6991
105	180	0.858864
106	1	0.958509
106	7	0.864365
106	32	0.926979
106	33	0.847987
106	40	0.917802
106	56	0.905104
106	62	0.881508
106	71	1.57125
106	89	0.906373
106	117	0.907726
106	121	0.893004
106	124	0.929148
106	126	0.923817
106	128	0.899973
106	133	0.917949
106	138	0.899052
106	143	0.915889
106	146	0.904815
106	165	1.28363
106	171	1.30272
106	175	1.27572
106	177	1.17776
107	37	1.34655
107	44	1.3221
107	49	0.901949
107	58	0.890024
107	78	0.9235
107	96	0.903769
107	97	0.903541
107	116	0.905245
107	122	0.896417
107	136	0.909185
107	137	1.4132
107	139	0.9333
107	142	0.895653
107	144	0.893497
107	145	0.916429
107	152	0.903115
107	160	0.899401
107	162	0.906428
107	164	0.901974
107	166	0.916572
107	174	1.25284
107	175	1.27335
108	41	1.724
108	75	1.95793
108	79	0.804057
108	127	0.855654
108	134	0.827475
108	135	0.850311
108	147	0.845647
108	148	0.873501
108	149	1.61673
108	154	0.842097
108	156	0.858849
108	157	1.59558
108	163	0.85346
108	165	0.858426
108	170	0.844902
108	171	0.854144
108	172	0.846541
108	173	0.855501
108	174	0.854527
108	175	0.840155
108	176	0.837764
108	178	0.846018
108	180	0.850971
109	2	0.853979
109	27	1.38435
109	46	1.38738
109	81	0.903012
109	90	0.895012
109	91	0.894262
109	113	0.9032
109	116	0.892381
109	136	0.896321
109	139	0.920436
109	140	0.884804
109	142	0.882789
109	149	0.905
109	158	0.901987
109	160	0.886537
109	162	0.893563
109	164	0.88911
109	166	0.903708
109	170	1.21634
109	177	0.899699
109	178	1.46443
109	179	0.894201
109	180	1.45535
110	63	1.77951
110	68	0.885748
110	135	0.844505
110	141	0.865798
110	148	0.867695
110	154	0.836291
110	155	1.72043
110	156	0.853043
110	158	1.7281
110	165	0.85262
110	168	0.834882
110	169	0.832645
110	170	0.839096
110	171	0.848338
110	172	0.840735
110	173	0.849695
110	174	0.848721
110	175	0.834349
110	176	0.831958
110	177	0.848501
110	178	0.840212
110	179	1.66412
110	180	0.845165
111	22	1.31891
111	23	1.40617
111	26	0.837575
111	28	1.42431
111	41	1.70222
111	42	0.828397
111	46	0.900166
111	74	1.34839
111	83	0.900877
111	94	0.889681
111	131	0.883316
111	148	0.913044
111	154	0.881641
111	165	0.897969
111	168	0.880232
111	169	0.877994
111	170	0.884445
111	171	0.893688
111	172	0.886085
111	173	0.895045
111	174	0.894071
111	175	0.879699
111	178	0.885562
111	180	0.890515
112	16	1.49123
112	36	0.860104
112	38	0.863077
112	70	0.813043
112	77	0.793371
112	82	0.853878
112	87	0.852551
112	92	0.838491
112	102	0.886232
112	104	0.830599
112	124	0.862237
112	125	0.846176
112	129	0.837525
112	130	0.835072
112	135	1.89407
112	141	1.75965
112	153	0.823809
112	155	0.820638
112	157	0.837645
112	159	0.838068
112	167	0.843373
112	174	2.06299
112	176	0.826533
112	179	0.837578
113	7	0.845052
113	23	0.915421
113	48	1.34567
113	49	0.880058
113	84	1.33707
113	90	0.885985
113	109	0.9032
113	114	0.845467
113	116	0.883354
113	139	0.911409
113	140	0.875777
113	144	0.871606
113	145	0.894538
113	149	0.895973
113	152	0.881224
113	154	1.56681
113	158	0.892961
113	160	0.87751
113	162	0.884536
113	164	0.880083
113	168	1.4888
113	169	1.46987
113	177	0.890672
113	179	0.885174
114	28	0.875287
114	75	0.798667
114	78	0.852903
114	80	0.856168
114	91	0.83653
114	93	0.839107
114	100	1.72976
114	113	0.845467
114	118	1.6512
114	119	0.834995
114	139	0.862704
114	140	0.827071
114	142	0.825057
114	145	0.845833
114	149	0.847267
114	152	0.832519
114	160	0.828804
114	162	0.835831
114	164	0.831378
114	166	0.845976
114	167	1.85673
114	177	0.841967
114	179	0.836469
114	180	1.97016
115	5	2.03339
115	14	0.735482
115	46	0.855223
115	76	0.869763
115	130	1.72144
115	134	0.822076
115	148	0.868102
115	151	0.844457
115	154	0.836698
115	157	1.68407
115	162	1.75254
115	163	0.848061
115	165	0.853027
115	167	0.849205
115	168	0.835289
115	169	0.833052
115	170	0.839503
115	171	0.848745
115	172	0.841142
115	173	0.850102
115	174	0.849128
115	175	0.834756
115	178	0.840619
115	180	0.845572
116	5	0.834641
116	29	1.23645
116	46	1.48218
116	80	0.894054
116	81	0.883166
116	99	0.859815
116	107	0.905245
116	109	0.892381
116	113	0.883354
116	119	0.872882
116	123	0.863163
116	139	0.90059
116	140	0.864958
116	142	0.862944
116	144	0.860787
116	145	0.88372
116	152	0.870406
116	154	1.66271
116	160	0.866691
116	162	0.873718
116	163	1.60624
116	164	0.869265
116	166	0.883863
116	173	1.52084
116	179	0.874356
117	3	0.759489
117	33	0.822912
117	40	0.892727
117	43	0.904652
117	56	0.880029
117	57	1.70948
117	62	0.856434
117	67	0.921514
117	95	0.874694
117	99	0.864873
117	101	0.869341
117	103	0.862559
117	106	0.907726
117	121	0.867929
117	124	0.904073
117	126	0.898742
117	128	0.874899
117	131	1.82119
117	133	0.892875
117	135	1.65503
117	138	0.873978
117	142	0.496179
117	143	0.890815
117	146	0.87974
117	174	1.82395
118	11	1.76249
118	19	1.37884
118	53	0.882416
118	79	0.830752
118	92	0.876417
118	102	0.924158
118	114	1.6512
118	138	1.4397
118	151	0.87655
118	152	1.2623
118	153	0.861735
118	155	0.858564
118	156	0.885544
118	157	0.875571
118	159	0.875994
118	163	0.880155
118	167	0.881298
118	170	0.871596
118	171	0.880839
118	174	0.881222
118	175	0.86685
118	176	0.864458
118	178	0.872713
118	179	0.875503
118	180	0.877666
119	9	0.928327
119	49	0.869585
119	60	0.859792
119	78	0.891136
119	94	1.49273
119	98	1.55648
119	114	0.834995
119	116	0.872882
119	122	0.864054
119	139	0.900937
119	140	0.865304
119	142	0.86329
119	144	0.861133
119	149	0.8855
119	151	1.50587
119	152	0.870752
119	158	0.882488
119	160	0.867037
119	162	0.874064
119	164	0.869611
119	166	0.884209
119	169	1.46041
119	176	1.49265
119	177	0.8802
119	179	0.874702
120	13	0.839094
120	14	0.765987
120	71	0.836369
120	83	0.886438
120	97	1.56461
120	129	1.56885
120	131	0.868878
120	148	0.898606
120	150	0.863498
120	151	0.874961
120	153	1.54766
120	154	0.867202
120	157	1.5053
120	163	0.878566
120	165	0.883531
120	167	0.879709
120	169	0.863556
120	170	0.870007
120	171	0.87925
120	172	0.871647
120	173	0.880607
120	174	0.879632
120	175	0.865261
120	178	0.871124
120	179	1.60218
120	180	0.876076
121	1	0.918712
121	3	0.744766
121	8	0.822963
121	21	0.89796
121	22	0.904444
121	30	2.00841
121	40	0.878005
121	47	0.865263
121	62	0.841711
121	64	0.848602
121	67	0.906792
121	95	0.859972
121	99	0.850151
121	103	0.847837
121	106	0.893004
121	117	0.867929
121	124	0.889351
121	126	0.88402
121	133	0.878152
121	138	0.859255
121	143	0.876093
121	146	0.865018
121	154	1.56298
121	165	1.45121
121	175	1.4433
121	177	1.34534
122	40	1.23129
122	90	0.866338
122	107	0.896417
122	119	0.864054
122	133	1.46679
122	138	1.76493
122	140	0.85613
122	144	0.851959
122	145	0.874891
122	147	0.862366
122	149	0.876326
122	156	0.875568
122	157	1.42557
122	158	0.873314
122	159	1.90128
122	160	0.857863
122	162	0.864889
122	165	0.875144
122	168	0.857407
122	169	0.855169
122	170	0.86162
122	173	0.87222
122	175	0.856874
122	177	0.871025
122	178	0.862737
122	180	0.86769
123	59	0.849708
123	80	0.884681
123	81	0.873793
123	90	0.865794
123	91	0.865043
123	93	0.867621
123	96	0.861686
123	99	0.850442
123	116	0.863163
123	132	1.57152
123	139	0.891217
123	144	0.851414
123	145	0.874347
123	149	0.875781
123	152	0.861033
123	158	0.872769
123	160	0.857318
123	161	1.75778
123	162	0.864345
123	164	0.859892
123	166	0.87449
123	167	1.43142
123	172	1.53784
123	173	1.51553
123	177	0.870481
123	179	0.864983
124	22	0.940588
124	33	0.844334
124	34	0.93623
124	38	0.926334
124	44	1.43144
124	46	1.32184
124	47	0.901407
124	63	0.886612
124	103	0.88398
124	106	0.929148
124	112	0.862237
124	117	0.904073
124	121	0.889351
124	126	0.920164
124	128	0.89632
124	129	0.900782
124	133	0.914296
124	135	1.19326
124	146	0.901162
124	153	0.887067
124	155	0.883896
124	156	1.39422
124	157	0.900903
124	159	0.901326
124	171	1.40969
124	173	1.3605
124	176	0.88979
125	6	1.75576
125	17	0.944707
125	27	0.921899
125	28	0.923592
125	50	0.891673
125	54	0.887927
125	63	0.870551
125	66	1.3709
125	70	0.860239
125	74	0.918374
125	82	0.901073
125	84	1.25496
125	87	0.899747
125	102	0.933428
125	112	0.846176
125	129	0.884721
125	130	0.882268
125	135	1.1756
125	150	1.41753
125	151	1.43324
125	153	0.871005
125	155	0.867834
125	157	0.884841
125	159	0.885264
125	161	0.87561
125	167	0.890569
125	176	0.873729
125	179	0.884773
126	1	0.949526
126	3	0.77558
126	8	0.853777
126	16	0.813629
126	32	0.917996
126	33	0.839003
126	43	0.920743
126	47	0.896076
126	55	1.615
126	56	0.89612
126	64	0.879415
126	89	0.897389
126	95	0.890786
126	101	0.885433
126	103	0.87865
126	106	0.923817
126	117	0.898742
126	121	0.88402
126	124	0.920164
126	128	0.89099
126	132	1.4397
126	133	0.908966
126	138	0.890069
126	143	0.906906
126	146	0.895831
126	161	1.62596
126	163	1.46911
126	168	1.44756
127	12	1.76949
127	16	0.942004
127	17	0.997691
127	44	0.895326
127	47	1.02234
127	77	1.9705
127	101	1.484
127	108	0.855654
127	134	0.861687
127	135	0.884523
127	138	1.45322
127	147	0.879859
127	150	0.872605
127	154	0.876309
127	156	0.893061
127	161	0.873858
127	163	0.887673
127	165	0.892638
127	168	0.8749
127	169	0.872663
127	170	0.879114
127	171	0.888357
127	172	0.880754
127	174	0.888739
127	175	0.874367
127	176	0.871976
127	177	0.888519
127	178	0.88023
127	180	0.885183
128	3	0.751736
128	14	3.59712
128	19	0.923435
128	21	0.904929
128	22	0.911414
128	32	0.894152
128	33	0.81516
128	40	0.884975
128	43	0.8969
128	55	1.25335
128	56	0.872277
128	62	0.848681
128	67	0.913761
128	89	0.873545
128	95	0.866942
128	99	0.85712
128	101	0.861589
128	103	0.854806
128	106	0.899973
128	117	0.874899
128	124	0.89632
128	126	0.89099
128	132	1.07805
128	133	0.885122
128	138	0.866225
128	143	0.883062
128	146	0.871988
128	151	1.11246
128	174	1.02374
128	177	0.946287
129	36	0.898649
129	51	0.877276
129	53	0.883036
129	54	0.879276
129	57	0.877772
129	70	0.851588
129	74	0.909723
129	77	0.831916
129	82	0.892423
129	87	0.891097
129	92	0.877036
129	104	0.869144
129	105	1.66577
129	112	0.837525
129	120	1.56885
129	124	0.900782
129	125	0.884721
129	130	0.873617
129	147	1.42316
129	153	0.862354
129	155	0.859183
129	157	0.87619
129	159	0.876613
129	161	0.86696
129	165	1.48363
129	167	0.881918
129	176	0.865078
129	177	1.37777
129	178	1.49193
129	179	0.876123
130	17	0.933603
130	34	0.909065
130	35	0.822443
130	36	0.896196
130	50	0.880569
130	53	0.880582
130	54	0.876823
130	55	0.876921
130	60	0.858759
130	82	0.88997
130	83	1.4639
130	87	0.888643
130	98	1.56838
130	104	0.866691
130	112	0.835072
130	115	1.72144
130	125	0.882268
130	129	0.873617
130	131	1.42629
130	132	0.883985
130	153	0.859901
130	155	0.85673
130	157	0.873737
130	159	0.87416
130	161	0.864507
130	167	0.879465
130	171	1.47656
130	176	0.862625
130	177	1.3516
130	179	0.87367
131	16	0.930123
131	47	1.2974
131	68	0.913885
131	73	0.837961
131	83	0.883664
131	92	1.50643
131	111	0.883316
131	117	1.82119
131	120	0.868878
131	130	1.42629
131	134	0.849805
131	137	0.864863
131	141	0.893935
131	148	0.895832
131	150	0.860724
131	151	0.872186
131	154	0.864428
131	162	1.45739
131	163	0.875791
131	168	0.863019
131	169	0.860781
131	171	0.876475
131	172	0.868872
131	173	0.877832
131	174	0.876858
131	175	0.862486
131	177	0.876638
131	178	0.868349
131	179	1.48579
131	180	0.873302
132	34	0.921886
132	68	0.929236
132	74	0.920091
132	81	1.2693
132	87	0.901464
132	98	0.87785
132	104	0.879512
132	123	1.57152
132	126	1.4397
132	128	1.07805
132	130	0.883985
132	135	0.887993
132	153	0.872722
132	154	0.879779
132	155	0.869551
132	156	0.896531
132	157	0.886558
132	158	1.60684
132	159	0.886981
132	160	1.50357
132	161	0.877328
132	166	1.42301
132	167	0.892286
132	168	0.87837
132	169	0.876133
132	172	0.884223
132	173	0.893183
132	174	0.892209
132	175	0.877837
132	176	0.875446
132	178	0.8837
132	179	0.886491
132	180	0.888653
133	3	0.769712
133	7	0.849514
133	8	0.847909
133	19	0.941411
133	21	0.922905
133	31	1.06634
133	32	0.912128
133	40	0.902951
133	43	0.914876
133	47	0.890208
133	62	0.866657
133	64	0.873547
133	67	0.931737
133	89	0.891521
133	95	0.884918
133	98	1.57222
133	99	0.875096
133	101	0.879565
133	103	0.872782
133	106	0.917949
133	117	0.892875
133	121	0.878152
133	122	1.46679
133	124	0.914296
133	126	0.908966
133	128	0.885122
133	138	0.884201
133	143	0.901038
133	146	0.889964
133	167	1.3471
133	171	1.4804
133	176	1.50838
133	178	1.4696
134	9	1.26958
134	16	0.913825
134	34	1.69137
134	54	1.583
134	74	1.61347
134	83	0.867366
134	91	1.86521
134	100	0.845101
134	108	0.827475
134	115	0.822076
134	127	0.861687
134	131	0.849805
134	135	0.856344
134	141	0.877637
134	145	1.87452
134	147	0.85168
134	150	0.844426
134	151	0.855889
134	154	0.84813
134	156	0.864882
134	163	0.859494
134	165	0.864459
134	167	0.860637
134	169	0.844484
134	170	0.850935
134	171	0.860178
134	172	0.852575
134	173	0.861534
134	175	0.846188
134	176	0.843797
134	177	0.86034
134	178	0.852051
134	180	0.857004
135	5	1.57208
135	20	0.84316
135	43	1.34448
135	55	0.880929
135	69	0.851662
135	76	0.904031
135	94	0.879007
135	108	0.850311
135	110	0.844505
135	112	1.89407
135	117	1.65503
135	124	1.19326
135	125	1.1756
135	127	0.884523
135	132	0.887993
135	134	0.856344
135	141	0.900474
135	142	1.66342
135	148	0.90237
135	150	0.867262
135	151	0.878725
135	154	0.870967
135	156	0.887718
135	163	0.88233
135	167	0.883473
135	168	0.869558
135	169	0.86732
135	170	0.873771
135	172	0.875411
135	173	0.884371
135	174	0.883396
135	175	0.869025
135	176	0.866633
135	178	0.874888
135	180	0.87984
136	2	0.838072
136	4	0.84167
136	7	0.838172
136	12	0.833855
136	18	0.936934
136	24	0.916753
136	52	0.873573
136	59	0.86302
136	72	0.839696
136	75	0.840493
136	78	0.894729
136	83	1.48712
136	90	0.879106
136	91	0.878356
136	93	0.880933
136	96	0.874998
136	97	0.874771
136	98	1.59159
136	107	0.909185
136	109	0.896321
136	142	0.866883
136	145	0.887659
136	149	0.889093
136	152	0.874345
136	156	1.4843
136	160	0.870631
136	162	0.877657
136	164	0.873204
136	166	0.887802
136	171	1.49977
136	172	1.4729
136	173	1.45058
136	176	1.52776
136	177	0.883793
136	179	0.878295
137	10	1.04802
137	18	1.21716
137	29	0.902366
137	45	0.884687
137	71	0.832354
137	79	0.825148
137	84	0.882683
137	86	0.824072
137	87	1.84282
137	102	1.42516
137	107	1.4132
137	131	0.864863
137	139	1.50975
137	141	0.892695
137	143	1.48903
137	147	0.866738
137	148	0.894591
137	150	0.859483
137	151	0.870946
137	153	1.59438
137	156	0.879939
137	163	0.874551
137	165	0.879516
137	167	0.875694
137	168	0.861779
137	169	0.859541
137	170	0.865992
137	171	0.875235
137	172	0.867632
137	173	0.876592
137	174	0.875617
137	175	0.861246
137	176	0.858854
137	178	0.867109
137	180	0.872061
138	1	0.924761
138	3	0.750815
138	6	0.834956
138	7	0.830617
138	8	0.829012
