1	90	1.30774
1	100	1.38471
1	109	1.34029
1	114	1.39911
1	115	1.35957
1	144	0.52868
1	145	1.40638
1	146	0.540219
1	159	0.513757
1	162	1.4031
1	166	0.537128
1	172	0.531342
2	11	0.539966
2	23	0.379615
2	24	0.427072
2	42	0.447309
2	67	0.367954
2	169	1.40266
2	172	1.45086
2	174	1.32835
2	177	1.39989
2	178	1.36283
2	179	1.31786
2	180	1.33426
3	107	1.37419
3	126	1.35348
3	133	1.38161
3	139	1.40789
3	141	1.35146
3	143	1.34702
3	150	1.38256
3	159	0.43633
3	168	0.527702
3	169	0.5054
3	171	0.603301
3	179	0.579163
4	63	1.39649
4	66	1.25494
4	70	1.424
4	74	1.32938
4	79	1.4095
4	87	1.43416
4	111	1.36572
4	124	0.473736
4	158	0.470238
4	173	0.580378
4	177	0.527683
4	179	0.599251
5	62	1.26759
5	81	1.34846
5	83	1.42725
5	84	1.42721
5	86	1.34839
5	97	0.533892
5	145	1.40437
5	149	0.513269
5	153	0.458922
5	164	1.37877
5	177	0.55094
5	180	0.593604
6	7	1.22664
6	28	1.35163
6	40	1.25377
6	42	1.08017
6	55	1.1873
6	78	1.21713
6	94	0.609592
6	107	1.17651
6	142	0.588028
6	155	0.617589
6	168	1.11464
6	175	0.786796
7	6	1.22664
7	31	1.55134
7	40	1.4561
7	42	1.28249
7	54	1.35255
7	60	0.453376
7	78	1.41945
7	132	0.521317
7	140	0.586769
7	158	0.54176
7	168	1.31696
7	172	0.545526
8	24	1.31408
8	35	1.39363
8	51	1.31923
8	53	1.32623
8	80	1.39955
8	120	1.41126
8	124	0.476067
8	144	0.473673
8	160	1.44355
8	167	0.518159
8	171	0.625721
8	178	0.559992
9	76	1.16492
9	88	1.14301
9	99	1.26602
9	108	1.1793
9	131	1.13318
9	152	0.658593
9	156	1.23109
9	159	0.630377
9	160	1.27403
9	162	1.2102
9	163	0.657403
9	166	0.653747
10	35	0.44055
10	117	0.417208
10	130	0.45123
10	140	1.43948
10	141	0.423856
10	150	0.429903
10	172	1.45607
10	173	1.3548
10	175	1.28017
10	177	1.4051
10	179	1.32307
10	180	1.33947
11	2	0.539966
11	23	1.24747
11	24	1.12724
11	26	1.1516
11	56	1.16258
11	67	1.21359
11	80	1.21272
11	105	0.681905
11	120	1.22443
11	142	0.651501
11	158	0.674982
11	160	1.25672
12	81	1.58864
12	86	1.58857
12	116	1.58249
12	119	1.57983
12	153	0.385115
12	162	1.64126
12	163	0.432894
12	164	1.61894
12	169	0.474939
12	172	0.423453
12	177	0.477133
12	178	0.507111
13	38	1.40294
13	51	1.31852
13	80	1.39885
13	93	0.491316
13	96	0.560005
13	116	1.32025
13	119	1.31759
13	154	0.537366
13	156	1.39991
13	160	1.44285
13	164	0.456646
13	171	0.607116
14	90	1.29225
14	100	1.36921
14	109	1.32479
14	112	1.50021
14	114	1.38362
14	115	1.34407
14	151	0.42871
14	158	0.470889
14	162	1.3876
14	170	0.586098
14	174	0.608328
14	178	0.558312
15	32	1.33848
15	41	1.41585
15	69	1.25894
15	71	1.3291
15	73	1.4846
15	85	1.35965
15	137	0.5325
15	149	0.545318
15	155	0.531624
15	156	1.41319
15	157	0.512265
15	164	0.528225
16	75	0.454221
16	90	1.29058
16	109	1.32313
16	112	1.49854
16	114	1.38195
16	115	1.3424
16	136	1.37744
16	159	0.46049
16	162	1.38594
16	170	0.589519
16	174	0.611749
16	177	0.531755
17	48	0.638577
17	104	1.23769
17	107	1.19599
17	128	1.18834
17	130	1.16901
17	133	1.20341
17	139	1.22968
17	141	1.17326
17	150	1.20435
17	155	0.642465
17	167	0.681975
17	172	0.64015
18	22	0.431202
18	103	1.30696
18	122	1.42135
18	127	0.508965
18	130	1.3665
18	138	1.36791
18	141	1.37075
18	143	1.36631
18	146	0.542423
18	150	1.40184
18	166	0.539332
18	180	0.62989
19	122	1.40634
19	125	1.36271
19	130	1.35149
19	133	1.38589
19	141	1.35574
19	143	1.3513
19	148	0.457724
19	150	1.38683
19	154	0.541295
19	165	0.554109
19	167	0.503484
19	174	0.595333
20	30	1.29995
20	90	1.30394
20	106	0.486205
20	109	1.33649
20	112	1.5119
20	114	1.39531
20	115	1.35576
20	123	0.524981
20	144	0.549193
20	148	0.54792
20	161	0.541399
20	162	1.3993
21	28	1.49216
21	31	1.48955
21	40	1.3943
21	54	1.29076
21	55	1.32783
21	78	1.35766
21	124	0.508578
21	146	0.517723
21	163	0.518287
21	166	0.514631
21	168	1.25517
21	178	0.592503
22	18	0.431202
22	26	0.436388
22	32	0.43788
22	113	0.42971
22	138	0.46216
22	165	1.41336
22	170	1.38335
22	174	1.36483
22	175	1.31144
22	178	1.39931
22	179	1.35434
22	180	1.37074
23	2	0.379615
23	11	1.24747
23	25	1.37954
23	26	1.41454
23	47	1.31987
23	58	1.4294
23	64	0.664912
23	67	1.47653
23	96	1.33283
23	105	0.521555
23	159	0.500812
23	163	0.527838
24	2	0.427072
24	8	1.31408
24	11	1.12724
24	35	1.3495
24	51	1.2751
24	53	1.2821
24	56	1.30529
24	80	1.35543
24	99	0.534023
24	159	0.54827
24	160	1.39943
24	173	0.672229
24	177	0.619534
25	23	1.37954
25	26	1.28367
25	43	1.21127
25	47	1.189
25	58	1.29854
25	67	1.34566
25	94	1.34384
25	120	1.3565
25	127	0.511136
25	148	0.531783
25	154	0.615353
25	158	0.531952
25	179	0.660966
26	11	1.1516
26	22	0.436388
26	23	1.41454
26	25	1.28367
26	43	1.24626
26	47	1.224
26	67	1.38066
26	72	1.31697
26	120	1.3915
26	135	0.599262
26	165	0.631182
26	166	0.544518
26	169	0.590217
27	92	1.17848
27	102	1.36082
27	113	1.26403
27	122	1.34361
27	126	1.29503
27	129	0.494615
27	134	0.47848
27	139	1.34943
27	143	1.28857
27	150	1.3241
27	170	0.613827
27	174	0.636056
27	179	0.627631
28	6	1.35163
28	21	1.49216
28	40	1.58109
28	54	1.47754
28	55	1.51461
28	61	0.453741
28	68	0.400558
28	78	1.54444
28	152	0.475314
28	167	0.506508
28	168	1.44195
28	177	0.518363
28	178	0.548341
29	46	1.33296
29	63	1.31405
29	66	1.1725
29	70	1.34156
29	74	1.24695
29	79	1.32706
29	87	1.35173
29	99	0.446813
29	136	1.33302
29	170	0.590088
29	175	0.650167
29	178	0.562302
29	179	0.603893
30	20	1.29995
30	100	1.2835
30	109	1.23908
30	112	1.4145
30	114	1.29791
30	115	1.25836
30	145	1.30518
30	147	0.573273
30	151	0.51455
30	161	0.550038
30	162	1.3019
30	167	0.602319
30	169	0.61198
31	7	1.55134
31	21	1.48955
31	42	1.40487
31	54	1.47492
31	59	0.503073
31	78	1.54183
31	107	1.5012
31	147	0.446756
31	159	0.416393
31	166	0.439763
31	168	1.43934
31	174	0.567651
31	180	0.530322
32	15	1.33848
32	22	0.43788
32	33	1.27346
32	39	1.38898
32	49	1.22352
32	69	1.21406
32	71	1.28423
32	85	1.31478
32	146	0.549101
32	156	1.36831
32	158	0.536458
32	176	0.682931
32	177	0.593904
33	32	1.27346
33	34	1.20647
33	39	1.36883
33	52	1.30327
33	69	1.19391
33	73	1.41957
33	85	1.29462
33	123	0.529487
33	151	0.510416
33	156	1.34816
33	157	0.539316
33	161	0.545905
33	175	0.727883
34	33	1.20647
34	41	1.30399
34	49	1.15654
34	52	1.25644
34	69	1.14708
34	71	1.21724
34	73	1.37274
34	85	1.24779
34	156	1.30133
34	163	0.547924
34	166	0.544269
34	170	0.649927
34	173	0.644857
34	179	0.663731
35	8	1.39363
35	10	0.44055
35	24	1.3495
35	51	1.35466
35	53	1.36166
35	56	1.38484
35	75	0.503452
35	80	1.43498
35	99	0.495474
35	120	1.44669
35	157	0.510261
35	160	1.47898
35	161	0.51685
35	177	0.580986
36	62	1.30292
36	65	1.35465
36	81	1.38379
36	83	1.46257
36	84	1.46254
36	86	1.38372
36	94	0.492948
36	140	0.539872
36	142	0.471383
36	145	1.4397
36	155	0.500944
36	164	1.41409
36	165	0.591079
36	166	0.504415
37	45	1.17745
37	60	0.499188
37	62	1.15596
37	65	1.2077
37	81	1.23684
37	83	1.31562
37	84	1.31558
37	86	1.23677
37	145	1.29274
37	146	0.600215
37	151	0.545393
37	164	1.26714
37	179	0.716586
37	180	0.687682
38	13	1.40294
38	76	1.37989
38	82	1.38682
38	88	1.35798
38	118	1.39044
38	131	1.34815
38	154	0.532747
38	155	0.455427
38	156	1.44605
38	160	1.48899
38	166	0.458897
38	168	0.526899
38	179	0.578359
38	180	0.549456
39	32	1.38898
39	33	1.36883
39	41	1.46635
39	52	1.4188
39	69	1.30944
39	71	1.3796
39	85	1.41015
39	106	0.44009
39	127	0.481158
39	135	0.56627
39	156	1.46369
39	164	0.504655
39	172	0.50574
39	180	0.602084
40	6	1.25377
40	7	1.4561
40	21	1.3943
40	28	1.58109
40	42	1.30962
40	55	1.41675
40	75	0.500233
40	78	1.44658
40	98	0.470871
40	106	0.458437
40	137	0.527278
40	148	0.520152
40	165	0.616537
40	168	1.34409
41	15	1.41585
41	34	1.30399
41	39	1.46635
41	49	1.30089
41	71	1.3616
41	73	1.51709
41	85	1.39215
41	129	0.479878
41	137	0.490837
41	144	0.484984
41	146	0.496523
41	154	0.567282
41	156	1.44568
41	165	0.580096
42	2	0.447309
42	6	1.08017
42	7	1.28249
42	31	1.40487
42	40	1.30962
42	54	1.20607
42	55	1.24315
42	78	1.27298
42	107	1.23235
42	163	0.595532
42	164	0.585006
42	168	1.17049
42	169	0.637577
42	171	0.735477
43	25	1.21127
43	26	1.24626
43	47	1.15159
43	58	1.26113
43	67	1.30825
43	72	1.24456
43	94	1.30643
43	95	0.600488
43	96	1.16455
43	120	1.31909
43	168	0.611514
43	172	0.537726
43	176	0.680434
43	178	0.621384
44	46	1.63866
44	63	1.61975
44	66	1.47821
44	74	1.55265
44	79	1.63276
44	87	1.65743
44	123	0.363251
44	136	1.63872
44	142	0.362879
44	152	0.400756
44	173	0.496499
44	174	0.523798
44	176	0.532832
44	178	0.473782
45	37	1.17745
45	62	1.15573
45	65	1.20747
45	81	1.23661
45	83	1.31539
45	84	1.31536
45	86	1.23654
45	145	1.29251
45	151	0.498649
45	152	0.555225
45	164	1.26691
45	169	0.596079
45	175	0.716116
45	176	0.687301
46	29	1.33296
46	44	1.63866
46	70	1.39273
46	74	1.29811
46	75	1.42769
46	79	1.37823
46	87	1.40289
46	111	1.33445
46	149	0.438019
46	168	0.495798
46	171	0.571396
46	173	0.528384
46	176	0.564717
46	178	0.505667
47	23	1.31987
47	25	1.189
47	26	1.224
47	43	1.15159
47	58	1.23886
47	61	0.549621
47	67	1.28599
47	72	1.2223
47	94	1.28416
47	120	1.29683
47	144	0.557902
47	170	0.672008
47	177	0.614244
47	180	0.656908
48	17	0.638577
48	53	1.26776
48	56	1.29095
48	63	0.530358
48	79	0.474948
48	80	1.34109
48	84	0.468842
48	133	0.483829
48	160	1.38508
48	167	1.22697
48	170	1.15662
48	172	1.2606
48	179	1.1276
48	180	1.144
49	32	1.22352
49	34	1.15654
49	41	1.30089
49	52	1.25334
49	69	1.14398
49	71	1.21414
49	73	1.36964
49	85	1.24469
49	98	0.552131
49	142	0.578101
49	148	0.601412
49	156	1.29823
49	163	0.614788
49	180	0.701692
50	91	1.20155
50	101	1.26955
50	106	0.569727
50	108	1.24137
50	117	1.24256
50	118	1.23755
50	119	1.21084
50	129	0.627609
50	131	1.19526
50	153	0.597038
50	159	0.617792
50	160	1.3361
50	162	1.27227
50	172	0.635376
51	8	1.31923
51	13	1.31852
51	24	1.2751
51	35	1.35466
51	53	1.28725
51	56	1.31044
51	80	1.36058
51	120	1.37229
51	137	0.521884
51	140	0.559936
51	152	0.529324
51	160	1.40458
51	161	0.508237
51	172	0.518693
51	176	0.6614
52	33	1.30327
52	34	1.25644
52	39	1.4188
52	49	1.25334
52	69	1.24388
52	71	1.31404
52	73	1.46954
52	85	1.34459
52	127	0.485097
52	153	0.47134
52	156	1.39813
52	164	0.508593
52	175	0.6812
52	177	0.563358
52	178	0.593336
53	8	1.32623
53	24	1.2821
53	35	1.36166
53	48	1.26776
53	51	1.28725
53	56	1.31744
53	80	1.36758
53	106	0.440359
53	120	1.37929
53	148	0.502074
53	151	0.460065
53	160	1.41158
53	170	0.617453
53	176	0.648716
53	179	0.631257
54	7	1.35255
54	21	1.29076
54	28	1.47754
54	31	1.47492
54	42	1.20607
54	55	1.3132
54	78	1.34304
54	99	0.504039
54	107	1.30241
54	159	0.518287
54	164	0.534786
54	168	1.24054
54	172	0.535871
54	177	0.589551
54	178	0.619529
55	6	1.1873
55	21	1.32783
55	28	1.51461
55	40	1.41675
55	42	1.24315
55	54	1.3132
55	78	1.38011
55	107	1.33948
55	129	0.527364
55	151	0.489188
55	166	0.540918
55	167	0.576957
55	168	1.27762
55	172	0.535132
55	180	0.631476
56	11	1.16258
56	24	1.30529
56	35	1.38484
56	48	1.29095
56	51	1.31044
56	53	1.31744
56	80	1.39077
56	94	0.505644
56	120	1.40248
56	149	0.527334
56	155	0.51364
56	160	1.43477
56	168	0.585112
56	169	0.562811
56	180	0.607669
57	76	1.3126
57	95	0.506661
57	101	1.35516
57	108	1.32699
57	116	1.29911
57	117	1.32817
57	118	1.32316
57	131	1.28087
57	160	1.42171
57	162	1.35788
57	163	0.453341
57	170	0.555344
57	171	0.593286
57	174	0.577573
57	175	0.615422
58	23	1.4294
58	25	1.29854
58	43	1.26113
58	47	1.23886
58	67	1.39552
58	72	1.33183
58	94	1.3937
58	96	1.25182
58	120	1.40636
58	121	0.489527
58	132	0.518751
58	161	0.532505
58	164	0.541876
58	169	0.594446
58	178	0.626618
59	31	0.503073
59	76	0.577289
59	103	0.603893
59	131	0.567345
59	132	1.33775
59	144	1.30792
59	156	0.543691
59	166	1.26397
59	167	1.20022
59	168	1.19636
59	172	1.23386
59	175	1.05795
59	177	1.18289
59	179	1.10085
59	180	1.11725
60	7	0.453376
60	37	0.499188
60	110	0.405039
60	112	0.335962
60	115	0.432343
60	143	0.452806
60	162	0.371925
60	170	1.41788
60	172	1.52187
60	173	1.42059
60	174	1.39936
60	175	1.34597
60	176	1.37966
60	177	1.4709
60	178	1.43384
60	180	1.40527
61	28	0.453741
61	47	0.549621
61	67	0.495794
61	102	0.485533
61	126	0.51601
61	141	0.49967
61	144	1.40798
61	157	1.41429
61	165	1.25993
61	172	1.33392
61	173	1.23264
61	174	1.21141
61	176	1.1917
61	177	1.28295
61	178	1.24588
61	180	1.21731
62	5	1.26759
62	36	1.30292
62	37	1.15596
62	45	1.15573
62	65	1.18598
62	81	1.21512
62	83	1.2939
62	84	1.29387
62	86	1.21505
62	93	0.593012
62	145	1.27103
62	152	0.570058
62	154	0.639062
62	164	1.24542
62	167	0.601252
62	178	0.643084
62	180	0.655771
63	4	1.39649
63	29	1.31405
63	44	1.61975
63	48	0.530358
63	66	1.20476
63	70	1.37382
63	74	1.27921
63	79	1.35932
63	87	1.38398
63	111	1.31554
63	121	0.478497
63	136	1.36528
63	149	0.54794
63	151	0.485986
63	153	0.493593
63	166	0.537716
63	180	0.628275
64	23	0.664912
64	88	0.644597
64	89	0.604707
64	94	1.23634
64	96	1.09446
64	130	0.684501
64	140	1.14022
64	146	1.20923
64	148	1.23503
64	151	1.25683
64	162	0.61059
64	172	1.15681
64	174	1.0343
64	177	1.10584
64	178	1.06878
64	179	1.02381
64	180	1.04021
65	36	1.35465
65	37	1.2077
65	45	1.20747
65	62	1.18598
65	81	1.26686
65	83	1.34564
65	84	1.34561
65	86	1.26679
65	145	1.32276
65	164	1.29716
65	169	0.508774
65	170	0.568732
65	171	0.606674
65	174	0.590962
65	175	0.62881
65	176	0.599995
66	4	1.25494
66	29	1.1725
66	44	1.47821
66	63	1.20476
66	70	1.23227
66	74	1.13766
66	75	1.26723
66	79	1.21777
66	87	1.24244
66	111	1.17399
66	121	0.515442
66	136	1.22373
66	158	0.565111
66	165	0.661326
66	172	0.568876
66	175	0.740398
66	178	0.652534
67	2	0.367954
67	11	1.21359
67	23	1.47653
67	25	1.34566
67	26	1.38066
67	43	1.30825
67	47	1.28599
67	58	1.39552
67	61	0.495794
67	94	1.44082
67	96	1.29895
67	120	1.45349
67	129	0.498968
67	159	0.489152
67	163	0.516177
67	176	0.649443
67	179	0.631984
68	28	0.400558
68	77	0.478341
68	80	0.442432
68	103	0.470672
68	108	0.447116
68	143	0.480831
68	154	1.3894
68	160	0.376162
68	163	1.42565
68	166	1.45087
68	169	1.37255
68	172	1.42075
68	175	1.24485
68	177	1.36978
68	178	1.33271
68	179	1.28775
68	180	1.30414
69	15	1.25894
69	32	1.21406
69	33	1.19391
69	34	1.14708
69	39	1.30944
69	49	1.14398
69	52	1.24388
69	71	1.20468
69	73	1.36018
69	85	1.23523
69	121	0.508236
69	134	0.537767
69	156	1.28877
69	172	0.56167
69	175	0.733192
69	176	0.704377
69	180	0.658014
70	4	1.424
70	29	1.34156
70	46	1.39273
70	63	1.37382
70	66	1.23227
70	74	1.30672
70	79	1.38683
70	87	1.41149
70	111	1.34305
70	136	1.39279
70	144	0.458638
70	148	0.457365
70	154	0.540935
70	175	0.632822
70	176	0.604007
70	177	0.51498
70	178	0.544957
71	15	1.3291
71	32	1.28423
71	34	1.21724
71	39	1.3796
71	41	1.3616
71	49	1.21414
71	52	1.31404
71	69	1.20468
71	73	1.43035
71	85	1.3054
71	124	0.545547
71	132	0.521605
71	153	0.507476
71	156	1.35893
71	166	0.5516
71	172	0.545814
71	173	0.652189
71	178	0.629472
72	26	1.31697
72	43	1.24456
72	47	1.2223
72	58	1.33183
72	96	1.23526
72	100	1.33986
72	109	1.29544
72	115	1.31472
72	120	1.3898
72	136	1.34976
72	151	0.475065
72	155	0.523325
72	161	0.510554
72	162	1.35825
72	164	0.519925
72	165	0.61346
72	176	0.663717
72	179	0.646258
73	15	1.4846
73	33	1.41957
73	34	1.37274
73	41	1.51709
73	49	1.36964
73	52	1.46954
73	69	1.36018
73	71	1.43035
73	85	1.46089
73	95	0.535781
73	99	0.441187
73	105	0.476177
73	129	0.465251
73	134	0.449117
73	154	0.552655
73	156	1.51443
73	172	0.473019
73	174	0.606693
74	4	1.32938
74	29	1.24695
74	44	1.55265
74	46	1.29811
74	63	1.27921
74	66	1.13766
74	70	1.30672
74	75	1.34167
74	79	1.29221
74	87	1.31688
74	132	0.491688
74	136	1.29818
74	158	0.512132
74	161	0.505442
74	172	0.515897
74	175	0.68742
74	178	0.599555
74	179	0.641146
75	16	0.454221
75	35	0.503452
75	40	0.500233
75	46	1.42769
75	66	1.26723
75	74	1.34167
75	79	1.42179
75	86	0.501037
75	87	1.44645
75	117	0.480111
75	130	0.514132
75	145	0.457609
75	170	1.27161
75	175	1.19969
75	176	1.23338
75	178	1.28756
75	179	1.24259
75	180	1.25899
76	9	1.16492
76	38	1.37989
76	57	1.3126
76	59	0.577289
76	88	1.28877
76	91	1.28524
76	116	1.29719
76	117	1.32625
76	119	1.29453
76	124	0.507926
76	131	1.27895
76	132	0.483984
76	159	0.490609
76	160	1.41979
76	162	1.35596
76	164	0.507109
76	171	0.65758
76	175	0.679716
77	68	0.478341
77	92	1.19169
77	102	1.37403
77	113	1.27724
77	121	0.489032
77	126	1.30824
77	130	1.30198
77	133	1.33638
77	135	0.602996
77	138	1.30339
77	139	1.36265
77	140	0.583709
77	141	1.30623
77	143	1.30178
77	148	0.538531
77	150	1.33732
77	164	0.541382
77	179	0.667714
78	6	1.21713
78	7	1.41945
78	21	1.35766
78	28	1.54444
78	31	1.54183
78	40	1.44658
78	42	1.27298
78	54	1.34304
78	55	1.38011
78	95	0.56005
78	99	0.465457
78	107	1.36932
78	134	0.473387
78	149	0.513298
78	155	0.499604
78	165	0.589739
78	168	1.30745
78	169	0.548775
78	177	0.550969
79	4	1.4095
79	29	1.32706
79	44	1.63276
79	46	1.37823
79	48	0.474948
79	63	1.35932
79	66	1.21777
79	70	1.38683
79	74	1.29221
79	75	1.42179
79	87	1.39699
79	136	1.37829
79	148	0.472586
79	155	0.478837
79	161	0.466066
79	165	0.568971
79	170	0.587965
79	171	0.625907
79	172	0.476521
80	8	1.39955
80	11	1.21272
80	13	1.39885
80	24	1.35543
80	35	1.43498
80	48	1.34109
80	51	1.36058
80	53	1.36758
80	56	1.39077
80	68	0.442432
80	120	1.45262
80	121	0.453123
80	155	0.508872
80	160	1.4849
80	161	0.496101
80	163	0.515998
80	168	0.580345
80	172	0.506557
80	176	0.649264
81	5	1.34846
81	12	1.58864
81	36	1.38379
81	37	1.23684
81	45	1.23661
81	62	1.21512
81	65	1.26686
81	83	1.37478
81	84	1.37474
81	86	1.29592
81	98	0.465864
81	99	0.487248
81	123	0.492206
81	124	0.518813
81	145	1.3519
81	157	0.502035
81	164	1.3263
81	170	0.630523
81	176	0.661787
81	179	0.644328
82	38	1.38682
82	88	1.29571
82	91	1.29217
82	101	1.36017
82	108	1.332
82	116	1.30412
82	117	1.33318
82	118	1.32817
82	119	1.30146
82	131	1.28588
82	132	0.501205
82	137	0.528604
82	142	0.498168
82	154	0.605049
82	159	0.507829
82	160	1.42672
82	162	1.36289
82	164	0.524329
82	168	0.599201
82	170	0.636858
83	5	1.42725
83	36	1.46257
83	37	1.31562
83	45	1.31539
83	62	1.2939
83	65	1.34564
83	81	1.37478
83	84	1.45353
83	86	1.37471
83	95	0.558714
83	105	0.49911
83	132	0.471743
83	145	1.43068
83	153	0.457614
83	164	1.40508
83	167	0.537777
83	172	0.495952
83	174	0.629626
83	177	0.549632
84	5	1.42721
84	36	1.46254
84	37	1.31558
84	45	1.31536
84	48	0.468842
84	62	1.29387
84	65	1.34561
84	81	1.37474
84	83	1.45353
84	86	1.37467
84	94	0.464734
84	134	0.446512
84	145	1.43065
84	154	0.55005
84	157	0.45337
84	164	1.40505
84	171	0.619801
84	178	0.554072
84	179	0.595663
85	15	1.35965
85	32	1.31478
85	33	1.29462
85	34	1.24779
85	39	1.41015
85	41	1.39215
85	49	1.24469
85	52	1.34459
85	69	1.23523
85	71	1.3054
85	73	1.46089
85	146	0.519543
85	153	0.472328
85	156	1.38948
85	161	0.50021
85	163	0.520107
85	172	0.510665
85	173	0.61704
85	176	0.653373
85	180	0.60701
86	5	1.34839
86	12	1.58857
86	36	1.38372
86	37	1.23677
86	45	1.23654
86	62	1.21505
86	65	1.26679
86	75	0.501037
86	81	1.29592
86	83	1.37471
86	84	1.37467
86	137	0.528082
86	145	1.35183
86	147	0.53767
86	152	0.535522
86	153	0.486553
86	159	0.507306
86	164	1.32623
86	165	0.617341
86	170	0.636335
87	4	1.43416
87	29	1.35173
87	44	1.65743
87	46	1.40289
87	63	1.38398
87	66	1.24244
87	70	1.41149
87	74	1.31688
87	75	1.44645
87	79	1.39699
87	98	0.451349
87	111	1.35321
87	134	0.480662
87	136	1.40295
87	137	0.507755
87	149	0.520574
87	152	0.515196
87	164	0.50348
87	169	0.556051
87	172	0.504565
87	173	0.610939
88	9	1.14301
88	38	1.35798
88	64	0.644597
88	76	1.28877
88	82	1.29571
88	91	1.26333
88	101	1.33133
88	108	1.30316
88	116	1.27528
88	117	1.30434
88	118	1.29933
88	131	1.25704
88	144	0.49542
88	151	0.452137
88	156	1.35494
88	162	1.33405
88	169	0.549568
88	173	0.604456
88	174	0.631755
88	177	0.551762
88	179	0.62333
89	64	0.604707
89	96	0.560466
89	107	1.41227
89	111	1.3903
89	113	1.36055
89	121	0.404758
89	125	1.39651
89	126	1.39155
89	128	1.40462
89	133	1.41969
89	138	1.3867
89	139	1.44596
89	141	1.38954
89	143	1.3851
89	146	0.467069
89	148	0.454257
89	150	1.42063
89	157	0.441147
89	165	0.550642
89	173	0.564566
89	180	0.554536
90	1	1.30774
90	14	1.29225
90	16	1.29058
90	20	1.30394
90	96	0.640042
90	100	1.28749
90	103	1.18309
90	109	1.24307
90	112	1.41849
90	114	1.3019
90	115	1.26235
90	136	1.29739
90	144	0.535105
90	145	1.30917
90	148	0.533832
90	152	0.548399
90	155	0.540082
90	157	0.520723
90	162	1.30588
90	178	0.621425
90	179	0.663015
91	50	1.20155
91	76	1.28524
91	82	1.29217
91	88	1.26333
91	101	1.32779
91	108	1.29962
91	116	1.27175
91	117	1.30081
91	118	1.29579
91	119	1.26909
91	127	0.52665
91	131	1.2535
91	144	0.54857
91	147	0.564011
91	152	0.561863
91	156	1.35141
91	160	1.39435
91	163	0.560673
91	172	0.551232
91	174	0.684905
91	177	0.604912
92	27	1.17848
92	77	1.19169
92	102	1.23651
92	104	1.23314
92	107	1.19143
92	110	1.29206
92	122	1.2193
92	125	1.17568
92	129	0.643799
92	130	1.16445
92	134	0.627664
92	138	1.16586
92	139	1.22513
92	140	0.692809
92	141	1.1687
92	142	0.62432
92	143	1.16426
92	150	1.1998
92	153	0.613228
92	155	0.653882
92	167	0.693391
93	13	0.491316
93	62	0.593012
93	116	0.530578
93	121	1.44807
93	128	0.539813
93	135	1.25048
93	143	0.578542
93	148	1.3564
93	149	1.33314
93	150	0.550245
93	158	1.3174
93	160	0.473872
93	173	1.17691
93	174	1.15568
93	175	1.10229
93	176	1.13598
93	177	1.22722
93	178	1.19016
93	179	1.14519
93	180	1.16159
94	6	0.609592
94	25	1.34384
94	36	0.492948
94	43	1.30643
94	47	1.28416
94	56	0.505644
94	58	1.3937
94	64	1.23634
94	67	1.44082
94	84	0.464734
94	96	1.29712
94	112	0.422431
94	138	0.558823
94	145	0.475782
94	156	0.468914
94	170	1.25548
94	171	1.23249
94	174	1.23696
94	176	1.21726
94	177	1.3085
94	180	1.24287
95	43	0.600488
95	57	0.506661
95	73	0.535781
95	78	0.56005
95	83	0.558714
95	115	0.587254
95	116	0.559754
95	134	1.39477
95	152	1.30761
95	154	1.25826
95	165	1.21562
95	166	1.31973
95	167	1.25597
95	171	1.16263
95	174	1.1671
95	176	1.1474
95	177	1.23864
95	178	1.20158
95	179	1.15661
95	180	1.17301
96	13	0.560005
96	23	1.33283
96	43	1.16455
96	58	1.25182
96	64	1.09446
96	67	1.29895
96	72	1.23526
96	89	0.560466
96	90	0.640042
96	94	1.29712
96	112	0.530386
96	125	0.599479
96	147	1.26741
96	160	0.542561
96	162	0.566349
96	166	1.24771
96	172	1.21759
96	176	1.07538
96	178	1.12956
96	179	1.08459
96	180	1.10099
97	5	0.533892
97	107	0.542994
97	114	0.530352
97	117	0.540597
97	133	0.522034
97	135	1.27944
97	139	0.528048
97	140	1.29055
97	142	1.37535
97	161	1.35232
97	162	0.500707
97	165	1.23316
97	170	1.20315
97	171	1.18016
97	173	1.20587
97	175	1.13124
97	176	1.16493
97	178	1.21911
97	179	1.17414
97	180	1.19054
98	40	0.470871
98	49	0.552131
98	81	0.465864
98	87	0.451349
98	101	0.448315
98	114	0.440504
98	138	0.511288
98	155	1.47248
98	156	0.421379
98	160	0.387071
98	163	1.44889
98	169	1.39578
98	170	1.33999
98	171	1.317
98	173	1.3427
98	174	1.32147
98	175	1.26808
98	176	1.30177
98	177	1.39301
98	178	1.35595
98	179	1.31098
98	180	1.32738
99	9	1.26602
99	24	0.534023
99	29	0.446813
99	35	0.495474
99	54	0.504039
99	73	0.441187
99	78	0.465457
99	81	0.487248
99	119	1.39563
99	128	0.474396
99	131	1.38005
99	145	0.449631
99	156	1.47795
99	160	1.52089
99	162	1.45706
99	166	1.42653
99	171	1.26943
99	173	1.29514
99	176	1.2542
99	178	1.30838
99	179	1.26341
99	180	1.27981
100	1	1.38471
100	14	1.36921
100	30	1.2835
100	72	1.33986
100	90	1.28749
100	103	1.26006
100	109	1.32003
100	112	1.49545
100	114	1.37886
100	115	1.33931
100	123	0.485484
100	136	1.37435
100	140	0.5536
100	142	0.485111
100	145	1.38613
100	149	0.528367
100	151	0.466413
100	152	0.522989
100	162	1.38285
100	167	0.554182
100	171	0.661743
100	178	0.596015
101	50	1.26955
101	57	1.35516
101	82	1.36017
101	88	1.33133
101	91	1.32779
101	98	0.448315
101	108	1.36762
101	116	1.33975
101	117	1.3688
101	118	1.36379
101	119	1.33709
101	123	0.474657
101	131	1.3215
101	135	0.562061
101	155	0.503846
101	158	0.497765
101	160	1.46235
101	162	1.39852
101	163	0.510972
101	171	0.650917
101	177	0.555211
101	180	0.597875
102	27	1.36082
102	61	0.485533
102	77	1.37403
102	92	1.23651
102	103	1.28726
102	110	1.4744
102	113	1.32206
102	122	1.40164
102	125	1.35801
102	128	1.36613
102	134	0.472573
102	138	1.3482
102	141	1.35104
102	142	0.469229
102	143	1.3466
102	147	0.509254
102	150	1.38214
102	163	0.505917
102	166	0.502261
102	175	0.667997
102	176	0.639182
102	177	0.550155
103	18	1.30696
103	59	0.603893
103	68	0.470672
103	90	1.18309
103	100	1.26006
103	102	1.28726
103	109	1.21564
103	112	1.39105
103	114	1.27446
103	115	1.23492
103	128	1.23454
103	130	1.2152
103	133	1.2496
103	137	0.537988
103	138	1.21661
103	147	0.547576
103	150	1.25054
103	154	0.614433
103	162	1.27845
103	168	0.608585
103	173	0.641172
103	176	0.677504
104	17	1.23769
104	92	1.23314
104	110	1.47103
104	122	1.39827
104	125	1.35464
104	126	1.34969
104	128	1.36276
104	133	1.37782
104	138	1.34483
104	139	1.40409
104	141	1.34767
104	142	0.470602
104	143	1.34323
104	149	0.513858
104	150	1.37876
104	153	0.45951
104	159	0.480264
104	161	0.487393
104	165	0.590298
104	168	0.571636
104	171	0.647234
104	174	0.631522
105	11	0.681905
105	23	0.521555
105	73	0.476177
105	83	0.49911
105	107	0.50952
105	114	0.496878
105	118	0.513494
105	125	0.500363
105	132	1.4166
105	151	1.41273
105	153	1.43063
105	163	1.31761
105	169	1.26451
105	171	1.18573
105	173	1.21143
105	174	1.1902
105	175	1.13681
105	176	1.1705
105	177	1.26174
105	178	1.22468
105	179	1.17971
105	180	1.19611
106	20	0.486205
106	39	0.44009
106	40	0.458437
106	50	0.569727
106	53	0.440359
106	109	0.465525
106	116	0.431342
106	117	0.438315
106	132	1.52696
106	143	0.479306
106	166	1.45319
106	167	1.38943
106	169	1.37487
106	171	1.29609
106	172	1.42307
106	174	1.30056
106	175	1.24717
106	176	1.28086
106	177	1.3721
106	178	1.33504
106	179	1.29007
106	180	1.30647
107	3	1.37419
107	6	1.17651
107	17	1.19599
107	31	1.5012
107	42	1.23235
107	54	1.30241
107	55	1.33948
107	78	1.36932
107	89	1.41227
107	92	1.19143
107	97	0.542994
107	105	0.50952
107	110	1.42932
107	134	0.482459
107	138	1.30313
107	141	1.30596
107	155	0.508677
107	168	1.26683
107	172	0.506361
107	173	0.612736
107	174	0.640035
107	177	0.560042
107	178	0.590019
108	9	1.1793
108	50	1.24137
108	57	1.32699
108	68	0.447116
108	82	1.332
108	88	1.30316
108	91	1.29962
108	101	1.36762
108	116	1.31157
108	117	1.34063
108	118	1.33562
108	119	1.30891
108	131	1.29333
108	135	0.571771
108	152	0.521872
108	156	1.39123
108	158	0.507475
108	162	1.37034
108	163	0.520682
108	169	0.562727
108	170	0.622684
108	175	0.682763
108	177	0.564921
109	1	1.34029
109	14	1.32479
109	16	1.32313
109	20	1.33649
109	30	1.23908
109	72	1.29544
109	90	1.24307
109	100	1.32003
109	103	1.21564
109	106	0.465525
109	112	1.45103
109	114	1.33444
109	115	1.29489
109	127	0.506594
109	134	0.507273
109	145	1.34171
109	152	0.541806
109	161	0.520719
109	162	1.33843
109	168	0.604963
109	177	0.584855
109	178	0.614833
109	179	0.656423
110	60	0.405039
110	92	1.29206
110	102	1.4744
110	104	1.47103
110	107	1.42932
110	124	0.496922
110	125	1.41356
110	126	1.40861
110	128	1.42168
110	130	1.40234
110	132	0.47298
110	133	1.43674
110	134	0.473286
110	137	0.500379
110	138	1.40375
110	141	1.40659
110	143	1.40215
110	150	1.43768
110	158	0.493423
110	167	0.539014
110	172	0.497189
110	177	0.550869
110	179	0.622437
111	4	1.36572
111	46	1.33445
111	63	1.31554
111	66	1.17399
111	70	1.34305
111	87	1.35321
111	89	1.3903
111	121	0.433521
111	126	1.28601
111	136	1.33451
111	138	1.28116
111	139	1.34042
111	141	1.284
111	143	1.27956
111	150	1.31509
111	166	0.492741
111	167	0.52878
111	168	0.560743
111	169	0.538441
111	173	0.59333
111	174	0.620629
111	175	0.658477
111	176	0.629662
112	14	1.50021
112	16	1.49854
112	20	1.5119
112	30	1.4145
112	60	0.335962
112	90	1.41849
112	94	0.422431
112	96	0.530386
112	100	1.49545
112	103	1.39105
112	109	1.45103
112	114	1.50986
112	115	1.47031
112	129	0.420344
112	136	1.50535
112	140	0.469355
112	145	1.51713
112	162	1.51384
112	166	0.433898
112	167	0.469937
112	171	0.577498
112	173	0.534487
112	177	0.481792
112	180	0.524457
113	22	0.42971
113	27	1.26403
113	77	1.27724
113	89	1.36055
113	102	1.32206
113	122	1.30485
113	125	1.26122
113	126	1.25626
113	128	1.26934
113	130	1.25
113	133	1.2844
113	138	1.25141
113	139	1.31067
113	141	1.25425
113	143	1.24981
113	149	0.548063
113	150	1.28534
113	151	0.486109
113	159	0.514469
113	169	0.58354
113	170	0.643498
113	174	0.665727
113	176	0.674761
113	179	0.657302
114	1	1.39911
114	14	1.38362
114	16	1.38195
114	20	1.39531
114	30	1.29791
114	90	1.3019
114	97	0.530352
114	98	0.440504
114	100	1.37886
114	103	1.27446
114	105	0.496878
114	109	1.33444
114	112	1.50986
114	115	1.35372
114	135	0.55425
114	136	1.38876
114	142	0.466474
114	145	1.40054
114	147	0.506499
114	159	0.476135
114	162	1.39725
114	163	0.503161
114	173	0.600094
114	178	0.577377
115	1	1.35957
115	14	1.34407
115	16	1.3424
115	20	1.35576
115	30	1.25836
115	60	0.432343
115	72	1.31472
115	90	1.26235
115	95	0.587254
115	100	1.33931
115	103	1.23492
115	109	1.29489
115	112	1.47031
115	114	1.35372
115	123	0.497619
115	135	0.585023
115	136	1.34921
115	142	0.497247
115	145	1.36099
115	149	0.540502
115	155	0.526808
115	157	0.507448
115	162	1.35771
115	168	0.598281
115	173	0.630867
116	12	1.58249
116	13	1.32025
116	57	1.29911
116	76	1.29719
116	82	1.30412
116	88	1.27528
116	91	1.27175
116	93	0.530578
116	95	0.559754
116	101	1.33975
116	106	0.431342
116	108	1.31157
116	117	1.31276
116	118	1.30775
116	130	0.461594
116	131	1.26546
116	137	0.500183
116	153	0.458654
116	156	1.36336
116	160	1.4063
116	162	1.34247
116	163	0.506434
116	169	0.548478
116	176	0.639699
116	179	0.62224
117	10	0.417208
117	50	1.24256
117	57	1.32817
117	75	0.480111
117	76	1.32625
117	82	1.33318
117	88	1.30434
117	91	1.30081
117	97	0.540597
117	101	1.3688
117	106	0.438315
117	108	1.34063
117	116	1.31276
117	118	1.3368
117	119	1.3101
117	131	1.29452
117	137	0.507155
117	140	0.545207
117	156	1.39242
117	160	1.43536
117	162	1.37153
117	168	0.577752
117	169	0.55545
117	174	0.637638
117	180	0.600309
118	38	1.39044
118	50	1.23755
118	57	1.32316
118	82	1.32817
118	88	1.29933
118	91	1.29579
118	101	1.36379
118	105	0.513494
118	108	1.33562
118	116	1.30775
118	117	1.3368
118	119	1.30509
118	131	1.2895
118	132	0.486127
118	147	0.523115
118	153	0.471998
118	156	1.3874
118	157	0.493292
118	160	1.43035
118	162	1.36652
118	166	0.516122
118	168	0.584124
118	170	0.62178
118	179	0.635584
118	180	0.606681
119	12	1.57983
119	13	1.31759
119	50	1.21084
119	76	1.29453
119	82	1.30146
119	91	1.26909
119	99	1.39563
119	101	1.33709
119	108	1.30891
119	117	1.3101
119	118	1.30509
119	131	1.2628
119	148	0.469155
119	155	0.475405
119	156	1.3607
119	160	1.40364
119	162	1.33981
119	167	0.514914
119	172	0.473089
119	173	0.579464
119	174	0.606763
119	175	0.644612
119	176	0.615797
119	177	0.52677
119	179	0.598337
120	8	1.41126
120	11	1.22443
120	25	1.3565
120	26	1.3915
120	35	1.44669
120	43	1.31909
120	47	1.29683
120	51	1.37229
120	53	1.37929
120	56	1.40248
120	58	1.40636
120	67	1.45349
120	72	1.3898
120	80	1.45262
120	144	0.479228
120	146	0.490767
120	159	0.464305
120	160	1.49661
120	161	0.471434
120	163	0.491331
120	164	0.480805
120	167	0.523714
120	169	0.533375
120	171	0.631276
120	179	0.607138
120	180	0.578234
121	58	0.489527
121	63	0.478497
121	66	0.515442
121	69	0.508236
121	77	0.489032
121	80	0.453123
121	89	0.404758
121	93	1.44807
121	111	0.433521
121	139	0.437981
121	145	0.428029
121	151	1.54985
121	159	1.51504
121	161	1.495
121	162	0.41064
121	169	1.40162
121	170	1.34583
121	171	1.32284
121	172	1.44982
121	173	1.34855
121	174	1.32731
121	175	1.27392
121	176	1.30761
121	178	1.36179
121	179	1.31682
121	180	1.33322
122	18	1.42135
122	19	1.40634
122	27	1.34361
122	92	1.2193
122	102	1.40164
122	104	1.39827
122	113	1.30485
122	125	1.34081
122	126	1.33585
122	127	0.479884
122	128	1.34892
122	129	0.496698
122	130	1.32958
122	138	1.33099
122	139	1.39026
122	141	1.33383
122	143	1.32939
122	144	0.501804
122	150	1.36493
122	157	0.487421
122	164	0.503381
122	166	0.510252
122	169	0.555951
122	173	0.61084
122	176	0.647173
122	177	0.558146
122	180	0.60081
123	20	0.524981
123	33	0.529487
123	44	0.363251
123	81	0.492206
123	100	0.485484
123	101	0.474657
123	115	0.497619
123	126	0.500079
123	128	0.479354
123	137	1.45992
123	152	1.42151
123	159	1.46873
123	160	0.413413
123	161	1.44868
123	162	0.437201
123	166	1.43362
123	167	1.36987
123	170	1.29952
123	171	1.27653
123	172	1.40351
123	173	1.30223
123	175	1.2276
123	176	1.2613
123	177	1.35254
123	178	1.31547
123	179	1.2705
123	180	1.2869
124	4	0.473736
124	8	0.476067
124	21	0.508578
124	71	0.545547
124	76	0.507926
124	81	0.518813
124	110	0.496922
124	133	0.485135
124	139	0.491148
124	143	0.544689
124	149	1.40891
124	152	1.37196
124	159	1.41918
124	161	1.39913
124	167	1.32032
124	168	1.31646
124	169	1.30575
124	172	1.35396
124	173	1.25268
124	174	1.23145
124	175	1.17806
124	176	1.21175
124	177	1.30299
124	178	1.26592
124	179	1.22095
124	180	1.23735
125	19	1.36271
125	89	1.39651
125	92	1.17568
125	96	0.599479
125	102	1.35801
125	104	1.35464
125	105	0.500363
125	110	1.41356
125	113	1.26122
125	122	1.34081
125	126	1.29222
125	127	0.472623
125	128	1.30529
125	130	1.28596
125	133	1.32036
125	138	1.28737
125	139	1.34663
125	141	1.29021
125	143	1.28577
125	147	0.509984
125	150	1.3213
125	157	0.48016
125	164	0.49612
125	171	0.646591
125	177	0.550885
125	178	0.580862
125	179	0.622453
125	180	0.593549
126	3	1.35348
126	27	1.29503
126	61	0.51601
126	77	1.30824
126	89	1.39155
126	104	1.34969
126	110	1.40861
126	111	1.28601
126	113	1.25626
126	122	1.33585
126	123	0.500079
126	125	1.29222
126	128	1.30034
126	130	1.281
126	132	0.502743
126	133	1.3154
126	139	1.34167
126	141	1.28525
126	143	1.28081
126	147	0.539731
126	150	1.31634
126	154	0.606588
126	157	0.509908
126	164	0.525868
126	167	0.568777
126	172	0.526952
126	173	0.633327
126	180	0.623297
127	18	0.508965
127	25	0.511136
127	39	0.481158
127	52	0.485097
127	91	0.52665
127	109	0.506594
127	122	0.479884
127	125	0.472623
127	128	0.481646
127	131	0.473668
127	143	0.520375
127	153	1.49829
127	161	1.42554
127	163	1.38527
127	165	1.30638
127	166	1.41049
127	167	1.34673
127	170	1.27638
127	171	1.25339
127	172	1.38037
127	173	1.27909
127	174	1.25786
127	175	1.20447
127	176	1.23816
127	177	1.3294
127	178	1.29233
127	179	1.24737
127	180	1.26377
128	17	1.18834
128	89	1.40462
128	93	0.539813
128	99	0.474396
128	102	1.36613
128	103	1.23454
128	104	1.36276
128	110	1.42168
128	113	1.26934
128	122	1.34892
128	123	0.479354
128	125	1.30529
128	126	1.30034
128	127	0.481646
128	130	1.29407
128	133	1.32847
128	138	1.29548
128	139	1.35475
128	141	1.29832
128	143	1.29388
128	150	1.32942
128	161	0.495772
128	166	0.512013
128	167	0.548052
128	172	0.506227
128	175	0.67775
128	176	0.648935
128	178	0.589885
129	27	0.494615
129	41	0.479878
129	50	0.627609
129	55	0.527364
129	67	0.498968
129	73	0.465251
129	92	0.643799
129	112	0.420344
129	122	0.496698
129	143	0.537188
129	146	1.39668
129	150	0.508891
129	157	1.42463
129	161	1.38943
129	163	1.34916
129	165	1.27027
129	166	1.37437
129	167	1.31062
129	169	1.29605
129	171	1.21727
129	172	1.34425
129	173	1.24298
129	174	1.22175
129	175	1.16835
129	176	1.20204
129	177	1.29329
129	178	1.25622
129	179	1.21125
129	180	1.22765
130	10	0.45123
130	17	1.16901
130	18	1.3665
130	19	1.35149
130	64	0.684501
130	75	0.514132
130	77	1.30198
130	92	1.16445
130	103	1.2152
130	110	1.40234
130	113	1.25
130	116	0.461594
130	122	1.32958
130	125	1.28596
130	126	1.281
130	128	1.29407
130	133	1.30914
130	138	1.27615
130	139	1.33541
130	140	0.579229
130	141	1.27899
130	143	1.27455
130	150	1.31008
130	157	0.520941
130	158	0.53422
130	161	0.52753
130	170	0.64943
130	177	0.591666
130	180	0.63433
131	9	1.13318
131	38	1.34815
131	50	1.19526
131	57	1.28087
131	59	0.567345
131	76	1.27895
131	82	1.28588
131	88	1.25704
131	91	1.2535
131	99	1.38005
131	101	1.3215
131	108	1.29333
131	116	1.26546
131	117	1.29452
131	118	1.2895
131	119	1.2628
131	127	0.473668
131	144	0.495588
131	156	1.34512
131	157	0.481205
131	160	1.38806
131	162	1.32423
131	165	0.590699
131	167	0.540074
131	171	0.647635
131	173	0.604624
131	174	0.631923
131	175	0.669771
131	177	0.55193
132	7	0.521317
132	58	0.518751
132	59	1.33775
132	71	0.521605
132	74	0.491688
132	76	0.483984
132	82	0.501205
132	83	0.471743
132	105	1.4166
132	106	1.52696
132	110	0.47298
132	118	0.486127
132	126	0.502743
132	133	0.461193
132	136	0.465031
132	144	1.4579
132	155	1.41233
132	163	1.38874
132	165	1.30985
132	167	1.3502
132	168	1.34634
132	169	1.33563
132	171	1.25685
132	174	1.26133
132	175	1.20793
132	176	1.24162
132	177	1.33287
132	178	1.2958
132	179	1.25083
132	180	1.26723
133	3	1.38161
133	17	1.20341
133	19	1.38589
133	48	0.483829
133	77	1.33638
133	89	1.41969
133	97	0.522034
133	103	1.2496
133	104	1.37782
133	110	1.43674
133	113	1.2844
133	124	0.485135
133	125	1.32036
133	126	1.3154
133	128	1.32847
133	130	1.30914
133	132	0.461193
133	138	1.31055
133	139	1.36981
133	141	1.31339
133	143	1.30895
133	147	0.498181
133	149	0.501411
133	150	1.34448
133	154	0.565037
133	165	0.577852
133	168	0.55919
133	173	0.591776
133	174	0.619075
133	177	0.539082
134	27	0.47848
134	69	0.537767
134	73	0.449117
134	78	0.473387
134	84	0.446512
134	87	0.480662
134	92	0.627664
134	95	1.39477
134	102	0.472573
134	107	0.482459
134	109	0.507273
134	110	0.473286
134	137	1.44152
134	140	1.36851
134	143	0.521053
134	154	1.35376
134	158	1.42432
134	161	1.43028
134	163	1.39001
134	166	1.41523
134	167	1.35147
134	170	1.28112
134	173	1.28383
134	174	1.2626
134	175	1.20921
134	176	1.2429
134	177	1.33414
134	178	1.29707
134	179	1.25211
134	180	1.26851
135	26	0.599262
135	39	0.56627
135	77	0.602996
135	93	1.25048
135	97	1.27944
135	101	0.562061
135	108	0.571771
135	114	0.55425
135	115	0.585023
135	141	0.571142
135	144	1.3263
135	146	1.30466
135	147	1.30205
135	153	1.37015
135	156	0.535125
135	160	0.500817
135	161	1.29741
135	163	1.25714
135	165	1.17825
135	167	1.2186
135	169	1.20403
135	170	1.14825
135	172	1.25224
135	173	1.15096
135	174	1.12973
135	176	1.11003
135	178	1.1642
135	179	1.11923
135	180	1.13563
136	16	1.37744
136	29	1.33302
136	44	1.63872
136	63	1.36528
136	66	1.22373
136	70	1.39279
136	72	1.34976
136	74	1.29818
136	79	1.37829
136	87	1.40295
136	90	1.29739
136	100	1.37435
136	111	1.33451
136	112	1.50535
136	114	1.38876
136	115	1.34921
136	132	0.465031
136	145	1.39603
136	148	0.485305
136	149	0.50525
136	153	0.450902
136	158	0.485475
136	161	0.478785
136	162	1.39275
136	163	0.498682
136	166	0.495026
136	170	0.600684
136	172	0.48924
136	175	0.660762
136	178	0.572898
136	179	0.614488
137	15	0.5325
137	40	0.527278
137	41	0.490837
137	51	0.521884
137	82	0.528604
137	86	0.528082
137	87	0.507755
137	103	0.537988
137	110	0.500379
137	116	0.500183
137	117	0.507155
137	123	1.45992
137	134	1.44152
137	155	1.36485
137	157	1.41674
137	159	1.40158
137	162	0.467265
137	164	1.37469
137	165	1.26237
137	167	1.30272
137	168	1.29886
137	169	1.28816
137	170	1.23237
137	171	1.20938
137	172	1.33636
137	173	1.23508
137	174	1.21385
137	177	1.28539
137	178	1.24832
137	179	1.20336
137	180	1.21976
138	18	1.36791
138	22	0.46216
138	77	1.30339
138	89	1.3867
138	92	1.16586
138	94	0.558823
138	98	0.511288
138	102	1.3482
138	103	1.21661
138	104	1.34483
138	107	1.30313
138	110	1.40375
138	111	1.28116
138	113	1.25141
138	122	1.33099
138	125	1.28737
138	128	1.29548
138	130	1.27615
138	133	1.31055
138	139	1.33682
138	143	1.27596
138	144	0.561842
138	150	1.31149
138	151	0.51856
138	157	0.547459
138	158	0.560739
138	163	0.573945
138	166	0.57029
138	167	0.606329
138	169	0.61599
138	172	0.564504
139	3	1.40789
139	17	1.22968
139	27	1.34943
139	77	1.36265
139	89	1.44596
139	92	1.22513
139	97	0.528048
139	104	1.40409
139	111	1.34042
139	113	1.31067
139	121	0.437981
139	122	1.39026
139	124	0.491148
139	125	1.34663
139	126	1.34167
139	128	1.35475
139	130	1.33541
139	133	1.36981
139	138	1.33682
139	141	1.33966
139	143	1.33522
139	150	1.37075
139	151	0.445471
139	153	0.453077
139	154	0.571051
139	159	0.473831
139	165	0.583865
139	167	0.53324
139	173	0.59779
139	174	0.625089
139	178	0.575073
139	180	0.58776
140	7	0.586769
140	10	1.43948
140	36	0.539872
140	51	0.559936
140	64	1.14022
140	77	0.583709
140	92	0.692809
140	97	1.29055
140	100	0.5536
140	112	0.469355
140	117	0.545207
140	130	0.579229
140	134	1.36851
140	141	0.551855
140	149	1.31831
140	153	1.38127
140	155	1.29185
140	158	1.30256
140	159	1.32857
140	160	0.48153
140	161	1.30853
140	162	0.505317
140	166	1.29347
140	170	1.15936
140	171	1.13637
140	172	1.26335
140	173	1.16207
140	174	1.14084
140	175	1.08745
140	176	1.12114
140	177	1.21238
140	178	1.17532
140	179	1.13035
140	180	1.14675
141	3	1.35146
141	10	0.423856
141	17	1.17326
141	18	1.37075
141	19	1.35574
