1	129	0.910781
1	156	0.663053
1	160	1.00639
1	168	1.01489
1	170	0.990755
1	174	0.943184
1	175	0.942568
1	176	0.94271
1	177	0.972108
1	178	0.946173
1	179	0.995206
1	180	0.974735
2	53	1.15749
2	67	0.943222
2	137	0.979184
2	141	0.962638
2	143	0.989475
2	144	0.970283
2	146	0.960097
2	149	0.975423
2	150	0.969539
2	151	0.947973
2	170	2.08707
2	171	0.88309
3	56	1.97742
3	163	0.892587
3	164	0.884137
3	165	0.915801
3	168	0.928231
3	174	0.856527
3	175	0.85591
3	176	0.856052
3	177	0.885451
3	178	0.859516
3	179	0.908548
3	180	0.888078
4	13	0.740958
4	16	0.97718
4	30	1.05338
4	32	1.05321
4	39	1.1334
4	42	1.03762
4	47	1.11029
4	121	1.05507
4	145	1.08309
4	151	1.48401
4	156	1.10144
4	180	1.39358
5	72	1.0855
5	90	0.660437
5	119	1.05284
5	128	1.08576
5	133	1.06954
5	137	1.06551
5	143	1.0758
5	146	1.04643
5	148	1.06797
5	149	1.06175
5	150	1.05587
5	169	1.73532
6	10	0.909717
6	14	0.893768
6	15	0.998295
6	21	1.00398
6	22	0.90051
6	29	0.979644
6	33	0.979653
6	35	0.979127
6	38	0.981112
6	88	1.25624
6	154	1.02544
6	172	2.07744
7	95	0.57593
7	111	0.933952
7	161	1.01636
7	166	0.935292
7	172	0.971584
7	173	1.00331
7	174	0.95184
7	175	0.951224
7	176	0.951366
7	178	0.954829
7	179	1.00386
7	180	0.983391
8	77	0.927611
8	118	1.05398
8	135	1.06263
8	136	1.08643
8	138	1.07543
8	144	1.06251
8	146	1.05232
8	148	1.07387
8	149	1.06765
8	150	1.06177
8	151	1.0402
8	153	1.5275
9	136	1.10246
9	143	1.09773
9	144	1.07854
9	146	1.06835
9	147	1.20742
9	148	1.08989
9	149	1.08368
9	150	1.07779
9	162	0.987398
9	169	1.38669
9	171	0.991346
9	179	1.00886
10	6	0.909717
10	18	0.885519
10	21	0.998168
10	22	0.894699
10	29	0.973833
10	33	0.973842
10	35	0.973316
10	38	0.975301
10	92	1.79809
10	102	0.980098
10	115	1.34901
10	154	1.01963
11	17	1.00683
11	65	0.999906
11	79	1.32483
11	93	0.988823
11	105	0.947029
11	109	0.98439
11	110	0.935243
11	116	0.935323
11	130	0.932181
11	134	0.963353
11	169	0.905517
11	180	1.97065
12	34	0.970604
12	45	0.953983
12	48	0.93587
12	49	1.03473
12	51	0.935345
12	53	1.16781
12	63	0.921084
12	64	0.912469
12	76	0.961963
12	78	0.961669
12	118	1.03302
12	180	2.07217
13	4	0.740958
13	89	1.47617
13	151	1.01441
13	165	0.980164
13	170	0.96846
13	172	0.940633
13	173	0.972362
13	174	0.92089
13	175	0.920273
13	177	0.949814
13	178	0.923878
13	179	0.972911
13	180	0.95244
14	6	0.893768
14	15	0.976534
14	18	0.86957
14	21	0.982218
14	22	0.87875
14	29	0.957884
14	33	0.957893
14	35	0.957366
14	38	0.959351
14	102	0.964148
14	154	1.00368
14	159	2.09342
14	179	1.37148
15	6	0.998295
15	14	0.976534
15	18	0.974097
15	21	1.08675
15	22	0.983277
15	29	1.06241
15	33	1.06242
15	38	1.06388
15	66	0.631752
15	102	1.06868
15	154	1.1082
15	161	1.41748
15	172	1.90076
16	4	0.97718
16	19	0.861537
16	28	0.939965
16	30	0.931253
16	32	0.931088
16	39	1.01128
16	42	0.915494
16	47	0.98817
16	121	0.932948
16	145	0.960966
16	153	1.38653
16	156	0.979318
16	163	2.07781
17	11	1.00683
17	74	0.955438
17	89	0.985357
17	105	1.04969
17	109	1.08705
17	110	1.0379
17	116	1.03798
17	122	1.05321
17	126	1.04126
17	129	1.06474
17	153	1.3353
17	155	1.54648
17	169	1.00818
18	10	0.885519
18	14	0.86957
18	15	0.974097
18	21	0.979781
18	22	0.876312
18	29	0.955446
18	33	0.955455
18	35	0.954929
18	38	0.956914
18	102	0.961711
18	153	1.58189
18	154	1.00124
18	160	1.82712
19	16	0.861537
19	28	0.946445
19	30	0.937733
19	32	0.937568
19	39	1.01776
19	42	0.921974
19	47	0.99465
19	69	0.9057
19	74	1.44415
19	121	0.939428
19	145	0.967446
19	156	0.985798
19	173	2.0021
20	32	0.717261
20	109	0.957665
20	159	0.986512
20	163	0.97077
20	164	0.962319
20	172	0.954453
20	174	0.934709
20	175	0.934092
20	176	0.934235
20	177	0.963633
20	178	0.937698
20	179	0.986731
20	180	0.96626
21	6	1.00398
21	10	0.998168
21	14	0.982218
21	15	1.08675
21	18	0.979781
21	22	0.988961
21	35	1.06758
21	38	1.06956
21	43	0.648761
21	102	1.07436
21	154	1.11389
21	165	1.74779
21	168	1.40272
22	6	0.90051
22	10	0.894699
22	14	0.87875
22	15	0.983277
22	18	0.876312
22	21	0.988961
22	29	0.964626
22	33	0.964635
22	35	0.964109
22	38	0.966094
22	151	1.61133
22	154	1.01042
22	163	1.92303
23	133	1.05288
23	137	1.04886
23	140	0.80514
23	141	1.03231
23	144	1.03996
23	146	1.02977
23	148	1.05131
23	149	1.0451
23	150	1.03921
23	156	1.10046
23	162	0.948815
23	172	1.3893
23	176	1.79501
24	26	0.974898
24	70	0.980627
24	73	0.903531
24	106	0.946981
24	109	0.975771
24	116	0.926704
24	126	0.929983
24	127	0.976964
24	130	0.923562
24	134	0.954734
24	169	0.896898
24	173	1.82436
24	179	1.60444
25	66	0.864194
25	73	0.985444
25	87	1.01994
25	89	0.95599
25	95	1.05773
25	109	1.05768
25	121	1.0308
25	122	1.02384
25	126	1.0119
25	129	1.03538
25	134	1.03665
25	169	0.978812
25	173	1.43497
25	177	1.80237
26	24	0.974898
26	89	0.962045
26	105	1.02638
26	116	1.01467
26	122	1.02989
26	126	1.01795
26	129	1.04143
26	130	1.01153
26	134	1.0427
26	145	1.06487
26	160	0.97227
26	161	1.12008
26	169	0.984867
26	171	1.9696
27	56	0.428726
27	148	1.58588
27	159	0.96945
27	164	0.945257
27	168	0.989352
27	170	0.965218
27	172	0.937391
27	174	0.917648
27	175	0.917031
27	176	0.917173
27	177	0.946572
27	178	0.920636
27	179	0.969669
27	180	0.949198
28	16	0.939965
28	19	0.946445
28	30	1.01616
28	32	1.016
28	39	1.09618
28	42	1.0004
28	47	1.07308
28	69	0.984127
28	83	0.829353
28	121	1.01786
28	123	0.707767
28	145	1.04587
28	156	1.06423
28	171	2.48983
29	6	0.979644
29	10	0.973833
29	14	0.957884
29	15	1.06241
29	18	0.955446
29	22	0.964626
29	33	1.04377
29	35	1.04324
29	38	1.04523
29	61	1.23637
29	98	1.43831
29	102	1.05002
29	132	1.16444
29	154	1.08955
30	4	1.05338
30	16	0.931253
30	19	0.937733
30	28	1.01616
30	32	1.00728
30	39	1.08747
30	42	0.99169
30	47	1.06437
30	97	0.849841
30	121	1.00914
30	145	1.03716
30	147	1.25973
30	156	1.05551
30	178	2.01422
31	115	1.45789
31	131	0.961084
31	133	0.954181
31	135	0.94137
31	136	0.96517
31	138	0.954178
31	141	0.933609
31	146	0.931068
31	148	0.95261
31	149	0.946394
31	150	0.94051
31	162	0.850113
31	171	0.854061
31	179	2.16814
32	4	1.05321
32	16	0.931088
32	19	0.937568
32	20	0.717261
32	28	1.016
32	30	1.00728
32	39	1.08731
32	42	0.991526
32	47	1.0642
32	121	1.00898
32	140	1.00673
32	145	1.037
32	156	1.05535
32	176	1.9966
33	6	0.979653
33	10	0.973842
33	14	0.957893
33	15	1.06242
33	18	0.955455
33	22	0.964635
33	29	1.04377
33	35	1.04325
33	38	1.04524
33	85	1.17716
33	101	1.03501
33	102	1.05003
33	154	1.08956
33	169	1.67397
34	12	0.970604
34	37	1.03336
34	45	1.01744
34	48	0.999324
34	49	1.09819
34	51	0.998799
34	61	0.999444
34	63	0.984538
34	64	0.975923
34	76	1.02542
34	78	1.02512
34	118	1.09648
34	152	1.09924
34	161	1.84352
35	6	0.979127
35	10	0.973316
35	14	0.957366
35	18	0.954929
35	21	1.06758
35	22	0.964109
35	29	1.04324
35	33	1.04325
35	38	1.04471
35	91	1.77394
35	102	1.04951
35	118	0.583646
35	154	1.08904
35	175	1.98624
36	37	1.07383
36	64	1.01639
36	76	1.06589
36	78	1.06559
36	114	0.401865
36	118	1.13695
36	137	0.471171
36	138	0.635718
36	159	0.984757
36	160	0.996159
36	167	1.03554
36	178	0.935943
36	179	0.984976
36	180	0.964505
37	34	1.03336
37	36	1.07383
37	41	1.01736
37	45	1.01674
37	48	0.998624
37	49	1.09749
37	51	0.998099
37	63	0.983838
37	64	0.975223
37	76	1.02472
37	78	1.02442
37	79	0.866242
37	142	0.985392
37	174	2.26002
38	6	0.981112
38	10	0.975301
38	14	0.959351
38	15	1.06388
38	18	0.956914
38	21	1.06956
38	22	0.966094
38	29	1.04523
38	33	1.04524
38	35	1.04471
38	88	1.26912
38	151	1.59358
38	154	1.09102
38	157	1.28445
39	4	1.1334
39	16	1.01128
39	19	1.01776
39	28	1.09618
39	30	1.08747
39	32	1.08731
39	42	1.07171
39	47	1.14439
39	118	0.82985
39	121	1.08917
39	124	0.993763
39	139	1.16049
39	145	1.11719
39	156	1.13554
39	180	1.59251
40	84	1.0051
40	133	1.01506
40	136	1.02605
40	137	1.01104
40	141	0.994492
40	143	1.02133
40	144	1.00214
40	146	0.991951
40	148	1.01349
40	149	1.00728
40	150	1.00139
40	157	1.1441
40	162	0.910997
40	163	1.76494
40	170	1.38802
41	37	1.01736
41	49	1.08219
41	63	0.968538
41	64	0.959923
41	76	1.00942
41	78	1.00912
41	87	0.995592
41	105	0.995975
41	116	0.984269
41	129	1.01103
41	134	1.0123
41	159	1.32367
41	164	1.53016
41	169	0.954463
41	172	1.51988
42	4	1.03762
42	16	0.915494
42	19	0.921974
42	28	1.0004
42	30	0.99169
42	32	0.991526
42	39	1.07171
42	47	1.04861
42	69	0.959657
42	79	0.735821
42	121	0.993385
42	145	1.0214
42	156	1.03975
42	162	2.58044
42	179	1.05067
43	21	0.648761
43	47	0.874411
43	129	0.718797
43	157	1.07153
43	158	1.03133
43	165	1.03023
43	167	1.07354
43	170	1.01853
43	172	0.9907
43	174	0.970956
43	175	0.970339
43	176	0.970481
43	178	0.973945
43	179	1.02298
43	180	1.00251
44	130	0.544275
44	136	0.5879
44	154	0.507822
44	159	1.02807
44	163	1.01233
44	167	1.07885
44	170	1.02384
44	172	0.996009
44	173	1.02774
44	175	0.975649
44	176	0.975791
44	177	1.00519
44	178	0.979254
44	179	1.02829
44	180	1.00782
45	12	0.953983
45	34	1.01744
45	37	1.01674
45	48	0.982703
45	49	1.08157
45	51	0.982178
45	63	0.967917
45	64	0.959302
45	76	1.0088
45	78	1.0085
45	91	0.928852
45	100	0.582971
45	113	2.28957
45	118	1.07986
45	175	1.59765
46	48	0.990963
46	51	0.990438
46	63	0.976176
46	64	0.967561
46	76	1.01706
46	78	1.01676
46	103	1.02239
46	128	1.0291
46	138	1.01288
46	142	0.66561
46	146	0.989765
46	148	1.01131
46	150	0.999207
46	164	1.78973
46	178	1.81435
47	4	1.11029
47	16	0.98817
47	19	0.99465
47	28	1.07308
47	30	1.06437
47	32	1.0642
47	39	1.14439
47	42	1.04861
47	43	0.874411
47	69	1.03233
47	101	1.12126
47	118	0.950688
47	121	1.06606
47	145	1.09408
47	156	1.11243
47	167	1.3884
48	12	0.93587
48	34	0.999324
48	37	0.998624
48	45	0.982703
48	46	0.990963
48	49	1.06345
48	51	0.964066
48	63	0.949804
48	64	0.941189
48	76	0.990684
48	78	0.990389
48	91	0.910739
48	118	1.06174
48	120	0.939191
48	139	0.971323
48	162	2.60215
49	12	1.03473
49	34	1.09819
49	37	1.09749
49	41	1.08219
49	45	1.08157
49	48	1.06345
49	51	1.06293
49	63	1.04867
49	64	1.04005
49	76	1.08955
49	78	1.08925
49	91	1.0096
49	102	0.480828
49	155	1.13827
49	165	1.47632
49	172	1.80342
50	69	0.916653
50	70	0.451675
50	84	0.768215
50	158	1.03145
50	161	1.03559
50	164	0.998679
50	166	0.954521
50	172	0.990813
50	173	1.02254
50	174	0.97107
50	175	0.970453
50	176	0.970595
50	177	0.999994
50	178	0.974058
50	179	1.02309
50	180	1.00262
51	12	0.935345
51	34	0.998799
51	37	0.998099
51	45	0.982178
51	46	0.990438
51	48	0.964066
51	49	1.06293
51	63	0.949279
51	64	0.940664
51	76	0.990159
51	78	0.989864
51	91	0.910214
51	118	1.06122
51	139	0.930643
51	147	1.23025
51	171	2.31609
52	71	0.320676
52	73	0.742524
52	93	0.0751408
52	116	0.641073
52	155	1.13075
52	160	1.1086
52	161	1.10992
52	163	1.08146
52	172	1.06514
52	174	1.0454
52	175	1.04478
52	176	1.04492
52	177	1.07432
52	178	1.04839
52	179	1.09742
52	180	1.07695
53	2	1.15749
53	12	1.16781
53	136	0.42854
53	157	1.05405
53	160	1.01667
53	167	1.05605
53	168	1.02517
53	170	1.00104
53	173	1.00494
53	174	0.95347
53	175	0.952854
53	176	0.952996
53	177	0.982394
53	178	0.956459
53	179	1.00549
53	180	0.985021
54	82	1.32536
54	111	1.04226
54	133	1.00165
54	135	0.988841
54	137	0.997626
54	138	1.00165
54	141	0.98108
54	142	1.30201
54	143	1.00792
54	144	0.988726
54	148	1.00008
54	149	0.993866
54	150	0.987982
54	160	1.78477
54	162	0.897585
54	171	0.901532
55	65	1.03163
55	73	0.94387
55	93	1.02054
55	99	0.952665
55	106	0.98732
55	116	0.967043
55	122	0.982264
55	126	0.970322
55	127	1.0173
55	130	0.963901
55	134	0.995073
55	145	1.01724
55	151	1.22849
55	162	2.33686
55	169	0.937237
55	173	1.02701
56	3	1.97742
56	27	0.428726
56	84	0.990545
56	114	0.97749
56	131	1.00741
56	137	0.996481
56	138	1.00051
56	141	0.979936
56	143	1.00677
56	144	0.987581
56	146	0.977395
56	148	0.998937
56	149	0.992721
56	150	0.986837
56	171	0.900388
56	173	1.2233
57	63	0.771058
57	99	1.06521
57	122	0.179803
57	158	1.02505
57	161	1.02919
57	165	1.02394
57	166	0.948121
57	168	1.03637
57	170	1.01224
57	174	0.964669
57	175	0.964052
57	176	0.964195
57	177	0.993593
57	178	0.967658
57	179	1.01669
57	180	0.99622
58	70	1.02037
58	71	1.00427
58	87	0.977767
58	95	1.01555
58	99	0.952065
58	105	0.97815
58	110	0.966363
58	115	0.499864
58	122	0.981664
58	126	0.969723
58	129	0.993203
58	134	0.994473
58	145	1.01664
58	162	2.31747
58	169	0.936638
58	178	1.74075
59	73	1.68885
59	107	0.949577
59	148	1.08734
59	159	0.93483
59	163	0.919088
59	164	0.910637
59	165	0.942302
59	166	0.866479
59	168	0.954732
59	172	0.902771
59	173	0.9345
59	174	0.883027
59	176	0.882553
59	177	0.911951
59	178	0.886016
59	179	0.935049
59	180	0.914578
60	67	0.521703
60	138	0.817113
60	144	0.494279
60	153	1.0584
60	160	1.02407
60	165	1.02014
60	170	1.00844
60	172	0.980611
60	173	1.01234
60	174	0.960867
60	175	0.960251
60	176	0.960393
60	177	0.989791
60	178	0.963856
60	179	1.01289
60	180	0.992418
61	29	1.23637
61	34	0.999444
61	133	0.795913
61	158	1.0088
61	159	1.00023
61	161	1.01295
61	163	0.984484
61	164	0.976033
61	165	1.0077
61	173	0.999896
61	174	0.948423
61	175	0.947806
61	176	0.947948
61	177	0.977347
61	178	0.951412
61	179	1.00044
61	180	0.979974
62	66	0.748
62	71	1.05898
62	87	1.03248
62	93	1.07465
62	106	1.04143
62	109	1.07022
62	110	1.02107
62	116	1.02115
62	121	1.04333
62	122	1.03637
62	123	0.601184
62	127	1.07141
62	129	1.04791
62	130	1.01801
62	134	1.04918
62	168	1.34484
62	176	2.42272
63	12	0.921084
63	34	0.984538
63	37	0.983838
63	41	0.968538
63	45	0.967917
63	46	0.976176
63	48	0.949804
63	49	1.04867
63	51	0.949279
63	57	0.771058
63	64	0.926403
63	76	0.975898
63	78	0.975603
63	91	0.895953
63	118	1.04696
63	125	1.1092
63	178	2.32654
64	12	0.912469
64	34	0.975923
64	36	1.01639
64	37	0.975223
64	41	0.959923
64	45	0.959302
64	46	0.967561
64	48	0.941189
64	49	1.04005
64	51	0.940664
64	63	0.926403
64	76	0.967283
64	78	0.966988
64	118	1.03834
64	151	1.25471
64	162	2.36308
64	180	1.16427
65	11	0.999906
65	55	1.03163
65	73	1.00789
65	75	0.587979
65	93	1.08456
65	107	2.31453
65	109	1.08013
65	110	1.03098
65	117	0.850337
65	122	1.04628
65	126	1.03434
65	127	1.08132
65	129	1.05782
65	130	1.02792
65	145	1.08126
65	169	1.00126
65	180	1.20772
66	15	0.631752
66	25	0.864194
66	62	0.748
66	146	0.943749
66	157	1.09999
66	159	1.05121
66	163	1.03547
66	164	1.02702
66	167	1.10199
66	170	1.04698
66	172	1.01915
66	173	1.05088
66	174	0.999409
66	175	0.998792
66	177	1.02833
66	178	1.0024
66	179	1.05143
66	180	1.03096
67	2	0.943222
67	60	0.521703
67	103	0.977945
67	113	2.91043
67	128	0.984653
67	133	0.968433
67	135	0.955622
67	136	0.979422
67	141	0.947861
67	143	0.974698
67	144	0.955506
67	146	0.94532
67	148	0.966862
67	149	0.960646
67	150	0.954762
67	156	1.01601
67	171	0.868313
67	173	1.1384
68	103	1.04646
68	108	0.835702
68	114	1.01393
68	128	1.05317
68	131	1.04385
68	133	1.03695
68	137	1.03292
68	141	1.01637
68	144	1.02402
68	146	1.01383
68	148	1.03538
68	149	1.02916
68	150	1.02328
68	154	1.10041
68	165	1.55393
68	170	1.31906
68	171	0.936827
68	177	1.55019
69	19	0.9057
69	28	0.984127
69	42	0.959657
69	47	1.03233
69	50	0.916653
69	73	0.931758
69	106	0.975207
69	116	0.954931
69	119	1.37611
69	121	0.977111
69	126	0.95821
69	130	0.951789
69	134	0.982961
69	145	1.00513
69	156	1.02348
69	169	0.925125
69	173	1.90068
70	24	0.980627
70	50	0.451675
70	58	1.02037
70	71	1.05823
70	89	0.967775
70	99	1.00602
70	109	1.06947
70	110	1.02032
70	122	1.03562
70	126	1.02368
70	127	1.07066
70	130	1.01726
70	132	0.73465
70	134	1.04843
70	139	1.11474
70	145	1.0706
70	169	0.990597
70	171	2.50018
71	52	0.320676
71	58	1.00427
71	62	1.05898
71	70	1.05823
71	73	0.981137
71	88	1.47464
71	93	1.05781
71	109	1.05338
71	110	1.00423
71	116	1.00431
71	121	1.02649
71	127	1.05457
71	129	1.03107
71	130	1.00117
71	145	1.05451
71	167	1.38371
71	169	0.974504
71	170	1.73389
72	5	1.0855
72	81	1.0749
72	90	0.822669
72	103	1.03389
72	119	1.21507
72	131	1.03128
72	133	1.02438
72	135	1.01157
72	136	1.03537
72	138	1.02438
72	141	1.00381
72	143	1.03064
72	144	1.01145
72	146	1.00127
72	148	1.02281
72	150	1.01071
72	156	1.07196
72	169	1.89755
73	24	0.903531
73	25	0.985444
73	52	0.742524
73	55	0.94387
73	59	1.68885
73	65	1.00789
73	69	0.931758
73	71	0.981137
73	93	0.996807
73	99	0.928928
73	121	0.965486
73	125	1.53525
73	126	0.946586
73	127	0.993566
73	129	0.970066
73	130	0.940164
73	134	0.971336
73	169	0.913501
74	17	0.955438
74	19	1.44415
74	121	0.776787
74	159	0.984006
74	161	0.996728
74	165	0.991478
74	167	1.03479
74	168	1.00391
74	170	0.979774
74	172	0.951947
74	173	0.983676
74	174	0.932203
74	175	0.931587
74	176	0.931729
74	177	0.961127
74	178	0.935192
74	179	0.984225
74	180	0.963754
75	65	0.587979
75	76	0.285006
75	87	1.12658
75	137	0.559213
75	153	1.07877
75	160	1.04444
75	164	1.00885
75	165	1.04051
75	167	1.08382
75	168	1.05294
75	170	1.02881
75	173	1.03271
75	174	0.981236
75	175	0.980619
75	176	0.980761
75	177	1.01016
75	178	0.984225
75	179	1.03326
75	180	1.01279
76	12	0.961963
76	34	1.02542
76	36	1.06589
76	37	1.02472
76	41	1.00942
76	45	1.0088
76	46	1.01706
76	48	0.990684
76	49	1.08955
76	51	0.990159
76	63	0.975898
76	64	0.967283
76	75	0.285006
76	78	1.01648
76	91	0.936832
76	118	1.08784
76	168	1.02113
76	176	2.099
76	178	1.72819
77	8	0.927611
77	134	0.585448
77	148	0.639972
77	156	0.420981
77	159	1.04493
77	164	1.02074
77	166	0.976583
77	167	1.09571
77	168	1.06484
77	170	1.0407
77	172	1.01287
77	173	1.0446
77	174	0.993131
77	175	0.992514
77	176	0.992656
77	177	1.02205
77	178	0.99612
77	179	1.04515
77	180	1.02468
78	12	0.961669
78	34	1.02512
78	36	1.06559
78	37	1.02442
78	41	1.00912
78	45	1.0085
78	46	1.01676
78	48	0.990389
78	49	1.08925
78	51	0.989864
78	63	0.975603
78	64	0.966988
78	76	1.01648
78	90	0.888147
78	91	0.936538
78	92	1.32404
78	112	1.14448
78	118	1.08754
78	160	1.87227
79	11	1.32483
79	37	0.866242
79	42	0.735821
79	106	0.61016
79	114	1.05524
79	141	1.05768
79	143	1.08452
79	144	1.06533
79	149	1.07047
79	150	1.06458
79	162	0.974187
79	166	0.932953
79	171	0.978135
79	173	1.00097
79	175	0.948884
79	176	0.949027
79	177	0.978425
79	178	0.95249
79	179	1.00152
79	180	0.981052
80	97	1.08971
80	111	1.04054
80	114	0.976917
80	128	1.01616
80	131	1.00684
80	135	0.987124
80	136	1.01092
80	137	0.995909
80	138	0.999933
80	140	1.63503
80	143	1.0062
80	144	0.987008
80	147	1.4996
80	148	0.998364
80	149	0.992149
80	151	0.964698
80	154	1.0634
80	156	1.04751
80	162	0.895868
80	168	1.54703
81	72	1.0749
81	128	0.508826
81	131	0.475689
81	148	0.753207
81	158	1.03709
81	160	1.03992
81	163	1.01278
81	165	1.03599
81	166	0.960169
81	167	1.0793
81	170	1.02429
81	172	0.996461
81	173	1.02819
81	174	0.976717
81	175	0.976101
81	176	0.976243
81	177	1.00564
81	178	0.979706
81	179	1.02874
81	180	1.00827
82	54	1.32536
82	113	0.980586
82	141	0.918532
82	143	0.905254
82	157	1.00752
82	159	0.958747
82	160	0.970149
82	161	0.971469
82	163	0.943005
82	166	0.890396
82	167	1.00953
82	168	0.978649
82	173	0.958417
82	174	0.906944
82	175	0.906328
82	176	0.90647
82	177	0.935868
82	178	0.909933
82	179	0.958966
82	180	0.938495
83	28	0.829353
83	135	0.608317
83	150	0.661775
83	155	1.05255
83	156	0.602955
83	157	1.06777
83	161	1.03172
83	164	0.994806
83	167	1.06978
83	168	1.0389
83	170	1.01477
83	172	0.98694
83	173	1.01867
83	174	0.967196
83	175	0.96658
83	176	0.966722
83	177	0.99612
83	178	0.970185
83	179	1.01922
83	180	0.998747
84	40	1.0051
84	50	0.768215
84	56	0.990545
84	86	1.00408
84	94	1.03319
84	111	1.03906
84	123	1.03466
84	137	0.994431
84	138	0.998455
84	139	1.04763
84	141	0.977885
84	143	1.00472
84	146	0.975345
84	148	0.996887
84	149	0.990671
84	150	0.984787
84	156	1.04604
84	171	0.898338
84	179	1.53233
84	180	1.8633
85	33	1.17716
85	111	0.891303
85	138	1.09491
85	152	1.07065
85	158	0.96707
85	159	0.958496
85	160	0.969898
85	165	0.965968
85	166	0.890146
85	167	1.00928
85	168	0.978399
85	172	0.926438
85	173	0.958167
85	174	0.906694
85	175	0.906077
85	176	0.906219
85	177	0.935618
85	178	0.909683
85	179	0.958715
85	180	0.938245
86	84	1.00408
86	103	1.02355
86	104	0.692925
86	107	2.68547
86	112	0.806959
86	131	1.02094
86	135	1.00123
86	136	1.02503
86	138	1.01404
86	141	0.993467
86	143	1.0203
86	144	1.00111
86	146	0.990927
86	149	1.00625
86	150	1.00037
86	151	0.978803
86	156	1.06162
86	157	1.35996
86	162	0.909972
86	171	0.91392
87	25	1.01994
87	41	0.995592
87	58	0.977767
87	62	1.03248
87	75	1.12658
87	95	1.02691
87	105	0.98951
87	106	0.99808
87	108	1.00466
87	110	0.977723
87	116	0.977804
87	122	0.993024
87	123	1.11904
87	127	1.02806
87	129	1.00456
87	130	0.974661
87	134	1.00583
87	152	1.3073
87	169	0.947998
87	179	1.61671
88	6	1.25624
88	38	1.26912
88	71	1.47464
88	96	1.01649
88	135	0.989207
88	136	1.01301
88	138	1.00202
88	144	0.989091
88	146	0.978905
88	148	1.00045
88	149	0.994231
88	150	0.988347
88	166	0.856716
88	172	0.893008
88	174	0.873264
88	176	0.87279
88	177	0.902188
88	178	0.876253
88	179	0.925286
88	180	0.904815
89	13	1.47617
89	17	0.985357
89	25	0.95599
89	26	0.962045
89	70	0.967775
89	99	0.899474
89	104	1.24306
89	106	0.934128
89	108	0.940708
89	109	0.962919
89	110	0.913772
89	116	0.913852
89	121	0.936032
89	122	0.929072
89	127	0.964112
89	129	0.940611
89	130	0.91071
89	134	0.941882
89	140	2.13182
89	169	0.884046
90	5	0.660437
90	72	0.822669
90	78	0.888147
90	133	0.508062
90	149	0.551575
90	153	1.11756
90	160	1.08323
90	161	1.08455
90	164	1.04764
90	165	1.0793
90	166	1.00348
90	167	1.12261
90	168	1.09174
90	170	1.0676
90	174	1.02003
90	175	1.01941
90	176	1.01956
90	177	1.04895
90	178	1.02302
90	179	1.07205
90	180	1.05158
91	35	1.77394
91	45	0.928852
91	48	0.910739
91	49	1.0096
91	51	0.910214
91	63	0.895953
91	76	0.936832
91	78	0.936538
91	112	1.0066
91	118	1.00789
91	128	2.04139
91	166	0.787352
91	167	0.906484
91	170	0.851471
91	173	0.855373
91	174	0.8039
91	175	0.803284
91	176	0.803426
91	177	0.832825
91	179	0.855922
91	180	0.835451
92	10	1.79809
92	78	1.32404
92	107	0.970897
92	109	0.651971
92	158	0.964723
92	160	0.967551
92	163	0.940408
92	165	0.963622
92	166	0.887799
92	167	1.00693
92	168	0.976052
92	170	0.951917
92	172	0.924091
92	173	0.95582
92	174	0.904347
92	175	0.90373
92	176	0.903872
92	177	0.933271
92	178	0.907336
92	179	0.956368
92	180	0.935898
93	11	0.988823
93	52	0.0751408
93	55	1.02054
93	62	1.07465
93	65	1.08456
93	71	1.05781
93	73	0.996807
93	99	1.0056
93	105	1.03169
93	106	1.04026
93	109	1.06905
93	110	1.0199
93	122	1.0352
93	126	1.02326
93	127	1.07024
93	129	1.04674
93	130	1.01684
93	142	0.936463
93	168	1.37815
93	169	0.990174
93	170	1.48835
93	174	2.21109
94	84	1.03319
94	111	1.08375
94	131	1.05005
94	137	1.03912
94	138	1.04315
94	140	1.22129
94	141	1.02258
94	142	0.691599
94	143	1.04942
94	144	1.03022
94	146	1.02004
94	148	1.04158
94	149	1.03536
94	150	1.02948
94	151	1.00791
94	154	1.10661
94	156	1.09073
94	160	1.17436
94	162	0.939083
94	170	1.24349
94	171	0.94303
94	176	2.21116
95	7	0.57593
95	25	1.05773
95	58	1.01555
95	87	1.02691
95	99	1.00121
95	106	1.03587
95	108	1.04244
95	109	1.06466
95	110	1.01551
95	116	1.01559
95	122	1.03081
95	126	1.01887
95	127	1.06585
95	129	1.04235
95	130	1.01245
95	134	1.04362
95	145	1.06579
95	159	1.3742
95	169	0.985783
95	170	1.00846
95	171	1.93666
95	177	1.23958
96	88	1.01649
96	131	0.904693
96	145	0.996082
96	149	1.23281
96	157	0.994713
96	158	0.954512
96	159	0.945939
96	161	0.958661
96	163	0.930197
96	165	0.953411
96	166	0.877588
96	168	0.965841
96	170	0.941706
96	172	0.91388
96	173	0.945609
96	174	0.894136
96	175	0.89352
96	176	0.893662
96	177	0.92306
96	178	0.897125
96	179	0.946158
96	180	0.925687
97	30	0.849841
97	80	1.08971
97	111	0.798955
97	136	0.790599
97	158	1.0114
97	159	1.00283
97	160	1.01423
97	161	1.01555
97	164	0.978637
97	166	0.934479
97	167	1.05361
97	168	1.02273
97	170	0.998598
97	172	0.970771
97	173	1.0025
97	174	0.951028
97	175	0.950411
97	176	0.950553
97	177	0.979952
97	178	0.954016
97	179	1.00305
97	180	0.982578
98	29	1.43831
98	126	0.905208
98	129	1.01951
98	155	0.985705
98	157	1.00093
98	158	0.960726
98	160	0.963555
98	161	0.964875
98	163	0.936411
98	164	0.92796
98	165	0.959625
98	168	0.972055
98	172	0.920094
98	173	0.951823
98	174	0.90035
98	175	0.899734
98	176	0.899876
98	177	0.929274
98	178	0.903339
98	179	0.952372
98	180	0.931901
99	55	0.952665
99	57	1.06521
99	58	0.952065
99	70	1.00602
99	73	0.928928
99	89	0.899474
99	93	1.0056
99	95	1.00121
99	105	0.963808
99	106	0.972378
99	108	0.978958
99	110	0.952021
99	116	0.952102
99	117	1.64122
99	122	0.967322
99	124	1.39985
99	126	0.95538
99	127	1.00236
99	129	0.97886
99	130	0.948959
99	145	1.0023
99	169	0.922296
99	179	1.66764
100	45	0.582971
100	127	0.977033
100	131	0.794302
100	141	0.964663
100	153	1.03016
100	155	1.01798
100	159	0.984432
100	160	0.995834
100	161	0.997154
100	163	0.968691
100	164	0.96024
100	165	0.991904
100	167	1.03521
100	168	1.00433
100	172	0.952374
100	173	0.984103
100	174	0.93263
100	175	0.932013
100	176	0.932155
100	177	0.961554
100	178	0.935619
100	179	0.984651
100	180	0.964181
101	33	1.03501
101	47	1.12126
101	137	0.788222
101	143	0.816474
101	153	1.03123
101	155	1.01905
101	157	1.03427
101	159	0.9855
101	160	0.996901
101	163	0.969758
101	166	0.917149
101	167	1.03628
101	168	1.0054
101	170	0.981267
101	172	0.953441
101	173	0.98517
101	174	0.933697
101	175	0.93308
101	176	0.933222
101	177	0.962621
101	178	0.936686
101	179	0.985718
101	180	0.965248
102	10	0.980098
102	14	0.964148
102	15	1.06868
102	18	0.961711
102	21	1.07436
102	29	1.05002
102	33	1.05003
102	35	1.04951
102	49	0.480828
102	116	1.29365
102	145	0.607468
102	149	0.844196
102	154	1.09582
102	155	0.988956
102	165	0.962876
102	172	0.923345
102	174	0.903602
102	176	0.903127
102	177	0.932526
102	178	0.90659
102	179	0.955623
102	180	0.935152
103	46	1.02239
103	67	0.977945
103	68	1.04646
103	72	1.03389
103	86	1.02355
103	114	0.994915
103	131	1.02484
103	136	1.02892
103	138	1.01793
103	141	0.997361
103	144	1.00501
103	146	0.99482
103	148	1.01636
103	149	1.01015
103	150	1.00426
103	154	1.0814
103	156	1.06551
103	159	0.857382
103	162	0.913866
103	165	0.726497
103	166	2.62092
103	171	0.917813
103	175	1.43548
103	176	1.45931
104	86	0.692925
104	89	1.24306
104	127	0.548484
104	141	0.536113
104	143	0.522836
104	152	1.13499
104	153	1.06857
104	155	1.05639
104	157	1.07161
104	159	1.02284
104	161	1.03556
104	163	1.0071
104	164	0.998647
104	166	0.954489
104	168	1.04274
104	170	1.01861
104	173	1.02251
104	174	0.971037
104	175	0.970421
104	176	0.970563
104	177	0.999961
104	178	0.974026
104	179	1.02306
104	180	1.00259
105	11	0.947029
105	17	1.04969
105	26	1.02638
105	41	0.995975
105	58	0.97815
105	87	0.98951
105	93	1.03169
105	99	0.963808
105	106	0.998462
105	109	1.02725
105	110	0.978106
105	116	0.978186
105	121	1.00037
105	122	0.993406
105	127	1.02845
105	129	1.00495
105	130	0.975044
105	134	1.00622
105	145	1.02838
105	152	0.82573
105	155	1.38814
105	167	1.14116
105	169	0.94838
105	172	2.05329
105	177	1.72246
106	24	0.946981
106	55	0.98732
106	62	1.04143
106	69	0.975207
106	79	0.61016
106	87	0.99808
106	89	0.934128
106	93	1.04026
106	95	1.03587
106	99	0.972378
106	105	0.998462
106	108	1.01361
106	109	1.03582
106	110	0.986676
106	121	1.00894
106	122	1.00198
106	126	0.990035
106	129	1.01352
106	130	0.983614
106	134	1.01479
106	168	1.17099
106	169	0.95695
106	172	1.84316
106	178	1.87805
106	180	1.25597
107	59	0.949577
107	65	2.31453
107	86	2.68547
107	92	0.970897
107	119	0.991274
107	155	0.902818
107	157	0.91804
107	158	0.877839
107	159	0.869266
107	161	0.881987
107	163	0.853524
107	164	0.845073
107	165	0.876738
107	167	0.920046
107	168	0.889168
107	170	0.865033
107	172	0.837207
107	173	0.868936
107	174	0.817463
107	175	0.816846
107	176	0.816988
107	177	0.846387
107	178	0.820452
107	179	0.869484
107	180	0.849014
108	68	0.835702
108	87	1.00466
108	89	0.940708
108	95	1.04244
108	99	0.978958
108	106	1.01361
108	116	0.993336
108	126	0.996615
108	127	1.0436
108	129	1.0201
108	130	0.990194
108	147	1.0219
108	148	1.07086
108	149	1.12146
108	154	0.794681
108	158	0.945929
108	164	0.913162
108	166	0.869005
108	174	0.885553
108	175	0.884936
108	176	0.885078
108	177	0.914477
108	178	0.888542
108	179	0.937574
108	180	0.917104
109	11	0.98439
109	17	1.08705
109	20	0.957665
109	24	0.975771
109	25	1.05768
109	62	1.07022
109	65	1.08013
109	70	1.06947
109	71	1.05338
109	89	0.962919
109	92	0.651971
109	93	1.06905
109	95	1.06466
109	105	1.02725
109	106	1.03582
109	110	1.01547
109	120	0.779956
109	122	1.03077
109	126	1.01883
109	127	1.06581
109	134	1.04358
109	145	1.06574
109	157	1.02541
109	159	1.63508
109	169	0.985741
109	178	1.86619
110	11	0.935243
110	17	1.0379
110	58	0.966363
110	62	1.02107
110	65	1.03098
110	70	1.02032
110	71	1.00423
110	87	0.977723
110	89	0.913772
110	93	1.0199
110	95	1.01551
110	99	0.952021
110	105	0.978106
110	106	0.986676
110	109	1.01547
110	124	0.961282
110	126	0.969679
110	127	1.01666
110	130	0.963258
110	134	0.99443
110	139	1.12801
110	145	1.0166
110	155	1.48207
110	167	1.23508
110	169	0.936594
110	175	2.5291
111	7	0.933952
111	54	1.04226
111	80	1.04054
111	84	1.03906
111	85	0.891303
111	94	1.08375
111	97	0.798955
111	128	1.06524
111	131	1.05593
111	135	1.03621
111	136	1.06001
111	137	1.045
111	138	1.04902
111	141	1.02845
111	143	1.05529
111	146	1.02591
111	148	1.04745
111	149	1.04124
111	150	1.03535
111	151	1.01379
111	154	1.11249
111	162	0.944957
111	165	1.60134
111	171	0.948904
111	173	1.2302
111	179	1.01028
112	78	1.14448
112	86	0.806959
112	91	1.0066
112	133	0.76439
112	141	0.650147
112	150	0.597132
112	155	1.03897
112	157	1.05419
112	158	1.01399
112	160	1.01681
112	161	1.01814
112	163	0.989671
112	164	0.98122
112	165	1.01289
112	166	0.937062
112	167	1.05619
112	168	1.02532
112	170	1.00118
112	172	0.973354
112	173	1.00508
112	174	0.953611
112	175	0.952994
112	177	0.982535
112	178	0.956599
112	179	1.00563
112	180	0.985162
113	45	2.28957
113	67	2.91043
113	82	0.980586
113	153	0.922084
113	155	0.909909
113	157	0.925131
113	158	0.884931
113	159	0.876357
113	160	0.887759
113	161	0.889079
113	163	0.860615
113	164	0.852164
113	165	0.883829
113	166	0.808006
113	167	0.927138
113	168	0.896259
113	170	0.872125
113	172	0.844298
113	173	0.876028
113	174	0.824555
113	175	0.823938
113	176	0.82408
113	177	0.853479
113	178	0.827543
113	179	0.876576
113	180	0.856106
114	36	0.401865
114	56	0.97749
114	68	1.01393
114	79	1.05524
114	80	0.976917
114	103	0.994915
114	128	1.00162
114	133	0.985403
114	135	0.972592
114	136	0.996392
114	137	0.981376
114	138	0.9854
114	141	0.964831
114	144	0.972476
114	146	0.96229
114	148	0.983832
114	149	0.977616
114	150	0.971732
114	151	0.950166
114	154	1.04887
114	156	1.03298
114	158	1.4165
114	162	0.881335
114	163	1.71315
114	171	0.885283
114	174	2.05897
114	177	1.56736
115	10	1.34901
115	31	1.45789
115	58	0.499864
115	144	0.18081
115	150	0.327612
115	153	1.08697
115	155	1.0748
115	156	0.268793
115	157	1.09002
115	158	1.04982
115	160	1.05265
115	161	1.05397
115	163	1.0255
115	164	1.01705
115	165	1.04872
115	166	0.972894
115	167	1.09203
115	168	1.06115
115	170	1.03701
115	172	1.00919
115	173	1.04092
115	174	0.989442
115	176	0.988968
115	177	1.01837
115	178	0.992431
115	179	1.04146
115	180	1.02099
116	11	0.935323
116	17	1.03798
116	24	0.926704
116	26	1.01467
116	41	0.984269
116	52	0.641073
116	55	0.967043
116	62	1.02115
116	69	0.954931
116	71	1.00431
116	87	0.977804
116	89	0.913852
116	95	1.01559
116	99	0.952102
116	102	1.29365
116	105	0.978186
116	108	0.993336
116	125	1.4338
116	126	0.969759
116	127	1.01674
116	129	0.993239
116	130	0.963338
116	134	0.99451
116	145	1.01668
116	152	1.38868
116	157	1.81036
116	169	0.936674
117	65	0.850337
117	99	1.64122
117	138	1.18748
117	153	0.997384
117	154	0.895435
117	155	0.985209
117	157	1.00043
117	158	0.96023
117	159	0.951657
117	160	0.963058
117	161	0.964379
117	163	0.935915
117	164	0.927464
117	165	0.959129
117	166	0.883306
117	167	1.00244
117	168	0.971559
117	170	0.947424
117	171	0.928488
117	172	0.919598
117	173	0.951327
117	174	0.899854
117	175	0.899238
117	176	0.89938
117	177	0.928778
117	179	0.951876
117	180	0.931405
118	8	1.05398
118	12	1.03302
118	34	1.09648
118	35	0.583646
118	36	1.13695
118	39	0.82985
118	45	1.07986
118	47	0.950688
118	48	1.06174
118	51	1.06122
118	63	1.04696
118	64	1.03834
118	76	1.08784
118	78	1.08754
118	91	1.00789
118	128	0.521956
118	146	0.86291
118	158	1.01528
118	164	0.982515
118	166	0.938357
118	170	1.00248
118	173	1.00638
118	175	0.954289
118	176	0.954431
118	177	0.98383
118	178	0.957894
118	179	1.00693
118	180	0.986456
119	5	1.05284
119	69	1.37611
119	72	1.21507
119	107	0.991274
119	135	0.679748
119	152	1.08868
119	153	1.02225
119	154	0.617196
119	157	1.0253
119	158	0.9851
119	159	0.976527
119	160	0.987929
119	161	0.989249
119	163	0.960785
119	164	0.952334
119	165	0.983999
119	166	0.908176
119	167	1.02731
119	168	0.996429
119	170	0.972295
119	172	0.944468
119	173	0.976197
119	174	0.924724
119	175	0.924108
119	176	0.92425
119	177	0.953648
119	178	0.927713
119	179	0.976746
119	180	0.956275
120	48	0.939191
120	109	0.779956
120	127	0.970062
120	133	1.07193
120	152	1.08782
120	153	1.0214
120	155	1.00922
120	156	0.845856
120	157	1.02445
120	158	0.984246
120	159	0.975672
120	160	0.987074
120	161	0.988394
120	163	0.95993
120	164	0.951479
120	165	0.983144
120	166	0.907322
120	167	1.02645
120	168	0.995574
120	170	0.97144
120	172	0.943613
120	173	0.975343
120	174	0.92387
120	175	0.923253
120	176	0.923395
120	177	0.952794
120	178	0.926858
120	179	0.975891
120	180	0.955421
121	4	1.05507
121	16	0.932948
121	19	0.939428
121	25	1.0308
121	28	1.01786
121	30	1.00914
121	32	1.00898
121	39	1.08917
121	42	0.993385
121	47	1.06606
121	62	1.04333
121	69	0.977111
121	71	1.02649
121	73	0.965486
121	74	0.776787
121	89	0.936032
121	105	1.00037
121	106	1.00894
121	125	0.850535
121	129	1.01542
121	130	0.985517
121	134	1.01669
121	145	1.03886
121	147	1.31338
121	156	1.05721
121	158	1.55128
121	164	2.04325
121	168	1.36081
121	169	0.958854
122	17	1.05321
122	25	1.02384
122	26	1.02989
122	55	0.982264
122	57	0.179803
122	58	0.981664
122	62	1.03637
122	65	1.04628
122	70	1.03562
122	87	0.993024
122	89	0.929072
122	93	1.0352
122	95	1.03081
122	99	0.967322
122	105	0.993406
122	106	1.00198
122	109	1.03077
122	126	0.984979
122	127	1.03196
122	129	1.00846
122	130	0.978558
122	134	1.00973
122	139	0.681182
122	145	1.0319
122	161	1.21711
122	166	3.26771
122	167	0.788251
122	169	0.951894
122	174	1.86116
123	28	0.707767
123	62	0.601184
123	84	1.03466
123	87	1.11904
123	138	0.716222
123	146	0.796933
123	152	1.13237
123	155	1.05377
123	157	1.06899
123	158	1.02879
123	159	1.02022
123	160	1.03162
123	161	1.03294
123	163	1.00447
123	164	0.996023
123	165	1.02769
123	166	0.951865
123	167	1.071
123	168	1.04012
123	170	1.01598
123	172	0.988157
123	173	1.01989
123	174	0.968413
123	175	0.967797
123	176	0.967939
123	177	0.997337
123	178	0.971402
123	179	1.02043
123	180	0.999964
124	39	0.993763
124	99	1.39985
124	110	0.961282
124	138	0.946111
124	144	0.623277
124	152	1.08782
124	153	1.0214
124	155	1.00922
124	157	1.02445
124	158	0.984246
124	159	0.975672
124	160	0.987074
124	161	0.988394
124	163	0.95993
124	164	0.951479
124	165	0.983144
124	166	0.907322
124	167	1.02645
124	168	0.995574
124	170	0.97144
124	172	0.943613
124	173	0.975343
124	174	0.92387
124	175	0.923253
124	176	0.923395
124	177	0.952794
124	178	0.926858
124	179	0.975891
124	180	0.955421
125	63	1.1092
125	73	1.53525
125	116	1.4338
125	121	0.850535
125	147	1.04929
125	152	1.07689
125	153	1.01047
125	154	0.657564
125	155	0.998291
125	157	1.01351
125	158	0.973312
125	159	0.964739
125	160	0.97614
125	161	0.977461
125	163	0.948997
125	164	0.940546
125	165	0.972211
125	166	0.896388
125	167	1.01552
125	168	0.984641
125	170	0.960506
125	172	0.93268
125	173	0.964409
125	174	0.912936
125	175	0.91232
125	176	0.912462
125	177	0.94186
125	178	0.915925
125	179	0.964958
125	180	0.944487
126	17	1.04126
126	24	0.929983
126	25	1.0119
126	26	1.01795
126	55	0.970322
126	58	0.969723
126	65	1.03434
126	69	0.95821
126	70	1.02368
126	73	0.946586
126	93	1.02326
126	95	1.01887
126	98	0.905208
126	99	0.95538
126	106	0.990035
126	108	0.996615
126	109	1.01883
126	110	0.969679
126	116	0.969759
126	122	0.984979
126	127	1.02002
126	129	0.996518
126	130	0.966617
126	134	0.997789
126	139	1.01142
126	145	1.01996
126	158	1.54893
126	168	1.35846
126	169	0.939953
126	173	1.33239
126	174	2.1914
127	24	0.976964
127	55	1.0173
127	62	1.07141
127	65	1.08132
127	70	1.07066
127	71	1.05457
127	73	0.993566
127	87	1.02806
127	89	0.964112
127	93	1.07024
127	95	1.06585
127	99	1.00236
127	100	0.977033
127	104	0.548484
127	105	1.02845
127	108	1.0436
127	109	1.06581
127	110	1.01666
127	116	1.01674
127	120	0.970062
127	122	1.03196
127	126	1.02002
127	129	1.0435
127	130	1.0136
127	132	0.622109
127	134	1.04477
127	139	1.00219
127	145	1.06694
127	169	0.986934
127	171	2.38764
127	173	1.32316
128	5	1.08576
128	46	1.0291
128	67	0.984653
128	68	1.05317
128	80	1.01616
128	81	0.508826
128	91	2.04139
128	111	1.06524
128	114	1.00162
128	118	0.521956
128	131	1.03154
128	133	1.02464
128	135	1.01183
128	136	1.03563
128	137	1.02061
128	138	1.02464
128	139	1.07381
128	141	1.00407
128	143	1.03091
128	144	1.01171
128	146	1.00153
128	148	1.02307
128	149	1.01685
128	150	1.01097
128	153	0.995481
128	154	1.0881
128	156	1.07222
128	157	1.06592
128	162	0.920573
128	169	1.33148
128	171	0.924521
128	177	1.54097
129	1	0.910781
129	17	1.06474
129	25	1.03538
129	26	1.04143
129	41	1.01103
129	43	0.718797
129	58	0.993203
129	62	1.04791
129	65	1.05782
129	71	1.03107
129	73	0.970066
129	87	1.00456
129	89	0.940611
129	93	1.04674
129	95	1.04235
129	98	1.01951
129	99	0.97886
129	105	1.00495
129	106	1.01352
129	108	1.0201
129	116	0.993239
129	121	1.01542
129	122	1.00846
129	126	0.996518
129	127	1.0435
129	130	0.990097
129	134	1.02127
129	145	1.04344
129	151	1.64817
129	167	1.23279
129	169	0.963433
129	179	1.22677
129	180	1.55774
130	11	0.932181
130	24	0.923562
130	26	1.01153
130	44	0.544275
130	55	0.963901
130	62	1.01801
130	65	1.02792
130	69	0.951789
130	70	1.01726
130	71	1.00117
130	73	0.940164
130	87	0.974661
130	89	0.91071
130	93	1.01684
130	95	1.01245
130	99	0.948959
130	105	0.975044
130	106	0.983614
130	108	0.990194
130	110	0.963258
130	116	0.963338
130	121	0.985517
130	122	0.978558
130	126	0.966617
130	127	1.0136
130	129	0.990097
130	134	0.991368
130	151	1.37971
130	159	1.68024
130	163	1.69141
130	165	1.54936
130	169	0.933532
130	174	2.03723
131	31	0.961084
131	56	1.00741
131	68	1.04385
131	72	1.03128
131	80	1.00684
131	81	0.475689
131	86	1.02094
131	94	1.05005
131	96	0.904693
131	100	0.794302
131	103	1.02484
131	111	1.05593
131	128	1.03154
131	133	1.01532
131	135	1.00251
131	136	1.02631
131	137	1.0113
131	138	1.01532
131	141	0.994752
131	143	1.02159
131	144	1.0024
131	146	0.992211
131	148	1.01375
131	149	1.00754
131	150	1.00165
131	151	0.980087
131	154	1.07879
131	156	1.0629
131	167	0.926532
131	168	1.1665
131	171	0.915204
131	175	2.22055
131	178	1.87356
132	29	1.16444
132	70	0.73465
132	127	0.622109
132	133	0.723982
132	142	1.14242
132	147	1.09903
132	148	0.716895
132	150	0.556724
132	152	1.12664
132	153	1.06021
132	155	1.04804
132	156	0.497904
132	157	1.06326
132	158	1.02306
132	159	1.01449
132	160	1.02589
132	161	1.02721
132	163	0.998745
132	164	0.990294
132	165	1.02196
132	166	0.946136
132	167	1.06527
132	168	1.03439
132	170	1.01025
132	172	0.982428
132	173	1.01416
132	174	0.962685
132	175	0.962068
132	176	0.96221
132	177	0.991609
132	178	0.965673
132	179	1.01471
132	180	0.994235
133	5	1.06954
133	23	1.05288
133	31	0.954181
133	40	1.01506
133	54	1.00165
133	61	0.795913
133	67	0.968433
133	68	1.03695
133	72	1.02438
133	90	0.508062
133	112	0.76439
133	114	0.985403
133	120	1.07193
133	128	1.02464
133	131	1.01532
133	132	0.723982
133	135	0.99561
133	136	1.01941
133	137	1.00439
133	138	1.00842
133	139	1.05759
133	143	1.01469
133	144	0.995494
133	146	0.985308
133	148	1.00685
133	149	1.00063
133	150	0.99475
133	151	0.973184
133	154	1.07188
133	156	1.056
133	162	0.904354
133	169	1.58295
133	171	0.908301
133	178	2.15817
134	11	0.963353
134	24	0.954734
134	25	1.03665
134	26	1.0427
134	41	1.0123
134	55	0.995073
134	58	0.994473
134	62	1.04918
134	69	0.982961
134	70	1.04843
134	73	0.971336
134	77	0.585448
134	87	1.00583
134	89	0.941882
134	95	1.04362
134	105	1.00622
134	106	1.01479
134	109	1.04358
134	110	0.99443
134	116	0.99451
134	121	1.01669
134	122	1.00973
134	126	0.997789
134	127	1.04477
134	129	1.02127
134	130	0.991368
134	145	1.04471
134	159	1.86545
134	161	1.57838
134	167	1.14953
134	168	1.3895
134	169	0.964704
134	173	1.36343
134	180	1.47448
135	8	1.06263
135	31	0.94137
135	54	0.988841
135	67	0.955622
135	72	1.01157
135	80	0.987124
135	83	0.608317
135	86	1.00123
135	88	0.989207
135	111	1.03621
135	114	0.972592
