1	4	0.699598
1	33	0.732207
1	35	0.730054
1	44	0.71582
1	53	0.714066
1	58	0.703226
1	62	0.704099
1	72	0.750236
1	126	2.28522
1	139	0.72691
1	164	0.723786
1	176	2.53734
2	32	2.1551
2	40	1.20136
2	111	1.48101
2	120	0.798539
2	127	0.788102
2	137	0.807782
2	140	0.802382
2	147	0.819033
2	156	0.791031
2	164	0.798898
2	170	0.796336
2	173	0.797898
3	68	0.757192
3	83	0.723778
3	90	0.673558
3	95	0.709727
3	98	0.752929
3	101	0.736988
3	105	2.4411
3	112	0.720492
3	119	0.706701
3	132	0.73587
3	148	2.38032
3	160	0.682766
4	1	0.699598
4	15	0.697222
4	30	0.739021
4	33	0.73323
4	35	0.731077
4	58	0.704249
4	133	0.727279
4	139	0.727933
4	164	0.724809
4	166	0.715583
4	171	2.38401
4	179	2.4372
5	116	2.14694
5	126	0.737586
5	127	2.63226
5	149	0.724801
5	152	0.720112
5	168	0.721677
5	171	0.718587
5	176	0.714398
5	177	0.712398
5	178	0.719278
5	179	0.711528
5	180	0.719636
6	68	0.754354
6	78	0.742125
6	79	0.734136
6	83	0.72094
6	90	0.67072
6	95	0.706889
6	101	0.73415
6	112	0.717654
6	160	0.679928
6	162	0.739104
6	167	2.43553
6	175	2.38555
7	26	2.21665
7	87	1.33323
7	120	1.21933
7	134	0.818284
7	149	0.806772
7	161	0.790198
7	174	0.797657
7	176	0.796368
7	177	0.794368
7	178	0.801249
7	179	0.793498
7	180	0.801606
8	84	2.34778
8	107	0.70901
8	112	2.43113
8	134	0.739684
8	171	0.721957
8	172	0.719802
8	174	0.719056
8	175	0.714173
8	177	0.715767
8	178	0.722648
8	179	0.714897
8	180	0.723005
9	50	0.710088
9	156	2.43883
9	158	2.34001
9	171	0.724272
9	172	0.722118
9	174	0.721371
9	175	0.716489
9	176	0.720083
9	177	0.718083
9	178	0.724963
9	179	0.717212
9	180	0.725321
10	55	2.48448
10	115	0.702376
10	127	0.709144
10	141	0.726121
10	146	0.714006
10	154	0.722714
10	157	0.737857
10	165	0.728627
10	168	2.33623
10	169	0.72284
10	170	0.717377
10	173	0.718939
11	29	0.752382
11	36	0.809481
11	65	0.826773
11	77	0.763936
11	89	0.829595
11	99	0.80867
11	105	0.80159
11	126	1.46338
11	134	1.48549
11	162	0.813183
11	166	0.79439
11	177	1.88454
12	56	1.8077
12	60	0.782399
12	87	0.793874
12	119	0.780092
12	137	0.814649
12	156	0.797898
12	165	0.814453
12	169	0.808666
12	170	0.803203
12	171	1.45928
12	173	0.804765
12	177	1.56573
13	74	1.64228
13	78	0.822826
13	90	0.751421
13	95	0.78759
13	98	0.830792
13	101	0.814851
13	112	0.798354
13	128	1.84951
13	132	0.813732
13	149	1.33968
13	160	0.760628
13	162	0.819805
14	40	2.47899
14	105	0.712262
14	116	0.731152
14	136	0.704174
14	140	0.71777
14	141	0.720468
14	142	0.736463
14	150	0.723985
14	158	0.723252
14	169	0.717187
14	173	0.713287
14	174	2.34424
15	4	0.697222
15	33	0.729831
15	35	0.727678
15	44	0.713444
15	62	0.701723
15	72	0.74786
15	107	2.12097
15	133	0.72388
15	139	0.724534
15	159	0.721643
15	160	2.70103
15	166	0.712185
16	24	2.90603
16	129	0.669875
16	130	0.698963
16	146	2.27307
16	161	0.707631
16	168	0.72108
16	171	0.71799
16	175	0.710207
16	176	0.713801
16	177	0.711801
16	178	0.718682
16	179	0.710931
16	180	0.719039
17	31	0.665602
17	34	0.711417
17	51	0.7076
17	80	0.712272
17	85	0.701452
17	94	0.733664
17	97	0.731606
17	104	0.712164
17	108	0.704918
17	110	0.704918
17	133	0.714387
17	148	2.70081
17	149	2.52037
18	59	0.80701
18	80	0.774313
18	85	0.763493
18	94	0.795704
18	97	0.793646
18	99	1.75941
18	104	0.774204
18	108	0.766958
18	110	0.766958
18	123	1.3947
18	159	0.77419
18	162	0.783525
18	164	2.07723
19	71	0.738691
19	78	0.726289
19	79	0.7183
19	83	0.705103
19	90	0.654884
19	95	0.691053
19	98	0.734255
19	101	0.718314
19	112	0.701817
19	119	0.688026
19	123	2.45197
19	134	2.76949
19	162	0.723268
20	29	0.665171
20	36	0.722271
20	41	0.723296
20	46	0.708359
20	65	0.739563
20	73	0.731364
20	76	0.680201
20	77	0.676725
20	132	0.7199
20	162	0.725972
20	166	0.707179
20	172	2.64107
20	174	2.58045
21	27	1.55982
21	129	0.738486
21	149	0.792816
21	152	0.788126
21	165	1.64974
21	172	0.784447
21	173	1.9587
21	175	0.778818
21	176	0.782412
21	177	0.780412
21	178	0.787293
21	179	0.779542
21	180	0.78765
22	71	0.818981
22	79	0.79859
22	83	0.785393
22	90	0.735174
22	95	0.771342
22	101	0.798603
22	105	1.58598
22	109	1.87055
22	112	0.782107
22	119	0.768316
22	121	1.77565
22	139	0.797113
22	160	0.744381
23	45	2.47637
23	128	0.700665
23	153	2.7028
23	163	0.715317
23	167	0.696951
23	168	0.716268
23	171	0.713178
23	172	0.711024
23	175	0.705395
23	177	0.706988
23	178	0.713869
23	179	0.706118
23	180	0.714226
24	16	2.90603
24	93	0.679293
24	96	2.30446
24	120	0.703305
24	142	0.72584
24	143	0.707525
24	147	0.723798
24	151	0.709912
24	157	0.721581
24	158	0.712629
24	165	0.712352
24	170	0.701101
24	173	0.702664
25	131	0.708827
25	139	2.51242
25	152	0.715167
25	161	0.703284
25	167	0.697416
25	169	2.66666
25	171	0.713643
25	174	0.710742
25	175	0.705859
25	176	0.709454
25	178	0.714334
25	179	0.706583
25	180	0.714691
26	7	2.21665
26	51	0.702976
26	64	0.689125
26	80	0.707649
26	94	0.729041
26	97	0.726982
26	99	2.9939
26	104	0.707541
26	108	0.700294
26	110	0.700294
26	121	0.708449
26	132	0.710788
26	162	0.716861
27	21	1.55982
27	30	0.795307
27	44	0.773129
27	58	0.760535
27	62	0.761408
27	72	0.807545
27	133	0.783565
27	139	0.784219
27	159	0.781328
27	164	0.781095
27	166	0.77187
27	178	1.73152
27	179	1.92974
28	84	0.691104
28	111	3.01836
28	115	0.680556
28	127	0.687324
28	143	0.701982
28	147	0.718255
28	150	0.707818
28	155	0.696139
28	157	0.716037
28	158	0.707086
28	169	0.70102
28	170	0.695558
28	173	0.69712
28	174	2.60396
29	11	0.752382
29	20	0.665171
29	32	3.4449
29	36	0.70363
29	41	0.704655
29	65	0.720922
29	73	0.712723
29	76	0.66156
29	77	0.658085
29	89	0.723744
29	126	2.18075
29	132	0.701259
29	162	0.707332
29	166	0.688538
30	4	0.739021
30	27	0.795307
30	33	0.77163
30	35	0.769477
30	44	0.755243
30	53	0.753489
30	58	0.742649
30	66	2.33548
30	72	0.789659
30	99	1.67205
30	134	1.62486
30	139	0.766333
30	164	0.763209
30	166	0.753984
31	17	0.665602
31	51	0.698366
31	64	0.684514
31	80	0.703038
31	85	0.692218
31	94	0.72443
31	97	0.722371
31	104	0.70293
31	108	0.695683
31	110	0.695683
31	123	2.57806
31	159	0.702915
31	162	0.71225
31	178	3.04314
32	2	2.1551
32	29	3.4449
32	118	0.710603
32	129	0.662658
32	134	0.7285
32	145	0.69978
32	160	0.655597
32	161	0.700414
32	174	0.707873
32	175	0.70299
32	177	0.704584
32	178	0.711465
32	179	0.703714
32	180	0.711822
33	1	0.732207
33	4	0.73323
33	15	0.729831
33	30	0.77163
33	35	0.763686
33	39	2.13676
33	53	0.747698
33	58	0.736858
33	62	0.737731
33	72	0.783868
33	125	1.71755
33	159	0.757651
33	164	0.757418
33	166	0.748193
33	172	2.17738
34	17	0.711417
34	64	0.730329
34	74	2.04695
34	80	0.748854
34	85	0.738034
34	94	0.770245
34	97	0.768187
34	104	0.748745
34	108	0.741499
34	110	0.741499
34	125	0.800466
34	132	0.751993
34	159	0.748731
34	163	1.92338
34	175	2.06118
35	1	0.730054
35	4	0.731077
35	15	0.727678
35	30	0.769477
35	33	0.763686
35	53	0.745545
35	62	0.735578
35	72	0.781715
35	139	0.758389
35	159	0.755498
35	164	0.755265
35	166	0.74604
35	171	2.07801
35	174	1.93895
35	176	2.01543
36	11	0.809481
36	20	0.722271
36	29	0.70363
36	41	0.761755
36	50	2.17676
36	73	0.769823
36	76	0.71866
36	77	0.715184
36	89	0.780843
36	123	0.749926
36	132	0.758359
36	145	2.05874
36	162	0.764431
36	166	0.745638
36	176	1.79547
37	39	0.745895
37	41	2.10247
37	97	1.95249
37	113	1.91326
37	131	0.747688
37	133	0.749406
37	163	0.754643
37	168	0.755594
37	172	0.750349
37	174	0.749603
37	176	0.748315
37	177	0.746314
37	178	0.753195
37	179	0.745444
37	180	0.753552
38	94	1.87332
38	107	0.742995
38	122	0.747461
38	135	1.94971
38	146	2.14487
38	161	0.745583
38	167	0.739715
38	168	0.759032
38	174	0.753042
38	175	0.748159
38	176	0.751753
38	177	0.749753
38	178	0.756633
38	179	0.748883
38	180	0.756991
39	33	2.13676
39	37	0.745895
39	117	0.751828
39	122	0.745043
39	126	0.772522
39	148	0.741851
39	150	1.80178
39	156	2.04034
39	161	0.743165
39	172	0.751369
39	175	0.745741
39	177	0.747334
39	178	0.754215
39	179	0.746464
39	180	0.754572
40	2	1.20136
40	14	2.47899
40	60	2.30851
40	96	0.763375
40	129	0.706887
40	144	0.77017
40	152	0.756527
40	167	0.738776
40	172	0.752848
40	174	0.752102
40	176	0.750814
40	177	0.748813
40	178	0.755694
40	179	0.747943
40	180	0.756051
41	20	0.723296
41	29	0.704655
41	36	0.761755
41	37	2.10247
41	46	0.747843
41	73	0.770848
41	76	0.719685
41	77	0.716209
41	89	0.781869
41	105	0.753864
41	125	0.807857
41	162	0.765456
41	166	0.746663
41	174	1.85149
41	175	2.06747
42	113	0.770565
42	135	0.76272
42	136	0.738049
42	142	0.770338
42	146	0.742228
42	151	0.75441
42	154	0.750936
42	158	0.757127
42	160	0.698554
42	163	1.97049
42	165	0.75685
42	169	0.751062
42	172	1.95292
42	173	0.747162
42	175	2.10829
43	90	2.94065
43	122	0.744299
43	152	0.754304
43	157	1.24153
43	163	0.754919
43	171	0.75278
43	172	0.750625
43	173	1.78611
43	174	0.749879
43	175	0.744996
43	176	0.74859
43	177	0.74659
43	178	0.753471
43	179	0.74572
43	180	0.753828
44	1	0.71582
44	15	0.713444
44	27	0.773129
44	30	0.755243
44	53	0.731311
44	58	0.720471
44	62	0.721344
44	72	0.767481
44	126	1.61846
44	133	0.743501
44	139	0.744155
44	159	0.741264
44	160	2.77557
44	164	0.741031
44	166	0.731806
44	177	2.03962
45	23	2.47637
45	136	0.725976
45	137	0.744972
45	140	0.739572
45	146	0.730154
45	147	0.756223
45	150	0.745786
45	151	0.742336
45	155	0.734107
45	156	0.728221
45	158	0.745053
45	166	1.97316
45	169	0.738988
45	170	0.733526
45	173	0.735088
45	175	1.97161
46	20	0.708359
46	41	0.747843
46	65	0.76411
46	73	0.755912
46	76	0.704748
46	77	0.701273
46	81	2.32548
46	89	0.766932
46	99	0.746007
46	121	0.742108
46	123	0.736014
46	132	0.744447
46	162	0.75052
46	166	0.731726
46	176	2.0744
46	180	2.0313
47	73	1.5631
47	110	1.50318
47	113	1.40851
47	117	0.805917
47	160	0.752437
47	163	0.809752
47	167	0.791386
47	168	0.810702
47	171	0.807613
47	173	1.8826
47	175	0.799829
47	176	0.803423
47	177	0.801423
47	178	0.808304
47	179	0.800553
47	180	0.808661
48	54	0.722963
48	124	2.23263
48	136	0.728409
48	137	0.747405
48	143	0.742383
48	147	0.758656
48	153	0.723522
48	154	0.741296
48	155	0.73654
48	156	0.730654
48	158	0.747486
48	165	0.747209
48	168	2.01025
48	170	0.735959
48	173	0.737521
48	179	2.18835
49	75	0.74786
49	115	0.720449
49	133	2.26374
49	140	0.741497
49	141	0.744195
49	149	2.01671
49	150	0.747711
49	151	0.744261
49	153	0.723014
49	154	0.740788
49	156	0.730146
49	165	0.746701
49	169	0.740913
49	170	0.735451
49	173	0.737013
49	180	2.15093
50	9	0.710088
50	36	2.17676
50	59	1.96255
50	138	0.731493
50	150	2.23955
50	159	0.740613
50	167	0.729721
50	168	0.749038
50	172	0.743794
50	174	0.743047
50	175	0.738165
50	176	0.741759
50	177	0.739758
50	178	0.746639
50	179	0.738888
50	180	0.746996
51	17	0.7076
51	26	0.702976
51	31	0.698366
51	59	0.777733
51	64	0.726512
51	80	0.745036
51	85	0.734216
51	94	0.766428
51	97	0.76437
51	108	0.737682
51	110	0.737682
51	119	1.99607
51	133	0.747151
51	134	1.65108
51	160	2.78609
51	162	0.754248
52	142	1.88872
52	145	0.733065
52	148	0.732385
52	155	2.19561
52	161	0.733699
52	163	0.746197
52	167	0.727831
52	170	2.28633
52	171	0.744058
52	172	0.741903
52	175	0.736274
52	176	0.739868
52	177	0.737868
52	178	0.744749
52	179	0.736998
52	180	0.745106
53	1	0.714066
53	30	0.753489
53	33	0.747698
53	35	0.745545
53	44	0.731311
53	58	0.718717
53	62	0.71959
53	66	2.53961
53	72	0.765727
53	74	0.75327
53	125	1.58332
53	133	0.741747
53	138	2.30914
53	159	0.73951
53	164	0.739277
53	166	0.730052
54	48	0.722963
54	135	0.747997
54	137	0.742322
54	141	0.73962
54	143	0.7373
54	147	0.753573
54	155	0.731457
54	156	0.725571
54	157	0.751355
54	158	0.742403
54	165	0.742126
54	170	0.730876
54	173	0.732438
54	174	2.07403
54	175	2.29001
54	178	2.06806
55	10	2.48448
55	71	1.90468
55	130	0.724242
55	138	0.728814
55	145	0.732277
55	149	0.749484
55	163	0.745409
55	165	1.9898
55	171	0.74327
55	174	0.740369
55	175	0.735486
55	176	0.73908
55	177	0.73708
55	178	0.743961
55	179	0.73621
55	180	0.744318
56	12	1.8077
56	67	0.75595
56	80	2.36492
56	106	0.735031
56	152	0.740727
56	154	2.20525
56	161	0.728843
56	163	0.741342
56	168	0.742292
56	171	0.739202
56	174	0.736302
56	176	0.735013
56	177	0.733013
56	178	0.739894
56	179	0.732143
56	180	0.740251
57	93	2.47765
57	116	1.81147
57	128	0.729883
57	132	2.0795
57	149	0.748609
57	161	0.732036
57	163	0.744535
57	167	0.726168
57	168	0.745485
57	171	0.742395
57	175	0.734612
57	176	0.738206
57	177	0.736206
57	178	0.743086
57	179	0.735335
57	180	0.743444
58	1	0.703226
58	4	0.704249
58	27	0.760535
58	30	0.742649
58	33	0.736858
58	44	0.720471
58	53	0.718717
58	62	0.70875
58	72	0.754887
58	74	0.74243
58	133	0.730907
58	159	0.72867
58	160	2.88023
58	163	1.97695
58	164	0.728437
58	166	0.719212
58	176	1.97524
59	18	0.80701
59	50	1.96255
59	51	0.777733
59	64	0.763882
59	80	0.782406
59	85	0.771586
59	94	0.803798
59	97	0.801739
59	104	0.782298
59	108	0.775051
59	110	0.775051
59	132	0.785546
59	159	0.782283
59	162	0.791618
59	163	1.58297
59	172	1.5654
59	175	1.72077
60	12	0.782399
60	40	2.30851
60	61	0.702339
60	103	0.725233
60	140	0.729114
60	149	2.07291
60	150	0.735328
60	153	0.710631
60	154	0.728405
60	155	0.723649
60	156	0.717763
60	158	0.734595
60	165	0.734318
60	167	2.43972
60	169	0.72853
60	170	0.723067
60	173	0.72463
61	60	0.702339
61	75	0.735552
61	86	2.43659
61	113	0.748108
61	114	0.706363
61	120	0.725347
61	137	0.734589
61	141	0.731887
61	147	0.74584
61	150	0.735404
61	152	2.10403
61	155	0.723724
61	165	0.734393
61	169	0.728606
61	170	0.723143
61	173	0.724705
61	177	2.29108
62	1	0.704099
62	15	0.701723
62	27	0.761408
62	33	0.737731
62	35	0.735578
62	44	0.721344
62	53	0.71959
62	58	0.70875
62	72	0.755759
62	74	0.743302
62	119	2.46608
62	126	2.09898
62	133	0.73178
62	159	0.729543
62	164	0.72931
62	166	0.720084
62	178	2.26866
63	91	0.761194
63	104	2.18819
63	109	0.727593
63	115	2.44684
63	130	0.716621
63	154	2.13269
63	160	0.680473
63	167	0.719422
63	168	0.738738
63	171	0.735649
63	172	0.733494
63	174	0.732748
63	175	0.727865
63	176	0.731459
63	177	0.729459
63	179	0.728589
63	180	0.736697
64	26	0.689125
64	31	0.684514
64	34	0.730329
64	51	0.726512
64	59	0.763882
64	85	0.720365
64	94	0.752576
64	97	0.750518
64	104	0.731076
64	106	2.27451
64	108	0.72383
64	110	0.72383
64	119	2.33625
64	121	0.731985
64	159	0.731062
64	162	0.740397
64	176	2.22128
65	11	0.826773
65	20	0.739563
65	29	0.720922
65	46	0.76411
65	73	0.787115
65	76	0.735952
65	77	0.732477
65	89	0.798136
65	99	0.777211
65	121	0.773312
65	125	0.824124
65	132	0.775651
65	133	1.69407
65	144	1.47152
65	160	2.52935
65	162	0.781724
65	166	0.76293
65	174	1.54788
66	30	2.33548
66	53	2.53961
66	98	0.735961
66	100	0.730043
66	101	0.720019
66	110	2.31403
66	112	0.703523
66	143	0.719267
66	155	0.713424
66	157	0.733322
66	158	0.72437
66	162	0.724973
66	173	0.714405
66	175	0.71319
66	176	0.716784
66	177	0.714783
66	179	0.713913
66	180	0.722022
67	56	0.75595
67	103	1.87156
67	106	0.772708
67	128	0.764367
67	130	0.757852
67	135	1.59582
67	144	0.792047
67	155	1.80012
67	163	0.779019
67	167	0.760653
67	170	1.89084
67	172	0.774725
67	174	0.773979
67	176	0.772691
67	177	0.77069
67	178	0.777571
67	179	0.76982
67	180	0.777928
68	3	0.757192
68	6	0.754354
68	71	0.798807
68	78	0.786405
68	79	0.778416
68	83	0.765219
68	90	0.715
68	95	0.751169
68	98	0.794371
68	101	0.77843
68	112	0.761933
68	118	1.70099
68	126	0.798382
68	139	0.776939
68	142	1.84319
68	145	1.90259
68	162	0.783384
68	164	1.77433
69	106	1.5369
69	115	0.750669
69	121	1.73724
69	129	2.36821
69	140	0.771716
69	142	0.790409
69	150	0.777931
69	151	0.77448
69	153	0.753233
69	154	0.771007
69	155	0.766251
69	157	0.78615
69	158	0.777198
69	165	0.77692
69	169	0.771133
69	170	0.76567
69	173	0.767232
69	179	1.59945
70	97	2.14771
70	114	2.54232
70	115	2.47813
70	118	0.724709
70	130	0.705852
70	138	0.710424
70	163	0.727019
70	167	0.708652
70	168	0.727969
70	171	0.724879
70	172	0.722725
70	174	0.721978
70	175	0.717096
70	176	0.72069
70	177	0.71869
70	178	0.72557
70	179	0.71782
70	180	0.725928
71	19	0.738691
71	22	0.818981
71	55	1.90468
71	68	0.798807
71	78	0.786578
71	79	0.778589
71	83	0.765392
71	90	0.715173
71	91	1.6167
71	98	0.794544
71	101	0.778603
71	112	0.762106
71	132	0.777484
71	139	0.777113
71	160	0.72438
71	162	0.783557
71	179	1.93454
71	180	1.77566
72	1	0.750236
72	15	0.74786
72	27	0.807545
72	30	0.789659
72	33	0.783868
72	35	0.781715
72	44	0.767481
72	53	0.765727
72	58	0.754887
72	62	0.755759
72	99	1.57948
72	117	1.88824
72	128	2.0948
72	133	0.777917
72	159	0.77568
72	164	0.775447
72	166	0.766221
72	178	1.67985
73	20	0.731364
73	29	0.712723
73	36	0.769823
73	41	0.770848
73	46	0.755912
73	47	1.5631
73	65	0.787115
73	76	0.727753
73	77	0.724278
73	89	0.789937
73	105	0.761932
73	121	0.765113
73	123	0.759019
73	125	0.815926
73	138	2.14349
73	148	1.89646
73	162	0.773525
73	164	2.02835
73	166	0.754731
74	13	1.64228
74	34	2.04695
74	53	0.75327
74	58	0.74243
74	62	0.743302
74	98	1.96005
74	114	0.743647
74	132	1.92986
74	142	0.785166
74	154	0.765764
74	158	0.771955
74	159	0.763223
74	166	0.753764
74	167	0.752331
74	170	0.760427
74	176	0.764368
74	178	0.769249
74	179	0.761498
74	180	0.769606
75	49	0.74786
75	61	0.735552
75	87	0.746952
75	116	0.775709
75	120	0.758485
75	136	0.748731
75	137	0.767727
75	143	0.762705
75	147	0.778978
75	155	0.756862
75	157	0.776761
75	158	0.767809
75	163	1.8648
75	169	0.761744
75	170	0.756281
75	171	1.92568
75	173	0.757843
75	177	2.03213
75	180	1.81999
76	20	0.680201
76	29	0.66156
76	36	0.71866
76	41	0.719685
76	46	0.704748
76	65	0.735952
76	73	0.727753
76	77	0.673114
76	89	0.738773
76	105	0.710768
76	121	0.71395
76	123	0.707856
76	125	0.764762
76	132	0.716289
76	160	3.18931
76	162	0.722361
76	166	0.703568
76	178	2.20187
76	180	2.24121
77	11	0.763936
77	20	0.676725
77	29	0.658085
77	36	0.715184
77	41	0.716209
77	46	0.701273
77	65	0.732477
77	73	0.724278
77	76	0.673114
77	89	0.735298
77	99	0.714373
77	119	2.59649
77	121	0.710475
77	123	0.70438
77	125	0.761287
77	132	0.712814
77	166	0.700093
77	179	2.5973
77	180	2.43842
78	6	0.742125
78	13	0.822826
78	19	0.726289
78	68	0.786405
78	71	0.786578
78	79	0.766187
78	83	0.75299
78	90	0.702771
78	95	0.738939
78	98	0.782141
78	100	0.776224
78	101	0.7662
78	107	2.00975
78	112	0.749704
78	117	1.81077
78	119	0.735913
78	130	1.99628
78	139	0.76471
78	166	1.82588
79	6	0.734136
79	19	0.7183
79	22	0.79859
79	68	0.778416
79	71	0.778589
79	78	0.766187
79	83	0.745001
79	90	0.694782
79	95	0.730951
79	98	0.774153
79	101	0.758212
79	102	1.74843
79	112	0.741715
79	132	0.757093
79	139	0.756721
79	160	0.703989
79	162	0.763166
79	163	2.05709
79	177	2.22441
79	180	2.01228
80	17	0.712272
80	18	0.774313
80	26	0.707649
80	31	0.703038
80	34	0.748854
80	51	0.745036
80	56	2.36492
80	59	0.782406
80	85	0.738889
80	94	0.771101
80	97	0.769042
80	104	0.749601
80	108	0.742354
80	110	0.742354
80	125	0.801322
80	126	1.70179
80	132	0.752849
80	162	0.758921
80	164	2.08892
80	174	1.87743
81	46	2.32548
81	98	2.08586
81	109	0.736074
81	128	0.731618
81	134	0.761857
81	135	2.031
81	138	0.729675
81	142	1.92842
81	144	0.759297
81	148	0.732457
81	149	0.750344
81	163	0.74627
81	167	0.727903
81	172	0.741976
81	174	0.741229
81	175	0.736347
81	176	0.739941
81	177	0.737941
81	178	0.744821
81	179	0.737071
81	180	0.745179
82	95	2.43434
82	111	0.728187
82	124	0.737655
82	131	0.743843
82	136	2.00722
82	138	0.734203
82	139	1.82287
82	144	0.763826
82	145	0.737666
82	160	0.693483
82	168	0.751748
82	170	2.09362
82	171	0.748659
82	172	0.746504
82	174	0.745758
82	175	0.740875
82	176	0.744469
82	177	0.742469
82	178	0.74935
82	179	0.741599
82	180	0.749707
83	3	0.723778
83	6	0.72094
83	19	0.705103
83	22	0.785393
83	68	0.765219
83	71	0.765392
83	78	0.75299
83	79	0.745001
83	90	0.681585
83	95	0.717754
83	98	0.760956
83	101	0.745015
83	112	0.728518
83	126	0.764967
83	132	0.743896
83	139	0.743524
83	152	2.10605
83	162	0.749969
83	171	2.18665
83	172	2.1082
83	178	2.04162
84	8	2.34778
84	28	0.691104
84	93	0.717609
84	103	0.741583
84	116	0.758845
84	142	0.764157
84	143	0.745842
84	144	1.84044
84	151	0.748228
84	153	0.726981
84	154	0.744755
84	155	0.739998
84	156	0.734113
84	157	0.759897
84	158	0.750945
84	165	0.750668
84	166	2.13434
84	169	0.74488
84	170	0.739417
84	173	0.74098
84	179	2.10906
85	17	0.701452
85	18	0.763493
85	31	0.692218
85	34	0.738034
85	51	0.734216
85	59	0.771586
85	64	0.720365
85	80	0.738889
85	94	0.76028
85	97	0.758222
85	104	0.738781
85	108	0.731534
85	110	0.731534
85	119	2.20511
85	125	0.790502
85	132	0.742028
85	134	1.86013
85	159	0.738766
85	162	0.748101
85	164	2.22515
85	171	2.15273
86	61	2.43659
86	91	0.767801
86	96	0.750628
86	102	0.736965
86	107	0.729309
86	116	1.85109
86	118	0.742086
86	130	0.723229
86	144	0.757423
86	147	2.09778
86	149	0.748471
86	157	1.98281
86	163	0.744396
86	164	0.736689
86	167	0.72603
86	172	0.740102
86	174	0.739356
86	177	0.736067
86	178	0.742948
86	179	0.735197
86	180	0.743305
87	7	1.33323
87	12	0.793874
87	75	0.746952
87	96	1.98971
87	126	0.761671
87	127	0.726309
87	128	2.62581
87	136	0.726992
87	137	0.745989
87	141	0.743286
87	143	0.740966
87	146	0.731171
87	153	0.722106
87	154	0.739879
87	155	0.735123
87	156	0.729238
87	165	0.745793
87	167	2.48279
87	169	0.740005
87	170	0.734542
87	173	0.736105
88	96	0.744977
88	106	0.732434
88	137	2.15299
88	138	0.72215
88	142	2.0389
88	144	0.751772
88	145	0.725612
88	148	0.724932
88	153	2.4201
88	159	0.731271
88	161	0.726246
88	162	2.14823
88	168	0.739695
88	171	0.736605
88	172	0.734451
88	174	0.733705
88	175	0.728822
88	176	0.732416
88	177	0.730416
88	178	0.737297
88	179	0.729546
88	180	0.737654
89	11	0.829595
89	29	0.723744
89	36	0.780843
89	41	0.781869
89	46	0.766932
89	65	0.798136
89	73	0.789937
89	76	0.738773
89	77	0.735298
89	96	1.48755
89	99	0.780032
89	105	0.772952
89	121	0.776134
89	123	0.77004
89	125	0.826946
89	132	0.778473
89	148	1.79425
89	162	0.784545
89	164	1.92615
89	166	0.765752
89	171	1.85372
89	176	1.79114
90	3	0.673558
90	6	0.67072
90	13	0.751421
90	19	0.654884
90	22	0.735174
90	43	2.94065
90	68	0.715
90	71	0.715173
90	78	0.702771
90	79	0.694782
90	83	0.681585
90	95	0.667535
90	98	0.710737
90	100	0.704819
90	101	0.694795
90	102	3.06043
90	112	0.678299
90	123	2.81986
90	126	0.714747
90	132	0.693677
90	160	0.640573
90	162	0.699749
91	63	0.761194
91	71	1.6167
91	86	0.767801
91	107	0.772731
91	108	1.86916
91	128	0.773165
91	129	0.737562
91	131	0.780862
91	144	0.800845
91	147	1.58118
91	156	1.89475
91	158	1.79593
91	161	0.775318
91	167	0.769451
91	171	0.785678
91	172	0.783523
91	174	0.782777
91	175	0.777894
91	177	0.779488
91	178	0.786369
91	179	0.778618
91	180	0.786726
92	100	0.736014
92	103	0.720979
92	106	2.34066
92	116	0.738241
92	120	0.721017
92	137	0.73026
92	140	0.724859
92	141	0.727557
92	142	0.743552
92	143	0.725238
92	147	0.74151
92	151	0.727624
92	153	0.706377
92	155	0.719394
92	156	0.713509
92	158	0.730341
92	165	0.730064
92	169	0.724276
92	170	0.718813
92	173	0.720376
92	174	2.21094
92	176	2.28742
92	179	2.4032
93	24	0.679293
93	57	2.47765
93	84	0.717609
93	114	0.705283
93	127	0.713829
93	135	0.739184
93	141	0.730807
93	142	0.746802
93	143	0.728487
93	144	2.04989
93	146	0.718691
93	147	0.74476
93	150	0.734323
93	151	0.730873
93	154	0.7274
93	157	0.742542
93	158	0.733591
93	161	2.36039
93	165	0.733313
93	166	2.34379
93	169	0.727525
93	170	0.722063
93	173	0.723625
94	17	0.733664
94	18	0.795704
94	26	0.729041
94	31	0.72443
94	34	0.770245
94	38	1.87332
94	51	0.766428
94	59	0.803798
94	64	0.752576
94	80	0.771101
94	85	0.76028
94	97	0.790434
94	100	0.785382
94	104	0.770992
94	107	2.02846
94	108	0.763746
94	109	2.052
94	110	0.763746
94	126	1.45141
94	132	0.77424
94	133	0.773215
94	159	0.770978
94	164	1.83854
95	3	0.709727
95	6	0.706889
95	13	0.78759
95	19	0.691053
95	22	0.771342
95	68	0.751169
95	78	0.738939
95	79	0.730951
95	82	2.43434
95	83	0.717754
95	90	0.667535
95	98	0.746905
95	100	0.740988
95	101	0.730964
95	112	0.714468
95	119	0.700677
95	123	1.86814
95	126	0.750916
95	139	0.729474
95	160	0.676742
95	162	0.735918
95	166	2.55672
95	180	2.37256
96	24	2.30446
96	40	0.763375
96	86	0.750628
96	87	1.98971
96	88	0.744977
96	89	1.48755
96	102	0.763213
96	125	0.814906
96	134	0.786231
96	137	1.48783
96	145	0.757512
96	148	0.756831
96	152	0.770029
96	163	0.770644
96	171	0.768505
96	173	1.90926
96	174	0.765604
96	175	0.760721
96	176	0.764315
96	177	0.762315
96	178	0.769196
96	179	0.761445
96	180	0.769553
97	17	0.731606
97	18	0.793646
97	26	0.726982
97	31	0.722371
97	34	0.768187
97	37	1.95249
97	51	0.76437
97	59	0.801739
97	64	0.750518
97	70	2.14771
97	80	0.769042
97	85	0.758222
97	94	0.790434
97	99	1.59517
97	104	0.768934
97	108	0.761688
97	110	0.761688
97	121	0.769843
97	125	0.820655
97	133	0.771156
97	149	1.60066
97	159	0.768919
97	161	1.93564
98	3	0.752929
98	13	0.830792
98	19	0.734255
98	66	0.735961
98	68	0.794371
98	71	0.794544
98	74	1.96005
98	78	0.782141
98	79	0.774153
98	81	2.08586
98	83	0.760956
98	90	0.710737
98	95	0.746905
98	100	0.78419
98	101	0.774166
98	112	0.75767
98	123	1.28725
98	126	0.794118
98	130	2.14623
98	132	0.773048
98	160	0.719944
98	162	0.77912
98	178	1.75233
99	11	0.80867
99	18	1.75941
99	26	2.9939
99	30	1.67205
99	46	0.746007
99	65	0.777211
99	72	1.57948
99	77	0.714373
99	89	0.780032
99	97	1.59517
99	140	0.757536
99	147	0.774187
99	156	0.746185
99	165	0.76274
99	166	0.744827
99	167	0.743393
99	169	0.756952
99	171	0.75962
99	173	0.753052
99	174	0.756719
99	175	0.751837
99	177	0.75343
99	179	0.75256
99	180	0.760668
100	66	0.730043
100	78	0.776224
100	90	0.704819
100	92	0.736014
100	94	0.785382
100	95	0.740988
100	98	0.78419
100	104	0.763882
100	108	0.756636
100	110	0.756636
100	111	2.14386
100	112	0.751752
100	117	1.93188
100	142	0.785811
100	143	0.767496
100	154	0.766409
100	157	0.781551
100	159	0.763868
100	160	0.714026
100	162	0.773203
100	166	1.94699
100	170	0.761072
100	171	1.86852
100	180	1.76284
101	3	0.736988
101	6	0.73415
101	13	0.814851
101	19	0.718314
101	22	0.798603
101	66	0.720019
101	68	0.77843
101	71	0.778603
101	78	0.7662
101	79	0.758212
101	83	0.745015
101	90	0.694795
101	95	0.730964
101	98	0.774166
101	109	2.40578
101	112	0.741729
101	119	0.727938
101	125	1.58163
101	132	0.757107
101	139	0.756735
101	144	1.90447
101	160	0.704003
101	162	0.763179
101	171	2.1199
101	172	2.04145
102	79	1.74843
102	86	0.736965
102	90	3.06043
102	96	0.763213
102	118	0.754671
102	120	1.87245
102	129	0.706726
102	132	1.49763
102	138	0.740386
102	144	0.770008
102	148	0.743168
102	149	0.761055
102	152	0.756365
102	156	1.78987
102	161	0.744482
102	168	0.757931
102	171	0.754841
102	172	0.752687
102	174	0.75194
102	175	0.747058
102	176	0.750652
102	177	0.748651
102	178	0.755532
102	179	0.747781
102	180	0.755889
103	60	0.725233
103	67	1.87156
103	84	0.741583
103	92	0.720979
103	106	2.1089
103	113	0.771003
103	127	0.737804
103	133	2.12538
103	135	0.763158
103	136	0.738487
103	141	0.754781
103	142	0.770776
103	143	0.752461
103	146	0.742666
103	147	0.768734
103	149	1.87834
103	150	0.758298
103	151	0.754847
103	153	0.7336
103	154	0.751374
103	157	0.766517
103	163	2.05738
103	164	0.7486
103	169	0.7515
103	173	0.747599
104	17	0.712164
104	18	0.774204
104	26	0.707541
104	31	0.70293
104	34	0.748745
104	59	0.782298
104	63	2.18819
104	64	0.731076
104	80	0.749601
104	85	0.738781
104	94	0.770992
104	97	0.768934
104	100	0.763882
104	105	1.91364
104	108	0.742246
104	110	0.742246
104	121	0.750401
104	124	2.0098
104	125	0.801213
104	132	0.75274
104	133	0.751715
104	159	0.749478
104	162	0.758813
104	171	1.91233
104	177	2.01878
105	3	2.4411
105	11	0.80159
105	14	0.712262
105	22	1.58598
105	41	0.753864
105	73	0.761932
105	76	0.710768
105	89	0.772952
105	104	1.91364
105	110	1.89733
105	112	2.14053
105	131	0.747724
105	148	0.740867
105	151	0.75322
105	158	0.755937
105	165	0.75566
105	166	0.737747
105	169	0.749872
105	170	0.744409
105	171	0.75254
105	172	0.750385
105	173	0.745972
105	178	0.753231
105	179	0.74548
105	180	0.753588
106	56	0.735031
106	64	2.27451
106	67	0.772708
106	69	1.5369
106	88	0.732434
106	92	2.34066
106	103	2.1089
106	111	0.735489
106	117	0.754265
106	125	0.802362
106	129	0.707846
106	131	0.751145
106	138	0.741506
106	142	1.73057
106	152	0.757485
106	161	0.745602
106	167	0.739734
106	168	0.759051
106	174	0.75306
106	175	0.748178
106	176	0.751772
106	177	0.749771
106	178	0.756652
106	179	0.748901
106	180	0.757009
107	8	0.70901
107	15	2.12097
107	38	0.742995
107	78	2.00975
107	86	0.729309
107	91	0.772731
107	94	2.02846
107	124	0.736182
107	131	0.74237
107	144	0.762353
107	145	0.736193
107	147	2.10817
107	149	0.7534
107	161	0.736826
107	162	2.11158
107	163	0.749325
107	164	0.741618
107	167	0.730959
107	171	0.747186
107	172	0.745031
107	174	0.744285
107	176	0.742996
107	177	0.740996
107	178	0.747877
107	179	0.740126
107	180	0.748234
108	17	0.704918
108	18	0.766958
108	26	0.700294
108	31	0.695683
108	34	0.741499
108	51	0.737682
108	59	0.775051
108	64	0.72383
108	80	0.742354
108	85	0.731534
108	91	1.86916
108	94	0.763746
108	97	0.761688
108	100	0.756636
108	104	0.742246
108	110	0.735
108	121	0.743155
108	122	2.27287
108	125	0.793967
108	132	0.745494
108	133	0.744468
108	145	2.33449
108	149	1.8939
108	159	0.742231
108	162	0.751566
108	176	2.07122
109	22	1.87055
109	63	0.727593
109	81	0.736074
109	94	2.052
109	101	2.40578
109	116	1.88501
109	118	0.751906
109	122	0.743596
109	128	0.739564
109	138	0.737621
109	148	0.740403
109	151	2.16563
109	152	0.753601
109	160	0.6969
109	163	0.754216
109	166	0.737283
109	167	0.73585
109	168	0.755166
109	171	0.752076
109	174	0.749176
109	175	0.744293
109	176	0.747887
109	177	0.745887
109	178	0.752768
109	179	0.745017
109	180	0.753125
110	17	0.704918
110	18	0.766958
110	26	0.700294
110	31	0.695683
110	34	0.741499
110	47	1.50318
110	51	0.737682
110	59	0.775051
110	64	0.72383
110	66	2.31403
110	80	0.742354
110	85	0.731534
110	94	0.763746
110	97	0.761688
110	100	0.756636
110	104	0.742246
110	105	1.89733
110	108	0.735
110	121	0.743155
110	125	0.793967
110	132	0.745494
110	133	0.744468
110	159	0.742231
110	160	2.73842
110	162	0.751566
110	164	1.96844
111	2	1.48101
111	28	3.01836
111	82	0.728187
111	100	2.14386
111	106	0.735489
111	128	0.727148
111	130	0.720633
111	134	0.757387
111	137	2.12935
111	138	0.725205
111	144	0.754828
111	145	0.728667
111	149	0.745875
111	157	2.00619
111	159	0.734326
111	161	0.729301
111	163	0.7418
111	168	0.74275
111	171	0.73966
111	172	0.737506
111	174	0.73676
111	175	0.731877
111	176	0.735471
111	177	0.733471
111	178	0.740352
111	179	0.732601
111	180	0.740709
112	3	0.720492
112	6	0.717654
112	8	2.43113
112	13	0.798354
112	19	0.701817
112	22	0.782107
112	66	0.703523
112	68	0.761933
112	71	0.762106
112	78	0.749704
112	79	0.741715
112	83	0.728518
112	90	0.678299
112	95	0.714468
112	98	0.75767
112	100	0.751752
112	101	0.741729
112	105	2.14053
112	119	0.711441
112	126	0.761681
112	132	0.74061
112	139	0.740238
112	160	0.687506
112	162	0.746683
112	164	2.21164
112	168	2.01431
112	180	2.03353
113	37	1.91326
113	42	0.770565
113	47	1.40851
113	61	0.748108
113	103	0.771003
113	120	0.771041
113	124	1.89881
113	128	2.07126
113	135	0.785958
113	137	0.780283
113	140	0.774883
113	141	0.777581
113	142	0.793576
113	150	0.781098
113	151	0.777647
113	153	0.7564
113	154	0.774174
113	155	0.769418
113	156	0.763533
113	157	0.789317
113	160	0.721791
113	165	0.780087
113	169	0.7743
113	170	0.768837
113	173	0.770399
113	179	1.85453
113	180	1.69565
114	61	0.706363
114	70	2.54232
114	74	0.743647
114	93	0.705283
114	115	0.712091
114	116	0.746519
114	120	0.729296
114	127	0.718858
114	140	0.733138
114	141	0.735836
114	142	0.751831
114	143	0.733516
114	144	2.01974
114	146	0.723721
114	147	0.749789
114	148	2.1757
114	150	0.739353
114	153	0.714655
114	154	0.732429
114	155	0.727673
114	156	0.721787
114	157	0.747571
114	161	2.33024
114	163	2.1743
114	165	0.738342
114	169	0.732555
114	170	0.727092
114	173	0.728654
115	10	0.702376
115	28	0.680556
115	49	0.720449
115	63	2.44684
115	69	0.750669
115	70	2.47813
115	114	0.712091
115	116	0.748298
115	135	0.745991
115	136	0.72132
115	137	0.740316
115	143	0.735294
115	146	0.725499
115	147	0.751567
115	150	0.741131
115	151	0.73768
115	153	0.716433
115	154	0.734207
115	155	0.729451
115	156	0.723566
115	157	0.74935
115	163	2.11011
115	165	0.74012
115	169	0.734333
115	170	0.72887
115	171	2.17099
115	173	0.730432
115	178	2.02596
116	5	2.14694
116	14	0.731152
116	57	1.81147
116	75	0.775709
116	84	0.758845
116	86	1.85109
116	92	0.738241
116	109	1.88501
116	114	0.746519
116	115	0.748298
116	127	0.755066
116	135	0.78042
116	140	0.769345
116	145	1.79982
116	146	0.759928
116	147	0.785996
116	150	0.77556
116	151	0.772109
116	153	0.750862
116	155	0.76388
116	156	0.757994
116	157	0.783779
116	158	0.774827
116	165	0.774549
116	167	1.72603
116	169	0.768762
116	170	0.763299
116	173	0.764861
117	39	0.751828
117	47	0.805917
117	72	1.88824
117	78	1.81077
117	100	1.93188
117	106	0.754265
117	122	0.749956
117	129	0.710321
117	134	0.776163
117	144	0.773604
117	145	0.747444
117	148	0.746763
117	149	0.764651
117	152	0.759961
117	154	1.92019
117	156	2.22276
117	157	1.79421
117	161	0.748077
117	163	0.760576
117	167	0.74221
117	168	0.761526
117	171	0.758437
117	172	0.756282
117	174	0.755536
117	176	0.754247
117	177	0.752247
117	178	0.759128
117	179	0.751377
117	180	0.759485
118	32	0.710603
118	68	1.70099
118	70	0.724709
118	86	0.742086
118	102	0.754671
118	109	0.751906
118	120	2.24107
118	124	0.748959
118	127	2.08354
118	129	0.711847
118	131	0.755146
118	134	0.777689
118	135	1.84159
118	138	0.745507
118	141	2.06085
118	145	0.748969
118	148	0.748289
118	149	0.766176
118	159	0.754627
118	161	0.749603
118	163	0.762102
118	167	0.743735
118	168	0.763052
118	169	2.0201
118	172	0.757808
118	175	0.752179
118	176	0.755773
118	178	0.760653
118	179	0.752902
118	180	0.76101
119	3	0.706701
119	12	0.780092
119	19	0.688026
119	22	0.768316
119	51	1.99607
119	62	2.46608
119	64	2.33625
119	77	2.59649
119	78	0.735913
119	85	2.20511
119	95	0.700677
119	101	0.727938
119	112	0.711441
119	142	0.7455
119	150	0.733022
119	154	0.726098
119	155	0.721342
119	160	0.673715
119	163	0.731031
119	167	0.712665
119	168	0.731981
119	169	0.726224
119	170	0.720761
119	171	0.728891
119	173	0.722323
119	174	0.725991
119	178	0.729583
119	179	0.721832
119	180	0.72994
120	2	0.798539
120	7	1.21933
120	24	0.703305
120	61	0.725347
120	75	0.758485
120	92	0.721017
120	102	1.87245
120	113	0.771041
120	114	0.729296
120	118	2.24107
120	135	0.763196
120	140	0.752122
120	141	0.754819
120	142	0.770815
120	143	0.7525
120	146	0.742704
120	150	0.758336
120	151	0.754886
120	152	2.16138
120	153	0.733639
120	154	0.751413
120	156	0.740771
120	157	0.766555
120	159	2.21837
120	164	0.748638
120	165	0.757326
120	169	0.751538
120	170	0.746075
120	173	0.747638
120	175	2.3189
121	22	1.77565
121	26	0.708449
121	46	0.742108
121	64	0.731985
121	65	0.773312
121	69	1.73724
121	73	0.765113
121	76	0.71395
121	77	0.710475
121	89	0.776134
121	97	0.769843
121	104	0.750401
121	108	0.743155
121	110	0.743155
121	122	0.74724
121	125	0.802122
121	133	0.752624
121	138	0.741266
121	140	2.15832
121	141	2.25275
121	150	2.11183
121	152	0.757246
121	157	1.92184
121	159	0.750387
121	162	0.759722
121	175	0.747938
121	176	0.751532
121	178	0.756413
121	179	0.748662
121	180	0.75677
122	38	0.747461
122	39	0.745043
122	43	0.744299
122	108	2.27287
122	109	0.743596
122	117	0.749956
122	121	0.74724
122	129	0.703536
122	130	0.732624
122	131	0.746836
122	137	1.99307
122	138	0.737196
122	143	2.16634
122	145	0.740659
122	147	1.98489
122	148	0.739978
122	150	2.05991
122	157	1.86991
122	161	0.741292
122	163	0.753791
122	167	0.735425
122	168	0.754741
122	171	0.751652
122	172	0.749497
122	174	0.748751
122	175	0.743868
122	176	0.747462
122	177	0.745462
122	178	0.752343
122	179	0.744592
122	180	0.7527
123	18	1.3947
123	19	2.45197
123	31	2.57806
123	36	0.749926
123	46	0.736014
123	73	0.759019
123	76	0.707856
123	77	0.70438
123	89	0.77004
123	90	2.81986
123	95	1.86814
123	98	1.28725
123	128	0.737114
123	145	0.738634
123	146	0.738125
123	150	0.753757
123	158	0.753024
123	162	0.753627
123	163	0.751767
123	164	0.744059
123	165	0.752747
123	166	0.734834
123	168	0.752717
123	169	0.746959
123	170	0.741497
123	173	0.743059
123	175	0.741844
123	176	0.745438
123	178	0.750318
123	179	0.742567
123	180	0.750676
124	48	2.23263
124	82	0.737655
124	104	2.0098
124	107	0.736182
124	113	1.89881
124	118	0.748959
124	128	0.736616
124	129	0.701014
124	130	0.730101
124	131	0.744313
124	132	1.96464
124	134	0.766856
124	138	0.734674
124	144	0.764296
124	148	0.737456
124	149	0.755343
124	152	0.750653
124	155	2.14428
124	161	0.73877
124	163	0.751269
124	168	0.752219
124	169	2.11849
124	171	0.749129
124	172	0.746975
124	174	0.746228
124	175	0.741346
124	176	0.74494
124	177	0.742939
124	178	0.74982
124	179	0.742069
124	180	0.750177
125	33	1.71755
125	34	0.800466
125	41	0.807857
125	53	1.58332
125	65	0.824124
125	73	0.815926
125	76	0.764762
125	77	0.761287
125	80	0.801322
125	85	0.790502
125	89	0.826946
125	96	0.814906
125	97	0.820655
125	101	1.58163
125	104	0.801213
125	106	0.802362
125	108	0.793967
125	110	0.793967
125	121	0.802122
125	129	0.758418
125	130	0.787506
125	141	1.5235
125	158	1.52231
125	162	0.810534
125	169	1.48274
125	170	1.59926
125	171	0.806533
125	173	1.73716
125	177	0.800344
125	178	0.807225
125	179	0.799474
125	180	0.807582
126	1	2.28522
126	5	0.737586
126	11	1.46338
126	29	2.18075
126	39	0.772522
126	44	1.61846
126	62	2.09898
126	68	0.798382
126	80	1.70179
126	83	0.764967
126	87	0.761671
126	90	0.714747
126	94	1.45141
126	95	0.750916
126	98	0.794118
126	112	0.761681
126	132	0.777059
126	135	0.788121
126	136	0.76345
126	156	0.765696
126	158	0.782528
126	160	0.723955
126	161	0.768772
126	165	0.782251
126	167	0.762904
126	169	0.776463
126	173	0.772563
126	174	0.77623
126	175	0.771347
126	178	0.779822
126	179	0.772071
126	180	0.780179
127	2	0.788102
127	5	2.63226
127	10	0.709144
127	28	0.687324
127	87	0.726309
127	93	0.713829
127	103	0.737804
127	114	0.718858
127	116	0.755066
127	118	2.08354
127	136	0.728088
127	137	0.747084
127	141	0.744382
127	142	0.760377
127	143	0.742062
127	146	0.732267
127	147	0.758335
127	150	0.747899
127	151	0.744448
127	152	2.00386
127	153	0.723201
127	154	0.740975
127	156	0.730334
127	157	0.756118
127	158	0.747166
127	165	0.746888
127	169	0.741101
127	170	0.735638
127	173	0.7372
127	175	2.16138
127	176	2.02187
127	178	1.93943
128	13	1.84951
128	23	0.700665
128	57	0.729883
128	67	0.764367
128	72	2.0948
128	81	0.731618
128	87	2.62581
128	91	0.773165
128	109	0.739564
128	111	0.727148
128	113	2.07126
128	123	0.737114
128	124	0.736616
128	129	0.699505
128	130	0.728592
128	138	0.733164
128	139	2.1367
128	144	0.762787
128	149	0.753834
128	152	0.749144
128	157	2.00077
128	160	0.692444
128	161	0.737261
128	168	0.750709
128	172	0.745465
128	174	0.744719
128	175	0.739836
128	176	0.743431
128	177	0.74143
128	178	0.748311
128	179	0.74056
128	180	0.748668
129	16	0.669875
129	21	0.738486
129	32	0.662658
129	40	0.706887
129	69	2.36821
129	91	0.737562
129	102	0.706726
129	106	0.707846
129	117	0.710321
129	118	0.711847
129	122	0.703536
129	124	0.701014
129	125	0.758418
129	128	0.699505
129	132	2.68912
129	138	0.697562
129	144	0.727184
129	145	0.701024
129	148	0.700344
129	149	0.718231
129	152	0.713541
129	154	2.67878
129	155	2.86876
129	157	2.5528
129	160	0.656841
129	167	0.69579
129	168	0.715107
129	171	0.712017
129	174	0.709116
129	176	0.707828
129	178	0.712708
129	179	0.704957
129	180	0.713066
130	16	0.698963
130	55	0.724242
130	63	0.716621
130	67	0.757852
130	70	0.705852
130	78	1.99628
130	86	0.723229
130	98	2.14623
130	111	0.720633
130	122	0.732624
130	124	0.730101
130	125	0.787506
130	128	0.728592
130	136	2.29999
130	138	0.726649
130	141	2.31064
130	143	2.27614
130	145	0.730112
130	148	0.729432
130	149	0.747319
130	151	2.12862
130	161	0.730746
130	163	0.743244
130	167	0.724878
130	171	0.741105
130	172	0.73895
130	174	0.738204
130	175	0.733321
130	176	0.736916
130	177	0.734915
130	178	0.741796
130	179	0.734045
130	180	0.742153
131	25	0.708827
131	37	0.747688
131	82	0.743843
131	91	0.780862
131	105	0.747724
131	106	0.751145
131	107	0.74237
131	118	0.755146
131	122	0.746836
131	124	0.744313
131	136	1.98629
131	139	1.80194
131	140	1.9025
131	144	0.770484
131	145	0.744323
131	146	1.97283
131	148	0.743643
131	149	0.761531
131	152	0.756841
131	153	2.05628
131	158	1.99574
131	161	0.744957
131	163	0.757456
131	166	0.740523
131	167	0.73909
131	168	0.758406
131	172	0.753162
131	173	2.21059
131	174	0.752416
131	175	0.747533
131	176	0.751127
131	177	0.749127
131	178	0.756008
131	179	0.748257
131	180	0.756365
132	3	0.73587
132	13	0.813732
132	20	0.7199
132	26	0.710788
132	29	0.701259
