1	5	1.02694
1	10	0.898552
1	12	1.01528
1	20	0.975968
1	48	1.01753
1	49	0.896392
1	106	0.934723
1	117	0.945759
1	139	0.959477
1	161	0.903386
1	170	1.91839
1	175	0.977519
2	120	1.41991
2	131	0.959741
2	142	1.26852
2	145	0.96624
2	147	0.958352
2	152	0.966922
2	155	0.956076
2	156	0.950619
2	159	0.969712
2	160	0.963721
2	164	0.97221
2	174	0.904312
3	32	1.11207
3	35	1.08244
3	36	1.07889
3	38	1.07832
3	44	1.07124
3	46	1.06549
3	50	1.05364
3	54	1.04985
3	61	1.04166
3	74	0.935964
3	162	0.89579
3	169	1.07169
4	8	0.905815
4	10	0.908857
4	12	1.02558
4	20	0.986273
4	48	1.02784
4	49	0.906697
4	106	0.945028
4	133	1.0922
4	139	0.969782
4	144	0.968749
4	146	1.68776
4	175	0.987824
5	1	1.02694
5	8	1.03385
5	10	1.03689
5	20	1.1143
5	49	1.03473
5	106	1.07306
5	117	1.08409
5	144	1.09678
5	146	0.774345
5	174	0.654802
5	175	1.11585
5	176	1.79686
6	17	1.03937
6	35	1.0887
6	36	1.08514
6	38	1.08457
6	40	1.10176
6	46	1.07174
6	50	1.05989
6	54	1.0561
6	61	1.04791
6	120	0.658597
6	167	0.998514
6	168	1.22932
7	21	1.02578
7	42	0.962782
7	52	0.950512
7	80	0.950867
7	93	0.988969
7	106	0.95622
7	123	0.985354
7	124	0.94088
7	138	1.26284
7	149	0.907347
7	169	1.48722
7	180	0.968563
8	4	0.905815
8	5	1.03385
8	10	0.905454
8	20	0.982869
8	48	1.02444
8	49	0.903294
8	117	0.952661
8	136	1.20369
8	137	1.61358
8	139	0.966379
8	144	0.965346
8	175	0.984421
9	76	2.16817
9	138	0.895612
9	143	0.891502
9	158	0.918712
9	163	0.789004
9	166	0.862141
9	169	0.871278
9	171	0.897113
9	173	0.829291
9	177	0.867192
9	178	0.892197
9	179	0.871995
10	1	0.898552
10	4	0.908857
10	5	1.03689
10	8	0.905454
10	12	1.02522
10	48	1.02748
10	49	0.906336
10	105	1.09675
10	106	0.944666
10	144	0.968388
10	149	1.63042
10	175	0.987463
11	76	1.07882
11	78	1.08873
11	80	1.07137
11	84	1.07095
11	90	1.05642
11	103	1.07897
11	123	1.10585
11	141	0.751541
11	166	1.21075
11	168	1.02403
11	171	0.925896
11	180	1.08906
12	1	1.01528
12	4	1.02558
12	10	1.02522
12	20	1.10264
12	48	1.1442
12	49	1.02306
12	95	0.784052
12	105	0.975547
12	130	1.1215
12	139	1.08615
12	144	1.08511
12	175	1.10419
13	44	1.05295
13	87	0.896807
13	119	1.14265
13	138	0.959683
13	142	1.00358
13	157	0.947977
13	161	0.98202
13	165	0.939455
13	167	0.943525
13	173	0.893362
13	177	0.931263
13	178	0.956268
13	179	0.936065
14	43	0.927715
14	64	0.903003
14	91	0.928488
14	101	0.931981
14	122	0.974682
14	148	0.959411
14	155	0.946334
14	158	1.26474
14	159	0.959969
14	160	0.953979
14	164	0.962467
14	166	1.74539
14	175	0.978578
15	35	0.415629
15	85	0.640432
15	126	1.07109
15	141	1.05335
15	158	1.07241
15	159	0.932944
15	161	1.07164
15	165	1.02908
15	166	1.01584
15	173	0.982985
15	177	1.02089
15	178	1.04589
15	179	1.02569
16	97	1.23545
16	120	0.97761
16	122	1.07827
16	150	1.00781
16	158	0.98231
16	163	0.852602
16	165	0.938982
16	166	0.92574
16	167	0.943053
16	169	0.934876
16	177	0.930791
16	178	0.955796
16	179	0.935593
17	6	1.03937
17	32	0.978647
17	35	0.949023
17	38	0.944897
17	40	0.962085
17	44	0.937814
17	46	0.93207
17	50	0.920218
17	54	0.916428
17	61	0.908238
17	117	0.951303
17	174	1.69063
17	177	1.4082
18	88	1.07396
18	100	0.980079
18	146	0.918716
18	165	0.953122
18	166	0.939879
18	167	0.957192
18	168	0.920672
18	169	0.949016
18	173	0.907029
18	177	0.944931
18	178	0.969936
18	179	0.949733
18	180	1.14901
19	27	0.541912
19	81	0.74223
19	97	0.827605
19	102	1.10201
19	134	1.01606
19	142	1.08641
19	150	1.09112
19	166	1.00905
19	171	1.04402
19	173	0.976198
19	177	1.0141
19	178	1.0391
19	179	1.0189
20	1	0.975968
20	4	0.986273
20	5	1.1143
20	8	0.982869
20	12	1.10264
20	48	1.10489
20	49	0.983751
20	71	0.802148
20	87	1.19028
20	137	1.13161
20	139	1.04684
20	144	1.0458
20	175	1.06488
21	7	1.02578
21	26	1.28404
21	52	1.04469
21	84	1.04463
21	88	1.07932
21	90	1.0301
21	93	1.08315
21	103	1.05264
21	116	0.65139
21	124	1.03506
21	129	1.03714
21	137	0.987976
21	180	1.06274
22	110	0.803953
22	147	1.04434
22	148	1.05515
22	152	1.05291
22	154	1.04373
22	155	1.04207
22	156	1.03661
22	157	1.12792
22	159	1.0557
22	160	1.04971
22	162	1.11019
22	164	1.0582
22	176	0.921111
23	81	1.00542
23	90	0.919783
23	92	0.935577
23	119	0.98184
23	124	0.924738
23	128	1.13718
23	151	0.972565
23	152	1.17511
23	166	0.906593
23	175	0.982874
23	177	0.911644
23	179	0.916446
23	180	0.952421
24	59	0.563879
24	156	0.805484
24	161	1.06237
24	164	0.855418
24	165	1.0198
24	166	1.00656
24	167	1.02387
24	168	0.987351
24	169	1.0157
24	171	1.04153
24	173	0.973708
24	174	0.998831
24	178	1.03661
24	179	1.01641
25	56	1.0165
25	76	1.01993
25	80	1.01248
25	88	1.04676
25	92	1.01333
25	103	1.02008
25	123	1.04697
25	124	1.00249
25	144	1.04155
25	161	0.960188
25	168	0.965139
25	169	1.28808
25	172	1.03424
25	180	1.03017
26	21	1.28404
26	27	1.34842
26	40	0.958807
26	50	0.916939
26	61	0.90496
26	154	0.949205
26	155	0.947541
26	157	0.925269
26	160	0.955186
26	162	0.942145
26	164	0.963675
26	166	0.903504
26	177	0.908555
26	179	0.913357
27	19	0.541912
27	26	1.34842
27	67	1.07177
27	75	1.04588
27	97	1.05125
27	118	0.995326
27	119	1.07093
27	127	1.05457
27	132	1.04857
27	163	0.922542
27	174	0.987952
27	176	0.918759
27	177	1.10575
27	180	1.04151
28	116	0.960811
28	134	0.917756
28	139	1.28549
28	151	0.976717
28	158	0.967315
28	161	0.966553
28	162	0.949386
28	165	0.923988
28	166	0.910745
28	175	1.22206
28	176	0.833825
28	177	0.915796
28	178	0.940801
28	179	0.920598
29	40	0.495954
29	49	1.09
29	53	0.870714
29	88	1.15726
29	123	1.15747
29	124	1.11299
29	152	0.398413
29	164	0.415775
29	173	1.062
29	175	1.17113
29	177	1.0999
29	178	1.1249
29	179	1.1047
29	180	1.14068
30	66	1.05905
30	77	0.787259
30	98	0.901449
30	119	0.685719
30	138	1.02006
30	151	1.05256
30	161	1.04239
30	162	1.02523
30	167	1.0039
30	169	0.995723
30	174	0.978858
30	177	0.991637
30	178	1.01664
30	179	0.996439
31	108	1.01355
31	112	1.04069
31	114	1.04007
31	137	0.953426
31	147	1.02867
31	148	1.03948
31	150	1.0633
31	152	1.03724
31	155	1.0264
31	156	1.02094
31	161	1.1605
31	163	0.909224
31	164	1.04253
31	180	1.02819
32	3	1.11207
32	17	0.978647
32	35	1.02797
32	36	1.02442
32	38	1.02385
32	44	1.01676
32	46	1.01102
32	50	0.999168
32	54	0.995379
32	61	0.987188
32	72	1.12625
32	74	0.915226
32	115	1.03768
32	168	1.27572
33	103	1.16861
33	129	0.907929
33	140	0.933614
33	143	0.932096
33	161	0.958543
33	162	0.941377
33	166	0.902735
33	167	0.920048
33	168	0.883528
33	169	0.911872
33	171	0.937707
33	177	0.907787
33	178	0.932792
33	179	0.912589
33	180	1.38383
34	45	0.965145
34	73	0.822206
34	141	1.03341
34	157	1.01766
34	158	1.05247
34	159	0.831835
34	160	0.872813
34	165	1.00914
34	169	1.00503
34	173	0.963046
34	174	0.988169
34	176	0.918976
34	177	1.00095
34	178	1.02595
34	179	1.00575
35	3	1.08244
35	6	1.0887
35	15	0.415629
35	17	0.949023
35	32	1.02797
35	36	0.994797
35	38	0.994223
35	44	0.987141
35	46	0.981397
35	50	0.969544
35	54	0.965755
35	61	0.957565
35	115	1.00806
35	163	2.26234
35	179	0.779023
36	3	1.07889
36	6	1.08514
36	32	1.02442
36	35	0.994797
36	38	0.99067
36	40	1.00786
36	44	0.983587
36	46	0.977843
36	50	0.965991
36	54	0.962201
36	61	0.954011
36	117	0.997076
36	126	0.63655
36	170	1.70805
36	174	1.37994
37	72	1.42441
37	81	1.06967
37	97	1.0264
37	98	1.01337
37	118	0.970481
37	119	1.04608
37	127	1.02972
37	132	1.02373
37	140	1.12709
37	153	0.925919
37	163	0.897697
37	174	0.963107
37	175	1.04712
37	176	0.893914
37	180	1.01666
38	3	1.07832
38	6	1.08457
38	17	0.944897
38	32	1.02385
38	35	0.994223
38	36	0.99067
38	40	1.00728
38	44	0.983014
38	46	0.97727
38	54	0.961628
38	61	0.953438
38	100	0.899651
38	115	1.00393
38	135	1.48132
38	167	1.14455
39	41	1.02245
39	51	0.989624
39	67	1.0441
39	98	1.01054
39	118	0.967647
39	127	1.02689
39	132	1.0209
39	138	1.05027
39	139	1.02624
39	171	1.11123
39	174	0.960273
39	175	1.04428
39	176	0.89108
39	177	1.35121
39	180	1.01383
40	6	1.10176
40	17	0.962085
40	26	0.958807
40	29	0.495954
40	36	1.00786
40	38	1.00728
40	44	1.0002
40	46	0.994458
40	50	0.982606
40	54	0.978816
40	61	0.970626
40	86	1.17639
40	115	1.02112
40	117	1.01369
40	135	1.69483
41	39	1.02245
41	70	0.977757
41	75	1.01851
41	83	1.0559
41	118	0.967959
41	119	1.04356
41	127	1.0272
41	132	1.02121
41	153	0.945564
41	169	1.36876
41	170	0.924037
41	175	1.04459
41	176	0.891392
41	178	1.20437
41	180	1.01414
42	7	0.962782
42	76	0.989498
42	88	1.01632
42	90	0.967104
42	93	1.02015
42	103	0.989647
42	115	1.00586
42	123	1.01653
42	124	0.97206
42	146	0.932752
42	168	0.934708
42	170	1.24948
42	172	1.00381
42	176	2.06342
42	177	0.638937
42	180	0.999742
43	14	0.927715
43	58	1.25345
43	73	0.981136
43	77	0.972288
43	109	1.00784
43	114	0.996994
43	122	1.01167
43	131	0.986987
43	147	0.985599
43	152	0.994169
43	153	1.08175
43	154	0.984987
43	156	0.977866
43	160	0.990968
43	164	0.999457
43	178	1.34055
44	3	1.07124
44	13	1.05295
44	17	0.937814
44	32	1.01676
44	35	0.987141
44	36	0.983587
44	38	0.983014
44	40	1.0002
44	46	0.970187
44	50	0.958335
44	54	0.954546
44	61	0.946355
44	115	0.996848
44	117	0.989421
44	136	1.07722
44	137	1.4871
45	34	0.965145
45	104	0.976406
45	106	0.9166
45	107	0.920434
45	111	1.5807
45	142	0.960481
45	154	1.3335
45	157	0.90488
45	162	0.921756
45	166	0.883115
45	171	0.918087
45	173	0.850265
45	174	0.875388
45	177	0.888166
45	178	0.913171
45	179	0.892968
46	3	1.06549
46	6	1.07174
46	17	0.93207
46	32	1.01102
46	35	0.981397
46	36	0.977843
46	38	0.97727
46	40	0.994458
46	44	0.970187
46	50	0.952591
46	54	0.948802
46	61	0.940611
46	117	0.983677
46	143	1.01553
46	168	1.35107
46	174	1.4853
47	106	1.06003
47	131	0.982393
47	145	0.988892
47	146	0.913528
47	148	0.991806
47	154	0.980393
47	155	0.978728
47	156	0.973272
47	159	0.992364
47	160	0.986373
47	164	0.994862
47	169	1.32801
47	172	0.984587
47	175	1.01097
47	179	1.33687
47	180	0.980519
48	1	1.01753
48	4	1.02784
48	8	1.02444
48	10	1.02748
48	12	1.1442
48	20	1.10489
48	49	1.02532
48	69	0.565944
48	106	1.06365
48	117	1.07468
48	125	1.39573
48	139	1.0884
48	144	1.08737
48	166	0.994317
48	174	1.23188
48	175	1.10644
49	1	0.896392
49	4	0.906697
49	5	1.03473
49	8	0.903294
49	10	0.906336
49	12	1.02306
49	20	0.983751
49	29	1.09
49	48	1.02532
49	106	0.942506
49	117	0.953543
49	125	1.24131
49	139	0.967261
49	144	0.966227
49	175	0.985303
49	176	2.21951
49	179	0.727322
50	3	1.05364
50	6	1.05989
50	17	0.920218
50	26	0.916939
50	32	0.999168
50	35	0.969544
50	36	0.965991
50	40	0.982606
50	44	0.958335
50	46	0.952591
50	54	0.936949
50	61	0.928759
50	115	0.979252
50	117	0.971824
50	125	1.75828
50	158	0.876227
50	174	1.59443
51	39	0.989624
51	59	1.01238
51	70	0.944935
51	81	1.03432
51	97	0.991059
51	98	0.978029
51	118	0.935137
51	119	1.01074
51	127	0.99438
51	132	0.988387
51	137	1.71724
51	158	0.965
51	165	1.30858
51	170	0.891216
51	175	1.01177
51	176	0.85857
51	180	0.981319
52	7	0.950512
52	21	1.04469
52	76	0.977227
52	84	0.969363
52	88	1.00405
52	93	1.00788
52	103	0.977376
52	123	1.00426
52	124	0.959789
52	137	0.912709
52	146	0.920481
52	150	0.866056
52	168	0.922437
52	170	1.97825
52	172	0.99154
52	178	1.12676
52	180	0.987472
53	29	0.870714
53	66	1.11359
53	77	0.9671
53	112	0.992422
53	114	0.991807
53	122	1.00648
53	128	0.989314
53	152	0.988981
53	155	0.978136
53	156	0.972679
53	159	0.991771
53	160	0.985781
53	163	0.860961
53	164	0.994269
53	175	1.01038
53	176	0.857178
53	179	1.74771
54	3	1.04985
54	6	1.0561
54	17	0.916428
54	32	0.995379
54	35	0.965755
54	36	0.962201
54	38	0.961628
54	40	0.978816
54	44	0.954546
54	46	0.948802
54	50	0.936949
54	61	0.92497
54	115	0.975462
54	117	0.968035
54	169	1.0335
54	170	1.72061
54	174	1.39249
55	59	1.01012
55	75	0.983428
55	83	1.02081
55	89	0.860706
55	97	0.988796
55	98	0.975766
55	118	0.932874
55	119	1.00847
55	127	0.992117
55	132	0.986123
55	168	1.61368
55	170	0.888952
55	172	0.983124
55	175	1.00951
55	176	0.856307
55	177	1.46547
55	180	0.979055
56	25	1.0165
56	58	0.977592
56	89	1.03015
56	107	0.985704
56	129	0.953579
56	133	0.986118
56	135	0.927443
56	142	1.02575
56	159	1.01589
56	160	1.05687
56	167	0.965699
56	169	0.957522
56	171	0.983357
56	173	0.915535
56	177	0.953437
56	178	0.978442
56	179	0.958239
57	86	1.05125
57	121	0.9329
57	124	0.746763
57	125	1.01561
57	128	0.52974
57	138	1.06021
57	139	0.568858
57	141	1.06426
57	153	1.08347
57	158	1.08331
57	161	1.08255
57	165	1.03998
57	166	1.02674
57	176	0.949819
57	177	1.03179
57	178	1.0568
57	179	1.03659
58	43	1.25345
58	56	0.977592
58	66	1.01554
58	108	1.00973
58	119	0.932294
58	122	0.906208
58	138	0.976544
58	149	0.927685
58	153	0.999808
58	157	0.964839
58	161	0.998882
58	169	0.952211
58	171	0.978046
58	173	0.910223
58	177	0.948125
58	178	0.97313
58	179	0.952927
59	24	0.563879
59	51	1.01238
59	55	1.01012
59	75	1.04096
59	83	1.07834
59	97	1.04633
59	98	1.0333
59	118	0.990405
59	119	1.06601
59	127	1.04965
59	132	1.04365
59	136	0.975519
59	139	1.049
59	146	1.47091
59	168	1.21715
59	172	1.04065
59	176	0.913838
59	180	1.03659
60	80	0.461556
60	99	0.869938
60	130	1.03634
60	134	1.01315
60	140	1.03701
60	153	1.06287
60	154	0.788239
60	160	0.804954
60	161	1.06194
60	162	1.04478
60	165	1.01938
60	166	1.00614
60	167	1.02345
60	171	1.04111
60	173	0.973285
60	177	1.01119
60	178	1.03619
60	179	1.01599
61	3	1.04166
61	6	1.04791
61	17	0.908238
61	26	0.90496
61	32	0.987188
61	35	0.957565
61	36	0.954011
61	38	0.953438
61	40	0.970626
61	44	0.946355
61	46	0.940611
61	50	0.928759
61	54	0.92497
61	115	0.967272
61	117	0.959845
61	130	0.739819
61	163	2.37255
61	174	1.23937
62	85	0.995246
62	109	0.989756
62	126	1.09374
62	128	0.976412
62	145	0.975398
62	146	0.900034
62	148	0.978312
62	152	0.97608
62	154	0.966899
62	155	0.965234
62	156	0.959777
62	159	0.97887
62	160	0.972879
62	164	0.981368
62	174	0.913469
62	176	0.844276
62	177	1.5547
62	179	1.48699
63	108	0.835356
63	111	1.00541
63	112	1.04941
63	131	1.03879
63	143	1.19942
63	145	1.04529
63	147	1.0374
63	148	1.0482
63	151	0.999938
63	152	1.04597
63	155	1.03512
63	156	1.02967
63	157	1.15202
63	159	1.04876
63	160	1.04277
63	164	1.05126
63	174	0.983359
63	176	0.914166
64	14	0.903003
64	91	0.940766
64	110	1.23046
64	112	0.972899
64	121	0.94385
64	131	0.962276
64	139	0.972814
64	142	1.21525
64	143	1.60182
64	147	0.960887
64	148	0.971689
64	154	0.960276
64	156	0.953155
64	159	0.972247
64	160	0.966257
64	164	0.974745
64	172	0.964471
64	180	0.960402
65	66	0.952649
65	79	0.881189
65	86	0.904689
65	149	0.864794
65	156	1.80852
65	157	0.901948
65	158	0.936753
65	162	0.918824
65	163	0.807045
65	165	0.893425
65	166	0.880182
65	167	0.897495
65	169	0.889319
65	171	0.915154
65	173	0.847332
65	177	0.885234
65	178	0.910239
65	179	0.890036
65	180	1.66984
66	30	1.05905
66	53	1.11359
66	58	1.01554
66	65	0.952649
66	67	0.786891
66	81	0.604243
66	95	1.05296
66	105	1.02276
66	131	0.763886
66	141	1.02385
66	153	1.04307
66	161	1.04214
66	162	1.02498
66	167	1.00365
66	169	0.995471
66	173	0.953484
66	177	0.991385
66	178	1.01639
66	179	0.996187
67	27	1.07177
67	39	1.0441
67	66	0.786891
67	94	1.13595
67	98	1.0325
67	118	0.989608
67	119	1.06521
67	125	0.978835
67	127	1.04885
67	132	1.04286
67	136	1.39529
67	158	1.05294
67	163	0.916825
67	170	0.945687
67	172	1.03986
67	174	0.982234
67	175	1.06624
67	176	0.913041
67	180	1.03579
68	99	1.01188
68	101	1.00256
68	109	1.04144
68	110	0.869312
68	113	1.02021
68	114	1.03059
68	134	1.35104
68	141	1.01368
68	147	1.01919
68	148	1.02999
68	152	1.02776
68	154	1.01858
68	159	1.03055
68	160	1.02456
68	164	1.03305
68	174	0.96515
68	175	1.04916
68	176	0.895957
68	178	1.18706
69	48	0.565944
69	86	1.01551
69	105	1.02743
69	110	1.07126
69	129	0.996201
69	130	1.02121
69	135	0.970065
69	145	0.891881
69	146	0.969844
69	151	1.05698
69	154	1.0048
69	157	1.01277
69	162	1.02965
69	167	1.00832
69	171	1.02598
69	173	0.958157
69	175	0.897378
69	178	1.02106
69	179	1.00086
70	41	0.977757
70	51	0.944935
70	81	1.02214
70	83	1.0109
70	102	1.17469
70	118	0.922958
70	119	0.998559
70	125	0.912185
70	127	0.982201
70	132	0.976208
70	136	1.76405
70	153	1.35772
70	163	0.850175
70	170	0.879037
70	172	0.973208
70	174	0.915584
70	175	0.999593
70	176	0.846391
70	180	0.96914
71	20	0.802148
71	79	0.940219
71	101	1.31608
71	110	1.01946
71	120	0.991082
71	133	0.976944
71	160	1.39202
71	163	0.866075
71	165	0.952455
71	166	0.939212
71	167	0.956525
71	168	0.920005
71	169	0.948349
71	171	0.974184
71	173	0.906361
71	174	0.931484
71	177	0.944263
71	178	0.969268
71	179	0.949065
72	32	1.12625
72	37	1.42441
72	96	0.929792
72	107	0.952026
72	110	0.994955
72	116	0.964773
72	128	1.30392
72	143	0.944068
72	150	0.996776
72	153	0.971442
72	157	0.936473
72	165	0.92795
72	166	0.914707
72	167	0.93202
72	168	0.8955
72	171	0.949679
72	173	0.881857
72	177	0.919758
72	178	0.944763
72	179	0.924561
73	34	0.822206
73	43	0.981136
73	85	1.02977
73	96	1.25999
73	101	0.985402
73	112	1.01404
73	114	1.01343
73	128	1.01093
73	130	1.1373
73	148	1.01283
73	152	1.0106
73	154	1.00142
73	155	0.999754
73	159	1.01339
73	160	1.0074
73	163	0.88258
73	164	1.01589
73	172	1.00561
73	179	1.28671
73	180	1.00154
74	3	0.935964
74	32	0.915226
74	120	1.01225
74	129	0.965574
74	132	1.06536
74	134	0.967392
74	138	0.993851
74	140	0.991259
74	141	0.997897
74	142	1.03775
74	150	1.04245
74	153	1.01711
74	161	1.01619
74	162	0.999021
74	169	0.969517
74	170	0.916105
74	173	0.92753
74	177	0.965431
74	178	0.990436
74	179	0.970233
74	180	0.959584
75	27	1.04588
75	41	1.01851
75	55	0.983428
75	59	1.04096
75	97	1.01964
75	98	1.00661
75	118	0.963714
75	119	1.03931
75	127	1.02296
75	132	1.01696
75	146	1.62625
75	149	0.948679
75	153	0.724525
75	163	0.89093
75	166	1.26915
75	168	1.37248
75	170	0.919792
75	172	1.01396
75	174	0.95634
75	176	0.887147
75	180	1.0099
76	9	2.16817
76	11	1.07882
76	25	1.01993
76	42	0.989498
76	52	0.977227
76	78	0.99495
76	80	0.977583
76	84	0.977169
76	90	0.96264
76	92	0.978434
76	93	1.01568
76	103	0.985182
76	110	0.448483
76	123	1.01207
76	124	0.967595
76	125	1.45346
76	144	1.00666
76	168	0.930243
76	172	0.999347
76	178	0.766234
76	180	0.995278
77	30	0.787259
77	43	0.972288
77	53	0.9671
77	91	0.973061
77	111	0.961197
77	113	0.994199
77	122	1.01925
77	131	0.994571
77	135	0.925926
77	139	1.00511
77	144	0.928119
77	145	1.00107
77	147	0.993182
77	152	1.00175
77	154	0.992571
77	159	1.00454
77	160	0.998551
77	164	1.00704
77	167	1.27928
77	173	1.64085
77	180	0.992697
78	11	1.08873
78	76	0.99495
78	90	0.972556
78	92	0.98835
78	93	1.0256
78	94	0.978179
78	103	0.995098
78	120	0.922298
78	123	1.02199
78	124	0.977511
78	136	0.968635
78	137	0.930431
78	144	1.01657
78	146	0.938203
78	149	0.943978
78	151	0.957997
78	162	1.09236
78	168	0.940159
78	170	1.95536
78	172	1.00926
78	180	1.00519
79	65	0.881189
79	71	0.940219
79	87	0.885468
79	104	1.00817
79	120	0.966744
79	137	0.885939
79	141	0.952391
79	142	0.992239
79	152	1.33311
79	155	1.26369
79	157	0.936639
79	158	0.971444
79	165	0.928117
79	168	0.895667
79	169	0.924011
79	171	0.949846
79	173	0.882023
79	177	0.919925
79	178	0.94493
79	179	0.924727
79	180	1.16186
80	7	0.950867
80	11	1.07137
80	25	1.01248
80	60	0.461556
80	76	0.977583
80	84	0.969718
80	86	0.797357
80	88	1.00441
80	90	0.955189
80	92	0.970983
80	94	0.960811
80	103	0.977731
80	115	0.993948
80	117	0.986521
80	123	1.00462
80	124	0.960144
80	135	1.3158
80	146	0.920836
80	149	0.926611
80	172	0.991896
80	176	2.48611
80	180	0.987827
81	19	0.74223
81	23	1.00542
81	37	1.06967
81	51	1.03432
81	66	0.604243
81	70	1.02214
81	83	1.10028
81	98	1.05524
81	118	1.01235
81	119	1.08795
81	127	1.07159
81	132	1.06559
81	162	1.05361
81	163	0.939562
81	168	1.45427
81	170	0.968424
81	172	1.0626
81	174	1.00497
81	175	1.08898
81	176	0.935779
81	178	1.06512
81	180	1.05853
82	99	1.03189
82	101	1.02257
82	106	0.954756
82	109	1.06145
82	112	1.05121
82	113	1.04022
82	121	1.02216
82	125	0.981762
82	128	1.0481
82	129	1.29506
82	147	1.0392
82	150	0.797645
82	151	0.912479
82	152	1.04777
82	154	1.03859
82	155	1.03693
82	156	1.03147
82	164	1.05306
82	169	1.22274
82	174	0.985162
82	175	1.06917
82	180	1.03872
83	41	1.0559
83	55	1.02081
83	59	1.07834
83	70	1.0109
83	81	1.10028
83	96	1.08202
83	97	1.05702
83	98	1.04399
83	100	0.848945
83	118	1.0011
83	119	1.0767
83	127	1.06034
83	132	1.05435
83	139	1.05969
83	143	0.98911
83	144	0.742677
83	146	1.57842
83	170	0.957178
83	172	1.05135
83	174	0.993725
83	176	0.924533
83	180	1.04728
84	11	1.07095
84	21	1.04463
84	52	0.969363
84	76	0.977169
84	80	0.969718
84	90	0.954776
84	92	0.97057
84	93	1.00782
84	106	0.975071
84	115	0.993535
84	123	1.0042
84	124	0.959731
84	125	0.951222
84	136	0.950854
84	137	0.912651
84	149	0.926198
84	163	1.92056
84	168	0.922379
84	172	0.991482
84	174	0.787372
84	176	1.92943
84	180	0.987414
85	15	0.640432
85	62	0.995246
85	73	1.02977
85	111	1.00224
85	113	1.03525
85	121	1.01719
85	145	1.04212
85	146	0.966753
85	147	1.03423
85	149	1.24213
85	152	1.0428
85	154	1.03362
85	155	1.03195
85	156	1.0265
85	159	1.04559
85	160	1.0396
85	164	1.04809
85	167	0.988929
85	172	1.03781
85	173	1.35049
85	176	0.910996
85	179	1.00383
85	180	1.03374
86	40	1.17639
86	57	1.05125
86	65	0.904689
86	69	1.01551
86	80	0.797357
86	96	0.953458
86	98	1.21181
86	129	0.943567
86	133	0.976106
86	138	0.971844
86	143	0.967734
86	150	1.02044
86	151	1.00435
86	153	0.995108
86	160	1.14075
86	166	0.938374
86	167	0.955687
86	169	0.94751
86	171	0.973345
86	173	0.905523
86	177	0.943425
86	178	0.96843
86	179	0.948227
87	13	0.896807
87	20	1.19028
87	79	0.885468
87	95	0.951085
87	102	0.977424
87	120	0.936332
87	127	1.50914
87	133	0.922194
87	150	0.96653
87	153	0.941196
87	157	0.906227
87	158	0.941032
87	161	0.94027
87	162	0.923103
87	165	0.897705
87	166	0.884462
87	167	0.901775
87	169	0.893599
87	171	0.919434
87	177	0.889513
87	178	0.914518
87	179	0.894315
87	180	1.547
88	18	1.07396
88	21	1.07932
88	25	1.04676
88	29	1.15726
88	42	1.01632
88	52	1.00405
88	80	1.00441
88	90	0.989467
88	92	1.00526
88	93	1.04251
88	103	1.01201
88	106	1.00976
88	117	1.0208
88	123	1.0389
88	124	0.994422
88	134	1.01984
88	136	0.985545
88	168	0.95707
88	172	1.02617
88	174	1.37924
88	177	1.09681
88	178	0.855865
88	180	1.0221
89	55	0.860706
89	56	1.03015
89	113	0.796511
89	118	1.02527
89	125	0.984505
89	126	1.05089
89	139	0.739537
89	141	1.03315
89	150	1.0777
89	151	1.0616
89	153	1.05237
89	158	1.0522
89	161	1.05144
89	163	0.922495
89	165	1.00888
89	167	1.01295
89	169	1.00477
89	170	0.951357
89	171	1.0306
89	177	1.00068
89	178	1.02569
89	179	1.00549
89	180	0.567101
90	11	1.05642
90	21	1.0301
90	23	0.919783
90	42	0.967104
90	76	0.96264
90	78	0.972556
90	80	0.955189
90	84	0.954776
90	88	0.989467
90	92	0.956041
90	93	0.993291
90	103	0.962789
90	123	0.989676
90	124	0.945202
90	144	0.984263
90	146	0.905894
90	151	0.946675
90	153	0.83374
90	158	0.897719
90	168	0.90785
90	172	0.976953
90	176	2.75798
90	180	0.972885
91	14	0.928488
91	64	0.940766
91	77	0.973061
91	111	0.954387
91	121	0.969334
91	122	1.01244
91	128	0.995274
91	145	0.99426
91	147	0.986372
91	152	0.994942
91	153	0.910605
91	154	0.98576
91	155	0.984096
91	156	0.978639
91	159	0.997732
91	163	0.866922
91	164	1.00023
91	165	1.31817
91	170	0.895784
91	173	1.68932
91	174	0.932331
91	179	1.34265
91	180	0.985887
92	23	0.935577
92	25	1.01333
92	76	0.978434
92	78	0.98835
92	80	0.970983
92	84	0.97057
92	88	1.00526
92	90	0.956041
92	93	1.00908
92	103	0.978583
92	105	1.07997
92	123	1.00547
92	124	0.960996
92	135	1.69722
92	136	0.952119
92	137	0.913916
92	146	0.921688
92	149	0.927463
92	158	1.00727
92	168	0.923644
92	172	0.992747
92	174	1.72547
92	180	0.988679
93	7	0.988969
93	21	1.08315
93	42	1.02015
93	52	1.00788
93	76	1.01568
93	78	1.0256
93	84	1.00782
93	88	1.04251
93	90	0.993291
93	92	1.00908
93	103	1.01583
93	107	0.617022
93	115	1.03205
93	123	1.04272
93	124	0.998246
93	136	0.989369
93	140	0.593545
93	146	0.958938
93	149	0.964713
93	163	2.30774
93	165	0.799939
93	168	0.960894
93	170	1.50267
93	180	1.02593
94	67	1.13595
94	78	0.978179
94	80	0.960811
94	98	1.12331
94	114	0.990388
94	115	0.984628
94	118	1.27728
94	123	0.995298
94	124	0.950824
94	127	0.781244
94	145	0.98688
94	154	0.978381
94	156	0.97126
94	161	0.988487
94	162	0.971321
94	166	0.932679
94	167	0.949992
94	168	0.913472
94	172	0.982576
94	173	0.899829
94	176	0.855759
94	177	0.93773
94	178	0.962735
94	180	0.978507
95	12	0.784052
95	66	1.05296
95	87	0.951085
95	100	1.02069
95	102	1.07345
95	109	0.784871
95	112	0.921574
95	121	1.15378
95	126	1.03574
95	134	0.987501
95	138	1.01396
95	141	1.01801
95	149	0.965102
95	156	0.755981
95	157	1.00226
95	158	1.03706
95	162	1.01913
95	165	0.993733
95	166	0.98049
95	167	0.997803
95	173	0.94764
95	176	0.90357
95	177	0.985541
95	178	1.01055
95	179	0.990343
96	72	0.929792
96	73	1.25999
96	83	1.08202
96	86	0.953458
96	122	1.13983
96	129	0.934146
96	135	0.908009
96	137	0.900017
96	138	0.962423
96	142	1.00632
96	146	0.907789
96	148	1.22159
96	150	1.01102
96	151	0.994924
96	158	0.985522
96	161	0.98476
96	162	0.967593
96	165	0.942195
96	167	0.946265
96	169	0.938089
96	171	0.963924
96	173	0.896102
96	177	0.934003
96	178	0.959008
96	179	0.938805
97	16	1.23545
97	19	0.827605
97	27	1.05125
97	37	1.0264
97	51	0.991059
97	55	0.988796
97	59	1.04633
97	75	1.01964
97	83	1.05702
97	106	1.0469
97	118	0.969082
97	119	1.04468
97	125	0.958309
97	127	1.02833
97	132	1.02233
97	135	0.948493
97	139	1.02768
97	143	1.20411
97	163	0.896299
97	170	0.925161
97	171	1.15146
97	172	1.01933
97	175	1.04572
97	176	0.892515
97	180	1.01526
98	30	0.901449
98	37	1.01337
98	39	1.01054
98	51	0.978029
98	55	0.975766
98	59	1.0333
98	67	1.0325
98	75	1.00661
98	81	1.05524
98	83	1.04399
98	86	1.21181
98	94	1.12331
98	118	0.956052
98	119	1.03165
98	125	0.945278
98	126	1.01512
98	127	1.01529
98	132	1.0093
98	157	1.24134
98	163	0.883268
98	170	0.91213
98	172	1.0063
98	174	0.948678
98	175	1.03269
98	176	0.879485
98	180	1.00223
99	60	0.869938
99	68	1.01188
99	82	1.03189
99	109	1.02142
99	113	1.00019
99	121	0.98214
99	122	1.02525
99	131	1.00057
99	142	0.896095
99	144	1.03624
99	145	1.00707
99	147	0.999178
99	152	1.00775
99	154	0.998566
99	156	0.991445
99	159	1.01054
99	160	1.00455
99	164	1.01304
99	168	0.933658
99	170	0.90859
99	171	1.23002
99	172	1.00276
99	173	1.74897
99	174	0.945137
99	176	0.875944
99	180	0.998693
100	18	0.980079
100	38	0.899651
100	83	0.848945
100	95	1.02069
100	101	1.00158
100	110	1.03431
100	116	1.00413
100	119	0.932847
100	137	0.925131
100	142	1.03143
100	143	0.983427
100	150	1.03614
100	151	1.02004
100	153	1.0108
100	157	0.975832
100	158	1.01064
100	161	1.00987
100	164	1.03298
100	165	0.967309
100	167	0.97138
100	169	0.963203
100	171	0.989038
100	173	0.921216
100	177	0.959118
100	178	0.984123
100	179	0.96392
101	14	0.931981
101	68	1.00256
101	71	1.31608
101	73	0.985402
101	82	1.02257
101	100	1.00158
101	107	1.05397
101	112	1.00188
101	113	0.990882
101	114	1.00126
101	121	0.972827
101	128	0.998767
101	145	0.997753
101	147	0.989865
101	148	1.00067
101	152	0.998435
101	154	0.989253
101	155	0.987589
101	156	0.982132
101	159	1.00122
101	160	0.995234
101	164	1.00372
101	165	1.23689
101	168	0.924345
101	172	0.993448
101	178	1.08813
102	19	1.10201
102	70	1.17469
102	87	0.977424
102	95	1.07345
102	108	1.07348
102	111	0.952731
102	116	1.05689
102	117	0.63841
102	119	0.577562
102	126	1.06208
102	140	1.03771
102	141	1.04435
102	151	1.0728
102	153	1.06356
102	158	1.0634
102	162	1.04547
102	165	1.02007
102	168	0.987622
102	169	1.01597
102	171	1.0418
102	173	0.973979
102	175	0.598099
102	177	1.01188
102	178	1.03689
102	179	1.01668
102	180	0.489087
103	11	1.07897
103	21	1.05264
103	25	1.02008
103	33	1.16861
103	42	0.989647
103	52	0.977376
103	76	0.985182
103	78	0.995098
103	80	0.977731
103	88	1.01201
103	90	0.962789
103	92	0.978583
103	93	1.01583
103	115	1.00155
103	123	1.01222
103	124	0.967744
103	135	1.21082
103	136	0.958867
103	146	0.928436
103	149	0.934211
103	166	1.00152
103	168	0.930392
103	170	1.56719
103	172	0.999495
103	174	1.23908
103	180	0.995427
104	45	0.976406
104	79	1.00817
104	107	1.04448
104	121	1.0575
104	126	1.06241
104	130	1.03736
104	137	0.978223
104	140	1.03804
104	143	1.03652
104	147	0.688199
104	150	1.08923
104	153	1.06389
104	154	0.737463
104	157	1.02892
104	158	1.06373
104	160	0.754177
104	161	1.06297
104	162	1.0458
104	164	0.709637
104	169	1.0163
104	171	1.04213
104	173	0.974308
104	176	0.930238
104	177	1.01221
104	178	1.03721
104	179	1.01701
104	180	0.521025
105	10	1.09675
105	12	0.975547
105	66	1.02276
105	69	1.02743
105	92	1.07997
105	116	1.00036
105	120	1.00216
105	126	1.00554
105	133	0.988023
105	140	0.981169
105	143	0.979651
105	147	0.975973
105	148	0.952946
105	151	1.01626
105	153	1.00703
105	157	0.972056
105	162	0.988932
105	165	0.963533
105	166	0.950291
105	167	0.967604
105	169	0.959427
105	171	0.985262
105	173	0.91744
105	174	0.942563
105	177	0.955342
105	178	0.980347
105	179	0.960144
106	1	0.934723
106	4	0.945028
106	5	1.07306
106	7	0.95622
106	10	0.944666
106	45	0.9166
106	47	1.06003
106	48	1.06365
106	49	0.942506
106	82	0.954756
106	84	0.975071
106	88	1.00976
106	97	1.0469
106	123	1.00997
106	124	0.965497
106	144	1.00456
106	147	0.994502
106	158	1.00392
106	161	1.00316
106	162	0.985993
106	164	1.01594
106	166	0.947352
106	175	1.02363
106	177	0.952403
106	178	0.977408
106	179	0.957205
106	180	0.99318
107	45	0.920434
107	56	0.985704
107	72	0.952026
107	93	0.617022
107	101	1.05397
107	104	1.04448
107	116	1.00125
107	140	0.982064
107	141	0.988703
107	142	1.02855
107	143	0.980546
107	148	1.04091
107	150	1.03325
107	151	1.01716
107	154	1.1132
107	157	0.972951
107	158	1.00776
107	159	1.08893
107	162	0.989827
107	165	0.964428
107	166	0.951186
107	167	0.968499
107	169	0.960322
107	173	0.918335
107	177	0.956237
107	178	0.981242
107	179	0.961039
108	31	1.01355
108	58	1.00973
108	63	0.835356
108	102	1.07348
108	110	1.06077
108	114	0.963636
108	130	1.01073
108	141	1.01804
108	142	1.05789
108	143	1.00988
108	150	1.06259
108	151	1.04649
108	153	1.03726
108	155	0.722304
108	156	0.759146
108	157	1.00229
108	158	1.03709
108	162	1.01916
108	165	0.993765
108	166	0.980522
108	167	0.997835
108	169	0.989659
108	171	1.01549
108	173	0.947672
108	175	0.729481
108	177	0.985573
108	178	1.01058
108	179	0.990376
109	43	1.00784
109	62	0.989756
109	68	1.04144
109	82	1.06145
109	95	0.784871
109	99	1.02142
109	113	1.02976
109	122	1.05481
109	128	1.03764
109	142	0.765525
109	145	1.03663
109	147	1.02874
109	148	1.03954
109	152	1.03731
109	154	1.02813
109	155	1.02646
109	156	1.02101
109	159	1.0401
109	160	1.03411
109	162	1.08698
109	164	1.0426
109	166	1.38431
109	168	0.963219
109	170	0.938151
109	174	0.974698
109	176	0.905505
109	177	1.33944
109	178	1.09849
110	22	0.803953
110	64	1.23046
110	68	0.869312
110	69	1.07126
110	71	1.01946
110	72	0.994955
110	76	0.448483
110	100	1.03431
110	108	1.06077
110	121	1.14965
110	123	0.798149
110	134	1.00113
110	137	0.96518
110	142	1.07148
110	150	1.07618
110	151	1.06009
110	161	1.04992
110	162	1.03276
110	163	0.920978
110	165	1.00736
110	166	0.994115
110	169	1.00325
110	171	1.02909
110	173	0.961265
110	174	0.986388
110	177	0.999166
110	178	1.02417
110	179	1.00397
111	45	1.5807
111	63	1.00541
111	77	0.961197
111	85	1.00224
111	91	0.954387
111	102	0.952731
111	112	0.986519
111	115	1.11674
111	121	0.95747
111	122	1.00058
111	125	0.917068
111	128	0.98341
111	131	0.975897
111	136	0.937463
111	141	1.22118
111	147	0.974508
111	148	0.98531
111	152	0.983078
111	154	0.973897
111	155	0.972232
111	156	0.966775
111	159	0.985868
111	160	0.979877
111	163	0.855058
111	164	0.988366
111	172	0.978091
111	176	0.851275
111	178	1.39457
111	180	0.974023
112	31	1.04069
112	53	0.992422
112	63	1.04941
112	64	0.972899
112	73	1.01404
112	82	1.05121
112	95	0.921574
112	101	1.00188
112	111	0.986519
112	115	0.957369
112	120	1.05362
112	121	1.00147
112	128	1.02741
112	130	1.25902
112	131	1.01989
112	148	1.02931
112	150	0.974487
112	154	1.01789
112	155	1.01623
112	156	1.01077
112	160	1.02387
112	164	1.03236
112	167	1.39354
112	170	0.927916
112	172	1.02209
112	174	0.964464
112	175	1.04847
112	176	0.895271
112	180	1.01802
113	68	1.02021
113	77	0.994199
113	82	1.04022
113	85	1.03525
113	89	0.796511
113	99	1.00019
113	101	0.990882
113	109	1.02976
113	114	1.01891
113	125	0.95007
113	129	1.39705
113	131	1.0089
113	133	1.2077
113	137	0.932262
113	145	1.0154
113	147	1.00751
113	152	1.01608
113	154	1.0069
113	155	1.00523
113	156	0.999778
113	157	1.16654
113	159	1.01887
113	160	1.01288
113	161	0.996823
113	164	1.02137
113	168	0.94199
113	170	0.916922
113	171	1.1613
113	172	1.01109
113	174	0.95347
114	31	1.04007
114	43	0.996994
114	53	0.991807
114	68	1.03059
114	73	1.01343
114	94	0.990388
114	101	1.00126
114	108	0.963636
114	113	1.01891
114	121	1.00085
114	125	0.960449
114	130	1.29792
114	131	1.01928
114	141	1.1007
114	145	1.02578
114	148	1.02869
114	150	1.01338
114	154	1.01728
114	155	1.01561
114	156	1.01016
114	160	1.02326
114	161	1.11058
114	163	0.898438
114	164	1.03175
114	168	0.952369
114	170	0.9273
114	171	1.27506
114	175	1.04786
114	176	0.894655
114	180	1.0174
115	32	1.03768
115	35	1.00806
115	38	1.00393
115	40	1.02112
115	42	1.00586
115	44	0.996848
115	50	0.979252
115	54	0.975462
115	61	0.967272
115	80	0.993948
115	84	0.993535
115	93	1.03205
115	94	0.984628
115	103	1.00155
115	111	1.11674
115	112	0.957369
115	124	0.983961
115	132	0.758877
115	148	0.797246
115	154	0.869536
115	157	0.987581
115	158	1.02239
115	161	1.02162
115	164	0.84171
115	171	1.00079
115	172	1.01571
115	177	0.970867
115	178	0.995872
115	179	0.975669
115	180	1.01164
116	21	0.65139
116	28	0.960811
116	72	0.964773
116	100	1.00413
116	102	1.05689
116	105	1.00036
116	107	1.00125
116	118	1.24006
116	126	1.01919
116	130	0.994137
116	140	0.994811
116	141	1.00145
116	145	0.885404
116	151	1.0299
116	153	1.02067
116	157	0.985698
116	160	1.01504
116	161	1.01974
116	162	1.00257
116	165	0.977176
116	166	0.963933
116	167	0.981246
116	168	0.944726
116	169	0.97307
116	171	0.998905
116	173	0.931082
116	175	0.890901
116	177	0.968984
116	178	0.993989
116	179	0.973786
116	180	0.781889
117	1	0.945759
117	5	1.08409
117	8	0.952661
117	17	0.951303
117	36	0.997076
117	40	1.01369
117	44	0.989421
117	46	0.983677
117	48	1.07468
117	49	0.953543
117	50	0.971824
117	54	0.968035
117	61	0.959845
117	80	0.986521
117	88	1.0208
117	102	0.63841
117	123	1.02101
117	124	0.976534
117	136	0.967657
117	139	1.01663
117	142	0.747281
117	144	1.01559
117	149	0.943
117	158	0.885418
117	161	0.916736
117	163	2.73681
117	165	1.229
117	168	0.939182
117	172	1.00828
117	175	1.03467
117	180	1.00422
118	27	0.995326
118	37	0.970481
118	39	0.967647
118	41	0.967959
118	51	0.935137
118	55	0.932874
118	59	0.990405
118	67	0.989608
118	70	0.922958
118	75	0.963714
118	81	1.01235
118	83	1.0011
118	89	1.02527
118	94	1.27728
118	97	0.969082
118	98	0.956052
118	116	1.24006
118	119	0.988761
118	125	0.902387
118	127	0.972403
118	132	0.96641
118	139	0.971753
118	141	1.2157
118	149	0.898125
118	163	0.840377
118	168	1.77824
118	172	0.96341
118	174	0.905786
118	175	0.989795
118	176	0.836593
118	180	0.959342
119	13	1.14265
119	23	0.98184
119	27	1.07093
119	30	0.685719
119	37	1.04608
119	41	1.04356
119	51	1.01074
119	55	1.00847
119	58	0.932294
119	59	1.06601
119	67	1.06521
119	70	0.998559
119	75	1.03931
119	81	1.08795
119	83	1.0767
119	97	1.04468
119	98	1.03165
119	100	0.932847
119	102	0.577562
119	118	0.988761
119	127	1.048
119	132	1.04201
119	135	0.968171
119	146	1.66232
119	149	0.973726
119	161	0.855888
119	163	0.915977
119	170	0.944839
119	172	1.03901
119	174	0.981387
119	175	1.0654
119	180	1.03494
120	2	1.41991
120	6	0.658597
120	16	0.97761
120	71	0.991082
120	74	1.01225
120	78	0.922298
120	79	0.966744
120	87	0.936332
120	105	1.00216
120	112	1.05362
120	130	0.995942
120	134	0.972749
120	138	0.999208
120	140	0.996616
120	141	1.00325
120	142	1.0431
120	143	0.995098
120	150	1.04781
120	158	1.02231
120	159	0.941525
120	162	1.00438
120	165	0.978981
120	166	0.965738
120	167	0.983051
120	169	0.974874
120	171	1.00071
120	172	0.881113
120	174	0.95801
120	177	0.970789
120	178	0.995794
120	179	0.975591
121	57	0.9329
121	64	0.94385
121	82	1.02216
121	85	1.01719
121	91	0.969334
121	95	1.15378
121	99	0.98214
121	101	0.972827
121	104	1.0575
121	110	1.14965
121	111	0.95747
121	112	1.00147
121	114	1.00085
121	122	1.01553
121	128	0.998358
121	131	0.990844
121	145	0.997344
121	147	0.989455
121	150	1.20669
121	152	0.998026
121	153	1.20859
121	154	0.988844
121	155	0.98718
121	156	0.981723
121	159	1.00082
121	160	0.994825
121	164	1.00331
121	168	0.923936
121	170	0.898867
121	172	0.993039
121	174	0.935415
121	180	0.98897
122	14	0.974682
122	16	1.07827
122	43	1.01167
122	53	1.00648
122	58	0.906208
122	77	1.01925
122	91	1.01244
122	96	1.13983
122	99	1.02525
122	109	1.05481
122	111	1.00058
122	121	1.01553
122	131	1.03395
122	135	0.96531
122	144	0.800493
122	145	1.04045
122	147	1.03257
122	148	1.04337
122	149	1.40486
122	150	0.732606
122	154	1.03195
122	155	1.03029
122	156	1.02483
122	159	1.04393
122	160	1.03794
122	163	0.913116
122	164	1.04642
122	165	1.14207
122	170	0.941978
122	172	1.03615
122	175	1.06253
122	176	0.909332
122	180	1.03208
123	7	0.985354
123	11	1.10585
123	25	1.04697
123	29	1.15747
123	42	1.01653
123	52	1.00426
123	76	1.01207
123	78	1.02199
123	80	1.00462
123	84	1.0042
123	88	1.0389
123	90	0.989676
123	92	1.00547
123	93	1.04272
123	94	0.995298
123	103	1.01222
123	106	1.00997
123	110	0.798149
123	117	1.02101
123	124	0.994631
123	133	1.16327
123	137	0.947551
123	138	1.05591
123	143	1.16951
123	144	1.03369
123	146	0.955323
123	149	0.961098
123	151	0.970029
123	168	0.957279
123	171	1.11687
123	172	1.02638
123	179	1.28914
123	180	1.02231
124	7	0.94088
124	21	1.03506
124	23	0.924738
124	25	1.00249
124	29	1.11299
124	42	0.97206
124	52	0.959789
124	57	0.746763
124	76	0.967595
124	78	0.977511
124	80	0.960144
124	84	0.959731
124	88	0.994422
124	90	0.945202
124	92	0.960996
124	93	0.998246
124	94	0.950824
124	103	0.967744
124	106	0.965497
124	115	0.983961
124	117	0.976534
124	123	0.994631
124	126	1.06125
124	136	0.94128
124	137	0.903077
124	144	0.989218
124	149	0.916624
124	158	1.08643
124	168	0.912805
124	172	0.981909
124	175	0.383732
124	176	2.94669
124	178	1.28126
124	180	0.97784
125	48	1.39573
125	49	1.24131
125	50	1.75828
125	57	1.01561
125	67	0.978835
125	70	0.912185
125	76	1.45346
125	82	0.981762
125	84	0.951222
125	89	0.984505
125	97	0.958309
125	98	0.945278
125	111	0.917068
125	113	0.95007
125	114	0.960449
125	118	0.902387
125	132	0.955636
125	135	0.881797
125	152	0.957623
125	155	0.946778
125	156	0.941321
125	159	0.960413
125	161	0.958548
125	164	0.962911
125	166	0.90274
125	167	0.920053
125	170	0.858465
125	171	0.937712
125	172	0.952637
125	173	0.86989
125	174	0.895013
125	177	0.907791
125	178	0.932796
125	179	0.912593
126	15	1.07109
126	36	0.63655
126	62	1.09374
126	89	1.05089
126	95	1.03574
126	98	1.01512
126	102	1.06208
126	104	1.06241
126	105	1.00554
126	116	1.01919
126	124	1.06125
126	134	0.976132
126	138	1.00259
126	140	0.999999
126	141	1.00664
126	150	1.05119
126	151	1.03509
126	153	1.02586
126	155	0.812745
126	158	1.02569
126	160	0.944062
126	161	1.02493
126	162	1.00776
126	165	0.982364
126	166	0.969121
126	167	0.986434
126	169	0.978257
126	171	1.00409
126	173	0.93627
126	175	0.819922
126	176	0.8922
126	177	0.974172
126	178	0.999177
126	179	0.978974
127	27	1.05457
127	37	1.02972
127	39	1.02689
127	41	1.0272
127	51	0.99438
127	55	0.992117
127	59	1.04965
127	67	1.04885
127	70	0.982201
127	75	1.02296
127	81	1.07159
127	83	1.06034
127	87	1.50914
127	94	0.781244
127	97	1.02833
127	98	1.01529
127	118	0.972403
127	119	1.048
127	132	1.02565
127	135	0.951814
127	137	1.45047
127	138	0.833065
127	139	1.031
127	149	0.957368
127	151	0.747186
127	163	0.899619
127	168	1.28221
127	170	0.928481
127	172	1.02265
127	174	0.965029
127	175	1.04904
127	176	0.895836
127	177	1.134
127	180	1.01858
128	23	1.13718
128	53	0.989314
128	57	0.52974
128	62	0.976412
128	72	1.30392
128	73	1.01093
128	82	1.0481
128	91	0.995274
128	101	0.998767
128	109	1.03764
128	111	0.98341
128	112	1.02741
128	121	0.998358
128	131	1.01678
128	133	1.11161
128	134	1.22822
128	137	0.940147
128	139	1.02732
128	141	0.890851
128	145	1.02328
128	147	1.0154
128	152	1.02397
128	154	1.01478
128	155	1.01312
128	156	1.00766
128	159	1.02676
128	160	1.02077
128	164	1.02925
128	165	1.213
128	168	0.949876
128	172	1.01898
128	175	1.04536
128	176	0.892162
128	180	1.01491
129	21	1.03714
129	33	0.907929
129	56	0.953579
129	69	0.996201
129	74	0.965574
129	82	1.29506
129	86	0.943567
129	96	0.934146
129	113	1.39705
129	130	0.949265
129	133	0.956793
129	138	0.952532
129	141	0.956578
129	142	0.996426
129	143	0.948421
129	151	0.985033
129	153	0.975795
129	155	1.26947
129	158	0.975631
129	161	0.974869
129	165	0.932304
129	166	0.919061
