1	2	1.04315
1	11	1.04391
1	29	1.02911
1	57	1.16735
1	62	1.0713
1	78	1.12161
1	100	1.1809
1	148	1.34834
1	152	1.07977
1	155	0.96958
1	160	1.35946
1	172	1.10626
2	1	1.04315
2	13	0.918976
2	27	0.998744
2	28	1.02462
2	29	0.903176
2	57	1.04141
2	78	0.995676
2	107	0.890575
2	151	1.32086
2	155	0.843645
2	170	2.12853
2	172	0.980325
3	7	1.14959
3	18	1.14943
3	37	1.12745
3	38	1.12437
3	39	0.805085
3	40	1.02501
3	52	1.09729
3	111	0.973105
3	155	0.970708
3	173	1.11703
3	176	2.05953
3	179	0.99793
4	33	1.02133
4	35	0.995783
4	39	1.99491
4	64	1.03489
4	66	0.942168
4	80	0.977794
4	92	0.947272
4	96	0.937743
4	97	0.984905
4	151	1.35106
4	152	0.951377
4	159	0.809057
5	9	1.01793
5	33	1.00261
5	35	0.977072
5	47	0.98809
5	61	0.934365
5	66	0.923457
5	80	0.959083
5	92	0.928561
5	96	0.919031
5	97	0.966194
5	110	1.19629
5	164	2.18107
6	8	0.898916
6	43	0.884884
6	55	1.33636
6	63	1.03414
6	76	0.996742
6	94	0.94686
6	98	0.994204
6	101	0.98403
6	102	0.984237
6	103	0.984384
6	150	2.3297
6	174	0.892385
7	3	1.14959
7	18	1.12767
7	19	1.12841
7	37	1.10569
7	38	1.10262
7	40	1.00326
7	52	1.07554
7	155	0.948956
7	169	0.783967
7	176	1.43478
7	179	0.976178
7	180	1.91889
8	6	0.898916
8	63	1.01228
8	77	1.06555
8	79	0.941559
8	94	0.925005
8	98	0.972349
8	101	0.962175
8	102	0.962382
8	103	0.962529
8	104	2.32191
8	142	1.30576
8	174	0.87053
9	5	1.01793
9	16	1.02234
9	61	1.07742
9	66	1.06651
9	80	1.10213
9	89	1.07886
9	92	1.07161
9	96	1.06208
9	97	1.10925
9	115	0.824082
9	171	1.70672
9	174	1.55881
10	114	1.05238
10	116	1.05039
10	117	1.08573
10	123	1.08048
10	125	1.07948
10	126	1.03233
10	129	1.07053
10	135	1.10194
10	136	1.06607
10	151	0.878713
10	152	1.71051
10	153	1.32449
11	1	1.04391
11	27	0.999502
11	28	1.02538
11	29	0.903935
11	62	0.946127
11	78	0.996434
11	137	2.81687
11	142	0.919408
11	152	0.954595
11	155	0.844404
11	172	0.981083
11	179	1.32494
12	52	0.621032
12	93	0.804007
12	110	1.06041
12	140	0.947641
12	147	0.948675
12	148	0.989525
12	162	0.925421
12	171	0.962369
12	175	0.955617
12	177	0.935867
12	178	0.928714
12	180	0.945289
13	2	0.918976
13	27	1.0005
13	28	1.02638
13	29	0.904934
13	57	1.04317
13	62	0.947127
13	78	0.997434
13	99	1.68303
13	152	0.955594
13	153	1.71499
13	155	0.845404
13	172	0.982083
14	30	0.99057
14	41	1.07873
14	45	1.07805
14	59	1.13261
14	60	1.05889
14	68	1.12532
14	70	1.12512
14	82	0.685782
14	106	1.03366
14	132	0.672968
14	142	1.01728
14	178	3.04193
15	56	0.871546
15	85	1.00536
15	86	1.00182
15	87	1.02181
15	93	0.997033
15	104	0.899331
15	160	0.936815
15	162	2.07863
15	169	0.954282
15	172	1.00939
15	173	1.39652
15	179	0.899933
16	9	1.02234
16	26	0.874925
16	35	0.981481
16	47	0.992499
16	64	1.02059
16	80	0.963491
16	89	0.94022
16	92	0.932969
16	96	0.92344
16	97	0.970602
16	100	1.60856
16	160	1.78712
17	42	0.972973
17	76	0.971866
17	77	1.06253
17	79	0.938538
17	94	0.921984
17	98	0.969328
17	101	0.959154
17	102	0.959361
17	103	0.959507
17	142	1.28962
17	166	2.34593
17	174	0.867509
18	3	1.14943
18	7	1.12767
18	19	1.12825
18	37	1.10553
18	38	1.10245
18	40	1.0031
18	52	1.07537
18	112	1.26634
18	133	1.94458
18	153	0.799602
18	155	0.94879
18	179	0.976012
19	7	1.12841
19	18	1.12825
19	37	1.10627
19	38	1.10319
19	40	1.00383
19	52	1.07611
19	82	1.36864
19	106	1.32754
19	107	0.996459
19	111	0.951925
19	154	1.6913
19	155	0.949529
19	179	0.97675
20	65	0.570106
20	68	0.304934
20	108	0.183803
20	154	1.05863
20	163	1.11289
20	165	0.957054
20	166	1.02157
20	167	1.05835
20	168	1.04422
20	169	1.06467
20	176	1.02192
20	177	1.00891
20	180	1.01833
21	30	0.987516
21	41	1.07567
21	45	1.075
21	59	1.12956
21	60	1.05583
21	68	1.12226
21	70	1.12206
21	71	3.4
21	111	0.941622
21	128	0.808177
21	137	0.917416
21	142	1.01423
21	175	0.706895
22	23	0.894836
22	48	0.961415
22	50	0.961925
22	53	0.972082
22	58	0.950446
22	67	0.93802
22	69	1.01635
22	73	1.10525
22	156	3.69203
22	162	0.848202
22	169	0.91441
22	174	0.879803
22	178	0.877575
23	22	0.894836
23	48	0.960645
23	50	0.961154
23	53	0.971312
23	58	0.949675
23	67	0.93725
23	69	1.01558
23	73	1.10448
23	145	1.20306
23	162	0.847432
23	169	0.91364
23	174	0.879033
23	178	2.82759
24	49	1.0886
24	51	1.06816
24	72	1.04675
24	85	1.08648
24	86	1.08294
24	93	1.07815
24	104	0.980452
24	111	2.227
24	120	0.926193
24	131	1.0571
24	159	0.921702
24	172	1.09051
24	179	0.981054
25	55	1.26364
25	67	0.943971
25	101	0.977399
25	102	0.977606
25	103	0.977752
25	126	0.940309
25	129	0.978507
25	135	1.00992
25	136	0.974053
25	169	0.920361
25	174	0.885754
25	177	2.41992
26	16	0.874925
26	33	0.998253
26	47	0.983728
26	61	0.930003
26	64	1.01182
26	80	0.954721
26	89	0.93145
26	92	0.924199
26	96	0.91467
26	97	0.961832
26	110	1.19025
26	152	0.928304
26	173	2.40519
27	2	0.998744
27	11	0.999502
27	13	1.0005
27	28	1.10615
27	29	0.984702
27	57	1.12294
27	62	1.02689
27	78	1.0772
27	115	1.16595
27	122	1.13152
27	147	1.98851
27	152	1.03536
27	172	1.06185
28	2	1.02462
28	11	1.02538
28	13	1.02638
28	27	1.10615
28	62	1.05277
28	78	1.10308
28	91	4.2
28	107	0.99798
28	139	1.06998
28	142	1.02605
28	146	0.745706
28	155	0.95105
28	172	1.08773
29	1	1.02911
29	2	0.903176
29	11	0.903935
29	13	0.904934
29	27	0.984702
29	57	1.02737
29	62	0.931327
29	78	0.981634
29	152	0.939794
29	155	0.829603
29	160	1.33702
29	162	2.28547
29	172	0.966283
30	14	0.99057
30	21	0.987516
30	41	0.954808
30	45	0.954134
30	59	1.0087
30	60	0.934968
30	68	1.0014
30	70	1.0012
30	106	0.909746
30	137	0.796554
30	142	0.893367
30	147	2.32862
30	170	1.50858
31	60	0.807327
31	68	0.873759
31	70	0.873561
31	116	0.810299
31	118	0.813865
31	119	0.757464
31	129	0.830438
31	136	0.825984
31	141	0.840415
31	164	0.786269
31	175	0.736281
31	176	0.729537
31	180	0.725953
32	42	1.06613
32	46	1.03441
32	76	1.06502
32	79	1.0317
32	94	1.01514
32	98	1.06249
32	101	1.05231
32	102	1.05252
32	103	1.05267
32	138	2.81842
32	151	0.856747
32	164	1.06834
32	174	0.960667
33	4	1.02133
33	5	1.00261
33	26	0.998253
33	35	1.10481
33	80	1.08682
33	89	1.06355
33	92	1.0563
33	96	1.04677
33	97	1.09393
33	138	1.76342
33	143	0.990173
33	159	0.918082
33	179	1.99286
34	49	0.965612
34	65	1.03112
34	72	0.923767
34	85	0.963494
34	86	0.959954
34	87	0.979944
34	93	0.95517
34	110	1.30355
34	148	2.24104
34	160	0.894952
34	169	0.912419
34	172	0.967528
34	179	0.85807
35	4	0.995783
35	5	0.977072
35	16	0.981481
35	33	1.10481
35	64	1.11838
35	80	1.06128
35	89	1.03801
35	92	1.03075
35	96	1.02123
35	97	1.06839
35	119	1.52189
35	170	1.03337
35	174	1.76558
36	71	0.983171
36	83	0.266979
36	92	0.236615
36	99	1.09831
36	118	0.401562
36	120	1.14601
36	134	1.06021
36	145	1.038
36	147	1.01765
36	148	1.0585
36	176	1.01785
36	177	1.00485
36	180	1.01427
37	3	1.12745
37	7	1.10569
37	18	1.10553
37	19	1.10627
37	38	1.08047
37	40	0.981117
37	52	1.05339
37	107	0.973741
37	155	0.926811
37	164	0.834939
37	169	1.35679
37	177	2.14876
37	179	0.954033
38	3	1.12437
38	7	1.10262
38	18	1.10245
38	19	1.10319
38	37	1.08047
38	40	0.978038
38	52	1.05031
38	55	0.994691
38	120	1.09333
38	137	3.38313
38	147	0.813738
38	155	0.923732
38	179	0.950954
39	3	0.805085
39	4	1.99491
39	99	0.978746
39	110	1.00982
39	142	0.934478
39	145	0.918435
39	150	0.89487
39	157	0.972728
39	167	0.93472
39	168	0.920595
39	171	0.911785
39	173	0.942484
39	176	0.898289
39	180	0.894705
40	3	1.02501
40	7	1.00326
40	18	1.0031
40	19	1.00383
40	37	0.981117
40	38	0.978038
40	52	0.950959
40	55	0.895338
40	107	0.871309
40	111	0.826775
40	146	2.44525
40	155	0.824379
40	157	1.62361
40	179	0.8516
41	14	1.07873
41	21	1.07567
41	30	0.954808
41	45	1.04229
41	59	1.09685
41	60	1.02312
41	68	1.08956
41	70	1.08936
41	111	0.908915
41	130	1.14804
41	137	0.884709
41	142	0.981522
41	154	1.65461
41	169	1.68947
42	17	0.972973
42	32	1.06613
42	43	0.961963
42	79	1.04049
42	94	1.02394
42	98	1.07128
42	99	0.946285
42	101	1.06111
42	102	1.06132
42	103	1.06146
42	156	0.891474
42	160	1.22194
42	162	2.17038
42	174	0.969464
43	6	0.884884
43	42	0.961963
43	63	0.998253
43	77	1.05152
43	79	0.927527
43	94	0.910974
43	98	0.958318
43	101	0.948144
43	102	0.948351
43	103	0.948497
43	156	0.778509
43	158	2.12851
43	167	1.83081
43	174	0.856499
44	95	0.89729
44	108	0.935067
44	114	0.926186
44	116	0.92419
44	117	0.95953
44	118	0.927755
44	123	0.954286
44	125	0.953282
44	126	0.906131
44	129	0.944329
44	135	0.975738
44	136	0.939875
44	150	2.86867
44	151	0.99215
45	14	1.07805
45	21	1.075
45	30	0.954134
45	41	1.04229
45	59	1.09618
45	60	1.02245
45	68	1.08888
45	70	1.08868
45	111	0.90824
45	137	0.884034
45	142	0.980847
45	158	1.47003
45	166	1.8397
45	174	1.29562
46	32	1.03441
46	63	1.0795
46	77	1.13276
46	79	1.00877
46	94	0.992217
46	98	1.03956
46	101	1.02939
46	102	1.02959
46	103	1.02974
46	110	0.782703
46	148	1.72019
46	156	0.859753
46	164	1.76748
46	174	0.937742
47	5	0.98809
47	16	0.992499
47	26	0.983728
47	61	1.04758
47	66	1.03667
47	89	1.04902
47	92	1.04177
47	96	1.03224
47	97	1.07941
47	139	1.20526
47	152	1.04588
47	159	0.903557
47	166	2.2087
47	173	1.08054
48	22	0.961415
48	23	0.960645
48	50	1.02773
48	53	1.03789
48	58	1.01625
48	67	1.00383
48	69	1.08216
48	73	1.17106
48	84	0.947881
48	104	0.925268
48	113	1.47799
48	162	0.914011
48	167	2.17417
48	169	0.980219
48	174	0.945612
49	24	1.0886
49	34	0.965612
49	65	1.10511
49	72	0.997754
49	85	1.03748
49	86	1.03394
49	93	1.02916
49	104	0.931456
49	121	1.69348
49	127	1.24053
49	134	1.81442
49	159	0.872706
49	160	0.968939
49	172	1.04152
49	179	0.932058
50	22	0.961925
50	23	0.961154
50	48	1.02773
50	53	1.0384
50	58	1.01676
50	67	1.00434
50	69	1.08267
50	73	1.17157
50	106	0.763804
50	120	1.15666
50	138	0.908861
50	159	3.76602
50	162	0.914521
50	169	0.980729
50	174	0.946121
51	24	1.06816
51	55	0.955364
51	65	1.08467
51	72	0.977323
51	85	1.01705
51	86	1.01351
51	87	1.0335
51	88	0.989346
51	93	1.00873
51	144	2.46408
51	157	1.18135
51	160	0.948508
51	169	0.965976
51	172	1.02108
51	179	0.911627
52	3	1.09729
52	7	1.07554
52	12	0.621032
52	18	1.07537
52	19	1.07611
52	37	1.05339
52	38	1.05031
52	40	0.950959
52	55	0.967612
52	81	1.03132
52	107	0.943583
52	111	0.899049
52	155	0.896653
52	176	2.37004
52	179	0.923875
53	22	0.972082
53	23	0.971312
53	48	1.03789
53	50	1.0384
53	58	1.02692
53	67	1.0145
53	69	1.09283
53	73	1.18173
53	99	1.12926
53	113	1.43585
53	161	1.83319
53	162	0.924678
53	169	0.990886
53	174	0.956279
54	83	0.98728
54	95	0.964603
54	108	1.00238
54	116	0.991502
54	117	1.02684
54	118	0.995068
54	123	1.0216
54	125	1.02059
54	126	0.973443
54	129	1.01164
54	135	1.04305
54	136	1.00719
54	161	0.981567
54	171	1.55161
54	180	2.24623
55	6	1.33636
55	25	1.26364
55	38	0.994691
55	40	0.895338
55	51	0.955364
55	52	0.967612
55	87	0.990128
55	132	1.00663
55	141	0.990725
55	163	0.970822
55	176	0.879847
55	179	0.868254
55	180	0.876263
56	15	0.871546
56	57	2.54084
56	87	0.918002
56	90	0.814104
56	91	0.746462
56	107	0.815837
56	125	0.917577
56	126	0.870426
56	135	0.940033
56	136	0.904169
56	139	0.881528
56	158	0.811874
56	172	0.905587
56	175	0.814466
56	179	0.796129
56	180	0.804138
57	1	1.16735
57	2	1.04141
57	13	1.04317
57	27	1.12294
57	29	1.02737
57	56	2.54084
57	62	1.06957
57	78	1.11987
57	107	1.01477
57	134	0.89978
57	142	1.04285
57	152	1.07803
57	155	0.967842
57	157	0.669662
57	167	0.804326
57	172	1.10452
58	22	0.950446
58	23	0.949675
58	48	1.01625
58	50	1.01676
58	53	1.02692
58	67	0.99286
58	69	1.07119
58	73	1.16009
58	104	0.914298
58	138	0.897382
58	149	2.05713
58	151	1.13254
58	162	0.903042
58	163	1.57319
58	169	0.96925
58	174	0.934642
59	14	1.13261
59	21	1.12956
59	30	1.0087
59	41	1.09685
59	45	1.09618
59	60	1.07701
59	68	1.14344
59	70	1.14325
59	106	1.05179
59	110	0.527204
59	111	0.962802
59	132	1.66349
59	137	0.938597
59	142	1.03541
59	149	1.71094
59	160	1.47582
60	14	1.05889
60	21	1.05583
60	30	0.934968
60	31	0.807327
60	41	1.02312
60	45	1.02245
60	59	1.07701
60	68	1.06971
60	70	1.06952
60	100	1.25821
60	106	0.978061
60	111	0.889074
60	119	2.04348
60	128	1.5212
60	137	0.864868
60	142	0.961681
61	5	0.934365
61	9	1.07742
61	26	0.930003
61	47	1.04758
61	66	0.982944
61	80	1.01857
61	89	0.995298
61	92	0.988047
61	96	0.978518
61	97	1.02568
61	106	0.973346
61	132	1.04915
61	152	0.992153
61	159	0.849832
61	169	1.41949
61	180	2.55441
62	1	1.0713
62	11	0.946127
62	13	0.947127
62	27	1.02689
62	28	1.05277
62	29	0.931327
62	57	1.06957
62	78	1.02383
62	107	0.918726
62	109	1.56246
62	142	0.9468
62	152	0.981987
62	155	0.871796
62	171	1.60687
62	172	1.00848
62	177	1.95854
63	6	1.03414
63	8	1.01228
63	43	0.998253
63	46	1.0795
63	76	1.11011
63	79	1.07678
63	94	1.06023
63	98	1.10757
63	101	1.0974
63	102	1.09761
63	103	1.09775
63	131	0.863172
63	145	1.62008
63	153	0.863554
63	155	2.47241
63	174	1.00575
64	4	1.03489
64	16	1.02059
64	26	1.01182
64	35	1.11838
64	66	1.06476
64	80	1.10039
64	89	1.07711
64	92	1.06986
64	96	1.06033
64	97	1.1075
64	106	1.05516
64	134	1.8943
64	139	1.46279
64	141	0.900868
64	152	1.07397
64	164	1.1079
65	20	0.570106
65	34	1.03112
65	49	1.10511
65	51	1.08467
65	72	1.06326
65	85	1.10299
65	86	1.09945
65	87	1.11944
65	93	1.09466
65	130	1.43679
65	131	1.5954
65	159	0.938213
65	163	1.17139
65	169	1.05191
65	172	1.10702
65	179	0.997564
66	4	0.942168
66	5	0.923457
66	9	1.06651
66	47	1.03667
66	61	0.982944
66	64	1.06476
66	80	1.00766
66	89	0.98439
66	92	0.977139
66	96	0.96761
66	97	1.01477
66	131	1.45219
66	152	0.981245
66	159	0.838924
66	168	1.87935
66	173	1.54333
67	22	0.93802
67	23	0.93725
67	25	0.943971
67	48	1.00383
67	50	1.00434
67	53	1.0145
67	58	0.99286
67	69	1.05876
67	73	1.14767
67	104	0.901873
67	128	1.29206
67	138	0.884957
67	156	4.50797
67	162	0.890616
67	169	0.956824
67	174	0.922217
67	179	1.15257
68	14	1.12532
68	20	0.304934
68	21	1.12226
68	30	1.0014
68	31	0.873759
68	41	1.08956
68	45	1.08888
68	59	1.14344
68	60	1.06971
68	70	1.13595
68	106	1.04449
68	111	0.955506
68	137	0.931301
68	139	1.54609
68	141	0.984172
68	142	1.02811
68	158	2.17985
69	22	1.01635
69	23	1.01558
69	48	1.08216
69	50	1.08267
69	53	1.09283
69	58	1.07119
69	67	1.05876
69	73	1.22599
69	104	0.980202
69	130	1.21081
69	138	0.963286
69	161	1.62251
69	162	0.968945
69	163	0.945421
69	168	1.79659
69	169	1.03515
69	174	1.00055
70	14	1.12512
70	21	1.12206
70	30	1.0012
70	31	0.873561
70	41	1.08936
70	45	1.08868
70	59	1.14325
70	60	1.06952
70	68	1.13595
70	106	1.0443
70	111	0.955308
70	134	1.3915
70	137	0.931103
70	142	1.02792
70	149	0.80406
70	170	0.687133
70	178	3.12558
71	21	3.4
71	36	0.983171
71	105	0.794365
71	107	0.821137
71	119	0.84095
71	121	0.835893
71	128	0.89641
71	130	0.885811
71	142	0.849211
71	161	0.858422
71	163	0.903997
71	164	0.869754
71	168	0.835329
71	171	0.826518
71	176	0.813022
71	177	0.800016
71	180	0.809439
72	24	1.04675
72	34	0.923767
72	49	0.997754
72	51	0.977323
72	65	1.06326
72	85	0.995636
72	86	0.992096
72	87	1.01209
72	93	0.987312
72	127	0.885788
72	144	2.08092
72	159	0.830861
72	160	0.927094
72	169	0.944562
72	172	0.99967
72	175	2.22486
72	179	0.890212
73	22	1.10525
73	23	1.10448
73	48	1.17106
73	50	1.17157
73	53	1.18173
73	58	1.16009
73	67	1.14767
73	69	1.22599
73	113	0.672988
73	138	1.05219
73	145	1.57415
73	148	0.630929
73	162	1.05785
73	167	1.36916
73	169	1.12406
73	174	1.08945
73	177	1.99203
74	78	1.52021
74	81	0.943083
74	109	0.906524
74	119	0.89716
74	126	1.02771
74	131	0.944755
74	132	0.996011
74	144	0.871667
74	147	0.869035
74	148	0.909884
74	149	0.943347
74	157	0.943672
74	158	0.873384
74	163	0.960208
74	165	0.80437
74	177	0.856227
74	178	0.849074
74	180	0.865649
75	83	1.01599
75	95	0.993313
75	106	1.20508
75	108	1.03109
75	114	1.02221
75	116	1.02021
75	117	1.05555
75	118	1.02378
75	120	0.92579
75	123	1.05031
75	125	1.0493
75	126	1.00215
75	129	1.04035
75	135	1.07176
75	136	1.0359
75	146	2.02842
75	172	1.03731
75	174	1.8961
76	6	0.996742
76	17	0.971866
76	32	1.06502
76	63	1.11011
76	77	1.16338
76	79	1.03939
76	91	0.898948
76	94	1.02283
76	98	1.07018
76	101	1.06
76	102	1.06021
76	103	1.06035
76	113	1.41317
76	141	1.21137
76	156	0.890367
76	170	1.50043
76	173	1.64856
76	174	0.968356
77	8	1.06555
77	17	1.06253
77	43	1.05152
77	46	1.13276
77	76	1.16338
77	79	1.13005
77	94	1.1135
77	98	1.16084
77	101	1.15067
77	102	1.15087
77	103	1.15102
77	107	1.35923
77	143	1.50356
77	152	0.632878
77	154	1.0137
77	156	0.981031
77	174	1.05902
77	180	2.1835
78	1	1.12161
78	2	0.995676
78	11	0.996434
78	13	0.997434
78	27	1.0772
78	28	1.10308
78	29	0.981634
78	57	1.11987
78	62	1.02383
78	74	1.52021
78	84	0.919474
78	107	0.969033
78	141	1.24778
78	142	0.997107
78	152	1.03229
78	155	0.922103
78	160	1.41865
78	172	1.05878
79	8	0.941559
79	17	0.938538
79	32	1.0317
79	42	1.04049
79	43	0.927527
79	46	1.00877
79	63	1.07678
79	76	1.03939
79	77	1.13005
79	94	0.989503
79	98	1.03685
79	101	1.02667
79	102	1.02688
79	103	1.02703
79	107	1.50132
79	161	1.06092
79	168	1.235
79	174	0.935028
79	179	2.64834
80	4	0.977794
80	5	0.959083
80	9	1.10213
80	16	0.963491
80	26	0.954721
80	33	1.08682
80	35	1.06128
80	61	1.01857
80	64	1.10039
80	66	1.00766
80	89	1.02002
80	92	1.01276
80	96	1.00324
80	97	1.0504
80	124	1.58544
80	140	2.28595
80	159	0.87455
80	163	0.924681
80	170	1.29169
81	52	1.03132
81	74	0.943083
81	90	0.927936
81	98	0.681298
81	100	1.00424
81	113	0.986296
81	118	0.95881
81	122	0.973014
81	140	0.920321
81	149	0.995667
81	151	1.04153
81	154	0.958264
81	164	0.978285
81	166	0.921206
81	175	0.928297
81	176	0.921553
81	177	0.908547
81	178	0.901394
81	180	0.91797
82	14	0.685782
82	19	1.36864
82	105	0.910098
82	108	1.23439
82	127	0.993629
82	140	0.927523
82	144	0.93119
82	145	0.948902
82	146	0.952885
82	150	0.925337
82	157	1.0032
82	158	0.932907
82	161	0.974156
82	166	0.928408
82	167	0.965187
82	170	0.990596
82	171	0.942252
82	173	0.972951
82	180	0.925172
83	36	0.266979
83	54	0.98728
83	75	1.01599
83	95	0.978106
83	108	1.01588
83	114	1.007
83	116	1.00501
83	117	1.04035
83	118	1.00857
83	123	1.0351
83	125	1.0341
83	126	0.986947
83	129	1.02514
83	133	1.8554
83	135	1.05655
83	136	1.02069
83	143	1.96712
83	169	1.51213
83	172	1.02211
84	48	0.947881
84	78	0.919474
84	95	0.771442
84	100	1.04845
84	119	0.993692
84	130	1.03855
84	133	0.971262
84	134	1.00812
84	135	0.225654
84	140	0.964531
84	153	1.08713
84	154	1.00248
84	161	1.01116
84	164	1.0225
84	168	0.988071
84	170	1.0276
84	171	0.97926
84	176	0.965764
84	178	0.945605
84	180	0.96218
85	15	1.00536
85	24	1.08648
85	34	0.963494
85	49	1.03748
85	51	1.01705
85	65	1.10299
85	72	0.995636
85	86	1.03182
85	87	1.05181
85	91	0.880274
85	93	1.02704
85	132	1.03365
85	140	1.95842
85	149	1.0811
85	159	0.870588
85	160	0.966822
85	169	0.984289
85	172	1.0394
85	175	2.43373
85	179	0.92994
86	15	1.00182
86	24	1.08294
86	34	0.959954
86	49	1.03394
86	51	1.01351
86	65	1.09945
86	72	0.992096
86	85	1.03182
86	87	1.04827
86	93	1.0235
86	99	0.841425
86	104	0.925798
86	159	0.867048
86	160	0.963281
86	162	2.06552
86	163	0.868261
86	169	0.980749
86	172	1.03586
86	176	2.3259
86	179	0.9264
87	15	1.02181
87	34	0.979944
87	51	1.0335
87	55	0.990128
87	56	0.918002
87	65	1.11944
87	72	1.01209
87	85	1.05181
87	86	1.04827
87	91	0.896723
87	93	1.04349
87	141	0.838354
87	159	0.887038
87	160	0.983272
87	169	1.00074
87	172	1.05585
87	173	1.27555
87	174	1.85963
87	176	2.21804
87	179	0.94639
88	51	0.989346
88	90	0.922148
88	96	0.899963
88	108	1.00298
88	119	0.943693
88	120	1.04392
88	131	0.991288
88	132	1.04254
88	137	0.855142
88	147	0.915568
88	150	0.912347
88	157	0.990205
88	164	0.972498
88	165	0.850903
88	168	0.938072
88	170	0.977606
88	173	0.959961
88	177	0.90276
88	178	0.895607
88	180	0.912182
89	9	1.07886
89	16	0.94022
89	26	0.93145
89	33	1.06355
89	35	1.03801
89	47	1.04902
89	61	0.995298
89	64	1.07711
89	66	0.98439
89	80	1.02002
89	92	0.989494
89	96	0.979965
89	97	1.02713
89	106	0.974792
89	109	1.91296
89	120	0.839164
89	121	1.6607
89	152	0.993599
89	159	0.851279
89	171	1.95738
90	56	0.814104
90	81	0.927936
90	88	0.922148
90	106	0.906653
90	113	0.918827
90	117	1.36179
90	118	1.59356
90	131	0.929608
90	134	0.896441
90	139	0.927891
90	146	0.878215
90	150	0.850667
90	161	0.899485
90	163	0.94506
90	164	0.910817
90	167	0.890516
90	171	0.867581
90	176	0.854085
90	178	0.833926
90	180	0.850501
91	28	4.2
91	56	0.746462
91	76	0.898948
91	85	0.880274
91	87	0.896723
91	93	0.871949
91	94	0.849066
91	98	0.89641
91	101	0.886237
91	102	0.886443
91	103	0.88659
91	111	0.750024
91	124	0.846788
91	139	0.860249
91	145	0.806589
91	154	0.823154
91	169	0.829199
91	173	0.830638
91	174	0.794591
91	179	0.77485
91	180	0.782859
92	4	0.947272
92	5	0.928561
92	9	1.07161
92	16	0.932969
92	26	0.924199
92	33	1.0563
92	35	1.03075
92	36	0.236615
92	47	1.04177
92	61	0.988047
92	64	1.06986
92	66	0.977139
92	80	1.01276
92	89	0.989494
92	96	0.972714
92	97	1.01988
92	104	2.27809
92	152	0.986348
92	153	0.68006
92	159	0.844028
92	179	2.93945
93	12	0.804007
93	15	0.997033
93	24	1.07815
93	34	0.95517
93	49	1.02916
93	51	1.00873
93	65	1.09466
93	72	0.987312
93	85	1.02704
93	86	1.0235
93	87	1.04349
93	91	0.871949
93	104	0.921013
93	106	1.50358
93	121	2.04582
93	142	1.68237
93	159	0.862264
93	160	0.958497
93	169	0.975965
93	172	1.03107
93	179	0.921616
94	6	0.94686
94	8	0.925005
94	17	0.921984
94	32	1.01514
94	42	1.02394
94	43	0.910974
94	46	0.992217
94	63	1.06023
94	76	1.02283
94	77	1.1135
94	79	0.989503
94	91	0.849066
94	98	1.02029
94	101	1.01012
94	102	1.01033
94	103	1.01047
94	124	1.65513
94	140	2.35563
94	152	1.38551
94	156	0.840485
94	170	1.36138
94	174	0.918475
95	44	0.89729
95	54	0.964603
95	75	0.993313
95	83	0.978106
95	84	0.771442
95	108	0.993205
95	114	0.984325
95	116	0.982328
95	117	1.01767
95	118	0.985894
95	123	1.01242
95	125	1.01142
95	126	0.964269
95	129	1.00247
95	135	1.03388
95	136	0.998013
95	145	2.20272
95	148	1.25949
95	160	0.926854
95	162	0.878113
95	168	1.87297
95	172	0.99943
96	4	0.937743
96	5	0.919031
96	9	1.06208
96	16	0.92344
96	26	0.91467
96	33	1.04677
96	35	1.02123
96	47	1.03224
96	61	0.978518
96	64	1.06033
96	66	0.96761
96	80	1.00324
96	88	0.899963
96	89	0.979965
96	92	0.972714
96	97	1.01035
96	100	0.752325
96	106	0.958012
96	147	1.86912
96	152	0.976819
96	159	0.834499
96	180	2.62382
97	4	0.984905
97	5	0.966194
97	9	1.10925
97	16	0.970602
97	26	0.961832
97	33	1.09393
97	35	1.06839
97	47	1.07941
97	61	1.02568
97	64	1.1075
97	66	1.01477
97	80	1.0504
97	89	1.02713
97	92	1.01988
97	96	1.01035
97	106	1.00517
97	112	1.02095
97	146	1.78063
97	149	1.03303
97	152	1.02398
97	159	0.881661
97	171	1.79622
97	177	2.14789
98	6	0.994204
98	8	0.972349
98	17	0.969328
98	32	1.06249
98	42	1.07128
98	43	0.958318
98	46	1.03956
98	63	1.10757
98	76	1.07018
98	77	1.16084
98	79	1.03685
98	81	0.681298
98	91	0.89641
98	94	1.02029
98	101	1.05746
98	102	1.05767
98	103	1.05782
98	142	1.14937
98	144	2.255
98	151	0.569071
98	156	0.887829
98	166	2.20567
98	174	0.965819
99	13	1.68303
99	36	1.09831
99	39	0.978746
99	42	0.946285
99	53	1.12926
99	86	0.841425
99	105	0.909502
99	109	0.965451
99	110	1.03969
99	112	1.01148
99	133	0.933657
99	134	0.970515
99	145	0.948306
99	151	1.04813
99	157	1.0026
99	166	0.927812
99	167	0.964591
99	170	0.99
99	173	0.972355
99	175	0.934904
99	177	0.915154
99	178	0.908001
99	180	0.924576
100	1	1.1809
100	16	1.60856
100	60	1.25821
100	81	1.00424
100	84	1.04845
100	96	0.752325
100	132	1.05716
100	144	0.932821
100	145	0.950533
100	153	1.05175
100	154	0.967098
100	156	0.860546
100	157	1.00483
100	158	0.934538
100	166	0.930039
100	168	0.952693
100	170	0.992227
100	171	0.943883
100	174	0.938535
100	175	0.93713
100	177	0.91738
100	178	0.910228
100	179	0.918793
100	180	0.926803
101	6	0.98403
101	8	0.962175
101	17	0.959154
101	25	0.977399
101	32	1.05231
101	42	1.06111
101	43	0.948144
101	46	1.02939
101	63	1.0974
101	76	1.06
101	77	1.15067
101	79	1.02667
101	91	0.886237
101	94	1.01012
101	98	1.05746
101	102	1.0475
101	103	1.04764
101	105	1.99118
101	109	1.52458
101	132	0.75836
101	156	0.877656
101	170	0.688882
101	174	0.955645
101	178	3.12732
102	6	0.984237
102	8	0.962382
102	17	0.959361
102	25	0.977606
102	32	1.05252
102	42	1.06132
102	43	0.948351
102	46	1.02959
102	63	1.09761
102	76	1.06021
102	77	1.15087
102	79	1.02688
102	91	0.886443
102	94	1.01033
102	98	1.05767
102	101	1.0475
102	103	1.04785
102	138	1.81815
102	156	0.877862
102	157	1.83946
102	163	1.42956
102	165	8.6
102	174	0.955852
102	180	1.49306
103	6	0.984384
103	8	0.962529
103	17	0.959507
103	25	0.977752
103	32	1.05267
103	42	1.06146
103	43	0.948497
103	46	1.02974
103	63	1.09775
103	76	1.06035
103	77	1.15102
103	79	1.02703
103	91	0.88659
103	94	1.01047
103	98	1.05782
103	101	1.04764
103	102	1.04785
103	112	0.701664
103	124	0.890559
103	149	0.71374
103	156	0.878009
103	159	4.43398
103	167	1.20573
103	174	0.955998
104	8	2.32191
104	15	0.899331
104	24	0.980452
104	48	0.925268
104	49	0.931456
104	58	0.914298
104	67	0.901873
104	69	0.980202
104	86	0.925798
104	92	2.27809
104	93	0.921013
104	109	0.872799
104	137	0.774883
104	145	0.855654
104	147	0.83531
104	165	0.770644
104	169	0.878263
104	173	0.879703
104	174	0.843656
104	176	0.835507
104	178	0.815348
104	179	0.823914
104	180	0.831924
105	71	0.794365
105	82	0.910098
105	99	0.909502
105	101	1.99118
105	112	0.91237
105	119	0.856973
105	127	0.893918
105	128	0.912433
105	141	0.939923
105	142	0.865234
105	146	0.853175
105	147	0.828847
105	153	0.95041
105	154	0.865756
105	157	0.903484
105	161	0.874445
105	163	0.92002
105	168	0.851352
105	170	0.890885
105	172	2.28745
105	175	0.835789
105	177	0.816039
105	178	0.808886
105	180	0.825461
106	14	1.03366
106	19	1.32754
106	30	0.909746
106	50	0.763804
106	59	1.05179
106	60	0.978061
106	61	0.973346
106	64	1.05516
106	68	1.04449
106	70	1.0443
106	75	1.20508
106	89	0.974792
106	90	0.906653
106	93	1.50358
106	96	0.958012
106	97	1.00517
106	133	0.905769
106	149	0.974385
106	158	0.904423
106	159	0.829326
106	170	0.962111
106	176	0.900271
106	178	0.880112
106	180	0.896687
107	2	0.890575
107	19	0.996459
107	28	0.99798
107	37	0.973741
107	40	0.871309
107	52	0.943583
107	56	0.815837
107	57	1.01477
107	62	0.918726
107	71	0.821137
107	77	1.35923
107	78	0.969033
107	79	1.50132
107	116	1.48325
107	128	0.939205
107	130	0.928607
107	143	0.893238
107	152	0.927193
107	153	0.977183
107	155	0.817003
107	156	0.785977
107	168	0.878124
107	172	0.953682
107	179	0.844224
107	180	0.852234
108	20	0.183803
108	44	0.935067
108	54	1.00238
108	75	1.03109
108	82	1.23439
108	83	1.01588
108	88	1.00298
108	95	0.993205
108	114	1.0221
108	116	1.0201
108	117	1.05545
108	118	1.02367
108	123	1.0502
108	125	1.0492
108	126	1.00205
108	129	1.04024
108	135	1.07165
108	136	1.03579
108	137	0.878718
108	153	0.790214
108	155	2.81834
108	156	0.869501
108	160	0.96463
108	162	0.91589
108	172	1.03721
109	62	1.56246
109	74	0.906524
109	89	1.91296
109	99	0.965451
109	101	1.52458
109	104	0.872799
109	128	0.968382
109	130	0.957783
109	133	0.890492
109	143	0.922415
109	150	0.881576
109	151	1.00497
109	157	0.959434
109	158	0.889146
109	165	0.820131
109	166	0.884647
109	167	0.921425
109	169	0.92775
109	171	0.89849
109	173	0.92919
109	175	0.891738
109	176	0.884994
109	177	0.871988
109	178	0.864835
109	180	0.881411
110	5	1.19629
110	12	1.06041
110	26	1.19025
110	34	1.30355
110	39	1.00982
110	46	0.782703
110	59	0.527204
110	99	1.03969
110	113	1.02398
110	121	0.982107
110	127	1.02411
110	133	0.964734
110	139	1.03304
110	141	1.07011
110	154	0.995948
110	157	1.03368
110	158	0.963388
110	160	0.984525
110	161	1.00464
110	164	1.01597
110	166	0.958889
110	173	1.00343
110	177	0.94623
110	178	0.939078
110	180	0.955653
111	3	0.973105
111	19	0.951925
111	21	0.941622
111	24	2.227
111	40	0.826775
111	41	0.908915
111	45	0.90824
111	52	0.899049
111	59	0.962802
111	60	0.889074
111	68	0.955506
111	70	0.955308
111	91	0.750024
111	123	1.9798
111	143	0.848705
111	144	0.813719
111	153	0.93265
111	155	0.772469
111	158	0.815436
111	164	0.868016
111	175	0.818028
111	178	0.791125
111	179	0.799691
111	180	0.8077
112	18	1.26634
112	97	1.02095
112	99	1.01148
112	103	0.701664
112	105	0.91237
112	115	1.00438
112	131	1.00655
112	136	1.22035
112	143	0.968448
112	147	0.93083
112	151	1.051
112	154	0.967739
112	158	0.935179
112	161	0.976428
112	163	1.022
112	165	0.866164
112	166	0.93068
112	167	0.967458
112	170	0.992868
112	173	0.975223
112	177	0.918021
112	178	0.910869
112	179	0.919434
112	180	0.927444
113	48	1.47799
113	53	1.43585
113	73	0.672988
113	76	1.41317
113	81	0.986296
113	90	0.918827
113	110	1.02398
113	115	0.985793
113	119	0.940373
113	122	0.963906
113	139	0.986251
113	143	0.949865
113	148	0.953096
113	150	0.909027
113	151	1.03242
113	153	1.03381
113	163	1.00342
113	164	0.969177
113	165	0.847582
113	170	0.974285
113	171	0.925941
113	175	0.919189
113	177	0.899439
113	178	0.892286
113	180	0.908861
114	10	1.05238
114	44	0.926186
114	75	1.02221
114	83	1.007
114	95	0.984325
114	108	1.0221
114	116	1.01122
114	117	1.04656
114	118	1.01479
114	123	1.04132
114	125	1.04032
114	126	0.993165
114	129	1.03136
114	135	1.06277
114	136	1.02691
114	137	0.869838
114	138	0.90135
114	152	1.33913
114	154	1.71995
114	156	0.860621
114	158	2.22161
114	160	0.95575
114	162	0.90701
114	163	0.947985
114	168	1.79915
114	172	1.02833
115	9	0.824082
115	27	1.16595
115	112	1.00438
115	113	0.985793
115	118	1.20438
115	121	0.943921
115	124	0.981396
115	128	1.00444
115	133	0.926548
115	138	0.891938
115	144	0.923485
115	147	0.920853
115	148	0.961702
115	163	1.01203
115	164	0.977782
115	165	0.856187
115	168	0.943357
115	170	0.982891
115	171	0.934546
115	172	0.982632
115	173	0.965246
115	175	0.927794
115	176	0.92105
115	177	0.908044
115	179	0.909457
115	180	0.917467
116	10	1.05039
116	31	0.810299
116	44	0.92419
116	54	0.991502
116	75	1.02021
116	83	1.00501
116	95	0.982328
116	107	1.48325
116	108	1.0201
116	114	1.01122
116	117	1.04457
116	118	1.01279
116	120	0.658863
116	123	1.03932
116	125	1.03832
116	126	0.991169
116	129	1.02937
116	135	1.06078
116	136	1.02491
116	150	1.80163
116	156	0.858624
116	160	0.953754
116	162	0.905013
116	168	1.21693
116	172	1.02633
116	180	2.30752
117	10	1.08573
117	44	0.95953
117	54	1.02684
117	75	1.05555
117	83	1.04035
117	90	1.36179
117	95	1.01767
117	108	1.05545
117	114	1.04656
117	116	1.04457
117	118	1.04813
117	123	1.07466
117	124	1.26888
117	125	1.07366
117	126	1.02651
117	128	0.941362
117	129	1.06471
117	131	1.03213
117	135	1.09612
117	136	1.06025
117	138	0.934694
117	156	0.893965
117	160	0.989094
117	161	1.28521
117	162	0.940354
117	172	1.06167
117	175	2.44468
118	31	0.813865
118	36	0.401562
118	44	0.927755
118	54	0.995068
118	75	1.02378
118	81	0.95881
118	83	1.00857
118	90	1.59356
118	95	0.985894
118	108	1.02367
118	114	1.01479
118	115	1.20438
118	116	1.01279
118	117	1.04813
118	123	1.04289
118	125	1.04189
118	126	0.994734
118	129	1.03293
118	135	1.06434
118	136	1.02848
118	137	0.871406
118	138	0.902919
118	156	0.86219
118	160	0.957319
118	162	0.908578
118	167	1.81581
118	172	1.0299
119	31	0.757464
119	35	1.52189
119	60	2.04348
119	71	0.84095
119	74	0.89716
119	84	0.993692
119	88	0.943693
119	105	0.856973
119	113	0.940373
119	120	1.00378
119	123	1.24143
119	134	0.917986
119	140	0.874398
119	141	0.986508
119	144	0.878065
119	146	0.89976
119	148	0.916282
119	158	0.879782
119	162	0.852178
119	166	0.875283
119	167	0.912061
119	170	0.937471
119	171	0.889126
119	173	0.919826
119	175	0.882374
119	176	0.87563
119	180	0.872046
120	24	0.926193
120	36	1.14601
120	38	1.09333
120	50	1.15666
120	75	0.92579
120	88	1.04392
120	89	0.839164
120	116	0.658863
120	119	1.00378
120	122	1.02732
120	130	1.04865
120	138	0.946745
120	139	1.04966
120	140	0.974624
120	141	1.08673
120	149	1.04997
120	151	1.09583
120	158	0.980009
120	161	1.02126
120	164	1.03259
120	170	1.0377
120	171	0.989353
120	173	1.02005
120	175	0.982601
120	176	0.975857
120	177	0.962851
120	178	0.955698
120	180	0.972273
121	49	1.69348
121	71	0.835893
121	89	1.6607
121	93	2.04582
121	110	0.982107
121	115	0.943921
121	122	0.922035
121	128	0.953961
121	140	0.869341
121	141	0.981451
121	143	0.907994
121	160	0.895862
121	161	0.915974
121	163	0.961549
121	165	0.80571
121	166	0.870226
121	167	0.907005
121	168	0.89288
121	170	0.932414
121	171	0.88407
121	173	0.914769
121	174	0.878722
121	175	0.877318
121	176	0.870574
121	177	0.857567
121	178	0.850415
121	180	0.86699
122	27	1.13152
122	81	0.973014
122	113	0.963906
122	120	1.02732
122	121	0.922035
122	125	0.864131
122	127	0.964037
122	129	0.86087
122	133	0.904661
122	135	0.806073
122	139	0.97297
122	140	0.897931
122	141	1.01004
122	144	0.901598
122	146	0.923293
122	148	0.939815
122	149	0.973278
122	151	1.01914
122	158	0.903315
122	161	0.944564
122	164	0.955896
122	170	0.961004
122	175	0.905908
122	177	0.886157
122	178	0.879005
122	179	0.88757
122	180	0.89558
123	10	1.08048
123	44	0.954286
123	54	1.0216
123	75	1.05031
123	83	1.0351
123	95	1.01242
123	108	1.0502
123	111	1.9798
123	114	1.04132
123	116	1.03932
123	117	1.07466
123	118	1.04289
123	119	1.24143
123	125	1.06842
123	126	1.02127
123	129	1.05946
123	132	0.822386
123	135	1.09087
123	136	1.05501
123	137	0.897938
123	138	0.92945
123	142	0.972891
123	156	0.888721
123	157	0.795797
123	160	0.98385
123	162	0.93511
123	172	1.05643
123	175	2.22246
124	80	1.58544
124	91	0.846788
124	94	1.65513
124	103	0.890559
124	115	0.981396
124	117	1.26888
124	131	0.983571
124	132	1.03483
124	134	0.950404
124	137	0.847424
124	139	0.981854
124	146	0.932177
124	147	0.90785
124	148	0.948699
124	151	1.02802
124	153	1.02941
124	163	0.999023
124	164	0.96478
124	165	0.843185
124	167	0.944479
124	171	0.921544
124	173	0.952243
124	175	0.914792
124	176	0.908048
124	177	0.895042
124	178	0.887889
124	180	0.904464
125	10	1.07948
125	44	0.953282
125	54	1.02059
125	56	0.917577
125	75	1.0493
125	83	1.0341
125	95	1.01142
125	108	1.0492
125	114	1.04032
125	116	1.03832
125	117	1.07366
125	118	1.04189
125	122	0.864131
125	123	1.06842
125	126	1.02026
125	129	1.05846
125	130	0.799463
125	135	1.08987
125	136	1.05401
125	138	0.928446
125	152	0.925209
125	156	0.887717
125	160	0.982846
125	162	0.934105
125	171	1.7812
125	172	1.05542
125	176	1.99171
125	177	2.13287
126	10	1.03233
126	25	0.940309
126	44	0.906131
126	54	0.973443
126	56	0.870426
126	74	1.02771
126	75	1.00215
126	83	0.986947
126	95	0.964269
126	108	1.00205
126	114	0.993165
126	116	0.991169
126	117	1.02651
126	118	0.994734
126	123	1.02127
126	125	1.02026
126	129	1.01131
126	135	1.04272
126	136	1.00685
126	137	0.849782
126	138	0.881294
126	143	1.93915
126	153	0.682457
126	156	0.840565
126	160	0.935695
126	162	0.886954
126	172	1.00827
126	174	1.77655
126	179	2.94184
127	49	1.24053
127	72	0.885788
127	82	0.993629
127	105	0.893918
127	110	1.02411
127	122	0.964037
127	134	0.954931
127	136	1.24598
127	143	0.949996
127	148	0.953227
127	150	0.909157
127	151	1.03255
127	154	0.949287
127	155	0.873761
127	159	0.841631
127	165	0.847712
127	166	0.912228
127	167	0.949006
127	168	0.934882
127	170	0.974416
127	171	0.926072
127	172	1.11563
127	173	0.956771
127	175	0.91932
127	176	0.912576
127	177	0.899569
127	178	0.892417
127	180	0.908992
128	21	0.808177
128	60	1.5212
128	67	1.29206
128	71	0.89641
128	105	0.912433
128	107	0.939205
128	109	0.968382
128	115	1.00444
128	117	0.941362
128	121	0.953961
128	129	0.864053
128	132	1.05787
128	141	1.04197
128	147	0.930893
128	150	0.927672
128	153	1.05246
128	157	1.00553
128	158	0.935242
128	160	0.956379
128	161	0.976491
128	168	0.953397
128	170	0.992931
128	171	0.944587
128	173	0.975286
128	174	0.939239
128	176	0.931091
128	177	0.918084
128	178	0.910932
128	179	0.919497
128	180	0.927507
129	10	1.07053
129	25	0.978507
129	31	0.830438
129	44	0.944329
129	54	1.01164
129	75	1.04035
129	83	1.02514
129	95	1.00247
129	108	1.04024
129	114	1.03136
129	116	1.02937
129	117	1.06471
129	118	1.03293
129	122	0.86087
129	123	1.05946
129	125	1.05846
129	126	1.01131
129	128	0.864053
129	135	1.08092
129	136	1.04505
129	137	0.88798
129	138	0.919492
129	156	0.878763
129	157	0.940709
129	160	0.973893
129	162	0.925152
129	164	0.81579
129	172	1.04647
129	175	2.36738
129	180	2.47256
130	41	1.14804
130	65	1.43679
130	69	1.21081
130	71	0.885811
130	84	1.03855
130	107	0.928607
130	109	0.957783
130	120	1.04865
130	125	0.799463
130	131	0.996014
130	132	1.04727
130	140	0.919259
130	143	0.957912
130	144	0.922926
130	147	0.920294
130	148	0.961143
130	149	0.994606
130	157	0.994931
130	163	1.01147
130	164	0.977224
130	167	0.956923
130	168	0.942798
130	170	0.982332
130	171	0.933988
130	172	0.883529
130	173	0.964687
130	175	0.927236
130	177	0.907486
130	178	0.900333
130	180	0.916908
131	24	1.0571
131	63	0.863172
131	65	1.5954
131	66	1.45219
131	74	0.944755
131	88	0.991288
131	90	0.929608
131	112	1.00655
131	117	1.03213
131	124	0.983571
131	130	0.996014
131	140	0.921993
131	141	1.0341
131	144	0.92566
131	148	0.963877
131	149	0.997339
131	151	1.0432
131	152	0.994601
131	154	0.959937
131	158	0.927377
131	163	1.0142
131	164	0.979957
131	165	0.858362
131	167	0.959656
131	168	0.945532
131	171	0.936721
131	176	0.923225
131	177	0.910219
131	178	0.903066
131	180	0.919642
132	14	0.672968
132	55	1.00663
132	59	1.66349
132	61	1.04915
132	74	0.996011
132	85	1.03365
132	88	1.04254
132	100	1.05716
132	101	0.75836
132	123	0.822386
132	124	1.03483
132	128	1.05787
132	130	1.04727
132	138	0.945369
132	144	0.976915
132	145	0.994627
132	147	0.974283
132	153	1.09585
132	155	0.935666
132	158	0.978633
132	159	0.903536
132	163	1.06546
132	164	1.03121
132	165	0.909618
132	170	1.03632
132	173	1.01868
132	175	0.981225
132	177	0.961475
132	178	0.954322
132	180	0.970897
133	18	1.94458
133	83	1.8554
133	84	0.971262
133	99	0.933657
133	106	0.905769
133	109	0.890492
133	110	0.964734
133	115	0.926548
133	122	0.904661
133	135	1.62611
133	143	0.890621
133	145	0.873347
133	148	0.893852
133	153	0.974566
133	157	0.92764
133	158	0.857352
133	160	0.878489
133	165	0.788337
133	167	0.889631
133	168	0.875507
133	169	0.895956
133	170	0.915041
133	171	0.866696
133	174	0.861349
133	175	0.859944
133	176	0.8532
133	177	0.840194
133	178	0.833041
133	179	0.841607
133	180	0.849617
134	36	1.06021
134	49	1.81442
134	57	0.89978
134	64	1.8943
134	70	1.3915
134	84	1.00812
134	90	0.896441
134	99	0.970515
134	119	0.917986
134	124	0.950404
134	127	0.954931
134	137	0.829434
134	138	0.860946
134	140	0.888826
134	145	0.910205
134	147	0.889861
134	148	0.93071
134	149	0.964173
134	153	1.01142
134	154	0.92677
134	163	0.981033
134	164	0.94679
134	165	0.825195
134	166	0.889711
134	168	0.912365
134	173	0.934254
134	176	0.890059
134	178	0.8699
134	179	0.878465
134	180	0.886475
135	10	1.10194
135	25	1.00992
135	44	0.975738
135	54	1.04305
135	56	0.940033
135	75	1.07176
135	83	1.05655
135	84	0.225654
135	95	1.03388
135	108	1.07165
135	114	1.06277
135	116	1.06078
135	117	1.09612
135	118	1.06434
135	122	0.806073
135	123	1.09087
135	125	1.08987
135	126	1.04272
135	129	1.08092
135	133	1.62611
135	136	1.07646
135	137	0.91939
135	138	0.950902
135	139	1.11588
135	152	0.86715
135	155	2.50926
135	156	0.910173
135	160	1.0053
135	162	0.956562
135	169	1.28284
135	172	1.07788
136	10	1.06607
136	25	0.974053
136	31	0.825984
136	44	0.939875
136	54	1.00719
136	56	0.904169
136	75	1.0359
136	83	1.02069
136	95	0.998013
136	108	1.03579
136	112	1.22035
136	114	1.02691
136	116	1.02491
136	117	1.06025
136	118	1.02848
136	123	1.05501
136	125	1.05401
136	126	1.00685
136	127	1.24598
136	129	1.04505
136	135	1.07646
136	137	0.883526
136	138	0.915038
136	152	1.13963
136	154	1.52045
136	156	0.874309
136	160	0.969438
136	162	0.920698
136	169	1.55532
136	172	1.04201
136	174	1.84771
137	11	2.81687
137	21	0.917416
137	30	0.796554
137	38	3.38313
137	41	0.884709
137	45	0.884034
137	59	0.938597
137	60	0.864868
137	68	0.931301
137	70	0.931103
137	88	0.855142
137	104	0.774883
137	108	0.878718
137	114	0.869838
137	118	0.871406
137	123	0.897938
137	124	0.847424
137	126	0.849782
137	129	0.88798
137	134	0.829434
137	135	0.91939
137	136	0.883526
137	140	0.785846
137	155	0.748263
137	163	0.878054
137	166	0.786731
137	167	0.823509
137	170	0.848919
137	173	0.831274
137	179	0.775485
137	180	0.783495
138	32	2.81842
138	33	1.76342
138	50	0.908861
138	58	0.897382
138	67	0.884957
138	69	0.963286
138	73	1.05219
138	102	1.81815
138	114	0.90135
138	115	0.891938
138	117	0.934694
138	118	0.902919
138	120	0.946745
138	123	0.92945
138	125	0.928446
138	126	0.881294
138	129	0.919492
138	132	0.945369
138	134	0.860946
138	135	0.950902
138	136	0.915038
138	143	0.856011
138	156	0.74875
138	162	0.795139
138	165	0.753727
138	167	0.855022
138	169	0.861347
138	174	0.826739
138	175	0.825335
138	176	0.818591
138	177	0.805585
138	180	0.815007
139	28	1.06998
139	47	1.20526
139	56	0.881528
139	64	1.46279
139	68	1.54609
139	90	0.927891
139	91	0.860249
139	110	1.03304
139	113	0.986251
139	120	1.04966
139	122	0.97297
139	124	0.981854
