1	12	0.835303
1	104	0.813529
1	119	1.53679
1	125	0.802199
1	135	1.66023
1	140	0.779897
1	146	1.59764
1	149	0.789047
1	150	0.803074
1	164	0.790296
1	177	0.800865
1	180	0.78579
2	3	0.855734
2	17	1.07992
2	60	0.861507
2	87	1.21939
2	137	0.91391
2	145	0.881438
2	150	0.931482
2	152	0.928615
2	156	1.27405
2	172	0.913114
2	175	1.23523
2	180	0.914199
3	2	0.855734
3	4	1.48879
3	63	0.768131
3	117	1.55659
3	121	0.780352
3	122	0.781037
3	124	0.813925
3	156	1.75855
3	169	0.802067
3	173	0.800751
3	174	0.80414
3	180	0.793862
4	3	1.48879
4	130	1.09593
4	131	1.02655
4	156	0.884573
4	160	0.901204
4	168	0.892678
4	169	1.18367
4	170	0.890272
4	175	0.902763
4	176	0.914882
4	178	0.901099
4	179	0.912528
5	15	0.857074
5	60	1.30468
5	66	0.905566
5	76	0.894916
5	84	0.922374
5	93	0.901867
5	98	0.893292
5	105	1.3268
5	124	1.0853
5	132	1.09899
5	159	0.917074
5	174	0.907836
6	21	1.47241
6	87	1.10426
6	91	0.908939
6	123	1.07829
6	137	0.89939
6	144	0.87637
6	151	1.15899
6	163	0.908566
6	164	0.904184
6	166	0.896306
6	173	0.906568
6	180	0.899678
7	47	1.30981
7	100	1.10202
7	111	1.17329
7	137	0.897185
7	140	0.89158
7	163	0.906361
7	166	0.894101
7	170	1.21649
7	172	0.896389
7	173	0.904363
7	177	0.912548
7	180	0.897473
8	37	0.826659
8	144	0.890477
8	145	0.881025
8	148	1.2312
8	152	0.928202
8	164	0.918291
8	165	1.24567
8	172	0.912701
8	176	1.14108
8	177	0.92886
8	179	1.18801
8	180	0.913785
9	63	0.776296
9	113	0.819893
9	140	0.796134
9	144	0.778719
9	146	1.61272
9	162	1.51288
9	166	0.798654
9	169	0.810232
9	172	0.800943
9	177	0.817102
9	179	1.67777
9	180	0.802027
10	30	0.811209
10	31	1.53439
10	86	0.815809
10	95	0.790744
10	96	0.787812
10	115	0.796966
10	124	0.805473
10	134	0.798526
10	141	0.821767
10	143	0.771694
10	145	1.74552
10	168	1.5277
11	44	0.883216
11	48	0.878238
11	116	1.07191
11	128	1.23922
11	148	0.900896
11	162	0.920386
11	165	0.891822
11	166	1.28287
11	168	0.894463
11	176	0.916667
11	179	0.914313
11	180	1.20056
12	1	0.835303
12	14	1.53629
12	40	0.878397
12	49	0.859559
12	64	0.947337
12	156	1.20533
12	163	0.910727
12	167	1.20167
12	172	0.900755
12	173	0.908728
12	177	0.916913
12	180	0.901839
13	82	1.31834
13	100	0.881353
13	127	1.04506
13	133	0.880448
13	144	1.27763
13	156	0.888907
13	162	0.922936
13	169	1.15105
13	170	0.894607
13	175	0.907098
13	176	0.919217
13	178	0.905433
14	12	1.53629
14	28	0.820663
14	45	0.787582
14	54	0.765495
14	75	0.795034
14	78	0.774024
14	108	0.838784
14	109	0.771216
14	120	0.839234
14	127	0.807967
14	142	1.66594
14	176	1.60033
15	5	0.857074
15	66	0.819851
15	76	0.809202
15	84	0.83666
15	93	0.816153
15	98	0.807577
15	107	1.37131
15	124	1.54295
15	136	1.49146
15	159	0.831359
15	174	0.822122
16	90	0.915767
16	100	0.871386
16	102	1.32657
16	114	1.24514
16	117	0.922608
16	150	1.05374
16	151	0.888068
16	157	0.88684
16	162	0.912969
16	173	1.17153
16	178	0.895466
16	179	0.906896
17	2	1.07992
17	117	0.920581
17	132	0.905304
17	142	0.882331
17	155	0.890269
17	158	0.903094
17	162	0.910941
17	164	1.19748
17	166	1.30054
17	170	0.882613
17	179	0.904868
17	180	1.21824
18	59	1.50281
18	103	0.78952
18	149	1.67797
18	151	0.792675
18	158	0.809729
18	168	0.791654
18	170	0.789248
18	175	0.801739
18	176	0.813858
18	177	1.61704
18	178	0.800074
18	179	0.811503
19	23	1.56546
19	52	1.13133
19	100	0.875806
19	102	1.13575
19	123	0.911881
19	130	0.959805
19	153	0.894907
19	160	0.899992
19	162	0.917388
19	165	0.888824
19	178	0.899886
19	179	0.911315
20	33	1.59787
20	90	0.82085
20	133	0.775563
20	142	0.78944
20	150	1.56848
20	151	0.79315
20	152	1.63073
20	157	0.791923
20	175	0.802214
20	176	0.814333
20	178	0.800549
20	179	0.811978
21	6	1.47241
21	72	1.59479
21	90	0.815587
21	123	0.807281
21	160	0.795391
21	167	0.786856
21	168	0.786865
21	175	0.79695
21	176	0.80907
21	178	0.795286
21	179	0.806715
21	180	1.72585
22	53	0.957325
22	59	1.01428
22	65	0.912415
22	81	0.923239
22	90	1.0371
22	92	1.10289
22	120	1.00806
22	128	0.974802
22	156	1.13067
22	164	0.987223
22	172	0.981634
22	173	0.989607
22	180	0.982718
23	19	1.56546
23	77	1.92703
23	122	0.767979
23	139	0.787977
23	140	0.774911
23	145	0.748044
23	149	0.784061
23	152	0.79522
23	162	1.70701
23	166	0.777432
23	173	0.787694
23	177	0.795879
23	180	0.780804
24	36	1.27902
24	55	0.896341
24	64	0.894326
24	87	1.30725
24	104	0.876566
24	151	1.36198
24	152	0.863244
24	164	0.853333
24	172	0.847743
24	173	0.855717
24	177	0.863902
24	179	1.26248
24	180	0.848828
25	35	0.869474
25	75	0.847004
25	107	0.879716
25	120	0.891204
25	127	0.859937
25	129	0.833879
25	135	0.861356
25	141	0.890773
25	163	1.2963
25	164	1.28736
25	172	1.30393
25	179	0.866658
25	180	1.30812
26	58	1.20372
26	91	1.37061
26	138	0.868265
26	147	0.863794
26	155	0.865901
26	157	0.860445
26	167	0.86064
26	168	0.86065
26	169	1.34555
26	173	1.2787
26	175	0.870735
26	178	0.869071
26	179	0.8805
27	38	0.926225
27	39	0.930085
27	72	0.831992
27	74	0.832393
27	79	0.8069
27	111	0.851578
27	116	0.87504
27	119	0.87504
27	130	0.870742
27	152	1.25888
27	169	1.38126
27	173	1.31442
27	179	1.24413
28	14	0.820663
28	54	0.833593
28	75	0.863132
28	89	0.887752
28	108	0.906882
28	109	0.839314
28	120	0.907332
28	127	0.876065
28	151	1.33871
28	154	0.865267
28	170	1.35124
28	174	1.32662
28	176	1.19228
29	52	0.838216
29	68	0.879233
29	86	0.89285
29	95	0.867785
29	96	0.864852
29	99	1.3156
29	105	1.46194
29	118	0.835104
29	126	0.876542
29	141	0.898808
29	154	1.23734
29	171	0.846611
29	174	1.20268
30	10	0.811209
30	47	1.35057
30	52	0.85389
30	67	0.886296
30	68	0.894907
30	83	1.2266
30	105	1.49189
30	115	0.889681
30	118	0.850779
30	129	0.857589
30	134	0.891241
30	143	0.864409
30	179	1.14521
31	10	1.53439
31	39	1.01312
31	56	0.904847
31	76	1.31313
31	108	0.88941
31	127	0.858593
31	129	1.32982
31	167	0.845455
31	169	0.861277
31	177	0.868146
31	178	0.853885
31	179	0.865314
31	180	0.853072
32	53	1.39092
32	67	0.877285
32	70	0.852949
32	86	0.899514
32	96	0.871516
32	115	0.88067
32	118	0.841768
32	129	0.848578
32	143	0.855398
32	147	1.33704
32	161	0.872323
32	176	1.21703
32	179	1.26396
33	20	1.59787
33	34	0.882213
33	60	0.81833
33	82	0.846591
33	130	0.899531
33	144	0.847713
33	152	0.885437
33	158	1.16056
33	167	1.29453
33	169	0.879226
33	172	0.869937
33	176	1.15182
33	180	0.871021
34	33	0.882213
34	35	1.34954
34	99	0.846767
34	106	0.831807
34	113	0.881385
34	117	1.24553
34	139	0.870691
34	150	0.880802
34	158	1.30987
34	163	0.872407
34	173	0.870408
34	176	1.30113
34	180	0.863519
35	25	0.869474
35	34	1.34954
35	64	1.27803
35	117	0.89534
35	133	0.843212
35	165	0.857136
35	168	0.859778
35	170	0.857372
35	172	1.31022
35	175	0.869863
35	177	1.25809
35	178	0.868198
35	179	0.879627
36	24	1.27902
36	70	1.34719
36	71	0.929202
36	147	0.854134
36	148	0.857423
36	151	0.852012
36	159	1.26492
36	160	0.859516
36	170	0.848585
36	173	1.30369
36	174	0.868876
36	178	0.859411
36	179	0.87084
37	8	0.826659
37	74	0.755361
37	100	1.80269
37	111	0.774547
37	116	0.798008
37	119	0.798008
37	134	0.778316
37	135	0.772141
37	143	0.751485
37	153	1.76039
37	162	1.64023
37	177	0.780275
37	180	0.765201
38	27	0.926225
38	72	0.92608
38	74	0.92648
38	77	0.902306
38	79	0.900988
38	85	1.03744
38	111	0.945666
38	112	0.934001
38	114	1.13867
38	116	0.969127
38	119	0.969127
38	145	1.264
38	163	1.07902
38	174	1.08219
39	27	0.930085
39	31	1.01312
39	63	1.26393
39	72	0.92994
39	74	0.93034
39	77	0.906166
39	79	0.904848
39	110	0.903121
39	111	0.949526
39	114	1.09892
39	116	0.972987
39	119	0.972987
39	154	1.0771
39	171	1.15275
40	12	0.878397
40	53	0.803492
40	55	0.876398
40	97	1.4117
40	113	0.846751
40	128	0.820969
40	137	0.828596
40	157	1.3725
40	164	0.83339
40	167	1.44656
40	174	0.839163
40	177	0.843959
40	178	1.37679
40	180	0.828885
41	54	1.54006
41	92	0.845385
41	97	0.844378
41	104	1.34207
41	148	0.83663
41	153	0.833639
41	157	0.829992
41	159	1.35015
41	160	0.838723
41	161	0.841013
41	170	0.827792
41	176	0.852402
41	177	1.35837
41	179	0.850047
42	88	0.85779
42	95	0.838441
42	115	0.844662
42	124	0.85317
42	125	1.4015
42	126	0.847198
42	129	0.812571
42	135	0.840047
42	141	0.869464
42	143	0.819391
42	154	1.44555
42	163	1.40771
42	171	0.817267
42	178	1.34949
43	114	0.84667
43	124	0.851079
43	146	1.35406
43	149	0.834272
43	150	0.848299
43	157	1.44083
43	161	1.43753
43	164	0.83552
43	169	0.83922
43	172	0.829931
43	173	0.837905
43	176	1.37218
43	177	0.84609
43	180	0.831015
44	11	0.883216
44	112	0.831154
44	131	1.30258
44	137	1.35238
44	138	0.833479
44	142	0.823177
44	144	1.58628
44	157	0.825659
44	159	1.35409
44	162	0.851787
44	170	0.823459
44	176	0.848069
44	178	0.834285
44	179	0.845714
45	14	0.787582
45	54	0.800513
45	56	0.889238
45	75	0.830052
45	89	0.854672
45	108	0.873802
45	109	0.806233
45	120	0.874252
45	127	0.842985
45	132	1.36748
45	145	1.51784
45	161	0.840672
45	169	1.38574
45	174	1.33603
46	93	0.846083
46	95	0.847107
46	98	0.837507
46	118	0.814426
46	133	0.8176
46	135	0.848713
46	146	0.848343
46	150	1.30857
46	163	1.44032
46	167	0.834156
46	174	0.852051
46	177	1.39582
46	179	0.854015
46	180	1.45215
47	7	1.30981
47	30	1.35057
47	92	0.851317
47	94	1.44608
47	133	0.819564
47	146	0.850307
47	147	0.839273
47	155	0.84138
47	156	0.828024
47	165	0.833488
47	167	0.83612
47	173	1.49251
47	178	0.84455
47	179	0.855979
48	11	0.878238
48	57	0.868145
48	65	1.57376
48	68	1.15486
48	80	1.414
48	123	0.841303
48	144	1.45357
48	148	0.82732
48	153	0.824328
48	167	0.820877
48	174	0.838773
48	175	0.830972
48	178	0.829307
48	179	0.840737
49	12	0.859559
49	66	0.943397
49	75	0.927977
49	82	1.27494
49	89	0.952597
49	98	0.931123
49	109	0.904159
49	122	1.17159
49	144	1.23423
49	156	0.919676
49	163	1.05477
49	167	0.927772
49	174	0.945667
49	179	0.947631
50	70	0.81274
50	86	0.859305
50	88	0.853589
50	115	0.840461
50	124	0.848969
50	126	0.842997
50	141	0.865263
50	143	0.81519
50	149	1.40072
50	151	1.39956
50	154	1.42213
50	159	0.848422
50	171	0.813065
50	174	1.38747
51	119	1.25229
51	123	0.852175
51	136	1.43189
51	151	0.832781
51	156	0.823654
51	160	0.840285
51	163	1.46244
51	167	0.83175
51	168	0.831759
51	173	1.44849
51	175	0.841844
51	176	0.853964
51	178	0.84018
51	179	0.851609
52	19	1.13133
52	29	0.838216
52	30	0.85389
52	88	0.852775
52	115	0.839647
52	124	0.848155
52	134	0.841208
52	135	0.835032
52	141	0.864449
52	143	0.814376
52	150	1.39027
52	154	1.55986
52	171	0.812252
52	174	1.5252
53	22	0.957325
53	32	1.39092
53	40	0.803492
53	86	1.34465
53	96	1.37541
53	109	0.795703
53	118	1.48153
53	120	0.863722
53	127	0.832455
53	151	0.820348
53	167	0.819317
53	176	0.84153
53	179	0.839176
53	180	0.826933
54	14	0.765495
54	28	0.833593
54	41	1.54006
54	45	0.800513
54	56	0.867151
54	69	1.52364
54	75	0.807964
54	102	0.797779
54	108	0.851714
54	109	0.784146
54	120	0.852164
54	123	1.45709
54	127	0.820897
54	161	0.818585
54	168	1.4897
55	24	0.896341
55	40	0.876398
55	58	0.931974
55	70	0.883674
55	73	1.30186
55	101	1.08549
55	104	0.927579
55	128	0.891924
55	139	0.907012
55	144	0.876532
55	146	1.13887
55	147	1.27701
55	163	0.908728
55	179	1.20392
55	180	0.89984
56	31	0.904847
56	45	0.889238
56	54	0.867151
56	70	0.887936
56	83	1.17279
56	89	0.92131
56	97	1.15233
56	109	0.872871
56	120	0.94089
56	124	1.19659
56	127	0.909623
56	132	1.21028
56	154	0.898825
56	161	0.90731
56	171	1.28914
57	48	0.868145
57	71	0.962582
57	78	1.35317
57	90	0.913091
57	108	1.08621
57	130	1.17945
57	142	0.881682
57	152	1.14481
57	156	0.876264
57	162	0.910292
57	167	0.88436
57	176	0.906574
57	178	0.89279
57	179	0.904219
57	180	1.22613
58	26	1.20372
58	55	0.931974
58	84	1.18123
58	90	1.21803
58	96	1.24375
58	131	0.91574
58	146	1.14712
58	150	0.901744
58	152	0.898877
58	159	0.903977
58	164	0.888966
58	172	0.883376
58	173	0.89135
58	177	0.899535
58	180	0.884461
59	18	1.50281
59	22	1.01428
59	80	0.866019
59	104	0.911625
59	121	0.870376
59	137	0.883598
59	147	1.21546
59	155	1.21497
59	162	0.977478
59	164	0.888391
59	169	0.892091
59	173	0.890776
59	176	1.09544
59	177	0.898961
59	180	0.883886
60	2	0.861507
60	5	1.30468
60	33	0.81833
60	64	0.845133
60	91	0.808896
60	100	1.53899
60	104	0.827374
60	131	0.830914
60	137	0.799347
60	142	1.56011
60	152	0.814051
60	165	1.59909
60	166	0.796263
60	172	0.798551
60	180	0.799635
61	85	1.4805
61	97	0.824887
61	102	1.66316
61	119	1.31193
61	133	0.794141
61	148	0.817139
61	149	1.5385
61	151	0.811728
61	153	0.814148
61	155	0.815957
61	160	0.819232
61	168	0.810707
61	174	0.828592
61	176	0.832911
61	179	0.830556
62	64	1.16402
62	81	0.934172
62	101	0.934862
62	107	0.91635
62	125	1.18236
62	141	1.13522
62	142	0.880754
62	144	1.36804
62	157	0.883237
62	160	0.891968
62	165	0.880801
62	170	0.881037
62	175	0.893528
62	177	1.14408
62	179	0.903292
63	3	0.768131
63	9	0.776296
63	39	1.26393
63	105	0.794307
63	125	0.843004
63	136	0.82355
63	137	0.826308
63	138	1.53933
63	149	0.829853
63	151	1.62528
63	163	0.835484
63	168	1.57718
63	169	0.834801
63	177	0.841671
63	180	0.826596
64	12	0.947337
64	24	0.894326
64	35	1.27803
64	60	0.845133
64	62	1.16402
64	112	0.895506
64	117	1.17402
64	125	0.914233
64	136	0.894779
64	140	0.891932
64	162	1.11166
64	169	0.90603
64	177	0.912899
64	179	1.27655
64	180	0.897825
65	22	0.912415
65	48	1.57376
65	75	1.55655
65	113	0.799889
65	114	0.797679
65	129	1.65563
65	139	0.789196
65	152	0.79644
65	160	1.61239
65	164	0.786529
65	166	0.778651
65	169	0.790228
65	172	0.780939
65	173	0.788913
65	177	0.797098
65	180	0.782024
66	5	0.905566
66	15	0.819851
66	49	0.943397
66	76	0.857694
66	84	0.885151
66	93	0.864645
66	98	0.856069
66	102	0.842738
66	105	1.46452
66	112	1.20945
66	126	0.874426
66	132	1.23672
66	134	1.19079
66	159	0.879851
66	171	1.31557
66	174	0.870613
67	30	0.886296
67	32	0.877285
67	86	0.890897
67	95	0.865832
67	96	0.862899
67	101	1.17656
67	115	0.872053
67	130	0.889007
67	135	0.867438
67	141	0.896855
67	143	0.846782
67	150	1.24748
67	153	1.25025
67	171	0.844657
67	177	1.33473
67	180	1.39106
68	29	0.879233
68	30	0.894907
68	48	1.15486
68	69	0.864024
68	88	0.893792
68	95	0.874443
68	99	1.3822
68	118	0.841763
68	122	1.38292
68	126	0.8832
68	129	0.848573
68	135	0.876049
68	143	0.855393
68	155	1.25446
68	159	0.888625
68	168	1.23327
69	54	1.52364
69	68	0.864024
69	72	1.26723
69	93	1.32068
69	98	1.33879
69	127	1.33336
69	129	0.826706
69	132	0.85992
69	141	0.883599
69	142	0.836946
69	143	0.833526
69	169	0.855447
69	170	0.837229
69	172	0.846158
69	175	0.84972
69	179	0.859484
69	180	0.847242
70	32	0.852949
70	36	1.34719
70	50	0.81274
70	55	0.883674
70	56	0.887936
70	87	1.37543
70	89	0.853369
70	92	1.40231
70	108	0.872499
70	113	0.854027
70	127	0.841682
70	135	0.843101
70	143	0.822445
70	149	0.839418
70	158	1.29247
70	175	1.39127
70	180	0.836161
71	36	0.929202
71	57	0.962582
71	74	1.1133
71	90	0.944045
71	141	1.03741
71	144	1.27023
71	156	0.907218
71	159	1.03805
71	165	0.912683
71	166	1.1849
71	168	0.915324
71	169	1.14366
71	171	0.907091
71	175	0.925409
71	176	0.937528
71	178	0.923744
71	179	0.935173
72	21	1.59479
72	27	0.831992
72	38	0.92608
72	39	0.92994
72	69	1.26723
72	77	0.808073
72	79	0.806755
72	99	0.825334
72	106	0.810375
72	110	0.805028
72	111	0.851433
72	116	0.874894
72	119	0.874894
72	132	1.30075
72	134	0.855202
72	171	1.3796
72	174	1.26929
73	55	1.30186
73	86	1.31563
73	100	0.82957
73	103	0.843096
73	113	1.40761
73	138	0.852844
73	139	1.37787
73	146	0.859407
73	153	0.848671
73	156	0.837124
73	164	1.39011
73	165	0.842588
73	167	0.84522
73	175	0.855315
73	176	0.867434
73	178	0.85365
73	179	0.865079
74	27	0.832393
74	37	0.755361
74	38	0.92648
74	39	0.93034
74	71	1.1133
74	77	0.808473
74	79	0.807155
74	83	1.40502
74	106	0.810776
74	111	0.851833
74	116	0.875295
74	119	0.875295
74	124	1.42881
74	130	0.870997
74	134	0.855603
74	154	1.44571
74	180	1.4197
75	14	0.795034
75	25	0.847004
75	28	0.863132
75	45	0.830052
75	49	0.927977
75	54	0.807964
75	65	1.55655
75	89	0.862123
75	106	1.43295
75	108	0.881253
75	109	0.813685
75	120	0.881703
75	127	0.850436
75	138	1.18621
75	154	0.839638
75	163	1.25689
75	171	1.37038
76	5	0.894916
76	15	0.809202
76	31	1.31313
76	66	0.857694
76	78	0.821264
76	84	0.874502
76	93	0.853995
76	98	0.84542
76	102	0.832089
76	106	0.817974
76	124	1.36022
76	126	0.863777
76	136	1.30873
76	154	1.37712
76	159	0.869202
76	171	1.45277
76	174	0.859964
77	23	1.92703
77	38	0.902306
77	39	0.906166
77	72	0.808073
77	74	0.808473
77	79	0.782981
77	106	0.786602
77	110	0.781255
77	111	0.827659
77	112	0.815994
77	116	0.851121
77	119	0.851121
77	130	0.846823
77	134	0.831429
77	137	1.30179
77	138	1.28555
77	174	1.35941
77	175	1.33261
78	14	0.774024
78	57	1.35317
78	76	0.821264
78	79	0.788573
78	84	0.848722
78	89	0.841113
78	93	0.828215
78	94	1.46384
78	111	0.833251
78	116	0.856712
78	119	0.856712
78	120	0.860693
78	127	0.829426
78	153	1.39524
78	161	0.827113
78	170	1.55201
78	174	0.834183
78	179	1.43998
79	27	0.8069
79	38	0.900988
79	39	0.904848
79	72	0.806755
79	74	0.807155
79	77	0.782981
79	78	0.788573
79	99	0.800242
79	101	1.32037
79	111	0.826341
79	116	0.849802
79	119	0.849802
79	130	0.845505
79	134	0.83011
79	157	1.46052
79	158	1.40061
79	171	1.63653
79	176	1.39187
80	48	1.414
80	59	0.866019
80	94	0.840242
80	121	0.82095
80	122	0.821635
80	127	1.47214
80	138	1.45456
80	140	0.828566
80	144	0.811151
80	145	0.801699
80	166	0.831087
80	169	0.842664
80	171	0.818619
80	172	0.833375
80	176	1.39407
80	177	0.849534
80	178	1.46701
80	180	0.834459
81	22	0.923239
81	62	0.934172
81	106	1.36917
81	123	0.908257
81	140	1.25991
81	147	0.890985
81	157	0.887636
81	158	0.905916
81	166	1.28724
81	167	0.887832
81	168	0.887842
81	170	0.885436
81	175	0.897927
81	176	0.910046
81	177	1.14861
81	178	0.896262
81	179	0.907691
81	180	1.20493
82	13	1.31834
82	33	0.846591
82	49	1.27494
82	94	0.833679
82	121	0.814387
82	125	0.844305
82	145	0.795136
82	147	1.59437
82	152	0.842313
82	154	0.82262
82	157	1.543
82	164	0.832402
82	169	0.836101
82	172	0.826812
82	173	0.834786
82	176	1.47435
82	177	0.842971
82	180	0.827897
83	30	1.2266
83	56	1.17279
83	74	1.40502
83	84	0.897965
83	88	1.2249
83	93	0.877458
83	98	0.868883
83	116	1.26567
83	135	1.29578
83	136	0.870103
83	146	0.879719
83	153	0.868982
83	158	0.883616
83	171	0.857308
83	173	0.880038
83	174	0.883427
83	178	0.873962
83	179	0.885391
83	180	0.873148
84	5	0.922374
84	15	0.83666
84	58	1.18123
84	66	0.885151
84	76	0.874502
84	78	0.848722
84	83	0.897965
84	93	0.881453
84	98	0.872878
84	102	0.859546
84	106	0.845432
84	126	0.891235
84	132	1.3048
84	139	1.249
84	154	1.30801
84	159	0.89666
84	171	1.38366
84	174	0.887422
84	179	1.18593
85	38	1.03744
85	61	1.4805
85	90	1.26539
85	123	1.27833
85	124	0.892249
85	136	0.869139
85	137	0.871897
85	140	0.866292
85	149	0.875442
85	150	0.889469
85	164	0.87669
85	166	0.868813
85	169	0.88039
85	172	0.871101
85	173	0.879075
85	177	0.88726
85	178	1.28555
85	179	1.25953
85	180	0.872185
86	10	0.815809
86	29	0.89285
86	32	0.899514
86	50	0.859305
86	53	1.34465
86	67	0.890897
86	73	1.31563
86	96	0.885128
86	99	1.41803
86	115	0.894282
86	118	0.85538
86	129	0.86219
86	135	0.889667
86	141	0.919083
86	143	0.86901
86	152	1.23244
86	162	1.0528
86	171	0.866886
86	178	1.24371
87	2	1.21939
87	6	1.10426
87	24	1.30725
87	70	1.37543
87	88	1.18829
87	147	0.873199
87	151	0.871077
87	153	0.873496
87	158	0.88813
87	160	0.878581
87	165	0.867413
87	168	0.870055
87	169	1.39877
87	170	0.867649
87	171	0.861822
87	174	0.887941
87	176	0.892259
87	178	0.878475
87	179	0.889904
88	42	0.85779
88	50	0.853589
88	52	0.852775
88	68	0.893792
88	83	1.2249
88	87	1.18829
88	95	0.882344
88	96	0.879412
88	105	1.4902
88	112	1.23512
88	129	0.856474
88	130	0.90552
88	135	0.88395
88	141	0.913367
88	143	0.863294
88	149	1.24419
88	159	0.896526
88	171	0.86117
88	174	1.23094
89	28	0.887752
89	45	0.854672
89	49	0.952597
89	56	0.92131
89	70	0.853369
89	75	0.862123
89	78	0.841113
89	99	1.34465
89	105	0.837246
89	108	0.905874
89	109	0.838305
89	110	1.35576
89	112	1.23592
89	120	0.906324
89	124	1.2495
89	127	0.875056
89	154	0.864258
89	174	1.23174
89	175	1.20493
90	16	0.915767
90	20	0.82085
90	21	0.815587
90	22	1.0371
90	57	0.913091
90	58	1.21803
90	71	0.944045
90	85	1.26539
90	97	0.880014
90	123	0.886249
90	125	1.30075
90	133	0.849268
90	138	0.873448
90	140	1.37377
90	166	1.4011
90	167	0.865824
90	175	0.875919
90	178	0.874254
90	179	0.885683
91	6	0.908939
91	26	1.37061
91	60	0.808896
91	100	1.37663
91	106	0.829876
91	121	0.848077
91	128	0.853671
91	136	0.858541
91	137	0.861299
91	140	0.855694
91	144	0.838279
91	153	1.33432
91	162	1.21417
91	163	0.870475
91	166	0.858214
91	169	0.869792
91	176	1.33213
91	177	0.876662
91	179	1.37906
91	180	0.861587
92	22	1.10289
92	41	0.845385
92	47	0.851317
92	70	1.40231
92	103	0.850166
92	112	0.857588
92	114	1.43242
92	123	0.872715
92	131	1.26852
92	142	0.849611
92	153	0.855741
92	158	0.870374
92	164	1.36383
92	165	0.849658
92	168	0.8523
92	169	1.42565
92	170	0.849894
92	175	0.862384
92	178	0.86072
92	179	0.872149
93	5	0.901867
93	15	0.816153
93	46	0.846083
93	66	0.864645
93	69	1.32068
93	76	0.853995
93	78	0.828215
93	83	0.877458
93	84	0.881453
93	98	0.852371
93	102	0.83904
93	106	0.824925
93	121	1.42008
93	124	1.34051
93	126	0.870728
93	159	0.876153
93	171	1.43306
93	174	0.866915
93	178	1.26134
93	179	1.23533
94	47	1.44608
94	78	1.46384
94	80	0.840242
94	82	0.833679
94	113	0.875975
94	115	1.23907
94	122	0.845284
94	128	0.850193
94	130	0.886619
94	140	0.852216
94	144	0.834801
94	149	0.861366
94	161	1.25915
94	169	0.866314
94	170	1.35276
94	172	0.857024
94	173	0.864998
94	177	0.873183
94	179	1.24073
94	180	0.858109
95	10	0.790744
95	29	0.867785
95	42	0.838441
95	46	0.847107
95	67	0.865832
95	68	0.874443
95	88	0.882344
95	110	1.46085
95	115	0.869217
95	118	0.830315
95	128	1.38414
95	132	0.870339
95	135	0.864601
95	141	0.894018
95	143	0.843945
95	152	1.26417
95	160	1.26104
95	161	0.86087
95	168	1.30082
95	174	1.33684
96	10	0.787812
96	29	0.864852
96	32	0.871516
96	53	1.37541
96	58	1.24375
96	67	0.862899
96	86	0.885128
96	88	0.879412
96	110	1.45989
96	115	0.866284
96	118	0.827382
96	123	1.26725
96	125	1.32647
96	126	0.86882
96	129	0.834192
96	135	0.861669
96	141	0.891086
96	143	0.841013
96	161	0.857937
96	174	1.33587
97	40	1.4117
97	41	0.844378
97	56	1.15233
97	61	0.824887
97	90	0.880014
97	118	1.41549
97	123	0.871709
97	130	1.32717
97	146	0.865471
97	147	0.854437
97	153	0.854734
97	155	0.856543
97	156	0.843187
97	160	0.859819
97	168	0.851293
97	170	0.848887
97	172	1.36966
97	176	0.873497
97	177	1.31753
97	179	0.871143
98	5	0.893292
98	15	0.807577
98	46	0.837507
98	49	0.931123
98	66	0.856069
98	69	1.33879
98	76	0.84542
98	83	0.868883
98	84	0.872878
98	93	0.852371
98	102	0.830464
98	106	0.816349
98	112	1.34505
98	126	0.862152
98	159	0.867577
98	161	1.27187
98	171	1.45117
98	173	1.32373
98	174	0.858339
98	178	1.27946
99	29	1.3156
99	34	0.846767
99	68	1.3822
99	72	0.825334
99	79	0.800242
99	86	1.41803
99	89	1.34465
99	108	1.37335
99	109	1.55798
99	111	0.84492
99	116	0.868382
99	119	0.868382
99	144	0.812266
99	162	0.85389
99	163	0.844462
99	164	0.84008
99	165	0.825326
99	176	0.850171
99	178	0.836387
99	179	0.847817
99	180	0.835574
100	7	1.10202
100	13	0.881353
100	16	0.871386
100	19	0.875806
100	37	1.80269
100	60	1.53899
100	73	0.82957
100	91	1.37663
100	103	0.819319
100	107	0.85436
100	123	0.841868
100	126	1.29274
100	146	0.83563
100	151	0.822474
100	156	0.813347
100	157	0.821247
100	165	0.818811
100	173	1.28472
100	176	0.843657
100	178	0.829873
100	179	0.841302
101	55	1.08549
101	62	0.934862
101	67	1.17656
101	79	1.32037
101	102	1.32376
101	123	0.908947
101	133	0.871967
101	138	0.896146
101	146	0.902709
101	153	0.891973
101	155	0.893782
101	160	0.897058
101	161	0.899348
101	163	1.18268
101	167	0.888522
101	173	1.16872
101	175	0.898617
101	176	0.910736
101	177	1.13818
101	178	0.896952
101	179	0.908381
102	16	1.32657
102	19	1.13575
102	54	0.797779
102	61	1.66316
102	66	0.842738
102	76	0.832089
102	84	0.859546
102	93	0.83904
102	98	0.830464
102	101	1.32376
102	108	0.871068
102	109	0.8035
102	120	0.871518
102	126	0.848821
102	127	0.840251
102	148	1.48539
102	172	0.833645
102	174	0.845008
102	177	0.849804
102	178	1.46821
102	180	0.83473
103	18	0.78952
103	73	0.843096
103	92	0.850166
103	100	0.819319
103	130	1.41235
103	139	1.42604
103	146	0.849156
103	148	0.841411
103	150	1.31546
103	152	1.37772
103	153	0.83842
103	155	0.840229
103	162	0.860901
103	165	0.832337
103	167	0.834969
103	175	0.845064
103	176	0.857183
103	177	1.40271
103	178	0.843399
103	179	0.854828
103	180	1.45904
104	1	0.813529
104	24	0.876566
104	41	1.34207
104	55	0.927579
104	59	0.911625
104	60	0.827374
104	122	0.867241
104	139	0.887238
104	149	0.883322
104	150	0.897349
104	153	1.19556
104	160	1.25193
104	161	1.25873
104	166	0.876693
104	172	0.878981
104	173	0.886955
104	174	0.890344
104	175	1.30092
104	176	1.19337
104	177	0.89514
104	178	1.26632
104	180	0.880065
105	5	1.3268
105	29	1.46194
105	30	1.49189
105	63	0.794307
105	66	1.46452
105	88	1.4902
105	89	0.837246
105	108	0.856376
105	109	0.788807
105	115	1.56189
105	120	0.856826
105	127	0.825559
105	150	0.837321
105	157	0.812224
105	158	0.830505
105	165	0.809789
105	170	0.810024
105	172	0.818953
105	176	0.834634
105	177	0.835112
105	179	0.83228
105	180	0.820037
106	34	0.831807
106	72	0.810375
106	74	0.810776
106	75	1.43295
106	76	0.817974
106	77	0.786602
106	81	1.36917
106	84	0.845432
106	91	0.829876
106	93	0.824925
106	98	0.816349
106	111	0.829961
106	116	0.853423
106	119	0.853423
106	137	0.820327
106	160	1.48879
106	165	1.53483
106	166	0.817243
106	174	0.830894
106	178	1.50318
106	179	1.47717
106	180	0.820615
107	15	1.37131
107	25	0.879716
107	62	0.91635
107	100	0.85436
107	112	0.875309
107	126	1.22872
107	138	0.877635
107	148	0.876453
107	149	1.25108
107	155	0.875271
107	158	0.888095
107	160	0.878546
107	163	1.23465
107	167	0.87001
107	170	0.867614
107	172	1.24228
107	173	1.22069
107	175	0.880105
107	176	0.892224
107	178	0.878441
107	179	0.88987
107	180	1.24648
108	14	0.838784
108	28	0.906882
108	31	0.88941
108	45	0.873802
108	54	0.851714
108	57	1.08621
108	70	0.872499
108	75	0.881253
108	89	0.905874
108	99	1.37335
108	102	0.871068
108	105	0.856376
108	109	0.857435
108	120	0.925454
108	127	0.894186
108	132	1.29189
108	154	0.883388
108	161	0.891874
108	171	1.37074
108	174	1.26044
108	175	1.23363
108	178	1.19903
109	14	0.771216
109	28	0.839314
109	45	0.806233
109	49	0.904159
109	53	0.795703
109	54	0.784146
109	56	0.872871
109	75	0.813685
109	89	0.838305
109	99	1.55798
109	102	0.8035
109	105	0.788807
109	108	0.857435
109	120	0.857885
109	127	0.826618
109	132	1.47651
109	151	1.45714
109	154	0.81582
109	161	0.824305
109	171	1.55537
109	176	1.31071
109	180	1.45371
110	39	0.903121
110	72	0.805028
110	77	0.781255
110	89	1.35576
110	95	1.46085
110	96	1.45989
110	116	0.848076
110	117	0.843223
110	119	0.848076
110	121	0.801759
110	123	0.828077
110	129	1.48317
110	131	0.846547
110	133	0.791096
110	135	1.42584
110	138	0.815275
110	143	1.60929
110	152	0.829684
110	164	0.819773
110	168	0.807661
110	178	0.816081
110	180	0.815268
111	7	1.17329
111	27	0.851578
111	37	0.774547
111	38	0.945666
111	39	0.949526
111	72	0.851433
111	74	0.851833
111	77	0.827659
111	78	0.833251
111	79	0.826341
111	99	0.84492
111	106	0.829961
111	112	0.859354
111	116	0.89448
111	117	1.18317
111	119	0.89448
111	130	0.890183
111	134	0.874788
111	138	1.29926
111	154	1.40778
111	171	1.48343
111	172	1.37757
111	179	1.2857
112	38	0.934001
112	44	0.831154
112	64	0.895506
112	66	1.20945
112	77	0.815994
112	88	1.23512
112	89	1.23592
112	92	0.857588
112	98	1.34505
112	107	0.875309
112	111	0.859354
112	116	0.882816
112	119	0.882816
112	121	0.836498
112	127	1.33961
112	141	1.33935
112	143	1.48945
112	162	0.868323
112	163	0.858896
112	171	0.834168
112	175	0.852486
112	177	0.865083
112	180	0.850008
113	9	0.819893
113	34	0.881385
113	40	0.846751
113	65	0.799889
113	70	0.854027
113	73	1.40761
113	94	0.875975
113	122	0.857368
113	128	0.862276
113	131	0.901472
113	145	0.837432
113	150	0.887476
113	157	1.33139
113	160	1.3213
113	162	1.14478
113	163	0.87908
113	164	0.874698
113	166	0.86682
113	167	1.40545
113	176	1.26275
113	177	0.885267
113	178	1.33569
113	180	0.870193
114	16	1.24514
114	38	1.13867
114	39	1.09892
114	43	0.84667
114	65	0.797679
114	92	1.43242
114	122	0.855157
114	131	0.899261
114	133	1.47606
114	136	0.864936
114	137	0.867693
114	139	0.875154
114	145	0.835221
114	155	1.43336
114	161	1.37919
114	164	0.872487
114	166	0.864609
114	169	0.876186
114	171	0.852142
114	172	0.866897
114	173	0.874871
114	177	0.883056
114	180	0.867982
115	10	0.796966
115	30	0.889681
115	32	0.88067
115	42	0.844662
115	50	0.840461
115	52	0.839647
115	67	0.872053
115	86	0.894282
115	94	1.23907
115	95	0.869217
115	96	0.866284
115	105	1.56189
115	118	0.836536
115	129	0.843346
115	130	0.892392
115	141	0.900239
115	143	0.850166
115	147	1.28829
115	159	0.883398
115	170	1.32725
115	174	1.30263
115	175	1.27582
115	179	1.21521
116	11	1.07191
116	27	0.87504
116	37	0.798008
116	38	0.969127
116	39	0.972987
116	72	0.874894
116	74	0.875295
116	77	0.851121
116	78	0.856712
116	79	0.849802
116	83	1.26567
116	99	0.868382
116	106	0.853423
116	110	0.848076
116	111	0.89448
116	112	0.882816
116	119	0.917942
116	126	1.2626
116	130	0.913644
116	134	0.89825
116	149	1.28495
116	154	1.30636
116	155	1.25688
116	164	1.25959
116	170	1.29632
117	3	1.55659
117	16	0.922608
117	17	0.920581
117	34	1.24553
117	35	0.89534
117	64	1.17402
117	110	0.843223
117	111	1.18317
117	128	1.24906
117	133	0.856109
117	138	0.880289
117	149	1.215
117	153	0.876115
117	155	0.877924
117	156	0.864568
117	157	0.872468
117	158	0.890749
117	162	0.898597
117	164	1.18965
117	165	0.870033
117	167	0.872664
117	173	1.18462
117	175	0.882759
117	176	0.894878
117	178	0.881094
118	29	0.835104
118	30	0.850779
118	32	0.841768
118	46	0.814426
118	53	1.48153
118	68	0.841763
118	86	0.85538
118	95	0.830315
118	96	0.827382
118	97	1.41549
118	115	0.836536
118	122	1.55563
118	129	0.804444
118	132	0.837658
118	134	0.838096
118	135	0.831921
118	137	1.38437
118	141	0.861338
118	142	1.37325
118	143	0.811265
118	159	0.844497
118	161	0.828189
118	165	1.41223
118	171	0.80914
118	178	1.38058
119	1	1.53679
119	27	0.87504
119	37	0.798008
119	38	0.969127
119	39	0.972987
119	51	1.25229
119	61	1.31193
119	72	0.874894
119	74	0.875295
119	77	0.851121
119	78	0.856712
119	79	0.849802
119	99	0.868382
119	106	0.853423
119	110	0.848076
119	111	0.89448
119	112	0.882816
119	116	0.917942
119	124	1.19614
119	130	0.913644
119	134	0.89825
119	154	1.21304
119	159	1.12248
119	171	1.28869
119	179	1.09096
120	14	0.839234
120	22	1.00806
120	25	0.891204
120	28	0.907332
120	45	0.874252
120	53	0.863722
120	54	0.852164
120	56	0.94089
120	75	0.881703
120	78	0.860693
120	89	0.906324
120	102	0.871518
120	105	0.856826
120	108	0.925454
120	109	0.857885
120	127	0.894636
120	132	1.31256
120	133	1.30898
120	141	1.22457
120	154	0.883838
120	161	0.892324
120	165	1.25135
120	171	1.39142
120	174	1.28111
120	177	1.23343
121	3	0.780352
121	59	0.870376
121	80	0.82095
121	82	0.814387
121	91	0.848077
121	93	1.42008
121	110	0.801759
121	112	0.836498
121	122	0.825992
121	128	0.830901
121	145	0.806056
121	147	1.4747
121	155	1.47422
121	158	1.36343
121	159	0.858333
121	160	1.41325
121	163	0.847705
121	166	0.835444
121	169	0.847022
121	172	0.837733
121	173	0.845706
121	175	1.46224
121	177	0.853891
121	179	1.40162
121	180	0.838817
122	3	0.781037
122	23	0.767979
122	49	1.17159
122	68	1.38292
122	80	0.821635
122	94	0.845284
122	104	0.867241
122	113	0.857368
122	114	0.855157
122	118	1.55563
122	121	0.825992
122	125	0.85591
122	136	0.836456
122	139	0.846674
122	144	0.816194
122	145	0.806741
122	151	1.51743
122	155	1.49052
122	156	1.51736
122	166	0.836129
122	169	0.847707
122	172	0.838418
122	176	1.37099
122	177	0.854576
122	180	0.839502
123	6	1.07829
123	19	0.911881
123	21	0.807281
123	48	0.841303
123	51	0.852175
123	54	1.45709
123	81	0.908257
123	85	1.27833
123	90	0.886249
123	92	0.872715
123	96	1.26725
123	97	0.871709
123	100	0.841868
123	101	0.908947
123	110	0.828077
123	139	1.29873
123	153	0.860969
123	155	0.862778
123	164	1.31097
123	169	1.37279
123	170	0.855122
123	175	0.867613
123	176	0.879732
123	178	0.865948
123	179	0.877377
123	180	1.33173
124	3	0.813925
124	5	1.0853
124	10	0.805473
124	15	1.54295
124	42	0.85317
124	43	0.851079
124	50	0.848969
124	52	0.848155
124	56	1.19659
124	74	1.42881
124	76	1.36022
124	85	0.892249
124	89	1.2495
124	93	1.34051
124	119	1.19614
124	141	0.908747
124	148	0.871215
124	151	0.865805
124	152	0.886806
124	159	0.891906
124	165	0.862141
124	174	0.882669
124	177	0.887465
124	178	0.873203
124	179	0.884632
124	180	0.87239
125	1	0.802199
125	42	1.4015
125	62	1.18236
125	63	0.843004
125	64	0.914233
125	82	0.844305
125	90	1.30075
125	96	1.32647
125	122	0.85591
125	130	0.897245
125	132	0.881413
125	136	0.865689
125	140	0.862842
125	144	0.845427
125	146	1.22984
125	149	0.871992
125	151	1.39439
125	158	1.2567
125	161	1.31331
125	163	0.877623
125	166	0.865362
125	169	0.87694
125	172	0.86765
125	173	0.875624
125	177	0.883809
125	180	0.868735
126	29	0.876542
126	42	0.847198
126	50	0.842997
126	66	0.874426
126	68	0.8832
126	76	0.863777
126	84	0.891235
126	93	0.870728
126	96	0.86882
126	98	0.862152
126	100	1.29274
126	102	0.848821
126	107	1.22872
126	116	1.2626
126	129	0.845882
126	150	0.883702
126	165	1.35283
126	168	1.34658
126	171	0.850578
126	172	0.865334
126	174	0.876697
126	175	1.35579
126	176	1.24825
126	177	0.881493
126	178	1.32119
126	180	0.866418
127	13	1.04506
127	14	0.807967
127	25	0.859937
127	28	0.876065
127	31	0.858593
127	45	0.842985
127	53	0.832455
127	54	0.820897
127	56	0.909623
127	69	1.33336
127	70	0.841682
127	75	0.850436
127	78	0.829426
127	80	1.47214
127	89	0.875056
127	102	0.840251
127	105	0.825559
127	108	0.894186
127	109	0.826618
127	112	1.33961
127	120	0.894636
127	145	1.51724
127	154	0.852571
127	161	0.861056
127	171	1.44573
127	173	1.31829
127	174	1.33543
128	11	1.23922
128	22	0.974802
128	40	0.820969
128	55	0.891924
128	91	0.853671
128	94	0.850193
128	95	1.38414
128	113	0.862276
128	117	1.24906
128	121	0.830901
128	133	1.46688
128	139	0.851583
128	140	0.838517
128	144	0.821103
128	145	0.81165
128	146	1.28653
128	150	0.861694
128	156	1.45102
128	163	0.853298
128	166	0.841038
128	169	0.852615
128	171	0.82857
128	173	0.8513
128	177	0.859485
128	178	1.3776
128	179	1.35159
128	180	0.844411
129	25	0.833879
129	30	0.857589
129	31	1.32982
129	32	0.848578
129	42	0.812571
129	65	1.65563
129	68	0.848573
129	69	0.826706
129	86	0.86219
129	88	0.856474
129	96	0.834192
129	110	1.48317
129	115	0.843346
129	118	0.804444
129	126	0.845882
129	130	0.8603
129	132	0.844468
129	134	0.844906
129	135	0.838731
129	138	1.28528
129	141	0.868148
129	143	0.818075
129	144	1.53543
129	146	1.20668
129	161	0.834999
129	164	1.34704
129	171	0.81595
129	174	1.35915
130	4	1.09593
130	19	0.959805
130	27	0.870742
130	33	0.899531
130	57	1.17945
130	67	0.889007
130	74	0.870997
130	77	0.846823
130	79	0.845505
130	88	0.90552
130	94	0.886619
130	97	1.32717
130	103	1.41235
130	111	0.890183
130	115	0.892392
130	116	0.913644
130	119	0.913644
130	125	0.897245
130	129	0.8603
130	135	0.887777
130	158	1.22806
130	161	0.884045
130	165	1.32391
130	166	0.877464
130	167	1.36203
130	168	1.31766
130	173	0.887726
130	180	0.880837
131	4	1.02655
131	44	1.30258
131	58	0.91574
131	60	0.830914
131	92	1.26852
131	110	0.846547
131	113	0.901472
131	114	0.899261
131	134	0.896721
131	136	0.88056
131	140	0.877713
131	143	1.37785
131	145	0.850845
131	150	0.900889
131	152	0.898022
131	159	0.903122
131	164	0.888111
131	165	1.25453
131	168	1.24828
131	169	0.891811
131	170	1.30891
131	171	0.867766
131	172	0.882521
131	173	0.890495
131	174	0.893884
131	178	1.22289
131	179	1.19687
131	180	0.883606
132	5	1.09899
132	17	0.905304
132	45	1.36748
132	56	1.21028
132	66	1.23672
132	69	0.85992
132	72	1.30075
132	84	1.3048
132	95	0.870339
132	108	1.29189
132	109	1.47651
132	118	0.837658
132	120	1.31256
132	125	0.881413
132	129	0.844468
132	135	0.871945
132	141	0.901362
132	142	0.854709
132	153	0.860838
132	161	0.868213
132	163	0.873892
132	164	0.86951
132	168	0.857397
132	174	0.875283
132	176	0.879602
132	177	0.880079
132	178	0.865818
132	179	0.877247
132	180	0.865004
133	13	0.880448
133	20	0.775563
133	35	0.843212
133	46	0.8176
133	47	0.819564
133	61	0.794141
133	90	0.849268
133	101	0.871967
133	110	0.791096
133	114	1.47606
133	117	0.856109
133	120	1.30898
133	128	1.46688
133	134	1.4051
133	138	0.828161
133	144	1.59586
133	147	0.823691
133	151	0.821569
133	156	0.812441
133	162	0.846469
133	165	0.817906
133	166	1.51053
133	167	0.820537
133	170	0.818141
133	173	1.40244
133	176	0.842751
133	178	0.828967
133	179	0.840397
133	180	1.42822
134	10	0.798526
134	30	0.891241
134	37	0.778316
134	52	0.841208
134	66	1.19079
134	72	0.855202
134	74	0.855603
134	77	0.831429
134	79	0.83011
134	111	0.874788
134	116	0.89825
134	118	0.838096
134	119	0.89825
134	129	0.844906
134	131	0.896721
134	133	1.4051
134	142	1.30849
134	143	0.851727
134	149	0.868699
134	150	0.882726
134	151	1.38931
134	160	1.30143
134	165	1.34747
134	166	0.86207
134	170	1.40185
134	172	0.864358
134	173	0.872332
134	175	1.35042
134	178	1.31582
134	180	0.865442
135	1	1.66023
135	25	0.861356
135	37	0.772141
135	42	0.840047
135	46	0.848713
135	52	0.835032
135	67	0.867438
135	68	0.876049
135	70	0.843101
135	83	1.29578
135	86	0.889667
135	88	0.88395
135	95	0.864601
135	96	0.861669
135	110	1.42584
135	118	0.831921
135	129	0.838731
135	130	0.887777
135	132	0.871945
135	141	0.895624
135	143	0.845551
135	149	1.31507
135	158	1.17621
135	159	0.878783
135	161	0.862476
135	168	1.26581
135	171	0.843427
135	174	1.30182
135	177	1.25414
135	180	1.31047
136	15	1.49146
136	51	1.43189
136	63	0.82355
136	64	0.894779
136	76	1.30873
136	83	0.870103
136	85	0.869139
136	91	0.858541
136	114	0.864936
136	122	0.836456
136	125	0.865689
136	131	0.88056
136	140	0.843388
136	142	1.28924
136	146	1.2055
136	150	0.866564
136	152	0.863697
136	154	0.844004
136	156	1.36999
136	160	1.28218
136	163	0.858169
136	164	0.853786
136	166	0.845908
136	169	0.857486
136	171	0.833441
136	173	0.85617
136	175	1.33117
136	177	0.864355
136	178	1.29657
136	180	0.849281
137	2	0.91391
137	6	0.89939
137	7	0.897185
137	40	0.828596
137	44	1.35238
137	59	0.883598
137	60	0.799347
137	63	0.826308
137	77	1.30179
137	85	0.871897
137	91	0.861299
137	106	0.820327
137	114	0.867693
137	118	1.38437
137	141	1.27754
137	143	1.42765
137	144	0.82873
137	147	1.31975
137	148	1.28986
137	149	0.855295
137	163	0.860926
137	166	0.848665
137	167	1.34244
137	169	0.860243
137	171	0.836198
137	173	0.858927
137	174	0.862317
137	175	1.30728
137	177	0.867113
137	180	0.852038
138	26	0.868265
138	44	0.833479
138	63	1.53933
138	73	0.852844
138	75	1.18621
138	77	1.28555
138	80	1.45456
138	90	0.873448
138	101	0.896146
138	107	0.877635
138	110	0.815275
138	111	1.29926
138	117	0.880289
138	129	1.28528
138	133	0.828161
138	146	0.858904
138	147	0.84787
138	155	0.849977
138	157	0.844521
138	158	0.862802
138	161	0.855542
138	162	0.870649
138	163	1.31466
138	164	1.30573
138	168	0.844727
138	175	0.854812
138	176	0.866931
138	178	0.853147
138	179	0.864576
138	180	1.32649
139	23	0.787977
139	34	0.870691
139	55	0.907012
139	65	0.789196
139	73	1.37787
139	84	1.249
139	103	1.42604
139	104	0.887238
139	114	0.875154
139	122	0.846674
139	123	1.29873
139	128	0.851583
139	140	0.853606
139	145	0.826739
139	148	1.32313
139	149	0.862756
139	150	0.876783
139	155	1.35253
139	157	1.30165
139	159	0.879015
139	164	0.864004
139	165	1.33759
139	166	0.856127
139	169	0.867704
139	171	0.843659
139	172	0.858415
139	173	0.866389
139	174	0.869778
139	175	1.34055
139	180	0.859499
140	1	0.779897
140	7	0.89158
140	9	0.796134
140	23	0.774911
140	64	0.891932
140	80	0.828566
140	81	1.25991
140	85	0.866292
140	90	1.37377
140	91	0.855694
140	94	0.852216
140	125	0.862842
140	128	0.838517
140	131	0.877713
140	136	0.843388
140	139	0.853606
140	145	0.813673
140	152	0.86085
140	153	1.32317
140	158	1.32972
140	164	0.850939
140	167	1.46368
140	168	1.41931
140	169	0.854638
140	170	1.47994
140	172	0.845349
140	173	0.853323
140	177	0.861508
140	178	1.39392
140	179	1.36791
140	180	0.846433
141	10	0.821767
141	25	0.890773
141	29	0.898808
141	42	0.869464
141	50	0.865263
141	52	0.864449
141	62	1.13522
141	67	0.896855
141	69	0.883599
141	71	1.03741
141	86	0.919083
141	88	0.913367
141	95	0.894018
141	96	0.891086
141	112	1.33935
141	115	0.900239
141	118	0.861338
141	120	1.22457
141	124	0.908747
141	129	0.868148
141	132	0.901362
141	135	0.895624
141	137	1.27754
141	142	1.26643
141	143	0.874968
141	150	1.20024
141	159	0.9082
141	167	1.34352
141	171	0.872844
