1	5	0.738359
1	8	0.939591
1	26	0.880304
1	42	0.880787
1	47	0.818261
1	52	0.928839
1	53	0.778027
1	63	1.64983
1	147	2.18707
1	157	0.82599
1	167	0.84437
2	15	1.20353
2	58	1.39399
2	93	0.96082
2	129	0.927639
2	138	0.95227
2	156	0.925231
2	158	0.930832
2	159	0.932489
2	161	0.94417
2	165	0.930432
2	166	1.86962
2	180	0.880542
3	4	0.377473
3	148	1.17404
3	152	1.28233
3	163	0.972026
3	164	0.928883
3	169	0.941488
3	170	0.935911
3	175	0.93764
3	176	0.910088
3	177	0.957069
3	178	0.923308
3	179	0.933874
4	3	0.377473
4	13	0.978498
4	19	0.987012
4	22	0.953113
4	27	0.950511
4	31	0.949024
4	44	4.2
4	128	0.972778
4	132	0.900501
4	173	0.873226
4	176	0.635358
4	180	0.873101
5	1	0.738359
5	8	0.999274
5	26	0.873392
5	42	0.873876
5	47	0.81135
5	52	0.921928
5	53	0.771115
5	107	7.8
5	157	0.819078
5	167	0.837459
5	175	1.74944
6	12	0.991836
6	56	0.909454
6	97	1.79281
6	112	0.920379
6	133	0.92943
6	156	0.929291
6	158	0.934892
6	162	0.946509
6	165	0.934492
6	170	1.60705
6	173	0.884726
6	174	1.18024
7	10	0.908712
7	17	1.03023
7	23	0.86955
7	28	0.993777
7	36	0.867633
7	37	0.966275
7	38	0.935539
7	94	0.971752
7	119	1.98008
7	134	0.927975
7	157	0.951366
7	173	1.73812
8	1	0.939591
8	5	0.999274
8	26	0.764738
8	42	0.765221
8	47	0.702695
8	52	0.813273
8	53	0.972347
8	99	0.546861
8	131	9.3
8	157	1.02031
8	167	0.728804
9	20	0.865313
9	67	0.832292
9	129	1.49564
9	140	1.37023
9	154	0.859645
9	171	0.828567
9	172	0.81177
9	175	0.847104
9	176	0.819553
9	177	0.866534
9	178	0.832773
9	179	0.843338
10	7	0.908712
10	17	0.942916
10	23	0.782238
10	28	0.906465
10	36	0.780321
10	37	0.878963
10	38	0.848227
10	134	0.840663
10	146	2.23235
10	157	0.864055
10	169	1.72566
11	114	0.908286
11	121	0.938342
11	140	0.936502
11	142	0.943005
11	147	1.05406
11	155	0.93186
11	158	0.923897
11	161	0.937235
11	162	0.935514
11	165	0.923498
11	168	1.61228
11	179	1.92572
12	6	0.991836
12	63	0.885077
12	114	0.903313
12	142	0.938032
12	144	0.935962
12	153	1.59745
12	156	0.913324
12	159	0.920582
12	161	0.932263
12	162	0.930542
12	165	0.918525
12	168	1.98053
13	4	0.978498
13	16	1.55313
13	19	0.980708
13	22	0.946809
13	25	1.74269
13	27	0.944207
13	31	0.94272
13	83	0.935977
13	128	0.966474
13	139	1.18103
13	173	0.866922
13	180	0.866797
14	85	0.91071
14	89	0.978555
14	116	0.927115
14	133	0.916522
14	138	0.943423
14	144	0.939021
14	155	0.929947
14	156	0.916384
14	162	0.933601
14	165	0.921585
14	169	1.55795
14	171	2.12951
15	2	1.20353
15	86	0.553557
15	146	0.917497
15	158	1.20585
15	164	0.923166
15	166	0.960639
15	168	0.942337
15	170	0.930194
15	174	0.959672
15	177	0.951352
15	178	0.917591
15	179	0.928157
16	13	1.55313
16	53	0.82459
16	119	0.833604
16	140	0.862794
16	152	1.74779
16	157	0.872553
16	159	0.851847
16	165	0.84979
16	167	0.890934
16	168	0.825528
16	176	0.787562
16	179	0.811347
17	7	1.03023
17	10	0.942916
17	23	0.903754
17	28	1.02798
17	36	0.901837
17	37	1.00048
17	38	0.969743
17	39	1.60024
17	87	1.8054
17	154	1.02147
17	157	0.985571
18	34	0.899142
18	40	1.23818
18	93	0.949619
18	112	0.905119
18	140	0.932236
18	144	0.936668
18	148	0.955378
18	158	0.919631
18	161	0.932969
18	162	0.931248
18	165	0.919232
18	169	2.26687
19	4	0.987012
19	13	0.980708
19	22	0.955323
19	27	0.952722
19	31	0.951235
19	75	0.94631
19	117	1.29162
19	132	0.902711
19	160	1.66217
19	168	1.7002
19	173	0.875436
19	180	0.875312
20	9	0.865313
20	113	0.859446
20	136	1.62777
20	140	1.51905
20	151	0.860432
20	164	0.801281
20	166	0.838754
20	168	0.820452
20	174	0.837787
20	175	0.810038
20	177	0.829467
20	178	0.795706
20	179	0.806272
21	51	0.83428
21	100	0.851647
21	117	1.9259
21	129	0.818313
21	138	0.842945
21	141	2.72096
21	148	0.857253
21	156	0.815906
21	158	0.821506
21	159	0.823163
21	162	0.833123
21	165	0.821107
21	180	0.771216
22	4	0.953113
22	13	0.946809
22	19	0.955323
22	27	0.918822
22	31	0.917335
22	69	5.4
22	75	0.912411
22	117	0.774683
22	128	0.941089
22	132	0.868812
22	173	0.841537
22	177	0.881648
22	180	0.841412
23	7	0.86955
23	10	0.782238
23	17	0.903754
23	28	0.867303
23	36	0.741159
23	37	0.839801
23	38	0.809065
23	63	0.876896
23	78	0.785067
23	134	0.801501
23	157	0.824892
23	167	1.89016
23	173	2.756
24	26	1.01431
24	156	1.01656
24	161	0.82963
24	164	0.914017
24	169	0.926622
24	170	0.921045
24	171	0.904237
24	172	0.88744
24	175	0.922774
24	176	0.895222
24	177	0.942203
24	179	0.919008
24	180	0.90756
25	13	1.74269
25	67	0.803895
25	84	1.83413
25	145	0.874932
25	163	0.853094
25	168	0.829122
25	169	0.822556
25	170	0.816979
25	174	0.846457
25	175	0.818708
25	177	0.838137
25	178	0.804376
25	179	0.814942
26	1	0.880304
26	5	0.873392
26	8	0.764738
26	24	1.01431
26	42	1.01582
26	47	0.953294
26	52	1.06387
26	53	0.913059
26	116	1.39002
26	118	1.90427
26	157	0.961023
26	167	0.979403
27	4	0.950511
27	13	0.944207
27	19	0.952722
27	22	0.918822
27	31	0.914734
27	78	1.73101
27	83	0.907991
27	128	0.938488
27	132	0.86621
27	160	1.53632
27	164	1.76695
27	173	0.838935
27	180	0.838811
28	7	0.993777
28	10	0.906465
28	17	1.02798
28	23	0.867303
28	36	0.865386
28	37	0.964029
28	38	0.933292
28	83	1.09771
28	125	2.09074
28	134	0.925728
28	139	1.33763
28	157	0.94912
29	73	0.88537
29	112	0.891995
29	113	1.35028
29	114	0.890896
29	144	0.923544
29	148	0.942254
29	155	0.91447
29	156	0.900907
29	161	0.919845
29	162	0.918124
29	165	0.906108
29	175	1.75518
29	178	1.99926
30	81	0.905882
30	89	0.961526
30	114	0.889343
30	115	0.933742
30	129	0.901762
30	159	0.906612
30	161	0.918293
30	162	0.916571
30	165	0.904555
30	167	0.965554
30	172	2.38952
30	175	1.67753
30	180	0.854665
31	4	0.949024
31	13	0.94272
31	19	0.951235
31	22	0.917335
31	27	0.914734
31	83	0.906504
31	87	1.91208
31	119	1.76563
31	128	0.937001
31	132	0.864723
31	173	0.837448
31	179	1.45064
31	180	0.837324
32	64	0.796238
32	72	0.792901
32	101	0.798006
32	125	2.56296
32	126	0.838703
32	130	0.825466
32	134	0.822893
32	136	0.855665
32	143	0.817077
32	150	0.837281
32	152	0.850647
32	166	1.98386
32	167	0.864665
33	34	1.75154
33	82	0.813242
33	95	0.854461
33	122	0.834709
33	126	0.825973
33	127	0.822916
33	130	0.812736
33	136	0.842935
33	143	0.804347
33	150	0.82455
33	152	0.837916
33	157	0.833554
33	166	2.66617
34	18	0.899142
34	33	1.75154
34	109	0.91789
34	122	0.947951
34	147	0.962021
34	164	0.896795
34	166	0.934268
34	168	0.915965
34	175	0.905551
34	176	0.878
34	177	0.924981
34	178	0.89122
34	179	0.901785
35	66	0.796074
35	84	0.817499
35	105	0.831439
35	142	0.83872
35	144	0.836649
35	148	0.855359
35	156	0.814012
35	158	0.819612
35	161	0.83295
35	162	0.831229
35	163	2.17875
35	165	0.819213
35	177	2.38947
36	7	0.867633
36	10	0.780321
36	17	0.901837
36	23	0.741159
36	28	0.865386
36	37	0.837884
36	38	0.807148
36	63	0.874979
36	78	0.78315
36	132	2.21238
36	134	0.799584
36	157	0.822975
36	174	2.28249
37	7	0.966275
37	10	0.878963
37	17	1.00048
37	23	0.839801
37	28	0.964029
37	36	0.837884
37	38	0.90579
37	78	0.881793
37	134	0.898226
37	151	1.40212
37	157	0.921618
37	163	1.48941
37	170	2.05547
38	7	0.935539
38	10	0.848227
38	17	0.969743
38	23	0.809065
38	28	0.933292
38	36	0.807148
38	37	0.90579
38	63	0.942884
38	78	0.851056
38	134	0.867489
38	157	0.890881
38	169	1.77944
38	174	1.49131
38	175	1.97301
39	17	1.60024
39	69	0.746806
39	157	2.25582
39	160	0.852101
39	164	0.817346
39	166	0.854819
39	171	0.807566
39	172	0.790769
39	174	0.853852
39	175	0.826103
39	176	0.798551
39	177	0.845532
39	178	0.811771
39	179	0.822337
40	18	1.23818
40	127	1.02372
40	154	0.912054
40	158	1.29635
40	168	0.909928
40	169	0.903362
40	170	0.897786
40	171	0.880977
40	172	0.86418
40	175	0.899514
40	176	0.871963
40	177	0.918944
40	178	0.885183
40	179	0.895748
41	73	2.1451
41	148	1.55188
41	163	0.853205
41	164	0.810062
41	166	0.847535
41	169	0.822666
41	170	0.81709
41	172	0.783485
41	174	0.846567
41	175	0.818818
41	176	0.791267
41	177	0.838248
41	178	0.804487
41	179	0.815052
42	1	0.880787
42	5	0.873876
42	8	0.765221
42	26	1.01582
42	47	0.953778
42	52	1.06436
42	53	0.913543
42	132	1.31599
42	157	0.961506
42	166	1.22113
42	167	0.979887
42	180	1.98408
43	51	0.821343
43	74	0.829148
43	81	0.809496
43	92	2.04883
43	133	0.803107
43	138	0.830007
43	142	0.827676
43	144	0.825606
43	155	0.816532
43	156	0.802968
43	159	0.810226
43	160	2.84792
43	162	0.820185
43	165	0.808169
44	4	4.2
44	98	0.792852
44	100	0.798532
44	122	0.79191
44	131	0.640926
44	150	0.781751
44	155	0.776354
44	160	0.759314
44	162	0.780008
44	168	0.743729
44	174	0.761064
44	176	0.705764
44	177	0.752745
44	179	0.729549
45	47	0.842426
45	53	0.802192
45	88	1.62898
45	89	1.79863
45	143	0.820948
45	150	0.841151
45	152	0.854517
45	157	0.850155
45	167	0.868535
45	172	0.757381
45	174	0.820464
45	177	0.812145
45	178	0.778383
45	179	0.788949
46	47	0.852406
46	53	0.812172
46	57	0.814689
46	69	0.723398
46	130	0.839317
46	150	0.851131
46	156	1.86907
46	157	0.860135
46	165	1.64369
46	167	0.878515
46	169	0.806543
46	175	0.802695
46	178	0.788364
46	179	0.798929
47	1	0.818261
47	5	0.81135
47	8	0.702695
47	26	0.953294
47	42	0.953778
47	45	0.842426
47	46	0.852406
47	52	1.00183
47	53	0.851017
47	75	0.897325
47	91	1.42046
47	132	1.72343
47	157	0.89898
47	167	0.917361
47	170	2.22035
48	86	0.918244
48	95	0.913459
48	98	0.894648
48	101	0.844273
48	104	0.874513
48	107	0.744616
48	126	0.88497
48	130	0.871733
48	143	0.863345
48	150	0.883548
48	151	1.22873
48	152	0.896914
48	167	0.910932
48	171	2.31495
48	173	2.09084
49	50	0.87793
49	57	0.851792
49	59	0.848497
49	65	0.922148
49	83	1.38699
49	94	1.83509
49	101	0.84896
49	109	2.07792
49	122	0.898394
49	124	0.886467
49	127	0.8866
49	130	0.87642
49	143	0.868031
49	150	0.888234
49	152	0.9016
50	49	0.87793
50	65	0.912309
50	72	0.834016
50	98	0.889496
50	104	0.869361
50	122	0.888555
50	127	0.876762
50	132	0.842145
50	136	0.89678
50	139	1.71023
50	143	0.858192
50	149	1.99882
50	150	0.878396
50	151	1.82266
50	152	0.891762
51	21	0.83428
51	43	0.821343
51	77	0.897092
51	105	0.886582
51	107	0.749183
51	111	1.85432
51	115	0.903542
51	133	0.869293
51	156	0.869154
51	158	0.874755
51	159	0.876412
51	161	0.888093
51	162	0.886372
51	166	1.55852
51	173	0.824589
51	178	2.44927
52	1	0.928839
52	5	0.921928
52	8	0.813273
52	26	1.06387
52	42	1.06436
52	47	1.00183
52	53	0.961595
52	55	1.94377
52	75	1.0079
52	116	0.822118
52	145	0.876017
52	157	1.00956
52	167	1.02794
52	179	1.72738
53	1	0.778027
53	5	0.771115
53	8	0.972347
53	16	0.82459
53	26	0.913059
53	42	0.913543
53	45	0.802192
53	46	0.812172
53	47	0.851017
53	52	0.961595
53	75	0.85709
53	149	1.73332
53	157	0.858746
53	163	1.64446
53	167	0.877126
53	178	2.50949
54	60	0.965944
54	77	0.944792
54	129	0.919261
54	133	0.916992
54	140	0.935059
54	142	0.941562
54	156	0.916854
54	158	0.922454
54	159	0.924112
54	160	1.35305
54	161	0.935792
54	162	0.934071
54	165	0.922055
54	169	1.43009
54	170	1.56878
54	178	1.86775
55	52	1.94377
55	64	2.58146
55	67	0.77593
55	92	0.848441
55	132	0.802928
55	153	0.834561
55	154	0.803283
55	163	0.825129
55	166	0.819459
55	169	0.794591
55	172	0.755409
55	174	0.818492
55	175	0.790743
55	176	0.763192
55	178	0.776411
55	179	0.786977
56	6	0.909454
56	74	0.857123
56	89	0.893114
56	110	1.57959
56	112	0.822031
56	115	0.86533
56	138	0.857982
56	144	0.85358
56	155	0.844506
56	156	0.830943
56	158	0.836543
56	161	0.849881
56	162	0.84816
56	165	0.836144
56	173	0.786378
56	174	2.19311
56	177	2.26458
57	46	0.814689
57	49	0.851792
57	82	0.840951
57	86	0.886955
57	90	1.80745
57	98	0.863359
57	101	0.812983
57	104	0.843224
57	122	0.862417
57	124	0.850491
57	126	0.853681
57	130	0.840444
57	150	0.852258
57	151	2.08452
57	152	0.865624
57	153	2.17708
57	167	0.879643
58	2	1.39399
58	88	0.592007
58	123	0.954746
58	133	0.989078
58	146	0.897556
58	151	0.962376
58	156	1.09438
58	163	0.946367
58	166	0.940698
58	170	0.910253
58	171	0.893444
58	172	0.876647
58	174	0.93973
58	175	0.911981
58	176	0.88443
58	178	0.89765
58	179	0.908215
59	49	0.848497
59	70	1.11883
59	72	0.804584
59	86	0.88366
59	104	0.839929
59	122	0.859122
59	124	0.847196
59	126	0.850386
59	127	0.847329
59	130	0.837149
59	136	0.867348
59	143	0.82876
59	150	0.848963
59	152	0.862329
59	167	0.876348
59	176	2.96119
59	177	1.97794
60	54	0.965944
60	62	2.44889
60	80	0.922147
60	100	0.935611
60	109	1.44138
60	133	0.900009
60	135	1.41261
60	140	0.918075
60	142	0.924578
60	144	0.922508
60	156	0.89987
60	158	0.90547
60	159	0.907128
60	162	0.917087
60	165	0.905071
60	167	1.09907
60	173	0.855305
61	87	0.858251
61	134	1.34658
61	152	1.37866
61	154	0.859982
61	156	1.39898
61	160	0.873441
61	163	0.881828
61	164	0.838686
61	166	0.876159
61	168	0.857856
61	170	0.845714
61	172	0.812108
61	174	0.875191
61	175	0.847442
61	176	0.819891
61	178	0.833111
61	179	0.843676
62	60	2.44889
62	95	2.30572
62	131	0.701496
62	145	0.850109
62	147	0.850354
62	163	0.828271
62	168	0.804299
62	169	0.797732
62	170	0.792156
62	172	0.758551
62	174	0.821633
62	175	0.793884
62	176	0.766333
62	177	0.813314
62	178	0.779553
62	179	0.790118
62	180	0.77867
63	1	1.64983
63	12	0.885077
63	23	0.876896
63	36	0.874979
63	38	0.942884
63	124	0.947941
63	133	0.783334
63	143	0.929505
63	150	0.949708
63	152	0.963074
63	157	0.958712
63	158	1.19056
63	164	0.892516
63	169	0.90512
63	175	0.901272
63	178	0.886941
63	179	0.897506
64	32	0.796238
64	55	2.58146
64	68	1.13092
64	82	0.83635
64	86	0.882354
64	95	0.877569
64	104	0.838624
64	122	0.857817
64	124	0.845891
64	127	0.846024
64	136	0.866043
64	143	0.827455
64	150	0.847658
64	152	0.861024
64	157	0.856662
64	167	0.875042
64	169	2.09065
65	49	0.922148
65	50	0.912309
65	82	0.911306
65	86	0.95731
65	95	0.952525
65	101	0.883339
65	126	0.924036
65	131	0.781789
65	136	0.940998
65	143	0.90241
65	149	1.4671
65	150	0.922614
65	152	0.93598
65	153	1.38351
65	167	0.949998
65	174	1.51748
65	179	2.08003
66	35	0.796074
66	80	0.855119
66	85	0.827168
66	112	0.82393
66	134	0.837415
66	142	0.85755
66	144	0.85548
66	147	1.88121
66	148	0.87419
66	155	0.846406
66	158	0.838443
66	159	0.8401
66	161	0.851781
66	162	0.85006
66	163	2.05107
66	165	0.838043
66	168	2.43943
66	180	0.788153
67	9	0.832292
67	25	0.803895
67	55	0.77593
67	129	2.33984
67	139	0.861314
67	153	0.820835
67	160	0.803015
67	165	2.36272
67	166	0.805733
67	168	0.787431
67	169	0.780864
67	170	0.775288
67	171	0.75848
67	172	0.741683
67	176	0.749465
67	177	0.796446
67	178	0.762685
67	179	0.77325
68	64	1.13092
68	102	0.948433
68	117	0.977395
68	122	1.35595
68	130	0.838458
68	149	0.922148
68	163	0.929383
68	164	0.88624
68	168	0.905411
68	169	0.898844
68	172	0.859663
68	174	0.922746
68	175	0.894997
68	176	0.867445
68	177	0.914426
68	178	0.880665
68	179	0.89123
68	180	0.879782
69	22	5.4
69	39	0.746806
69	46	0.723398
69	76	0.775725
69	126	0.76239
69	127	0.759334
69	143	0.740765
69	144	0.764645
69	148	0.783355
69	150	0.760968
69	152	0.774334
69	161	0.760946
69	165	0.747209
69	175	0.712532
69	176	0.684981
69	177	0.731962
69	178	0.698201
69	179	0.708766
70	59	1.11883
70	85	1.50221
70	126	0.9533
70	145	0.956427
70	160	0.926201
70	162	0.949675
70	164	0.891446
70	166	0.928919
70	169	0.90405
70	170	0.898474
70	171	0.881666
70	172	0.864869
70	174	0.927952
70	176	0.872651
70	177	0.919632
70	178	0.885871
70	179	0.896437
70	180	0.884989
71	77	1.55495
71	107	0.743691
71	112	1.46567
71	117	0.916586
71	145	0.890412
71	154	0.846728
71	157	1.34537
71	160	0.860186
71	164	0.825431
71	166	0.862904
71	168	0.844601
71	171	0.81565
71	172	0.798853
71	174	0.861936
71	175	0.834187
71	177	0.853617
71	178	0.819856
71	179	0.830421
72	32	0.792901
72	50	0.834016
72	59	0.804584
72	83	1.76527
72	101	0.805046
72	104	0.835287
72	108	1.7463
72	124	0.842554
72	126	0.845744
72	127	0.842687
72	128	0.880349
72	130	0.832507
72	136	0.862706
72	143	0.824118
72	150	0.844321
72	152	0.857687
72	167	0.871706
72	170	2.77097
73	29	0.88537
73	41	2.1451
73	79	0.851702
73	85	0.829569
73	107	0.715272
73	114	0.825232
73	115	0.86963
73	129	0.837651
73	137	1.96008
73	138	0.862282
73	142	0.859951
73	145	1.91076
73	155	0.848807
73	159	0.842501
73	161	0.854181
73	162	0.85246
73	165	0.840444
73	180	0.790554
74	43	0.829148
74	56	0.857123
74	79	0.893419
74	83	0.901451
74	84	0.880447
74	88	0.934197
74	108	1.37679
74	129	0.879368
74	137	1.73516
74	140	0.895166
74	144	0.899598
74	148	0.918308
74	153	1.84068
74	158	0.88256
74	159	0.884218
74	162	0.894177
74	165	0.882161
74	174	1.97465
74	180	0.832271
75	19	0.94631
75	22	0.912411
75	47	0.897325
75	52	1.0079
75	53	0.85709
75	82	0.884742
75	106	1.22183
75	127	0.894415
75	136	0.914434
75	143	0.875846
75	146	2.29484
75	152	0.909415
75	157	0.905054
75	167	0.923434
75	168	1.74912
75	173	0.832524
75	174	1.50001
75	180	0.8324
76	69	0.775725
76	81	0.891025
76	88	0.941735
76	100	0.920238
76	102	0.865417
76	105	0.901925
76	112	0.875585
76	114	0.874486
76	139	1.23067
76	140	0.902703
76	142	0.909205
76	154	1.8097
76	155	0.898061
76	161	0.903436
76	162	0.901715
76	165	0.889698
76	169	1.85777
76	179	2.13219
76	180	0.839808
77	51	0.897092
77	54	0.944792
77	71	1.55495
77	85	0.873044
77	97	2.25915
77	102	0.859637
77	121	0.898763
77	133	0.878856
77	140	0.896923
77	142	0.903426
77	144	0.901355
77	147	1.33747
77	155	0.892281
77	159	0.885976
77	162	0.895935
77	163	1.50732
77	165	0.883919
77	173	0.834153
77	180	0.834028
78	23	0.785067
78	27	1.73101
78	36	0.78315
78	37	0.881793
78	38	0.851056
78	95	1.59195
78	104	1.5922
78	146	0.795019
78	148	0.880267
78	149	0.836595
78	155	0.852483
78	157	0.866884
78	161	0.857858
78	162	0.856137
78	165	0.84412
78	168	0.819858
78	170	0.807716
78	176	0.781893
78	179	0.805678
79	73	0.851702
79	74	0.893419
79	102	0.848158
79	105	0.884666
79	118	1.60453
79	129	0.869646
79	133	0.867377
79	138	0.894278
79	142	0.891947
79	144	0.889876
79	155	0.880802
79	158	0.872839
79	159	0.874497
79	161	0.886177
79	162	0.884456
79	165	0.87244
79	171	2.29267
79	174	1.43298
79	178	2.15877
79	180	0.822549
80	60	0.922147
80	66	0.855119
80	85	0.867383
80	102	0.853977
80	112	0.864145
80	121	0.893102
80	133	0.873196
80	138	0.900096
80	140	0.891262
80	145	1.52501
80	156	0.873057
80	158	0.878657
80	159	0.880315
80	161	0.891995
80	163	1.67458
80	165	0.878258
80	173	0.828492
80	175	2.29553
80	177	1.88529
80	180	0.828367
81	30	0.905882
81	43	0.809496
81	76	0.891025
81	88	0.914545
81	93	0.892896
81	113	1.4434
81	119	2.24415
81	133	0.857447
81	138	0.884347
81	140	0.875513
81	142	0.882016
81	144	0.879946
81	148	0.898656
81	156	0.857308
81	161	0.876246
81	162	0.874525
81	165	0.862509
81	175	1.84831
81	178	2.09239
81	180	0.812619
82	33	0.813242
82	57	0.840951
82	64	0.83635
82	65	0.911306
82	75	0.884742
82	98	0.888494
82	122	0.887552
82	124	0.875626
82	126	0.878815
82	127	0.875759
82	130	0.865578
82	134	0.863005
82	136	0.895778
82	137	1.15491
82	150	0.877393
82	152	0.890759
82	167	0.904777
82	171	2.25408
82	173	2.02997
82	180	1.99238
83	13	0.935977
83	27	0.907991
83	28	1.09771
83	31	0.906504
83	49	1.38699
83	72	1.76527
83	74	0.901451
83	109	0.858133
83	122	1.44866
83	138	0.902309
83	148	0.916618
83	159	0.882528
83	161	0.894209
83	166	0.874512
83	170	0.844066
83	173	0.830705
83	176	0.818244
83	177	0.865225
83	179	0.842029
83	180	0.830581
84	25	1.83413
84	35	0.817499
84	74	0.880447
84	105	0.871694
84	115	0.888654
84	121	0.874312
84	133	0.854406
84	138	0.881306
84	142	0.878975
84	144	0.876905
84	154	1.8515
84	155	0.86783
84	156	0.854267
84	158	0.859867
84	159	0.861525
84	161	0.873205
84	162	0.871484
84	165	0.859468
84	169	1.89956
84	177	1.6829
84	180	0.809578
85	14	0.91071
85	66	0.827168
85	70	1.50221
85	73	0.829569
85	77	0.873044
85	80	0.867383
85	93	0.880694
85	103	1.73211
85	108	1.69199
85	115	0.879493
85	129	0.847514
85	132	2.21974
85	140	0.863311
85	144	0.867744
85	148	0.886454
85	155	0.858669
85	158	0.850706
85	159	0.852364
85	161	0.864044
85	162	0.862323
85	165	0.850307
86	15	0.553557
86	48	0.918244
86	57	0.886955
86	59	0.88366
86	64	0.882354
86	65	0.95731
86	98	0.934498
86	104	0.914363
86	118	1.55616
86	122	0.933556
86	124	0.92163
86	126	0.92482
86	130	0.911583
86	134	0.90901
86	135	1.46788
86	143	0.903194
86	146	2.17944
86	150	0.923397
86	152	0.936763
86	167	0.950782
86	180	1.9826
87	17	1.8054
87	31	1.91208
87	61	0.858251
87	108	0.864375
87	124	2.19804
87	145	0.858862
87	146	0.788213
87	147	0.859108
87	151	0.853032
87	153	0.846456
87	166	0.831354
87	168	0.813052
87	169	0.806486
87	170	0.800909
87	171	0.784101
87	172	0.767304
87	175	0.802638
87	176	0.775087
87	177	0.822067
87	178	0.788306
87	179	0.798872
88	45	1.62898
88	58	0.592007
88	74	0.934197
88	76	0.941735
88	81	0.914545
88	112	0.899105
88	119	2.11015
88	121	0.928062
88	133	0.908156
88	135	1.31588
88	140	0.926222
88	144	0.930655
88	155	0.92158
88	156	0.908017
88	158	0.913617
88	159	0.915275
88	161	0.926955
88	162	0.925234
88	165	0.913218
88	173	0.863452
88	179	1.79516
89	14	0.978555
89	30	0.961526
89	45	1.79863
89	56	0.893114
89	93	0.94854
89	102	0.893871
89	107	0.79298
89	117	1.24279
89	140	0.931157
89	142	0.937659
89	155	0.926515
89	156	0.912951
89	158	0.918552
89	159	0.920209
89	161	0.93189
89	162	0.930168
89	165	0.918152
89	167	1.17199
89	173	0.868386
89	174	1.40226
89	178	2.12804
90	57	1.80745
90	108	0.920602
90	121	1.09495
90	134	1.17898
90	147	0.915334
90	149	0.886016
90	162	1.23372
90	163	0.893251
90	164	0.850108
90	166	0.887581
90	169	0.862712
90	170	0.857136
90	171	0.840328
90	172	0.823531
90	174	0.886613
90	175	0.858864
90	176	0.831313
90	177	0.878294
90	178	0.844533
90	179	0.855098
90	180	0.84365
91	47	1.42046
91	109	0.857205
91	133	1.2566
91	141	0.836218
91	145	0.901091
91	149	0.872018
91	153	0.888685
91	154	0.857407
91	158	1.66383
91	160	0.870865
91	162	1.36424
91	163	0.879253
91	166	0.873583
91	168	0.855281
91	170	0.843138
91	172	0.809533
91	174	0.872616
91	175	0.844866
91	176	0.817315
91	177	0.864296
91	178	0.830535
91	179	0.8411
92	43	2.04883
92	55	0.848441
92	96	0.869527
92	101	1.21753
92	113	0.898936
92	115	1.38377
92	137	0.893796
92	144	0.960134
92	146	0.835102
92	149	0.876679
92	160	0.875526
92	163	0.883914
92	164	0.840771
92	169	0.853375
92	171	0.830991
92	172	0.814194
92	174	0.877276
92	175	0.849527
92	176	0.821976
92	177	0.868957
92	178	0.835196
92	179	0.845761
93	2	0.96082
93	18	0.949619
93	81	0.892896
93	85	0.880694
93	89	0.94854
93	115	0.920756
93	120	1.40306
93	123	1.36706
93	128	0.962763
93	129	0.888776
93	133	0.886507
93	148	0.927716
93	155	0.899932
93	156	0.886368
93	158	0.891969
93	159	0.893626
93	161	0.905307
93	162	0.903585
93	165	0.891569
93	168	1.85398
93	173	0.841803
93	176	2.65958
94	7	0.971752
94	49	1.83509
94	113	0.896625
94	141	0.838568
94	147	0.903686
94	149	0.874368
94	152	1.58387
94	153	0.891035
94	162	1.60653
94	163	0.881603
94	164	0.83846
94	166	0.875933
94	168	0.85763
94	170	0.845488
94	171	0.828679
94	172	0.811882
94	174	0.874965
94	175	0.847216
94	176	0.819665
94	177	0.866646
94	178	0.832885
94	179	0.84345
95	33	0.854461
95	48	0.913459
95	62	2.30572
95	64	0.877569
95	65	0.952525
95	78	1.59195
95	98	0.929712
95	104	0.909577
95	107	0.77968
95	124	0.916844
95	126	0.920034
95	127	0.916977
95	130	0.906797
95	132	0.882361
95	136	0.936996
95	143	0.898408
95	147	0.877062
95	150	0.918611
95	152	0.931977
95	157	0.927616
95	163	1.04692
95	180	1.78415
96	92	0.869527
96	100	1.47459
96	107	0.721333
96	120	0.85742
96	143	1.90004
96	146	0.797404
96	153	0.855647
96	159	1.83724
96	160	0.837828
96	163	0.846215
96	166	0.840546
96	169	0.815677
96	170	0.810101
96	171	0.793292
96	173	0.796739
96	174	0.839578
96	175	0.811829
96	176	0.784278
96	177	0.831259
96	178	0.797497
96	179	0.808063
97	6	1.79281
97	77	2.25915
97	111	0.832417
97	133	2.24225
97	135	0.853492
97	146	0.789087
97	151	0.853906
97	153	0.84733
97	160	0.829511
97	164	0.794756
97	166	0.832229
97	168	0.813926
97	169	0.80736
97	170	0.801784
97	171	0.784975
97	172	0.768178
97	174	0.831261
97	176	0.775961
97	177	0.822942
97	178	0.78918
97	179	0.799746
97	180	0.788298
98	44	0.792852
98	48	0.894648
98	50	0.889496
98	57	0.863359
98	82	0.888494
98	86	0.934498
98	95	0.929712
98	101	0.860526
98	104	0.890767
98	113	1.66999
98	122	0.909961
98	124	0.898034
98	126	0.901224
98	127	0.898167
98	128	0.935829
98	130	0.887987
98	136	0.918186
98	139	1.25423
98	143	0.879598
98	149	1.54282
98	152	0.913167
98	175	2.0749
98	180	2.19118
99	8	0.546861
99	100	1.00554
99	109	0.897198
99	135	0.93484
99	137	0.929128
99	138	1.37308
99	149	0.912011
99	150	1.30703
99	153	0.928678
99	154	0.8974
99	161	1.18553
99	163	0.919246
99	164	0.876103
99	166	0.913576
99	170	0.883131
99	171	0.866323
99	172	0.849526
99	174	0.912609
99	175	0.88486
99	176	0.857309
99	177	0.904289
99	178	0.870528
99	179	0.881094
100	21	0.851647
100	44	0.798532
100	60	0.935611
100	76	0.920238
100	96	1.47459
100	99	1.00554
100	102	0.867441
100	121	0.906566
100	129	0.888928
100	133	0.88666
100	140	0.904726
100	144	0.909159
100	148	0.927869
100	155	0.900084
100	156	0.886521
100	158	0.892121
100	159	0.893779
100	161	0.905459
100	162	0.903738
100	165	0.891722
100	170	1.79487
100	171	2.22774
100	177	1.43953
101	32	0.798006
101	48	0.844273
101	49	0.84896
101	57	0.812983
101	65	0.883339
101	72	0.805046
101	92	1.21753
101	98	0.860526
101	104	0.840391
101	118	1.97707
101	122	0.859585
101	124	0.847658
101	127	0.847792
101	128	0.885453
101	130	0.837611
101	132	0.813175
101	136	0.86781
101	143	0.829222
101	150	0.849426
101	157	0.85843
101	167	0.87681
101	173	2.4411
101	180	2.40351
102	68	0.948433
102	76	0.865417
102	77	0.859637
102	79	0.848158
102	80	0.853977
102	89	0.893871
102	100	0.867441
102	105	0.849127
102	114	0.821689
102	121	0.851745
102	129	0.834107
102	133	0.831838
102	148	0.873047
102	155	0.845263
102	156	0.8317
102	158	0.8373
102	159	0.838958
102	162	0.848917
102	165	0.836901
102	172	2.81372
102	173	0.787135
102	175	2.10173
102	179	2.18258
103	85	1.73211
103	116	0.946547
103	117	0.940069
103	134	1.12484
103	147	0.914141
103	148	1.04862
103	151	0.908065
103	152	1.15692
103	153	0.901489
103	154	0.870211
103	159	1.17297
103	160	0.883669
103	163	0.892057
103	164	0.848914
103	166	0.886387
103	168	0.868085
103	169	0.861519
103	170	0.855942
103	172	0.822337
103	175	0.857671
103	176	0.830119
103	177	0.8771
103	178	0.843339
103	179	0.853905
103	180	0.842457
104	48	0.874513
104	50	0.869361
104	57	0.843224
104	59	0.839929
104	64	0.838624
104	72	0.835287
104	78	1.5922
104	86	0.914363
104	95	0.909577
104	98	0.890767
104	101	0.840391
104	118	1.35797
104	122	0.889825
104	124	0.877899
104	126	0.881089
104	127	0.878032
104	130	0.867852
104	136	0.898051
104	143	0.859463
104	150	0.879666
104	152	0.893032
104	167	0.907051
104	172	2.38011
104	173	1.82199
104	178	1.9122
105	35	0.831439
105	51	0.886582
105	76	0.901925
105	79	0.884666
105	84	0.871694
105	102	0.849127
105	108	1.46215
105	112	0.859295
105	114	0.858196
105	115	0.902594
105	121	0.888252
105	128	1.4179
105	129	0.870615
105	134	0.87278
105	140	0.886413
105	149	2.00962
105	155	0.881771
105	156	0.868207
105	158	0.873807
105	161	0.887145
105	162	0.885424
105	165	0.873408
105	167	1.82973
105	169	2.34813
105	173	0.823642
106	75	1.22183
106	123	0.90057
106	126	1.46276
106	136	1.19185
106	137	0.902073
106	141	0.849156
106	144	1.26995
106	145	0.914029
106	146	0.843379
106	151	0.908199
106	153	0.901623
106	163	0.892191
106	164	0.849048
106	165	1.23142
106	166	0.886521
106	169	0.861652
106	170	0.856076
106	171	0.839267
106	172	0.822471
106	174	0.885553
106	175	0.857804
106	176	0.830253
106	177	0.877234
106	178	0.843473
106	179	0.854038
106	180	0.84259
107	5	7.8
107	48	0.744616
107	51	0.749183
107	71	0.743691
107	73	0.715272
107	89	0.79298
107	95	0.77968
107	96	0.721333
107	121	0.750853
107	124	0.748001
107	126	0.751191
107	136	0.768153
107	143	0.729565
107	147	0.757803
107	152	0.763135
107	159	0.738066
107	161	0.749747
107	169	0.705181
107	170	0.699605
107	171	0.682796
107	172	0.665999
107	175	0.701333
107	176	0.673782
107	177	0.720763
107	178	0.687001
107	180	0.686119
108	72	1.7463
108	74	1.37679
108	85	1.69199
108	87	0.864375
108	90	0.920602
108	105	1.46215
108	119	0.872057
108	123	0.896332
108	127	1.16642
108	147	0.910036
108	151	0.903961
108	160	0.879565
108	163	0.887953
108	164	0.84481
108	166	0.882283
108	168	0.863981
108	169	0.857414
108	170	0.851838
108	171	0.83503
108	172	0.818233
108	174	0.881316
108	175	0.853567
108	177	0.872996
108	178	0.839235
108	179	0.8498
108	180	0.838352
109	34	0.91789
109	49	2.07792
109	60	1.44138
109	83	0.858133
109	91	0.857205
109	99	0.897198
109	120	0.849759
109	146	0.789742
109	147	0.860637
109	150	1.78159
109	151	0.854562
109	153	0.847986
109	160	0.830166
109	162	1.84936
109	163	0.838554
109	164	0.795411
109	166	0.832884
109	168	0.814582
109	171	0.785631
109	172	0.768834
109	173	0.789078
109	174	0.831917
109	176	0.776616
109	177	0.823597
109	178	0.789836
109	179	0.800401
110	56	1.57959
110	114	1.28268
110	135	0.903447
110	137	0.897735
110	139	0.937764
110	141	0.844819
110	143	1.17998
110	145	0.909691
110	147	0.909937
110	152	1.10113
110	153	0.897285
110	158	1.42338
110	163	0.887853
110	164	0.84471
110	168	0.863881
110	169	0.857315
110	170	0.851738
110	171	0.83493
110	172	0.818133
110	174	0.881216
110	175	0.853467
110	176	0.825915
110	177	0.872896
110	178	0.839135
110	179	0.849701
110	180	0.838253
111	51	1.85432
111	97	0.832417
111	137	0.865002
111	141	0.812086
111	145	0.876958
111	148	1.7372
111	149	0.847885
111	154	0.833274
111	155	1.49258
111	160	0.846733
111	161	1.67888
111	163	0.85512
111	164	0.811977
111	166	0.84945
111	168	0.831148
111	169	0.824582
111	170	0.819005
111	171	0.802197
111	172	0.7854
111	174	0.848483
111	175	0.820734
111	176	0.793183
111	177	0.840163
111	178	0.806402
111	179	0.816968
111	180	0.80552
112	6	0.920379
112	18	0.905119
112	29	0.891995
112	56	0.822031
112	66	0.82393
112	71	1.46567
112	76	0.875585
112	80	0.864145
112	88	0.899105
112	105	0.859295
112	113	1.63409
112	114	0.831857
112	129	0.844275
112	135	1.64056
112	138	0.868907
112	142	0.866576
112	148	0.883216
112	155	0.855431
112	158	0.847468
112	159	0.849126
112	161	0.860806
112	162	0.859085
112	165	0.847069
112	172	2.75098
112	173	0.797303
112	179	2.11984
112	180	0.797179
113	20	0.859446
113	29	1.35028
113	81	1.4434
113	92	0.898936
113	94	0.896625
113	98	1.66999
113	112	1.63409
113	123	0.884003
113	125	0.853337
113	135	0.891218
113	139	0.925535
113	160	0.867236
113	161	1.62484
113	163	0.875624
113	167	0.917058
113	168	0.851652
113	169	0.845085
113	170	0.839509
113	171	0.822701
113	172	0.805904
113	173	0.826148
113	174	0.868987
113	175	0.841237
113	176	0.813686
113	177	0.860667
113	178	0.826906
113	179	0.837471
114	11	0.908286
114	12	0.903313
114	29	0.890896
114	30	0.889343
114	73	0.825232
114	76	0.874486
114	102	0.821689
114	105	0.858196
114	110	1.28268
114	112	0.831857
114	121	0.860814
114	128	1.2541
114	129	0.843176
114	140	0.858974
114	142	0.865477
114	144	0.863407
114	148	0.882117
114	154	2.13627
114	156	0.840769
114	158	0.846369
114	159	0.848027
114	161	0.859707
114	162	0.857986
114	165	0.84597
114	171	2.75589
114	177	1.96767
114	180	0.79608
115	30	0.933742
115	51	0.903542
115	56	0.86533
115	73	0.86963
115	84	0.888654
115	85	0.879493
115	92	1.38377
115	93	0.920756
115	105	0.902594
115	120	1.76996
115	121	0.905212
115	128	1.32966
115	133	0.885306
115	137	1.73228
115	138	0.912206
115	140	0.903373
115	142	0.909875
115	145	1.68296
115	148	0.926515
115	155	0.898731
115	156	0.885167
115	158	0.890768
115	159	0.892425
115	161	0.904106
115	162	0.902384
115	165	0.890368
115	167	1.74149
116	14	0.927115
116	26	1.39002
116	52	0.822118
116	103	0.946547
116	120	0.926297
116	121	1.25584
116	122	1.68484
116	135	0.930686
116	141	0.872058
116	145	0.93693
116	150	1.32684
116	154	0.893246
116	160	0.906705
116	163	0.915092
116	164	0.871949
116	166	0.909422
116	168	0.89112
116	169	0.884554
116	170	0.878977
116	171	0.862169
116	172	0.845372
116	174	0.908455
116	175	0.880706
116	176	0.853155
116	177	0.900136
116	178	0.866374
116	179	0.87694
116	180	0.865492
117	19	1.29162
117	21	1.9259
117	22	0.774683
117	68	0.977395
117	71	0.916586
117	89	1.24279
117	103	0.940069
117	124	1.01458
117	145	0.930452
117	146	0.859803
117	147	0.930698
117	151	0.924622
117	160	0.900227
117	161	1.38858
117	163	0.908614
117	164	0.865471
117	166	0.902944
117	168	0.884642
117	169	0.878076
117	170	0.872499
117	171	0.855691
117	172	0.838894
117	174	0.901977
117	175	0.874228
117	176	0.846677
117	177	0.893658
117	178	0.859896
117	179	0.870462
118	26	1.90427
118	79	1.60453
118	86	1.55616
118	101	1.97707
118	104	1.35797
118	119	0.859872
118	139	0.925679
118	141	0.832734
118	146	0.826956
118	149	0.868533
118	151	0.891776
118	153	0.8852
118	154	0.853922
118	163	0.875768
118	164	0.832625
118	167	0.917202
118	168	0.851796
118	169	0.845229
118	170	0.839653
118	171	0.822845
118	172	0.806048
118	174	0.869131
118	175	0.841382
118	176	0.81383
118	177	0.860811
118	178	0.82705
118	179	0.837616
118	180	0.826167
119	7	1.98008
119	16	0.833604
119	31	1.76563
119	81	2.24415
119	88	2.11015
119	108	0.872057
119	118	0.859872
119	120	0.855911
119	125	0.82242
119	135	0.8603
119	141	0.801672
119	149	0.837471
119	154	0.82286
119	160	0.836319
119	163	0.844706
119	164	0.801563
119	168	0.820734
119	169	0.814168
119	170	0.808591
119	171	0.791783
119	172	0.774986
119	174	0.838069
119	176	0.782769
119	177	0.82975
119	178	0.795988
119	179	0.806554
119	180	0.795106
120	93	1.40306
120	96	0.85742
120	109	0.849759
120	115	1.76996
120	116	0.926297
120	119	0.855911
120	128	0.921883
120	141	0.828772
120	145	0.893644
120	146	0.822995
120	151	0.887815
120	155	1.15994
120	157	1.23518
120	158	1.8351
120	160	0.863419
120	163	0.871807
120	166	0.866137
120	168	0.847834
120	169	0.841268
120	170	0.835692
120	171	0.818883
120	172	0.802086
120	174	0.865169
120	175	0.83742
120	176	0.809869
120	177	0.85685
120	178	0.823089
120	179	0.833654
121	11	0.938342
121	77	0.898763
121	80	0.893102
121	84	0.874312
121	88	0.928062
121	90	1.09495
121	100	0.906566
121	102	0.851745
121	105	0.888252
121	107	0.750853
121	114	0.860814
121	115	0.905212
121	116	1.25584
121	134	0.875398
121	138	0.897864
121	140	0.88903
121	142	0.895533
121	145	1.30973
121	148	0.912173
121	156	0.870825
121	158	0.876425
121	159	0.878083
121	161	0.889763
121	162	0.888042
121	165	0.876026
121	167	1.36827
121	172	2.79224
121	178	2.32433
121	180	0.826136
122	33	0.834709
122	34	0.947951
122	44	0.79191
122	49	0.898394
122	50	0.888555
122	57	0.862417
122	59	0.859122
122	64	0.857817
122	68	1.35595
122	82	0.887552
122	83	1.44866
122	86	0.933556
122	98	0.909961
122	101	0.859585
122	104	0.889825
122	116	1.68484
122	124	0.897093
122	126	0.900282
122	127	0.897226
122	128	0.934887
122	130	0.887045
122	131	0.758035
122	136	0.917244
122	143	0.878657
122	150	0.89886
122	152	0.912226
122	157	0.907864
122	166	1.86258
122	174	2.02755
123	58	0.954746
123	93	1.36706
123	106	0.90057
123	108	0.896332
123	113	0.884003
123	137	0.878863
123	138	1.4978
123	142	1.18525
123	143	1.5557
123	146	0.820169
123	149	0.861746
123	151	0.884989
123	154	0.847135
123	161	1.31025
123	163	0.868981
123	164	0.825838
123	166	0.863311
123	168	0.845008
123	169	0.838442
123	170	0.832866
123	171	0.816057
123	172	0.79926
123	174	0.862343
123	175	0.834594
123	176	0.807043
123	177	0.854024
123	178	0.820263
123	179	0.830828
124	49	0.886467
124	57	0.850491
124	59	0.847196
124	63	0.947941
124	64	0.845891
124	72	0.842554
124	82	0.875626
124	86	0.92163
124	87	2.19804
124	95	0.916844
124	98	0.898034
124	101	0.847658
124	104	0.877899
124	107	0.748001
124	117	1.01458
124	122	0.897093
124	125	1.58819
124	126	0.888356
124	127	0.885299
124	130	0.875119
124	131	0.746109
124	136	0.905318
124	141	1.80963
124	143	0.86673
124	150	0.886933
124	152	0.900299
124	157	0.895938
124	164	1.61577
124	167	0.914318
124	176	2.22876
125	28	2.09074
125	32	2.56296
125	113	0.853337
125	119	0.82242
125	124	1.58819
125	137	0.848197
125	140	1.77545
125	145	0.860153
125	146	0.789504
125	149	0.83108
125	151	0.854323
125	153	0.847747
125	154	0.816469
125	160	0.829928
125	163	0.838315
125	166	0.832645
125	168	0.814343
125	169	0.807777
125	170	0.8022
125	171	0.785392
125	172	0.768595
125	174	0.831678
125	175	0.803929
125	176	0.776378
125	177	0.823358
125	178	0.789597
125	179	0.800163
125	180	0.788715
126	32	0.838703
126	33	0.825973
126	48	0.88497
126	57	0.853681
126	59	0.850386
126	65	0.924036
126	69	0.76239
126	70	0.9533
126	72	0.845744
126	82	0.878815
126	86	0.92482
126	95	0.920034
126	98	0.901224
126	104	0.881089
126	106	1.46276
126	107	0.751191
126	122	0.900282
126	124	0.888356
126	127	0.888489
126	130	0.878309
126	135	1.82422
126	136	0.908508
126	143	0.86992
126	150	0.890123
126	151	1.51441
126	152	0.903489
126	157	0.899127
126	167	0.917508
126	173	2.37652
126	180	2.33893
127	33	0.822916
127	40	1.02372
127	49	0.8866
127	50	0.876762
127	59	0.847329
127	64	0.846024
127	69	0.759334
127	72	0.842687
127	75	0.894415
127	82	0.875759
127	95	0.916977
127	98	0.898167
127	101	0.847792
127	104	0.878032
127	108	1.16642
127	122	0.897226
127	124	0.885299
127	126	0.888489
127	130	0.875252
127	134	0.872679
127	136	0.905451
127	143	0.866863
127	150	0.887067
127	152	0.900433
127	154	2.00434
127	157	0.896071
127	163	1.62503
127	167	0.914451
127	173	2.39985
127	175	2.24598
128	4	0.972778
128	13	0.966474
128	22	0.941089
128	27	0.938488
128	31	0.937001
128	72	0.880349
128	93	0.962763
128	98	0.935829
128	101	0.885453
128	105	1.4179
128	114	1.2541
128	115	1.32966
128	120	0.921883
128	122	0.934887
128	132	0.888477
128	136	0.943113
128	143	0.904525
128	148	0.964261
128	150	0.924728
128	152	0.938094
128	158	1.3948
128	162	1.09522
128	171	0.857755
128	172	0.840958
128	173	0.861203
128	174	0.904041
128	176	0.848741
128	177	0.895722
128	178	0.861961
128	179	0.872526
128	180	0.861078
129	2	0.927639
129	9	1.49564
129	21	0.818313
129	30	0.901762
129	54	0.919261
129	67	2.33984
129	73	0.837651
129	74	0.879368
129	79	0.869646
129	85	0.847514
129	93	0.888776
129	100	0.888928
129	102	0.834107
129	105	0.870615
129	112	0.844275
129	114	0.843176
129	138	0.880226
129	142	0.877895
129	144	0.875825
129	148	0.894535
129	153	1.35275
129	156	0.853187
129	158	0.858788
129	159	0.860445
129	161	0.872126
129	162	0.870405
129	164	1.92844
129	165	0.858388
129	174	1.48672
129	179	2.04928
129	180	0.808498
130	32	0.825466
130	33	0.812736
130	46	0.839317
130	48	0.871733
130	49	0.87642
130	57	0.840444
130	59	0.837149
130	68	0.838458
130	72	0.832507
130	82	0.865578
130	86	0.911583
130	95	0.906797
130	98	0.887987
130	101	0.837611
130	104	0.867852
130	122	0.887045
130	124	0.875119
130	126	0.878309
130	127	0.875252
130	132	0.840636
130	136	0.895271
130	141	2.14564
130	143	0.856683
130	150	0.876886
130	152	0.890252
130	157	0.88589
130	160	1.72114
130	167	0.904271
130	173	2.14562
130	178	2.23584
130	180	2.10803
131	8	9.3
131	44	0.640926
131	62	0.701496
131	65	0.781789
131	122	0.758035
131	124	0.746109
131	133	0.729054
131	136	0.766261
131	143	0.727673
131	144	0.751553
131	150	0.747876
131	152	0.761242
131	156	0.728916
131	157	0.75688
131	158	0.734516
131	159	0.736174
131	160	0.725439
131	161	0.747854
131	162	0.746133
131	163	0.733827
131	165	0.734117
131	168	0.709854
131	170	0.697712
131	171	0.680903
131	172	0.664106
131	173	0.684351
131	174	0.727189
131	175	0.69944
131	177	0.71887
131	178	0.685109
131	179	0.695674
132	4	0.900501
132	19	0.902711
132	22	0.868812
132	27	0.86621
132	31	0.864723
132	36	2.21238
132	42	1.31599
132	47	1.72343
132	50	0.842145
132	55	0.802928
132	85	2.21974
132	95	0.882361
132	101	0.813175
132	128	0.888477
132	130	0.840636
132	134	0.838063
132	136	0.870835
132	148	1.53626
132	150	0.85245
132	152	0.865816
132	166	0.832731
132	169	0.807862
132	171	0.785477
132	173	0.788925
132	174	0.831763
132	175	0.804014
132	176	0.776463
132	177	0.823444
132	178	0.789683
132	179	0.800248
132	180	0.7888
133	6	0.92943
133	14	0.916522
133	43	0.803107
133	51	0.869293
133	54	0.916992
133	58	0.989078
133	60	0.900009
133	63	0.783334
133	77	0.878856
133	79	0.867377
133	80	0.873196
133	81	0.857447
133	84	0.854406
133	88	0.908156
133	91	1.2566
133	93	0.886507
133	97	2.24225
133	100	0.88666
133	102	0.831838
133	115	0.885306
133	131	0.729054
133	134	0.855491
133	142	0.875627
133	148	0.892266
133	155	0.864482
133	161	0.869857
133	162	0.868136
133	164	2.0714
133	165	0.85612
133	176	2.68439
133	180	0.806229
134	7	0.927975
134	10	0.840663
134	23	0.801501
134	28	0.925728
134	32	0.822893
134	36	0.799584
134	37	0.898226
134	38	0.867489
134	61	1.34658
134	66	0.837415
134	82	0.863005
134	86	0.90901
134	90	1.17898
134	103	1.12484
134	105	0.87278
134	121	0.875398
134	127	0.872679
134	132	0.838063
134	133	0.855491
134	138	0.882392
134	141	2.31816
134	143	0.85411
134	148	0.8967
134	150	0.874313
134	152	0.887679
134	157	0.883317
134	161	0.874291
134	162	0.87257
134	165	0.860554
