1	32	0.858415
1	54	0.880919
1	101	0.931312
1	111	0.879682
1	119	1.19331
1	128	1.23513
1	132	0.909435
1	134	0.913624
1	136	0.900698
1	150	0.925295
1	175	1.17494
1	178	1.20119
2	21	0.979672
2	39	1.0234
2	55	0.968145
2	114	0.913258
2	143	1.01101
2	151	1.03735
2	155	1.04542
2	157	0.947154
2	159	1.03914
2	168	1.04605
2	169	0.944467
2	176	1.03995
3	43	0.90431
3	87	0.893515
3	118	0.902852
3	126	1.23198
3	137	0.916587
3	146	0.88812
3	153	0.920484
3	163	0.882915
3	165	1.16849
3	176	1.20365
3	178	1.19796
3	179	0.891889
4	38	0.90962
4	69	1.17785
4	92	1.22441
4	109	1.24264
4	128	0.890561
4	151	0.898211
4	154	0.887279
4	155	0.906279
4	159	0.9
4	168	0.906917
4	176	0.900812
4	177	1.16055
5	48	1.02562
5	86	0.97442
5	119	0.919539
5	120	1.03397
5	139	1.01673
5	146	1.02325
5	153	1.05561
5	154	0.964017
5	156	1.04054
5	163	1.01804
5	173	1.00313
5	178	0.92742
6	124	0.941835
6	128	0.887608
6	129	1.22947
6	144	1.14389
6	151	0.895258
6	154	0.884326
6	155	0.903326
6	159	0.897048
6	168	0.903965
6	173	1.22015
6	179	0.886249
6	180	1.21188
7	18	1.12992
7	25	0.881681
7	26	0.874861
7	89	0.90517
7	99	1.19977
7	102	1.23887
7	121	0.900759
7	123	0.946939
7	126	0.894754
7	143	0.884748
7	150	0.910199
7	159	1.23371
8	61	0.979018
8	87	1.02505
8	118	1.03439
8	123	0.948078
8	125	1.01813
8	127	0.906998
8	140	1.0261
8	146	1.01966
8	148	1.05034
8	158	0.980831
8	170	1.0272
8	180	0.982465
9	77	0.854937
9	118	0.971477
9	136	1.02582
9	145	1.04007
9	152	1.01178
9	155	0.984215
9	157	1.0465
9	161	1.01665
9	166	1.02898
9	167	1.01234
9	169	1.04315
9	180	0.959854
10	61	0.963571
10	66	1.04447
10	91	1.03667
10	116	0.952758
10	120	0.959055
10	138	1.03658
10	160	1.01475
10	169	0.951966
10	172	1.02345
10	174	1.02431
10	176	0.966
10	180	1.01916
11	34	1.01723
11	63	1.03401
11	72	0.881486
11	82	0.998469
11	111	0.970845
11	139	0.935916
11	151	1.02787
11	154	1.01694
11	155	1.03594
11	159	1.02966
11	168	1.03658
11	179	1.01886
12	35	0.889135
12	75	1.00471
12	101	0.948
12	102	1.037
12	121	0.978211
12	137	1.04384
12	143	1.01084
12	145	0.970332
12	146	1.01538
12	153	1.04774
12	156	1.03267
12	179	1.01915
13	60	1.30742
13	87	1.17379
13	120	1.16447
13	131	0.930025
13	144	0.934968
13	159	1.14659
13	161	0.882624
13	166	0.894948
13	167	0.878314
13	169	0.909116
13	177	0.883436
13	180	0.88626
14	30	0.947695
14	47	0.959279
14	51	1.09665
14	114	0.934395
14	138	0.964721
14	154	1.0217
14	159	1.03442
14	168	1.04134
14	176	1.03524
14	178	0.973955
14	179	1.02363
14	180	0.980656
15	72	1.23807
15	85	0.900605
15	111	0.864693
15	123	0.947047
15	126	0.894861
15	146	1.20844
15	147	0.878204
15	149	0.901331
15	150	0.910306
15	162	0.903418
15	165	1.17371
15	177	1.18578
16	30	0.96196
16	44	0.949661
16	107	1.02026
16	128	1.03925
16	130	1.0187
16	142	0.932373
16	154	1.03597
16	168	1.05561
16	170	0.95511
16	171	0.935976
16	176	1.0495
16	179	1.03789
17	61	0.949586
17	67	0.961962
17	100	0.963408
17	152	0.989315
17	158	1.03042
17	159	0.927188
17	172	1.03262
17	174	1.03347
17	175	1.02422
17	177	1.0255
17	178	1.02629
17	180	1.02832
18	7	1.12992
18	82	1.00314
18	99	1.05014
18	103	0.860835
18	147	0.946043
18	171	1.02482
18	174	1.03111
18	175	1.02185
18	176	0.856963
18	177	1.02314
18	178	1.02392
18	180	1.02596
19	64	0.820187
19	103	1.12214
19	119	0.847031
19	129	1.09294
19	133	0.892928
19	139	0.944225
19	140	1.11008
19	153	1.136
19	156	1.12093
19	159	0.835769
19	170	1.11118
19	179	1.1074
19	180	0.861614
20	116	1.03816
20	127	1.02755
20	144	0.984437
20	151	1.0674
20	152	0.950713
20	157	0.985434
20	161	0.955591
20	166	0.967915
20	167	0.95128
20	169	0.982083
20	173	1.06069
20	176	0.979185
20	180	1.05242
21	2	0.979672
21	33	1.14357
21	94	1.06191
21	101	0.993853
21	110	0.934456
21	123	1.02458
21	126	0.972391
21	130	0.961531
21	132	0.971976
21	136	0.963239
21	146	1.00632
21	149	0.978861
21	173	1.01604
22	41	0.992054
22	45	0.983898
22	59	1.13945
22	111	1.10267
22	128	0.968127
22	151	0.975777
22	154	0.964844
22	155	0.983844
22	159	0.977566
22	168	0.984483
22	173	0.993405
22	176	0.978377
22	179	0.966768
23	63	1.02218
23	98	0.998508
23	108	1.00771
23	127	0.98162
23	133	1.0884
23	141	0.955378
23	145	1.06807
23	159	1.03124
23	165	0.976192
23	171	0.966272
23	175	0.963308
23	178	0.965376
23	180	0.967413
24	29	0.917267
24	54	1.12557
24	66	0.974952
24	106	1.05518
24	145	0.993161
24	152	0.964862
24	157	0.999583
24	160	1.05209
24	161	0.96974
24	167	0.96543
24	169	0.996232
24	175	0.996705
24	176	0.993335
25	7	0.881681
25	69	1.02184
25	76	0.972812
25	86	0.993505
25	128	1.05587
25	130	0.979974
25	134	0.994608
25	140	1.04686
25	147	0.974178
25	149	0.997304
25	150	1.00628
25	161	1.06574
25	174	1.01185
26	7	0.874861
26	64	1.01451
26	68	1.01474
26	108	1.0147
26	117	0.97805
26	121	0.990019
26	125	1.10918
26	134	0.987788
26	142	1.01299
26	147	0.967357
26	149	0.990484
26	150	0.999459
26	168	1.04355
27	38	0.922284
27	40	1.03714
27	51	0.974891
27	154	0.899943
27	155	0.918943
27	158	1.13284
27	159	0.912665
27	162	1.10288
27	168	0.919582
27	170	1.14111
27	175	1.10152
27	176	0.913476
27	178	1.12777
27	179	0.901867
28	81	1.01447
28	101	0.918331
28	115	0.872856
28	130	0.999904
28	133	1.05587
28	148	0.926509
28	152	1.04013
28	155	0.954039
28	157	1.07485
28	161	1.04501
28	166	1.05734
28	167	1.0407
28	169	1.0715
28	178	0.922978
29	24	0.917267
29	77	1.03989
29	81	0.890031
29	90	1.14759
29	127	0.992539
29	145	0.943995
29	152	0.915697
29	166	0.932899
29	167	0.916265
29	169	0.947067
29	171	1.1323
29	172	1.139
29	176	0.94417
29	179	1.14166
30	14	0.947695
30	16	0.96196
30	56	1.06486
30	80	0.948372
30	110	1.20018
30	114	1.09146
30	135	0.900699
30	137	1.13672
30	151	0.930097
30	154	0.919165
30	159	0.931887
30	168	0.938804
30	175	1.10478
30	179	0.921089
31	103	0.905728
31	135	0.968573
31	138	1.06569
31	142	0.886772
31	146	0.901428
31	147	0.990935
31	152	0.939155
31	158	1.05037
31	171	1.04713
31	174	1.05342
31	175	1.04417
31	177	1.04545
31	178	1.04624
31	180	1.04827
32	1	0.858415
32	65	0.880961
32	66	1.08647
32	106	0.944955
32	112	1.08116
32	116	1.12691
32	121	0.958477
32	126	0.952472
32	143	0.942466
32	147	0.935815
32	149	0.958942
32	150	0.967917
32	154	1.17106
32	179	1.13803
33	21	1.14357
33	68	1.08222
33	91	0.938112
33	101	1.11207
33	118	1.13504
33	131	0.964366
33	144	0.969309
33	160	0.916194
33	164	0.926995
33	171	0.91946
33	174	0.925749
33	178	0.918564
33	179	1.12028
33	180	0.920602
34	11	1.01723
34	79	0.887691
34	89	1.13546
34	102	0.951362
34	103	0.94824
34	105	1.18973
34	118	0.944467
34	125	0.928209
34	148	0.960419
34	170	0.937279
34	171	1.13904
34	173	0.90962
34	175	1.11859
34	179	0.933504
35	12	0.889135
35	103	0.920257
35	125	0.970642
35	126	0.944716
35	135	1.03412
35	154	1.05259
35	157	0.905037
35	163	0.963518
35	168	1.07223
35	175	1.04206
35	176	1.06612
35	177	1.04334
35	178	1.04413
35	180	1.04616
36	53	1.01744
36	115	0.854787
36	125	0.964849
36	127	1.10762
36	132	0.921861
36	133	1.04652
36	138	0.895674
36	139	1.01435
36	141	0.948386
36	152	1.03078
36	166	1.04798
36	167	1.03135
36	169	1.06215
36	176	1.05926
37	52	0.909651
37	63	1.08748
37	141	0.918854
37	144	0.979597
37	149	1.12951
37	164	0.937283
37	165	0.939668
37	166	1.13691
37	175	0.926784
37	176	1.12137
37	177	0.928065
37	178	0.928852
37	179	1.11926
37	180	0.930889
38	4	0.90962
38	27	0.922284
38	74	0.893832
38	90	1.00864
38	128	1.0188
38	151	1.02645
38	153	0.997875
38	154	1.01551
38	155	1.03451
38	163	1.07787
38	165	0.995579
38	168	1.03515
38	174	1.01497
38	176	1.02905
38	178	1.02505
39	2	1.0234
39	49	1.05115
39	56	0.938399
39	107	0.974447
39	116	0.993002
39	119	0.996677
39	128	0.993436
39	151	1.00109
39	155	1.00915
39	168	1.00979
39	173	1.01953
39	176	1.00369
39	177	0.987155
39	179	0.992077
39	180	1.01126
40	27	1.03714
40	55	1.0721
40	56	0.768856
40	80	1.15958
40	81	0.976821
40	84	1.15564
40	119	0.827133
40	136	0.907681
40	137	0.840709
40	155	1.14937
40	156	0.834473
40	159	1.14309
40	168	1.15001
40	179	1.1323
40	180	0.841716
41	22	0.992054
41	150	1.01772
41	151	1.00952
41	158	1.00351
41	164	1.00781
41	168	0.982145
41	170	1.00118
41	171	1.00027
41	173	0.985881
41	174	1.00656
41	175	0.997311
41	177	0.998591
41	178	0.999379
41	179	0.991401
41	180	1.00142
42	67	1.01539
42	93	0.964466
42	127	1.05198
42	143	1.04802
42	148	0.993351
42	151	1.0115
42	157	1.00986
42	161	0.980015
42	166	0.992339
42	167	0.975705
42	169	1.00651
42	171	0.984022
42	172	0.990721
42	176	1.00361
42	177	0.972416
43	3	0.90431
43	72	0.993743
43	102	1.0273
43	124	0.985123
43	129	0.994978
43	146	1.00567
43	153	1.03803
43	156	1.02297
43	162	1.001
43	163	1.00047
43	165	0.996417
43	170	1.01321
43	174	1.01581
43	175	0.999646
43	177	1.00849
44	16	0.949661
44	59	1.14312
44	60	0.931769
44	87	1.00899
44	88	0.975217
44	125	1.00207
44	131	0.944523
44	151	1.00378
44	153	1.03596
44	156	1.02089
44	163	0.99839
44	164	0.99218
44	170	1.01114
44	173	0.98348
44	179	1.00736
45	22	0.983898
45	95	1.05424
45	114	1.03464
45	119	1.00447
45	121	1.00525
45	157	0.974017
45	164	0.999922
45	170	0.993019
45	172	0.997822
45	174	0.998676
45	175	0.989424
45	177	0.990704
45	178	0.991492
45	179	0.983244
45	180	0.993529
46	60	1.04078
46	79	1.01946
46	81	1.04089
46	95	0.973638
46	112	1.03216
46	130	0.976007
46	155	0.930142
46	164	1.00172
46	171	0.994181
46	172	0.999616
46	174	1.00047
46	175	0.991218
46	177	0.992498
46	178	0.993286
46	180	0.995323
47	14	0.959279
47	55	1.05401
47	82	0.958211
47	85	0.980154
47	109	1.02422
47	124	0.918769
47	137	1.02361
47	144	1.03927
47	147	1.0543
47	153	1.02751
47	170	1.00269
47	172	0.994861
47	173	0.975032
47	178	0.98853
47	180	0.990567
48	5	1.02562
48	95	0.966918
48	115	0.959512
48	120	1.00258
48	134	1.05578
48	146	0.991857
48	148	1.02254
48	156	1.00916
48	158	1.0147
48	162	0.984746
48	163	0.986652
48	170	0.999401
48	175	0.983388
48	178	1.00963
48	179	0.995627
49	39	1.05115
49	64	0.986074
49	65	0.936231
49	85	1.01349
49	99	0.967721
49	116	1.01324
49	117	1.00178
49	127	0.952035
49	130	0.996882
49	132	1.00733
49	147	0.991085
49	149	1.01421
49	150	1.02319
49	162	1.0163
49	173	1.03577
50	82	1.10099
50	94	0.97706
50	126	0.983138
50	136	1.02179
50	138	1.01683
50	151	0.970803
50	156	0.948581
50	164	1.00581
50	165	1.00819
50	166	0.97034
50	172	1.00371
50	175	0.995308
50	177	0.996589
50	178	0.997376
50	180	0.999413
51	14	1.09665
51	27	0.974891
51	72	0.942683
51	84	1.09339
51	90	1.06125
51	92	0.954261
51	98	0.87377
51	117	0.947094
51	122	0.851686
51	132	0.924754
51	135	1.04965
51	151	1.07905
51	155	1.08712
51	164	0.91788
51	168	1.08776
51	179	1.07004
52	37	0.909651
52	79	1.1727
52	103	1.06189
52	113	1.00994
52	123	1.02464
52	153	1.02515
52	157	1.04667
52	158	0.96118
52	160	0.954675
52	164	0.965475
52	172	0.963376
52	174	0.964229
52	176	1.05801
52	177	0.956257
52	178	0.957045
52	180	0.959082
53	36	1.01744
53	80	0.977584
53	119	1.07886
53	127	1.01798
53	140	0.952976
53	153	0.978896
53	154	0.948378
53	155	0.967378
53	159	0.961099
53	163	0.941327
53	167	1.13332
53	168	0.968016
53	170	0.954076
53	171	1.08095
53	174	1.07666
53	179	0.950301
54	1	0.880919
54	24	1.12557
54	74	0.945608
54	85	0.98072
54	106	0.967459
54	109	1.14152
54	117	0.969013
54	120	1.07557
54	126	0.974977
54	130	0.964116
54	132	0.974562
54	136	0.965824
54	138	1.06759
54	143	0.964971
54	147	0.95832
54	165	1.04736
55	2	0.968145
55	40	1.0721
55	47	1.05401
55	85	1.0893
55	116	0.937749
55	151	0.945834
55	154	0.934901
55	155	0.953901
55	157	1.06302
55	159	0.947623
55	168	0.95454
55	176	0.948434
55	177	1.05128
55	178	1.06869
55	179	0.936825
55	180	1.07539
56	30	1.06486
56	39	0.938399
56	40	0.768856
56	71	0.839988
56	86	0.955054
56	109	1.02298
56	112	0.85475
56	124	1.12284
56	136	0.980721
56	139	1.03396
56	145	1.07869
56	157	1.08512
56	161	1.05527
56	166	1.0676
56	167	1.05096
56	169	1.08177
57	74	0.963584
57	90	0.94544
57	97	1.06252
57	115	1.04468
57	116	0.955162
57	128	0.955596
57	150	1.12468
57	151	0.963246
57	154	0.952314
57	155	0.971314
57	159	0.965035
57	162	1.06992
57	167	1.14138
57	168	0.971952
57	176	0.965847
57	179	0.954237
58	67	0.899375
58	107	0.952794
58	123	0.856058
58	129	0.908034
58	130	0.96067
58	154	0.920341
58	158	1.06688
58	164	1.07118
58	165	1.07356
58	172	1.06908
58	174	1.06993
58	175	1.06068
58	176	0.889427
58	177	1.06196
58	178	1.06275
58	180	1.06479
59	22	1.13945
59	44	1.14312
59	80	1.06118
59	110	1.2044
59	113	0.966836
59	138	0.933397
59	144	0.964687
59	159	1.11609
59	165	0.924758
59	168	1.12954
59	171	0.914838
59	172	0.920273
59	174	0.921127
59	175	0.911875
59	177	0.913155
59	178	0.913942
59	180	0.91598
60	13	1.30742
60	44	0.931769
60	46	1.04078
60	64	1.08118
60	82	0.880718
60	118	0.932386
60	120	0.928373
60	137	0.946121
60	140	0.924099
60	142	0.953841
60	146	0.917654
60	148	0.948338
60	163	0.912449
60	167	1.16248
60	170	0.925198
60	175	1.08966
60	180	1.12261
61	8	0.979018
61	10	0.963571
61	17	0.949586
61	86	1.01837
61	89	1.02611
61	91	0.999876
61	111	0.985526
61	117	1.00973
61	123	1.06788
61	130	1.00483
61	132	1.01528
61	134	1.01947
61	138	0.968233
61	149	1.02216
61	150	1.03114
61	165	0.947994
61	166	0.998685
62	63	1.02932
62	65	1.11813
62	74	0.856775
62	80	1.04145
62	83	0.955663
62	131	0.950418
62	138	0.978762
62	145	1.0256
62	152	0.997306
62	153	0.960818
62	159	1.02497
62	166	1.01451
62	167	0.997874
62	169	1.02868
62	176	1.02578
62	178	0.987996
62	179	1.01417
63	11	1.03401
63	23	1.02218
63	37	1.08748
63	62	1.02932
63	71	0.877939
63	83	0.913672
63	104	0.924944
63	107	0.994541
63	116	1.01309
63	128	1.01353
63	141	0.989483
63	151	1.02118
63	155	1.02925
63	159	1.02297
63	167	0.99258
63	168	1.02989
63	179	1.01217
64	19	0.820187
64	26	1.01451
64	49	0.986074
64	60	1.08118
64	86	0.986487
64	93	1.00297
64	109	0.986229
64	139	0.997207
64	140	0.964413
64	152	1.01364
64	157	1.04837
64	161	1.01852
64	166	1.03085
64	167	1.01421
64	169	1.04501
64	176	1.04212
64	180	0.946188
65	32	0.880961
65	49	0.936231
65	62	1.11813
65	78	1.13858
65	86	0.935067
65	101	0.953859
65	106	0.924879
65	130	0.921536
65	136	0.923244
65	139	1.19366
65	143	0.922391
65	147	0.91574
65	149	0.938866
65	150	0.947842
65	163	1.15717
65	173	1.11932
65	175	1.0781
66	10	1.04447
66	24	0.974952
66	32	1.08647
66	77	1.10362
66	87	0.934273
66	92	0.991711
66	109	0.990902
66	123	0.898529
66	138	1.02305
66	155	0.957276
66	166	0.947432
66	171	1.00449
66	172	1.00993
66	174	1.01078
66	177	1.00281
66	178	1.0036
66	180	1.00563
67	17	0.961962
67	42	1.01539
67	58	0.899375
67	97	1.03931
67	105	1.00654
67	109	0.976131
67	145	1.03184
67	157	1.03827
67	166	1.02075
67	167	1.00411
67	169	1.03492
67	171	0.984047
67	174	0.979761
67	176	1.03202
67	178	0.989844
67	179	0.993407
67	180	0.996545
68	26	1.01474
68	33	1.08222
68	89	0.930332
68	94	1.00056
68	109	0.974677
68	127	1.07893
68	139	0.985655
68	145	1.03039
68	157	1.03681
68	161	1.00697
68	162	0.914826
68	166	1.01929
68	167	1.00266
68	169	1.03346
68	171	0.933916
68	174	0.92963
68	176	1.03056
69	4	1.17785
69	25	1.02184
69	72	0.972011
69	75	0.973271
69	100	0.991193
69	124	0.933349
69	145	0.991802
69	147	1.06888
69	148	1.01462
69	155	1.00518
69	160	0.974951
69	163	0.978734
69	170	0.991482
69	171	0.978217
69	174	0.984506
69	177	0.976534
69	178	0.977321
69	180	0.979359
70	94	0.952831
70	99	0.999365
70	102	1.00116
70	104	1.01177
70	131	1.01895
70	149	1.02897
70	152	1.05813
70	160	0.970777
70	161	1.05895
70	169	1.00679
70	171	0.974043
70	174	0.980332
70	175	0.97108
70	176	1.02083
70	177	0.97236
70	178	0.973147
70	179	1.01871
70	180	0.975185
71	56	0.839988
71	63	0.877939
71	74	1.1499
71	115	1.09522
71	122	1.11001
71	138	1.07906
71	140	0.931073
71	142	0.896747
71	151	0.927828
71	153	0.878968
71	155	0.937208
71	157	0.900483
71	160	1.05723
71	165	1.07042
71	175	1.05753
71	177	1.05881
71	178	1.0596
71	180	1.06164
72	11	0.881486
72	15	1.23807
72	43	0.993743
72	51	0.942683
72	69	0.972011
72	96	1.06948
72	101	1.00445
72	121	1.03466
72	125	0.976027
72	129	0.96686
72	132	1.02605
72	146	0.977553
72	148	1.00824
72	153	1.00992
72	163	0.972348
72	170	0.985097
72	173	0.957438
72	179	0.981323
73	91	0.992584
73	92	0.961152
73	96	1.0741
73	113	1.02593
73	153	0.986537
73	154	1.05031
73	156	1.01317
73	158	0.977171
73	164	0.981467
73	165	0.983851
73	166	1.03493
73	168	1.00802
73	170	1.02705
73	172	0.979367
73	174	0.980221
73	175	0.970968
73	177	0.972249
73	180	0.975073
74	38	0.893832
74	54	0.945608
74	57	0.963584
74	62	0.856775
74	71	1.1499
74	94	1.04623
74	134	0.889137
74	144	1.11729
74	161	0.886799
74	163	0.895808
74	164	1.07498
74	166	0.864209
74	172	1.07288
74	174	1.07373
74	175	1.06448
74	177	1.06576
74	178	1.06655
74	180	1.06858
75	12	1.00471
75	69	0.973271
75	95	0.953873
75	99	0.980817
75	108	0.99935
75	118	0.993544
75	122	0.97778
75	125	0.977286
75	129	0.96812
75	136	1.10656
75	138	1.02466
75	142	1.015
75	149	1.04772
75	154	1.07049
75	156	0.99611
75	163	0.973607
75	170	0.986356
75	173	0.958697
76	25	0.972812
76	89	0.996301
76	101	1.00735
76	111	0.955717
76	117	0.979922
76	122	0.980503
76	130	0.975025
76	132	0.985471
76	134	0.989659
76	136	0.976733
76	137	1.04231
76	147	0.969229
76	149	0.992355
76	154	1.07322
76	159	1.01748
76	164	1.0467
76	165	1.00715
76	172	1.03752
77	9	0.854937
77	29	1.03989
77	66	1.10362
77	78	1.0608
77	83	1.1164
77	100	0.893073
77	141	1.06627
77	156	0.875455
77	159	0.856854
77	167	0.922573
77	168	0.870305
77	171	1.07717
77	173	1.06277
77	174	1.08346
77	176	0.881681
77	177	1.07549
77	178	1.07627
77	180	1.07831
78	65	1.13858
78	77	1.0608
78	84	0.976739
78	88	0.98511
78	95	1.083
78	116	1.00088
78	122	1.01118
78	142	0.999041
78	153	0.981262
78	157	0.989014
78	161	0.959171
78	166	0.971495
78	167	0.954861
78	171	0.961665
78	176	0.982766
78	178	0.96077
78	179	1.012
78	180	0.962807
79	34	0.887691
79	46	1.01946
79	52	1.1727
79	97	1.0623
79	119	1.08671
79	120	0.958155
79	125	0.94591
79	129	0.936744
79	140	0.953881
79	144	1.03331
79	146	0.947436
79	148	0.97812
79	152	1.13757
79	153	0.9798
79	156	0.964734
79	163	0.942231
79	170	0.95498
79	172	1.09549
79	179	0.951206
80	30	0.948372
80	40	1.15958
80	53	0.977584
80	59	1.06118
80	62	1.04145
80	83	0.867823
80	105	0.945046
80	111	1.0244
80	124	1.07989
80	147	0.994919
80	151	1.03331
80	154	1.02238
80	159	1.0351
80	168	1.04202
80	170	0.913493
80	171	0.894359
80	176	1.03591
80	178	0.900156
80	179	1.0243
81	28	1.01447
81	29	0.890031
81	40	0.976821
81	46	1.04089
81	93	0.926956
81	115	1.0659
81	132	1.13297
81	139	0.921189
81	145	0.965925
81	146	1.12128
81	152	0.937627
81	157	0.972348
81	160	1.14516
81	161	0.942505
81	166	0.954829
81	167	0.938194
81	169	0.968997
81	176	0.966099
81	180	1.12272
82	11	0.998469
82	18	1.00314
82	47	0.958211
82	50	1.10099
82	60	0.880718
82	95	0.927605
82	110	0.921823
82	116	1.11852
82	120	0.963263
82	137	0.981011
82	140	0.958989
82	146	0.952544
82	148	0.983228
82	151	1.14776
82	156	0.969842
82	157	1.12041
82	163	0.947339
82	177	1.10867
82	179	0.956314
83	62	0.955663
83	63	0.913672
83	77	1.1164
83	80	0.867823
83	119	1.02934
83	122	1.06678
83	131	1.06217
83	135	1.01428
83	137	0.947575
83	158	1.0205
83	163	0.994697
83	170	0.955218
83	171	1.01726
83	172	1.0227
83	175	1.0143
83	177	1.01558
83	178	1.01637
83	179	0.945444
83	180	1.01841
84	40	1.15564
84	51	1.09339
84	78	0.976739
84	90	1.01157
84	95	0.991657
84	108	0.907966
84	140	1.02304
84	145	0.960197
84	146	1.0166
84	151	1.02937
84	158	0.947579
84	161	0.986319
84	168	1.03808
84	170	1.02414
84	172	0.943413
84	173	0.996481
84	174	0.932429
84	179	1.02037
84	180	0.949213
85	15	0.900605
85	47	0.980154
85	49	1.01349
85	54	0.98072
85	55	1.0893
85	105	0.99234
85	106	1.00213
85	112	0.941525
85	121	1.01566
85	123	1.06184
85	126	1.00965
85	130	0.998791
85	136	1.0005
85	143	0.999645
85	150	1.0251
85	165	0.965356
85	167	1.04141
85	170	1.00817
85	176	1.00051
85	177	0.977427
86	5	0.97442
86	25	0.993505
86	56	0.955054
86	61	1.01837
86	64	0.986487
86	65	0.935067
86	97	0.988929
86	106	0.999061
86	111	0.97641
86	132	1.00616
86	142	1.03555
86	143	0.996573
86	147	0.989922
86	149	1.01305
86	150	1.02202
86	154	1.05781
86	162	1.01513
86	174	1.01113
86	177	1.00381
86	180	1.02791
87	3	0.893515
87	8	1.02505
87	13	1.17379
87	44	1.00899
87	66	0.934273
87	102	1.0165
87	120	1.00559
87	132	0.999224
87	137	1.02334
87	140	1.00132
87	145	0.999957
87	146	0.994876
87	153	1.02724
87	156	1.01217
87	163	0.989671
87	165	0.952798
87	170	1.00242
87	174	0.972189
87	176	0.987955
87	178	0.982272
88	44	0.975217
88	78	0.98511
88	92	0.988702
88	106	0.999558
88	130	1.04426
88	137	0.973024
88	141	0.990588
88	143	1.02553
88	149	0.981152
88	158	1.00472
88	163	1.02015
88	164	1.00902
88	165	1.0114
88	171	1.00148
88	174	1.00777
88	175	0.998519
88	177	0.999799
88	178	1.00059
88	179	0.970893
88	180	1.00262
89	7	0.90517
89	34	1.13546
89	61	1.02611
89	68	0.930332
89	76	0.996301
89	106	1.00681
89	111	0.984155
89	117	1.00836
89	121	1.02033
89	130	1.00346
89	132	1.01391
89	134	1.0181
89	141	1.00831
89	147	0.997666
89	149	1.02079
89	152	1.00782
89	158	0.9699
89	161	1.00864
89	173	0.979807
89	178	0.964832
90	29	1.14759
90	38	1.00864
90	51	1.06125
90	57	0.94544
90	84	1.01157
90	97	0.951422
90	107	0.970592
90	112	1.01671
90	113	0.935172
90	116	0.989146
90	150	1.01359
90	154	0.986298
90	155	1.0053
90	159	0.99902
90	162	0.958819
90	167	1.03028
90	168	1.00594
90	173	0.99868
90	174	0.973623
90	176	0.999831
91	10	1.03667
91	33	0.938112
91	61	0.999876
91	73	0.992584
91	113	1.04869
91	123	0.968936
91	127	0.927856
91	128	1.03056
91	135	1.06902
91	155	1.02768
91	159	0.977478
91	164	1.00422
91	165	1.00661
91	169	0.98827
91	172	1.00213
91	173	0.982296
91	174	1.00298
91	175	0.993726
91	177	0.995007
91	180	0.997831
92	4	1.22441
92	51	0.954261
92	66	0.991711
92	73	0.961152
92	88	0.988702
92	123	0.992987
92	136	1.09334
92	141	0.954363
92	158	0.968497
92	160	0.961992
92	163	1.07349
92	165	0.975177
92	168	1.01498
92	169	1.01232
92	172	0.970693
92	174	0.971546
92	175	0.962294
92	176	1.02636
92	177	0.963574
92	178	0.964362
92	180	0.966399
93	42	0.964466
93	64	1.00297
93	81	0.926956
93	96	0.945432
93	104	1.02284
93	125	1.10385
93	127	1.02946
93	133	0.968359
93	139	0.936184
93	140	1.06883
93	145	0.98092
93	154	1.0805
93	161	0.9575
93	162	1.01902
93	166	0.969824
93	167	0.953189
93	169	0.983992
93	173	1.05888
93	174	1.03382
93	175	1.01766
93	176	0.981094
94	21	1.06191
94	50	0.97706
94	68	1.00056
94	70	0.952831
94	74	1.04623
94	106	1.06729
94	109	1.09975
94	113	1.00882
94	141	0.945931
94	146	1.04032
94	156	1.03452
94	160	0.95356
94	164	0.96436
94	165	0.966745
94	170	1.0484
94	172	0.962261
94	175	0.953862
94	176	1.04074
94	177	0.955142
94	178	0.95593
94	180	0.957967
95	45	1.05424
95	46	0.973638
95	48	0.966918
95	75	0.953873
95	78	1.083
95	82	0.927605
95	84	0.991657
95	103	0.983046
95	106	1.081
95	129	0.953848
95	142	1.00073
95	152	1.09175
95	153	0.996905
95	156	0.981839
95	163	0.959336
95	170	0.972085
95	173	0.944426
95	174	1.03869
95	177	1.03137
95	178	1.04877
95	179	0.968311
96	72	1.06948
96	73	1.0741
96	93	0.945432
96	97	0.99187
96	108	1.00005
96	109	0.928687
96	127	1.03295
96	133	0.97184
96	135	0.952577
96	139	0.939666
96	145	0.984401
96	146	1.03985
96	152	0.956103
96	155	1.06566
96	157	0.990824
96	160	1.06374
96	161	0.960981
96	167	0.956671
96	169	0.987473
96	173	1.04957
96	179	1.03816
97	57	1.06252
97	67	1.03931
97	79	1.0623
97	86	0.988929
97	90	0.951422
97	96	0.99187
97	106	0.974159
97	108	0.907384
97	109	0.971644
97	126	0.975945
97	127	1.0759
97	131	0.904351
97	139	0.982622
97	145	1.02736
97	150	0.971809
97	152	0.99906
97	157	1.03378
97	161	1.00394
97	166	1.01626
97	167	0.999627
97	169	1.03043
97	176	1.02753
98	23	0.998508
98	51	0.87377
98	105	0.985072
98	109	1.00487
98	111	1.06442
98	115	1.045
98	116	0.932623
98	125	1.00012
98	131	1.05518
98	134	0.986326
98	141	0.99938
98	143	0.998378
98	148	0.943713
98	158	1.01351
98	160	1.00701
98	164	1.01781
98	171	1.01027
98	174	1.01656
98	175	1.00731
98	177	1.00859
98	178	1.00938
98	180	1.01142
99	7	1.19977
99	18	1.05014
99	49	0.967721
99	70	0.999365
99	75	0.980817
99	102	0.907152
99	113	1.05536
99	118	0.939458
99	119	1.01544
99	123	0.893448
99	131	1.04827
99	133	0.95915
99	141	0.992466
99	160	1.00009
99	163	0.973951
99	164	1.01089
99	167	0.967709
99	171	1.00336
99	172	1.0088
99	174	1.00965
99	177	1.00168
99	180	1.0045
100	17	0.963408
100	69	0.991193
100	77	0.893073
100	116	0.98373
100	129	1.01558
100	132	1.016
100	134	1.02019
100	137	0.996984
100	142	1.04539
100	143	1.00641
100	147	0.999761
100	149	1.02289
100	152	0.996111
100	157	1.03083
100	158	0.996357
100	161	1.00099
100	166	1.01331
100	167	0.996678
100	169	1.02748
100	175	0.965044
100	176	1.02458
100	179	0.994853
101	1	0.931312
101	12	0.948
101	21	0.993853
101	28	0.918331
101	33	1.11207
101	65	0.953859
101	72	1.00445
101	76	1.00735
101	106	1.01785
101	121	1.03138
101	123	1.07756
101	134	1.02914
101	136	1.01622
101	140	0.994492
101	142	1.05434
101	143	1.01536
101	149	1.03184
101	150	1.04081
101	153	0.942387
101	169	0.961215
101	175	0.943321
101	180	0.976267
102	7	1.23887
102	12	1.037
102	34	0.951362
102	43	1.0273
102	70	1.00116
102	87	1.0165
102	99	0.907152
102	108	0.925686
102	115	0.91011
102	120	1.02183
102	124	0.919464
102	125	1.00958
102	140	1.01755
102	142	1.04729
102	148	1.04179
102	158	0.965299
102	163	1.0059
102	166	0.981449
102	170	1.01865
102	171	0.954434
102	173	0.990993
102	179	1.01488
103	18	0.860835
103	19	1.12214
103	31	0.905728
103	34	0.94824
103	35	0.920257
103	52	1.06189
103	95	0.983046
103	125	1.00646
103	134	1.02991
103	137	1.03645
103	139	1.07308
103	140	1.01443
103	146	1.00799
103	148	1.03867
103	156	1.02528
103	163	1.00278
103	164	0.993848
103	170	1.01553
103	173	0.987871
103	176	0.989452
103	177	0.966366
103	179	1.01176
104	63	0.924944
104	70	1.01177
104	93	1.02284
104	128	0.987091
104	135	1.02555
104	141	1.00487
104	149	0.966975
104	156	0.952611
104	157	0.947488
104	158	1.019
104	160	1.0125
104	163	1.00597
104	164	1.0233
104	165	1.02568
104	172	1.0212
104	173	1.00137
104	174	1.02205
104	175	1.0128
104	176	0.958836
104	177	1.01408
104	178	1.01487
104	180	1.0169
105	34	1.18973
105	67	1.00654
105	80	0.945046
105	85	0.99234
105	98	0.985072
105	112	0.965799
105	114	0.979543
105	130	0.975736
105	132	0.986182
105	133	0.982026
105	134	0.99037
105	136	0.977444
105	143	0.976591
105	147	0.96994
105	156	1.01856
105	157	1.00101
105	158	1.02417
105	163	1.07192
105	166	0.983491
105	167	0.966857
105	169	0.997659
105	176	0.994762
105	179	1.02267
106	24	1.05518
106	32	0.944955
106	54	0.967459
106	65	0.924879
106	85	1.00213
106	86	0.999061
106	88	0.999558
106	89	1.00681
106	94	1.06729
106	95	1.081
106	97	0.974159
106	101	1.01785
106	110	0.958455
106	111	0.966222
106	121	1.0024
106	123	1.04858
106	132	0.995975
106	143	0.986384
106	147	0.979733
106	158	1.01151
106	172	1.00734
106	173	1.02142
106	177	0.98904
107	16	1.02026
107	39	0.974447
107	58	0.952794
107	63	0.994541
107	90	0.970592
107	114	1.0037
107	116	0.980315
107	128	0.980749
107	131	1.00568
107	135	0.959
107	151	0.988399
107	154	0.977466
107	155	0.996466
107	159	0.990188
107	162	1.01838
107	163	1.09608
107	165	1.01379
107	168	0.997105
107	172	1.04416
107	174	1.03318
107	176	0.990999
107	178	1.04326
107	179	0.97939
108	23	1.00771
108	26	1.0147
108	75	0.99935
108	84	0.907966
108	96	1.00005
108	97	0.907384
108	102	0.925686
108	114	1.06173
108	124	0.8989
108	138	1.03803
108	139	1.02898
108	144	1.06932
108	158	1.02271
108	160	1.01621
108	162	1.04096
108	166	0.960885
108	170	0.953005
108	171	1.01947
108	172	1.02491
108	174	1.02576
108	175	1.01651
108	177	1.01779
108	178	1.01858
108	180	1.02061
109	4	1.24264
109	47	1.02422
109	54	1.14152
109	56	1.02298
109	64	0.986229
109	66	0.990902
109	67	0.976131
109	68	0.974677
109	94	1.09975
109	96	0.928687
109	97	0.971644
109	98	1.00487
109	133	0.951614
109	139	0.91944
109	152	0.935877
109	157	0.970598
109	161	0.940755
109	166	0.953079
109	167	0.936445
109	169	0.967247
109	171	1.0331
109	176	0.96435
109	177	1.0215
109	180	1.0456
110	21	0.934456
110	30	1.20018
110	59	1.2044
110	82	0.921823
110	106	0.958455
110	115	0.993252
110	119	1.03549
110	125	0.957233
110	136	0.95682
110	137	0.987226
110	140	0.965204
110	143	0.955967
110	144	0.982093
110	147	0.949316
110	150	0.981418
110	156	0.976057
110	160	1.07252
110	162	0.974529
110	163	0.953554
110	166	1.06459
110	170	0.966303
110	174	1.03329
110	177	1.02597
110	179	0.962528
111	1	0.879682
111	11	0.970845
111	15	0.864693
111	22	1.10267
111	61	0.985526
111	76	0.955717
111	80	1.0244
111	86	0.97641
111	89	0.984155
111	98	1.06442
111	106	0.966222
111	126	0.973739
111	131	1.06088
111	134	0.977513
111	136	0.964587
111	143	0.963734
111	147	0.957082
111	148	1.10199
111	149	0.980209
111	150	0.989184
111	159	1.07931
111	162	0.982296
111	171	1.09266
111	179	1.10202
112	32	1.08116
112	46	1.03216
112	56	0.85475
112	85	0.941525
112	90	1.01671
112	105	0.965799
112	116	1.02643
112	118	0.939233
112	134	0.967054
112	144	1.06586
112	146	0.926164
112	147	1.01567
112	149	0.934731
112	151	1.03451
112	159	1.0363
112	167	0.967484
112	168	1.04322
112	171	1.01601
112	174	1.0223
112	175	1.01305
112	176	1.03711
112	177	1.01433
112	179	1.0255
112	180	1.01715
113	52	1.00994
113	59	0.966836
113	73	1.02593
113	90	0.935172
113	91	1.04869
113	94	1.00882
113	99	1.05536
113	115	1.06476
113	125	0.98562
113	130	1.00261
113	136	0.998345
113	137	0.931374
113	141	1.01914
113	145	0.943364
113	148	0.929211
113	155	0.956741
113	158	1.03327
113	160	1.02677
113	162	1.05153
113	167	0.972254
113	177	1.02835
113	178	1.02914
113	179	0.929243
113	180	1.03118
114	2	0.913258
114	14	0.934395
114	30	1.09146
114	45	1.03464
114	105	0.979543
114	107	1.0037
114	108	1.06173
114	119	1.03237
114	125	0.994593
114	127	0.865887
114	131	1.0652
114	141	1.0094
114	153	0.907474
114	154	0.97125
114	156	0.934111
114	160	1.01703
114	165	1.03021
114	171	1.02029
114	172	1.02573
114	174	1.02658
114	175	1.01733
114	177	1.01861
114	178	1.0194
114	180	1.02143
115	28	0.872856
115	36	0.854787
115	48	0.959512
115	57	1.04468
115	71	1.09522
115	81	1.0659
115	98	1.045
115	102	0.91011
115	110	0.993252
115	113	1.06476
115	121	0.949656
115	133	0.962108
115	141	1.00187
115	143	0.982288
115	144	1.06261
115	160	1.00949
115	164	1.02029
115	165	1.02268
115	171	1.01276
115	174	1.01905
115	175	1.0098
115	177	1.01108
115	178	1.01186
115	180	1.0139
116	10	0.952758
116	20	1.03816
116	32	1.12691
116	39	0.993002
116	49	1.01324
116	55	0.937749
116	57	0.955162
116	63	1.01309
116	78	1.00088
116	82	1.11852
116	90	0.989146
116	98	0.932623
116	100	0.98373
116	107	0.980315
116	112	1.02643
116	124	1.05353
116	127	0.897889
116	128	0.999303
116	151	1.00695
116	154	0.99602
116	155	1.01502
116	159	1.00874
116	165	0.93718
116	168	1.01566
116	176	1.00955
117	26	0.97805
117	49	1.00178
117	51	0.947094
117	54	0.969013
117	61	1.00973
117	76	0.979922
117	89	1.00836
117	121	1.00395
117	123	1.05013
117	126	0.997944
117	132	0.997529
117	134	1.00172
117	142	1.02692
117	143	0.987938
117	147	0.981287
117	157	1.00784
117	158	1.01857
117	162	1.0065
117	165	0.984032
117	169	1.00515
117	173	1.02848
117	175	0.987261
117	176	1.01919
117	177	0.996103
117	178	1.01351
118	3	0.902852
118	8	1.03439
118	9	0.971477
118	33	1.13504
118	34	0.944467
118	60	0.932386
118	75	0.993544
118	99	0.939458
118	112	0.939233
118	120	1.01493
118	129	0.993519
118	137	1.03268
118	142	1.0404
118	148	1.0349
118	152	1.03552
118	153	1.03658
118	156	1.02151
118	158	0.997605
118	162	0.96765
118	163	0.999007
118	167	1.03911
118	170	1.01176
118	171	0.98674
118	172	0.993439
118	179	1.00798
119	1	1.19331
119	5	0.919539
119	19	0.847031
119	39	0.996677
119	40	0.827133
119	45	1.00447
119	53	1.07886
119	79	1.08671
119	83	1.02934
119	99	1.01544
119	110	1.03549
119	114	1.03237
119	126	1.00035
119	134	1.01248
119	158	0.993355
119	162	1.01161
119	165	1.00004
119	171	0.990115
119	172	0.995551
119	173	0.975722
119	174	0.996404
119	175	0.987152
119	177	0.988432
119	178	0.98922
119	180	0.991257
120	5	1.03397
120	10	0.959055
120	13	1.16447
120	48	1.00258
120	54	1.07557
120	60	0.928373
120	79	0.958155
120	82	0.963263
120	87	1.00559
120	102	1.02183
120	118	1.01493
120	125	0.998673
120	129	0.989506
120	144	0.91167
120	148	1.03088
120	152	1.01593
120	153	1.03256
120	156	1.0175
120	161	1.01676
120	163	0.994994
120	168	0.967259
120	170	1.00774
120	172	0.973852
120	175	0.946706
120	178	0.972951
121	7	0.900759
121	12	0.978211
121	26	0.990019
121	32	0.958477
121	45	1.00525
121	72	1.03466
121	85	1.01566
121	89	1.02033
121	101	1.03138
121	106	1.0024
121	115	0.949656
121	117	1.00395
121	126	1.00991
121	132	1.0095
121	134	1.01369
121	136	1.00076
121	143	0.999907
121	150	1.02536
121	152	1.04276
121	156	0.999236
121	159	0.980634
121	162	1.01847
121	173	1.01475
121	174	0.989695
121	176	1.00546
122	51	0.851686
122	71	1.11001
122	75	0.97778
122	76	0.980503
122	78	1.01118
122	83	1.06678
122	144	1.0774
122	145	0.935782
122	146	0.923353
122	147	1.01286
122	149	0.93192
122	150	0.947976
122	152	0.96108
122	155	0.949158
122	156	0.917555
122	162	1.04905
122	164	1.03509
122	165	1.03748
122	171	1.02755
122	172	1.03299
122	173	1.01316
122	174	1.03384
122	175	1.02459
122	177	1.02587
122	178	1.02666
122	180	1.0287
123	7	0.946939
123	8	0.948078
123	15	0.947047
123	21	1.02458
123	52	1.02464
123	58	0.856058
123	61	1.06788
123	66	0.898529
123	85	1.06184
123	91	0.968936
123	92	0.992987
123	99	0.893448
123	101	1.07756
123	106	1.04858
123	117	1.05013
123	126	1.05609
123	130	1.04523
123	132	1.05568
123	143	1.04609
123	147	1.03944
123	149	1.06256
123	150	1.07154
123	160	0.97567
123	172	0.947429
123	176	0.952211
123	178	0.946527
124	6	0.941835
124	43	0.985123
124	47	0.918769
124	56	1.12284
124	69	0.933349
124	80	1.07989
124	102	0.919464
124	108	0.8989
124	116	1.05353
124	133	1.05148
124	139	1.0193
124	141	0.976923
124	151	1.06161
124	152	1.03574
124	154	1.05068
124	155	1.06968
124	158	0.938513
124	159	1.0634
124	161	1.04062
124	162	0.908558
124	164	0.943524
124	166	1.05294
124	167	1.03631
124	169	1.06711
124	170	0.946783
124	174	0.923363
124	177	0.916043
124	179	1.05261
125	8	1.01813
125	26	1.10918
125	34	0.928209
125	35	0.970642
125	36	0.964849
125	44	1.00207
125	72	0.976027
125	75	0.977286
125	79	0.94591
125	93	1.10385
125	98	1.00012
125	102	1.00958
125	103	1.00646
125	110	0.957233
125	113	0.98562
125	114	0.994593
125	120	0.998673
125	137	1.01642
125	140	0.994399
125	148	1.01864
125	156	1.00525
125	162	1.00927
125	163	0.98275
125	164	1.04423
125	170	0.995498
125	173	0.967839
125	175	1.00791
125	177	1.01675
126	3	1.23198
126	7	0.894754
126	15	0.894861
126	21	0.972391
126	32	0.952472
126	35	0.944716
126	50	0.983138
126	54	0.974977
126	85	1.00965
126	97	0.975945
126	111	0.973739
126	117	0.997944
126	119	1.00035
126	121	1.00991
126	123	1.05609
126	134	1.00768
126	142	1.03288
126	143	0.993902
126	147	0.987251
126	149	1.01038
126	150	1.01935
126	157	1.00256
126	162	1.01246
126	166	1.02945
126	169	0.999877
126	171	1.00243
126	176	1.01391
126	180	1.01493
127	8	0.906998
127	20	1.02755
127	23	0.98162
127	29	0.992539
127	36	1.10762
127	42	1.05198
127	49	0.952035
127	53	1.01798
127	68	1.07893
127	91	0.927856
127	93	1.02946
127	96	1.03295
127	97	1.0759
127	114	0.865887
127	116	0.897889
127	128	0.939386
127	133	1.05587
127	139	1.0237
127	145	1.06843
127	150	0.935327
127	151	0.927128
127	152	1.04014
127	160	0.93459
127	161	1.04501
127	166	1.05734
127	167	1.0407
127	169	1.07151
127	180	0.912149
128	1	1.23513
128	4	0.890561
128	6	0.887608
128	16	1.03925
128	22	0.968127
128	25	1.05587
128	38	1.0188
128	39	0.993436
128	57	0.955596
128	63	1.01353
128	91	1.03056
128	104	0.987091
128	107	0.980749
128	116	0.999303
128	127	0.939386
128	137	1.01385
128	144	0.946871
128	151	1.00739
128	154	0.996455
128	155	1.01545
128	159	1.00918
128	162	0.983265
128	168	1.01609
128	171	1.00235
128	174	0.998069
128	176	1.00999
128	179	0.998378
128	180	1.01485
129	6	1.22947
129	19	1.09294
129	43	0.994978
129	58	0.908034
129	72	0.96686
129	75	0.96812
129	79	0.936744
129	95	0.953848
129	100	1.01558
129	118	0.993519
129	120	0.989506
129	135	1.0709
129	137	1.00725
129	146	0.978788
129	148	1.00947
129	149	1.01233
129	153	1.01115
129	156	0.996086
129	159	0.97936
129	163	0.973583
129	164	1.00858
129	169	0.990152
129	170	0.986332
129	171	0.992706
129	173	0.958673
129	174	0.988421
129	176	1.00419
129	179	0.982557
130	16	1.0187
130	21	0.961531
130	25	0.979974
130	28	0.999904
130	46	0.976007
130	49	0.996882
130	54	0.964116
130	58	0.96067
130	61	1.00483
130	65	0.921536
130	76	0.975025
130	85	0.998791
130	88	1.04426
130	89	1.00346
130	105	0.975736
130	113	1.00261
130	123	1.04523
130	131	1.01356
130	134	0.996821
130	136	0.983895
130	143	0.983041
130	149	0.999517
130	150	1.00849
130	162	1.0016
130	164	1.06122
130	171	1.04534
130	172	1.05204
130	177	1.03374
131	13	0.930025
131	33	0.964366
131	44	0.944523
131	62	0.950418
131	70	1.01895
131	83	1.06217
131	97	0.904351
131	98	1.05518
131	99	1.04827
131	107	1.00568
131	111	1.06088
131	114	1.0652
131	130	1.01356
131	132	0.953587
131	138	1.0415
131	141	1.01205
131	150	0.966514
131	155	0.967696
131	164	1.03048
131	165	1.03286
131	166	0.957852
131	169	0.928284
131	171	1.02294
131	174	1.02923
131	175	1.01998
131	177	1.02126
131	178	1.02205
131	179	0.940198
131	180	1.02409
132	1	0.909435
132	21	0.971976
132	36	0.921861
132	49	1.00733
132	51	0.924754
132	54	0.974562
132	61	1.01528
132	72	1.02605
132	76	0.985471
132	81	1.13297
132	86	1.00616
132	87	0.999224
132	89	1.01391
132	100	1.016
132	105	0.986182
132	106	0.995975
132	117	0.997529
132	121	1.0095
132	123	1.05568
132	131	0.953587
132	136	0.99434
132	141	1.03464
132	142	1.03247
132	146	0.996421
132	149	1.00996
132	150	1.01894
132	158	0.996233
132	167	1.03774
132	169	0.982814
132	179	0.994729
133	19	0.892928
133	23	1.0884
133	28	1.05587
133	36	1.04652
133	93	0.968359
133	96	0.97184
133	99	0.95915
133	105	0.982026
133	109	0.951614
133	115	0.962108
133	124	1.05148
133	127	1.05587
133	135	0.975503
133	138	1.00299
133	139	0.962593
133	141	1.05571
133	145	1.00733
133	146	1.01748
133	152	0.97903
133	157	1.01375
133	161	0.983908
133	162	0.987342
133	164	1.02231
133	166	0.996232
133	167	0.979598
133	169	1.0104
133	173	1.0272
133	175	0.985984
133	176	1.0075
133	178	1.01223
134	1	0.913624
134	25	0.994608
134	26	0.987788
134	48	1.05578
134	61	1.01947
134	74	0.889137
134	76	0.989659
134	89	1.0181
134	98	0.986326
134	100	1.02019
134	101	1.02914
134	103	1.02991
134	105	0.99037
134	111	0.977513
134	112	0.967054
134	117	1.00172
134	119	1.01248
134	121	1.01369
134	126	1.00768
134	130	0.996821
134	136	0.998529
134	142	1.03665
134	144	0.959077
134	147	0.991024
134	149	1.01415
134	158	1.02543
134	169	1.01201
134	171	1.01456
134	176	1.02604
134	180	1.02706
135	30	0.900699
135	31	0.968573
135	35	1.03412
135	51	1.04965
135	83	1.01428
135	91	1.06902
135	96	0.952577
135	104	1.02555
135	107	0.959
135	129	1.0709
135	133	0.975503
135	137	1.05231
135	139	0.943329
135	144	0.985333
135	145	0.988065
135	149	1.06044
135	151	0.985638
135	152	0.959766
135	155	0.993706
135	156	1.04607
135	157	0.994487
135	159	0.987428
135	161	0.964644
135	162	1.02173
135	167	0.960334
135	168	0.994345
135	169	0.991136
135	173	1.06159
135	176	0.988239
135	177	1.02921
135	179	0.97663
136	1	0.900698
136	9	1.02582
136	21	0.963239
136	40	0.907681
136	50	1.02179
136	54	0.965824
136	56	0.980721
136	65	0.923244
136	75	1.10656
136	76	0.976733
136	85	1.0005
136	92	1.09334
136	101	1.01622
136	105	0.977444
136	110	0.95682
136	111	0.964587
136	113	0.998345
136	121	1.00076
136	130	0.983895
136	132	0.99434
136	134	0.998529
136	143	0.98475
136	147	0.978098
136	149	1.00122
136	150	1.0102
136	161	1.09069
136	162	1.00331
136	165	1.01741
136	170	1.06022
136	178	1.04688
136	180	1.05358
137	3	0.916587
137	12	1.04384
137	30	1.13672
137	40	0.840709
137	47	1.02361
137	60	0.946121
137	76	1.04231
137	82	0.981011
137	83	0.947575
137	87	1.02334
137	88	0.973024
137	100	0.996984
137	103	1.03645
137	110	0.987226
137	113	0.931374
137	118	1.03268
137	125	1.01642
137	128	1.01385
137	129	1.00725
137	135	1.05231
137	140	1.02439
137	146	1.01795
137	153	1.05031
137	156	1.03525
137	163	1.01274
137	165	0.950434
137	170	1.02549
137	173	0.997832
137	175	0.953663
137	176	0.985591
137	178	0.979908
137	179	1.02172
138	10	1.03658
138	14	0.964721
138	31	1.06569
138	36	0.895674
138	50	1.01683
138	54	1.06759
138	59	0.933397
138	61	0.968233
138	62	0.978762
138	66	1.02305
138	71	1.07906
138	75	1.02466
138	108	1.03803
138	131	1.0415
138	133	1.00299
138	141	0.985703
138	142	0.955579
138	143	1.02317
138	148	0.96851
138	150	0.994858
138	151	0.986659
138	158	0.999836
138	160	0.993331
138	162	1.01809
138	168	0.959286
138	172	1.00203
138	173	0.982203
138	174	1.00289
138	175	0.993633
138	177	0.994914
138	178	0.995701
138	180	0.997738
