1	103	0.779851
1	110	1.05632
1	125	0.981926
1	127	0.994283
1	147	1.03324
1	153	1.03748
1	154	1.0356
1	155	1.04028
1	158	1.065
1	161	1.0571
1	167	0.968233
1	177	1.07503
2	16	0.94901
2	17	0.948721
2	22	0.94508
2	24	0.952481
2	46	0.882399
2	103	1.15131
2	142	0.914976
2	160	0.933525
2	166	1.24217
2	167	0.923718
2	170	1.3002
2	177	0.950079
3	139	1.16267
3	146	0.937583
3	147	0.919836
3	150	0.939835
3	151	1.24877
3	153	0.924072
3	154	0.922194
3	155	0.926873
3	157	0.934398
3	158	0.951593
3	161	0.943693
3	164	1.28256
4	99	0.965317
4	115	0.876598
4	147	1.03265
4	149	1.05017
4	154	1.03501
4	155	1.03969
4	157	1.04721
4	158	1.06441
4	161	1.05651
4	175	0.991546
4	177	1.07444
4	178	0.890416
5	65	1.22909
5	81	1.03291
5	125	0.947202
5	142	1.24437
5	166	0.954509
5	173	0.946416
5	174	0.881474
5	175	0.912581
5	176	0.952567
5	178	0.943244
5	179	0.938534
5	180	0.923545
6	13	1.00342
6	18	0.949643
6	26	0.935419
6	57	0.858859
6	97	0.912675
6	104	0.969273
6	111	0.915478
6	160	0.932538
6	165	1.15158
6	166	1.13443
6	167	0.922731
6	174	1.40748
7	9	1.01861
7	23	0.962743
7	40	0.903003
7	43	0.962739
7	61	0.948347
7	71	1.01835
7	133	0.935204
7	168	0.951058
7	169	1.12131
7	170	1.14825
7	173	1.12468
8	10	1.24577
8	35	0.534428
8	53	1.1448
8	59	1.21479
8	65	1.20904
8	66	1.21606
8	69	1.1848
8	72	1.1848
8	137	0.837301
8	171	0.763669
8	175	0.847482
8	179	0.772554
9	7	1.01861
9	23	1.11861
9	40	1.05887
9	43	1.11861
9	61	1.10422
9	71	1.17422
9	90	0.865049
9	156	0.901356
9	159	0.839833
9	168	1.10693
9	170	0.819034
10	8	1.24577
10	44	1.01569
10	53	0.972651
10	58	1.06113
10	59	1.04265
10	65	1.0369
10	69	1.01265
10	72	1.01265
10	144	0.920007
10	168	0.896194
10	173	0.934151
10	176	0.974751
11	122	1.23073
11	130	0.740518
11	149	1.195
11	150	1.19748
11	152	0.718646
11	153	1.18172
11	155	1.18452
11	158	1.20924
11	161	1.20134
11	163	0.777794
11	176	0.71736
11	180	0.800524
12	27	0.934801
12	41	1.02241
12	64	1.03815
12	76	1.03375
12	81	1.09915
12	89	1.09323
12	100	1.02452
12	112	1.08991
12	141	0.897545
12	162	1.05298
12	168	0.800057
12	170	1.03917
13	6	1.00342
13	32	1.08166
13	34	0.989902
13	57	1.01274
13	111	1.06935
13	123	0.838047
13	160	1.08642
13	162	1.07993
13	167	1.07661
13	174	1.09078
13	178	0.885261
13	179	0.911462
14	33	0.937555
14	36	1.03183
14	41	0.895609
14	76	0.906948
14	98	1.35466
14	100	0.897714
14	112	0.963104
14	132	1.19481
14	133	0.928739
14	162	0.926182
14	164	1.14478
14	170	0.912367
15	39	0.965788
15	84	0.936366
15	108	0.99409
15	115	0.826133
15	147	1.03735
15	149	1.05486
15	153	1.04158
15	154	1.0397
15	155	1.04438
15	157	1.05191
15	158	1.0691
15	161	1.0612
16	2	0.94901
16	22	1.04257
16	46	0.97989
16	54	0.967393
16	74	1.01397
16	116	1.025
16	123	0.911303
16	130	1.04735
16	160	1.03102
16	167	1.02121
16	173	0.925457
16	174	1.16404
16	177	1.04757
17	2	0.948721
17	22	1.04228
17	24	1.04968
17	46	0.979601
17	54	0.967104
17	74	1.01368
17	108	1.08671
17	138	0.973663
17	141	0.959043
17	156	1.0054
17	160	1.03073
17	167	1.02092
17	177	1.04728
18	6	0.949643
18	26	1.03552
18	38	1.01192
18	57	0.958957
18	75	1.01356
18	97	1.01277
18	104	1.06937
18	111	1.01558
18	160	1.03264
18	165	0.938715
18	166	0.921561
18	172	1.08447
18	180	1.07979
19	44	1.0044
19	53	0.961365
19	58	1.04985
19	59	1.03136
19	65	1.02561
19	66	1.03263
19	69	1.00136
19	72	1.00136
19	123	0.899353
19	131	0.99213
19	170	0.937072
19	174	1.15209
19	180	1.03727
20	92	0.922488
20	93	0.924124
20	111	1.27281
20	114	0.8403
20	121	0.917173
20	129	0.941845
20	135	1.29502
20	158	1.23809
20	162	0.914722
20	175	0.888242
20	177	0.937765
20	179	0.914195
20	180	0.899205
21	48	0.976415
21	50	1.07699
21	77	0.987623
21	80	0.993002
21	86	0.988798
21	87	0.949561
21	91	1.01947
21	93	1.03148
21	101	0.997726
21	152	1.0586
21	160	1.02857
21	165	0.999403
21	173	1.01672
22	2	0.94508
22	16	1.04257
22	17	1.04228
22	54	0.963463
22	74	1.01004
22	142	1.00854
22	160	1.02709
22	167	1.01728
22	168	0.938453
22	170	0.999975
22	173	0.97641
22	175	1.1106
22	177	1.04364
23	7	0.962743
23	9	1.11861
23	40	1.003
23	43	1.06274
23	61	1.04835
23	71	1.11835
23	127	0.94185
23	132	0.943359
23	133	1.03521
23	163	0.953781
23	168	1.05106
23	178	0.885808
24	2	0.952481
24	17	1.04968
24	46	0.983361
24	54	0.970865
24	74	1.01744
24	142	1.01594
24	159	1.03112
24	160	1.03449
24	165	0.969441
24	167	1.02468
24	171	1.03713
24	173	0.986755
24	177	1.05104
25	77	0.987783
25	80	0.993162
25	86	0.988958
25	91	1.01963
25	92	1.03001
25	93	1.03164
25	101	0.997886
25	117	0.959041
25	159	0.996734
25	160	1.02873
25	162	1.02224
25	163	1.0534
25	167	1.01542
26	6	0.935419
26	18	1.03552
26	32	1.01366
26	67	1.03984
26	97	0.998548
26	104	1.05515
26	111	1.00135
26	123	0.931734
26	136	1.11961
26	138	1.02004
26	140	0.955028
26	162	1.01192
26	167	1.0086
27	12	0.934801
27	81	0.881403
27	105	1.01099
27	163	1.01082
27	171	1.032
27	173	1.02626
27	174	0.961317
27	175	0.992424
27	176	1.03241
27	177	0.979048
27	178	1.02309
27	179	1.01838
27	180	1.00339
28	82	0.962248
28	94	0.983702
28	102	1.0374
28	106	1.02896
28	107	1.02929
28	113	0.983077
28	128	1.03454
28	129	1.02245
28	145	1.01776
28	165	0.90335
28	170	0.94423
28	174	1.15925
28	177	1.01837
29	82	0.970188
29	87	0.920067
29	94	0.991642
29	106	1.0369
29	107	1.03723
29	115	1.00646
29	119	0.959186
29	121	1.00572
29	128	1.04248
29	129	1.03039
29	130	1.05098
29	177	1.02631
29	179	1.04648
30	59	0.917952
30	80	1.02869
30	104	0.861265
30	154	0.966717
30	171	1.03405
30	172	0.994414
30	173	1.02831
30	174	0.963369
30	175	0.994476
30	176	1.03446
30	178	1.02514
30	179	1.02043
30	180	1.00544
31	140	0.995938
31	143	1.03592
31	146	1.01264
31	147	0.994897
31	149	1.01241
31	150	1.0149
31	153	0.999133
31	155	1.00193
31	157	1.00946
31	161	1.01875
31	166	0.95233
31	167	1.04985
31	176	1.0274
32	13	1.08166
32	26	1.01366
32	55	1.02367
32	57	0.937097
32	97	0.990912
32	99	1.08648
32	104	1.04751
32	111	0.993715
32	160	1.01078
32	166	0.944051
32	167	1.00097
32	169	0.975141
32	176	1.01912
33	14	0.937555
33	60	1.02112
33	64	0.999087
33	81	1.06009
33	100	0.985458
33	112	1.05085
33	114	1.2456
33	118	1.03179
33	123	0.915317
33	159	0.973836
33	162	1.01393
33	168	0.891514
33	170	1.00011
34	13	0.989902
34	38	0.898298
34	57	0.845339
34	67	0.940443
34	70	0.827506
34	104	0.955753
34	111	0.901958
34	160	0.919018
34	162	0.912529
34	166	1.28854
34	167	0.909211
34	173	1.32301
34	179	1.38227
35	8	0.534428
35	64	1.13127
35	65	0.801939
35	110	0.81136
35	112	1.18304
35	113	0.850552
35	135	0.777028
35	170	1.1323
35	172	1.11957
35	174	1.08853
35	177	1.16916
35	179	1.14559
35	180	1.1306
36	14	1.03183
36	41	1.07763
36	60	1.1154
36	64	1.09337
36	76	1.08897
36	100	1.07974
36	112	1.14513
36	130	0.887522
36	131	1.07353
36	163	0.924799
36	168	0.785808
36	170	1.09439
36	171	0.874141
36	179	0.883027
37	77	1.12062
37	83	0.918843
37	88	0.908017
37	119	1.1272
37	152	0.989946
37	164	0.977357
37	169	1.00338
37	171	0.998637
37	172	0.958997
37	174	0.927952
37	176	0.999044
37	178	0.989722
37	179	0.985012
37	180	0.970022
38	18	1.01192
38	34	0.898298
38	57	0.921132
38	67	1.01624
38	97	0.974947
38	104	1.03155
38	111	0.977751
38	148	1.1455
38	160	0.994811
38	162	0.988321
38	166	1.04964
38	167	0.985003
38	168	1.04615
38	173	1.08411
39	15	0.965788
39	61	0.991882
39	64	1.05158
39	71	1.06188
39	72	1.07811
39	74	0.965626
39	107	1.01129
39	156	0.959107
39	167	0.972864
39	168	0.994592
39	174	0.918595
39	177	0.999225
39	179	0.975655
39	180	0.960665
40	7	0.903003
40	9	1.05887
40	23	1.003
40	43	1.003
40	61	0.988609
40	70	0.887886
40	71	1.05861
40	84	0.930202
40	127	1.06289
40	133	0.975465
40	148	1.03518
40	168	0.991319
40	174	1.21237
40	176	1.01439
41	12	1.02241
41	14	0.895609
41	36	1.07763
41	60	0.979178
41	76	0.952745
41	98	1.28382
41	100	0.943511
41	112	1.0089
41	118	0.989846
41	162	0.971979
41	165	1.01605
41	168	0.995403
41	169	1.02998
41	170	0.958165
42	90	1.10034
42	135	0.979571
42	143	1.00351
42	147	0.962488
42	149	0.980003
42	150	0.982487
42	154	0.964845
42	155	0.969524
42	157	0.97705
42	158	0.994245
42	161	0.986344
42	166	0.996293
42	175	1.16495
42	178	1.06382
43	7	0.962739
43	9	1.11861
43	23	1.06274
43	40	1.003
43	61	1.04834
43	71	1.11834
43	89	1.04573
43	90	0.860097
43	133	1.0352
43	168	1.05105
43	173	0.790516
43	174	1.0291
44	10	1.01569
44	19	1.0044
44	53	0.914714
44	58	1.00319
44	59	0.98471
44	65	0.97896
44	66	0.985979
44	69	0.954713
44	72	0.954713
44	130	1.00298
44	139	0.939081
44	174	1.25698
44	178	1.05146
44	179	1.07766
45	75	0.984582
45	95	0.834536
45	109	0.940065
45	143	1.07428
45	144	0.919322
45	146	1.051
45	150	1.05325
45	153	1.03749
45	154	1.03561
45	155	1.04029
45	157	1.04782
45	158	1.06501
45	159	0.97783
45	161	1.05711
45	170	1.03819
46	2	0.882399
46	16	0.97989
46	17	0.979601
46	24	0.983361
46	54	0.900783
46	74	0.94736
46	90	1.11342
46	98	1.2943
46	109	1.05044
46	130	0.980745
46	142	0.945857
46	160	0.964406
46	167	0.954598
46	177	0.980959
46	180	1.1676
47	68	1.2816
47	110	1.0974
47	145	0.951812
47	158	1.00613
47	159	0.978423
47	171	0.975137
47	172	0.935497
47	173	0.969394
47	174	0.904452
47	175	0.935559
47	176	0.975545
47	177	0.989435
47	178	0.966222
47	179	0.961512
47	180	0.946523
48	21	0.976415
48	50	1.0118
48	77	0.922429
48	80	0.927808
48	86	0.923604
48	91	0.954276
48	92	0.964653
48	93	0.966289
48	101	0.932532
48	114	1.37627
48	138	1.13429
48	160	0.963376
48	162	0.956887
48	168	1.02218
48	178	1.0932
49	110	0.959376
49	139	1.05729
49	143	0.977317
49	146	0.954041
49	147	0.936294
49	149	0.95381
49	150	0.956293
49	153	0.940529
49	155	0.943331
49	157	0.950856
49	158	0.968051
49	161	0.960151
49	169	1.13323
49	172	1.26505
49	178	1.16967
50	21	1.07699
50	48	1.0118
50	77	1.023
50	86	1.02418
50	91	1.05485
50	92	1.06523
50	101	1.03311
50	123	1.08941
50	145	0.976522
50	160	1.06395
50	162	1.05746
50	163	0.980457
50	169	0.876045
50	170	0.902989
50	176	0.920023
51	95	1.01198
51	126	1.31725
51	143	0.975405
51	146	0.952129
51	149	0.951898
51	150	0.954381
51	153	0.938617
51	154	0.936739
51	155	0.941418
51	157	0.948944
51	158	0.966139
51	161	0.958239
51	164	1.15148
51	177	0.976171
51	178	1.14397
52	64	1.04772
52	120	1.09422
52	124	1.09016
52	146	1.14273
52	166	0.975022
52	169	0.977416
52	171	0.972672
52	172	0.933032
52	173	0.966929
52	174	0.901987
52	175	0.933094
52	176	0.97308
52	178	0.963757
52	179	0.959047
52	180	0.944058
53	8	1.1448
53	10	0.972651
53	19	0.961365
53	44	0.914714
53	58	0.960159
53	59	0.941675
53	65	0.935925
53	66	0.942943
53	69	0.911678
53	70	1.37961
53	72	0.911678
53	131	0.902444
53	134	1.10471
53	139	1.02766
53	151	1.11376
54	16	0.967393
54	17	0.967104
54	22	0.963463
54	24	0.970865
54	46	0.900783
54	55	0.964805
54	74	0.934863
54	130	0.968248
54	141	1.17112
54	160	0.951909
54	167	0.942101
54	168	1.07363
54	170	1.13515
54	175	1.24578
54	177	0.968462
55	32	1.02367
55	54	0.964805
55	60	1.02914
55	89	1.1228
55	97	1.00856
55	111	1.01137
55	112	1.05886
55	142	1.00988
55	145	0.964682
55	162	1.02194
55	163	0.968617
55	167	1.01862
55	170	1.00812
55	176	0.908183
55	177	1.04498
55	180	0.991347
56	73	1.0105
56	74	1.00621
56	112	0.833006
56	126	0.972861
56	149	0.901017
56	156	1.00998
56	161	0.891991
56	164	1.01887
56	166	1.0425
56	169	1.0449
56	172	1.00051
56	175	1.00057
56	176	1.04056
56	178	1.03124
56	179	1.02653
56	180	1.01154
57	6	0.858859
57	13	1.01274
57	18	0.958957
57	32	0.937097
57	34	0.845339
57	38	0.921132
57	67	0.963277
57	97	0.921989
57	104	0.978587
57	111	0.924792
57	123	1.21276
57	140	1.23606
57	160	0.941853
57	162	0.935363
57	170	1.25048
57	173	1.22692
58	10	1.06113
58	19	1.04985
58	44	1.00319
58	53	0.960159
58	59	1.03016
58	65	1.02441
58	66	1.03142
58	69	1.00016
58	72	1.00016
58	127	1.01931
58	130	1.04843
58	131	0.990925
58	163	1.03124
58	170	0.953768
58	171	0.980579
58	176	0.970803
59	8	1.21479
59	10	1.04265
59	19	1.03136
59	30	0.917952
59	44	0.98471
59	53	0.941675
59	58	1.03016
59	65	1.00592
59	66	1.01294
59	69	0.981675
59	72	0.981674
59	116	1.04353
59	131	0.972441
59	134	0.941716
59	173	0.943982
59	175	1.07817
60	33	1.02112
60	36	1.1154
60	41	0.979178
60	55	1.02914
60	76	0.990517
60	81	1.05592
60	100	0.981283
60	112	1.04667
60	131	0.975079
60	141	1.00272
60	159	0.987549
60	162	1.00975
60	164	0.98376
60	168	0.905227
60	170	0.995937
60	175	1.07737
61	7	0.948347
61	9	1.10422
61	23	1.04835
61	39	0.991882
61	40	0.988609
61	43	1.04834
61	70	0.93323
61	71	1.10395
61	79	0.994338
61	84	0.975547
61	132	1.00903
61	133	1.02081
61	168	1.03666
61	170	0.941983
61	175	1.05261
61	176	0.959017
62	68	0.942073
62	82	0.988818
62	83	1.07574
62	85	0.976631
62	94	1.01027
62	102	1.06397
62	113	1.00965
62	114	1.19678
62	119	0.977815
62	123	0.866491
62	128	1.06111
62	129	1.04902
62	130	0.944402
62	172	1.00909
62	177	1.04494
62	179	0.939906
63	124	1.01541
63	135	1.01994
63	144	0.95386
63	146	1.0206
63	149	1.02037
63	150	1.02285
63	151	0.974791
63	152	1.00989
63	153	1.00709
63	154	1.00521
63	155	1.00989
63	157	1.01741
63	158	1.03461
63	161	1.02671
63	164	1.00858
63	176	1.0086
64	12	1.03815
64	33	0.999087
64	35	1.13127
64	36	1.09337
64	39	1.05158
64	52	1.04772
64	76	0.96848
64	81	1.03388
64	100	0.959246
64	109	0.899289
64	112	1.02464
64	133	0.990271
64	141	0.95222
64	162	0.987714
64	170	0.973899
64	171	0.943065
65	5	1.22909
65	8	1.20904
65	10	1.0369
65	19	1.02561
65	35	0.801939
65	44	0.97896
65	53	0.935925
65	58	1.02441
65	59	1.00592
65	66	1.00719
65	69	0.975925
65	72	0.975924
65	95	0.881874
65	130	1.02419
65	144	0.966659
65	178	1.01386
66	8	1.21606
66	19	1.03263
66	44	0.985979
66	53	0.942943
66	58	1.03142
66	59	1.01294
66	65	1.00719
66	69	0.982943
66	72	0.982943
66	130	1.03121
66	131	0.973709
66	148	1.00117
66	152	0.981669
66	156	1.04567
66	169	0.936405
66	171	0.99016
67	26	1.03984
67	34	0.940443
67	38	1.01624
67	57	0.963277
67	97	1.01709
67	99	1.03454
67	104	1.07369
67	109	1.0349
67	111	1.0199
67	118	0.950599
67	125	1.00333
67	144	0.912439
67	160	1.03696
67	162	1.03047
67	167	1.02715
67	172	1.05503
68	47	1.2816
68	62	0.942073
68	78	0.885794
68	83	0.976574
68	106	0.95636
68	107	0.956691
68	109	1.18102
68	113	0.910477
68	119	0.878645
68	121	0.925178
68	128	0.961943
68	129	0.94985
68	142	0.910668
68	170	1.19799
68	177	0.94577
68	179	1.23368
69	8	1.1848
69	10	1.01265
69	19	1.00136
69	44	0.954713
69	53	0.911678
69	58	1.00016
69	59	0.981675
69	65	0.975925
69	66	0.982943
69	72	0.951678
69	130	0.999944
69	131	0.942444
69	137	1.07994
69	139	0.876619
69	141	1.01547
69	174	1.19452
69	175	1.09013
70	34	0.827506
70	40	0.887886
70	53	1.37961
70	61	0.93323
70	71	1.00323
70	88	1.12133
70	97	0.904156
70	99	0.901335
70	104	0.960754
70	129	1.213
70	131	1.29181
70	167	0.914212
70	168	0.93594
70	175	0.89105
70	178	0.921713
70	179	0.917003
70	180	0.902013
71	7	1.01835
71	9	1.17422
71	23	1.11835
71	39	1.06188
71	40	1.05861
71	43	1.11834
71	61	1.10395
71	70	1.00323
71	84	1.04555
71	133	1.09081
71	151	0.831097
71	167	0.887362
71	168	1.10666
71	169	0.820932
71	170	0.847875
71	172	0.952755
71	180	0.948073
72	8	1.1848
72	10	1.01265
72	19	1.00136
72	39	1.07811
72	44	0.954713
72	53	0.911678
72	58	1.00016
72	59	0.981674
72	65	0.975924
72	66	0.982943
72	69	0.951678
72	99	1.02717
72	108	1.10641
72	125	0.995956
72	130	0.999943
72	131	0.942443
72	145	1.01631
73	56	1.0105
73	105	1.01282
73	118	1.06664
73	120	0.994714
73	143	1.01009
73	146	0.98681
73	149	0.986579
73	153	0.973298
73	154	0.97142
73	155	0.976099
73	157	0.983625
73	158	1.00082
73	161	0.99292
73	164	1.08319
73	165	1.0253
73	169	1.03924
73	177	1.01085
74	16	1.01397
74	17	1.01368
74	22	1.01004
74	24	1.01744
74	39	0.965626
74	46	0.94736
74	54	0.934863
74	56	1.00621
74	130	1.01482
74	141	1.09785
74	142	0.979937
74	160	0.998486
74	165	1.02101
74	167	0.988678
74	170	1.06189
74	173	1.03832
74	177	1.01504
75	18	1.01356
75	45	0.984582
75	97	0.976597
75	106	1.0236
75	111	0.9794
75	119	0.945889
75	124	0.986245
75	133	1.00939
75	147	1.03647
75	150	0.958218
75	160	0.996461
75	162	0.989971
75	176	1.00348
75	177	1.01301
75	178	0.994154
75	179	0.989444
75	180	0.974454
76	12	1.03375
76	14	0.906948
76	36	1.08897
76	41	0.952745
76	60	0.990517
76	64	0.96848
76	81	1.02948
76	100	0.954851
76	112	1.02024
76	118	1.00119
76	141	1.0756
76	151	1.02286
76	162	0.983318
76	170	0.969504
76	171	1.06645
76	173	1.01607
76	179	1.07533
77	21	0.987623
77	25	0.987783
77	37	1.12062
77	48	0.922429
77	50	1.023
77	80	0.939017
77	86	0.934813
77	91	0.965484
77	92	0.975861
77	93	0.977497
77	101	0.94374
77	123	1.00005
77	127	1.1504
77	151	1.06809
77	160	0.974585
77	162	0.968095
77	163	1.16233
77	168	1.02334
78	68	0.885794
78	82	0.932539
78	83	1.01947
78	85	0.920353
78	102	1.00769
78	106	0.999252
78	107	0.999583
78	116	1.16379
78	119	0.921537
78	121	0.96807
78	128	1.00483
78	129	0.992742
78	141	0.959463
78	151	1.07103
78	168	1.02629
78	175	1.19843
78	177	0.988662
78	178	1.0973
79	61	0.994338
79	105	0.990125
79	149	1.00905
79	160	1.02312
79	163	0.983496
79	164	0.983397
79	165	1.01118
79	166	1.00703
79	169	1.00942
79	171	1.00468
79	173	0.998934
79	174	0.933991
79	176	1.00508
79	177	0.958181
79	178	0.995761
79	179	0.991052
79	180	0.976062
80	21	0.993002
80	25	0.993162
80	30	1.02869
80	48	0.927808
80	77	0.939017
80	84	1.18419
80	86	0.940191
80	91	0.970863
80	92	0.98124
80	93	0.982876
80	101	0.949119
80	109	0.977904
80	118	0.991341
80	148	1.11611
80	160	0.979963
80	162	0.973474
80	168	1.01676
80	180	1.17848
81	5	1.03291
81	12	1.09915
81	27	0.881403
81	33	1.06009
81	60	1.05592
81	64	1.03388
81	76	1.02948
81	100	1.02025
81	112	1.08564
81	118	1.06659
81	125	0.861362
81	131	1.01405
81	133	1.05128
81	162	1.04872
81	170	1.0349
81	174	1.0232
81	178	0.817676
81	180	0.90838
82	28	0.962248
82	29	0.970188
82	62	0.988818
82	78	0.932539
82	87	1.05116
82	98	0.887315
82	106	1.00311
82	107	1.00344
82	113	0.957222
82	119	0.92539
82	121	0.971923
82	128	1.00869
82	129	0.996595
82	168	1.08036
82	169	1.11493
82	176	1.15891
82	177	0.992515
82	178	1.15137
83	37	0.918843
83	62	1.07574
83	68	0.976574
83	78	1.01947
83	85	1.01113
83	94	1.04477
83	102	1.09847
83	113	1.04415
83	119	1.01232
83	121	1.05885
83	128	1.09561
83	129	1.08352
83	130	0.923279
83	170	0.883087
83	172	0.987967
83	173	0.859521
83	177	1.07944
83	180	0.983285
84	15	0.936366
84	40	0.930202
84	61	0.975547
84	71	1.04555
84	80	1.18419
84	119	0.915764
84	121	0.962297
84	122	0.981899
84	128	0.999062
84	129	0.986969
84	146	1.11717
84	162	1.09036
84	163	0.951764
84	168	0.978257
84	171	0.972945
84	176	0.973352
84	178	0.964029
84	180	0.94433
85	62	0.976631
85	78	0.920353
85	83	1.01113
85	94	0.94566
85	102	0.999362
85	106	0.990919
85	107	0.99125
85	113	0.945035
85	119	0.913204
85	128	0.996502
85	129	0.984409
85	142	0.945227
85	167	1.13179
85	168	1.03078
85	170	1.09231
85	176	1.10934
85	177	0.980329
85	180	1.1925
86	21	0.988798
86	25	0.988958
86	48	0.923604
86	50	1.02418
86	77	0.934813
86	80	0.940191
86	91	0.966659
86	92	0.977036
86	93	0.978672
86	96	1.06658
86	101	0.944915
86	118	0.987137
86	160	0.975759
86	162	0.96927
86	170	1.03418
86	171	1.06099
86	174	1.2492
86	175	1.14481
87	21	0.949561
87	29	0.920067
87	82	1.05116
87	94	0.922909
87	129	0.873212
87	135	0.888737
87	163	1.01836
87	165	1.04604
87	166	1.04189
87	169	1.04429
87	171	1.03954
87	172	0.999904
87	173	1.0338
87	174	0.968859
87	175	0.999966
87	176	1.03995
87	178	1.03063
87	179	1.02592
87	180	1.01093
88	37	0.908017
88	70	1.12133
88	108	1.03589
88	110	1.02879
88	124	1.01827
88	135	1.0228
88	143	1.04674
88	146	1.02346
88	147	1.00571
88	149	1.02323
88	150	1.02571
88	153	1.00995
88	154	1.00807
88	157	1.02027
88	158	1.03747
88	159	0.89306
88	161	1.02957
88	164	0.889271
88	172	0.977141
89	12	1.09323
89	43	1.04573
89	55	1.1228
89	133	1.21349
89	150	1.16232
89	152	0.955472
89	159	0.967449
89	165	0.970664
89	166	0.966513
89	169	0.968908
89	171	0.964164
89	172	0.924523
89	173	0.958421
89	174	0.893479
89	175	0.924586
89	176	0.964571
89	178	0.955248
89	179	0.950539
89	180	0.935549
90	9	0.865049
90	42	1.10034
90	43	0.860097
90	46	1.11342
90	124	1.00471
90	144	1.02556
90	152	1.00691
90	159	1.01889
90	161	0.993686
90	164	0.994324
90	169	1.02035
90	171	1.0156
90	172	0.975964
90	173	1.00986
90	174	0.944919
90	175	0.976026
90	176	1.01601
90	178	1.00669
90	179	1.00198
90	180	0.98699
91	21	1.01947
91	25	1.01963
91	48	0.954276
91	50	1.05485
91	77	0.965484
91	80	0.970863
91	86	0.966659
91	92	1.00771
91	93	1.00934
91	101	0.975587
91	116	1.07349
91	118	1.01781
91	123	1.0319
91	125	1.05069
91	148	1.03533
91	151	0.980732
91	160	1.00643
91	162	0.999942
91	176	1.01454
91	179	1.03321
92	20	0.922488
92	25	1.03001
92	48	0.964653
92	50	1.06523
92	77	0.975861
92	80	0.98124
92	86	0.977036
92	91	1.00771
92	93	1.01972
92	98	1.16572
92	101	0.985964
92	109	1.01475
92	116	1.0148
92	118	1.02819
92	126	1.1216
92	160	1.01681
92	162	1.01032
92	164	0.955834
92	166	0.88079
92	175	1.04945
93	20	0.924124
93	21	1.03148
93	25	1.03164
93	48	0.966289
93	77	0.977497
93	80	0.982876
93	86	0.978672
93	91	1.00934
93	92	1.01972
93	98	1.2015
93	101	0.9876
93	109	1.01639
93	123	1.04391
93	141	1.01057
93	156	1.05693
93	160	1.01844
93	162	1.01195
93	167	1.01409
93	168	0.913084
93	176	0.991641
94	28	0.983702
94	29	0.991642
94	62	1.01027
94	83	1.04477
94	85	0.94566
94	87	0.922909
94	102	1.033
94	107	1.02489
94	116	1.08961
94	119	0.946844
94	121	0.993377
94	128	1.03014
94	129	1.01805
94	140	0.999205
94	141	0.98477
94	142	0.978867
94	163	1.0911
94	176	1.03067
94	177	1.01397
94	178	1.02313
95	45	0.834536
95	51	1.01198
95	65	0.881874
95	101	0.913226
95	105	0.815275
95	133	0.859343
95	140	1.05475
95	156	1.03676
95	159	1.07022
95	162	0.861959
95	163	1.04575
95	164	1.04566
95	165	1.07344
95	169	1.07168
95	173	1.06119
95	174	0.996251
95	175	1.02736
95	176	1.06734
95	178	1.05802
95	179	1.05331
95	180	1.03832
96	86	1.06658
96	105	0.970167
96	111	0.989645
96	119	1.12384
96	125	0.993414
96	140	0.98619
96	148	0.969478
96	156	0.968198
96	161	0.980068
96	162	1.01685
96	166	1.00072
96	169	1.00312
96	171	0.998371
96	172	0.958731
96	173	0.992628
96	174	0.927686
96	175	0.958793
96	176	0.998779
96	178	0.989456
96	179	0.984746
96	180	0.969757
97	6	0.912675
97	18	1.01277
97	26	0.998548
97	32	0.990912
97	38	0.974947
97	55	1.00856
97	57	0.921989
97	67	1.01709
97	70	0.904156
97	75	0.976597
97	104	1.0324
97	111	0.978607
97	125	1.10745
97	152	1.07259
97	160	0.995668
97	162	0.989178
97	163	1.13174
97	165	1.01339
97	166	0.996241
97	167	0.98586
97	175	1.1649
98	14	1.35466
98	41	1.28382
98	46	1.2943
98	82	0.887315
98	92	1.16572
98	93	1.2015
98	113	0.908145
98	121	0.922846
98	128	0.959611
98	129	0.947518
98	149	0.919165
98	150	0.921648
98	154	0.904006
98	158	0.933406
98	161	0.925506
98	172	0.893853
98	175	0.893915
98	176	0.933901
98	178	0.924578
98	179	0.919869
98	180	0.904879
99	4	0.965317
99	32	1.08648
99	67	1.03454
99	70	0.901335
99	72	1.02717
99	113	1.13738
99	128	0.98678
99	139	1.00731
99	152	0.990764
99	165	1.00596
99	166	1.00181
99	169	1.0042
99	171	0.999456
99	172	0.959816
99	173	0.993713
99	174	0.928771
99	175	0.959878
99	176	0.999863
99	178	0.990541
99	179	0.985831
99	180	0.970841
100	12	1.02452
100	14	0.897714
100	33	0.985458
100	36	1.07974
100	41	0.943511
100	60	0.981283
100	64	0.959246
100	76	0.954851
100	81	1.02025
100	103	0.932802
100	112	1.01101
100	118	0.991952
100	131	0.939413
100	133	0.976641
100	140	1.06727
100	162	0.974085
100	163	1.15916
100	167	1.12118
100	168	1.02017
100	170	0.96027
100	172	1.18658
101	21	0.997726
101	25	0.997886
101	48	0.932532
101	50	1.03311
101	77	0.94374
101	80	0.949119
101	86	0.944915
101	91	0.975587
101	92	0.985964
101	93	0.9876
101	95	0.913226
101	109	0.982628
101	114	1.32829
101	118	0.996065
101	123	1.01015
101	138	1.08631
101	151	1.01894
101	160	0.984687
101	162	0.978198
101	167	1.07521
101	170	1.03572
102	28	1.0374
102	62	1.06397
102	78	1.00769
102	83	1.09847
102	85	0.999362
102	94	1.033
102	106	1.07826
102	107	1.07859
102	109	0.874997
102	113	1.03238
102	114	1.18453
102	118	0.892414
102	119	1.00055
102	121	1.04708
102	123	0.854243
102	125	0.945143
102	128	1.08384
102	129	1.07175
102	140	0.877536
102	170	0.891963
102	177	1.06767
103	1	0.779851
103	2	1.15131
103	100	0.932802
103	117	1.06475
103	143	0.796473
103	146	0.862372
103	149	0.807802
103	151	1.05395
103	155	0.849236
103	159	1.07003
103	163	1.04556
103	169	1.07149
103	171	1.06674
103	172	1.0271
103	173	1.061
103	174	0.996057
103	175	1.02716
103	176	1.06715
103	178	1.05783
103	179	1.05312
103	180	1.03813
104	6	0.969273
104	18	1.06937
104	26	1.05515
104	30	0.861265
104	32	1.04751
104	34	0.955753
104	38	1.03155
104	57	0.978587
104	67	1.07369
104	70	0.960754
104	97	1.0324
104	109	1.05021
104	111	1.03521
104	136	1.06101
104	160	1.05227
104	162	1.04578
104	165	0.86998
104	167	1.04246
104	172	1.01574
104	175	1.02148
104	179	0.946556
104	180	1.01106
105	27	1.01099
105	73	1.01282
105	79	0.990125
105	95	0.815275
105	96	0.970167
105	122	1.06207
105	124	1.02138
105	135	1.0259
105	146	1.02657
105	147	1.00882
105	149	1.02634
105	150	1.02882
105	153	1.01306
105	154	1.01118
105	155	1.01586
105	157	1.02338
105	158	1.04058
105	159	0.958569
105	161	1.03268
105	169	0.910826
105	177	1.05061
105	180	1.03797
106	28	1.02896
106	29	1.0369
106	68	0.95636
106	75	1.0236
106	78	0.999252
106	82	1.00311
106	85	0.990919
106	102	1.07826
106	113	1.02393
106	119	0.992103
106	121	1.03864
106	128	1.0754
106	129	1.06331
106	138	1.00851
106	139	0.855036
106	141	1.03003
106	156	1.04024
106	167	0.997406
106	170	0.957919
106	171	0.98473
106	176	0.974954
106	177	1.05923
107	28	1.02929
107	29	1.03723
107	39	1.01129
107	68	0.956691
107	78	0.999583
107	82	1.00344
107	85	0.99125
107	94	1.02489
107	102	1.07859
107	113	1.02427
107	114	1.16853
107	119	0.992434
107	121	1.03897
107	127	0.941498
107	128	1.07573
107	129	1.06364
107	142	1.02446
107	176	0.892995
107	177	1.05956
107	178	0.885455
107	179	0.911657
107	180	0.976159
108	15	0.99409
108	17	1.08671
108	72	1.10641
108	88	1.03589
108	134	0.975578
108	140	0.968393
108	154	1.17994
108	156	0.950401
108	160	1.1344
108	163	0.959393
108	164	0.959294
108	166	0.982924
108	169	0.985318
108	171	0.980574
108	172	0.940934
108	173	0.974831
108	174	0.909889
108	175	0.940996
108	176	0.980981
108	178	0.971659
108	179	0.966949
108	180	0.951959
109	45	0.940065
109	46	1.05044
109	64	0.899289
109	67	1.0349
109	68	1.18102
109	80	0.977904
109	92	1.01475
109	93	1.01639
109	101	0.982628
109	102	0.874997
109	104	1.05021
109	111	0.996412
109	142	1.00268
109	159	1.02337
109	160	1.01347
109	162	1.00698
109	167	1.00366
109	172	0.980441
109	175	0.980503
109	176	1.02049
109	177	0.888861
109	179	1.00646
109	180	0.991466
110	1	1.05632
110	35	0.81136
110	47	1.0974
110	49	0.959376
110	88	1.02879
110	116	1.08977
110	124	1.0007
110	134	0.987958
110	135	1.00523
110	143	1.02916
110	144	0.976081
110	146	1.00589
110	147	0.988142
110	149	1.00566
110	150	1.00814
110	153	0.992377
110	154	0.990499
110	155	0.995178
110	157	1.0027
110	158	1.0199
110	161	1.012
110	167	1.05328
110	171	1.0406
111	6	0.915478
111	13	1.06935
111	18	1.01558
111	20	1.27281
111	26	1.00135
111	32	0.993715
111	34	0.901958
111	38	0.977751
111	55	1.01137
111	57	0.924792
111	67	1.0199
111	75	0.9794
111	96	0.989645
111	97	0.978607
111	104	1.03521
111	109	0.996412
111	132	1.02429
111	141	0.993213
111	160	0.998471
111	162	0.991982
111	167	0.988663
111	169	0.930303
111	174	1.17227
111	176	0.974282
112	12	1.08991
112	14	0.963104
112	33	1.05085
112	35	1.18304
112	36	1.14513
112	41	1.0089
112	55	1.05886
112	56	0.833006
112	60	1.04667
112	64	1.02464
112	76	1.02024
112	81	1.08564
112	100	1.01101
112	131	1.0048
112	133	1.04203
112	141	0.924651
112	145	0.962219
112	151	0.871907
112	159	0.909485
112	162	1.03948
112	170	1.02566
112	171	0.915496
112	174	1.1037
112	178	0.89818
113	28	0.983077
113	35	0.850552
113	62	1.00965
113	68	0.910477
113	82	0.957222
113	83	1.04415
113	85	0.945035
113	98	0.908145
113	99	1.13738
113	102	1.03238
113	106	1.02393
113	107	1.02427
113	119	0.94622
113	121	0.992753
113	128	1.02952
113	129	1.01742
113	134	1.02715
113	137	1.15342
113	141	0.984146
113	142	0.978242
113	163	1.13045
113	166	0.994948
113	177	1.01334
113	178	1.06248
114	20	0.8403
114	33	1.2456
114	48	1.37627
114	62	1.19678
114	101	1.32829
114	102	1.18453
114	107	1.16853
114	148	0.912336
114	151	0.928439
114	152	0.932537
114	159	0.944514
114	163	0.920048
114	164	0.919949
114	165	0.947729
114	166	0.943578
114	169	0.945973
114	171	0.941229
114	172	0.901589
114	173	0.935486
114	174	0.870544
114	175	0.901651
114	176	0.941636
114	178	0.932314
114	179	0.927604
114	180	0.912614
115	4	0.876598
115	15	0.826133
115	29	1.00646
115	122	0.871667
115	128	0.898061
115	139	1.05299
115	144	1.05509
115	157	0.987059
115	162	0.980129
115	163	1.02396
115	164	1.02386
115	166	1.04749
115	167	1.02872
115	169	1.04988
115	170	1.01823
115	171	1.04514
115	172	1.0055
115	173	1.03939
115	174	0.974453
115	175	1.00556
115	176	1.04554
115	177	0.901502
115	178	1.03622
115	179	1.03151
115	180	1.01652
116	16	1.025
116	59	1.04353
116	78	1.16379
116	91	1.07349
116	92	1.0148
116	94	1.08961
116	110	1.08977
116	125	0.984786
116	127	0.965957
116	137	0.958749
116	139	0.997595
116	151	0.976953
116	156	0.95957
116	163	0.968563
116	166	0.992093
116	169	0.994488
116	171	0.989743
116	172	0.950103
116	173	0.984
116	174	0.919058
116	175	0.950165
116	176	0.990151
116	178	0.980828
116	179	0.976118
116	180	0.961129
117	25	0.959041
117	103	1.06475
117	119	1.07455
117	128	0.885491
117	133	0.964944
117	134	1.02176
117	138	0.996713
117	139	1.03461
117	148	0.997867
117	150	0.913772
117	151	1.01397
117	156	0.996587
117	161	0.930777
117	162	0.96756
117	164	1.00548
117	166	1.02911
117	169	1.0315
117	172	0.98712
117	173	1.02102
117	174	0.956075
117	175	0.987182
117	176	1.02717
117	177	0.888932
117	178	1.01784
117	179	1.01314
117	180	0.998146
118	33	1.03179
118	41	0.989846
118	67	0.950599
118	73	1.06664
118	76	1.00119
118	80	0.991341
118	81	1.06659
118	86	0.987137
118	91	1.01781
118	92	1.02819
118	100	0.991952
118	101	0.996065
118	102	0.892414
118	129	0.964384
118	157	0.991834
118	158	0.922975
118	161	0.948122
118	162	1.02042
118	170	1.0066
118	172	0.993877
118	175	0.993939
118	176	1.03392
118	177	0.906277
118	178	1.0246
118	179	1.01989
118	180	1.0049
119	29	0.959186
119	37	1.1272
119	62	0.977815
119	68	0.878645
119	75	0.945889
119	78	0.921537
119	82	0.92539
119	83	1.01232
119	84	0.915764
119	85	0.913204
119	94	0.946844
119	96	1.12384
119	102	1.00055
119	106	0.992103
119	107	0.992434
119	113	0.94622
119	117	1.07455
119	121	0.960921
119	128	0.997686
119	129	0.985593
119	142	0.946411
119	152	1.10977
119	172	1.19633
119	177	0.981513
119	178	1.10094
119	180	1.19164
120	52	1.09422
120	73	0.994714
120	122	1.04396
120	124	1.00327
120	133	1.01201
120	135	1.00779
120	137	1.06319
120	143	1.03173
120	146	1.00846
120	147	0.990711
120	149	1.00823
120	150	1.01071
120	151	0.945974
120	152	0.981071
120	153	0.994946
120	154	0.993068
120	155	0.997748
120	157	1.00527
120	158	1.02247
120	161	1.01457
120	164	0.979761
120	167	1.00224
120	168	1.02787
120	176	0.979786
120	177	1.0325
120	178	0.972246
121	20	0.917173
121	29	1.00572
121	68	0.925178
121	78	0.96807
121	82	0.971923
121	83	1.05885
121	84	0.962297
121	94	0.993377
121	98	0.922846
121	102	1.04708
121	106	1.03864
121	107	1.03897
121	113	0.992753
121	119	0.960921
121	123	0.970749
121	128	1.04422
121	129	1.03213
121	141	0.998847
121	142	0.992944
121	145	1.082
121	148	1.04629
121	156	1.09079
121	164	1.02548
121	169	0.981525
121	177	1.02805
121	179	1.04416
121	180	1.10867
122	11	1.23073
122	84	0.981899
122	105	1.06207
122	115	0.871667
122	120	1.04396
122	124	1.03086
122	126	1.05877
122	130	0.916183
122	135	1.03539
122	137	0.976434
122	143	1.05933
122	146	1.03606
122	147	1.01831
122	149	1.03582
122	150	1.03831
122	153	1.02254
122	154	1.02067
122	155	1.02534
122	157	1.03287
122	158	1.05007
122	161	1.04217
122	163	0.953459
122	166	0.817957
122	168	1.05547
122	169	0.849047
122	176	0.893025
122	177	1.0601
123	13	0.838047
123	16	0.911303
123	19	0.899353
123	26	0.931734
123	33	0.915317
123	50	1.08941
123	57	1.21276
123	62	0.866491
123	77	1.00005
123	91	1.0319
123	93	1.04391
123	101	1.01015
123	102	0.854243
123	121	0.970749
123	147	1.01576
123	153	1.02
123	154	1.01812
123	155	1.0228
123	157	1.03032
123	161	1.03962
123	162	1.03451
123	165	1.0541
123	172	1.00796
123	173	1.04186
123	176	1.04801
123	178	1.03869
123	179	1.03398
123	180	1.01899
124	52	1.09016
124	63	1.01541
124	75	0.986245
124	88	1.01827
124	90	1.00471
124	105	1.02138
124	110	1.0007
124	120	1.00327
124	122	1.03086
124	135	0.994698
124	136	1.10885
124	142	0.984301
124	143	1.01864
124	146	0.995361
124	147	0.977614
124	149	0.99513
124	150	0.997613
124	153	0.981849
124	154	0.979972
124	155	0.984651
124	157	0.992176
124	158	1.00937
124	161	1.00147
124	163	1.03616
124	164	0.975704
124	165	0.917814
124	167	0.998181
124	168	1.01477
124	170	0.982546
124	175	1.06932
125	1	0.981926
125	5	0.947202
125	67	1.00333
125	72	0.995956
125	81	0.861362
125	91	1.05069
125	96	0.993414
125	97	1.10745
125	102	0.945143
125	116	0.984786
125	135	1.03264
125	137	0.992797
125	140	1.01161
125	151	1.011
125	152	1.0151
125	156	0.993619
125	163	1.00261
125	164	1.00251
125	165	1.03029
125	169	1.02854
125	170	0.996879
125	171	1.02379
125	172	0.984151
125	174	0.953106
125	175	0.984214
125	176	1.0242
125	177	0.959006
125	178	1.01488
125	179	1.01017
125	180	0.995177
126	51	1.31725
126	56	0.972861
126	92	1.1216
126	122	1.05877
126	136	0.903373
126	140	0.949276
126	145	0.938131
126	148	0.932564
126	149	1.13947
126	150	1.11344
126	151	0.948667
126	152	0.952765
126	154	1.19909
126	156	0.931284
126	158	1.1053
126	159	0.964742
126	163	0.940276
126	164	0.940177
126	165	0.967957
126	167	0.945041
126	169	0.966201
126	171	0.961457
126	172	0.921817
126	173	0.955714
126	174	0.890772
126	175	0.921879
126	176	0.961864
126	177	1.0886
126	178	0.952542
126	179	0.947832
126	180	0.932842
127	1	0.994283
127	23	0.94185
127	40	1.06289
127	58	1.01931
127	77	1.1504
127	107	0.941498
127	116	0.965957
127	132	0.966614
127	136	0.946878
127	137	0.973968
127	145	0.981637
127	148	0.976069
127	151	0.992172
127	159	1.00825
127	160	1.0363
127	161	1.01321
127	162	1.04999
127	163	0.983782
127	164	0.983682
127	165	1.01146
127	166	1.00731
127	167	0.988546
127	169	1.00971
127	171	1.00496
127	172	0.965322
127	173	0.999219
127	175	0.965384
127	176	1.00537
127	178	0.996047
127	179	0.991337
127	180	0.976348
128	28	1.03454
128	29	1.04248
128	62	1.06111
128	68	0.961943
128	78	1.00483
128	82	1.00869
128	83	1.09561
128	84	0.999062
128	85	0.996502
128	94	1.03014
128	98	0.959611
128	99	0.98678
128	102	1.08384
128	106	1.0754
128	107	1.07573
128	113	1.02952
128	115	0.898061
128	117	0.885491
128	119	0.997686
128	121	1.04422
128	129	1.06889
128	134	0.876553
128	141	1.03561
128	142	1.02971
128	144	0.864676
128	167	0.941872
128	172	1.00726
128	174	1.1174
128	177	1.06481
128	179	0.938081
128	180	1.00258
129	20	0.941845
129	28	1.02245
129	29	1.03039
129	62	1.04902
129	68	0.94985
129	70	1.213
129	78	0.992742
129	82	0.996595
129	83	1.08352
129	84	0.986969
129	85	0.984409
129	87	0.873212
129	94	1.01805
129	98	0.947518
129	102	1.07175
129	106	1.06331
129	107	1.06364
129	113	1.01742
129	118	0.964384
129	119	0.985593
129	121	1.03213
129	128	1.06889
129	138	1.01452
129	141	1.02352
129	142	1.01762
129	148	1.00176
129	166	0.905899
129	168	0.902411
129	170	0.963933
129	176	0.980968
129	177	1.05272
129	179	0.999629
130	11	0.740518
130	16	1.04735
130	29	1.05098
130	36	0.887522
130	44	1.00298
130	46	0.980745
130	54	0.968248
130	58	1.04843
130	62	0.944402
130	65	1.02419
130	66	1.03121
130	69	0.999944
130	72	0.999943
130	74	1.01482
130	83	0.923279
130	122	0.916183
130	131	0.99071
130	135	1.01965
130	143	0.985559
130	147	1.04911
130	158	0.962716
130	160	1.03187
130	165	1.04498
130	166	1.04083
130	167	1.02206
130	171	1.03848
130	173	1.03274
130	174	0.967794
130	177	1.04842
130	178	1.02956
130	179	1.02485
130	180	1.00986
131	19	0.99213
131	36	1.07353
131	53	0.902444
131	58	0.990925
131	59	0.972441
131	60	0.975079
131	66	0.973709
131	69	0.942444
131	70	1.29181
131	72	0.942443
131	81	1.01405
131	100	0.939413
131	112	1.0048
131	130	0.99071
131	133	0.970438
131	134	1.01691
131	138	1.09332
131	145	1.11627
131	146	0.966881
131	149	0.96665
131	154	0.951492
131	156	1.12506
131	157	0.963697
131	158	0.980892
131	161	0.972991
131	162	0.967881
131	169	1.0158
131	170	0.954067
131	176	1.05977
131	177	0.990924
131	178	1.05223
131	179	1.07844
132	14	1.19481
132	23	0.943359
132	61	1.00903
132	111	1.02429
132	127	0.966614
132	136	0.932317
132	138	0.960353
132	139	0.998252
132	140	0.978219
132	142	1.0867
132	144	1.00035
132	145	0.967075
132	149	1.02374
132	152	0.981709
132	155	1.06518
132	156	0.960228
132	157	1.05843
132	159	0.993686
132	160	1.03781
132	163	0.96922
132	165	0.996901
132	166	0.99275
132	169	0.995145
132	171	0.990401
132	172	0.95076
132	173	0.984658
132	174	0.919715
132	175	0.950823
132	176	0.990808
132	178	0.981485
132	179	0.976776
132	180	0.961786
133	7	0.935204
133	14	0.928739
133	23	1.03521
133	40	0.975465
133	43	1.0352
133	61	1.02081
133	64	0.990271
133	71	1.09081
133	75	1.00939
133	81	1.05128
133	89	1.21349
133	95	0.859343
133	100	0.976641
133	112	1.04203
133	117	0.964944
133	120	1.01201
133	131	0.970438
133	147	0.986363
133	150	1.00636
133	151	0.96506
133	153	0.990598
133	155	0.993399
133	156	1.06416
133	157	1.00092
133	161	1.01022
133	162	1.00511
133	166	0.923804
133	168	1.02352
133	170	0.991295
133	171	1.00865
133	172	1.08672
133	177	1.02815
133	178	0.991332
134	53	1.10471
134	59	0.941716
134	108	0.975578
134	110	0.987958
134	113	1.02715
134	117	1.02176
134	128	0.876553
134	131	1.01691
134	136	0.965668
134	137	0.992758
134	139	1.0316
134	142	0.993819
134	146	0.985435
134	148	0.994859
134	151	1.01096
134	152	1.01506
134	153	0.943736
134	156	0.993579
134	158	0.896693
134	159	1.02704
134	163	1.00257
134	164	1.00247
134	165	1.03025
134	169	1.0285
134	171	1.02375
134	172	0.984112
134	173	1.01801
134	174	0.953067
134	175	0.984174
134	176	1.02416
134	178	1.01484
134	179	1.01013
134	180	0.995138
135	20	1.29502
135	35	0.777028
135	42	0.979571
135	63	1.01994
135	87	0.888737
135	88	1.0228
135	105	1.0259
135	110	1.00523
135	120	1.00779
135	122	1.03539
135	124	0.994698
135	125	1.03264
135	130	1.01965
135	141	0.994734
135	143	1.02317
135	146	0.99989
135	147	0.982143
135	149	0.999659
135	150	1.00214
135	153	0.986379
135	154	0.984501
135	155	0.98918
135	157	0.996705
135	158	1.0139
135	161	1.006
135	164	0.996468
135	168	1.0193
135	169	0.952514
135	170	0.987075
135	175	1.09008
135	177	1.02393
135	178	0.988953
135	179	1.01515
136	26	1.11961
136	104	1.06101
136	124	1.10885
136	126	0.903373
136	127	0.946878
136	132	0.932317
136	134	0.965668
136	137	0.939671
136	138	0.940617
136	140	0.958483
136	147	1.15907
136	148	0.941771
136	149	1.10685
136	151	0.957875
136	153	1.11972
136	154	1.16646
136	156	0.940492
136	158	1.07268
136	159	0.97395
136	161	1.09782
136	163	0.949484
136	164	0.949385
136	165	0.977165
136	166	0.973014
136	168	0.975977
136	169	0.975409
136	171	0.970665
136	172	0.931025
136	173	0.964922
136	174	0.89998
136	176	0.971072
136	178	0.961749
136	179	0.95704
136	180	0.94205
137	8	0.837301
137	69	1.07994
137	113	1.15342
137	116	0.958749
137	120	1.06319
137	122	0.976434
137	125	0.992797
137	127	0.973968
137	134	0.992758
137	136	0.939671
137	138	0.967707
137	144	1.00771
137	145	0.974429
137	148	0.968861
137	149	1.05714
137	152	0.989063
137	155	1.09857
137	158	1.02297
137	159	1.00104
137	161	1.04811
137	163	0.976574
137	164	0.976475
137	165	1.00426
137	166	1.0001
137	169	1.0025
137	171	0.997755
137	172	0.958114
137	173	0.992012
137	174	0.927069
137	175	0.958176
137	176	0.998162
137	177	1.00627
137	178	0.988839
137	179	0.98413
137	180	0.96914
138	17	0.973663
138	26	1.02004
138	48	1.13429
138	101	1.08631
138	106	1.00851
138	117	0.996713
138	129	1.01452
138	131	1.09332
138	132	0.960353
138	136	0.940617
138	137	0.967707
138	140	0.98652
138	142	1.07024
138	144	1.00865
138	145	0.975375
138	148	0.969808
138	151	0.985911
138	152	0.99001
138	155	1.04872
138	156	0.968528
138	159	1.00199
138	163	0.97752
138	164	0.977421
138	165	1.0052
138	166	1.00105
138	169	1.00345
138	172	0.959061
138	173	0.992958
138	174	0.928016
138	175	0.959123
138	176	0.999108
138	177	0.956412
138	178	0.989786
138	179	0.985076
138	180	0.970087
139	3	1.16267
139	44	0.939081
139	49	1.05729
139	53	1.02766
139	69	0.876619
139	99	1.00731
139	106	0.855036
139	115	1.05299
139	116	0.997595
139	117	1.03461
139	132	0.998252
139	134	1.0316
139	144	1.04655
139	146	0.908384
139	148	1.00771
139	154	0.913429
139	155	0.895248
139	156	1.00643
139	157	0.8885
139	158	0.819641
139	159	1.03989
139	163	1.01542
