1	41	0.879906
1	54	1.62794
1	57	0.951553
1	67	0.988896
1	74	0.975409
1	78	0.879682
1	134	0.90835
1	146	0.908976
1	155	0.936141
1	159	1.17287
1	163	0.963224
1	176	1.87017
2	4	0.833821
2	64	0.974924
2	72	1.10208
2	76	0.98653
2	77	0.958222
2	79	0.946059
2	85	0.980574
2	86	0.980496
2	92	0.916571
2	120	1.37374
2	125	0.82766
2	171	2.10777
3	13	0.840731
3	16	0.915421
3	34	0.89082
3	76	0.986014
3	77	0.957706
3	79	0.945543
3	85	0.980058
3	86	0.979979
3	92	0.916054
3	136	1.36484
3	142	1.78637
3	164	1.48139
4	2	0.833821
4	6	0.935842
4	64	0.972617
4	76	0.984223
4	77	0.955915
4	79	0.943752
4	85	0.978267
4	86	0.978188
4	125	0.825353
4	136	1.3692
4	150	1.30029
4	173	1.95846
5	36	1.02098
5	37	1.11791
5	38	1.11897
5	39	0.989941
5	51	1.05588
5	52	0.961235
5	55	1.05658
5	97	1.07188
5	128	0.845264
5	136	1.1531
5	169	1.1738
5	177	1.765
6	4	0.935842
6	64	1.07695
6	76	1.08855
6	77	1.06024
6	79	1.04808
6	85	1.0826
6	86	1.08252
6	92	1.01859
6	142	1.13261
6	152	1.17172
6	158	0.944646
6	176	1.7534
7	9	0.856576
7	18	0.936598
7	20	0.951659
7	27	0.945859
7	29	0.951185
7	49	0.988295
7	50	0.951025
7	53	0.950976
7	145	1.31851
7	158	1.76775
7	161	1.50272
7	175	0.91582
8	41	0.995748
8	60	1.04858
8	67	1.10474
8	74	1.09125
8	78	0.995524
8	104	0.722103
8	146	1.02482
8	155	1.05198
8	163	1.07907
8	173	0.932934
8	178	1.42518
8	180	1.93613
9	7	0.856576
9	20	0.94009
9	27	0.93429
9	29	0.939617
9	49	0.976727
9	50	0.939456
9	53	0.939408
9	91	0.984446
9	117	1.41793
9	128	1.46894
9	149	1.68938
9	175	0.904251
10	19	1.05701
10	42	0.994241
10	65	1.00533
10	73	1.09859
10	88	1.06331
10	89	1.0686
10	92	1.22932
10	99	1.07144
10	155	1.04429
10	161	1.07765
10	163	0.951208
10	174	1.68595
11	21	1.1858
11	40	1.10944
11	46	0.993767
11	47	1.08455
11	62	1.01942
11	66	0.996775
11	75	1.00476
11	98	0.702846
11	111	1.30479
11	131	1.03618
11	162	1.07425
11	178	1.86297
12	15	1.07227
12	46	1.01865
12	62	1.04431
12	63	1.04809
12	66	1.02166
12	69	1.10318
12	75	1.02965
12	110	0.888679
12	131	1.06107
12	141	1.30491
12	143	1.08999
12	167	1.65163
13	3	0.840731
13	34	0.896455
13	64	0.980043
13	71	1.28876
13	76	0.991649
13	77	0.963341
13	85	0.985693
13	86	0.985615
13	92	0.92169
13	94	1.55602
13	125	0.832779
13	143	1.72602
14	28	0.852045
14	42	0.892294
14	65	0.903388
14	70	0.992114
14	84	0.93765
14	88	0.961368
14	89	0.966651
14	130	1.41135
14	131	0.934158
14	141	1.36197
14	155	0.942347
14	179	1.85153
15	12	1.07227
15	21	1.14792
15	40	1.07156
15	46	0.955891
15	58	0.922339
15	63	0.985324
15	66	0.958898
15	69	1.04041
15	75	0.966885
15	128	0.760368
15	142	1.48973
15	153	1.29546
15	179	1.73612
16	3	0.915421
16	34	0.971145
16	64	1.05473
16	76	1.06634
16	77	1.03803
16	79	1.02587
16	85	1.06038
16	86	1.0603
16	114	1.12373
16	125	0.907469
16	145	1.00837
16	158	1.45761
16	168	1.65394
17	36	0.902329
17	39	0.871293
17	51	0.937227
17	52	0.842586
17	55	0.937935
17	71	0.984515
17	78	0.865828
17	97	0.953228
17	146	0.895122
17	155	0.922287
17	162	1.75111
17	163	0.94937
17	166	2.17534
18	7	0.936598
18	20	1.02011
18	29	1.01964
18	49	1.05675
18	50	1.01948
18	53	1.01943
18	83	0.980444
18	91	1.06447
18	140	1.28558
18	143	1.10538
18	167	1.66701
18	169	1.16265
18	175	0.984274
19	10	1.05701
19	22	1.0097
19	28	0.92589
19	65	0.977232
19	70	1.06596
19	84	1.01149
19	88	1.03521
19	131	1.008
19	155	1.01619
19	157	1.37146
19	159	1.36903
19	163	0.866116
19	177	1.63593
20	7	0.951659
20	9	0.94009
20	18	1.02011
20	27	1.02937
20	29	1.0347
20	49	1.07181
20	50	1.03454
20	53	1.03449
20	117	1.03709
20	119	1.36665
20	149	1.30854
20	164	1.51248
20	175	0.999334
21	11	1.1858
21	15	1.14792
21	47	1.18508
21	54	1.76065
21	58	1.06075
21	62	1.11995
21	63	1.12373
21	66	1.09731
21	69	1.17882
21	71	0.486746
21	128	0.652733
21	164	1.07712
21	179	1.62848
22	19	1.0097
22	42	0.946932
22	65	0.958026
22	70	1.04675
22	71	1.08609
22	84	0.992289
22	88	1.01601
22	89	1.02129
22	116	1.50516
22	138	1.07504
22	146	1.07998
22	155	0.996986
22	174	1.60192
23	25	1.03749
23	56	1.02613
23	59	0.95238
23	81	1.01324
23	82	1.01526
23	87	1.04127
23	106	1.0549
23	134	0.992423
23	138	0.979089
23	142	1.32711
23	156	0.997921
23	173	1.49484
23	174	1.48242
24	100	0.989844
24	108	1.00362
24	109	1.09454
24	113	1.04062
24	119	1.18847
24	123	1.06371
24	129	1.04016
24	135	1.0023
24	144	1.01144
24	151	1.02414
24	152	0.941059
24	167	1.74282
24	169	1.23846
25	23	1.03749
25	56	1.02666
25	59	0.952918
25	61	1.00183
25	68	1.06793
25	72	0.823967
25	82	1.0158
25	87	1.04181
25	114	1.04472
25	134	0.992961
25	138	0.979627
25	168	1.57493
25	179	1.81295
26	48	0.970771
26	59	0.959273
26	81	1.02014
26	82	1.02215
26	87	1.04817
26	104	1.51862
26	106	1.0618
26	117	0.781348
26	134	0.999316
26	138	0.985982
26	139	0.98139
26	147	1.03331
26	160	1.98898
27	7	0.945859
27	9	0.93429
27	20	1.02937
27	49	1.06601
27	50	1.02874
27	53	1.02869
27	83	0.989705
27	91	1.07373
27	92	0.827618
27	171	1.39204
27	175	0.993534
27	176	1.74973
27	177	1.31931
28	14	0.852045
28	19	0.92589
28	42	0.863122
28	65	0.874216
28	70	0.962942
28	84	0.908478
28	88	0.932196
28	89	0.93748
28	95	1.31824
28	131	0.904986
28	155	0.913176
28	162	1.59529
28	171	1.98715
29	7	0.951185
29	9	0.939617
29	18	1.01964
29	20	1.0347
29	50	1.03407
29	53	1.03402
29	83	0.995031
29	91	1.07906
29	110	0.95509
29	122	1.07352
29	125	1.56815
29	168	1.62287
29	175	0.998861
30	41	0.959176
30	60	1.01201
30	67	1.06817
30	74	1.05468
30	78	0.958952
30	111	1.65398
30	122	1.01121
30	130	1.3584
30	134	0.98762
30	138	1.18061
30	146	0.988246
30	155	1.01541
30	163	1.04249
31	32	0.975686
31	36	0.991853
31	37	1.08879
31	39	0.960816
31	45	1.05365
31	51	1.02675
31	52	0.932109
31	54	1.41141
31	55	1.02746
31	95	0.627047
31	97	1.04275
31	132	1.05519
31	180	2.20378
32	31	0.975686
32	36	0.947396
32	37	1.04433
32	38	1.04539
32	39	0.916359
32	45	1.0092
32	51	0.982293
32	52	0.887652
32	55	0.983001
32	97	0.998295
32	139	1.28932
32	161	1.41666
32	163	1.29022
32	175	1.53786
33	43	0.471516
33	48	1.03886
33	56	1.10111
33	61	1.07627
33	68	1.14237
33	81	1.08823
33	82	1.09025
33	87	1.11626
33	134	1.06741
33	142	1.55346
33	147	1.1014
33	149	1.04453
33	154	1.53739
33	175	1.22166
34	3	0.89082
34	13	0.896455
34	16	0.971145
34	64	1.03013
34	76	1.04174
34	77	1.01343
34	79	1.00127
34	85	1.03578
34	86	1.0357
34	125	0.882868
34	163	0.938159
34	164	1.21261
34	167	1.62113
34	171	1.78069
35	41	1.04209
35	57	1.11374
35	60	1.09492
35	74	1.13759
35	78	1.04187
35	106	0.989045
35	130	1.31345
35	134	1.07054
35	146	1.07116
35	155	1.09833
35	158	1.31927
35	161	1.05424
35	163	1.12541
35	164	1.20226
36	5	1.02098
36	17	0.902329
36	31	0.991853
36	32	0.947396
36	37	1.0605
36	39	0.932525
36	45	1.02536
36	51	0.998459
36	52	0.903818
36	55	0.999167
36	102	1.24658
36	152	1.59608
36	159	1.48045
36	175	1.22517
37	5	1.11791
37	31	1.08879
37	32	1.04433
37	36	1.0605
37	38	1.15849
37	45	1.1223
37	51	1.0954
37	52	1.00075
37	55	1.0961
37	92	0.591616
37	160	1.3202
37	164	0.587955
37	170	1.38784
37	180	2.06386
38	5	1.11897
38	32	1.04539
38	37	1.15849
38	39	1.03052
38	45	1.12336
38	51	1.09645
38	52	1.00181
38	55	1.09716
38	97	1.11246
38	142	1.16978
38	156	0.840588
38	167	1.27332
38	173	1.33751
38	174	1.32509
39	5	0.989941
39	17	0.871293
39	31	0.960816
39	32	0.916359
39	36	0.932525
39	38	1.03052
39	45	0.994327
39	51	0.967423
39	52	0.872782
39	55	0.968131
39	96	1.36734
39	97	0.983424
39	149	0.969658
39	163	0.89915
39	180	2.64951
40	11	1.10944
40	15	1.07156
40	46	1.01794
40	58	0.984392
40	62	1.0436
40	63	1.04738
40	66	1.02095
40	69	1.10247
40	75	1.02894
40	109	1.08119
40	131	1.06036
40	133	1.08531
40	136	1.2044
40	146	1.2593
40	157	1.55185
41	1	0.879906
41	8	0.995748
41	30	0.959176
41	35	1.04209
41	57	0.962654
41	67	0.999997
41	78	0.890783
41	119	0.918211
41	134	0.919451
41	146	0.920077
41	155	0.947242
41	163	0.974325
41	168	1.37739
41	175	1.03722
41	180	2.53994
42	10	0.994241
42	14	0.892294
42	22	0.946932
42	28	0.863122
42	43	1.12059
42	44	0.993898
42	73	1.00772
42	84	0.948726
42	88	0.972444
42	89	0.977728
42	97	1.37585
42	118	1.66951
42	131	0.945234
42	145	1.56533
42	155	0.953424
43	33	0.471516
43	42	1.12059
43	53	0.464082
43	58	0.795504
43	100	0.693533
43	157	1.07644
43	162	1.08651
43	165	1.07228
43	169	1.15113
43	170	1.02548
43	172	1.0009
43	173	1.05014
43	177	1.03737
43	178	1.00094
43	180	0.971593
44	42	0.993898
44	65	1.00499
44	71	1.13306
44	83	1.02013
44	84	1.03925
44	88	1.06297
44	89	1.06826
44	99	1.0711
44	117	0.724664
44	131	1.03576
44	145	0.867831
44	155	1.04395
44	159	1.42852
44	162	1.37628
44	171	1.76814
45	31	1.05365
45	32	1.0092
45	36	1.02536
45	37	1.1223
45	38	1.12336
45	39	0.994327
45	51	1.06026
45	52	0.965621
45	55	1.06097
45	94	1.09627
45	97	1.07626
45	114	1.20252
45	120	1.25343
45	136	1.30284
45	143	1.26627
46	11	0.993767
46	12	1.01865
46	15	0.955891
46	40	1.01794
46	58	0.868719
46	62	0.927923
46	63	0.931704
46	66	0.905278
46	73	1.00717
46	75	0.913265
46	131	0.944684
46	138	1.20011
46	153	1.37742
46	154	1.55562
46	173	1.73942
47	11	1.08455
47	21	1.18508
47	58	0.959503
47	62	1.01871
47	63	1.02249
47	66	0.996062
47	69	1.07758
47	73	1.09795
47	75	1.00405
47	125	1.36599
47	131	1.03547
47	146	1.0457
47	157	1.33825
47	168	1.4207
47	169	1.01151
48	26	0.970771
48	33	1.03886
48	59	0.879307
48	68	0.994316
48	81	0.940172
48	82	0.942189
48	87	0.968199
48	106	0.98183
48	125	1.68091
48	134	0.91935
48	138	0.906016
48	146	1.36062
48	147	0.95334
48	153	1.53298
48	161	1.27426
49	7	0.988295
49	9	0.976727
49	18	1.05675
49	20	1.07181
49	27	1.06601
49	50	1.07118
49	53	1.07113
49	83	1.03214
49	91	1.11617
49	114	0.860867
49	157	1.30862
49	159	1.30619
49	164	1.07773
49	171	1.64581
49	175	1.03597
50	7	0.951025
50	9	0.939456
50	18	1.01948
50	20	1.03454
50	27	1.02874
50	29	1.03407
50	49	1.07118
50	53	1.03386
50	83	0.994871
50	91	1.07889
50	116	1.38114
50	118	0.789565
50	159	1.24607
50	166	1.61807
50	173	1.49032
50	175	0.9987
51	5	1.05588
51	17	0.937227
51	31	1.02675
51	32	0.982293
51	36	0.998459
51	37	1.0954
51	38	1.09645
51	39	0.967423
51	45	1.06026
51	52	0.938716
51	55	1.03406
51	71	0.878236
51	117	0.993214
51	119	1.32278
51	148	1.83327
51	175	1.44179
52	5	0.961235
52	17	0.842586
52	31	0.932109
52	32	0.887652
52	36	0.903818
52	37	1.00075
52	38	1.00181
52	39	0.872782
52	45	0.965621
52	51	0.938716
52	55	0.939424
52	97	0.954717
52	132	1.70261
52	143	1.22217
52	156	1.35107
52	177	1.87064
53	7	0.950976
53	9	0.939408
53	18	1.01943
53	20	1.03449
53	27	1.02869
53	29	1.03402
53	43	0.464082
53	49	1.07113
53	50	1.03386
53	72	0.80343
53	83	0.994823
53	91	1.07885
53	133	1.0054
53	172	2.12338
53	175	0.998652
53	177	1.7364
54	1	1.62794
54	21	1.76065
54	31	1.41141
54	125	0.867464
54	158	0.914866
54	160	0.844137
54	162	0.89848
54	163	0.986689
54	165	0.884249
54	170	0.837457
54	172	0.812875
54	174	0.856808
54	176	0.824122
54	177	0.849344
54	178	0.812917
54	180	0.783565
55	5	1.05658
55	17	0.937935
55	31	1.02746
55	32	0.983001
55	36	0.999167
55	37	1.0961
55	38	1.09716
55	39	0.968131
55	45	1.06097
55	51	1.03406
55	52	0.939424
55	124	1.13109
55	133	0.606807
55	170	1.64234
55	172	1.72479
55	179	1.39381
56	23	1.02613
56	25	1.02666
56	33	1.10111
56	61	0.990465
56	68	1.05657
56	81	1.00242
56	82	1.00444
56	87	1.03045
56	134	0.981599
56	138	0.968265
56	147	1.01559
56	152	1.19547
56	166	1.45184
56	169	0.755541
56	173	1.32409
56	178	1.81634
57	1	0.951553
57	35	1.11374
57	41	0.962654
57	60	1.01549
57	67	1.07164
57	74	1.05816
57	78	0.96243
57	116	1.38133
57	134	0.991098
57	146	0.991724
57	149	0.81386
57	155	1.01889
57	157	1.2487
57	163	1.04597
57	173	1.49051
57	179	1.56917
58	15	0.922339
58	21	1.06075
58	40	0.984392
58	43	0.795504
58	46	0.868719
58	47	0.959503
58	62	0.894372
58	63	0.898153
58	66	0.871726
58	69	0.953242
58	73	0.973615
58	75	0.879714
58	124	1.86111
58	131	0.911133
58	140	1.59956
58	156	1.54826
59	23	0.95238
59	25	0.952918
59	26	0.959273
59	48	0.879307
59	61	0.916718
59	68	0.982818
59	81	0.928674
59	82	0.930691
59	87	0.956701
59	124	1.50024
59	134	0.907852
59	138	0.894518
59	139	0.936241
59	147	0.941842
59	160	1.94384
59	166	1.81205
60	8	1.04858
60	30	1.01201
60	35	1.09492
60	57	1.01549
60	67	1.05283
60	74	1.03934
60	78	0.943616
60	106	0.987955
60	134	0.972284
60	145	0.868943
60	146	0.97291
60	155	1.00008
60	163	1.02716
60	164	1.20117
60	171	1.76925
60	174	1.66146
61	25	1.00183
61	33	1.07627
61	56	0.990465
61	59	0.916718
61	68	1.03173
61	81	0.977582
61	82	0.979599
61	87	1.00561
61	106	1.01924
61	130	1.21741
61	134	0.956761
61	138	0.943427
61	142	1.4112
61	147	0.990751
61	152	1.45031
61	175	1.0794
61	179	1.65758
62	11	1.01942
62	12	1.04431
62	21	1.11995
62	40	1.0436
62	46	0.927923
62	47	1.01871
62	58	0.894372
62	63	0.957356
62	66	0.93093
62	69	1.01245
62	75	0.938918
62	131	0.970337
62	139	0.649398
62	142	1.22973
62	168	1.2381
62	176	1.85052
62	178	1.8897
63	12	1.04809
63	15	0.985324
63	21	1.12373
63	40	1.04738
63	46	0.931704
63	47	1.02249
63	58	0.898153
63	62	0.957356
63	66	0.934711
63	69	1.01623
63	75	0.942699
63	94	0.890348
63	106	1.00025
63	131	0.974118
63	146	1.15181
63	167	1.62198
63	176	2.13923
64	2	0.974924
64	4	0.972617
64	6	1.07695
64	13	0.980043
64	16	1.05473
64	34	1.03013
64	76	1.12533
64	77	1.09702
64	79	1.08486
64	85	1.11937
64	86	1.11929
64	106	0.780231
64	109	0.753679
64	116	1.35697
64	125	0.966456
64	148	1.35811
64	160	1.72569
64	177	1.4888
65	10	1.00533
65	14	0.903388
65	19	0.977232
65	22	0.958026
65	28	0.874216
65	44	1.00499
65	73	1.01881
65	84	0.95982
65	88	0.983538
65	89	0.988822
65	91	1.07529
65	99	0.991665
65	120	1.38259
65	131	0.956328
65	154	1.83746
65	155	0.964518
65	163	1.27409
65	169	1.4527
66	11	0.996775
66	12	1.02166
66	15	0.958898
66	21	1.09731
66	40	1.02095
66	46	0.905278
66	47	0.996062
66	58	0.871726
66	62	0.93093
66	63	0.934711
66	69	0.989801
66	75	0.916272
66	125	1.19286
66	131	0.947692
66	141	0.996026
66	168	1.24757
66	172	1.81656
66	176	1.85999
67	1	0.988896
67	8	1.10474
67	30	1.06817
67	41	0.999997
67	57	1.07164
67	60	1.05283
67	74	1.0955
67	78	0.999774
67	109	0.942602
67	119	1.03654
67	130	1.29356
67	134	1.02844
67	145	0.850142
67	146	1.02907
67	155	1.05623
67	163	1.08332
67	165	1.53546
67	166	1.78283
68	25	1.06793
68	33	1.14237
68	48	0.994316
68	56	1.05657
68	59	0.982818
68	61	1.03173
68	81	1.04368
68	82	1.0457
68	87	1.07171
68	91	0.718141
68	106	1.08534
68	116	1.55493
68	117	0.716004
68	124	1.48004
68	138	1.00953
68	147	1.05685
68	152	1.53549
68	159	1.41986
69	12	1.10318
69	15	1.04041
69	21	1.17882
69	40	1.10247
69	47	1.07758
69	58	0.953242
69	62	1.01245
69	63	1.01623
69	66	0.989801
69	72	0.750924
69	73	1.09169
69	75	0.997788
69	122	0.952541
69	131	1.02921
69	138	1.12195
69	152	1.53263
69	159	1.417
69	174	1.64883
70	14	0.992114
70	19	1.06596
70	22	1.04675
70	28	0.962942
70	73	1.10754
70	83	1.02942
70	84	1.04855
70	88	1.07226
70	89	1.07755
70	96	1.35068
70	99	1.08039
70	116	1.52047
70	124	1.44558
70	131	1.04505
70	150	0.971478
70	155	1.05324
70	169	1.06109
70	175	1.13012
71	13	1.28876
71	17	0.984515
71	21	0.486746
71	22	1.08609
71	44	1.13306
71	51	0.878236
71	84	1.08789
71	88	1.1116
71	89	1.11689
71	121	0.41402
71	127	0.659831
71	155	1.09258
71	165	1.01723
71	169	1.09608
71	170	0.970434
71	174	0.989786
71	178	0.945894
71	180	0.916543
72	2	1.10208
72	25	0.823967
72	53	0.80343
72	69	0.750924
72	116	1.07154
72	121	0.566775
72	128	1.20202
72	130	1.09606
72	147	0.666555
72	154	1.04284
72	160	1.01903
72	164	1.11812
72	168	1.04907
72	172	0.987764
72	173	1.037
72	177	1.02423
72	178	0.987805
72	180	0.958454
73	10	1.09859
73	42	1.00772
73	46	1.00717
73	47	1.09795
73	58	0.973615
73	65	1.01881
73	69	1.09169
73	70	1.10754
73	75	1.01816
73	83	1.03395
73	88	1.07679
73	110	0.896451
73	114	1.03402
73	130	1.36207
73	131	1.04958
73	140	1.27797
73	165	1.60398
73	175	1.22406
74	1	0.975409
74	8	1.09125
74	30	1.05468
74	35	1.13759
74	57	1.05816
74	60	1.03934
74	67	1.0955
74	78	0.986286
74	97	0.593239
74	98	0.91977
74	134	1.01495
74	146	1.01558
74	155	1.04274
74	162	1.29117
74	163	1.06983
74	169	1.0191
74	172	1.99728
74	174	1.57523
75	11	1.00476
75	12	1.02965
75	15	0.966885
75	40	1.02894
75	46	0.913265
75	47	1.00405
75	58	0.879714
75	62	0.938918
75	63	0.942699
75	66	0.916272
75	69	0.997788
75	73	1.01816
75	125	1.48657
75	131	0.955679
75	139	0.952584
75	150	1.04248
75	166	1.82839
75	171	1.79602
76	2	0.98653
76	3	0.986014
76	4	0.984223
76	6	1.08855
76	13	0.991649
76	16	1.06634
76	34	1.04174
76	64	1.12533
76	79	1.09646
76	85	1.13098
76	86	1.1309
76	91	0.790844
76	110	0.909671
76	122	1.0281
76	125	0.978062
76	150	1.07864
76	177	1.75946
76	179	1.81546
77	2	0.958222
77	3	0.957706
77	4	0.955915
77	6	1.06024
77	13	0.963341
77	16	1.03803
77	34	1.01343
77	64	1.09702
77	79	1.06815
77	85	1.10267
77	86	1.10259
77	92	1.03866
77	111	1.63156
77	119	1.07896
77	122	0.988793
77	125	0.949754
77	161	1.07678
77	164	1.22479
77	173	1.6975
78	1	0.879682
78	8	0.995524
78	17	0.865828
78	30	0.958952
78	35	1.04187
78	41	0.890783
78	57	0.96243
78	60	0.943616
78	67	0.999774
78	74	0.986286
78	134	0.919228
78	136	1.41192
78	138	1.46188
78	139	1.25312
78	146	0.919853
78	152	1.87256
78	155	0.947018
78	161	1.38046
78	163	0.974101
79	2	0.946059
79	3	0.945543
79	4	0.943752
79	6	1.04808
79	16	1.02587
79	34	1.00127
79	64	1.08486
79	76	1.09646
79	77	1.06815
79	85	1.09051
79	86	1.09043
79	92	1.0265
79	125	0.937591
79	153	0.938388
79	165	1.18078
79	166	1.42814
79	167	1.2362
79	170	1.62757
79	179	1.37904
80	99	1.03351
80	103	1.00657
80	105	1.00526
80	111	1.54177
80	112	1.04063
80	119	0.989165
80	121	1.00267
80	123	1.04808
80	126	0.976004
80	127	0.987128
80	129	1.02453
80	135	0.986674
80	137	1.01602
80	144	0.995806
80	145	0.80277
80	151	1.00851
80	166	0.885787
80	169	1.03915
80	172	2.01733
80	174	1.59528
81	23	1.01324
81	26	1.02014
81	33	1.08823
81	48	0.940172
81	56	1.00242
81	59	0.928674
81	61	0.977582
81	68	1.04368
81	82	0.991555
81	87	1.01757
81	106	1.0312
81	128	0.668051
81	132	1.41976
81	134	0.968717
81	138	0.955383
81	146	1.03078
81	147	1.00271
81	162	1.26866
81	177	1.58779
81	178	2.05739
82	23	1.01526
82	25	1.0158
82	26	1.02215
82	33	1.09025
82	48	0.942189
82	56	1.00444
82	59	0.930691
82	61	0.979599
82	68	1.0457
82	81	0.991555
82	87	1.01958
82	91	1.16552
82	98	1.44361
82	117	1.16339
82	128	1.2144
82	134	0.970734
82	138	0.9574
82	147	1.00472
82	163	1.36433
82	164	1.63878
83	18	0.980444
83	27	0.989705
83	29	0.995031
83	44	1.02013
83	49	1.03214
83	50	0.994871
83	53	0.994823
83	70	1.02942
83	73	1.03395
83	89	1.00396
83	99	1.0068
83	102	1.32704
83	117	0.857054
83	131	0.971467
83	154	1.62136
83	155	0.979657
83	161	1.18443
83	163	1.05799
83	166	1.93291
83	175	0.959666
84	14	0.93765
84	19	1.01149
84	22	0.992289
84	28	0.908478
84	42	0.948726
84	44	1.03925
84	65	0.95982
84	70	1.04855
84	71	1.08789
84	88	1.0178
84	89	1.02308
84	95	0.892467
84	99	1.02593
84	109	0.753527
84	124	1.28194
84	131	0.99059
84	139	0.717942
84	155	0.99878
84	178	1.95824
84	180	2.4692
85	2	0.980574
85	3	0.980058
85	4	0.978267
85	6	1.0826
85	13	0.985693
85	16	1.06038
85	34	1.03578
85	64	1.11937
85	76	1.13098
85	77	1.10267
85	79	1.09051
85	86	1.12494
85	92	1.06102
85	104	1.41919
85	125	0.972106
85	132	1.48463
85	150	0.97185
85	156	1.1331
85	158	1.27433
85	162	1.33354
85	169	1.06147
86	2	0.980496
86	3	0.979979
86	4	0.978188
86	6	1.08252
86	13	0.985615
86	16	1.0603
86	34	1.0357
86	64	1.11929
86	76	1.1309
86	77	1.10259
86	79	1.09043
86	85	1.12494
86	92	1.06094
86	104	1.06524
86	109	0.563594
86	125	0.972027
86	136	0.686811
86	170	1.60325
86	173	1.27607
86	174	1.26365
86	180	2.27926
87	23	1.04127
87	25	1.04181
87	26	1.04817
87	33	1.11626
87	48	0.968199
87	56	1.03045
87	59	0.956701
87	61	1.00561
87	68	1.07171
87	81	1.01757
87	82	1.01958
87	106	1.05922
87	118	1.07362
87	134	0.996744
87	138	0.98341
87	140	1.32875
87	145	0.969434
87	147	1.03073
87	149	1.09772
87	152	1.64575
87	163	1.02721
87	173	1.77437
88	10	1.06331
88	14	0.961368
88	19	1.03521
88	22	1.01601
88	28	0.932196
88	42	0.972444
88	44	1.06297
88	65	0.983538
88	70	1.07226
88	71	1.1116
88	73	1.07679
88	84	1.0178
88	89	1.0468
88	91	0.8671
88	92	1.34402
88	102	1.33494
88	131	1.01431
88	136	1.22381
88	140	1.36745
88	155	1.0225
88	157	1.57125
88	161	1.19234
89	10	1.0686
89	14	0.966651
89	22	1.02129
89	28	0.93748
89	42	0.977728
89	44	1.06826
89	65	0.988822
89	70	1.07755
89	71	1.11689
89	83	1.00396
89	84	1.02308
89	88	1.0468
89	99	1.05493
89	106	1.01389
89	109	0.987342
89	118	0.999066
89	120	1.06115
89	131	1.01959
89	155	1.02778
89	169	1.13126
89	170	2.02699
89	177	1.72246
90	100	0.99278
90	101	1.03564
90	103	1.02513
90	105	1.02383
90	106	1.23367
90	107	1.01267
90	108	1.00655
90	110	1.09245
90	112	1.05919
90	113	1.04356
90	121	1.02124
90	124	0.959339
90	125	1.70552
90	126	0.99457
90	128	1.0225
90	135	1.00524
90	137	1.03459
90	141	1.50869
90	144	1.01437
90	150	1.26142
90	151	1.02708
90	166	0.904352
90	175	1.42006
91	9	0.984446
91	18	1.06447
91	27	1.07373
91	29	1.07906
91	49	1.11617
91	50	1.07889
91	53	1.07885
91	65	1.07529
91	68	0.718141
91	76	0.790844
91	82	1.16552
91	88	0.8671
91	95	1.05767
91	108	0.798929
91	126	0.823742
91	170	0.941531
91	172	0.916949
91	173	0.96619
91	175	1.04369
91	176	0.928196
91	178	0.916991
91	179	0.94838
91	180	0.887639
92	2	0.916571
92	3	0.916054
92	6	1.01859
92	10	1.22932
92	13	0.92169
92	27	0.827618
92	37	0.591616
92	77	1.03866
92	79	1.0265
92	85	1.06102
92	86	1.06094
92	88	1.34402
92	108	1.27585
92	151	0.947532
92	160	0.884776
92	164	0.983866
92	167	0.911093
92	173	0.902755
92	175	0.980254
92	177	0.889983
92	178	0.853555
92	179	0.884944
92	180	0.824204
93	97	0.97295
93	100	0.99005
93	101	1.03292
93	102	1.48924
93	103	1.0224
93	108	1.00382
93	113	1.04083
93	115	1.02929
93	118	1.26661
93	120	1.3287
93	121	1.01851
93	124	0.95661
93	126	0.991841
93	127	1.00296
93	129	1.04037
93	133	1.25901
93	135	1.00251
93	137	1.03186
93	140	1.52174
93	144	1.01164
93	149	1.29071
93	151	1.02435
93	152	0.941265
94	13	1.55602
94	45	1.09627
94	63	0.890348
94	95	1.01512
94	110	1.04346
94	119	1.04272
94	130	0.982696
94	136	1.02114
94	137	0.786733
94	144	0.909792
94	153	0.985482
94	155	0.646856
94	161	1.00125
94	166	0.900557
94	168	0.935706
94	171	0.910618
94	173	0.923641
94	174	0.918333
94	176	0.885647
94	177	0.910869
94	178	0.874442
94	179	0.905831
94	180	0.84509
95	28	1.31824
95	31	0.627047
95	84	0.892467
95	91	1.05767
95	94	1.01512
95	107	1.25645
95	114	1.02718
95	115	0.980346
95	116	0.934505
95	132	0.931637
95	139	1.0541
95	140	0.939982
95	144	1.13208
95	162	0.936336
95	166	0.876888
95	167	0.908311
95	168	0.912038
95	169	1.00096
95	171	0.88695
95	174	0.894664
95	176	0.861978
95	177	0.887201
95	178	0.850773
95	180	0.821422
96	39	1.36734
96	70	1.35068
96	99	1.11609
96	105	1.1971
96	116	0.901773
96	119	0.986322
96	123	1.09337
96	141	0.929327
96	145	1.0151
96	153	0.929081
96	159	0.913811
96	160	0.849262
96	162	0.903604
96	166	0.844156
96	169	0.968229
96	171	0.854217
96	172	0.817999
96	173	0.86724
96	174	0.861932
96	176	0.829246
96	177	0.854469
96	178	0.818041
96	179	0.84943
96	180	0.788689
97	5	1.07188
97	17	0.953228
97	31	1.04275
97	32	0.998295
97	38	1.11246
97	39	0.983424
97	42	1.37585
97	45	1.07626
97	52	0.954717
97	74	0.593239
97	93	0.97295
97	100	0.948791
97	112	0.524209
97	127	0.728497
97	132	0.968592
97	144	0.711203
97	149	1.05464
97	153	0.998769
97	161	1.01454
97	162	0.973292
97	171	0.923905
97	172	0.887687
97	177	0.924156
97	180	0.858377
98	11	0.702846
98	74	0.91977
98	82	1.44361
98	102	1.00345
98	109	1.14274
98	110	1.06926
98	115	0.885999
98	123	0.704453
98	129	0.686004
98	151	0.748697
98	156	1.03757
98	158	1.00218
98	159	0.996004
98	167	0.957772
98	168	0.961499
98	169	1.05042
98	170	0.924774
98	172	0.900192
98	173	0.949433
98	174	0.944125
98	176	0.911439
98	177	0.936662
98	178	0.900234
98	179	0.931623
98	180	0.870882
99	10	1.07144
99	44	1.0711
99	65	0.991665
99	70	1.08039
99	80	1.03351
99	83	1.0068
99	84	1.02593
99	89	1.05493
99	96	1.11609
99	105	1.02952
99	107	1.01837
99	112	1.06489
99	121	1.02694
99	132	1.24967
99	137	1.04028
99	140	0.949443
99	144	1.02007
99	149	0.718408
99	151	1.03277
99	155	1.03063
99	166	0.91005
99	170	1.72224
99	173	1.39506
99	175	0.895534
99	176	1.84812
100	24	0.989844
100	43	0.693533
100	90	0.99278
100	93	0.99005
100	97	0.948791
100	103	0.971534
100	105	0.97023
100	107	0.959077
100	108	0.952955
100	109	1.23073
100	113	0.989958
100	115	0.978424
100	123	1.01305
100	126	0.940972
100	127	0.952096
100	129	0.9895
100	135	0.951643
100	137	0.980988
100	144	0.960774
100	147	0.977529
100	151	0.973479
100	154	1.75941
100	156	1.44629
100	161	1.32248
100	168	1.78384
101	90	1.03564
101	93	1.03292
101	103	1.0144
101	107	1.00194
101	109	0.992798
101	112	1.04846
101	113	1.03282
101	115	1.02129
101	121	1.01051
101	123	1.05591
101	126	0.983837
101	127	0.994961
101	129	1.03236
101	130	1.34376
101	135	0.994507
101	137	1.02385
101	143	1.07945
101	144	1.00364
101	147	1.02039
101	148	1.59723
101	151	1.01634
101	153	1.34327
101	160	1.96481
101	163	0.958111
101	164	1.23256
101	166	0.89362
102	36	1.24658
102	83	1.32704
102	88	1.33494
102	93	1.48924
102	98	1.00345
102	104	0.92656
102	115	1.07576
102	118	0.98049
102	128	1.02752
102	133	1.00645
102	140	0.902517
102	146	0.932834
102	151	0.938459
102	157	0.888808
102	161	0.940119
102	162	0.898872
102	164	0.94362
102	165	0.884642
102	166	0.839424
102	167	0.870847
102	168	0.874573
102	173	0.862508
102	176	0.824514
102	177	0.849737
102	178	0.813309
102	179	0.844698
102	180	0.783957
103	80	1.00657
103	90	1.02513
103	93	1.0224
103	100	0.971534
103	101	1.0144
103	105	1.00258
103	106	1.03184
103	107	0.991428
103	108	0.985306
103	112	1.03795
103	115	1.01078
103	119	1.09922
103	121	0.999995
103	126	0.973324
103	127	0.984448
103	129	1.02185
103	133	1.00941
103	135	0.983994
103	137	1.01334
103	139	0.969704
103	144	0.993126
103	151	1.00583
103	163	0.970603
103	166	0.883107
103	175	1.21824
103	179	1.79642
103	180	2.72096
104	8	0.722103
104	26	1.51862
104	85	1.41919
104	86	1.06524
104	102	0.92656
104	111	0.904954
104	114	0.999759
104	115	1.34305
104	120	0.94514
104	137	1.37173
104	140	0.912557
104	149	0.990262
104	150	1.00113
104	156	0.960682
104	159	0.919118
104	162	0.908912
104	165	0.894681
104	169	0.973537
104	170	0.847889
104	171	0.859525
104	172	0.823307
104	173	0.872548
104	176	0.834554
104	177	0.859776
104	178	0.823349
104	179	0.854737
104	180	0.793997
105	80	1.00526
105	90	1.02383
105	96	1.1971
105	99	1.02952
105	100	0.97023
105	103	1.00258
105	107	0.990124
105	113	1.021
105	115	1.00947
105	118	0.77532
105	123	1.04409
105	126	0.97202
105	127	0.983143
105	129	1.02055
105	135	0.98269
105	137	1.01203
105	142	0.947561
105	144	0.991821
105	147	1.00858
105	148	1.36802
105	151	1.00453
105	165	1.35646
105	166	0.881802
105	168	1.31671
105	171	1.57144
105	175	0.976543
105	176	1.92913
106	23	1.0549
106	26	1.0618
106	35	0.989045
106	48	0.98183
106	60	0.987955
106	61	1.01924
106	63	1.00025
106	64	0.780231
106	68	1.08534
106	81	1.0312
106	87	1.05922
106	89	1.01389
106	90	1.23367
106	103	1.03184
106	131	1.01988
106	134	1.01038
106	138	0.997041
106	147	1.04436
106	158	0.993426
106	162	0.97704
106	170	0.916016
106	171	0.927653
106	172	0.891435
106	174	0.935368
106	176	0.902682
106	178	0.891476
106	179	0.922865
106	180	0.862125
107	90	1.01267
107	95	1.25645
107	99	1.01837
107	100	0.959077
107	101	1.00194
107	103	0.991428
107	105	0.990124
107	113	1.00985
107	115	0.998318
107	121	0.987537
107	123	1.03294
107	126	0.960867
107	127	0.971991
107	128	0.93289
107	135	0.971537
107	137	1.00088
107	142	0.936408
107	144	0.980668
107	145	1.02505
107	147	0.997423
107	150	1.17181
107	151	0.993373
107	152	0.910291
107	153	1.46798
107	156	1.33306
107	166	0.870649
107	167	1.76579
107	174	1.81756
108	24	1.00362
108	90	1.00655
108	91	0.798929
108	92	1.27585
108	93	1.00382
108	100	0.952955
108	103	0.985306
108	112	1.01937
108	113	1.00373
108	114	1.05532
108	115	0.992196
108	117	1.05708
108	123	1.02682
108	124	0.919514
108	126	0.954745
108	129	1.00327
108	135	0.965415
108	137	0.99476
108	144	0.974546
108	147	0.991301
108	149	1.06824
108	150	1.08673
108	151	0.987251
108	152	0.90417
108	157	1.50308
108	162	1.44841
108	166	0.864527
108	172	2.15452
109	24	1.09454
109	40	1.08119
109	64	0.753679
109	67	0.942602
109	84	0.753527
109	86	0.563594
109	89	0.987342
109	98	1.14274
109	100	1.23073
109	101	0.992798
109	114	1.12902
109	148	1.02055
109	156	1.08994
109	157	1.02811
109	162	1.03817
109	163	1.12638
109	164	1.08292
109	166	0.978722
109	167	1.01015
109	168	1.01387
109	169	1.1028
109	170	0.977147
109	173	1.00181
109	174	0.996499
109	176	0.963813
109	178	0.952607
109	179	0.983996
109	180	0.923256
110	12	0.888679
110	29	0.95509
110	73	0.896451
110	76	0.909671
110	90	1.09245
110	94	1.04346
110	98	1.06926
110	127	0.895773
110	128	1.09333
110	133	1.07226
110	134	0.787165
110	135	0.957654
110	136	1.02582
110	139	1.08245
110	148	0.94706
110	153	0.990161
110	157	0.95462
110	163	1.05289
110	164	1.00943
110	168	0.940385
110	169	1.02931
110	170	0.903661
110	173	0.92832
110	174	0.923012
110	176	0.890326
110	178	0.879121
110	179	0.910509
110	180	0.849769
111	11	1.30479
111	30	1.65398
111	77	1.63156
111	80	1.54177
111	104	0.904954
111	136	0.938401
111	140	0.880911
111	142	0.883577
111	144	1.63968
111	150	0.969479
111	153	0.902743
111	156	0.929036
111	157	0.867202
111	159	0.887472
111	160	0.822923
111	162	0.877266
111	165	0.863035
111	167	0.849241
111	171	0.827879
111	172	0.791661
111	173	0.840902
111	174	0.835594
111	176	0.802908
111	177	0.82813
111	178	0.791703
111	179	0.823091
111	180	0.762351
112	80	1.04063
112	90	1.05919
112	97	0.524209
112	99	1.06489
112	101	1.04846
112	103	1.03795
112	108	1.01937
112	115	1.04484
112	121	1.03406
112	123	1.07946
112	126	1.00739
112	127	1.01851
112	129	1.05591
112	135	1.01806
112	137	1.0474
112	142	0.982928
112	143	0.892797
112	144	1.02719
112	146	0.98426
112	147	1.04394
112	151	1.03989
112	153	1.15662
112	160	1.77816
112	165	1.39901
112	166	0.917169
112	169	0.950069
112	170	1.8458
112	171	1.61399
113	24	1.04062
113	90	1.04356
113	93	1.04083
113	100	0.989958
113	101	1.03282
113	105	1.021
113	107	1.00985
113	108	1.00373
113	115	1.0292
113	120	1.02513
113	121	1.01842
113	123	1.06382
113	126	0.991748
113	127	1.00287
113	132	1.5184
113	135	1.00242
113	137	1.03176
113	138	1.12448
113	142	0.96729
113	143	1.03796
113	144	1.01155
113	145	0.858853
113	147	1.0283
113	151	1.02425
113	152	0.941173
113	158	1.3081
113	169	1.09523
113	170	1.99097
113	179	1.74244
114	16	1.12373
114	25	1.04472
114	45	1.20252
114	49	0.860867
114	73	1.03402
114	95	1.02718
114	104	0.999759
114	108	1.05532
114	109	1.12902
114	129	0.664316
114	131	1.01623
114	140	0.975716
114	141	0.997794
114	150	1.06428
114	154	0.941539
114	159	0.982278
114	161	1.01332
114	167	0.944046
114	169	1.0367
114	170	0.911048
114	171	0.922684
114	172	0.886466
114	173	0.935707
114	174	0.930399
114	175	1.01321
114	176	0.897713
114	178	0.886508
114	179	0.917897
114	180	0.857156
115	93	1.02929
115	95	0.980346
115	98	0.885999
115	100	0.978424
115	101	1.02129
115	102	1.07576
115	103	1.01078
115	104	1.34305
115	105	1.00947
115	107	0.998318
115	108	0.992196
115	112	1.04484
115	113	1.0292
115	117	1.08255
115	121	1.00688
115	123	1.05229
115	126	0.980214
115	127	0.991338
115	129	1.02874
115	133	0.845529
115	135	0.990884
115	137	1.02023
115	144	1.00002
115	147	1.01677
115	151	1.01272
115	158	1.19819
115	162	1.2574
115	163	0.80672
115	172	1.96351
116	22	1.50516
116	50	1.38114
116	57	1.38133
116	64	1.35697
116	68	1.55493
116	70	1.52047
116	72	1.07154
116	95	0.934505
116	96	0.901773
116	138	0.899394
116	139	0.997158
116	142	0.885704
116	145	0.990889
116	148	0.861769
116	156	0.931163
116	163	0.967602
116	165	0.865162
116	167	0.851368
116	168	0.855094
116	169	0.944018
116	170	0.81837
116	171	0.830006
116	172	0.793788
116	173	0.843029
116	174	0.837721
116	176	0.805035
116	178	0.79383
116	179	0.825218
116	180	0.764478
117	9	1.41793
117	20	1.03709
117	26	0.781348
117	44	0.724664
117	51	0.993214
117	68	0.716004
117	82	1.16339
117	83	0.857054
117	108	1.05708
117	115	1.08255
117	121	1.07177
117	124	1.00987
117	126	1.0451
117	129	1.09363
117	134	0.666201
117	135	1.05577
117	137	1.08512
117	148	0.996707
117	151	1.07761
117	152	0.994525
117	154	0.983799
117	165	1.0001
117	168	0.990032
117	170	0.953308
117	172	0.928726
117	175	1.05547
117	178	0.928767
117	179	0.960156
117	180	0.899416
118	42	1.66951
118	50	0.789565
118	87	1.07362
118	89	0.999066
118	93	1.26661
118	102	0.98049
118	105	0.77532
118	129	0.653136
118	133	1.07042
118	135	1.08404
118	138	0.982843
118	140	0.966487
118	141	0.988564
118	154	0.93231
118	156	1.01461
118	159	0.973048
118	161	1.00409
118	162	0.962842
118	164	1.00759
118	165	0.948611
118	166	0.903394
118	167	0.934816
118	168	0.938543
118	169	1.02747
118	170	0.901818
118	172	0.877237
118	173	0.926478
118	177	0.913706
118	178	0.877278
118	180	0.847927
119	20	1.36665
119	24	1.18847
119	41	0.918211
119	51	1.32278
119	67	1.03654
119	77	1.07896
119	80	0.989165
119	94	1.04272
119	96	0.986322
119	103	1.09922
119	122	1.06709
119	141	0.989664
119	142	0.970253
119	143	1.02762
119	156	1.01571
119	157	0.953878
119	161	1.00519
119	165	0.949711
119	167	0.935917
119	168	0.939643
119	171	0.914555
119	172	0.878337
119	173	0.927578
119	174	0.92227
119	175	1.00508
119	176	0.889584
119	177	0.914806
119	178	0.878379
119	179	0.909767
119	180	0.849027
120	2	1.37374
120	45	1.25343
120	65	1.38259
120	89	1.06115
120	93	1.3287
120	104	0.94514
120	113	1.02513
120	122	1.0206
120	132	0.912753
120	136	0.978587
120	137	0.943897
120	142	0.923763
120	143	0.981132
120	145	1.02895
120	150	1.00967
120	153	0.942929
120	154	0.88692
120	160	0.86311
120	162	0.917452
120	164	0.9622
120	168	0.893153
120	169	0.982077
120	171	0.868065
120	174	0.87578
120	175	0.958588
120	176	0.843094
120	178	0.831889
120	179	0.863278
120	180	0.802537
121	71	0.41402
121	72	0.566775
121	80	1.00267
121	90	1.02124
121	93	1.01851
121	99	1.02694
121	101	1.01051
121	103	0.999995
121	107	0.987537
121	112	1.03406
121	113	1.01842
121	115	1.00688
121	117	1.07177
121	126	0.969433
121	127	0.980557
121	129	1.01796
121	133	0.768747
121	135	0.980104
121	137	1.00945
121	142	0.944975
121	144	0.989235
121	147	1.00599
121	148	1.36905
121	151	1.00194
121	165	1.35749
121	166	0.879216
121	175	0.977572
121	177	1.49975
121	178	1.96934
121	180	2.48029
122	29	1.07352
122	30	1.01121
122	69	0.952541
122	76	1.0281
122	77	0.988793
122	119	1.06709
122	120	1.0206
122	123	0.663628
122	132	0.979675
122	133	1.09195
122	135	1.07608
122	145	1.09587
122	147	0.868172
122	148	0.966751
122	154	0.953843
122	157	0.974311
122	158	1.00076
122	160	0.930032
122	162	0.984375
122	168	0.960076
122	171	0.934988
122	172	0.89877
122	173	0.948011
122	174	0.942703
122	176	0.910017
122	177	0.935239
122	178	0.898811
122	179	0.9302
122	180	0.86946
123	24	1.06371
123	80	1.04808
123	96	1.09337
123	98	0.704453
123	100	1.01305
123	101	1.05591
123	105	1.04409
123	107	1.03294
123	108	1.02682
123	112	1.07946
123	113	1.06382
123	115	1.05229
123	122	0.663628
123	126	1.01484
123	127	1.02596
123	129	1.06336
123	135	1.02551
123	136	0.783077
123	137	1.05485
123	142	0.990378
123	144	1.03464
123	147	1.05139
123	151	1.04734
123	152	0.964261
123	156	0.875416
123	165	1.25272
123	166	0.924619
123	170	1.69951
123	171	1.46771
123	173	1.37234
123	176	1.8254
124	55	1.13109
124	58	1.86111
124	59	1.50024
124	68	1.48004
124	70	1.44558
124	84	1.28194
124	90	0.959339
124	93	0.95661
124	108	0.919514
124	117	1.00987
124	127	0.918656
124	129	0.95606
124	137	0.947547
124	144	0.927334
124	149	0.958113
124	151	0.940039
124	152	0.856957
124	160	0.82242
124	166	0.817315
124	169	0.941388
124	170	0.815739
124	171	0.827376
124	172	0.791158
124	173	0.840399
124	174	0.835091
124	176	0.802405
124	177	0.827627
124	179	0.822588
124	180	0.761848
125	2	0.82766
125	4	0.825353
125	13	0.832779
125	16	0.907469
125	29	1.56815
125	34	0.882868
125	47	1.36599
125	48	1.68091
125	54	0.867464
125	64	0.966456
125	66	1.19286
125	75	1.48657
125	76	0.978062
125	77	0.949754
125	79	0.937591
125	85	0.972106
125	86	0.972027
125	90	1.70552
125	138	0.870209
125	141	0.875931
125	145	0.961704
125	159	0.860414
125	160	0.795865
125	161	0.891454
125	169	0.914833
125	170	0.789185
125	176	0.77585
125	177	0.801072
125	179	0.796033
125	180	0.735293
126	80	0.976004
126	90	0.99457
126	91	0.823742
126	93	0.991841
126	100	0.940972
126	101	0.983837
126	103	0.973324
126	105	0.97202
126	107	0.960867
126	108	0.954745
126	112	1.00739
126	113	0.991748
126	115	0.980214
126	117	1.0451
126	121	0.969433
126	123	1.01484
126	127	0.953886
126	129	0.99129
126	135	0.953433
126	137	0.982778
126	142	0.918304
126	144	0.962564
126	145	0.964772
126	146	1.23534
126	149	1.09305
126	150	1.11154
126	151	0.975269
126	152	0.892187
126	154	1.58591
126	158	1.41401
126	177	1.79235
126	178	2.26195
127	71	0.659831
127	80	0.987128
127	93	1.00296
127	97	0.728497
127	100	0.952096
127	101	0.994961
127	103	0.984448
127	105	0.983143
127	107	0.971991
127	110	0.895773
127	112	1.01851
127	113	1.00287
127	115	0.991338
127	121	0.980557
127	123	1.02596
127	124	0.918656
127	126	0.953886
127	129	1.00241
127	135	0.964557
127	137	0.993902
127	138	1.18361
127	142	0.929428
127	144	0.973688
127	147	0.990442
127	151	0.986393
127	152	0.903311
127	153	1.36091
127	166	0.863669
127	169	1.15436
127	174	1.71049
127	177	1.74556
127	178	2.21515
128	5	0.845264
128	9	1.46894
128	15	0.760368
128	21	0.652733
128	72	1.20202
128	81	0.668051
128	82	1.2144
128	90	1.0225
128	102	1.02752
128	107	0.93289
128	110	1.09333
128	137	0.685467
128	139	1.12764
128	140	1.01352
128	145	1.12137
128	147	0.679787
128	158	1.02626
128	159	1.02008
128	161	1.05112
128	162	1.00987
128	165	0.995641
128	168	0.985573
128	169	1.0745
128	171	0.960484
128	172	0.924266
128	173	0.973507
128	174	0.968199
128	175	1.05101
128	176	0.935513
128	177	0.960736
128	179	0.955697
128	180	0.894956
129	24	1.04016
129	80	1.02453
129	93	1.04037
129	98	0.686004
129	100	0.9895
129	101	1.03236
129	103	1.02185
129	105	1.02055
129	108	1.00327
129	112	1.05591
129	114	0.664316
129	115	1.02874
129	117	1.09363
129	118	0.653136
129	121	1.01796
129	123	1.06336
129	124	0.95606
129	126	0.99129
129	127	1.00241
129	135	1.00196
129	137	1.03131
129	144	1.01109
129	147	1.02785
129	151	1.0238
129	153	0.991886
129	154	1.17009
129	164	0.881178
129	166	0.901073
129	176	1.80695
129	177	1.37653
129	179	1.43254
129	180	2.35708
130	14	1.41135
130	30	1.3584
130	35	1.31345
130	61	1.21741
130	67	1.29356
130	72	1.09606
130	73	1.36207
130	94	0.982696
130	101	1.34376
130	150	0.996128
130	153	0.929391
130	156	0.955685
130	157	0.893851
130	160	0.849572
130	162	0.903915
130	163	0.992124
130	164	0.948662
130	165	0.889684
130	167	0.875889
130	168	0.879616
130	169	0.96854
130	170	0.842891
130	171	0.854528
130	172	0.81831
130	173	0.867551
130	174	0.862243
130	175	0.94505
130	176	0.829557
130	177	0.854779
130	178	0.818351
130	180	0.789
131	11	1.03618
131	12	1.06107
131	14	0.934158
131	19	1.008
131	28	0.904986
131	40	1.06036
131	42	0.945234
131	44	1.03576
131	46	0.944684
131	47	1.03547
131	58	0.911133
131	62	0.970337
131	63	0.974118
131	65	0.956328
131	66	0.947692
131	69	1.02921
131	70	1.04505
131	73	1.04958
131	75	0.955679
131	83	0.971467
131	84	0.99059
131	88	1.01431
131	89	1.01959
131	106	1.01988
131	114	1.01623
131	143	1.07997
131	146	1.17144
131	150	1.04763
131	155	0.995288
131	159	1.46156
131	167	1.64161
131	168	1.54644
131	169	1.13725
131	179	1.78446
132	31	1.05519
132	52	1.70261
132	81	1.41976
132	85	1.48463
132	95	0.931637
132	97	0.968592
132	99	1.24967
132	113	1.5184
132	120	0.912753
132	122	0.979675
132	139	0.994289
132	143	0.940205
132	145	0.988021
132	147	1.43149
132	149	0.957875
132	150	0.968738
132	154	0.845993
132	157	0.866461
132	158	0.892911
132	160	0.822182
132	161	0.917771
132	162	0.876525
132	164	0.921272
132	165	0.862294
132	168	0.852226
132	170	0.815501
132	171	0.827138
132	172	0.79092
132	174	0.834852
132	176	0.802166
132	177	0.827389
132	178	0.790961
132	179	0.82235
132	180	0.76161
133	40	1.08531
133	53	1.0054
133	55	0.606807
133	93	1.25901
133	102	1.00645
133	103	1.00941
133	110	1.07226
133	115	0.845529
133	118	1.07042
133	121	0.768747
133	122	1.09195
133	136	1.04993
133	137	0.874206
133	141	1.01452
133	143	1.05248
133	144	0.997264
133	149	1.07015
133	153	1.01428
133	154	0.958268
133	155	0.734329
133	156	1.04057
133	157	0.978736
133	159	0.999007
133	160	0.934458
133	164	1.03355
133	165	0.97457
133	167	0.960775
133	173	0.952436
133	174	0.947128
133	176	0.914442
133	177	0.939665
133	178	0.903237
133	179	0.934626
133	180	0.873885
134	1	0.90835
134	23	0.992423
134	25	0.992961
134	26	0.999316
134	30	0.98762
134	33	1.06741
134	35	1.07054
134	41	0.919451
