0,0,8.75764969,11.7109506,11.09724408,9.271848605,6.921591879,0,0,0,0,0,9.468687927,6.909706984,0,0,0,5.761205042,0,0,6.165525769,6.968464429,0,0,3.067691378,0,0,3.170586493,0,0,0,0,0,0,0,0,0,0,0,0,0,0,0,0,0,0,0,0,0,0,0,0,0,0,0,0,0,0,0,0,0,0,0,0,0,0,0,0,0,0,0,0,0,0,0,0,0,0,0,0,0,0,0,0,0,0,0,0,0,0,0,0,0,4.571984754,0,0,0,0,0,0,0,0,0,0,0,5.392481446,5.613216683,0,0,5.375450484,0,5.248150539,0,0,0,0,0,4.344081597,7.100174942,6.147814808,8.22696618,6.068949279,5.73754372,3.232252927,5.739344791,6.371556858,6.027933475,6.377398699,0,5.282902763,6.644666903,6.565800882,5.275346019,6.124926045,6.634214208,0,0,5.376322802,0,0,0,7.460583471,5.265066766,0,0,4.380337811,0,0,2.915897138,0,0,0,8.272762272,6.516250836,5.680592663,0,0,0,0,7.47298617,0,0,5.92662233,0,0,3.828779296,7.749768002,0,0,0,0,6.061004483,3.033992523,0,4.912014183,6.618999144,5.573231327,6.369210714,0,0
0,0,0,0,0,0,0,0,0,0,0,0,0,0,0,0,0,0,0,0,0,0,7.616938948,0,0,0,0,0,0,0,0,0,0,0,0,0,0,0,0,0,0,0,0,0,0,0,0,0,0,0,0,0,0,0,0,0,0,0,0,0,0,0,0,0,0,0,0,0,0,0,0,0,0,0,0,0,0,0,0,0,0,0,0,0,0,0,0,0,0,0,0,0,0,0,0,0,0,0,0,0,0,0,0,0,0,0,0,0,0,0,0,0,0,0,0,0,0,0,0,0,0,0,0,0,0,0,0,0,0,0,0,0,0,0,0,0,0,7.129800646,0,7.049837245,6.818715071,0,0,0,0,0,0,0,0,0,0,0,0,0,0,0,7.18811941,0,6.646234133,0,0,0,0,0,0,0,3.508735437,0,0,0,0,0,0,0,0,0,0,0,0,0
8.75764969,0,0,8.712922877,8.069251831,5.938042903,0,0,0,0,0,0,8.062775731,6.639487745,7.064692628,5.963605608,4.848666718,4.614164272,5.522604478,0,0,0,0,0,0,0,0,0,0,0,0,0,0,0,0,0,0,0,0,0,0,0,0,0,0,0,0,0,0,0,0,0,0,0,0,0,0,0,0,0,0,0,0,0,0,0,0,0,0,0,0,0,0,0,0,0,0,0,0,0,0,0,0,0,0,0,0,0,0,0,0,0,0,0,0,0,0,0,0,0,0,0,3.545752062,0,0,2.570575253,4.231241103,0,0,0,0,2.00009102,0,0,0,0,0,3.62230607,5.977228888,4.39416434,6.815025333,5.282833452,3.007806906,0,4.762435222,5.139777802,4.305378894,4.160960596,0,0,3.93667115,3.928182333,0,3.837856416,4.389391061,0,0,0,0,0,0,8.153031375,5.992795951,0,0,6.016080664,0,0,0,0,0,7.738601221,0,4.332700297,4.326452975,0,0,6.188445533,0,4.828070207,0,0,4.620189229,0,0,0,5.2092345,0,0,0,0,3.861123731,3.245156534,0,4.886894952,4.160769385,0,3.992098664,0,0
11.7109506,0,8.712922877,0,10.99129042,9.41539643,7.215549873,0,0,0,0,0,9.469483368,6.609909876,0,0,0,5.714977582,0,0,6.160528233,7.033829748,0,0,2.676563139,0,0,2.793780369,0,0,5.852602105,0,0,0,0,0,0,0,0,0,0,0,0,0,0,0,0,0,0,0,0,0,0,0,0,0,0,2.20809898,0,0,0,0,0,0,0,0,0,0,2.793796447,1.63487495,0,0,0,0,0,0,0,0,0,0,0,0,0,0,0,0,0,0,0,0,0,0,0,4.270339424,0,0,0,0,0,0,0,0,0,0,0,5.125594642,5.209314628,0,0,0,0,5.003801076,0,0,0,0,0,4.088593981,6.742059785,5.837057893,7.905976212,5.878424013,5.408439789,2.952156478,5.360300248,6.189425284,6.029705379,6.042473306,0,4.927433037,6.427553741,6.249064058,4.914145664,5.87010718,6.533793015,0,3.831722709,5.088496181,0,0,0,7.30944772,4.867576286,0,0,3.791654546,0,0,2.460084245,0,3.09564987,0,8.000782113,6.672660663,5.724282974,0,0,0,0,7.465438226,0,0,6.02007018,0,0,3.273542845,7.511303327,0,0,0,0,5.959336383,2.734729298,0,4.566886764,6.250059772,5.223858977,6.01949163,0,0
11.09724408,0,8.069251831,10.99129042,0,10.26277842,8.319070395,0,0,0,0,0,9.556050617,6.661984029,5.526972423,0,0,6.676648706,0,7.809294048,7.596521445,8.205466312,0,0,2.960217173,0,0,3.105035652,0,0,5.159676496,0,0,0,0,0,0,0,0,0,0,0,0,0,2.172758286,0,0,0,0,0,0,0,0,0,0,0,0,0,0,0,0,0,0,0,0,0,0,0,0,0,0,0,0,0,0,0,0,0,0,0,0,0,0,0,0,0,0,0,0,0,0,0,0,4.130700422,0,0,0,0,0,0,0,0,4.491553834,0,0,4.951110944,5.454252271,0,0,5.026183328,0,4.862491815,0,0,0,0,0,3.968338211,6.459817302,5.479534088,7.311313617,5.62639815,5.365467853,3.474134642,5.729672813,5.770570926,6.216376379,6.103063927,3.971014958,5.147352408,6.346732201,6.238919834,5.05566309,5.849234393,6.522819839,4.735165222,4.082228968,5.763164912,0,0,0,6.973062207,0,0,2.715506983,0,0,0,2.57723029,0,3.291174451,0,7.371178637,7.492716003,5.100279741,5.935181952,0,7.192649362,0,7.327961543,0,0,6.827911517,0,0,3.589686102,7.427193154,0,0,0,0,5.909103631,3.265870245,0,5.08539852,6.275871697,5.361137111,6.042728529,0,0
9.271848605,0,5.938042903,9.41539643,10.26277842,0,8.712636804,0,0,0,0,0,9.110405201,4.597928257,0,7.782045074,0,7.466723695,0,8.93996779,8.335909006,8.697671693,0,0,2.14922077,0,0,0,0,0,3.154825421,0,0,0,0,0,0,0,0,0,0,0,0,0,0,0,0,0,0,0,0,0,0,0,0,0,0,0,0,0,0,0,0,0,0,0,0,0,0,0,0,0,0,0,0,0,0,0,0,0,0,0,0,0,0,0,0,0,0,0,0,0,0,0,0,0,0,0,0,0,0,0,0,0,0,4.191489512,4.686981478,0,0,4.269432128,0,4.130491475,0,0,0,0,0,0,4.88621925,4.33799933,5.270613061,4.560184883,4.65080391,0,4.94799668,0,6.161740021,5.389247651,3.239944196,4.427064671,5.633489483,5.541383127,4.426605146,5.178124969,6.123805003,0,0,6.310214578,0,0,0,0,0,0,0,0,0,0,0,0,2.886563497,6.67441971,0,7.625079926,3.922220243,6.977005801,0,8.288390362,7.800453772,6.530998625,0,0,7.307766592,0,0,2.617741321,6.662192091,0,0,0,0,5.334185336,2.352147962,0,4.232962029,5.572845545,4.632877003,5.30298535,0,0
6.921591879,0,0,7.215549873,8.319070395,8.712636804,0,0,0,0,0,0,6.645493909,0,0,0,0,7.421883183,0,0,0,7.575916468,0,0,0,0,0,0,0,0,0,0,0,0,0,0,0,0,0,0,0,0,0,0,0,0,0,0,0,0,0,0,0,0,0,0,0,0,0,0,0,0,0,0,0,0,0,0,0,0,0,0,0,0,0,0,0,0,0,0,0,0,0,0,0,0,0,0,0,0,0,0,0,0,0,0,0,0,0,0,0,0,0,0,0,0,0,0,0,0,0,0,0,0,0,0,0,0,0,0,0,0,0,0,0,0,5.746981143,0,0,0,4.425255722,3.804193319,0,0,5.280673013,0,0,0,0,0,0,0,0,0,0,0,0,0,0,0,0,0,0,7.477346439,0,0,0,0,0,0,0,0,7.799679051,0,0,0,5.132069496,0,0,0,0,4.340121615,0,0,0,3.569523133,0,0,0,0
0,0,0,0,0,0,0,0,9.895775959,7.218404021,0,6.830296627,0,7.59378683,0,0,0,0,0,0,0,0,0,0,0,0,0,0,0,0,0,0,0,0,0,8.079860458,5.869463383,0,7.223470271,8.910391021,0,6.944416906,0,0,0,0,7.298843282,5.054741131,0,0,9.644563562,7.332622414,9.0111624,8.578077541,8.946940182,7.726940776,0,0,0,0,0,0,0,0,0,0,4.922024229,0,2.99119966,3.890628199,3.105192478,0,0,3.896205759,0,0,0,0,0,0,0,0,0,0,0,0,3.272912209,0,0,0,0,0,0,0,4.701422017,0,5.330759233,0,6.558241425,6.566591893,0,0,0,0,0,6.292337916,0,0,4.136823687,0,0,0,0,0,0,5.606639049,6.036745585,6.330541281,0,0,0,0,0,0,0,0,0,0,0,0,0,0,0,0,0,0,0,0,0,0,0,0,0,5.985337108,6.18007856,0,5.408020026,5.286777343,6.876631991,5.071223292,6.343955649,0,0,0,0,0,0,0,0,0,0,0,0,0,0,0,0,0,0,0,0,0,0,0,0,0,0,0,0,0
0,0,0,0,0,0,0,9.895775959,0,7.210584331,0,6.661217789,0,5.519532709,0,0,0,0,0,0,0,0,0,0,0,0,0,0,0,0,0,0,0,0,0,7.678035042,0,0,0,5.696701328,0,0,0,5.906479353,0,0,6.606377516,0,0,0,9.615835241,7.434330783,8.284035419,8.295724988,6.946638174,7.868136397,0,0,0,0,0,0,0,0,0,0,5.387717131,0,0,0,0,0,0,0,0,0,0,0,0,0,0,0,0,0,0,0,0,0,0,0,0,0,0,0,0,5.224687316,5.542573908,0,7.077212453,6.536386784,0,0,0,0,0,5.975048608,0,0,3.734957467,0,0,0,0,0,0,6.163874726,0,5.082358303,4.228732544,0,0,0,0,0,0,0,0,0,0,0,0,0,0,0,0,0,0,0,0,0,0,0,0,5.058462118,4.906643896,0,5.77165682,5.078137844,5.546867617,0,5.017980937,0,0,0,0,0,0,0,0,0,0,0,0,0,0,0,5.472587039,0,0,0,0,0,0,0,0,0,0,0,0,0
0,0,0,0,0,0,0,7.218404021,7.210584331,0,0,7.593366514,0,0,0,0,0,0,0,0,0,0,0,0,0,0,0,0,0,0,0,0,0,0,0,0,0,0,0,0,0,0,0,7.924376178,0,0,6.627229293,0,0,0,7.562174926,5.818422301,6.199173931,8.388176752,0,7.182563166,0,0,0,0,0,0,0,0,0,0,6.909553042,0,0,0,0,0,0,0,0,0,0,6.474543008,0,0,0,0,0,0,0,0,0,0,0,0,0,0,0,0,4.714311496,8.439861863,7.495497216,0,0,0,0,0,0,0,0,0,0,0,0,0,0,0,0,0,0,3.139259203,5.313315623,0,0,0,0,0,0,0,0,0,0,0,0,0,0,0,0,0,0,0,0,0,0,0,0,0,5.450185038,5.513858971,6.384155921,0,0,0,6.583890047,5.475334734,6.682011696,0,0,0,0,0,0,0,0,0,0,0,0,0,0,0,3.220900597,0,0,0,0,0,0,0,2.070164464,0,0,0,0,0
0,0,0,0,0,0,0,0,0,0,0,7.95726421,0,0,0,0,0,0,0,0,0,0,0,0,0,0,0,0,0,0,0,0,0,0,0,0,0,0,0,0,0,0,0,0,0,0,0,0,0,0,0,0,0,0,0,7.293727871,0,0,0,0,0,0,0,0,0,0,7.571097571,0,0,0,0,0,7.873865213,0,0,0,0,7.771597663,0,6.578369199,0,0,0,0,0,0,0,0,0,0,0,0,0,0,0,0,0,0,0,0,0,0,0,0,0,0,0,0,0,0,0,0,0,0,0,0,0,0,0,0,0,0,0,0,0,0,0,0,0,0,0,0,0,0,0,0,0,0,0,0,0,0,0,0,0,0,0,0,0,0,0,0,0,0,0,0,0,0,0,0,0,0,0,0,0,0,0,0,0,0,0,0,0,0,0,0,0,0,0,0
0,0,0,0,0,0,0,6.830296627,6.661217789,7.593366514,7.95726421,0,0,0,0,0,0,0,0,0,0,0,0,0,0,0,0,0,0,0,0,0,0,0,0,0,0,0,0,0,0,0,0,0,0,0,5.829615427,0,0,0,6.73064014,5.153930478,5.371223095,6.738202736,0,8.11136225,0,0,0,0,0,0,0,0,0,0,7.727657641,0,0,0,0,0,7.916336071,0,0,0,0,7.855647147,0,0,0,0,0,0,0,0,0,0,0,0,0,0,0,0,0,0,0,0,0,0,0,0,0,0,0,0,0,0,0,0,0,0,0,0,0,0,4.929068287,0,0,0,0,0,0,0,0,0,0,0,0,0,0,0,0,0,0,0,0,0,0,0,0,0,0,5.150184329,5.480879808,0,0,0,6.37524029,0,6.048399559,0,0,0,0,0,0,0,0,0,0,0,0,0,0,0,2.204109247,0,0,0,0,0,0,0,0,0,0,0,0,0
9.468687927,0,8.062775731,9.469483368,9.556050617,9.110405201,6.645493909,0,0,0,0,0,0,6.614753639,5.7695473,8.047201633,0,6.593358809,7.380518661,7.367234757,7.104026596,7.305704947,0,0,0,0,0,0,0,0,5.148120296,0,0,0,0,0,0,0,0,0,0,0,0,0,0,0,0,0,0,0,0,0,0,0,0,0,0,0,0,0,0,0,0,0,0,0,0,0,0,0,0,0,0,0,0,0,0,0,0,0,0,0,0,0,0,0,0,0,0,0,0,0,0,0,0,0,0,0,0,0,0,0,4.592155535,0,0,3.745912982,5.447036128,0,0,0,0,3.406227417,0,0,0,0,0,3.832122416,6.088267346,4.573901404,6.772162788,5.235146412,4.470350539,4.178982776,5.901644056,5.142092841,5.71238426,5.626228949,0,5.011739889,5.176827346,5.387444409,4.830155482,5.069604261,5.63282313,0,0,6.114303011,0,0,0,7.133922187,6.926619763,0,0,0,0,0,0,0,3.534237719,7.762093902,5.867537419,6.253668421,4.371554399,6.577430555,0,8.277083006,7.253108659,5.566880079,0,0,6.533588457,0,0,3.668870536,6.445459043,0,0,0,0,4.868229278,3.848761839,0,5.603370021,5.619717186,5.069644239,5.45233889,0,0
6.909706984,0,6.639487745,6.609909876,6.661984029,4.597928257,0,7.59378683,5.519532709,0,0,0,6.614753639,0,8.068142451,4.549692089,4.039411907,2.613714108,2.763408823,0,0,0,0,0,4.8720075,4.652128289,7.403133178,4.009939552,6.699955787,7.741849789,7.491183732,5.99559214,7.408752906,6.274932227,0,6.931779043,7.32642126,6.954010295,6.552443084,8.755688002,7.144650315,4.906374348,6.60037659,0,6.57720637,5.118742702,0,0,3.826620212,0,5.256607472,0,3.675844335,0,6.715624472,0,5.644661162,7.035295894,5.450605303,5.644054991,5.697691829,6.575816896,6.513554224,4.687432418,0,0,1.73141505,0,6.937054915,5.365653906,3.126695862,4.842438031,0,0,0,0,0,0,0,0,0,0,0,0,0,0,4.056462514,0,0,0,0,0,0,0,0,0,0,0,0,0,0,0,3.200827721,0,0,0,3.775741603,0,0,0,0,0,0,0,0,0,0,3.938743258,6.616343727,0,5.985165672,5.281528639,0,4.51596282,4.559069379,5.191664931,2.965294007,3.345092495,0,3.625042533,3.241328098,3.164253823,3.612683887,3.231553273,3.397257621,0,0,0,3.714416841,0,0,6.979569978,4.3716048,0,0,3.997368773,0,0,0,0,0,5.996850921,3.126739534,2.334848708,4.012864254,0,0,3.443001396,0,3.511858801,6.155458563,6.322767632,2.481720978,4.702388902,0,0,4.802967158,0,0,0,0,3.313616192,3.754173151,3.421159456,5.38304721,3.535585486,0,3.032849727,6.207200214,6.18857097
0,0,7.064692628,0,5.526972423,0,0,0,0,0,0,0,5.7695473,8.068142451,0,0,0,0,0,0,0,0,0,0,0,0,0,0,7.528497009,7.859366942,8.60733734,5.457872651,6.727951898,5.764858398,5.863401819,0,0,0,0,0,0,0,0,0,0,7.159836869,0,0,0,6.099976026,0,0,0,0,0,0,5.27525281,4.822877574,4.493699473,4.974356242,0,4.789281008,5.575069773,0,0,0,0,0,5.085740582,0,0,0,0,0,0,0,0,0,0,0,0,0,0,0,0,0,0,0,0,0,0,0,0,0,0,0,0,0,0,0,0,0,3.811391305,0,0,0,4.300415177,0,0,0,0,0,0,0,0,0,0,4.717692132,6.839684169,4.994312427,6.732488144,6.571001317,0,4.845967548,4.975633844,6.243034859,4.354216662,0,0,0,4.159133716,3.740524716,0,0,4.721296101,0,0,0,0,0,0,8.665466901,6.655455225,0,6.433555999,6.693315855,0,0,0,0,0,6.847721119,0,0,5.546544854,0,0,0,0,0,0,0,0,0,0,0,5.623090113,0,0,0,0,4.623483205,4.223183209,0,5.665336244,3.955979052,0,3.743143192,4.758445328,4.200016909
0,0,5.963605608,0,0,7.782045074,0,0,0,0,0,0,8.047201633,4.549692089,0,0,0,0,7.913806162,0,0,0,0,0,0,0,0,0,0,0,0,0,0,0,0,0,0,0,0,0,0,0,0,0,0,0,0,0,0,0,0,0,0,0,0,0,0,0,0,0,0,0,0,0,0,0,0,0,0,0,0,0,0,0,0,0,0,0,0,0,0,0,0,0,0,0,0,0,0,0,0,0,0,0,0,0,0,0,0,0,0,0,3.356263881,0,0,0,4.219927854,0,0,0,0,0,0,0,0,0,0,0,4.176257206,0,0,3.709488899,0,0,4.765749862,3.44791182,4.994086122,4.380923157,0,3.847730496,4.020301806,4.225065703,0,0,4.931980538,0,0,5.613093274,0,0,0,6.296744814,7.495115243,0,0,7.769347628,0,0,0,0,0,7.547282899,0,0,2.745732764,5.82107059,0,8.221452011,0,0,0,0,5.668620939,0,0,0,5.143914092,0,0,0,0,3.915681207,2.848704267,0,4.646391198,4.40088154,0,4.094895013,0,0
0,0,4.848666718,0,0,0,0,0,0,0,0,0,0,4.039411907,0,0,0,0,7.208351,0,0,0,0,0,0,0,0,0,0,0,0,0,0,0,0,0,0,0,0,0,0,0,0,0,0,6.579447153,0,0,0,7.922462233,0,0,0,0,0,0,0,0,0,0,0,0,0,0,0,0,0,0,0,0,0,0,0,0,0,0,0,0,0,0,0,0,0,0,0,0,0,0,0,0,0,0,0,0,0,0,0,0,0,0,0,0,0,0,0,0,0,0,0,0,0,0,0,0,0,0,0,0,3.460667116,0,0,0,0,0,0,0,0,0,0,0,0,0,0,0,0,0,0,0,0,0,0,6.958131301,7.895812491,0,7.064935236,8.583136437,0,0,0,0,0,6.879788701,0,0,0,0,0,0,0,0,0,0,0,0,0,0,4.438911301,0,0,0,0,0,2.613670321,0,4.362995851,0,0,0,0,0
5.761205042,0,4.614164272,5.714977582,6.676648706,7.466723695,7.421883183,0,0,0,0,0,6.593358809,2.613714108,0,0,0,0,0,0,6.866595728,8.311993011,6.432622299,0,0,0,0,0,0,0,0,0,0,0,0,0,0,0,0,0,0,0,0,0,0,0,0,0,0,0,0,0,0,0,0,0,0,0,0,0,0,0,0,0,0,0,0,0,0,0,0,0,0,0,0,0,0,0,0,0,0,0,0,0,0,0,0,0,0,0,0,0,0,0,0,0,0,0,0,0,0,0,1.71077196,0,0,1.993147431,2.754476033,0,0,0,0,0,0,0,0,0,0,0,0,0,0,0,0,0,3.287948277,0,6.228166805,3.165280998,0,2.545729042,4.562076759,3.606914868,0,0,7.355425934,7.202571329,0,8.594152873,0,0,0,0,7.176078668,0,0,5.288919526,0,0,0,0,0,5.498567118,0,5.425522199,0,0,0,6.361517447,6.56768466,0,0,0,7.631867176,0,0,0,4.611842994,0,0,0,0,5.430468137,1.298917816,0,3.170820981,3.422505163,2.692161085,2.932866788,0,0
0,0,5.522604478,0,0,0,0,0,0,0,0,0,7.380518661,2.763408823,0,7.913806162,7.208351,0,0,0,0,0,0,0,0,0,0,0,0,0,0,0,0,0,0,0,0,0,0,0,0,0,0,0,0,0,0,0,0,0,0,0,0,0,0,0,0,0,0,0,0,0,0,0,0,0,0,0,0,0,0,0,0,0,0,0,0,0,0,0,0,0,0,0,0,0,0,0,0,0,0,0,0,0,0,0,0,0,0,0,0,0,0,0,0,0,0,0,0,0,0,0,0,0,0,0,0,0,2.391466298,0,0,0,0,0,0,0,0,0,0,0,0,0,0,0,0,0,0,0,0,0,0,0,0,0,0,7.029900808,0,0,0,0,0,7.294274501,0,0,0,0,0,7.599968245,0,0,0,0,0,0,0,0,3.66268052,0,0,0,0,0,0,0,0,0,0,0,0,0
0,0,0,0,7.809294048,8.93996779,0,0,0,0,0,0,7.367234757,0,0,0,0,0,0,0,7.185462898,0,0,0,0,0,0,0,0,0,0,0,0,0,0,0,0,0,0,0,0,0,0,0,0,0,0,0,0,0,0,0,0,0,0,0,0,0,0,0,0,0,0,0,0,0,0,0,0,0,0,0,0,0,0,0,0,0,0,0,0,0,0,0,0,0,0,0,0,0,0,0,0,0,0,0,0,0,0,0,0,0,0,0,0,0,0,0,0,0,0,0,0,0,0,0,0,0,0,0,0,0,0,0,0,0,0,0,0,0,0,0,0,0,0,0,0,0,0,0,0,0,0,0,0,0,0,0,0,0,0,0,0,0,0,6.387792409,0,8.521967392,7.119717235,0,0,0,0,0,0,0,3.859399889,0,0,0,0,0,0,0,0,0,0,0,0,0
6.165525769,0,0,6.160528233,7.596521445,8.335909006,0,0,0,0,0,0,7.104026596,0,0,0,0,6.866595728,0,7.185462898,0,7.768990038,0,0,0,0,0,0,0,0,0,0,0,0,0,0,0,0,0,0,0,0,0,0,0,0,0,0,0,0,0,0,0,0,0,0,0,0,0,0,0,0,0,0,0,0,0,0,0,0,0,0,0,0,0,0,0,0,0,0,0,0,0,0,0,0,0,0,0,0,0,0,0,0,0,0,0,0,0,0,0,0,0,0,0,0,0,0,0,0,0,0,0,0,0,0,0,0,2.600809037,0,0,0,0,0,0,0,4.785631516,0,0,0,3.695988071,3.517225794,0,0,5.004986083,0,0,7.120443663,0,0,0,0,0,0,0,0,0,0,0,0,0,0,0,0,0,7.334056281,0,7.292995885,6.839824544,0,0,0,5.545910878,0,0,0,4.490984536,0,0,0,0,3.782890828,0,0,0,3.569363827,0,3.245620809,0,0
6.968464429,0,0,7.033829748,8.205466312,8.697671693,7.575916468,0,0,0,0,0,7.305704947,0,0,0,0,8.311993011,0,0,7.768990038,0,0,0,0,0,0,0,0,0,0,0,0,0,0,0,0,0,0,0,0,0,0,0,0,0,0,0,0,0,0,0,0,0,0,0,0,0,0,0,0,0,0,0,0,0,0,0,0,0,0,0,0,0,0,0,0,0,0,0,0,0,0,0,0,0,0,0,0,0,0,0,0,0,0,0,0,0,0,0,0,0,0,0,0,2.527424231,0,0,0,0,0,0,0,0,0,0,0,0,3.317466797,0,0,0,0,0,3.151601303,0,5.67391017,0,0,2.592861253,4.348082417,3.958526353,0,3.820988707,5.622714401,0,0,7.127986147,0,0,0,0,0,0,0,0,0,0,0,0,0,0,0,6.052840708,0,6.872923879,0,6.727793474,0,0,0,0,7.011939779,0,0,0,5.058921262,0,0,0,0,4.44118704,0,0,0,3.891028139,0,3.572017186,0,0
0,7.616938948,0,0,0,0,0,0,0,0,0,0,0,0,0,0,0,6.432622299,0,0,0,0,0,0,0,0,0,0,0,0,0,0,0,0,0,0,0,0,0,0,0,0,0,0,0,0,0,0,0,0,0,0,0,0,0,0,0,0,0,0,0,0,0,0,0,0,0,0,0,0,0,0,0,0,0,0,0,0,0,0,0,0,0,0,0,0,0,0,0,0,0,0,0,0,0,0,0,0,0,0,0,0,0,0,0,0,0,0,0,0,0,0,0,0,0,0,0,0,0,0,0,0,0,0,4.149801714,0,0,4.16452029,0,3.875358625,4.224735431,4.216332548,0,4.354550908,5.764753262,0,6.278919941,7.835225645,0,7.438766156,6.884202143,0,8.103324862,0,0,0,0,0,0,0,0,0,0,0,0,7.162788443,7.828780952,6.409291049,7.256096097,0,0,0,0,0,0,0,4.862321183,0,0,0,0,4.474253049,0,0,3.445026978,4.497406303,0,3.923008574,0,0
0,0,0,0,0,0,0,0,0,0,0,0,0,0,0,0,0,0,0,0,0,0,0,0,0,0,0,0,0,0,0,0,0,0,0,0,0,0,0,0,0,4.582683898,0,0,4.455562721,0,5.066568231,0,4.250093642,0,0,0,0,0,0,0,0,0,0,0,0,0,0,0,0,0,0,0,0,0,0,0,0,0,0,0,0,0,0,0,0,0,0,0,0,0,0,0,0,0,0,0,0,0,0,0,0,0,0,0,0,0,0,5.474764846,5.578533892,4.959904695,0,0,0,0,0,0,0,0,0,0,0,0,0,0,0,0,0,6.223894762,0,0,0,0,0,0,0,0,0,0,0,0,0,0,0,0,0,0,0,0,0,0,0,0,0,0,0,0,0,0,0,0,0,0,0,0,0,0,0,0,0,0,5.86855848,0,0,0,0,0,6.145322712,5.847436954,6.080919612,0,0,0,0,0
3.067691378,0,0,2.676563139,2.960217173,2.14922077,0,0,0,0,0,0,0,4.8720075,0,0,0,0,0,0,0,0,0,0,0,0,0,7.687275957,0,0,0,0,0,0,0,0,0,0,0,0,0,4.89245957,0,0,5.23815722,0,0,0,0,0,0,0,0,0,0,0,0,0,0,0,0,0,0,0,0,0,0,0,0,0,0,0,0,6.017640577,6.295212188,5.958539741,0,5.370185851,0,0,5.22812491,5.678009036,0,0,0,0,4.167295496,0,0,0,0,0,0,0,0,0,0,0,0,0,0,0,0,6.68320616,7.005399986,6.28066158,0,5.152289424,6.123909374,0,4.99788726,0,0,5.031379911,0,0,0,0,0,0,0,0,0,6.103599001,6.762050557,0,0,0,5.566647017,7.234381419,0,5.265905616,7.215889301,5.74810859,0,0,6.645729193,0,7.543593864,0,0,0,4.255016091,0,0,3.060601187,5.996963725,8.217805223,7.5926185,0,0,3.390801473,0,0,0,0,0,0,0,0,0,0,0,0,0,0,5.585251944,5.115501206,5.067861635,0,5.406018242,0,0,5.252847816,7.420438697,5.743167262,6.235636068,0,0,0
0,0,0,0,0,0,0,0,0,0,0,0,0,4.652128289,0,0,0,0,0,0,0,0,0,0,0,0,5.710100638,0,0,0,0,0,0,0,0,0,6.213558044,5.264728069,5.916416938,5.432426782,4.96106583,5.410546059,7.33837113,7.779794954,6.147354938,0,0,0,0,0,0,0,0,0,0,6.155207885,0,6.298744405,0,5.435065827,0,0,7.43807348,0,0,0,0,0,6.002880304,8.157305824,5.773497938,4.716119368,0,7.315505699,0,0,0,7.75329663,0,0,0,0,0,5.078093164,0,5.105995617,5.55686436,0,0,0,0,0,0,0,0,0,0,7.511396729,5.843405462,0,0,0,0,0,0,0,0,6.520845343,5.990590764,0,0,0,6.529052241,0,0,0,0,0,0,0,0,0,0,0,0,0,0,0,0,0,0,0,2.716260829,0,0,0,2.581387779,0,0,2.259033049,0,0,0,0,0,0,0,3.118371858,3.937636084,0,0,0,0,0,0,0,0,0,0,0,0,0,0,0,0,0,0,0,0,0,3.460342885,0,0,0,0,0,0,0,0,2.385521438
0,0,0,0,0,0,0,0,0,0,0,0,0,7.403133178,0,0,0,0,0,0,0,0,0,0,0,5.710100638,0,0,7.422126877,6.865420898,0,6.254049263,0,0,0,0,6.547003015,7.710650196,0,5.88724311,6.371466876,0,6.487920263,5.050890728,7.118819264,0,0,0,0,0,0,0,0,0,0,0,6.344335503,4.771352426,4.944168566,5.893892866,0,4.85915921,6.418072871,0,0,0,0,0,5.256360449,5.29726937,0,0,0,0,0,0,0,0,0,0,0,0,0,0,0,0,0,0,0,0,0,0,0,0,0,0,0,0,0,0,0,0,0,0,0,0,0,0,0,0,0,0,0,0,0,0,0,0,0,0,0,0,0,0,0,0,0,0,0,0,0,0,0,0,0,0,0,0,0,0,0,0,0,0,0,0,0,0,0,0,0,0,0,0,0,0,0,0,0,0,6.770449552,7.015839629,0,0,0,0,0,0,0,0,0,0,0,0,0,0,0,0,5.024611101,4.092663714
3.170586493,0,0,2.793780369,3.105035652,0,0,0,0,0,0,0,0,4.009939552,0,0,0,0,0,0,0,0,0,0,7.687275957,0,0,0,0,0,0,0,0,0,0,0,0,0,0,0,0,0,0,0,4.219078038,0,0,0,0,0,0,0,0,0,0,0,0,0,0,0,0,0,0,0,0,0,0,0,0,0,0,0,0,0,4.673156959,4.415824237,0,0,0,0,0,0,0,0,0,0,0,0,0,0,0,0,0,0,0,0,0,0,0,0,0,0,0,0,4.281385442,4.578678641,0,0,4.288891373,0,3.371832541,0,0,0,0,0,0,0,0,0,0,0,0,0,6.85631895,0,0,0,6.126054323,7.837275826,0,5.31433397,7.623873053,5.790878269,0,0,7.361154733,0,8.794127883,7.242838646,0,0,0,0,0,0,0,6.140833504,7.587684081,7.910037797,0,0,0,0,0,0,0,0,0,0,0,0,0,0,0,0,4.373392362,0,3.35961258,0,0,0,0,0,6.557331229,5.780963929,6.473554166,0,0,0
0,0,0,0,0,0,0,0,0,0,0,0,0,6.699955787,7.528497009,0,0,0,0,0,0,0,0,0,0,0,7.422126877,0,0,6.285526429,0,0,0,0,0,0,0,0,0,0,0,0,4.869790234,0,7.001476631,6.459107217,0,0,0,0,0,0,0,0,0,0,4.51148031,0,0,4.222662086,0,0,4.86032261,0,0,0,0,0,0,0,0,0,0,0,0,0,0,0,0,0,0,0,0,0,0,0,0,0,0,0,0,0,0,0,0,0,0,0,0,0,0,0,3.150357405,0,0,0,3.428021099,0,0,0,0,0,0,0,0,0,0,0,0,0,0,0,0,4.407697924,4.104808651,0,0,0,0,0,0,0,0,0,0,0,0,0,0,0,0,0,0,0,0,0,0,0,0,0,0,0,0,0,0,0,0,0,0,0,0,0,0,0,0,0,4.883726123,0,0,0,0,0,3.905067274,0,5.023359532,0,0,2.544115823,3.522951574,0
0,0,0,0,0,0,0,0,0,0,0,0,0,7.741849789,7.859366942,0,0,0,0,0,0,0,0,0,0,0,6.865420898,0,6.285526429,0,7.376637284,6.913690706,7.208802732,7.553402073,7.621601034,0,0,0,0,0,0,0,0,0,0,0,0,0,0,0,0,0,0,0,0,0,6.293379925,6.233035599,5.637564543,5.879455424,4.653476177,5.944786834,6.39186289,0,0,0,0,0,6.18710117,5.185034607,0,4.036493613,0,0,0,0,0,0,0,0,0,0,0,0,0,0,0,0,0,0,0,0,0,0,0,0,0,0,0,0,0,0,0,0,0,0,0,0,0,0,0,0,0,0,0,0,0,0,5.382911264,0,0,5.09722995,0,0,0,4.812151597,0,0,0,0,0,0,0,0,0,0,0,0,0,0,0,0,0,0,0,0,0,0,0,0,0,0,0,0,0,0,0,0,0,0,7.816765802,6.881206256,0,0,0,0,0,0,0,0,0,0,0,0,0,0,0,0,5.871874386,5.455921665
0,0,0,5.852602105,5.159676496,3.154825421,0,0,0,0,0,0,5.148120296,7.491183732,8.60733734,0,0,0,0,0,0,0,0,0,0,0,0,0,0,7.376637284,0,5.139651325,6.993445161,5.791155881,0,0,0,0,0,0,0,0,0,0,0,0,0,0,0,0,0,0,0,0,0,0,4.500418188,5.208753337,4.238178888,4.379405862,3.755181175,4.922043601,5.043754567,0,0,0,0,0,5.205813654,3.842043748,0,0,0,0,0,0,0,0,0,0,0,0,0,0,0,0,0,0,0,0,0,0,0,0,0,0,0,0,0,0,0,0,0,0,0,0,0,0,0,0,0,0,0,0,0,0,0,4.352031531,6.391261391,4.875126705,7.109861277,6.452149048,0,0,0,6.191128609,4.026637954,0,0,0,0,0,0,0,4.216656172,0,0,0,0,0,0,7.381295991,0,0,0,0,0,0,0,0,0,0,0,0,5.701299893,0,0,0,0,0,0,0,0,0,0,0,3.721267563,0,0,0,0,4.445773301,0,0,0,0,0,0,4.72311319,4.44985247
0,0,0,0,0,0,0,0,0,0,0,0,0,5.99559214,5.457872651,0,0,0,0,0,0,0,0,0,0,0,6.254049263,0,0,6.913690706,5.139651325,0,5.733867728,5.860527721,6.382119244,0,0,7.007227029,0,0,0,0,0,0,0,0,0,0,0,0,0,0,0,0,0,0,6.554526715,6.174579281,5.192039409,0,4.317283879,5.014155018,0,0,0,0,0,0,5.278251164,0,0,3.043897855,0,0,0,0,0,0,0,0,0,0,0,0,0,0,0,0,0,0,0,0,0,0,0,0,0,0,0,0,0,0,0,0,0,0,0,0,0,0,0,0,0,0,0,0,0,0,3.417826512,0,0,2.71749185,0,0,0,2.496077596,0,0,0,0,0,0,0,0,0,0,0,0,0,0,0,0,0,0,0,0,0,0,0,0,0,0,0,0,0,0,0,0,0,0,5.867653269,7.063279751,0,2.928639963,0,0,0,0,0,0,0,0,0,0,0,0,0,0,4.886859732,5.142467757
0,0,0,0,0,0,0,0,0,0,0,0,0,7.408752906,6.727951898,0,0,0,0,0,0,0,0,0,0,0,0,0,0,7.208802732,6.993445161,5.733867728,0,6.748050392,0,0,0,0,0,0,0,0,0,0,0,0,0,0,0,0,0,0,0,0,0,0,4.746785853,6.034388223,4.716857239,4.636813091,4.447657993,5.488902383,5.341870387,0,0,0,0,0,5.728576194,4.125627009,0,3.59878954,0,0,0,0,0,0,0,0,0,0,0,0,0,0,2.829825856,0,0,0,0,0,0,0,0,0,0,0,0,0,0,0,0,0,0,0,0,0,0,0,0,0,0,0,0,0,0,0,0,0,0,0,0,0,0,0,0,0,0,0,0,0,0,0,0,0,0,0,0,0,0,0,0,0,0,0,0,0,0,0,0,0,0,0,0,0,0,0,0,0,0,0,0,3.266834269,0,0,0,0,0,0,0,0,0,0,0,0,0,0,5.219510979,5.101013387
0,0,0,0,0,0,0,0,0,0,0,0,0,6.274932227,5.764858398,0,0,0,0,0,0,0,0,0,0,0,0,0,0,7.553402073,5.791155881,5.860527721,6.748050392,0,7.176703776,0,0,0,0,0,0,0,0,0,0,0,0,0,0,0,0,0,0,0,0,0,4.018688937,5.029412058,3.700299789,0,3.147021421,4.03848256,0,0,0,0,0,0,4.383736701,0,0,0,0,0,0,0,0,0,0,0,0,0,0,0,0,0,0,0,0,0,0,0,0,0,0,0,0,0,0,0,0,0,0,0,0,0,0,0,0,0,0,0,0,0,0,0,0,0,0,0,0,0,0,0,0,0,0,0,0,0,0,0,0,0,0,0,0,0,0,0,0,0,0,0,0,0,0,0,0,0,0,0,0,0,0,0,0,0,0,0,6.612731334,0,0,0,0,0,0,0,0,0,0,0,0,0,0,0,0,0,3.857957593,3.882132844
0,0,0,0,0,0,0,0,0,0,0,0,0,0,5.863401819,0,0,0,0,0,0,0,0,0,0,0,0,0,0,7.621601034,0,6.382119244,0,7.176703776,0,0,0,4.655579479,0,0,0,0,0,0,0,0,0,0,0,0,0,0,0,0,0,0,4.968634737,4.977074548,4.277363691,0,3.340722631,4.447218335,4.426202726,0,0,0,0,0,4.675531276,3.208535563,0,0,0,0,0,0,0,0,0,0,0,0,0,0,0,0,0,0,0,0,0,0,0,0,0,0,0,0,0,0,0,0,0,0,0,0,0,0,0,0,0,0,0,0,0,0,0,0,0,0,0,0,0,0,0,0,0,0,0,0,0,0,0,0,0,0,0,0,0,0,0,0,0,0,0,0,0,0,0,0,0,0,0,0,0,0,0,0,0,0,6.931500042,6.860299276,0,0,0,0,0,0,0,0,0,0,0,0,0,0,0,0,4.367483054,4.158737197
0,0,0,0,0,0,0,8.079860458,7.678035042,0,0,0,0,6.931779043,0,0,0,0,0,0,0,0,0,0,0,0,0,0,0,0,0,0,0,0,0,0,6.930134257,5.209205328,7.706134466,7.255495944,0,0,0,0,0,0,0,0,0,0,6.657628431,0,0,0,6.017474032,0,0,0,0,0,0,0,0,0,0,0,0,0,0,0,0,0,0,0,0,0,0,0,0,0,0,0,0,0,0,0,0,0,0,0,0,0,0,0,0,0,0,0,0,0,0,0,0,0,0,0,0,0,0,0,0,0,0,0,0,0,0,0,0,0,0,0,0,0,0,0,0,0,0,0,0,0,0,0,0,0,0,0,0,0,0,0,0,0,0,0,0,0,0,0,0,0,0,0,0,0,0,0,0,0,0,0,0,0,0,0,0,0,0,0,0,0,0,0,0,0,0,0,0,0
0,0,0,0,0,0,0,5.869463383,0,0,0,0,0,7.32642126,0,0,0,0,0,0,0,0,0,0,0,6.213558044,6.547003015,0,0,0,0,0,0,0,0,6.930134257,0,7.165177479,7.08682136,7.714716952,6.786690927,0,6.983613013,6.302050807,7.154933371,0,0,0,0,0,0,0,0,0,5.807936835,0,0,0,0,5.462911609,0,0,5.942861894,0,0,0,0,0,0,4.871816567,0,0,0,0,0,0,0,0,0,0,0,0,0,0,0,0,0,0,0,0,0,0,0,0,0,0,0,0,0,0,0,0,0,0,0,0,0,0,0,0,0,0,0,0,0,0,0,0,0,0,0,0,0,0,0,0,0,0,0,0,0,0,0,0,0,0,0,0,0,0,0,0,0,0,0,0,0,0,0,0,0,0,0,0,0,0,0,0,0,0,0,0,0,0,0,0,0,0,0,0,0,0,0,0,3.842399752,0,0,0,0,0
0,0,0,0,0,0,0,0,0,0,0,0,0,6.954010295,0,0,0,0,0,0,0,0,0,0,0,5.264728069,7.710650196,0,0,0,0,7.007227029,0,0,4.655579479,5.209205328,7.165177479,0,4.944429033,6.708935575,7.035913256,0,6.343132912,0,5.839655072,0,0,0,0,0,0,0,0,0,0,0,7.37848262,4.945264763,5.422390005,6.236944046,0,5.065678306,6.470368545,0,0,0,0,0,5.358491372,5.153526744,3.531542223,3.384453507,0,0,0,0,0,0,0,0,0,0,0,0,0,0,3.80005033,0,0,0,0,0,0,0,0,0,0,0,0,0,0,0,0,0,0,0,0,0,0,0,0,0,0,0,0,0,0,0,0,0,0,0,0,0,0,0,0,0,0,0,0,0,0,0,0,0,0,0,0,0,0,0,0,0,0,0,0,0,0,0,0,0,0,0,0,0,0,0,0,0,0,6.92632875,0,0,0,0,0,0,0,0,0,0,0,0,0,0,0,0,5.306307116,4.326920136
0,0,0,0,0,0,0,7.223470271,0,0,0,0,0,6.552443084,0,0,0,0,0,0,0,0,0,0,0,5.916416938,0,0,0,0,0,0,0,0,0,7.706134466,7.08682136,4.944429033,0,6.852475833,0,6.866426467,6.443491086,6.84213821,6.254948627,0,0,0,0,0,0,6.15059191,0,0,6.676660834,0,0,0,0,0,0,0,0,0,0,0,0,0,0,0,0,0,0,0,0,0,0,0,0,0,0,0,0,0,0,0,0,0,0,0,0,0,0,0,0,0,0,0,0,0,0,0,0,0,0,0,0,0,0,0,0,0,0,0,0,0,0,4.159862269,3.850965544,0,0,0,0,3.90333685,0,0,0,0,0,0,0,0,0,0,0,0,0,0,0,0,0,0,0,0,0,0,0,5.257390006,0,0,0,0,0,0,0,0,0,0,0,0,0,0,0,0,0,0,5.038527662,0,0,0,0,0,0,3.091598154,4.637730079,0,0,0,0,0
0,0,0,0,0,0,0,8.910391021,5.696701328,0,0,0,0,8.755688002,0,0,0,0,0,0,0,0,0,0,0,5.432426782,5.88724311,0,0,0,0,0,0,0,0,7.255495944,7.714716952,6.708935575,6.852475833,0,8.32542422,0,7.872063727,0,5.973238565,0,0,0,0,0,0,0,0,0,8.524147698,0,0,0,0,5.90895652,0,0,5.550781801,0,0,0,0,0,0,0,0,0,0,0,0,0,0,0,0,0,0,0,0,0,0,0,0,0,0,0,0,0,0,0,0,0,0,0,0,0,0,0,0,0,0,0,0,0,0,0,0,0,0,0,0,0,0,0,0,0,0,0,0,0,0,0,0,0,0,0,0,0,0,0,0,0,0,0,0,0,0,0,0,0,0,0,0,0,0,0,0,0,0,0,0,0,0,0,0,0,0,0,0,0,0,0,0,0,0,0,0,0,0,0,0,0,0,0,0,0
0,0,0,0,0,0,0,0,0,0,0,0,0,7.144650315,0,0,0,0,0,0,0,0,0,0,0,4.96106583,6.371466876,0,0,0,0,0,0,0,0,0,6.786690927,7.035913256,0,8.32542422,0,0,7.633255023,0,5.675415359,0,0,0,0,0,0,0,0,0,0,0,7.18282546,7.074621332,0,6.595174084,0,0,5.785686175,0,0,0,0,0,0,0,0,0,0,0,0,0,0,0,0,0,0,0,0,0,0,0,0,0,0,0,0,0,0,0,0,0,0,0,0,0,0,0,0,0,0,0,0,0,0,0,0,0,0,0,0,0,0,0,0,0,0,0,0,0,0,0,0,0,0,0,0,0,0,0,0,0,0,0,0,0,0,0,0,0,0,0,0,0,0,0,0,0,0,0,0,0,0,0,0,0,0,0,0,0,0,0,0,0,0,0,0,0,0,0,0,0,0,0,0,0
0,0,0,0,0,0,0,6.944416906,0,0,0,0,0,4.906374348,0,0,0,0,0,0,0,0,0,4.582683898,4.89245957,5.410546059,0,0,0,0,0,0,0,0,0,0,0,0,6.866426467,0,0,0,5.621566347,6.799690657,7.003962895,0,6.992925721,0,7.079272993,0,6.878941761,7.205924301,0,5.350819209,6.394886616,3.800214807,0,0,0,0,0,0,0,0,0,0,0,0,0,0,0,0,0,3.31381878,2.00593393,0,0,3.740024535,0,0,0,0,0,0,0,0,0,0,0,0,0,0,0,0,0,5.139769631,0,0,0,0,0,0,3.404116835,0,0,4.766801689,3.593146445,0,2.47561814,0,0,0,0,0,0,0,0,4.461672226,4.454315563,0,0,0,0,5.125904054,4.352561454,0,0,0,1.928386012,0,0,0,0,0,0,0,0,0,3.527194919,0,0,0,0,0,5.979691176,0,0,0,5.839019118,0,0,0,0,0,0,0,0,0,0,0,0,0,0,0,0,0,6.318463992,0,0,0,0,0,4.786144642,4.323346131,5.642578887,2.964957632,0,0,0,0
0,0,0,0,0,0,0,0,0,0,0,0,0,6.60037659,0,0,0,0,0,0,0,0,0,0,0,7.33837113,6.487920263,0,4.869790234,0,0,0,0,0,0,0,6.983613013,6.343132912,6.443491086,7.872063727,7.633255023,5.621566347,0,6.894487587,6.60205474,0,0,0,0,0,0,0,0,0,7.513476611,6.233953711,0,7.809465323,0,7.895915193,0,0,7.334823716,0,0,0,3.572111198,0,0,5.381060278,0,0,0,5.362607623,0,0,0,6.945343805,0,0,0,0,0,0,0,0,0,0,0,0,0,0,0,0,0,0,0,0,5.830204355,0,0,0,0,0,0,0,0,0,4.535833964,0,0,0,5.742749598,0,0,0,0,0,0,0,0,0,0,0,0,0,0,0,0,0,0,0,0,0,0,0,0,0,0,0,0,0,0,0,0,0,0,0,0,0,0,0,0,0,0,0,0,0,0,0,0,0,0,0,0,0,0,0,0,0,0,0,0,0,0,0,0,0,0,0
0,0,0,0,0,0,0,0,5.906479353,7.924376178,0,0,0,0,0,0,0,0,0,0,0,0,0,0,0,7.779794954,5.050890728,0,0,0,0,0,0,0,0,0,6.302050807,0,6.84213821,0,0,6.799690657,6.894487587,0,6.726275227,0,5.485461624,0,0,0,5.789220853,5.137804317,0,7.958719832,8.538269553,7.261533418,0,0,0,0,0,0,4.950675863,0,0,0,0,0,0,6.020392749,0,0,0,6.946678811,0,0,0,8.333879049,0,0,0,0,0,0,0,0,0,0,0,0,0,0,0,0,0,9.556872012,8.402853262,7.484553948,6.757878431,0,0,0,0,0,0,0,0,5.610047951,5.89445284,0,0,0,6.603867567,0,0,0,0,0,0,0,0,0,0,0,0,0,0,0,0,0,0,0,0,0,0,0,0,0,0,0,0,0,0,0,0,0,0,0,0,0,0,0,0,0,0,0,0,0,0,0,0,0,0,0,0,0,0,0,0,0,0,0,0,0,0,0,0,0,0,0
0,0,0,0,2.172758286,0,0,0,0,0,0,0,0,6.57720637,0,0,0,0,0,0,0,0,0,4.455562721,5.23815722,6.147354938,7.118819264,4.219078038,7.001476631,0,0,0,0,0,0,0,7.154933371,5.839655072,6.254948627,5.973238565,5.675415359,7.003962895,6.60205474,6.726275227,0,7.407367526,0,0,6.68476057,0,0,0,0,0,5.875611765,0,0,0,0,0,0,0,5.306513018,0,0,0,0,0,0,0,0,0,0,0,0,0,0,0,0,0,0,0,0,0,0,0,0,0,0,0,0,0,0,0,0,0,0,0,0,0,0,0,3.828569927,3.159044736,0,3.828397018,4.091765439,0,2.611890868,0,0,0,0,0,0,0,0,4.193965734,4.564755178,0,0,0,0,5.341878929,4.866459795,0,0,0,2.459861075,3.818695772,0,0,0,0,0,0,0,0,3.988972458,0,0,0,5.406722214,0,0,0,0,0,0,0,0,0,0,0,0,0,0,0,0,0,0,0,0,0,0,0,5.866569997,0,0,0,0,0,4.874551709,4.417963622,5.960718012,3.544955233,0,2.945483371,0,0
0,0,0,0,0,0,0,0,0,0,0,0,0,5.118742702,7.159836869,0,6.579447153,0,0,0,0,0,0,0,0,0,0,0,6.459107217,0,0,0,0,0,0,0,0,0,0,0,0,0,0,0,7.407367526,0,0,0,7.148453901,7.391431421,0,0,0,0,0,0,0,0,0,0,0,0,0,0,0,0,0,0,0,0,0,0,0,0,0,0,0,0,0,0,0,0,0,0,0,0,0,0,0,0,0,0,0,0,0,0,0,0,0,0,0,0,3.497553063,0,0,0,3.893681188,0,0,0,0,0,0,0,0,0,0,0,4.097534082,0,0,0,0,4.733554487,4.620707824,0,0,0,0,0,0,0,0,0,0,0,0,0,0,0,0,7.509664966,6.862360663,0,7.527833957,7.080080359,0,0,0,0,0,6.139301077,0,0,0,0,0,0,0,0,0,0,0,0,0,0,5.26664827,0,0,0,0,0,4.215350894,3.71387782,5.448852215,3.370025619,0,3.054361053,0,0
0,0,0,0,0,0,0,7.298843282,6.606377516,6.627229293,0,5.829615427,0,0,0,0,0,0,0,0,0,0,0,5.066568231,0,0,0,0,0,0,0,0,0,0,0,0,0,0,0,0,0,6.992925721,0,5.485461624,0,0,0,7.316309754,6.807324291,0,8.49761514,8.826709801,5.266313636,6.778024884,0,6.484538343,0,0,0,0,0,0,0,0,0,0,5.865668392,0,0,0,0,0,0,5.23400137,0,0,0,5.586672681,0,0,0,0,0,0,0,0,0,0,0,0,0,0,0,0,6.76141955,5.497836429,6.09394658,0,5.779467689,0,0,0,3.826621638,0,0,5.488280005,0,0,3.021525229,0,0,0,0,0,0,7.632322966,8.633876022,4.224523483,4.308811365,0,0,0,0,5.499147096,4.518402768,0,0,0,0,0,0,0,0,0,0,0,0,0,0,0,0,0,0,8.066391899,7.558098259,0,0,6.718840043,7.746824239,0,6.719291412,0,0,0,0,0,0,0,0,0,0,0,0,0,0,0,6.913701263,0,0,0,0,0,5.262314739,4.759113038,5.922387607,0,0,0,0,0
0,0,0,0,0,0,0,5.054741131,0,0,0,0,0,0,0,0,0,0,0,0,0,0,0,0,0,0,0,0,0,0,0,0,0,0,0,0,0,0,0,0,0,0,0,0,0,0,7.316309754,0,6.810446548,7.691969348,0,0,0,0,0,0,0,0,0,0,0,0,0,0,0,0,0,0,0,0,0,0,0,0,0,0,0,0,0,0,0,0,0,0,0,0,0,0,0,0,0,0,0,0,7.465897929,0,0,0,0,0,0,0,0,0,0,0,0,0,0,0,0,0,0,0,0,0,7.251129969,0,0,0,0,0,0,4.699485236,0,0,0,0,0,0,0,0,0,0,0,0,0,0,0,0,0,0,0,7.630156777,8.269574862,0,0,0,7.312626747,0,6.876901039,0,0,0,0,0,0,0,0,0,0,0,0,0,0,0,5.270781681,0,0,0,0,0,4.246174969,3.81254518,5.285464591,0,0,0,0,0
0,0,0,0,0,0,0,0,0,0,0,0,0,3.826620212,0,0,0,0,0,0,0,0,0,4.250093642,0,0,0,0,0,0,0,0,0,0,0,0,0,0,0,0,0,7.079272993,0,0,6.68476057,7.148453901,6.807324291,6.810446548,0,7.372780496,0,0,0,0,0,0,0,0,0,0,0,0,0,0,0,0,0,0,0,0,0,0,0,0,0,0,0,0,0,0,0,0,0,0,0,0,0,0,0,0,0,0,0,0,0,0,0,0,0,0,0,0,3.588137446,0,0,0,0,0,1.400835652,0,0,0,0,0,0,0,0,0,3.88440238,0,0,0,0,5.087866067,4.47900748,0,0,0,0,0,0,0,0,0,0,0,0,0,0,0,0,0,0,0,7.378365815,0,0,0,0,0,0,0,0,0,0,0,0,0,0,0,0,0,0,0,0,0,5.69668028,0,0,0,0,0,4.692115787,4.179879969,5.631889289,0,0,0,0,0
0,0,0,0,0,0,0,0,0,0,0,0,0,0,6.099976026,0,7.922462233,0,0,0,0,0,0,0,0,0,0,0,0,0,0,0,0,0,0,0,0,0,0,0,0,0,0,0,0,7.391431421,0,7.691969348,7.372780496,0,0,0,0,0,0,0,0,0,0,0,0,0,0,0,0,0,0,0,0,0,0,0,0,0,0,0,0,0,0,0,0,0,0,0,0,0,0,0,0,0,0,0,0,0,7.038497894,0,0,0,0,0,0,0,0,0,0,0,0,0,0,0,0,0,0,0,0,0,0,0,0,0,0,0,0,0,0,0,0,0,0,0,0,0,0,0,0,0,0,0,0,0,0,7.444101733,7.780867914,0,8.929310199,8.312291499,0,0,0,0,7.207760171,0,0,0,0,0,0,0,0,0,0,0,0,0,0,0,5.313637775,0,0,0,0,0,0,0,5.535919699,0,0,0,0,0
0,0,0,0,0,0,0,9.644563562,9.615835241,7.562174926,0,6.73064014,0,5.256607472,0,0,0,0,0,0,0,0,0,0,0,0,0,0,0,0,0,0,0,0,0,6.657628431,0,0,0,0,0,6.878941761,0,5.789220853,0,0,8.49761514,0,0,0,0,9.11386381,8.184694081,8.528822822,6.7327193,7.660779656,0,0,0,0,0,0,2.596733205,0,0,0,6.119335265,0,0,3.438766394,3.016376485,0,0,4.943687588,4.167849435,0,0,5.925757623,0,0,0,0,0,0,0,0,3.25247826,0,0,0,0,0,0,0,0,5.833696978,6.38882126,0,7.309469331,7.06130489,0,0,0,0,0,7.028157799,0,0,4.715899064,0,0,0,0,0,0,7.852408659,7.437060771,5.357944526,0,0,0,0,0,0,0,0,0,0,0,0,0,0,0,0,0,0,0,0,0,0,0,0,0,6.226384189,6.295792206,0,6.907439863,6.138397797,6.512898687,0,6.317393596,0,0,0,0,0,0,0,0,0,0,0,0,0,0,0,6.97054704,0,3.088233303,0,0,0,0,0,0,0,0,0,0,0
0,0,0,0,0,0,0,7.332622414,7.434330783,5.818422301,0,5.153930478,0,0,0,0,0,0,0,0,0,0,0,0,0,0,0,0,0,0,0,0,0,0,0,0,0,0,6.15059191,0,0,7.205924301,0,5.137804317,0,0,8.826709801,0,0,0,9.11386381,0,5.833623063,6.238373893,5.14547713,6.317612388,0,0,0,0,0,0,0,0,0,0,4.687319745,0,0,0,0,0,0,0,0,0,0,0,0,0,0,0,0,0,0,0,0,0,0,0,0,0,0,0,0,4.507562269,4.846191251,0,6.496545734,6.409023789,0,0,0,0,0,5.538676107,0,0,0,0,0,0,0,0,0,8.254587277,8.00018832,4.070138691,0,0,0,0,0,0,0,0,0,0,0,0,0,0,0,0,0,0,0,0,0,0,0,0,0,0,0,0,6.818365128,6.396383634,0,0,5.813986193,0,0,0,0,0,0,0,0,0,0,0,0,0,0,0,6.256074273,0,0,0,0,0,0,0,0,0,0,0,0,0
0,0,0,0,0,0,0,9.0111624,8.284035419,6.199173931,0,5.371223095,0,3.675844335,0,0,0,0,0,0,0,0,0,0,0,0,0,0,0,0,0,0,0,0,0,0,0,0,0,0,0,0,0,0,0,0,5.266313636,0,0,0,8.184694081,5.833623063,0,7.901801804,0,6.722558529,0,0,0,0,0,0,0,0,0,0,0,0,0,0,0,0,0,0,0,0,0,0,0,0,0,0,0,0,0,0,0,0,0,0,0,0,0,0,0,0,0,0,5.951425192,5.381502119,0,0,0,0,0,4.651514693,0,0,0,0,0,0,0,0,0,4.924232378,0,0,0,0,0,0,0,0,0,0,0,0,0,0,0,0,0,0,0,0,0,0,0,0,0,0,0,4.309280073,0,0,0,4.342427751,4.99594603,0,4.082631756,0,0,0,0,0,0,0,0,0,0,0,0,0,0,0,0,0,0,0,0,0,0,0,0,0,0,0,0,0
0,0,0,0,0,0,0,8.578077541,8.295724988,8.388176752,0,6.738202736,0,0,0,0,0,0,0,0,0,0,0,0,0,0,0,0,0,0,0,0,0,0,0,0,0,0,0,0,0,5.350819209,0,7.958719832,0,0,6.778024884,0,0,0,8.528822822,6.238373893,7.901801804,0,8.596801963,0,0,0,0,0,0,0,0,0,0,0,6.185113565,0,0,0,0,0,0,4.036295048,0,0,0,0,0,0,0,0,0,0,0,0,0,0,0,0,0,0,0,0,0,8.654523789,7.478751329,0,0,0,0,0,0,0,0,5.836051384,0,0,4.494247201,0,0,0,0,0,0,3.164054249,0,0,0,0,0,0,0,0,0,0,0,0,0,0,0,0,0,0,0,0,0,0,0,0,0,0,0,4.980744104,6.049652464,0,0,0,5.789313632,0,6.113737472,0,0,0,0,0,0,0,0,0,0,0,0,0,0,0,0,0,0,0,0,0,0,0,1.757342587,0,0,0,0,0
0,0,0,0,0,0,0,8.946940182,6.946638174,0,0,0,0,6.715624472,0,0,0,0,0,0,0,0,0,0,0,0,0,0,0,0,0,0,0,0,0,6.017474032,5.807936835,0,6.676660834,8.524147698,0,6.394886616,7.513476611,8.538269553,5.875611765,0,0,0,0,0,6.7327193,5.14547713,0,8.596801963,0,6.470470152,0,0,0,0,0,0,0,0,0,0,0,0,0,0,0,0,0,0,0,0,0,5.888920027,0,0,0,0,0,0,0,0,0,0,0,0,0,0,0,0,0,8.46529439,6.18415333,0,6.212824209,0,0,0,0,0,0,0,0,0,0,0,0,0,0,0,0,0,0,0,0,0,0,0,0,0,0,0,0,0,0,0,0,0,0,0,0,0,0,0,0,0,0,0,0,0,0,0,0,0,0,0,0,0,0,0,0,0,0,0,0,0,0,0,0,0,0,0,0,0,0,0,0,0,0,0,0,0,0,0,0,0
0,0,0,0,0,0,0,7.726940776,7.868136397,7.182563166,7.293727871,8.11136225,0,0,0,0,0,0,0,0,0,0,0,0,0,6.155207885,0,0,0,0,0,0,0,0,0,0,0,0,0,0,0,3.800214807,6.233953711,7.261533418,0,0,6.484538343,0,0,0,7.660779656,6.317612388,6.722558529,0,6.470470152,0,0,0,0,0,0,0,0,0,0,0,0,0,0,0,0,0,6.787297607,6.852959797,0,0,0,8.292017586,0,0,5.858490847,0,6.105417939,0,0,0,0,0,0,0,0,0,0,0,0,0,0,0,6.762858923,0,0,0,0,0,0,0,0,0,0,0,0,0,0,0,0,5.731020259,6.111885213,0,0,0,0,0,0,0,0,0,0,0,0,0,0,0,0,0,0,0,4.789216788,0,0,0,0,0,0,6.162007599,5.57039402,0,0,5.61186332,7.201233069,5.204068813,6.121179081,0,0,0,0,0,0,0,0,0,0,0,0,0,0,0,2.311460418,0,0,0,0,0,0,0,0,0,0,0,0,0
0,0,0,0,0,0,0,0,0,0,0,0,0,5.644661162,5.27525281,0,0,0,0,0,0,0,0,0,0,0,6.344335503,0,4.51148031,6.293379925,4.500418188,6.554526715,4.746785853,4.018688937,4.968634737,0,0,7.37848262,0,0,7.18282546,0,0,0,0,0,0,0,0,0,0,0,0,0,0,0,0,5.75097639,5.890548799,6.077066235,4.047816503,5.062743084,0,0,0,0,0,0,5.2077687,0,0,2.940039844,0,0,0,0,0,0,0,0,0,0,0,0,0,0,0,0,0,0,0,0,0,0,0,0,0,0,0,0,0,0,0,0,0,0,0,0,0,0,0,0,0,0,0,0,0,0,3.645159824,0,0,2.867290536,0,0,0,2.618826847,0,0,0,0,0,0,0,0,0,0,0,0,0,0,0,0,0,0,0,0,0,0,0,0,0,0,0,0,0,0,0,0,0,0,5.045063148,6.606052395,0,0,0,0,0,0,0,0,0,0,0,0,0,0,0,0,5.243172773,5.03456434
0,0,0,2.20809898,0,0,0,0,0,0,0,0,0,7.035295894,4.822877574,0,0,0,0,0,0,0,0,0,0,6.298744405,4.771352426,0,0,6.233035599,5.208753337,6.174579281,6.034388223,5.029412058,4.977074548,0,0,4.945264763,0,0,7.074621332,0,7.809465323,0,0,0,0,0,0,0,0,0,0,0,0,0,5.75097639,0,5.994410005,7.631111688,7.004192051,7.381010884,7.939649961,5.733969883,0,0,0,0,7.558744516,6.437430612,4.198199521,5.586996604,0,0,0,0,0,0,0,0,0,0,0,0,0,3.39053467,4.806373747,0,0,2.833877881,0,0,0,0,0,0,0,3.741236753,0,0,0,0,0,0,0,0,0,0,0,0,0,0,0,0,0,0,0,0,4.618913696,0,3.308025323,3.69156781,0,0,0,3.532259939,0,0,0,0,0,0,0,0,0,0,0,0,0,0,0,0,0,0,0,0,0,0,0,0,0,0,0,0,0,0,0,0,0,0,4.866085252,5.042481616,0,6.098109628,0,0,0,0,0,3.422063202,0,0,0,0,0,0,0,0,7.144034546,7.489855991
0,0,0,0,0,0,0,0,0,0,0,0,0,5.450605303,4.493699473,0,0,0,0,0,0,0,0,0,0,0,4.944168566,0,0,5.637564543,4.238178888,5.192039409,4.716857239,3.700299789,4.277363691,0,0,5.422390005,0,0,0,0,0,0,0,0,0,0,0,0,0,0,0,0,0,0,5.890548799,5.994410005,0,6.943968508,5.095217844,6.19247666,0,0,0,0,0,0,6.131383587,0,0,3.687127471,0,0,0,0,0,0,0,0,0,0,0,0,0,0,0,0,0,0,0,0,0,0,0,0,0,0,0,0,0,0,0,0,0,0,0,0,0,0,0,0,0,0,0,0,0,0,0,0,0,0,0,0,0,0,0,0,0,0,0,0,0,0,0,0,0,0,0,0,0,0,0,0,0,0,0,0,0,0,0,0,0,0,0,0,0,0,0,0,4.3005806,5.242452727,0,0,0,0,0,0,0,0,0,0,0,0,0,0,0,0,6.569397612,6.379342717
0,0,0,0,0,0,0,0,0,0,0,0,0,5.644054991,4.974356242,0,0,0,0,0,0,0,0,0,0,5.435065827,5.893892866,0,4.222662086,5.879455424,4.379405862,0,4.636813091,0,0,0,5.462911609,6.236944046,0,5.90895652,6.595174084,0,7.895915193,0,0,0,0,0,0,0,0,0,0,0,0,0,6.077066235,7.631111688,6.943968508,0,0,6.16907215,7.585577428,0,0,0,0,0,6.123389732,5.307939395,0,0,0,0,0,0,0,0,0,0,0,0,0,0,0,0,4.111464117,0,0,0,0,0,0,0,0,0,0,0,0,0,0,0,0,0,0,0,0,0,0,0,0,0,0,0,0,0,0,0,4.163475888,0,0,0,0,0,0,0,0,0,0,0,0,0,0,0,0,0,0,0,0,0,0,0,0,0,0,0,0,0,0,0,0,0,0,0,0,0,0,0,0,0,4.457589563,5.554087506,0,0,0,0,0,0,0,0,0,0,0,0,0,0,0,0,6.949634247,0
0,0,0,0,0,0,0,0,0,0,0,0,0,5.697691829,0,0,0,0,0,0,0,0,0,0,0,0,0,0,0,4.653476177,3.755181175,4.317283879,4.447657993,3.147021421,3.340722631,0,0,0,0,0,0,0,0,0,0,0,0,0,0,0,0,0,0,0,0,0,4.047816503,7.004192051,5.095217844,0,0,0,4.372167989,7.328632393,6.107721969,0,0,0,7.402888703,3.617199042,0,6.293479311,0,0,0,0,0,0,0,0,0,0,0,0,0,0,3.179382318,4.715626345,0,0,0,0,0,0,0,0,0,0,0,0,0,0,0,0,0,0,0,0,0,0,0,0,0,0,0,0,0,0,3.38338187,0,0,0,0,0,0,0,0,0,0,0,0,0,0,0,0,0,0,0,0,0,0,0,0,0,0,0,0,0,0,0,0,0,0,0,0,0,0,0,0,0,3.181102565,3.379375384,0,6.908932988,6.688620875,0,0,0,0,2.848181314,0,0,0,0,0,0,0,0,0,7.622843102
0,0,0,0,0,0,0,0,0,0,0,0,0,6.575816896,4.789281008,0,0,0,0,0,0,0,0,0,0,0,4.85915921,0,0,5.944786834,4.922043601,5.014155018,5.488902383,4.03848256,4.447218335,0,0,5.065678306,0,0,0,0,0,0,0,0,0,0,0,0,0,0,0,0,0,0,5.062743084,7.381010884,6.19247666,6.16907215,0,0,8.095270978,0,0,0,1.773698326,1.468585795,8.430270351,6.012608159,3.292561593,5.483707737,0,0,0,0,1.836282936,0,0,0,0,0,0,0,0,2.722658975,4.558037414,0,1.986778499,3.042331556,0,0,0,0,0,0,0,0,0,0,0,0,0,0,0,0,0,0,0,0,0,0,0,0,0,0,0,0,4.658695048,0,3.345765869,3.795220537,0,0,0,3.62618134,0,0,0,0,0,0,0,0,0,0,0,0,0,0,0,0,0,0,0,0,0,0,0,0,0,0,0,0,0,0,0,0,0,0,4.453622046,4.960220104,0,0,0,0,0,0,0,3.205724122,0,0,0,0,0,0,0,0,7.647232962,7.581179534
